10003,685,0.0,6.0,0.0,1,1,1,1,0,0,1,0
100050,798,0.0,3.0,1.0,7,2,1,1,6,0,1,0
100101,547,0.0,3.0,2.0,8,4,2,2,5,0,1,2
100258,1186,0.0,3.0,0.0,13,4,3,3,12,0,1,0
100305,3323,0.0,3.0,1.0,1,1,1,1,0,0,1,0
100481,1393,1.0,2.0,0.0,118,53,11,6,91,0,1,26
100527,1283,0.0,3.0,1.0,1,1,1,1,0,0,1,0
100898,1103,0.0,2.0,0.0,12,1,1,2,10,0,1,1
101000,3971,0.0,3.0,0.0,1,1,1,1,0,0,1,0
101015,3672,0.0,5.0,0.0,2,1,1,1,1,0,1,0
101064,2636,0.0,3.0,0.0,5,1,1,2,3,0,1,1
101560,3687,1.0,0.0,1.0,5,3,1,1,4,0,1,0
101817,1742,0.0,2.0,0.0,1,1,1,1,0,0,1,0
102496,390,0.0,4.0,1.0,2,2,2,1,0,0,2,0
102567,1393,0.0,4.0,0.0,9,5,5,1,7,0,2,0
10283,4015,0.0,5.0,1.0,4,2,2,1,3,0,1,0
103165,1884,0.0,2.0,0.0,5,1,1,1,4,0,1,0
103751,3170,0.0,3.0,0.0,13,4,3,2,9,0,2,2
103984,2768,0.0,4.0,0.0,91,45,11,8,86,0,3,2
104021,24,0.0,2.0,0.0,4,3,2,2,3,0,1,0
104118,663,0.0,4.0,0.0,2,1,1,2,0,0,1,1
104174,219,0.0,2.0,1.0,4,1,1,2,2,0,2,0
104224,649,0.0,4.0,1.0,6,1,1,3,4,0,1,1
104279,372,0.0,6.0,1.0,2,1,1,2,0,0,1,1
104441,4919,0.0,2.0,0.0,3,1,1,1,2,0,1,0
104498,2721,0.0,2.0,0.0,2,1,1,1,0,0,1,1
104816,4115,0.0,4.0,1.0,3,1,1,2,2,0,1,0
104996,1102,0.0,5.0,0.0,5,1,1,2,4,0,1,0
105443,2872,0.0,4.0,0.0,24,12,8,6,19,0,1,4
105494,415,0.0,2.0,0.0,5,3,1,2,4,0,1,0
105642,3578,0.0,6.0,0.0,17,7,1,4,15,0,1,1
105929,4765,0.0,0.0,0.0,10,2,2,2,8,0,2,0
106303,1708,0.0,3.0,0.0,12,5,1,2,10,0,2,0
106565,1022,0.0,3.0,0.0,5,2,1,3,3,0,1,1
106836,1583,0.0,3.0,0.0,9,5,2,1,7,0,2,0
10695,2943,0.0,4.0,0.0,3,1,1,1,2,0,1,0
106959,4765,0.0,3.0,0.0,1,1,1,1,0,0,1,0
107087,1346,0.0,4.0,0.0,5,2,1,2,4,0,1,0
107147,2138,0.0,0.0,1.0,10,6,3,2,9,0,1,0
107763,4506,0.0,0.0,1.0,1,1,1,1,0,0,1,0
108114,4835,0.0,3.0,1.0,3,2,2,2,2,0,1,0
108212,2569,0.0,2.0,0.0,6,1,1,1,5,0,1,0
108309,3163,0.0,3.0,1.0,2,1,1,1,0,0,2,0
108421,3822,1.0,4.0,0.0,7,4,1,1,6,0,1,0
108503,2664,0.0,5.0,0.0,9,4,3,1,7,0,2,0
10854,2193,0.0,0.0,1.0,5,3,3,1,4,0,1,0
108590,4316,0.0,6.0,0.0,7,2,2,1,6,0,1,0
108885,1749,0.0,4.0,0.0,7,1,1,3,5,0,1,1
10937,3080,0.0,0.0,1.0,6,2,2,1,5,0,1,0
109482,2273,0.0,3.0,0.0,4,1,1,1,3,0,1,0
109551,1216,0.0,4.0,0.0,10,5,2,3,9,0,1,0
109585,597,0.0,5.0,1.0,5,2,1,1,4,0,1,0
109868,3152,0.0,0.0,0.0,2,1,1,1,1,0,1,0
110177,4858,0.0,3.0,1.0,5,1,1,1,4,0,1,0
110313,3271,0.0,6.0,0.0,7,1,1,1,5,0,2,0
110393,2639,0.0,3.0,0.0,3,1,1,1,2,0,1,0
11070,4982,0.0,2.0,0.0,12,1,1,2,10,1,1,0
110947,2684,0.0,4.0,0.0,9,3,2,2,6,2,1,0
111771,2435,0.0,3.0,0.0,13,3,1,3,8,0,3,2
112077,1861,1.0,6.0,0.0,4,1,1,1,3,0,1,0
112996,3954,0.0,3.0,0.0,3,1,1,1,2,0,1,0
113330,2099,0.0,0.0,1.0,8,3,2,2,6,0,1,1
113656,1345,0.0,0.0,0.0,3,1,1,1,2,0,1,0
113664,1448,0.0,3.0,0.0,2,1,1,1,1,0,1,0
113701,2051,0.0,4.0,0.0,3,2,1,1,2,0,1,0
114061,2765,0.0,3.0,1.0,2,1,1,1,1,0,1,0
114229,1353,0.0,0.0,1.0,8,2,1,1,7,0,1,0
114573,4368,0.0,5.0,0.0,6,1,1,3,5,0,1,0
114629,927,1.0,3.0,0.0,5,2,1,1,4,0,1,0
11464,2294,0.0,5.0,0.0,3,1,1,2,2,0,1,0
114758,4966,0.0,5.0,1.0,2,1,1,1,1,0,1,0
114780,962,0.0,2.0,0.0,12,5,3,1,7,0,5,0
115113,1051,0.0,3.0,0.0,2,1,1,2,0,0,1,1
115167,794,0.0,4.0,0.0,22,5,1,9,16,0,2,4
115511,1049,1.0,3.0,1.0,2,1,1,1,1,0,1,0
115814,897,0.0,4.0,1.0,2,1,1,1,1,0,1,0
115889,3727,0.0,4.0,0.0,2,2,1,1,1,0,1,0
116025,3728,0.0,0.0,0.0,4,2,2,2,3,0,1,0
116260,361,0.0,5.0,1.0,3,1,1,1,2,0,1,0
117203,4282,0.0,8.0,0.0,29,18,6,5,27,0,2,0
117326,2403,0.0,3.0,0.0,57,25,2,5,49,0,8,0
117952,2856,0.0,2.0,0.0,2,1,1,1,1,0,1,0
118173,121,0.0,0.0,0.0,6,1,1,1,5,0,1,0
118684,221,0.0,3.0,0.0,5,2,1,2,3,0,1,1
118788,4048,0.0,3.0,1.0,5,2,1,2,3,0,2,0
118792,798,0.0,5.0,0.0,11,1,1,3,10,0,1,0
118809,798,0.0,0.0,0.0,16,6,4,4,12,0,1,3
11885,4605,0.0,4.0,0.0,5,5,2,2,2,0,3,0
119116,1500,0.0,0.0,0.0,15,9,5,2,14,0,1,0
119239,3399,0.0,0.0,1.0,7,1,1,1,5,1,1,0
119253,4336,0.0,3.0,1.0,4,1,1,2,2,1,1,0
119631,3424,0.0,4.0,0.0,34,14,3,1,30,0,4,0
120129,474,0.0,5.0,0.0,33,20,18,2,23,0,10,0
120588,474,0.0,4.0,1.0,11,4,3,1,9,0,2,0
120629,1679,0.0,6.0,1.0,27,8,3,7,25,0,2,0
120878,4048,0.0,3.0,0.0,7,4,1,1,2,0,1,4
121976,1013,0.0,4.0,0.0,10,6,5,1,9,0,1,0
122042,1013,0.0,5.0,0.0,3,1,1,1,2,0,1,0
122170,3667,0.0,0.0,0.0,3,2,1,1,2,0,1,0
122214,1133,0.0,3.0,1.0,25,6,3,1,24,0,1,0
122243,3635,0.0,4.0,1.0,1,1,1,1,0,0,1,0
122600,3753,0.0,7.0,0.0,7,3,1,2,5,0,1,1
122981,1760,0.0,3.0,0.0,7,3,2,2,6,0,1,0
123254,2683,0.0,3.0,2.0,6,1,1,1,5,0,1,0
123386,1916,0.0,6.0,1.0,8,1,1,3,6,0,2,0
123762,4044,0.0,0.0,0.0,12,3,2,2,11,0,1,0
123821,1494,1.0,5.0,0.0,8,2,2,1,6,0,2,0
123973,1115,1.0,2.0,1.0,1,1,1,1,0,0,1,0
124063,3828,0.0,2.0,1.0,5,2,2,2,4,0,1,0
124168,2928,0.0,5.0,0.0,39,21,4,1,37,0,2,0
124247,598,0.0,3.0,1.0,24,9,3,2,22,0,2,0
124393,4267,0.0,5.0,0.0,12,8,3,2,11,0,1,0
124498,4658,0.0,7.0,0.0,4,1,1,2,3,0,1,0
124776,4287,0.0,3.0,0.0,4,2,1,2,0,0,2,2
124889,1854,0.0,3.0,0.0,3,2,1,1,2,0,1,0
12503,4131,0.0,0.0,0.0,6,1,1,2,5,0,1,0
125659,3941,0.0,5.0,1.0,17,5,1,1,16,0,1,0
125662,4508,0.0,6.0,0.0,1,1,1,1,0,0,1,0
125763,4287,0.0,0.0,1.0,6,3,3,1,4,0,2,0
125808,4067,1.0,3.0,0.0,8,1,1,2,6,0,1,1
126131,4170,1.0,0.0,0.0,9,4,1,1,7,0,2,0
126136,4079,0.0,4.0,0.0,7,2,2,1,6,0,1,0
126614,1024,0.0,6.0,1.0,1,1,1,1,0,0,1,0
126991,1281,0.0,0.0,0.0,6,1,1,1,5,0,1,0
127049,2020,0.0,2.0,1.0,2,1,1,1,1,0,1,0
127304,3159,0.0,2.0,1.0,1,1,1,1,0,0,1,0
128107,4760,0.0,4.0,0.0,31,20,7,1,28,0,3,0
128129,3971,0.0,3.0,2.0,6,2,1,3,5,0,1,0
12843,4919,0.0,0.0,0.0,8,3,2,2,7,0,1,0
128736,598,0.0,3.0,1.0,23,14,2,2,22,0,1,0
12903,3085,0.0,5.0,1.0,5,1,1,1,3,0,1,1
129551,4504,0.0,4.0,0.0,14,4,1,3,13,0,1,0
13013,2082,0.0,0.0,0.0,6,4,1,2,5,0,1,0
13052,1126,0.0,3.0,0.0,13,3,3,3,10,0,1,2
13068,3080,0.0,6.0,1.0,8,4,3,3,7,0,1,0
131435,3609,0.0,5.0,0.0,10,5,2,1,9,0,1,0
131448,1472,0.0,0.0,1.0,1,1,1,1,0,0,1,0
131576,1615,0.0,0.0,0.0,3,1,1,2,2,0,1,0
131626,4976,1.0,0.0,0.0,25,18,7,2,22,0,3,0
131904,2031,0.0,4.0,1.0,2,1,1,1,1,0,1,0
132036,1621,0.0,3.0,0.0,4,2,1,2,3,0,1,0
132041,3784,0.0,0.0,1.0,7,1,1,1,6,0,1,0
133035,1769,0.0,0.0,0.0,9,5,1,1,8,0,1,0
133207,1103,0.0,3.0,0.0,2,2,1,1,0,0,2,0
134120,4647,0.0,2.0,0.0,3,2,1,1,2,0,1,0
13529,437,0.0,3.0,0.0,5,3,3,2,4,0,1,0
136062,2397,1.0,4.0,0.0,1,1,1,1,0,0,1,0
136872,1102,0.0,2.0,0.0,2,1,1,1,1,0,1,0
136952,366,0.0,4.0,0.0,5,2,1,1,4,0,1,0
137264,1892,0.0,4.0,0.0,6,4,1,1,4,0,2,0
137468,2359,0.0,6.0,0.0,1,1,1,1,0,0,1,0
137488,1102,1.0,0.0,0.0,10,7,3,2,9,0,1,0
13755,2954,0.0,3.0,1.0,4,3,3,3,0,0,1,3
137748,102,0.0,4.0,1.0,42,4,2,4,41,0,1,0
138256,4234,0.0,4.0,0.0,10,5,1,1,8,0,2,0
138465,643,0.0,3.0,0.0,63,37,10,7,61,0,2,0
139007,3365,0.0,3.0,1.0,5,3,3,1,3,0,1,1
139562,671,0.0,4.0,0.0,6,2,2,3,5,0,1,0
13978,1501,0.0,3.0,1.0,8,2,1,2,7,0,1,0
140434,3609,0.0,4.0,1.0,7,3,1,2,6,0,1,0
140763,4044,0.0,0.0,0.0,26,18,5,3,23,2,1,0
140878,2140,0.0,5.0,1.0,7,4,1,2,6,0,1,0
140979,4670,0.0,2.0,1.0,11,4,1,1,9,0,2,0
141183,4783,0.0,3.0,0.0,3,2,2,1,2,0,1,0
141307,3828,0.0,4.0,1.0,62,36,7,2,59,0,1,2
141537,1661,0.0,4.0,0.0,6,2,1,2,5,0,1,0
141750,4335,0.0,2.0,0.0,3,2,1,1,2,0,1,0
141811,3161,0.0,0.0,0.0,32,19,8,7,30,0,2,0
141877,4044,0.0,2.0,0.0,25,8,2,3,20,0,1,4
141918,606,0.0,2.0,0.0,35,18,6,5,32,0,1,2
142082,682,1.0,0.0,0.0,5,5,2,2,2,0,2,1
142092,2936,0.0,5.0,0.0,7,3,1,1,5,0,2,0
142385,1892,0.0,5.0,0.0,52,20,7,6,44,0,4,4
142414,4950,0.0,3.0,1.0,5,1,1,3,2,0,1,2
142866,3537,0.0,0.0,0.0,14,3,2,1,11,0,3,0
142889,3898,0.0,5.0,0.0,3,1,1,1,2,0,1,0
143085,547,0.0,0.0,1.0,19,4,2,5,16,0,1,2
143471,4499,0.0,3.0,0.0,4,3,1,1,3,0,1,0
143518,1719,0.0,4.0,2.0,8,3,1,1,7,0,1,0
143842,633,0.0,2.0,0.0,4,2,1,1,3,0,1,0
143878,3484,0.0,3.0,1.0,19,5,2,3,18,0,1,0
144202,141,0.0,4.0,0.0,24,12,5,1,21,0,2,1
144266,1816,0.0,2.0,1.0,27,5,3,4,26,0,1,0
144493,2020,1.0,0.0,0.0,2,1,1,1,1,0,1,0
14489,748,0.0,4.0,0.0,32,5,1,1,30,0,2,0
145149,2424,0.0,6.0,1.0,4,1,1,1,3,0,1,0
145166,326,0.0,4.0,0.0,9,2,2,2,5,0,4,0
145411,4044,0.0,3.0,0.0,19,7,2,2,18,0,1,0
146969,4580,0.0,2.0,0.0,6,1,1,3,5,0,1,0
14751,474,0.0,4.0,0.0,3,1,1,1,2,0,1,0
149458,1679,0.0,5.0,0.0,1,1,1,1,0,0,1,0
14962,3290,0.0,3.0,0.0,7,4,1,1,5,0,2,0
150229,514,0.0,5.0,2.0,3,1,1,1,1,0,2,0
150259,121,0.0,6.0,0.0,42,11,3,4,37,1,4,0
151704,4335,0.0,3.0,1.0,4,1,1,1,3,0,1,0
151777,1102,0.0,0.0,0.0,8,3,2,5,7,0,1,0
15309,4596,0.0,0.0,0.0,14,7,5,3,13,0,1,0
153446,4772,0.0,3.0,0.0,1,1,1,1,0,0,1,0
153510,3571,0.0,3.0,1.0,2,1,1,1,1,0,1,0
154781,900,0.0,2.0,1.0,5,2,1,1,3,0,2,0
154936,1854,0.0,2.0,0.0,2,1,1,1,1,0,1,0
155080,4026,0.0,0.0,0.0,7,1,1,1,6,0,1,0
156167,2450,0.0,0.0,0.0,1,1,1,1,0,0,1,0
156331,1692,0.0,4.0,0.0,5,1,1,2,4,0,1,0
156465,2639,0.0,5.0,0.0,6,2,2,1,4,0,2,0
156598,22,0.0,0.0,0.0,3,1,1,1,2,0,1,0
157105,4049,1.0,4.0,0.0,1,1,1,1,0,0,1,0
157178,606,0.0,4.0,0.0,3,2,2,1,2,0,1,0
157364,742,0.0,6.0,1.0,5,1,1,3,3,0,1,1
157479,4733,0.0,3.0,0.0,8,2,1,5,5,0,1,2
157924,3619,0.0,3.0,0.0,1,1,1,1,0,0,1,0
15794,2579,0.0,5.0,0.0,16,5,2,1,12,0,4,0
158215,3971,0.0,0.0,0.0,9,5,3,1,8,0,1,0
158740,4903,0.0,3.0,0.0,7,1,1,2,5,0,1,1
159207,4265,0.0,5.0,0.0,27,17,9,3,22,0,5,0
159473,1342,0.0,4.0,0.0,6,1,1,1,5,0,1,0
159636,4047,0.0,5.0,0.0,4,3,3,1,3,0,1,0
15981,2303,0.0,4.0,0.0,9,1,1,5,8,0,1,0
159979,4224,0.0,5.0,1.0,1,1,1,1,0,0,1,0
160034,4115,0.0,3.0,1.0,3,1,1,1,2,0,1,0
160597,2857,0.0,0.0,0.0,4,2,1,1,2,0,2,0
160934,3828,0.0,0.0,0.0,9,4,2,2,8,0,1,0
161046,4385,0.0,4.0,0.0,1,1,1,1,0,0,1,0
1614,3910,0.0,3.0,2.0,2,1,1,1,1,0,1,0
161761,474,0.0,3.0,1.0,8,2,2,1,7,0,1,0
162103,2569,0.0,6.0,0.0,33,15,3,3,25,0,3,5
162192,4558,0.0,0.0,0.0,2,1,1,1,1,0,1,0
16286,4705,1.0,3.0,0.0,2,1,1,1,1,0,1,0
163336,4499,0.0,4.0,0.0,3,1,1,1,2,0,1,0
163417,4768,0.0,2.0,0.0,6,1,1,3,5,0,1,0
163644,4536,1.0,2.0,1.0,3,1,1,1,2,0,1,0
164295,1833,0.0,3.0,1.0,3,2,2,1,2,0,1,0
16450,4765,0.0,6.0,1.0,6,2,2,1,4,0,2,0
164564,2066,0.0,4.0,0.0,8,4,1,2,7,0,1,0
165005,2273,0.0,4.0,0.0,3,1,1,1,2,0,1,0
165903,2273,0.0,0.0,0.0,3,1,1,1,2,0,1,0
165936,2594,1.0,3.0,1.0,33,14,7,2,31,0,2,0
166046,4052,0.0,2.0,0.0,2,2,2,1,0,0,2,0
166392,4687,0.0,0.0,1.0,2,1,1,1,1,0,1,0
166630,2291,0.0,3.0,0.0,5,2,1,3,2,0,1,2
166806,4438,0.0,4.0,0.0,4,1,1,1,3,0,1,0
16722,4894,0.0,3.0,1.0,4,1,1,2,3,0,1,0
167678,4039,0.0,2.0,0.0,4,1,1,1,3,0,1,0
168089,250,0.0,3.0,0.0,2,1,1,1,1,0,1,0
168135,2108,0.0,0.0,1.0,3,1,1,2,2,0,1,0
168286,1726,0.0,5.0,2.0,1,1,1,1,0,0,1,0
16880,2022,0.0,2.0,0.0,10,5,2,2,8,0,2,0
169137,2869,0.0,2.0,0.0,5,1,1,1,4,0,1,0
16943,3350,0.0,3.0,0.0,7,3,1,2,5,0,1,1
169614,1123,0.0,0.0,0.0,2,1,1,1,1,0,1,0
169753,4848,0.0,4.0,0.0,2,1,1,1,1,0,1,0
170311,1393,0.0,3.0,0.0,8,4,2,1,7,0,1,0
170472,3473,0.0,0.0,0.0,4,1,1,1,3,0,1,0
170844,3936,0.0,4.0,1.0,10,4,2,2,8,0,1,1
171400,1102,0.0,2.0,0.0,36,10,7,4,35,0,1,0
172079,2124,0.0,0.0,0.0,3,1,1,1,2,0,1,0
172236,2291,0.0,4.0,0.0,4,1,1,1,3,0,1,0
172451,3334,0.0,0.0,1.0,9,1,1,2,7,0,1,1
172793,1116,0.0,2.0,0.0,4,3,2,1,3,0,1,0
172992,1346,0.0,3.0,0.0,23,9,1,2,22,0,1,0
173386,1577,0.0,4.0,0.0,1,1,1,1,0,0,1,0
174376,4044,1.0,3.0,0.0,37,20,5,1,35,0,2,0
174931,4619,0.0,0.0,0.0,2,1,1,1,1,0,1,0
175640,4873,0.0,2.0,0.0,9,2,1,3,8,0,1,0
175941,4427,0.0,3.0,1.0,1,1,1,1,0,0,1,0
176692,1861,0.0,2.0,0.0,30,11,3,6,27,0,1,2
17772,1393,0.0,4.0,2.0,21,9,5,2,16,0,4,1
177900,3271,0.0,5.0,0.0,6,1,1,3,5,0,1,0
178136,2175,0.0,3.0,0.0,5,3,2,1,4,0,1,0
178212,1667,0.0,5.0,0.0,46,7,2,11,40,0,1,5
178498,1126,0.0,2.0,0.0,9,3,2,2,7,0,1,1
178517,250,0.0,3.0,1.0,11,3,2,5,9,1,1,0
179362,503,0.0,4.0,1.0,7,3,2,1,6,0,1,0
179938,4744,0.0,3.0,0.0,3,1,1,1,2,0,1,0
18042,4641,0.0,3.0,0.0,7,1,1,2,5,0,1,1
180515,606,0.0,3.0,0.0,28,17,7,1,27,0,1,0
180829,3828,0.0,3.0,0.0,19,17,4,1,18,0,1,0
180876,2669,0.0,4.0,2.0,3,1,1,1,2,0,1,0
181520,675,0.0,3.0,1.0,5,1,1,1,4,0,1,0
181614,963,0.0,6.0,0.0,1,1,1,1,0,0,1,0
181773,3173,0.0,4.0,1.0,4,1,1,1,2,0,2,0
181810,2821,0.0,3.0,0.0,20,8,1,1,18,0,1,1
181843,3826,0.0,2.0,1.0,3,2,1,1,2,0,1,0
182099,4368,0.0,2.0,1.0,1,1,1,1,0,0,1,0
182256,2873,0.0,6.0,0.0,15,10,4,2,14,0,1,0
182460,2073,1.0,0.0,0.0,8,1,1,2,6,0,1,1
182776,1272,0.0,3.0,0.0,15,3,1,3,13,0,1,1
182902,2051,0.0,2.0,0.0,5,3,1,1,4,0,1,0
183017,3558,0.0,6.0,0.0,8,3,1,1,7,0,1,0
183112,2294,0.0,6.0,1.0,8,1,1,2,7,0,1,0
18357,2592,0.0,3.0,1.0,2,1,1,1,1,0,1,0
183693,588,0.0,5.0,1.0,3,1,1,1,0,0,3,0
183746,4173,0.0,0.0,0.0,24,13,6,3,22,0,2,0
184324,3383,0.0,3.0,0.0,5,1,1,1,4,0,1,0
18433,3955,0.0,0.0,0.0,2,1,1,2,1,0,1,0
184554,2445,0.0,4.0,0.0,2,1,1,1,1,0,1,0
184977,120,0.0,4.0,0.0,6,3,2,1,5,0,1,0
185465,4367,0.0,4.0,2.0,11,3,2,3,10,0,1,0
185565,606,0.0,4.0,0.0,6,4,3,2,5,0,1,0
18571,3150,0.0,0.0,0.0,25,19,3,1,19,0,6,0
18650,1067,0.0,0.0,0.0,1,1,1,1,0,0,1,0
186564,10,0.0,0.0,0.0,8,2,2,1,7,0,1,0
187157,1500,0.0,3.0,0.0,1,1,1,1,0,0,1,0
187379,2447,0.0,5.0,0.0,5,1,1,1,4,0,1,0
187492,94,0.0,4.0,0.0,2,1,1,1,1,0,1,0
187528,1911,0.0,0.0,0.0,9,4,1,2,7,0,1,1
187872,3472,0.0,4.0,1.0,3,1,1,1,2,0,1,0
188027,219,0.0,3.0,0.0,7,2,1,2,6,0,1,0
188525,798,0.0,0.0,1.0,5,3,2,1,4,0,1,0
189231,598,0.0,2.0,1.0,9,1,1,1,7,0,1,1
189720,1704,0.0,0.0,0.0,2,1,1,1,1,0,1,0
189871,747,0.0,0.0,0.0,6,1,1,3,5,0,1,0
19089,1520,0.0,0.0,0.0,2,1,1,1,0,0,1,1
19145,4829,0.0,2.0,1.0,9,5,2,1,8,0,1,0
191794,2108,0.0,5.0,0.0,4,1,1,3,3,0,1,0
192126,2001,0.0,2.0,1.0,2,1,1,2,1,0,1,0
19215,3152,0.0,0.0,1.0,9,1,1,1,7,0,2,0
192535,1068,0.0,4.0,2.0,6,1,1,3,3,0,2,1
192606,2935,0.0,2.0,1.0,6,1,1,4,5,0,1,0
19288,1892,0.0,3.0,0.0,57,33,12,5,55,0,2,0
193470,3528,0.0,3.0,0.0,3,3,2,1,0,0,3,0
194056,1618,0.0,0.0,0.0,3,1,1,2,2,0,1,0
1945,1393,1.0,0.0,0.0,3,2,2,1,0,0,2,1
194831,2051,0.0,2.0,1.0,2,1,1,1,1,0,1,0
195139,4494,0.0,2.0,1.0,16,3,2,1,14,0,2,0
195216,4427,0.0,3.0,1.0,31,8,3,2,26,0,1,4
195339,742,0.0,3.0,0.0,5,3,1,1,4,0,1,0
195623,590,0.0,4.0,1.0,13,4,2,2,10,0,2,1
195762,2746,1.0,0.0,0.0,19,9,5,4,12,0,6,1
196031,684,0.0,5.0,0.0,34,13,6,1,31,0,3,0
196252,2031,0.0,8.0,1.0,6,2,1,1,5,0,1,0
197300,608,0.0,4.0,0.0,11,3,1,1,10,0,1,0
197433,4198,0.0,0.0,0.0,17,4,2,2,12,0,3,2
197812,1762,0.0,0.0,0.0,5,1,1,1,4,0,1,0
198134,4474,0.0,3.0,0.0,2,1,1,2,0,0,1,1
198337,2403,0.0,5.0,0.0,5,3,1,1,2,0,3,0
198341,4500,0.0,2.0,1.0,1,1,1,1,0,0,1,0
198350,2954,0.0,5.0,0.0,3,2,2,2,0,0,2,1
198826,758,0.0,3.0,0.0,4,1,1,2,2,1,1,0
199070,2795,0.0,4.0,0.0,5,1,1,1,3,1,1,0
199517,586,0.0,3.0,0.0,18,10,3,3,17,0,1,0
19963,4042,0.0,0.0,null,5,1,1,1,4,0,1,0
200278,608,0.0,5.0,0.0,9,2,1,2,7,0,2,0
200293,4090,0.0,3.0,1.0,2,1,1,1,1,0,1,0
200518,2928,0.0,4.0,0.0,3,2,2,1,1,0,2,0
200555,2537,0.0,6.0,0.0,24,7,4,3,22,0,2,0
200690,315,0.0,3.0,1.0,4,2,1,2,2,0,1,1
200751,366,0.0,0.0,0.0,4,1,1,2,2,0,1,1
201699,3091,0.0,3.0,0.0,3,1,1,1,2,0,1,0
201870,687,0.0,5.0,0.0,3,1,1,1,2,0,1,0
201918,2482,0.0,3.0,1.0,4,2,2,2,2,0,1,1
20217,643,0.0,0.0,0.0,3,1,1,1,2,0,1,0
202302,4600,0.0,4.0,0.0,7,2,1,1,5,0,2,0
202406,71,0.0,4.0,0.0,5,2,1,1,4,0,1,0
202928,2954,0.0,5.0,1.0,22,14,7,2,17,0,5,0
203034,1520,0.0,5.0,0.0,2,1,1,1,1,0,1,0
203181,423,0.0,2.0,0.0,12,1,1,2,11,0,1,0
203319,1322,0.0,4.0,0.0,33,15,2,1,29,0,4,0
203605,1500,0.0,6.0,1.0,20,10,4,2,19,0,1,0
20375,2471,0.0,3.0,0.0,15,2,2,3,14,0,1,0
204287,2459,0.0,5.0,0.0,5,3,3,1,4,0,1,0
204687,682,1.0,3.0,1.0,5,4,2,2,4,0,1,0
205032,4044,0.0,6.0,0.0,1,1,1,1,0,0,1,0
205651,2031,0.0,3.0,0.0,1,1,1,1,0,0,1,0
206036,4155,0.0,2.0,null,8,2,1,2,7,0,1,0
206234,4044,0.0,0.0,0.0,26,19,10,3,22,0,1,3
206481,1187,0.0,3.0,0.0,3,2,1,1,2,0,1,0
20701,4783,0.0,5.0,0.0,5,2,2,1,4,0,1,0
207230,946,0.0,2.0,1.0,3,1,1,1,2,0,1,0
207763,2173,0.0,5.0,0.0,7,4,3,1,6,0,1,0
207781,2403,0.0,3.0,0.0,18,5,1,3,17,0,1,0
207944,415,1.0,8.0,2.0,7,4,3,1,5,0,2,0
208245,2217,0.0,4.0,0.0,3,1,1,1,2,0,1,0
208283,4129,0.0,3.0,0.0,40,30,10,2,35,0,5,0
208388,2217,0.0,4.0,0.0,6,2,1,2,5,0,1,0
208715,1833,0.0,4.0,2.0,1,1,1,1,0,0,1,0
208826,2107,0.0,0.0,0.0,4,1,1,1,3,0,1,0
209119,3689,0.0,3.0,2.0,4,1,1,1,3,0,1,0
209163,3370,0.0,3.0,0.0,1,1,1,1,0,0,1,0
209213,4374,0.0,2.0,1.0,15,10,2,1,14,0,1,0
209402,2066,0.0,3.0,0.0,18,6,1,6,15,0,1,2
210097,402,0.0,6.0,0.0,3,1,1,2,2,0,1,0
210139,3614,0.0,2.0,0.0,5,1,1,2,3,0,1,1
210299,4558,0.0,3.0,0.0,29,7,1,2,26,0,1,2
210852,4826,0.0,3.0,0.0,2,1,1,1,1,0,1,0
210866,3786,0.0,5.0,0.0,12,6,2,4,9,0,1,2
210868,3291,0.0,2.0,0.0,2,1,1,1,1,0,1,0
211629,2026,0.0,4.0,1.0,1,1,1,1,0,0,1,0
211835,1892,0.0,4.0,0.0,1,1,1,1,0,0,1,0
211859,3271,0.0,3.0,0.0,7,3,2,3,6,0,1,0
211941,3378,0.0,3.0,0.0,7,1,1,2,5,0,1,1
212146,1679,0.0,0.0,1.0,36,18,3,3,32,0,4,0
212498,4756,0.0,4.0,0.0,19,5,2,4,16,0,3,0
212840,2273,0.0,6.0,0.0,3,1,1,1,2,0,1,0
21298,4042,0.0,3.0,1.0,1,1,1,1,0,0,1,0
21314,1618,0.0,3.0,1.0,5,1,1,1,4,0,1,0
213336,1621,0.0,3.0,0.0,1,1,1,1,0,0,1,0
213576,3965,0.0,2.0,0.0,23,7,1,1,18,0,5,0
214476,1710,0.0,3.0,1.0,5,1,1,1,4,0,1,0
214698,2279,0.0,0.0,0.0,3,2,1,1,2,0,1,0
214867,4173,0.0,4.0,2.0,21,10,3,2,20,0,1,0
215247,2424,0.0,4.0,0.0,20,4,1,1,19,0,1,0
215332,1557,0.0,3.0,1.0,4,1,1,2,2,1,1,0
216394,2417,0.0,4.0,0.0,3,1,1,1,2,0,1,0
21661,4760,0.0,3.0,1.0,3,2,2,1,2,0,1,0
216724,1494,0.0,6.0,0.0,2,1,1,1,1,0,1,0
217472,3623,0.0,3.0,0.0,1,1,1,1,0,0,1,0
217544,132,0.0,3.0,1.0,2,1,1,1,1,0,1,0
218573,4474,0.0,4.0,0.0,6,1,1,1,4,0,2,0
218914,20,0.0,2.0,0.0,23,7,2,5,21,0,1,1
218933,2273,0.0,4.0,0.0,22,7,1,1,21,0,1,0
219063,3323,1.0,3.0,0.0,8,3,1,2,7,0,1,0
219558,3205,0.0,0.0,1.0,6,1,1,2,5,0,1,0
220018,1150,0.0,0.0,1.0,2,1,1,1,1,0,1,0
220645,3727,0.0,0.0,0.0,3,1,1,2,2,0,1,0
22065,1910,0.0,5.0,0.0,2,2,2,2,1,0,1,0
220827,222,0.0,0.0,0.0,3,2,2,2,2,0,1,0
221213,1102,0.0,0.0,1.0,8,7,3,1,7,0,1,0
221839,148,0.0,3.0,2.0,5,2,1,1,4,0,1,0
221921,4568,0.0,0.0,0.0,9,5,4,2,8,0,1,0
222503,3828,1.0,0.0,0.0,205,84,19,22,189,0,3,13
222687,412,0.0,5.0,0.0,45,25,10,4,42,0,3,0
223078,3266,0.0,3.0,0.0,4,1,1,1,3,0,1,0
223532,1565,0.0,4.0,0.0,2,1,1,1,1,0,1,0
223686,951,0.0,7.0,1.0,4,1,1,1,3,0,1,0
223815,2928,0.0,0.0,1.0,8,7,4,4,5,0,3,0
224421,1661,1.0,6.0,0.0,12,4,1,4,10,0,2,0
224474,4842,0.0,0.0,0.0,4,1,1,1,3,0,1,0
22448,1878,0.0,0.0,1.0,8,3,1,1,6,0,2,0
225092,960,0.0,2.0,0.0,3,1,1,2,2,0,1,0
225245,2693,0.0,5.0,1.0,2,1,1,2,1,0,1,0
225347,4765,0.0,3.0,0.0,2,1,1,1,1,0,1,0
225416,4048,0.0,2.0,1.0,1,1,1,1,0,0,1,0
225546,3528,0.0,3.0,1.0,2,1,1,1,1,0,1,0
225567,301,0.0,6.0,1.0,3,1,1,1,2,0,1,0
225579,4585,0.0,null,null,7,3,1,2,6,0,1,0
225743,2935,0.0,4.0,0.0,8,3,2,2,7,0,1,0
225804,121,0.0,5.0,2.0,9,5,2,1,8,0,1,0
227267,1133,0.0,4.0,1.0,13,8,2,2,11,0,2,0
227308,4099,0.0,5.0,0.0,9,6,4,1,8,0,1,0
227737,1102,0.0,3.0,2.0,5,2,1,2,4,0,1,0
227883,3683,1.0,4.0,1.0,6,4,2,1,4,0,2,0
228322,3472,0.0,0.0,1.0,4,2,1,1,3,0,1,0
228497,3545,0.0,5.0,1.0,5,1,1,3,4,0,1,0
228570,3835,0.0,4.0,0.0,17,8,2,1,16,0,1,0
228956,3345,0.0,5.0,1.0,10,4,1,1,9,0,1,0
229096,963,0.0,3.0,1.0,4,1,1,2,3,0,1,0
23029,2721,0.0,6.0,0.0,18,7,1,1,17,0,1,0
230633,1695,0.0,3.0,0.0,3,1,1,1,2,0,1,0
230986,2629,0.0,6.0,1.0,6,1,1,2,4,0,1,1
231146,1440,0.0,3.0,1.0,14,4,1,5,13,0,1,0
231204,4950,0.0,4.0,0.0,5,2,1,1,4,0,1,0
231373,4444,0.0,5.0,1.0,7,2,2,3,5,0,2,0
231785,4280,0.0,2.0,1.0,7,2,1,2,6,0,1,0
231999,239,0.0,0.0,0.0,6,1,1,2,4,0,1,1
232213,2217,0.0,0.0,0.0,12,4,1,1,11,0,1,0
232359,2193,0.0,5.0,0.0,13,5,4,1,10,0,3,0
232609,2318,0.0,3.0,0.0,1,1,1,1,0,0,1,0
233035,3159,0.0,6.0,1.0,4,2,2,1,3,0,1,0
23305,1103,0.0,5.0,0.0,3,1,1,2,2,0,1,0
233420,3424,1.0,5.0,0.0,20,7,1,3,17,0,3,0
233692,3266,0.0,3.0,1.0,3,1,1,1,2,0,1,0
234517,1412,0.0,6.0,0.0,10,4,2,2,9,0,1,0
234857,437,0.0,0.0,0.0,34,8,1,5,33,0,1,0
234937,1944,0.0,0.0,0.0,16,7,3,2,13,0,3,0
235118,2435,1.0,3.0,0.0,12,5,2,1,9,0,3,0
23525,66,0.0,3.0,0.0,3,1,1,1,2,0,1,0
235336,1892,0.0,3.0,1.0,45,4,1,1,43,0,2,0
235601,1090,0.0,6.0,0.0,10,5,1,1,8,1,1,0
235950,4976,0.0,5.0,0.0,13,4,2,3,11,0,2,0
236292,1324,0.0,7.0,0.0,22,3,1,5,19,0,1,2
236327,2928,0.0,5.0,2.0,12,2,1,4,10,0,2,0
236682,361,1.0,0.0,0.0,7,3,1,2,5,0,1,1
236800,1582,0.0,0.0,1.0,4,2,2,1,3,0,1,0
236886,1145,0.0,5.0,1.0,18,9,1,1,16,0,2,0
236937,1203,1.0,4.0,0.0,2,2,2,2,1,0,1,0
237034,3091,0.0,3.0,2.0,5,1,1,1,4,0,1,0
237042,1892,0.0,0.0,0.0,115,48,11,1,107,0,8,0
237061,1861,0.0,0.0,0.0,3,1,1,1,2,0,1,0
237560,1900,0.0,6.0,0.0,8,6,2,1,7,0,1,0
238568,1602,0.0,2.0,0.0,4,3,1,1,3,0,1,0
238626,2608,0.0,3.0,0.0,1,1,1,1,0,0,1,0
239015,219,0.0,4.0,0.0,82,21,1,3,76,0,6,0
239484,3051,0.0,3.0,1.0,2,1,1,1,1,0,1,0
239544,4760,0.0,4.0,1.0,2,1,1,1,1,0,1,0
239672,2890,0.0,3.0,0.0,2,1,1,1,1,0,1,0
239895,3558,0.0,3.0,0.0,2,1,1,1,1,0,1,0
239978,4554,0.0,3.0,null,3,1,1,1,2,0,1,0
240633,3667,0.0,6.0,0.0,2,1,1,1,1,0,1,0
241269,1346,0.0,4.0,0.0,15,9,1,3,14,0,1,0
241521,189,0.0,6.0,0.0,5,1,1,1,4,0,1,0
241823,4966,0.0,3.0,0.0,2,1,1,1,1,0,1,0
241886,1393,0.0,6.0,0.0,6,5,4,2,5,0,1,0
242306,3163,0.0,2.0,1.0,7,1,1,1,6,0,1,0
242625,4042,0.0,4.0,0.0,6,3,3,1,3,0,3,0
244093,2278,1.0,6.0,0.0,1,1,1,1,0,0,1,0
24438,4282,0.0,3.0,2.0,1,1,1,1,0,0,1,0
245270,2459,0.0,0.0,0.0,2,1,1,1,1,0,1,0
245293,4976,0.0,0.0,0.0,26,8,2,7,20,0,1,5
245478,2954,0.0,4.0,0.0,9,4,3,5,6,0,1,2
245586,3828,0.0,0.0,1.0,4,1,1,1,3,0,1,0
246020,1592,0.0,4.0,0.0,4,1,1,1,3,0,1,0
246136,2031,0.0,3.0,0.0,23,5,2,4,20,0,2,1
246219,2175,0.0,2.0,0.0,45,25,8,2,44,0,1,0
246785,2489,0.0,0.0,0.0,2,1,1,1,1,0,1,0
246883,2543,0.0,3.0,0.0,10,3,1,3,8,0,1,1
247229,590,0.0,3.0,0.0,5,2,2,1,4,0,1,0
247560,1102,0.0,2.0,0.0,6,1,1,2,4,0,1,1
247776,1487,0.0,0.0,1.0,4,1,1,2,3,0,1,0
247916,4793,0.0,3.0,0.0,2,1,1,2,0,0,1,1
248717,3580,0.0,2.0,1.0,10,4,3,1,9,0,1,0
248721,1379,0.0,8.0,0.0,32,11,5,1,28,0,2,2
248761,3502,0.0,6.0,0.0,10,2,1,1,9,0,1,0
24887,742,0.0,3.0,0.0,15,7,3,2,14,0,1,0
249465,1342,0.0,0.0,0.0,2,1,1,1,1,0,1,0
249487,1704,0.0,0.0,0.0,5,4,3,1,4,0,1,0
249641,3022,0.0,3.0,0.0,76,32,9,1,71,0,5,0
250026,2278,1.0,2.0,0.0,12,3,3,2,11,0,1,0
250086,3578,0.0,5.0,null,4,2,1,2,2,1,1,0
250124,2326,0.0,4.0,0.0,1,1,1,1,0,0,1,0
250271,4118,0.0,3.0,1.0,9,4,2,2,6,0,3,0
25069,1340,0.0,3.0,0.0,4,4,3,1,0,0,4,0
251377,4044,0.0,4.0,0.0,112,60,12,7,110,0,2,0
251573,1742,0.0,0.0,0.0,5,1,1,2,3,0,1,1
251909,386,0.0,3.0,0.0,3,1,1,1,2,0,1,0
252170,416,0.0,3.0,0.0,9,1,1,1,8,0,1,0
252237,3152,1.0,4.0,0.0,11,6,1,1,10,0,1,0
252492,1910,0.0,3.0,0.0,4,1,1,1,3,0,1,0
252759,1272,0.0,4.0,0.0,4,2,2,3,3,0,1,0
252930,434,0.0,5.0,0.0,7,1,1,2,5,0,1,1
252967,4265,0.0,0.0,0.0,7,2,1,1,6,0,1,0
253111,4173,0.0,0.0,0.0,2,2,2,1,1,0,1,0
253159,3152,0.0,3.0,0.0,4,1,1,2,2,0,2,0
253400,4726,0.0,null,null,1,1,1,1,0,0,1,0
253609,2699,0.0,0.0,0.0,2,2,2,1,1,0,1,0
253800,3839,0.0,3.0,1.0,5,1,1,1,4,0,1,0
253883,1968,0.0,3.0,0.0,1,1,1,1,0,0,1,0
254635,412,0.0,0.0,0.0,8,1,1,1,6,0,2,0
254654,4370,0.0,0.0,0.0,3,1,1,1,2,0,1,0
254679,4654,0.0,5.0,0.0,3,1,1,1,2,0,1,0
254813,4087,0.0,4.0,1.0,3,1,1,2,2,0,1,0
255398,3671,0.0,4.0,0.0,1,1,1,1,0,0,1,0
255983,4280,0.0,0.0,null,10,4,1,2,9,0,1,0
256083,1673,0.0,2.0,1.0,3,1,1,2,2,0,1,0
256394,3276,0.0,2.0,1.0,3,1,1,1,2,0,1,0
256595,2935,0.0,6.0,1.0,4,1,1,1,3,0,1,0
256932,4042,0.0,4.0,1.0,3,2,1,1,2,0,1,0
257403,4978,0.0,0.0,0.0,4,1,1,1,3,0,1,0
257470,643,0.0,4.0,0.0,4,3,1,1,3,0,1,0
257483,1393,1.0,4.0,0.0,40,33,8,2,39,0,1,0
257720,3230,0.0,3.0,0.0,2,1,1,1,1,0,1,0
258044,3734,0.0,4.0,0.0,3,1,1,1,2,0,1,0
258124,1760,0.0,3.0,0.0,6,3,2,1,4,0,2,0
258525,1659,0.0,5.0,0.0,10,1,1,1,8,0,2,0
258611,219,0.0,7.0,0.0,4,2,1,1,3,0,1,0
259343,2221,0.0,2.0,1.0,2,1,1,1,1,0,1,0
260191,4131,0.0,6.0,0.0,8,2,2,2,6,0,1,1
260655,4048,0.0,3.0,0.0,2,1,1,1,1,0,1,0
26249,1031,0.0,3.0,0.0,9,3,1,1,7,0,2,0
263173,361,1.0,2.0,0.0,7,2,1,2,6,0,1,0
263374,293,0.0,2.0,0.0,9,5,2,1,8,0,1,0
263581,1193,0.0,3.0,1.0,3,2,1,1,2,0,1,0
263846,915,0.0,3.0,1.0,14,6,3,2,13,0,1,0
263873,145,0.0,0.0,2.0,30,21,1,2,28,0,2,0
263876,1708,0.0,2.0,0.0,3,1,1,1,2,0,1,0
264066,2193,0.0,3.0,0.0,4,1,1,1,3,0,1,0
264132,2579,0.0,4.0,0.0,9,4,2,2,7,0,1,1
26432,4481,0.0,3.0,1.0,2,1,1,1,1,0,1,0
265036,2537,0.0,0.0,0.0,8,3,2,1,6,0,2,0
265205,2039,0.0,0.0,0.0,2,1,1,1,1,0,1,0
266065,1561,0.0,3.0,0.0,1,1,1,1,0,0,1,0
266315,2565,0.0,6.0,0.0,3,1,1,1,2,0,1,0
266409,479,0.0,4.0,0.0,5,1,1,1,3,0,2,0
266764,2257,0.0,0.0,0.0,7,1,1,1,6,0,1,0
266923,2320,0.0,5.0,0.0,4,1,1,1,2,0,2,0
267265,1500,0.0,6.0,0.0,2,1,1,1,1,0,1,0
267737,4536,0.0,4.0,0.0,1,1,1,1,0,0,1,0
268262,48,0.0,null,null,4,1,1,1,3,0,1,0
268491,4558,0.0,4.0,2.0,4,1,1,1,3,0,1,0
268493,2669,0.0,4.0,0.0,6,2,2,1,5,0,1,0
269048,467,0.0,4.0,0.0,3,2,2,1,1,0,2,0
269099,2194,0.0,2.0,1.0,18,4,2,2,14,0,1,3
269323,3734,0.0,2.0,1.0,7,3,3,1,5,0,2,0
270417,4650,0.0,0.0,0.0,3,1,1,1,2,0,1,0
270477,1679,0.0,2.0,1.0,2,1,1,2,1,0,1,0
270814,416,0.0,0.0,0.0,7,2,1,1,6,0,1,0
271566,4871,0.0,0.0,0.0,1,1,1,1,0,0,1,0
27167,552,0.0,4.0,0.0,3,1,1,1,2,0,1,0
272018,3856,0.0,6.0,0.0,21,13,2,1,19,0,2,0
272607,1356,0.0,6.0,0.0,10,4,1,1,9,0,1,0
272836,742,0.0,4.0,0.0,7,3,2,3,6,0,1,0
273103,3593,0.0,4.0,1.0,4,1,1,2,3,0,1,0
273783,2631,0.0,2.0,0.0,1,1,1,1,0,0,1,0
273887,1833,0.0,6.0,0.0,21,9,1,1,18,0,2,1
274004,4558,1.0,3.0,0.0,1,1,1,1,0,0,1,0
274921,1435,0.0,0.0,1.0,5,2,1,2,3,1,1,0
275090,2138,0.0,2.0,0.0,7,5,3,1,5,0,2,0
275312,3925,0.0,3.0,0.0,4,2,2,2,3,0,1,0
275433,1679,0.0,4.0,0.0,6,2,2,1,5,0,1,0
275462,3236,0.0,6.0,0.0,2,1,1,1,1,0,1,0
276045,4755,0.0,4.0,0.0,6,1,1,2,5,0,1,0
276161,3227,0.0,6.0,0.0,2,1,1,1,1,0,1,0
276209,3361,0.0,4.0,1.0,12,4,1,1,11,0,1,0
276243,4976,0.0,4.0,1.0,5,1,1,1,4,0,1,0
276524,2318,0.0,3.0,0.0,3,1,1,1,2,0,1,0
277498,2099,0.0,3.0,0.0,9,8,6,1,8,0,1,0
278605,3420,0.0,4.0,0.0,5,3,3,2,2,0,3,0
278688,66,0.0,3.0,1.0,1,1,1,1,0,0,1,0
279841,4170,0.0,4.0,1.0,4,2,1,1,2,0,2,0
280600,4394,0.0,6.0,0.0,3,1,1,1,2,0,1,0
280625,474,1.0,4.0,1.0,14,10,6,1,13,0,1,0
2810,3376,0.0,5.0,0.0,21,1,1,1,19,0,1,1
281101,2279,0.0,4.0,0.0,10,1,1,3,9,0,1,0
281370,3614,1.0,4.0,0.0,4,3,2,2,0,0,1,3
281748,1749,0.0,3.0,0.0,11,7,7,1,10,0,1,0
281755,3363,0.0,2.0,0.0,5,2,1,1,4,0,1,0
282106,3163,0.0,4.0,0.0,38,13,4,2,35,0,3,0
282469,2145,0.0,2.0,0.0,12,2,2,3,10,0,2,0
282659,1892,0.0,0.0,0.0,15,12,5,3,14,0,1,0
282706,4877,0.0,3.0,0.0,11,2,1,2,9,0,1,1
282811,1742,0.0,3.0,0.0,6,1,1,2,4,0,1,1
282845,4294,0.0,3.0,1.0,4,1,1,1,3,0,1,0
283283,423,0.0,3.0,0.0,9,3,1,1,8,0,1,0
283430,3925,0.0,0.0,0.0,20,6,4,5,18,0,1,1
283440,962,0.0,5.0,1.0,4,1,1,2,3,0,1,0
283518,4659,0.0,2.0,0.0,15,10,6,2,13,0,2,0
283884,323,0.0,3.0,0.0,12,5,1,3,11,0,1,0
284071,4090,0.0,3.0,0.0,7,2,2,1,6,0,1,0
285319,547,0.0,0.0,1.0,8,2,1,2,7,0,1,0
285386,293,0.0,3.0,0.0,6,3,1,1,5,0,1,0
285513,4950,0.0,4.0,0.0,2,1,1,2,0,0,1,1
286011,4594,0.0,3.0,0.0,6,4,2,2,5,0,1,0
286568,2269,0.0,5.0,0.0,3,1,1,1,2,0,1,0
288127,3856,0.0,0.0,0.0,30,7,1,1,26,0,4,0
288355,1187,0.0,4.0,0.0,13,5,2,4,11,0,2,0
288384,3463,0.0,0.0,0.0,6,1,1,2,4,0,1,1
28857,1916,0.0,3.0,0.0,4,2,1,1,3,0,1,0
288618,1031,0.0,4.0,0.0,12,1,1,1,11,0,1,0
288917,1840,0.0,0.0,0.0,2,1,1,1,1,0,1,0
289374,256,0.0,0.0,0.0,8,1,1,6,7,0,1,0
289935,611,0.0,0.0,1.0,6,1,1,1,5,0,1,0
289970,3173,0.0,5.0,0.0,11,6,2,2,9,0,2,0
290176,4847,0.0,4.0,0.0,27,13,5,3,26,0,1,0
290178,3984,0.0,4.0,0.0,16,9,5,3,14,0,1,1
290205,1412,0.0,5.0,0.0,5,1,1,2,4,0,1,0
290763,1538,0.0,3.0,0.0,5,1,1,2,4,0,1,0
290880,3472,0.0,0.0,0.0,1,1,1,1,0,0,1,0
29115,66,0.0,4.0,1.0,4,2,1,1,3,0,1,0
292106,4659,0.0,4.0,1.0,10,6,3,4,9,0,1,0
292366,337,0.0,5.0,0.0,17,11,4,2,15,0,2,0
292692,1892,0.0,3.0,0.0,22,12,5,1,18,0,4,0
292848,4760,0.0,3.0,1.0,4,1,1,1,3,0,1,0
2933,4079,0.0,3.0,2.0,10,2,1,1,6,0,4,0
293652,2108,0.0,2.0,0.0,7,4,4,1,6,0,1,0
293656,3163,0.0,3.0,1.0,7,3,1,1,4,0,3,0
293767,1667,1.0,5.0,0.0,22,7,2,1,20,0,2,0
293939,3990,0.0,5.0,0.0,8,4,2,2,7,0,1,0
294961,2291,0.0,0.0,0.0,2,1,1,1,1,0,1,0
295124,3574,0.0,4.0,0.0,2,1,1,2,1,0,1,0
295240,3303,0.0,0.0,2.0,15,4,1,2,14,0,1,0
295638,1310,0.0,6.0,0.0,8,2,1,1,5,0,2,1
295927,2629,0.0,3.0,0.0,4,1,1,1,3,0,1,0
296249,3006,0.0,3.0,1.0,5,1,1,1,4,0,1,0
296367,596,0.0,0.0,1.0,3,1,1,1,2,0,1,0
296723,4500,0.0,3.0,1.0,2,1,1,1,1,0,1,0
296995,1673,0.0,0.0,0.0,1,1,1,1,0,0,1,0
297154,467,0.0,0.0,0.0,16,6,2,4,11,0,1,4
297223,2890,0.0,5.0,1.0,2,1,1,1,1,0,1,0
297334,845,0.0,0.0,2.0,7,3,1,1,6,0,1,0
297346,4042,0.0,3.0,0.0,7,4,1,2,6,0,1,0
297582,3886,0.0,2.0,1.0,2,1,1,1,1,0,1,0
297927,2669,0.0,3.0,0.0,6,3,1,1,5,0,1,0
298085,3004,0.0,2.0,1.0,19,7,1,4,18,0,1,0
298542,4067,0.0,4.0,0.0,20,13,8,2,19,0,1,0
298612,2537,0.0,3.0,null,9,6,1,1,7,0,1,1
298746,4605,0.0,4.0,0.0,6,3,2,1,3,0,3,0
299612,2278,0.0,6.0,1.0,2,1,1,1,1,0,1,0
300031,1200,0.0,2.0,1.0,3,1,1,1,1,0,2,0
300856,66,0.0,4.0,0.0,11,2,1,4,9,0,1,1
30120,4044,0.0,0.0,0.0,35,13,5,4,28,0,1,6
301244,798,0.0,4.0,0.0,3,2,2,1,2,0,1,0
301581,1500,0.0,6.0,0.0,12,3,1,1,11,0,1,0
301916,861,0.0,0.0,0.0,4,1,1,2,2,0,1,1
302176,4976,0.0,3.0,0.0,12,5,4,2,10,0,2,0
302953,1499,0.0,5.0,0.0,9,2,2,4,7,0,1,1
303359,2630,0.0,5.0,0.0,25,3,1,4,22,0,2,1
304632,798,0.0,3.0,0.0,6,1,1,1,5,0,1,0
304700,1708,0.0,3.0,0.0,4,2,1,1,3,0,1,0
304782,4783,0.0,5.0,0.0,3,1,1,1,2,0,1,0
305017,2124,0.0,4.0,0.0,7,5,2,1,6,0,1,0
305205,2109,0.0,3.0,0.0,8,2,1,3,6,0,1,1
305279,71,0.0,5.0,1.0,2,1,1,1,1,0,1,0
306359,3524,0.0,4.0,0.0,9,4,1,2,6,0,1,2
30644,963,1.0,4.0,1.0,31,9,2,4,30,0,1,0
306472,798,0.0,5.0,0.0,5,1,1,1,4,0,1,0
30654,4078,1.0,2.0,0.0,15,2,1,1,13,0,2,0
306686,4170,0.0,4.0,1.0,17,10,4,4,16,0,1,0
306808,534,0.0,0.0,0.0,3,2,1,1,2,0,1,0
307164,2217,1.0,3.0,0.0,3,1,1,1,2,0,1,0
307184,4871,0.0,3.0,0.0,1,1,1,1,0,0,1,0
307728,4044,0.0,3.0,0.0,28,14,4,6,24,0,1,3
308602,1760,0.0,2.0,0.0,15,10,1,1,14,0,1,0
308625,2836,0.0,2.0,0.0,3,1,1,1,2,0,1,0
309129,2459,0.0,0.0,0.0,22,8,3,3,21,0,1,0
309218,503,0.0,3.0,1.0,9,1,1,2,8,0,1,0
309678,2537,0.0,3.0,0.0,8,4,2,1,5,0,3,0
310113,1892,0.0,4.0,2.0,54,17,7,5,47,0,4,3
311856,4744,0.0,3.0,1.0,1,1,1,1,0,0,1,0
312674,2099,0.0,3.0,0.0,12,7,6,5,10,0,2,0
313053,2562,0.0,2.0,1.0,4,2,1,1,3,0,1,0
313219,1342,0.0,0.0,0.0,3,1,1,1,2,0,1,0
313566,4090,0.0,0.0,0.0,3,1,1,2,2,0,1,0
313671,976,0.0,0.0,1.0,5,2,1,1,4,0,1,0
3146,4173,0.0,3.0,0.0,1,1,1,1,0,0,1,0
314910,1093,1.0,3.0,1.0,3,1,1,3,1,0,1,1
314910,4919,0.0,3.0,1.0,3,1,1,2,2,0,1,0
315529,2466,0.0,5.0,0.0,8,3,1,1,5,0,3,0
315629,115,0.0,2.0,1.0,2,1,1,1,1,0,1,0
315696,2284,0.0,2.0,1.0,4,1,1,1,3,0,1,0
316026,2459,0.0,3.0,0.0,9,3,3,3,7,1,1,0
316733,1833,0.0,7.0,0.0,9,5,2,2,7,0,2,0
316785,4309,0.0,0.0,0.0,1,1,1,1,0,0,1,0
316831,4322,0.0,7.0,0.0,2,1,1,1,1,0,1,0
317,3734,0.0,4.0,1.0,10,2,2,1,8,0,2,0
317424,3614,0.0,6.0,0.0,3,2,2,1,2,0,1,0
317491,1679,0.0,4.0,1.0,12,6,2,1,11,0,1,0
317745,3200,0.0,0.0,0.0,8,3,3,1,6,0,1,1
31785,200,0.0,4.0,2.0,6,2,1,1,5,0,1,0
318192,1126,0.0,4.0,0.0,48,19,8,12,45,0,2,1
318238,4090,0.0,3.0,0.0,8,1,1,3,6,0,1,1
318800,3472,0.0,2.0,1.0,4,2,1,1,3,0,1,0
319128,3915,0.0,0.0,0.0,10,2,1,2,9,0,1,0
320042,1399,0.0,0.0,1.0,8,3,1,2,7,0,1,0
320091,2537,0.0,3.0,0.0,5,4,2,2,4,0,1,0
320289,1149,0.0,4.0,0.0,5,2,2,1,4,0,1,0
320786,2,0.0,3.0,0.0,14,2,2,4,10,0,2,2
321036,2618,0.0,4.0,1.0,12,3,2,2,10,0,2,0
321324,803,0.0,0.0,0.0,13,5,2,5,11,0,1,1
321399,467,0.0,5.0,null,5,2,2,1,4,0,1,0
321556,3687,0.0,2.0,0.0,2,1,1,2,0,0,1,1
321625,2608,0.0,2.0,0.0,2,1,1,1,1,0,1,0
322028,2273,0.0,4.0,1.0,2,1,1,1,1,0,1,0
322391,2108,0.0,3.0,1.0,1,1,1,1,0,0,1,0
322466,4079,0.0,0.0,1.0,7,1,1,1,5,0,2,0
32317,265,1.0,0.0,0.0,7,1,1,1,5,0,2,0
323422,3473,0.0,2.0,0.0,3,1,1,2,1,0,1,1
323546,1892,0.0,4.0,2.0,22,12,7,4,16,0,6,0
323643,777,0.0,4.0,0.0,26,10,3,4,20,0,6,0
32395,1451,0.0,4.0,0.0,3,1,1,2,0,0,2,1
324948,2565,0.0,0.0,1.0,5,2,1,2,4,0,1,0
325216,2565,0.0,0.0,0.0,6,2,2,1,5,0,1,0
325229,3862,0.0,3.0,0.0,9,1,1,1,8,0,1,0
325349,437,0.0,5.0,0.0,9,5,2,3,8,0,1,0
325614,756,0.0,3.0,0.0,11,6,1,1,9,0,1,1
32593,4110,0.0,2.0,1.0,3,1,1,1,2,0,1,0
325993,574,0.0,6.0,0.0,4,1,1,1,3,0,1,0
326106,817,0.0,4.0,1.0,15,2,2,1,14,0,1,0
326375,1546,0.0,0.0,1.0,4,2,2,2,2,0,1,1
32644,1393,0.0,4.0,2.0,14,6,4,1,11,0,3,0
32690,3320,0.0,4.0,0.0,42,21,1,1,32,0,10,0
326963,2124,0.0,3.0,0.0,17,7,1,4,11,0,1,5
327654,1310,0.0,5.0,0.0,1,1,1,1,0,0,1,0
327783,4966,0.0,4.0,1.0,3,2,2,2,2,0,1,0
327944,4337,0.0,0.0,0.0,3,1,1,1,2,0,1,0
327971,3844,0.0,6.0,0.0,16,10,6,1,15,0,1,0
328857,152,0.0,6.0,0.0,23,14,1,2,22,0,1,0
328883,1496,0.0,4.0,2.0,4,2,1,1,3,0,1,0
328894,879,0.0,4.0,0.0,6,1,1,2,5,0,1,0
329092,1472,0.0,6.0,1.0,12,6,1,1,8,0,4,0
329569,3825,0.0,3.0,0.0,11,1,1,2,9,0,2,0
32965,1186,0.0,4.0,0.0,13,7,4,2,10,0,2,1
330351,3873,0.0,3.0,1.0,4,1,1,1,3,0,1,0
330713,2393,0.0,0.0,1.0,5,1,1,1,3,0,1,1
331060,3828,0.0,3.0,0.0,3,2,2,1,2,0,1,0
33108,915,0.0,4.0,0.0,5,2,1,1,4,0,1,0
331593,855,0.0,4.0,0.0,10,2,2,3,9,0,1,0
331639,4043,0.0,7.0,0.0,6,5,4,4,3,0,3,0
331772,4710,0.0,6.0,null,10,3,2,2,8,0,2,0
331914,1710,0.0,4.0,1.0,2,1,1,1,1,0,1,0
331944,1053,0.0,3.0,0.0,6,5,4,1,5,0,1,0
332482,1330,0.0,3.0,0.0,11,5,1,1,10,0,1,0
333669,3734,0.0,6.0,1.0,8,6,4,1,7,0,1,0
333695,1346,0.0,4.0,0.0,9,3,1,3,6,0,2,1
334363,373,0.0,0.0,0.0,6,2,1,3,4,0,1,1
335644,3734,0.0,3.0,1.0,47,12,5,2,44,0,1,2
336305,46,0.0,0.0,1.0,3,1,1,1,2,0,1,0
337280,1457,0.0,7.0,0.0,45,3,2,4,40,0,1,4
337760,152,0.0,5.0,0.0,4,1,1,1,3,0,1,0
338448,3054,0.0,6.0,0.0,14,7,2,2,13,0,1,0
33875,2821,0.0,6.0,1.0,1,1,1,1,0,0,1,0
339248,1067,1.0,4.0,1.0,16,2,2,2,14,0,2,0
339506,4079,0.0,5.0,1.0,7,4,2,1,6,0,1,0
339680,3723,0.0,6.0,0.0,2,1,1,1,1,0,1,0
339830,3075,0.0,4.0,0.0,1,1,1,1,0,0,1,0
339908,1356,0.0,2.0,0.0,8,2,1,2,7,0,1,0
339940,3839,0.0,4.0,0.0,24,13,2,2,23,0,1,0
339963,4170,0.0,4.0,0.0,5,2,1,2,4,0,1,0
340335,4394,0.0,3.0,0.0,9,5,1,1,7,0,1,1
340700,191,0.0,2.0,0.0,32,22,9,1,31,0,1,0
34074,4589,0.0,0.0,1.0,9,3,1,3,8,0,1,0
340912,1403,0.0,3.0,0.0,11,2,1,2,10,0,1,0
340975,4043,0.0,0.0,1.0,34,6,4,2,29,0,2,3
341193,219,1.0,4.0,1.0,8,2,1,1,6,0,2,0
341610,4607,0.0,5.0,0.0,17,2,1,1,16,0,1,0
341761,24,1.0,4.0,0.0,25,7,2,3,22,0,2,1
342160,1784,0.0,3.0,0.0,7,3,1,1,6,0,1,0
342381,4143,0.0,3.0,0.0,6,3,2,2,5,0,1,0
342518,3159,0.0,3.0,1.0,19,3,2,5,17,0,1,1
343356,1861,0.0,4.0,0.0,8,6,2,1,7,0,1,0
343749,2928,0.0,0.0,0.0,4,1,1,1,3,0,1,0
343921,1664,0.0,0.0,1.0,7,1,1,1,5,0,1,1
344342,1272,0.0,3.0,0.0,38,17,3,3,37,0,1,0
344382,1760,0.0,6.0,1.0,5,4,1,1,4,0,1,0
344701,4346,0.0,2.0,1.0,4,1,1,1,3,0,1,0
344921,4385,0.0,0.0,0.0,4,2,2,1,3,0,1,0
345027,4173,0.0,2.0,0.0,2,1,1,1,1,0,1,0
34504,2193,0.0,4.0,0.0,3,1,1,1,2,0,1,0
345198,1393,0.0,6.0,0.0,42,34,9,4,39,0,3,0
346460,1520,0.0,6.0,1.0,1,1,1,1,0,0,1,0
346696,3839,0.0,6.0,0.0,20,12,2,3,18,0,2,0
346849,4044,0.0,0.0,0.0,4,2,2,1,2,0,2,0
34698,1123,0.0,3.0,0.0,12,2,2,5,11,0,1,0
347554,2784,0.0,0.0,1.0,3,1,1,1,2,0,1,0
347956,4577,0.0,3.0,1.0,6,3,3,2,4,0,2,0
347982,3472,0.0,2.0,1.0,3,2,1,1,2,0,1,0
348124,3938,0.0,2.0,1.0,4,1,1,1,3,0,1,0
348577,4966,0.0,3.0,0.0,17,4,2,3,13,0,2,2
348826,3609,0.0,7.0,0.0,1,1,1,1,0,0,1,0
349197,1502,0.0,0.0,0.0,7,2,2,1,6,0,1,0
349806,1077,0.0,4.0,1.0,2,1,1,2,0,0,1,1
350888,293,0.0,3.0,1.0,22,5,1,3,19,2,1,0
351886,2447,0.0,0.0,1.0,6,3,1,1,5,0,1,0
352045,4600,0.0,5.0,0.0,1,1,1,1,0,0,1,0
352166,1067,0.0,6.0,2.0,4,2,1,3,1,0,1,2
352370,3734,0.0,5.0,0.0,7,1,1,3,5,0,1,1
352471,1056,0.0,3.0,1.0,6,6,6,2,0,0,1,5
352624,3955,0.0,0.0,0.0,4,2,2,2,3,0,1,0
352840,323,0.0,4.0,0.0,18,7,2,6,16,0,1,1
352884,2403,0.0,3.0,0.0,2,2,1,1,1,0,1,0
35297,935,0.0,7.0,1.0,3,1,1,1,2,0,1,0
353011,4735,0.0,3.0,0.0,1,1,1,1,0,0,1,0
353209,2592,0.0,0.0,0.0,1,1,1,1,0,0,1,0
353508,2559,0.0,6.0,1.0,4,1,1,1,3,0,1,0
353523,4662,0.0,7.0,0.0,8,1,1,5,7,0,1,0
353662,4976,0.0,2.0,0.0,8,3,1,3,6,0,1,1
354434,2537,0.0,2.0,0.0,5,2,2,1,4,0,1,0
354831,3578,0.0,3.0,0.0,35,3,1,1,34,0,1,0
355067,4607,0.0,5.0,0.0,6,4,2,2,5,0,1,0
355090,2954,0.0,3.0,0.0,6,3,1,1,5,0,1,0
355227,3451,0.0,2.0,1.0,2,1,1,2,1,0,1,0
355327,2900,0.0,3.0,0.0,7,1,1,5,5,0,1,1
355610,1632,0.0,3.0,0.0,4,1,1,2,3,0,1,0
356253,4976,0.0,3.0,1.0,11,2,2,1,9,0,2,0
356429,2537,1.0,4.0,0.0,8,5,3,1,7,0,1,0
356493,2582,0.0,3.0,0.0,8,3,1,1,7,0,1,0
356676,2721,0.0,0.0,1.0,3,1,1,1,2,0,1,0
357125,3424,0.0,4.0,1.0,4,2,1,2,2,0,2,0
357252,812,0.0,0.0,0.0,4,2,1,1,3,0,1,0
357459,2577,0.0,6.0,1.0,1,1,1,1,0,0,1,0
357500,1760,0.0,3.0,0.0,9,6,3,2,5,0,2,2
357500,2318,0.0,3.0,0.0,7,3,1,2,5,0,1,1
357703,3898,0.0,4.0,0.0,1,1,1,1,0,0,1,0
357962,426,0.0,3.0,1.0,2,1,1,2,1,0,1,0
358189,3022,0.0,0.0,1.0,2,1,1,1,1,0,1,0
358428,4137,0.0,4.0,0.0,5,2,1,2,4,0,1,0
358435,1923,0.0,3.0,0.0,8,4,1,1,7,0,1,0
358594,4438,0.0,3.0,1.0,4,1,1,2,3,0,1,0
358597,2128,0.0,4.0,0.0,4,2,2,1,2,0,2,0
358700,3826,0.0,2.0,1.0,1,1,1,1,0,0,1,0
358879,2634,0.0,6.0,0.0,18,11,2,1,17,0,1,0
358978,3968,0.0,0.0,1.0,5,3,2,1,4,0,1,0
359045,731,0.0,3.0,1.0,6,4,1,1,5,0,1,0
359415,1721,0.0,7.0,0.0,9,4,2,1,8,0,1,0
360601,4419,1.0,5.0,0.0,10,4,2,1,8,0,2,0
360650,412,0.0,4.0,1.0,3,1,1,1,2,0,1,0
360700,798,0.0,3.0,1.0,5,2,1,2,4,0,1,0
360988,4382,1.0,5.0,0.0,23,2,1,4,22,0,1,0
361106,3536,0.0,4.0,1.0,1,1,1,1,0,0,1,0
361840,4492,0.0,0.0,0.0,8,4,1,1,7,0,1,0
362283,63,0.0,3.0,1.0,2,1,1,1,1,0,1,0
362419,1079,0.0,3.0,0.0,4,1,1,3,3,0,1,0
362554,1019,0.0,0.0,0.0,5,1,1,1,3,0,2,0
362616,841,0.0,4.0,1.0,3,1,1,1,2,0,1,0
363178,1911,1.0,3.0,2.0,14,6,2,3,13,0,1,0
363302,2945,0.0,3.0,0.0,2,2,2,1,0,0,2,0
364419,1166,0.0,0.0,1.0,2,1,1,1,1,0,1,0
365095,4894,0.0,2.0,0.0,1,1,1,1,0,0,1,0
36512,361,0.0,4.0,0.0,34,7,4,1,31,0,2,1
365679,2459,0.0,0.0,0.0,3,2,2,2,1,0,2,0
365731,1890,0.0,4.0,0.0,9,4,2,4,8,0,1,0
36610,2273,0.0,0.0,0.0,10,2,1,1,9,0,1,0
366729,4871,0.0,4.0,0.0,3,1,1,1,2,0,1,0
366897,132,0.0,3.0,0.0,3,1,1,1,2,0,1,0
36783,2,0.0,3.0,1.0,3,1,1,1,2,0,1,0
367884,586,1.0,0.0,0.0,40,20,4,6,34,0,4,2
36812,3570,0.0,4.0,1.0,2,1,1,1,1,0,1,0
368195,29,0.0,0.0,0.0,2,1,1,2,1,0,1,0
368211,862,0.0,4.0,2.0,8,1,1,2,6,0,1,1
368424,1393,0.0,0.0,0.0,234,129,18,24,215,0,1,18
368669,3159,0.0,3.0,0.0,2,2,2,1,0,0,2,0
368792,1000,0.0,4.0,0.0,3,1,1,1,2,0,1,0
369253,4090,0.0,2.0,0.0,3,1,1,2,2,0,1,0
36972,1500,0.0,3.0,0.0,1,1,1,1,0,0,1,0
370525,2664,0.0,3.0,0.0,32,14,3,8,26,0,1,5
370915,1212,0.0,0.0,0.0,24,5,2,4,23,0,1,0
371392,191,0.0,2.0,0.0,2,1,1,1,1,0,1,0
371704,4173,0.0,4.0,0.0,36,12,3,3,35,0,1,0
371772,3734,0.0,3.0,1.0,15,1,1,3,13,0,1,1
373576,3609,0.0,0.0,0.0,3,2,1,1,2,0,1,0
373696,3734,0.0,3.0,1.0,4,2,2,2,3,0,1,0
374403,742,0.0,0.0,0.0,3,1,1,1,2,0,1,0
374465,2565,0.0,2.0,1.0,2,1,1,1,1,0,1,0
374672,1999,0.0,4.0,2.0,7,3,1,2,6,0,1,0
375166,3085,0.0,4.0,1.0,4,2,1,1,3,0,1,0
375342,2592,0.0,0.0,1.0,5,3,2,1,4,0,1,0
375582,1833,0.0,6.0,0.0,12,2,2,2,11,0,1,0
376188,4234,0.0,6.0,1.0,13,5,3,1,11,0,2,0
376194,4173,1.0,5.0,0.0,11,2,2,1,9,0,2,0
376287,4042,0.0,0.0,1.0,8,1,1,2,7,0,1,0
37651,4585,0.0,4.0,0.0,10,2,1,1,8,0,1,1
376683,598,1.0,3.0,1.0,11,5,2,4,10,0,1,0
376787,4760,0.0,0.0,0.0,13,1,1,1,12,0,1,0
377196,4385,0.0,6.0,1.0,1,1,1,1,0,0,1,0
377673,4772,0.0,6.0,1.0,2,1,1,1,1,0,1,0
377812,2286,0.0,6.0,0.0,2,1,1,1,1,0,1,0
378067,4427,0.0,0.0,1.0,2,1,1,2,1,0,1,0
378087,1833,0.0,4.0,0.0,50,19,2,3,48,0,2,0
378906,2173,0.0,0.0,0.0,4,3,1,3,0,0,1,3
379211,1487,0.0,0.0,0.0,14,4,1,5,13,0,1,0
379239,4850,0.0,0.0,0.0,3,2,1,2,2,0,1,0
379567,2691,0.0,4.0,0.0,7,4,1,1,6,0,1,0
380250,3734,0.0,2.0,0.0,12,4,2,1,7,0,1,4
380580,2127,0.0,3.0,0.0,6,1,1,2,3,0,2,1
380820,4894,0.0,3.0,0.0,10,5,3,1,9,0,1,0
381328,1541,0.0,3.0,1.0,5,2,1,1,4,0,1,0
381828,168,0.0,4.0,1.0,3,3,2,2,0,0,2,1
382297,2403,0.0,0.0,0.0,10,5,2,2,7,0,2,1
382802,503,0.0,4.0,1.0,2,1,1,1,1,0,1,0
382821,590,0.0,4.0,1.0,2,1,1,1,1,0,1,0
383498,95,0.0,3.0,1.0,14,5,1,1,13,0,1,0
38362,2928,0.0,4.0,1.0,8,3,2,1,7,0,1,0
383836,3350,0.0,4.0,0.0,9,2,1,2,8,0,1,0
383951,3971,0.0,2.0,0.0,34,19,4,6,31,0,3,0
384544,2193,0.0,5.0,0.0,35,19,6,2,34,0,1,0
384718,3004,0.0,3.0,0.0,6,1,1,2,5,0,1,0
384788,4079,1.0,3.0,0.0,8,2,2,2,6,0,1,1
384937,3163,0.0,3.0,1.0,1,1,1,1,0,0,1,0
385098,2883,0.0,3.0,0.0,21,7,3,4,18,0,1,2
385865,4087,0.0,2.0,0.0,7,4,1,1,5,0,1,1
386616,1370,0.0,0.0,0.0,4,2,1,1,3,0,1,0
387586,2138,0.0,4.0,1.0,7,4,3,2,6,0,1,0
387624,1276,0.0,5.0,1.0,10,3,1,2,9,0,1,0
387997,239,0.0,6.0,0.0,2,1,1,1,1,0,1,0
388039,1784,0.0,0.0,1.0,5,2,1,1,2,0,3,0
388590,1514,0.0,4.0,0.0,5,2,1,2,4,0,1,0
388693,1019,0.0,0.0,0.0,6,4,1,1,5,0,1,0
388841,1555,0.0,0.0,0.0,4,1,1,1,3,0,1,0
388978,2127,0.0,3.0,0.0,6,2,2,1,4,0,2,0
389259,1346,0.0,0.0,1.0,40,10,1,3,36,0,2,2
389753,2698,0.0,3.0,0.0,23,17,2,1,21,0,2,0
389768,3693,0.0,4.0,1.0,5,1,1,2,4,0,1,0
389860,4305,0.0,6.0,1.0,9,3,3,1,6,0,3,0
389971,4847,1.0,0.0,0.0,13,11,6,3,11,0,2,0
390010,1890,0.0,2.0,0.0,4,1,1,1,3,0,1,0
390488,4986,0.0,0.0,1.0,4,1,1,2,3,0,1,0
390924,2397,0.0,4.0,0.0,35,8,3,2,33,0,1,1
39112,4090,0.0,0.0,0.0,8,2,1,2,7,0,1,0
391310,4173,0.0,4.0,1.0,37,20,7,2,34,0,3,0
391525,3205,0.0,4.0,1.0,9,4,2,1,8,0,1,0
39155,3734,0.0,3.0,1.0,6,1,1,1,5,0,1,0
392298,2273,0.0,0.0,0.0,6,2,1,1,5,0,1,0
39247,2099,0.0,3.0,0.0,2,1,1,1,1,0,1,0
392705,3955,0.0,0.0,0.0,13,4,2,5,10,0,1,2
392866,3822,0.0,3.0,0.0,8,3,2,3,7,0,1,0
393187,4170,1.0,5.0,null,3,2,1,1,2,0,1,0
393716,598,0.0,4.0,1.0,3,1,1,1,2,0,1,0
393747,2683,0.0,4.0,1.0,12,1,1,1,11,0,1,0
393752,1487,0.0,4.0,0.0,5,1,1,1,3,0,1,1
393785,1102,1.0,3.0,0.0,68,45,15,7,66,0,1,1
393897,4765,0.0,3.0,0.0,4,1,1,2,3,0,1,0
394085,4042,1.0,4.0,0.0,1,1,1,1,0,0,1,0
394730,3472,0.0,6.0,1.0,2,1,1,1,1,0,1,0
395228,4976,0.0,3.0,0.0,5,2,2,2,3,0,2,0
395782,2047,1.0,5.0,0.0,2,2,1,2,0,0,1,1
395874,1708,0.0,6.0,0.0,8,4,2,1,6,0,1,1
396031,1521,0.0,4.0,0.0,13,2,1,2,12,0,1,0
396328,1031,0.0,3.0,0.0,4,1,1,1,3,0,1,0
396376,3657,0.0,3.0,1.0,6,2,2,1,5,0,1,0
396546,3938,0.0,4.0,0.0,7,1,1,3,5,0,1,1
396852,4073,0.0,3.0,0.0,2,1,1,1,1,0,1,0
397025,2403,0.0,3.0,0.0,23,10,1,2,22,0,1,0
397028,3419,0.0,5.0,1.0,10,5,1,1,9,0,1,0
397116,3022,0.0,0.0,1.0,8,3,3,1,7,0,1,0
397320,1190,0.0,6.0,1.0,12,6,3,1,10,1,1,0
39766,3225,0.0,4.0,0.0,8,3,1,1,7,0,1,0
398328,316,0.0,0.0,1.0,13,2,1,1,11,0,1,1
398668,4044,0.0,0.0,0.0,1,1,1,1,0,0,1,0
3992,1500,0.0,5.0,0.0,4,2,1,1,3,0,1,0
399549,4485,0.0,5.0,0.0,11,2,1,2,10,0,1,0
399868,4474,0.0,3.0,0.0,5,1,1,3,4,0,1,0
399976,236,0.0,3.0,1.0,1,1,1,1,0,0,1,0
400543,4760,0.0,4.0,0.0,1,1,1,1,0,0,1,0
400781,794,0.0,6.0,0.0,18,5,1,2,16,0,1,1
400946,3609,0.0,5.0,1.0,6,1,1,1,5,0,1,0
401529,4240,0.0,0.0,0.0,1,1,1,1,0,0,1,0
401939,1102,0.0,2.0,0.0,328,117,17,6,313,0,4,11
40222,4850,0.0,5.0,0.0,40,22,8,1,29,0,6,5
402371,2928,0.0,3.0,0.0,11,2,2,2,9,0,2,0
402430,416,0.0,0.0,0.0,24,11,4,2,21,0,3,0
4025,4282,0.0,2.0,1.0,8,4,4,2,7,0,1,0
402548,3940,0.0,4.0,0.0,3,1,1,1,2,0,1,0
403100,2810,0.0,3.0,0.0,4,3,2,1,3,0,1,0
403117,4760,0.0,2.0,1.0,27,8,2,3,24,0,1,2
403286,3563,0.0,0.0,0.0,9,2,1,2,7,0,2,0
40334,4950,0.0,0.0,0.0,2,2,2,2,1,0,1,0
405839,1742,1.0,4.0,0.0,1,1,1,1,0,0,1,0
406183,3828,0.0,4.0,0.0,25,3,3,2,23,0,2,0
406252,897,0.0,0.0,1.0,19,2,2,1,17,0,2,0
406286,588,0.0,3.0,0.0,2,1,1,2,1,0,1,0
406313,1281,0.0,4.0,0.0,16,3,1,1,15,0,1,0
406515,742,0.0,2.0,1.0,4,1,1,1,3,0,1,0
406525,293,1.0,4.0,0.0,4,1,1,2,3,0,1,0
40691,1808,0.0,0.0,0.0,7,3,1,2,6,0,1,0
406984,4473,0.0,4.0,1.0,8,1,1,3,6,0,1,1
407264,685,0.0,4.0,0.0,17,4,2,4,13,0,2,2
407810,742,0.0,0.0,0.0,3,1,1,1,2,0,1,0
407839,4731,0.0,4.0,0.0,5,4,2,1,1,0,4,0
40790,3152,0.0,5.0,0.0,2,1,1,1,1,0,1,0
408201,1911,0.0,0.0,0.0,3,1,1,1,2,0,1,0
409262,1884,1.0,6.0,1.0,98,22,3,19,96,0,2,0
410259,747,0.0,4.0,0.0,4,2,1,2,3,0,1,0
410638,4044,0.0,4.0,0.0,5,3,1,1,4,0,1,0
410728,2669,0.0,3.0,0.0,4,2,1,1,3,0,1,0
410790,4044,0.0,3.0,0.0,8,4,2,3,5,0,2,1
410884,4348,0.0,5.0,0.0,8,2,1,1,7,0,1,0
411153,2721,0.0,3.0,0.0,30,11,1,8,24,0,1,5
412036,3773,0.0,0.0,0.0,7,2,1,1,6,0,1,0
412236,2721,0.0,4.0,0.0,31,10,2,1,28,0,2,1
412550,3965,0.0,2.0,1.0,3,1,1,2,2,0,1,0
412698,685,0.0,6.0,1.0,13,10,3,2,11,0,2,0
412799,1875,0.0,0.0,0.0,11,6,5,2,9,0,2,0
413389,4198,0.0,4.0,0.0,1,1,1,1,0,0,1,0
413576,4474,0.0,5.0,0.0,6,3,1,2,5,0,1,0
413683,4067,1.0,3.0,0.0,14,3,2,6,11,0,1,2
413865,3734,0.0,3.0,0.0,9,6,4,1,8,0,1,0
413977,3607,0.0,4.0,2.0,10,5,3,1,8,0,2,0
414416,361,0.0,0.0,0.0,38,11,1,3,31,3,1,3
414418,598,0.0,0.0,null,8,4,3,1,7,0,1,0
41522,2032,0.0,0.0,null,4,2,1,1,3,0,1,0
415996,3571,0.0,2.0,0.0,14,9,2,2,12,0,1,1
41642,2229,0.0,3.0,0.0,3,3,3,1,0,0,3,0
416775,4196,0.0,3.0,1.0,1,1,1,1,0,0,1,0
417036,1618,0.0,2.0,1.0,10,2,2,1,9,0,1,0
417560,1742,0.0,3.0,1.0,16,6,1,1,14,0,2,0
417737,326,1.0,0.0,0.0,13,2,1,3,10,0,2,1
418161,1272,0.0,7.0,0.0,7,1,1,1,6,0,1,0
418481,1501,0.0,3.0,0.0,83,21,6,3,71,0,3,9
418521,2787,0.0,4.0,0.0,1,1,1,1,0,0,1,0
418540,1487,0.0,3.0,0.0,3,1,1,2,2,0,1,0
418590,742,0.0,3.0,1.0,11,2,1,3,8,0,1,2
419423,4444,0.0,7.0,1.0,27,13,4,1,25,0,2,0
419720,2766,1.0,4.0,0.0,10,6,2,1,8,0,2,0
419962,611,0.0,2.0,0.0,3,1,1,2,2,0,1,0
420037,1831,0.0,4.0,1.0,7,1,1,1,5,0,2,0
420815,3828,1.0,4.0,1.0,41,30,11,4,38,0,3,0
420827,416,0.0,0.0,0.0,27,8,2,3,23,0,2,2
421227,4760,0.0,2.0,0.0,5,2,2,2,3,0,2,0
422096,2790,0.0,5.0,0.0,3,1,1,1,2,0,1,0
422129,2511,0.0,3.0,1.0,1,1,1,1,0,0,1,0
422158,4950,0.0,7.0,0.0,5,2,2,2,4,0,1,0
423290,3689,0.0,6.0,0.0,18,12,5,3,17,0,1,0
423391,2537,0.0,0.0,0.0,1,1,1,1,0,0,1,0
423554,2565,0.0,4.0,0.0,8,3,1,1,7,0,1,0
423774,4760,0.0,null,null,2,1,1,1,1,0,1,0
424012,4605,0.0,6.0,0.0,5,3,3,2,3,0,1,1
42781,1708,0.0,3.0,0.0,7,3,1,1,6,0,1,0
43169,1346,0.0,5.0,0.0,1,1,1,1,0,0,1,0
43189,3981,0.0,6.0,1.0,14,4,1,2,12,0,2,0
43948,1978,0.0,2.0,1.0,9,4,1,1,8,0,1,0
43978,3148,0.0,6.0,1.0,73,18,4,7,69,0,2,2
44908,643,0.0,6.0,0.0,59,25,8,13,53,0,1,5
45770,3843,0.0,3.0,1.0,7,1,1,3,6,0,1,0
46053,4726,0.0,3.0,0.0,5,3,1,1,4,0,1,0
46100,643,0.0,0.0,1.0,4,1,1,1,3,0,1,0
46668,2537,0.0,3.0,0.0,4,3,1,1,3,0,1,0
46934,2180,0.0,2.0,0.0,2,1,1,1,1,0,1,0
48064,4540,0.0,0.0,0.0,4,2,1,1,3,0,1,0
48733,1248,0.0,3.0,0.0,3,2,1,1,2,0,1,0
4893,4494,0.0,3.0,1.0,8,1,1,5,6,0,1,1
49146,2417,0.0,2.0,0.0,1,1,1,1,0,0,1,0
49176,2108,0.0,2.0,0.0,11,2,1,2,8,0,1,2
49182,1643,0.0,3.0,0.0,15,1,1,2,14,0,1,0
49329,4976,0.0,2.0,0.0,2,1,1,1,1,0,1,0
49528,4048,0.0,0.0,1.0,14,9,1,1,13,0,1,0
49619,2876,0.0,3.0,0.0,2,1,1,2,1,0,1,0
50254,885,0.0,0.0,0.0,2,1,1,1,1,0,1,0
50562,4585,0.0,6.0,1.0,2,1,1,1,0,0,2,0
50962,2821,0.0,0.0,0.0,8,4,2,3,6,0,2,0
51064,649,0.0,null,null,3,1,1,1,2,0,1,0
5130,3968,0.0,2.0,1.0,5,2,2,1,4,0,1,0
51598,1056,0.0,3.0,0.0,15,8,5,1,12,0,3,0
52004,2447,0.0,3.0,0.0,3,1,1,1,2,0,1,0
52672,1168,0.0,0.0,1.0,8,2,1,1,7,0,1,0
52902,424,0.0,5.0,0.0,7,2,2,1,5,0,2,0
52955,4371,1.0,0.0,1.0,2,1,1,1,0,0,2,0
53397,311,0.0,3.0,1.0,3,1,1,2,2,0,1,0
54198,3828,1.0,0.0,0.0,111,70,16,16,110,0,1,0
5426,818,0.0,0.0,0.0,11,3,1,1,9,0,2,0
54459,189,0.0,0.0,0.0,16,7,3,1,14,0,2,0
54627,3085,0.0,6.0,0.0,15,9,2,2,14,0,1,0
55113,2915,0.0,0.0,1.0,39,26,5,4,36,0,3,0
55251,1724,0.0,0.0,0.0,2,2,2,1,0,0,2,0
55320,1910,0.0,4.0,null,2,1,1,1,1,0,1,0
55699,1708,0.0,3.0,0.0,7,3,1,1,6,0,1,0
55711,2916,0.0,4.0,0.0,3,1,1,1,2,0,1,0
56658,1340,0.0,0.0,0.0,4,1,1,1,3,0,1,0
5711,1379,0.0,5.0,1.0,2,1,1,1,1,0,1,0
57185,429,0.0,2.0,0.0,2,1,1,1,0,0,1,1
57266,1861,0.0,2.0,0.0,10,1,1,1,9,0,1,0
5805,548,0.0,5.0,0.0,5,1,1,1,3,0,2,0
58330,1272,0.0,5.0,0.0,10,6,2,1,9,0,1,0
58467,3484,0.0,3.0,1.0,9,4,1,2,6,0,1,2
5909,606,0.0,5.0,1.0,8,3,2,2,6,0,1,1
59783,2936,0.0,6.0,0.0,7,2,1,2,6,0,1,0
60103,3472,0.0,4.0,1.0,1,1,1,1,0,0,1,0
60517,1134,0.0,0.0,0.0,6,1,1,1,5,0,1,0
60687,4043,0.0,3.0,1.0,1,1,1,1,0,0,1,0
60734,4648,0.0,3.0,0.0,2,1,1,1,1,0,1,0
60910,4705,0.0,4.0,0.0,11,5,3,1,7,0,4,0
61176,2954,0.0,4.0,1.0,5,4,4,2,0,0,1,4
61434,2217,0.0,5.0,0.0,4,2,1,2,2,0,2,0
61625,2008,0.0,3.0,0.0,1,1,1,1,0,0,1,0
62014,963,0.0,4.0,0.0,8,5,2,2,7,0,1,0
62050,1760,0.0,2.0,1.0,2,2,1,1,0,0,2,0
62824,503,0.0,5.0,0.0,10,6,1,2,9,0,1,0
6283,3472,0.0,4.0,0.0,2,1,1,1,1,0,1,0
63139,336,0.0,2.0,1.0,2,1,1,1,1,0,1,0
63250,3886,0.0,2.0,1.0,9,1,1,4,6,0,1,2
63676,1150,0.0,6.0,0.0,8,1,1,3,5,0,2,1
63832,4545,1.0,6.0,0.0,15,7,2,1,14,0,1,0
64037,257,0.0,4.0,0.0,8,2,1,2,7,0,1,0
64926,2537,0.0,4.0,0.0,50,21,9,4,49,0,1,0
6511,2440,0.0,0.0,0.0,3,1,1,1,2,0,1,0
65648,962,0.0,0.0,0.0,9,5,5,2,8,0,1,0
65788,1500,0.0,0.0,1.0,4,1,1,1,3,0,1,0
6604,3623,0.0,0.0,0.0,14,6,3,2,11,0,1,2
66297,2550,0.0,null,null,6,3,1,1,5,0,1,0
67263,4926,0.0,4.0,1.0,134,33,19,2,128,0,4,2
67344,2108,0.0,2.0,1.0,2,1,1,1,1,0,1,0
67509,1602,0.0,3.0,0.0,6,4,2,1,5,0,1,0
67599,962,0.0,3.0,0.0,2,2,2,1,0,0,2,0
67645,2883,1.0,8.0,0.0,30,12,2,3,27,0,3,0
6867,3803,0.0,6.0,0.0,9,1,1,2,8,0,1,0
68680,3472,0.0,5.0,0.0,1,1,1,1,0,0,1,0
68875,361,0.0,3.0,0.0,12,8,3,1,10,0,2,0
69551,4129,0.0,3.0,0.0,28,18,7,6,21,0,2,5
69925,4496,0.0,3.0,1.0,2,1,1,1,1,0,1,0
7014,862,0.0,0.0,1.0,9,6,5,3,5,0,4,0
70242,606,0.0,2.0,0.0,1,1,1,1,0,0,1,0
70390,2608,0.0,4.0,0.0,3,1,1,1,2,0,1,0
70765,4585,0.0,4.0,0.0,1,1,1,1,0,0,1,0
70925,1725,0.0,3.0,0.0,6,2,1,1,5,0,1,0
70993,4044,0.0,3.0,0.0,93,44,8,7,82,0,1,10
71042,4708,0.0,4.0,1.0,10,6,4,2,9,0,1,0
71234,222,0.0,6.0,0.0,11,3,2,2,10,0,1,0
71858,4332,0.0,4.0,0.0,6,4,1,1,5,0,1,0
71920,323,0.0,6.0,1.0,4,1,1,1,3,0,1,0
71945,646,0.0,0.0,0.0,10,2,1,5,8,0,1,1
71946,798,0.0,2.0,1.0,12,6,6,2,10,0,1,1
72293,4067,0.0,0.0,0.0,17,7,7,3,15,0,1,1
72641,3288,0.0,0.0,1.0,2,1,1,1,1,0,1,0
72952,2746,0.0,3.0,0.0,3,2,2,1,2,0,1,0
73050,3925,0.0,3.0,0.0,15,7,3,3,13,0,1,1
73250,2537,0.0,4.0,0.0,10,4,1,1,9,0,1,0
73266,2669,0.0,3.0,0.0,4,1,1,2,3,0,1,0
73698,3898,0.0,3.0,2.0,3,1,1,1,2,0,1,0
73941,4322,0.0,0.0,0.0,3,1,1,1,2,0,1,0
74155,191,0.0,0.0,0.0,15,8,3,2,13,0,2,0
74462,3828,0.0,3.0,1.0,1,1,1,1,0,0,1,0
74837,1861,0.0,0.0,0.0,3,1,1,1,2,0,1,0
74839,4992,0.0,5.0,0.0,5,1,1,1,4,0,1,0
74943,4525,0.0,4.0,0.0,3,1,1,1,2,0,1,0
74946,4585,0.0,6.0,0.0,8,3,2,1,6,0,2,0
75202,1987,0.0,0.0,0.0,14,7,3,3,13,0,1,0
75673,4926,0.0,3.0,0.0,1,1,1,1,0,0,1,0
76358,3345,1.0,0.0,0.0,26,3,1,4,25,0,1,0
76943,104,0.0,3.0,0.0,3,1,1,1,1,0,2,0
77160,1736,0.0,4.0,0.0,3,2,2,2,2,0,1,0
77287,1102,0.0,4.0,0.0,3,2,2,2,0,0,1,2
77702,962,0.0,4.0,0.0,17,2,2,2,14,0,2,1
7774,1102,0.0,5.0,1.0,12,5,3,2,8,0,2,2
77873,1150,0.0,0.0,0.0,5,2,2,1,4,0,1,0
78456,4173,0.0,4.0,0.0,19,9,7,4,18,0,1,0
78802,296,0.0,0.0,2.0,9,4,1,2,8,0,1,0
79090,4724,0.0,6.0,1.0,2,1,1,1,1,0,1,0
79653,104,0.0,0.0,0.0,8,2,2,1,4,0,4,0
79858,3623,0.0,3.0,0.0,9,1,1,4,8,0,1,0
80141,4659,0.0,0.0,0.0,10,7,4,2,8,0,2,0
80202,2244,0.0,3.0,2.0,9,1,1,3,7,0,1,1
80296,2721,0.0,4.0,0.0,28,19,1,2,27,0,1,0
80556,1787,1.0,3.0,0.0,9,3,1,1,7,0,2,0
80733,2193,0.0,4.0,1.0,4,2,1,2,0,0,2,2
81401,3152,0.0,0.0,0.0,4,1,1,1,3,0,1,0
81487,4369,0.0,0.0,null,1,1,1,1,0,0,1,0
81568,4287,0.0,4.0,0.0,14,3,3,5,13,0,1,0
81895,643,0.0,3.0,0.0,29,16,3,2,27,0,1,1
81901,3471,0.0,3.0,0.0,2,1,1,1,1,0,1,0
82147,416,0.0,4.0,0.0,7,2,1,3,5,0,1,1
82244,684,0.0,0.0,1.0,8,4,3,1,6,0,2,0
82350,1501,0.0,0.0,1.0,4,1,1,2,3,0,1,0
82405,2242,0.0,5.0,1.0,11,5,2,4,9,0,1,1
82547,1861,0.0,3.0,1.0,4,2,1,3,3,0,1,0
82835,1116,0.0,4.0,0.0,5,4,3,1,3,0,2,0
8311,4079,0.0,4.0,0.0,5,2,2,1,4,0,1,0
8345,684,0.0,4.0,0.0,8,4,4,2,6,0,2,0
83534,1056,0.0,4.0,0.0,3,3,2,1,0,0,3,0
84010,3955,0.0,0.0,0.0,8,2,1,5,7,0,1,0
84036,2108,0.0,3.0,0.0,7,1,1,2,5,0,1,1
84150,1485,0.0,4.0,1.0,14,6,1,1,12,0,2,0
84160,227,0.0,6.0,1.0,2,1,1,2,0,0,1,1
84246,547,0.0,3.0,0.0,68,37,4,9,63,0,2,3
84368,839,0.0,5.0,0.0,5,1,1,1,4,0,1,0
84567,3200,0.0,3.0,0.0,3,3,3,1,0,0,3,0
84579,3611,0.0,3.0,1.0,3,1,1,2,2,0,1,0
84945,2709,0.0,3.0,0.0,3,1,1,1,2,0,1,0
85258,1677,0.0,5.0,1.0,22,14,5,1,20,0,2,0
85505,2273,0.0,6.0,1.0,4,1,1,1,3,0,1,0
85612,4536,0.0,3.0,0.0,2,1,1,1,1,0,1,0
86177,1393,1.0,3.0,0.0,126,70,14,15,109,0,1,16
86180,1810,0.0,0.0,0.0,3,1,1,1,2,0,1,0
86716,3472,0.0,2.0,0.0,7,2,1,2,4,0,1,2
87150,3578,0.0,7.0,0.0,21,12,1,2,20,0,1,0
87286,2565,0.0,5.0,1.0,3,1,1,2,1,1,1,0
87561,1911,0.0,4.0,0.0,9,5,1,1,7,0,2,0
87580,1890,0.0,4.0,0.0,16,12,4,2,14,0,1,1
87602,911,0.0,4.0,2.0,3,1,1,2,2,0,1,0
87811,756,0.0,0.0,0.0,9,2,1,1,8,0,1,0
87932,798,0.0,2.0,0.0,13,6,5,3,12,0,1,0
87978,2031,0.0,0.0,0.0,8,5,1,1,7,0,1,0
88124,742,0.0,2.0,2.0,6,1,1,2,5,0,1,0
88277,3826,0.0,2.0,0.0,4,1,1,1,3,0,1,0
88356,1093,0.0,6.0,0.0,11,3,1,3,10,0,1,0
88577,4043,0.0,3.0,0.0,4,1,1,1,3,0,1,0
88847,598,0.0,2.0,0.0,9,2,1,1,8,0,1,0
89103,503,0.0,5.0,0.0,19,8,2,3,17,0,2,0
89356,2138,0.0,2.0,1.0,6,2,2,1,4,0,2,0
89665,3230,0.0,3.0,0.0,2,1,1,1,1,0,1,0
90530,2161,0.0,5.0,0.0,2,1,1,1,0,0,2,0
91620,1742,0.0,3.0,0.0,1,1,1,1,0,0,1,0
91898,4991,0.0,3.0,1.0,9,3,1,1,8,0,1,0
92260,4287,0.0,3.0,1.0,9,7,4,1,8,0,1,0
92327,1270,0.0,0.0,0.0,6,1,1,1,5,0,1,0
93652,2913,0.0,6.0,null,3,1,1,1,2,0,1,0
94233,3420,0.0,0.0,0.0,9,4,3,1,7,0,2,0
94676,257,0.0,5.0,0.0,2,1,1,1,1,0,1,0
9495,3205,0.0,4.0,0.0,8,4,1,2,7,0,1,0
95194,3159,0.0,2.0,1.0,16,8,4,1,13,0,2,1
95819,4585,0.0,0.0,0.0,5,2,2,1,3,0,2,0
96755,219,0.0,0.0,0.0,5,2,1,1,4,0,1,0
96853,1102,0.0,4.0,0.0,93,31,7,9,90,0,3,0
96896,4336,0.0,0.0,1.0,7,1,1,2,6,0,1,0
97102,3629,0.0,2.0,0.0,15,3,2,7,13,0,1,1
9714,1659,0.0,5.0,0.0,9,5,1,1,8,0,1,0
97213,1760,0.0,4.0,1.0,2,1,1,2,1,0,1,0
98317,1520,0.0,4.0,0.0,2,1,1,2,1,0,1,0
98334,2954,0.0,4.0,1.0,9,7,3,5,2,0,1,6
98635,2217,0.0,2.0,0.0,30,13,3,2,27,0,1,2
98717,3619,0.0,2.0,0.0,5,1,1,2,4,0,1,0
98845,4942,0.0,3.0,0.0,1,1,1,1,0,0,1,0
99309,4926,0.0,3.0,2.0,13,10,9,2,12,0,1,0
