100193,1780,0.0,3.0,0.0,5,1,1,1,4,0,1,0
101361,1495,0.0,0.0,0.0,9,2,1,2,8,0,1,0
10159,1102,0.0,3.0,0.0,8,7,3,3,7,0,1,0
101590,2928,0.0,4.0,0.0,3,1,1,1,2,0,1,0
101739,879,0.0,4.0,0.0,4,1,1,1,3,0,1,0
102080,1102,0.0,4.0,1.0,74,48,9,12,66,0,1,7
102276,415,0.0,0.0,0.0,5,2,2,1,4,0,1,0
102410,2273,0.0,4.0,0.0,32,4,1,3,30,0,1,1
102669,4950,0.0,2.0,1.0,1,1,1,1,0,0,1,0
10348,722,0.0,3.0,1.0,17,2,1,2,15,0,2,0
103498,3345,0.0,3.0,0.0,11,1,1,4,10,0,1,0
104476,4044,0.0,0.0,0.0,3,2,1,1,2,0,1,0
104506,1890,0.0,4.0,0.0,3,2,1,1,2,0,1,0
105151,798,0.0,3.0,0.0,21,11,5,2,19,0,2,0
105948,2313,0.0,0.0,1.0,4,1,1,3,3,0,1,0
106095,2810,0.0,0.0,0.0,3,1,1,2,2,0,1,0
10688,3323,0.0,3.0,0.0,7,2,1,1,5,0,2,0
107165,2482,0.0,3.0,0.0,2,1,1,2,1,0,1,0
10752,3753,0.0,2.0,0.0,2,1,1,1,1,0,1,0
107545,2594,1.0,5.0,0.0,72,42,12,8,67,0,5,0
107545,3828,0.0,5.0,0.0,85,39,12,5,83,0,2,0
107734,586,0.0,4.0,0.0,4,2,2,2,3,0,1,0
107886,625,0.0,3.0,0.0,8,3,1,1,7,0,1,0
108246,777,1.0,6.0,1.0,19,3,2,1,18,0,1,0
108397,1811,0.0,4.0,0.0,2,1,1,1,1,0,1,0
108661,2051,0.0,0.0,1.0,4,2,1,2,3,0,1,0
108979,4648,0.0,0.0,1.0,1,1,1,1,0,0,1,0
10902,1892,1.0,3.0,1.0,43,19,5,7,31,0,4,8
109282,2981,0.0,7.0,0.0,6,2,1,1,5,0,1,0
109578,1049,0.0,4.0,1.0,1,1,1,1,0,0,1,0
109932,962,1.0,3.0,0.0,26,9,6,3,20,0,5,1
110073,2102,0.0,4.0,0.0,4,1,1,1,3,0,1,0
110289,941,0.0,4.0,1.0,6,1,1,1,5,0,1,0
11034,2318,0.0,3.0,0.0,2,1,1,1,1,0,1,0
110404,222,0.0,5.0,0.0,4,1,1,1,3,0,1,0
110816,3941,0.0,3.0,0.0,14,4,1,3,13,0,1,0
111278,2403,0.0,6.0,0.0,106,32,3,7,96,0,2,8
111341,1810,1.0,5.0,1.0,10,8,3,1,9,0,1,0
111784,2283,0.0,3.0,0.0,3,1,1,1,2,0,1,0
112119,4966,0.0,3.0,0.0,2,2,2,1,0,0,2,0
112135,1704,0.0,2.0,0.0,8,1,1,2,6,0,1,1
112141,1133,0.0,3.0,1.0,3,1,1,1,2,0,1,0
112506,4044,0.0,2.0,0.0,27,15,2,4,24,0,1,2
113178,2273,0.0,3.0,0.0,7,2,1,1,6,0,1,0
113376,4468,0.0,3.0,0.0,9,3,1,1,8,0,1,0
11346,2275,0.0,4.0,0.0,11,5,3,1,9,0,1,1
113597,4594,0.0,0.0,1.0,2,1,1,1,1,0,1,0
113677,2361,0.0,3.0,2.0,3,2,2,1,2,0,1,0
113812,3211,0.0,6.0,0.0,2,1,1,1,1,0,1,0
114391,2002,0.0,2.0,0.0,2,1,1,1,1,0,1,0
114589,1564,0.0,0.0,0.0,10,1,1,1,9,0,1,0
114780,1861,0.0,2.0,0.0,9,4,1,1,7,0,2,0
114890,4234,0.0,3.0,0.0,4,1,1,1,3,0,1,0
115234,104,0.0,0.0,1.0,6,2,1,1,4,0,2,0
115332,2217,0.0,3.0,0.0,4,2,1,3,1,0,1,2
115488,219,0.0,0.0,0.0,7,2,1,2,5,0,1,1
115804,2790,0.0,6.0,1.0,7,1,1,3,6,0,1,0
116537,1679,0.0,4.0,1.0,8,6,4,3,7,0,1,0
116580,2821,0.0,5.0,0.0,3,1,1,1,2,0,1,0
117186,586,0.0,4.0,1.0,27,18,4,2,26,0,1,0
117272,66,0.0,3.0,1.0,3,1,1,1,2,0,1,0
117432,2471,0.0,0.0,0.0,6,1,1,1,5,0,1,0
117432,4385,0.0,0.0,0.0,3,1,1,1,2,0,1,0
118899,3473,0.0,3.0,0.0,4,3,2,2,3,0,1,0
119426,534,0.0,4.0,0.0,10,2,1,2,8,0,1,1
119604,608,0.0,5.0,0.0,4,3,1,1,3,0,1,0
120447,4044,0.0,2.0,0.0,10,5,4,2,9,0,1,0
120468,2994,0.0,2.0,0.0,7,1,1,2,6,0,1,0
120561,2273,0.0,0.0,0.0,3,1,1,2,2,0,1,0
120606,3269,1.0,3.0,1.0,1,1,1,1,0,0,1,0
120691,2730,0.0,0.0,1.0,26,5,2,8,22,0,2,2
120904,4724,0.0,3.0,1.0,2,1,1,1,1,0,1,0
12098,1999,0.0,4.0,0.0,7,1,1,4,6,0,1,0
121607,2669,0.0,2.0,0.0,7,4,2,1,6,0,1,0
121853,4011,0.0,3.0,1.0,3,1,1,1,2,0,1,0
122564,3769,0.0,4.0,0.0,2,1,1,1,0,0,2,0
122826,4660,1.0,3.0,1.0,18,4,1,4,15,0,1,2
122862,416,1.0,0.0,0.0,20,12,5,6,19,0,1,0
123226,1103,0.0,2.0,0.0,2,1,1,2,0,0,1,1
123235,4764,0.0,3.0,0.0,4,1,1,2,3,0,1,0
12348,2167,0.0,3.0,2.0,2,1,1,1,1,0,1,0
123828,3898,0.0,5.0,1.0,6,1,1,2,5,0,1,0
124156,2928,0.0,5.0,0.0,5,3,2,1,1,0,2,2
124387,3853,0.0,0.0,0.0,16,7,5,2,14,1,1,0
124649,3839,0.0,5.0,0.0,24,14,2,4,22,0,1,1
124999,2173,0.0,6.0,0.0,1,1,1,1,0,0,1,0
125144,2789,0.0,2.0,1.0,17,4,2,1,15,0,2,0
125429,3148,1.0,0.0,2.0,38,13,3,4,36,0,2,0
125602,1056,0.0,0.0,0.0,52,14,6,2,48,0,4,0
12599,2047,0.0,2.0,0.0,8,4,4,2,6,0,1,1
12634,3854,0.0,5.0,1.0,5,2,2,2,4,0,1,0
127011,1742,0.0,5.0,1.0,4,3,1,1,3,0,1,0
127185,742,0.0,5.0,0.0,3,1,1,2,1,0,1,1
127335,3773,0.0,0.0,0.0,11,1,1,3,9,0,1,1
128517,3476,0.0,4.0,0.0,1,1,1,1,0,0,1,0
128633,2596,0.0,6.0,0.0,4,2,2,2,3,0,1,0
128698,3090,0.0,4.0,0.0,6,1,1,2,4,0,1,1
128984,4170,0.0,4.0,1.0,2,1,1,2,1,0,1,0
129334,3956,0.0,3.0,0.0,1,1,1,1,0,0,1,0
129825,4444,0.0,5.0,0.0,3,1,1,1,2,0,1,0
130058,1356,0.0,2.0,0.0,4,1,1,1,3,0,1,0
130904,1679,0.0,5.0,0.0,4,3,2,2,3,0,1,0
131352,2849,0.0,3.0,0.0,23,13,6,2,21,0,1,1
131630,3323,1.0,4.0,1.0,8,3,1,4,7,0,1,0
131783,4170,0.0,4.0,1.0,18,3,1,2,15,0,3,0
131802,1540,0.0,5.0,1.0,6,1,2,2,4,1,1,0
132226,4504,0.0,3.0,0.0,2,1,1,1,1,0,1,0
132443,1875,0.0,5.0,0.0,3,2,2,1,2,0,1,0
133133,2565,0.0,3.0,0.0,7,2,1,1,5,0,2,0
133578,547,0.0,3.0,0.0,3,1,1,1,2,0,1,0
133872,742,0.0,6.0,0.0,9,4,3,1,8,0,1,0
133899,3401,0.0,2.0,0.0,3,2,2,2,2,0,1,0
134640,361,0.0,6.0,0.0,16,8,3,1,14,0,1,1
134788,4768,0.0,4.0,0.0,12,6,1,4,11,0,1,0
134999,3828,0.0,0.0,0.0,18,9,6,7,13,0,1,4
13510,4760,0.0,5.0,1.0,10,5,4,3,9,0,1,0
135323,3502,0.0,0.0,0.0,2,1,1,1,1,0,1,0
136241,3828,0.0,0.0,0.0,3,1,1,1,2,0,1,0
136530,3912,0.0,4.0,0.0,1,1,1,1,0,0,1,0
136596,3898,0.0,4.0,0.0,3,1,1,1,2,0,1,0
136764,4270,0.0,3.0,0.0,10,2,1,4,9,0,1,0
136808,4600,0.0,4.0,0.0,12,6,3,3,7,0,3,2
136915,4864,0.0,4.0,0.0,6,4,1,1,5,0,1,0
137309,1487,0.0,5.0,0.0,12,3,1,3,11,0,1,0
137657,3734,0.0,4.0,0.0,43,22,3,1,40,0,3,0
138310,4044,0.0,3.0,0.0,28,5,2,7,25,0,1,2
138352,4605,0.0,5.0,0.0,5,4,3,2,3,0,2,0
138511,2856,0.0,0.0,0.0,2,1,1,1,1,0,1,0
138602,2397,0.0,4.0,1.0,17,6,2,1,15,1,1,0
138804,1485,1.0,3.0,0.0,14,6,2,3,9,0,2,3
138856,3853,0.0,6.0,0.0,13,4,2,3,12,0,1,0
139217,1905,0.0,6.0,0.0,16,6,1,2,12,0,4,0
139543,1379,0.0,4.0,0.0,6,1,1,2,5,0,1,0
13985,1346,0.0,3.0,0.0,49,16,1,5,42,0,3,4
140153,3284,0.0,4.0,0.0,3,2,2,1,1,0,2,0
140167,4392,0.0,0.0,1.0,7,1,1,2,5,1,1,0
140588,2141,0.0,6.0,0.0,8,5,3,2,7,0,1,0
141512,1588,0.0,4.0,0.0,4,1,1,1,3,0,1,0
141546,643,0.0,6.0,0.0,2,2,2,1,0,0,2,0
141605,1892,0.0,4.0,2.0,1,1,1,1,0,0,1,0
141673,1356,0.0,6.0,1.0,3,2,1,2,1,0,1,1
141950,3206,0.0,0.0,0.0,1,1,1,1,0,0,1,0
142079,2525,0.0,3.0,0.0,7,2,1,1,5,0,2,0
142704,4708,1.0,3.0,0.0,46,16,7,8,37,0,6,3
142960,1956,0.0,0.0,0.0,7,2,1,2,6,0,1,0
143083,1749,0.0,3.0,0.0,18,5,2,3,15,0,1,2
143199,3200,0.0,0.0,0.0,32,15,6,2,30,0,2,0
14329,3828,0.0,6.0,0.0,7,3,2,1,6,0,1,0
143345,3477,0.0,3.0,0.0,14,2,1,1,13,0,1,0
143394,2450,0.0,3.0,1.0,4,1,1,1,3,0,1,0
143541,1200,0.0,3.0,0.0,9,4,4,2,8,0,1,0
143642,4976,0.0,5.0,0.0,32,18,4,14,29,0,1,2
143780,1640,0.0,6.0,0.0,6,2,2,2,4,0,1,1
143984,4558,0.0,3.0,0.0,3,1,1,1,2,0,1,0
144132,3152,0.0,4.0,0.0,7,2,1,2,6,0,1,0
144321,1500,0.0,3.0,0.0,6,1,1,1,5,0,1,0
14451,3350,0.0,4.0,0.0,8,4,1,1,7,0,1,0
145778,4325,0.0,3.0,1.0,5,1,1,1,4,0,1,0
146005,1056,0.0,4.0,0.0,21,9,4,2,20,0,1,0
146674,2935,0.0,6.0,1.0,3,1,1,1,2,0,1,0
146703,1346,0.0,0.0,0.0,8,3,1,3,7,0,1,0
146871,4049,0.0,3.0,0.0,9,3,3,1,8,0,1,0
147577,121,0.0,5.0,0.0,1,1,1,1,0,0,1,0
148006,2471,0.0,4.0,0.0,4,2,2,1,3,0,1,0
148027,1850,0.0,3.0,1.0,3,2,1,1,2,0,1,0
148133,1742,0.0,5.0,1.0,3,2,1,1,2,0,1,0
148257,575,0.0,4.0,0.0,13,1,1,2,12,0,1,0
148716,2821,0.0,3.0,1.0,8,3,2,2,7,0,1,0
148731,498,0.0,4.0,0.0,8,3,2,1,7,0,1,0
149124,346,0.0,7.0,0.0,13,3,2,1,11,0,2,0
149338,685,0.0,0.0,0.0,11,3,2,2,10,0,1,0
149519,3683,0.0,6.0,1.0,10,6,1,1,9,0,1,0
149553,1394,0.0,2.0,1.0,6,3,1,1,5,0,1,0
150072,4534,0.0,3.0,0.0,3,2,2,1,2,0,1,0
150491,4267,0.0,4.0,0.0,69,38,5,2,68,0,1,0
150726,4043,0.0,3.0,1.0,13,6,4,3,12,0,1,0
150859,1875,0.0,0.0,0.0,30,16,6,2,28,0,2,0
150868,941,0.0,3.0,1.0,5,2,1,2,3,0,1,1
150877,3445,0.0,4.0,0.0,4,1,1,3,2,0,2,0
150894,1167,0.0,0.0,1.0,6,4,3,2,3,0,3,0
150958,310,0.0,3.0,0.0,1,1,1,1,0,0,1,0
15126,514,0.0,2.0,0.0,4,2,1,1,3,0,1,0
151585,437,0.0,3.0,0.0,8,2,1,2,5,0,1,2
15170,3328,0.0,5.0,1.0,10,5,3,4,9,0,1,0
151769,621,0.0,6.0,1.0,3,2,1,1,2,0,1,0
151899,4708,0.0,5.0,0.0,8,4,3,2,7,0,1,0
154834,2082,0.0,0.0,1.0,3,2,1,1,2,0,1,0
154864,1557,0.0,0.0,0.0,11,8,2,5,10,0,1,0
155086,951,1.0,4.0,0.0,1,1,1,1,0,0,1,0
155644,598,1.0,3.0,0.0,1,1,1,1,0,0,1,0
155813,4871,0.0,2.0,1.0,3,2,2,2,2,0,1,0
156294,4647,0.0,0.0,0.0,3,1,1,1,2,0,1,0
156435,598,0.0,3.0,1.0,4,1,1,2,2,0,1,1
156452,3420,1.0,4.0,2.0,2,2,2,1,0,0,2,0
156823,3609,0.0,5.0,0.0,18,8,2,2,17,0,1,0
157212,4506,0.0,2.0,0.0,2,1,1,1,1,0,1,0
157544,358,0.0,2.0,0.0,10,3,2,1,9,0,1,0
157825,2303,0.0,4.0,0.0,11,6,1,1,10,0,1,0
158232,3936,0.0,null,null,2,1,1,1,1,0,1,0
158339,798,0.0,0.0,1.0,4,2,2,1,2,0,2,0
159024,63,0.0,6.0,1.0,1,1,1,1,0,0,1,0
159601,360,0.0,7.0,1.0,6,3,1,1,5,0,1,0
15972,1678,0.0,0.0,1.0,8,3,2,1,6,0,2,0
15972,4662,0.0,0.0,1.0,9,3,1,1,8,0,1,0
159930,4581,0.0,0.0,0.0,4,1,1,1,3,0,1,0
160603,2928,0.0,5.0,0.0,7,3,1,1,6,0,1,0
160651,2397,0.0,0.0,null,5,1,1,2,3,1,1,0
160988,804,0.0,3.0,1.0,8,3,3,1,6,0,2,0
16099,4173,0.0,3.0,0.0,22,11,3,4,20,0,2,0
161533,1964,0.0,2.0,0.0,6,1,1,2,5,0,1,0
161621,1708,0.0,2.0,0.0,11,6,2,1,10,0,1,0
161661,1742,0.0,0.0,1.0,14,6,1,1,13,0,1,0
161824,4973,0.0,6.0,0.0,2,1,1,1,1,0,1,0
161966,2422,0.0,0.0,0.0,13,3,3,4,7,0,2,4
162053,2683,0.0,3.0,1.0,4,1,1,1,3,0,1,0
162285,2482,0.0,0.0,0.0,2,1,1,1,1,0,1,0
162361,4079,0.0,4.0,1.0,1,1,1,1,0,0,1,0
162402,2565,0.0,0.0,0.0,3,1,1,1,2,0,1,0
162453,3578,0.0,4.0,0.0,15,13,2,2,12,0,3,0
162836,2905,0.0,2.0,1.0,4,1,1,1,3,0,1,0
163346,3014,0.0,3.0,0.0,11,2,1,2,10,0,1,0
163405,3361,0.0,0.0,0.0,19,4,1,1,18,0,1,0
163650,649,0.0,0.0,0.0,3,1,1,1,2,0,1,0
163937,2128,0.0,6.0,0.0,3,1,1,1,2,0,1,0
164010,2744,0.0,5.0,0.0,8,4,3,1,7,0,1,0
164622,2543,0.0,5.0,0.0,1,1,1,1,0,0,1,0
164664,547,0.0,5.0,1.0,7,1,1,3,6,0,1,0
164683,3284,0.0,3.0,1.0,1,1,1,1,0,0,1,0
164757,931,0.0,3.0,0.0,72,34,13,10,59,0,1,12
165063,1892,0.0,5.0,0.0,4,4,2,2,1,0,3,0
165198,4955,0.0,2.0,0.0,8,3,2,1,7,0,1,0
165208,1506,0.0,3.0,0.0,11,5,1,1,10,0,1,0
165828,4829,0.0,0.0,0.0,4,2,1,1,3,0,1,0
165840,4392,0.0,0.0,0.0,2,1,1,1,1,0,1,0
166114,121,0.0,4.0,0.0,3,1,1,1,2,0,1,0
16645,3784,0.0,2.0,0.0,14,4,1,1,9,0,1,4
167490,3524,0.0,0.0,1.0,4,1,1,1,3,0,1,0
167723,1393,0.0,0.0,0.0,2,2,1,2,1,0,1,0
167725,3042,0.0,4.0,0.0,3,2,2,1,2,0,1,0
167750,2730,0.0,3.0,0.0,1,1,1,1,0,0,1,0
167915,1310,0.0,3.0,0.0,27,10,4,2,26,0,1,0
168399,3022,0.0,2.0,1.0,10,5,2,3,8,0,1,1
168714,1310,0.0,2.0,0.0,10,1,1,3,8,0,1,1
168756,2122,0.0,0.0,0.0,1,1,1,1,0,0,1,0
168812,3206,0.0,4.0,0.0,1,1,1,1,0,0,1,0
168933,4850,0.0,0.0,0.0,11,7,2,2,10,0,1,0
169136,4708,0.0,0.0,0.0,1,1,1,1,0,0,1,0
169236,4044,0.0,4.0,0.0,7,3,3,3,5,0,1,1
169416,4282,0.0,3.0,0.0,21,13,5,1,20,0,1,0
169478,514,0.0,3.0,1.0,4,1,1,1,3,0,1,0
170363,2236,0.0,3.0,0.0,4,2,2,1,3,0,1,0
170641,4772,0.0,3.0,1.0,5,1,1,2,4,0,1,0
170786,1884,0.0,6.0,0.0,2,1,1,1,1,0,1,0
17102,1840,0.0,4.0,1.0,6,1,1,2,5,0,1,0
172465,3500,0.0,0.0,0.0,7,1,1,2,6,0,1,0
172648,773,0.0,3.0,0.0,52,25,15,4,45,0,5,2
173474,4394,0.0,6.0,0.0,8,5,1,2,6,0,2,0
173612,4650,0.0,2.0,1.0,4,1,1,1,3,0,1,0
173695,4818,1.0,4.0,0.0,71,27,6,3,61,0,7,3
173957,2469,0.0,6.0,0.0,3,1,1,1,2,0,1,0
174528,524,0.0,3.0,0.0,10,2,1,2,9,0,1,0
1748,2639,0.0,4.0,0.0,2,1,1,1,0,0,2,0
174860,3303,0.0,4.0,0.0,3,1,1,2,2,0,1,0
17489,742,0.0,0.0,0.0,20,8,5,3,19,0,1,0
175479,598,0.0,3.0,1.0,3,1,1,1,2,0,1,0
1756,4519,0.0,4.0,0.0,6,1,1,1,4,0,1,1
175664,1115,0.0,3.0,0.0,7,2,1,1,6,0,1,0
175837,1379,0.0,0.0,0.0,1,1,1,1,0,0,1,0
176436,3635,0.0,4.0,1.0,1,1,1,1,0,0,1,0
176474,4042,0.0,3.0,0.0,4,1,1,1,3,0,1,0
176535,2159,0.0,2.0,0.0,5,1,1,1,4,0,1,0
176939,3323,0.0,4.0,2.0,7,2,1,1,6,0,1,0
177244,1618,0.0,4.0,0.0,3,2,2,1,2,0,1,0
178555,4585,1.0,5.0,1.0,19,5,3,1,17,0,2,0
178820,3361,0.0,2.0,0.0,18,6,2,2,16,0,1,1
179443,2836,0.0,0.0,0.0,1,1,1,1,0,0,1,0
179621,4993,0.0,2.0,1.0,2,1,1,1,1,0,1,0
179695,3889,0.0,3.0,0.0,2,1,1,2,1,0,1,0
180036,574,0.0,0.0,0.0,2,1,1,1,1,0,1,0
180302,4950,0.0,0.0,0.0,9,2,2,1,7,0,2,0
180923,3022,0.0,3.0,0.0,18,6,4,4,11,0,1,6
181364,3635,0.0,4.0,1.0,8,2,1,1,7,0,1,0
18159,2784,0.0,3.0,2.0,2,1,1,1,1,0,1,0
181728,4670,0.0,6.0,0.0,7,4,1,2,6,0,1,0
181907,4811,0.0,6.0,0.0,5,5,4,3,3,0,1,1
182112,747,0.0,4.0,0.0,2,1,1,1,1,0,1,0
182332,1643,0.0,6.0,0.0,2,1,1,1,1,0,1,0
182414,293,0.0,3.0,0.0,7,2,1,1,5,0,1,1
182484,3826,0.0,5.0,1.0,2,1,1,1,0,0,2,0
182533,3105,0.0,2.0,0.0,49,12,2,9,45,0,1,3
182539,1310,0.0,2.0,0.0,3,1,1,2,1,0,1,1
182795,4585,0.0,3.0,0.0,8,1,1,3,6,0,1,1
183193,4659,0.0,3.0,0.0,14,4,2,4,12,0,1,1
18346,3323,1.0,4.0,0.0,11,5,1,4,9,0,1,1
183545,1117,0.0,6.0,0.0,4,2,2,1,2,0,2,0
18355,614,0.0,4.0,0.0,2,1,1,1,1,0,1,0
1837,4427,0.0,4.0,0.0,3,2,2,2,2,0,1,0
183851,989,0.0,3.0,0.0,10,4,2,1,9,0,1,0
184031,4955,0.0,6.0,0.0,17,6,3,1,13,0,4,0
184528,4549,0.0,3.0,0.0,2,1,1,1,1,0,1,0
18464,1346,1.0,0.0,0.0,6,4,1,1,5,0,1,0
184668,4427,0.0,0.0,0.0,6,1,1,2,5,0,1,0
185214,4150,0.0,2.0,0.0,3,1,1,1,2,0,1,0
18568,4504,0.0,6.0,0.0,8,4,1,1,7,0,1,0
185782,1346,0.0,2.0,0.0,15,3,1,1,13,0,1,1
186180,2031,0.0,0.0,0.0,7,5,1,1,6,0,1,0
186227,1892,1.0,4.0,0.0,77,35,9,1,73,0,4,0
186577,1054,0.0,3.0,0.0,5,1,1,1,4,0,1,0
187012,1472,0.0,5.0,1.0,1,1,1,1,0,0,1,0
187021,2698,0.0,3.0,0.0,1,1,1,1,0,0,1,0
187183,4954,0.0,3.0,0.0,11,2,1,4,9,0,1,1
187590,2036,0.0,2.0,1.0,1,1,1,1,0,0,1,0
187637,3288,0.0,4.0,0.0,4,1,1,2,3,0,1,0
187719,4358,0.0,2.0,0.0,5,1,1,3,3,0,1,1
187753,1704,0.0,5.0,2.0,1,1,1,1,0,0,1,0
188461,2832,0.0,4.0,0.0,3,1,1,1,2,0,1,0
188747,66,0.0,3.0,0.0,3,2,1,1,2,0,1,0
189048,2821,0.0,3.0,0.0,9,4,2,1,8,0,1,0
189352,2569,1.0,0.0,0.0,5,2,1,3,3,0,2,0
189741,2746,0.0,4.0,0.0,5,1,1,1,4,0,1,0
190898,1892,0.0,3.0,0.0,7,4,2,1,6,0,1,0
19218,4195,0.0,0.0,0.0,7,2,2,1,6,0,1,0
19264,786,0.0,3.0,0.0,16,2,1,6,12,0,1,3
192901,2403,0.0,5.0,0.0,53,20,2,3,45,0,6,2
192927,777,0.0,0.0,0.0,22,8,4,1,21,0,1,0
19405,606,1.0,4.0,0.0,2,1,1,1,1,0,1,0
194316,4018,0.0,0.0,1.0,6,1,1,2,5,0,1,0
194484,2721,0.0,2.0,1.0,23,4,1,3,21,0,1,1
194528,2582,0.0,3.0,0.0,27,14,2,2,26,0,1,0
194551,1274,0.0,6.0,1.0,3,1,1,1,2,0,1,0
194967,3472,0.0,6.0,0.0,3,2,2,1,2,0,1,0
194971,4173,0.0,4.0,2.0,1,1,1,1,0,0,1,0
195278,3034,0.0,0.0,0.0,5,2,1,1,4,0,1,0
195953,3432,0.0,0.0,0.0,106,69,13,2,103,1,2,0
19659,1911,0.0,4.0,0.0,4,1,1,1,3,0,1,0
196738,630,0.0,3.0,1.0,22,7,4,5,19,0,3,0
197071,2014,0.0,3.0,0.0,5,2,1,3,4,0,1,0
197116,3734,0.0,2.0,1.0,55,29,6,1,51,0,3,1
19732,2608,0.0,3.0,0.0,2,1,1,1,1,0,1,0
197372,2031,0.0,6.0,0.0,2,1,1,1,1,0,1,0
19753,293,0.0,6.0,0.0,7,2,1,3,5,0,1,1
197974,2669,0.0,2.0,0.0,6,2,1,1,5,0,1,0
19844,4648,0.0,3.0,0.0,2,1,1,1,1,0,1,0
198541,168,0.0,4.0,0.0,24,11,4,1,20,0,4,0
198642,4585,0.0,3.0,null,2,1,1,1,1,0,1,0
198885,1816,0.0,4.0,1.0,23,11,3,3,19,0,1,3
199054,1134,0.0,5.0,0.0,2,1,1,2,0,0,1,1
199392,606,0.0,0.0,1.0,29,13,6,7,26,0,2,1
199418,534,0.0,6.0,1.0,2,1,1,1,1,0,1,0
199877,503,0.0,4.0,0.0,14,6,3,3,13,0,1,0
200101,3484,0.0,4.0,1.0,21,16,3,2,18,0,1,2
200105,203,1.0,6.0,1.0,4,2,2,1,3,0,1,0
20113,3828,0.0,0.0,0.0,66,30,8,3,63,0,2,1
201275,2138,0.0,0.0,0.0,6,3,1,1,5,0,1,0
201606,3578,0.0,4.0,0.0,6,4,2,1,5,0,1,0
202178,2193,0.0,2.0,0.0,1,1,1,1,0,0,1,0
202193,2273,0.0,0.0,0.0,4,1,1,2,3,0,1,0
202205,3320,0.0,3.0,0.0,20,8,1,3,17,0,1,2
202574,2403,0.0,4.0,1.0,2,1,1,1,1,0,1,0
202868,296,0.0,0.0,0.0,9,3,1,2,8,0,1,0
202991,1861,0.0,0.0,0.0,1,1,1,1,0,0,1,0
203046,4044,0.0,0.0,0.0,4,4,2,2,3,0,1,0
203929,3098,0.0,4.0,1.0,10,2,2,2,8,0,2,0
204056,3378,0.0,3.0,1.0,5,1,1,1,4,0,1,0
204685,2537,0.0,3.0,0.0,10,3,2,3,6,0,3,1
205010,596,0.0,0.0,0.0,2,1,1,1,1,0,1,0
20583,2872,0.0,4.0,2.0,3,1,1,2,2,0,1,0
206177,3249,0.0,3.0,0.0,14,4,1,1,13,0,1,0
206559,360,0.0,0.0,1.0,2,1,1,2,1,0,1,0
206790,1272,0.0,5.0,0.0,3,2,2,2,2,0,1,0
206846,3828,0.0,0.0,0.0,7,2,2,2,6,0,1,0
207035,3844,0.0,6.0,0.0,26,7,4,5,22,0,1,3
207487,4637,0.0,0.0,0.0,14,4,1,3,12,0,1,1
207516,148,0.0,4.0,0.0,2,2,2,1,0,0,2,0
207657,860,0.0,3.0,1.0,6,1,1,2,5,0,1,0
208069,1272,0.0,0.0,0.0,6,3,3,2,5,0,1,0
208076,4480,0.0,0.0,1.0,5,1,1,1,4,0,1,0
208274,1346,0.0,4.0,0.0,7,4,1,1,6,0,1,0
208427,4760,0.0,7.0,1.0,3,1,1,1,2,0,1,0
208615,227,0.0,4.0,0.0,4,1,1,1,3,0,1,0
208865,4282,0.0,2.0,1.0,7,6,3,1,6,0,1,0
209224,2664,0.0,0.0,0.0,58,31,1,3,56,0,2,0
210383,2664,0.0,3.0,0.0,51,24,2,1,49,0,2,0
210446,3820,0.0,0.0,0.0,5,1,1,1,4,0,1,0
210591,946,0.0,4.0,1.0,21,7,3,3,20,0,1,0
210679,3160,1.0,0.0,0.0,20,15,7,1,18,0,2,0
21171,2482,0.0,3.0,1.0,13,5,5,1,9,0,4,0
212097,102,0.0,0.0,0.0,5,2,1,2,3,0,1,1
212157,3578,0.0,4.0,1.0,7,4,2,1,6,0,1,0
212350,2105,0.0,2.0,0.0,10,3,1,2,9,0,1,0
212699,4585,0.0,4.0,1.0,3,1,1,2,2,0,1,0
212741,4049,0.0,5.0,1.0,7,2,1,2,4,0,1,2
213014,2277,0.0,2.0,1.0,6,2,2,2,5,0,1,0
213270,1131,0.0,0.0,0.0,8,6,4,1,5,0,3,0
213387,2108,0.0,4.0,0.0,11,3,1,2,9,0,1,1
213453,3683,0.0,0.0,1.0,1,1,1,1,0,0,1,0
213568,1079,0.0,0.0,0.0,5,3,1,3,4,0,1,0
214623,588,0.0,3.0,0.0,7,3,1,1,6,0,1,0
214933,1485,0.0,0.0,0.0,2,1,1,1,1,0,1,0
215197,3835,0.0,5.0,1.0,6,2,1,1,5,0,1,0
215781,2767,0.0,0.0,1.0,3,2,2,1,2,0,1,0
215821,2565,0.0,4.0,0.0,15,5,1,2,12,0,3,0
215847,3428,0.0,4.0,1.0,9,2,2,1,8,0,1,0
215923,2641,0.0,3.0,2.0,5,1,1,2,4,0,1,0
216483,2592,0.0,0.0,0.0,4,1,1,1,2,0,1,1
21681,4850,0.0,0.0,0.0,5,3,1,1,3,0,2,0
21713,1487,0.0,5.0,0.0,83,29,1,4,81,0,1,1
217204,3163,1.0,0.0,1.0,1,1,1,1,0,0,1,0
217749,3665,0.0,4.0,1.0,39,5,1,8,35,0,1,3
21783,3961,0.0,2.0,0.0,23,3,2,2,22,0,1,0
218111,2872,0.0,4.0,0.0,31,20,14,4,29,0,2,0
218154,1067,0.0,3.0,1.0,154,16,2,32,150,0,1,3
21890,742,0.0,0.0,0.0,5,1,1,1,4,0,1,0
219659,2592,0.0,3.0,0.0,5,1,1,1,4,0,1,0
21977,3971,0.0,3.0,2.0,4,1,1,1,3,0,1,0
220435,4756,0.0,0.0,1.0,15,10,2,1,12,0,3,0
220770,4944,0.0,3.0,1.0,3,1,1,1,2,0,1,0
221213,4173,0.0,0.0,1.0,7,4,1,1,5,0,2,0
221226,2397,0.0,4.0,1.0,18,7,3,3,17,0,1,0
221902,967,0.0,0.0,0.0,4,1,1,2,2,0,1,1
222073,426,0.0,2.0,1.0,5,1,1,2,4,0,1,0
22236,4976,0.0,3.0,0.0,5,4,2,1,4,0,1,0
222394,2194,0.0,2.0,0.0,3,1,1,2,2,0,1,0
222907,4287,0.0,0.0,0.0,4,1,1,1,3,0,1,0
223180,4118,1.0,3.0,0.0,7,2,1,1,6,0,1,0
223879,1628,0.0,4.0,0.0,4,1,1,1,3,0,1,0
224856,4605,0.0,0.0,0.0,1,1,1,1,0,0,1,0
224913,323,0.0,6.0,1.0,8,3,1,3,6,0,1,1
225408,2669,0.0,0.0,1.0,4,1,1,2,3,0,1,0
226215,1500,0.0,5.0,0.0,17,9,2,1,15,0,2,0
226498,1067,0.0,7.0,1.0,9,1,1,2,8,0,1,0
226601,361,0.0,0.0,0.0,2,1,1,1,1,0,1,0
226804,1203,1.0,6.0,0.0,22,16,5,3,21,0,1,0
226887,66,0.0,3.0,1.0,5,2,1,1,4,0,1,0
227026,10,0.0,0.0,0.0,6,1,1,2,5,0,1,0
22722,1310,0.0,0.0,0.0,17,8,5,1,15,0,2,0
22743,4687,0.0,null,null,2,1,1,1,1,0,1,0
228049,3828,1.0,5.0,0.0,2,1,1,2,0,0,1,1
228399,3004,0.0,4.0,0.0,36,23,5,8,29,0,1,6
228737,3971,0.0,4.0,0.0,1,1,1,1,0,0,1,0
230290,2193,0.0,3.0,1.0,5,1,1,1,4,0,1,0
230815,1705,0.0,4.0,0.0,7,2,1,1,6,0,1,0
230926,2767,0.0,6.0,0.0,8,3,2,1,2,0,6,0
230995,310,0.0,2.0,0.0,8,3,2,3,7,0,1,0
231392,4281,0.0,4.0,1.0,12,6,2,3,11,0,1,0
231436,2810,0.0,4.0,0.0,7,3,1,1,6,0,1,0
231628,1679,0.0,0.0,0.0,6,2,1,3,4,0,1,1
231823,1102,1.0,4.0,0.0,4,2,2,2,3,0,1,0
232352,586,0.0,3.0,0.0,2,1,1,2,0,0,1,1
232822,4079,0.0,3.0,0.0,2,1,1,1,0,0,2,0
233135,1459,0.0,3.0,1.0,4,1,1,1,3,0,1,0
233418,2537,0.0,0.0,0.0,4,3,3,1,0,0,1,3
23342,804,0.0,3.0,1.0,3,1,1,1,2,0,1,0
234716,4346,0.0,3.0,1.0,2,1,1,1,1,0,1,0
234871,3955,0.0,3.0,0.0,2,1,1,1,1,0,1,0
235017,361,0.0,6.0,0.0,10,2,1,2,7,0,1,2
235939,630,0.0,3.0,1.0,6,2,2,2,5,0,1,0
236070,1393,0.0,2.0,0.0,52,35,7,5,51,0,1,0
236075,1487,0.0,0.0,0.0,2,1,1,1,1,0,1,0
236101,361,0.0,6.0,1.0,3,1,1,2,2,0,1,0
236400,3513,0.0,3.0,0.0,4,1,1,2,3,0,1,0
236480,3702,1.0,5.0,0.0,3,1,1,1,2,0,1,0
236544,4738,0.0,5.0,0.0,16,7,3,2,14,0,1,1
236796,2653,0.0,3.0,1.0,6,2,1,1,4,0,2,0
236811,1963,0.0,4.0,1.0,63,22,1,3,62,0,1,0
237204,168,0.0,4.0,2.0,10,4,4,2,5,0,4,1
23741,2789,0.0,0.0,0.0,9,2,1,2,8,0,1,0
237560,361,0.0,6.0,0.0,18,9,4,3,16,0,1,1
237563,1051,0.0,3.0,0.0,4,2,1,1,3,0,1,0
238049,1719,0.0,3.0,0.0,9,1,1,1,7,0,2,0
238075,3614,0.0,3.0,0.0,3,1,1,1,1,0,2,0
238344,685,0.0,6.0,0.0,20,8,2,2,19,0,1,0
23880,3466,0.0,4.0,0.0,9,2,1,2,7,0,1,1
239094,4349,0.0,4.0,0.0,6,1,1,3,5,0,1,0
239109,3792,0.0,5.0,0.0,4,2,1,2,3,0,1,0
239881,4540,0.0,3.0,0.0,1,1,1,1,0,0,1,0
239949,2217,0.0,2.0,0.0,3,1,1,1,2,0,1,0
240604,915,0.0,7.0,1.0,6,3,2,1,5,0,1,0
240952,3472,0.0,4.0,1.0,2,1,1,1,1,0,1,0
241143,3984,0.0,4.0,1.0,10,6,4,2,9,0,1,0
241413,4950,1.0,3.0,0.0,15,6,4,5,12,0,1,2
241429,4724,0.0,4.0,1.0,3,1,1,1,2,0,1,0
241555,3623,0.0,0.0,0.0,1,1,1,1,0,0,1,0
242325,2273,1.0,6.0,0.0,5,2,1,1,3,0,2,0
24248,2721,0.0,4.0,0.0,13,3,1,1,12,0,1,0
24291,2031,0.0,3.0,1.0,10,3,1,2,9,0,1,0
243033,2193,0.0,0.0,0.0,2,1,1,1,1,0,1,0
243524,2435,0.0,0.0,0.0,1,1,1,1,0,0,1,0
243549,4829,0.0,3.0,0.0,47,20,2,5,42,0,2,3
244044,3159,0.0,3.0,0.0,7,3,3,1,5,0,2,0
244141,4394,0.0,4.0,0.0,5,1,1,1,4,0,1,0
244419,1780,0.0,3.0,1.0,3,1,1,1,2,0,1,0
244649,4040,0.0,5.0,0.0,1,1,1,1,0,0,1,0
245220,2470,0.0,3.0,0.0,7,2,1,1,6,0,1,0
245633,4405,0.0,0.0,0.0,3,1,1,2,2,0,1,0
2460,4282,0.0,3.0,1.0,4,1,1,1,3,0,1,0
246435,3979,0.0,0.0,1.0,2,1,1,1,1,0,1,0
246587,1472,0.0,3.0,0.0,1,1,1,1,0,0,1,0
24672,2991,0.0,0.0,0.0,16,1,1,1,14,0,1,1
246732,3828,0.0,0.0,0.0,8,7,5,2,7,0,1,0
246909,121,0.0,5.0,0.0,4,2,1,1,3,0,1,0
247242,1605,0.0,4.0,1.0,13,3,1,3,11,0,1,1
247449,946,0.0,5.0,0.0,6,4,1,1,5,0,1,0
247612,4173,0.0,4.0,0.0,21,15,7,5,19,0,1,1
247673,4090,0.0,0.0,0.0,7,1,1,5,6,0,1,0
248150,161,0.0,4.0,1.0,2,1,1,1,1,0,1,0
24828,3635,0.0,3.0,1.0,51,21,1,4,49,0,2,0
248507,2537,0.0,0.0,0.0,5,3,2,2,3,0,2,0
248647,1760,0.0,3.0,2.0,6,3,1,1,4,0,2,0
248677,3971,0.0,null,null,10,4,3,1,6,0,4,0
249092,3085,1.0,3.0,0.0,3,1,1,2,1,0,1,1
249108,4282,0.0,3.0,1.0,5,4,3,1,4,0,1,0
2492,2031,0.0,2.0,1.0,1,1,1,1,0,0,1,0
249823,2141,0.0,0.0,0.0,2,1,1,1,1,0,1,0
250181,4067,0.0,4.0,0.0,12,3,2,4,10,0,1,1
251102,1117,0.0,2.0,0.0,12,5,2,1,10,0,2,0
251610,962,0.0,3.0,0.0,7,6,4,1,6,0,1,0
251850,2669,0.0,4.0,2.0,7,3,1,2,6,0,1,0
251964,4648,0.0,2.0,0.0,4,1,1,1,3,0,1,0
252168,3602,0.0,5.0,0.0,2,1,1,1,1,0,1,0
252222,4760,0.0,2.0,1.0,3,1,1,1,2,0,1,0
252238,1540,0.0,4.0,0.0,2,2,1,1,0,0,2,0
252275,1944,0.0,0.0,0.0,9,6,4,1,7,0,2,0
252665,3205,1.0,5.0,0.0,8,3,1,1,7,0,1,0
2532,4976,0.0,6.0,0.0,3,1,1,1,1,0,1,1
25358,1557,0.0,3.0,1.0,7,3,1,2,6,0,1,0
253951,778,0.0,4.0,1.0,5,3,2,1,4,0,1,0
25404,4650,0.0,3.0,0.0,28,11,7,2,23,0,5,0
254322,4585,0.0,3.0,1.0,9,4,2,1,7,0,2,0
254424,289,0.0,3.0,1.0,3,2,1,1,2,0,1,0
254572,2313,0.0,4.0,0.0,6,1,1,1,5,0,1,0
254628,2424,0.0,0.0,1.0,6,2,1,1,5,0,1,0
254655,4371,0.0,6.0,1.0,1,1,1,1,0,0,1,0
254859,4718,0.0,3.0,0.0,1,1,1,1,0,0,1,0
254962,3892,0.0,0.0,1.0,5,3,1,1,4,0,1,0
25505,2883,0.0,7.0,0.0,2,1,1,2,0,0,1,1
255090,4607,0.0,4.0,1.0,7,4,1,3,6,0,1,0
255218,4966,0.0,4.0,0.0,4,2,1,1,2,0,2,0
255326,4325,0.0,0.0,1.0,13,1,1,3,11,0,1,1
255339,547,0.0,4.0,0.0,14,4,1,1,11,0,1,2
255591,4043,0.0,2.0,0.0,53,25,9,4,50,0,2,1
256013,4864,0.0,5.0,1.0,8,4,2,2,7,0,1,0
256092,4949,0.0,3.0,0.0,5,5,3,2,0,0,3,2
256373,198,0.0,0.0,0.0,1,1,1,1,0,0,1,0
257014,4424,0.0,2.0,1.0,8,2,1,1,7,0,1,0
25703,4287,0.0,0.0,0.0,2,1,1,1,1,0,1,0
257184,1203,0.0,0.0,0.0,4,2,1,1,3,0,1,0
257280,1067,0.0,6.0,1.0,7,3,1,3,5,0,1,1
257369,4071,0.0,2.0,0.0,5,1,1,2,3,0,1,1
258419,756,0.0,2.0,0.0,5,2,1,1,4,0,1,0
258693,1760,0.0,6.0,0.0,1,1,1,1,0,0,1,0
258802,323,0.0,2.0,0.0,1,1,1,1,0,0,1,0
259248,927,0.0,5.0,0.0,4,1,1,1,3,0,1,0
259383,625,0.0,0.0,1.0,12,2,1,2,8,1,2,1
259480,2397,0.0,4.0,0.0,8,1,1,1,6,0,2,0
259697,1221,0.0,0.0,0.0,1,1,1,1,0,0,1,0
260575,1957,0.0,4.0,0.0,9,4,2,1,6,1,2,0
261183,1291,0.0,0.0,0.0,20,6,1,3,17,0,3,0
261283,2876,0.0,3.0,0.0,10,2,2,4,8,1,1,0
261484,1324,0.0,0.0,0.0,3,1,1,1,2,0,1,0
261496,1318,0.0,3.0,0.0,3,2,2,2,2,0,1,0
26168,3170,1.0,4.0,1.0,7,2,2,1,4,0,3,0
261955,794,0.0,7.0,1.0,13,4,1,4,11,0,1,1
262330,824,0.0,0.0,null,2,1,1,1,1,0,1,0
262332,66,0.0,0.0,0.0,10,4,1,2,7,1,1,1
262783,396,0.0,2.0,0.0,9,2,1,2,7,0,1,1
262809,4044,0.0,0.0,0.0,5,3,2,1,4,0,1,0
262815,1412,0.0,3.0,0.0,3,1,1,1,2,0,1,0
262913,3585,0.0,2.0,0.0,20,5,2,2,19,0,1,0
263135,3839,0.0,6.0,1.0,16,1,1,5,14,1,1,0
263332,2935,0.0,3.0,1.0,6,2,1,1,5,0,1,0
263523,1659,0.0,6.0,null,5,3,1,1,4,0,1,0
263768,3075,0.0,3.0,0.0,2,1,1,1,0,0,1,1
26411,652,1.0,4.0,1.0,17,8,2,1,16,0,1,0
265206,4938,0.0,3.0,0.0,7,2,1,1,6,0,1,0
265576,4173,0.0,5.0,0.0,6,3,1,1,5,0,1,0
265718,3022,0.0,6.0,1.0,1,1,1,1,0,0,1,0
266147,1272,0.0,6.0,0.0,8,4,2,1,7,0,1,0
266533,3887,0.0,5.0,0.0,47,11,5,8,38,0,2,7
26657,1403,0.0,3.0,1.0,8,1,1,1,6,0,2,0
26661,2173,0.0,0.0,1.0,1,1,1,1,0,0,1,0
266856,742,0.0,4.0,0.0,9,1,1,2,7,0,1,1
267043,121,1.0,4.0,0.0,12,6,5,1,11,0,1,0
267292,3108,0.0,0.0,0.0,4,1,1,1,3,0,1,0
268146,2746,0.0,4.0,0.0,2,1,1,1,1,0,1,0
268146,3123,0.0,4.0,0.0,8,1,1,2,6,0,1,1
268429,3502,0.0,0.0,0.0,3,1,1,2,2,0,1,0
268794,3826,0.0,2.0,1.0,1,1,1,1,0,0,1,0
268898,3420,0.0,3.0,1.0,3,2,1,1,2,0,1,0
269707,2608,0.0,3.0,1.0,1,1,1,1,0,0,1,0
270111,3968,0.0,3.0,0.0,24,10,5,1,23,0,1,0
270267,3524,0.0,5.0,1.0,1,1,1,1,0,0,1,0
270276,2669,0.0,3.0,0.0,5,2,2,2,3,0,2,0
270363,3284,0.0,2.0,1.0,1,1,1,1,0,0,1,0
270453,1679,0.0,5.0,1.0,26,19,4,2,25,0,1,0
270513,1122,1.0,3.0,0.0,9,4,2,1,7,0,1,1
270699,1489,0.0,0.0,0.0,2,1,1,2,0,0,1,1
271124,1370,0.0,6.0,null,6,2,2,1,2,0,4,0
271293,4394,0.0,6.0,1.0,8,5,2,2,7,0,1,0
271359,794,0.0,0.0,1.0,13,9,1,1,12,0,1,0
271643,2014,0.0,0.0,0.0,80,34,4,7,79,0,1,0
271909,3936,0.0,3.0,0.0,7,4,3,1,5,0,1,1
272105,4143,0.0,5.0,0.0,25,9,4,4,24,0,1,0
272336,474,0.0,3.0,1.0,27,9,7,3,19,0,8,0
272582,4519,0.0,2.0,1.0,2,1,1,1,1,0,1,0
27366,121,0.0,5.0,0.0,5,1,1,2,4,0,1,0
274043,3925,0.0,0.0,0.0,18,9,4,4,16,0,1,1
274176,4864,0.0,8.0,1.0,42,17,2,2,40,0,1,1
274767,2318,0.0,4.0,0.0,22,4,2,3,18,0,1,3
275039,239,0.0,3.0,1.0,2,1,1,1,1,0,1,0
275461,4042,0.0,3.0,0.0,8,4,2,4,7,0,1,0
276138,1210,1.0,0.0,1.0,1,1,1,1,0,0,1,0
277166,3828,0.0,5.0,0.0,8,4,1,3,5,0,1,2
277231,2936,0.0,2.0,1.0,6,1,1,3,4,0,1,1
277569,152,0.0,5.0,0.0,5,1,1,2,4,0,1,0
278221,1742,0.0,4.0,0.0,2,2,1,1,1,0,1,0
279645,1102,0.0,3.0,0.0,17,12,3,2,16,0,1,0
279671,1499,0.0,0.0,0.0,10,2,1,3,9,0,1,0
279724,2325,0.0,6.0,0.0,5,1,1,2,3,0,1,1
280105,962,0.0,2.0,0.0,11,4,4,2,9,0,2,0
28011,24,1.0,4.0,0.0,6,3,2,1,5,0,1,0
280374,2193,0.0,0.0,0.0,5,3,2,1,3,0,1,1
280462,2592,0.0,2.0,0.0,2,2,2,1,0,0,2,0
280856,359,0.0,2.0,0.0,32,18,2,1,31,0,1,0
280925,2217,0.0,3.0,0.0,5,1,1,2,2,0,2,1
281385,1708,0.0,2.0,0.0,10,2,1,2,6,0,4,0
281500,958,0.0,6.0,0.0,25,10,1,4,22,0,2,1
281592,2294,0.0,6.0,0.0,2,1,1,1,1,0,1,0
281819,2124,0.0,4.0,1.0,4,3,1,2,3,0,1,0
282011,3635,0.0,5.0,0.0,2,1,1,1,0,0,2,0
282528,3200,0.0,3.0,0.0,15,10,6,4,14,0,1,0
282946,3905,0.0,5.0,1.0,13,3,1,6,12,0,1,0
283225,1487,0.0,4.0,1.0,7,1,1,2,5,0,1,1
28354,4234,0.0,5.0,0.0,26,14,7,2,25,0,1,0
283881,2445,0.0,4.0,0.0,2,1,1,1,1,0,1,0
283923,2273,0.0,4.0,0.0,12,2,1,4,10,0,1,1
284302,1276,0.0,5.0,0.0,5,2,1,1,4,0,1,0
284898,4163,0.0,3.0,0.0,3,1,1,1,2,0,1,0
284934,4864,0.0,2.0,0.0,12,6,2,2,11,0,1,0
285306,3925,0.0,4.0,0.0,18,11,4,5,17,0,1,0
285306,687,0.0,4.0,0.0,2,1,1,1,1,0,1,0
2854,685,0.0,5.0,0.0,68,10,2,3,62,0,1,5
285494,4044,0.0,0.0,0.0,73,29,9,10,72,0,1,0
286101,1268,0.0,0.0,0.0,2,1,1,1,1,0,1,0
2864,1987,0.0,6.0,1.0,6,1,1,1,4,0,2,0
286575,2916,1.0,3.0,0.0,5,1,1,1,4,0,1,0
287038,4048,0.0,5.0,1.0,4,2,1,1,3,0,1,0
287055,968,0.0,0.0,1.0,39,6,2,3,35,0,1,3
287364,63,0.0,0.0,0.0,11,7,4,2,10,0,1,0
28737,293,0.0,3.0,1.0,3,1,1,1,2,0,1,0
28757,1708,0.0,3.0,null,16,9,1,2,15,0,1,0
288409,4044,0.0,0.0,0.0,43,14,1,2,36,2,3,2
288866,1050,0.0,0.0,0.0,3,1,1,1,2,0,1,0
288942,3462,0.0,2.0,0.0,2,1,1,1,1,0,1,0
289133,3402,0.0,4.0,2.0,5,4,1,2,4,0,1,0
289398,3727,0.0,3.0,0.0,42,10,1,1,38,0,4,0
289847,4921,0.0,6.0,1.0,50,21,2,10,47,0,1,2
289893,2284,0.0,0.0,0.0,1,1,1,1,0,0,1,0
289939,3105,0.0,3.0,0.0,8,1,1,2,6,0,1,1
290440,4044,1.0,2.0,0.0,13,11,7,4,0,0,1,12
291674,4079,0.0,2.0,1.0,4,1,1,2,3,0,1,0
291931,1816,0.0,5.0,0.0,5,1,1,1,4,0,1,0
291971,1763,1.0,5.0,0.0,1,1,1,1,0,0,1,0
292207,1298,0.0,3.0,1.0,24,11,2,3,23,0,1,0
292263,3820,0.0,3.0,0.0,2,1,1,2,1,0,1,0
292299,2175,0.0,0.0,0.0,12,3,1,1,10,0,1,1
292395,4848,0.0,5.0,0.0,7,1,1,3,6,0,1,0
292941,2954,1.0,4.0,1.0,2,1,1,1,1,0,1,0
293077,2630,0.0,5.0,1.0,3,1,1,1,2,0,1,0
293775,654,0.0,4.0,0.0,14,8,2,1,12,0,2,0
294170,3766,0.0,3.0,0.0,7,5,3,2,6,0,1,0
294503,3073,0.0,3.0,0.0,7,3,1,1,5,0,2,0
294743,3578,0.0,0.0,0.0,5,1,1,1,4,0,1,0
295424,2099,0.0,0.0,0.0,26,12,5,4,16,0,8,2
295510,2031,0.0,0.0,1.0,3,1,1,1,2,0,1,0
295550,4143,0.0,5.0,0.0,12,3,2,2,11,0,1,0
295945,794,0.0,6.0,0.0,192,41,3,1,190,0,2,0
296058,1910,0.0,0.0,0.0,6,3,3,2,5,0,1,0
296200,794,0.0,5.0,0.0,19,10,1,1,18,0,1,0
29635,268,0.0,6.0,0.0,3,1,1,1,2,0,1,0
296853,4171,0.0,6.0,2.0,7,2,2,1,4,0,3,0
296855,1132,0.0,5.0,0.0,1,1,1,1,0,0,1,0
297368,2273,0.0,0.0,0.0,2,1,1,1,1,0,1,0
298076,3981,0.0,2.0,0.0,8,2,1,1,7,0,1,0
298264,3727,0.0,5.0,1.0,10,2,1,2,7,1,1,1
298537,798,0.0,3.0,0.0,10,6,4,2,9,0,1,0
298620,2879,0.0,0.0,0.0,2,1,1,1,1,0,1,0
298786,598,1.0,2.0,1.0,4,2,2,1,3,0,1,0
299317,926,0.0,3.0,0.0,9,3,2,1,7,0,2,0
299696,2193,0.0,2.0,0.0,4,3,1,1,3,0,1,0
29975,1330,0.0,4.0,0.0,5,1,1,1,3,0,1,1
300120,3826,0.0,4.0,0.0,4,1,1,2,3,0,1,0
300226,742,0.0,4.0,0.0,1,1,1,1,0,0,1,0
300569,121,0.0,4.0,0.0,22,13,7,1,17,0,5,0
300854,4018,0.0,4.0,0.0,4,1,1,1,3,0,1,0
300900,3173,0.0,0.0,0.0,6,1,1,1,2,0,4,0
30104,685,0.0,4.0,1.0,10,3,2,1,8,0,2,0
301227,2459,0.0,4.0,0.0,26,6,4,4,24,0,2,0
301938,2149,0.0,3.0,1.0,2,1,1,2,0,0,1,1
301991,1013,0.0,5.0,1.0,6,3,3,2,5,0,1,0
30204,3266,0.0,3.0,0.0,2,1,1,1,1,0,1,0
302420,2928,0.0,0.0,0.0,5,1,1,2,4,0,1,0
302579,1704,0.0,3.0,0.0,43,18,3,1,42,0,1,0
302597,4724,0.0,3.0,0.0,2,1,1,1,1,0,1,0
302951,1487,0.0,5.0,0.0,7,1,1,3,5,0,1,1
303155,1892,0.0,4.0,0.0,2,1,1,1,0,0,2,0
303743,467,0.0,0.0,1.0,6,3,1,3,5,0,1,0
303851,2879,0.0,5.0,1.0,5,1,1,1,3,0,2,0
303962,4280,0.0,3.0,1.0,2,1,1,1,1,0,1,0
304037,1742,0.0,0.0,0.0,5,1,1,1,4,0,1,0
304258,4049,0.0,3.0,0.0,7,1,1,2,5,1,1,0
304309,102,0.0,3.0,1.0,12,4,2,1,11,0,1,0
304399,3406,0.0,3.0,0.0,3,2,1,1,1,0,2,0
304900,1512,0.0,5.0,1.0,8,2,1,1,7,0,1,0
305136,2482,0.0,3.0,0.0,3,1,1,1,2,0,1,0
30527,4493,0.0,2.0,0.0,21,8,2,2,20,0,1,0
305532,2236,0.0,6.0,0.0,6,1,1,2,5,0,1,0
305549,2180,0.0,0.0,0.0,11,5,3,1,9,0,2,0
305801,1948,0.0,0.0,1.0,4,1,1,2,3,0,1,0
306907,4658,0.0,7.0,1.0,2,1,1,1,1,0,1,0
306946,2664,0.0,5.0,0.0,4,3,1,2,3,0,1,0
307046,259,0.0,2.0,1.0,9,2,1,2,7,0,2,0
307482,316,0.0,3.0,1.0,7,5,1,1,6,0,1,0
309472,946,0.0,2.0,0.0,44,20,3,9,39,0,1,4
310031,2699,0.0,6.0,0.0,16,1,1,6,14,0,2,0
310914,3990,0.0,3.0,0.0,1,1,1,1,0,0,1,0
312393,4502,1.0,5.0,0.0,4,2,1,1,2,0,2,0
312886,4394,1.0,4.0,0.0,16,4,1,2,13,0,3,0
31295,3484,0.0,3.0,1.0,3,1,1,3,2,0,1,0
312966,3460,0.0,2.0,0.0,6,1,1,1,4,0,2,0
313199,310,0.0,0.0,1.0,1,1,1,1,0,0,1,0
313268,3016,0.0,3.0,1.0,11,2,2,4,10,0,1,0
313415,2565,0.0,0.0,0.0,5,1,1,1,4,0,1,0
313468,2720,0.0,4.0,1.0,33,13,4,6,32,0,1,0
31421,98,0.0,3.0,0.0,2,1,1,1,1,0,1,0
314466,4568,1.0,4.0,1.0,9,6,3,2,7,0,2,0
314745,4197,0.0,4.0,1.0,1,1,1,1,0,0,1,0
31488,598,0.0,0.0,null,15,9,3,3,14,0,1,0
314880,3286,0.0,2.0,1.0,7,2,1,1,6,0,1,0
314953,3623,0.0,3.0,0.0,3,1,1,1,1,0,2,0
315287,310,0.0,0.0,0.0,3,1,1,2,2,0,1,0
315828,2684,0.0,0.0,0.0,6,2,2,1,5,0,1,0
315942,1131,0.0,5.0,1.0,25,10,2,2,24,0,1,0
3160,426,0.0,5.0,0.0,2,1,1,1,1,0,1,0
316102,3501,0.0,2.0,1.0,28,8,5,1,24,0,4,0
316224,2928,0.0,0.0,0.0,3,1,1,1,2,0,1,0
316235,2277,0.0,2.0,1.0,14,2,2,3,11,0,1,2
316595,3355,0.0,0.0,2.0,2,1,1,1,1,0,1,0
316725,2640,1.0,5.0,1.0,24,12,9,2,16,0,8,0
316769,682,0.0,0.0,1.0,5,4,3,2,3,0,2,0
316853,2721,0.0,3.0,0.0,13,8,2,4,12,0,1,0
316954,3971,0.0,5.0,1.0,4,1,1,1,3,0,1,0
318099,300,0.0,0.0,0.0,3,1,1,2,2,0,1,0
319510,3734,1.0,3.0,1.0,82,34,10,6,79,0,3,0
319547,2755,0.0,0.0,1.0,4,3,2,1,3,0,1,0
319610,1090,0.0,3.0,0.0,22,8,3,1,20,0,2,0
319620,3424,0.0,0.0,0.0,3,1,1,1,2,0,1,0
320748,4049,0.0,4.0,0.0,2,1,1,1,1,0,1,0
32079,4079,0.0,2.0,0.0,2,1,1,1,1,0,1,0
320925,3460,0.0,3.0,1.0,1,1,1,1,0,0,1,0
320939,742,0.0,4.0,null,1,1,1,1,0,0,1,0
320942,1411,0.0,0.0,null,2,1,1,1,1,0,1,0
320999,4287,0.0,2.0,0.0,4,1,1,1,3,0,1,0
321222,2928,0.0,4.0,1.0,4,1,1,2,3,0,1,0
321322,1964,0.0,3.0,0.0,4,1,1,4,3,0,1,0
321389,4671,0.0,4.0,0.0,7,3,2,1,6,0,1,0
321744,3640,0.0,3.0,0.0,4,1,1,1,3,0,1,0
321937,962,0.0,3.0,0.0,16,7,3,1,14,0,2,0
322231,786,0.0,0.0,0.0,10,3,2,2,9,0,1,0
322371,437,0.0,3.0,0.0,12,5,2,4,9,0,1,2
322387,3915,0.0,4.0,0.0,6,1,1,3,5,0,1,0
322434,2565,0.0,4.0,0.0,2,1,1,1,1,0,1,0
322559,4950,0.0,3.0,0.0,3,1,1,1,2,0,1,0
322988,1890,0.0,0.0,0.0,1,1,1,1,0,0,1,0
32400,4394,0.0,0.0,0.0,19,2,1,1,16,1,2,0
324019,315,0.0,3.0,0.0,48,11,2,8,46,0,2,0
324208,574,0.0,3.0,0.0,9,6,1,1,7,0,1,1
325486,1900,1.0,5.0,1.0,5,2,2,1,4,0,1,0
326158,3578,0.0,4.0,0.0,3,1,1,1,2,0,1,0
326308,4727,0.0,3.0,1.0,1,1,1,1,0,0,1,0
326801,1254,0.0,4.0,1.0,8,1,1,1,6,0,2,0
326905,3984,0.0,4.0,0.0,10,2,1,3,7,0,1,2
326995,2954,0.0,4.0,0.0,10,8,6,1,8,0,2,0
32707,3563,0.0,4.0,1.0,2,1,1,1,1,0,1,0
32748,1892,0.0,0.0,0.0,9,4,2,2,6,0,2,1
327929,2217,0.0,4.0,0.0,6,2,2,3,5,0,1,0
32799,4705,0.0,2.0,0.0,2,1,1,1,1,0,1,0
328000,2994,0.0,4.0,null,2,1,1,1,1,0,1,0
328211,4374,1.0,3.0,1.0,12,11,5,4,11,0,1,0
328216,1526,0.0,0.0,0.0,3,3,3,1,0,0,3,0
328888,361,0.0,3.0,0.0,5,2,1,2,3,0,2,0
329077,416,0.0,5.0,0.0,12,8,3,4,11,0,1,0
329424,4976,0.0,3.0,0.0,13,8,3,2,12,0,1,0
329472,4137,0.0,4.0,0.0,1,1,1,1,0,0,1,0
330282,641,0.0,0.0,1.0,16,14,7,2,15,0,1,0
330604,3462,0.0,3.0,0.0,10,5,1,2,9,0,1,0
330748,1923,1.0,4.0,0.0,3,2,1,1,2,0,1,0
331015,1875,1.0,0.0,0.0,7,4,2,2,6,0,1,0
331200,4170,0.0,0.0,0.0,2,1,2,1,0,1,1,0
331336,4287,0.0,5.0,0.0,4,1,1,1,3,0,1,0
331394,361,0.0,0.0,1.0,4,2,2,1,2,0,2,0
331776,2981,0.0,3.0,0.0,29,11,3,1,27,0,2,0
331805,2796,0.0,3.0,null,2,1,1,1,1,0,1,0
332112,361,0.0,0.0,0.0,9,3,1,2,8,0,1,0
332126,1272,0.0,0.0,1.0,3,1,1,1,2,0,1,0
332324,1500,0.0,7.0,1.0,9,2,1,5,8,0,1,0
332383,2857,0.0,5.0,1.0,2,1,1,1,1,0,1,0
332618,2727,0.0,3.0,0.0,5,1,1,1,4,0,1,0
332625,1742,0.0,0.0,0.0,29,11,1,3,22,0,3,4
333356,3941,0.0,7.0,1.0,10,2,2,1,9,0,1,0
333497,121,0.0,4.0,0.0,36,11,4,8,31,0,1,4
333558,1487,0.0,6.0,0.0,9,1,1,4,8,0,1,0
333923,2217,0.0,0.0,0.0,5,2,1,1,4,0,1,0
334091,4043,0.0,6.0,0.0,1,1,1,1,0,0,1,0
334585,1102,0.0,3.0,0.0,2,2,1,1,0,0,1,1
336055,3236,0.0,6.0,0.0,9,2,1,3,7,0,1,1
336158,3022,0.0,3.0,1.0,29,12,5,2,28,0,1,0
336224,1679,0.0,3.0,0.0,10,3,3,3,6,0,2,2
336814,4427,0.0,0.0,0.0,2,1,1,1,1,0,1,0
337004,4267,0.0,0.0,0.0,6,6,4,2,0,0,3,3
337428,148,0.0,3.0,0.0,8,2,2,2,7,0,1,0
337648,412,0.0,0.0,0.0,21,8,4,2,20,0,1,0
337702,1679,0.0,0.0,0.0,10,6,3,1,9,0,1,0
337762,2031,0.0,2.0,0.0,2,1,1,2,0,0,1,1
337816,1377,0.0,0.0,0.0,12,2,1,2,11,0,1,0
337951,3753,0.0,2.0,0.0,4,1,1,1,3,0,1,0
338051,3968,0.0,3.0,0.0,4,1,1,2,3,0,1,0
33893,3451,0.0,0.0,0.0,3,1,1,1,1,0,2,0
339628,3828,0.0,2.0,0.0,6,4,3,3,0,0,1,5
339632,1407,0.0,3.0,0.0,19,10,1,2,15,0,2,2
340240,3602,0.0,2.0,0.0,1,1,1,1,0,0,1,0
340876,2266,0.0,4.0,1.0,1,1,1,1,0,0,1,0
341325,4966,0.0,0.0,1.0,8,3,3,2,7,0,1,0
341597,4173,0.0,0.0,2.0,19,12,3,4,18,0,1,0
341679,2145,0.0,3.0,0.0,9,1,1,4,8,0,1,0
341725,1200,0.0,2.0,0.0,11,1,1,1,10,0,1,0
34179,1861,0.0,3.0,0.0,8,3,1,3,7,0,1,0
342051,3236,0.0,3.0,0.0,11,4,1,1,10,0,1,0
34236,3207,0.0,5.0,0.0,2,1,1,1,1,0,1,0
342846,4269,0.0,4.0,1.0,15,4,1,3,14,0,1,0
343012,3472,0.0,2.0,0.0,4,1,1,1,3,0,1,0
343408,2048,0.0,0.0,1.0,9,1,1,2,8,0,1,0
344148,145,0.0,2.0,0.0,15,5,1,1,14,0,1,0
344196,3734,0.0,2.0,1.0,5,2,2,1,3,0,1,1
344719,2511,0.0,5.0,1.0,6,1,1,2,5,0,1,0
345124,1840,0.0,4.0,0.0,3,1,1,1,2,0,1,0
345632,4043,0.0,2.0,0.0,16,7,5,1,15,0,1,0
345707,3022,0.0,7.0,0.0,3,1,1,2,2,0,1,0
345722,1340,0.0,0.0,0.0,27,14,2,3,24,0,3,0
345904,3191,0.0,0.0,0.0,6,3,1,2,5,0,1,0
345939,643,0.0,3.0,0.0,1,1,1,1,0,0,1,0
346077,2140,0.0,6.0,1.0,10,7,1,1,9,0,1,0
346146,4911,0.0,0.0,0.0,3,2,1,1,2,0,1,0
346212,742,0.0,0.0,0.0,13,4,2,8,9,0,1,3
346560,4173,0.0,3.0,0.0,3,2,1,2,0,1,1,1
346566,4976,0.0,4.0,2.0,21,12,3,6,18,0,2,1
346750,4976,0.0,0.0,0.0,4,2,2,3,2,0,1,1
346939,4850,0.0,5.0,2.0,5,3,2,3,3,0,1,1
346941,1200,0.0,4.0,0.0,1,1,1,1,0,0,1,0
347127,3586,0.0,4.0,0.0,3,2,1,2,0,0,1,2
347182,3826,0.0,2.0,1.0,10,1,1,2,7,0,2,1
34822,1051,0.0,0.0,0.0,2,1,1,1,1,0,1,0
348689,2767,0.0,4.0,0.0,1,1,1,1,0,0,1,0
348913,310,0.0,4.0,1.0,2,1,1,1,1,0,1,0
349827,747,0.0,5.0,0.0,7,1,1,2,6,0,1,0
349830,946,0.0,4.0,0.0,4,2,1,1,3,0,1,0
349841,606,0.0,3.0,0.0,9,8,4,3,0,0,4,5
350115,1678,0.0,7.0,0.0,2,1,1,1,1,0,1,0
352027,3689,0.0,3.0,1.0,2,1,1,1,1,0,1,0
35212,2505,0.0,0.0,1.0,2,1,1,1,1,0,1,0
352487,3687,0.0,3.0,0.0,12,4,1,1,10,0,2,0
352818,1978,0.0,2.0,1.0,6,2,1,2,5,0,1,0
352886,3898,0.0,5.0,0.0,6,4,1,2,5,0,1,0
353116,1203,0.0,4.0,0.0,4,2,1,1,0,0,2,2
353150,2170,0.0,2.0,1.0,2,1,1,2,1,0,1,0
353272,2954,0.0,5.0,0.0,8,3,2,1,6,0,2,0
35334,4079,0.0,5.0,0.0,29,7,4,3,23,0,4,2
353426,1661,0.0,0.0,0.0,4,3,2,1,3,0,1,0
35447,3460,0.0,0.0,0.0,2,1,1,1,1,0,1,0
355093,1861,1.0,3.0,0.0,3,2,1,1,2,0,1,0
355107,1124,0.0,7.0,0.0,10,4,1,1,8,0,2,0
355333,2036,0.0,4.0,0.0,3,2,2,2,2,0,1,0
355634,4581,0.0,6.0,0.0,18,8,2,1,17,0,1,0
355838,2014,0.0,7.0,0.0,27,2,1,2,26,0,1,0
356711,3205,0.0,0.0,null,16,5,2,2,15,0,1,0
356858,1602,0.0,6.0,0.0,1,1,1,1,0,0,1,0
357200,2108,0.0,4.0,0.0,2,2,2,2,1,0,1,0
357268,4287,0.0,3.0,0.0,8,1,1,2,5,0,2,1
357444,4280,1.0,0.0,0.0,15,5,1,2,14,0,1,0
357450,742,0.0,5.0,0.0,5,3,1,1,3,0,2,0
357548,293,0.0,0.0,0.0,7,2,1,1,5,0,2,0
357637,3683,0.0,0.0,1.0,4,1,1,1,3,0,1,0
358073,2173,1.0,0.0,0.0,38,8,2,2,33,0,5,0
358167,786,0.0,2.0,1.0,2,2,1,2,1,0,1,0
358460,3433,0.0,4.0,0.0,4,1,1,4,2,0,1,1
358783,4171,0.0,0.0,0.0,2,1,1,1,1,0,1,0
359129,4607,0.0,0.0,0.0,13,6,1,3,12,0,1,0
359380,1585,0.0,0.0,0.0,3,1,1,1,2,0,1,0
359664,3826,0.0,4.0,2.0,2,1,1,1,1,0,1,0
360004,1470,1.0,3.0,1.0,5,3,1,1,4,0,1,0
36015,2415,0.0,7.0,1.0,1,1,1,1,0,0,1,0
361076,4594,1.0,7.0,1.0,47,13,3,1,44,0,3,0
361207,1970,0.0,0.0,0.0,2,1,1,1,1,0,1,0
361549,2140,0.0,3.0,0.0,21,13,1,1,20,0,1,0
361626,2537,1.0,3.0,0.0,14,6,3,2,9,0,2,3
36207,4525,1.0,3.0,0.0,10,2,1,1,8,0,2,0
362627,1272,0.0,5.0,0.0,2,1,1,1,1,0,1,0
364425,424,0.0,2.0,1.0,2,1,1,1,0,1,1,0
364434,4042,0.0,3.0,0.0,5,2,1,1,3,0,2,0
364827,4480,0.0,4.0,0.0,19,8,2,1,18,0,1,0
365163,203,0.0,2.0,0.0,3,1,1,1,2,0,1,0
365326,4048,0.0,3.0,0.0,2,1,1,1,1,0,1,0
365335,3271,0.0,2.0,0.0,11,2,2,2,10,0,1,0
365377,3609,1.0,0.0,0.0,10,3,1,2,9,0,1,0
365429,1102,0.0,3.0,0.0,36,16,3,6,35,0,1,0
365453,2883,0.0,3.0,0.0,2,2,1,2,0,0,1,1
36552,4079,0.0,2.0,0.0,4,2,1,1,2,0,2,0
365813,390,0.0,4.0,1.0,2,1,1,1,1,0,1,0
365828,3350,0.0,4.0,0.0,21,2,1,3,20,0,1,0
366349,4659,0.0,0.0,0.0,3,2,1,2,2,0,1,0
366498,4143,0.0,5.0,0.0,4,2,1,1,2,0,2,0
366552,3734,0.0,2.0,0.0,1,1,1,1,0,0,1,0
367313,3159,0.0,0.0,1.0,2,1,1,1,1,0,1,0
367373,1168,0.0,4.0,0.0,29,14,9,1,22,0,7,0
367743,2537,0.0,0.0,0.0,5,3,1,2,4,0,1,0
367794,598,0.0,0.0,0.0,17,3,2,2,15,0,1,1
368029,608,0.0,5.0,0.0,20,8,2,3,18,0,2,0
368114,2193,1.0,3.0,0.0,36,12,4,4,33,0,1,2
368321,3274,0.0,0.0,0.0,6,3,2,1,5,0,1,0
369285,1487,0.0,3.0,0.0,4,3,1,2,1,0,1,2
369375,1504,0.0,3.0,0.0,10,3,2,2,9,0,1,0
36985,1487,0.0,5.0,0.0,5,2,1,2,2,0,1,2
370013,968,0.0,3.0,0.0,1,1,1,1,0,0,1,0
370580,398,0.0,0.0,0.0,1,1,1,1,0,0,1,0
370630,67,0.0,3.0,0.0,10,2,2,5,8,0,1,1
370997,4577,0.0,4.0,0.0,2,1,1,1,1,0,1,0
371203,3954,1.0,0.0,1.0,3,1,1,2,2,0,1,0
37163,4195,0.0,2.0,0.0,6,2,1,1,5,0,1,0
372475,4170,0.0,0.0,0.0,8,1,1,1,7,0,1,0
372520,1013,0.0,6.0,0.0,29,12,5,2,23,0,2,4
37307,4050,0.0,3.0,1.0,6,1,1,2,5,0,1,0
373261,4584,0.0,4.0,0.0,3,1,1,1,2,0,1,0
373399,4755,0.0,3.0,0.0,4,1,1,1,2,0,2,0
373843,4173,0.0,3.0,0.0,3,1,1,2,2,0,1,0
374857,3640,0.0,6.0,0.0,18,12,2,2,16,0,1,1
374922,4044,0.0,3.0,0.0,57,38,6,8,56,0,1,0
37510,4044,0.0,2.0,0.0,2,1,1,1,1,0,1,0
375428,2238,0.0,3.0,0.0,26,18,6,3,25,0,1,0
375433,3954,0.0,2.0,0.0,5,2,2,2,4,0,1,0
375997,2537,0.0,2.0,0.0,2,2,2,1,1,0,1,0
376062,4336,0.0,0.0,1.0,4,2,1,1,3,0,1,0
376519,1092,0.0,3.0,0.0,6,2,1,1,5,0,1,0
376609,2318,0.0,3.0,0.0,5,3,1,1,4,0,1,0
377388,608,0.0,5.0,0.0,2,1,1,1,1,0,1,0
378377,4373,0.0,4.0,0.0,7,2,1,2,5,0,1,1
379340,3502,0.0,3.0,1.0,3,1,1,2,1,0,2,0
379742,2821,0.0,3.0,1.0,7,1,1,1,6,0,1,0
379832,960,1.0,0.0,0.0,7,2,1,2,6,0,1,0
380449,4730,0.0,2.0,0.0,2,1,1,1,1,0,1,0
380826,4420,0.0,6.0,0.0,1,1,1,1,0,0,1,0
381093,2242,0.0,4.0,1.0,1,1,1,1,0,0,1,0
38154,3623,0.0,6.0,0.0,17,2,2,3,14,0,2,1
381562,4864,0.0,5.0,0.0,2,2,1,1,0,0,2,0
381653,3345,0.0,2.0,0.0,9,4,1,3,6,0,1,2
381787,1031,0.0,3.0,0.0,3,2,1,2,2,0,1,0
382060,2436,0.0,0.0,0.0,25,11,8,10,22,0,1,2
382256,121,0.0,4.0,0.0,8,4,2,1,7,0,1,0
382515,4394,0.0,4.0,null,6,1,1,1,5,0,1,0
382820,817,0.0,3.0,0.0,8,3,1,3,6,0,1,1
382874,687,0.0,4.0,1.0,1,1,1,1,0,0,1,0
38346,2954,0.0,3.0,0.0,3,1,1,1,2,0,1,0
383509,952,0.0,3.0,0.0,6,1,1,1,5,0,1,0
383518,66,0.0,5.0,0.0,2,1,1,1,1,0,1,0
383688,4864,0.0,5.0,0.0,4,3,2,2,3,0,1,0
383729,3006,0.0,2.0,0.0,9,3,1,1,7,0,1,1
383890,2273,0.0,2.0,0.0,9,4,1,5,5,0,2,2
384192,798,0.0,2.0,0.0,11,2,1,4,8,0,1,2
384430,1437,0.0,4.0,0.0,14,8,1,1,13,0,1,0
38481,4894,0.0,2.0,1.0,3,2,1,1,2,0,1,0
384834,1890,0.0,4.0,1.0,8,2,2,2,7,0,1,0
384980,804,0.0,4.0,0.0,12,9,4,1,10,0,2,0
38503,323,0.0,0.0,1.0,7,5,1,2,6,0,1,0
385144,2014,0.0,2.0,0.0,10,3,1,1,9,0,1,0
385154,798,0.0,4.0,1.0,7,3,3,1,6,0,1,0
385385,2072,0.0,2.0,0.0,19,3,1,1,18,0,1,0
385414,2648,0.0,6.0,1.0,8,3,2,2,7,0,1,0
385521,4985,0.0,0.0,0.0,9,4,1,3,8,0,1,0
386009,4968,0.0,3.0,0.0,13,8,2,1,11,0,2,0
386142,4131,0.0,0.0,0.0,14,3,1,3,11,1,1,1
386577,3578,0.0,6.0,0.0,13,5,2,1,11,0,2,0
386953,4044,0.0,2.0,0.0,140,48,10,3,138,0,2,0
387516,1356,1.0,5.0,0.0,2,1,1,2,0,0,1,1
387553,4571,0.0,6.0,0.0,3,1,1,1,2,0,1,0
38774,2318,0.0,8.0,0.0,20,5,2,1,17,0,1,2
387782,685,0.0,4.0,1.0,5,2,1,1,4,0,1,0
387973,682,0.0,2.0,1.0,9,2,2,3,7,0,1,1
388360,4220,0.0,3.0,2.0,13,9,1,1,11,0,2,0
388396,1203,0.0,4.0,0.0,7,1,1,1,6,0,1,0
38844,1102,0.0,4.0,0.0,13,10,4,2,12,0,1,0
388781,2916,0.0,3.0,0.0,5,2,1,2,4,0,1,0
388796,4129,0.0,3.0,0.0,30,18,6,2,29,0,1,0
389030,2318,0.0,4.0,0.0,40,9,3,5,35,0,1,4
390468,2450,0.0,0.0,0.0,7,3,1,1,6,0,1,0
390907,1077,0.0,3.0,1.0,5,2,2,1,3,0,2,0
391218,1784,0.0,4.0,0.0,5,1,1,1,3,0,1,1
391328,4705,0.0,3.0,0.0,5,1,1,1,4,0,1,0
391654,1964,0.0,3.0,0.0,12,7,4,3,8,0,3,1
392023,4950,0.0,0.0,0.0,5,2,2,1,4,0,1,0
392069,4648,0.0,0.0,0.0,23,15,7,1,18,0,5,0
392255,2883,0.0,0.0,0.0,20,12,2,2,19,0,1,0
39257,3734,0.0,4.0,0.0,8,3,1,3,7,0,1,0
393126,4282,0.0,3.0,1.0,3,1,1,1,2,0,1,0
393353,3897,0.0,2.0,1.0,2,1,1,2,1,0,1,0
394261,2099,0.0,0.0,0.0,2,1,1,2,0,0,1,1
394645,4818,0.0,3.0,0.0,15,10,3,2,13,0,2,0
394796,209,0.0,3.0,0.0,2,1,1,1,1,0,1,0
3950,22,0.0,4.0,1.0,2,1,1,1,1,0,1,0
395473,1330,0.0,0.0,0.0,15,6,1,2,14,0,1,0
395478,3898,0.0,4.0,1.0,5,2,1,1,4,0,1,0
395639,1749,0.0,3.0,0.0,4,3,3,1,1,0,3,0
396173,2031,0.0,2.0,0.0,3,1,1,2,2,0,1,0
396429,1283,0.0,2.0,0.0,6,2,2,1,4,0,1,1
397223,4267,0.0,4.0,0.0,14,11,4,1,12,0,2,0
397581,308,0.0,4.0,0.0,4,1,1,1,3,0,1,0
39772,3578,0.0,3.0,1.0,4,1,1,2,2,0,1,1
39832,4992,0.0,0.0,0.0,35,12,1,5,29,0,3,3
398368,361,0.0,3.0,1.0,5,3,2,1,4,0,1,0
398952,2935,0.0,0.0,0.0,4,1,1,1,3,0,1,0
398966,3473,0.0,4.0,0.0,57,8,3,10,52,0,1,4
399251,685,0.0,4.0,0.0,1,1,1,1,0,0,1,0
399359,2403,0.0,3.0,0.0,48,19,3,4,46,0,2,0
39942,2482,0.0,3.0,0.0,3,1,1,2,1,0,1,1
400948,4048,0.0,3.0,0.0,18,7,1,3,13,0,5,0
401696,3105,0.0,3.0,1.0,1,1,1,1,0,0,1,0
401706,2066,0.0,0.0,0.0,10,3,1,2,7,0,1,2
402198,1488,0.0,4.0,1.0,4,1,1,2,3,0,1,0
402598,1978,1.0,2.0,0.0,13,3,2,2,12,0,1,0
403300,66,0.0,2.0,0.0,6,3,1,1,5,0,1,0
403339,2954,0.0,4.0,1.0,11,2,1,4,10,0,1,0
404028,3062,0.0,5.0,2.0,6,3,1,1,5,0,1,0
404269,742,0.0,4.0,0.0,3,1,1,1,2,0,1,0
405357,2669,0.0,3.0,0.0,48,16,11,5,44,0,3,1
405519,1393,0.0,4.0,1.0,20,16,7,3,19,0,1,0
405540,588,0.0,0.0,0.0,1,1,1,1,0,0,1,0
4056,4071,0.0,6.0,1.0,2,1,1,1,1,0,1,0
405630,2031,0.0,0.0,1.0,10,2,1,2,9,0,1,0
406055,4955,0.0,7.0,0.0,1,1,1,1,0,0,1,0
406294,1833,0.0,6.0,1.0,14,5,3,2,12,0,2,0
406461,3469,0.0,2.0,0.0,41,6,1,10,38,0,1,2
40692,416,0.0,0.0,0.0,7,1,1,1,6,0,1,0
407044,2318,0.0,4.0,0.0,6,2,1,1,5,0,1,0
407219,1502,0.0,4.0,0.0,3,1,1,1,2,0,1,0
407646,4044,1.0,0.0,0.0,27,13,4,8,25,0,2,0
407811,2341,0.0,3.0,0.0,10,3,3,1,7,0,3,0
407898,308,0.0,0.0,1.0,13,1,1,2,12,0,1,0
408156,1102,0.0,6.0,0.0,1,1,1,1,0,0,1,0
40820,1024,0.0,4.0,1.0,19,5,1,2,18,0,1,0
408461,4864,0.0,6.0,0.0,8,2,1,2,7,0,1,0
4086,3682,0.0,3.0,0.0,1,1,1,1,0,0,1,0
408746,2525,0.0,4.0,0.0,9,2,1,1,8,0,1,0
409085,1618,0.0,6.0,0.0,6,1,1,1,5,0,1,0
409088,4370,0.0,0.0,0.0,5,1,1,1,4,0,1,0
409196,2036,0.0,2.0,1.0,1,1,1,1,0,0,1,0
409781,946,0.0,5.0,1.0,9,3,1,2,8,0,1,0
409797,2880,0.0,2.0,0.0,14,2,2,1,12,0,2,0
410308,236,0.0,4.0,1.0,33,16,3,2,32,0,1,0
410688,2273,0.0,6.0,1.0,16,3,1,2,15,0,1,0
410874,3835,0.0,3.0,0.0,3,2,2,1,1,0,2,0
411228,2403,0.0,4.0,0.0,17,4,1,2,16,0,1,0
411280,829,0.0,4.0,0.0,29,16,2,6,27,0,1,1
411378,1353,0.0,2.0,1.0,4,1,1,1,2,0,2,0
41153,4864,0.0,0.0,1.0,8,1,1,2,6,0,1,1
411621,3148,0.0,6.0,0.0,84,33,5,8,79,0,3,2
411633,2051,0.0,4.0,0.0,10,2,1,2,9,0,1,0
411912,1943,0.0,4.0,0.0,3,1,1,1,2,0,1,0
412443,2031,0.0,0.0,0.0,6,3,1,1,5,0,1,0
412597,1978,0.0,3.0,1.0,2,1,1,1,1,0,1,0
412701,141,0.0,0.0,null,2,1,1,1,1,0,1,0
412984,2141,1.0,0.0,0.0,4,3,1,3,3,0,1,0
413085,3732,0.0,5.0,0.0,2,1,1,1,1,0,1,0
413264,1749,0.0,4.0,0.0,14,6,3,3,11,0,3,0
41372,3022,0.0,3.0,1.0,11,3,2,1,9,0,2,0
414370,4659,0.0,5.0,1.0,4,4,3,1,0,0,4,0
414535,2124,0.0,4.0,0.0,12,4,1,2,11,0,1,0
414833,1131,0.0,3.0,0.0,17,8,4,3,15,0,1,1
415154,4048,0.0,7.0,0.0,31,12,1,1,26,0,5,0
41534,1742,0.0,3.0,0.0,12,11,1,2,11,0,1,0
41560,502,0.0,3.0,0.0,5,2,1,1,3,0,2,0
41576,1408,0.0,3.0,0.0,2,1,1,1,1,0,1,0
415859,2721,0.0,6.0,0.0,3,1,1,1,2,0,1,0
416927,1640,0.0,0.0,0.0,12,2,1,3,11,0,1,0
416989,2318,0.0,3.0,0.0,1,1,1,1,0,0,1,0
417198,4760,0.0,0.0,1.0,9,2,1,1,8,0,1,0
417459,1187,0.0,5.0,0.0,7,3,2,2,6,0,1,0
417698,222,0.0,6.0,1.0,12,3,2,2,11,0,1,0
417767,3363,0.0,2.0,0.0,2,1,1,1,0,0,1,1
417908,296,0.0,3.0,0.0,13,2,1,3,11,0,1,1
418315,2981,0.0,0.0,0.0,11,4,2,1,10,0,1,0
418519,3472,0.0,3.0,0.0,4,1,1,2,3,0,1,0
418533,3420,0.0,3.0,0.0,1,1,1,1,0,0,1,0
419056,127,0.0,2.0,0.0,2,1,1,2,0,0,1,1
419333,416,0.0,6.0,0.0,22,10,2,2,20,0,1,1
419710,3484,0.0,4.0,0.0,2,1,1,1,1,0,1,0
420017,1056,0.0,3.0,0.0,2,1,1,1,1,0,1,0
420159,3828,0.0,3.0,0.0,7,5,3,1,5,0,1,1
420170,1673,0.0,3.0,1.0,3,1,1,2,2,0,1,0
420863,3055,0.0,0.0,null,5,1,1,1,4,0,1,0
421010,4043,0.0,6.0,0.0,4,3,1,1,3,0,1,0
421105,1495,0.0,5.0,0.0,4,2,1,2,3,0,1,0
421229,1008,0.0,6.0,1.0,1,1,1,1,0,0,1,0
42141,4043,0.0,3.0,0.0,38,11,6,2,37,0,1,0
42159,2313,0.0,3.0,0.0,10,1,1,3,8,0,1,1
421801,2569,0.0,4.0,0.0,12,2,1,2,9,1,2,0
421855,3501,1.0,3.0,1.0,8,6,4,1,6,0,2,0
421879,2177,0.0,7.0,1.0,6,1,1,3,5,0,1,0
422708,862,0.0,3.0,1.0,100,42,25,4,89,0,10,1
423677,2036,0.0,2.0,1.0,5,2,2,2,3,0,1,1
424157,798,0.0,3.0,0.0,1,1,1,1,0,0,1,0
42876,2891,0.0,5.0,1.0,16,12,3,3,15,0,1,0
43334,3851,0.0,0.0,null,7,3,3,3,4,0,1,2
43662,1659,0.0,3.0,0.0,17,2,1,4,15,0,1,1
4385,2031,0.0,2.0,1.0,3,2,1,1,2,0,1,0
44430,3484,0.0,5.0,0.0,1,1,1,1,0,0,1,0
4454,4273,0.0,3.0,2.0,40,25,8,6,38,0,2,0
44553,98,0.0,3.0,0.0,2,1,1,1,1,0,1,0
44691,1708,0.0,3.0,1.0,13,6,1,3,11,0,1,1
44716,2002,0.0,6.0,1.0,3,1,1,1,2,0,1,0
4490,3159,0.0,3.0,0.0,11,6,4,1,10,0,1,0
45101,2194,0.0,3.0,1.0,1,1,1,1,0,0,1,0
45187,1557,0.0,3.0,1.0,33,15,4,6,31,1,1,0
45210,1145,0.0,6.0,0.0,8,5,1,3,7,0,1,0
45363,4173,0.0,0.0,0.0,12,5,3,2,9,0,1,2
45609,2193,0.0,0.0,0.0,3,2,1,1,2,0,1,0
45702,2124,0.0,3.0,1.0,3,1,1,1,2,0,1,0
46414,4394,0.0,6.0,1.0,3,2,1,1,2,0,1,0
46503,2876,0.0,3.0,0.0,2,1,1,2,1,0,1,0
46761,3476,0.0,4.0,1.0,35,15,9,3,32,0,3,0
46902,4992,0.0,4.0,0.0,9,6,1,2,7,0,1,1
47174,2935,0.0,4.0,1.0,8,3,1,2,7,0,1,0
4752,3990,0.0,4.0,0.0,2,1,1,1,1,0,1,0
47981,416,0.0,3.0,0.0,42,15,7,9,36,0,1,5
48086,2066,0.0,0.0,0.0,6,2,1,1,5,0,1,0
49078,3288,0.0,4.0,0.0,1,1,1,1,0,0,1,0
49118,1393,0.0,3.0,0.0,101,30,11,4,79,0,4,18
49910,588,0.0,4.0,1.0,6,1,1,1,5,0,1,0
50473,4595,0.0,0.0,null,6,1,1,2,4,0,2,0
5054,402,0.0,0.0,0.0,2,1,1,1,0,0,2,0
51845,1346,0.0,3.0,0.0,1,1,1,1,0,0,1,0
51918,4463,0.0,4.0,0.0,4,1,1,2,3,0,1,0
52700,786,1.0,2.0,0.0,3,1,1,1,1,0,1,1
52831,3057,0.0,3.0,0.0,5,2,2,1,4,0,1,0
5351,2255,0.0,0.0,0.0,7,1,1,1,6,0,1,0
53574,4718,0.0,5.0,1.0,11,4,3,1,9,0,2,0
54048,3289,0.0,4.0,0.0,6,2,2,2,4,0,2,0
54203,1892,0.0,3.0,1.0,38,23,4,3,34,0,2,2
54292,3102,0.0,0.0,0.0,42,13,5,5,36,0,3,3
54299,1332,0.0,3.0,1.0,10,4,1,1,9,0,1,0
5443,3912,0.0,3.0,0.0,4,2,1,1,2,0,2,0
54624,4542,0.0,3.0,0.0,15,7,2,2,14,0,1,0
54642,4099,0.0,4.0,2.0,72,61,13,2,71,0,1,0
54816,3205,0.0,0.0,0.0,2,1,1,1,1,0,1,0
5523,1477,0.0,2.0,1.0,2,1,1,1,1,0,1,0
55534,4090,0.0,5.0,0.0,4,1,1,1,3,0,1,0
55818,3769,0.0,0.0,0.0,5,2,2,2,3,0,1,1
56075,216,0.0,0.0,null,13,11,2,1,12,0,1,0
56344,2664,0.0,0.0,0.0,7,6,2,1,6,0,1,0
56519,4346,0.0,7.0,0.0,3,1,1,1,2,0,1,0
56874,3726,0.0,6.0,0.0,11,1,1,1,10,0,1,0
57030,1102,0.0,3.0,0.0,20,8,3,3,19,0,1,0
5709,3108,0.0,5.0,1.0,7,2,1,1,6,0,1,0
57261,4976,0.0,3.0,0.0,49,27,7,3,48,0,1,0
57545,2102,0.0,3.0,0.0,1,1,1,1,0,0,1,0
57614,3152,0.0,3.0,1.0,4,1,1,2,3,0,1,0
57964,4850,0.0,5.0,0.0,48,28,7,4,44,0,3,1
58770,598,0.0,0.0,0.0,27,18,3,2,25,0,1,1
58836,806,0.0,3.0,1.0,8,4,3,4,7,0,1,0
59656,2634,1.0,5.0,0.0,3,2,2,1,1,0,2,0
61267,3828,0.0,3.0,0.0,28,14,4,4,22,0,1,5
62034,2031,0.0,0.0,0.0,4,2,1,1,3,0,1,0
62115,4760,0.0,2.0,1.0,69,33,9,7,66,0,3,0
63144,3163,0.0,6.0,1.0,18,8,3,1,14,0,4,0
63313,1978,0.0,2.0,1.0,3,1,1,1,2,0,1,0
63954,4765,0.0,2.0,1.0,9,2,2,3,7,0,1,1
63970,4044,1.0,0.0,0.0,28,20,3,2,26,0,1,1
64239,10,0.0,4.0,0.0,11,5,1,2,10,0,1,0
6428,4750,0.0,4.0,1.0,5,2,2,2,3,0,1,1
64525,684,0.0,4.0,0.0,2,2,2,1,0,0,2,0
64775,4654,0.0,0.0,0.0,5,3,1,1,4,0,1,0
65229,302,0.0,7.0,0.0,22,12,1,1,17,0,5,0
65840,1588,0.0,0.0,0.0,3,1,1,1,2,0,1,0
65895,1102,0.0,4.0,0.0,15,5,3,4,14,0,1,0
66103,1102,1.0,2.0,0.0,21,11,5,4,9,0,1,11
66171,361,0.0,0.0,1.0,6,1,1,2,4,0,1,1
6638,1875,0.0,3.0,2.0,10,2,2,2,9,0,1,0
66504,4207,0.0,0.0,1.0,4,2,1,1,3,0,1,0
66594,1425,0.0,0.0,1.0,6,2,2,3,5,0,1,0
66752,1760,0.0,3.0,0.0,35,15,3,1,32,0,3,0
6710,2173,0.0,6.0,0.0,8,3,1,1,6,0,2,0
67345,3230,0.0,3.0,0.0,9,2,1,6,7,0,1,1
67709,2928,0.0,0.0,null,18,11,2,1,14,0,4,0
67747,3828,0.0,5.0,0.0,11,10,2,2,10,0,1,0
6777,2284,0.0,5.0,0.0,2,1,1,1,1,0,1,0
67908,4698,0.0,2.0,0.0,5,3,1,1,4,0,1,0
67951,3091,0.0,3.0,0.0,1,1,1,1,0,0,1,0
67957,141,0.0,6.0,0.0,13,6,5,2,12,0,1,0
68092,2821,0.0,4.0,0.0,2,1,1,1,1,0,1,0
68309,643,0.0,4.0,0.0,8,2,2,4,6,0,1,1
6895,3444,0.0,3.0,1.0,3,1,1,1,2,0,1,0
69035,1472,0.0,3.0,0.0,6,3,1,1,5,0,1,0
69713,10,1.0,5.0,0.0,59,10,3,4,57,0,1,1
69980,3006,0.0,5.0,1.0,2,1,1,1,1,0,1,0
703,2435,0.0,0.0,1.0,6,1,1,1,4,0,2,0
70538,1359,0.0,3.0,0.0,5,1,1,1,3,0,2,0
70858,1340,0.0,3.0,0.0,11,6,3,2,8,0,1,2
71602,2821,0.0,0.0,0.0,5,3,2,1,4,0,1,0
72037,1764,0.0,3.0,1.0,7,2,2,1,6,0,1,0
72832,1495,0.0,3.0,0.0,8,1,1,5,6,0,1,1
73154,4090,0.0,0.0,1.0,17,4,1,2,15,1,1,0
7332,1816,0.0,0.0,0.0,1,1,1,1,0,0,1,0
73992,1514,0.0,2.0,1.0,3,1,1,1,2,0,1,0
74517,1102,0.0,0.0,0.0,69,30,4,6,68,0,1,0
74630,4864,0.0,5.0,0.0,1,1,1,1,0,0,1,0
74706,3655,0.0,2.0,1.0,3,2,1,2,1,0,2,0
74925,2879,0.0,0.0,null,3,1,1,2,2,0,1,0
75812,141,0.0,2.0,0.0,1,1,1,1,0,0,1,0
76221,416,0.0,4.0,0.0,7,5,2,3,6,0,1,0
7658,4762,0.0,4.0,1.0,2,1,1,1,1,0,1,0
76662,786,0.0,4.0,0.0,2,1,1,1,1,0,1,0
76718,4143,0.0,6.0,0.0,49,25,6,11,48,0,1,0
77244,3230,0.0,4.0,1.0,2,1,1,1,1,0,1,0
77531,1884,0.0,3.0,1.0,1,1,1,1,0,0,1,0
78462,262,0.0,0.0,0.0,8,1,1,2,7,0,1,0
78844,4718,0.0,0.0,0.0,8,3,2,2,5,0,1,2
78921,1407,0.0,4.0,0.0,28,16,1,2,25,0,1,2
79469,3622,0.0,6.0,0.0,4,2,1,2,1,0,2,1
79913,416,0.0,7.0,1.0,11,2,1,1,9,0,2,0
79920,4760,0.0,3.0,1.0,3,2,2,1,2,0,1,0
80391,4269,0.0,3.0,1.0,4,2,1,1,3,0,1,0
8047,3419,0.0,3.0,0.0,1,1,1,1,0,0,1,0
80591,3578,0.0,6.0,0.0,24,9,2,4,22,0,1,1
81066,2326,0.0,3.0,0.0,3,1,1,1,2,0,1,0
81088,1738,1.0,0.0,0.0,16,9,6,2,14,0,1,1
81800,2011,0.0,5.0,0.0,5,3,1,1,3,0,1,1
81922,1916,1.0,4.0,0.0,14,3,1,2,8,0,4,2
82399,2452,0.0,2.0,0.0,7,1,1,2,5,0,1,1
82663,758,0.0,4.0,0.0,25,9,3,3,22,0,3,0
82954,1200,0.0,0.0,0.0,4,3,1,1,3,0,1,0
83311,1987,0.0,6.0,1.0,3,1,1,1,2,0,1,0
83516,145,0.0,3.0,0.0,4,2,1,2,3,0,1,0
84276,1340,0.0,5.0,0.0,42,15,5,1,33,0,9,0
84577,3578,0.0,6.0,0.0,3,2,2,2,2,0,1,0
84581,1022,0.0,0.0,0.0,3,2,1,2,2,0,1,0
84633,2184,0.0,0.0,1.0,3,2,1,1,2,0,1,0
84677,3159,0.0,4.0,1.0,23,5,3,1,22,0,1,0
84759,4173,0.0,0.0,0.0,47,16,4,1,46,0,1,0
84936,1310,0.0,4.0,0.0,3,2,2,1,2,0,1,0
85049,4044,0.0,3.0,0.0,12,5,2,1,10,0,2,0
86167,4129,0.0,3.0,0.0,14,7,1,1,13,0,1,0
86362,606,0.0,4.0,1.0,3,1,1,1,2,0,1,0
87092,4728,0.0,0.0,0.0,6,1,1,1,5,0,1,0
87411,1582,0.0,5.0,1.0,7,3,1,1,5,1,1,0
87551,4536,0.0,3.0,0.0,3,1,1,2,1,0,2,0
88089,1186,0.0,0.0,0.0,13,1,1,2,12,0,1,0
88144,3528,0.0,2.0,2.0,1,1,1,1,0,0,1,0
88292,2891,0.0,6.0,1.0,6,3,1,2,4,0,1,1
88364,4044,0.0,2.0,0.0,15,10,6,8,14,0,1,0
89050,3062,0.0,6.0,0.0,6,2,1,1,5,0,1,0
89104,684,0.0,5.0,0.0,10,5,3,1,9,0,1,0
89113,1131,1.0,3.0,0.0,25,6,2,3,21,0,1,3
89266,3614,1.0,4.0,0.0,35,10,6,5,32,0,2,1
89671,1487,0.0,0.0,0.0,8,2,1,1,7,0,1,0
89760,2926,0.0,2.0,1.0,6,2,1,1,4,1,1,0
8998,3614,0.0,3.0,0.0,1,1,1,1,0,0,1,0
90625,3098,1.0,3.0,1.0,5,1,1,1,4,0,1,0
90927,1944,0.0,0.0,0.0,6,2,1,2,3,0,1,2
91173,3291,0.0,5.0,0.0,7,2,1,1,5,0,2,0
91544,793,0.0,5.0,0.0,36,11,3,1,33,0,3,0
91966,481,0.0,null,null,17,1,1,4,16,0,1,0
9206,3105,0.0,4.0,2.0,2,1,1,1,0,0,1,1
92297,1345,0.0,2.0,0.0,3,1,1,1,2,0,1,0
9230,1742,0.0,0.0,0.0,7,4,1,2,6,0,1,0
92495,2020,0.0,0.0,0.0,4,2,2,2,3,0,1,0
925,2436,0.0,0.0,0.0,6,3,3,1,5,0,1,0
92628,1527,0.0,0.0,0.0,19,7,1,1,18,0,1,0
92737,1760,0.0,0.0,0.0,13,9,2,3,10,0,1,2
93332,1501,0.0,0.0,null,29,16,2,2,28,0,1,0
93766,2928,0.0,3.0,0.0,2,1,1,1,1,0,1,0
93893,1203,0.0,3.0,0.0,1,1,1,1,0,0,1,0
94729,4394,0.0,5.0,0.0,1,1,1,1,0,0,1,0
94959,3839,0.0,5.0,0.0,18,2,2,2,16,0,1,1
95234,2052,0.0,5.0,1.0,15,3,1,3,14,0,1,0
95739,598,0.0,3.0,1.0,1,1,1,1,0,0,1,0
95776,606,0.0,3.0,1.0,8,3,1,2,7,0,1,0
95953,1067,0.0,5.0,1.0,10,3,1,1,8,0,1,1
96806,3411,0.0,4.0,0.0,2,1,1,1,1,0,1,0
96924,742,0.0,2.0,0.0,2,1,1,2,0,0,1,1
96970,1833,0.0,5.0,0.0,68,38,6,9,64,0,1,3
97327,4040,0.0,3.0,0.0,7,1,1,1,6,0,1,0
97436,1557,0.0,4.0,0.0,6,2,2,4,4,0,1,1
98426,2217,0.0,2.0,0.0,18,4,2,4,16,0,1,1
98473,2482,0.0,2.0,0.0,6,2,2,1,4,0,2,0
98791,2318,0.0,6.0,0.0,7,1,1,2,6,0,1,0
99293,1340,0.0,3.0,0.0,4,2,1,2,2,0,2,0
99615,1359,0.0,0.0,0.0,11,4,1,2,10,0,1,0
99732,1704,0.0,6.0,0.0,55,26,5,4,52,0,1,2
9993,3665,0.0,3.0,0.0,5,1,1,1,3,0,2,0
99995,4992,0.0,0.0,1.0,2,1,1,1,1,0,1,0
