100613,66,0.0,3.0,0.0,15,9,1,4,13,0,1,1
100794,396,0.0,5.0,0.0,4,1,1,1,1,0,3,0
101358,4394,0.0,6.0,1.0,5,2,2,1,3,0,2,0
10137,2681,0.0,0.0,1.0,3,2,1,1,2,0,1,0
101452,3350,0.0,3.0,0.0,1,1,1,1,0,0,1,0
101784,1102,0.0,0.0,0.0,19,10,1,1,18,0,1,0
101978,1427,0.0,0.0,0.0,1,1,1,1,0,0,1,0
101982,4090,1.0,0.0,0.0,6,1,1,4,4,0,1,1
102032,4173,1.0,3.0,0.0,25,16,5,9,24,0,1,0
102128,4980,0.0,7.0,1.0,2,1,1,1,0,0,2,0
10243,4282,0.0,3.0,0.0,47,31,7,5,46,0,1,0
102619,4273,0.0,4.0,1.0,2,1,1,1,0,0,2,0
102818,4044,0.0,0.0,0.0,5,2,2,1,3,0,2,0
103256,608,0.0,6.0,1.0,28,12,4,5,25,0,2,1
103794,1102,1.0,0.0,0.0,76,61,13,6,75,0,1,0
104200,2545,0.0,6.0,1.0,2,1,1,1,0,0,1,1
104297,3828,1.0,5.0,0.0,7,2,2,3,5,0,2,0
106630,2403,0.0,4.0,0.0,4,2,2,2,3,0,1,0
106874,2229,0.0,0.0,0.0,2,1,1,1,1,0,1,0
10713,2611,0.0,0.0,1.0,20,8,7,3,9,0,4,7
107420,3965,0.0,4.0,1.0,2,1,1,1,1,0,1,0
107846,2700,0.0,6.0,1.0,3,1,1,1,2,0,1,0
108687,4079,0.0,7.0,1.0,4,1,1,1,0,0,4,0
109206,4173,1.0,5.0,0.0,110,55,7,4,107,0,1,2
109345,1131,0.0,0.0,0.0,7,3,1,2,5,0,1,1
110233,3623,0.0,2.0,0.0,4,1,1,1,3,0,1,0
110241,598,0.0,3.0,1.0,14,10,3,3,13,0,1,0
110498,4170,0.0,0.0,0.0,5,3,1,1,3,0,2,0
110819,2459,0.0,4.0,0.0,2,1,1,1,1,0,1,0
111179,2099,0.0,4.0,0.0,10,6,6,1,7,0,3,0
111306,1454,0.0,2.0,1.0,2,1,1,1,1,0,1,0
111834,3614,0.0,3.0,0.0,13,1,1,1,12,0,1,0
112095,663,0.0,0.0,0.0,8,1,1,1,7,0,1,0
112326,2856,0.0,4.0,1.0,2,1,1,2,0,0,1,1
1130,4322,0.0,3.0,0.0,4,1,1,1,2,0,1,1
113052,1861,0.0,3.0,0.0,5,2,1,1,3,0,2,0
11352,3484,0.0,4.0,0.0,37,12,2,3,36,0,1,0
11363,1890,0.0,0.0,0.0,6,3,1,1,5,0,1,0
113853,4539,0.0,3.0,0.0,8,2,1,1,7,0,1,0
114022,121,0.0,5.0,0.0,24,17,5,4,23,0,1,0
114049,301,0.0,2.0,1.0,4,1,1,1,3,0,1,0
114504,4265,0.0,4.0,0.0,30,11,5,2,28,1,1,0
114579,523,0.0,0.0,0.0,8,3,1,1,7,0,1,0
114597,4858,0.0,3.0,0.0,5,1,1,1,4,0,1,0
114835,4048,0.0,2.0,0.0,3,1,1,1,2,0,1,0
115063,67,0.0,2.0,0.0,2,1,1,1,1,0,1,0
115141,4197,0.0,0.0,0.0,1,1,1,1,0,0,1,0
115531,4044,0.0,2.0,0.0,30,20,3,3,29,0,1,0
115974,4044,0.0,2.0,0.0,107,70,10,3,106,0,1,0
116008,145,0.0,8.0,1.0,1,1,1,1,0,0,1,0
116418,2482,0.0,4.0,0.0,1,1,1,1,0,0,1,0
11711,323,0.0,5.0,0.0,3,2,1,1,2,0,1,0
117153,416,0.0,0.0,0.0,3,1,1,3,2,0,1,0
117463,1738,0.0,6.0,0.0,21,15,4,1,20,0,1,0
119586,4976,0.0,0.0,0.0,25,13,6,2,21,0,3,1
119626,3734,0.0,3.0,0.0,10,2,2,3,9,0,1,0
119851,3335,0.0,3.0,1.0,4,1,1,1,1,0,3,0
120092,1102,0.0,4.0,0.0,22,16,7,6,21,0,1,0
120268,4705,0.0,2.0,0.0,4,2,2,1,3,0,1,0
121020,1895,0.0,4.0,0.0,5,2,1,1,3,0,2,0
121032,4336,0.0,2.0,0.0,15,3,1,5,13,0,1,1
121563,4958,0.0,4.0,1.0,1,1,1,1,0,0,1,0
121938,949,0.0,4.0,0.0,7,4,2,3,5,0,1,1
121940,3925,0.0,0.0,0.0,4,2,1,1,3,0,1,0
121942,839,1.0,0.0,0.0,4,2,2,1,2,0,2,0
121943,1754,0.0,3.0,0.0,61,33,13,10,52,0,3,6
122080,1740,0.0,3.0,1.0,1,1,1,1,0,0,1,0
122859,4444,0.0,0.0,1.0,3,1,1,1,0,0,3,0
123022,1353,0.0,3.0,0.0,11,1,1,5,9,0,1,1
123335,3392,0.0,3.0,1.0,4,1,1,3,3,0,1,0
123400,4287,0.0,4.0,1.0,3,1,1,2,1,0,1,1
123681,1393,1.0,5.0,2.0,14,10,3,1,12,0,2,0
123864,2273,0.0,0.0,0.0,15,2,1,3,14,0,1,0
123990,1916,0.0,3.0,0.0,2,1,1,1,1,0,1,0
124038,1098,0.0,0.0,0.0,4,2,1,1,3,0,1,0
124721,2769,0.0,0.0,0.0,13,5,2,3,11,0,2,0
124726,2124,0.0,3.0,0.0,3,1,1,1,2,0,1,0
125031,1393,1.0,4.0,0.0,23,21,8,2,21,0,2,0
125148,439,0.0,5.0,0.0,6,1,1,3,5,0,1,0
125214,2497,0.0,0.0,1.0,2,1,1,1,1,0,1,0
125230,4368,1.0,0.0,0.0,20,15,3,3,18,0,2,0
125292,2985,0.0,2.0,0.0,5,1,1,1,3,0,1,1
125324,1056,0.0,4.0,1.0,22,10,6,4,19,0,1,2
125784,498,0.0,4.0,0.0,4,1,1,1,3,0,1,0
125933,4394,0.0,0.0,0.0,3,1,1,1,2,0,1,0
125981,2138,0.0,3.0,0.0,10,2,2,4,8,0,1,1
126290,3593,0.0,0.0,0.0,1,1,1,1,0,0,1,0
126560,3327,0.0,3.0,0.0,6,1,1,2,4,0,1,1
126960,3355,0.0,0.0,0.0,3,1,1,1,2,0,1,0
127077,1250,0.0,3.0,0.0,26,13,3,4,21,0,4,1
127535,2141,0.0,6.0,1.0,2,1,1,1,1,0,1,0
127965,3460,1.0,2.0,0.0,7,1,1,1,5,0,2,0
128150,1031,0.0,3.0,1.0,3,1,1,1,2,0,1,0
128770,4659,0.0,0.0,1.0,2,1,1,1,1,0,1,0
129214,4858,0.0,3.0,1.0,3,1,1,1,2,0,1,0
1295,4671,0.0,2.0,1.0,23,8,4,3,22,0,1,0
129749,2102,0.0,7.0,0.0,4,1,1,2,3,0,1,0
129920,1704,0.0,5.0,0.0,3,3,1,1,0,0,3,0
129925,415,0.0,8.0,1.0,2,1,1,1,1,0,1,0
12997,4976,0.0,3.0,0.0,64,34,8,8,63,0,1,0
130014,1890,0.0,3.0,0.0,4,2,1,2,2,1,1,0
130391,2746,0.0,2.0,0.0,4,1,1,1,3,0,1,0
130720,2915,0.0,4.0,0.0,5,2,2,1,3,0,2,0
1309,4848,0.0,0.0,0.0,1,1,1,1,0,0,1,0
131263,323,0.0,0.0,0.0,14,5,1,2,13,0,1,0
131413,4976,0.0,0.0,0.0,1,1,1,1,0,0,1,0
131829,3341,0.0,5.0,1.0,1,1,1,1,0,0,1,0
131937,3473,0.0,0.0,0.0,34,10,4,10,29,0,1,4
132139,2450,0.0,0.0,0.0,8,1,1,3,6,0,1,1
132182,897,0.0,3.0,1.0,1,1,1,1,0,0,1,0
13249,2241,0.0,5.0,1.0,2,1,1,2,1,0,1,0
132631,2565,0.0,0.0,0.0,20,10,1,3,18,0,2,0
133199,3528,0.0,0.0,0.0,12,1,1,3,11,0,1,0
133356,2353,0.0,6.0,0.0,12,6,1,2,11,0,1,0
133425,3170,0.0,6.0,1.0,2,2,2,1,0,0,2,0
133601,2537,0.0,2.0,0.0,4,1,1,1,3,0,1,0
133777,3828,0.0,2.0,1.0,7,3,2,2,6,0,1,0
134205,682,0.0,2.0,0.0,5,1,1,3,3,0,1,1
134972,4322,0.0,3.0,0.0,2,1,1,2,0,0,1,1
135482,4170,0.0,4.0,0.0,8,1,1,1,6,0,2,0
135693,4771,0.0,3.0,0.0,3,2,2,1,1,0,2,0
135791,4976,0.0,3.0,2.0,14,6,2,3,13,0,1,0
136161,1511,0.0,6.0,0.0,7,1,1,3,6,0,1,0
13643,4234,0.0,3.0,0.0,14,9,2,3,13,0,1,0
136511,4848,0.0,6.0,0.0,10,6,1,1,9,0,1,0
136741,403,0.0,4.0,1.0,10,5,1,1,9,0,1,0
136946,2545,1.0,2.0,1.0,27,18,6,3,26,0,1,0
137294,145,0.0,0.0,0.0,2,1,1,1,1,0,1,0
137307,598,0.0,2.0,1.0,4,2,2,2,3,0,1,0
137932,960,0.0,3.0,0.0,3,1,1,1,2,0,1,0
138184,3986,0.0,2.0,1.0,2,1,1,1,1,0,1,0
138638,4335,0.0,4.0,0.0,6,3,2,1,5,0,1,0
140588,946,0.0,6.0,0.0,3,1,1,1,2,0,1,0
141058,4659,0.0,3.0,0.0,1,1,1,1,0,0,1,0
141389,4494,0.0,0.0,0.0,7,1,2,1,5,1,1,0
14143,1959,0.0,3.0,0.0,1,1,1,1,0,0,1,0
141437,2928,0.0,4.0,0.0,23,12,2,1,21,0,2,0
141889,1582,0.0,5.0,0.0,27,10,1,1,26,0,1,0
141957,1340,0.0,3.0,0.0,15,8,6,7,5,0,2,8
142065,3893,0.0,5.0,0.0,17,8,2,2,16,0,1,0
142189,227,0.0,6.0,1.0,10,1,1,3,9,0,1,0
142751,2511,0.0,0.0,0.0,13,4,2,3,11,0,2,0
143174,1203,0.0,3.0,0.0,2,1,1,1,1,0,1,0
143560,2030,0.0,0.0,0.0,2,1,1,1,1,0,1,0
144019,1352,0.0,2.0,0.0,5,2,2,1,3,0,1,1
14414,4765,0.0,3.0,0.0,2,1,1,1,1,0,1,0
144872,3160,0.0,4.0,0.0,20,15,7,1,19,0,1,0
145289,2020,0.0,5.0,0.0,9,3,2,4,7,0,1,1
145479,2217,0.0,3.0,2.0,6,2,1,1,4,0,2,0
145766,4659,1.0,3.0,0.0,21,5,4,6,15,0,2,4
146125,24,0.0,4.0,1.0,11,5,3,1,8,0,3,0
146957,1557,0.0,5.0,1.0,5,3,1,1,4,0,1,0
146979,2217,0.0,3.0,0.0,1,1,1,1,0,0,1,0
147065,1470,0.0,4.0,0.0,2,1,1,1,1,0,1,0
147155,3635,0.0,6.0,0.0,16,6,2,2,15,0,1,0
147546,1024,0.0,6.0,0.0,3,2,1,2,2,0,1,0
147591,3971,0.0,3.0,1.0,1,1,1,1,0,0,1,0
147694,3469,1.0,0.0,0.0,11,4,1,3,9,0,1,1
14863,2313,0.0,4.0,0.0,6,2,2,3,4,0,1,1
149230,1890,0.0,3.0,0.0,5,1,1,2,4,0,1,0
149238,3954,0.0,3.0,1.0,2,1,1,1,1,0,1,0
149442,2217,0.0,2.0,0.0,8,3,2,2,5,0,1,2
149933,777,0.0,2.0,0.0,5,2,1,2,4,0,1,0
150238,4492,0.0,2.0,0.0,1,1,1,1,0,0,1,0
150345,1608,1.0,6.0,1.0,5,2,1,1,4,0,1,0
150548,4170,0.0,6.0,0.0,22,12,1,3,19,0,1,2
150814,2950,0.0,6.0,1.0,9,5,1,1,8,0,1,0
150841,1340,0.0,3.0,0.0,5,3,2,2,1,0,1,3
150939,4760,0.0,4.0,0.0,47,1,1,1,46,0,1,0
151542,730,0.0,6.0,0.0,4,2,1,2,3,0,1,0
151594,597,0.0,4.0,1.0,11,1,1,1,10,0,1,0
152054,2886,0.0,6.0,0.0,3,1,1,2,1,0,1,1
152190,2928,0.0,4.0,0.0,51,12,5,5,46,0,1,4
152223,4783,0.0,0.0,0.0,6,1,1,1,5,0,1,0
15242,3249,0.0,0.0,1.0,2,1,1,2,1,0,1,0
153011,606,0.0,3.0,0.0,37,16,3,3,33,0,4,0
15338,4976,0.0,0.0,0.0,16,9,6,1,9,0,7,0
153458,4605,0.0,0.0,0.0,14,11,7,1,12,0,2,0
15494,1679,0.0,0.0,0.0,5,1,1,2,4,0,1,0
155334,2138,0.0,3.0,0.0,2,1,1,1,1,0,1,0
155339,4358,0.0,3.0,1.0,5,1,1,2,4,0,1,0
155401,3022,0.0,3.0,0.0,10,1,1,1,8,0,1,1
155418,1892,0.0,3.0,0.0,4,3,2,2,0,0,1,3
155567,4687,0.0,3.0,1.0,1,1,1,1,0,0,1,0
155757,4042,0.0,3.0,0.0,5,1,1,1,4,0,1,0
155951,1494,0.0,6.0,0.0,4,3,2,2,2,0,2,0
157150,2821,0.0,0.0,1.0,3,1,1,1,1,0,1,1
158015,2273,0.0,4.0,1.0,7,1,1,2,5,0,1,1
159257,4424,0.0,3.0,1.0,6,1,1,1,5,0,1,0
159283,1816,0.0,3.0,1.0,7,2,1,2,5,0,1,1
160612,1298,0.0,null,null,13,1,1,3,12,0,1,0
160815,4540,0.0,4.0,1.0,1,1,1,1,0,0,1,0
161215,4894,0.0,3.0,1.0,41,13,1,1,36,0,1,4
161540,3015,0.0,0.0,1.0,2,1,1,1,1,0,1,0
161637,2273,0.0,2.0,0.0,4,1,1,1,3,0,1,0
161672,2141,0.0,0.0,0.0,6,4,2,1,5,0,1,0
161809,4402,1.0,6.0,0.0,24,13,2,4,22,0,2,0
162129,2699,0.0,0.0,0.0,7,3,3,3,3,0,1,3
162666,3609,0.0,5.0,0.0,9,1,1,4,7,0,1,1
162853,793,0.0,2.0,0.0,2,1,1,1,1,0,1,0
163388,4876,0.0,3.0,1.0,2,1,1,1,1,0,1,0
163400,2283,0.0,3.0,1.0,5,3,1,1,3,0,2,0
164150,3055,0.0,3.0,0.0,8,3,3,1,6,0,2,0
16434,3477,0.0,4.0,1.0,11,2,1,1,10,0,1,0
16454,1677,0.0,6.0,0.0,3,2,2,1,1,0,2,0
165556,1892,0.0,4.0,0.0,3,2,2,2,2,0,1,0
166303,2097,0.0,4.0,1.0,53,9,2,5,43,0,1,9
166364,1067,0.0,7.0,1.0,8,2,1,3,7,0,1,0
166528,1489,0.0,0.0,0.0,1,1,1,1,0,0,1,0
166870,4322,0.0,2.0,0.0,4,1,1,2,3,0,1,0
167006,2669,0.0,2.0,0.0,2,1,1,1,1,0,1,0
167855,121,0.0,4.0,0.0,2,1,1,1,1,0,1,0
167880,1115,0.0,6.0,0.0,2,1,1,2,1,0,1,0
16817,3614,0.0,0.0,1.0,1,1,1,1,0,0,1,0
168261,962,0.0,0.0,1.0,3,2,2,1,2,0,1,0
168790,747,0.0,3.0,1.0,6,3,1,1,5,0,1,0
169060,4322,0.0,6.0,0.0,4,1,1,1,3,0,1,0
169116,2447,0.0,5.0,2.0,2,1,1,1,1,0,1,0
169259,4282,0.0,3.0,1.0,5,3,3,1,3,0,2,0
169290,3054,0.0,4.0,0.0,5,2,2,2,4,0,1,0
169874,1116,0.0,2.0,0.0,2,1,1,1,1,0,1,0
170130,598,0.0,2.0,1.0,14,3,1,2,12,0,1,1
170261,574,0.0,3.0,1.0,1,1,1,1,0,0,1,0
17099,4427,0.0,5.0,0.0,1,1,1,1,0,0,1,0
171031,3624,0.0,0.0,1.0,3,2,1,1,2,0,1,0
17184,4444,0.0,0.0,0.0,22,13,5,2,17,0,5,0
172169,1963,0.0,2.0,0.0,36,13,4,3,34,0,1,1
172308,3885,0.0,0.0,0.0,1,1,1,1,0,0,1,0
172487,3350,0.0,0.0,0.0,1,1,1,1,0,0,1,0
172638,590,0.0,3.0,1.0,5,3,1,1,4,0,1,0
173198,4659,0.0,3.0,0.0,15,6,4,3,12,0,3,0
174165,3473,0.0,2.0,0.0,3,1,1,1,2,0,1,0
174506,3545,0.0,0.0,0.0,2,1,1,1,1,0,1,0
174612,3363,0.0,3.0,2.0,6,3,1,1,5,0,1,0
174717,3013,0.0,null,null,10,1,1,1,8,1,1,0
174786,2031,0.0,4.0,0.0,7,2,1,2,6,0,1,0
174808,2619,1.0,4.0,1.0,1,1,1,1,0,0,1,0
175050,3955,0.0,3.0,0.0,2,1,1,1,1,0,1,0
175122,4047,0.0,4.0,0.0,4,1,1,1,3,0,1,0
175182,4871,0.0,3.0,1.0,1,1,1,1,0,0,1,0
17520,3955,0.0,2.0,0.0,9,4,2,7,4,0,1,4
175757,1102,0.0,0.0,0.0,2,1,1,2,1,0,1,0
176090,4044,0.0,3.0,0.0,360,165,21,14,308,0,1,51
176120,3392,0.0,3.0,1.0,4,1,1,2,3,0,1,0
176132,4726,0.0,2.0,0.0,4,2,1,1,2,0,1,1
176497,2173,0.0,0.0,1.0,6,3,1,2,5,0,1,0
17709,4594,0.0,3.0,0.0,8,1,1,2,6,0,1,1
177399,2241,0.0,2.0,1.0,5,2,2,1,4,0,1,0
177426,4871,0.0,3.0,1.0,2,2,2,1,0,0,2,0
177678,742,0.0,6.0,1.0,1,1,1,1,0,0,1,0
177923,3181,0.0,0.0,0.0,9,1,1,3,8,0,1,0
177960,4947,0.0,4.0,1.0,3,1,1,1,2,0,1,0
178352,191,0.0,6.0,0.0,2,1,1,1,1,0,1,0
178682,1840,0.0,4.0,0.0,3,2,2,1,2,0,1,0
179439,4659,0.0,3.0,0.0,10,3,1,3,8,0,1,1
179521,2664,0.0,3.0,0.0,16,11,3,3,11,0,4,1
179999,3205,0.0,3.0,0.0,14,8,2,2,5,0,1,8
180526,1143,0.0,4.0,1.0,5,1,1,1,3,0,2,0
180604,4536,0.0,2.0,0.0,8,2,1,2,4,0,2,2
180613,1724,0.0,3.0,0.0,11,2,2,1,10,0,1,0
181480,1051,0.0,0.0,2.0,2,1,1,1,1,0,1,0
181503,798,0.0,3.0,0.0,5,1,1,2,4,0,1,0
181914,3910,0.0,2.0,0.0,8,1,1,1,6,0,1,1
18198,4454,0.0,3.0,0.0,1,1,1,1,0,0,1,0
182107,2928,0.0,4.0,0.0,8,4,1,1,7,0,1,0
182652,4960,0.0,2.0,1.0,11,3,2,2,9,0,2,0
18288,2124,0.0,0.0,0.0,32,14,1,4,31,0,1,0
18335,1464,0.0,null,null,5,2,1,2,4,0,1,0
183851,861,0.0,3.0,0.0,4,1,1,1,3,0,1,0
184432,1393,0.0,2.0,0.0,13,7,4,4,11,0,2,0
184488,1557,0.0,3.0,1.0,6,5,4,2,5,0,1,0
18457,4605,0.0,3.0,1.0,7,4,4,3,6,0,1,0
184801,1102,0.0,2.0,0.0,36,17,7,6,35,0,1,0
184824,2693,0.0,5.0,1.0,7,3,1,2,5,0,2,0
18502,1399,0.0,2.0,1.0,5,2,1,1,4,0,1,0
185052,4492,0.0,3.0,0.0,6,1,1,2,4,0,1,1
185142,4234,0.0,4.0,1.0,4,1,1,1,3,0,1,0
185589,4043,1.0,2.0,0.0,10,4,4,2,5,1,4,0
185789,1102,0.0,6.0,0.0,2,1,1,1,1,0,1,0
18582,2217,0.0,2.0,0.0,2,1,1,1,0,0,2,0
186006,3727,0.0,2.0,0.0,15,5,1,3,13,0,1,1
186158,2217,0.0,0.0,0.0,1,1,1,1,0,0,1,0
186214,4871,0.0,5.0,1.0,6,1,1,1,5,0,1,0
187861,3984,0.0,3.0,0.0,2,2,2,1,0,0,2,0
187922,71,0.0,4.0,0.0,18,4,2,2,16,0,1,1
188696,2278,0.0,3.0,1.0,6,1,1,1,5,0,1,0
189023,1472,0.0,4.0,0.0,4,1,1,1,3,0,1,0
18913,4658,0.0,3.0,1.0,16,4,1,1,15,0,1,0
189184,1661,0.0,3.0,0.0,7,3,3,3,4,0,1,2
189385,121,0.0,0.0,0.0,2,1,1,2,0,0,1,1
189552,336,0.0,4.0,1.0,2,1,1,1,1,0,1,0
191051,2928,0.0,4.0,0.0,14,8,2,1,13,0,1,0
191181,4143,0.0,5.0,2.0,28,10,3,3,27,0,1,0
192546,326,0.0,0.0,0.0,2,1,1,1,1,0,1,0
193121,3163,0.0,6.0,0.0,3,1,1,1,2,0,1,0
193252,1825,0.0,4.0,0.0,5,3,1,1,4,0,1,0
193471,3173,0.0,5.0,0.0,3,1,1,1,1,0,2,0
193595,1393,0.0,3.0,0.0,57,22,10,2,55,0,1,1
193602,1522,0.0,0.0,0.0,10,3,1,1,6,0,4,0
193748,4143,0.0,5.0,0.0,12,3,3,5,6,0,3,3
19403,2630,0.0,4.0,0.0,2,1,1,1,1,0,1,0
194359,2482,0.0,3.0,0.0,74,16,8,3,72,0,1,1
195488,4040,0.0,0.0,1.0,8,3,2,1,7,0,1,0
195588,1923,0.0,2.0,0.0,1,1,1,1,0,0,1,0
196425,4129,0.0,4.0,0.0,18,13,2,2,14,0,1,3
196444,396,0.0,2.0,0.0,5,1,1,2,3,1,1,0
196513,4864,1.0,5.0,1.0,22,4,2,3,20,0,2,0
196662,1968,0.0,3.0,1.0,3,2,2,1,2,0,1,0
196680,3828,0.0,4.0,0.0,33,18,10,2,30,1,2,0
197015,361,0.0,0.0,0.0,4,2,2,1,3,0,1,0
197101,1353,0.0,3.0,1.0,20,2,1,4,17,0,1,2
197312,1102,0.0,4.0,0.0,29,26,14,6,26,0,3,0
197335,3469,0.0,2.0,0.0,13,2,1,3,12,0,1,0
197460,1056,0.0,0.0,2.0,9,5,2,2,8,0,1,0
197517,1861,0.0,4.0,0.0,8,2,1,2,7,0,1,0
197948,2435,0.0,0.0,0.0,5,2,1,1,4,0,1,0
198759,2242,0.0,5.0,2.0,6,4,2,2,3,0,3,0
199669,2915,0.0,3.0,0.0,7,5,3,2,5,0,1,1
199880,4600,0.0,7.0,0.0,7,3,1,1,6,0,1,0
200416,343,0.0,5.0,0.0,2,1,1,2,1,0,1,0
200703,1884,0.0,4.0,1.0,4,2,1,3,3,0,1,0
201241,4850,0.0,4.0,0.0,23,15,6,2,22,0,1,0
202375,3288,0.0,2.0,0.0,5,1,1,2,3,0,1,1
202838,1642,0.0,0.0,0.0,4,1,1,2,3,0,1,0
202903,35,0.0,3.0,1.0,3,1,1,1,2,0,1,0
203198,1854,0.0,0.0,1.0,3,1,1,1,2,0,1,0
203403,1427,0.0,0.0,0.0,3,2,2,1,2,0,1,0
203495,4648,0.0,3.0,0.0,1,1,1,1,0,0,1,0
20382,1999,0.0,3.0,1.0,19,7,1,4,16,0,1,2
204089,3828,0.0,5.0,0.0,4,1,1,2,3,0,1,0
204396,3451,0.0,3.0,0.0,7,2,1,2,6,0,1,0
204737,1102,0.0,0.0,0.0,2,2,2,2,1,0,1,0
204802,2161,0.0,5.0,1.0,1,1,1,1,0,0,1,0
204841,1340,0.0,0.0,0.0,14,8,3,2,10,0,2,2
204860,3022,0.0,2.0,1.0,2,1,1,1,1,0,1,0
205343,4794,0.0,3.0,1.0,1,1,1,1,0,0,1,0
205490,3284,0.0,3.0,1.0,12,1,1,1,11,0,1,0
205693,4830,0.0,7.0,1.0,3,1,1,1,2,0,1,0
2063,3350,0.0,3.0,0.0,4,1,1,1,3,0,1,0
206319,1816,0.0,3.0,1.0,18,7,3,1,16,0,2,0
206442,3092,0.0,3.0,0.0,16,7,1,3,14,0,1,1
207394,1393,0.0,6.0,1.0,1,1,1,1,0,0,1,0
207402,2047,0.0,3.0,0.0,12,9,3,1,11,0,1,0
207429,3828,0.0,4.0,0.0,53,18,7,4,51,0,2,0
207462,3080,0.0,4.0,0.0,7,4,2,2,6,0,1,0
207763,4385,0.0,5.0,0.0,7,2,2,1,6,0,1,0
208579,1810,1.0,0.0,0.0,27,18,8,1,24,0,3,0
2086,1816,0.0,2.0,0.0,7,2,2,1,6,0,1,0
208610,4992,0.0,4.0,2.0,5,4,1,1,4,0,1,0
208835,2721,0.0,6.0,0.0,37,16,3,1,30,0,7,0
208857,2099,0.0,6.0,1.0,1,1,1,1,0,0,1,0
208877,1816,0.0,0.0,1.0,16,8,5,2,12,0,3,1
209207,2849,0.0,4.0,0.0,11,9,4,2,10,0,1,0
209565,2579,0.0,2.0,1.0,24,6,1,3,23,0,1,0
209601,1370,0.0,5.0,0.0,20,2,2,4,17,0,3,0
209661,3410,0.0,3.0,0.0,4,1,1,1,3,0,1,0
209872,4198,0.0,0.0,0.0,2,1,1,1,1,0,1,0
210048,1340,0.0,3.0,1.0,7,1,1,1,6,0,1,0
210060,812,0.0,0.0,0.0,3,1,1,1,2,0,1,0
21050,2904,0.0,5.0,1.0,3,1,1,1,2,0,1,0
210560,4864,0.0,5.0,0.0,6,1,1,2,4,1,1,0
210837,2427,0.0,0.0,1.0,1,1,1,1,0,0,1,0
210960,1031,0.0,4.0,1.0,2,1,1,1,1,0,1,0
211414,1056,0.0,4.0,0.0,7,3,2,2,5,0,2,0
2116,630,0.0,4.0,0.0,8,6,4,1,7,0,1,0
212,4976,0.0,3.0,0.0,50,22,8,1,47,0,3,0
212014,2082,0.0,6.0,0.0,11,3,2,3,10,0,1,0
212417,4794,0.0,3.0,0.0,7,2,1,3,6,0,1,0
213237,4933,0.0,4.0,0.0,6,5,1,2,5,0,1,0
21389,2217,0.0,0.0,0.0,2,1,1,1,1,0,1,0
213934,2828,0.0,4.0,0.0,2,1,1,1,1,0,1,0
214013,2273,0.0,4.0,0.0,2,1,1,1,1,0,1,0
214029,2746,0.0,0.0,0.0,11,6,3,4,10,0,1,0
214166,4079,0.0,2.0,0.0,14,9,2,2,13,0,1,0
214509,594,0.0,4.0,0.0,5,1,1,2,3,0,1,1
215474,4976,0.0,0.0,0.0,6,6,4,2,3,0,2,1
215516,1618,0.0,6.0,0.0,7,3,3,1,6,0,1,0
216608,1131,0.0,0.0,0.0,6,2,2,2,4,0,2,0
216730,366,0.0,5.0,0.0,8,2,1,1,6,0,2,0
217502,2341,0.0,3.0,0.0,3,2,2,1,0,0,3,0
217747,3402,0.0,null,null,2,1,1,1,1,0,1,0
218059,1500,0.0,6.0,0.0,6,2,2,2,4,0,2,0
218216,3640,0.0,6.0,0.0,25,9,2,3,23,0,2,0
218741,4818,0.0,3.0,1.0,28,8,3,4,24,0,4,0
219252,4170,0.0,2.0,0.0,10,5,1,1,8,0,2,0
219356,121,1.0,5.0,0.0,9,4,1,1,8,0,1,0
219481,2390,0.0,0.0,0.0,8,2,1,1,7,0,1,0
219757,2031,0.0,2.0,1.0,8,2,1,2,6,0,1,1
220030,4697,0.0,0.0,1.0,6,3,1,2,5,0,1,0
220484,1073,0.0,2.0,1.0,5,2,1,1,4,0,1,0
220567,4322,0.0,6.0,0.0,4,1,1,2,3,0,1,0
220688,3878,0.0,0.0,1.0,2,1,1,1,1,0,1,0
220967,4525,0.0,2.0,0.0,4,1,1,2,2,0,2,0
22113,386,1.0,6.0,0.0,6,2,2,1,3,0,3,0
22115,2242,0.0,5.0,0.0,9,6,4,2,5,0,4,0
221291,4325,0.0,3.0,0.0,4,2,1,2,3,0,1,0
221724,3629,0.0,4.0,1.0,15,2,2,7,13,0,1,1
221897,3727,0.0,3.0,0.0,15,8,1,3,13,0,1,1
222495,861,0.0,2.0,1.0,5,1,1,2,4,0,1,0
222576,154,0.0,null,null,2,1,1,1,1,0,1,0
223022,4368,0.0,2.0,0.0,40,11,2,3,33,0,2,5
223236,841,0.0,2.0,0.0,2,1,1,1,1,0,1,0
223904,639,0.0,2.0,1.0,1,1,1,1,0,0,1,0
224093,2082,0.0,3.0,1.0,2,1,1,2,0,0,1,1
224536,2403,0.0,4.0,0.0,7,4,2,2,6,0,1,0
224657,4044,0.0,3.0,0.0,3,3,3,1,0,0,3,0
224669,2821,0.0,6.0,0.0,7,4,3,3,6,0,1,0
224690,4760,0.0,3.0,1.0,31,7,5,2,26,0,4,1
224916,4403,0.0,0.0,0.0,4,2,1,1,3,0,1,0
226122,606,0.0,5.0,1.0,3,3,2,3,0,0,1,2
226160,598,0.0,3.0,1.0,1,1,1,1,0,0,1,0
226384,3080,0.0,2.0,1.0,3,1,1,1,2,0,1,0
226766,63,0.0,0.0,0.0,4,1,1,2,3,0,1,0
226961,437,0.0,5.0,0.0,39,23,3,11,38,0,1,0
227434,522,0.0,6.0,1.0,6,1,1,3,5,0,1,0
227700,2403,0.0,5.0,0.0,8,2,2,1,7,0,1,0
227793,3938,0.0,0.0,0.0,5,1,1,1,4,0,1,0
22791,4871,0.0,3.0,0.0,1,1,1,1,0,0,1,0
228708,2981,0.0,4.0,0.0,2,1,1,2,0,0,1,1
22942,13,0.0,0.0,1.0,6,1,1,1,5,0,1,0
229543,3022,0.0,3.0,1.0,2,1,1,1,1,0,1,0
229773,4005,0.0,2.0,1.0,10,6,3,2,9,0,1,0
229931,4871,0.0,4.0,0.0,3,1,1,1,2,0,1,0
230048,2721,0.0,2.0,0.0,7,3,1,1,6,0,1,0
230655,4282,0.0,5.0,0.0,12,3,3,3,9,0,2,1
230714,1557,1.0,3.0,1.0,3,3,3,1,0,0,3,0
230950,416,0.0,7.0,0.0,6,1,1,2,5,0,1,0
231335,4044,0.0,0.0,0.0,26,15,5,3,24,0,2,0
231715,3835,0.0,4.0,0.0,9,5,3,1,8,0,1,0
231808,1487,0.0,5.0,0.0,9,2,1,1,7,0,1,1
23192,4234,0.0,6.0,1.0,22,11,4,2,20,0,2,0
231967,3191,0.0,4.0,1.0,13,6,2,1,11,0,2,0
232343,114,0.0,7.0,0.0,7,3,3,2,6,0,1,0
232615,3301,0.0,6.0,0.0,6,1,1,2,5,0,1,0
233750,4648,0.0,4.0,1.0,2,1,1,1,1,0,1,0
234130,946,0.0,4.0,0.0,3,1,1,1,2,0,1,0
234335,4171,0.0,4.0,0.0,5,2,1,1,4,0,1,0
234439,2928,0.0,3.0,0.0,5,2,2,2,3,0,1,1
234470,3955,0.0,3.0,0.0,7,2,2,2,6,0,1,0
234971,4044,0.0,5.0,0.0,1,1,1,1,0,0,1,0
235124,682,0.0,3.0,0.0,27,10,4,1,26,0,1,0
235562,1724,0.0,6.0,0.0,6,3,2,2,5,0,1,0
235566,2277,0.0,2.0,1.0,3,1,1,1,2,0,1,0
235708,4648,0.0,2.0,0.0,3,2,1,2,2,0,1,0
235958,3205,0.0,4.0,0.0,23,8,2,2,14,0,1,8
236482,742,0.0,0.0,0.0,13,1,1,3,12,0,1,0
236579,4649,0.0,4.0,0.0,4,1,1,1,2,0,1,1
237034,798,0.0,3.0,2.0,28,11,7,2,25,0,3,0
237405,963,0.0,5.0,1.0,4,2,1,2,3,0,1,0
238720,3971,0.0,2.0,1.0,4,1,1,1,3,0,1,0
239057,219,0.0,0.0,1.0,29,7,1,2,24,0,5,0
239139,1031,0.0,3.0,2.0,30,10,1,1,29,0,1,0
239895,1892,0.0,3.0,0.0,26,16,7,1,24,0,2,0
240070,3728,0.0,2.0,1.0,1,1,1,1,0,0,1,0
240418,3828,0.0,0.0,0.0,13,13,8,2,12,0,1,0
240767,4847,0.0,2.0,0.0,27,16,5,4,26,0,1,0
241373,3578,0.0,5.0,1.0,1,1,1,1,0,0,1,0
241774,2583,0.0,3.0,0.0,6,3,1,1,5,0,1,0
241931,4388,1.0,3.0,0.0,5,1,1,2,4,0,1,0
24194,1270,0.0,0.0,0.0,4,1,1,1,3,0,1,0
242515,976,0.0,3.0,1.0,3,1,1,1,2,0,1,0
242799,2721,0.0,2.0,0.0,2,1,1,1,1,0,1,0
243125,2068,0.0,0.0,0.0,2,1,1,1,1,0,1,0
243590,2976,0.0,0.0,0.0,9,4,3,1,7,0,2,0
2437,1816,0.0,0.0,0.0,29,11,2,1,28,0,1,0
244664,1103,0.0,0.0,0.0,5,1,1,2,3,0,1,1
2448,3323,0.0,8.0,1.0,19,8,1,2,18,0,1,0
244861,4659,0.0,4.0,0.0,2,1,1,2,1,0,1,0
245140,4850,0.0,0.0,0.0,27,10,3,3,26,0,1,0
245266,3205,1.0,6.0,0.0,29,14,2,3,27,0,2,0
245596,361,0.0,6.0,0.0,50,11,4,5,41,0,4,5
245758,1346,0.0,4.0,0.0,16,9,1,4,12,0,1,3
245801,255,0.0,6.0,0.0,28,10,3,3,25,0,3,0
245840,121,0.0,5.0,1.0,18,16,10,3,15,0,3,0
246461,2014,0.0,5.0,0.0,2,1,1,1,1,0,1,0
246831,4271,0.0,5.0,0.0,2,1,1,1,1,0,1,0
246968,2821,0.0,5.0,1.0,8,3,3,1,7,0,1,0
247065,98,0.0,2.0,0.0,8,3,2,1,7,0,1,0
248028,1784,0.0,2.0,1.0,2,1,1,1,1,0,1,0
248057,798,0.0,4.0,1.0,32,15,9,3,27,0,4,1
248210,2820,0.0,0.0,0.0,39,9,3,7,37,0,2,0
248470,4086,0.0,0.0,0.0,2,1,1,1,1,0,1,0
248539,1019,0.0,2.0,1.0,2,1,1,1,1,0,1,0
249181,1780,0.0,0.0,0.0,1,1,1,1,0,0,1,0
249401,2669,0.0,3.0,0.0,7,4,2,1,6,0,1,0
249517,1618,0.0,6.0,0.0,9,6,1,1,8,0,1,0
250034,2269,0.0,2.0,1.0,3,1,1,1,2,0,1,0
250656,2631,0.0,0.0,0.0,9,5,1,2,7,0,1,1
251533,4864,0.0,3.0,2.0,53,21,4,11,46,0,3,4
251539,639,0.0,3.0,1.0,4,1,1,1,3,0,1,0
251997,784,0.0,2.0,0.0,15,3,2,3,11,0,1,3
252085,1501,0.0,4.0,1.0,1,1,1,1,0,0,1,0
252356,310,0.0,3.0,1.0,3,2,1,2,2,0,1,0
252477,121,0.0,6.0,0.0,45,22,6,1,41,0,4,0
253202,2664,0.0,4.0,0.0,37,20,2,5,33,0,4,0
253519,3563,0.0,4.0,0.0,33,8,4,4,29,0,1,3
253712,2109,0.0,0.0,0.0,2,1,1,2,0,0,1,1
253848,3955,0.0,4.0,0.0,5,3,2,2,4,0,1,0
253984,3979,0.0,0.0,1.0,24,17,1,1,23,0,1,0
254415,1412,0.0,4.0,0.0,5,2,1,1,3,0,2,0
25449,4976,0.0,0.0,1.0,6,2,1,1,5,0,1,0
254536,219,0.0,3.0,1.0,4,1,1,4,1,0,1,2
254625,1538,0.0,6.0,0.0,3,1,1,2,2,0,1,0
254753,2886,0.0,0.0,0.0,7,4,3,2,5,0,1,1
254768,3609,0.0,3.0,0.0,15,11,1,1,13,1,1,0
255066,2435,0.0,4.0,0.0,2,1,1,1,0,0,2,0
255258,1712,0.0,3.0,0.0,7,1,1,3,6,0,1,0
255527,2821,0.0,2.0,1.0,21,2,1,2,19,0,2,0
255874,4351,0.0,4.0,0.0,2,1,1,1,0,0,1,1
256104,1193,0.0,3.0,0.0,7,1,1,2,6,0,1,0
256525,575,0.0,3.0,1.0,7,1,1,2,6,0,1,0
256700,250,0.0,3.0,1.0,2,1,1,1,1,0,1,0
256872,2303,0.0,0.0,0.0,40,14,2,7,39,0,1,0
256899,1763,0.0,3.0,0.0,11,1,1,1,10,0,1,0
2574,4708,0.0,5.0,2.0,13,11,7,2,11,0,2,0
257657,2465,0.0,5.0,1.0,1,1,1,1,0,0,1,0
258072,4368,0.0,5.0,0.0,6,3,2,1,5,0,1,0
258390,2177,0.0,4.0,1.0,3,1,1,2,1,0,1,1
258826,4408,0.0,2.0,0.0,4,1,1,3,3,0,1,0
258933,310,0.0,2.0,1.0,2,1,1,1,1,0,1,0
258936,1190,0.0,2.0,1.0,7,3,2,1,5,0,2,0
259054,2045,0.0,3.0,0.0,6,3,1,1,5,0,1,0
259574,1076,0.0,0.0,0.0,3,2,1,1,2,0,1,0
259790,1816,0.0,0.0,1.0,7,1,1,1,6,0,1,0
259873,2857,0.0,2.0,1.0,4,1,1,2,3,0,1,0
259911,2269,0.0,4.0,0.0,12,4,1,3,11,0,1,0
259989,643,0.0,3.0,1.0,20,4,1,2,19,0,1,0
260170,4079,1.0,2.0,0.0,10,2,1,2,8,0,1,1
260398,4617,0.0,2.0,0.0,3,1,1,1,2,0,1,0
260608,758,0.0,6.0,1.0,8,4,1,2,7,0,1,0
26099,4090,0.0,4.0,0.0,17,6,2,2,15,0,1,1
261191,1890,0.0,4.0,0.0,9,3,2,1,7,0,2,0
261933,121,0.0,0.0,0.0,19,7,1,3,18,0,1,0
262417,2273,0.0,5.0,1.0,8,2,1,3,7,0,1,0
262476,2454,0.0,4.0,1.0,7,3,2,1,5,0,2,0
262954,3734,0.0,0.0,1.0,18,8,2,1,16,0,2,0
263252,4095,0.0,4.0,0.0,2,1,1,1,1,0,1,0
263656,3828,0.0,8.0,0.0,3,1,1,1,2,0,1,0
263971,3826,0.0,5.0,0.0,2,1,1,1,1,0,1,0
264078,4173,0.0,5.0,1.0,5,3,2,2,3,0,1,1
264227,4049,1.0,4.0,0.0,1,1,1,1,0,0,1,0
264659,4545,0.0,6.0,0.0,12,3,1,5,10,0,1,1
265230,3826,0.0,6.0,1.0,6,2,1,2,5,0,1,0
265680,4173,0.0,0.0,1.0,4,2,2,1,3,0,1,0
265847,41,0.0,6.0,0.0,29,14,2,2,26,0,2,1
265979,2353,0.0,0.0,1.0,19,7,1,4,18,0,1,0
266569,685,1.0,3.0,0.0,8,3,2,1,6,0,2,0
26659,437,1.0,3.0,0.0,9,6,3,1,8,0,1,0
26677,606,0.0,3.0,0.0,10,5,1,1,9,0,1,0
266842,2608,0.0,3.0,0.0,8,1,1,2,6,0,1,1
266982,625,0.0,4.0,0.0,2,1,1,1,1,0,1,0
267384,2303,0.0,4.0,0.0,54,15,1,5,49,0,2,3
268059,2217,0.0,0.0,0.0,6,3,1,1,5,0,1,0
268494,2447,0.0,3.0,1.0,2,1,1,1,1,0,1,0
268679,67,0.0,3.0,0.0,11,4,1,2,9,0,2,0
268733,141,0.0,3.0,0.0,13,7,6,1,12,0,1,0
268765,3734,0.0,2.0,1.0,48,14,6,3,45,0,3,0
268874,4173,0.0,4.0,0.0,3,2,2,2,0,0,1,2
268930,2140,0.0,3.0,0.0,10,6,1,3,9,0,1,0
269493,4818,0.0,4.0,0.0,3,1,1,1,2,0,1,0
269988,1892,0.0,4.0,0.0,28,19,7,8,27,0,1,0
270043,2928,0.0,3.0,0.0,11,8,4,2,8,0,1,2
270167,1346,0.0,8.0,1.0,14,8,1,1,13,0,1,0
270285,4536,0.0,4.0,0.0,5,2,1,2,4,0,1,0
270360,2102,0.0,4.0,0.0,23,8,4,3,16,1,3,3
270499,1049,0.0,3.0,0.0,3,1,1,3,2,0,1,0
270530,3965,0.0,3.0,0.0,6,2,1,1,4,0,2,0
271012,366,0.0,0.0,null,4,2,1,2,3,0,1,0
27111,817,1.0,0.0,1.0,6,1,1,1,5,0,1,0
2712,1393,0.0,4.0,0.0,16,13,7,4,14,1,1,0
271388,437,0.0,4.0,0.0,26,11,1,2,24,0,2,0
271428,908,0.0,0.0,null,26,7,2,1,24,0,2,0
271734,4469,1.0,3.0,1.0,8,1,1,2,6,0,1,1
271862,4975,0.0,0.0,0.0,3,1,1,1,2,0,1,0
272152,4178,0.0,5.0,0.0,11,6,1,2,10,0,1,0
273249,508,0.0,2.0,0.0,21,3,1,4,17,0,2,2
273274,1216,0.0,0.0,0.0,5,3,2,3,3,0,1,1
273387,141,0.0,3.0,0.0,8,4,3,1,7,0,1,0
274017,2913,0.0,0.0,0.0,6,1,1,2,3,0,1,2
274384,3173,0.0,6.0,1.0,5,1,1,1,3,0,2,0
274409,323,0.0,3.0,2.0,2,1,1,1,1,0,1,0
274495,4914,0.0,4.0,0.0,7,1,1,1,6,0,1,0
274620,1618,0.0,3.0,0.0,8,2,1,3,5,0,1,2
274761,812,0.0,4.0,0.0,2,1,1,1,1,0,1,0
274808,4324,0.0,0.0,0.0,7,1,1,1,5,0,2,0
275026,429,0.0,3.0,0.0,4,1,1,1,3,0,1,0
276206,4385,0.0,2.0,0.0,2,1,1,1,1,0,1,0
27624,738,0.0,0.0,1.0,3,1,1,1,2,0,1,0
27639,3645,0.0,3.0,0.0,2,1,1,1,1,0,1,0
276879,1346,0.0,3.0,0.0,11,3,1,2,7,0,2,2
277752,3016,0.0,0.0,1.0,1,1,1,1,0,0,1,0
277814,3541,0.0,0.0,0.0,5,1,1,1,4,0,1,0
278615,361,0.0,4.0,1.0,5,4,1,1,4,0,1,0
279518,2821,0.0,4.0,0.0,1,1,1,1,0,0,1,0
279718,416,0.0,6.0,0.0,3,1,1,1,2,0,1,0
279838,2066,0.0,3.0,1.0,29,7,1,2,27,0,1,1
280058,773,0.0,5.0,1.0,8,3,2,3,6,0,1,1
280470,1393,0.0,4.0,0.0,8,5,4,2,7,0,1,0
281018,148,0.0,0.0,1.0,3,2,1,2,2,0,1,0
281737,995,0.0,3.0,0.0,7,1,1,1,6,0,1,0
282228,1274,0.0,4.0,1.0,5,1,1,1,4,0,1,0
282273,3345,0.0,3.0,0.0,3,2,2,1,2,0,1,0
282654,523,0.0,0.0,1.0,4,1,1,1,3,0,1,0
283110,4394,0.0,6.0,0.0,3,1,1,1,2,0,1,0
283171,2537,0.0,0.0,0.0,8,4,3,1,5,0,3,0
283407,3350,0.0,0.0,0.0,2,2,1,2,0,0,1,1
283707,722,0.0,0.0,0.0,12,6,1,1,11,0,1,0
283870,671,0.0,4.0,0.0,5,1,1,1,4,0,1,0
283940,1340,0.0,0.0,0.0,24,16,4,1,22,0,1,1
284324,3961,0.0,6.0,0.0,7,2,1,3,6,0,1,0
284326,361,0.0,5.0,0.0,17,11,4,1,14,0,1,2
284450,786,0.0,3.0,0.0,2,1,1,2,1,0,1,0
28511,1370,0.0,0.0,1.0,1,1,1,1,0,0,1,0
285425,2767,0.0,3.0,0.0,2,1,1,1,1,0,1,0
285773,1816,0.0,3.0,0.0,22,11,6,1,20,0,2,0
286862,1489,0.0,4.0,1.0,3,1,1,1,2,0,1,0
287016,2928,0.0,0.0,0.0,1,1,1,1,0,0,1,0
287388,4976,0.0,3.0,0.0,18,6,3,3,14,0,1,3
287628,1944,0.0,5.0,0.0,3,1,1,1,2,0,1,0
287640,4270,0.0,4.0,0.0,19,10,6,2,15,0,4,0
287900,219,0.0,3.0,1.0,11,3,1,1,9,1,1,0
287946,3794,0.0,4.0,0.0,17,6,4,1,14,0,3,0
288208,1378,0.0,4.0,0.0,4,1,1,1,3,0,1,0
288267,3173,0.0,3.0,1.0,1,1,1,1,0,0,1,0
288514,2417,0.0,4.0,0.0,12,4,2,1,10,0,2,0
288862,1892,1.0,5.0,1.0,20,14,6,1,19,0,1,0
289130,4982,0.0,3.0,0.0,2,1,1,1,1,0,1,0
289880,4745,0.0,6.0,0.0,2,1,1,1,1,0,1,0
289966,3828,0.0,0.0,1.0,2,2,1,2,0,1,1,0
290008,3971,0.0,null,null,5,1,1,2,3,0,1,1
290111,4499,0.0,4.0,0.0,9,2,1,3,7,0,1,1
290457,4595,0.0,3.0,1.0,4,1,1,1,3,0,1,0
290482,2353,0.0,4.0,1.0,15,4,1,3,13,0,1,1
290789,760,0.0,3.0,0.0,2,1,1,2,1,0,1,0
290845,1102,0.0,3.0,0.0,1,1,1,1,0,0,1,0
290873,4775,0.0,6.0,0.0,5,1,1,4,3,0,1,1
291107,1102,0.0,4.0,0.0,264,99,12,23,239,0,3,22
291321,738,1.0,2.0,0.0,4,2,1,2,0,0,1,3
291362,3205,0.0,7.0,0.0,7,1,1,1,6,0,1,0
292037,2482,0.0,3.0,1.0,5,1,1,1,4,0,1,0
292315,1816,0.0,3.0,0.0,11,4,4,1,8,0,3,0
292526,1102,0.0,0.0,0.0,8,3,3,2,7,0,1,0
292622,4760,0.0,0.0,1.0,1,1,1,1,0,0,1,0
292872,522,0.0,0.0,1.0,1,1,1,1,0,0,1,0
292915,58,0.0,3.0,0.0,3,2,1,1,2,0,1,0
293255,2217,0.0,6.0,0.0,2,2,1,1,0,0,2,0
293266,4413,0.0,3.0,1.0,6,3,3,1,4,0,2,0
293550,2193,0.0,4.0,1.0,9,4,2,1,8,0,1,0
293616,1272,0.0,2.0,0.0,19,4,4,3,11,0,4,4
293969,1346,0.0,0.0,0.0,18,7,1,2,17,0,1,0
294278,898,0.0,4.0,1.0,2,1,1,1,1,0,1,0
294687,2193,0.0,3.0,1.0,4,2,2,2,2,0,2,0
295123,2313,0.0,5.0,0.0,2,1,1,1,1,0,1,0
295448,2791,0.0,3.0,1.0,6,3,1,1,5,0,1,0
295462,1487,0.0,6.0,0.0,4,2,1,1,3,0,1,0
29576,1760,0.0,3.0,0.0,4,2,1,1,3,0,1,0
295953,1791,0.0,4.0,1.0,8,4,2,1,7,0,1,0
296589,145,0.0,5.0,1.0,9,3,1,1,8,0,1,0
297119,4966,0.0,4.0,0.0,63,19,9,4,54,0,5,4
297336,4394,0.0,0.0,0.0,4,1,1,1,3,0,1,0
297408,4444,0.0,6.0,1.0,52,14,4,2,46,0,5,1
297749,250,0.0,2.0,0.0,1,1,1,1,0,0,1,0
297929,2928,0.0,0.0,0.0,2,1,1,1,0,0,2,0
298059,3225,0.0,0.0,0.0,14,5,2,2,12,0,2,0
298073,98,0.0,4.0,0.0,4,1,1,1,3,0,1,0
29809,4659,0.0,3.0,0.0,6,1,1,3,4,0,1,1
29815,2845,0.0,2.0,0.0,9,3,1,1,6,0,3,0
298246,587,1.0,3.0,1.0,11,4,1,1,10,0,1,0
298535,1203,0.0,5.0,0.0,15,7,5,3,12,0,3,0
298790,3954,0.0,2.0,0.0,5,1,1,1,4,0,1,0
298998,474,1.0,3.0,1.0,9,3,2,4,4,0,1,4
299205,4173,0.0,6.0,0.0,14,10,5,3,12,0,2,0
299460,4340,0.0,6.0,0.0,1,1,1,1,0,0,1,0
299599,3825,0.0,0.0,0.0,8,4,2,1,6,0,2,0
299746,4765,0.0,3.0,1.0,11,1,1,3,10,0,1,0
29976,4079,0.0,0.0,0.0,1,1,1,1,0,0,1,0
299778,416,0.0,6.0,0.0,4,1,1,1,3,0,1,0
299922,1102,0.0,3.0,0.0,12,6,1,4,10,0,2,0
300493,4585,0.0,5.0,0.0,3,1,1,1,2,0,1,0
300578,4648,0.0,2.0,0.0,48,20,4,2,39,0,5,4
300657,2278,0.0,3.0,0.0,2,1,1,1,1,0,1,0
301236,3245,1.0,6.0,0.0,5,2,1,2,3,0,1,1
301628,4406,0.0,2.0,0.0,3,1,1,1,2,0,1,0
302067,3170,0.0,3.0,0.0,14,4,3,3,10,0,4,0
302187,1900,0.0,3.0,1.0,9,3,2,1,6,2,1,0
302629,191,0.0,3.0,0.0,9,8,6,1,8,0,1,0
302794,2127,0.0,4.0,1.0,13,2,2,1,12,0,1,0
303054,3826,0.0,6.0,0.0,11,4,1,2,9,0,1,1
303315,715,0.0,0.0,0.0,19,9,1,1,17,0,2,0
303353,4086,0.0,7.0,0.0,3,1,1,1,2,0,1,0
303645,4346,0.0,2.0,0.0,17,6,5,3,13,0,2,2
30405,2140,1.0,0.0,1.0,10,4,1,2,9,0,1,0
304331,3623,1.0,4.0,0.0,2,1,1,2,0,0,1,1
304502,1825,0.0,6.0,0.0,13,2,2,3,12,0,1,0
304769,3159,0.0,3.0,0.0,14,5,1,1,12,0,1,1
305013,4756,0.0,6.0,0.0,13,5,2,1,11,0,2,0
305102,682,0.0,3.0,0.0,9,2,2,2,8,0,1,0
305149,4614,0.0,3.0,0.0,21,8,5,2,18,0,3,0
305584,4173,0.0,3.0,0.0,4,1,1,1,3,0,1,0
305660,1878,0.0,5.0,0.0,2,1,1,1,1,0,1,0
305720,1272,0.0,0.0,0.0,3,1,1,2,2,0,1,0
305844,1487,0.0,4.0,0.0,4,1,1,1,3,0,1,0
306030,1145,0.0,4.0,1.0,9,2,1,3,8,0,1,0
306213,3075,1.0,3.0,0.0,6,1,1,1,5,0,1,0
306453,4140,0.0,0.0,0.0,41,17,1,2,38,0,3,0
306686,643,0.0,4.0,1.0,8,2,2,3,7,0,1,0
306708,3159,0.0,3.0,0.0,4,1,1,1,3,0,1,0
306871,3075,0.0,4.0,1.0,5,4,1,1,4,0,1,0
307336,1742,0.0,0.0,0.0,3,1,1,1,2,0,1,0
307428,3152,0.0,6.0,0.0,9,2,1,2,7,0,1,1
308129,2447,0.0,4.0,0.0,4,1,1,2,3,0,1,0
308223,2031,0.0,3.0,1.0,3,1,1,1,2,0,1,0
308523,1708,0.0,5.0,2.0,1,1,1,1,0,0,1,0
308635,1031,0.0,4.0,0.0,11,8,1,3,10,0,1,0
308703,4322,1.0,3.0,0.0,5,1,1,1,4,0,1,0
309667,4860,0.0,2.0,0.0,5,1,1,1,3,0,2,0
310031,3350,0.0,6.0,0.0,20,3,1,3,19,0,1,0
310184,2664,0.0,4.0,0.0,29,5,1,2,22,0,2,5
310242,4173,0.0,4.0,0.0,29,19,6,2,26,0,3,0
310247,1861,0.0,null,null,4,1,1,1,3,0,1,0
311408,742,1.0,4.0,1.0,5,1,1,1,3,0,2,0
311921,2577,0.0,3.0,0.0,3,1,1,2,1,0,1,1
311935,3828,0.0,6.0,0.0,10,4,1,1,9,0,1,0
312142,4662,0.0,4.0,1.0,3,2,2,1,2,0,1,0
312618,3640,0.0,3.0,0.0,4,1,1,2,2,0,1,1
312671,1200,0.0,4.0,2.0,11,5,3,1,7,0,4,0
312795,3954,0.0,7.0,1.0,3,1,1,1,2,0,1,0
313248,2565,0.0,4.0,0.0,24,7,1,3,23,0,1,0
313259,4926,0.0,4.0,0.0,44,23,16,6,43,0,1,0
313824,3200,0.0,0.0,0.0,12,6,4,1,11,0,1,0
314222,1760,0.0,0.0,1.0,9,1,1,2,8,0,1,0
314585,1415,0.0,3.0,0.0,5,1,1,2,3,0,1,1
31474,3578,0.0,5.0,0.0,5,2,2,1,4,0,1,0
314906,3742,0.0,4.0,2.0,3,1,1,2,2,0,1,0
31498,4847,0.0,0.0,0.0,11,5,4,4,9,0,2,0
315508,4405,0.0,4.0,0.0,3,1,1,1,2,0,1,0
315581,2082,0.0,0.0,0.0,3,1,1,1,2,0,1,0
31561,1890,0.0,4.0,0.0,9,6,2,1,8,0,1,0
316202,2511,0.0,3.0,0.0,2,1,1,1,1,0,1,0
317458,2099,0.0,7.0,0.0,2,1,1,1,1,0,1,0
3177,1833,0.0,5.0,0.0,4,2,1,1,2,0,2,0
318105,3826,0.0,2.0,0.0,4,2,1,1,3,0,1,0
318266,1978,0.0,6.0,1.0,1,1,1,1,0,0,1,0
318387,2857,0.0,0.0,0.0,4,1,1,1,3,0,1,0
318496,4950,0.0,6.0,0.0,4,2,2,1,3,0,1,0
31917,1308,0.0,2.0,0.0,11,2,2,1,10,0,1,0
319209,608,0.0,3.0,1.0,14,4,3,1,11,0,3,0
319421,798,0.0,3.0,0.0,3,1,1,2,2,0,1,0
319554,4044,0.0,3.0,0.0,1,1,1,1,0,0,1,0
320339,2545,1.0,2.0,1.0,1,1,1,1,0,0,1,0
320502,2167,0.0,0.0,0.0,6,1,1,3,4,0,1,1
320626,2727,0.0,2.0,2.0,1,1,1,1,0,0,1,0
321216,2031,0.0,2.0,1.0,12,6,1,6,8,0,1,3
321390,1642,0.0,3.0,1.0,2,1,1,1,1,0,1,0
321475,4170,0.0,3.0,0.0,13,7,3,1,10,0,3,0
321492,3941,0.0,5.0,0.0,6,2,1,2,5,0,1,0
321874,1890,0.0,3.0,0.0,6,1,1,3,5,0,1,0
322281,3668,0.0,4.0,2.0,4,2,2,1,2,0,2,0
322620,4926,0.0,4.0,2.0,11,4,3,4,9,0,1,1
322657,3828,0.0,7.0,0.0,14,11,5,1,13,0,1,0
32279,2545,0.0,3.0,1.0,14,7,2,1,12,0,2,0
322957,508,1.0,0.0,0.0,10,2,1,3,8,0,2,0
323469,4992,0.0,5.0,1.0,13,6,2,2,10,0,3,0
323580,4605,0.0,0.0,0.0,3,3,3,1,0,0,3,0
324803,1742,0.0,5.0,1.0,15,9,1,1,14,0,1,0
324975,4043,0.0,6.0,0.0,17,13,7,3,13,0,4,0
325188,4042,0.0,3.0,0.0,4,1,1,1,3,0,1,0
325344,3016,0.0,3.0,0.0,17,11,5,2,16,0,1,0
325409,798,0.0,2.0,0.0,5,1,1,1,4,0,1,0
325601,4985,0.0,5.0,0.0,2,1,1,1,1,0,1,0
325748,3041,0.0,3.0,0.0,8,4,1,1,4,0,1,3
325780,1340,0.0,5.0,0.0,6,2,1,4,2,0,2,2
325803,4090,0.0,3.0,0.0,4,3,1,1,3,0,1,0
325849,467,0.0,5.0,1.0,11,6,4,1,8,0,3,0
328555,2569,0.0,3.0,0.0,227,66,9,11,224,0,2,1
328733,1117,0.0,2.0,0.0,13,5,2,1,11,0,2,0
329041,1588,0.0,0.0,0.0,8,3,3,1,7,0,1,0
329339,1356,0.0,6.0,0.0,3,1,1,1,2,0,1,0
329435,1102,0.0,6.0,2.0,14,10,4,2,13,0,1,0
32954,1359,0.0,4.0,2.0,2,1,1,1,1,0,1,0
329548,361,0.0,0.0,1.0,8,3,1,1,7,0,1,0
329646,1090,1.0,6.0,0.0,8,1,1,2,6,0,1,1
329789,2995,0.0,0.0,0.0,26,13,3,2,23,0,3,0
329795,951,0.0,3.0,0.0,2,1,1,1,0,0,1,1
330457,1415,0.0,3.0,0.0,13,3,1,3,11,0,2,0
33071,3013,0.0,3.0,0.0,3,1,1,1,2,0,1,0
33085,574,0.0,4.0,0.0,8,4,2,1,7,0,1,0
331209,1918,0.0,3.0,0.0,9,9,2,2,8,0,1,0
331423,1892,0.0,0.0,0.0,50,16,4,3,46,0,2,2
331528,946,1.0,4.0,1.0,22,10,4,3,21,0,1,0
331593,4173,0.0,4.0,0.0,25,8,2,3,22,0,3,0
331684,2452,0.0,7.0,1.0,14,3,2,1,10,0,3,1
332004,3701,0.0,6.0,0.0,11,4,1,2,8,0,1,2
33220,3205,0.0,2.0,0.0,19,9,3,1,9,0,1,9
332973,3469,0.0,3.0,0.0,20,5,1,1,19,0,1,0
333251,2032,0.0,7.0,0.0,10,7,1,4,8,0,1,1
333272,608,0.0,4.0,0.0,14,5,2,5,12,0,1,1
333426,2608,0.0,0.0,0.0,2,1,1,1,1,0,1,0
333583,2122,0.0,4.0,0.0,2,1,1,1,1,0,1,0
333897,3875,0.0,0.0,0.0,3,1,1,2,2,0,1,0
33416,4577,0.0,3.0,0.0,13,8,7,2,8,0,5,0
334430,2664,0.0,0.0,0.0,4,2,1,1,3,0,1,0
33483,4044,0.0,3.0,0.0,27,12,6,3,22,0,2,3
335035,4173,0.0,3.0,0.0,49,38,7,5,48,0,1,0
335481,1500,0.0,0.0,0.0,3,1,1,3,2,0,1,0
335491,2727,0.0,3.0,1.0,5,1,1,1,4,0,1,0
335777,742,0.0,4.0,0.0,12,2,2,3,11,0,1,0
336091,416,0.0,3.0,0.0,1,1,1,1,0,0,1,0
33618,4729,0.0,3.0,0.0,20,11,4,3,17,0,1,2
337509,1102,0.0,3.0,0.0,9,5,4,7,5,0,1,3
337700,722,1.0,0.0,0.0,4,1,1,1,3,0,1,0
337856,2582,0.0,4.0,1.0,15,5,1,3,12,0,1,2
338094,1557,0.0,4.0,1.0,5,3,1,1,4,0,1,0
338277,4186,0.0,0.0,0.0,15,3,1,2,14,0,1,0
339191,2294,1.0,6.0,1.0,2,1,1,2,1,0,1,0
339283,1203,0.0,4.0,0.0,3,1,1,2,2,0,1,0
339290,4282,1.0,3.0,1.0,75,42,8,3,73,0,2,0
339386,2273,0.0,4.0,0.0,4,3,1,1,3,0,1,0
339937,1875,0.0,6.0,1.0,87,49,9,7,85,0,1,1
340167,4589,0.0,3.0,1.0,1,1,1,1,0,0,1,0
340877,1501,0.0,0.0,1.0,7,2,1,1,6,0,1,0
341313,2328,0.0,0.0,0.0,3,1,1,1,2,0,1,0
341422,3105,0.0,2.0,0.0,2,1,1,1,1,0,1,0
341579,2122,1.0,6.0,0.0,3,1,1,1,2,0,1,0
341686,4009,0.0,4.0,0.0,38,3,3,1,35,0,3,0
341808,4536,0.0,5.0,1.0,2,1,1,1,1,0,1,0
342066,2149,0.0,3.0,0.0,38,3,1,4,34,0,1,3
342367,793,0.0,0.0,0.0,13,3,1,2,11,0,1,1
342441,3103,0.0,5.0,0.0,1,1,1,1,0,0,1,0
342581,361,0.0,3.0,1.0,5,4,1,1,4,0,1,0
342642,3524,0.0,0.0,0.0,3,1,1,1,2,0,1,0
343078,296,0.0,3.0,0.0,3,2,1,1,1,0,2,0
343217,2821,0.0,0.0,0.0,7,1,1,1,6,0,1,0
343681,1892,0.0,4.0,1.0,22,9,3,4,19,0,2,1
344021,1594,0.0,3.0,0.0,5,4,2,2,4,0,1,0
344064,1742,0.0,4.0,1.0,7,2,1,1,6,0,1,0
34420,2639,0.0,5.0,0.0,20,11,6,2,18,0,2,0
344645,1102,0.0,3.0,2.0,8,4,3,1,7,0,1,0
34493,4942,0.0,2.0,0.0,1,1,1,1,0,0,1,0
345033,1861,1.0,4.0,0.0,16,6,3,1,10,0,6,0
346005,2138,0.0,3.0,0.0,5,2,2,1,4,0,1,0
346177,4044,0.0,2.0,0.0,13,5,1,3,9,0,1,3
34630,3236,0.0,6.0,0.0,12,1,1,3,10,0,1,1
346435,2099,0.0,0.0,0.0,3,1,1,1,1,0,1,1
346460,3546,0.0,6.0,1.0,1,1,1,1,0,0,1,0
346594,2565,0.0,3.0,0.0,4,1,1,2,3,0,1,0
346728,408,0.0,3.0,0.0,5,1,1,2,4,0,1,0
346869,3536,0.0,0.0,0.0,26,15,2,1,25,0,1,0
347870,2537,0.0,2.0,0.0,22,5,2,3,17,0,2,3
347929,4760,0.0,0.0,0.0,3,1,1,1,2,0,1,0
348356,4195,0.0,5.0,0.0,9,3,2,1,7,0,2,0
348567,3602,0.0,0.0,0.0,3,1,1,1,2,0,1,0
348717,3781,0.0,5.0,1.0,1,1,1,1,0,0,1,0
348804,4170,0.0,0.0,0.0,3,2,1,1,1,0,2,0
349190,2432,1.0,4.0,0.0,13,6,5,2,12,0,1,0
349695,586,0.0,0.0,0.0,52,40,8,7,50,0,2,0
349824,946,0.0,5.0,1.0,21,12,4,3,20,0,1,0
350347,2036,0.0,2.0,1.0,8,1,1,1,7,0,1,0
350396,2279,0.0,4.0,2.0,17,9,5,5,16,0,1,0
350427,3828,0.0,5.0,0.0,2,1,1,1,1,0,1,0
350508,951,0.0,2.0,0.0,5,2,2,2,3,0,2,0
351609,4079,0.0,3.0,0.0,6,1,1,1,3,0,3,0
351610,189,0.0,6.0,0.0,4,2,2,1,3,0,1,0
351893,1056,0.0,4.0,0.0,62,35,11,8,59,0,1,2
352404,2928,0.0,3.0,0.0,2,2,2,2,1,0,1,0
352466,2545,0.0,4.0,1.0,9,1,1,3,7,0,1,1
352897,3288,0.0,6.0,0.0,10,2,1,1,9,0,1,0
352939,4197,0.0,3.0,0.0,15,1,1,2,13,1,1,0
352982,3682,0.0,4.0,0.0,19,6,2,3,16,0,1,2
35326,2521,0.0,4.0,0.0,10,3,2,3,4,0,4,2
353715,3862,0.0,5.0,1.0,9,2,1,3,8,0,1,0
353719,598,0.0,3.0,0.0,17,9,3,1,16,0,1,0
354814,1393,0.0,3.0,0.0,57,24,11,4,55,0,1,1
355257,4536,0.0,4.0,0.0,3,1,1,1,0,0,2,1
355355,547,0.0,0.0,0.0,15,6,2,3,11,0,1,3
35561,2981,0.0,7.0,0.0,24,5,3,6,20,0,2,2
355972,3546,0.0,6.0,0.0,14,3,1,3,11,0,1,2
356194,1272,0.0,3.0,0.0,33,23,7,17,32,0,1,0
356772,3578,0.0,3.0,0.0,1,1,1,1,0,0,1,0
356825,503,0.0,4.0,0.0,13,2,1,1,12,0,1,0
357073,3828,1.0,0.0,1.0,16,10,2,1,14,0,1,1
357503,2173,0.0,3.0,0.0,6,2,1,3,5,0,1,0
35784,2051,0.0,6.0,0.0,3,1,1,1,2,0,1,0
358379,3826,0.0,2.0,1.0,7,1,1,1,5,0,2,0
358543,3602,0.0,5.0,0.0,4,1,1,1,3,0,1,0
358912,4840,0.0,0.0,0.0,2,1,1,1,1,0,1,0
359447,1000,0.0,0.0,1.0,4,2,1,1,2,0,2,0
360088,437,0.0,7.0,1.0,41,7,2,5,40,0,1,0
360500,3925,0.0,4.0,0.0,24,9,3,6,21,0,1,2
360532,1487,0.0,0.0,1.0,14,4,1,2,10,1,1,2
360676,4794,0.0,7.0,1.0,2,1,1,1,1,0,1,0
361117,4976,0.0,3.0,0.0,4,4,3,2,0,0,1,3
361180,1031,0.0,0.0,2.0,1,1,1,1,0,0,1,0
36165,2305,0.0,2.0,0.0,3,1,1,2,2,0,1,0
361692,1487,0.0,4.0,0.0,8,3,1,1,6,0,2,0
361816,4173,0.0,0.0,0.0,6,1,1,1,4,0,2,0
362123,3734,0.0,2.0,0.0,4,1,1,2,3,0,1,0
362149,326,0.0,2.0,1.0,11,1,1,2,10,0,1,0
363333,3853,0.0,3.0,1.0,41,22,4,5,36,0,1,4
363381,3936,0.0,7.0,0.0,12,5,3,2,11,0,1,0
363436,3734,0.0,3.0,1.0,9,4,2,1,5,0,4,0
363461,2952,0.0,0.0,0.0,5,1,1,1,4,0,1,0
363576,1281,0.0,5.0,0.0,7,1,1,1,6,0,1,0
36385,1943,0.0,0.0,0.0,2,1,1,1,1,0,1,0
364075,2565,0.0,3.0,0.0,1,1,1,1,0,0,1,0
364191,1861,1.0,3.0,0.0,3,1,1,2,2,0,1,0
364322,915,0.0,3.0,1.0,7,1,1,1,5,0,1,1
364502,786,0.0,2.0,0.0,11,4,2,2,8,0,1,2
364734,3080,0.0,2.0,1.0,1,1,1,1,0,0,1,0
364999,4471,0.0,3.0,1.0,2,1,1,1,1,0,1,0
366517,1621,0.0,2.0,0.0,2,1,1,1,1,0,1,0
366653,3878,0.0,3.0,0.0,19,5,1,4,17,0,1,1
366757,588,1.0,6.0,1.0,1,1,1,1,0,0,1,0
36692,4980,0.0,2.0,0.0,34,15,7,2,32,0,1,1
366965,4108,0.0,2.0,0.0,5,1,1,1,3,0,1,1
367191,4427,0.0,3.0,0.0,8,2,1,1,6,0,2,0
367420,1923,0.0,4.0,0.0,2,1,1,1,1,0,1,0
367577,4976,0.0,2.0,0.0,9,4,3,3,8,0,1,0
36768,3984,0.0,4.0,0.0,18,9,6,4,17,0,1,0
367748,1356,0.0,5.0,0.0,6,3,2,1,5,0,1,0
367757,1875,0.0,2.0,0.0,15,6,3,1,14,0,1,0
367805,3205,0.0,0.0,0.0,6,1,1,1,5,0,1,0
367850,1679,0.0,3.0,0.0,47,16,5,2,42,0,5,0
368048,1712,0.0,3.0,0.0,10,3,1,2,9,0,1,0
368643,4818,0.0,4.0,1.0,22,11,4,7,21,0,1,0
369167,2403,0.0,4.0,1.0,1,1,1,1,0,0,1,0
369675,804,0.0,4.0,1.0,4,1,1,1,3,0,1,0
369717,1332,0.0,5.0,0.0,2,1,1,1,1,0,1,0
370354,4385,0.0,4.0,1.0,5,2,1,2,4,0,1,0
371720,1216,0.0,0.0,0.0,8,4,3,1,7,0,1,0
372222,4097,0.0,4.0,0.0,2,1,1,1,1,0,1,0
372629,2217,0.0,3.0,0.0,3,1,1,1,2,0,1,0
372842,1262,0.0,3.0,0.0,4,2,2,1,3,0,1,0
372982,3936,0.0,3.0,2.0,5,1,1,1,4,0,1,0
373308,2721,0.0,4.0,1.0,24,10,2,4,23,0,1,0
373503,4771,0.0,2.0,0.0,6,3,3,1,3,0,3,0
373513,3944,0.0,4.0,1.0,3,1,1,2,2,0,1,0
374175,4708,0.0,0.0,0.0,2,2,2,1,0,0,2,0
374233,2721,0.0,0.0,1.0,105,54,3,2,103,0,2,0
374791,652,0.0,4.0,0.0,34,11,4,3,31,0,2,1
375073,4871,0.0,0.0,0.0,1,1,1,1,0,0,1,0
375201,95,0.0,6.0,0.0,3,1,1,1,2,0,1,0
375472,2409,0.0,4.0,0.0,12,4,2,1,11,0,1,0
375534,2141,0.0,0.0,0.0,5,2,1,1,4,0,1,0
375671,685,0.0,0.0,0.0,2,2,1,1,1,0,1,0
375881,2482,0.0,2.0,1.0,13,4,3,4,12,0,1,0
376329,2138,0.0,2.0,0.0,8,3,3,1,4,0,2,2
37635,4044,0.0,2.0,0.0,16,10,8,3,13,0,1,2
376930,2161,0.0,6.0,0.0,2,1,1,1,1,0,1,0
377172,323,0.0,6.0,0.0,6,2,1,1,4,0,2,0
377527,1692,0.0,2.0,1.0,3,1,1,1,2,0,1,0
377770,1308,0.0,3.0,1.0,2,1,1,1,1,0,1,0
377786,2537,1.0,0.0,0.0,3,3,3,2,1,0,2,0
37810,2730,0.0,6.0,0.0,6,2,2,1,5,0,1,0
378300,1884,0.0,4.0,1.0,6,3,1,4,0,0,1,5
378798,1618,0.0,6.0,0.0,8,1,1,3,6,0,1,1
37898,2459,0.0,3.0,0.0,12,5,2,2,10,0,1,1
379218,4405,0.0,3.0,0.0,2,1,1,1,1,0,1,0
379325,2006,0.0,0.0,0.0,3,1,1,1,2,0,1,0
379628,2217,0.0,3.0,0.0,1,1,1,1,0,0,1,0
37965,4426,0.0,3.0,0.0,6,1,1,2,3,0,1,2
38124,4500,0.0,2.0,1.0,2,1,1,1,1,0,1,0
381274,4394,0.0,7.0,0.0,7,5,1,2,6,0,1,0
381593,1481,0.0,3.0,1.0,2,1,1,1,1,0,1,0
381813,3885,0.0,5.0,0.0,2,1,1,2,0,0,1,1
381923,3609,0.0,0.0,0.0,2,1,1,1,0,0,2,0
382191,4240,0.0,0.0,0.0,3,1,1,1,2,0,1,0
382213,1541,0.0,3.0,0.0,2,1,1,1,1,0,1,0
382358,4173,0.0,3.0,1.0,1,1,1,1,0,0,1,0
38247,4129,0.0,4.0,0.0,2,2,2,1,0,0,2,0
382479,4173,0.0,0.0,0.0,28,8,2,2,25,0,1,2
382683,416,0.0,5.0,0.0,28,14,7,2,24,0,2,2
382772,1022,0.0,7.0,0.0,3,2,1,1,2,0,1,0
382884,2360,0.0,4.0,1.0,2,1,1,1,0,0,2,0
382932,4015,0.0,0.0,1.0,1,1,1,1,0,0,1,0
383281,1487,0.0,4.0,0.0,8,1,1,2,7,0,1,0
38334,3954,0.0,0.0,1.0,1,1,1,1,0,0,1,0
383773,2566,0.0,6.0,0.0,4,1,1,1,3,0,1,0
384142,3828,0.0,0.0,0.0,30,19,7,3,28,0,2,0
384234,4954,0.0,4.0,0.0,3,1,1,1,2,0,1,0
384327,1102,0.0,3.0,1.0,8,7,3,4,7,0,1,0
384498,434,0.0,2.0,0.0,8,1,1,2,6,0,1,1
384567,1284,0.0,5.0,0.0,2,1,1,1,1,0,1,0
384651,793,0.0,4.0,0.0,3,1,1,1,2,0,1,0
385011,4282,0.0,0.0,1.0,10,3,3,3,9,0,1,0
38536,3915,0.0,3.0,0.0,6,1,1,1,5,0,1,0
385528,2303,0.0,2.0,0.0,20,10,1,2,17,0,1,2
385612,642,0.0,4.0,2.0,8,1,1,1,7,0,1,0
385667,3350,0.0,0.0,0.0,3,1,1,1,2,0,1,0
38638,4325,0.0,3.0,0.0,2,1,1,2,1,0,1,0
386993,2272,0.0,4.0,0.0,7,2,1,1,6,0,1,0
387752,141,0.0,4.0,0.0,31,15,10,3,29,0,1,1
387843,2775,0.0,2.0,1.0,2,1,1,1,1,0,1,0
387930,1784,0.0,4.0,0.0,21,7,4,1,20,0,1,0
389415,4049,0.0,5.0,0.0,5,2,2,3,4,0,1,0
389590,402,0.0,0.0,0.0,21,10,4,5,19,0,2,0
389984,1310,0.0,2.0,0.0,8,6,3,1,7,0,1,0
389997,4710,0.0,2.0,0.0,41,18,5,8,38,0,2,1
390559,1892,1.0,5.0,0.0,50,25,5,1,46,0,2,2
390624,740,0.0,3.0,1.0,24,11,6,2,23,0,1,0
39072,4336,0.0,3.0,1.0,5,1,1,2,3,0,2,0
390782,4022,0.0,4.0,0.0,1,1,1,1,0,0,1,0
39103,4079,0.0,2.0,0.0,9,6,1,3,8,0,1,0
392114,606,0.0,3.0,0.0,21,11,2,4,20,0,1,0
393019,4921,0.0,6.0,1.0,15,6,1,4,14,0,1,0
393131,1393,0.0,4.0,2.0,6,1,1,1,4,0,2,0
39344,1892,1.0,4.0,0.0,80,36,11,4,75,0,5,0
393553,598,0.0,6.0,0.0,5,1,1,1,4,0,1,0
393669,3578,1.0,3.0,0.0,10,3,2,3,9,0,1,0
393755,2193,0.0,3.0,0.0,20,6,3,1,18,0,2,0
393966,1679,0.0,4.0,0.0,8,5,1,2,7,0,1,0
39452,4322,0.0,4.0,1.0,5,1,1,1,4,0,1,0
394934,4818,0.0,3.0,1.0,49,30,7,2,46,0,3,0
39497,3195,0.0,4.0,0.0,5,3,2,1,4,0,1,0
395281,361,0.0,0.0,1.0,4,1,1,2,3,0,1,0
395373,3585,0.0,5.0,0.0,76,43,2,7,71,0,2,3
39538,2565,0.0,3.0,0.0,22,8,2,8,21,0,1,0
395647,4585,0.0,3.0,1.0,3,1,1,1,2,0,1,0
395962,1884,0.0,4.0,0.0,3,1,1,2,2,0,1,0
396393,1936,0.0,0.0,1.0,3,1,1,1,2,0,1,0
396632,2078,0.0,6.0,1.0,1,1,1,1,0,0,1,0
396736,3791,0.0,6.0,0.0,9,4,1,1,8,0,1,0
396937,2278,0.0,2.0,0.0,7,1,1,1,6,0,1,0
397183,3870,0.0,4.0,0.0,12,8,2,4,10,0,2,0
397605,3734,0.0,0.0,1.0,80,19,6,4,71,0,9,0
398039,1816,0.0,2.0,1.0,3,2,2,1,1,0,2,0
398052,1134,0.0,0.0,1.0,5,1,1,2,4,0,1,0
398138,4607,0.0,4.0,1.0,5,2,2,1,4,0,1,0
398366,1102,0.0,3.0,0.0,8,4,2,1,7,0,1,0
398532,4768,0.0,2.0,0.0,7,4,1,1,6,0,1,0
398578,1467,0.0,0.0,1.0,1,1,1,1,0,0,1,0
398936,3480,0.0,0.0,1.0,1,1,1,1,0,0,1,0
39932,3835,0.0,0.0,0.0,22,2,1,2,21,0,1,0
399691,2403,0.0,0.0,0.0,8,2,1,1,5,0,2,1
399753,2954,0.0,3.0,0.0,54,13,7,11,49,0,2,3
399868,3013,0.0,3.0,0.0,11,3,1,4,9,0,2,0
399948,1890,0.0,0.0,0.0,7,2,1,1,6,0,1,0
400435,4170,0.0,4.0,0.0,5,2,1,1,4,0,1,0
40053,4173,0.0,4.0,0.0,5,3,3,1,4,0,1,0
400720,742,0.0,0.0,0.0,6,1,1,3,4,0,1,1
400936,4219,0.0,3.0,0.0,3,2,1,1,1,0,2,0
401458,4536,0.0,4.0,0.0,7,1,1,1,6,0,1,0
401888,4690,0.0,3.0,0.0,5,2,1,1,4,0,1,0
402392,3588,0.0,0.0,0.0,1,1,1,1,0,0,1,0
402622,4818,0.0,3.0,1.0,21,11,4,1,20,0,1,0
402640,2403,0.0,3.0,0.0,4,3,1,3,2,0,1,1
402682,4225,0.0,3.0,0.0,2,1,1,1,1,0,1,0
403162,2193,0.0,3.0,0.0,7,4,1,1,5,0,2,0
404180,66,0.0,3.0,1.0,25,5,3,2,24,0,1,0
404482,4095,0.0,6.0,0.0,6,4,1,1,5,0,1,0
405072,1890,0.0,4.0,0.0,4,3,3,2,3,0,1,0
405085,1322,0.0,3.0,0.0,10,1,1,2,9,0,1,0
405152,2196,0.0,3.0,1.0,3,2,1,2,2,0,1,0
405440,3439,0.0,4.0,0.0,1,1,1,1,0,0,1,0
405769,3734,0.0,0.0,1.0,8,6,4,1,3,0,3,2
406098,2915,0.0,7.0,0.0,12,4,3,1,8,0,4,0
40643,1916,0.0,6.0,1.0,2,1,1,2,1,0,1,0
406546,2172,0.0,2.0,0.0,3,2,2,1,1,0,2,0
406750,4044,0.0,0.0,null,57,36,9,1,55,0,2,0
407380,1875,0.0,0.0,1.0,14,6,3,3,12,1,1,0
407471,2161,0.0,5.0,0.0,9,6,4,2,8,0,1,0
407798,3828,0.0,4.0,1.0,2,1,1,1,1,0,1,0
407919,1056,0.0,5.0,0.0,14,5,3,6,13,0,1,0
407920,3925,0.0,4.0,0.0,6,5,2,4,5,0,1,0
407930,1738,0.0,5.0,0.0,3,1,1,1,2,0,1,0
407969,2303,0.0,2.0,0.0,2,1,1,2,1,0,1,0
408403,4043,0.0,0.0,0.0,2,1,1,1,1,0,1,0
40885,4658,0.0,3.0,1.0,7,1,1,1,6,0,1,0
409094,4747,0.0,2.0,0.0,4,1,1,1,2,0,2,0
409534,2954,0.0,3.0,0.0,1,1,1,1,0,0,1,0
409982,121,0.0,5.0,0.0,3,2,1,2,0,0,1,2
410018,3683,0.0,0.0,0.0,8,2,2,2,6,0,1,1
410684,3588,0.0,3.0,0.0,2,1,1,1,1,0,1,0
410750,798,0.0,5.0,0.0,3,2,2,3,1,0,1,1
411171,1738,0.0,5.0,0.0,7,4,2,2,6,0,1,0
411198,2730,0.0,3.0,1.0,4,2,1,2,3,0,1,0
411842,951,0.0,0.0,0.0,6,2,1,1,4,0,2,0
412068,1710,0.0,3.0,0.0,12,6,2,1,9,0,3,0
412446,2669,0.0,3.0,0.0,27,14,5,4,24,0,2,1
412669,3828,0.0,4.0,0.0,24,13,3,2,23,0,1,0
413327,3205,0.0,8.0,1.0,14,8,2,1,4,0,2,8
413615,1760,0.0,2.0,0.0,57,22,2,3,52,0,2,3
413661,4659,0.0,4.0,0.0,3,1,1,1,2,0,1,0
414141,4382,0.0,4.0,0.0,4,1,1,1,3,0,1,0
414349,1116,0.0,2.0,0.0,5,2,1,2,4,0,1,0
414810,227,0.0,4.0,0.0,37,12,2,2,29,0,6,2
41498,4836,0.0,3.0,0.0,10,7,1,1,9,0,1,0
41505,4048,0.0,5.0,0.0,2,1,1,1,1,0,1,0
415270,1272,0.0,6.0,0.0,6,4,2,2,5,0,1,0
415397,794,0.0,2.0,0.0,2,1,1,1,0,0,1,1
415489,278,0.0,2.0,0.0,11,6,2,1,9,0,2,0
415784,395,0.0,3.0,2.0,2,1,1,1,1,0,1,0
415892,1496,0.0,4.0,0.0,7,1,1,3,5,0,1,1
417393,326,0.0,6.0,0.0,2,1,1,1,1,0,1,0
418202,4394,0.0,3.0,0.0,5,2,1,2,4,0,1,0
418401,786,0.0,0.0,0.0,8,3,1,2,7,0,1,0
418509,4382,0.0,4.0,0.0,12,5,1,3,7,0,1,4
418780,3075,0.0,3.0,0.0,1,1,1,1,0,0,1,0
419068,148,0.0,3.0,0.0,12,7,3,2,11,0,1,0
419526,1999,1.0,3.0,0.0,2,1,1,2,1,0,1,0
419543,1800,0.0,5.0,0.0,8,1,1,1,7,0,1,0
419705,2140,1.0,6.0,0.0,60,18,1,1,59,0,1,0
419938,1679,0.0,4.0,0.0,4,3,2,1,3,0,1,0
421166,4976,0.0,2.0,null,7,3,2,1,6,0,1,0
421252,1342,0.0,3.0,0.0,1,1,1,1,0,0,1,0
421420,4316,0.0,3.0,1.0,1,1,1,1,0,0,1,0
421495,2459,0.0,3.0,0.0,2,2,2,1,0,0,2,0
421902,4178,0.0,3.0,0.0,4,2,1,2,1,0,1,2
422612,2047,0.0,0.0,0.0,5,1,1,2,4,0,1,0
422862,1888,0.0,6.0,0.0,6,2,2,3,4,0,1,1
423490,3614,1.0,4.0,0.0,2,2,2,1,0,0,2,0
423492,646,0.0,6.0,0.0,5,2,1,1,4,0,1,0
423593,4427,0.0,5.0,2.0,1,1,1,1,0,0,1,0
424069,4614,0.0,3.0,0.0,7,4,3,1,6,0,1,0
42442,3826,0.0,3.0,1.0,4,1,1,1,3,0,1,0
42458,416,0.0,0.0,0.0,48,18,6,3,46,1,1,0
42912,4687,0.0,3.0,1.0,6,3,1,1,5,0,1,0
43014,1393,0.0,3.0,0.0,12,10,5,1,11,0,1,0
43066,3609,0.0,6.0,0.0,16,6,1,2,14,0,2,0
4362,4034,0.0,0.0,0.0,3,1,1,2,1,0,1,1
4463,3966,0.0,2.0,0.0,9,3,2,2,8,0,1,0
44899,1816,0.0,4.0,0.0,13,4,2,1,12,0,1,0
45096,2435,0.0,4.0,0.0,3,2,1,1,0,0,3,0
45420,2883,0.0,3.0,0.0,3,1,1,1,2,0,1,0
45627,4042,0.0,0.0,1.0,3,1,1,1,2,0,1,0
45653,416,0.0,0.0,0.0,19,14,1,3,17,0,2,0
46699,4760,0.0,4.0,1.0,63,20,6,5,56,0,1,6
4684,1062,0.0,4.0,1.0,11,3,3,1,8,0,3,0
46892,4705,0.0,7.0,0.0,1,1,1,1,0,0,1,0
47217,4044,0.0,2.0,0.0,43,21,3,5,37,0,1,5
47463,731,0.0,2.0,1.0,10,4,1,3,9,0,1,0
47834,2217,0.0,3.0,0.0,4,1,1,2,2,0,1,1
47837,1487,0.0,3.0,0.0,3,1,1,2,2,0,1,0
48015,822,0.0,4.0,0.0,8,3,1,2,5,0,2,1
48244,4067,0.0,3.0,0.0,3,1,1,2,1,0,1,1
48954,4491,0.0,0.0,1.0,1,1,1,1,0,0,1,0
48969,2730,0.0,0.0,1.0,4,3,1,2,3,0,1,0
49558,2036,0.0,5.0,0.0,5,1,1,1,4,0,1,0
4997,860,0.0,4.0,0.0,9,5,3,1,6,0,3,0
50351,254,0.0,3.0,0.0,1,1,1,1,0,0,1,0
50390,2888,0.0,2.0,1.0,6,1,1,1,5,0,1,0
51041,2082,0.0,6.0,0.0,25,13,3,5,24,0,1,0
52189,1056,0.0,4.0,0.0,19,13,9,3,15,0,2,2
5277,2283,0.0,2.0,0.0,3,2,2,2,0,0,1,2
52794,1884,0.0,0.0,0.0,3,1,1,1,2,0,1,0
52969,293,0.0,4.0,1.0,1,1,1,1,0,0,1,0
53832,2278,0.0,3.0,0.0,1,1,1,1,0,0,1,0
53848,4966,0.0,5.0,1.0,13,10,8,3,11,0,1,1
53963,522,0.0,7.0,0.0,7,3,1,1,6,0,1,0
53974,2939,0.0,6.0,0.0,8,1,1,2,7,0,1,0
54100,2730,0.0,6.0,0.0,19,8,2,5,18,0,1,0
54319,4150,0.0,3.0,1.0,3,1,1,1,2,0,1,0
54539,2562,0.0,2.0,1.0,4,2,2,2,3,0,1,0
5460,1485,0.0,4.0,0.0,58,29,4,6,55,0,3,0
54752,4595,0.0,0.0,0.0,4,1,1,1,3,0,1,0
54874,1721,0.0,6.0,1.0,4,1,1,1,3,0,1,0
55645,2138,0.0,2.0,0.0,3,3,3,2,0,0,2,1
55650,4394,0.0,4.0,0.0,6,2,1,2,4,0,1,1
56130,219,0.0,0.0,0.0,6,3,1,1,4,0,2,0
56484,760,0.0,2.0,1.0,4,1,1,2,2,1,1,0
56547,653,0.0,3.0,1.0,3,1,1,1,2,0,1,0
56622,219,0.0,3.0,1.0,9,1,1,3,8,0,1,0
56682,414,0.0,6.0,0.0,6,5,2,2,5,0,1,0
57533,1203,0.0,5.0,0.0,25,13,6,2,22,0,3,0
57540,4708,0.0,4.0,1.0,2,1,1,1,1,0,1,0
57623,3621,0.0,3.0,1.0,5,1,1,1,1,0,4,0
57773,4483,0.0,3.0,1.0,3,1,1,1,2,0,1,0
57867,1749,0.0,3.0,0.0,13,10,7,2,11,0,2,0
58095,4905,0.0,3.0,1.0,4,1,1,1,3,0,1,0
58974,2630,0.0,3.0,1.0,5,2,2,1,4,0,1,0
59218,2452,0.0,3.0,1.0,7,2,2,1,5,0,2,0
59602,798,0.0,3.0,0.0,27,18,9,1,23,0,4,0
59974,1403,0.0,6.0,0.0,12,2,2,1,10,0,1,1
60194,4079,0.0,6.0,0.0,1,1,1,1,0,0,1,0
60316,1031,0.0,3.0,0.0,4,3,1,1,3,0,1,0
60456,2928,0.0,0.0,2.0,8,4,2,1,6,0,2,0
60511,4234,0.0,3.0,0.0,12,8,3,1,11,0,1,0
60609,3236,0.0,0.0,0.0,14,4,1,1,13,0,1,0
61126,2220,1.0,6.0,1.0,1,1,1,1,0,0,1,0
61930,1102,0.0,2.0,0.0,11,5,2,1,10,0,1,0
61978,2217,0.0,0.0,0.0,3,1,1,1,2,0,1,0
62345,4044,0.0,2.0,0.0,15,5,4,2,13,0,1,1
62812,2583,0.0,3.0,0.0,4,1,1,4,1,0,1,2
62845,1031,0.0,3.0,0.0,4,2,1,2,3,0,1,0
62869,1916,0.0,6.0,0.0,11,3,1,1,10,0,1,0
62942,4129,0.0,2.0,0.0,21,14,2,4,20,0,1,0
630,2711,1.0,4.0,0.0,1,1,1,1,0,0,1,0
63026,1346,0.0,4.0,0.0,19,3,1,3,15,0,1,3
63579,931,0.0,3.0,0.0,20,12,4,2,19,0,1,0
63727,598,0.0,3.0,0.0,3,1,1,2,2,0,1,0
64185,4173,0.0,3.0,0.0,9,7,3,3,8,0,1,0
64248,3545,0.0,3.0,0.0,6,4,1,1,5,0,1,0
64619,2108,0.0,2.0,0.0,5,2,1,1,4,0,1,0
64810,141,0.0,3.0,0.0,62,16,9,2,58,0,4,0
65377,2482,0.0,0.0,0.0,6,2,2,3,5,0,1,0
65505,2359,0.0,0.0,1.0,5,3,1,1,3,0,2,0
6614,4717,0.0,3.0,0.0,5,2,1,2,4,0,1,0
66498,3476,0.0,4.0,1.0,2,1,1,2,1,0,1,0
6677,1618,0.0,2.0,1.0,1,1,1,1,0,0,1,0
66905,4726,0.0,5.0,0.0,4,1,1,1,2,0,2,0
67113,503,0.0,0.0,0.0,2,1,1,1,1,0,1,0
67261,721,0.0,3.0,0.0,1,1,1,1,0,0,1,0
67543,1133,1.0,2.0,1.0,15,7,3,4,13,0,1,1
67840,168,0.0,4.0,1.0,13,8,3,1,10,0,3,0
67999,1890,0.0,3.0,0.0,5,2,1,2,4,0,1,0
68031,4976,0.0,5.0,0.0,25,8,4,2,23,0,2,0
68116,396,0.0,2.0,0.0,6,3,1,1,5,0,1,0
68205,1555,0.0,3.0,0.0,2,1,1,1,1,0,1,0
68279,1076,0.0,4.0,0.0,13,7,5,1,11,0,1,1
68882,2,0.0,3.0,1.0,11,3,1,1,9,0,1,1
69522,4993,0.0,2.0,0.0,6,4,1,2,5,0,1,0
69545,3418,0.0,0.0,0.0,5,1,1,1,2,2,1,0
69628,747,0.0,5.0,0.0,2,1,1,2,0,0,1,1
6986,1504,0.0,3.0,0.0,2,1,1,1,1,0,1,0
69933,2435,0.0,3.0,0.0,3,2,2,1,2,0,1,0
69998,2047,0.0,5.0,1.0,7,1,1,3,4,0,1,2
7077,161,0.0,0.0,1.0,3,1,1,1,2,0,1,0
71278,1724,0.0,4.0,1.0,3,1,1,1,2,0,1,0
71651,4346,0.0,0.0,1.0,6,2,1,1,4,0,2,0
72107,643,0.0,6.0,0.0,4,1,1,2,2,1,1,0
72118,590,0.0,3.0,1.0,4,4,3,1,3,0,1,0
72297,1412,0.0,4.0,0.0,3,1,1,1,2,0,1,0
72334,3455,0.0,6.0,0.0,3,1,1,2,2,0,1,0
72593,310,0.0,6.0,1.0,4,2,2,1,2,0,2,0
73030,685,0.0,5.0,0.0,21,8,2,2,20,0,1,0
73168,2140,0.0,0.0,0.0,40,20,1,3,33,0,7,0
7348,4732,0.0,0.0,0.0,4,2,1,1,3,0,1,0
74054,503,0.0,3.0,0.0,5,2,2,1,4,0,1,0
7459,2303,0.0,0.0,0.0,9,4,1,2,8,0,1,0
74802,4499,0.0,0.0,0.0,6,4,2,1,2,0,4,0
75031,3734,0.0,5.0,1.0,60,20,7,6,52,0,5,3
75379,3826,0.0,3.0,0.0,4,1,1,3,3,0,1,0
75431,481,0.0,5.0,0.0,2,1,1,2,1,0,1,0
75592,1111,0.0,0.0,0.0,9,1,1,1,3,0,6,0
759,3022,0.0,4.0,1.0,3,1,1,1,2,0,1,0
76207,4481,0.0,3.0,1.0,8,3,2,2,7,0,1,0
76667,1102,0.0,3.0,0.0,13,11,6,2,12,0,1,0
77051,4605,0.0,0.0,0.0,7,2,2,1,5,0,1,1
77590,798,0.0,3.0,1.0,6,2,2,2,5,0,1,0
77710,1015,0.0,4.0,0.0,2,2,2,1,0,0,2,0
77879,4568,0.0,3.0,0.0,2,1,1,1,1,0,1,0
78604,4850,0.0,5.0,1.0,39,24,7,2,36,0,3,0
78691,4296,0.0,3.0,0.0,13,1,1,1,12,0,1,0
78951,2928,0.0,3.0,1.0,4,2,1,1,3,0,1,0
79975,3173,0.0,4.0,0.0,3,1,1,2,2,0,1,0
80010,4450,0.0,5.0,0.0,3,1,1,1,1,0,2,0
80036,4876,0.0,3.0,0.0,3,1,1,1,2,0,1,0
8013,1150,0.0,4.0,0.0,2,1,1,1,1,0,1,0
80595,2445,0.0,4.0,1.0,3,1,1,1,2,0,1,0
80610,114,0.0,0.0,0.0,5,3,2,3,4,0,1,0
81077,3734,0.0,6.0,0.0,2,1,1,1,1,0,1,0
81280,3304,0.0,3.0,0.0,13,2,1,4,12,0,1,0
81592,35,0.0,3.0,0.0,2,1,1,1,1,0,1,0
8167,326,0.0,2.0,1.0,17,3,1,4,12,0,1,4
81853,2810,0.0,3.0,0.0,6,5,2,1,5,0,1,0
82138,4039,0.0,0.0,0.0,1,1,1,1,0,0,1,0
828,4687,0.0,0.0,1.0,2,1,1,1,1,0,1,0
8291,4322,0.0,2.0,0.0,3,1,1,1,2,0,1,0
83459,915,0.0,3.0,0.0,4,3,3,1,3,0,1,0
83992,4760,0.0,3.0,0.0,9,3,3,3,7,0,1,1
84144,3310,0.0,4.0,0.0,7,3,3,1,6,0,1,0
84510,824,0.0,0.0,1.0,6,3,1,1,4,0,2,0
84585,3925,0.0,4.0,0.0,1,1,1,1,0,0,1,0
85487,3536,0.0,2.0,0.0,15,9,2,1,14,0,1,0
85606,3022,0.0,3.0,0.0,4,1,1,1,3,0,1,0
85927,3420,0.0,4.0,0.0,7,3,3,1,6,0,1,0
86262,4954,0.0,3.0,0.0,5,1,1,1,4,0,1,0
86698,4240,0.0,3.0,1.0,12,3,1,2,11,0,1,0
8706,2922,0.0,3.0,1.0,6,2,1,1,4,0,2,0
87341,2422,1.0,0.0,1.0,10,2,2,1,8,0,2,0
87471,4173,0.0,4.0,0.0,5,1,1,1,4,0,1,0
87939,2928,0.0,0.0,1.0,4,1,1,1,3,0,1,0
88022,3971,0.0,3.0,1.0,21,3,1,1,19,0,2,0
88165,3420,0.0,3.0,2.0,7,1,1,2,6,0,1,0
88465,3524,0.0,4.0,0.0,4,1,1,1,3,0,1,0
89059,3839,0.0,0.0,0.0,12,10,2,1,11,0,1,0
89238,4942,0.0,2.0,0.0,7,1,1,1,5,0,1,1
89479,361,0.0,6.0,1.0,13,2,1,3,11,0,1,1
8995,3984,0.0,0.0,1.0,8,1,1,2,7,0,1,0
91043,4876,0.0,3.0,1.0,4,2,1,2,2,0,2,0
9109,597,0.0,0.0,0.0,2,1,1,1,1,0,1,0
91309,1300,0.0,4.0,0.0,16,2,1,2,15,0,1,0
91547,2273,0.0,3.0,0.0,4,1,1,1,3,0,1,0
91808,4760,0.0,0.0,0.0,15,5,4,1,14,0,1,0
9192,1760,0.0,7.0,0.0,6,2,2,1,4,0,2,0
91938,1911,0.0,5.0,1.0,6,4,1,2,5,0,1,0
92528,4871,0.0,6.0,1.0,2,2,2,1,0,0,2,0
92817,3578,0.0,0.0,0.0,8,4,1,1,7,0,1,0
93126,2579,0.0,4.0,0.0,2,1,1,2,1,0,1,0
93831,3898,0.0,5.0,0.0,13,2,1,1,12,0,1,0
93853,1832,0.0,4.0,0.0,2,1,1,1,1,0,1,0
94192,3022,0.0,2.0,1.0,8,1,1,3,7,0,1,0
94213,1477,0.0,4.0,0.0,18,9,5,1,17,0,1,0
94584,4196,0.0,2.0,0.0,2,1,1,2,0,0,1,1
94874,1754,0.0,3.0,0.0,144,53,13,10,141,0,3,0
9494,3734,1.0,3.0,1.0,1,1,1,1,0,0,1,0
95042,4643,0.0,0.0,0.0,6,1,1,1,4,0,2,0
95560,2849,1.0,0.0,0.0,60,31,8,3,58,0,2,0
95673,2122,0.0,0.0,0.0,3,1,1,1,2,0,1,0
96155,812,0.0,5.0,0.0,7,2,1,1,6,0,1,0
97323,3389,0.0,3.0,0.0,7,1,1,2,5,0,1,1
97497,790,0.0,4.0,0.0,12,5,4,6,9,0,1,2
97639,798,0.0,6.0,0.0,4,1,1,2,3,0,1,0
97781,2424,1.0,4.0,0.0,6,2,1,1,5,0,1,0
97934,1489,0.0,4.0,2.0,3,1,1,1,2,0,1,0
98241,4578,0.0,4.0,1.0,2,1,1,1,1,0,1,0
98306,4966,0.0,0.0,1.0,1,1,1,1,0,0,1,0
98677,586,0.0,4.0,0.0,2,2,2,1,0,0,2,0
98846,361,1.0,3.0,0.0,3,1,1,3,2,0,1,0
99518,141,0.0,3.0,0.0,27,19,10,5,24,0,3,0
99583,1318,0.0,4.0,0.0,23,4,2,2,21,0,1,1
99583,4346,0.0,4.0,0.0,2,1,1,1,1,0,1,0
9989,2175,0.0,3.0,0.0,12,8,5,1,11,0,1,0
