100686,390,0.0,3.0,2.0,8,4,3,3,7,0,1,0
100694,2796,0.0,6.0,0.0,8,2,1,1,7,0,1,0
100999,1970,0.0,6.0,1.0,2,1,1,1,0,0,1,1
101740,4009,0.0,3.0,0.0,27,5,3,3,25,0,1,1
101750,4847,0.0,3.0,0.0,14,9,5,1,13,0,1,0
101958,1504,0.0,4.0,0.0,2,1,1,2,1,0,1,0
102104,1467,0.0,8.0,1.0,2,1,1,1,1,0,1,0
102700,1340,0.0,3.0,0.0,16,13,3,2,15,0,1,0
103045,4607,1.0,5.0,0.0,11,7,2,1,10,0,1,0
103729,4926,0.0,4.0,1.0,6,3,2,2,3,0,1,2
104347,2954,1.0,5.0,1.0,1,1,1,1,0,0,1,0
104422,256,0.0,3.0,2.0,10,2,2,1,8,0,2,0
104851,4217,0.0,3.0,0.0,10,7,6,1,9,0,1,0
105123,4791,0.0,5.0,1.0,2,1,1,2,1,0,1,0
105800,361,0.0,3.0,1.0,6,2,1,4,4,0,1,1
105842,3134,0.0,3.0,1.0,6,2,1,3,4,0,1,1
106105,1679,0.0,0.0,0.0,8,3,1,2,7,0,1,0
106414,3345,0.0,0.0,1.0,6,2,1,2,5,0,1,0
106435,3163,0.0,2.0,0.0,7,1,1,1,6,0,1,0
106934,1749,0.0,3.0,1.0,1,1,1,1,0,0,1,0
107193,3472,0.0,0.0,0.0,1,1,1,1,0,0,1,0
107228,2348,0.0,3.0,0.0,10,5,1,1,9,0,1,0
107851,2403,0.0,3.0,0.0,8,3,2,1,6,0,2,0
107873,2913,0.0,4.0,0.0,4,2,1,2,2,0,1,1
10817,437,0.0,6.0,0.0,10,6,1,1,9,0,1,0
108371,1272,0.0,6.0,0.0,4,1,1,2,2,0,1,1
108463,4044,0.0,2.0,0.0,37,20,5,8,35,0,1,1
108561,3826,0.0,2.0,1.0,2,2,2,1,0,0,2,0
108878,598,0.0,2.0,1.0,22,10,3,3,16,0,1,5
109173,4903,0.0,3.0,0.0,1,1,1,1,0,0,1,0
109278,3968,0.0,0.0,0.0,8,3,2,2,7,0,1,0
110415,2900,0.0,2.0,0.0,3,1,1,1,1,0,1,1
110924,4600,0.0,3.0,0.0,3,1,1,1,1,0,2,0
110993,1346,0.0,3.0,0.0,2,1,1,1,0,0,1,1
111083,1892,0.0,4.0,0.0,1,1,1,1,0,0,1,0
111202,1487,0.0,3.0,0.0,2,1,1,1,1,0,1,0
111721,4791,0.0,3.0,0.0,4,1,1,2,2,0,1,1
111847,4871,0.0,0.0,0.0,10,4,2,1,9,0,1,0
11213,3990,0.0,3.0,0.0,22,9,3,6,17,0,1,4
112165,4221,0.0,2.0,0.0,3,3,1,1,0,0,3,0
112346,4558,0.0,2.0,0.0,4,1,1,1,2,0,1,1
113245,326,0.0,4.0,0.0,2,1,1,1,1,0,1,0
113437,3103,0.0,3.0,0.0,6,1,1,2,4,0,1,1
114027,598,1.0,4.0,1.0,15,8,3,3,12,0,1,2
114252,2277,0.0,3.0,0.0,2,1,1,1,1,0,1,0
114437,4048,0.0,0.0,1.0,8,2,2,1,7,0,1,0
114645,4090,0.0,null,null,16,7,1,2,14,1,1,0
114659,2217,0.0,3.0,1.0,125,30,3,9,117,0,2,6
114971,2711,0.0,3.0,0.0,15,3,2,3,11,0,3,1
115331,3828,0.0,0.0,0.0,20,11,6,1,19,0,1,0
115992,3150,0.0,3.0,0.0,15,6,1,1,10,0,5,0
116083,2928,1.0,3.0,0.0,3,1,1,1,2,0,1,0
116249,241,0.0,2.0,1.0,3,1,1,1,2,0,1,0
11641,2217,1.0,3.0,0.0,9,3,1,4,5,0,1,3
116548,3173,0.0,0.0,0.0,2,1,1,1,1,0,1,0
116785,4444,0.0,6.0,0.0,25,16,4,1,22,0,3,0
116911,2303,0.0,0.0,0.0,20,8,1,2,19,0,1,0
11828,1861,0.0,3.0,0.0,3,2,1,1,2,0,1,0
11895,4427,0.0,2.0,0.0,13,5,2,3,12,0,1,0
119111,2217,0.0,null,null,6,2,2,2,5,0,1,0
119772,1145,0.0,3.0,0.0,3,1,1,3,2,0,1,0
119821,191,0.0,2.0,0.0,8,6,3,2,7,0,1,0
120104,254,0.0,0.0,0.0,9,2,1,1,8,0,1,0
120667,4976,0.0,3.0,0.0,18,13,4,1,17,0,1,0
120693,3200,0.0,0.0,0.0,5,2,1,1,3,0,1,1
121018,4042,0.0,4.0,1.0,3,2,1,1,2,0,1,0
121057,4240,0.0,5.0,0.0,6,1,1,3,4,0,1,1
121116,4950,0.0,4.0,2.0,12,2,1,2,11,0,1,0
121329,3955,0.0,0.0,0.0,1,1,1,1,0,0,1,0
121603,1618,1.0,0.0,0.0,28,11,1,2,25,0,3,0
121997,3126,0.0,6.0,0.0,2,1,1,2,1,0,1,0
122006,1944,0.0,2.0,0.0,1,1,1,1,0,0,1,0
122206,3640,0.0,0.0,1.0,5,1,1,1,4,0,1,0
123604,3469,0.0,5.0,0.0,8,2,1,3,7,0,1,0
123611,2453,0.0,3.0,1.0,3,2,1,1,2,0,1,0
12431,4316,0.0,0.0,0.0,2,1,1,1,1,0,1,0
124334,2545,0.0,4.0,1.0,23,7,3,3,21,0,2,0
12452,1588,1.0,5.0,0.0,9,4,4,3,8,0,1,0
125270,4649,0.0,0.0,1.0,2,1,1,1,1,0,1,0
125850,4942,0.0,3.0,0.0,9,2,2,1,8,0,1,0
12591,4427,0.0,3.0,1.0,12,8,3,1,11,0,1,0
126715,3621,0.0,3.0,1.0,4,1,1,2,2,0,2,0
126976,1346,0.0,4.0,0.0,31,13,1,3,29,0,1,1
127617,798,0.0,3.0,0.0,6,4,4,2,5,0,1,0
127770,4044,0.0,3.0,0.0,69,29,9,3,66,0,1,2
127795,3323,0.0,2.0,1.0,4,3,1,2,3,0,1,0
127883,4417,0.0,4.0,1.0,7,1,1,1,6,0,1,0
127936,1708,0.0,2.0,0.0,9,1,1,6,7,0,1,1
128216,1270,0.0,2.0,1.0,7,2,1,2,5,0,2,0
128277,3734,0.0,3.0,1.0,8,3,2,3,6,0,2,0
128412,3792,0.0,4.0,1.0,3,1,1,1,2,0,1,0
129066,148,0.0,4.0,0.0,19,5,4,2,13,0,6,0
129096,246,0.0,0.0,0.0,29,10,2,2,26,0,3,0
1296,1272,0.0,3.0,1.0,4,1,1,1,3,0,1,0
129734,3072,0.0,6.0,1.0,10,1,1,1,9,0,1,0
130107,2856,0.0,3.0,0.0,2,1,1,2,0,0,1,1
13042,3176,0.0,2.0,0.0,6,2,1,1,5,0,1,0
131123,246,0.0,0.0,0.0,7,4,1,1,6,0,1,0
131260,4585,0.0,3.0,1.0,5,1,1,2,4,0,1,0
131379,855,0.0,7.0,1.0,2,1,1,1,1,0,1,0
131417,1166,0.0,6.0,0.0,18,7,4,1,16,0,2,0
131419,967,0.0,2.0,0.0,6,2,1,2,5,0,1,0
13203,742,0.0,3.0,0.0,1,1,1,1,0,0,1,0
132159,3971,0.0,4.0,0.0,13,4,2,3,9,0,1,3
132194,2230,0.0,0.0,0.0,1,1,1,1,0,0,1,0
132196,3148,0.0,7.0,1.0,8,6,3,1,7,0,1,0
134504,4499,0.0,0.0,1.0,6,1,1,1,5,0,1,0
134714,29,0.0,3.0,0.0,24,9,4,2,18,0,2,4
134862,95,0.0,0.0,1.0,1,1,1,1,0,0,1,0
135095,437,0.0,3.0,0.0,14,9,2,5,13,0,1,0
135325,4993,0.0,6.0,0.0,7,3,1,1,5,0,2,0
13543,503,0.0,3.0,1.0,3,1,1,2,2,0,1,0
135566,2981,0.0,3.0,0.0,4,1,1,2,3,0,1,0
135622,310,0.0,2.0,0.0,2,2,2,1,0,0,2,0
135933,3609,0.0,6.0,0.0,1,1,1,1,0,0,1,0
13613,2124,0.0,3.0,0.0,21,9,2,7,18,0,1,2
136461,3958,1.0,4.0,1.0,18,3,3,1,17,0,1,0
137019,2994,0.0,2.0,1.0,11,2,1,3,8,0,1,2
137045,3085,0.0,4.0,0.0,2,1,1,1,1,0,1,0
137395,4131,0.0,3.0,1.0,1,1,1,1,0,0,1,0
137622,1621,0.0,3.0,0.0,25,8,2,1,24,0,1,0
137644,1679,1.0,5.0,0.0,4,3,3,2,2,0,2,0
13817,2124,0.0,0.0,0.0,9,5,2,2,7,0,1,1
138185,3910,0.0,2.0,0.0,8,2,2,3,7,0,1,0
138429,145,0.0,2.0,0.0,3,2,1,1,2,0,1,0
138554,3635,0.0,6.0,0.0,6,2,1,2,4,0,1,1
138727,4560,0.0,0.0,0.0,16,6,4,4,15,0,1,0
139033,2294,0.0,0.0,0.0,5,3,3,1,4,0,1,0
139077,778,0.0,3.0,0.0,1,1,1,1,0,0,1,0
139882,4091,0.0,4.0,1.0,5,1,1,1,4,0,1,0
13990,2390,1.0,4.0,0.0,4,1,1,1,3,0,1,0
139917,3936,0.0,0.0,0.0,5,1,1,1,4,0,1,0
140449,361,0.0,5.0,0.0,17,5,2,3,14,0,1,2
141236,3941,0.0,6.0,0.0,4,1,1,1,3,0,1,0
141596,2403,0.0,4.0,0.0,8,1,1,4,6,0,1,1
14169,2767,0.0,3.0,0.0,4,1,1,1,2,0,1,1
141776,437,0.0,3.0,0.0,13,3,2,7,10,0,1,2
14239,310,0.0,5.0,1.0,5,1,1,1,4,0,1,0
142738,3095,0.0,2.0,0.0,5,1,1,1,4,0,1,0
142829,3958,0.0,3.0,0.0,3,2,2,2,2,0,1,0
14315,3734,0.0,2.0,1.0,1,1,1,1,0,0,1,0
143505,2569,0.0,0.0,0.0,28,15,1,4,26,0,2,0
143554,3301,0.0,4.0,1.0,4,1,1,1,3,0,1,0
143749,4771,0.0,3.0,0.0,2,1,1,1,1,0,1,0
144313,4976,0.0,3.0,0.0,30,2,2,3,28,0,1,1
14471,1102,0.0,0.0,0.0,23,13,6,1,20,0,3,0
144750,3734,0.0,3.0,0.0,5,4,2,2,4,0,1,0
144788,648,0.0,2.0,0.0,7,2,1,2,6,0,1,0
145027,4829,0.0,5.0,0.0,2,1,1,2,0,0,1,1
145749,2435,0.0,0.0,0.0,5,2,1,1,4,0,1,0
14584,4131,0.0,7.0,0.0,4,2,2,1,3,0,1,0
145883,2052,0.0,0.0,0.0,2,1,1,1,1,0,1,0
145962,4079,0.0,0.0,0.0,3,1,1,2,2,0,1,0
146370,3098,0.0,5.0,0.0,2,1,1,1,1,0,1,0
146381,1123,0.0,3.0,0.0,9,2,1,1,8,0,1,0
146769,310,0.0,0.0,1.0,10,4,2,2,8,0,2,0
146786,4129,0.0,4.0,0.0,12,7,5,4,9,0,1,2
146815,1816,0.0,0.0,null,2,1,1,2,0,0,1,1
147021,3420,0.0,5.0,2.0,14,6,4,1,12,0,2,0
147288,598,0.0,3.0,1.0,48,31,3,2,45,0,2,1
147370,416,1.0,0.0,0.0,4,2,2,2,2,0,2,0
147656,1963,0.0,5.0,1.0,53,15,3,9,51,0,1,1
148184,962,0.0,5.0,0.0,14,6,2,1,11,0,3,0
148325,2928,0.0,6.0,0.0,15,9,4,4,14,0,1,0
148545,1150,0.0,5.0,1.0,3,2,2,1,1,0,2,0
148602,2537,0.0,2.0,0.0,9,5,4,1,8,0,1,0
148654,1892,0.0,3.0,1.0,20,12,3,1,19,0,1,0
148943,437,0.0,3.0,0.0,11,5,2,3,10,0,1,0
149137,2928,0.0,4.0,0.0,46,17,6,5,44,0,2,0
149202,1708,0.0,4.0,0.0,13,5,2,2,12,0,1,0
149701,4864,0.0,5.0,0.0,8,5,3,2,7,0,1,0
150685,1102,0.0,2.0,0.0,165,65,12,12,143,0,3,19
150691,1390,0.0,2.0,1.0,3,1,1,1,2,0,1,0
150880,1272,0.0,4.0,0.0,4,2,1,1,3,0,1,0
151112,2279,0.0,3.0,0.0,6,2,2,1,5,0,1,0
151272,963,0.0,7.0,0.0,4,1,1,1,3,0,1,0
151859,3828,0.0,0.0,0.0,25,9,4,7,19,0,1,5
151862,2669,0.0,2.0,0.0,11,4,2,1,9,0,2,0
152834,3419,0.0,0.0,1.0,2,1,1,1,1,0,1,0
152895,320,0.0,3.0,1.0,4,1,1,1,3,0,1,0
152932,1618,1.0,0.0,0.0,7,4,3,1,4,0,3,0
152948,3460,0.0,0.0,1.0,4,2,1,1,3,0,1,0
153083,4047,0.0,2.0,0.0,2,1,1,2,1,0,1,0
153099,4371,0.0,4.0,1.0,2,1,1,1,1,0,1,0
153261,1719,0.0,3.0,0.0,6,3,1,1,4,0,2,0
153756,219,0.0,3.0,1.0,3,1,1,1,2,0,1,0
154026,3363,0.0,5.0,0.0,1,1,1,1,0,0,1,0
154454,429,0.0,3.0,0.0,9,3,1,1,8,0,1,0
155220,860,0.0,3.0,0.0,10,8,5,4,8,0,1,1
155241,3022,0.0,2.0,1.0,7,1,1,2,6,0,1,0
155708,4173,0.0,4.0,0.0,111,48,7,5,98,4,1,8
155728,1447,0.0,5.0,1.0,9,3,1,2,8,0,1,0
155760,317,0.0,0.0,0.0,5,1,1,2,3,0,1,1
156336,4173,0.0,3.0,0.0,27,8,5,4,25,0,2,0
156489,4173,0.0,3.0,0.0,7,1,1,5,6,0,1,0
157530,614,0.0,2.0,0.0,1,1,1,1,0,0,1,0
158640,2709,0.0,3.0,0.0,3,1,1,1,2,0,1,0
158729,437,0.0,4.0,0.0,11,3,1,1,7,0,4,0
159348,1489,0.0,5.0,1.0,4,1,1,2,3,0,1,0
159453,586,0.0,3.0,0.0,13,8,4,1,11,0,2,0
159617,1474,0.0,3.0,0.0,4,1,1,2,3,0,1,0
160434,2124,0.0,5.0,0.0,5,4,1,2,3,0,1,1
160699,4368,0.0,3.0,0.0,11,3,1,1,9,0,2,0
160728,416,0.0,5.0,0.0,11,5,5,1,9,0,2,0
160795,3301,0.0,0.0,0.0,2,1,1,1,1,0,1,0
160889,2230,0.0,3.0,0.0,8,1,1,1,7,0,1,0
160951,2051,0.0,3.0,0.0,14,3,1,1,12,0,2,0
160997,1892,0.0,0.0,0.0,136,36,7,5,131,0,5,0
161163,2124,0.0,5.0,0.0,20,8,1,4,19,0,1,0
161698,503,0.0,0.0,1.0,12,4,2,1,10,0,2,0
161716,4043,0.0,0.0,0.0,11,2,2,3,10,0,1,0
161817,1618,0.0,3.0,0.0,15,10,4,2,13,0,2,0
161926,1885,0.0,3.0,0.0,1,1,1,1,0,0,1,0
162471,2294,0.0,4.0,0.0,2,1,1,1,1,0,1,0
163130,2849,0.0,6.0,0.0,4,4,4,1,0,0,4,0
163240,3971,0.0,0.0,0.0,3,1,1,2,2,0,1,0
16325,3898,0.0,0.0,1.0,11,1,1,3,10,0,1,0
163674,4504,0.0,4.0,1.0,2,1,1,1,1,0,1,0
164073,3105,0.0,4.0,0.0,3,2,2,1,1,0,2,0
164098,2928,0.0,3.0,0.0,4,1,1,1,3,0,1,0
164237,121,0.0,6.0,0.0,20,14,7,1,18,0,2,0
16454,1679,0.0,6.0,0.0,26,13,4,1,22,0,4,0
164743,4282,0.0,4.0,1.0,40,23,8,7,37,0,2,1
165409,4754,1.0,0.0,0.0,4,2,2,1,3,0,1,0
165745,3410,0.0,3.0,0.0,5,4,2,1,4,0,1,0
165855,1468,0.0,0.0,1.0,3,1,1,1,2,0,1,0
165908,4319,0.0,2.0,1.0,4,1,1,1,3,0,1,0
166078,3766,0.0,3.0,0.0,6,2,1,1,5,0,1,0
166244,4871,0.0,2.0,0.0,4,2,1,2,1,0,3,0
166765,3271,0.0,4.0,0.0,13,4,2,2,10,0,1,2
167653,4512,0.0,5.0,0.0,3,2,1,1,2,0,1,0
167880,3484,0.0,6.0,0.0,6,3,2,2,4,0,1,1
167924,2445,0.0,4.0,1.0,5,1,1,2,3,0,1,1
168087,1411,0.0,0.0,1.0,3,1,1,1,2,0,1,0
169325,3227,0.0,0.0,0.0,2,1,1,1,1,0,1,0
169670,2669,0.0,0.0,0.0,19,7,5,3,12,0,2,5
169710,1538,0.0,6.0,0.0,3,2,1,1,2,0,1,0
170056,4864,0.0,3.0,0.0,3,1,1,1,2,0,1,0
170407,3529,1.0,4.0,0.0,12,7,4,1,9,0,3,0
170645,4791,0.0,4.0,1.0,1,1,1,1,0,0,1,0
170690,302,0.0,5.0,0.0,7,4,1,1,6,0,1,0
170998,4090,0.0,7.0,0.0,5,2,1,1,4,0,1,0
171950,2511,0.0,3.0,0.0,12,6,4,1,10,0,2,0
171951,1310,0.0,0.0,0.0,2,1,1,1,1,0,1,0
17220,1492,0.0,3.0,0.0,6,1,1,2,4,0,1,1
172409,3828,0.0,3.0,0.0,12,6,3,1,11,0,1,0
172756,1167,0.0,3.0,1.0,20,3,2,2,17,0,1,2
173068,2238,0.0,6.0,0.0,3,1,1,1,2,0,1,0
173155,257,0.0,3.0,0.0,6,1,1,2,5,0,1,0
173280,4368,0.0,5.0,0.0,6,3,1,3,5,0,1,0
173616,423,0.0,2.0,0.0,10,3,1,1,8,0,1,1
173965,798,0.0,2.0,0.0,18,7,5,3,16,0,1,1
174024,145,0.0,4.0,0.0,10,5,1,3,9,0,1,0
174385,1526,0.0,2.0,0.0,6,2,2,4,4,0,1,1
174772,4933,0.0,0.0,0.0,5,1,1,2,3,0,1,1
174883,2173,0.0,0.0,0.0,30,16,2,3,29,0,1,0
174918,4282,0.0,3.0,0.0,2,2,2,1,0,0,2,0
175072,361,0.0,0.0,0.0,2,1,1,1,1,0,1,0
175749,697,0.0,4.0,0.0,10,4,1,2,9,0,1,0
176266,1268,0.0,2.0,0.0,3,1,1,1,2,0,1,0
176463,4042,0.0,3.0,0.0,3,1,1,2,2,0,1,0
176595,4864,0.0,6.0,1.0,1,1,1,1,0,0,1,0
176853,4968,0.0,7.0,0.0,10,3,1,1,8,0,1,1
176890,2269,0.0,4.0,0.0,1,1,1,1,0,0,1,0
177235,63,0.0,4.0,0.0,1,1,1,1,0,0,1,0
177245,3356,0.0,0.0,0.0,48,9,2,3,45,0,1,2
177319,154,0.0,0.0,0.0,5,1,1,1,4,0,1,0
177655,2543,0.0,6.0,0.0,4,1,1,2,3,0,1,0
177973,2582,0.0,4.0,0.0,1,1,1,1,0,0,1,0
178320,908,0.0,0.0,1.0,7,3,2,1,6,0,1,0
178386,1272,0.0,6.0,1.0,19,10,2,6,18,0,1,0
178971,1356,0.0,4.0,0.0,20,9,2,5,19,0,1,0
179473,3230,0.0,6.0,1.0,2,1,1,1,1,0,1,0
180690,1370,0.0,5.0,0.0,4,1,1,2,2,0,2,0
18071,3236,0.0,2.0,0.0,5,1,1,1,4,0,1,0
180908,2066,0.0,2.0,0.0,9,4,1,2,7,0,1,1
180920,326,0.0,0.0,1.0,3,2,1,1,2,0,1,0
181284,1611,0.0,2.0,1.0,48,10,1,11,45,0,1,2
181632,1423,0.0,3.0,0.0,9,3,1,2,8,0,1,0
181680,963,0.0,3.0,0.0,3,1,1,1,2,0,1,0
183682,3448,0.0,5.0,0.0,3,2,2,1,1,0,2,0
184077,1611,1.0,2.0,0.0,33,12,2,4,29,0,1,3
184181,1213,0.0,0.0,0.0,7,3,1,1,5,0,1,1
184494,685,1.0,6.0,1.0,7,5,2,1,5,0,2,0
184897,1840,0.0,5.0,0.0,2,1,1,1,1,0,1,0
184926,3828,0.0,6.0,0.0,14,5,5,5,13,0,1,0
185257,2217,0.0,4.0,0.0,4,2,1,2,2,0,1,1
185277,1529,0.0,0.0,0.0,2,1,1,1,1,0,1,0
185928,4641,0.0,3.0,0.0,1,1,1,1,0,0,1,0
185994,1618,0.0,6.0,1.0,1,1,1,1,0,0,1,0
187060,1131,0.0,3.0,0.0,22,7,2,4,20,1,1,0
187306,4666,0.0,3.0,0.0,9,6,1,1,8,0,1,0
187647,877,0.0,3.0,1.0,8,1,1,2,5,0,3,0
188200,3460,0.0,5.0,0.0,4,1,1,2,3,0,1,0
188292,3828,0.0,3.0,0.0,9,4,2,2,6,0,1,2
188459,4319,0.0,6.0,0.0,2,1,1,1,1,0,1,0
188610,3022,0.0,0.0,0.0,2,1,1,2,1,0,1,0
188937,423,0.0,3.0,1.0,15,8,1,1,14,0,1,0
189019,3472,0.0,0.0,0.0,2,1,1,1,1,0,1,0
18955,98,0.0,2.0,0.0,8,1,1,2,7,0,1,0
189802,1487,0.0,6.0,0.0,13,2,1,2,11,0,1,1
189876,4143,0.0,0.0,0.0,1,1,1,1,0,0,1,0
189947,1999,0.0,4.0,0.0,1,1,1,1,0,0,1,0
190189,1910,0.0,3.0,1.0,3,3,2,1,1,0,2,0
191006,1923,1.0,6.0,0.0,2,1,1,1,1,0,1,0
191153,3098,0.0,4.0,0.0,5,1,1,1,3,0,2,0
191459,3734,0.0,3.0,1.0,9,7,4,6,1,0,1,7
191581,66,0.0,0.0,1.0,2,1,1,1,1,0,1,0
191674,2721,0.0,0.0,0.0,5,2,1,2,3,0,1,1
191675,3828,0.0,5.0,0.0,66,52,9,14,65,0,1,0
192222,3771,0.0,0.0,1.0,2,1,1,1,1,0,1,0
192305,4988,0.0,0.0,0.0,5,1,1,1,4,0,1,0
193040,3769,0.0,0.0,0.0,8,1,1,2,7,0,1,0
193600,4525,0.0,3.0,0.0,2,1,1,2,1,0,1,0
193691,4183,0.0,7.0,1.0,16,7,1,3,15,0,1,0
193903,3635,0.0,4.0,0.0,3,1,1,1,2,0,1,0
193946,4648,0.0,2.0,0.0,3,1,1,1,2,0,1,0
194604,4170,0.0,0.0,0.0,2,1,1,1,0,0,2,0
194864,1840,0.0,4.0,2.0,1,1,1,1,0,0,1,0
195249,2066,0.0,2.0,0.0,4,2,1,1,3,0,1,0
195439,3635,0.0,0.0,1.0,11,4,3,4,9,0,2,0
196115,4287,0.0,3.0,0.0,13,4,3,1,9,0,4,0
196592,818,0.0,4.0,1.0,2,1,1,1,1,0,1,0
196657,25,0.0,8.0,1.0,2,1,1,1,1,0,1,0
196794,4173,0.0,5.0,0.0,5,2,1,2,3,0,1,1
197428,4140,0.0,0.0,0.0,15,7,1,2,12,2,1,0
197508,4143,0.0,6.0,0.0,32,15,7,5,24,0,6,2
197882,653,0.0,2.0,0.0,2,1,1,2,1,0,1,0
19828,611,0.0,5.0,1.0,1,1,1,1,0,0,1,0
198389,3614,0.0,0.0,0.0,1,1,1,1,0,0,1,0
198453,3173,0.0,0.0,0.0,5,1,1,1,3,0,2,0
198865,4536,0.0,6.0,0.0,2,1,1,1,1,0,1,0
1989,4558,0.0,0.0,0.0,7,2,2,1,3,0,4,0
199129,597,0.0,0.0,0.0,15,6,1,2,14,0,1,0
199328,3318,0.0,0.0,0.0,1,1,1,1,0,0,1,0
199698,730,1.0,4.0,0.0,127,51,8,19,121,0,4,2
199779,429,0.0,4.0,1.0,7,1,1,1,6,0,1,0
199937,4648,0.0,0.0,0.0,28,16,7,3,21,1,2,4
200153,2173,0.0,5.0,0.0,20,12,1,2,18,0,1,1
200159,2026,0.0,2.0,1.0,3,1,1,1,2,0,1,0
200167,798,0.0,7.0,0.0,2,1,1,1,1,0,1,0
200244,121,0.0,5.0,0.0,4,1,1,1,3,0,1,0
200383,1117,0.0,0.0,0.0,5,2,1,2,4,0,1,0
201738,2124,0.0,5.0,2.0,8,6,1,2,7,0,1,0
201867,2639,0.0,0.0,0.0,7,3,2,3,6,0,1,0
201930,2447,0.0,3.0,0.0,8,2,1,2,7,0,1,0
202591,1978,0.0,3.0,1.0,15,5,1,3,13,0,2,0
203478,3828,0.0,5.0,0.0,12,4,2,2,11,0,1,0
204265,3471,0.0,5.0,0.0,4,1,1,1,3,0,1,0
204268,2255,0.0,3.0,1.0,8,5,2,1,7,0,1,0
204738,3968,0.0,6.0,0.0,7,1,1,1,5,0,1,1
205250,2403,0.0,4.0,0.0,5,3,1,1,4,0,1,0
205610,3644,0.0,3.0,0.0,1,1,1,1,0,0,1,0
205670,1485,0.0,0.0,0.0,6,3,2,1,4,0,2,0
205921,4950,0.0,3.0,1.0,1,1,1,1,0,0,1,0
20593,2278,0.0,0.0,0.0,5,2,2,2,4,0,1,0
206373,3628,0.0,0.0,0.0,2,1,1,1,1,0,1,0
206780,4976,0.0,3.0,0.0,2,1,1,1,1,0,1,0
20727,2082,0.0,6.0,0.0,18,11,3,2,16,0,2,0
207383,416,0.0,7.0,1.0,8,5,1,2,5,0,1,2
207493,4760,0.0,3.0,1.0,3,1,1,2,2,0,1,0
208115,3828,0.0,3.0,1.0,7,1,1,3,4,1,1,1
208122,3786,0.0,0.0,0.0,9,2,2,2,8,0,1,0
208224,3701,1.0,4.0,0.0,12,4,2,1,9,0,2,1
208872,4463,0.0,5.0,0.0,2,2,1,1,1,0,1,0
209020,2217,0.0,3.0,1.0,2,1,1,1,1,0,1,0
209291,3971,0.0,3.0,1.0,8,1,1,1,6,0,2,0
209580,2916,0.0,0.0,0.0,9,2,1,1,8,0,1,0
209737,3484,0.0,4.0,0.0,1,1,1,1,0,0,1,0
21034,1435,1.0,3.0,0.0,2,1,1,2,0,0,1,1
210555,4687,0.0,3.0,0.0,5,2,1,2,3,0,1,1
211118,2805,0.0,5.0,1.0,1,1,1,1,0,0,1,0
211636,416,0.0,3.0,0.0,28,14,5,3,27,0,1,0
211761,102,0.0,4.0,0.0,48,13,3,3,47,0,1,0
211849,4374,0.0,3.0,0.0,21,13,3,1,20,0,1,0
211935,1618,0.0,0.0,1.0,2,1,1,1,1,0,1,0
212311,3609,0.0,6.0,1.0,5,1,1,2,3,1,1,0
212409,145,0.0,0.0,0.0,8,3,1,2,7,0,1,0
212667,361,0.0,3.0,0.0,5,4,1,1,2,0,3,0
212710,3585,0.0,3.0,0.0,30,21,2,4,29,0,1,0
213150,598,0.0,4.0,0.0,16,3,2,3,13,0,1,2
215103,3828,0.0,4.0,0.0,11,4,3,2,10,0,1,0
215229,2872,0.0,3.0,0.0,13,9,6,1,11,0,2,0
215436,2639,1.0,5.0,0.0,141,39,9,19,128,0,3,10
215509,4318,0.0,6.0,0.0,2,1,1,1,1,0,1,0
216414,1416,0.0,5.0,0.0,9,1,1,4,8,0,1,0
216785,3828,0.0,0.0,0.0,2,1,1,1,1,0,1,0
216785,4385,0.0,0.0,0.0,4,1,1,2,3,0,1,0
216880,2784,0.0,0.0,1.0,40,1,1,2,38,0,1,1
217575,1494,0.0,6.0,1.0,16,3,2,1,14,0,2,0
218279,145,0.0,0.0,0.0,12,1,1,1,9,2,1,0
218354,4220,0.0,4.0,1.0,1,1,1,1,0,0,1,0
218371,2720,0.0,4.0,2.0,7,2,1,1,6,0,1,0
218420,3968,0.0,4.0,0.0,30,8,6,2,26,0,3,1
2191,588,0.0,4.0,0.0,3,1,1,2,2,0,1,0
219413,3965,0.0,0.0,0.0,2,1,1,1,1,0,1,0
219534,1250,0.0,5.0,1.0,12,5,1,1,8,0,4,0
21971,4911,0.0,6.0,0.0,7,3,2,2,6,0,1,0
220104,4705,0.0,3.0,1.0,3,1,1,1,2,0,1,0
220210,1679,0.0,5.0,0.0,5,3,2,1,4,0,1,0
220464,2954,0.0,4.0,1.0,7,2,1,2,5,0,1,1
221086,4540,0.0,5.0,0.0,2,1,1,1,1,0,1,0
221102,4950,0.0,3.0,1.0,3,1,1,1,2,0,1,0
221118,412,0.0,3.0,0.0,2,1,1,2,0,0,1,1
221142,1310,0.0,2.0,0.0,8,6,5,1,6,0,2,0
221621,1342,0.0,5.0,0.0,34,6,2,3,30,0,3,1
222223,3734,0.0,3.0,0.0,29,11,6,4,26,0,3,0
222441,35,0.0,4.0,0.0,42,12,6,1,40,0,2,0
222477,4071,0.0,3.0,1.0,2,1,1,1,1,0,1,0
22248,1704,0.0,0.0,1.0,4,2,1,2,2,0,2,0
22289,4267,0.0,3.0,0.0,12,9,2,1,10,0,2,0
223421,3474,0.0,0.0,1.0,8,1,1,1,7,0,1,0
223456,2273,0.0,5.0,0.0,13,3,1,3,11,0,1,1
223533,3828,0.0,4.0,0.0,8,4,4,3,4,0,1,3
223585,4042,0.0,0.0,0.0,2,1,1,1,1,0,1,0
224191,3007,0.0,0.0,0.0,6,1,1,1,5,0,1,0
224397,1816,0.0,0.0,1.0,12,2,2,3,9,1,1,1
224672,2680,0.0,2.0,0.0,2,1,1,1,1,0,1,0
224906,1393,0.0,5.0,0.0,8,5,3,2,7,0,1,0
225040,1911,0.0,6.0,1.0,23,7,1,1,22,0,1,0
22507,4762,0.0,4.0,0.0,2,1,1,1,1,0,1,0
225221,2646,0.0,4.0,1.0,4,1,1,1,2,0,2,0
22548,3971,0.0,3.0,1.0,7,4,1,1,4,0,3,0
225721,1340,0.0,0.0,1.0,1,1,1,1,0,0,1,0
225794,1454,0.0,4.0,1.0,4,1,1,1,3,0,1,0
22619,1557,0.0,3.0,1.0,19,8,4,3,18,0,1,0
226282,2664,0.0,0.0,0.0,20,11,2,1,10,0,10,0
226308,4287,0.0,4.0,0.0,13,8,6,2,11,0,2,0
226653,2664,0.0,3.0,0.0,14,4,1,4,11,0,2,1
226694,1000,0.0,8.0,1.0,2,1,1,2,1,0,1,0
226995,1854,0.0,4.0,0.0,3,2,1,1,2,0,1,0
227840,1346,0.0,0.0,0.0,5,1,1,2,3,0,1,1
227996,24,0.0,4.0,1.0,12,2,1,1,11,0,1,0
228111,2436,0.0,5.0,0.0,14,9,3,1,12,0,2,0
2282,3501,0.0,2.0,1.0,4,3,3,1,3,0,1,0
228206,1487,0.0,4.0,1.0,6,2,1,1,5,0,1,0
228781,3622,0.0,5.0,1.0,1,1,1,1,0,0,1,0
229735,2031,0.0,2.0,1.0,4,1,1,1,3,0,1,0
229820,2047,0.0,3.0,2.0,13,7,1,2,12,0,1,0
229824,1714,0.0,4.0,1.0,18,3,2,2,17,0,1,0
230802,3826,0.0,4.0,1.0,10,1,1,7,9,0,1,0
23137,4044,0.0,3.0,1.0,2,2,2,1,0,0,2,0
232070,4847,0.0,4.0,0.0,5,1,1,1,3,0,1,1
2327,4374,0.0,3.0,1.0,8,2,2,2,7,0,1,0
232890,4234,0.0,0.0,0.0,3,2,2,2,2,0,1,0
233072,1923,0.0,5.0,0.0,5,4,1,1,4,0,1,0
233619,1816,0.0,6.0,0.0,17,4,3,2,11,0,3,3
233778,698,0.0,3.0,0.0,3,3,3,1,0,0,3,0
233835,673,0.0,5.0,0.0,3,2,2,1,0,0,2,1
234254,742,0.0,0.0,0.0,7,3,2,2,5,0,2,0
234313,2454,0.0,3.0,1.0,3,1,1,1,2,0,1,0
23458,2361,0.0,6.0,1.0,5,2,2,1,4,0,1,0
234805,35,0.0,2.0,0.0,1,1,1,1,0,0,1,0
235535,4438,1.0,5.0,0.0,8,2,1,4,6,0,1,1
236305,4282,0.0,0.0,1.0,3,2,2,2,2,0,1,0
236534,3645,0.0,null,null,3,1,1,1,2,0,1,0
236838,1243,0.0,0.0,0.0,4,1,1,1,3,0,1,0
236847,3826,1.0,2.0,1.0,27,1,1,2,25,0,1,1
237119,3828,0.0,6.0,0.0,238,88,16,16,196,0,4,38
237351,2138,0.0,5.0,0.0,16,6,2,3,14,0,2,0
237516,4325,0.0,4.0,0.0,1,1,1,1,0,0,1,0
237773,2834,0.0,3.0,1.0,2,1,1,2,1,0,1,0
237891,4976,0.0,3.0,1.0,2,2,2,2,0,0,1,1
238172,2339,0.0,0.0,0.0,10,4,3,1,7,0,3,0
238282,120,0.0,5.0,1.0,2,1,1,1,1,0,1,0
239044,2721,0.0,0.0,0.0,17,10,3,1,15,0,2,0
239644,798,0.0,4.0,1.0,1,1,1,1,0,0,1,0
23972,4966,0.0,4.0,1.0,2,1,1,1,1,0,1,0
239774,4491,1.0,6.0,1.0,7,3,2,1,2,0,5,0
239862,1102,0.0,4.0,0.0,8,1,1,1,7,0,1,0
240148,3828,0.0,5.0,0.0,49,39,10,5,47,0,1,1
240164,3619,0.0,3.0,0.0,5,2,1,2,4,0,1,0
240500,1840,0.0,4.0,2.0,5,1,1,1,4,0,1,0
240610,1959,0.0,3.0,0.0,2,1,1,1,1,0,1,0
24078,4322,0.0,3.0,1.0,26,6,1,5,23,0,1,2
240850,3628,0.0,3.0,0.0,6,1,1,2,5,0,1,0
240901,204,0.0,5.0,0.0,1,1,1,1,0,0,1,0
240922,4336,0.0,6.0,1.0,5,2,1,1,4,0,1,0
241229,794,0.0,3.0,2.0,26,6,1,3,25,0,1,0
241963,682,0.0,0.0,0.0,3,2,2,1,2,0,1,0
242754,2772,0.0,3.0,2.0,14,6,3,2,13,0,1,0
243301,2928,0.0,4.0,0.0,1,1,1,1,0,0,1,0
243406,141,0.0,3.0,0.0,2,1,1,1,1,0,1,0
243791,2860,0.0,6.0,0.0,1,1,1,1,0,0,1,0
24390,13,0.0,0.0,1.0,3,1,1,3,2,0,1,0
24393,3014,0.0,6.0,1.0,10,3,1,1,9,0,1,0
244689,2318,0.0,0.0,0.0,1,1,1,1,0,0,1,0
244796,4724,0.0,3.0,0.0,5,2,1,2,4,0,1,0
244957,1150,0.0,4.0,1.0,18,5,2,2,17,0,1,0
245506,1096,0.0,0.0,0.0,1,1,1,1,0,0,1,0
245725,4043,1.0,0.0,0.0,12,4,2,3,11,0,1,0
245803,2284,0.0,0.0,1.0,5,2,1,1,4,0,1,0
246057,4648,0.0,3.0,0.0,2,1,1,1,1,0,1,0
246161,209,0.0,0.0,0.0,12,1,1,2,11,0,1,0
246791,962,0.0,2.0,0.0,5,1,1,2,4,0,1,0
24683,1481,0.0,0.0,0.0,4,1,1,2,3,0,1,0
247102,714,0.0,0.0,0.0,3,1,1,2,2,0,1,0
247394,3819,0.0,0.0,1.0,18,8,4,2,16,0,2,0
248377,1875,1.0,0.0,0.0,48,21,8,7,43,0,3,2
248459,3519,0.0,2.0,1.0,8,2,1,1,6,0,2,0
248594,1835,1.0,3.0,0.0,63,43,10,9,62,0,1,0
248788,747,0.0,3.0,0.0,7,1,1,2,5,0,1,1
248937,4145,0.0,6.0,1.0,7,3,1,1,5,0,1,1
248964,2403,0.0,4.0,0.0,25,12,2,1,22,0,3,0
249414,4173,0.0,4.0,0.0,29,20,5,9,27,0,1,1
249555,3484,0.0,3.0,0.0,9,1,1,1,8,0,1,0
249661,1193,0.0,0.0,1.0,2,1,1,1,1,0,1,0
250085,361,0.0,0.0,0.0,23,11,3,1,21,0,2,0
250194,2629,0.0,5.0,0.0,4,2,1,1,3,0,1,0
250616,4294,0.0,4.0,1.0,8,1,1,1,6,0,1,1
250667,2954,0.0,3.0,0.0,12,5,4,1,7,0,5,0
251323,4506,0.0,3.0,0.0,5,2,1,1,4,0,1,0
252218,2273,0.0,6.0,0.0,8,1,1,2,6,0,1,1
252316,2482,0.0,0.0,0.0,5,4,2,1,3,0,2,0
253044,3173,0.0,3.0,1.0,11,5,3,2,9,0,2,0
253744,1203,0.0,4.0,0.0,2,1,1,1,1,0,1,0
253810,3005,0.0,5.0,0.0,2,1,1,2,1,0,1,0
25422,2582,0.0,3.0,0.0,2,1,1,1,1,0,1,0
254599,4966,0.0,4.0,1.0,1,1,1,1,0,0,1,0
255157,3734,0.0,2.0,1.0,9,3,2,3,8,0,1,0
255204,3105,0.0,2.0,1.0,4,1,1,1,3,0,1,0
256183,630,0.0,4.0,0.0,18,11,5,6,16,0,1,1
256253,3308,0.0,2.0,1.0,2,1,1,1,1,0,1,0
256378,3571,1.0,3.0,0.0,5,5,1,1,0,0,5,0
256906,2173,0.0,6.0,1.0,28,12,1,6,20,0,3,5
256991,2669,0.0,2.0,0.0,3,2,1,1,2,0,1,0
257341,2031,0.0,4.0,1.0,12,3,1,2,11,0,1,0
257482,598,0.0,3.0,2.0,6,2,2,1,5,0,1,0
257905,316,1.0,0.0,1.0,3,1,1,1,1,0,2,0
257950,323,0.0,0.0,0.0,8,5,1,1,7,0,1,0
258002,598,0.0,3.0,1.0,6,4,2,2,5,0,1,0
258488,4585,0.0,4.0,1.0,13,3,2,3,12,0,1,0
259193,2640,0.0,5.0,0.0,3,1,1,1,2,0,1,0
259404,1816,0.0,2.0,1.0,8,3,3,1,6,0,2,0
259874,2051,0.0,7.0,0.0,7,2,1,1,6,0,1,0
259899,962,0.0,3.0,0.0,2,1,1,1,1,0,1,0
260666,1472,0.0,0.0,2.0,74,9,1,7,66,0,1,7
260718,4760,0.0,0.0,1.0,7,2,2,1,6,0,1,0
260783,3657,0.0,3.0,0.0,1,1,1,1,0,0,1,0
261093,1742,0.0,2.0,0.0,1,1,1,1,0,0,1,0
261213,1831,0.0,3.0,1.0,2,1,1,1,1,0,1,0
262122,3085,0.0,3.0,0.0,2,1,1,2,1,0,1,0
26223,742,1.0,3.0,0.0,17,5,4,2,16,0,1,0
262478,3925,0.0,5.0,0.0,43,25,6,2,41,1,1,0
262526,4976,0.0,0.0,1.0,3,1,1,1,2,0,1,0
262668,2031,0.0,3.0,null,9,5,2,1,8,0,1,0
262668,4585,0.0,3.0,null,6,3,2,1,5,0,1,0
263051,4966,0.0,4.0,0.0,4,2,2,1,2,0,2,0
263392,4527,0.0,3.0,0.0,4,3,1,2,3,0,1,0
26347,3018,0.0,2.0,0.0,2,1,1,2,1,0,1,0
263789,402,0.0,3.0,0.0,1,1,1,1,0,0,1,0
263843,2339,0.0,2.0,0.0,7,2,2,4,6,0,1,0
264222,542,0.0,6.0,1.0,6,3,1,1,4,0,2,0
264476,3609,0.0,0.0,0.0,3,1,1,1,2,0,1,0
264526,4992,1.0,3.0,1.0,5,2,1,1,4,0,1,0
2649,4659,0.0,4.0,0.0,1,1,1,1,0,0,1,0
265185,2313,0.0,0.0,0.0,1,1,1,1,0,0,1,0
265211,4173,1.0,4.0,0.0,20,5,1,2,19,0,1,0
265247,3828,0.0,0.0,0.0,6,2,2,2,4,0,2,0
265423,4079,0.0,4.0,0.0,1,1,1,1,0,0,1,0
265871,798,0.0,3.0,1.0,20,9,7,1,16,0,4,0
265911,3803,0.0,3.0,0.0,17,14,3,2,15,0,1,1
266679,4955,0.0,2.0,0.0,11,4,3,1,9,0,2,0
266955,1708,0.0,0.0,0.0,9,4,1,2,8,0,1,0
268011,1472,0.0,0.0,0.0,17,4,1,2,16,0,1,0
268082,1283,0.0,2.0,0.0,5,4,2,3,4,0,1,0
268704,4607,0.0,6.0,1.0,14,5,1,1,13,0,1,0
268828,1724,0.0,0.0,0.0,3,1,1,2,2,0,1,0
269030,2447,0.0,6.0,1.0,6,4,2,1,5,0,1,0
270071,4287,0.0,3.0,0.0,3,2,2,1,2,0,1,0
270178,396,0.0,0.0,1.0,3,1,1,1,2,0,1,0
27025,1393,0.0,5.0,2.0,14,6,4,7,13,0,1,0
271208,621,0.0,0.0,1.0,7,3,1,2,6,0,1,0
271330,4658,0.0,4.0,1.0,3,2,1,1,2,0,1,0
271368,3912,0.0,6.0,1.0,1,1,1,1,0,0,1,0
272090,246,0.0,0.0,0.0,9,8,2,1,8,0,1,0
272215,4044,0.0,0.0,0.0,15,4,2,3,11,0,1,3
272257,4234,0.0,6.0,0.0,24,10,4,2,19,0,5,0
272471,4198,0.0,6.0,1.0,8,3,1,2,6,0,2,0
272685,4427,0.0,4.0,0.0,3,1,1,1,2,0,1,0
272715,2637,0.0,3.0,null,6,2,1,1,3,0,3,0
272897,962,0.0,3.0,0.0,24,12,9,2,17,0,7,0
27306,972,0.0,6.0,0.0,4,1,1,1,3,0,1,0
273334,1195,0.0,0.0,0.0,9,3,1,3,7,0,1,1
273624,547,0.0,4.0,1.0,17,5,1,2,16,0,1,0
273657,200,0.0,0.0,0.0,3,1,1,1,2,0,1,0
273866,2397,1.0,3.0,0.0,14,6,3,4,13,0,1,0
275127,66,0.0,2.0,0.0,7,4,1,1,6,0,1,0
27557,1102,1.0,4.0,0.0,50,16,8,3,45,0,5,0
27559,3819,0.0,3.0,0.0,5,2,1,2,2,0,1,2
275795,798,0.0,3.0,0.0,10,4,2,3,8,0,1,1
276007,1272,0.0,0.0,0.0,21,10,4,2,20,0,1,0
276065,1142,0.0,3.0,1.0,12,4,3,1,8,0,4,0
276990,416,1.0,5.0,0.0,1,1,1,1,0,0,1,0
277427,4044,0.0,6.0,0.0,21,7,2,2,18,0,3,0
277737,2598,0.0,5.0,2.0,28,4,2,3,25,0,1,2
277747,4049,0.0,8.0,1.0,30,4,3,1,28,0,2,0
278045,4540,0.0,2.0,0.0,5,2,1,1,4,0,1,0
27827,4196,0.0,0.0,1.0,2,1,1,1,1,0,1,0
278669,1742,0.0,0.0,0.0,19,9,1,3,17,1,1,0
279832,4018,0.0,3.0,1.0,5,1,1,1,4,0,1,0
280309,4771,0.0,4.0,1.0,6,2,2,1,4,0,2,0
280389,3263,1.0,3.0,0.0,3,1,1,2,2,0,1,0
280401,3650,0.0,3.0,0.0,3,1,1,2,1,0,1,1
280545,962,0.0,4.0,0.0,4,1,1,2,3,0,1,0
280608,3955,0.0,3.0,0.0,7,2,1,2,4,0,1,2
281093,4427,0.0,0.0,1.0,2,1,1,1,1,0,1,0
281300,1875,1.0,6.0,0.0,10,5,4,1,9,0,1,0
281592,3562,0.0,6.0,0.0,1,1,1,1,0,0,1,0
281890,1472,0.0,0.0,0.0,21,2,1,5,19,0,1,1
282419,479,0.0,6.0,1.0,3,1,1,1,2,0,1,0
282862,1639,0.0,2.0,0.0,5,1,1,1,3,0,1,1
282881,1966,0.0,3.0,0.0,5,3,1,2,4,0,1,0
282945,3022,0.0,3.0,1.0,1,1,1,1,0,0,1,0
283013,2448,0.0,2.0,2.0,4,2,1,1,3,0,1,0
283448,4976,0.0,0.0,0.0,5,2,2,1,4,0,1,0
284115,1502,0.0,3.0,0.0,11,3,3,1,10,0,1,0
284284,4789,0.0,2.0,1.0,10,1,1,2,8,0,1,1
284422,3828,0.0,5.0,0.0,9,4,4,4,7,0,2,0
285270,4973,1.0,4.0,0.0,22,10,3,2,20,0,2,0
285360,4287,0.0,3.0,0.0,5,2,2,3,3,0,1,1
285623,4444,0.0,3.0,1.0,39,12,2,5,37,0,2,0
286032,3955,0.0,2.0,0.0,9,1,1,2,8,0,1,0
28635,3955,0.0,3.0,0.0,3,2,1,1,2,0,1,0
286468,415,0.0,3.0,1.0,3,1,1,1,2,0,1,0
286481,2284,0.0,6.0,0.0,7,1,1,1,6,0,1,0
286691,2594,0.0,2.0,0.0,79,40,9,2,65,0,2,12
286752,2977,0.0,5.0,0.0,4,1,1,1,3,0,1,0
286906,2294,0.0,0.0,0.0,9,6,3,1,8,0,1,0
286990,474,0.0,4.0,0.0,3,2,2,2,2,0,1,0
287380,1816,0.0,4.0,1.0,20,11,3,1,18,0,2,0
287383,22,0.0,0.0,0.0,4,1,1,1,3,0,1,0
287826,2318,0.0,6.0,1.0,20,5,3,5,19,0,1,0
2884,191,0.0,0.0,0.0,6,2,2,1,5,0,1,0
288497,4760,0.0,3.0,2.0,1,1,1,1,0,0,1,0
288553,1340,0.0,4.0,0.0,9,3,2,3,6,0,2,1
288588,1956,0.0,2.0,1.0,7,2,1,3,6,0,1,0
289029,1522,0.0,6.0,0.0,13,8,1,1,12,0,1,0
289087,141,0.0,0.0,0.0,14,5,3,2,12,0,2,0
289334,3288,0.0,6.0,0.0,3,1,1,1,1,0,2,0
289383,4173,0.0,0.0,0.0,59,33,8,9,54,0,1,4
289857,3323,0.0,3.0,1.0,7,5,1,1,6,0,1,0
289880,4949,0.0,6.0,0.0,58,41,12,4,55,0,3,0
28991,1762,0.0,3.0,1.0,3,1,1,1,2,0,1,0
289944,1861,0.0,0.0,0.0,2,1,1,1,0,0,2,0
290137,4491,0.0,5.0,0.0,12,4,3,2,10,0,2,0
290163,3828,0.0,6.0,0.0,1,1,1,1,0,0,1,0
290410,3428,0.0,7.0,1.0,2,1,1,1,1,0,1,0
290456,3007,0.0,4.0,1.0,9,1,1,1,8,0,1,0
290819,2167,0.0,3.0,0.0,24,4,1,6,21,0,1,2
291442,66,0.0,2.0,1.0,2,1,1,1,0,0,2,0
29173,4871,0.0,3.0,1.0,1,1,1,1,0,0,1,0
292099,1000,0.0,4.0,0.0,1,1,1,1,0,0,1,0
292772,4760,0.0,2.0,1.0,28,12,7,4,24,0,4,0
293200,3689,0.0,3.0,1.0,21,5,3,4,18,0,1,2
29389,1346,0.0,0.0,0.0,3,1,1,1,2,0,1,0
294451,1393,1.0,4.0,1.0,28,22,10,2,26,0,2,0
295241,4708,0.0,4.0,0.0,10,1,1,2,9,0,1,0
295280,630,0.0,0.0,0.0,8,4,4,2,6,0,2,0
295441,3955,1.0,4.0,2.0,3,1,1,2,2,0,1,0
295821,4282,0.0,3.0,1.0,24,16,4,1,23,0,1,0
296129,1640,0.0,0.0,1.0,5,2,1,1,4,0,1,0
296671,2928,0.0,4.0,0.0,11,7,3,1,9,0,2,0
296698,4871,0.0,0.0,1.0,1,1,1,1,0,0,1,0
296700,4718,0.0,2.0,1.0,14,2,1,3,13,0,1,0
297029,3545,0.0,3.0,0.0,4,2,1,1,3,0,1,0
297183,191,0.0,3.0,0.0,2,1,1,1,0,0,1,1
297611,474,0.0,3.0,0.0,4,1,1,3,3,0,1,0
297619,2981,0.0,2.0,0.0,4,1,1,1,3,0,1,0
297751,1825,0.0,5.0,1.0,31,11,2,2,28,0,3,0
297945,3578,0.0,0.0,null,4,2,1,1,3,0,1,0
297984,1835,0.0,0.0,0.0,49,22,5,1,43,0,6,0
298647,598,0.0,0.0,0.0,4,1,1,2,3,0,1,0
298848,2592,0.0,3.0,1.0,5,1,1,1,4,0,1,0
299219,2273,0.0,4.0,1.0,12,2,1,1,11,0,1,0
299334,4499,0.0,4.0,0.0,9,3,1,1,8,0,1,0
299390,598,0.0,3.0,0.0,13,1,1,2,12,0,1,0
2995,151,0.0,5.0,0.0,3,1,1,1,2,0,1,0
299653,3853,0.0,3.0,0.0,5,1,1,3,4,0,1,0
299798,1115,0.0,3.0,0.0,1,1,1,1,0,0,1,0
300095,239,0.0,0.0,0.0,21,10,2,4,19,0,1,1
300721,4485,0.0,4.0,1.0,3,1,1,1,2,0,1,0
301287,4841,0.0,0.0,0.0,4,1,1,2,2,0,1,1
301690,4648,0.0,2.0,0.0,1,1,1,1,0,0,1,0
302467,3471,0.0,3.0,0.0,5,1,1,2,3,0,1,1
303316,3828,0.0,0.0,0.0,21,12,6,7,19,0,1,1
304406,1704,0.0,2.0,0.0,5,2,1,1,2,0,1,2
30456,4427,0.0,6.0,0.0,5,2,2,2,4,0,1,0
304613,798,0.0,0.0,1.0,3,1,1,1,2,0,1,0
304759,3614,0.0,5.0,1.0,7,2,2,2,6,0,1,0
304810,2795,0.0,3.0,1.0,2,1,1,1,1,0,1,0
304997,2318,0.0,3.0,0.0,5,2,1,1,4,0,1,0
305042,2810,0.0,3.0,1.0,6,2,1,1,5,0,1,0
30586,4864,0.0,5.0,0.0,8,3,3,1,6,0,2,0
305936,2981,0.0,5.0,1.0,7,4,2,1,6,0,1,0
305972,3469,0.0,4.0,0.0,24,4,1,4,23,0,1,0
30621,191,0.0,3.0,0.0,4,4,4,1,0,0,1,3
306400,3319,0.0,4.0,0.0,2,1,1,1,1,0,1,0
306481,1487,0.0,4.0,1.0,13,3,1,1,11,0,2,0
306535,1816,0.0,5.0,1.0,2,1,1,1,1,0,1,0
306707,3990,0.0,3.0,0.0,7,1,1,1,6,0,1,0
30688,806,0.0,4.0,1.0,15,3,2,3,14,0,1,0
307313,608,0.0,3.0,0.0,1,1,1,1,0,0,1,0
307435,4427,0.0,4.0,0.0,12,5,3,3,11,0,1,0
308147,1760,0.0,0.0,1.0,3,3,1,1,2,0,1,0
309919,4942,0.0,4.0,1.0,5,2,1,1,3,0,2,0
310256,1892,0.0,4.0,1.0,12,6,2,1,8,0,4,0
310651,2565,0.0,3.0,1.0,4,1,1,1,2,0,2,0
310900,1067,0.0,5.0,0.0,26,5,1,4,23,0,1,2
311116,606,0.0,0.0,0.0,36,25,9,3,34,0,2,0
311313,4335,0.0,6.0,0.0,4,2,2,1,3,0,1,0
312181,4610,0.0,3.0,1.0,4,1,1,1,3,0,1,0
312267,3657,0.0,2.0,0.0,1,1,1,1,0,0,1,0
312424,1892,0.0,0.0,0.0,4,4,4,2,1,0,2,1
312478,4170,0.0,3.0,0.0,2,1,1,1,1,0,1,0
313214,15,0.0,4.0,0.0,3,2,1,1,2,0,1,0
313790,3925,0.0,3.0,0.0,2,1,1,2,0,0,1,1
31385,4071,0.0,3.0,1.0,9,4,1,2,8,0,1,0
314364,4968,0.0,6.0,0.0,9,5,1,2,7,0,1,1
314985,3974,0.0,3.0,0.0,2,1,1,1,0,0,1,1
31530,3365,0.0,4.0,0.0,9,1,1,1,8,0,1,0
316089,2459,0.0,3.0,0.0,1,1,1,1,0,0,1,0
316237,1056,0.0,4.0,1.0,10,3,1,2,8,0,2,0
316318,1470,0.0,3.0,0.0,16,5,2,1,15,0,1,0
31653,2545,0.0,2.0,1.0,17,5,1,1,16,0,1,0
316679,4871,0.0,2.0,1.0,4,1,1,2,3,0,1,0
316817,4760,0.0,4.0,1.0,21,12,3,4,19,0,2,0
317095,2173,0.0,3.0,2.0,3,1,1,1,2,0,1,0
317231,4044,0.0,3.0,0.0,4,1,1,1,3,0,1,0
317336,4992,1.0,4.0,1.0,6,2,1,1,5,0,1,0
317390,361,0.0,3.0,0.0,13,6,3,1,12,0,1,0
317496,4894,0.0,3.0,1.0,7,1,1,1,5,0,1,1
31771,3769,0.0,2.0,0.0,4,1,1,2,3,0,1,0
317740,3650,0.0,4.0,0.0,1,1,1,1,0,0,1,0
318281,1557,0.0,2.0,1.0,28,10,3,4,25,0,3,0
318347,3476,0.0,4.0,1.0,1,1,1,1,0,0,1,0
318619,4976,0.0,3.0,0.0,72,28,4,8,68,0,1,3
318782,4926,0.0,4.0,1.0,4,3,2,3,1,0,2,1
318790,2305,0.0,4.0,0.0,5,1,1,4,3,0,1,1
31906,310,0.0,2.0,0.0,5,1,1,1,4,0,1,0
319088,4667,0.0,5.0,0.0,4,2,1,1,3,0,1,0
319229,2459,0.0,3.0,0.0,8,3,2,2,6,0,1,1
319347,3898,0.0,0.0,0.0,9,4,1,1,7,0,2,0
319430,4871,0.0,0.0,0.0,1,1,1,1,0,0,1,0
319975,2403,0.0,0.0,0.0,1,1,1,1,0,0,1,0
320071,2721,0.0,2.0,1.0,2,1,1,2,1,0,1,0
320196,2631,0.0,2.0,0.0,11,10,8,1,10,0,1,0
320756,2543,0.0,2.0,0.0,10,4,1,2,9,0,1,0
320974,3074,0.0,2.0,1.0,9,2,1,3,5,0,4,0
32117,4605,0.0,3.0,0.0,11,3,3,4,9,0,1,1
321645,14,0.0,0.0,0.0,15,6,2,2,13,0,2,0
32228,2664,0.0,4.0,0.0,4,4,2,1,0,0,4,0
322713,503,0.0,3.0,0.0,5,1,1,1,4,0,1,0
322869,4171,0.0,0.0,0.0,16,5,2,1,8,0,8,0
323510,1892,0.0,7.0,1.0,28,14,6,1,19,0,9,0
32362,3936,0.0,0.0,0.0,10,6,2,2,9,0,1,0
324106,1346,1.0,4.0,0.0,29,5,1,5,25,0,1,3
324122,2482,0.0,4.0,0.0,30,10,9,3,28,0,2,0
32415,3828,0.0,6.0,0.0,13,4,4,6,10,0,1,2
324204,2935,0.0,2.0,0.0,5,1,1,2,4,0,1,0
324371,2138,0.0,2.0,0.0,4,2,2,1,3,0,1,0
3249,467,0.0,0.0,1.0,9,6,5,2,1,0,7,1
325054,2473,0.0,3.0,2.0,12,4,1,1,11,0,1,0
325507,1310,0.0,2.0,0.0,1,1,1,1,0,0,1,0
326098,474,0.0,0.0,0.0,8,2,1,2,7,0,1,0
326141,3176,0.0,3.0,0.0,9,1,1,1,6,0,3,0
326340,2562,0.0,3.0,1.0,4,2,1,1,3,0,1,0
326548,1892,0.0,3.0,1.0,13,6,5,2,12,0,1,0
326635,4079,0.0,2.0,1.0,2,1,1,1,1,0,1,0
326669,190,0.0,5.0,1.0,5,1,1,2,4,0,1,0
32693,3152,1.0,4.0,0.0,7,4,1,1,5,0,1,1
326978,3828,0.0,6.0,0.0,3,1,1,2,2,0,1,0
32717,3578,0.0,4.0,1.0,12,8,2,1,11,0,1,0
32721,1885,0.0,3.0,0.0,3,1,1,2,2,0,1,0
327263,2793,0.0,3.0,0.0,20,12,2,1,19,0,1,0
327571,1102,0.0,5.0,0.0,1,1,1,1,0,0,1,0
327811,2935,0.0,3.0,1.0,1,1,1,1,0,0,1,0
328420,1305,0.0,3.0,1.0,3,1,1,1,2,0,1,0
328634,1760,0.0,4.0,1.0,13,4,2,1,10,0,3,0
328690,2108,0.0,3.0,1.0,3,1,1,1,2,0,1,0
328798,1833,0.0,0.0,0.0,20,10,4,4,18,0,2,0
329071,1272,0.0,2.0,0.0,2,1,1,1,1,0,1,0
329089,4234,0.0,3.0,0.0,2,2,2,1,0,0,2,0
329238,598,0.0,3.0,1.0,3,2,2,1,2,0,1,0
329294,3578,0.0,6.0,0.0,1,1,1,1,0,0,1,0
329358,1031,0.0,3.0,1.0,9,2,1,2,8,0,1,0
329487,4585,0.0,3.0,1.0,3,1,1,2,2,0,1,0
329570,3015,0.0,3.0,0.0,1,1,1,1,0,0,1,0
330995,1816,0.0,4.0,0.0,10,4,2,2,7,0,2,1
331050,1239,0.0,3.0,0.0,3,1,1,2,2,0,1,0
332900,1742,0.0,4.0,0.0,19,9,1,4,16,0,1,2
333475,2653,0.0,3.0,0.0,1,1,1,1,0,0,1,0
333651,115,0.0,3.0,0.0,11,7,4,3,10,0,1,0
334055,1647,0.0,8.0,0.0,7,3,1,2,6,0,1,0
3341,2273,0.0,3.0,0.0,1,1,1,1,0,0,1,0
334400,3983,0.0,6.0,0.0,2,1,1,1,1,0,1,0
334536,3225,0.0,5.0,1.0,5,2,1,1,4,0,1,0
334556,4976,0.0,null,null,15,3,2,1,14,0,1,0
334560,2639,1.0,6.0,0.0,36,19,8,1,33,0,2,1
334950,4584,0.0,4.0,1.0,9,7,4,1,8,0,1,0
335033,262,0.0,5.0,1.0,4,2,1,1,3,0,1,0
335240,972,0.0,3.0,1.0,4,1,1,1,2,0,2,0
335250,962,0.0,0.0,0.0,2,1,1,1,1,0,1,0
335507,3057,0.0,6.0,0.0,7,1,1,1,6,0,1,0
335610,1393,0.0,3.0,0.0,7,4,2,1,6,0,1,0
335940,606,0.0,0.0,2.0,25,18,9,6,23,0,1,1
336447,4829,0.0,3.0,0.0,3,2,1,2,1,0,1,1
336594,4499,0.0,3.0,0.0,8,2,1,3,5,0,1,2
336865,4992,1.0,4.0,1.0,1,1,1,1,0,0,1,0
337159,3961,0.0,3.0,0.0,8,2,1,2,7,0,1,0
337232,2273,0.0,3.0,0.0,5,3,1,1,4,0,1,0
337254,1056,1.0,0.0,2.0,28,16,8,2,23,0,5,0
337577,2105,0.0,4.0,0.0,4,1,1,2,3,0,1,0
337665,946,0.0,5.0,0.0,12,5,2,2,9,0,1,2
33810,3930,0.0,0.0,0.0,1,1,1,1,0,0,1,0
338413,1472,0.0,3.0,0.0,3,1,1,2,2,0,1,0
338723,4318,1.0,6.0,0.0,10,5,5,2,9,0,1,0
33876,2619,0.0,0.0,0.0,4,1,1,2,3,0,1,0
339724,2294,0.0,5.0,0.0,12,2,2,3,11,0,1,0
33978,4992,0.0,0.0,0.0,33,7,1,2,31,0,2,0
341221,4261,0.0,5.0,1.0,35,10,3,1,32,0,3,0
341240,806,0.0,4.0,1.0,4,3,3,1,3,0,1,0
34177,2569,0.0,5.0,1.0,10,4,1,1,9,0,1,0
342259,10,0.0,3.0,0.0,8,2,1,1,7,0,1,0
342335,1379,0.0,4.0,0.0,31,14,8,3,25,0,6,0
342440,1486,0.0,4.0,1.0,15,5,1,2,14,0,1,0
342470,275,0.0,5.0,1.0,5,1,1,1,4,0,1,0
342627,1923,0.0,0.0,null,3,2,1,1,2,0,1,0
34310,4083,0.0,0.0,1.0,2,1,1,1,1,0,1,0
343510,1487,0.0,0.0,0.0,6,3,1,3,4,0,1,1
343587,2217,0.0,0.0,0.0,1,1,1,1,0,0,1,0
343839,1472,0.0,4.0,0.0,13,7,1,1,12,0,1,0
344101,3085,0.0,0.0,0.0,40,16,7,5,39,0,1,0
344421,3828,0.0,4.0,0.0,54,29,7,1,53,0,1,0
344510,1966,0.0,6.0,0.0,1,1,1,1,0,0,1,0
344519,4760,0.0,4.0,1.0,23,16,7,2,22,0,1,0
344535,2318,1.0,2.0,1.0,1,1,1,1,0,0,1,0
344747,4705,0.0,4.0,0.0,2,1,1,1,1,0,1,0
344761,2051,1.0,2.0,0.0,4,1,1,2,3,0,1,0
344843,3734,0.0,3.0,0.0,8,5,4,2,4,0,3,1
344873,3205,0.0,5.0,0.0,11,1,1,4,9,0,1,1
345013,1692,0.0,2.0,0.0,9,1,1,4,8,0,1,0
345151,547,0.0,4.0,1.0,4,2,1,3,1,0,1,2
345206,2273,0.0,4.0,0.0,7,1,1,3,5,0,1,1
345233,2138,0.0,2.0,0.0,5,2,2,2,4,0,1,0
345902,2318,0.0,0.0,1.0,2,1,1,1,1,0,1,0
34632,1472,0.0,4.0,0.0,2,1,1,1,1,0,1,0
346347,2193,0.0,6.0,1.0,11,4,2,2,10,0,1,0
346488,4648,0.0,6.0,0.0,20,9,4,3,15,0,5,0
346740,1340,0.0,3.0,0.0,82,53,9,3,75,0,3,4
348014,1661,0.0,3.0,0.0,2,1,1,2,1,0,1,0
348098,2669,0.0,3.0,0.0,6,4,3,3,5,0,1,0
348377,2639,0.0,0.0,0.0,8,3,2,2,5,0,2,1
34839,3742,0.0,0.0,0.0,11,5,1,1,9,0,1,1
348962,2078,0.0,3.0,0.0,5,2,1,1,4,0,1,0
348968,3230,0.0,3.0,0.0,4,1,1,1,3,0,1,0
349061,4504,0.0,6.0,0.0,3,2,1,1,2,0,1,0
349086,416,0.0,7.0,0.0,23,9,3,8,20,0,3,0
349248,1890,0.0,0.0,0.0,7,3,1,3,6,0,1,0
349399,1679,0.0,3.0,0.0,6,2,1,1,5,0,1,0
349461,46,0.0,4.0,1.0,2,1,1,2,1,0,1,0
349656,4173,0.0,5.0,0.0,20,6,5,2,19,0,1,0
349854,168,0.0,6.0,0.0,9,3,2,2,8,0,1,0
350020,3613,0.0,2.0,0.0,3,1,1,1,2,0,1,0
350281,4143,0.0,4.0,0.0,6,4,1,1,5,0,1,0
350815,4732,0.0,0.0,0.0,5,2,1,1,4,0,1,0
350946,2318,0.0,0.0,1.0,4,2,2,2,3,0,1,0
351109,2776,0.0,2.0,0.0,6,2,2,1,5,0,1,0
351131,608,0.0,5.0,1.0,8,4,3,3,7,0,1,0
351194,649,0.0,5.0,1.0,7,4,3,2,5,1,1,0
35163,2241,0.0,3.0,0.0,2,1,1,2,1,0,1,0
352321,2242,0.0,4.0,0.0,12,7,5,2,9,0,3,0
352394,905,0.0,4.0,0.0,8,3,1,1,6,0,1,1
352420,1910,0.0,6.0,0.0,5,1,1,1,4,0,1,0
352883,4009,0.0,6.0,1.0,13,6,2,4,12,0,1,0
353055,2664,0.0,4.0,0.0,4,2,1,1,2,0,2,0
353373,4861,0.0,3.0,0.0,1,1,1,1,0,0,1,0
35346,2217,1.0,5.0,0.0,12,2,1,2,11,0,1,0
354267,946,0.0,3.0,0.0,57,15,4,3,54,0,3,0
354345,423,0.0,3.0,0.0,4,1,1,2,3,0,1,0
354565,2636,0.0,3.0,0.0,4,1,1,1,2,0,1,1
354874,416,0.0,0.0,0.0,16,6,1,7,13,0,1,2
354880,121,0.0,4.0,0.0,30,17,3,2,28,0,2,0
354947,4658,0.0,4.0,1.0,3,2,1,2,2,0,1,0
355007,2031,0.0,4.0,1.0,3,1,1,1,0,0,3,0
355953,2883,0.0,4.0,0.0,11,2,1,2,9,0,1,1
356311,3205,0.0,5.0,0.0,27,7,1,1,26,0,1,0
357307,1811,0.0,4.0,0.0,8,2,1,1,6,0,2,0
357389,1661,0.0,null,null,3,1,1,1,2,0,1,0
357429,2236,0.0,4.0,1.0,5,3,3,2,4,0,1,0
357591,2447,0.0,3.0,0.0,5,1,1,1,4,0,1,0
358182,4450,0.0,5.0,0.0,3,1,1,2,2,0,1,0
358642,120,0.0,4.0,0.0,7,1,1,2,5,0,1,1
359420,4760,0.0,3.0,1.0,13,5,3,2,11,0,2,0
359755,2611,0.0,4.0,0.0,3,2,1,1,2,0,1,0
360296,4871,0.0,3.0,1.0,3,2,2,1,2,0,1,0
361437,1719,0.0,3.0,0.0,5,1,1,2,4,0,1,0
36167,437,0.0,3.0,0.0,6,5,3,6,1,0,1,4
361971,3734,0.0,0.0,0.0,4,1,1,2,2,0,1,1
363050,4316,0.0,4.0,0.0,6,1,1,1,5,0,1,0
363375,3473,0.0,3.0,0.0,5,1,1,1,4,0,1,0
364393,3236,0.0,0.0,0.0,25,14,1,3,19,0,2,4
364882,2721,0.0,3.0,0.0,2,2,1,1,0,0,2,0
365001,2031,0.0,0.0,0.0,3,1,1,1,2,0,1,0
365859,3350,0.0,0.0,0.0,3,1,1,1,2,0,1,0
366224,1102,0.0,3.0,0.0,35,31,6,8,34,0,1,0
36757,3578,0.0,7.0,0.0,10,3,2,2,9,0,1,0
367606,66,0.0,3.0,1.0,9,4,1,1,8,0,1,0
368247,3878,0.0,0.0,0.0,2,1,1,1,1,0,1,0
368741,2820,0.0,6.0,0.0,19,15,7,2,18,0,1,0
369283,1272,0.0,0.0,0.0,10,2,2,4,9,0,1,0
369340,3936,0.0,3.0,1.0,1,1,1,1,0,0,1,0
369884,4079,0.0,0.0,null,2,1,1,1,1,0,1,0
370106,685,0.0,0.0,0.0,29,16,3,3,26,0,1,2
370312,259,0.0,5.0,0.0,13,5,2,1,9,0,4,0
370845,3971,1.0,0.0,1.0,7,2,1,2,6,0,1,0
37116,3682,0.0,5.0,1.0,5,1,1,1,4,0,1,0
371418,10,0.0,0.0,1.0,6,3,1,2,5,0,1,0
371693,4282,0.0,3.0,0.0,9,6,3,3,8,0,1,0
372073,1910,0.0,3.0,1.0,11,1,1,2,9,0,1,1
372085,2752,1.0,4.0,1.0,22,8,3,2,15,0,7,0
37227,2926,0.0,5.0,1.0,3,2,1,1,2,0,1,0
373013,1861,0.0,0.0,0.0,7,2,1,1,5,0,1,1
373366,598,0.0,0.0,0.0,3,1,1,1,2,0,1,0
374307,649,0.0,6.0,0.0,38,13,2,5,32,0,3,3
374770,3484,0.0,5.0,1.0,3,1,1,1,2,0,1,0
375230,826,0.0,3.0,0.0,2,1,1,1,1,0,1,0
375274,1742,0.0,6.0,0.0,14,5,1,2,13,0,1,0
375287,3990,0.0,3.0,1.0,14,3,1,1,13,0,1,0
375687,3965,0.0,3.0,null,11,4,1,1,9,0,2,0
375838,4876,0.0,2.0,0.0,8,1,1,1,7,0,1,0
375857,3609,0.0,3.0,1.0,2,1,1,1,1,0,1,0
377186,798,0.0,2.0,0.0,15,7,4,1,12,0,3,0
377768,756,0.0,3.0,1.0,11,5,2,1,9,0,1,1
377801,2511,0.0,3.0,0.0,19,4,2,2,17,0,2,0
377910,3839,0.0,5.0,2.0,25,17,3,5,23,0,1,1
37793,1892,0.0,5.0,2.0,34,22,7,3,32,0,2,0
377963,1134,0.0,null,null,3,1,1,1,2,0,1,0
378194,4044,0.0,0.0,0.0,5,2,1,1,4,0,1,0
37825,653,0.0,3.0,1.0,4,2,2,1,3,0,1,0
378314,1399,0.0,4.0,0.0,14,4,1,1,13,0,1,0
378365,3578,0.0,3.0,0.0,5,1,1,1,4,0,1,0
378821,2105,0.0,3.0,0.0,5,1,1,2,4,0,1,0
378916,2435,0.0,2.0,0.0,5,2,1,1,3,0,1,1
379105,4079,0.0,3.0,0.0,11,6,1,1,8,0,3,0
379273,423,0.0,0.0,1.0,9,4,1,1,8,0,1,0
379831,3536,0.0,2.0,0.0,2,1,1,1,1,0,1,0
380176,1910,0.0,4.0,0.0,6,4,4,2,5,0,1,0
380242,2173,0.0,5.0,0.0,10,3,1,5,7,0,3,0
38111,606,0.0,0.0,1.0,1,1,1,1,0,0,1,0
381159,4705,0.0,3.0,0.0,4,1,1,2,3,0,1,0
381300,1861,0.0,4.0,0.0,2,1,1,1,1,0,1,0
381388,4976,0.0,6.0,0.0,17,9,3,4,11,0,1,5
381496,2447,0.0,7.0,0.0,12,2,1,1,11,0,1,0
381519,66,0.0,3.0,0.0,22,6,2,3,20,0,1,1
381805,3044,0.0,6.0,0.0,5,1,1,1,3,0,2,0
381969,4346,0.0,3.0,1.0,5,1,1,1,4,0,1,0
382042,1583,0.0,0.0,0.0,5,3,1,1,4,0,1,0
38254,1963,0.0,3.0,1.0,18,6,1,2,17,0,1,0
3827,3350,0.0,3.0,0.0,1,1,1,1,0,0,1,0
382702,4846,0.0,2.0,0.0,6,3,3,1,3,0,3,0
382840,1203,0.0,5.0,1.0,6,1,1,2,4,0,1,1
382911,133,0.0,3.0,0.0,3,3,1,2,0,0,1,2
382955,3936,0.0,4.0,0.0,2,1,1,1,1,0,1,0
383108,1840,0.0,5.0,1.0,2,1,1,1,1,0,1,0
383386,4044,0.0,2.0,0.0,20,11,4,1,18,0,2,0
383518,1102,0.0,5.0,0.0,13,2,1,2,12,0,1,0
383878,3734,0.0,3.0,1.0,4,3,3,1,0,1,3,0
384387,2138,0.0,0.0,0.0,1,1,1,1,0,0,1,0
384423,2795,0.0,4.0,2.0,7,4,2,2,6,0,1,0
384454,1698,1.0,6.0,0.0,2,1,1,1,1,0,1,0
384761,437,0.0,3.0,0.0,3,2,2,3,2,0,1,0
384921,2448,1.0,0.0,0.0,4,1,1,2,3,0,1,0
385006,2669,0.0,3.0,0.0,11,2,2,2,10,0,1,0
3852,2482,0.0,2.0,0.0,9,2,1,5,6,0,1,2
385670,4444,1.0,5.0,1.0,2,2,1,1,0,0,2,0
385907,4072,0.0,0.0,0.0,2,1,1,1,1,0,1,0
386211,2277,0.0,3.0,1.0,4,1,1,1,3,0,1,0
387143,1501,0.0,0.0,0.0,10,4,2,2,9,0,1,0
387360,1892,0.0,0.0,0.0,58,38,8,3,57,0,1,0
387407,4826,0.0,0.0,0.0,2,1,1,1,1,0,1,0
387410,742,0.0,0.0,0.0,10,6,4,2,9,0,1,0
387740,4976,0.0,3.0,0.0,11,10,4,2,10,0,1,0
387909,2888,0.0,4.0,0.0,5,2,1,1,4,0,1,0
387951,2217,0.0,4.0,0.0,5,1,1,1,4,0,1,0
388089,3541,0.0,4.0,1.0,1,1,1,1,0,0,1,0
38833,4955,0.0,3.0,1.0,5,2,1,1,4,0,1,0
389188,3609,0.0,0.0,0.0,15,10,1,2,14,0,1,0
389624,1487,0.0,4.0,0.0,10,3,1,1,9,0,1,0
389780,1145,0.0,0.0,0.0,27,4,1,4,26,0,1,0
38998,3613,0.0,0.0,0.0,3,1,1,1,2,0,1,0
390378,1999,1.0,4.0,0.0,3,1,1,2,2,0,1,0
390608,3323,0.0,3.0,0.0,7,2,1,4,4,0,1,2
391064,2938,1.0,0.0,0.0,4,1,1,1,3,0,1,0
391284,806,0.0,0.0,0.0,50,22,6,4,48,0,1,1
391545,3239,0.0,6.0,0.0,16,9,2,2,12,0,3,1
392189,2401,0.0,6.0,0.0,13,7,1,2,12,0,1,0
392269,3200,1.0,0.0,0.0,6,1,1,1,5,0,1,0
393094,1825,0.0,0.0,1.0,4,2,2,1,3,0,1,0
393190,4047,0.0,3.0,0.0,29,7,4,2,22,0,3,4
393454,3376,0.0,0.0,0.0,6,2,2,1,5,0,1,0
394065,3822,0.0,4.0,0.0,7,2,1,1,5,0,2,0
394178,3971,0.0,0.0,1.0,5,4,1,1,4,0,1,0
394605,1022,0.0,5.0,1.0,8,5,1,1,7,0,1,0
394823,4993,0.0,3.0,null,3,1,1,1,2,0,1,0
394937,4871,1.0,2.0,1.0,6,3,2,1,5,0,1,0
39502,963,0.0,2.0,0.0,7,5,1,1,6,0,1,0
395056,3286,0.0,5.0,1.0,2,1,1,1,1,0,1,0
395320,3675,0.0,0.0,0.0,9,3,2,1,7,0,2,0
395462,396,0.0,5.0,2.0,1,1,1,1,0,0,1,0
395863,3014,0.0,3.0,1.0,2,1,1,2,0,0,1,1
396632,1031,1.0,6.0,1.0,1,1,1,1,0,0,1,0
396637,4048,0.0,0.0,0.0,23,4,1,4,20,0,1,2
396919,1028,0.0,6.0,0.0,14,6,1,1,12,0,2,0
39704,4044,0.0,3.0,0.0,40,29,8,11,35,0,3,2
397150,1692,0.0,6.0,1.0,12,2,1,2,11,0,1,0
397457,523,0.0,4.0,0.0,5,2,1,1,4,0,1,0
397495,10,0.0,2.0,0.0,3,1,1,2,2,0,1,0
397539,4750,0.0,3.0,1.0,6,3,1,2,5,0,1,0
39817,3072,0.0,4.0,1.0,6,4,1,2,5,0,1,0
398237,219,0.0,3.0,1.0,10,3,1,2,9,0,1,0
398266,2459,0.0,3.0,0.0,7,4,2,2,6,0,1,0
398325,574,0.0,0.0,0.0,1,1,1,1,0,0,1,0
398332,72,0.0,3.0,0.0,3,1,1,1,2,0,1,0
39840,4864,0.0,6.0,1.0,5,3,2,1,4,0,1,0
398589,1168,0.0,4.0,0.0,2,1,1,1,1,0,1,0
398608,1885,0.0,0.0,1.0,9,3,1,1,8,0,1,0
398685,1486,0.0,8.0,1.0,4,1,1,1,3,0,1,0
399257,4705,0.0,2.0,0.0,4,1,1,1,3,0,1,0
399472,1499,0.0,4.0,0.0,6,2,2,2,5,0,1,0
399682,3891,0.0,0.0,null,12,2,1,2,10,0,2,0
3997,361,0.0,7.0,0.0,8,4,1,1,6,0,1,1
40018,4385,0.0,3.0,1.0,3,1,1,1,2,0,1,0
400308,993,0.0,3.0,0.0,12,1,1,2,9,0,2,1
400803,4318,0.0,0.0,0.0,5,3,1,1,4,0,1,0
401278,4044,0.0,3.0,0.0,134,66,13,17,130,0,3,1
401467,2709,0.0,0.0,0.0,2,1,1,2,1,0,1,0
401936,3173,0.0,4.0,0.0,4,1,1,1,3,0,1,0
402616,2976,0.0,0.0,0.0,2,1,1,2,1,0,1,0
402888,784,0.0,3.0,0.0,5,2,2,3,3,0,1,1
403043,4079,0.0,2.0,1.0,6,3,1,1,4,0,2,0
403049,4280,0.0,0.0,1.0,8,2,1,3,6,0,1,1
403121,643,0.0,3.0,0.0,12,10,3,1,11,0,1,0
403150,1247,0.0,2.0,1.0,8,2,1,2,7,0,1,0
403190,3929,0.0,3.0,0.0,1,1,1,1,0,0,1,0
403209,1742,0.0,0.0,0.0,11,2,1,2,10,0,1,0
403219,2217,0.0,4.0,0.0,11,6,2,1,9,0,2,0
403745,598,1.0,5.0,1.0,9,6,4,2,7,0,2,0
404267,3513,0.0,2.0,0.0,4,1,1,1,2,0,1,1
404958,1056,0.0,4.0,0.0,8,6,4,1,4,0,4,0
405237,2273,0.0,5.0,0.0,13,5,1,2,11,0,1,1
405264,3828,0.0,2.0,0.0,27,11,5,3,26,0,1,0
405478,1708,0.0,2.0,1.0,4,1,1,1,3,0,1,0
405481,4163,0.0,0.0,1.0,4,2,1,1,3,0,1,0
405761,2654,0.0,3.0,0.0,15,9,3,1,13,0,2,0
405804,4427,0.0,3.0,1.0,28,11,2,4,27,0,1,0
406082,608,0.0,0.0,0.0,9,3,2,1,8,0,1,0
406601,3578,0.0,0.0,0.0,7,4,3,2,6,0,1,0
406708,2696,0.0,4.0,0.0,16,5,1,5,14,0,2,0
406803,2864,0.0,3.0,0.0,9,1,1,2,7,0,1,1
406811,3826,0.0,2.0,1.0,9,1,1,3,8,0,1,0
406914,4942,0.0,2.0,0.0,14,2,1,4,12,0,1,1
407680,742,0.0,4.0,0.0,6,3,3,2,4,0,2,0
407773,1272,0.0,0.0,0.0,22,15,5,4,21,0,1,0
407780,1679,0.0,4.0,0.0,10,5,2,3,8,0,1,1
407921,1133,0.0,0.0,0.0,7,2,1,3,6,0,1,0
40797,1618,0.0,3.0,0.0,31,11,3,1,29,0,2,0
408474,862,0.0,3.0,0.0,5,1,1,2,4,0,1,0
409332,1467,0.0,5.0,0.0,20,1,1,6,18,0,1,1
410460,257,0.0,6.0,0.0,6,1,1,2,5,0,1,0
410482,4724,0.0,2.0,0.0,3,1,1,2,2,0,1,0
410905,4183,0.0,0.0,0.0,5,1,1,3,3,0,1,1
410917,4871,0.0,4.0,0.0,3,2,1,1,2,0,1,0
411245,234,1.0,6.0,0.0,20,2,1,3,17,2,1,0
411355,4079,0.0,0.0,1.0,5,1,1,2,1,0,4,0
411468,1470,0.0,4.0,0.0,3,1,1,3,2,0,1,0
411599,4760,0.0,3.0,1.0,6,1,1,2,3,0,2,1
413192,1749,0.0,0.0,2.0,10,4,1,2,8,0,2,0
414243,804,0.0,4.0,2.0,3,1,1,1,2,0,1,0
414487,2026,0.0,2.0,1.0,9,3,2,1,8,0,1,0
414521,4585,0.0,0.0,0.0,3,1,1,1,1,0,1,1
414553,168,0.0,0.0,0.0,17,9,1,3,16,0,1,0
414627,3734,0.0,3.0,0.0,12,4,1,1,10,0,2,0
414665,2799,0.0,3.0,1.0,1,1,1,1,0,0,1,0
415423,1520,0.0,0.0,0.0,3,1,1,2,0,0,2,1
41565,1054,0.0,6.0,1.0,5,1,1,1,4,0,1,0
415651,2869,0.0,4.0,0.0,2,1,1,1,1,0,1,0
416093,141,0.0,3.0,0.0,18,12,5,3,15,0,3,0
416453,2454,1.0,0.0,1.0,3,1,1,1,2,0,1,0
416799,4992,0.0,4.0,0.0,3,1,1,1,2,0,1,0
41754,684,0.0,6.0,0.0,22,4,3,1,21,0,1,0
417938,1618,0.0,4.0,1.0,8,6,2,1,7,0,1,0
418135,2849,0.0,2.0,0.0,1,1,1,1,0,0,1,0
418167,3126,0.0,5.0,0.0,4,1,1,2,2,1,1,0
418201,547,0.0,7.0,0.0,10,3,1,3,8,1,1,0
418491,1760,0.0,0.0,0.0,1,1,1,1,0,0,1,0
419720,2684,0.0,4.0,0.0,6,4,2,1,4,0,2,0
420267,4829,0.0,3.0,0.0,21,4,1,1,19,0,2,0
420801,1791,0.0,4.0,1.0,2,1,1,1,1,0,1,0
421291,4022,0.0,3.0,0.0,2,1,1,1,1,0,1,0
421562,3843,0.0,0.0,0.0,4,1,1,2,3,0,1,0
422397,1755,0.0,2.0,0.0,5,1,1,1,3,0,2,0
422519,1359,0.0,6.0,1.0,1,1,1,1,0,0,1,0
422698,3912,0.0,5.0,0.0,11,6,3,1,8,0,3,0
422705,4140,0.0,2.0,1.0,56,19,1,4,48,0,1,7
423293,4402,0.0,4.0,0.0,12,3,1,2,11,0,1,0
423732,790,0.0,0.0,0.0,6,3,3,2,5,0,1,0
42931,4044,0.0,0.0,0.0,4,1,1,2,3,0,1,0
42960,4463,0.0,5.0,0.0,6,1,1,1,5,0,1,0
4327,110,0.0,2.0,0.0,1,1,1,1,0,0,1,0
44617,598,0.0,4.0,0.0,5,2,1,1,4,0,1,0
44710,4048,0.0,0.0,1.0,7,2,1,1,6,0,1,0
45385,2108,1.0,2.0,1.0,17,11,1,3,14,0,1,2
45734,3853,0.0,5.0,0.0,11,5,2,2,8,0,3,0
45860,4071,0.0,4.0,0.0,7,1,1,2,5,1,1,0
46521,1067,0.0,4.0,1.0,8,4,1,1,7,0,1,0
46543,2582,0.0,6.0,0.0,3,1,1,1,2,0,1,0
48036,3734,0.0,0.0,0.0,4,1,1,1,2,1,1,0
48699,794,0.0,0.0,0.0,43,16,3,2,41,0,1,1
49307,514,0.0,4.0,1.0,8,1,1,2,6,0,1,1
50260,2173,0.0,5.0,0.0,4,1,1,2,3,0,1,0
50392,2284,0.0,5.0,2.0,1,1,1,1,0,0,1,0
50566,4170,1.0,4.0,0.0,8,2,1,2,5,0,3,0
50653,191,0.0,4.0,0.0,7,1,1,1,4,0,3,0
50812,962,0.0,0.0,0.0,5,1,1,1,4,0,1,0
51207,4322,0.0,0.0,0.0,16,2,1,3,14,0,1,1
51641,1102,0.0,0.0,0.0,526,6,4,2,524,0,1,1
52445,1340,0.0,0.0,0.0,5,2,2,1,3,0,2,0
5302,4392,0.0,0.0,0.0,2,1,1,2,0,0,1,1
53659,643,0.0,0.0,0.0,59,32,6,9,46,0,2,11
53915,4090,0.0,6.0,0.0,24,7,1,6,21,0,2,1
54029,246,0.0,4.0,0.0,17,4,2,1,15,0,2,0
54276,946,0.0,5.0,0.0,1,1,1,1,0,0,1,0
54719,773,0.0,2.0,0.0,7,6,2,2,5,0,1,1
55171,773,0.0,3.0,0.0,64,31,19,9,58,0,5,1
5528,132,0.0,0.0,0.0,3,2,1,1,2,0,1,0
55847,915,0.0,4.0,0.0,9,3,2,1,8,0,1,0
55898,1538,0.0,0.0,1.0,5,1,1,2,3,0,1,1
55971,4471,0.0,2.0,0.0,7,2,1,1,6,0,1,0
55972,2981,0.0,0.0,0.0,1,1,1,1,0,0,1,0
55995,2821,0.0,3.0,1.0,3,1,1,1,2,0,1,0
56296,3088,0.0,2.0,0.0,11,1,1,1,7,0,4,0
57278,1356,0.0,3.0,1.0,3,1,1,1,2,0,1,0
58481,4966,0.0,3.0,0.0,2,1,1,1,1,0,1,0
59078,1393,0.0,4.0,0.0,24,14,4,2,22,0,2,0
59257,1200,0.0,5.0,1.0,4,2,2,1,3,0,1,0
61259,168,0.0,4.0,0.0,22,8,4,3,19,0,3,0
61410,4287,0.0,5.0,1.0,8,4,4,1,5,0,3,0
61688,2193,0.0,4.0,0.0,1,1,1,1,0,0,1,0
61727,3640,0.0,5.0,0.0,11,8,3,1,9,0,2,0
61753,1740,1.0,0.0,1.0,2,1,1,1,1,0,1,0
6189,1393,0.0,6.0,0.0,8,1,1,1,7,0,1,0
6214,798,0.0,0.0,0.0,18,4,3,4,14,0,1,3
62284,2768,0.0,2.0,0.0,5,1,1,3,3,0,1,1
62785,2583,0.0,4.0,0.0,14,3,2,3,13,0,1,0
62981,587,0.0,4.0,2.0,9,3,1,1,8,0,1,0
640,1833,0.0,6.0,0.0,6,2,1,1,5,0,1,0
6404,3965,0.0,4.0,1.0,1,1,1,1,0,0,1,0
64041,4829,0.0,0.0,0.0,6,1,1,1,5,0,1,0
64105,1353,0.0,6.0,1.0,3,1,1,1,2,0,1,0
64316,4140,0.0,4.0,0.0,3,2,1,2,2,0,1,0
64393,798,0.0,3.0,1.0,6,3,2,3,4,0,2,0
64447,1079,0.0,null,null,7,6,1,2,6,0,1,0
64466,773,0.0,4.0,0.0,25,14,6,5,24,0,1,0
64528,2052,0.0,0.0,0.0,4,1,1,4,3,0,1,0
6488,2910,0.0,6.0,0.0,4,1,1,2,3,0,1,0
64919,2579,0.0,6.0,1.0,9,4,2,2,8,0,1,0
65074,611,0.0,0.0,1.0,6,2,2,1,5,0,1,0
65555,2459,0.0,0.0,0.0,1,1,1,1,0,0,1,0
66018,946,0.0,6.0,0.0,3,2,2,1,2,0,1,0
66594,4536,0.0,0.0,1.0,2,1,1,1,1,0,1,0
66783,4701,0.0,2.0,0.0,4,1,1,2,2,1,1,0
67060,4950,0.0,0.0,0.0,4,2,1,1,3,0,1,0
67368,4848,0.0,6.0,0.0,19,10,3,2,18,0,1,0
67400,1943,0.0,4.0,1.0,6,4,3,2,5,0,1,0
67720,1761,0.0,0.0,0.0,1,1,1,1,0,0,1,0
67963,1673,0.0,0.0,0.0,4,1,1,2,3,0,1,0
68741,1910,0.0,3.0,0.0,21,4,2,4,18,0,1,2
68773,606,0.0,6.0,1.0,17,12,4,1,16,0,1,0
70490,1226,0.0,null,null,1,1,1,1,0,0,1,0
70542,3734,1.0,3.0,1.0,4,2,2,3,3,0,1,0
70712,2565,0.0,4.0,null,4,4,1,1,0,0,4,0
7081,1923,0.0,5.0,0.0,9,1,1,2,7,0,1,1
71244,4234,0.0,5.0,0.0,26,5,4,7,25,0,1,0
7141,3675,0.0,3.0,0.0,11,4,3,2,7,0,1,3
72157,1890,0.0,0.0,0.0,49,16,5,9,41,0,1,7
72234,960,0.0,2.0,0.0,1,1,1,1,0,0,1,0
72385,2011,0.0,3.0,0.0,6,4,3,1,5,0,1,0
72437,2594,0.0,0.0,0.0,17,7,1,4,16,0,1,0
72493,3835,0.0,3.0,0.0,2,1,1,1,1,0,1,0
72663,1166,0.0,3.0,0.0,2,1,1,1,1,0,1,0
73716,1203,0.0,0.0,0.0,4,1,1,1,3,0,1,0
74098,4992,0.0,0.0,1.0,8,2,1,1,7,0,1,0
74431,2669,0.0,0.0,0.0,14,4,1,1,13,0,1,0
74901,1557,0.0,0.0,1.0,10,4,1,2,8,0,1,1
7492,4431,0.0,0.0,1.0,30,8,1,4,29,0,1,0
7522,4976,0.0,3.0,0.0,10,5,4,4,9,0,1,0
75388,1742,0.0,0.0,0.0,19,8,1,2,15,0,1,3
75854,1467,0.0,4.0,0.0,5,1,1,2,3,0,1,1
75892,4841,0.0,6.0,1.0,5,1,1,1,4,0,1,0
76257,4545,0.0,6.0,0.0,7,1,1,2,5,0,1,1
76290,10,0.0,4.0,0.0,2,1,1,1,1,0,1,0
7631,798,0.0,2.0,0.0,10,6,6,5,9,0,1,0
76570,1557,0.0,2.0,1.0,50,15,5,6,45,2,1,2
7680,10,0.0,2.0,1.0,2,1,1,1,1,0,1,0
76949,742,0.0,0.0,0.0,6,2,1,3,4,0,1,1
77145,236,1.0,5.0,0.0,3,1,1,1,1,0,1,1
77918,4600,0.0,3.0,0.0,3,1,1,1,2,0,1,0
78051,1340,0.0,6.0,0.0,2,1,1,1,1,0,1,0
78343,4768,0.0,7.0,0.0,2,1,1,1,1,0,1,0
78484,798,0.0,4.0,1.0,2,2,2,2,1,0,1,0
78548,4846,0.0,4.0,0.0,2,1,1,1,1,0,1,0
78656,1708,0.0,4.0,0.0,7,3,1,2,6,0,1,0
78675,1602,0.0,2.0,0.0,4,1,1,1,3,0,1,0
79234,1126,0.0,6.0,0.0,17,4,3,4,15,0,2,0
79281,4540,0.0,4.0,0.0,15,5,2,1,13,0,2,0
79403,1833,0.0,0.0,0.0,3,1,1,1,2,0,1,0
79708,1090,0.0,6.0,0.0,48,14,3,5,38,0,4,6
79802,2031,1.0,5.0,0.0,8,3,2,1,6,0,1,1
80440,479,0.0,6.0,0.0,2,1,1,1,1,0,1,0
80468,1049,0.0,0.0,1.0,1,1,1,1,0,0,1,0
80719,1916,0.0,6.0,1.0,5,2,2,1,3,0,2,0
80777,3941,0.0,5.0,0.0,4,2,2,2,3,0,1,0
80852,3609,0.0,0.0,0.0,12,5,1,2,11,0,1,0
81426,2636,0.0,5.0,1.0,22,7,2,3,17,0,1,4
82203,2124,0.0,0.0,0.0,12,4,1,1,10,0,2,0
82343,102,0.0,0.0,0.0,8,1,1,1,7,0,1,0
82372,1708,0.0,4.0,0.0,2,1,1,1,1,0,1,0
82434,2278,0.0,3.0,0.0,27,8,3,3,21,0,3,3
82877,4818,0.0,4.0,0.0,7,2,2,4,5,0,1,1
83078,1840,0.0,0.0,1.0,3,1,1,1,2,0,1,0
83228,3108,0.0,2.0,0.0,6,1,1,1,5,0,1,0
83857,3941,0.0,5.0,1.0,14,4,2,5,12,0,2,0
84021,4287,0.0,0.0,0.0,5,3,2,2,4,0,1,0
8421,3578,0.0,3.0,1.0,3,1,1,1,2,0,1,0
84290,2639,0.0,6.0,0.0,7,1,1,2,5,0,2,0
85411,2128,0.0,3.0,0.0,2,1,1,2,0,0,1,1
86055,1274,0.0,4.0,1.0,2,1,1,2,1,0,1,0
86359,168,0.0,4.0,0.0,21,9,2,1,16,0,5,0
86573,1854,0.0,2.0,0.0,3,1,1,2,1,0,1,1
87486,2318,0.0,6.0,0.0,14,4,1,3,13,0,1,0
87597,1096,0.0,4.0,0.0,4,1,1,1,3,0,1,0
87686,4173,0.0,3.0,0.0,18,9,5,3,16,0,1,1
88370,897,0.0,4.0,0.0,1,1,1,1,0,0,1,0
88495,2108,0.0,5.0,0.0,3,1,1,3,1,0,1,1
88597,1892,0.0,3.0,0.0,4,1,1,1,3,0,1,0
89481,24,0.0,0.0,0.0,3,1,1,1,2,0,1,0
89612,2011,0.0,3.0,1.0,4,1,1,1,3,0,1,0
89682,3080,0.0,0.0,1.0,4,1,1,1,3,0,1,0
89702,3445,0.0,3.0,0.0,3,1,1,1,2,0,1,0
89948,2031,0.0,4.0,0.0,3,1,1,1,2,0,1,0
89955,960,1.0,0.0,0.0,5,1,1,3,4,0,1,0
90459,2872,0.0,8.0,1.0,52,31,19,1,48,0,4,0
90544,598,0.0,2.0,1.0,6,2,1,2,5,0,1,0
90685,1013,0.0,4.0,0.0,19,4,2,4,18,0,1,0
90885,523,0.0,3.0,0.0,6,1,1,2,5,0,1,0
90891,2559,1.0,4.0,0.0,7,5,3,2,5,0,2,0
9155,1923,0.0,6.0,1.0,3,1,1,1,2,0,1,0
9214,4976,0.0,4.0,0.0,12,3,2,3,8,0,2,2
92706,1704,0.0,5.0,0.0,6,2,1,2,5,0,1,0
93187,4864,0.0,0.0,0.0,3,1,1,1,2,0,1,0
93347,2273,0.0,0.0,0.0,5,1,1,1,4,0,1,0
93628,4043,0.0,2.0,0.0,8,2,2,2,5,0,1,2
93768,4044,0.0,0.0,0.0,1,1,1,1,0,0,1,0
94098,4813,0.0,0.0,1.0,4,1,1,1,3,0,1,0
94113,2811,0.0,2.0,1.0,2,1,1,2,1,0,1,0
94447,3134,0.0,3.0,0.0,1,1,1,1,0,0,1,0
9527,4079,0.0,3.0,1.0,3,1,1,1,1,0,2,0
95686,1659,0.0,6.0,0.0,4,1,1,1,3,0,1,0
96276,2879,0.0,5.0,0.0,2,1,1,2,1,0,1,0
96353,4966,0.0,4.0,1.0,5,2,2,2,4,0,1,0
96940,141,0.0,3.0,0.0,1,1,1,1,0,0,1,0
96947,3828,1.0,5.0,0.0,16,15,7,10,13,0,1,2
97453,278,0.0,5.0,0.0,10,3,2,3,9,0,1,0
97497,1918,0.0,4.0,0.0,49,16,3,12,40,0,2,7
97912,3828,0.0,4.0,0.0,6,4,2,2,5,0,1,0
98048,1487,0.0,6.0,1.0,53,21,1,2,50,0,1,2
98227,3936,0.0,0.0,1.0,3,2,1,1,2,0,1,0
98811,1203,0.0,0.0,0.0,1,1,1,1,0,0,1,0
9886,2854,0.0,0.0,0.0,3,1,1,1,2,0,1,0
99141,4933,0.0,4.0,0.0,29,10,1,3,26,0,3,0
99482,503,0.0,4.0,0.0,4,1,1,1,2,0,2,0
99876,1890,0.0,5.0,1.0,19,8,2,2,18,0,1,0
99897,4044,0.0,2.0,0.0,24,17,5,2,22,0,2,0
