100060,2349,0.0,2.0,1.0,1,1,1,1,0,0,1,0
100523,4976,0.0,0.0,0.0,5,3,2,2,4,0,1,0
100632,2721,0.0,4.0,1.0,5,2,1,1,4,0,1,0
100817,1816,0.0,5.0,1.0,4,1,1,1,3,0,1,0
100899,2108,0.0,2.0,1.0,2,1,1,2,0,1,1,0
10116,1679,0.0,5.0,0.0,10,6,3,2,8,0,2,0
101651,4858,0.0,2.0,0.0,6,2,1,1,5,0,1,0
102484,4280,0.0,2.0,0.0,5,1,1,1,4,0,1,0
102764,1346,0.0,4.0,1.0,7,2,1,2,6,0,1,0
103625,742,0.0,3.0,0.0,15,3,1,4,14,0,1,0
103719,4115,0.0,2.0,0.0,11,2,1,3,9,1,1,0
103778,4351,0.0,3.0,1.0,7,3,3,1,6,0,1,0
104155,1502,0.0,0.0,0.0,10,4,3,1,7,0,3,0
104417,4385,0.0,4.0,1.0,7,1,1,1,6,0,1,0
104915,3301,0.0,2.0,0.0,8,3,2,2,6,0,2,0
105135,4783,0.0,4.0,0.0,3,1,1,2,1,0,1,1
105158,4926,0.0,4.0,1.0,21,2,2,1,19,0,2,0
10536,3828,0.0,0.0,0.0,3,1,1,1,2,0,1,0
10548,4048,1.0,3.0,0.0,7,2,1,1,6,0,1,0
105589,396,0.0,2.0,0.0,9,1,1,1,8,0,1,0
105762,20,0.0,6.0,0.0,7,2,1,4,6,0,1,0
105938,148,0.0,3.0,0.0,12,3,2,4,9,0,2,1
106200,1678,0.0,3.0,0.0,2,1,1,1,0,0,2,0
106428,4697,0.0,5.0,0.0,17,2,1,4,15,0,1,1
106549,4858,0.0,5.0,0.0,4,1,1,1,3,0,1,0
106650,643,0.0,1.0,0.0,3,3,1,1,0,0,3,0
106755,4357,0.0,2.0,0.0,8,5,2,1,7,0,1,0
106784,3682,0.0,3.0,1.0,4,1,1,1,3,0,1,0
106841,2900,0.0,5.0,0.0,2,1,1,1,1,0,1,0
107217,4469,0.0,3.0,0.0,5,2,2,3,4,0,1,0
107306,4536,0.0,2.0,0.0,5,3,1,1,4,0,1,0
107361,4170,0.0,4.0,0.0,6,3,1,1,5,0,1,0
107476,4322,0.0,3.0,null,1,1,1,1,0,0,1,0
107697,1352,0.0,0.0,0.0,6,1,1,1,5,0,1,0
107987,3062,0.0,5.0,0.0,11,6,3,1,9,0,2,0
107995,423,0.0,0.0,0.0,1,1,1,1,0,0,1,0
108454,4744,0.0,2.0,0.0,50,19,3,4,46,3,1,0
108730,1900,0.0,2.0,0.0,2,1,1,1,1,0,1,0
109032,354,0.0,4.0,1.0,2,1,1,1,1,0,1,0
109088,3473,0.0,6.0,0.0,4,1,1,2,3,0,1,0
109267,2664,0.0,0.0,0.0,27,19,1,1,26,0,1,0
110226,1816,0.0,6.0,1.0,3,2,2,1,2,0,1,0
11025,3614,0.0,4.0,0.0,4,1,1,1,3,0,1,0
110633,2124,0.0,4.0,0.0,5,3,1,1,4,0,1,0
110883,1892,0.0,4.0,0.0,11,6,3,3,5,0,3,3
111649,4571,0.0,3.0,1.0,11,6,3,2,10,0,1,0
113457,598,0.0,3.0,0.0,4,1,1,1,3,0,1,0
1135,897,0.0,4.0,2.0,6,3,2,1,5,0,1,0
113519,1454,0.0,5.0,0.0,1,1,1,1,0,0,1,0
113777,1520,0.0,0.0,0.0,4,1,1,1,3,0,1,0
114276,4847,0.0,3.0,1.0,3,1,1,1,2,0,1,0
114550,3288,0.0,5.0,0.0,3,1,1,1,2,0,1,0
114744,3578,0.0,6.0,0.0,17,9,2,3,16,0,1,0
114807,3578,0.0,7.0,0.0,12,5,2,3,9,0,3,0
11531,1216,0.0,4.0,0.0,8,2,1,2,5,0,2,1
115846,3979,0.0,4.0,1.0,9,3,2,1,8,0,1,0
116237,4768,0.0,2.0,0.0,20,15,2,3,18,0,1,1
116498,2537,0.0,3.0,0.0,3,2,2,1,2,0,1,0
11686,4406,0.0,3.0,0.0,2,1,1,1,1,0,1,0
117476,289,0.0,0.0,0.0,2,1,1,1,1,0,1,0
117571,2639,0.0,6.0,0.0,2,2,2,1,0,0,2,0
11784,4678,0.0,null,null,6,1,1,1,5,0,1,0
118233,3554,0.0,3.0,1.0,15,9,4,1,12,0,3,0
118246,522,0.0,6.0,0.0,13,1,1,4,11,0,1,1
118270,3159,0.0,2.0,0.0,5,4,3,2,4,0,1,0
118543,2141,0.0,0.0,0.0,6,2,1,1,4,1,1,0
118694,673,0.0,0.0,0.0,4,2,2,1,3,0,1,0
118752,1487,0.0,3.0,1.0,25,5,1,4,24,0,1,0
118771,4985,0.0,0.0,1.0,4,1,1,2,3,0,1,0
119179,4282,0.0,3.0,1.0,13,10,4,1,12,0,1,0
119193,3148,0.0,6.0,0.0,4,3,1,1,3,0,1,0
119554,3181,0.0,2.0,0.0,7,4,2,1,6,0,1,0
119650,951,0.0,4.0,0.0,4,1,1,1,3,0,1,0
119958,2309,0.0,0.0,0.0,10,1,1,1,9,0,1,0
12022,4129,0.0,3.0,0.0,2,2,1,1,0,0,2,0
120280,1884,0.0,4.0,0.0,7,2,1,3,6,0,1,0
120282,4480,1.0,5.0,0.0,24,15,3,3,23,0,1,0
120333,718,0.0,0.0,0.0,10,5,2,1,8,0,2,0
120446,4605,0.0,0.0,0.0,5,2,2,1,3,0,2,0
120610,2745,1.0,3.0,0.0,14,5,5,6,13,0,1,0
120721,2939,0.0,6.0,1.0,9,3,2,1,8,0,1,0
121406,2138,0.0,4.0,0.0,8,4,3,3,3,0,4,1
121729,669,0.0,6.0,0.0,36,16,4,4,35,0,1,0
1221,4659,0.0,4.0,0.0,1,1,1,1,0,0,1,0
122141,598,0.0,3.0,1.0,17,2,1,6,16,0,1,0
122958,3984,0.0,0.0,0.0,26,10,4,5,25,0,1,0
123335,1204,0.0,3.0,1.0,10,4,1,1,9,0,1,0
123358,2273,0.0,4.0,2.0,1,1,1,1,0,0,1,0
123424,4118,0.0,4.0,0.0,1,1,1,1,0,0,1,0
123585,4659,0.0,0.0,0.0,19,5,2,3,18,0,1,0
123824,3905,0.0,6.0,0.0,10,2,1,2,8,0,1,1
124189,3480,0.0,2.0,0.0,1,1,1,1,0,0,1,0
12434,4475,0.0,null,null,1,1,1,1,0,0,1,0
124686,862,0.0,4.0,0.0,31,12,4,1,26,0,5,0
125145,2237,0.0,5.0,0.0,16,3,1,2,15,0,1,0
126619,2036,0.0,0.0,1.0,3,1,1,1,2,0,1,0
126655,4044,0.0,0.0,2.0,1,1,1,1,0,0,1,0
127585,1377,0.0,2.0,0.0,3,1,1,1,2,0,1,0
127805,2954,0.0,4.0,0.0,11,4,2,4,5,0,2,4
127832,3528,0.0,0.0,0.0,70,33,8,12,65,0,1,4
128059,1557,0.0,2.0,1.0,4,1,1,2,3,0,1,0
128525,4864,0.0,4.0,0.0,6,2,2,2,4,0,2,0
128575,1749,0.0,4.0,0.0,3,1,1,1,2,0,1,0
128890,652,0.0,4.0,1.0,3,1,1,1,2,0,1,0
129521,2828,0.0,0.0,1.0,40,7,1,8,39,0,1,0
12964,1501,0.0,3.0,0.0,11,7,3,1,10,0,1,0
129696,66,0.0,0.0,0.0,14,2,1,2,12,0,1,1
130297,1978,0.0,0.0,1.0,1,1,1,1,0,0,1,0
130761,474,0.0,4.0,1.0,4,1,1,1,3,0,1,0
131050,1939,0.0,3.0,0.0,2,1,1,1,1,0,1,0
131182,4733,1.0,4.0,1.0,13,3,2,2,11,0,2,0
131280,4129,0.0,4.0,0.0,3,3,1,1,0,0,3,0
131341,2597,0.0,3.0,0.0,4,1,1,1,3,0,1,0
132819,4143,0.0,5.0,0.0,141,81,11,14,138,0,3,0
133055,2973,0.0,0.0,0.0,1,1,1,1,0,0,1,0
133966,159,0.0,5.0,0.0,28,9,3,3,25,0,3,0
134720,3640,0.0,2.0,1.0,34,1,1,3,31,0,2,1
135100,4173,0.0,3.0,0.0,16,8,5,2,14,0,2,0
135115,598,0.0,4.0,1.0,6,4,3,4,5,0,1,0
135337,3159,0.0,0.0,0.0,7,4,3,1,4,0,3,0
135551,2128,0.0,3.0,0.0,5,2,2,1,4,0,1,0
13569,3206,0.0,3.0,0.0,1,1,1,1,0,0,1,0
135956,301,1.0,3.0,0.0,5,1,1,1,4,0,1,0
136063,2318,0.0,3.0,2.0,3,1,1,1,2,0,1,0
136099,1890,0.0,3.0,1.0,5,1,1,2,4,0,1,0
136219,467,0.0,3.0,1.0,1,1,1,1,0,0,1,0
136342,2821,0.0,2.0,0.0,25,1,1,4,24,0,1,0
136761,1892,0.0,4.0,0.0,149,80,15,4,148,0,1,0
136784,1062,0.0,0.0,1.0,1,1,1,1,0,0,1,0
137007,4826,0.0,0.0,1.0,3,1,1,1,1,0,2,0
13770,4847,0.0,3.0,1.0,49,35,13,8,43,0,1,5
138122,1502,0.0,5.0,0.0,3,1,1,1,2,0,1,0
138369,3205,0.0,0.0,0.0,24,3,1,4,23,0,1,0
13858,2730,0.0,0.0,0.0,3,1,1,1,2,0,1,0
139682,4336,0.0,3.0,1.0,12,2,1,1,11,0,1,0
139869,3910,0.0,2.0,0.0,2,1,1,1,1,0,1,0
140213,1749,0.0,3.0,0.0,3,1,1,2,2,0,1,0
140305,2592,0.0,0.0,0.0,3,1,1,1,2,0,1,0
140661,4648,0.0,2.0,0.0,3,1,1,1,2,0,1,0
14122,685,0.0,2.0,1.0,5,1,1,1,4,0,1,0
14133,4044,0.0,3.0,0.0,38,22,11,11,31,0,1,6
141630,3173,0.0,2.0,1.0,2,1,1,1,0,0,2,0
14260,2883,0.0,6.0,0.0,12,3,1,1,11,0,1,0
142814,4358,0.0,3.0,0.0,5,2,2,1,4,0,1,0
142834,4662,1.0,0.0,0.0,4,1,1,1,2,0,2,0
143904,4143,0.0,5.0,0.0,38,27,8,5,36,0,2,0
144217,1495,1.0,4.0,0.0,18,6,3,2,14,0,4,0
144275,4408,0.0,3.0,1.0,16,6,2,5,13,0,1,2
144364,310,0.0,3.0,0.0,8,2,2,1,6,0,2,0
145205,1103,1.0,6.0,0.0,8,1,1,2,7,0,1,0
145598,2447,0.0,2.0,0.0,4,1,1,1,3,0,1,0
146128,2972,0.0,3.0,0.0,2,1,1,1,1,0,1,0
14620,946,0.0,3.0,0.0,24,13,3,3,22,0,2,0
14628,4976,0.0,2.0,0.0,46,20,6,4,43,0,2,1
146584,515,0.0,6.0,0.0,2,1,1,1,1,0,1,0
146762,2273,0.0,2.0,0.0,9,3,1,2,8,0,1,0
146906,2928,0.0,3.0,1.0,11,3,1,1,10,0,1,0
147078,3885,0.0,6.0,0.0,1,1,1,1,0,0,1,0
147456,4198,0.0,8.0,0.0,11,2,1,4,9,0,1,1
147620,3614,0.0,0.0,0.0,4,2,1,2,3,0,1,0
147622,10,0.0,6.0,0.0,17,8,2,1,16,0,1,0
148036,3289,0.0,0.0,0.0,3,1,1,1,2,0,1,0
148244,4762,0.0,3.0,1.0,5,2,1,1,4,0,1,0
148272,2684,0.0,0.0,0.0,10,3,1,3,9,0,1,0
148375,3349,0.0,0.0,0.0,2,1,1,1,1,0,1,0
148762,1102,0.0,4.0,0.0,8,2,1,1,7,0,1,0
148795,3578,0.0,5.0,0.0,4,4,2,2,3,0,1,0
149224,1618,0.0,6.0,0.0,13,1,1,3,12,0,1,0
150339,4847,0.0,2.0,0.0,13,4,1,1,11,0,2,0
150392,1423,0.0,2.0,0.0,18,7,2,3,15,0,3,0
150704,4170,0.0,4.0,0.0,14,4,1,2,9,0,5,0
15114,4659,0.0,3.0,0.0,2,2,2,1,0,0,2,0
151337,3007,0.0,0.0,0.0,1,1,1,1,0,0,1,0
151388,2821,0.0,3.0,1.0,5,1,1,3,3,0,1,1
151428,1892,0.0,0.0,0.0,31,14,5,4,28,0,2,1
152104,738,0.0,4.0,0.0,3,1,1,1,2,0,1,0
15219,3961,0.0,3.0,null,4,1,1,1,3,0,1,0
152302,4173,0.0,0.0,0.0,9,2,2,1,7,0,2,0
152820,4044,0.0,3.0,0.0,1,1,1,1,0,0,1,0
153004,4427,0.0,2.0,0.0,5,2,1,1,4,0,1,0
153292,4044,0.0,4.0,0.0,1,1,1,1,0,0,1,0
153442,1704,0.0,6.0,0.0,20,9,1,1,19,0,1,0
153702,4733,0.0,5.0,0.0,6,3,2,1,5,0,1,0
154056,2140,0.0,0.0,0.0,10,6,1,1,8,0,2,0
154176,3984,0.0,3.0,1.0,3,3,2,1,1,0,2,0
154276,1968,0.0,4.0,1.0,1,1,1,1,0,0,1,0
154639,2598,0.0,6.0,0.0,4,1,1,4,1,0,1,2
15497,654,0.0,4.0,0.0,16,5,1,4,11,0,2,3
155255,4850,0.0,5.0,1.0,31,21,9,2,29,0,2,0
156333,2869,0.0,0.0,0.0,2,1,1,1,1,0,1,0
156605,4044,0.0,3.0,0.0,1,1,1,1,0,0,1,0
156829,1408,0.0,3.0,1.0,9,5,1,2,8,0,1,0
156975,4043,0.0,0.0,0.0,3,2,2,2,2,0,1,0
156986,1923,0.0,3.0,1.0,3,1,1,1,2,0,1,0
15749,2136,0.0,6.0,0.0,26,11,1,2,24,1,1,0
157809,215,0.0,2.0,1.0,2,1,1,1,1,0,1,0
158192,2668,0.0,3.0,0.0,3,1,1,1,2,0,1,0
158875,3965,0.0,2.0,0.0,3,2,1,1,2,0,1,0
159161,4955,0.0,2.0,0.0,5,1,1,3,3,0,1,1
159267,4044,0.0,3.0,0.0,66,27,4,1,63,0,3,0
159574,594,0.0,2.0,1.0,3,1,1,1,2,0,1,0
159708,1821,0.0,0.0,0.0,2,1,1,1,1,0,1,0
1601,2273,0.0,4.0,1.0,2,1,1,2,1,0,1,0
160112,1816,0.0,3.0,0.0,8,3,2,2,7,0,1,0
160150,1749,0.0,3.0,0.0,5,2,2,1,4,0,1,0
160190,234,0.0,5.0,0.0,3,1,1,2,2,0,1,0
160578,4427,0.0,2.0,1.0,4,1,1,2,1,0,2,1
160732,1923,0.0,2.0,0.0,2,1,1,1,1,0,1,0
160935,98,0.0,0.0,0.0,7,1,1,6,6,0,1,0
161163,4170,0.0,5.0,0.0,7,2,1,1,5,0,2,0
161263,3016,0.0,4.0,0.0,2,1,1,1,1,0,1,0
161553,1892,0.0,3.0,0.0,4,3,3,2,2,0,2,0
161683,2821,0.0,4.0,0.0,2,1,1,1,1,0,1,0
162393,3580,0.0,5.0,0.0,3,1,1,1,2,0,1,0
162927,4067,0.0,0.0,0.0,2,1,1,1,1,0,1,0
163182,4137,0.0,0.0,0.0,6,1,1,2,5,0,1,0
163539,4648,0.0,3.0,0.0,21,12,5,2,19,0,2,0
1636,4287,0.0,5.0,0.0,2,1,1,1,1,0,1,0
163695,2020,0.0,5.0,0.0,9,4,2,1,5,0,4,0
164403,3769,0.0,4.0,1.0,5,1,1,2,4,0,1,0
16492,2031,0.0,0.0,0.0,11,3,3,1,9,0,2,0
164984,3472,0.0,3.0,0.0,5,1,1,1,4,0,1,0
165030,4043,0.0,0.0,0.0,7,6,5,1,6,0,1,0
165094,424,0.0,0.0,0.0,4,1,1,1,3,0,1,0
166924,4270,0.0,4.0,0.0,4,1,1,1,3,0,1,0
167170,4642,0.0,3.0,1.0,4,3,2,1,3,0,1,0
16725,2138,0.0,7.0,0.0,1,1,1,1,0,0,1,0
167784,1487,0.0,3.0,0.0,4,3,1,4,0,0,1,3
167903,4394,0.0,5.0,0.0,9,2,1,1,4,0,5,0
16832,2727,0.0,2.0,0.0,5,3,3,1,3,0,1,1
168990,1056,0.0,3.0,0.0,17,7,2,3,14,0,2,1
169012,4049,0.0,3.0,1.0,27,12,4,4,17,0,3,7
169175,598,0.0,2.0,1.0,12,9,3,5,11,0,1,0
169193,3878,0.0,0.0,1.0,6,3,1,2,5,0,1,0
169413,1203,0.0,5.0,0.0,5,4,3,1,4,0,1,0
169857,2582,0.0,2.0,0.0,4,3,2,1,3,0,1,0
16999,1077,0.0,4.0,1.0,7,4,2,1,5,0,2,0
169993,121,0.0,5.0,2.0,13,7,2,2,6,0,2,5
17064,2821,0.0,4.0,0.0,7,3,1,1,6,0,1,0
171462,4322,0.0,0.0,0.0,12,2,1,3,11,0,1,0
171663,3462,0.0,3.0,0.0,8,2,2,1,6,0,2,0
172671,351,0.0,3.0,2.0,7,1,1,3,5,0,1,1
17278,1875,0.0,0.0,0.0,3,1,1,1,2,0,1,0
173352,2709,0.0,4.0,1.0,4,1,1,2,3,0,1,0
173444,1272,0.0,6.0,0.0,8,1,1,3,5,0,2,1
173675,2066,0.0,4.0,1.0,1,1,1,1,0,0,1,0
173728,2767,0.0,0.0,null,7,2,1,1,6,0,1,0
173895,4760,0.0,0.0,1.0,6,2,2,5,5,0,1,0
17397,1203,0.0,2.0,0.0,9,3,3,1,6,0,3,0
174153,1056,0.0,0.0,2.0,17,7,2,3,16,0,1,0
174550,1346,0.0,3.0,1.0,14,5,1,3,11,0,2,1
174912,3619,0.0,0.0,1.0,4,1,1,1,3,0,1,0
175187,4836,0.0,3.0,0.0,8,2,1,1,7,0,1,0
175269,114,0.0,7.0,1.0,10,5,4,1,9,0,1,0
175746,2721,0.0,4.0,0.0,7,3,2,1,6,0,1,0
17663,4579,0.0,3.0,1.0,13,7,1,1,11,0,2,0
176730,1892,0.0,0.0,0.0,15,6,3,1,13,0,2,0
177046,2745,0.0,3.0,1.0,5,4,1,1,4,0,1,0
177144,234,0.0,0.0,0.0,7,2,2,1,5,0,2,0
177289,443,0.0,0.0,1.0,5,1,1,1,4,0,1,0
177335,608,0.0,5.0,0.0,31,10,3,3,26,0,5,0
177933,608,0.0,0.0,0.0,10,5,1,3,9,0,1,0
178516,4039,0.0,3.0,0.0,4,1,1,1,3,0,1,0
178935,168,0.0,4.0,0.0,6,2,2,1,4,0,1,1
179907,3073,0.0,3.0,1.0,4,1,1,1,3,0,1,0
180009,1352,1.0,5.0,0.0,30,10,2,2,28,0,2,0
180261,3484,1.0,5.0,1.0,20,11,2,5,19,0,1,0
180343,1412,0.0,3.0,0.0,23,8,1,2,20,0,3,0
180646,4605,0.0,2.0,0.0,12,4,3,6,9,0,2,1
180946,35,0.0,0.0,1.0,6,5,1,1,5,0,1,0
181661,1346,0.0,2.0,0.0,2,1,1,1,1,0,1,0
182677,594,0.0,3.0,0.0,5,1,1,1,4,0,1,0
182718,1642,0.0,2.0,0.0,3,1,1,1,2,0,1,0
183303,3828,0.0,0.0,0.0,10,7,3,1,9,0,1,0
183909,1200,0.0,4.0,0.0,12,1,1,1,9,0,3,0
183933,630,0.0,4.0,0.0,94,45,14,16,83,0,1,10
184134,3068,0.0,2.0,1.0,2,1,1,1,1,0,1,0
184309,2167,0.0,0.0,0.0,5,2,1,1,4,0,1,0
18452,897,0.0,3.0,1.0,9,4,3,1,8,0,1,0
184617,2711,0.0,6.0,0.0,8,5,1,3,7,0,1,0
184795,738,0.0,2.0,0.0,1,1,1,1,0,0,1,0
184869,2217,0.0,0.0,0.0,3,1,1,1,2,0,1,0
185160,4976,0.0,0.0,0.0,63,18,8,9,58,0,1,4
185387,941,0.0,0.0,1.0,4,2,1,2,3,0,1,0
185429,1203,0.0,0.0,1.0,6,4,2,2,5,0,1,0
185709,3239,0.0,0.0,0.0,5,3,1,1,4,0,1,0
185853,1760,0.0,4.0,0.0,3,1,1,3,2,0,1,0
186245,1167,0.0,0.0,1.0,5,2,2,2,3,0,2,0
186510,4765,0.0,4.0,0.0,3,1,1,1,2,0,1,0
186841,3979,0.0,3.0,0.0,1,1,1,1,0,0,1,0
186842,3769,0.0,0.0,1.0,8,1,1,1,7,0,1,0
18701,3971,0.0,3.0,0.0,5,3,1,1,4,0,1,0
187316,4605,0.0,4.0,1.0,8,3,3,1,5,0,3,0
187776,168,0.0,4.0,0.0,17,11,5,2,10,0,6,1
188249,2700,0.0,5.0,1.0,41,14,7,7,37,0,1,3
188626,2447,0.0,4.0,0.0,6,2,2,1,4,0,2,0
188658,3734,0.0,3.0,1.0,20,4,1,4,17,0,1,2
188722,2943,0.0,2.0,1.0,28,13,1,10,26,0,1,1
188810,4048,0.0,4.0,0.0,2,1,1,1,1,0,1,0
18925,437,0.0,4.0,0.0,30,18,3,5,28,0,2,0
18947,1704,0.0,3.0,1.0,3,1,1,1,2,0,1,0
189855,395,0.0,2.0,1.0,8,2,1,2,6,0,1,1
190038,4879,0.0,0.0,0.0,21,11,3,2,20,0,1,0
19015,1356,0.0,3.0,1.0,25,9,4,1,24,0,1,0
190196,4005,0.0,3.0,0.0,3,1,1,2,1,0,1,1
190549,4173,0.0,2.0,0.0,34,11,5,6,33,0,1,0
190728,2459,0.0,3.0,0.0,22,11,6,2,20,0,2,0
191156,4186,0.0,5.0,1.0,13,3,1,1,12,0,1,0
19154,1310,0.0,3.0,0.0,2,1,1,1,1,0,1,0
192018,1393,0.0,3.0,0.0,13,7,4,2,11,0,1,1
192319,4976,0.0,0.0,0.0,1,1,1,1,0,0,1,0
192382,1102,0.0,6.0,0.0,35,8,4,3,30,0,2,3
19361,2935,0.0,2.0,1.0,9,1,1,2,7,0,1,1
193901,2721,0.0,4.0,0.0,36,27,3,1,35,0,1,0
193952,2597,0.0,3.0,0.0,5,1,1,1,4,0,1,0
194419,66,0.0,2.0,1.0,4,3,1,2,0,0,1,3
194454,1298,0.0,3.0,1.0,9,6,2,1,8,0,1,0
195610,1102,0.0,4.0,0.0,3,1,1,1,2,0,1,0
196088,1393,0.0,6.0,1.0,11,4,1,2,10,0,1,0
196884,1851,0.0,2.0,0.0,26,5,4,2,23,0,3,0
197001,2273,0.0,0.0,1.0,7,2,1,1,6,0,1,0
197184,4705,0.0,0.0,0.0,3,1,1,1,2,0,1,0
197845,2173,0.0,6.0,0.0,6,3,1,1,5,0,1,0
197881,1574,0.0,2.0,0.0,10,2,1,1,4,0,5,1
197989,4589,0.0,0.0,0.0,2,1,1,1,1,0,1,0
198537,643,0.0,5.0,0.0,8,4,2,2,7,0,1,0
198727,3971,0.0,3.0,1.0,2,1,1,1,1,0,1,0
198863,1816,0.0,3.0,0.0,12,7,3,2,11,0,1,0
199092,1103,0.0,3.0,1.0,1,1,1,1,0,0,1,0
19938,4690,0.0,0.0,0.0,5,3,1,1,4,0,1,0
19942,2955,0.0,5.0,0.0,13,3,2,4,11,0,2,0
199739,1816,0.0,0.0,1.0,7,2,2,1,5,0,2,0
20043,4976,1.0,4.0,0.0,3,1,1,1,2,0,1,0
200564,2994,0.0,4.0,0.0,3,2,1,1,2,0,1,0
200584,3828,0.0,3.0,1.0,3,1,1,1,2,0,1,0
201121,2026,0.0,2.0,1.0,3,1,1,1,2,0,1,0
201502,67,0.0,3.0,0.0,3,1,1,1,2,0,1,0
201700,215,0.0,6.0,0.0,1,1,1,1,0,0,1,0
202127,1923,0.0,5.0,0.0,5,3,1,1,3,0,2,0
202292,1031,0.0,4.0,0.0,1,1,1,1,0,0,1,0
20254,1353,0.0,0.0,0.0,3,1,1,1,1,0,1,1
203606,3134,0.0,2.0,0.0,5,1,1,1,4,0,1,0
204591,1051,0.0,2.0,0.0,2,1,1,1,1,0,1,0
205916,4048,0.0,3.0,0.0,2,1,1,1,0,0,2,0
206020,1892,0.0,4.0,0.0,6,2,1,1,5,0,1,0
206174,3635,0.0,6.0,1.0,1,1,1,1,0,0,1,0
206457,3323,0.0,4.0,1.0,3,2,1,1,2,0,1,0
206517,4401,0.0,0.0,0.0,8,2,1,2,7,0,1,0
207106,3826,1.0,3.0,0.0,10,1,1,1,9,0,1,0
207366,1491,0.0,5.0,1.0,1,1,1,1,0,0,1,0
208023,4760,0.0,3.0,0.0,12,6,5,1,11,0,1,0
208046,4847,0.0,3.0,0.0,3,1,1,1,2,0,1,0
208109,1141,1.0,4.0,1.0,2,1,1,1,1,0,1,0
208257,882,0.0,6.0,1.0,4,2,1,2,3,0,1,0
209195,3460,0.0,3.0,0.0,2,1,1,1,1,0,1,0
209196,310,0.0,4.0,1.0,7,2,2,1,5,0,2,0
20940,4667,0.0,3.0,0.0,15,1,1,5,13,0,1,1
209476,3990,0.0,0.0,0.0,18,4,2,8,17,0,1,0
209481,361,0.0,0.0,0.0,11,6,3,3,9,0,2,0
21036,4536,0.0,3.0,1.0,6,1,1,3,3,0,2,1
210998,3448,0.0,0.0,0.0,6,1,1,1,5,0,1,0
211302,1721,0.0,0.0,0.0,3,2,1,3,2,0,1,0
211469,3971,0.0,3.0,1.0,14,8,1,2,12,0,2,0
211615,4659,0.0,null,null,29,13,9,3,23,0,6,0
212019,3828,0.0,6.0,0.0,19,8,5,3,18,0,1,0
212112,3159,0.0,2.0,0.0,7,4,2,1,6,0,1,0
21234,4129,0.0,3.0,0.0,1,1,1,1,0,0,1,0
21258,3063,0.0,4.0,0.0,19,17,3,6,18,0,1,0
212759,2102,0.0,3.0,0.0,2,1,1,1,1,0,1,0
212954,1704,0.0,6.0,0.0,115,49,7,12,113,0,2,0
213021,2950,0.0,3.0,0.0,2,1,1,1,1,0,1,0
213158,4433,0.0,2.0,1.0,4,1,1,1,3,0,1,0
213665,4882,0.0,3.0,1.0,18,4,2,7,17,0,1,0
213842,1978,0.0,3.0,null,5,2,1,1,3,0,2,0
213904,2031,0.0,null,null,4,2,1,1,2,0,2,0
214036,205,0.0,5.0,0.0,23,8,1,1,20,0,3,0
214153,967,0.0,7.0,0.0,4,1,1,1,3,0,1,0
214319,1945,0.0,6.0,0.0,27,17,6,1,25,0,2,0
214381,649,0.0,6.0,0.0,11,5,1,1,9,0,2,0
215022,4022,0.0,2.0,1.0,2,1,1,1,1,0,1,0
215527,474,1.0,5.0,0.0,14,7,7,2,8,0,6,0
215550,1892,0.0,4.0,1.0,8,5,2,2,7,0,1,0
215790,1923,0.0,0.0,0.0,8,3,1,2,7,0,1,0
215887,4607,0.0,6.0,0.0,4,2,1,1,3,0,1,0
216212,1370,0.0,6.0,0.0,20,2,1,1,19,0,1,0
216528,2008,0.0,4.0,0.0,6,1,1,1,5,0,1,0
216703,2217,0.0,0.0,0.0,6,4,1,1,5,0,1,0
21720,4469,0.0,6.0,0.0,18,4,1,5,16,0,1,1
217614,2935,0.0,2.0,0.0,6,3,2,2,4,0,1,1
218302,3623,0.0,0.0,1.0,4,1,1,1,3,0,1,0
218881,4234,0.0,5.0,0.0,15,8,5,3,12,0,3,0
219206,2594,0.0,0.0,0.0,17,11,5,3,16,0,1,0
21921,2158,0.0,4.0,0.0,9,2,2,4,7,0,1,1
219311,4955,0.0,3.0,0.0,35,9,6,3,33,0,2,0
219337,1162,0.0,5.0,0.0,25,10,3,4,21,0,4,0
219396,1890,0.0,5.0,0.0,2,1,1,1,1,0,1,0
219617,1145,0.0,5.0,0.0,18,8,1,1,17,0,1,0
220258,1102,0.0,3.0,1.0,8,5,2,1,6,0,2,0
22038,2277,0.0,0.0,1.0,9,2,2,2,8,0,1,0
221157,4198,0.0,2.0,0.0,7,2,1,2,6,0,1,0
221463,1487,0.0,6.0,0.0,11,2,1,5,8,0,1,2
22156,3152,0.0,4.0,0.0,24,9,1,4,22,0,2,0
222389,2278,1.0,0.0,0.0,8,4,3,1,6,0,2,0
222606,416,0.0,0.0,0.0,41,23,6,5,36,0,3,2
223082,326,0.0,0.0,0.0,12,1,1,4,10,0,1,1
223137,1916,0.0,6.0,0.0,1,1,1,1,0,0,1,0
223229,3392,0.0,3.0,1.0,16,8,1,1,15,0,1,0
223488,1102,0.0,5.0,1.0,19,14,4,1,17,0,2,0
223569,3349,0.0,3.0,0.0,10,6,1,2,8,0,1,1
223750,4048,0.0,6.0,1.0,2,1,1,1,1,0,1,0
223949,3826,0.0,2.0,1.0,4,1,1,1,3,0,1,0
223980,4500,0.0,3.0,0.0,3,1,1,2,2,0,1,0
224392,1618,0.0,null,null,16,3,3,2,12,0,2,2
224501,2745,0.0,2.0,1.0,26,4,3,3,20,0,1,5
224860,293,0.0,0.0,1.0,2,1,1,1,1,0,1,0
225036,3990,0.0,8.0,0.0,3,1,1,2,1,0,1,1
225075,1310,0.0,2.0,0.0,19,7,6,3,15,0,2,2
225256,1692,0.0,0.0,1.0,5,2,1,2,4,0,1,0
225480,1588,0.0,4.0,0.0,2,1,1,2,1,0,1,0
225759,2475,0.0,3.0,1.0,24,4,2,3,23,0,1,0
225786,1999,0.0,3.0,0.0,7,3,1,1,6,0,1,0
22592,4282,1.0,3.0,1.0,3,1,1,1,2,0,1,0
225937,63,0.0,3.0,1.0,5,1,1,1,4,0,1,0
226086,3073,1.0,6.0,1.0,13,4,1,1,12,0,1,0
226281,1275,0.0,4.0,1.0,6,1,1,1,5,0,1,0
226629,2234,0.0,5.0,0.0,6,1,1,1,4,0,1,1
226643,1203,0.0,0.0,0.0,3,1,1,1,2,0,1,0
226685,2795,0.0,3.0,1.0,6,1,1,3,5,0,1,0
227223,2873,0.0,3.0,0.0,14,8,3,3,13,0,1,0
227567,4401,0.0,2.0,1.0,4,3,1,1,3,0,1,0
227708,1885,0.0,0.0,0.0,10,2,2,2,8,0,2,0
227926,1291,0.0,6.0,1.0,2,1,1,1,1,0,1,0
227938,1679,0.0,4.0,0.0,11,6,2,2,9,0,2,0
229283,1885,0.0,7.0,0.0,4,1,1,2,3,0,1,0
229596,742,0.0,0.0,0.0,2,1,1,1,1,0,1,0
229779,2681,0.0,3.0,0.0,7,3,3,2,5,0,2,0
229780,2167,0.0,5.0,0.0,7,1,1,3,4,1,1,1
23001,4605,1.0,3.0,0.0,3,3,2,1,0,0,3,0
230204,2767,0.0,0.0,1.0,3,1,1,1,2,0,1,0
23024,2928,0.0,5.0,0.0,42,14,4,4,37,0,4,1
230829,4607,0.0,5.0,1.0,58,18,2,1,56,0,2,0
230835,4871,0.0,4.0,0.0,1,1,1,1,0,0,1,0
230948,4864,0.0,4.0,0.0,2,1,1,1,1,0,1,0
230973,2051,0.0,3.0,1.0,1,1,1,1,0,0,1,0
231020,1911,0.0,0.0,0.0,2,2,1,2,1,0,1,0
231682,1679,0.0,0.0,0.0,7,2,2,1,5,0,2,0
231773,3640,0.0,2.0,0.0,6,1,1,2,5,0,1,0
231985,1760,0.0,2.0,0.0,25,13,1,3,21,0,4,0
232912,1272,1.0,0.0,0.0,6,1,1,4,4,0,1,1
233198,390,0.0,4.0,0.0,16,7,2,1,15,0,1,0
233351,968,0.0,0.0,0.0,17,3,2,4,16,0,1,0
234059,4513,0.0,4.0,1.0,6,4,3,1,5,0,1,0
234263,2242,0.0,4.0,2.0,28,19,7,1,25,0,3,0
234451,4087,0.0,0.0,1.0,9,1,1,1,8,0,1,0
235236,1472,0.0,3.0,2.0,3,2,1,1,2,0,1,0
235528,2403,0.0,6.0,0.0,17,8,3,1,11,0,6,0
235931,2273,0.0,6.0,0.0,4,1,1,2,3,0,1,0
236401,2448,0.0,3.0,1.0,7,2,1,2,6,0,1,0
236827,423,0.0,5.0,0.0,4,1,1,1,3,0,1,0
237258,4993,0.0,3.0,0.0,12,4,1,3,11,0,1,0
237666,4871,0.0,3.0,0.0,14,3,1,2,10,0,2,2
238083,4048,0.0,0.0,0.0,3,1,1,1,2,0,1,0
238173,3956,0.0,3.0,0.0,10,9,6,2,9,0,1,0
238644,2022,0.0,3.0,1.0,3,1,1,1,2,0,1,0
238877,606,0.0,5.0,0.0,5,3,1,3,1,0,1,3
239130,1056,0.0,0.0,1.0,13,5,3,2,11,0,2,0
239240,2348,0.0,6.0,1.0,1,1,1,1,0,0,1,0
239264,3822,0.0,5.0,0.0,3,1,1,1,2,0,1,0
239286,4787,0.0,6.0,0.0,1,1,1,1,0,0,1,0
23965,1615,1.0,2.0,1.0,21,2,1,6,20,0,1,0
240161,2318,0.0,0.0,1.0,14,8,2,1,13,0,1,0
240211,1427,0.0,3.0,0.0,2,1,1,1,1,0,1,0
240893,1760,0.0,5.0,0.0,14,7,3,1,8,0,5,1
241311,3057,0.0,4.0,0.0,5,2,1,1,4,0,1,0
241766,3054,0.0,4.0,0.0,3,1,1,1,2,0,1,0
242270,3173,0.0,4.0,0.0,1,1,1,1,0,0,1,0
242320,4220,0.0,3.0,1.0,21,1,1,5,18,0,1,2
243148,3383,0.0,3.0,0.0,27,9,6,2,21,0,4,2
243358,1263,0.0,0.0,0.0,11,3,1,2,9,0,2,0
244451,1166,0.0,2.0,1.0,4,2,2,1,3,0,1,0
245226,2273,0.0,4.0,null,9,3,1,2,7,0,1,1
246116,2821,0.0,5.0,0.0,4,1,1,2,3,0,1,0
246136,219,0.0,3.0,0.0,4,1,1,2,3,0,1,0
246141,897,0.0,null,null,4,1,1,1,3,0,1,0
246298,1150,0.0,5.0,0.0,1,1,1,1,0,0,1,0
246331,1704,0.0,0.0,0.0,15,11,3,1,14,0,1,0
24658,1978,0.0,0.0,0.0,5,2,1,1,4,0,1,0
246617,3734,0.0,3.0,1.0,4,2,2,1,3,0,1,0
246700,3484,0.0,2.0,1.0,6,2,1,1,5,0,1,0
246990,3968,0.0,3.0,0.0,6,2,1,2,5,0,1,0
24709,1022,0.0,4.0,null,5,1,1,1,3,0,2,0
247186,1875,0.0,5.0,0.0,30,8,4,2,26,0,2,2
248193,4595,0.0,5.0,0.0,6,2,2,1,5,0,1,0
248219,3022,0.0,2.0,1.0,5,3,2,2,2,0,3,0
248394,361,0.0,5.0,0.0,15,5,1,2,13,0,1,1
248725,3057,0.0,3.0,0.0,4,2,2,1,3,0,1,0
249563,2026,0.0,7.0,0.0,2,1,1,1,1,0,1,0
250638,2424,0.0,6.0,0.0,3,1,1,1,2,0,1,0
250786,1704,0.0,4.0,0.0,4,1,1,2,3,0,1,0
250947,1283,0.0,0.0,0.0,7,4,4,3,4,0,2,1
251194,3230,0.0,2.0,0.0,1,1,1,1,0,0,1,0
251638,547,0.0,2.0,1.0,2,1,1,1,1,0,1,0
251687,4745,0.0,0.0,0.0,4,1,1,1,3,0,1,0
251816,4173,0.0,4.0,0.0,22,15,7,2,21,0,1,0
251921,4940,0.0,4.0,0.0,2,1,1,2,1,0,1,0
252160,3878,0.0,3.0,1.0,12,1,1,2,10,0,2,0
252256,4600,0.0,4.0,0.0,7,2,1,2,3,0,2,2
252816,3320,0.0,2.0,1.0,1,1,1,1,0,0,1,0
252972,4265,0.0,3.0,0.0,104,69,13,4,100,0,3,1
253131,3350,0.0,2.0,1.0,5,2,1,2,4,0,1,0
253538,503,1.0,4.0,2.0,12,7,3,1,11,0,1,0
253898,3205,0.0,3.0,0.0,5,1,1,3,2,0,1,2
253922,436,0.0,3.0,0.0,6,1,1,3,4,0,1,1
254643,4871,0.0,3.0,0.0,10,1,1,2,9,0,1,0
25488,4976,0.0,3.0,0.0,13,3,1,1,12,0,1,0
254923,2821,0.0,3.0,0.0,1,1,1,1,0,0,1,0
255007,1557,0.0,0.0,1.0,7,1,1,1,6,0,1,0
25524,4605,0.0,4.0,0.0,2,1,1,1,1,0,1,0
256329,1890,0.0,3.0,0.0,4,2,2,2,3,0,1,0
256785,1340,0.0,3.0,2.0,10,1,1,3,9,0,1,0
256824,949,0.0,6.0,0.0,45,9,1,8,39,0,1,5
256847,1927,0.0,3.0,0.0,5,2,1,2,3,0,1,1
256848,806,0.0,3.0,0.0,5,1,1,2,3,0,1,1
257813,3500,0.0,2.0,0.0,5,3,1,2,4,0,1,0
258034,4966,0.0,4.0,0.0,2,1,1,1,1,0,1,0
258256,642,0.0,2.0,0.0,1,1,1,1,0,0,1,0
258353,3898,0.0,5.0,1.0,4,1,1,1,3,0,1,0
258855,574,0.0,0.0,0.0,6,1,1,1,5,0,1,0
258919,2397,0.0,0.0,0.0,21,9,3,2,19,0,2,0
259413,3955,0.0,null,null,7,2,1,1,6,0,1,0
259696,2929,0.0,3.0,0.0,12,6,2,1,10,0,2,0
26033,1271,0.0,4.0,1.0,6,2,1,1,5,0,1,0
261149,1393,0.0,6.0,0.0,11,8,2,3,10,0,1,0
26140,3080,0.0,0.0,1.0,1,1,1,1,0,0,1,0
261471,747,0.0,5.0,0.0,5,1,1,2,4,0,1,0
262432,606,0.0,3.0,1.0,3,1,1,1,2,0,1,0
263186,3657,0.0,3.0,0.0,5,1,1,1,2,0,2,1
263269,1840,0.0,4.0,0.0,8,2,2,1,7,0,1,0
263337,479,0.0,6.0,0.0,6,2,2,2,5,0,1,0
26356,1892,0.0,3.0,0.0,8,6,3,1,7,0,1,0
263869,1502,0.0,3.0,0.0,1,1,1,1,0,0,1,0
2644,203,1.0,3.0,1.0,2,1,1,1,1,0,1,0
26453,4173,0.0,4.0,0.0,32,16,4,4,31,0,1,0
2646,1346,0.0,5.0,0.0,3,1,1,1,2,0,1,0
26477,646,0.0,5.0,2.0,7,2,1,2,6,0,1,0
264817,3968,0.0,3.0,0.0,2,1,1,1,1,0,1,0
265176,1056,0.0,3.0,1.0,3,3,3,3,2,0,1,0
265694,2928,0.0,0.0,0.0,37,17,3,4,33,0,1,3
266016,258,0.0,4.0,1.0,12,2,1,3,9,0,1,2
266681,598,0.0,4.0,0.0,9,5,3,2,7,0,2,0
266729,4976,1.0,0.0,0.0,2,1,1,1,1,0,1,0
266773,4173,0.0,3.0,1.0,42,16,3,2,40,0,2,0
266821,1102,0.0,2.0,0.0,13,5,4,2,7,0,1,5
267001,3734,0.0,0.0,1.0,23,4,3,1,21,0,2,0
267382,594,0.0,0.0,0.0,1,1,1,1,0,0,1,0
268576,317,0.0,0.0,0.0,3,1,1,1,2,0,1,0
269677,3971,1.0,3.0,0.0,11,1,1,2,10,0,1,0
270783,474,0.0,5.0,0.0,15,4,3,2,13,0,2,0
270823,3734,0.0,3.0,1.0,2,1,1,1,1,0,1,0
270989,3347,0.0,5.0,0.0,17,9,3,2,14,0,1,2
270998,1963,0.0,3.0,1.0,19,7,2,3,18,0,1,0
271223,2436,0.0,5.0,0.0,3,2,2,1,1,0,2,0
27181,1573,0.0,5.0,1.0,1,1,1,1,0,0,1,0
272212,3469,0.0,0.0,0.0,8,1,1,3,6,0,1,1
272224,4745,0.0,5.0,0.0,9,3,1,1,8,0,1,0
272304,1890,0.0,3.0,0.0,103,55,7,9,100,0,2,1
27247,2681,0.0,3.0,2.0,15,4,2,3,13,0,1,1
272603,2913,0.0,0.0,0.0,9,1,1,2,8,0,1,0
273401,4048,0.0,0.0,0.0,13,1,1,1,12,0,1,0
273489,4026,0.0,4.0,0.0,1,1,1,1,0,0,1,0
27394,1454,0.0,4.0,0.0,6,1,1,1,5,0,1,0
27398,1501,0.0,0.0,0.0,29,12,4,2,28,0,1,0
274323,4258,0.0,4.0,1.0,3,1,1,1,2,0,1,0
27451,4186,1.0,3.0,0.0,20,7,1,1,18,0,2,0
274682,1719,0.0,2.0,0.0,1,1,1,1,0,0,1,0
275133,3329,0.0,6.0,0.0,1,1,1,1,0,0,1,0
275238,361,0.0,0.0,0.0,16,3,2,2,14,0,1,1
276147,2036,0.0,5.0,0.0,2,1,1,2,1,0,1,0
276425,827,1.0,4.0,1.0,5,1,1,2,3,0,1,1
277874,2513,0.0,3.0,1.0,3,1,1,1,2,0,1,0
27851,1520,0.0,6.0,0.0,2,1,1,1,1,0,1,0
278840,3910,0.0,3.0,0.0,2,1,1,1,1,0,1,0
27888,2577,0.0,0.0,0.0,12,4,1,2,11,0,1,0
279218,4976,0.0,0.0,0.0,23,17,6,1,22,0,1,0
279331,1272,0.0,0.0,0.0,9,1,1,1,8,0,1,0
280083,721,0.0,2.0,1.0,4,1,1,1,3,0,1,0
281046,598,0.0,3.0,0.0,9,1,1,1,8,0,1,0
281151,3541,0.0,3.0,2.0,3,1,1,1,2,0,1,0
281245,293,0.0,4.0,1.0,1,1,1,1,0,0,1,0
282290,4569,0.0,3.0,0.0,2,1,1,1,0,0,2,0
28294,4026,0.0,3.0,0.0,3,2,1,1,2,0,1,0
282985,4450,0.0,5.0,1.0,23,10,6,1,21,0,2,0
283001,152,0.0,3.0,0.0,39,20,2,3,32,0,1,6
283044,1661,0.0,5.0,1.0,7,2,1,1,6,0,1,0
283122,4044,0.0,0.0,0.0,8,6,2,1,7,0,1,0
28376,3460,1.0,0.0,1.0,7,1,1,1,5,0,2,0
284243,1522,0.0,0.0,0.0,10,5,2,2,7,0,2,1
284896,3657,1.0,2.0,1.0,6,2,1,1,4,0,2,0
285252,1592,0.0,4.0,0.0,5,2,1,1,4,0,1,0
285392,4903,0.0,3.0,0.0,7,1,1,3,6,0,1,0
286094,2273,0.0,6.0,0.0,7,1,1,2,6,0,1,0
286268,4371,0.0,2.0,1.0,3,1,1,1,0,0,2,1
286388,1833,0.0,3.0,0.0,2,2,1,1,0,0,2,0
286520,4173,0.0,3.0,0.0,25,11,6,4,23,1,1,0
286862,1582,0.0,4.0,1.0,8,6,2,2,7,0,1,0
287099,1825,0.0,4.0,0.0,5,2,1,1,4,0,1,0
287355,1957,0.0,3.0,0.0,9,5,2,1,8,0,1,0
287861,2935,0.0,4.0,1.0,10,1,1,1,8,1,1,0
288099,1308,0.0,4.0,1.0,1,1,1,1,0,0,1,0
288442,3665,0.0,0.0,2.0,5,3,1,1,4,0,1,0
288576,804,1.0,4.0,0.0,1,1,1,1,0,0,1,0
288732,598,0.0,0.0,0.0,8,4,2,1,7,0,1,0
288888,4044,0.0,2.0,0.0,21,9,4,2,20,0,1,0
289621,4940,0.0,3.0,0.0,22,5,1,10,19,0,1,2
290193,2031,0.0,4.0,1.0,8,3,1,2,7,0,1,0
290559,4705,0.0,2.0,1.0,6,2,1,1,5,0,1,0
290670,410,0.0,6.0,0.0,8,1,1,1,7,0,1,0
290927,2824,0.0,6.0,0.0,2,1,1,1,1,0,1,0
291076,1892,0.0,4.0,0.0,1,1,1,1,0,0,1,0
291155,3159,0.0,2.0,0.0,7,1,1,1,6,0,1,0
29122,323,0.0,6.0,0.0,14,4,1,2,11,0,2,1
291695,3769,0.0,0.0,0.0,8,4,3,1,7,0,1,0
291793,416,0.0,3.0,0.0,54,34,15,4,45,0,8,1
29180,3826,0.0,3.0,0.0,2,1,1,1,1,0,1,0
291807,826,0.0,0.0,1.0,6,2,2,1,4,0,2,0
292770,1487,0.0,6.0,0.0,6,1,1,1,5,0,1,0
292994,2320,0.0,5.0,0.0,14,2,2,2,11,0,2,1
293625,2954,0.0,4.0,0.0,13,3,2,5,9,0,2,2
293801,1810,0.0,0.0,0.0,4,1,1,1,3,0,1,0
29400,1412,0.0,2.0,0.0,11,3,1,1,10,0,1,0
294226,2559,0.0,3.0,1.0,7,3,1,2,4,0,1,2
294663,4079,0.0,3.0,1.0,11,8,4,1,9,0,2,0
294978,4465,0.0,3.0,0.0,21,8,1,1,16,0,5,0
295071,4926,0.0,4.0,2.0,61,25,18,7,60,0,1,0
295118,503,0.0,0.0,1.0,5,1,1,2,3,0,1,1
295235,4708,0.0,0.0,0.0,48,22,11,6,41,0,3,4
295499,2745,0.0,4.0,0.0,12,3,1,6,11,0,1,0
296417,4858,0.0,6.0,1.0,9,2,1,1,8,0,1,0
29657,4856,0.0,3.0,1.0,7,2,1,1,6,0,1,0
29716,4871,0.0,4.0,2.0,22,4,2,1,19,0,3,0
297908,3955,0.0,6.0,0.0,5,4,1,1,4,0,1,0
298766,2745,0.0,3.0,0.0,3,1,1,2,2,0,1,0
298891,2721,0.0,4.0,0.0,7,1,1,2,6,0,1,0
298977,4950,0.0,0.0,0.0,14,12,11,2,13,0,1,0
299129,4648,0.0,3.0,0.0,3,1,1,2,2,0,1,0
299153,4558,0.0,4.0,1.0,3,1,1,1,2,0,1,0
299238,4048,0.0,0.0,0.0,1,1,1,1,0,0,1,0
299400,2138,0.0,3.0,2.0,21,14,8,1,19,0,2,0
299538,1427,0.0,4.0,1.0,2,1,1,1,1,0,1,0
2997,227,0.0,3.0,1.0,10,4,2,1,9,0,1,0
29973,1330,0.0,0.0,0.0,3,1,1,1,2,0,1,0
299929,1411,0.0,3.0,1.0,4,1,1,1,3,0,1,0
300415,3205,0.0,0.0,0.0,36,13,2,3,26,0,2,8
300471,1611,0.0,0.0,0.0,5,2,1,1,4,0,1,0
300495,4639,0.0,0.0,1.0,5,3,1,1,4,0,1,0
300579,3828,1.0,4.0,1.0,84,32,13,13,75,0,1,8
300853,1653,1.0,3.0,0.0,6,2,1,3,5,0,1,0
300972,4248,0.0,4.0,0.0,4,1,1,1,3,0,1,0
301362,4171,0.0,6.0,0.0,4,3,1,2,3,0,1,0
301900,2000,0.0,6.0,0.0,8,1,1,1,7,0,1,0
30215,4044,0.0,3.0,0.0,20,15,3,3,19,0,1,0
302347,66,0.0,6.0,1.0,3,3,1,3,2,0,1,0
302405,3828,0.0,6.0,0.0,6,2,2,2,5,0,1,0
302617,3191,0.0,4.0,0.0,6,2,1,2,4,0,2,0
303073,3471,0.0,4.0,1.0,1,1,1,1,0,0,1,0
30398,2879,0.0,0.0,0.0,5,1,1,1,4,0,1,0
304092,1719,0.0,0.0,0.0,15,4,2,3,9,0,1,5
304097,2872,0.0,0.0,0.0,1,1,1,1,0,0,1,0
304371,3143,0.0,6.0,0.0,15,8,3,5,14,0,1,0
305023,1679,0.0,4.0,1.0,35,16,4,3,33,0,2,0
305337,3667,0.0,0.0,0.0,9,1,1,1,7,0,2,0
30537,1500,0.0,0.0,0.0,6,5,2,1,5,0,1,0
306984,2537,0.0,3.0,2.0,1,1,1,1,0,0,1,0
307279,4173,0.0,3.0,0.0,123,5,3,1,122,0,1,0
307557,3828,0.0,4.0,1.0,1,1,1,1,0,0,1,0
308457,3319,0.0,4.0,0.0,5,1,1,1,4,0,1,0
308601,3623,0.0,3.0,0.0,14,9,4,1,12,0,2,0
308649,3828,0.0,2.0,0.0,72,22,8,7,55,0,1,16
309515,1056,0.0,5.0,0.0,2,2,1,1,0,0,2,0
309757,278,1.0,3.0,0.0,1,1,1,1,0,0,1,0
30982,3941,0.0,5.0,1.0,24,3,2,4,20,0,1,3
309899,4079,0.0,7.0,0.0,3,1,1,1,2,0,1,0
31008,643,0.0,3.0,1.0,37,20,4,3,34,0,3,0
310285,2318,0.0,4.0,1.0,4,1,1,1,3,0,1,0
310397,3734,0.0,4.0,1.0,9,4,3,1,8,0,1,0
310614,2940,0.0,3.0,1.0,6,1,1,4,5,0,1,0
310699,586,0.0,0.0,0.0,1,1,1,1,0,0,1,0
310780,2099,0.0,4.0,0.0,15,3,2,1,12,0,2,1
310998,1721,0.0,0.0,0.0,3,1,1,1,2,0,1,0
311361,1833,0.0,0.0,0.0,31,11,2,5,29,0,2,0
31159,3734,0.0,3.0,0.0,3,1,1,1,2,0,1,0
311788,2821,0.0,2.0,1.0,31,4,2,2,30,0,1,0
311860,3828,0.0,3.0,1.0,3,2,2,1,2,0,1,0
312169,3205,0.0,4.0,0.0,2,1,1,1,1,0,1,0
312490,2459,0.0,3.0,0.0,34,13,2,4,31,0,1,2
313467,2102,0.0,6.0,0.0,51,26,6,3,45,0,6,0
313945,434,0.0,2.0,0.0,3,1,1,1,2,0,1,0
314003,3016,0.0,0.0,0.0,15,6,4,2,11,0,2,2
314071,4678,0.0,0.0,0.0,1,1,1,1,0,0,1,0
314094,3734,0.0,3.0,1.0,10,5,4,1,8,0,2,0
314439,3826,0.0,6.0,1.0,7,2,1,1,5,0,2,0
314767,742,0.0,2.0,0.0,2,1,1,1,1,0,1,0
315049,4607,0.0,null,null,15,6,2,1,12,0,1,2
315785,3875,0.0,3.0,0.0,4,1,1,2,2,0,1,1
315796,3826,0.0,5.0,0.0,5,1,1,1,4,0,1,0
315824,4048,0.0,2.0,0.0,32,18,1,1,28,0,3,1
316073,503,0.0,3.0,0.0,2,1,1,1,0,0,1,1
31696,4687,0.0,2.0,1.0,2,1,1,1,1,0,1,0
317310,2140,0.0,6.0,0.0,18,4,1,2,12,0,6,0
317611,1263,0.0,0.0,0.0,16,3,1,5,14,0,1,1
317756,1102,0.0,4.0,0.0,31,16,2,2,30,0,1,0
3184,1573,0.0,3.0,1.0,6,2,1,2,5,0,1,0
318624,3828,0.0,0.0,0.0,11,7,3,2,9,0,1,1
318681,2664,0.0,3.0,0.0,27,16,1,1,25,0,2,0
319396,695,0.0,3.0,0.0,3,1,1,1,2,0,1,0
32011,1393,1.0,2.0,0.0,3,1,1,1,2,0,1,0
320220,3072,0.0,3.0,0.0,19,9,1,3,18,0,1,0
320384,1346,0.0,4.0,0.0,7,2,1,2,4,0,1,2
320480,2031,0.0,3.0,0.0,1,1,1,1,0,0,1,0
320703,4043,0.0,5.0,0.0,7,5,2,3,6,0,1,0
320762,1115,0.0,5.0,1.0,5,3,1,1,3,0,2,0
32102,4170,0.0,3.0,0.0,4,1,1,1,2,0,2,0
321693,2031,0.0,3.0,1.0,3,2,1,2,2,0,1,0
321754,941,0.0,4.0,0.0,65,12,3,8,63,0,2,0
321913,4270,0.0,4.0,0.0,3,1,1,1,1,0,2,0
322376,4976,0.0,6.0,0.0,10,8,5,2,8,0,2,0
322427,2721,0.0,5.0,0.0,28,13,2,1,24,0,4,0
32310,2864,0.0,4.0,0.0,12,4,1,4,10,0,1,1
323133,1639,0.0,3.0,0.0,3,1,1,1,2,0,1,0
323533,311,0.0,2.0,1.0,3,1,1,1,2,0,1,0
323939,4427,0.0,4.0,0.0,2,1,1,2,0,0,1,1
324617,3225,0.0,5.0,0.0,15,7,1,1,12,0,3,0
324875,3828,1.0,8.0,0.0,5,4,2,2,4,0,1,0
325267,2435,0.0,3.0,0.0,4,1,1,1,2,0,1,1
326135,2447,0.0,5.0,0.0,3,1,1,1,2,0,1,0
3280,98,0.0,0.0,0.0,4,2,2,1,2,0,2,0
328115,4616,0.0,3.0,0.0,12,6,5,1,10,0,2,0
328338,4558,0.0,4.0,1.0,2,1,1,1,1,0,1,0
329247,1075,0.0,3.0,0.0,3,1,1,1,2,0,1,0
329769,1810,0.0,4.0,0.0,14,9,6,4,12,0,2,0
329773,4044,0.0,0.0,0.0,13,6,5,3,12,0,1,0
33120,773,0.0,4.0,1.0,14,10,8,4,11,0,3,0
331485,1200,0.0,3.0,1.0,4,1,1,2,2,0,2,0
331740,503,0.0,3.0,0.0,18,8,2,3,15,0,2,1
33200,3828,0.0,0.0,1.0,5,1,1,2,4,0,1,0
332153,1393,0.0,6.0,0.0,6,4,2,2,5,0,1,0
332442,3205,0.0,4.0,1.0,13,3,1,2,12,0,1,0
332646,1762,1.0,2.0,1.0,7,1,1,1,5,0,2,0
33313,2954,0.0,3.0,1.0,23,4,2,1,22,0,1,0
333165,1000,0.0,4.0,1.0,3,2,2,1,2,0,1,0
333387,4903,0.0,4.0,1.0,12,6,5,2,6,0,6,0
333890,3042,0.0,0.0,0.0,16,11,4,1,12,0,4,0
333914,812,0.0,6.0,0.0,4,2,1,1,3,0,1,0
334384,3022,0.0,6.0,1.0,1,1,1,1,0,0,1,0
334405,4071,0.0,0.0,0.0,1,1,1,1,0,0,1,0
334574,2124,0.0,5.0,0.0,5,2,2,2,4,0,1,0
334869,1679,0.0,4.0,0.0,84,36,6,4,78,0,3,3
33495,289,0.0,0.0,1.0,4,1,1,1,3,0,1,0
33506,63,0.0,5.0,1.0,6,4,2,2,5,0,1,0
335272,4394,0.0,0.0,0.0,3,1,1,1,1,0,2,0
33565,2565,0.0,3.0,1.0,10,4,1,5,9,0,1,0
335929,3266,0.0,4.0,0.0,2,1,1,1,1,0,1,0
33593,1501,0.0,5.0,0.0,17,11,6,5,16,0,1,0
336429,1963,0.0,3.0,1.0,104,37,3,4,101,0,1,2
336706,4048,0.0,3.0,0.0,2,1,1,1,1,0,1,0
336873,632,0.0,0.0,0.0,14,2,1,1,13,0,1,0
336876,2680,0.0,6.0,0.0,2,1,1,1,1,0,1,0
337300,2928,0.0,4.0,1.0,1,1,1,1,0,0,1,0
337373,4658,0.0,3.0,1.0,11,3,1,2,10,0,1,0
337631,552,0.0,4.0,0.0,9,2,2,1,7,0,1,1
337952,1390,0.0,0.0,1.0,8,1,1,2,7,0,1,0
338369,1760,0.0,0.0,0.0,8,3,1,2,6,0,1,1
338401,4349,0.0,4.0,0.0,7,3,3,1,5,0,2,0
338450,361,0.0,6.0,1.0,3,2,1,2,2,0,1,0
338487,3545,0.0,3.0,0.0,10,4,2,2,8,0,2,0
33935,104,0.0,2.0,0.0,11,1,1,2,9,0,1,1
339583,3055,0.0,4.0,0.0,1,1,1,1,0,0,1,0
339619,1050,0.0,6.0,0.0,5,2,2,3,4,0,1,0
339658,1102,0.0,3.0,0.0,36,25,5,9,26,0,1,9
339971,2700,0.0,4.0,0.0,19,10,2,4,17,0,2,0
340069,597,0.0,4.0,0.0,3,1,1,1,2,0,1,0
340669,1760,0.0,3.0,0.0,5,2,1,1,3,0,2,0
340699,1514,0.0,6.0,0.0,4,2,1,1,2,0,1,1
341702,3455,0.0,6.0,0.0,20,9,1,2,17,0,2,1
341855,1923,0.0,0.0,2.0,4,2,1,1,3,0,1,0
341975,4978,0.0,4.0,null,6,3,1,1,5,0,1,0
34252,1340,0.0,4.0,1.0,1,1,1,1,0,0,1,0
342969,962,0.0,2.0,0.0,4,2,1,2,3,0,1,0
343186,3545,0.0,4.0,0.0,1,1,1,1,0,0,1,0
343714,4671,0.0,0.0,0.0,2,1,1,1,0,0,1,1
343971,1013,0.0,6.0,0.0,2,1,1,1,1,0,1,0
344002,2317,0.0,3.0,0.0,9,2,1,2,7,0,1,1
344193,1357,0.0,3.0,1.0,5,3,2,2,1,0,4,0
344227,1084,0.0,0.0,0.0,2,1,1,1,1,0,1,0
344381,1692,0.0,6.0,0.0,7,1,1,3,6,0,1,0
34449,4282,0.0,3.0,0.0,5,4,2,1,4,0,1,0
344695,20,0.0,4.0,0.0,15,8,1,1,14,0,1,0
345312,1425,0.0,4.0,0.0,1,1,1,1,0,0,1,0
345749,3593,0.0,5.0,1.0,13,3,1,4,12,0,1,0
345806,4240,0.0,3.0,1.0,1,1,1,1,0,0,1,0
346001,2537,0.0,0.0,0.0,2,1,1,1,1,0,1,0
346601,66,0.0,2.0,1.0,14,7,1,2,12,0,1,1
346620,370,0.0,0.0,0.0,6,1,1,1,5,0,1,0
346630,588,0.0,2.0,1.0,1,1,1,1,0,0,1,0
346774,760,0.0,2.0,1.0,2,2,1,1,0,0,2,0
347110,4775,1.0,0.0,0.0,23,10,2,4,22,0,1,0
347532,598,0.0,4.0,0.0,6,3,2,1,5,0,1,0
347593,3635,0.0,4.0,1.0,19,10,2,7,18,0,1,0
348044,1049,0.0,5.0,0.0,1,1,1,1,0,0,1,0
348106,946,0.0,4.0,1.0,3,1,1,1,2,0,1,0
348688,3828,0.0,3.0,0.0,44,32,2,3,43,0,1,0
348783,1816,0.0,2.0,1.0,9,4,2,2,8,0,1,0
349429,2810,1.0,5.0,2.0,23,6,3,3,20,0,3,0
349530,3766,0.0,4.0,1.0,4,2,2,1,0,0,4,0
349814,798,1.0,2.0,0.0,41,12,8,3,33,0,1,7
350044,2255,0.0,null,null,2,1,1,1,0,0,1,1
350048,2118,0.0,4.0,0.0,2,1,1,1,1,0,1,0
350217,3271,0.0,4.0,1.0,8,2,2,3,6,0,2,0
350217,3419,0.0,4.0,1.0,5,1,1,3,4,0,1,0
350302,416,0.0,0.0,0.0,20,4,2,10,17,0,1,2
35039,4659,0.0,2.0,0.0,14,3,2,1,12,0,2,0
350477,4658,0.0,2.0,1.0,7,2,1,1,6,0,1,0
350512,742,0.0,2.0,0.0,2,1,1,1,0,0,1,1
350801,2268,0.0,0.0,null,3,1,1,1,2,0,1,0
351301,3460,0.0,2.0,0.0,2,1,1,1,1,0,1,0
352169,3958,0.0,4.0,0.0,17,6,3,6,15,0,1,1
352677,4101,0.0,5.0,1.0,3,2,1,1,2,0,1,0
353072,4919,1.0,3.0,0.0,3,1,1,1,2,0,1,0
353373,2592,0.0,3.0,0.0,3,1,1,1,2,0,1,0
353554,654,0.0,4.0,0.0,4,1,1,1,3,0,1,0
353877,3472,0.0,0.0,0.0,12,3,2,1,11,0,1,0
354108,4173,0.0,4.0,1.0,5,2,1,4,3,0,1,1
354137,2915,0.0,3.0,0.0,16,5,4,6,13,0,1,2
354203,2545,0.0,0.0,0.0,14,11,4,6,10,0,1,3
354331,2482,0.0,3.0,0.0,11,5,4,2,9,0,2,0
354410,1393,0.0,3.0,0.0,5,1,1,1,4,0,1,0
354489,1742,0.0,0.0,0.0,1,1,1,1,0,0,1,0
354783,630,0.0,4.0,0.0,107,48,14,7,99,0,4,4
35482,798,0.0,2.0,0.0,6,3,3,1,4,0,2,0
355000,4400,0.0,5.0,0.0,7,4,1,1,6,0,1,0
35528,3289,0.0,3.0,1.0,2,1,1,1,1,0,1,0
35581,798,0.0,6.0,0.0,3,1,1,2,1,0,1,1
355906,2045,0.0,2.0,1.0,9,3,1,1,8,0,1,0
355936,2447,0.0,3.0,0.0,6,2,2,2,4,0,2,0
356404,4858,1.0,0.0,0.0,8,4,1,1,7,0,1,0
356520,818,1.0,7.0,0.0,9,3,1,1,7,0,1,1
35665,4044,0.0,3.0,1.0,86,30,9,4,83,0,1,2
356683,1090,0.0,0.0,1.0,14,6,2,1,11,0,2,1
357524,4760,0.0,4.0,0.0,2,1,1,1,1,0,1,0
357589,4535,0.0,4.0,0.0,3,2,1,1,1,0,2,0
357638,1725,0.0,0.0,0.0,5,2,1,1,4,0,1,0
357677,608,0.0,3.0,0.0,16,3,1,4,15,0,1,0
357966,1168,0.0,3.0,0.0,17,4,4,1,14,0,3,0
358181,4079,0.0,5.0,0.0,3,2,1,1,1,0,2,0
358459,4513,0.0,3.0,0.0,4,3,3,1,3,0,1,0
358922,4173,1.0,3.0,0.0,25,19,5,5,24,0,1,0
359428,2403,0.0,4.0,0.0,5,3,2,2,4,0,1,0
359549,2537,0.0,0.0,0.0,3,1,1,1,2,0,1,0
359611,4876,0.0,2.0,1.0,2,1,1,1,1,0,1,0
359894,2273,0.0,0.0,1.0,11,3,1,2,9,0,1,1
360256,1203,0.0,4.0,1.0,23,8,5,1,19,0,4,0
36083,2565,0.0,0.0,0.0,1,1,1,1,0,0,1,0
36119,4079,0.0,7.0,0.0,5,3,3,2,4,0,1,0
361561,3734,0.0,2.0,1.0,13,6,3,1,11,0,2,0
361661,1679,0.0,3.0,0.0,9,3,2,3,8,0,1,0
362086,1235,0.0,2.0,1.0,4,1,1,3,2,0,1,1
362175,2745,0.0,3.0,1.0,5,3,2,2,4,0,1,0
362561,396,0.0,3.0,0.0,4,2,1,1,3,0,1,0
362850,2745,0.0,2.0,1.0,15,5,4,3,14,0,1,0
363100,2869,0.0,3.0,0.0,3,2,1,1,2,0,1,0
363152,3753,0.0,5.0,0.0,7,1,1,1,6,0,1,0
363224,4658,0.0,2.0,1.0,9,3,1,2,7,0,1,1
363391,1056,0.0,4.0,0.0,13,3,3,5,9,0,2,2
363543,3828,0.0,4.0,0.0,18,11,7,1,16,0,2,0
36371,4950,0.0,4.0,0.0,7,1,1,3,5,0,1,1
363815,4992,0.0,0.0,1.0,8,3,1,2,7,0,1,0
363979,2592,0.0,4.0,0.0,5,2,2,2,4,0,1,0
36424,2072,0.0,3.0,0.0,13,3,2,1,11,0,1,1
365249,2194,0.0,4.0,1.0,5,1,1,1,4,0,1,0
366090,4079,0.0,3.0,0.0,2,1,1,1,0,0,2,0
366860,2664,0.0,6.0,null,1,1,1,1,0,0,1,0
366994,326,0.0,0.0,0.0,1,1,1,1,0,0,1,0
367243,3323,1.0,0.0,1.0,4,1,1,1,3,0,1,0
36725,191,0.0,2.0,0.0,27,16,8,2,26,0,1,0
36740,4282,0.0,2.0,1.0,68,48,15,1,67,0,1,0
367426,2217,0.0,0.0,null,5,1,1,2,3,1,1,0
367691,588,0.0,0.0,1.0,10,2,1,2,9,0,1,0
367755,3885,0.0,3.0,0.0,8,2,1,3,7,0,1,0
368341,4760,0.0,4.0,1.0,7,1,1,1,5,0,1,1
368480,1131,0.0,3.0,0.0,10,3,3,2,7,0,3,0
368557,598,0.0,3.0,0.0,1,1,1,1,0,0,1,0
368651,263,0.0,3.0,0.0,27,7,1,4,23,0,2,2
368936,4783,1.0,7.0,0.0,14,3,2,2,11,0,3,0
369130,1470,0.0,4.0,1.0,3,1,1,2,2,0,1,0
36914,4650,0.0,3.0,0.0,4,1,1,2,3,0,1,0
369885,1031,0.0,3.0,0.0,7,4,2,1,6,0,1,0
37016,26,0.0,6.0,1.0,20,7,6,1,16,0,4,0
370161,1905,0.0,3.0,0.0,5,2,1,1,4,0,1,0
3706,1399,0.0,5.0,0.0,15,1,1,4,13,0,1,1
370819,359,0.0,4.0,0.0,19,2,2,2,12,0,7,0
37089,2036,0.0,2.0,1.0,3,1,1,1,0,0,2,1
370904,4847,0.0,3.0,0.0,19,17,9,1,18,0,1,0
371225,1352,0.0,3.0,1.0,3,2,2,1,1,0,2,0
371683,4044,0.0,4.0,0.0,24,18,4,2,23,0,1,0
371784,4173,0.0,4.0,0.0,61,41,8,6,60,0,1,0
37217,4813,0.0,2.0,1.0,1,1,1,1,0,0,1,0
37323,191,0.0,2.0,0.0,22,13,4,1,21,0,1,0
373576,1487,0.0,0.0,0.0,28,10,1,2,27,0,1,0
373618,1145,0.0,5.0,0.0,27,5,1,7,25,0,2,0
373993,2669,0.0,2.0,0.0,14,6,4,3,13,0,1,0
374309,4502,0.0,0.0,0.0,3,1,1,1,2,0,1,0
374612,1861,0.0,3.0,0.0,10,3,1,2,8,0,1,1
374687,2269,0.0,0.0,1.0,5,2,1,1,4,0,1,0
374688,4143,0.0,5.0,0.0,5,3,2,2,3,0,1,1
374753,4705,0.0,6.0,0.0,2,1,1,2,0,0,1,1
374866,2441,0.0,0.0,0.0,4,1,1,1,3,0,1,0
376423,1605,0.0,3.0,1.0,4,1,1,1,3,0,1,0
376995,4325,0.0,0.0,2.0,5,3,1,1,4,0,1,0
37711,436,0.0,6.0,0.0,9,4,1,2,8,0,1,0
377840,1884,0.0,4.0,0.0,3,1,1,1,2,0,1,0
378100,3418,0.0,3.0,1.0,2,1,1,1,1,0,1,0
378173,2795,0.0,4.0,2.0,6,2,2,1,5,0,1,0
37840,4170,0.0,4.0,0.0,16,5,1,1,13,0,3,0
378406,1221,0.0,4.0,1.0,2,1,1,1,1,0,1,0
378494,1963,0.0,2.0,1.0,6,3,1,2,5,0,1,0
378890,1056,0.0,3.0,1.0,4,3,2,1,3,0,1,0
378936,4577,0.0,3.0,1.0,13,6,3,1,12,0,1,0
379303,1000,0.0,3.0,1.0,8,2,1,1,7,0,1,0
379649,323,0.0,3.0,1.0,6,1,1,1,5,0,1,0
380212,2436,0.0,4.0,2.0,8,4,4,2,7,0,1,0
380701,2582,0.0,null,null,12,2,1,1,9,2,1,0
380841,4735,0.0,5.0,1.0,2,1,1,1,1,0,1,0
380846,4864,0.0,4.0,0.0,1,1,1,1,0,0,1,0
381204,1372,0.0,4.0,1.0,4,2,1,1,3,0,1,0
38155,2545,0.0,5.0,1.0,13,6,2,2,12,0,1,0
382595,742,0.0,4.0,0.0,18,7,4,3,15,0,1,2
382598,2566,0.0,2.0,0.0,8,3,3,2,5,2,1,0
382663,4221,0.0,2.0,0.0,3,1,1,1,2,0,1,0
383421,102,0.0,3.0,0.0,21,3,1,3,19,0,1,1
383568,141,1.0,3.0,0.0,3,1,1,1,2,0,1,0
3838,2791,0.0,2.0,1.0,26,10,3,2,22,0,2,2
383837,4090,0.0,4.0,1.0,4,2,1,1,3,0,1,0
384455,2565,0.0,3.0,0.0,1,1,1,1,0,0,1,0
385159,1892,0.0,0.0,0.0,26,17,8,4,25,0,1,0
385257,4911,0.0,0.0,0.0,13,2,2,3,10,0,1,2
386076,1742,0.0,3.0,0.0,7,3,1,2,6,0,1,0
386335,4107,0.0,0.0,1.0,8,4,3,4,7,0,1,0
386657,2217,0.0,5.0,0.0,11,4,1,2,9,0,1,1
386688,606,0.0,4.0,0.0,3,1,1,1,2,0,1,0
38693,4976,0.0,5.0,0.0,15,11,7,5,13,0,2,0
387712,2954,0.0,6.0,0.0,4,1,1,2,3,0,1,0
388234,1470,0.0,3.0,0.0,3,2,1,1,2,0,1,0
388514,3734,0.0,2.0,1.0,5,1,1,3,4,0,1,0
388945,2124,0.0,5.0,1.0,4,2,2,1,2,0,2,0
389270,1301,1.0,2.0,0.0,2,1,1,2,0,1,1,0
38954,1692,0.0,0.0,1.0,3,1,1,1,2,0,1,0
389585,2608,0.0,3.0,1.0,4,1,1,1,3,0,1,0
389602,3635,0.0,6.0,1.0,15,5,1,1,14,0,1,0
390074,1721,0.0,0.0,0.0,3,1,1,1,2,0,1,0
390100,1810,0.0,0.0,0.0,26,5,4,6,25,0,1,0
390267,1031,0.0,3.0,2.0,3,1,1,1,2,0,1,0
390608,1760,0.0,3.0,0.0,8,7,2,3,7,0,1,0
390984,2780,0.0,0.0,0.0,14,2,1,2,12,0,1,1
39160,2066,0.0,3.0,0.0,3,1,1,1,2,0,1,0
391811,2047,0.0,4.0,0.0,3,1,1,1,2,0,1,0
392790,2537,0.0,4.0,0.0,8,2,1,2,5,0,1,2
392918,4336,0.0,3.0,2.0,4,1,1,2,3,0,1,0
393142,4955,0.0,2.0,2.0,3,1,1,1,2,0,1,0
393240,4966,0.0,3.0,0.0,1,1,1,1,0,0,1,0
393350,1090,0.0,3.0,0.0,10,6,1,1,9,0,1,0
393513,467,0.0,4.0,1.0,2,1,1,1,1,0,1,0
393524,4374,0.0,6.0,1.0,49,28,7,1,46,0,1,2
39358,102,0.0,3.0,0.0,24,3,2,3,23,0,1,0
393584,366,1.0,5.0,0.0,6,5,2,1,5,0,1,0
39400,141,0.0,4.0,1.0,6,2,1,1,3,0,1,2
394203,117,0.0,8.0,0.0,6,1,1,3,4,1,1,0
394227,3392,0.0,0.0,0.0,8,4,1,2,6,0,1,1
394395,862,0.0,4.0,0.0,21,12,8,3,15,0,5,1
394810,2977,0.0,0.0,0.0,7,1,1,1,6,0,1,0
395027,2976,0.0,3.0,0.0,7,1,1,2,6,0,1,0
395613,606,0.0,3.0,0.0,15,6,4,2,11,0,4,0
395913,793,0.0,0.0,0.0,4,1,1,1,3,0,1,0
396133,962,0.0,4.0,0.0,3,2,2,3,2,0,1,0
396674,1494,1.0,0.0,0.0,3,1,1,1,2,0,1,0
396831,1512,0.0,5.0,0.0,16,8,1,3,15,0,1,0
397409,2721,0.0,0.0,0.0,3,2,1,2,2,0,1,0
397737,3154,0.0,0.0,0.0,5,4,3,1,4,0,1,0
397961,4705,0.0,2.0,0.0,2,1,1,1,1,0,1,0
398560,3609,0.0,0.0,0.0,34,20,1,1,33,0,1,0
398859,2669,0.0,4.0,0.0,9,3,2,3,8,0,1,0
398903,1346,0.0,4.0,0.0,18,7,1,2,16,0,1,1
399002,4044,0.0,3.0,1.0,6,2,2,2,4,0,2,0
399143,3753,0.0,0.0,1.0,3,1,1,1,2,0,1,0
399153,3941,0.0,3.0,1.0,1,1,1,1,0,0,1,0
399282,4137,1.0,6.0,0.0,3,2,1,1,2,0,1,0
3993,3093,1.0,0.0,0.0,20,8,3,2,17,0,1,2
399765,1520,1.0,5.0,0.0,3,1,1,2,1,0,1,1
400112,2613,0.0,3.0,0.0,3,1,1,1,2,0,1,0
400615,4601,0.0,6.0,0.0,2,1,1,1,1,0,1,0
400622,4976,0.0,2.0,0.0,21,10,3,2,13,0,2,6
400783,2883,0.0,0.0,0.0,9,7,2,1,8,0,1,0
40149,590,0.0,3.0,0.0,15,5,2,3,13,0,1,1
401978,3734,0.0,2.0,1.0,6,5,4,1,5,0,1,0
402049,4150,0.0,3.0,1.0,7,1,1,1,6,0,1,0
402082,66,0.0,0.0,1.0,23,4,1,5,20,0,1,2
402455,1621,0.0,4.0,0.0,2,1,1,2,1,0,1,0
402674,4394,0.0,3.0,0.0,6,1,1,1,5,0,1,0
403429,3350,0.0,0.0,0.0,4,1,1,1,3,0,1,0
403508,3828,0.0,6.0,0.0,37,19,7,3,33,0,4,0
404528,3143,0.0,4.0,1.0,79,26,2,2,73,0,6,0
404754,4760,0.0,3.0,0.0,7,2,2,5,5,0,2,0
405184,3105,0.0,3.0,0.0,39,17,3,6,36,0,2,1
405447,3971,0.0,0.0,1.0,3,1,1,1,2,0,1,0
405656,3392,0.0,6.0,0.0,12,3,1,3,10,0,1,1
405753,3350,0.0,0.0,0.0,6,4,1,1,5,0,1,0
406199,3350,0.0,3.0,0.0,2,1,1,1,1,0,1,0
406285,4558,0.0,3.0,0.0,11,2,1,3,5,0,4,2
406720,1884,0.0,3.0,1.0,15,9,3,2,14,0,1,0
407360,3635,0.0,2.0,1.0,7,1,1,2,6,0,1,0
407374,3640,0.0,3.0,0.0,7,3,2,1,6,0,1,0
407794,786,1.0,6.0,0.0,11,4,3,1,9,0,2,0
408161,1597,0.0,2.0,1.0,1,1,1,1,0,0,1,0
408186,2081,0.0,5.0,1.0,11,2,1,1,9,0,2,0
408354,239,1.0,6.0,0.0,21,5,3,4,20,0,1,0
408499,2828,0.0,0.0,0.0,10,2,1,4,9,0,1,0
408979,3545,0.0,3.0,0.0,5,1,1,1,3,1,1,0
409097,1704,0.0,2.0,0.0,17,1,1,1,16,0,1,0
409578,4129,0.0,2.0,0.0,15,5,1,4,14,0,1,0
410189,3098,0.0,0.0,0.0,4,2,1,2,1,0,1,2
410328,977,0.0,0.0,0.0,4,2,1,1,3,0,1,0
411347,1031,0.0,4.0,1.0,4,1,1,1,3,0,1,0
41146,4173,1.0,6.0,0.0,2,1,1,2,0,0,1,1
411867,605,0.0,3.0,1.0,1,1,1,1,0,0,1,0
411938,2985,0.0,2.0,1.0,14,1,1,2,11,0,2,1
412612,1459,0.0,0.0,1.0,18,7,4,1,15,0,3,0
412861,3609,0.0,4.0,0.0,14,9,2,1,12,0,2,0
412973,4040,0.0,0.0,0.0,2,1,1,1,1,0,1,0
413304,687,0.0,0.0,0.0,1,1,1,1,0,0,1,0
413690,1200,0.0,3.0,0.0,8,1,1,2,6,0,2,0
414101,3657,0.0,4.0,1.0,7,2,1,1,5,0,2,0
414279,4282,0.0,3.0,0.0,2,2,2,2,0,0,1,1
41481,1488,0.0,6.0,0.0,2,1,1,1,1,0,1,0
415080,3929,0.0,0.0,0.0,4,1,1,1,3,0,1,0
41512,2786,0.0,2.0,0.0,6,1,1,3,4,0,1,1
415342,1399,0.0,4.0,0.0,7,2,1,1,6,0,1,0
415447,3383,0.0,7.0,1.0,4,1,1,2,2,0,2,0
416478,1134,0.0,3.0,0.0,9,3,2,3,6,0,1,2
416932,1102,1.0,6.0,0.0,54,15,8,4,52,0,2,0
417018,4818,0.0,7.0,0.0,17,4,1,4,14,0,2,1
417067,4394,1.0,0.0,null,5,4,1,1,4,0,1,0
41710,1056,1.0,4.0,0.0,27,14,6,1,23,0,4,0
418020,3954,0.0,3.0,0.0,3,1,1,2,1,0,1,1
418194,1500,0.0,3.0,0.0,2,1,1,1,1,0,1,0
418637,4731,0.0,4.0,0.0,10,5,1,1,8,1,1,0
418750,4992,1.0,4.0,0.0,3,2,1,1,2,0,1,0
418777,2932,0.0,3.0,0.0,31,10,7,4,30,0,1,0
419265,1760,0.0,3.0,0.0,8,2,1,1,7,0,1,0
419299,1514,0.0,4.0,0.0,2,1,1,2,1,0,1,0
419431,121,0.0,4.0,0.0,65,25,6,1,63,0,2,0
419811,2140,0.0,6.0,0.0,10,5,1,1,9,0,1,0
419864,1393,0.0,5.0,0.0,124,88,11,6,122,0,2,0
420360,3650,0.0,4.0,0.0,11,4,3,3,9,0,1,1
420419,4475,0.0,3.0,0.0,6,2,1,1,5,0,1,0
420858,1588,0.0,2.0,1.0,13,8,3,2,12,0,1,0
421344,2031,0.0,6.0,0.0,16,3,2,2,14,0,1,1
421433,3628,0.0,5.0,0.0,9,2,1,1,7,0,2,0
421647,58,0.0,2.0,0.0,1,1,1,1,0,0,1,0
421715,227,0.0,2.0,0.0,6,1,1,2,4,0,1,1
421848,1724,0.0,null,null,6,2,2,1,5,0,1,0
422356,2537,0.0,6.0,0.0,2,1,1,2,0,0,1,1
422460,2140,0.0,6.0,0.0,9,3,1,2,8,0,1,0
422793,3941,0.0,0.0,1.0,10,2,2,1,8,0,2,0
422920,4217,0.0,7.0,0.0,21,5,3,1,18,0,3,0
423160,1892,0.0,0.0,0.0,87,40,19,5,79,0,7,1
42317,191,0.0,3.0,0.0,10,4,3,1,8,0,1,1
42404,3828,0.0,5.0,0.0,64,29,10,5,62,0,2,0
42922,4659,1.0,3.0,0.0,6,3,3,1,5,0,1,0
43194,3614,0.0,4.0,0.0,1,1,1,1,0,0,1,0
43263,145,0.0,2.0,0.0,8,2,1,1,7,0,1,0
43546,4742,0.0,3.0,0.0,13,2,1,3,10,0,1,2
43658,824,0.0,4.0,0.0,10,4,1,2,7,0,2,1
43691,437,0.0,3.0,0.0,14,5,2,2,11,0,3,0
43923,3753,0.0,4.0,1.0,3,1,1,1,2,0,1,0
4403,4368,0.0,3.0,1.0,2,1,1,1,1,0,1,0
44096,3288,0.0,3.0,1.0,3,2,2,1,2,0,1,0
44478,3826,0.0,3.0,1.0,3,1,1,3,2,0,1,0
44809,3063,0.0,3.0,0.0,9,5,3,4,5,0,1,3
44936,2699,0.0,4.0,0.0,7,3,3,3,4,0,2,1
4516,4871,0.0,2.0,1.0,3,1,1,1,2,0,1,0
45362,4791,0.0,2.0,1.0,1,1,1,1,0,0,1,0
45383,4044,0.0,3.0,0.0,7,2,2,1,6,0,1,0
4544,4173,0.0,0.0,0.0,13,11,5,1,12,0,1,0
45560,3898,0.0,0.0,1.0,8,1,1,3,7,0,1,0
4562,3683,0.0,3.0,1.0,4,1,1,4,2,0,1,1
45655,2821,0.0,3.0,1.0,4,3,2,1,3,0,1,0
45960,569,0.0,2.0,1.0,5,1,1,2,4,0,1,0
46084,3828,0.0,4.0,0.0,47,19,9,2,38,0,5,4
4688,1102,0.0,4.0,0.0,36,20,6,10,35,0,1,0
48022,2138,0.0,3.0,0.0,6,2,1,2,4,0,1,1
48026,1054,0.0,5.0,1.0,1,1,1,1,0,0,1,0
48039,4042,0.0,3.0,0.0,5,2,1,3,3,0,1,1
48110,2124,0.0,5.0,1.0,14,4,1,4,12,0,1,1
48413,2664,0.0,4.0,0.0,8,5,1,1,7,0,1,0
48985,798,0.0,3.0,0.0,2,1,1,1,1,0,1,0
50200,598,0.0,4.0,1.0,3,1,1,1,2,0,1,0
50203,4173,0.0,0.0,1.0,12,9,5,3,11,0,1,0
51320,2928,0.0,3.0,0.0,11,5,2,6,10,0,1,0
5143,963,0.0,6.0,1.0,1,1,1,1,0,0,1,0
51462,1582,0.0,5.0,0.0,24,16,6,4,22,0,1,1
51638,4240,0.0,5.0,1.0,7,2,1,1,6,0,1,0
51891,598,0.0,3.0,1.0,39,9,2,4,34,0,1,4
52436,588,0.0,7.0,1.0,2,1,1,1,1,0,1,0
52562,3263,0.0,6.0,0.0,34,5,3,2,29,0,2,3
52574,547,0.0,3.0,0.0,7,1,1,1,6,0,1,0
52580,2313,0.0,6.0,0.0,2,1,1,2,1,0,1,0
53369,1102,0.0,6.0,0.0,7,4,4,2,6,0,1,0
53731,977,0.0,0.0,0.0,2,1,1,1,1,0,1,0
54392,2592,0.0,0.0,1.0,21,4,2,2,20,0,1,0
54449,2824,0.0,4.0,0.0,22,10,3,2,21,0,1,0
55473,2453,0.0,6.0,0.0,16,7,1,2,14,0,1,1
55785,2824,0.0,3.0,0.0,2,1,1,1,1,0,1,0
55879,2396,0.0,3.0,0.0,2,1,1,1,1,0,1,0
56656,4754,0.0,4.0,0.0,2,1,1,1,1,0,1,0
56668,296,0.0,4.0,0.0,1,1,1,1,0,0,1,0
56734,2031,0.0,3.0,1.0,4,3,1,1,3,0,1,0
56739,2099,0.0,0.0,0.0,3,1,1,1,2,0,1,0
56975,2565,0.0,3.0,0.0,6,2,1,1,5,0,1,0
56977,962,0.0,3.0,0.0,45,25,14,2,43,0,2,0
57073,3007,0.0,3.0,0.0,19,3,1,1,18,0,1,0
57143,2417,0.0,3.0,0.0,14,4,2,3,13,0,1,0
57208,3955,0.0,4.0,0.0,4,1,1,2,2,0,1,1
57321,4009,0.0,0.0,1.0,3,1,1,1,2,0,1,0
57876,120,0.0,2.0,0.0,2,1,1,1,1,0,1,0
58209,3971,0.0,3.0,0.0,3,1,1,1,2,0,1,0
58313,1013,0.0,5.0,0.0,21,12,7,1,19,0,2,0
5844,4718,0.0,3.0,2.0,5,2,2,2,4,0,1,0
58752,3476,0.0,4.0,0.0,8,3,3,3,7,0,1,0
59177,4847,0.0,0.0,0.0,26,11,7,3,23,0,3,0
59692,4015,0.0,0.0,null,4,1,1,1,3,0,1,0
59891,1512,0.0,2.0,1.0,36,11,2,3,33,0,3,0
60181,4607,1.0,5.0,0.0,2,2,2,1,0,0,2,0
6019,1272,0.0,0.0,0.0,9,5,1,2,7,0,2,0
60221,3269,0.0,3.0,1.0,4,1,1,1,3,0,1,0
60626,3148,0.0,6.0,0.0,8,4,2,2,6,0,2,0
60640,960,0.0,6.0,1.0,4,1,1,2,3,0,1,0
6067,962,0.0,3.0,0.0,4,2,2,2,2,0,2,0
61052,2680,0.0,3.0,0.0,1,1,1,1,0,0,1,0
61305,1472,0.0,2.0,0.0,7,1,1,2,5,1,1,0
61313,3828,0.0,5.0,0.0,14,6,1,1,11,0,3,0
61412,4468,0.0,0.0,1.0,1,1,1,1,0,0,1,0
61470,1615,0.0,4.0,0.0,10,4,2,2,7,0,1,2
61990,4240,0.0,2.0,0.0,2,1,1,1,1,0,1,0
62128,1840,0.0,4.0,0.0,2,1,1,1,1,0,1,0
63817,4949,0.0,6.0,0.0,15,11,6,4,14,0,1,0
63901,2128,0.0,0.0,0.0,13,2,1,3,11,0,1,1
64070,2454,0.0,3.0,1.0,9,4,2,1,7,0,2,0
64277,685,0.0,0.0,0.0,3,1,1,1,2,0,1,0
64529,102,0.0,4.0,2.0,15,4,2,2,12,0,2,1
64545,3955,0.0,3.0,0.0,3,2,2,3,2,0,1,0
64557,1679,0.0,4.0,0.0,5,4,3,1,4,0,1,0
64854,938,0.0,6.0,0.0,4,3,2,1,3,0,1,0
65035,361,0.0,2.0,1.0,4,1,1,2,3,0,1,0
65069,2482,0.0,0.0,0.0,11,7,6,1,8,0,3,0
65214,416,1.0,3.0,0.0,25,21,7,2,24,0,1,0
65225,1102,0.0,4.0,2.0,2,1,1,1,1,0,1,0
65257,2073,0.0,4.0,0.0,3,1,1,1,2,0,1,0
65281,4463,0.0,5.0,1.0,28,5,1,5,27,0,1,0
65771,1123,0.0,2.0,null,5,1,1,3,4,0,1,0
66340,4044,0.0,0.0,1.0,2,2,2,2,1,0,1,0
66486,2954,0.0,4.0,0.0,2,1,1,1,1,0,1,0
6679,1501,0.0,6.0,0.0,28,5,3,2,26,1,1,0
66843,2482,0.0,2.0,0.0,17,7,6,2,13,0,1,3
67975,2684,0.0,0.0,0.0,2,1,1,1,1,0,1,0
68831,630,1.0,2.0,0.0,123,54,18,9,114,0,4,5
68840,1978,0.0,3.0,1.0,1,1,1,1,0,0,1,0
69508,1884,0.0,4.0,1.0,2,1,1,1,1,0,1,0
70493,4885,0.0,3.0,1.0,6,1,1,1,5,0,1,0
71073,2537,0.0,0.0,0.0,1,1,1,1,0,0,1,0
71197,4771,0.0,3.0,1.0,3,1,1,1,2,0,1,0
71818,860,1.0,6.0,0.0,7,3,3,2,5,0,2,0
72216,738,0.0,3.0,0.0,1,1,1,1,0,0,1,0
72271,3448,0.0,0.0,1.0,17,8,1,1,16,0,1,0
72279,4427,0.0,0.0,0.0,5,2,1,2,4,0,1,0
72312,1393,0.0,4.0,0.0,1,1,1,1,0,0,1,0
72676,747,0.0,4.0,0.0,12,1,1,4,10,0,1,1
72691,3876,0.0,4.0,0.0,5,2,1,1,4,0,1,0
72923,4220,0.0,0.0,1.0,14,2,2,1,10,0,4,0
72954,3828,0.0,5.0,1.0,30,24,8,5,28,0,1,1
73045,4368,0.0,3.0,0.0,3,1,1,1,2,0,1,0
73478,2055,0.0,6.0,0.0,1,1,1,1,0,0,1,0
7362,829,0.0,0.0,1.0,3,1,1,1,2,0,1,0
73807,4705,0.0,2.0,1.0,3,1,1,2,1,0,1,1
74010,4325,1.0,3.0,1.0,3,1,1,1,1,0,2,0
74385,2786,0.0,4.0,1.0,6,2,2,5,4,0,1,1
74674,4040,0.0,3.0,1.0,9,3,1,1,7,0,2,0
74788,4044,0.0,6.0,1.0,2,2,2,1,0,0,2,0
74806,4079,0.0,2.0,0.0,9,3,1,1,5,0,4,0
74895,1031,0.0,4.0,0.0,5,2,1,1,4,0,1,0
75003,3578,0.0,7.0,1.0,5,3,1,1,4,0,1,0
75199,552,1.0,5.0,0.0,9,3,2,2,7,0,1,1
75367,1900,0.0,4.0,0.0,5,1,1,2,4,0,1,0
75673,4966,0.0,3.0,0.0,2,2,1,2,0,0,1,1
75685,1916,0.0,5.0,0.0,1,1,1,1,0,0,1,0
75775,168,0.0,4.0,0.0,2,1,1,1,1,0,1,0
75830,4394,1.0,0.0,0.0,8,2,1,1,7,0,1,0
7607,1890,0.0,2.0,0.0,10,5,2,4,8,0,1,1
76433,2608,0.0,5.0,1.0,8,2,2,1,7,0,1,0
76909,2093,0.0,4.0,1.0,3,1,1,2,2,0,1,0
77164,1850,0.0,0.0,0.0,2,1,1,1,1,0,1,0
77312,4048,0.0,4.0,0.0,6,2,1,1,5,0,1,0
77364,2745,0.0,2.0,1.0,11,3,3,3,8,0,1,2
77839,3319,0.0,4.0,0.0,7,2,1,3,6,0,1,0
78604,2639,0.0,5.0,1.0,54,20,6,3,45,0,3,6
78871,4335,0.0,3.0,0.0,7,1,1,4,5,0,1,1
78935,3936,0.0,5.0,1.0,4,1,1,1,3,0,1,0
79373,4926,0.0,3.0,0.0,3,2,1,2,2,0,1,0
79706,2537,0.0,3.0,0.0,3,1,1,1,2,0,1,0
79954,3529,0.0,3.0,0.0,3,1,1,1,2,0,1,0
80191,3230,0.0,0.0,0.0,1,1,1,1,0,0,1,0
80296,1704,0.0,4.0,0.0,25,8,3,3,23,0,1,1
8075,1071,0.0,4.0,1.0,6,1,1,3,4,0,1,1
80773,3205,0.0,8.0,0.0,3,1,1,1,2,0,1,0
80782,747,0.0,3.0,0.0,12,2,1,2,11,0,1,0
80890,747,1.0,3.0,0.0,4,3,2,2,0,0,2,2
81701,4976,0.0,5.0,0.0,23,18,6,5,2,0,2,19
81940,1487,0.0,4.0,0.0,7,1,1,2,4,0,2,1
82179,3159,0.0,6.0,0.0,34,16,5,1,25,0,9,0
82367,4463,0.0,0.0,1.0,24,6,3,3,23,0,1,0
82389,1816,0.0,2.0,1.0,2,1,1,1,1,0,1,0
8255,3839,0.0,4.0,0.0,22,16,1,1,21,0,1,0
82904,3006,0.0,3.0,0.0,5,1,1,1,4,0,1,0
83678,35,0.0,4.0,1.0,14,4,2,4,13,0,1,0
8397,503,1.0,4.0,0.0,8,3,1,1,7,0,1,0
84187,2928,0.0,3.0,0.0,16,8,4,4,14,0,1,1
84337,4797,0.0,0.0,0.0,2,1,1,1,1,0,1,0
84533,3225,0.0,0.0,1.0,2,1,1,1,1,0,1,0
84679,1487,0.0,5.0,0.0,11,5,1,2,10,0,1,0
85535,1890,0.0,6.0,0.0,5,1,1,2,4,0,1,0
86174,4234,0.0,4.0,0.0,9,6,4,2,6,0,3,0
86287,4048,0.0,2.0,0.0,7,5,2,2,6,0,1,0
86435,4926,0.0,4.0,0.0,49,18,13,4,48,0,1,0
86929,4708,0.0,3.0,0.0,5,3,2,2,4,0,1,0
86986,4042,0.0,3.0,0.0,1,1,1,1,0,0,1,0
87768,3865,0.0,3.0,0.0,7,3,3,1,4,0,3,0
87809,4605,0.0,0.0,0.0,3,1,1,1,1,0,1,1
88073,3629,0.0,4.0,0.0,6,1,1,2,5,0,1,0
88356,4043,0.0,6.0,0.0,5,2,1,1,4,0,1,0
88786,2730,0.0,3.0,0.0,1,1,1,1,0,0,1,0
89341,4949,0.0,6.0,0.0,73,31,9,10,68,0,2,3
89404,3236,0.0,0.0,0.0,7,1,1,4,5,0,1,1
90049,117,0.0,6.0,0.0,6,1,1,2,5,0,1,0
90226,2768,1.0,2.0,0.0,32,17,6,2,24,0,1,7
90501,3205,0.0,3.0,0.0,6,1,1,3,1,0,4,1
90690,3990,0.0,3.0,0.0,2,1,1,1,0,0,1,1
90804,4818,0.0,3.0,1.0,3,1,1,1,2,0,1,0
9123,4919,0.0,0.0,1.0,3,1,1,1,2,0,1,0
92372,3236,0.0,2.0,0.0,4,2,1,2,3,0,1,0
93247,2436,0.0,0.0,0.0,21,12,6,5,19,0,2,0
93954,1056,0.0,4.0,0.0,1,1,1,1,0,0,1,0
94140,1892,0.0,4.0,1.0,2,1,1,1,1,0,1,0
94327,1200,0.0,3.0,0.0,3,1,1,2,2,0,1,0
94474,606,0.0,2.0,0.0,45,18,8,4,43,0,1,1
94893,3451,0.0,4.0,1.0,6,2,1,1,5,0,1,0
94902,574,0.0,5.0,1.0,3,1,1,1,2,0,1,0
95150,3971,0.0,2.0,0.0,10,3,3,2,9,0,1,0
95180,3971,0.0,3.0,0.0,10,2,1,1,9,0,1,0
95233,2435,0.0,4.0,0.0,1,1,1,1,0,0,1,0
95291,2482,0.0,0.0,0.0,5,1,1,2,3,0,2,0
95390,4044,0.0,0.0,0.0,9,6,2,2,6,0,1,2
95395,2193,0.0,0.0,0.0,4,2,2,1,2,0,2,0
95691,1892,0.0,0.0,1.0,14,8,4,1,11,0,2,1
96089,215,0.0,0.0,1.0,2,1,1,1,1,0,1,0
96695,308,0.0,4.0,1.0,29,12,2,3,27,0,2,0
97657,416,0.0,5.0,1.0,26,10,5,2,24,0,2,0
97673,1472,0.0,0.0,1.0,4,1,1,2,2,0,1,1
97921,841,0.0,3.0,0.0,2,1,1,1,1,0,1,0
98093,4745,0.0,5.0,1.0,19,7,1,1,18,0,1,0
98099,3319,0.0,4.0,1.0,3,1,1,1,2,0,1,0
98466,3473,0.0,5.0,0.0,11,5,1,3,10,0,1,0
98888,3042,0.0,3.0,1.0,1,1,1,1,0,0,1,0
9901,1489,0.0,3.0,0.0,6,3,1,3,4,0,1,1
99117,3990,0.0,4.0,1.0,6,3,1,3,4,0,1,1
99463,1999,0.0,3.0,1.0,31,8,2,2,27,0,4,0
99621,1892,0.0,3.0,0.0,21,11,4,2,19,0,2,0
