100095,3472,1.0,3.0,0.0,5,1,1,3,3,0,1,1
100580,360,0.0,5.0,1.0,12,5,1,1,11,0,1,0
100672,3126,0.0,5.0,0.0,11,4,3,1,8,0,3,0
100936,3152,0.0,5.0,1.0,22,8,1,3,20,0,2,0
101487,2895,0.0,0.0,0.0,14,2,2,3,11,0,1,2
101972,3578,0.0,3.0,null,17,6,2,1,13,0,1,3
10250,3472,0.0,2.0,2.0,1,1,1,1,0,0,1,0
102692,4933,0.0,3.0,0.0,5,2,1,1,4,0,1,0
102737,2789,0.0,0.0,0.0,4,1,1,1,3,0,1,0
102761,309,0.0,0.0,0.0,1,1,1,1,0,0,1,0
102889,4871,0.0,3.0,0.0,2,1,1,1,1,0,1,0
10299,2403,0.0,4.0,0.0,4,3,2,2,3,0,1,0
103308,1131,0.0,6.0,1.0,5,3,2,1,4,0,1,0
104232,3954,0.0,4.0,0.0,18,3,3,1,15,0,3,0
104277,534,0.0,4.0,0.0,33,20,1,1,31,0,2,0
104535,467,0.0,4.0,0.0,1,1,1,1,0,0,1,0
10457,1346,1.0,3.0,1.0,9,4,1,2,7,0,1,1
104753,1618,0.0,4.0,0.0,3,2,1,1,2,0,1,0
105471,2447,0.0,4.0,1.0,6,1,1,2,5,0,1,0
105856,2626,0.0,3.0,0.0,3,2,2,1,0,0,3,0
105971,946,0.0,5.0,1.0,1,1,1,1,0,0,1,0
106010,1861,0.0,null,2.0,2,1,1,1,1,0,1,0
106110,4864,0.0,6.0,0.0,19,4,2,1,18,0,1,0
106281,3990,0.0,3.0,0.0,8,4,2,2,7,0,1,0
106428,360,0.0,5.0,0.0,10,3,1,2,8,0,1,1
106445,2193,0.0,2.0,1.0,7,3,2,1,6,0,1,0
106883,4950,0.0,4.0,0.0,10,2,1,3,9,0,1,0
107668,412,0.0,0.0,0.0,12,5,2,2,11,0,1,0
108057,2821,0.0,3.0,1.0,6,1,1,2,5,0,1,0
108269,4079,0.0,0.0,0.0,4,1,1,1,3,0,1,0
108408,121,0.0,5.0,0.0,3,1,1,2,1,0,1,1
108633,798,0.0,5.0,0.0,1,1,1,1,0,0,1,0
108729,4471,0.0,5.0,0.0,12,1,1,3,11,0,1,0
109765,3173,0.0,7.0,1.0,8,1,1,1,3,0,5,0
10981,14,1.0,4.0,1.0,27,9,1,3,25,0,2,0
11035,4044,0.0,3.0,0.0,21,15,5,2,20,0,1,0
110515,3862,0.0,3.0,null,1,1,1,1,0,0,1,0
110839,1346,0.0,3.0,0.0,2,2,1,1,0,0,1,1
111281,3828,0.0,3.0,0.0,10,5,4,3,9,0,1,0
111836,1352,0.0,0.0,0.0,14,3,2,5,13,0,1,0
112872,2699,0.0,6.0,0.0,5,3,2,1,1,0,4,0
112980,1081,0.0,6.0,0.0,13,3,1,2,11,0,2,0
113017,3828,0.0,5.0,0.0,6,2,1,2,5,0,1,0
113142,1661,0.0,0.0,1.0,4,2,1,1,3,0,1,0
11336,2954,0.0,3.0,0.0,5,1,1,2,4,0,1,0
113627,4402,0.0,3.0,0.0,16,7,2,2,13,0,1,2
113764,1353,0.0,3.0,1.0,7,3,2,1,6,0,1,0
113826,4589,0.0,3.0,0.0,5,4,2,2,4,0,1,0
114520,4818,1.0,0.0,1.0,14,9,2,2,12,0,2,0
114814,63,0.0,5.0,0.0,9,5,3,2,8,0,1,0
114897,4026,0.0,4.0,2.0,8,1,1,3,6,0,1,1
115481,3225,0.0,0.0,0.0,4,2,1,2,2,0,1,1
115558,4261,0.0,4.0,0.0,3,2,1,1,1,0,2,0
115744,4044,0.0,3.0,0.0,206,73,13,4,196,0,9,1
116940,1075,0.0,7.0,1.0,19,2,1,4,17,0,1,1
117820,361,0.0,0.0,0.0,1,1,1,1,0,0,1,0
118213,3355,0.0,3.0,0.0,1,1,1,1,0,0,1,0
11823,4143,0.0,4.0,0.0,153,82,14,3,152,0,1,0
118605,2803,0.0,4.0,0.0,4,1,1,2,3,0,1,0
118770,4444,0.0,4.0,1.0,9,3,2,2,6,0,3,0
119014,2173,0.0,4.0,1.0,5,1,1,1,4,0,1,0
119261,4388,0.0,2.0,1.0,1,1,1,1,0,0,1,0
119865,3319,0.0,4.0,1.0,8,1,1,3,7,0,1,0
119892,1703,0.0,4.0,0.0,6,3,2,3,2,0,1,3
120211,4585,0.0,0.0,1.0,26,5,2,2,21,0,2,3
120674,3640,0.0,2.0,0.0,3,1,1,1,2,0,1,0
120739,2511,0.0,3.0,0.0,5,2,2,3,4,0,1,0
121143,2288,0.0,0.0,0.0,6,1,1,1,5,0,1,0
121584,861,0.0,3.0,0.0,3,1,1,1,2,0,1,0
121687,1102,0.0,3.0,0.0,42,12,1,4,37,0,1,4
121934,1916,0.0,3.0,2.0,5,2,1,2,4,0,1,0
121988,1126,0.0,7.0,0.0,72,28,7,16,66,0,1,5
122068,803,1.0,2.0,0.0,16,9,2,1,15,0,1,0
122592,1875,0.0,6.0,1.0,23,11,5,1,18,0,5,0
122906,4221,1.0,2.0,0.0,3,1,1,1,1,0,1,1
123151,1710,0.0,4.0,0.0,10,1,1,1,9,0,1,0
123277,4131,0.0,0.0,0.0,5,1,1,2,4,0,1,0
12336,1448,0.0,3.0,0.0,3,1,1,1,2,0,1,0
123419,1762,0.0,0.0,0.0,2,1,1,1,1,0,1,0
123648,3558,0.0,0.0,0.0,5,1,1,1,4,0,1,0
123776,3635,0.0,null,null,6,1,1,1,5,0,1,0
123928,2138,0.0,0.0,0.0,12,6,2,1,9,0,3,0
124454,946,0.0,4.0,1.0,57,31,5,5,53,0,4,0
124458,9,0.0,3.0,1.0,7,1,1,3,5,0,1,1
124586,1840,0.0,0.0,1.0,2,1,1,1,1,0,1,0
124832,1491,0.0,0.0,0.0,2,1,1,1,1,0,1,0
125673,4500,1.0,2.0,0.0,1,1,1,1,0,0,1,0
125717,148,0.0,4.0,1.0,26,7,5,3,24,0,2,0
125905,3323,0.0,4.0,0.0,5,1,1,1,4,0,1,0
126022,2821,0.0,0.0,0.0,1,1,1,1,0,0,1,0
126177,1495,0.0,6.0,0.0,6,1,1,1,5,0,1,0
126816,145,0.0,4.0,0.0,4,2,1,1,3,0,1,0
12710,503,0.0,3.0,2.0,8,5,1,1,7,0,1,0
127759,1704,0.0,4.0,0.0,2,1,1,1,1,0,1,0
127847,4494,0.0,0.0,0.0,29,1,1,1,28,0,1,0
12835,412,0.0,2.0,0.0,1,1,1,1,0,0,1,0
128380,4049,0.0,4.0,1.0,9,3,1,5,7,0,1,1
128656,4150,0.0,3.0,1.0,2,1,1,1,1,0,1,0
128734,3912,0.0,4.0,0.0,10,4,2,1,7,0,3,0
128833,4044,0.0,4.0,0.0,8,6,4,1,7,0,1,0
128918,1605,0.0,5.0,0.0,48,18,2,7,43,0,2,3
129048,361,0.0,5.0,0.0,18,12,3,1,17,0,1,0
129476,4993,0.0,2.0,1.0,4,2,1,2,3,0,1,0
12953,1412,0.0,3.0,0.0,3,1,1,2,2,0,1,0
129708,1212,0.0,0.0,0.0,2,1,1,1,1,0,1,0
129845,3967,0.0,3.0,1.0,6,2,1,1,5,0,1,0
129913,1310,0.0,2.0,0.0,4,2,1,1,3,0,1,0
130133,3588,0.0,3.0,0.0,6,1,1,1,4,0,1,1
130150,841,0.0,0.0,0.0,2,1,1,1,0,0,2,0
130207,132,0.0,2.0,1.0,5,1,1,2,4,0,1,0
130596,2435,0.0,3.0,0.0,5,3,1,1,4,0,1,0
13120,1393,1.0,4.0,0.0,45,30,10,7,43,0,2,0
131202,2072,0.0,6.0,0.0,1,1,1,1,0,0,1,0
131244,4282,0.0,4.0,0.0,16,10,4,2,15,0,1,0
131301,2031,0.0,3.0,1.0,6,2,1,1,5,0,1,0
131662,4585,0.0,3.0,0.0,3,1,1,1,2,0,1,0
131760,2022,0.0,4.0,1.0,12,4,1,2,11,0,1,0
13225,1500,0.0,0.0,0.0,7,1,1,2,6,0,1,0
132798,4794,0.0,3.0,0.0,12,1,1,1,11,0,1,0
133044,2537,0.0,0.0,0.0,5,2,1,1,4,0,1,0
133449,4043,0.0,2.0,0.0,11,5,4,4,8,0,3,0
133609,2138,0.0,6.0,0.0,16,8,5,1,13,0,3,0
133619,4234,0.0,0.0,2.0,10,8,4,3,9,0,1,0
133989,4039,0.0,0.0,0.0,6,1,1,1,4,0,1,1
134324,682,0.0,0.0,0.0,11,5,3,3,10,0,1,0
134476,4564,0.0,4.0,0.0,5,1,1,2,4,0,1,0
134726,2341,0.0,7.0,0.0,3,3,3,1,1,0,2,0
134978,4044,0.0,6.0,1.0,3,1,1,2,2,0,1,0
135835,4525,0.0,0.0,0.0,22,8,1,2,19,0,3,0
136879,2565,0.0,3.0,0.0,12,3,1,3,9,0,1,2
13733,4129,0.0,4.0,0.0,18,12,4,2,15,0,3,0
137712,2780,0.0,0.0,1.0,3,2,1,1,2,0,1,0
13829,2403,0.0,0.0,1.0,12,9,3,1,8,0,4,0
138606,2217,0.0,0.0,0.0,2,1,1,1,1,0,1,0
138861,1356,0.0,4.0,0.0,7,6,3,3,1,0,1,5
139098,3152,0.0,2.0,0.0,5,1,1,2,3,0,1,1
13956,2721,0.0,5.0,0.0,17,10,4,1,14,0,2,1
139689,3159,0.0,5.0,0.0,10,3,3,2,8,0,2,0
140196,4339,0.0,6.0,0.0,3,2,2,1,2,0,1,0
142322,2821,0.0,0.0,0.0,6,2,1,1,5,0,1,0
142599,2149,0.0,3.0,0.0,5,2,1,2,4,0,1,0
142843,3323,0.0,4.0,0.0,10,3,1,1,8,0,2,0
143066,4647,0.0,0.0,0.0,2,1,1,1,1,0,1,0
143096,4195,0.0,5.0,1.0,5,3,1,1,4,0,1,0
143245,4173,0.0,0.0,1.0,9,5,4,2,8,0,1,0
143599,3484,0.0,4.0,1.0,7,1,1,3,5,0,1,1
143745,3624,0.0,0.0,0.0,16,4,1,4,13,0,1,2
144133,4705,0.0,2.0,1.0,3,1,1,1,2,0,1,0
144222,2629,0.0,4.0,0.0,14,4,1,3,13,0,1,0
144426,3635,0.0,5.0,0.0,7,2,1,2,6,0,1,0
144759,1200,0.0,3.0,1.0,5,2,1,1,3,0,2,0
144773,3828,1.0,0.0,0.0,18,8,6,4,17,0,1,0
144915,46,0.0,5.0,0.0,7,1,1,2,6,0,1,0
144946,141,1.0,2.0,0.0,23,13,6,2,22,0,1,0
145493,1049,0.0,2.0,1.0,3,1,1,1,2,0,1,0
145810,4558,0.0,6.0,0.0,4,1,1,1,1,0,3,0
146149,503,0.0,0.0,0.0,11,5,1,1,9,0,2,0
146174,4607,0.0,5.0,0.0,3,1,1,1,2,0,1,0
146313,4976,0.0,3.0,0.0,17,8,4,2,16,0,1,0
146562,2791,0.0,3.0,1.0,23,10,3,3,20,0,2,1
146805,798,0.0,2.0,0.0,88,9,6,4,86,0,1,1
147116,4385,0.0,2.0,0.0,5,2,1,2,4,0,1,0
147439,1500,0.0,3.0,1.0,18,1,1,3,16,0,2,0
147540,793,0.0,6.0,1.0,7,3,2,3,6,0,1,0
147753,1142,0.0,0.0,1.0,3,2,1,1,2,0,1,0
147964,1861,0.0,6.0,0.0,8,3,1,2,6,0,1,1
148100,4966,0.0,4.0,0.0,1,1,1,1,0,0,1,0
148614,2447,0.0,6.0,1.0,18,2,1,1,16,0,1,1
148660,1193,0.0,0.0,1.0,17,1,1,2,15,0,1,1
148894,3236,0.0,0.0,0.0,6,2,1,1,4,0,1,1
149030,3828,0.0,6.0,1.0,4,3,3,1,3,0,1,0
149472,2403,0.0,3.0,0.0,30,21,2,2,26,0,4,0
1498,1647,0.0,0.0,0.0,4,1,1,3,3,0,1,0
149905,168,0.0,3.0,0.0,2,1,1,1,1,0,1,0
150630,2821,0.0,3.0,0.0,11,5,2,2,10,0,1,0
15081,3444,0.0,3.0,1.0,6,1,1,1,5,0,1,0
151184,2170,0.0,0.0,1.0,2,1,1,1,1,0,1,0
151267,4481,0.0,4.0,0.0,15,6,3,2,12,0,1,2
151720,4818,0.0,3.0,1.0,2,2,2,1,1,0,1,0
151894,3152,1.0,3.0,0.0,8,3,1,1,5,0,3,0
152034,2954,0.0,3.0,1.0,1,1,1,1,0,0,1,0
152039,4472,0.0,4.0,1.0,1,1,1,1,0,0,1,0
152781,3462,1.0,2.0,0.0,1,1,1,1,0,0,1,0
153088,1679,0.0,0.0,1.0,5,2,2,1,4,0,1,0
153214,189,0.0,3.0,0.0,4,2,1,1,0,0,2,2
153311,3323,1.0,4.0,2.0,27,5,1,2,26,0,1,0
153518,1393,0.0,5.0,null,3,1,1,1,2,0,1,0
153673,2447,0.0,3.0,0.0,3,1,1,1,2,0,1,0
15404,721,0.0,0.0,0.0,4,2,1,1,3,0,1,0
154109,1536,0.0,6.0,0.0,28,6,5,5,22,0,3,3
154323,1501,0.0,3.0,0.0,3,1,1,1,2,0,1,0
154331,3152,0.0,2.0,1.0,11,3,1,1,10,0,1,0
154484,3016,0.0,6.0,1.0,7,6,1,2,6,0,1,0
155548,3689,0.0,3.0,0.0,26,12,6,3,21,0,5,0
155590,2556,0.0,5.0,0.0,1,1,1,1,0,0,1,0
155594,10,0.0,0.0,0.0,18,9,4,3,16,0,2,0
155898,434,0.0,5.0,0.0,10,4,1,3,9,0,1,0
15603,219,1.0,4.0,0.0,22,9,1,1,18,0,1,3
156394,4744,0.0,2.0,0.0,6,1,1,2,4,0,1,1
156429,2864,0.0,5.0,1.0,3,1,1,1,2,0,1,0
156708,1050,0.0,0.0,1.0,8,1,1,1,6,0,2,0
156913,2273,0.0,3.0,0.0,8,5,2,3,7,0,1,0
157000,2273,0.0,4.0,0.0,3,1,1,1,2,0,1,0
158663,1359,0.0,0.0,0.0,2,1,1,1,1,0,1,0
159137,1342,0.0,3.0,1.0,7,1,1,1,6,0,1,0
159800,4048,0.0,null,null,9,1,1,4,8,0,1,0
160173,2008,1.0,0.0,0.0,9,3,1,3,8,0,1,0
160198,1963,1.0,5.0,1.0,77,42,2,8,76,0,1,0
160621,1467,0.0,2.0,0.0,6,3,1,1,5,0,1,0
160871,2173,0.0,6.0,0.0,13,1,1,3,10,0,2,1
161590,4413,0.0,0.0,0.0,6,1,1,5,4,0,1,1
161805,2273,0.0,6.0,1.0,4,1,1,1,3,0,1,0
162072,219,0.0,0.0,0.0,13,1,1,4,12,0,1,0
162230,3516,0.0,5.0,1.0,6,3,2,3,5,0,1,0
162779,4876,0.0,3.0,1.0,6,3,1,2,5,0,1,0
162860,2856,1.0,3.0,0.0,2,1,1,1,1,0,1,0
163073,3170,0.0,0.0,0.0,2,1,1,1,1,0,1,0
163528,951,0.0,2.0,0.0,5,1,1,1,3,0,2,0
163574,310,1.0,0.0,1.0,15,3,2,4,13,0,2,0
163640,2810,0.0,0.0,1.0,2,1,1,1,1,0,1,0
163808,4388,0.0,2.0,0.0,2,1,1,1,1,0,1,0
16495,4049,0.0,3.0,0.0,6,3,2,3,5,0,1,0
165048,3734,0.0,3.0,1.0,23,6,4,4,20,0,3,0
165586,1379,0.0,4.0,1.0,8,5,2,1,7,0,1,0
166321,547,0.0,3.0,0.0,6,1,1,2,5,0,1,0
166380,326,0.0,0.0,0.0,4,1,1,2,3,0,1,0
166779,1298,0.0,0.0,0.0,2,1,1,1,1,0,1,0
167056,1500,0.0,6.0,0.0,7,1,1,1,5,0,1,1
167183,1910,0.0,0.0,0.0,13,5,4,4,12,0,1,0
167268,1346,0.0,3.0,0.0,3,1,1,1,2,0,1,0
167576,1102,0.0,4.0,0.0,41,20,5,6,37,0,4,0
168184,3580,0.0,0.0,0.0,26,14,5,3,25,0,1,0
168290,1102,0.0,3.0,0.0,43,25,7,5,37,0,1,5
168459,2138,1.0,3.0,0.0,34,15,5,2,18,1,3,12
168554,3051,0.0,6.0,0.0,2,1,1,1,0,0,2,0
168697,3753,0.0,3.0,1.0,3,1,1,1,2,0,1,0
169240,2928,0.0,5.0,0.0,3,2,1,1,2,0,1,0
169257,4280,0.0,0.0,0.0,4,1,1,2,3,0,1,0
169497,4163,0.0,0.0,0.0,8,3,1,3,7,0,1,0
169714,4044,0.0,3.0,0.0,8,7,4,4,6,0,1,1
169783,2856,0.0,3.0,0.0,27,14,1,2,26,0,1,0
169958,3925,0.0,5.0,2.0,16,4,3,5,15,0,1,0
16999,4044,1.0,4.0,1.0,85,65,11,3,81,0,4,0
170023,685,0.0,5.0,0.0,27,5,1,4,24,0,1,2
170076,1618,0.0,3.0,1.0,8,2,2,3,6,0,2,0
170347,2303,0.0,6.0,0.0,8,3,1,2,6,0,2,0
170832,4938,0.0,3.0,0.0,5,1,1,1,4,0,1,0
17144,1062,0.0,0.0,0.0,3,1,1,1,2,0,1,0
171662,2217,0.0,0.0,0.0,17,7,2,2,16,0,1,0
172067,1102,0.0,4.0,1.0,10,1,1,1,9,0,1,0
172110,390,0.0,5.0,2.0,4,2,1,1,3,0,1,0
172190,643,0.0,0.0,0.0,9,5,2,2,8,0,1,0
172243,4847,1.0,4.0,0.0,7,6,3,3,4,0,3,0
172490,625,0.0,4.0,0.0,7,2,1,1,6,0,1,0
172535,793,0.0,4.0,0.0,8,3,1,1,7,0,1,0
173257,1102,1.0,0.0,0.0,62,33,12,4,45,0,3,14
17405,1393,0.0,4.0,0.0,34,22,7,6,28,0,2,4
174123,4079,0.0,3.0,0.0,3,1,1,1,2,0,1,0
17413,4115,0.0,0.0,0.0,4,1,1,1,3,0,1,0
174400,4697,0.0,5.0,1.0,6,1,1,3,5,0,1,0
174501,310,0.0,2.0,1.0,2,1,1,2,0,0,1,1
174858,2569,0.0,5.0,0.0,24,12,1,1,22,0,2,0
17492,542,0.0,3.0,1.0,4,2,1,1,3,0,1,0
175082,1210,0.0,2.0,0.0,9,5,3,2,8,0,1,0
175936,2397,0.0,0.0,0.0,5,3,2,1,3,0,2,0
176078,1983,0.0,3.0,0.0,3,2,1,1,2,0,1,0
176087,3865,0.0,2.0,1.0,5,3,3,1,4,0,1,0
176229,4735,0.0,5.0,0.0,9,1,1,1,8,0,1,0
176326,2644,0.0,4.0,1.0,12,4,2,1,11,0,1,0
176978,1346,0.0,5.0,2.0,2,1,1,1,1,0,1,0
177248,1679,0.0,0.0,1.0,7,1,1,1,5,0,2,0
17726,4648,0.0,3.0,0.0,12,7,6,3,8,0,3,1
177269,3614,0.0,0.0,1.0,1,1,1,1,0,0,1,0
177528,4099,0.0,6.0,0.0,78,42,6,4,77,0,1,0
177681,2730,0.0,3.0,1.0,3,1,1,1,2,0,1,0
177894,1071,0.0,4.0,1.0,2,1,1,1,1,0,1,0
177996,289,0.0,0.0,1.0,10,5,1,1,9,0,1,0
178056,4261,0.0,0.0,0.0,19,7,4,2,12,0,7,0
178125,1916,0.0,0.0,0.0,4,1,1,1,2,0,2,0
17835,4950,0.0,0.0,0.0,4,3,1,3,0,1,1,2
178722,2721,0.0,0.0,0.0,5,3,2,1,4,0,1,0
17910,798,0.0,3.0,0.0,4,2,2,2,3,0,1,0
17931,4090,0.0,6.0,1.0,7,1,1,1,6,0,1,0
179446,3062,0.0,2.0,0.0,4,1,1,1,3,0,1,0
17956,2537,0.0,4.0,0.0,19,8,5,3,17,0,2,0
179809,3152,0.0,4.0,0.0,1,1,1,1,0,0,1,0
17992,297,0.0,0.0,0.0,1,1,1,1,0,0,1,0
179931,2136,0.0,3.0,1.0,62,30,5,11,39,0,5,18
179995,2639,0.0,6.0,0.0,11,3,2,2,10,0,1,0
180111,2241,0.0,4.0,0.0,11,2,2,3,2,0,6,3
180116,4605,0.0,0.0,0.0,2,1,1,1,1,0,1,0
181090,3828,1.0,0.0,0.0,4,3,3,2,3,0,1,0
181340,547,0.0,5.0,0.0,5,2,1,1,4,0,1,0
181498,3828,0.0,0.0,0.0,7,5,4,4,4,0,1,2
181869,1142,0.0,3.0,0.0,5,1,1,1,4,0,1,0
181951,2669,0.0,3.0,0.0,4,2,1,1,3,0,1,0
182711,4976,0.0,3.0,0.0,9,8,3,1,8,0,1,0
183428,2537,0.0,3.0,0.0,6,2,2,1,5,0,1,0
183835,1359,0.0,3.0,0.0,4,1,1,1,3,0,1,0
183991,1854,0.0,3.0,0.0,1,1,1,1,0,0,1,0
184357,3826,0.0,3.0,1.0,1,1,1,1,0,0,1,0
18467,4864,0.0,0.0,0.0,38,13,3,1,37,0,1,0
184868,4860,0.0,3.0,1.0,8,1,1,1,6,0,1,1
184972,4173,0.0,3.0,0.0,42,12,6,2,41,0,1,0
1860,4504,0.0,0.0,0.0,21,12,1,1,20,0,1,0
186079,643,0.0,4.0,0.0,17,11,6,1,16,0,1,0
186906,614,0.0,4.0,0.0,1,1,1,1,0,0,1,0
187388,1102,0.0,3.0,0.0,257,40,9,4,252,0,2,3
187438,4049,0.0,3.0,0.0,20,4,1,7,16,0,1,3
18794,3022,0.0,0.0,1.0,3,1,1,1,2,0,1,0
188113,1760,0.0,4.0,0.0,1,1,1,1,0,0,1,0
188152,4760,0.0,3.0,0.0,54,11,3,2,51,0,1,2
188222,3473,0.0,4.0,0.0,3,2,2,2,0,0,1,2
188269,4150,0.0,4.0,1.0,5,2,1,1,4,0,1,0
188902,3578,0.0,4.0,2.0,3,1,1,1,2,0,1,0
189876,1890,0.0,0.0,0.0,2,2,1,1,0,0,2,0
19006,4427,0.0,3.0,1.0,2,1,1,1,1,0,1,0
190421,4044,0.0,0.0,1.0,2,1,1,2,0,0,1,1
190818,141,0.0,0.0,0.0,5,2,2,3,4,0,1,0
19103,3018,0.0,2.0,0.0,1,1,1,1,0,0,1,0
19179,1494,0.0,4.0,0.0,18,8,2,1,17,0,1,0
191849,2821,0.0,3.0,0.0,5,1,1,1,4,0,1,0
191953,962,1.0,0.0,0.0,2,1,1,1,1,0,1,0
192401,4173,0.0,3.0,0.0,34,27,8,5,32,0,2,0
192776,1500,0.0,4.0,0.0,2,1,1,1,1,0,1,0
192946,102,0.0,3.0,0.0,19,6,2,3,18,0,1,0
193537,2229,0.0,3.0,1.0,6,5,4,3,1,0,1,4
193665,4173,0.0,4.0,0.0,14,5,2,2,11,0,2,1
193735,2273,0.0,3.0,0.0,2,1,1,1,1,0,1,0
193739,1621,0.0,3.0,2.0,6,3,1,1,4,0,2,0
193840,3773,0.0,0.0,0.0,2,1,1,1,1,0,1,0
19417,3803,0.0,4.0,0.0,19,13,1,3,17,0,1,1
194193,4234,0.0,3.0,0.0,2,1,1,2,1,0,1,0
194288,1892,0.0,3.0,2.0,37,29,7,2,26,0,5,6
195033,4605,0.0,0.0,0.0,2,2,2,2,1,0,1,0
195057,4248,0.0,5.0,0.0,4,1,1,1,3,0,1,0
195622,3645,0.0,2.0,0.0,1,1,1,1,0,0,1,0
195703,4491,0.0,3.0,2.0,1,1,1,1,0,0,1,0
195786,1102,0.0,2.0,0.0,23,17,5,2,22,0,1,0
195833,4847,1.0,4.0,0.0,45,21,5,7,43,0,2,0
195945,2361,0.0,0.0,0.0,3,1,1,1,2,0,1,0
197318,2869,0.0,0.0,0.0,2,1,1,1,1,0,1,0
19763,3971,0.0,0.0,0.0,12,5,1,1,10,0,2,0
198533,1618,0.0,3.0,0.0,5,2,1,1,4,0,1,0
198624,423,0.0,0.0,0.0,12,6,1,2,11,0,1,0
199353,415,0.0,0.0,0.0,3,1,1,1,2,0,1,0
199454,4894,0.0,2.0,1.0,2,1,1,1,1,0,1,0
199552,2318,1.0,6.0,0.0,8,3,1,2,7,0,1,0
199945,2872,0.0,5.0,0.0,8,4,4,1,7,0,1,0
199946,1968,0.0,2.0,0.0,3,2,2,1,2,0,1,0
200107,1150,0.0,3.0,0.0,3,1,1,1,2,0,1,0
200209,1892,0.0,3.0,1.0,25,15,7,1,22,0,3,0
200455,4044,0.0,2.0,0.0,69,40,9,8,62,0,1,6
200477,2556,0.0,0.0,1.0,3,1,1,1,2,0,1,0
200602,4648,0.0,3.0,0.0,55,13,3,2,41,0,8,6
200908,4079,0.0,0.0,0.0,3,1,1,1,2,0,1,0
201126,4871,1.0,4.0,0.0,2,2,1,1,1,0,1,0
201174,697,1.0,4.0,0.0,16,3,2,4,14,0,1,1
202021,798,0.0,2.0,0.0,10,5,5,1,5,0,5,0
203879,4607,0.0,3.0,1.0,7,2,1,3,6,0,1,0
203890,2537,0.0,null,null,6,4,2,1,4,0,1,1
204041,1890,0.0,4.0,1.0,18,7,2,5,16,0,1,1
204159,4287,0.0,3.0,1.0,4,2,1,1,3,0,1,0
204206,2664,0.0,0.0,0.0,7,2,1,1,6,0,1,0
204799,1356,0.0,0.0,0.0,2,1,1,1,1,0,1,0
204911,685,0.0,4.0,0.0,6,3,1,2,5,0,1,0
205908,1808,0.0,0.0,0.0,7,1,1,3,5,0,1,1
206376,3170,0.0,3.0,0.0,9,4,2,1,8,0,1,0
206929,415,0.0,3.0,0.0,6,2,2,1,5,0,1,0
206998,4050,0.0,3.0,1.0,2,1,1,1,1,0,1,0
207066,4079,0.0,5.0,0.0,2,1,1,1,1,0,1,0
207595,4287,0.0,6.0,1.0,1,1,1,1,0,0,1,0
207791,2102,1.0,0.0,0.0,4,3,2,1,1,0,3,0
209031,1131,0.0,3.0,0.0,4,2,2,2,3,0,1,0
209071,1221,0.0,4.0,0.0,15,2,1,1,14,0,1,0
20948,2158,0.0,0.0,null,3,1,1,1,2,0,1,0
209973,4724,0.0,6.0,1.0,5,1,1,1,3,0,2,0
210434,1816,0.0,3.0,1.0,6,2,2,2,3,0,1,2
210470,3545,0.0,3.0,0.0,2,1,1,2,0,0,1,1
21069,4605,0.0,2.0,0.0,5,2,2,1,4,0,1,0
210988,962,0.0,2.0,0.0,5,1,1,3,4,0,1,0
211068,4385,0.0,7.0,0.0,13,3,1,1,11,0,2,0
211472,2545,0.0,3.0,0.0,9,3,1,1,7,0,2,0
211639,1145,0.0,0.0,0.0,1,1,1,1,0,0,1,0
211652,3529,0.0,4.0,1.0,8,2,2,2,6,1,1,0
211659,1900,0.0,0.0,1.0,2,1,1,1,1,0,1,0
21167,1346,0.0,0.0,0.0,90,16,1,9,78,0,2,10
211997,598,0.0,2.0,1.0,6,1,1,1,5,0,1,0
213395,606,0.0,0.0,0.0,15,9,1,1,14,0,1,0
213468,4048,0.0,0.0,0.0,3,1,1,1,2,0,1,0
213846,3472,0.0,2.0,1.0,8,4,2,1,6,0,2,0
214084,2537,0.0,3.0,1.0,4,2,2,2,2,0,2,0
214141,4049,0.0,4.0,1.0,20,6,4,3,18,0,2,0
214265,534,1.0,0.0,0.0,3,1,1,2,2,0,1,0
214398,2318,0.0,4.0,0.0,18,8,2,2,16,0,1,1
214732,1484,0.0,7.0,0.0,9,1,1,5,8,0,1,0
215191,2916,0.0,3.0,0.0,2,1,1,2,0,0,1,1
215584,4485,0.0,3.0,0.0,6,1,1,1,5,0,1,0
216309,4933,0.0,3.0,0.0,11,2,1,2,9,0,1,1
216537,1760,1.0,2.0,0.0,8,4,2,3,4,0,3,1
216543,3828,0.0,0.0,0.0,8,2,1,4,7,0,1,0
216662,372,0.0,4.0,0.0,3,1,1,1,2,0,1,0
216822,3588,0.0,0.0,1.0,3,1,1,1,1,0,2,0
216990,1861,0.0,4.0,1.0,2,1,1,1,0,0,1,1
217139,1526,0.0,2.0,0.0,14,3,1,3,11,0,3,0
217445,2149,0.0,3.0,0.0,16,6,2,6,14,0,1,1
21780,242,0.0,5.0,1.0,1,1,1,1,0,0,1,0
218411,798,0.0,2.0,0.0,4,2,2,2,0,0,1,3
218519,4090,0.0,0.0,0.0,7,3,1,1,6,0,1,0
218652,3668,0.0,4.0,0.0,1,1,1,1,0,0,1,0
218664,4504,0.0,0.0,0.0,13,4,1,1,12,0,1,0
21928,4044,0.0,3.0,0.0,113,62,13,20,109,0,1,3
21952,1487,0.0,4.0,0.0,34,9,1,3,33,0,1,0
219711,630,0.0,8.0,1.0,14,7,4,2,11,0,2,1
220676,2082,0.0,3.0,0.0,37,3,1,2,35,0,2,0
221059,2824,0.0,0.0,1.0,18,6,2,2,16,1,1,0
221220,742,0.0,5.0,0.0,7,2,2,4,4,0,1,2
221559,2138,0.0,6.0,0.0,6,1,1,1,5,0,1,0
221960,1642,0.0,3.0,1.0,3,1,1,1,2,0,1,0
22284,1131,0.0,6.0,0.0,19,9,5,4,16,0,1,2
223481,1408,0.0,0.0,0.0,9,2,1,1,8,0,1,0
223716,2193,0.0,3.0,0.0,6,3,1,2,5,0,1,0
223721,4079,0.0,4.0,0.0,5,2,1,1,1,0,4,0
223887,3205,0.0,4.0,0.0,16,8,2,2,7,0,1,8
224835,1840,0.0,5.0,1.0,27,18,6,2,25,0,2,0
224974,3345,0.0,0.0,0.0,4,1,1,1,3,0,1,0
225628,1803,0.0,3.0,0.0,5,2,2,1,4,0,1,0
225993,4357,0.0,4.0,0.0,3,2,2,1,1,0,2,0
22604,1692,1.0,0.0,1.0,23,8,1,4,19,3,1,0
226594,4659,0.0,3.0,0.0,14,4,1,2,10,0,2,2
226669,3826,0.0,4.0,1.0,5,3,1,2,4,0,1,0
226944,2393,0.0,3.0,1.0,5,1,1,1,4,0,1,0
226953,1850,0.0,2.0,0.0,2,1,1,1,1,0,1,0
227649,2537,0.0,4.0,1.0,1,1,1,1,0,0,1,0
227743,357,0.0,2.0,0.0,1,1,1,1,0,0,1,0
227958,3828,0.0,4.0,0.0,15,4,2,7,14,0,1,0
228094,1221,0.0,2.0,0.0,4,4,2,2,3,0,1,0
22847,1393,0.0,3.0,0.0,7,3,2,1,4,0,2,1
2290,3306,0.0,0.0,0.0,7,2,2,1,5,0,1,1
229929,738,0.0,3.0,0.0,7,1,1,1,5,0,2,0
230677,698,0.0,5.0,1.0,4,3,1,1,3,0,1,0
230891,2821,0.0,6.0,0.0,2,1,1,1,1,0,1,0
231324,4173,0.0,3.0,1.0,1,1,1,1,0,0,1,0
231574,2445,0.0,4.0,1.0,56,11,2,1,55,0,1,0
232215,4750,0.0,2.0,1.0,2,1,1,2,0,0,1,1
232514,4536,0.0,2.0,1.0,7,2,1,1,5,0,2,0
232530,1347,0.0,3.0,0.0,3,2,1,1,2,0,1,0
232797,1102,0.0,2.0,0.0,72,32,5,8,71,0,1,0
232913,1886,0.0,4.0,0.0,6,2,1,2,4,0,1,1
233238,2577,0.0,4.0,1.0,2,1,1,1,1,0,1,0
233297,2639,0.0,4.0,2.0,6,1,1,1,3,0,3,0
233535,3938,0.0,2.0,0.0,2,1,1,1,1,0,1,0
233986,3034,0.0,2.0,0.0,3,1,1,2,2,0,1,0
23505,3887,1.0,6.0,0.0,5,2,2,1,2,0,1,2
235163,2553,0.0,4.0,0.0,2,1,1,1,1,0,1,0
235492,2102,0.0,6.0,0.0,2,1,1,1,1,0,1,0
23616,3889,0.0,5.0,0.0,2,1,1,1,1,0,1,0
236185,1296,0.0,0.0,1.0,9,4,2,1,7,0,2,0
236456,2036,0.0,3.0,null,4,2,2,1,3,0,1,0
236639,935,0.0,0.0,1.0,13,3,1,5,12,0,1,0
236972,1661,0.0,3.0,0.0,6,2,1,4,5,0,1,0
237472,2904,0.0,2.0,0.0,7,1,1,2,5,0,1,1
237560,4525,1.0,6.0,0.0,34,22,2,2,32,0,2,0
237613,4073,0.0,3.0,1.0,2,1,1,1,1,0,1,0
237939,3448,0.0,5.0,0.0,20,5,1,5,18,1,1,0
23802,1963,0.0,0.0,0.0,6,1,1,1,4,0,2,0
238153,951,0.0,2.0,0.0,2,1,1,1,1,0,1,0
23862,4858,0.0,0.0,0.0,9,1,1,2,7,0,1,1
238837,4090,0.0,3.0,0.0,14,1,1,1,12,0,1,1
239588,4363,0.0,0.0,0.0,28,5,2,2,27,0,1,0
239882,1892,0.0,5.0,1.0,10,6,5,3,7,1,1,1
239912,4368,0.0,0.0,1.0,2,1,1,1,1,0,1,0
239982,3990,0.0,5.0,0.0,6,3,1,1,4,0,1,1
240106,639,0.0,0.0,1.0,6,1,1,2,4,0,2,0
24021,3602,0.0,0.0,0.0,3,1,1,1,2,0,1,0
240325,2102,0.0,0.0,0.0,2,1,1,1,1,0,1,0
240944,586,0.0,5.0,null,9,7,1,2,8,0,1,0
241059,1833,0.0,3.0,0.0,40,14,2,1,38,0,2,0
242177,682,0.0,0.0,1.0,9,4,2,2,8,0,1,0
242210,1031,0.0,6.0,1.0,4,2,1,1,3,0,1,0
242413,1520,0.0,5.0,0.0,1,1,1,1,0,0,1,0
243389,2565,0.0,6.0,0.0,3,1,1,2,2,0,1,0
243448,3853,0.0,3.0,0.0,13,6,4,3,7,0,1,5
243804,1378,0.0,4.0,1.0,2,1,1,1,1,0,1,0
244004,2318,1.0,7.0,1.0,9,4,2,2,8,0,1,0
244148,812,1.0,2.0,0.0,33,10,1,3,32,0,1,0
244275,1310,0.0,2.0,0.0,3,1,1,2,2,0,1,0
245023,1978,0.0,2.0,1.0,10,5,1,1,9,0,1,0
245350,3378,0.0,4.0,1.0,2,1,1,1,1,0,1,0
245762,1911,0.0,0.0,0.0,5,2,1,1,4,0,1,0
246016,1923,0.0,4.0,1.0,10,4,2,3,9,0,1,0
246284,4444,0.0,4.0,0.0,10,1,1,1,9,0,1,0
248116,479,1.0,0.0,0.0,6,1,1,1,4,0,2,0
248687,2459,0.0,3.0,0.0,80,15,4,2,68,3,1,8
248762,1710,0.0,4.0,1.0,2,1,1,1,1,0,1,0
248782,3578,0.0,0.0,1.0,3,2,1,1,2,0,1,0
248864,4326,0.0,2.0,0.0,3,1,1,1,2,0,1,0
248971,1892,0.0,4.0,1.0,14,7,4,5,11,0,3,0
249300,3444,0.0,3.0,0.0,8,1,1,3,7,0,1,0
249858,4616,0.0,4.0,0.0,7,7,4,3,0,0,1,6
249866,416,0.0,0.0,0.0,3,1,1,1,2,0,1,0
250045,4760,0.0,2.0,1.0,7,1,1,2,6,0,1,0
250463,366,0.0,3.0,1.0,3,1,1,1,2,0,1,0
25076,941,0.0,2.0,1.0,1,1,1,1,0,0,1,0
250849,73,0.0,2.0,0.0,4,1,1,1,3,0,1,0
250869,234,0.0,2.0,0.0,5,2,2,1,3,0,2,0
250933,1356,0.0,5.0,0.0,17,4,1,2,16,0,1,0
251022,1963,0.0,4.0,0.0,2,1,1,1,1,0,1,0
25105,3577,0.0,5.0,0.0,2,1,1,1,1,0,1,0
251142,2221,0.0,0.0,1.0,6,2,1,2,5,0,1,0
251163,3971,0.0,5.0,0.0,3,2,2,1,2,0,1,0
252628,190,0.0,0.0,1.0,4,1,1,2,2,0,1,1
252779,2242,0.0,5.0,0.0,1,1,1,1,0,0,1,0
252853,4248,0.0,0.0,0.0,1,1,1,1,0,0,1,0
252953,415,1.0,0.0,0.0,3,1,1,1,2,0,1,0
253959,416,0.0,5.0,0.0,58,24,10,3,55,0,3,0
255052,4744,0.0,3.0,0.0,4,2,1,1,3,0,1,0
255129,2242,0.0,5.0,0.0,6,5,1,2,4,0,2,0
255408,4044,0.0,3.0,0.0,70,36,2,3,68,0,2,0
255927,2981,0.0,0.0,0.0,6,3,3,3,5,0,1,0
255989,310,0.0,3.0,1.0,2,1,1,1,1,0,1,0
256242,1890,0.0,4.0,0.0,48,14,3,7,43,0,1,4
256350,219,0.0,4.0,1.0,4,1,1,1,2,0,2,0
256528,1116,0.0,6.0,0.0,10,3,1,1,9,0,1,0
256611,474,1.0,3.0,0.0,11,9,6,2,10,0,1,0
256871,1911,1.0,3.0,2.0,2,1,1,2,1,0,1,0
257267,2341,0.0,0.0,1.0,12,3,3,1,10,0,2,0
257673,3769,0.0,3.0,0.0,6,2,1,3,2,0,2,2
258488,1501,0.0,4.0,1.0,11,3,2,2,10,0,1,0
259102,2928,0.0,3.0,0.0,12,2,1,1,11,0,1,0
25928,152,0.0,4.0,1.0,2,1,1,1,1,0,1,0
259559,606,0.0,2.0,0.0,16,9,4,2,15,0,1,0
259844,4850,0.0,3.0,0.0,5,3,1,2,2,0,3,0
259949,1102,0.0,3.0,0.0,2,1,1,1,0,1,1,0
260055,2545,0.0,0.0,0.0,5,4,3,1,4,0,1,0
260284,35,0.0,4.0,0.0,5,2,1,1,4,0,1,0
260384,4701,0.0,3.0,0.0,2,1,1,1,0,0,1,1
260667,1760,0.0,3.0,0.0,12,5,2,3,10,0,2,0
26081,3457,0.0,0.0,0.0,2,1,1,1,1,0,1,0
261552,742,0.0,2.0,0.0,4,3,3,1,3,0,1,0
261620,198,0.0,0.0,0.0,6,4,2,1,4,0,2,0
261820,4171,0.0,3.0,2.0,10,3,2,2,2,0,8,0
261839,4370,1.0,3.0,0.0,4,1,1,1,3,0,1,0
262079,4605,0.0,3.0,1.0,3,1,1,1,2,0,1,0
26308,4287,0.0,3.0,0.0,19,9,3,4,17,0,2,0
263161,4493,0.0,3.0,0.0,5,3,2,1,4,0,1,0
263730,1742,0.0,0.0,0.0,23,12,1,3,22,0,1,0
263823,3166,0.0,0.0,0.0,9,1,1,1,8,0,1,0
264305,4170,0.0,0.0,0.0,1,1,1,1,0,0,1,0
264771,4044,0.0,2.0,0.0,81,48,10,3,79,0,2,0
26494,3205,0.0,0.0,1.0,3,1,1,1,2,0,1,0
265201,1484,0.0,2.0,1.0,8,1,1,1,6,0,1,1
265349,3889,0.0,4.0,0.0,21,7,6,4,18,0,3,0
26540,219,0.0,0.0,0.0,31,24,2,1,29,0,2,0
266029,95,0.0,3.0,1.0,12,5,1,2,10,0,1,1
266372,4589,0.0,2.0,1.0,2,1,1,1,1,0,1,0
266545,946,0.0,0.0,1.0,3,3,2,1,1,0,2,0
266567,4605,0.0,0.0,0.0,2,1,1,1,1,0,1,0
266970,547,0.0,5.0,0.0,80,21,2,10,73,0,2,5
267155,4015,0.0,4.0,0.0,5,1,1,2,3,0,1,1
267280,4444,0.0,6.0,1.0,12,8,3,3,10,0,2,0
267336,951,0.0,4.0,1.0,4,1,1,1,2,0,2,0
26742,66,0.0,3.0,1.0,2,1,1,1,1,0,1,0
267887,3288,0.0,2.0,0.0,6,2,2,1,4,0,1,1
268035,4760,1.0,6.0,0.0,44,21,10,9,39,0,2,3
268151,200,0.0,0.0,1.0,3,1,1,1,2,0,1,0
268369,4768,0.0,3.0,0.0,10,3,2,2,9,0,1,0
268575,4605,0.0,3.0,0.0,3,1,1,1,2,0,1,0
2689,467,0.0,4.0,0.0,21,8,2,1,18,0,3,0
268993,297,0.0,3.0,0.0,6,1,1,2,5,0,1,0
269306,4281,0.0,2.0,1.0,6,1,1,1,5,0,1,0
269833,2545,0.0,4.0,1.0,32,13,4,4,26,0,2,4
269888,3784,0.0,3.0,0.0,18,1,1,5,16,0,1,1
269926,3523,0.0,4.0,1.0,1,1,1,1,0,0,1,0
269985,798,0.0,2.0,0.0,26,9,4,4,21,0,1,4
27049,4718,0.0,4.0,1.0,2,1,1,1,1,0,1,0
270504,4966,0.0,0.0,0.0,4,2,2,1,3,0,1,0
270544,4043,0.0,2.0,0.0,4,1,1,1,3,0,1,0
270567,4083,0.0,0.0,0.0,1,1,1,1,0,0,1,0
27058,1816,0.0,2.0,0.0,1,1,1,1,0,0,1,0
270604,3472,0.0,5.0,1.0,4,1,1,1,3,0,1,0
270644,437,0.0,3.0,0.0,26,12,3,1,23,0,1,2
270955,4044,0.0,3.0,1.0,3,1,1,2,2,0,1,0
271229,3828,0.0,4.0,1.0,5,3,2,2,4,0,1,0
271335,2489,0.0,3.0,0.0,5,1,1,1,4,0,1,0
271670,416,1.0,4.0,0.0,12,7,4,1,10,0,1,1
271705,1467,0.0,2.0,0.0,3,1,1,1,2,0,1,0
271795,2994,0.0,3.0,1.0,10,3,1,1,8,0,2,0
272128,639,0.0,2.0,1.0,7,1,1,2,6,0,1,0
272501,66,0.0,2.0,0.0,16,7,3,1,15,0,1,0
27268,1472,0.0,4.0,1.0,8,4,1,3,5,0,1,2
272873,4256,0.0,3.0,1.0,6,1,1,3,5,0,1,0
27307,2126,0.0,4.0,0.0,7,1,1,1,6,0,1,0
273152,3205,0.0,5.0,0.0,1,1,1,1,0,0,1,0
273153,4044,0.0,0.0,0.0,28,9,5,2,27,0,1,0
273819,4760,0.0,3.0,1.0,15,1,1,2,14,0,1,0
274066,4282,0.0,6.0,1.0,10,6,3,1,9,0,1,0
274366,4085,0.0,0.0,0.0,4,1,1,1,3,0,1,0
274600,3826,0.0,2.0,0.0,2,1,1,1,0,0,2,0
275016,2031,0.0,6.0,0.0,4,3,3,3,1,0,2,1
275172,2810,0.0,2.0,0.0,3,1,1,1,2,0,1,0
275201,4026,0.0,4.0,0.0,2,1,1,1,1,0,1,0
275322,4976,0.0,2.0,0.0,40,22,9,6,38,0,1,1
276467,1500,0.0,0.0,1.0,2,1,1,1,1,0,1,0
276547,3323,0.0,4.0,1.0,7,2,1,3,5,0,1,1
276613,1543,0.0,3.0,0.0,5,2,2,2,4,0,1,0
27662,1102,0.0,5.0,0.0,5,5,3,2,0,0,4,1
276790,2031,0.0,3.0,0.0,10,2,1,3,8,0,1,1
277024,4760,0.0,2.0,1.0,13,6,2,2,11,0,1,1
277286,4705,0.0,4.0,1.0,9,4,4,1,7,0,2,0
278461,1056,0.0,4.0,0.0,3,2,2,2,2,0,1,0
278523,2559,0.0,3.0,0.0,2,1,1,1,1,0,1,0
278855,946,0.0,6.0,0.0,4,2,1,1,3,0,1,0
278875,4173,0.0,4.0,0.0,294,66,10,8,287,0,3,4
278882,3835,0.0,3.0,0.0,5,2,2,2,4,0,1,0
279052,3734,0.0,3.0,1.0,2,1,1,2,1,0,1,0
279401,66,0.0,3.0,1.0,4,2,1,1,3,0,1,0
279429,396,0.0,2.0,1.0,12,5,1,1,9,0,3,0
279835,740,0.0,2.0,1.0,3,1,1,1,2,0,1,0
27992,946,0.0,4.0,0.0,3,1,1,1,2,0,1,0
280187,798,1.0,4.0,0.0,43,11,6,5,39,0,4,0
280308,3609,0.0,4.0,1.0,3,2,1,1,2,0,1,0
28037,4768,0.0,2.0,0.0,5,1,1,1,4,0,1,0
280623,221,0.0,3.0,0.0,1,1,1,1,0,0,1,0
280986,1892,0.0,4.0,0.0,17,6,4,2,14,0,3,0
281166,3828,0.0,3.0,0.0,38,18,7,5,33,0,4,1
281273,2108,0.0,2.0,0.0,2,1,1,1,1,0,1,0
281484,2709,0.0,0.0,0.0,2,1,1,1,1,0,1,0
281587,2403,0.0,3.0,0.0,6,3,1,3,4,0,1,1
282150,1679,0.0,4.0,0.0,8,6,2,1,7,0,1,0
282243,4322,0.0,2.0,1.0,4,1,1,1,3,0,1,0
282620,4949,0.0,0.0,0.0,4,1,1,1,3,0,1,0
283434,14,0.0,5.0,2.0,1,1,1,1,0,0,1,0
28417,2138,0.0,2.0,0.0,1,1,1,1,0,0,1,0
284344,2143,1.0,0.0,0.0,18,9,3,2,9,0,9,0
284353,2482,1.0,4.0,0.0,4,3,3,1,3,0,1,0
28436,3585,0.0,5.0,0.0,25,12,1,4,24,0,1,0
284392,200,0.0,4.0,0.0,1,1,1,1,0,0,1,0
284736,467,0.0,0.0,0.0,3,1,1,1,2,0,1,0
284841,822,0.0,0.0,1.0,9,1,1,1,7,0,2,0
285114,2608,0.0,6.0,1.0,5,3,1,1,4,0,1,0
285148,3662,0.0,4.0,0.0,13,8,2,1,12,0,1,0
285380,3376,0.0,4.0,1.0,5,1,1,1,4,0,1,0
285822,824,0.0,0.0,0.0,2,1,1,1,1,0,1,0
286167,323,0.0,5.0,0.0,9,3,1,3,8,0,1,0
286600,4196,0.0,0.0,1.0,8,1,1,3,7,0,1,0
287123,798,0.0,2.0,0.0,2,1,1,1,0,0,1,1
287913,4607,0.0,6.0,0.0,1,1,1,1,0,0,1,0
287981,310,0.0,2.0,1.0,1,1,1,1,0,0,1,0
288332,2397,0.0,3.0,0.0,13,2,2,2,11,0,1,1
288991,1502,0.0,4.0,1.0,4,1,1,1,3,0,1,0
289167,557,0.0,3.0,0.0,13,4,1,3,11,0,2,0
2895,4643,0.0,0.0,0.0,9,5,1,2,6,0,2,1
29008,1023,0.0,4.0,0.0,25,7,2,1,24,0,1,0
290396,2278,0.0,0.0,0.0,9,4,3,2,6,2,1,0
290959,4394,0.0,5.0,0.0,17,9,2,2,16,0,1,0
291823,1102,0.0,3.0,0.0,53,30,8,11,52,0,1,0
291996,1489,0.0,0.0,0.0,2,1,1,1,0,0,2,0
292641,2765,0.0,2.0,0.0,2,1,1,2,1,0,1,0
292697,503,0.0,0.0,0.0,14,10,5,1,10,0,4,0
292997,3022,0.0,0.0,0.0,1,1,1,1,0,0,1,0
29388,2051,0.0,2.0,0.0,7,1,1,2,5,0,1,1
293905,935,0.0,4.0,0.0,8,3,1,1,7,0,1,0
293907,4847,0.0,4.0,0.0,53,9,6,8,51,0,1,1
293926,1768,0.0,2.0,0.0,10,1,1,5,8,0,1,1
294419,2031,0.0,3.0,1.0,3,1,1,1,2,0,1,0
294511,1485,0.0,4.0,0.0,33,17,3,3,29,0,4,0
294808,4249,0.0,0.0,1.0,12,5,1,1,11,0,1,0
295071,3105,0.0,4.0,2.0,15,8,1,3,13,0,2,0
295072,3022,0.0,3.0,1.0,3,1,1,2,1,0,1,1
295350,1281,0.0,4.0,2.0,10,4,1,1,9,0,1,0
296029,4454,0.0,null,null,19,4,1,3,14,0,2,3
296481,3163,0.0,5.0,0.0,16,2,2,2,14,0,2,0
296554,2505,0.0,3.0,1.0,6,3,1,1,5,0,1,0
296755,547,0.0,5.0,1.0,10,2,2,2,8,0,1,1
297260,4794,0.0,2.0,0.0,7,2,1,1,5,0,2,0
297261,598,0.0,4.0,1.0,15,7,3,1,14,0,1,0
297767,1708,0.0,3.0,1.0,3,1,1,1,2,0,1,0
298155,4170,0.0,0.0,0.0,9,5,1,1,8,0,1,0
298344,2273,0.0,5.0,0.0,5,1,1,1,4,0,1,0
29897,4850,0.0,5.0,0.0,2,1,1,1,1,0,1,0
300020,3173,0.0,2.0,0.0,3,1,1,1,2,0,1,0
300286,4504,0.0,0.0,0.0,8,2,1,1,7,0,1,0
300304,729,0.0,5.0,0.0,11,1,1,5,10,0,1,0
300353,661,0.0,0.0,0.0,6,4,1,2,5,0,1,0
30044,798,0.0,5.0,0.0,2,1,1,1,1,0,1,0
300869,4282,0.0,4.0,1.0,7,1,1,1,6,0,1,0
301257,1186,0.0,6.0,1.0,4,3,3,1,3,0,1,0
301656,1412,0.0,7.0,0.0,8,2,2,5,7,0,1,0
301914,4976,0.0,3.0,0.0,16,12,1,1,15,0,1,0
30220,361,0.0,6.0,0.0,11,5,1,2,10,0,1,0
303553,121,0.0,4.0,0.0,8,5,3,3,7,0,1,0
303796,2664,0.0,6.0,0.0,2,2,2,1,0,0,2,0
304181,1892,0.0,5.0,2.0,22,7,5,1,21,0,1,0
304489,4658,0.0,2.0,1.0,3,1,1,2,2,0,1,0
30493,2768,0.0,3.0,0.0,4,1,1,2,3,0,1,0
304974,2669,0.0,3.0,0.0,4,1,1,1,3,0,1,0
305486,4519,0.0,3.0,1.0,8,2,1,1,7,0,1,0
305763,845,0.0,0.0,1.0,12,2,1,1,11,0,1,0
306254,1546,0.0,4.0,0.0,6,1,1,2,4,0,1,1
306680,3143,0.0,6.0,0.0,2,1,1,1,1,0,1,0
306720,1835,0.0,5.0,0.0,55,34,12,4,53,0,2,0
306974,3734,0.0,2.0,0.0,8,2,2,1,7,0,1,0
307709,2597,0.0,0.0,0.0,18,5,1,1,17,0,1,0
30786,416,0.0,6.0,0.0,4,1,1,1,3,0,1,0
308475,1724,0.0,3.0,0.0,3,1,1,1,2,0,1,0
308888,2102,0.0,0.0,1.0,6,1,1,1,4,0,2,0
309758,2954,0.0,0.0,0.0,1,1,1,1,0,0,1,0
310494,2821,0.0,3.0,1.0,7,2,2,1,4,0,2,1
3105,962,0.0,0.0,0.0,2,1,1,1,1,0,1,0
31053,1102,0.0,3.0,0.0,6,3,3,2,5,0,1,0
310667,4739,0.0,6.0,0.0,3,1,1,2,2,0,1,0
310749,2928,0.0,3.0,0.0,11,3,2,2,9,0,2,0
311676,2008,0.0,6.0,0.0,6,1,1,2,5,0,1,0
313030,1884,0.0,3.0,1.0,2,1,1,1,1,0,1,0
313093,2309,0.0,3.0,0.0,8,2,1,2,7,0,1,0
313339,3891,0.0,4.0,0.0,4,1,1,1,3,0,1,0
313565,4043,0.0,2.0,0.0,4,2,1,3,3,0,1,0
313833,1022,0.0,6.0,0.0,6,5,1,1,5,0,1,0
314198,3022,0.0,3.0,0.0,2,1,1,1,1,0,1,0
314318,1827,0.0,7.0,0.0,3,1,1,2,2,0,1,0
314429,4049,0.0,4.0,1.0,4,1,1,1,3,0,1,0
314643,4265,0.0,0.0,0.0,14,12,8,5,12,0,2,0
314751,4044,0.0,3.0,0.0,129,41,14,2,128,0,1,0
314752,1957,0.0,3.0,1.0,5,1,1,2,4,0,1,0
314989,467,0.0,5.0,2.0,6,2,1,1,5,0,1,0
315432,1072,0.0,3.0,0.0,4,1,1,1,3,0,1,0
315460,3971,0.0,2.0,0.0,1,1,1,1,0,0,1,0
315674,3323,1.0,3.0,0.0,2,1,1,1,1,0,1,0
315842,4090,1.0,5.0,1.0,16,13,2,2,15,0,1,0
316020,3578,0.0,4.0,0.0,8,3,1,2,4,0,1,3
316531,4554,0.0,0.0,1.0,25,6,1,5,24,0,1,0
316563,4864,0.0,4.0,0.0,4,2,1,1,3,0,1,0
316957,1213,0.0,3.0,0.0,4,2,1,1,3,0,1,0
317159,3925,0.0,5.0,0.0,18,11,5,4,16,0,1,1
317174,2031,0.0,3.0,0.0,3,1,1,1,2,0,1,0
317265,2737,0.0,3.0,1.0,3,1,1,1,2,0,1,0
317371,4083,0.0,3.0,null,7,3,3,1,5,0,2,0
317536,2559,0.0,4.0,1.0,2,1,1,1,1,0,1,0
317670,4955,0.0,0.0,0.0,2,1,1,1,1,0,1,0
318272,4783,0.0,0.0,0.0,5,2,1,1,4,0,1,0
318345,4666,0.0,4.0,0.0,3,1,1,1,2,0,1,0
318361,3623,0.0,3.0,0.0,5,1,1,2,4,0,1,0
318445,1916,0.0,4.0,1.0,9,1,1,1,7,0,2,0
31881,4756,0.0,5.0,0.0,26,11,2,5,22,0,4,0
319468,3148,0.0,3.0,0.0,15,3,2,5,12,0,1,2
32001,2447,0.0,3.0,0.0,2,1,1,1,1,0,1,0
320223,3662,0.0,0.0,0.0,23,8,3,5,21,0,2,0
320765,1272,0.0,0.0,0.0,5,3,1,2,4,0,1,0
321515,3898,0.0,4.0,0.0,11,1,1,4,9,0,1,1
32222,4427,0.0,3.0,1.0,3,1,1,1,2,0,1,0
322259,1370,0.0,4.0,0.0,3,1,1,1,1,0,2,0
32244,1352,0.0,6.0,0.0,2,1,1,1,0,0,2,0
322626,1659,0.0,6.0,0.0,3,1,1,1,2,0,1,0
322662,1501,0.0,3.0,0.0,29,5,2,3,26,0,1,2
32283,4913,0.0,2.0,1.0,6,1,1,3,4,0,1,1
323467,4491,0.0,0.0,0.0,6,4,2,1,5,0,1,0
323898,2173,0.0,3.0,0.0,14,6,1,3,13,0,1,0
324326,1339,0.0,7.0,1.0,3,1,1,2,2,0,1,0
324466,760,0.0,3.0,0.0,3,1,1,2,1,0,1,1
324584,3645,0.0,0.0,1.0,4,2,1,1,3,0,1,0
325686,902,0.0,5.0,2.0,5,2,1,1,4,0,1,0
325840,2122,0.0,2.0,0.0,3,1,1,2,2,0,1,0
326005,1861,0.0,5.0,0.0,5,1,1,1,4,0,1,0
326389,904,0.0,5.0,0.0,5,3,2,1,4,0,1,0
326978,2247,0.0,6.0,0.0,2,2,2,1,0,0,2,0
326995,4642,0.0,4.0,0.0,4,2,1,1,2,0,2,0
327534,1056,0.0,5.0,1.0,3,1,1,2,2,0,1,0
327816,1378,0.0,6.0,1.0,7,2,1,3,6,0,1,0
328025,1501,0.0,2.0,0.0,12,6,2,2,9,0,2,1
328462,1270,0.0,0.0,0.0,6,1,1,2,5,0,1,0
328696,1393,0.0,0.0,1.0,40,23,8,5,37,0,1,2
32880,1405,1.0,3.0,0.0,10,2,1,2,9,0,1,0
329859,4755,0.0,5.0,0.0,6,2,2,2,5,0,1,0
330767,1861,0.0,2.0,0.0,8,2,1,1,7,0,1,0
33097,3578,0.0,2.0,0.0,18,8,3,9,15,0,2,1
331232,630,0.0,3.0,0.0,41,23,13,5,36,0,1,4
33182,2469,0.0,6.0,0.0,4,1,1,1,3,0,1,0
332359,1679,0.0,0.0,0.0,5,3,1,1,4,0,1,0
332821,2193,0.0,4.0,1.0,8,6,5,1,3,0,5,0
33311,1353,0.0,2.0,1.0,3,1,1,1,2,0,1,0
333128,1141,0.0,0.0,0.0,17,5,2,1,16,0,1,0
333201,522,0.0,6.0,1.0,3,1,1,1,2,0,1,0
333234,946,0.0,0.0,0.0,13,5,2,3,9,0,1,3
333430,2721,0.0,5.0,0.0,3,1,1,1,2,0,1,0
333574,4818,0.0,3.0,0.0,55,28,10,6,51,0,4,0
333783,598,0.0,2.0,1.0,2,1,1,2,1,0,1,0
334072,1501,0.0,4.0,1.0,9,5,2,1,8,0,1,0
334454,4558,0.0,7.0,1.0,6,1,1,1,5,0,1,0
334559,2218,1.0,3.0,0.0,1,1,1,1,0,0,1,0
335447,2669,0.0,3.0,0.0,2,1,1,1,1,0,1,0
335972,2566,0.0,0.0,0.0,6,2,2,1,4,0,2,0
336771,3826,0.0,0.0,1.0,26,3,1,2,24,0,1,1
336863,4009,0.0,5.0,0.0,1,1,1,1,0,0,1,0
337064,1049,0.0,4.0,1.0,11,3,3,3,10,0,1,0
337609,187,0.0,4.0,1.0,1,1,1,1,0,0,1,0
337654,3828,0.0,4.0,1.0,4,1,1,1,3,0,1,0
338206,3607,0.0,4.0,0.0,1,1,1,1,0,0,1,0
338493,1703,0.0,0.0,0.0,2,1,1,1,1,0,1,0
339447,941,0.0,2.0,1.0,3,1,1,2,2,0,1,0
339833,594,0.0,0.0,0.0,4,1,1,2,3,0,1,0
340123,1643,0.0,3.0,0.0,11,1,1,3,9,1,1,0
340210,608,0.0,4.0,1.0,8,4,2,1,7,0,1,0
340283,643,0.0,4.0,0.0,2,1,1,1,0,0,1,1
340391,2981,1.0,3.0,0.0,9,3,2,2,8,0,1,0
340797,4042,0.0,4.0,0.0,3,3,3,2,1,0,2,0
340898,4811,0.0,4.0,1.0,4,1,1,1,2,0,1,1
340950,1546,0.0,2.0,0.0,2,1,1,1,0,0,2,0
341122,2727,0.0,0.0,1.0,1,1,1,1,0,0,1,0
341219,4687,0.0,2.0,0.0,2,1,1,1,1,0,1,0
341333,2730,0.0,4.0,0.0,20,6,2,8,19,0,1,0
341531,1760,0.0,0.0,0.0,6,2,1,1,5,0,1,0
341589,4170,0.0,5.0,0.0,5,3,2,2,3,0,2,0
341680,1102,1.0,3.0,0.0,22,15,2,3,21,0,1,0
341684,2435,0.0,2.0,0.0,7,1,1,1,5,0,2,0
34176,4356,1.0,6.0,0.0,18,2,1,2,12,0,6,0
342490,4079,0.0,7.0,0.0,4,1,1,1,3,0,1,0
342503,1090,1.0,0.0,0.0,167,78,4,6,161,0,3,3
342884,4848,0.0,4.0,0.0,11,1,1,4,10,0,1,0
342948,1346,0.0,3.0,0.0,3,1,1,1,2,0,1,0
343062,3230,0.0,5.0,0.0,5,1,1,1,4,0,1,0
343093,2721,0.0,3.0,0.0,9,6,1,2,8,0,1,0
343273,4332,0.0,2.0,0.0,3,1,1,1,2,0,1,0
343500,4976,0.0,3.0,0.0,24,12,3,4,23,0,1,0
343598,3266,0.0,4.0,0.0,2,1,1,1,1,0,1,0
344015,3323,1.0,3.0,0.0,23,9,1,2,18,0,5,0
344362,2471,0.0,5.0,0.0,4,2,2,3,3,0,1,0
344764,1203,0.0,5.0,0.0,1,1,1,1,0,0,1,0
344822,4087,0.0,0.0,1.0,7,2,1,1,5,0,2,0
345012,1203,0.0,0.0,1.0,4,1,1,1,3,0,1,0
345080,3472,0.0,3.0,0.0,3,1,1,1,1,0,1,1
345224,793,0.0,0.0,0.0,59,27,3,12,54,0,1,4
345319,3205,0.0,5.0,0.0,3,1,1,1,2,0,1,0
345598,4427,0.0,4.0,1.0,4,1,1,4,3,0,1,0
345630,598,0.0,3.0,1.0,15,1,1,3,13,0,1,1
34595,357,1.0,6.0,1.0,7,3,1,1,4,0,3,0
346389,1559,0.0,5.0,0.0,93,53,11,7,77,0,3,13
346740,1356,0.0,3.0,0.0,17,6,2,3,16,0,1,0
347604,1062,0.0,5.0,0.0,29,13,4,5,23,0,3,3
347805,1353,0.0,0.0,1.0,16,4,3,3,14,0,1,1
34862,3885,0.0,5.0,0.0,3,1,1,1,2,0,1,0
348758,115,0.0,3.0,0.0,24,1,1,1,22,0,1,1
348952,1939,0.0,0.0,0.0,7,3,1,2,6,0,1,0
349384,3105,0.0,2.0,1.0,12,5,1,1,10,0,2,0
349783,905,0.0,2.0,0.0,2,1,1,2,0,0,1,1
350109,2935,0.0,3.0,1.0,5,1,1,2,4,0,1,0
350645,3376,0.0,0.0,null,10,2,1,4,9,0,1,0
352033,3990,0.0,0.0,0.0,3,2,2,1,1,0,1,1
352686,4115,0.0,6.0,0.0,2,1,1,1,1,0,1,0
35365,4655,0.0,4.0,0.0,5,4,3,1,4,0,1,0
354104,2928,0.0,3.0,0.0,26,14,6,1,19,0,7,0
354261,3875,1.0,6.0,0.0,1,1,1,1,0,0,1,0
35506,2273,0.0,4.0,0.0,9,3,1,1,8,0,1,0
355255,2566,0.0,2.0,1.0,10,3,2,1,9,0,1,0
355343,1827,0.0,3.0,0.0,7,1,1,3,6,0,1,0
35540,1117,0.0,2.0,0.0,10,2,2,1,6,0,4,0
356104,608,0.0,4.0,1.0,5,2,2,1,4,0,1,0
356170,4044,0.0,3.0,0.0,43,21,8,2,34,0,5,4
356524,412,0.0,0.0,0.0,11,4,2,2,9,0,2,0
35683,4589,0.0,2.0,1.0,2,1,1,1,1,0,1,0
356992,2981,1.0,4.0,0.0,58,28,4,1,53,0,5,0
357029,4044,0.0,null,null,7,5,2,1,6,0,1,0
357111,3828,0.0,6.0,0.0,22,4,2,2,20,0,2,0
357281,1145,0.0,0.0,0.0,10,3,1,2,8,0,2,0
357414,3500,0.0,4.0,2.0,2,1,1,1,1,0,1,0
357415,523,0.0,0.0,0.0,2,1,1,1,1,0,1,0
357478,3163,0.0,3.0,1.0,2,1,1,1,0,0,2,0
357807,2608,0.0,5.0,1.0,2,1,1,1,1,0,1,0
357879,191,0.0,6.0,0.0,30,19,10,1,29,0,1,0
357925,2081,0.0,3.0,1.0,4,1,1,3,3,0,1,0
358036,3105,0.0,0.0,null,13,6,1,1,12,0,1,0
358047,2711,0.0,3.0,1.0,7,4,1,1,6,0,1,0
358290,141,0.0,2.0,0.0,30,18,11,1,27,0,1,2
358370,829,0.0,4.0,1.0,16,12,2,2,15,0,1,0
359372,3780,0.0,2.0,0.0,3,1,1,1,2,0,1,0
359889,2136,0.0,3.0,1.0,4,1,1,2,3,0,1,0
359923,3730,0.0,0.0,0.0,7,3,3,1,6,0,1,0
360333,1272,0.0,5.0,0.0,22,7,3,2,21,0,1,0
360435,2091,0.0,3.0,0.0,6,2,2,2,5,0,1,0
360594,1248,0.0,0.0,0.0,5,1,1,1,4,0,1,0
361082,3284,0.0,3.0,1.0,2,1,1,1,1,0,1,0
36171,1102,0.0,0.0,0.0,11,6,6,1,10,0,1,0
361715,606,0.0,0.0,0.0,4,3,2,2,2,0,1,1
362415,191,0.0,3.0,0.0,38,12,5,2,34,0,2,2
362717,1500,0.0,3.0,0.0,6,1,1,2,5,0,1,0
364012,4165,0.0,4.0,1.0,7,2,2,1,4,0,1,2
364582,1272,0.0,3.0,1.0,3,2,2,1,2,0,1,0
364657,1760,1.0,0.0,0.0,2,2,2,1,0,0,2,0
365076,3786,0.0,3.0,0.0,24,12,3,1,15,0,1,8
36533,2634,0.0,5.0,0.0,1,1,1,1,0,0,1,0
365918,3123,0.0,4.0,1.0,1,1,1,1,0,0,1,0
3662,2128,0.0,4.0,0.0,3,2,2,1,2,0,1,0
366375,1963,0.0,6.0,1.0,7,2,1,2,6,0,1,0
366731,3476,0.0,0.0,0.0,2,2,2,1,0,0,2,0
367069,4864,0.0,4.0,0.0,4,2,2,1,3,0,1,0
367371,2128,0.0,3.0,0.0,1,1,1,1,0,0,1,0
3675,1501,1.0,2.0,0.0,31,22,4,2,30,0,1,0
368191,1890,0.0,5.0,0.0,7,5,1,2,6,0,1,0
368277,4650,0.0,2.0,0.0,2,1,1,1,1,0,1,0
368434,66,1.0,0.0,1.0,3,1,1,1,2,0,1,0
368985,3445,0.0,4.0,0.0,19,4,2,1,14,0,5,0
369230,4125,0.0,0.0,0.0,1,1,1,1,0,0,1,0
369404,2273,0.0,3.0,0.0,2,1,1,1,1,0,1,0
369554,1522,0.0,4.0,0.0,4,1,1,1,3,0,1,0
369642,4698,0.0,3.0,0.0,1,1,1,1,0,0,1,0
369759,1573,0.0,3.0,1.0,9,2,1,1,8,0,1,0
369794,4322,0.0,4.0,1.0,2,1,1,1,1,0,1,0
36992,3073,0.0,3.0,0.0,3,2,1,1,0,0,3,0
371474,1679,0.0,4.0,0.0,8,4,2,3,5,0,1,2
371999,159,0.0,4.0,0.0,3,1,1,1,2,0,1,0
372286,4361,0.0,3.0,1.0,3,1,1,1,2,0,1,0
373354,4173,0.0,2.0,0.0,29,17,6,6,24,0,1,4
373356,1557,0.0,2.0,1.0,11,5,3,3,7,0,1,3
373387,4876,0.0,6.0,0.0,5,2,1,1,4,0,1,0
373592,1150,0.0,5.0,0.0,2,1,1,1,1,0,1,0
374276,1760,0.0,3.0,0.0,1,1,1,1,0,0,1,0
374630,2545,0.0,0.0,1.0,35,15,7,2,34,0,1,0
374761,3650,0.0,0.0,0.0,3,1,1,2,2,0,1,0
37502,4394,0.0,4.0,0.0,3,1,1,1,2,0,1,0
375226,1964,0.0,3.0,1.0,3,1,1,1,1,0,1,1
376430,742,0.0,2.0,0.0,5,3,1,1,4,0,1,0
376574,2620,0.0,3.0,0.0,6,2,1,2,5,0,1,0
376752,1102,0.0,3.0,1.0,41,25,2,1,40,0,1,0
376852,133,0.0,4.0,0.0,14,9,1,1,12,0,2,0
377165,1100,0.0,5.0,0.0,7,2,2,1,5,0,2,0
377373,1500,0.0,5.0,0.0,1,1,1,1,0,0,1,0
377827,1501,0.0,4.0,0.0,2,2,2,2,0,0,1,1
378699,1704,0.0,4.0,0.0,2,1,1,1,1,0,1,0
378738,4760,0.0,2.0,1.0,2,2,2,2,1,0,1,0
378816,3637,0.0,2.0,0.0,1,1,1,1,0,0,1,0
379121,4463,0.0,3.0,1.0,13,3,1,2,12,0,1,0
379385,102,1.0,4.0,0.0,14,3,2,5,12,0,1,1
379813,3878,1.0,6.0,0.0,22,11,1,2,17,0,1,4
380367,1816,0.0,3.0,1.0,1,1,1,1,0,0,1,0
38048,3640,0.0,3.0,0.0,22,7,2,3,19,0,3,0
381139,4508,0.0,0.0,0.0,2,1,1,2,0,0,1,1
382229,722,0.0,0.0,1.0,9,4,2,2,7,0,2,0
382324,3670,0.0,6.0,0.0,8,3,1,1,6,0,2,0
382428,3640,0.0,5.0,0.0,5,2,1,1,4,0,1,0
382503,92,0.0,3.0,1.0,2,1,1,1,1,0,1,0
382646,4793,0.0,7.0,1.0,3,1,1,1,2,0,1,0
382729,760,0.0,3.0,1.0,3,1,1,1,2,0,1,0
382775,190,0.0,null,null,12,1,1,3,11,0,1,0
382788,4871,0.0,5.0,1.0,1,1,1,1,0,0,1,0
383269,606,0.0,3.0,0.0,10,4,2,3,9,0,1,0
383367,1963,0.0,2.0,0.0,7,4,1,2,5,0,1,1
383828,1116,0.0,2.0,0.0,12,8,2,2,11,0,1,0
383861,897,0.0,4.0,0.0,7,3,3,3,5,0,1,1
383927,3091,0.0,5.0,0.0,7,2,1,1,6,0,1,0
383952,3828,0.0,4.0,0.0,19,4,2,2,18,0,1,0
384001,3819,0.0,2.0,0.0,19,5,4,1,16,0,3,0
384615,4966,0.0,0.0,2.0,4,1,1,2,3,0,1,0
385525,2664,0.0,0.0,0.0,4,1,1,2,2,0,2,0
385782,1117,0.0,2.0,0.0,3,1,1,1,2,0,1,0
385836,3073,0.0,3.0,0.0,5,4,1,1,0,0,5,0
385861,778,0.0,2.0,1.0,6,2,1,3,4,0,1,1
386151,742,0.0,3.0,1.0,3,1,1,1,2,0,1,0
38656,3887,0.0,3.0,1.0,26,12,4,1,23,0,3,0
386617,1520,0.0,6.0,0.0,2,1,1,1,1,0,1,0
386712,3968,0.0,3.0,0.0,2,1,1,2,0,0,1,1
388017,522,0.0,5.0,0.0,2,1,1,1,1,0,1,0
388254,4048,0.0,3.0,0.0,3,2,1,2,2,0,1,0
388547,1749,0.0,3.0,0.0,10,4,3,1,9,0,1,0
388797,4170,1.0,3.0,2.0,10,4,1,1,8,0,2,0
389153,412,0.0,4.0,0.0,7,5,1,1,6,0,1,0
389346,1166,0.0,0.0,0.0,12,2,1,4,10,0,2,0
389498,1352,1.0,0.0,0.0,16,10,4,1,14,0,2,0
389707,1936,0.0,6.0,1.0,4,2,2,1,3,0,1,0
389750,3734,0.0,3.0,1.0,94,26,3,2,91,0,1,2
389757,2709,0.0,3.0,1.0,15,3,1,2,10,0,2,3
389842,1850,0.0,3.0,1.0,6,2,1,1,5,0,1,0
39016,3529,0.0,6.0,1.0,16,8,5,1,15,0,1,0
39051,4388,0.0,3.0,null,4,1,1,1,2,0,2,0
390727,2721,0.0,3.0,0.0,27,15,3,4,25,0,1,1
391386,4044,0.0,0.0,0.0,1,1,1,1,0,0,1,0
392290,301,0.0,3.0,1.0,3,1,1,1,2,0,1,0
392747,1200,0.0,6.0,0.0,3,1,1,1,2,0,1,0
392792,4976,0.0,3.0,0.0,31,12,6,3,25,0,1,5
393243,2928,0.0,6.0,0.0,8,3,2,1,6,0,2,0
393350,4042,0.0,3.0,0.0,3,1,1,2,2,0,1,0
393456,4083,0.0,4.0,1.0,5,1,1,2,3,1,1,0
393681,3471,0.0,5.0,1.0,3,1,1,2,2,0,1,0
393836,4373,0.0,7.0,0.0,3,2,2,1,2,0,1,0
394474,3734,0.0,2.0,1.0,1,1,1,1,0,0,1,0
39459,3090,0.0,2.0,0.0,1,1,1,1,0,0,1,0
395277,3152,0.0,0.0,0.0,4,2,1,2,3,0,1,0
39530,548,0.0,4.0,0.0,10,3,1,3,9,0,1,0
395355,2424,0.0,2.0,0.0,1,1,1,1,0,0,1,0
396657,1677,0.0,0.0,0.0,9,3,2,1,7,0,2,0
397290,2775,0.0,4.0,0.0,7,4,2,1,5,0,2,0
397486,1035,0.0,4.0,0.0,7,1,1,1,6,0,1,0
397779,1760,0.0,3.0,1.0,45,32,3,2,41,0,4,0
398168,4950,0.0,5.0,2.0,4,1,1,1,3,0,1,0
398247,474,0.0,4.0,1.0,4,2,2,2,3,0,1,0
398314,798,0.0,3.0,0.0,7,1,1,1,6,0,1,0
39867,293,0.0,3.0,0.0,1,1,1,1,0,0,1,0
399314,4173,0.0,0.0,0.0,7,1,1,1,6,0,1,0
399364,4079,0.0,4.0,1.0,2,1,1,1,1,0,1,0
399431,804,0.0,5.0,0.0,5,1,1,2,3,0,1,1
399540,720,1.0,4.0,0.0,4,3,2,1,3,0,1,0
399690,3968,0.0,4.0,0.0,10,2,2,3,9,0,1,0
399742,2277,0.0,3.0,1.0,21,7,3,2,19,0,1,1
399773,3822,0.0,3.0,1.0,13,1,1,1,12,0,1,0
400474,4760,0.0,3.0,1.0,26,8,4,4,17,0,1,8
400532,4406,1.0,0.0,0.0,4,1,1,1,3,0,1,0
400538,3657,0.0,0.0,0.0,4,1,1,1,3,0,1,0
40056,4240,0.0,3.0,1.0,3,1,1,2,2,0,1,0
400809,1944,0.0,4.0,0.0,20,9,4,2,17,0,3,0
401131,437,0.0,2.0,1.0,13,9,3,4,12,0,1,0
401530,3667,0.0,0.0,1.0,3,1,1,1,2,0,1,0
401596,4280,0.0,4.0,null,22,5,1,2,21,0,1,0
401736,4173,0.0,0.0,0.0,3,1,1,1,2,0,1,0
401919,1618,0.0,0.0,0.0,3,2,2,1,1,0,2,0
402307,1500,0.0,3.0,1.0,8,1,1,2,7,0,1,0
402470,2471,0.0,6.0,1.0,31,6,3,7,28,0,1,2
403544,161,1.0,3.0,1.0,13,8,2,1,11,0,2,0
40459,1557,0.0,0.0,1.0,12,6,2,3,11,0,1,0
405667,3545,0.0,6.0,1.0,4,3,1,1,3,0,1,0
406199,474,0.0,3.0,0.0,5,4,4,2,4,0,1,0
406247,390,0.0,0.0,0.0,3,1,1,1,2,0,1,0
406316,1355,0.0,0.0,0.0,10,4,4,1,9,0,1,0
406628,4173,0.0,0.0,0.0,6,5,2,1,5,0,1,0
407059,1892,0.0,4.0,0.0,63,16,7,5,58,0,2,3
407076,1487,0.0,2.0,0.0,8,3,1,2,6,0,1,1
407672,3098,0.0,0.0,0.0,3,1,1,2,1,0,1,1
407805,120,0.0,3.0,0.0,4,2,2,1,3,0,1,0
407906,2916,0.0,4.0,1.0,5,4,1,1,4,0,1,0
408501,3455,0.0,0.0,1.0,21,9,1,2,20,0,1,0
408529,1489,0.0,3.0,1.0,5,1,1,1,4,0,1,0
408578,2217,0.0,5.0,0.0,10,2,1,3,8,0,1,1
4091,2991,0.0,2.0,1.0,11,1,1,3,8,0,2,1
409143,2482,0.0,0.0,0.0,5,1,1,2,4,0,1,0
409600,145,0.0,0.0,0.0,6,2,1,2,4,0,1,1
410333,4090,0.0,5.0,0.0,1,1,1,1,0,0,1,0
410856,935,0.0,0.0,0.0,16,2,1,4,15,0,1,0
411163,1067,1.0,4.0,0.0,8,3,1,1,7,0,1,0
411307,3448,0.0,5.0,1.0,2,1,1,1,1,0,1,0
411883,2082,0.0,5.0,0.0,13,2,1,2,12,0,1,0
412098,1102,0.0,6.0,0.0,4,2,2,1,2,0,2,0
412328,3577,0.0,0.0,0.0,3,1,1,1,2,0,1,0
412971,4403,0.0,5.0,0.0,2,1,1,1,1,0,1,0
413209,4170,0.0,5.0,0.0,11,3,1,1,9,0,2,0
413277,1679,0.0,5.0,0.0,21,9,3,2,19,0,2,0
413722,1494,1.0,5.0,0.0,25,12,1,1,22,0,3,0
413769,4860,0.0,2.0,1.0,5,1,1,2,3,0,1,1
41451,310,0.0,6.0,0.0,2,1,1,1,1,0,1,0
414594,1999,0.0,4.0,0.0,7,2,1,1,6,0,1,0
415016,2565,0.0,2.0,0.0,9,2,1,4,7,0,1,1
417391,3938,0.0,2.0,0.0,1,1,1,1,0,0,1,0
417595,3915,0.0,3.0,0.0,5,1,1,1,4,0,1,0
417937,2253,0.0,5.0,1.0,20,2,2,2,19,0,1,0
418203,121,0.0,6.0,0.0,3,3,3,3,2,0,1,0
418627,289,0.0,4.0,1.0,4,2,1,1,2,0,2,0
418891,2543,0.0,6.0,0.0,35,14,1,6,27,0,1,7
418892,4367,0.0,5.0,0.0,5,3,1,1,4,0,1,0
41910,2664,0.0,5.0,0.0,9,5,1,4,7,0,2,0
419336,2954,0.0,3.0,0.0,2,1,1,1,1,0,1,0
419491,1454,0.0,3.0,1.0,2,2,2,1,0,0,2,0
419570,434,0.0,0.0,1.0,4,1,1,1,3,0,1,0
419576,3672,0.0,3.0,0.0,12,3,1,3,11,0,1,0
419782,1393,0.0,3.0,1.0,39,18,9,2,34,0,5,0
420155,2776,0.0,2.0,0.0,5,2,1,2,4,0,1,0
420325,1963,0.0,3.0,1.0,21,7,2,3,19,0,2,0
420394,598,0.0,0.0,1.0,8,3,2,2,6,0,1,1
420864,1339,0.0,5.0,0.0,25,2,1,3,22,0,3,0
421444,3586,0.0,4.0,1.0,2,1,1,1,1,0,1,0
421567,4322,0.0,3.0,1.0,3,1,1,1,2,0,1,0
42168,3609,0.0,4.0,0.0,19,3,1,2,14,0,4,1
421890,4607,0.0,3.0,2.0,33,9,2,2,31,0,2,0
421937,598,0.0,3.0,0.0,2,1,1,2,0,0,1,1
422158,212,0.0,7.0,0.0,5,2,2,2,4,0,1,0
422328,4475,0.0,3.0,0.0,13,5,1,3,11,0,1,1
422487,114,0.0,5.0,0.0,6,4,2,1,5,0,1,0
422589,241,0.0,3.0,0.0,3,2,1,1,2,0,1,0
42265,897,0.0,3.0,0.0,38,20,9,3,35,0,2,1
42691,2138,0.0,6.0,2.0,26,5,4,2,23,0,3,0
42887,1342,0.0,4.0,0.0,12,3,2,3,9,1,1,1
43336,2149,0.0,3.0,0.0,26,3,1,3,25,0,1,0
43621,2873,0.0,4.0,2.0,15,4,3,2,11,0,3,1
43777,3668,0.0,0.0,0.0,4,1,1,1,2,0,1,1
43839,1501,0.0,0.0,0.0,6,1,1,2,4,0,1,1
43920,3614,0.0,4.0,0.0,3,2,2,2,2,0,1,0
44170,3579,0.0,0.0,0.0,3,1,1,1,1,0,1,1
44870,835,0.0,0.0,0.0,2,1,1,2,1,0,1,0
45261,2553,0.0,5.0,0.0,5,1,1,1,4,0,1,0
45422,1203,0.0,0.0,0.0,2,1,1,1,1,0,1,0
45621,3305,0.0,3.0,1.0,1,1,1,1,0,0,1,0
46037,1724,0.0,3.0,0.0,6,2,1,1,5,0,1,0
47861,927,0.0,6.0,0.0,1,1,1,1,0,0,1,0
48218,4485,0.0,5.0,0.0,4,1,1,2,2,1,1,0
48550,152,0.0,5.0,1.0,4,3,3,1,3,0,1,0
48556,2403,0.0,0.0,2.0,19,11,4,1,17,0,2,0
48680,98,0.0,0.0,0.0,16,6,2,3,14,0,1,1
4937,1356,0.0,4.0,0.0,1,1,1,1,0,0,1,0
49986,46,0.0,5.0,1.0,2,1,1,1,1,0,1,0
49991,1742,0.0,0.0,null,4,1,1,1,3,0,1,0
50341,145,0.0,2.0,0.0,7,2,1,2,4,0,1,2
5037,3484,0.0,4.0,0.0,4,1,1,2,2,0,1,1
50401,2981,0.0,2.0,0.0,1,1,1,1,0,0,1,0
50771,2470,1.0,5.0,1.0,3,1,1,1,2,0,1,0
51205,4750,0.0,3.0,1.0,2,2,2,1,1,0,1,0
52236,1891,0.0,5.0,0.0,1,1,1,1,0,0,1,0
52250,2159,0.0,4.0,2.0,33,14,6,4,25,0,1,7
5291,742,0.0,0.0,0.0,2,1,1,1,1,0,1,0
5321,4413,0.0,3.0,1.0,13,5,2,1,11,0,2,0
53454,2154,0.0,0.0,0.0,2,1,1,1,1,0,1,0
54027,3911,0.0,5.0,0.0,4,2,1,1,3,0,1,0
54042,416,0.0,2.0,0.0,11,3,3,2,9,0,1,1
55176,4048,0.0,2.0,0.0,1,1,1,1,0,0,1,0
55367,3635,0.0,4.0,1.0,3,1,1,2,2,0,1,0
55403,3236,1.0,0.0,0.0,2,1,1,2,0,0,1,1
55798,663,0.0,4.0,0.0,59,13,2,1,57,0,2,0
55997,4322,0.0,3.0,1.0,7,3,2,1,6,0,1,0
56435,4654,0.0,4.0,0.0,9,5,1,2,8,0,1,0
57053,3844,0.0,0.0,0.0,5,2,1,1,4,0,1,0
58280,3303,0.0,4.0,1.0,2,1,1,1,1,0,1,0
58434,3734,0.0,3.0,1.0,15,6,5,1,14,0,1,0
5931,1131,0.0,3.0,0.0,15,8,6,2,13,0,2,0
59459,3657,0.0,2.0,1.0,2,1,1,1,1,0,1,0
60197,4049,0.0,3.0,1.0,2,1,1,1,1,0,1,0
60436,2128,1.0,0.0,0.0,10,3,3,3,9,0,1,0
6061,1090,0.0,5.0,0.0,4,1,1,2,3,0,1,0
60632,2795,0.0,5.0,1.0,15,9,7,2,13,0,2,0
60766,3513,0.0,4.0,0.0,6,1,1,2,5,0,1,0
6083,503,0.0,2.0,0.0,4,1,1,1,3,0,1,0
61242,120,0.0,2.0,1.0,2,1,1,1,1,0,1,0
6128,104,0.0,5.0,0.0,7,2,1,3,6,0,1,0
61504,3266,0.0,4.0,1.0,1,1,1,1,0,0,1,0
61669,4234,0.0,5.0,0.0,10,5,2,1,8,0,2,0
61707,1895,0.0,3.0,0.0,2,1,1,1,1,0,1,0
61775,3623,0.0,2.0,0.0,2,1,1,2,1,0,1,0
62142,321,0.0,2.0,1.0,2,1,1,1,1,0,1,0
62517,4043,0.0,2.0,0.0,34,11,6,7,31,0,1,2
62524,1356,0.0,0.0,1.0,3,1,1,1,2,0,1,0
63287,3955,0.0,0.0,0.0,10,5,2,1,7,0,3,0
63555,3271,0.0,4.0,1.0,24,4,3,9,20,0,1,3
6387,4648,0.0,2.0,1.0,1,1,1,1,0,0,1,0
63992,3959,0.0,4.0,0.0,9,2,1,1,7,0,2,0
64098,3826,0.0,4.0,1.0,7,2,1,1,5,0,2,0
64160,643,0.0,0.0,0.0,2,1,1,1,0,0,2,0
64237,403,0.0,4.0,0.0,7,3,1,1,6,0,1,0
64343,250,0.0,2.0,1.0,1,1,1,1,0,0,1,0
6594,586,0.0,3.0,0.0,1,1,1,1,0,0,1,0
66044,598,0.0,0.0,1.0,8,5,2,2,6,1,1,0
66356,3460,0.0,4.0,1.0,3,1,1,1,1,0,2,0
66400,4755,0.0,7.0,null,13,8,4,1,12,0,1,0
66560,1102,0.0,0.0,0.0,20,8,2,4,19,0,1,0
66859,798,0.0,5.0,1.0,26,11,7,1,22,0,4,0
67152,4607,0.0,3.0,0.0,4,2,1,1,2,0,2,0
67159,1861,0.0,0.0,0.0,4,1,1,1,3,0,1,0
67200,4955,0.0,3.0,0.0,3,2,1,1,2,0,1,0
67311,2242,0.0,5.0,1.0,33,22,10,1,29,0,4,0
67405,4871,0.0,3.0,0.0,7,1,1,2,5,0,1,1
67524,2821,0.0,3.0,1.0,5,1,1,3,3,0,1,1
67591,1719,0.0,4.0,1.0,16,5,4,1,9,0,7,0
68175,2854,0.0,3.0,0.0,5,2,2,1,4,0,1,0
68279,2436,0.0,4.0,0.0,10,7,5,1,9,0,1,0
68291,4011,0.0,4.0,0.0,13,4,1,1,12,0,1,0
68433,748,0.0,5.0,0.0,3,2,2,1,1,0,2,0
68723,198,0.0,3.0,0.0,5,2,1,2,1,0,2,2
6880,1526,0.0,3.0,0.0,6,3,2,3,4,0,1,1
68828,4270,0.0,5.0,0.0,21,14,7,2,16,0,5,0
69530,323,0.0,4.0,0.0,27,5,1,4,26,0,1,0
6984,2193,0.0,0.0,0.0,1,1,1,1,0,0,1,0
70335,4760,0.0,2.0,1.0,5,2,2,1,4,0,1,0
70518,2217,0.0,0.0,0.0,1,1,1,1,0,0,1,0
71160,3766,0.0,3.0,0.0,3,3,1,1,0,0,3,0
71186,361,1.0,6.0,1.0,236,115,8,18,233,0,1,2
71611,3268,0.0,3.0,0.0,12,4,1,1,11,0,1,0
71623,1023,0.0,4.0,0.0,9,1,1,2,7,0,1,1
7166,1719,0.0,3.0,0.0,9,3,1,1,7,0,2,0
71923,3925,0.0,4.0,0.0,17,6,2,2,16,0,1,0
71937,3143,0.0,6.0,1.0,3,1,1,1,2,0,1,0
72024,4049,0.0,4.0,0.0,13,7,3,3,12,0,1,0
72041,2031,0.0,3.0,0.0,6,1,1,3,4,0,1,1
72110,3630,0.0,0.0,0.0,1,1,1,1,0,0,1,0
72285,3905,0.0,6.0,0.0,1,1,1,1,0,0,1,0
72565,4079,0.0,5.0,0.0,15,3,1,1,14,0,1,0
73053,1999,1.0,3.0,0.0,6,3,2,1,2,0,4,0
73099,4073,0.0,3.0,1.0,3,2,1,1,2,0,1,0
73250,3323,0.0,4.0,0.0,20,9,1,6,19,0,1,0
73763,4727,0.0,3.0,1.0,30,3,2,2,26,0,3,1
73958,4249,0.0,4.0,0.0,9,6,1,1,8,0,1,0
74061,4044,0.0,0.0,0.0,36,28,9,10,22,0,1,13
74266,4018,0.0,4.0,1.0,2,1,1,1,1,0,1,0
747,2422,1.0,3.0,0.0,15,6,3,2,13,0,1,1
74890,747,0.0,6.0,0.0,1,1,1,1,0,0,1,0
7490,1102,0.0,4.0,0.0,6,1,1,2,4,0,1,1
75000,2020,0.0,5.0,1.0,5,4,2,1,4,0,1,0
75079,4322,0.0,4.0,1.0,9,1,1,3,8,0,1,0
75209,141,0.0,3.0,1.0,16,3,1,3,15,0,1,0
75287,416,0.0,5.0,1.0,2,1,1,1,1,0,1,0
75564,2403,0.0,0.0,0.0,21,14,1,1,20,0,1,0
75637,1298,0.0,0.0,1.0,3,1,1,1,2,0,1,0
75832,904,0.0,0.0,0.0,18,4,1,2,17,0,1,0
75912,2821,0.0,2.0,1.0,4,1,1,2,2,0,1,1
75973,586,0.0,3.0,2.0,11,5,2,3,10,0,1,0
77009,2124,1.0,3.0,0.0,5,1,1,1,4,0,1,0
77157,2664,0.0,6.0,1.0,6,1,1,1,5,0,1,0
77274,239,0.0,0.0,0.0,7,3,1,2,6,0,1,0
77520,2592,1.0,2.0,1.0,2,1,1,1,1,0,1,0
77631,46,0.0,0.0,0.0,2,1,1,1,1,0,1,0
77682,1760,0.0,6.0,0.0,14,1,1,2,13,0,1,0
7779,2828,1.0,4.0,0.0,50,29,8,14,40,0,1,9
77827,826,0.0,2.0,1.0,15,2,1,7,13,0,1,1
77948,4287,1.0,3.0,0.0,8,4,3,2,6,0,1,1
78401,2242,0.0,4.0,0.0,14,9,4,1,11,0,3,0
78736,1659,0.0,5.0,1.0,5,2,1,1,4,0,1,0
7874,3472,0.0,3.0,1.0,7,2,1,1,6,0,1,0
78902,1833,0.0,5.0,0.0,30,14,4,3,29,0,1,0
79646,4818,0.0,3.0,0.0,20,13,4,1,18,0,2,0
79717,4950,0.0,3.0,0.0,13,5,5,1,11,0,2,0
79961,3956,0.0,4.0,1.0,2,2,1,1,1,0,1,0
79974,2318,0.0,5.0,0.0,1,1,1,1,0,0,1,0
80062,4372,0.0,0.0,0.0,13,3,1,1,12,0,1,0
8029,4173,0.0,3.0,2.0,6,3,2,3,0,0,1,5
81075,1640,0.0,4.0,0.0,4,1,1,2,3,0,1,0
81359,2755,0.0,4.0,0.0,6,3,3,1,4,0,2,0
81395,4125,0.0,5.0,0.0,10,7,4,2,8,1,1,0
81684,66,0.0,4.0,1.0,14,1,1,2,13,0,1,0
82036,4601,0.0,2.0,0.0,4,1,1,1,3,0,1,0
82104,2803,0.0,2.0,0.0,1,1,1,1,0,0,1,0
82130,3629,0.0,3.0,0.0,4,1,1,2,2,0,1,1
82313,361,0.0,0.0,0.0,19,6,2,2,17,1,1,0
82430,1472,0.0,0.0,0.0,1,1,1,1,0,0,1,0
83503,2571,0.0,0.0,1.0,42,11,3,5,21,0,1,20
83891,4427,0.0,3.0,0.0,2,1,1,1,1,0,1,0
84099,4171,0.0,5.0,0.0,2,1,1,1,0,0,2,0
84536,1948,0.0,4.0,0.0,5,3,1,1,0,0,5,0
85003,1611,0.0,3.0,0.0,4,1,1,2,3,0,1,0
85233,1089,0.0,5.0,2.0,3,1,1,1,2,0,1,0
85592,3080,0.0,2.0,0.0,1,1,1,1,0,0,1,0
85795,4115,0.0,0.0,1.0,1,1,1,1,0,0,1,0
85800,1892,0.0,0.0,0.0,41,13,6,2,37,3,1,0
85872,962,0.0,3.0,0.0,2,2,2,1,0,0,2,0
86264,4282,0.0,0.0,1.0,7,4,3,3,6,0,1,0
86608,4765,0.0,2.0,1.0,1,1,1,1,0,0,1,0
86944,4585,1.0,4.0,1.0,2,1,1,1,1,0,1,0
87027,1263,0.0,5.0,0.0,2,1,1,1,1,0,1,0
87210,3205,0.0,3.0,1.0,23,11,4,2,14,0,1,8
87728,742,0.0,6.0,0.0,4,1,1,1,2,0,1,1
87898,4976,0.0,0.0,0.0,30,13,4,3,26,0,2,2
88044,2981,0.0,0.0,0.0,7,3,3,2,3,0,1,3
88474,474,1.0,4.0,0.0,45,21,12,4,42,0,2,1
88491,4043,0.0,3.0,0.0,16,3,2,1,12,0,4,0
88515,320,0.0,4.0,0.0,4,2,2,1,3,0,1,0
88989,416,0.0,5.0,0.0,18,5,2,3,17,0,1,0
89454,354,0.0,2.0,0.0,2,2,2,1,0,0,2,0
90315,643,0.0,3.0,0.0,6,3,2,3,5,0,1,0
90389,2810,0.0,0.0,1.0,3,1,1,1,2,0,1,0
90458,4518,0.0,0.0,1.0,5,2,2,1,4,0,1,0
90540,1200,1.0,3.0,0.0,7,1,1,1,5,0,2,0
90660,1556,0.0,3.0,0.0,1,1,1,1,0,0,1,0
90811,588,1.0,2.0,1.0,2,1,1,2,0,0,1,1
91194,3480,0.0,3.0,0.0,16,6,5,1,13,0,3,0
91435,503,0.0,4.0,1.0,3,1,1,2,2,0,1,0
91863,794,0.0,4.0,0.0,1,1,1,1,0,0,1,0
91897,4131,0.0,3.0,0.0,10,3,2,5,8,0,1,1
94484,373,0.0,5.0,0.0,45,22,10,2,41,0,4,0
94690,702,0.0,3.0,1.0,23,2,1,3,22,0,1,0
94693,1673,0.0,6.0,0.0,4,2,1,1,2,0,1,1
95075,2372,0.0,0.0,0.0,23,15,8,2,22,0,1,0
95076,3349,0.0,2.0,0.0,29,14,2,4,27,0,2,0
95135,3571,0.0,3.0,0.0,1,1,1,1,0,0,1,0
95328,2273,0.0,3.0,0.0,2,1,1,1,1,0,1,0
95378,1602,0.0,0.0,0.0,13,8,4,1,10,0,3,0
96400,4157,0.0,2.0,0.0,5,2,2,1,4,0,1,0
96484,2273,0.0,6.0,1.0,51,7,1,9,49,0,1,1
96809,1520,0.0,6.0,0.0,3,1,1,2,2,0,1,0
97272,3723,0.0,4.0,0.0,1,1,1,1,0,0,1,0
97360,2849,0.0,0.0,0.0,16,12,5,3,14,0,2,0
97522,2928,0.0,5.0,0.0,25,16,2,1,23,0,2,0
97676,4864,0.0,5.0,1.0,21,2,1,2,19,0,1,1
98273,1760,0.0,4.0,0.0,21,12,1,4,20,0,1,0
98638,3420,0.0,0.0,1.0,24,16,8,2,21,0,3,0
99102,3878,0.0,0.0,0.0,3,2,1,1,2,0,1,0
99607,3734,0.0,0.0,1.0,1,1,1,1,0,0,1,0
9988,2796,0.0,3.0,1.0,13,1,1,3,11,0,1,1
