101000,649,0.0,3.0,0.0,6,4,2,2,4,0,1,1
101033,2639,0.0,0.0,0.0,36,19,8,3,35,0,1,0
101224,798,0.0,3.0,0.0,14,6,5,1,9,0,5,0
10199,946,0.0,0.0,0.0,2,1,1,2,0,0,1,1
102245,4173,0.0,6.0,0.0,6,3,2,1,5,0,1,0
102267,3236,0.0,0.0,0.0,12,8,1,4,11,0,1,0
102567,4026,0.0,4.0,0.0,6,4,1,1,5,0,1,0
102668,2242,0.0,3.0,0.0,3,2,1,2,1,0,2,0
102929,3549,0.0,2.0,0.0,1,1,1,1,0,0,1,0
103392,3195,0.0,3.0,0.0,1,1,1,1,0,0,1,0
103552,1978,0.0,6.0,0.0,15,10,5,1,14,0,1,0
103570,2318,0.0,0.0,1.0,4,1,1,2,3,0,1,0
103655,4090,0.0,3.0,0.0,8,2,1,1,7,0,1,0
103766,4173,0.0,3.0,0.0,10,3,1,1,8,0,2,0
103891,523,0.0,3.0,0.0,39,20,1,2,37,0,2,0
104243,4043,0.0,3.0,0.0,5,2,2,1,3,0,2,0
104390,738,0.0,0.0,0.0,3,1,1,1,2,0,1,0
104647,66,0.0,3.0,0.0,2,1,1,1,1,0,1,0
105112,265,0.0,6.0,0.0,8,3,1,1,7,0,1,0
105821,3345,0.0,2.0,0.0,2,1,1,1,1,0,1,0
105849,416,0.0,0.0,0.0,12,8,4,1,11,0,1,0
106589,3941,0.0,3.0,1.0,4,1,1,2,3,0,1,0
106750,4966,0.0,0.0,0.0,3,1,1,2,1,0,1,1
106835,13,0.0,3.0,1.0,8,1,1,2,7,0,1,0
107013,1884,0.0,5.0,0.0,5,1,1,2,4,0,1,0
107472,1056,0.0,3.0,0.0,6,3,2,2,5,0,1,0
107605,1300,0.0,3.0,1.0,10,3,2,2,9,0,1,0
108228,2397,0.0,0.0,0.0,11,4,2,1,10,0,1,0
10831,2608,0.0,4.0,1.0,6,3,1,2,5,0,1,0
109630,191,0.0,3.0,1.0,15,7,4,3,13,0,2,0
109833,361,0.0,0.0,1.0,10,4,1,2,8,1,1,0
110183,4270,0.0,4.0,0.0,2,1,1,1,0,0,2,0
110184,361,0.0,5.0,0.0,6,5,1,1,4,0,1,1
11028,3672,0.0,5.0,0.0,8,2,1,1,7,0,1,0
111406,4594,0.0,3.0,1.0,2,1,1,1,1,0,1,0
1115,3828,0.0,3.0,0.0,9,2,1,2,8,0,1,0
111682,1346,0.0,3.0,0.0,2,1,1,1,1,0,1,0
112114,3955,0.0,0.0,0.0,13,8,2,2,11,0,1,1
112125,3288,0.0,0.0,0.0,2,1,1,1,1,0,1,0
112143,4378,0.0,0.0,0.0,19,8,4,2,11,0,8,0
112163,361,0.0,3.0,0.0,9,1,1,2,8,0,1,0
11218,1346,1.0,4.0,1.0,2,1,1,1,1,0,1,0
112362,4760,0.0,4.0,0.0,1,1,1,1,0,0,1,0
112873,141,0.0,3.0,0.0,7,6,3,1,6,0,1,0
112909,4044,0.0,6.0,0.0,6,1,1,1,5,0,1,0
112944,3152,0.0,4.0,0.0,19,4,1,3,18,0,1,0
112950,946,0.0,4.0,0.0,21,8,1,4,20,0,1,0
113126,2845,0.0,2.0,0.0,7,1,1,1,3,0,3,1
113145,2124,0.0,5.0,1.0,18,9,1,1,17,0,1,0
113203,254,0.0,5.0,0.0,3,1,1,1,2,0,1,0
113239,2403,0.0,5.0,0.0,8,3,1,1,7,0,1,0
113629,4584,0.0,0.0,0.0,4,1,1,1,3,0,1,0
113905,4394,0.0,5.0,0.0,4,1,1,1,3,0,1,0
114056,1703,0.0,5.0,1.0,4,1,1,1,3,0,1,0
114133,2127,0.0,3.0,1.0,6,3,3,2,5,0,1,0
114209,4978,0.0,4.0,1.0,2,1,1,1,1,0,1,0
114313,1536,0.0,6.0,0.0,8,3,3,2,7,0,1,0
114769,3826,0.0,4.0,1.0,2,1,1,1,1,0,1,0
114808,905,0.0,4.0,0.0,11,2,1,1,10,0,1,0
115115,3538,0.0,3.0,null,12,5,3,1,9,0,3,0
115399,4039,0.0,0.0,1.0,8,1,1,3,6,0,2,0
116047,3241,0.0,4.0,0.0,4,1,1,1,3,0,1,0
116400,2318,0.0,6.0,0.0,2,1,1,1,1,0,1,0
116404,4049,0.0,3.0,0.0,2,1,1,1,1,0,1,0
116481,1784,1.0,3.0,1.0,6,4,4,1,5,0,1,0
117871,798,0.0,3.0,0.0,11,3,3,1,10,0,1,0
118335,3623,0.0,6.0,0.0,5,3,1,1,4,0,1,0
118558,742,0.0,0.0,0.0,25,7,4,1,22,0,3,0
119911,2711,0.0,5.0,0.0,36,9,3,3,35,0,1,0
120516,4760,0.0,7.0,1.0,3,1,1,1,1,0,2,0
120627,1927,0.0,0.0,0.0,2,1,1,1,1,0,1,0
121473,4818,0.0,2.0,0.0,12,2,2,2,11,0,1,0
121737,661,0.0,0.0,2.0,5,2,1,1,4,0,1,0
122191,3424,0.0,3.0,1.0,8,2,1,2,4,0,2,2
122448,1310,0.0,5.0,0.0,6,3,3,1,4,0,2,0
122533,3170,0.0,0.0,0.0,8,3,1,2,7,0,1,0
122573,3771,0.0,6.0,0.0,3,2,1,1,2,0,1,0
122661,962,1.0,0.0,0.0,8,3,3,2,6,1,1,0
122739,3629,1.0,3.0,0.0,23,8,1,1,22,0,1,0
122799,3609,0.0,0.0,0.0,1,1,1,1,0,0,1,0
122903,3018,0.0,2.0,0.0,1,1,1,1,0,0,1,0
12364,4234,0.0,0.0,0.0,3,2,2,1,2,0,1,0
12374,1134,0.0,0.0,0.0,18,4,3,1,16,0,2,0
124086,1500,0.0,6.0,0.0,8,1,1,4,6,0,2,0
124660,1272,0.0,6.0,0.0,5,2,2,2,4,0,1,0
124687,547,0.0,3.0,2.0,11,5,2,4,9,0,1,1
125069,3580,0.0,4.0,1.0,2,1,1,2,1,0,1,0
125071,1875,0.0,0.0,0.0,20,8,3,4,19,0,1,0
125242,3195,0.0,3.0,1.0,4,2,2,1,3,0,1,0
125817,2173,0.0,6.0,0.0,25,8,1,2,19,0,6,0
125829,1487,0.0,4.0,0.0,7,1,1,1,6,0,1,0
126272,3609,0.0,5.0,0.0,29,19,1,2,28,0,1,0
126564,2482,0.0,3.0,1.0,5,1,1,4,3,0,1,1
127145,962,0.0,3.0,0.0,4,1,1,2,3,0,1,0
127783,1276,0.0,0.0,1.0,31,7,1,3,30,0,1,0
128249,1133,0.0,0.0,0.0,4,1,1,1,3,0,1,0
128693,4871,0.0,3.0,0.0,4,1,1,2,3,0,1,0
128981,803,0.0,6.0,0.0,12,3,1,2,10,0,1,1
12908,963,0.0,6.0,0.0,4,1,1,3,2,0,1,1
129996,1724,0.0,0.0,1.0,12,1,1,1,11,0,1,0
130146,2879,0.0,0.0,0.0,5,1,1,3,4,0,1,0
1302,4124,0.0,4.0,0.0,1,1,1,1,0,0,1,0
130317,4173,0.0,6.0,0.0,8,7,5,3,7,0,1,0
130463,1851,0.0,2.0,0.0,2,1,1,1,1,0,1,0
130783,1102,0.0,4.0,1.0,35,7,2,4,34,0,1,0
130838,1116,0.0,6.0,0.0,18,4,1,2,16,0,2,0
13107,3986,0.0,4.0,0.0,2,1,1,1,1,0,1,0
131629,4643,0.0,0.0,0.0,2,1,1,1,1,0,1,0
131687,2824,0.0,4.0,0.0,11,2,1,1,10,0,1,0
13174,3635,0.0,3.0,0.0,9,2,1,3,8,0,1,0
131825,960,0.0,3.0,0.0,1,1,1,1,0,0,1,0
132535,1678,0.0,3.0,0.0,6,2,2,1,4,0,2,0
132702,2450,0.0,4.0,0.0,4,1,1,1,0,0,4,0
133118,2102,1.0,0.0,0.0,29,6,3,5,28,0,1,0
133860,1451,0.0,4.0,0.0,2,1,1,1,1,0,1,0
135786,191,0.0,0.0,0.0,1,1,1,1,0,0,1,0
135841,2594,0.0,4.0,0.0,26,11,5,1,25,0,1,0
135887,586,0.0,5.0,1.0,151,81,14,2,145,1,5,0
136243,2669,1.0,2.0,0.0,6,3,1,1,5,0,1,0
136749,1892,1.0,4.0,0.0,30,8,4,3,28,0,1,1
136899,2900,0.0,2.0,0.0,10,4,2,1,9,0,1,0
137175,1704,0.0,6.0,0.0,15,11,3,3,13,0,1,1
137549,2928,0.0,0.0,0.0,6,2,1,1,5,0,1,0
137581,1454,0.0,0.0,0.0,3,1,1,1,1,0,2,0
13810,2459,0.0,3.0,0.0,100,34,6,11,93,0,1,6
13827,3682,0.0,4.0,0.0,7,1,1,2,5,0,1,1
138547,3578,0.0,0.0,1.0,18,12,2,1,16,0,2,0
139050,58,0.0,7.0,1.0,5,1,1,2,4,0,1,0
139238,698,0.0,4.0,0.0,24,14,4,3,21,0,2,1
139544,4760,0.0,2.0,1.0,24,9,7,7,18,0,2,4
139687,191,0.0,3.0,0.0,4,1,1,1,3,0,1,0
13985,643,0.0,3.0,0.0,13,9,2,1,12,0,1,0
139914,2279,0.0,4.0,0.0,9,6,2,2,8,0,1,0
14003,3022,0.0,3.0,0.0,2,1,1,2,1,0,1,0
140111,2664,0.0,3.0,1.0,2,1,1,1,1,0,1,0
140398,2278,1.0,4.0,2.0,5,1,1,2,4,0,1,0
140732,3683,0.0,2.0,0.0,21,2,1,2,19,0,1,1
140888,4305,0.0,4.0,1.0,4,2,2,1,2,0,2,0
142113,1272,0.0,3.0,0.0,11,3,2,2,10,0,1,0
142403,4648,0.0,3.0,0.0,4,1,1,2,3,0,1,0
145487,58,0.0,3.0,0.0,4,2,1,1,3,0,1,0
145601,2403,0.0,0.0,0.0,18,6,1,2,15,0,1,2
145712,4043,0.0,2.0,0.0,4,2,2,2,3,0,1,0
14608,4659,0.0,2.0,0.0,26,14,7,2,23,0,2,1
146192,3828,0.0,0.0,1.0,10,5,5,4,9,0,1,0
146358,2278,0.0,2.0,1.0,2,1,1,1,1,0,1,0
146375,946,0.0,5.0,0.0,48,29,5,5,44,0,3,1
14644,3941,0.0,3.0,0.0,1,1,1,1,0,0,1,0
146750,4090,0.0,null,null,8,2,1,1,6,1,1,0
146900,1134,0.0,4.0,1.0,5,1,1,3,4,0,1,0
147058,608,0.0,0.0,0.0,13,7,3,1,12,0,1,0
147385,1263,0.0,0.0,0.0,6,1,1,2,5,0,1,0
147407,845,0.0,4.0,1.0,4,2,2,1,3,0,1,0
147705,2849,0.0,6.0,0.0,7,5,4,2,4,0,3,0
147724,1916,0.0,4.0,0.0,5,2,1,1,4,0,1,0
148215,2537,0.0,3.0,0.0,10,4,1,1,9,0,1,0
14847,3828,0.0,3.0,0.0,23,5,4,9,19,0,1,3
149505,2322,0.0,3.0,1.0,3,1,1,1,2,0,1,0
150262,685,0.0,0.0,0.0,3,2,1,1,2,0,1,0
150442,818,0.0,0.0,null,13,5,1,1,11,0,2,0
151039,2448,0.0,0.0,0.0,9,2,1,4,6,0,2,1
151504,4287,0.0,4.0,0.0,26,16,8,3,24,0,2,0
151598,4860,0.0,3.0,0.0,10,5,1,1,6,0,4,0
151649,1102,0.0,3.0,0.0,22,9,1,6,19,0,1,2
151932,4118,0.0,2.0,1.0,4,1,1,1,3,0,1,0
152257,35,0.0,4.0,0.0,8,7,1,1,7,0,1,0
152267,2721,0.0,3.0,0.0,8,6,1,1,7,0,1,0
152452,682,0.0,5.0,1.0,4,2,2,2,3,0,1,0
152640,598,0.0,2.0,1.0,10,2,1,2,7,0,1,2
15273,2482,0.0,2.0,0.0,11,2,1,3,10,0,1,0
153638,1216,0.0,3.0,0.0,7,2,2,2,5,0,1,1
153643,2443,0.0,3.0,0.0,7,4,1,2,5,0,1,1
153806,2745,0.0,2.0,0.0,7,5,3,2,5,0,1,1
153987,2935,0.0,3.0,0.0,11,4,1,2,10,0,1,0
155129,2879,0.0,3.0,1.0,2,1,1,1,1,0,1,0
156008,1495,0.0,4.0,0.0,5,1,1,2,3,0,1,1
157367,361,0.0,3.0,1.0,8,2,2,1,7,0,1,0
157526,1861,0.0,0.0,1.0,4,3,1,1,3,0,1,0
157748,4775,0.0,0.0,0.0,3,2,1,1,2,0,1,0
158302,1892,0.0,0.0,null,2,2,1,1,0,0,2,0
158451,4287,0.0,3.0,0.0,17,10,5,1,15,0,2,0
159808,963,0.0,3.0,0.0,2,1,1,1,1,0,1,0
159821,191,0.0,3.0,0.0,6,4,4,2,5,0,1,0
160419,2709,0.0,5.0,0.0,3,1,1,1,2,0,1,0
160466,437,0.0,3.0,0.0,11,4,1,1,9,0,1,1
16089,3609,0.0,4.0,0.0,1,1,1,1,0,0,1,0
161082,4044,1.0,2.0,0.0,45,30,5,4,44,0,1,0
161555,4198,0.0,3.0,1.0,3,1,1,1,2,0,1,0
162299,1000,0.0,3.0,0.0,1,1,1,1,0,0,1,0
163,1318,0.0,3.0,0.0,8,3,1,3,7,0,1,0
163205,2403,0.0,5.0,0.0,4,3,2,1,0,0,4,0
163268,1972,0.0,3.0,1.0,1,1,1,1,0,0,1,0
163812,1892,0.0,0.0,0.0,19,11,4,1,18,0,1,0
163991,1019,0.0,2.0,0.0,8,3,2,1,6,0,2,0
164029,310,0.0,2.0,1.0,8,1,1,1,6,0,2,0
164566,2928,0.0,4.0,0.0,2,1,1,1,1,0,1,0
164568,2945,0.0,0.0,0.0,3,1,1,2,2,0,1,0
164700,293,0.0,2.0,0.0,7,1,1,1,5,0,2,0
164765,537,0.0,4.0,0.0,15,3,1,3,14,0,1,0
164792,3683,0.0,3.0,0.0,6,3,2,1,4,0,2,0
164910,4234,0.0,5.0,0.0,9,7,1,2,6,0,3,0
16508,1742,0.0,3.0,0.0,32,14,1,2,29,0,2,1
165466,2669,0.0,0.0,0.0,9,5,2,1,7,0,2,0
165542,212,0.0,3.0,1.0,5,1,1,1,4,0,1,0
165588,4196,0.0,4.0,0.0,5,1,1,1,4,0,1,0
166296,643,0.0,4.0,1.0,7,2,1,2,6,0,1,0
16693,4765,0.0,2.0,1.0,6,2,1,3,5,0,1,0
167129,41,0.0,4.0,1.0,39,11,2,2,35,1,3,0
167382,2477,0.0,2.0,0.0,33,5,4,2,29,0,1,3
167558,2869,0.0,4.0,0.0,13,3,1,1,11,0,1,1
168832,721,1.0,0.0,1.0,3,1,1,1,2,0,1,0
169475,4071,0.0,4.0,0.0,1,1,1,1,0,0,1,0
169729,1008,0.0,0.0,0.0,2,1,1,2,0,0,1,1
170057,4493,0.0,4.0,2.0,17,13,3,1,16,0,1,0
170187,3484,0.0,3.0,1.0,3,1,1,1,2,0,1,0
170189,2755,0.0,3.0,0.0,7,1,1,1,6,0,1,0
170300,2664,0.0,3.0,0.0,72,41,4,7,69,0,3,0
170339,1283,0.0,3.0,0.0,29,16,8,4,27,0,1,1
170402,1760,0.0,6.0,0.0,12,5,1,1,10,0,2,0
170956,1459,0.0,4.0,0.0,12,3,2,2,8,0,4,0
171995,4044,0.0,3.0,0.0,40,18,9,4,38,0,1,1
172485,4044,1.0,2.0,0.0,26,15,6,1,25,0,1,0
172757,168,0.0,3.0,0.0,1,1,1,1,0,0,1,0
172924,4170,0.0,0.0,1.0,12,2,1,2,9,0,2,1
173080,3609,0.0,0.0,0.0,8,1,1,2,7,0,1,0
173880,190,0.0,2.0,0.0,6,2,2,2,4,0,1,1
173946,1619,0.0,0.0,0.0,11,4,1,2,9,0,1,1
174156,1685,1.0,2.0,0.0,4,1,1,1,3,0,1,0
174494,4271,0.0,0.0,1.0,6,3,1,2,5,0,1,0
174897,1092,0.0,0.0,0.0,4,1,1,2,3,0,1,0
174982,1340,0.0,3.0,1.0,52,20,6,2,45,0,7,0
175383,3635,0.0,0.0,1.0,4,1,1,1,3,0,1,0
175455,114,1.0,3.0,0.0,10,7,2,3,9,0,1,0
175561,2680,0.0,2.0,0.0,2,1,1,1,1,0,1,0
17619,598,0.0,3.0,0.0,3,1,1,1,2,0,1,0
176578,2879,0.0,0.0,0.0,6,1,1,3,4,0,2,0
177333,1850,0.0,6.0,0.0,1,1,1,1,0,0,1,0
177807,3350,0.0,0.0,0.0,1,1,1,1,0,0,1,0
177893,3329,0.0,4.0,1.0,2,1,1,1,0,0,2,0
17832,189,0.0,4.0,0.0,3,1,1,1,2,0,1,0
178438,2864,0.0,5.0,1.0,3,1,1,1,2,0,1,0
178484,2217,0.0,0.0,1.0,4,2,1,1,2,0,2,0
179093,4523,0.0,5.0,1.0,33,6,1,2,31,0,2,0
179164,3941,0.0,4.0,1.0,10,3,2,1,9,0,1,0
179266,1340,0.0,4.0,0.0,15,5,2,1,11,0,4,0
179286,2976,0.0,3.0,0.0,1,1,1,1,0,0,1,0
17950,963,0.0,3.0,1.0,4,2,1,1,3,0,1,0
179561,4322,0.0,0.0,1.0,7,1,1,1,6,0,1,0
180199,2928,0.0,0.0,0.0,13,8,2,1,12,0,1,0
180318,4427,0.0,4.0,1.0,2,1,1,1,1,0,1,0
180342,608,0.0,4.0,0.0,1,1,1,1,0,0,1,0
180992,4280,0.0,0.0,0.0,1,1,1,1,0,0,1,0
181394,4057,0.0,3.0,1.0,5,2,1,2,4,0,1,0
181396,1760,0.0,3.0,0.0,9,7,1,2,8,0,1,0
18143,508,0.0,3.0,1.0,5,1,1,1,3,0,2,0
181620,2913,0.0,4.0,0.0,2,1,1,1,1,0,1,0
181723,3319,0.0,5.0,1.0,6,1,1,1,5,0,1,0
181870,3545,1.0,0.0,1.0,13,9,1,2,11,0,2,0
18203,760,0.0,3.0,1.0,5,2,1,1,2,0,3,0
182386,2448,0.0,6.0,1.0,2,1,1,1,1,0,1,0
182414,2915,0.0,3.0,0.0,29,13,6,5,21,0,2,6
182557,3329,0.0,2.0,0.0,2,1,1,1,1,0,1,0
182632,2537,0.0,3.0,0.0,6,2,1,1,5,0,1,0
183074,1679,0.0,3.0,2.0,4,2,1,3,0,0,1,3
183172,4639,0.0,4.0,1.0,12,1,1,4,11,0,1,0
183379,962,0.0,3.0,0.0,1,1,1,1,0,0,1,0
183551,3200,0.0,4.0,1.0,5,1,1,1,4,0,1,0
183979,1850,0.0,0.0,0.0,20,6,6,2,15,0,5,0
183996,3288,0.0,4.0,1.0,4,1,1,1,3,0,1,0
184631,3127,0.0,2.0,0.0,4,2,1,2,3,0,1,0
184789,1022,0.0,7.0,0.0,34,15,1,1,28,0,2,4
185359,523,0.0,3.0,0.0,2,1,1,1,1,0,1,0
185392,3578,0.0,4.0,1.0,3,1,1,1,2,0,1,0
185576,102,0.0,4.0,0.0,9,2,1,1,8,0,1,0
185794,3826,0.0,3.0,1.0,1,1,1,1,0,0,1,0
18595,2429,0.0,0.0,0.0,1,1,1,1,0,0,1,0
186529,748,0.0,8.0,1.0,5,1,1,1,4,0,1,0
186734,2546,0.0,0.0,0.0,4,2,1,1,3,0,1,0
187048,2537,0.0,4.0,0.0,1,1,1,1,0,0,1,0
187136,4249,0.0,3.0,1.0,2,1,1,1,1,0,1,0
187568,1453,0.0,0.0,1.0,3,1,1,1,2,0,1,0
188206,3558,0.0,0.0,0.0,4,1,1,2,3,0,1,0
188290,4926,0.0,4.0,0.0,59,21,14,4,46,0,2,11
188887,740,0.0,4.0,1.0,10,3,2,1,8,0,2,0
189207,598,0.0,3.0,0.0,8,3,2,1,7,0,1,0
189470,1760,0.0,3.0,0.0,5,2,1,2,4,0,1,0
189809,2403,0.0,6.0,0.0,25,5,1,7,23,0,2,0
189818,2981,0.0,3.0,0.0,1,1,1,1,0,0,1,0
190513,2669,0.0,3.0,0.0,2,1,1,2,0,0,1,1
190585,2047,0.0,2.0,0.0,84,34,4,5,80,0,1,3
190788,4044,0.0,4.0,1.0,9,3,1,1,8,0,1,0
190977,2699,0.0,2.0,0.0,6,1,1,1,4,0,2,0
191269,4760,0.0,2.0,1.0,6,1,1,2,5,0,1,0
191430,1760,0.0,4.0,0.0,38,13,3,3,34,0,4,0
191667,1543,0.0,0.0,0.0,1,1,1,1,0,0,1,0
191782,1833,0.0,0.0,0.0,7,2,1,1,5,0,1,1
192111,2031,0.0,4.0,0.0,13,7,2,1,12,0,1,0
192383,2583,0.0,0.0,0.0,2,1,1,1,1,0,1,0
192384,4173,0.0,6.0,0.0,13,10,7,5,9,0,3,1
192500,2608,0.0,4.0,0.0,4,2,1,2,3,0,1,0
192565,798,0.0,2.0,0.0,4,1,1,2,3,0,1,0
192806,1102,1.0,3.0,0.0,24,11,5,1,23,0,1,0
192916,4659,0.0,4.0,0.0,4,2,2,1,2,0,2,0
193088,630,0.0,3.0,0.0,24,3,2,3,22,0,1,1
193120,13,0.0,3.0,1.0,12,2,1,2,10,0,2,0
193595,3693,0.0,3.0,0.0,6,1,1,1,5,0,1,0
193615,1892,0.0,0.0,1.0,2,1,1,2,1,0,1,0
194670,2721,0.0,3.0,0.0,9,2,1,2,6,0,1,2
194672,4322,0.0,4.0,0.0,1,1,1,1,0,0,1,0
195634,3635,0.0,5.0,1.0,15,4,3,5,12,0,1,2
195642,4793,1.0,0.0,0.0,7,1,1,1,6,0,1,0
195928,2217,0.0,4.0,0.0,2,1,1,1,1,0,1,0
19596,2615,0.0,3.0,1.0,3,1,1,1,2,0,1,0
195968,4850,0.0,0.0,0.0,3,1,1,1,2,0,1,0
196328,3578,0.0,0.0,0.0,16,3,2,2,15,0,1,0
196497,3473,0.0,3.0,0.0,1,1,1,1,0,0,1,0
196674,133,1.0,3.0,0.0,14,5,2,4,10,0,1,3
196824,1816,0.0,2.0,1.0,2,1,1,1,1,0,1,0
19833,2981,0.0,3.0,0.0,6,2,1,1,5,0,1,0
198358,4143,0.0,0.0,0.0,60,34,7,5,58,0,2,0
198735,4044,0.0,6.0,0.0,21,7,3,4,15,0,3,3
199056,1093,0.0,4.0,0.0,8,1,1,1,6,0,1,1
200726,4545,0.0,0.0,1.0,27,4,1,4,23,3,1,0
201925,3545,0.0,3.0,1.0,7,1,1,1,6,0,1,0
202297,2173,0.0,0.0,0.0,3,1,1,1,2,0,1,0
202709,4840,0.0,5.0,0.0,4,1,1,1,3,0,1,0
203052,1102,0.0,3.0,0.0,38,25,10,6,35,0,1,2
203371,467,1.0,4.0,1.0,6,2,1,2,4,0,1,1
203599,1565,0.0,0.0,0.0,4,1,1,1,3,0,1,0
20378,4794,0.0,3.0,0.0,18,8,3,2,16,0,1,1
204350,4131,0.0,3.0,0.0,4,1,1,2,3,0,1,0
204727,300,0.0,4.0,0.0,10,1,1,4,7,0,1,2
205148,1581,0.0,3.0,0.0,38,11,1,2,32,0,5,1
205179,4282,0.0,3.0,1.0,8,4,2,2,7,0,1,0
20550,2097,0.0,4.0,0.0,3,1,1,1,2,0,1,0
206193,1703,0.0,0.0,0.0,2,1,1,1,1,0,1,0
206210,1892,0.0,4.0,1.0,6,4,3,2,4,0,2,0
206640,2954,0.0,5.0,1.0,17,2,1,3,16,0,1,0
206810,897,0.0,4.0,0.0,11,4,1,1,10,0,1,0
206887,3472,0.0,4.0,1.0,3,1,1,1,2,0,1,0
206963,1916,0.0,0.0,0.0,3,1,1,2,1,0,2,0
207191,2981,0.0,3.0,0.0,2,2,2,2,0,0,1,1
20786,4581,0.0,2.0,0.0,15,3,2,4,14,0,1,0
208159,1239,0.0,0.0,1.0,2,1,1,1,1,0,1,0
208195,4280,0.0,3.0,0.0,56,27,1,6,49,0,3,4
208394,2872,0.0,5.0,0.0,7,6,5,2,0,0,6,1
208489,3910,0.0,3.0,0.0,3,1,1,1,1,0,2,0
20915,542,1.0,3.0,0.0,2,1,1,1,1,0,1,0
209390,1468,0.0,4.0,0.0,4,1,1,1,3,0,1,0
209588,4756,1.0,5.0,0.0,11,5,1,1,9,0,2,0
210277,3629,0.0,4.0,1.0,13,6,2,1,10,0,1,2
210289,416,0.0,5.0,0.0,17,12,3,1,13,0,4,0
21069,3851,0.0,2.0,0.0,2,1,1,1,1,0,1,0
210800,1399,0.0,3.0,1.0,4,2,1,2,3,0,1,0
210870,2447,0.0,3.0,0.0,2,1,1,1,1,0,1,0
211032,4044,0.0,3.0,1.0,56,35,12,2,53,0,3,0
211292,2928,0.0,5.0,0.0,5,4,1,1,4,0,1,0
212160,403,0.0,4.0,2.0,6,1,1,1,5,0,1,0
21230,4764,0.0,3.0,0.0,6,1,1,1,5,0,1,0
212415,2313,0.0,6.0,0.0,2,1,1,1,1,0,1,0
213149,479,1.0,2.0,1.0,6,1,1,1,5,0,1,0
213599,227,0.0,4.0,0.0,92,23,3,5,85,0,3,4
214057,2631,0.0,8.0,0.0,2,1,1,2,1,0,1,0
214080,661,0.0,5.0,0.0,13,8,2,3,3,0,2,8
214169,4356,0.0,7.0,0.0,11,3,1,3,10,0,1,0
214462,4847,0.0,2.0,0.0,4,4,4,2,2,0,1,1
214527,742,0.0,0.0,0.0,11,2,1,1,10,0,1,0
214814,1342,0.0,3.0,0.0,13,6,3,1,12,0,1,0
215001,121,0.0,5.0,1.0,6,4,4,1,5,0,1,0
215098,1133,0.0,3.0,0.0,14,8,1,2,13,0,1,0
215247,3990,0.0,4.0,0.0,24,7,4,2,20,0,4,0
215268,4710,0.0,0.0,0.0,2,1,1,1,1,0,1,0
216138,1664,0.0,2.0,0.0,9,4,3,1,6,0,3,0
21648,2030,0.0,3.0,1.0,3,1,1,2,2,0,1,0
216599,4170,0.0,0.0,0.0,7,4,1,3,5,0,2,0
216842,2856,0.0,6.0,0.0,8,2,1,3,6,0,1,1
217204,3073,0.0,0.0,1.0,1,1,1,1,0,0,1,0
218364,3990,0.0,0.0,0.0,8,2,2,1,6,0,2,0
218599,968,1.0,0.0,0.0,7,2,1,1,5,1,1,0
218747,1666,0.0,0.0,0.0,2,1,1,1,1,0,1,0
218955,63,0.0,6.0,0.0,5,1,1,2,4,0,1,0
219289,1235,0.0,2.0,0.0,10,3,1,1,9,0,1,0
219836,4818,0.0,3.0,1.0,8,2,2,1,6,0,2,0
220864,3828,0.0,3.0,1.0,84,28,11,11,81,0,3,0
22094,4829,0.0,2.0,0.0,62,10,1,7,55,0,1,6
221034,3571,0.0,4.0,0.0,21,11,1,4,20,0,1,0
22106,1692,0.0,6.0,0.0,3,2,1,1,1,0,2,0
221682,110,0.0,5.0,1.0,4,1,1,2,3,0,1,0
221728,1457,0.0,6.0,1.0,78,15,6,5,76,0,1,1
222200,1760,0.0,0.0,0.0,9,3,2,1,7,0,2,0
222207,4322,0.0,0.0,0.0,1,1,1,1,0,0,1,0
222239,608,0.0,0.0,0.0,28,10,4,2,25,0,2,1
222851,643,0.0,4.0,0.0,2,1,1,1,1,0,1,0
222963,1425,0.0,0.0,1.0,2,1,1,1,1,0,1,0
223470,2879,0.0,4.0,null,3,1,1,2,2,0,1,0
224079,2072,0.0,0.0,0.0,1,1,1,1,0,0,1,0
224215,314,0.0,2.0,1.0,3,1,1,2,2,0,1,0
224231,1031,0.0,3.0,1.0,3,1,1,1,2,0,1,0
22521,2664,0.0,4.0,1.0,1,1,1,1,0,0,1,0
225292,4173,0.0,2.0,0.0,13,7,5,3,12,0,1,0
225920,3562,0.0,0.0,1.0,29,8,5,3,25,0,4,0
226488,1632,0.0,4.0,0.0,5,1,1,2,3,0,1,1
227205,1250,0.0,0.0,0.0,4,1,1,1,3,0,1,0
227890,2403,0.0,8.0,0.0,22,14,1,1,21,0,1,0
228156,4170,0.0,5.0,0.0,18,8,3,4,16,0,2,0
228333,3536,0.0,3.0,1.0,1,1,1,1,0,0,1,0
228348,946,0.0,0.0,0.0,3,2,1,1,2,0,1,0
22837,437,0.0,4.0,1.0,12,5,1,2,9,0,1,2
228689,4534,0.0,4.0,0.0,3,1,1,1,2,0,1,0
228965,1000,0.0,5.0,1.0,1,1,1,1,0,0,1,0
229000,4282,0.0,3.0,0.0,2,1,1,1,1,0,1,0
229248,586,0.0,4.0,0.0,25,16,3,4,17,0,4,4
229643,141,0.0,3.0,0.0,22,11,7,2,20,0,1,1
230061,4605,0.0,5.0,0.0,3,1,1,1,2,0,1,0
230325,718,0.0,4.0,1.0,11,6,2,4,10,0,1,0
230790,2492,0.0,4.0,1.0,7,1,1,1,6,0,1,0
230994,2283,0.0,0.0,0.0,6,4,1,2,5,0,1,0
23115,553,0.0,null,null,2,1,1,1,1,0,1,0
231216,2328,0.0,5.0,2.0,4,1,1,3,3,0,1,0
231314,46,0.0,4.0,0.0,6,1,1,2,4,1,1,0
231529,1618,0.0,0.0,0.0,2,1,1,1,1,0,1,0
231578,4705,0.0,0.0,0.0,5,1,1,2,4,0,1,0
231657,3578,0.0,0.0,0.0,3,2,1,1,2,0,1,0
231704,598,0.0,4.0,1.0,6,3,2,1,5,0,1,0
231922,1501,0.0,0.0,0.0,3,1,1,1,2,0,1,0
232383,3965,0.0,4.0,1.0,6,4,2,1,4,0,2,0
232460,643,0.0,4.0,0.0,31,12,5,1,27,0,2,2
232623,1710,0.0,4.0,0.0,1,1,1,1,0,0,1,0
232898,3826,0.0,0.0,0.0,1,1,1,1,0,0,1,0
233748,1111,0.0,6.0,0.0,4,1,1,1,3,0,1,0
233795,4542,0.0,0.0,0.0,14,5,1,3,12,0,1,1
233968,1923,0.0,5.0,0.0,11,5,1,1,10,0,1,0
234224,2648,0.0,3.0,1.0,2,1,1,1,1,0,1,0
234377,1816,0.0,0.0,0.0,22,9,4,2,21,0,1,0
234538,1679,1.0,4.0,0.0,55,25,4,2,51,0,4,0
235603,1056,0.0,0.0,0.0,5,1,1,2,4,0,1,0
235671,3941,0.0,4.0,0.0,14,1,1,5,12,0,1,1
235682,4198,0.0,4.0,1.0,3,1,1,1,2,0,1,0
235736,4976,0.0,4.0,0.0,37,21,4,3,35,0,1,1
235760,1142,0.0,4.0,1.0,34,9,3,1,33,0,1,0
236841,1133,0.0,4.0,1.0,4,1,1,1,3,0,1,0
237226,4949,0.0,5.0,0.0,5,4,3,1,4,0,1,0
237507,361,0.0,0.0,1.0,2,1,1,1,1,0,1,0
237784,3247,0.0,0.0,1.0,24,6,1,2,23,0,1,0
237833,2450,0.0,0.0,2.0,22,1,1,2,19,0,3,0
237852,4981,0.0,5.0,0.0,4,1,1,2,3,0,1,0
237895,598,0.0,2.0,1.0,29,15,3,7,26,0,1,2
237955,3170,0.0,4.0,0.0,6,5,1,6,2,0,1,3
238201,590,0.0,4.0,0.0,4,2,1,1,3,0,1,0
238309,4648,0.0,4.0,0.0,1,1,1,1,0,0,1,0
238398,2639,0.0,2.0,0.0,6,1,1,1,4,0,2,0
238733,152,0.0,4.0,0.0,4,2,2,1,3,0,1,0
238763,3624,1.0,3.0,1.0,61,21,2,10,54,0,6,1
238881,2039,0.0,0.0,0.0,7,2,1,1,5,0,2,0
239216,1679,0.0,3.0,1.0,56,19,4,5,55,0,1,0
239363,1582,0.0,3.0,0.0,14,3,2,2,11,0,1,2
239459,3463,0.0,2.0,0.0,4,1,1,1,3,0,1,0
23952,132,0.0,4.0,2.0,17,4,1,1,16,0,1,0
239801,2928,0.0,4.0,1.0,14,4,2,2,13,0,1,0
24028,3839,1.0,0.0,0.0,2,2,2,1,0,0,2,0
240594,2465,0.0,7.0,1.0,15,4,3,1,14,0,1,0
24063,2273,0.0,6.0,1.0,7,4,1,2,6,0,1,0
241100,310,0.0,2.0,1.0,1,1,1,1,0,0,1,0
241169,1077,0.0,6.0,1.0,2,1,1,1,1,0,1,0
242562,1618,0.0,3.0,0.0,30,14,2,4,27,0,1,2
242688,4368,0.0,5.0,0.0,9,3,1,1,7,0,2,0
242715,2393,0.0,2.0,0.0,4,1,1,1,3,0,1,0
242868,2403,0.0,0.0,0.0,5,4,1,1,4,0,1,0
242966,1892,0.0,0.0,0.0,5,2,2,1,4,0,1,0
242972,234,0.0,3.0,0.0,1,1,1,1,0,0,1,0
2432,1810,0.0,3.0,0.0,142,56,12,2,136,0,6,0
243584,897,0.0,5.0,1.0,1,1,1,1,0,0,1,0
243926,4768,0.0,4.0,0.0,7,1,1,1,6,0,1,0
243959,1102,0.0,2.0,0.0,38,16,6,7,35,0,1,2
244283,1466,0.0,3.0,0.0,3,1,1,2,2,0,1,0
244425,4818,0.0,2.0,0.0,19,10,5,1,15,0,4,0
244478,1884,0.0,5.0,1.0,4,2,2,1,3,0,1,0
245126,2465,0.0,6.0,1.0,2,1,1,1,1,0,1,0
24520,3136,0.0,5.0,0.0,12,7,3,1,11,0,1,0
245363,2537,0.0,3.0,0.0,4,1,1,1,3,0,1,0
24551,3460,0.0,3.0,0.0,3,1,1,1,1,0,2,0
24552,1605,1.0,4.0,1.0,5,5,1,1,0,0,5,0
245533,4420,0.0,4.0,1.0,10,2,2,3,8,0,2,0
245721,4765,0.0,3.0,0.0,2,1,1,1,1,0,1,0
246384,3376,0.0,2.0,0.0,7,2,2,2,5,0,1,1
246523,2745,0.0,2.0,1.0,8,1,1,1,7,0,1,0
246591,437,1.0,4.0,0.0,39,19,3,2,37,0,2,0
246685,3022,0.0,0.0,1.0,3,2,2,1,2,0,1,0
2475,3462,0.0,3.0,0.0,4,1,1,2,3,0,1,0
248061,4322,0.0,4.0,1.0,3,1,1,1,1,0,1,1
248794,259,0.0,2.0,1.0,4,1,1,2,2,0,1,1
249210,2436,0.0,4.0,0.0,16,10,4,2,12,0,4,0
249384,1810,0.0,0.0,0.0,2,1,1,2,0,0,1,1
249597,1788,0.0,4.0,1.0,6,1,1,2,4,1,1,0
24992,1216,0.0,null,null,22,5,3,2,19,0,2,1
250091,2916,0.0,7.0,2.0,1,1,1,1,0,0,1,0
250420,1393,0.0,3.0,0.0,12,5,2,2,7,0,1,4
25090,4658,0.0,3.0,1.0,2,1,1,1,1,0,1,0
251519,740,0.0,2.0,1.0,2,1,1,1,1,0,1,0
252009,1816,1.0,4.0,1.0,10,5,4,2,9,0,1,0
25206,320,0.0,4.0,0.0,5,1,1,2,4,0,1,0
252388,1742,0.0,3.0,1.0,2,1,1,2,1,0,1,0
252685,3982,0.0,4.0,0.0,4,1,1,1,3,0,1,0
252857,2072,0.0,5.0,1.0,2,1,1,1,1,0,1,0
253041,2454,0.0,4.0,1.0,3,1,1,1,2,0,1,0
253384,4864,0.0,5.0,1.0,2,1,1,1,1,0,1,0
253516,3602,0.0,3.0,0.0,11,1,1,2,9,0,1,1
253767,3013,0.0,3.0,0.0,6,1,1,1,5,0,1,0
253916,2664,0.0,0.0,0.0,9,5,1,1,7,0,2,0
253966,1356,0.0,0.0,0.0,10,2,1,1,9,0,1,0
254652,1056,0.0,4.0,1.0,20,7,5,1,16,0,4,0
254978,1679,0.0,6.0,0.0,15,8,4,1,13,0,2,0
254992,4220,0.0,0.0,0.0,6,2,1,1,4,0,2,0
255344,1892,0.0,4.0,0.0,5,2,2,1,3,0,2,0
256949,3383,0.0,3.0,1.0,1,1,1,1,0,0,1,0
257306,10,0.0,0.0,0.0,5,2,1,2,4,0,1,0
257674,4282,0.0,2.0,1.0,75,42,11,10,60,0,1,14
257804,742,0.0,0.0,0.0,4,1,1,1,3,0,1,0
257850,2459,0.0,3.0,0.0,20,9,3,5,18,0,2,0
258121,1145,0.0,6.0,1.0,7,3,1,1,6,0,1,0
258702,3728,0.0,3.0,1.0,4,1,1,2,3,0,1,0
259368,4966,0.0,4.0,0.0,2,1,1,1,1,0,1,0
260600,4044,0.0,2.0,0.0,4,4,2,3,1,0,2,1
260834,951,0.0,0.0,0.0,6,2,1,2,4,0,1,1
26094,949,0.0,6.0,0.0,25,15,7,2,23,0,2,0
261202,3105,0.0,4.0,1.0,9,5,3,1,8,0,1,0
261292,1760,1.0,4.0,0.0,8,1,1,3,6,0,1,1
261408,4492,0.0,0.0,0.0,3,1,1,2,1,0,1,1
261723,2361,0.0,2.0,0.0,2,1,1,1,0,0,1,1
261750,1501,0.0,3.0,1.0,5,1,1,2,4,0,1,0
262112,361,0.0,5.0,0.0,10,2,2,1,7,0,3,0
262192,1183,0.0,4.0,0.0,1,1,1,1,0,0,1,0
262798,190,0.0,0.0,1.0,2,1,1,1,1,0,1,0
262821,4040,0.0,2.0,0.0,3,1,1,1,2,0,1,0
262958,1056,0.0,0.0,0.0,1,1,1,1,0,0,1,0
262983,1379,0.0,3.0,0.0,3,2,2,1,1,0,2,0
263222,3085,0.0,4.0,1.0,11,6,2,2,10,0,1,0
26328,3323,1.0,3.0,1.0,11,7,1,1,10,0,1,0
263785,2935,0.0,0.0,0.0,3,2,1,1,2,0,1,0
263854,3136,0.0,5.0,0.0,5,4,2,1,4,0,1,0
263995,2359,1.0,3.0,0.0,16,12,1,1,14,0,1,1
264091,4659,0.0,2.0,0.0,1,1,1,1,0,0,1,0
264480,2459,0.0,2.0,0.0,8,4,2,4,7,0,1,0
264573,3080,1.0,3.0,1.0,3,2,1,1,2,0,1,0
264581,4687,0.0,0.0,0.0,4,1,1,1,3,0,1,0
264800,2577,0.0,0.0,0.0,2,1,1,1,1,0,1,0
265725,3085,0.0,6.0,1.0,4,1,1,1,3,0,1,0
266024,3163,0.0,4.0,0.0,5,2,1,1,3,0,2,0
266349,3350,0.0,0.0,1.0,3,2,1,1,2,0,1,0
266732,66,0.0,2.0,1.0,3,1,1,1,2,0,1,0
266750,4368,0.0,0.0,1.0,2,1,1,1,1,0,1,0
267391,63,0.0,0.0,0.0,18,1,1,4,17,0,1,0
267427,2821,0.0,3.0,1.0,9,1,1,1,8,0,1,0
267646,1090,0.0,6.0,0.0,14,10,4,2,13,0,1,0
268162,4090,0.0,2.0,1.0,6,1,1,1,4,1,1,0
268335,522,0.0,3.0,1.0,3,2,2,2,2,0,1,0
268398,4071,0.0,6.0,1.0,2,1,1,1,1,0,1,0
268446,302,0.0,0.0,0.0,18,9,2,2,16,0,2,0
268561,4687,0.0,2.0,0.0,3,1,1,1,2,0,1,0
268683,3734,0.0,2.0,0.0,1,1,1,1,0,0,1,0
268710,4044,0.0,3.0,0.0,29,21,5,2,28,0,1,0
268798,4760,0.0,3.0,0.0,9,1,1,2,8,0,1,0
268998,4196,0.0,2.0,0.0,2,1,1,1,0,0,2,0
269387,3826,0.0,0.0,0.0,3,1,1,2,2,0,1,0
269780,2890,0.0,8.0,0.0,2,1,1,1,1,0,1,0
269881,114,0.0,4.0,1.0,10,2,1,2,8,0,1,1
270581,4043,0.0,3.0,0.0,2,1,1,1,1,0,1,0
271842,191,0.0,2.0,0.0,12,11,6,2,11,0,1,0
271881,4647,0.0,2.0,1.0,3,1,1,1,1,0,1,1
271882,4976,0.0,0.0,0.0,19,5,1,1,18,0,1,0
272182,4659,0.0,0.0,0.0,15,9,6,1,12,0,3,0
272294,603,0.0,3.0,0.0,7,2,1,1,5,0,2,0
27268,2711,0.0,4.0,1.0,18,8,3,5,14,0,1,3
272817,2278,0.0,4.0,0.0,6,3,3,3,4,0,1,1
272829,3055,0.0,3.0,0.0,4,1,1,1,3,0,1,0
272866,4026,0.0,4.0,2.0,1,1,1,1,0,0,1,0
272875,742,0.0,5.0,0.0,7,2,2,2,5,0,1,1
273971,1203,0.0,0.0,0.0,14,6,2,1,11,0,3,0
274024,1300,0.0,5.0,1.0,1,1,1,1,0,0,1,0
274631,3875,0.0,2.0,0.0,2,1,1,1,1,0,1,0
274843,301,0.0,3.0,1.0,8,1,1,2,6,0,2,0
275274,4638,1.0,0.0,0.0,16,3,1,1,13,0,3,0
275338,1957,0.0,6.0,0.0,3,1,1,1,2,0,1,0
275885,3152,0.0,2.0,1.0,2,1,1,2,1,0,1,0
276159,2954,0.0,0.0,0.0,32,5,3,7,30,0,1,1
276298,682,0.0,3.0,1.0,3,2,2,3,2,0,1,0
276346,3173,0.0,4.0,0.0,1,1,1,1,0,0,1,0
276359,3762,0.0,2.0,0.0,5,2,1,1,4,0,1,0
276507,4711,0.0,2.0,0.0,6,2,1,1,5,0,1,0
276510,2565,0.0,0.0,0.0,18,10,1,2,16,0,2,0
276580,2769,1.0,0.0,0.0,3,3,2,1,0,0,3,0
276838,2108,0.0,3.0,0.0,2,1,1,1,1,0,1,0
276870,2569,0.0,0.0,0.0,24,15,1,1,22,0,2,0
276984,1393,0.0,0.0,0.0,2,1,1,1,1,0,1,0
277466,1495,0.0,5.0,1.0,4,1,1,3,3,0,1,0
278091,2766,0.0,2.0,0.0,5,1,1,2,3,0,1,1
278170,2936,0.0,4.0,0.0,1,1,1,1,0,0,1,0
2782,4659,0.0,4.0,0.0,11,5,2,1,7,0,4,0
278489,2138,0.0,3.0,0.0,6,4,2,2,5,0,1,0
278829,547,0.0,2.0,1.0,3,2,2,3,0,0,1,2
279692,1102,0.0,2.0,0.0,15,10,1,2,13,0,1,1
280727,1764,0.0,2.0,0.0,11,2,1,1,10,0,1,0
282403,2360,1.0,0.0,0.0,9,1,1,1,7,0,2,0
282618,2883,0.0,6.0,1.0,16,8,1,1,15,0,1,0
282635,4811,0.0,4.0,1.0,2,1,1,1,1,0,1,0
282709,3068,0.0,3.0,1.0,3,1,1,1,2,0,1,0
283159,3878,0.0,5.0,0.0,3,1,1,2,2,0,1,0
283165,2608,0.0,2.0,1.0,2,1,1,1,1,0,1,0
283338,437,0.0,3.0,0.0,4,4,2,1,3,0,1,0
283544,2031,0.0,6.0,0.0,1,1,1,1,0,0,1,0
283555,3878,0.0,6.0,0.0,3,1,1,1,2,0,1,0
283572,1999,0.0,4.0,0.0,4,1,1,1,2,0,1,1
284149,4388,0.0,6.0,0.0,9,5,2,2,7,0,2,0
284291,145,0.0,3.0,0.0,1,1,1,1,0,0,1,0
28432,3350,0.0,0.0,0.0,13,3,1,4,11,0,1,1
284953,1592,0.0,0.0,0.0,1,1,1,1,0,0,1,0
285825,2637,1.0,0.0,0.0,2,1,1,1,1,0,1,0
285950,2652,0.0,4.0,0.0,16,5,1,1,14,0,1,1
28623,4687,0.0,3.0,1.0,2,1,1,2,0,0,1,1
286512,1274,0.0,0.0,1.0,6,1,1,1,5,0,1,0
286891,508,0.0,4.0,0.0,3,1,1,1,2,0,1,0
287003,1679,0.0,0.0,0.0,20,9,2,4,18,0,2,0
287306,3826,0.0,4.0,1.0,1,1,1,1,0,0,1,0
287555,3734,0.0,2.0,1.0,33,11,5,1,31,0,2,0
287773,3363,0.0,2.0,0.0,11,5,1,1,10,0,1,0
287835,3898,0.0,0.0,0.0,2,1,1,1,1,0,1,0
287956,3152,0.0,3.0,0.0,29,7,1,2,26,0,2,1
288133,2691,0.0,4.0,0.0,2,1,1,1,1,0,1,0
288440,3974,0.0,0.0,0.0,3,2,1,1,2,0,1,0
288770,1509,0.0,3.0,1.0,5,1,1,1,4,0,1,0
288964,1203,0.0,5.0,1.0,9,3,3,2,7,1,1,0
289120,2397,0.0,3.0,0.0,20,6,3,2,15,0,2,3
289583,2161,0.0,2.0,0.0,3,1,1,1,2,0,1,0
289968,1488,0.0,6.0,0.0,2,1,1,1,1,0,1,0
29048,3152,0.0,4.0,0.0,5,2,1,1,4,0,1,0
2911,2629,0.0,0.0,0.0,5,1,1,2,3,0,1,1
291211,2883,1.0,3.0,0.0,52,12,1,7,45,0,2,5
292451,503,0.0,3.0,0.0,10,6,2,1,7,0,3,0
292833,3288,0.0,3.0,1.0,2,1,1,1,0,0,2,0
293182,855,0.0,5.0,0.0,11,1,1,3,9,1,1,0
293322,503,0.0,0.0,0.0,6,2,1,2,4,0,2,0
293374,4760,0.0,3.0,0.0,2,1,1,2,1,0,1,0
2937,1102,0.0,3.0,0.0,11,3,2,3,8,0,1,2
294317,3826,0.0,4.0,1.0,8,3,1,1,7,0,1,0
295305,4536,0.0,0.0,0.0,1,1,1,1,0,0,1,0
295662,3289,0.0,3.0,0.0,9,5,1,1,8,0,1,0
295862,3599,0.0,0.0,0.0,5,1,1,2,3,0,1,1
295867,2066,0.0,0.0,1.0,2,1,1,1,1,0,1,0
296256,297,0.0,2.0,0.0,3,1,1,1,2,0,1,0
296519,361,0.0,3.0,0.0,14,11,4,1,12,0,2,0
296788,4173,0.0,4.0,0.0,27,16,5,6,23,0,1,3
297246,1659,0.0,6.0,0.0,4,2,1,2,2,0,1,1
297428,3822,0.0,0.0,0.0,5,2,1,3,4,0,1,0
298286,382,0.0,0.0,0.0,6,3,3,2,3,0,3,0
298287,740,0.0,2.0,1.0,2,1,1,1,1,0,1,0
298485,2954,0.0,0.0,0.0,3,2,2,1,2,0,1,0
298538,2699,0.0,8.0,0.0,12,6,4,2,11,0,1,0
29900,1884,0.0,3.0,0.0,8,4,1,1,6,0,1,1
299284,4079,0.0,5.0,1.0,4,2,2,1,3,0,1,0
299466,2459,0.0,4.0,0.0,2,2,2,1,0,0,2,0
299611,2928,0.0,0.0,0.0,4,1,1,3,3,0,1,0
299675,4044,0.0,0.0,0.0,77,42,12,9,68,0,1,8
300144,588,0.0,3.0,0.0,1,1,1,1,0,0,1,0
300752,423,0.0,4.0,1.0,4,1,1,2,2,0,2,0
301072,2031,0.0,2.0,1.0,22,3,2,2,17,0,2,3
301160,505,0.0,6.0,0.0,5,1,1,1,3,0,2,0
301239,4585,1.0,0.0,1.0,6,1,1,1,4,0,2,0
301487,1272,0.0,0.0,0.0,94,56,11,5,93,0,1,0
301491,3578,0.0,6.0,1.0,16,2,2,1,13,0,3,0
301936,4950,0.0,4.0,0.0,6,4,4,2,5,0,1,0
302042,121,0.0,0.0,0.0,64,15,6,5,56,0,1,7
302107,586,0.0,4.0,0.0,43,27,3,5,40,0,3,0
302176,4044,0.0,3.0,0.0,53,27,5,3,48,0,5,0
302261,742,0.0,4.0,1.0,4,2,2,2,3,0,1,0
302457,297,0.0,2.0,1.0,3,1,1,1,2,0,1,0
302536,1710,0.0,0.0,0.0,2,1,1,1,1,0,1,0
302623,738,0.0,0.0,0.0,8,4,1,1,7,0,1,0
302782,4090,0.0,2.0,0.0,4,1,1,1,3,0,1,0
303139,3424,0.0,5.0,1.0,15,8,1,2,14,0,1,0
303229,4234,0.0,5.0,0.0,5,2,1,2,3,0,2,0
303431,4607,0.0,5.0,0.0,3,1,1,1,2,0,1,0
303532,2273,0.0,0.0,0.0,31,5,2,7,29,0,1,1
304503,2138,0.0,3.0,0.0,2,2,2,1,0,0,2,0
304747,4048,0.0,3.0,1.0,2,1,1,1,1,0,1,0
304845,3345,0.0,2.0,0.0,11,6,2,1,10,0,1,0
304892,3578,0.0,4.0,0.0,8,3,1,4,7,0,1,0
305479,4864,0.0,4.0,1.0,17,8,4,1,14,0,2,1
305481,1769,0.0,3.0,0.0,6,2,1,2,4,0,1,1
305797,4170,0.0,4.0,1.0,6,4,2,1,5,0,1,0
305820,361,0.0,4.0,1.0,14,4,2,1,12,0,1,1
306273,1102,0.0,3.0,0.0,2,1,1,2,1,0,1,0
306340,2537,0.0,4.0,0.0,7,4,2,1,5,0,2,0
306478,479,0.0,0.0,null,3,1,1,1,2,0,1,0
307370,3013,0.0,0.0,0.0,7,2,1,2,5,0,1,1
307476,1056,1.0,4.0,0.0,28,11,4,1,25,0,3,0
307584,4173,0.0,0.0,1.0,15,13,8,2,11,0,4,0
30767,3958,0.0,0.0,1.0,13,4,2,2,12,0,1,0
30777,3734,0.0,4.0,0.0,40,17,3,2,36,0,3,1
30778,2954,0.0,3.0,0.0,9,3,1,1,8,0,1,0
307903,4173,0.0,4.0,0.0,25,13,4,3,23,0,1,1
307946,3476,0.0,5.0,0.0,2,2,1,1,0,0,2,0
308363,897,0.0,0.0,2.0,5,2,1,2,4,0,1,0
308447,597,0.0,0.0,0.0,53,13,3,1,49,0,3,1
308812,1742,0.0,3.0,0.0,33,20,1,3,27,0,2,4
309130,3828,0.0,5.0,0.0,18,8,7,2,17,0,1,0
309334,2099,0.0,4.0,0.0,8,4,1,1,7,0,1,0
309405,1019,0.0,0.0,0.0,1,1,1,1,0,0,1,0
309407,2776,0.0,5.0,0.0,3,1,1,2,2,0,1,0
309921,1111,0.0,0.0,0.0,2,1,1,1,1,0,1,0
31011,4712,0.0,0.0,0.0,8,3,2,3,7,0,1,0
310399,941,0.0,4.0,1.0,19,7,1,2,18,0,1,0
310833,4361,0.0,3.0,2.0,6,2,1,1,5,0,1,0
311587,3650,0.0,3.0,0.0,4,1,1,1,3,0,1,0
312013,4950,0.0,0.0,0.0,11,7,6,1,9,0,2,0
312114,4150,0.0,4.0,0.0,6,1,1,5,5,0,1,0
312667,3828,0.0,4.0,0.0,31,15,5,4,30,0,1,0
312943,2721,0.0,3.0,0.0,14,8,3,1,11,0,3,0
313849,4987,0.0,0.0,0.0,1,1,1,1,0,0,1,0
313939,2303,0.0,4.0,0.0,21,11,1,4,12,0,1,8
315001,4050,0.0,3.0,1.0,4,1,1,3,3,0,1,0
315334,3828,0.0,3.0,0.0,13,7,6,6,12,0,1,0
315451,3971,0.0,6.0,0.0,12,2,2,2,10,0,2,0
315519,3323,1.0,4.0,0.0,4,3,1,2,3,0,1,0
315999,414,0.0,8.0,0.0,211,52,10,18,207,0,1,3
316002,3766,1.0,4.0,0.0,15,12,4,1,14,0,1,0
316375,2138,0.0,4.0,0.0,5,1,1,3,3,0,1,1
316433,3828,1.0,4.0,0.0,21,7,4,3,20,0,1,0
316969,4282,0.0,2.0,1.0,9,2,2,1,7,0,2,0
317056,2589,0.0,2.0,0.0,3,1,1,1,2,0,1,0
317436,4659,1.0,3.0,0.0,11,7,3,3,8,0,3,0
31806,2242,0.0,3.0,2.0,87,31,11,3,69,0,7,11
318241,2767,0.0,0.0,0.0,3,1,1,2,2,0,1,0
31828,1833,0.0,4.0,0.0,5,4,2,1,4,0,1,0
31847,3990,0.0,6.0,0.0,20,5,3,6,16,0,1,3
318478,3780,0.0,2.0,1.0,1,1,1,1,0,0,1,0
318675,2891,0.0,5.0,1.0,11,7,1,3,9,0,2,0
318780,4860,0.0,0.0,null,4,1,1,1,3,0,1,0
319552,10,0.0,null,null,10,2,1,3,9,0,1,0
320533,4079,0.0,3.0,1.0,29,15,1,1,22,0,7,0
320620,3319,0.0,4.0,0.0,12,3,2,2,10,0,1,1
321657,673,0.0,3.0,0.0,5,2,2,1,4,0,1,0
321840,3288,0.0,3.0,0.0,1,1,1,1,0,0,1,0
321986,4480,0.0,4.0,1.0,22,10,1,3,20,0,2,0
322154,2592,0.0,3.0,1.0,2,1,1,1,1,0,1,0
322275,4009,0.0,6.0,0.0,37,12,3,10,34,0,3,0
322276,1427,0.0,3.0,0.0,8,2,2,1,7,0,1,0
323097,2746,0.0,4.0,1.0,8,3,1,1,6,0,2,0
3235,4589,0.0,0.0,0.0,4,2,1,3,1,0,1,2
323952,1698,0.0,3.0,0.0,7,1,1,1,5,0,1,1
324385,4504,0.0,0.0,1.0,9,6,1,1,8,0,1,0
324874,3685,0.0,0.0,0.0,2,1,1,1,1,0,1,0
32522,63,0.0,3.0,0.0,11,5,2,2,10,0,1,0
325386,4015,0.0,3.0,0.0,2,1,1,2,1,0,1,0
325496,3635,0.0,3.0,1.0,10,2,1,1,7,0,1,2
325678,4170,0.0,4.0,0.0,3,2,1,1,0,0,3,0
325854,806,0.0,5.0,0.0,20,7,2,3,19,0,1,0
326409,4026,0.0,6.0,1.0,1,1,1,1,0,0,1,0
326465,1399,0.0,4.0,0.0,3,1,1,1,2,0,1,0
326999,642,0.0,5.0,0.0,14,6,3,1,13,0,1,0
327028,1305,0.0,4.0,0.0,5,3,3,1,4,0,1,0
327327,4048,0.0,6.0,0.0,1,1,1,1,0,0,1,0
32781,2175,0.0,7.0,0.0,3,2,2,2,2,0,1,0
328204,3828,0.0,6.0,0.0,7,6,4,2,0,0,1,6
32833,4760,0.0,3.0,0.0,15,5,3,4,13,0,1,1
328451,2193,0.0,2.0,0.0,35,12,3,3,32,0,2,1
32914,1861,0.0,3.0,2.0,5,1,1,1,3,0,2,0
329369,300,0.0,0.0,1.0,2,1,1,1,1,0,1,0
329899,2031,0.0,4.0,1.0,13,6,3,1,11,0,2,0
329911,2020,0.0,6.0,0.0,6,4,3,1,5,0,1,0
330257,246,0.0,3.0,1.0,9,2,1,1,6,2,1,0
331331,2537,0.0,2.0,0.0,26,8,4,6,22,0,1,3
331553,4536,0.0,3.0,0.0,4,2,1,1,3,0,1,0
331933,2559,0.0,4.0,1.0,36,9,3,1,34,0,1,1
331944,1495,1.0,3.0,0.0,14,2,1,2,12,0,1,1
332049,361,1.0,0.0,0.0,14,8,2,3,11,0,1,2
332254,4760,0.0,3.0,0.0,6,1,1,2,4,0,2,0
332551,4992,0.0,0.0,0.0,3,2,1,1,2,0,1,0
332581,4949,0.0,6.0,1.0,66,43,5,13,65,0,1,0
332700,4221,1.0,2.0,0.0,1,1,1,1,0,0,1,0
332929,152,0.0,0.0,0.0,6,4,2,2,5,0,1,0
3332,4949,0.0,3.0,1.0,44,36,7,9,42,0,1,1
333705,2511,0.0,3.0,0.0,7,1,1,1,5,0,1,1
333764,3912,0.0,2.0,0.0,1,1,1,1,0,0,1,0
334693,1738,0.0,6.0,0.0,18,13,4,2,17,0,1,0
334810,4308,0.0,4.0,0.0,10,4,3,1,8,0,1,1
334906,2031,0.0,3.0,0.0,2,1,1,1,1,0,1,0
335501,1056,0.0,3.0,0.0,8,4,2,1,7,0,1,0
335652,3875,0.0,3.0,0.0,1,1,1,1,0,0,1,0
336065,3993,0.0,0.0,0.0,5,1,1,1,4,0,1,0
336202,3898,0.0,3.0,0.0,1,1,1,1,0,0,1,0
336526,786,0.0,0.0,1.0,3,1,1,1,2,0,1,0
336593,1916,0.0,0.0,0.0,1,1,1,1,0,0,1,0
336692,740,0.0,4.0,0.0,3,1,1,1,1,0,2,0
336917,2281,1.0,0.0,0.0,4,1,1,1,3,0,1,0
337147,1520,0.0,3.0,1.0,4,2,1,1,3,0,1,0
337344,3541,0.0,7.0,1.0,6,4,1,1,5,0,1,0
337484,2545,1.0,4.0,1.0,46,23,6,4,45,0,1,0
337967,4048,0.0,0.0,1.0,5,1,1,2,4,0,1,0
338001,3602,0.0,3.0,0.0,7,1,1,2,6,0,1,0
338315,1310,0.0,3.0,0.0,21,12,8,2,18,0,2,1
338700,1200,0.0,0.0,1.0,9,1,1,2,6,0,3,0
339138,4129,0.0,3.0,0.0,31,19,5,2,23,0,8,0
339177,3828,0.0,0.0,0.0,1,1,1,1,0,0,1,0
3392,1103,0.0,0.0,0.0,9,2,1,1,8,0,1,0
339659,1661,0.0,2.0,1.0,12,3,1,2,10,1,1,0
339844,2913,0.0,3.0,0.0,4,1,1,1,3,0,1,0
340267,2981,0.0,5.0,0.0,8,4,2,2,7,0,1,0
340393,1667,0.0,3.0,0.0,7,5,2,1,6,0,1,0
340907,2928,0.0,4.0,0.0,10,6,3,1,9,0,1,0
341067,2869,0.0,2.0,0.0,12,6,3,3,11,0,1,0
341084,1968,0.0,4.0,0.0,1,1,1,1,0,0,1,0
341304,1031,1.0,0.0,0.0,8,5,1,2,7,0,1,0
341730,3098,0.0,0.0,0.0,5,1,1,1,4,0,1,0
342582,3578,0.0,0.0,0.0,16,6,2,4,15,0,1,0
342672,396,0.0,3.0,0.0,44,29,2,2,38,0,6,0
343109,4966,0.0,4.0,0.0,7,5,4,2,4,0,3,0
343151,4926,1.0,5.0,1.0,16,8,5,5,13,0,2,1
343201,1500,0.0,2.0,1.0,6,1,1,1,5,0,1,0
343348,685,0.0,5.0,0.0,4,2,1,1,2,0,1,1
343690,3912,0.0,0.0,0.0,2,1,1,1,1,0,1,0
343714,2149,0.0,0.0,0.0,1,1,1,1,0,0,1,0
34389,4871,0.0,4.0,0.0,1,1,1,1,0,0,1,0
344118,687,0.0,7.0,1.0,3,1,1,1,2,0,1,0
344149,2928,0.0,0.0,0.0,90,47,9,6,80,0,10,0
344430,4966,0.0,4.0,0.0,1,1,1,1,0,0,1,0
344637,4607,0.0,0.0,0.0,33,9,3,2,29,0,1,3
344760,1346,0.0,4.0,0.0,9,4,1,2,7,0,2,0
345048,951,0.0,4.0,1.0,2,1,1,1,0,0,2,0
345087,2031,0.0,6.0,1.0,5,2,2,1,3,0,2,0
345379,2989,0.0,3.0,0.0,11,1,1,2,10,0,1,0
345658,4981,0.0,2.0,1.0,11,3,1,4,10,0,1,0
345684,1875,0.0,6.0,0.0,40,19,6,1,38,0,2,0
345954,3323,1.0,5.0,2.0,2,1,1,1,1,0,1,0
34655,4585,0.0,4.0,0.0,15,7,2,2,13,0,2,0
34721,2954,0.0,4.0,0.0,6,3,3,2,5,0,1,0
347730,255,1.0,6.0,0.0,7,2,1,1,5,0,2,0
348117,4732,0.0,6.0,0.0,4,1,1,1,3,0,1,0
348147,4992,1.0,0.0,0.0,7,3,1,3,6,0,1,0
348254,1356,0.0,4.0,1.0,2,1,1,1,1,0,1,0
348744,3839,0.0,3.0,1.0,10,2,1,2,8,0,1,1
348816,503,0.0,5.0,1.0,6,3,1,1,5,0,1,0
348859,4731,0.0,3.0,0.0,5,2,1,2,3,0,2,0
348870,2318,0.0,0.0,null,1,1,1,1,0,0,1,0
349569,4589,0.0,4.0,1.0,4,1,1,2,2,0,1,1
3496,3220,0.0,4.0,1.0,7,2,1,1,5,0,1,1
350492,3105,0.0,2.0,0.0,47,15,4,6,35,0,8,4
350989,3073,0.0,4.0,2.0,7,3,1,1,4,0,3,0
351096,2761,0.0,0.0,1.0,12,1,1,2,11,0,1,0
35134,1126,0.0,4.0,2.0,9,4,3,3,7,0,1,1
351458,3753,0.0,4.0,1.0,4,1,1,1,3,0,1,0
351534,4354,0.0,2.0,0.0,6,1,1,4,5,0,1,0
351752,361,0.0,2.0,1.0,3,1,1,1,2,0,1,0
352626,4173,0.0,4.0,0.0,20,8,3,1,19,0,1,0
352660,1193,1.0,3.0,1.0,14,2,2,3,13,0,1,0
352803,1719,0.0,2.0,0.0,2,1,1,1,1,0,1,0
35303,141,0.0,6.0,1.0,5,2,2,2,4,0,1,0
353178,2218,0.0,4.0,0.0,3,1,1,1,2,0,1,0
353405,598,1.0,3.0,1.0,15,13,4,4,13,0,1,1
353748,2879,0.0,3.0,0.0,1,1,1,1,0,0,1,0
353927,1056,0.0,4.0,0.0,8,1,1,1,7,0,1,0
354089,1495,0.0,0.0,1.0,9,3,1,3,8,0,1,0
354397,2790,0.0,0.0,0.0,14,2,1,1,13,0,1,0
354727,1892,0.0,0.0,0.0,23,11,5,1,20,0,3,0
354918,845,0.0,4.0,1.0,2,1,1,1,1,0,1,0
355286,632,0.0,3.0,0.0,14,2,1,3,13,0,1,0
35581,1679,0.0,6.0,0.0,5,4,2,2,0,0,3,2
355923,3910,0.0,4.0,0.0,6,3,1,1,4,0,2,0
356260,3693,0.0,5.0,0.0,4,1,1,1,3,0,1,0
356306,643,0.0,8.0,1.0,5,3,1,1,3,0,2,0
357612,361,1.0,7.0,1.0,20,6,3,5,18,0,1,1
357727,4705,0.0,2.0,1.0,1,1,1,1,0,0,1,0
357852,3350,0.0,6.0,1.0,11,1,1,2,9,0,1,1
358263,3828,0.0,0.0,0.0,29,21,8,6,26,1,1,1
358469,794,0.0,3.0,1.0,34,7,1,3,30,0,4,0
358724,586,0.0,4.0,0.0,2,1,1,1,1,0,1,0
359252,4044,0.0,3.0,0.0,95,37,11,3,93,0,1,1
359282,4760,0.0,4.0,0.0,6,1,1,1,5,0,1,0
359841,4850,0.0,5.0,0.0,8,5,3,1,7,0,1,0
35987,3865,0.0,3.0,0.0,1,1,1,1,0,0,1,0
360058,2981,0.0,6.0,0.0,2,1,1,2,1,0,1,0
360403,3734,1.0,5.0,1.0,79,37,7,4,76,0,3,0
360990,3793,0.0,5.0,0.0,9,2,1,1,8,0,1,0
361390,219,0.0,0.0,1.0,8,3,1,1,7,0,1,0
361914,4808,0.0,4.0,1.0,3,1,1,1,2,0,1,0
362352,4195,0.0,2.0,0.0,1,1,1,1,0,0,1,0
362660,1443,0.0,3.0,1.0,7,3,3,1,6,0,1,0
363135,2158,0.0,4.0,0.0,46,23,16,1,41,0,5,0
363281,685,0.0,4.0,0.0,3,1,1,2,2,0,1,0
363334,2828,0.0,0.0,1.0,5,1,1,1,4,0,1,0
363602,4385,0.0,5.0,0.0,4,1,1,2,3,0,1,0
363661,293,0.0,0.0,1.0,2,1,1,1,1,0,1,0
364021,2175,0.0,3.0,0.0,5,2,1,2,3,0,1,1
364158,1738,0.0,5.0,0.0,7,5,3,4,6,0,1,0
364233,2217,0.0,4.0,1.0,1,1,1,1,0,0,1,0
364439,653,0.0,0.0,0.0,3,2,1,2,2,0,1,0
364603,1150,0.0,6.0,0.0,3,1,1,1,2,0,1,0
364863,1054,0.0,6.0,0.0,18,5,1,1,17,0,1,0
36628,3955,0.0,0.0,0.0,8,2,1,1,7,0,1,0
366579,4044,0.0,0.0,0.0,11,2,1,3,10,0,1,0
366819,4234,0.0,0.0,0.0,3,2,2,1,2,0,1,0
366842,2928,0.0,5.0,0.0,30,9,4,3,28,0,2,0
367549,1514,0.0,4.0,0.0,1,1,1,1,0,0,1,0
368592,58,0.0,0.0,0.0,8,1,1,2,7,0,1,0
36906,2047,0.0,6.0,0.0,17,8,2,2,14,0,1,2
369094,3284,0.0,3.0,1.0,1,1,1,1,0,0,1,0
369156,2318,0.0,5.0,1.0,2,1,1,1,1,0,1,0
369457,3828,0.0,3.0,0.0,16,5,2,2,14,0,2,0
370001,3424,0.0,4.0,0.0,5,2,1,3,4,0,1,0
370406,4607,0.0,5.0,1.0,2,1,1,1,1,0,1,0
370470,3941,0.0,2.0,0.0,4,1,1,1,3,0,1,0
371028,4659,0.0,5.0,0.0,10,2,2,3,9,0,1,0
372294,2237,0.0,6.0,0.0,22,7,1,3,21,0,1,0
372684,962,0.0,3.0,0.0,10,4,2,2,8,0,2,0
372725,4545,0.0,6.0,0.0,3,1,1,2,2,0,1,0
373038,4282,0.0,3.0,1.0,51,45,11,7,49,0,2,0
37309,3578,0.0,4.0,1.0,9,2,1,2,7,0,2,0
373100,2796,0.0,5.0,1.0,6,3,2,1,5,0,1,0
373174,2537,0.0,0.0,0.0,2,1,1,1,1,0,1,0
373353,3878,0.0,4.0,0.0,14,5,1,2,12,0,1,1
373430,503,0.0,3.0,1.0,9,4,2,2,8,0,1,0
375483,1910,0.0,4.0,0.0,5,3,2,2,4,0,1,0
376533,3689,0.0,4.0,0.0,4,3,3,1,1,0,3,0
376839,2217,0.0,5.0,1.0,10,1,1,1,9,0,1,0
377135,1102,0.0,2.0,0.0,10,1,1,2,9,0,1,0
378090,3147,0.0,7.0,1.0,7,1,1,1,6,0,1,0
378096,2273,0.0,3.0,0.0,28,6,1,5,27,0,1,0
378374,141,0.0,0.0,0.0,3,1,1,1,2,0,1,0
378977,2745,0.0,4.0,0.0,8,4,2,1,7,0,1,0
379254,4335,0.0,4.0,0.0,3,2,1,2,2,0,1,0
37963,4775,0.0,0.0,0.0,9,4,1,1,8,0,1,0
379795,3022,0.0,2.0,1.0,14,7,3,3,10,0,1,3
380773,1760,0.0,2.0,0.0,5,4,1,1,1,0,4,0
381215,4427,0.0,0.0,1.0,2,1,1,2,1,0,1,0
381278,3476,0.0,4.0,2.0,37,10,3,4,34,0,3,0
381574,2618,0.0,5.0,0.0,7,3,2,1,6,0,1,0
382026,1213,0.0,0.0,0.0,4,1,1,1,3,0,1,0
382149,1102,0.0,3.0,0.0,21,15,2,1,20,0,1,0
382526,4394,0.0,0.0,0.0,14,4,1,1,12,0,1,1
382799,2482,0.0,2.0,0.0,3,1,1,2,2,0,1,0
382996,2556,0.0,0.0,0.0,2,1,1,1,1,0,1,0
383317,1875,0.0,0.0,0.0,10,4,2,4,8,0,2,0
383487,443,0.0,6.0,1.0,7,4,1,1,6,0,1,0
383780,145,0.0,4.0,0.0,15,9,1,1,13,0,1,1
383849,4966,0.0,4.0,0.0,2,1,1,1,1,0,1,0
383890,4841,0.0,2.0,0.0,2,1,1,1,0,0,1,1
383906,2318,0.0,4.0,0.0,8,1,1,1,7,0,1,0
384107,3363,0.0,3.0,0.0,4,1,1,1,3,0,1,0
384304,4335,0.0,5.0,0.0,11,4,2,3,8,1,2,0
384644,63,0.0,3.0,0.0,6,1,1,2,5,0,1,0
385537,3102,0.0,3.0,0.0,10,2,2,1,7,0,3,0
385883,4044,0.0,0.0,1.0,427,158,17,5,424,0,3,0
386198,4044,0.0,0.0,0.0,5,1,1,1,4,0,1,0
386659,4394,0.0,4.0,0.0,7,4,1,1,5,0,2,0
386902,1760,0.0,3.0,0.0,2,1,1,1,1,0,1,0
387195,4173,0.0,3.0,2.0,8,7,5,5,1,0,2,5
387486,4659,0.0,2.0,0.0,15,14,7,6,2,0,2,11
387513,3828,0.0,3.0,0.0,2,1,1,1,1,0,1,0
38781,2482,0.0,0.0,0.0,10,4,3,2,6,0,3,1
388283,2537,0.0,4.0,0.0,9,5,3,1,6,0,3,0
388412,3289,0.0,3.0,0.0,2,1,1,2,1,0,1,0
389394,962,0.0,0.0,0.0,4,2,2,1,3,0,1,0
390028,2926,0.0,4.0,0.0,5,1,1,1,4,0,1,0
390114,4921,1.0,0.0,0.0,36,14,3,1,29,0,7,0
391670,3091,0.0,4.0,1.0,3,1,1,1,2,0,1,0
391925,2669,0.0,3.0,0.0,6,2,1,2,4,0,1,1
392119,2935,0.0,3.0,1.0,6,2,1,3,5,0,1,0
392157,246,0.0,0.0,1.0,1,1,1,1,0,0,1,0
392306,2579,0.0,3.0,2.0,23,5,1,1,21,0,1,1
392622,1470,0.0,3.0,2.0,4,1,1,1,3,0,1,0
392659,1760,0.0,7.0,1.0,23,9,2,3,22,0,1,0
393928,2824,0.0,0.0,0.0,1,1,1,1,0,0,1,0
393933,1885,0.0,2.0,0.0,5,1,1,2,3,0,1,1
394368,685,0.0,4.0,1.0,15,8,2,2,14,0,1,0
394392,2196,0.0,3.0,0.0,3,1,1,1,2,0,1,0
394861,2447,0.0,0.0,0.0,3,1,1,1,2,0,1,0
394986,1487,0.0,0.0,0.0,5,3,1,2,4,0,1,0
395147,2193,0.0,2.0,1.0,5,1,1,2,4,0,1,0
395435,729,0.0,0.0,1.0,2,1,1,1,1,0,1,0
396760,2545,0.0,2.0,1.0,53,15,6,5,52,0,1,0
396773,3022,0.0,5.0,0.0,8,2,1,1,6,0,2,0
396998,1966,0.0,5.0,1.0,6,2,2,1,4,1,1,0
397191,1384,0.0,2.0,1.0,2,1,1,1,1,0,1,0
397278,2051,0.0,0.0,1.0,15,2,1,3,13,0,2,0
397340,4173,1.0,4.0,0.0,31,10,3,3,30,0,1,0
397481,4480,0.0,0.0,1.0,7,4,2,1,6,0,1,0
397652,4594,0.0,3.0,1.0,6,2,2,2,3,0,2,1
397784,3971,0.0,3.0,1.0,2,1,1,1,1,0,1,0
398886,1166,0.0,2.0,0.0,15,4,2,2,12,0,1,2
399134,2808,0.0,0.0,0.0,3,1,1,1,2,0,1,0
399151,1679,1.0,6.0,0.0,22,18,4,1,19,0,3,0
399765,3769,0.0,5.0,0.0,3,1,1,2,1,0,1,1
400027,1890,0.0,6.0,0.0,2,1,1,1,1,0,1,0
400063,4648,0.0,3.0,0.0,5,1,1,1,4,0,1,0
400683,1520,0.0,0.0,0.0,2,1,1,1,1,0,1,0
401127,1393,1.0,5.0,0.0,21,17,7,1,20,0,1,0
401214,66,0.0,0.0,1.0,6,1,1,2,3,1,1,1
401627,1487,0.0,5.0,0.0,3,2,1,2,1,0,1,1
401799,3152,1.0,5.0,0.0,8,4,2,3,6,0,2,0
401952,4678,0.0,0.0,0.0,6,1,1,1,5,0,1,0
401975,2592,0.0,5.0,0.0,4,2,2,1,3,0,1,0
402625,4048,0.0,2.0,0.0,1,1,1,1,0,0,1,0
403168,4793,0.0,3.0,0.0,6,1,1,2,5,0,1,0
403650,1263,0.0,0.0,0.0,1,1,1,1,0,0,1,0
404495,2856,0.0,7.0,1.0,1,1,1,1,0,0,1,0
404513,4287,0.0,3.0,1.0,13,3,3,4,11,0,1,1
404613,1284,0.0,3.0,0.0,6,1,1,2,5,0,1,0
404911,2193,0.0,4.0,0.0,3,1,1,1,2,0,1,0
405493,3111,0.0,4.0,0.0,3,1,1,1,2,0,1,0
405530,3444,0.0,0.0,0.0,22,1,1,7,20,0,1,1
405668,3873,0.0,3.0,0.0,5,1,1,1,4,0,1,0
405696,2791,0.0,2.0,1.0,40,13,3,4,36,2,2,0
406056,2124,0.0,3.0,1.0,19,8,2,2,18,0,1,0
406181,120,0.0,3.0,0.0,4,1,1,3,3,0,1,0
406430,2271,0.0,3.0,0.0,33,5,1,3,29,0,2,2
407268,2856,0.0,6.0,0.0,3,1,1,3,1,0,1,1
407379,4368,0.0,5.0,2.0,1,1,1,1,0,0,1,0
407420,2143,1.0,3.0,0.0,13,7,3,1,7,0,6,0
407947,1031,1.0,0.0,1.0,2,1,1,2,1,0,1,0
408008,437,0.0,4.0,0.0,17,11,3,1,16,0,1,0
408419,3284,0.0,0.0,0.0,2,1,1,1,1,0,1,0
408506,4394,0.0,6.0,0.0,1,1,1,1,0,0,1,0
408636,4659,1.0,4.0,0.0,1,1,1,1,0,0,1,0
408892,46,0.0,4.0,0.0,8,3,2,1,7,0,1,0
409322,3361,0.0,2.0,1.0,27,6,1,3,25,0,1,1
409796,1340,0.0,5.0,0.0,18,8,2,2,16,0,2,0
409882,1816,0.0,0.0,0.0,4,1,1,3,3,0,1,0
410093,1892,0.0,4.0,2.0,2,1,1,1,1,0,1,0
410175,2160,0.0,3.0,1.0,4,1,1,1,3,0,1,0
411042,1200,0.0,3.0,1.0,10,1,1,1,5,0,5,0
411090,1854,0.0,2.0,0.0,1,1,1,1,0,0,1,0
412342,4173,0.0,0.0,0.0,9,4,3,3,8,0,1,0
412384,1689,0.0,4.0,1.0,18,6,2,2,13,0,5,0
412555,2403,0.0,3.0,0.0,11,7,1,1,8,0,3,0
412650,2668,0.0,3.0,1.0,4,1,1,1,2,0,2,0
412917,3136,0.0,3.0,0.0,2,1,1,1,1,0,1,0
41306,236,0.0,6.0,0.0,24,5,1,1,23,0,1,0
413084,2031,0.0,3.0,1.0,3,2,1,1,2,0,1,0
413316,2639,0.0,6.0,0.0,113,42,9,6,108,0,3,2
413397,2565,0.0,5.0,1.0,2,1,1,1,1,0,1,0
413959,4282,0.0,3.0,0.0,20,13,2,2,19,0,1,0
414125,296,0.0,2.0,0.0,5,3,1,1,4,0,1,0
414895,3402,0.0,4.0,1.0,14,5,1,3,13,0,1,0
415603,1102,0.0,6.0,0.0,32,8,4,5,27,0,1,4
415682,3108,0.0,0.0,0.0,9,2,2,3,7,0,1,1
416159,4309,0.0,6.0,1.0,7,3,1,2,6,0,1,0
416268,2642,0.0,4.0,0.0,3,2,1,1,2,0,1,0
416892,4149,0.0,4.0,0.0,2,1,1,1,1,0,1,0
417,4044,0.0,2.0,0.0,30,11,1,1,26,0,1,3
41704,3971,0.0,3.0,0.0,10,5,2,2,9,0,1,0
417286,3628,0.0,4.0,0.0,1,1,1,1,0,0,1,0
417836,3986,0.0,3.0,1.0,4,1,1,1,3,0,1,0
417994,200,0.0,4.0,0.0,3,1,1,1,2,0,1,0
418273,4322,0.0,2.0,0.0,4,1,1,1,3,0,1,0
418571,4891,0.0,4.0,1.0,18,7,2,3,16,0,2,0
418934,684,0.0,4.0,0.0,6,2,1,1,5,0,1,0
419241,1024,0.0,0.0,2.0,17,3,1,2,16,0,1,0
421001,1892,1.0,4.0,0.0,393,97,23,13,382,0,10,1
421997,4976,0.0,3.0,0.0,5,1,1,1,4,0,1,0
422559,2124,0.0,3.0,1.0,12,1,1,1,11,0,1,0
422758,4950,0.0,3.0,0.0,5,3,1,1,4,0,1,0
423548,2583,0.0,0.0,0.0,1,1,1,1,0,0,1,0
42402,1892,0.0,4.0,0.0,43,26,10,3,41,0,2,0
42444,2242,0.0,5.0,0.0,11,8,3,3,3,0,1,7
42498,1900,0.0,3.0,0.0,6,3,2,1,5,0,1,0
4250,2275,0.0,0.0,1.0,2,1,1,1,1,0,1,0
42696,2217,0.0,3.0,0.0,15,5,2,4,12,0,2,1
42711,1543,0.0,3.0,0.0,15,4,1,2,9,0,4,2
42719,2915,0.0,3.0,0.0,12,7,4,2,11,0,1,0
42861,2051,0.0,2.0,0.0,39,2,1,3,34,0,4,1
4288,4619,0.0,0.0,0.0,1,1,1,1,0,0,1,0
43326,2928,1.0,0.0,0.0,10,2,2,2,9,0,1,0
43488,1310,0.0,4.0,0.0,5,2,2,2,4,0,1,0
43899,742,0.0,0.0,0.0,6,2,2,1,4,0,2,0
43919,3990,0.0,4.0,1.0,11,7,4,3,10,0,1,0
44525,4534,0.0,4.0,0.0,23,9,7,1,17,0,6,0
44528,588,0.0,6.0,1.0,1,1,1,1,0,0,1,0
45062,2679,0.0,2.0,0.0,2,1,1,1,1,0,1,0
45283,1833,0.0,4.0,0.0,43,18,2,1,39,0,2,2
46112,1760,0.0,4.0,0.0,2,1,1,1,1,0,1,0
46580,4491,0.0,5.0,0.0,4,1,1,1,2,0,2,0
47062,2318,0.0,0.0,0.0,6,1,1,2,5,0,1,0
4723,4732,0.0,3.0,1.0,11,6,3,1,10,0,1,0
47299,107,0.0,4.0,0.0,4,2,1,2,3,0,1,0
47537,2545,0.0,2.0,1.0,30,16,7,2,29,0,1,0
47668,4605,0.0,3.0,0.0,6,1,1,3,4,0,1,1
47786,3893,0.0,0.0,2.0,1,1,1,1,0,0,1,0
48194,2448,0.0,3.0,0.0,7,4,1,1,5,0,2,0
49122,1487,0.0,4.0,0.0,1,1,1,1,0,0,1,0
49194,4356,0.0,3.0,0.0,14,6,6,1,10,0,4,0
49360,4234,0.0,0.0,0.0,12,2,2,1,11,0,1,0
49614,1346,1.0,4.0,0.0,16,7,1,3,13,0,1,2
49768,3614,0.0,5.0,0.0,8,1,1,4,7,0,1,0
50235,605,0.0,0.0,1.0,8,1,1,2,7,0,1,0
51147,1457,0.0,6.0,0.0,558,1,1,2,556,0,1,1
51244,4271,0.0,3.0,0.0,8,3,1,1,7,0,1,0
51288,1203,0.0,5.0,1.0,2,1,1,1,1,0,1,0
51384,1489,0.0,4.0,0.0,1,1,1,1,0,0,1,0
51618,3016,0.0,4.0,0.0,5,3,1,1,4,0,1,0
51644,416,0.0,6.0,0.0,4,1,1,2,3,0,1,0
51697,1892,0.0,0.0,0.0,10,3,2,3,9,0,1,0
51728,314,0.0,4.0,0.0,6,1,1,1,5,0,1,0
51766,357,0.0,7.0,0.0,3,1,1,1,2,0,1,0
51846,4044,0.0,4.0,0.0,7,6,4,1,6,0,1,0
52015,2325,0.0,0.0,0.0,2,1,1,1,1,0,1,0
52109,868,0.0,5.0,0.0,3,2,1,1,2,0,1,0
5282,1133,0.0,2.0,1.0,15,3,1,2,14,0,1,0
53965,1250,0.0,7.0,0.0,21,11,2,3,18,0,2,1
54343,3585,0.0,3.0,0.0,19,6,2,6,17,0,1,1
54820,1501,0.0,0.0,0.0,7,5,3,2,6,0,1,0
5488,4558,0.0,0.0,0.0,5,1,1,1,0,0,5,0
55190,2318,0.0,2.0,0.0,15,5,2,1,13,0,1,1
5551,4271,0.0,4.0,1.0,14,10,1,1,13,0,1,0
55786,4198,0.0,0.0,0.0,3,1,1,1,2,0,1,0
55986,2857,0.0,5.0,0.0,3,1,1,1,2,0,1,0
56450,3350,0.0,0.0,0.0,1,1,1,1,0,0,1,0
5659,522,0.0,0.0,0.0,2,1,1,2,1,0,1,0
57142,3607,0.0,0.0,0.0,4,2,1,1,3,0,1,0
5715,4042,0.0,5.0,0.0,5,2,1,1,4,0,1,0
57283,426,0.0,3.0,0.0,6,3,2,1,5,0,1,0
57860,588,0.0,3.0,1.0,9,3,1,1,8,0,1,0
58090,1487,0.0,0.0,0.0,8,1,1,2,7,0,1,0
58111,426,0.0,6.0,1.0,2,1,1,1,1,0,1,0
58224,3105,0.0,3.0,0.0,2,1,1,1,1,0,1,0
58233,4120,0.0,0.0,1.0,2,1,1,1,1,0,1,0
58356,535,1.0,3.0,1.0,14,7,2,2,13,0,1,0
5856,2242,0.0,4.0,0.0,11,6,1,2,9,0,1,1
58820,4475,0.0,4.0,1.0,11,5,1,1,10,0,1,0
59029,3205,0.0,5.0,1.0,2,1,1,1,1,0,1,0
59105,2193,0.0,0.0,0.0,3,1,1,1,2,0,1,0
59319,416,0.0,4.0,1.0,14,8,4,2,12,0,2,0
59334,4091,0.0,0.0,0.0,4,1,1,2,2,0,1,1
59679,1816,0.0,4.0,1.0,1,1,1,1,0,0,1,0
59772,4026,0.0,4.0,0.0,15,6,2,1,14,0,1,0
60136,1839,0.0,4.0,0.0,31,13,5,9,30,0,1,0
60770,951,0.0,null,null,4,1,1,2,3,0,1,0
6103,4047,0.0,5.0,0.0,6,2,1,2,5,0,1,0
61132,2936,0.0,4.0,1.0,8,3,2,1,6,0,2,0
61193,1854,0.0,2.0,0.0,9,1,1,4,7,0,1,1
61827,326,0.0,6.0,1.0,5,1,1,1,4,0,1,0
62283,3898,1.0,5.0,1.0,3,1,1,1,2,0,1,0
62323,4280,0.0,6.0,0.0,3,2,1,1,2,0,1,0
62732,1843,0.0,2.0,0.0,8,6,3,1,7,0,1,0
62835,361,0.0,4.0,1.0,1,1,1,1,0,0,1,0
62840,4115,0.0,2.0,0.0,20,2,1,5,19,0,1,0
63191,2840,0.0,0.0,0.0,2,1,1,1,1,0,1,0
63467,2397,0.0,0.0,0.0,20,4,2,5,17,0,1,2
63803,1679,0.0,3.0,1.0,15,8,5,3,12,0,1,2
63885,682,0.0,4.0,1.0,2,1,1,1,1,0,1,0
64004,4173,0.0,3.0,0.0,10,9,3,2,9,0,1,0
64074,1102,0.0,3.0,1.0,9,3,2,2,8,0,1,0
64185,323,0.0,3.0,0.0,21,2,1,2,20,0,1,0
64229,3350,1.0,0.0,1.0,1,1,1,1,0,0,1,0
64322,2954,0.0,4.0,0.0,2,1,1,1,1,0,1,0
64403,798,0.0,5.0,0.0,6,4,1,2,5,0,1,0
64520,1352,0.0,0.0,0.0,2,1,1,1,1,0,1,0
64730,2000,0.0,6.0,1.0,15,2,1,4,14,0,1,0
64768,2318,0.0,5.0,1.0,1,1,1,1,0,0,1,0
64788,4926,0.0,4.0,1.0,39,19,14,3,38,0,1,0
64836,1861,0.0,0.0,0.0,6,2,1,1,5,0,1,0
65068,4545,0.0,0.0,0.0,3,1,1,1,2,0,1,0
65187,2500,0.0,5.0,2.0,16,5,1,2,13,0,1,2
65284,4173,0.0,3.0,0.0,10,9,4,3,8,0,1,1
65375,4677,0.0,5.0,1.0,4,2,1,2,3,0,1,0
65379,3173,0.0,0.0,0.0,3,2,1,1,2,0,1,0
65579,2099,0.0,3.0,1.0,5,3,1,1,4,0,1,0
65634,236,0.0,5.0,0.0,1,1,1,1,0,0,1,0
65736,1585,0.0,4.0,2.0,62,28,11,6,56,0,3,3
66001,4966,0.0,4.0,0.0,8,6,3,2,5,0,2,1
66028,3668,0.0,3.0,1.0,26,6,2,3,24,0,2,0
66263,606,0.0,0.0,0.0,6,2,2,2,4,1,1,0
66325,3350,0.0,6.0,1.0,3,1,1,1,2,0,1,0
66420,2899,0.0,6.0,1.0,4,1,1,1,3,0,1,0
66533,4336,0.0,3.0,1.0,10,2,1,2,9,0,1,0
67584,3240,0.0,0.0,1.0,2,1,1,1,1,0,1,0
67873,4162,0.0,0.0,0.0,17,3,1,1,16,0,1,0
67906,3402,1.0,3.0,0.0,1,1,1,1,0,0,1,0
68883,1075,0.0,0.0,1.0,4,1,1,1,3,0,1,0
68915,806,0.0,3.0,0.0,42,15,5,4,38,0,1,3
68984,3826,0.0,3.0,1.0,2,1,1,1,1,0,1,0
69014,366,0.0,2.0,0.0,4,1,1,1,2,0,2,0
69393,2926,0.0,3.0,0.0,12,3,1,3,10,0,1,1
69715,1017,0.0,2.0,0.0,3,1,1,1,2,0,1,0
6978,1142,0.0,3.0,0.0,7,1,1,1,6,0,1,0
70038,2954,1.0,4.0,1.0,24,8,7,2,18,0,6,0
70092,2173,0.0,6.0,0.0,213,47,1,5,196,0,9,8
70245,3971,0.0,2.0,0.0,9,4,2,2,5,0,1,3
707,416,0.0,3.0,0.0,1,1,1,1,0,0,1,0
71,2454,0.0,0.0,null,3,1,1,1,2,0,1,0
7109,2138,0.0,0.0,0.0,5,2,1,1,4,0,1,0
71493,4690,0.0,4.0,0.0,17,5,1,1,13,3,1,0
71874,2217,0.0,4.0,0.0,3,1,1,2,1,0,1,1
72894,3609,0.0,4.0,0.0,5,2,1,1,4,0,1,0
73098,2403,0.0,4.0,1.0,23,12,3,2,22,0,1,0
73707,2318,0.0,3.0,0.0,4,2,1,1,3,0,1,0
74208,861,1.0,2.0,1.0,10,2,1,2,9,0,1,0
74474,1495,0.0,0.0,0.0,3,1,1,2,1,0,1,1
7454,1890,0.0,4.0,0.0,4,3,1,1,3,0,1,0
75203,951,0.0,6.0,1.0,3,1,1,1,2,0,1,0
75482,2397,0.0,3.0,0.0,10,2,2,2,9,0,1,0
75625,4140,0.0,3.0,0.0,3,1,1,1,2,0,1,0
75904,1216,0.0,5.0,0.0,14,5,1,1,11,0,3,0
76009,2928,0.0,4.0,0.0,24,20,4,2,23,0,1,0
77061,4589,0.0,3.0,0.0,18,4,1,4,14,0,1,3
77889,3955,0.0,5.0,0.0,4,1,1,1,2,0,2,0
78142,4950,0.0,4.0,2.0,2,1,1,1,1,0,1,0
78769,3614,0.0,0.0,0.0,1,1,1,1,0,0,1,0
79255,4474,0.0,2.0,0.0,9,2,1,1,7,0,2,0
7942,643,0.0,3.0,0.0,28,8,4,5,24,0,1,3
79695,4079,0.0,0.0,0.0,6,2,1,2,5,0,1,0
79800,3828,0.0,3.0,0.0,37,27,6,5,36,0,1,0
79893,1190,0.0,6.0,0.0,1,1,1,1,0,0,1,0
79896,3022,0.0,3.0,1.0,1,1,1,1,0,0,1,0
79939,3629,0.0,3.0,0.0,22,7,4,2,21,0,1,0
8042,1346,1.0,3.0,1.0,5,3,1,2,4,0,1,0
81004,2320,0.0,6.0,1.0,2,1,1,1,1,0,1,0
81107,141,0.0,3.0,0.0,1,1,1,1,0,0,1,0
81839,1310,0.0,2.0,0.0,4,1,1,2,2,0,1,1
81882,738,0.0,0.0,null,5,2,1,1,3,0,2,0
82013,1454,0.0,8.0,0.0,2,1,1,1,1,0,1,0
82208,598,0.0,6.0,1.0,5,3,1,2,4,0,1,0
82464,1345,0.0,3.0,0.0,5,1,1,1,4,0,1,0
82623,4219,0.0,0.0,0.0,3,1,1,2,2,0,1,0
82744,1216,0.0,4.0,2.0,1,1,1,1,0,0,1,0
8334,2565,1.0,3.0,0.0,19,11,2,4,4,0,6,9
83373,4641,0.0,4.0,1.0,6,1,2,2,4,1,1,0
83450,2776,0.0,3.0,0.0,6,3,2,1,4,0,2,0
83795,2537,0.0,0.0,0.0,7,1,1,1,6,0,1,0
84589,4472,0.0,2.0,1.0,6,1,1,4,4,0,1,1
84626,962,0.0,4.0,0.0,20,12,7,2,15,0,5,0
84915,3249,0.0,2.0,0.0,11,4,1,1,10,0,1,0
85159,2500,0.0,3.0,1.0,6,1,1,2,4,1,1,0
85975,3367,0.0,0.0,1.0,2,1,1,1,1,0,1,0
86100,4508,0.0,0.0,0.0,2,1,1,2,1,0,1,0
87194,547,0.0,5.0,0.0,17,2,2,3,16,0,1,0
87396,2229,0.0,7.0,1.0,10,5,3,1,7,0,3,0
87533,3826,0.0,2.0,1.0,1,1,1,1,0,0,1,0
87864,786,1.0,0.0,0.0,2,2,1,2,0,0,1,1
87866,141,0.0,0.0,0.0,9,5,3,1,7,0,2,0
8859,2928,0.0,3.0,0.0,99,39,10,5,92,0,5,2
88974,98,0.0,4.0,0.0,5,1,1,1,4,0,1,0
88986,1557,0.0,4.0,0.0,52,23,7,6,39,0,3,10
89303,4173,0.0,3.0,2.0,19,11,3,2,18,0,1,0
89495,4438,0.0,6.0,0.0,13,2,1,4,11,0,1,1
89875,418,0.0,3.0,0.0,13,4,1,1,12,0,1,0
90090,2482,0.0,2.0,0.0,13,5,4,5,9,0,3,1
90168,2278,0.0,2.0,0.0,3,1,1,2,2,0,1,0
90192,2790,0.0,0.0,0.0,15,3,2,2,10,0,2,3
90197,3734,0.0,2.0,1.0,2,1,1,1,1,0,1,0
90468,2242,0.0,0.0,1.0,17,7,3,3,12,2,3,0
90630,798,0.0,3.0,0.0,14,8,5,2,13,0,1,0
9082,2124,0.0,3.0,0.0,6,1,1,1,5,0,1,0
91010,3013,0.0,3.0,0.0,7,3,1,1,6,0,1,0
91319,1200,0.0,4.0,1.0,9,4,3,1,5,0,4,0
91458,3820,0.0,0.0,0.0,1,1,1,1,0,0,1,0
91541,1416,0.0,4.0,1.0,6,1,1,1,5,0,1,0
91915,2565,0.0,3.0,0.0,22,6,1,1,19,0,2,1
92048,1310,0.0,0.0,0.0,10,8,7,2,9,0,1,0
92310,1213,0.0,2.0,0.0,10,2,1,1,9,0,1,0
92354,3455,0.0,0.0,0.0,6,1,1,3,4,0,1,1
92361,4739,0.0,3.0,0.0,2,1,1,1,1,0,1,0
92529,3682,0.0,4.0,0.0,8,3,1,2,7,0,1,0
92590,4427,1.0,4.0,1.0,25,9,4,2,21,0,3,1
92739,1816,0.0,3.0,0.0,15,2,1,5,12,0,1,2
93225,3753,0.0,5.0,1.0,4,1,1,1,3,0,1,0
93615,2255,0.0,2.0,1.0,7,1,1,1,6,0,1,0
94145,4659,0.0,2.0,0.0,39,17,8,3,36,0,1,2
94548,3578,0.0,0.0,0.0,2,1,1,1,0,0,1,1
95011,606,0.0,4.0,1.0,93,55,10,6,90,0,3,0
95457,3878,0.0,0.0,0.0,7,1,1,1,5,0,2,0
9565,1605,0.0,4.0,0.0,14,6,1,3,12,0,1,1
96351,3191,0.0,0.0,0.0,8,1,1,2,6,0,1,1
97140,474,1.0,7.0,0.0,15,9,8,2,8,0,7,0
97182,3271,0.0,0.0,0.0,3,1,1,2,2,0,1,0
97896,2415,0.0,2.0,0.0,2,1,1,1,1,0,1,0
97999,2273,0.0,3.0,0.0,9,3,1,3,6,0,2,1
99363,3828,0.0,0.0,1.0,7,2,2,1,6,0,1,0
