100145,4871,0.0,4.0,0.0,1,1,1,1,0,0,1,0
100550,289,0.0,2.0,0.0,4,2,1,2,3,0,1,0
101260,4173,0.0,0.0,0.0,37,8,3,5,31,0,1,5
101549,4765,0.0,2.0,0.0,3,1,1,1,2,0,1,0
102170,2277,0.0,3.0,1.0,10,5,2,3,9,0,1,0
102458,1923,0.0,5.0,1.0,4,2,2,1,2,0,2,0
102474,1342,0.0,6.0,0.0,12,11,6,2,11,0,1,0
102604,2238,0.0,5.0,2.0,37,15,5,1,34,0,3,0
102649,3171,0.0,3.0,0.0,2,1,1,2,1,0,1,0
102700,2608,0.0,3.0,0.0,1,1,1,1,0,0,1,0
102778,3828,0.0,0.0,1.0,4,4,3,1,0,0,4,0
102948,1840,0.0,0.0,0.0,2,1,1,1,0,0,2,0
103295,316,0.0,4.0,0.0,3,1,1,2,0,0,2,1
103455,141,1.0,3.0,0.0,4,2,2,3,2,0,1,1
103483,1679,0.0,4.0,0.0,4,4,2,1,3,0,1,0
104064,669,0.0,6.0,1.0,37,20,3,7,32,0,2,3
104475,98,0.0,2.0,1.0,2,2,2,1,0,0,2,0
10448,1816,0.0,3.0,1.0,18,10,5,4,16,0,1,1
105786,1141,0.0,6.0,0.0,3,1,1,1,2,0,1,0
106119,3828,0.0,2.0,0.0,41,7,4,5,40,0,1,0
106986,574,1.0,6.0,0.0,3,1,1,2,2,0,1,0
1071,2242,0.0,4.0,0.0,1,1,1,1,0,0,1,0
107696,1944,0.0,0.0,2.0,13,4,2,2,10,0,3,0
108483,1102,0.0,3.0,0.0,4,1,1,1,3,0,1,0
108692,3205,0.0,6.0,0.0,4,2,1,1,3,0,1,0
108844,2699,0.0,4.0,0.0,29,14,5,1,26,0,3,0
10919,1263,0.0,3.0,0.0,14,8,1,2,13,0,1,0
109929,3930,0.0,2.0,1.0,3,1,1,1,2,0,1,0
110170,2569,0.0,0.0,1.0,10,4,1,2,9,0,1,0
110674,1494,0.0,6.0,1.0,3,1,1,1,2,0,1,0
110766,500,0.0,2.0,0.0,6,2,2,2,4,0,2,0
110784,2582,0.0,2.0,0.0,1,1,1,1,0,0,1,0
110980,3734,1.0,0.0,1.0,67,23,6,3,64,0,1,2
111689,2928,0.0,3.0,0.0,18,7,2,1,17,0,1,0
111834,1379,0.0,3.0,0.0,9,2,1,1,8,0,1,0
113629,4346,0.0,0.0,0.0,1,1,1,1,0,0,1,0
114055,4542,0.0,6.0,0.0,2,2,1,1,0,0,2,0
115261,1056,0.0,4.0,1.0,3,1,1,1,2,0,1,0
115406,4949,0.0,0.0,0.0,20,7,4,3,19,0,1,0
115805,4090,0.0,3.0,0.0,1,1,1,1,0,0,1,0
1161,2821,0.0,5.0,1.0,53,14,6,4,50,0,3,0
116382,804,0.0,5.0,0.0,4,1,1,1,3,0,1,0
11653,3955,0.0,4.0,1.0,8,2,1,1,7,0,1,0
116762,2721,0.0,0.0,0.0,44,26,2,5,36,0,1,7
117045,1679,0.0,4.0,0.0,4,3,2,1,3,0,1,0
118002,4738,0.0,2.0,1.0,3,1,1,2,2,0,1,0
118280,4049,0.0,4.0,0.0,13,5,1,3,12,0,1,0
119156,1031,0.0,4.0,1.0,13,2,1,3,11,0,1,1
119423,2811,0.0,null,null,10,4,2,1,9,0,1,0
119529,3893,0.0,4.0,2.0,12,6,1,3,11,0,1,0
119811,2537,1.0,4.0,1.0,11,6,4,2,6,0,2,3
120593,3965,0.0,3.0,0.0,12,3,2,1,11,0,1,0
121157,534,0.0,4.0,0.0,9,4,1,3,6,0,1,2
121300,1079,0.0,7.0,0.0,9,4,2,1,7,0,2,0
121652,3306,0.0,3.0,0.0,5,2,1,1,4,0,1,0
121693,316,0.0,0.0,2.0,21,6,2,3,18,0,3,0
123137,897,0.0,5.0,0.0,3,1,1,1,2,0,1,0
123271,1489,0.0,0.0,0.0,8,3,1,2,6,0,1,1
123693,2403,0.0,4.0,0.0,2,2,1,1,0,0,2,0
123751,1500,0.0,6.0,0.0,6,1,1,3,5,0,1,0
124083,416,0.0,2.0,0.0,1,1,1,1,0,0,1,0
124138,2790,0.0,0.0,null,4,2,1,1,3,0,1,0
124297,4325,0.0,4.0,0.0,12,3,1,1,11,0,1,0
124945,4636,0.0,2.0,0.0,8,3,1,2,7,0,1,0
12509,2629,0.0,3.0,1.0,4,1,1,1,3,0,1,0
126053,547,0.0,0.0,1.0,3,1,1,1,2,0,1,0
126582,2283,0.0,2.0,0.0,5,3,2,1,4,0,1,0
126605,3820,0.0,0.0,0.0,27,3,1,3,25,1,1,0
126831,2644,0.0,3.0,0.0,2,1,1,1,1,0,1,0
126922,2562,0.0,6.0,0.0,1,1,1,1,0,0,1,0
127690,2629,0.0,0.0,0.0,3,1,1,1,2,0,1,0
127902,2821,0.0,0.0,0.0,11,3,3,2,9,0,1,1
128112,552,0.0,2.0,0.0,5,3,1,2,3,0,2,0
128479,2447,0.0,2.0,1.0,6,1,1,1,5,0,1,0
128584,2582,0.0,2.0,0.0,6,1,1,4,5,0,1,0
128594,2836,0.0,2.0,0.0,5,3,1,1,4,0,1,0
128704,3685,1.0,5.0,1.0,3,1,1,1,2,0,1,0
128778,606,0.0,0.0,0.0,2,2,2,1,0,0,2,0
128975,3635,0.0,3.0,1.0,6,2,1,2,4,0,2,0
129242,3614,0.0,5.0,0.0,9,7,2,2,7,0,2,0
129869,1150,0.0,4.0,0.0,15,5,3,1,13,0,2,0
130127,4044,0.0,0.0,0.0,17,7,2,1,16,0,1,0
130442,4322,0.0,4.0,0.0,3,2,1,1,2,0,1,0
130785,4659,1.0,4.0,0.0,7,3,2,2,5,0,2,0
130863,2099,0.0,2.0,0.0,3,1,1,2,1,0,1,1
131006,3822,0.0,3.0,0.0,4,2,1,2,3,0,1,0
131632,3289,0.0,3.0,0.0,11,7,2,1,10,0,1,0
13172,2653,1.0,5.0,1.0,11,3,1,1,9,0,2,0
132686,1203,0.0,6.0,0.0,20,9,6,3,17,0,3,0
132852,4079,0.0,3.0,1.0,3,2,1,1,2,0,1,0
133036,812,0.0,0.0,0.0,17,7,1,2,15,0,2,0
13305,2752,0.0,3.0,0.0,1,1,1,1,0,0,1,0
133531,1892,0.0,3.0,1.0,31,10,3,1,25,0,6,0
13356,3578,0.0,0.0,0.0,7,3,1,2,6,0,1,0
133653,361,0.0,0.0,0.0,52,23,3,4,49,0,1,2
133684,2447,0.0,4.0,1.0,4,1,1,2,3,0,1,0
134082,4173,0.0,3.0,1.0,17,6,2,4,14,0,1,2
134286,3578,0.0,4.0,0.0,1,1,1,1,0,0,1,0
134322,1200,0.0,2.0,1.0,3,1,1,1,2,0,1,0
134441,3734,0.0,0.0,1.0,13,3,2,3,12,0,1,0
135167,2545,0.0,5.0,1.0,22,6,5,1,21,0,1,0
135927,3635,0.0,0.0,0.0,4,1,1,1,2,0,1,1
136054,3350,0.0,4.0,0.0,7,5,3,1,6,0,1,0
136104,1056,1.0,3.0,0.0,3,3,3,2,2,0,1,0
13618,3828,0.0,3.0,0.0,27,19,8,2,24,0,3,0
136418,4282,1.0,4.0,0.0,13,10,5,1,12,0,1,0
136448,3623,0.0,2.0,0.0,1,1,1,1,0,0,1,0
137146,4417,0.0,0.0,0.0,3,2,1,1,2,0,1,0
137642,653,0.0,4.0,0.0,14,6,3,1,13,0,1,0
138899,598,0.0,2.0,1.0,7,3,2,3,6,0,1,0
13918,1585,0.0,3.0,0.0,8,3,2,5,3,0,2,3
139186,1841,0.0,3.0,0.0,1,1,1,1,0,0,1,0
139231,4170,0.0,5.0,2.0,6,3,1,1,3,0,3,0
139632,1472,0.0,4.0,1.0,4,1,1,1,3,0,1,0
139992,1393,1.0,4.0,0.0,57,36,10,7,51,0,6,0
14009,323,0.0,4.0,0.0,12,3,1,4,11,0,1,0
140315,2746,1.0,0.0,0.0,2,1,1,1,1,0,1,0
140358,2403,0.0,6.0,0.0,18,9,1,3,16,0,2,0
140389,2229,0.0,2.0,0.0,16,5,4,5,13,0,1,2
140834,4173,0.0,0.0,0.0,25,20,7,4,14,0,1,10
140834,606,0.0,0.0,0.0,42,24,5,2,37,0,4,1
141458,293,0.0,3.0,0.0,5,1,1,1,4,0,1,0
142688,1084,0.0,3.0,0.0,5,1,1,1,3,0,1,1
143206,3954,0.0,0.0,0.0,2,1,1,1,1,0,1,0
143868,4811,0.0,0.0,0.0,3,2,1,1,2,0,1,0
144282,4850,0.0,3.0,0.0,14,3,1,5,9,1,1,3
144736,2138,0.0,3.0,0.0,4,2,1,3,3,0,1,0
144843,415,0.0,2.0,1.0,4,1,1,2,2,0,1,1
144848,946,0.0,5.0,0.0,36,18,3,3,33,0,3,0
144984,653,0.0,4.0,0.0,4,2,2,1,2,0,2,0
145257,4966,0.0,4.0,0.0,7,3,2,2,3,0,2,2
145399,3862,0.0,3.0,1.0,3,1,1,1,2,0,1,0
145656,1556,1.0,3.0,0.0,12,3,3,1,11,0,1,0
146173,3327,0.0,0.0,1.0,19,2,1,7,18,0,1,0
146968,1346,0.0,4.0,2.0,10,2,1,1,9,0,1,0
147001,514,0.0,3.0,0.0,4,2,1,2,3,0,1,0
14724,4280,0.0,0.0,1.0,3,1,1,1,2,0,1,0
147252,2282,0.0,0.0,1.0,10,2,1,2,9,0,1,0
147296,3828,0.0,0.0,null,6,1,1,2,5,0,1,0
147857,4195,0.0,4.0,0.0,13,3,2,4,12,0,1,0
148732,3524,0.0,2.0,1.0,7,1,1,3,6,0,1,0
149246,4755,0.0,5.0,0.0,8,1,1,1,6,0,1,1
149585,4162,0.0,2.0,0.0,1,1,1,1,0,0,1,0
151164,927,0.0,3.0,1.0,18,6,2,3,16,0,2,0
151248,3828,0.0,0.0,0.0,17,9,7,3,16,0,1,0
151618,4659,0.0,0.0,0.0,50,14,6,1,46,0,4,0
15163,1816,1.0,3.0,1.0,10,2,1,4,8,0,1,1
151634,1884,0.0,4.0,2.0,6,4,1,1,5,0,1,0
151907,1102,0.0,5.0,1.0,1,1,1,1,0,0,1,0
152018,598,0.0,0.0,1.0,20,5,4,4,19,0,1,0
152206,2217,0.0,0.0,0.0,2,1,1,1,1,0,1,0
152666,1200,0.0,4.0,0.0,3,1,1,1,1,0,2,0
152876,2537,0.0,3.0,0.0,4,1,1,1,2,0,1,1
153013,4933,0.0,4.0,0.0,9,3,1,2,8,0,1,0
153319,4265,0.0,3.0,0.0,42,28,8,3,38,0,2,2
15338,2052,0.0,0.0,0.0,2,1,1,1,1,0,1,0
153577,4287,0.0,3.0,1.0,7,4,2,4,4,0,1,2
153916,2511,1.0,4.0,0.0,11,3,2,3,10,0,1,0
154377,1347,0.0,3.0,0.0,11,3,1,3,7,0,3,1
155040,1583,0.0,6.0,0.0,46,22,2,11,41,0,1,4
155256,3862,0.0,3.0,1.0,1,1,1,1,0,0,1,0
155622,1203,0.0,0.0,0.0,7,3,3,1,6,0,1,0
15580,822,0.0,5.0,0.0,7,1,1,1,4,0,3,0
15590,3472,0.0,3.0,1.0,2,1,1,1,1,0,1,0
155992,190,0.0,3.0,0.0,2,1,1,1,1,0,1,0
15617,2895,0.0,3.0,0.0,26,3,3,2,24,0,1,1
156188,2879,0.0,0.0,0.0,5,1,1,1,4,0,1,0
157110,4724,0.0,5.0,0.0,9,3,1,1,8,0,1,0
157318,3469,0.0,3.0,0.0,8,1,1,5,6,0,1,1
157419,3828,0.0,6.0,0.0,23,13,4,2,21,0,2,0
158086,4659,0.0,3.0,0.0,19,10,6,6,17,0,1,1
158480,2545,0.0,3.0,0.0,10,9,4,1,9,0,1,0
158721,3875,1.0,5.0,1.0,2,1,1,1,1,0,1,0
158807,1679,0.0,4.0,2.0,8,5,3,3,7,0,1,0
15889,1703,0.0,3.0,1.0,4,1,1,1,3,0,1,0
159093,1460,0.0,4.0,2.0,1,1,1,1,0,0,1,0
159306,1370,0.0,6.0,0.0,6,2,2,1,5,0,1,0
159412,2629,0.0,0.0,0.0,7,1,1,3,5,0,1,1
159521,2562,0.0,2.0,1.0,2,1,1,2,0,0,1,1
159558,2745,0.0,4.0,1.0,6,3,2,1,5,0,1,0
159662,310,0.0,2.0,0.0,2,1,1,1,0,0,1,1
159784,3163,0.0,4.0,1.0,1,1,1,1,0,0,1,0
159801,467,1.0,3.0,0.0,4,1,1,1,3,0,1,0
160532,2138,0.0,0.0,0.0,6,4,2,2,4,0,2,0
160721,1667,0.0,5.0,1.0,4,3,1,1,3,0,1,0
16079,2795,0.0,4.0,0.0,3,1,1,1,2,0,1,0
161276,4738,0.0,4.0,0.0,1,1,1,1,0,0,1,0
161309,2284,0.0,2.0,1.0,16,3,2,1,13,0,1,2
161355,1089,0.0,0.0,0.0,3,1,1,1,2,0,1,0
161875,4044,0.0,6.0,0.0,1,1,1,1,0,0,1,0
161877,3828,1.0,5.0,0.0,5,2,2,1,4,0,1,0
162398,1049,0.0,2.0,1.0,84,1,1,1,83,0,1,0
162442,1470,0.0,4.0,0.0,30,5,2,1,29,0,1,0
163759,3073,0.0,3.0,1.0,18,9,1,2,16,0,2,0
163927,1843,0.0,0.0,0.0,17,8,4,1,11,0,3,3
164147,4043,0.0,2.0,0.0,19,11,6,5,10,0,2,7
164485,66,0.0,3.0,1.0,5,2,1,2,4,0,1,0
164619,2721,0.0,5.0,1.0,12,2,1,2,11,0,1,0
164910,191,0.0,5.0,0.0,2,1,1,1,1,0,1,0
165344,1509,0.0,3.0,1.0,4,1,1,1,2,0,2,0
165378,2303,0.0,0.0,0.0,3,1,1,2,2,0,1,0
165729,3205,0.0,0.0,1.0,3,1,1,1,2,0,1,0
16583,2173,0.0,5.0,0.0,9,5,3,2,8,0,1,0
165954,359,0.0,5.0,0.0,6,2,2,2,4,0,2,0
166107,259,0.0,0.0,0.0,4,1,1,2,2,1,1,0
166528,2273,0.0,0.0,0.0,1,1,1,1,0,0,1,0
166981,4942,0.0,0.0,0.0,11,1,1,1,10,0,1,0
167217,4280,0.0,4.0,0.0,6,1,1,2,5,0,1,0
167332,4282,0.0,3.0,0.0,4,1,1,3,3,0,1,0
168900,415,0.0,4.0,0.0,3,1,1,1,2,0,1,0
168977,4747,0.0,2.0,0.0,28,4,2,1,24,0,4,0
169145,798,0.0,6.0,0.0,9,5,5,1,8,0,1,0
169241,4744,0.0,2.0,1.0,10,1,1,5,9,0,1,0
170156,3537,0.0,3.0,0.0,20,9,1,3,19,0,1,0
170364,2424,0.0,3.0,0.0,3,1,1,2,2,0,1,0
170386,1090,0.0,7.0,0.0,6,1,1,1,5,0,1,0
170739,3844,0.0,6.0,0.0,2,1,1,1,1,0,1,0
170852,2124,0.0,3.0,0.0,6,2,2,1,4,0,2,0
170950,4976,0.0,3.0,0.0,2,1,1,2,0,0,1,1
171872,3320,0.0,3.0,0.0,16,5,1,1,14,0,1,1
17209,4775,1.0,0.0,0.0,10,2,1,2,8,1,1,0
172798,1724,0.0,4.0,1.0,17,6,3,2,13,0,3,1
173031,2167,0.0,0.0,0.0,3,2,1,2,2,0,1,0
173078,4044,0.0,3.0,0.0,9,2,2,2,6,0,1,2
173471,1810,0.0,3.0,0.0,30,13,5,2,28,0,1,1
175218,2447,0.0,3.0,1.0,5,3,2,1,3,0,1,1
175268,682,0.0,0.0,1.0,37,9,5,3,33,0,1,3
175419,2786,0.0,0.0,1.0,4,1,1,1,3,0,1,0
175912,1911,0.0,0.0,0.0,6,1,1,3,5,0,1,0
175956,2099,0.0,2.0,0.0,8,3,2,3,7,0,1,0
176822,817,0.0,4.0,1.0,3,1,1,1,2,0,1,0
17731,416,0.0,0.0,1.0,2,1,1,1,1,0,1,0
177345,4856,0.0,2.0,0.0,11,3,3,1,10,0,1,0
177444,4705,0.0,5.0,0.0,2,1,1,1,1,0,1,0
177739,1102,0.0,3.0,0.0,24,1,1,7,21,0,1,2
17799,2273,0.0,4.0,1.0,7,3,2,2,5,0,1,1
178020,2767,1.0,4.0,0.0,7,2,1,3,5,0,1,1
178386,4173,0.0,6.0,1.0,6,3,2,2,5,0,1,0
178660,474,0.0,4.0,0.0,1,1,1,1,0,0,1,0
180202,4040,0.0,2.0,0.0,1,1,1,1,0,0,1,0
180239,4040,0.0,0.0,0.0,3,2,2,1,2,0,1,0
180240,1748,0.0,3.0,0.0,7,1,1,3,6,0,1,0
180369,219,0.0,0.0,0.0,1,1,1,1,0,0,1,0
180424,3602,0.0,4.0,0.0,7,2,1,2,6,0,1,0
180454,4043,0.0,4.0,0.0,30,15,6,3,22,0,8,0
180486,2928,0.0,0.0,0.0,41,9,2,2,34,3,1,3
180676,1067,0.0,0.0,null,20,5,1,5,19,0,1,0
180688,643,0.0,0.0,1.0,2,2,2,1,1,0,1,0
181062,4745,1.0,4.0,0.0,4,2,1,2,2,0,2,0
181068,309,0.0,2.0,1.0,21,10,2,3,10,0,1,10
181722,1673,0.0,2.0,0.0,6,3,1,3,3,0,1,2
182060,4044,0.0,3.0,0.0,4,2,2,1,2,0,2,0
182211,3728,0.0,2.0,0.0,1,1,1,1,0,0,1,0
182412,1830,0.0,3.0,0.0,9,7,5,2,8,0,1,0
182474,1501,0.0,3.0,0.0,13,3,3,3,11,0,2,0
182694,437,0.0,4.0,0.0,4,3,2,1,3,0,1,0
183113,2915,0.0,4.0,1.0,14,9,4,2,11,0,3,0
183415,2594,0.0,4.0,0.0,28,21,9,1,27,0,1,0
183456,1588,0.0,4.0,1.0,6,1,1,2,4,0,1,1
183787,3915,0.0,3.0,0.0,1,1,1,1,0,0,1,0
183831,1377,0.0,0.0,0.0,1,1,1,1,0,0,1,0
184085,1724,0.0,4.0,1.0,5,4,1,1,4,0,1,0
184128,141,0.0,6.0,0.0,13,3,3,1,11,0,1,1
184202,1679,1.0,5.0,0.0,14,13,3,2,13,0,1,0
184451,1843,0.0,3.0,0.0,5,1,1,1,3,0,2,0
18464,4325,0.0,0.0,0.0,5,3,1,1,4,0,1,0
185084,2938,1.0,3.0,1.0,3,2,2,1,2,0,1,0
185227,3959,0.0,0.0,0.0,1,1,1,1,0,0,1,0
185615,3734,1.0,4.0,0.0,5,1,1,1,4,0,1,0
18584,1892,0.0,3.0,0.0,3,1,1,1,1,0,2,0
186428,3828,0.0,0.0,null,34,20,7,4,33,0,1,0
18647,4394,1.0,5.0,0.0,48,6,2,8,43,0,4,1
186551,215,0.0,0.0,1.0,2,1,1,1,1,0,1,0
186627,187,0.0,4.0,0.0,15,7,3,1,12,0,3,0
186797,2273,0.0,0.0,0.0,6,1,1,2,4,0,1,1
186889,4287,0.0,0.0,0.0,4,1,1,2,3,0,1,0
186946,3578,0.0,4.0,1.0,2,1,1,1,1,0,1,0
187106,4919,0.0,5.0,0.0,2,1,1,2,1,0,1,0
187782,3472,0.0,2.0,0.0,10,1,1,2,9,0,1,0
187943,372,0.0,0.0,0.0,22,8,2,4,20,0,1,1
188304,3319,0.0,5.0,1.0,14,4,3,1,12,0,2,0
188373,1565,0.0,3.0,0.0,8,4,2,3,7,0,1,0
188685,2162,0.0,4.0,1.0,1,1,1,1,0,0,1,0
188916,669,0.0,0.0,0.0,3,1,1,1,2,0,1,0
189939,2730,0.0,7.0,1.0,16,4,1,2,13,0,1,2
190077,515,0.0,6.0,0.0,6,2,1,1,5,0,1,0
190088,4044,0.0,2.0,0.0,5,1,1,2,4,0,1,0
190736,742,0.0,0.0,0.0,13,5,4,1,11,0,1,1
190776,474,0.0,5.0,1.0,1,1,1,1,0,0,1,0
191080,437,0.0,3.0,0.0,8,1,1,1,7,0,1,0
191121,4492,0.0,4.0,1.0,18,7,4,2,15,0,1,2
19119,523,0.0,4.0,1.0,2,1,1,1,1,0,1,0
191321,1472,0.0,2.0,0.0,12,2,1,2,10,0,1,1
191548,3284,0.0,0.0,1.0,2,1,1,1,1,0,1,0
191804,1892,0.0,0.0,1.0,19,12,7,1,18,0,1,0
191883,66,0.0,6.0,1.0,2,1,1,1,1,0,1,0
191962,1115,0.0,2.0,1.0,1,1,1,1,0,0,1,0
192009,2639,0.0,0.0,0.0,2,1,1,1,1,0,1,0
192199,2811,0.0,3.0,1.0,1,1,1,1,0,0,1,0
192316,1861,0.0,2.0,0.0,6,1,1,1,4,0,2,0
193279,598,0.0,2.0,1.0,26,8,2,2,25,0,1,0
193649,4252,0.0,3.0,2.0,6,2,1,3,5,0,1,0
19374,3080,0.0,0.0,0.0,4,3,3,1,3,0,1,0
193862,3022,0.0,3.0,1.0,5,3,3,2,3,0,2,0
194097,621,0.0,0.0,0.0,5,2,1,1,4,0,1,0
194495,66,0.0,4.0,1.0,3,1,1,1,2,0,1,0
194897,198,0.0,3.0,0.0,3,1,1,1,2,0,1,0
195614,798,0.0,3.0,0.0,1,1,1,1,0,0,1,0
196260,3941,0.0,3.0,1.0,2,1,1,1,1,0,1,0
196467,2928,0.0,3.0,1.0,3,1,1,1,2,0,1,0
196944,756,0.0,3.0,1.0,2,1,1,1,1,0,1,0
197005,66,0.0,3.0,0.0,4,2,2,1,3,0,1,0
197419,259,0.0,2.0,1.0,11,5,3,1,10,0,1,0
19760,3054,0.0,5.0,0.0,8,4,1,1,7,0,1,0
197823,1013,0.0,4.0,0.0,5,1,1,2,4,0,1,0
198087,3363,0.0,3.0,1.0,1,1,1,1,0,0,1,0
198218,2608,0.0,4.0,0.0,3,1,1,2,2,0,1,0
198525,2031,0.0,6.0,0.0,6,3,2,2,5,0,1,0
198627,2664,0.0,5.0,0.0,9,2,1,2,4,0,3,2
198706,4078,1.0,3.0,0.0,4,1,1,2,3,0,1,0
199498,1643,0.0,4.0,1.0,1,1,1,1,0,0,1,0
199540,3954,0.0,2.0,1.0,2,1,1,1,1,0,1,0
199792,1117,0.0,2.0,1.0,12,6,3,1,11,0,1,0
199956,4705,0.0,3.0,0.0,8,1,1,2,7,0,1,0
200096,3844,0.0,5.0,0.0,4,2,2,2,3,0,1,0
200317,4282,0.0,3.0,1.0,24,10,5,3,23,0,1,0
200547,4818,0.0,4.0,0.0,5,2,2,1,3,0,2,0
200606,121,0.0,6.0,1.0,1,1,1,1,0,0,1,0
200651,1162,0.0,4.0,0.0,138,47,10,19,132,0,3,3
200690,3289,0.0,3.0,1.0,5,3,2,2,3,0,1,1
200959,412,0.0,4.0,0.0,21,8,4,6,20,0,1,0
201273,742,0.0,4.0,0.0,7,2,2,2,5,0,1,1
201291,3350,0.0,2.0,0.0,6,3,1,2,4,0,1,1
201512,2821,0.0,4.0,0.0,4,1,1,1,3,0,1,0
201642,3635,0.0,0.0,1.0,5,1,1,2,4,0,1,0
201764,1564,0.0,0.0,1.0,2,1,1,1,1,0,1,0
201872,4378,0.0,4.0,0.0,13,5,3,1,11,0,2,0
20220,4642,0.0,4.0,1.0,5,5,2,1,0,0,5,0
202287,1708,0.0,3.0,0.0,2,1,1,1,0,0,1,1
202399,1487,0.0,4.0,0.0,14,7,1,1,12,0,1,1
202631,2031,0.0,4.0,1.0,2,1,1,1,1,0,1,0
203059,4465,0.0,4.0,0.0,2,1,1,1,0,0,2,0
203929,3629,0.0,4.0,1.0,27,11,3,2,26,0,1,0
204452,3893,0.0,0.0,0.0,2,1,1,1,0,0,2,0
204463,3609,0.0,6.0,0.0,10,1,1,2,9,0,1,0
20479,1031,0.0,4.0,1.0,14,3,1,2,11,0,2,1
205053,2175,0.0,0.0,0.0,4,1,1,1,2,0,1,1
2051,962,0.0,3.0,1.0,6,1,1,1,5,0,1,0
205380,4585,0.0,0.0,1.0,4,1,1,1,3,0,1,0
205768,730,0.0,3.0,0.0,5,4,2,4,1,0,1,3
206065,71,0.0,3.0,1.0,2,1,1,1,1,0,1,0
206328,4170,0.0,6.0,1.0,10,3,1,3,6,0,4,0
207074,1888,0.0,6.0,0.0,14,2,2,3,11,0,2,1
207467,2562,0.0,0.0,1.0,4,1,1,1,3,0,1,0
207597,687,0.0,0.0,0.0,3,1,1,2,1,0,1,1
207617,1721,0.0,0.0,0.0,1,1,1,1,0,0,1,0
20783,3284,0.0,3.0,2.0,5,1,1,2,4,0,1,0
207926,2273,0.0,4.0,1.0,7,1,1,2,5,0,1,1
20871,682,0.0,4.0,0.0,2,1,1,1,1,0,1,0
20995,2447,0.0,0.0,0.0,2,1,1,1,1,0,1,0
210136,3826,0.0,0.0,0.0,1,1,1,1,0,0,1,0
210554,3734,0.0,3.0,0.0,27,9,4,1,25,0,2,0
210945,962,0.0,3.0,1.0,9,2,1,1,7,0,2,0
211090,3170,0.0,4.0,0.0,3,1,1,2,2,0,1,0
21149,4818,1.0,5.0,0.0,5,2,1,1,4,0,1,0
21152,1514,0.0,6.0,0.0,4,1,1,2,3,0,1,0
212009,1393,0.0,0.0,1.0,24,8,4,4,22,0,2,0
212168,4607,0.0,2.0,1.0,18,4,1,2,15,0,1,2
212601,200,0.0,3.0,0.0,2,1,1,1,1,0,1,0
212748,1892,1.0,0.0,0.0,9,6,5,3,8,0,1,0
212779,2255,0.0,0.0,1.0,1,1,1,1,0,0,1,0
21332,3034,0.0,0.0,0.0,4,1,1,1,2,0,1,1
213756,191,1.0,0.0,0.0,10,7,6,1,9,0,1,0
214161,2424,0.0,2.0,0.0,35,5,1,8,31,0,1,3
214497,2511,1.0,0.0,1.0,11,3,1,4,10,0,1,0
214595,946,0.0,5.0,0.0,2,1,1,1,1,0,1,0
214866,2313,0.0,6.0,1.0,4,1,1,1,3,0,1,0
215113,794,0.0,4.0,1.0,10,4,1,1,7,0,1,2
215272,1067,0.0,3.0,1.0,8,2,1,2,7,0,1,0
215291,4044,0.0,3.0,0.0,5,2,1,1,4,0,1,0
215511,346,0.0,5.0,1.0,22,4,2,3,19,0,2,1
216353,4287,0.0,2.0,0.0,12,3,2,3,9,0,1,2
216386,3420,0.0,3.0,0.0,7,2,2,1,6,0,1,0
216573,2397,0.0,5.0,2.0,18,7,2,3,17,0,1,0
216799,117,0.0,4.0,0.0,4,1,1,1,3,0,1,0
217425,4661,0.0,4.0,1.0,3,1,1,1,2,0,1,0
218032,3893,0.0,4.0,0.0,11,5,2,2,9,0,2,0
218637,2424,0.0,2.0,0.0,26,6,1,2,25,0,1,0
21897,2459,0.0,0.0,0.0,2,2,2,1,0,0,2,0
219479,3734,0.0,2.0,1.0,2,1,1,1,1,0,1,0
219564,4265,0.0,0.0,null,6,3,2,2,5,0,1,0
219773,3335,0.0,2.0,0.0,4,1,1,2,3,0,1,0
219890,1890,0.0,0.0,0.0,5,2,1,2,3,0,1,1
219894,2891,0.0,3.0,2.0,9,3,1,1,7,0,2,0
220098,2341,0.0,4.0,0.0,1,1,1,1,0,0,1,0
220405,3619,0.0,4.0,0.0,15,3,1,2,14,0,1,0
2207,3941,0.0,4.0,0.0,7,4,2,1,6,0,1,0
220745,416,0.0,7.0,0.0,14,9,1,1,12,0,2,0
221016,2537,0.0,0.0,0.0,4,1,1,3,3,0,1,0
221192,1892,0.0,3.0,0.0,28,12,6,5,24,0,4,0
221225,4325,0.0,4.0,0.0,8,1,1,1,7,0,1,0
221321,1203,1.0,0.0,0.0,1,1,1,1,0,0,1,0
221858,3828,0.0,0.0,0.0,32,17,8,4,29,0,1,2
222561,4268,0.0,6.0,0.0,3,1,1,1,2,0,1,0
222795,2579,0.0,4.0,2.0,9,2,1,4,6,0,1,2
223073,4282,0.0,3.0,0.0,5,3,2,3,3,0,1,1
223253,2436,0.0,4.0,0.0,7,3,2,3,5,0,1,1
223513,4173,0.0,3.0,0.0,13,9,5,2,12,0,1,0
223540,4263,0.0,3.0,1.0,9,3,1,2,8,0,1,0
223626,742,1.0,3.0,1.0,11,3,1,1,10,0,1,0
224330,4750,0.0,3.0,0.0,3,2,1,1,2,0,1,0
224402,2473,0.0,3.0,1.0,3,1,1,1,2,0,1,0
224477,4976,0.0,3.0,0.0,6,5,4,3,1,0,2,3
225049,145,0.0,0.0,0.0,23,8,1,3,18,0,1,4
225078,250,0.0,6.0,1.0,3,1,1,1,2,0,1,0
225717,219,0.0,2.0,0.0,7,2,1,1,6,0,1,0
225997,4648,1.0,3.0,0.0,25,6,2,3,16,0,4,5
226164,4976,0.0,2.0,0.0,31,10,3,5,24,0,1,6
226201,2403,0.0,0.0,0.0,9,7,2,1,7,0,2,0
226207,416,0.0,6.0,0.0,10,7,4,1,8,0,2,0
228049,3392,0.0,5.0,0.0,1,1,1,1,0,0,1,0
228397,574,0.0,3.0,1.0,4,2,1,1,3,0,1,0
229117,121,0.0,4.0,1.0,7,1,1,2,6,0,1,0
229184,3476,0.0,0.0,0.0,2,2,1,1,0,0,2,0
22956,1608,0.0,6.0,0.0,1,1,1,1,0,0,1,0
229896,4091,1.0,0.0,0.0,1,1,1,1,0,0,1,0
230105,4988,1.0,2.0,0.0,19,5,2,1,17,0,2,0
230201,3763,0.0,4.0,0.0,1,1,1,1,0,0,1,0
230472,416,0.0,4.0,0.0,214,98,10,12,169,0,5,40
230590,13,0.0,4.0,0.0,10,1,1,1,9,0,1,0
230990,4118,0.0,3.0,0.0,6,2,1,2,4,0,1,1
231663,3022,0.0,4.0,1.0,2,1,1,2,1,0,1,0
231707,4049,1.0,4.0,1.0,2,1,1,2,0,0,1,1
231838,3828,0.0,6.0,0.0,32,20,8,6,29,0,1,2
232053,4394,0.0,0.0,0.0,27,7,2,4,25,0,2,0
232191,3828,1.0,3.0,0.0,6,1,1,2,4,0,1,1
232671,3826,0.0,2.0,1.0,9,1,1,4,8,0,1,0
23269,1342,0.0,0.0,0.0,7,3,1,1,6,0,1,0
232816,534,0.0,3.0,1.0,6,3,1,3,2,0,2,2
232849,2459,0.0,4.0,0.0,28,18,9,2,27,0,1,0
233457,3288,0.0,2.0,0.0,2,1,1,2,0,0,1,1
233661,4818,0.0,2.0,1.0,60,25,10,5,56,0,1,3
233927,2217,0.0,3.0,0.0,2,1,1,1,0,0,1,1
233952,1910,0.0,null,null,6,1,1,1,5,0,1,0
234141,1890,0.0,3.0,0.0,21,9,2,3,19,0,1,1
234329,4744,0.0,0.0,0.0,8,2,2,2,7,0,1,0
234768,915,0.0,6.0,1.0,8,5,2,3,7,0,1,0
234808,1276,0.0,3.0,0.0,3,1,1,1,2,0,1,0
234971,2124,0.0,5.0,0.0,12,5,2,1,10,0,2,0
235419,4525,0.0,3.0,0.0,1,1,1,1,0,0,1,0
235702,2775,0.0,2.0,0.0,3,1,1,2,2,0,1,0
235901,798,0.0,3.0,0.0,4,2,2,2,3,0,1,0
236120,4760,0.0,2.0,1.0,3,3,3,2,2,0,1,0
236503,2873,1.0,4.0,0.0,18,6,4,2,17,0,1,0
236596,2193,0.0,2.0,1.0,4,1,1,1,3,0,1,0
236897,4929,0.0,5.0,0.0,4,1,1,1,3,0,1,0
237095,2136,0.0,4.0,0.0,8,5,3,1,7,0,1,0
237276,1659,0.0,6.0,1.0,5,3,1,1,4,0,1,0
237681,1141,0.0,3.0,0.0,12,5,2,2,9,0,1,2
238813,3578,0.0,0.0,0.0,18,8,2,2,16,0,2,0
238907,120,0.0,4.0,0.0,4,1,1,1,3,0,1,0
238984,3191,0.0,0.0,0.0,5,1,1,1,3,0,1,1
23934,2273,0.0,4.0,0.0,4,3,1,1,0,0,1,3
239634,1526,0.0,0.0,0.0,6,1,1,2,4,0,1,1
239860,1618,1.0,6.0,1.0,2,1,1,1,1,0,1,0
239890,4594,0.0,null,null,5,1,1,1,4,0,1,0
240079,3536,0.0,3.0,0.0,3,1,1,2,2,0,1,0
240304,1923,0.0,4.0,2.0,11,5,2,1,9,0,2,0
24087,191,0.0,0.0,0.0,23,15,7,1,21,0,2,0
24146,3152,0.0,0.0,1.0,22,5,1,3,20,0,2,0
241602,598,0.0,3.0,1.0,3,1,1,1,2,0,1,0
242368,4207,0.0,2.0,0.0,3,1,1,1,2,0,1,0
242964,606,0.0,3.0,0.0,23,13,6,7,14,0,1,8
243100,4793,0.0,3.0,1.0,4,1,1,1,3,0,1,0
244,4818,0.0,3.0,0.0,10,5,4,1,8,0,2,0
244330,1916,0.0,6.0,0.0,9,6,2,2,7,0,2,0
244887,3650,0.0,4.0,0.0,1,1,1,1,0,0,1,0
244933,3347,0.0,5.0,0.0,27,6,2,1,24,0,3,0
245230,3323,0.0,4.0,0.0,7,4,1,3,6,0,1,0
24540,3054,0.0,3.0,0.0,2,1,1,1,1,0,1,0
245482,4171,0.0,5.0,2.0,3,1,1,1,2,0,1,0
245599,598,0.0,0.0,1.0,5,1,1,1,4,0,1,0
2458,606,0.0,3.0,0.0,41,27,9,4,40,0,1,0
246187,4044,0.0,0.0,0.0,50,24,8,1,48,0,2,0
246892,359,1.0,6.0,0.0,8,7,1,1,7,0,1,0
247121,1102,0.0,3.0,0.0,23,1,1,3,22,0,1,0
247563,3163,0.0,0.0,1.0,2,1,1,1,1,0,1,0
24768,1412,0.0,2.0,0.0,3,1,1,1,2,0,1,0
247748,3571,0.0,4.0,0.0,6,3,1,2,5,0,1,0
247767,1721,0.0,0.0,0.0,6,3,2,1,5,0,1,0
248175,1538,0.0,2.0,1.0,4,1,1,2,3,0,1,0
248367,1678,0.0,2.0,0.0,1,1,1,1,0,0,1,0
248385,4048,0.0,2.0,0.0,8,2,1,1,7,0,1,0
248609,747,0.0,4.0,0.0,9,3,2,1,8,0,1,0
24877,2318,0.0,3.0,1.0,3,1,1,1,2,0,1,0
248846,963,0.0,6.0,0.0,14,3,1,1,13,0,1,0
248850,2880,0.0,2.0,0.0,3,1,1,1,2,0,1,0
249750,402,0.0,3.0,0.0,1,1,1,1,0,0,1,0
249840,2294,0.0,0.0,0.0,3,1,1,1,2,0,1,0
250498,503,0.0,6.0,0.0,16,9,2,2,15,0,1,0
250695,3159,0.0,0.0,0.0,7,2,1,2,6,0,1,0
251782,1487,0.0,3.0,0.0,28,10,1,5,27,0,1,0
251844,2821,0.0,0.0,0.0,20,2,2,2,19,0,1,0
252632,3878,0.0,6.0,0.0,24,13,1,3,23,0,1,0
252672,1555,0.0,0.0,0.0,9,1,1,3,7,0,1,1
253374,1291,0.0,5.0,1.0,7,1,1,1,6,0,1,0
253452,4705,0.0,0.0,0.0,4,1,1,2,2,0,1,1
253487,4240,0.0,3.0,1.0,8,2,1,2,5,1,1,1
253757,1615,0.0,0.0,1.0,2,1,1,1,1,0,1,0
254215,3915,0.0,6.0,1.0,5,1,1,1,3,0,2,0
254742,598,0.0,3.0,1.0,16,6,3,5,14,0,1,1
255027,2928,0.0,3.0,0.0,8,3,2,1,7,0,1,0
255348,3971,0.0,0.0,1.0,14,4,3,3,13,0,1,0
255412,2767,0.0,2.0,0.0,1,1,1,1,0,0,1,0
255524,3319,0.0,4.0,1.0,2,1,1,1,1,0,1,0
256128,639,0.0,4.0,1.0,7,1,1,2,5,0,2,0
256304,4891,0.0,4.0,1.0,8,3,2,1,7,0,1,0
256345,2499,0.0,5.0,0.0,8,1,1,2,7,0,1,0
256467,2828,0.0,0.0,0.0,6,2,2,2,4,0,1,1
256633,1500,0.0,0.0,0.0,10,1,1,5,9,0,1,0
256955,323,0.0,6.0,0.0,18,6,1,4,17,0,1,0
257239,1784,0.0,4.0,2.0,43,24,10,3,39,0,4,0
257585,557,0.0,4.0,0.0,14,4,3,1,10,0,4,0
25761,429,1.0,5.0,1.0,2,1,1,1,1,0,1,0
257641,4234,0.0,4.0,1.0,3,1,1,1,2,0,1,0
257688,3828,0.0,3.0,0.0,6,3,2,2,5,0,1,0
257930,3578,0.0,4.0,0.0,30,10,2,5,24,0,1,5
258399,1019,0.0,2.0,0.0,2,1,1,1,1,0,1,0
258887,1495,0.0,3.0,0.0,66,17,2,5,64,0,2,0
259123,1115,0.0,4.0,1.0,2,1,1,1,1,0,1,0
25940,1308,0.0,2.0,1.0,2,1,1,1,1,0,1,0
259976,4170,0.0,3.0,0.0,6,2,1,1,4,0,2,0
260371,1736,0.0,6.0,1.0,3,1,1,2,2,0,1,0
260720,2397,0.0,4.0,0.0,7,6,4,3,2,0,1,4
261259,2436,0.0,4.0,1.0,17,10,4,2,12,0,5,0
261267,3971,0.0,0.0,0.0,5,1,1,3,4,0,1,0
261745,1854,0.0,2.0,0.0,2,1,1,1,1,0,1,0
262005,1911,0.0,6.0,0.0,15,9,4,2,12,0,3,0
262525,2454,0.0,4.0,1.0,5,2,1,1,4,0,1,0
263453,897,0.0,4.0,0.0,8,3,1,2,7,0,1,0
263734,3576,0.0,3.0,0.0,3,2,1,1,2,0,1,0
263813,474,0.0,3.0,1.0,25,12,8,2,17,0,8,0
264375,574,0.0,3.0,null,12,7,1,1,11,0,1,0
264755,1884,0.0,3.0,1.0,7,1,2,2,5,1,1,0
264775,630,0.0,5.0,2.0,8,5,5,2,7,0,1,0
265071,547,0.0,4.0,0.0,1,1,1,1,0,0,1,0
266010,2403,0.0,0.0,0.0,5,2,1,1,4,0,1,0
266120,2448,0.0,2.0,1.0,4,1,1,1,3,0,1,0
266365,2273,0.0,4.0,0.0,5,2,1,1,4,0,1,0
266848,2795,0.0,3.0,0.0,5,2,1,3,4,0,1,0
267142,2397,0.0,3.0,0.0,11,5,2,1,10,0,1,0
267493,2482,0.0,0.0,0.0,1,1,1,1,0,0,1,0
267814,1204,0.0,4.0,1.0,2,1,1,1,1,0,1,0
268025,574,0.0,0.0,0.0,1,1,1,1,0,0,1,0
268501,4048,0.0,2.0,1.0,2,1,1,1,1,0,1,0
268858,423,0.0,2.0,0.0,12,3,1,2,9,0,1,2
269148,4419,0.0,6.0,0.0,2,1,1,1,1,0,1,0
269461,2537,0.0,2.0,1.0,6,3,1,1,5,0,1,0
269871,4871,0.0,5.0,0.0,4,1,1,1,2,0,2,0
269891,1712,0.0,2.0,1.0,21,1,1,1,20,0,1,0
270009,1816,0.0,3.0,1.0,7,1,1,1,6,0,1,0
270340,4968,0.0,0.0,1.0,12,3,1,2,10,0,2,0
270551,4966,0.0,4.0,2.0,1,1,1,1,0,0,1,0
270561,4044,0.0,3.0,0.0,6,2,1,2,5,0,1,0
270572,4240,0.0,5.0,1.0,9,2,1,3,8,0,1,0
270913,4568,0.0,4.0,0.0,2,2,1,2,0,0,1,1
271006,4966,0.0,0.0,0.0,25,9,4,4,24,0,1,0
271113,66,0.0,6.0,0.0,5,1,1,3,4,0,1,0
271448,1588,0.0,5.0,0.0,3,2,1,3,0,0,1,2
271610,2279,0.0,3.0,1.0,3,1,1,1,2,0,1,0
271962,685,0.0,6.0,0.0,26,11,5,2,23,0,3,0
272268,390,0.0,2.0,1.0,1,1,1,1,0,0,1,0
272665,4791,0.0,0.0,1.0,3,1,1,1,2,0,1,0
272993,133,1.0,3.0,0.0,16,7,1,6,15,0,1,0
27313,4129,0.0,3.0,0.0,28,19,4,3,25,0,2,1
273398,2361,0.0,3.0,0.0,1,1,1,1,0,0,1,0
273553,1102,0.0,6.0,0.0,19,8,1,1,18,0,1,0
274419,1956,1.0,3.0,1.0,29,12,4,3,25,0,2,2
274738,1399,0.0,3.0,0.0,7,5,2,2,6,0,1,0
275171,372,0.0,6.0,0.0,31,5,1,2,28,0,1,2
275509,3462,0.0,5.0,0.0,2,1,1,1,1,0,1,0
275629,1840,0.0,0.0,1.0,2,1,1,1,1,0,1,0
275679,689,0.0,2.0,1.0,7,2,1,2,6,0,1,0
275765,2341,0.0,0.0,0.0,11,5,4,1,9,0,2,0
276085,2361,0.0,0.0,0.0,3,1,1,2,1,0,1,1
276703,3531,0.0,0.0,0.0,2,1,1,1,1,0,1,0
277071,3022,0.0,5.0,0.0,5,1,1,2,4,0,1,0
277109,4044,0.0,0.0,0.0,34,18,1,1,27,0,1,6
277410,4394,0.0,5.0,0.0,17,6,1,2,15,0,2,0
277449,1272,0.0,6.0,1.0,38,11,3,8,37,0,1,0
277542,4047,0.0,6.0,2.0,2,1,1,1,1,0,1,0
277732,3734,0.0,2.0,1.0,28,13,4,5,25,0,1,2
277998,3662,0.0,3.0,2.0,1,1,1,1,0,0,1,0
278147,4976,0.0,3.0,1.0,7,3,3,2,6,0,1,0
278199,1594,0.0,5.0,0.0,28,14,3,2,27,0,1,0
279032,3806,0.0,5.0,0.0,4,2,1,1,3,0,1,0
279384,2928,0.0,5.0,1.0,2,1,1,2,1,0,1,0
279460,1667,0.0,4.0,1.0,17,7,4,4,12,0,2,3
279692,66,0.0,2.0,0.0,6,2,1,2,4,0,1,1
280132,1850,0.0,3.0,1.0,2,2,1,1,0,0,2,0
280167,3230,0.0,3.0,0.0,3,1,1,1,2,0,1,0
280679,326,0.0,2.0,1.0,9,2,2,2,8,0,1,0
280690,4947,0.0,4.0,1.0,10,2,1,4,9,0,1,0
28097,4282,0.0,4.0,0.0,11,3,3,1,8,0,3,0
281543,3630,0.0,6.0,0.0,18,8,2,1,17,0,1,0
282123,4444,0.0,5.0,1.0,7,5,2,2,4,0,3,0
282551,4739,0.0,4.0,0.0,5,1,1,2,4,0,1,0
282571,4729,0.0,2.0,0.0,6,4,3,2,5,0,1,0
282576,4601,0.0,4.0,0.0,4,1,1,1,3,0,1,0
282587,4049,0.0,3.0,0.0,4,2,1,2,2,0,1,1
28301,4987,0.0,4.0,2.0,2,1,1,1,1,0,1,0
283053,2193,0.0,4.0,1.0,3,2,2,1,2,0,1,0
283118,2669,0.0,null,null,1,1,1,1,0,0,1,0
283312,3159,0.0,3.0,0.0,1,1,1,1,0,0,1,0
283705,2669,0.0,0.0,0.0,6,2,2,1,5,0,1,0
283941,2432,0.0,4.0,0.0,24,8,5,4,22,0,1,1
2840,1187,0.0,3.0,1.0,3,2,2,1,2,0,1,0
284001,1103,0.0,6.0,1.0,9,1,1,2,8,0,1,0
284279,219,0.0,3.0,0.0,4,3,2,1,0,0,4,0
28431,121,0.0,5.0,0.0,2,1,1,1,0,0,2,0
284753,2436,0.0,5.0,1.0,11,6,6,1,10,0,1,0
284880,263,0.0,0.0,1.0,4,2,1,1,3,0,1,0
28512,4450,0.0,0.0,0.0,5,1,1,1,4,0,1,0
285360,1499,0.0,3.0,0.0,6,3,3,1,3,0,3,0
285439,1963,0.0,0.0,0.0,22,7,1,1,21,0,1,0
28583,3085,0.0,4.0,0.0,8,1,1,3,4,0,3,1
286122,3007,0.0,0.0,1.0,3,2,1,1,2,0,1,0
286553,938,0.0,4.0,1.0,1,1,1,1,0,0,1,0
286567,4768,0.0,4.0,2.0,4,2,1,1,3,0,1,0
286664,4444,0.0,5.0,0.0,3,2,1,2,1,0,2,0
28685,2709,0.0,4.0,0.0,6,1,1,1,5,0,1,0
28693,3726,0.0,5.0,0.0,12,5,1,1,10,0,1,1
287027,1742,0.0,3.0,0.0,2,1,1,2,1,0,1,0
287876,4442,0.0,3.0,1.0,2,1,1,1,1,0,1,0
287928,4394,1.0,0.0,0.0,7,4,2,1,5,0,2,0
288070,960,0.0,4.0,0.0,18,7,1,3,14,0,3,1
288359,1899,0.0,2.0,0.0,5,1,1,2,3,0,1,1
288416,3310,0.0,6.0,1.0,2,1,1,1,1,0,1,0
288640,1760,0.0,3.0,0.0,4,2,1,1,3,0,1,0
288653,4864,0.0,5.0,1.0,3,1,1,2,2,0,1,0
288914,481,0.0,3.0,0.0,15,5,3,4,14,0,1,0
289030,2883,0.0,6.0,0.0,17,13,3,3,16,0,1,0
289348,598,0.0,3.0,1.0,7,4,2,1,6,0,1,0
289447,4577,0.0,0.0,1.0,4,1,1,1,3,0,1,0
289621,2882,0.0,3.0,0.0,27,5,2,6,22,0,1,4
290019,3889,0.0,4.0,0.0,9,4,4,1,7,0,2,0
290359,3971,0.0,3.0,1.0,5,1,1,3,3,0,1,1
290698,4048,1.0,3.0,1.0,3,1,1,1,2,0,1,0
292362,641,0.0,0.0,0.0,13,5,3,1,12,0,1,0
292450,1495,0.0,4.0,0.0,21,10,1,1,20,0,1,0
292762,3147,0.0,3.0,1.0,15,1,1,2,14,0,1,0
29284,778,0.0,3.0,0.0,8,3,1,1,6,0,2,0
294489,1861,0.0,0.0,1.0,7,3,1,1,5,0,2,0
295046,1264,0.0,5.0,1.0,10,6,1,2,7,0,3,0
295668,121,0.0,0.0,0.0,7,2,2,2,6,0,1,0
296067,4131,0.0,2.0,0.0,15,7,1,2,14,0,1,0
296154,596,0.0,5.0,0.0,1,1,1,1,0,0,1,0
296360,4919,1.0,4.0,0.0,3,1,1,1,2,0,1,0
296513,3460,0.0,2.0,0.0,2,1,1,1,0,0,1,1
296547,4234,0.0,5.0,0.0,5,1,1,1,4,0,1,0
296583,1555,0.0,2.0,0.0,28,6,1,7,26,0,1,1
297249,4163,0.0,6.0,1.0,14,2,1,2,12,1,1,0
297588,296,0.0,3.0,0.0,17,7,7,4,14,0,2,1
297677,4607,0.0,6.0,0.0,19,4,1,2,18,0,1,0
29803,590,0.0,3.0,1.0,5,3,2,1,4,0,1,0
298087,598,0.0,3.0,0.0,4,2,2,2,3,0,1,0
298101,2954,0.0,7.0,1.0,3,1,1,1,2,0,1,0
298150,1875,0.0,7.0,1.0,7,5,2,1,5,0,2,0
29979,643,0.0,4.0,0.0,10,3,1,3,8,0,1,1
299837,3701,0.0,2.0,0.0,6,1,1,1,5,0,1,0
300220,4282,0.0,4.0,1.0,4,2,1,1,3,0,1,0
300432,2913,0.0,4.0,1.0,8,2,1,2,7,0,1,0
300564,4444,0.0,6.0,1.0,26,15,4,1,23,0,3,0
300629,2403,0.0,4.0,0.0,26,14,1,2,25,0,1,0
30147,2066,0.0,3.0,1.0,10,3,1,1,8,0,2,0
301504,191,0.0,4.0,0.0,1,1,1,1,0,0,1,0
301683,1835,1.0,4.0,2.0,5,5,4,2,3,0,2,0
301742,898,0.0,0.0,0.0,11,4,2,1,10,0,1,0
301857,4394,1.0,4.0,0.0,13,5,2,1,12,0,1,0
302528,4044,0.0,0.0,0.0,15,8,2,1,14,0,1,0
302648,227,0.0,5.0,0.0,23,9,1,1,22,0,1,0
303142,4585,0.0,0.0,1.0,3,1,1,1,2,0,1,0
30318,4044,0.0,3.0,1.0,30,14,4,1,29,0,1,0
303205,4282,0.0,0.0,1.0,7,4,2,1,5,0,2,0
303216,467,0.0,3.0,0.0,6,1,1,2,4,0,1,1
303631,35,1.0,3.0,1.0,41,26,7,6,29,0,2,10
303663,3230,0.0,0.0,0.0,1,1,1,1,0,0,1,0
303784,608,0.0,5.0,0.0,49,12,4,13,45,0,4,0
305098,66,0.0,3.0,0.0,6,3,1,1,5,0,1,0
305485,1134,0.0,4.0,1.0,2,1,1,1,1,0,1,0
305496,219,0.0,3.0,0.0,14,2,1,5,9,0,3,2
305501,2277,0.0,0.0,1.0,5,1,1,1,4,0,1,0
305926,1892,0.0,4.0,0.0,4,2,1,1,2,0,2,0
306257,1721,0.0,3.0,1.0,15,4,1,2,14,0,1,0
306466,166,0.0,0.0,0.0,52,4,1,3,51,0,1,0
307099,4655,0.0,0.0,0.0,3,2,2,1,2,0,1,0
307192,2194,0.0,0.0,null,17,5,4,2,15,0,2,0
307511,2269,0.0,5.0,1.0,29,7,3,2,16,0,1,12
307654,742,0.0,7.0,0.0,6,1,1,1,5,0,1,0
307920,1310,0.0,2.0,0.0,56,39,16,1,52,0,4,0
308041,1272,0.0,3.0,0.0,6,3,3,1,5,0,1,0
308067,598,0.0,4.0,2.0,1,1,1,1,0,0,1,0
308358,4976,0.0,0.0,0.0,6,6,5,5,5,0,1,0
309213,2099,0.0,3.0,0.0,9,3,2,1,8,0,1,0
309489,4540,0.0,3.0,0.0,1,1,1,1,0,0,1,0
309801,423,0.0,3.0,0.0,1,1,1,1,0,0,1,0
309966,786,0.0,2.0,0.0,6,2,1,4,3,0,1,2
31138,1272,0.0,7.0,0.0,15,9,3,1,13,0,2,0
311663,3828,0.0,0.0,0.0,7,3,2,1,6,0,1,0
311745,1608,0.0,0.0,0.0,6,1,1,1,5,0,1,0
311965,4173,0.0,6.0,1.0,15,10,5,2,14,0,1,0
312051,586,0.0,4.0,1.0,6,4,1,3,4,0,2,0
31242,1346,0.0,0.0,0.0,21,3,1,2,19,0,1,1
313528,2876,0.0,0.0,0.0,12,7,1,1,10,0,2,0
313617,4267,1.0,0.0,0.0,27,21,6,3,26,0,1,0
313721,3826,0.0,7.0,0.0,3,1,1,2,2,0,1,0
31378,4525,0.0,6.0,0.0,2,2,2,1,0,0,2,0
314223,3310,0.0,3.0,0.0,5,1,1,1,4,0,1,0
314868,315,0.0,0.0,0.0,7,3,1,1,5,0,2,0
315074,721,0.0,2.0,1.0,8,2,1,2,7,0,1,0
315122,4083,0.0,2.0,2.0,9,1,1,2,7,0,1,1
31532,1878,0.0,2.0,0.0,2,1,1,1,1,0,1,0
315755,4332,0.0,4.0,1.0,3,2,1,1,2,0,1,0
315902,1999,0.0,4.0,0.0,16,9,1,4,14,0,1,1
316401,4044,0.0,0.0,0.0,36,17,3,3,35,0,1,0
316493,3828,0.0,3.0,0.0,7,3,3,1,6,0,1,0
316649,4335,0.0,3.0,0.0,1,1,1,1,0,0,1,0
317215,594,0.0,6.0,0.0,1,1,1,1,0,0,1,0
31724,877,0.0,3.0,1.0,2,1,1,1,1,0,1,0
3173,1115,0.0,3.0,1.0,9,4,3,3,8,0,1,0
317761,2499,0.0,5.0,0.0,6,1,1,1,5,0,1,0
318244,2973,0.0,0.0,0.0,1,1,1,1,0,0,1,0
318389,361,0.0,4.0,2.0,1,1,1,1,0,0,1,0
318455,1910,0.0,0.0,1.0,7,3,3,1,6,0,1,0
318461,721,0.0,6.0,0.0,3,1,1,1,2,0,1,0
318484,263,0.0,2.0,0.0,7,3,1,2,6,0,1,0
318663,4976,0.0,3.0,0.0,8,6,2,1,7,0,1,0
319355,1487,0.0,0.0,0.0,6,2,1,1,5,0,1,0
319363,1910,0.0,3.0,0.0,8,2,2,3,7,0,1,0
319802,2709,0.0,3.0,1.0,4,1,1,1,3,0,1,0
320061,4049,0.0,5.0,0.0,19,5,2,3,18,0,1,0
320308,3476,0.0,4.0,1.0,10,8,5,2,8,0,2,0
320497,3075,0.0,3.0,0.0,2,1,1,1,1,0,1,0
321026,2014,0.0,2.0,0.0,4,2,1,1,3,0,1,0
321155,1724,1.0,4.0,0.0,11,2,2,2,7,0,2,2
321173,661,0.0,5.0,0.0,6,4,1,2,4,0,2,0
321435,682,0.0,6.0,0.0,5,1,1,1,4,0,1,0
321588,4471,0.0,4.0,0.0,2,1,1,1,1,0,1,0
322080,3826,0.0,5.0,1.0,5,1,1,3,2,0,1,2
322714,467,0.0,3.0,1.0,3,1,1,1,2,0,1,0
322825,4744,0.0,3.0,0.0,6,3,1,1,5,0,1,0
323092,4049,0.0,3.0,2.0,1,1,1,1,0,0,1,0
323635,3635,0.0,0.0,0.0,9,1,1,1,8,0,1,0
323641,598,0.0,2.0,1.0,13,1,1,3,11,0,1,1
323751,2824,0.0,5.0,0.0,6,1,1,1,5,0,1,0
324141,2459,1.0,5.0,1.0,96,22,6,9,93,0,2,1
324349,1749,0.0,3.0,0.0,4,1,1,2,3,0,1,0
324537,1816,0.0,3.0,0.0,4,1,1,2,3,0,1,0
324676,962,0.0,3.0,0.0,28,7,5,4,22,0,3,3
325500,1495,0.0,5.0,0.0,6,1,1,1,5,0,1,0
325606,1495,0.0,4.0,0.0,9,3,3,1,8,0,1,0
326019,3301,0.0,3.0,0.0,3,1,1,1,2,0,1,0
326060,254,0.0,2.0,0.0,5,1,1,3,4,0,1,0
326643,3545,1.0,0.0,1.0,2,1,1,1,1,0,1,0
326880,1031,0.0,4.0,0.0,36,8,1,5,30,1,5,0
327487,2664,0.0,3.0,0.0,2,1,1,1,1,0,1,0
327527,4864,0.0,7.0,0.0,11,2,1,2,9,0,1,1
327595,4042,0.0,3.0,1.0,2,1,1,1,1,0,1,0
327808,4966,0.0,3.0,1.0,3,1,1,2,2,0,1,0
327873,2318,0.0,3.0,0.0,7,5,2,1,6,0,1,0
327964,1263,0.0,3.0,0.0,2,1,1,1,1,0,1,0
327977,2582,0.0,0.0,0.0,23,6,1,3,21,0,1,1
328605,3200,0.0,3.0,0.0,2,1,1,1,1,0,1,0
329036,2273,0.0,6.0,1.0,5,2,1,1,4,0,1,0
329119,786,0.0,0.0,0.0,8,2,2,2,7,0,1,0
329458,1556,0.0,5.0,0.0,9,2,1,3,8,0,1,0
329576,748,0.0,3.0,0.0,16,1,1,5,14,0,1,1
329888,4789,0.0,6.0,0.0,1,1,1,1,0,0,1,0
329933,3578,0.0,6.0,0.0,5,2,2,1,4,0,1,0
33003,3269,0.0,3.0,0.0,1,1,1,1,0,0,1,0
330289,4871,0.0,3.0,0.0,2,1,1,1,1,0,1,0
33042,1918,0.0,3.0,0.0,7,4,2,2,5,0,1,1
330473,2403,0.0,4.0,0.0,72,30,4,4,68,0,3,1
330882,474,1.0,0.0,0.0,11,9,8,3,8,0,3,0
331305,4785,0.0,3.0,0.0,12,3,1,3,10,0,2,0
33179,1393,0.0,4.0,0.0,1,1,1,1,0,0,1,0
331864,4992,0.0,2.0,1.0,3,1,1,1,2,0,1,0
332003,4173,1.0,2.0,0.0,21,11,3,2,20,0,1,0
332138,1142,0.0,3.0,1.0,5,1,1,1,4,0,1,0
33230,3971,0.0,2.0,0.0,2,1,1,1,1,0,1,0
33245,2277,0.0,6.0,1.0,1,1,1,1,0,0,1,0
332901,3835,0.0,5.0,0.0,7,1,1,2,6,0,1,0
333261,4249,0.0,0.0,0.0,15,6,1,2,13,0,1,1
333444,3529,0.0,5.0,0.0,4,1,1,2,2,0,2,0
333533,4933,0.0,4.0,0.0,1,1,1,1,0,0,1,0
333605,2124,0.0,6.0,0.0,24,2,1,1,23,0,1,0
334520,1131,0.0,4.0,1.0,24,8,3,3,23,0,1,0
335308,1435,0.0,2.0,0.0,6,2,1,1,5,0,1,0
335492,2403,0.0,0.0,1.0,35,15,3,5,33,0,2,0
335669,630,0.0,6.0,0.0,2,1,1,2,1,0,1,0
33636,3828,1.0,3.0,1.0,7,6,4,3,6,0,1,0
336406,4903,0.0,3.0,0.0,8,1,1,1,3,0,5,0
336720,2294,0.0,4.0,1.0,8,4,2,2,6,0,1,1
336868,1966,0.0,3.0,0.0,13,3,2,2,12,0,1,0
336921,972,0.0,6.0,1.0,2,1,1,1,1,0,1,0
337466,3940,0.0,3.0,0.0,6,2,1,2,5,0,1,0
337698,4976,0.0,0.0,0.0,4,3,2,3,1,0,1,2
338271,4648,0.0,2.0,0.0,15,8,4,1,12,0,3,0
338489,1134,0.0,0.0,0.0,2,2,2,1,0,0,2,0
338672,3288,0.0,4.0,0.0,1,1,1,1,0,0,1,0
3390,258,0.0,0.0,1.0,8,2,1,3,7,0,1,0
340433,1075,0.0,6.0,0.0,21,18,1,5,20,0,1,0
340438,2447,0.0,0.0,0.0,3,1,1,1,2,0,1,0
340796,297,0.0,3.0,0.0,3,1,1,2,2,0,1,0
341081,2821,0.0,0.0,0.0,3,1,1,2,2,0,1,0
34132,4234,1.0,4.0,0.0,7,6,2,1,6,0,1,0
341989,4368,0.0,3.0,0.0,9,5,2,1,5,0,3,1
341994,798,0.0,2.0,0.0,9,4,4,2,8,0,1,0
342066,1102,0.0,3.0,0.0,26,8,3,3,24,0,1,1
342992,3941,1.0,4.0,1.0,4,2,2,1,3,0,1,0
343184,2128,0.0,2.0,0.0,10,5,4,1,9,0,1,0
343237,4605,0.0,3.0,2.0,1,1,1,1,0,0,1,0
343297,1835,0.0,5.0,0.0,3,3,3,2,2,0,1,0
343389,3578,0.0,0.0,0.0,2,1,1,1,1,0,1,0
343486,361,0.0,4.0,1.0,6,1,1,1,5,0,1,0
343895,4976,1.0,3.0,0.0,6,3,1,1,3,2,1,0
343947,1131,0.0,3.0,0.0,31,7,5,3,28,0,2,1
344060,2193,0.0,0.0,1.0,5,1,1,1,4,0,1,0
34414,3819,0.0,0.0,0.0,3,1,1,1,2,0,1,0
344235,3839,0.0,0.0,0.0,6,3,1,3,5,0,1,0
344290,2582,0.0,0.0,0.0,8,6,1,1,7,0,1,0
344360,4079,0.0,5.0,0.0,4,1,1,1,2,0,2,0
344601,2242,0.0,4.0,2.0,18,7,4,2,14,0,3,1
344785,798,0.0,2.0,0.0,5,2,2,1,4,0,1,0
344899,3170,1.0,0.0,1.0,8,5,1,4,7,0,1,0
345995,4401,0.0,3.0,1.0,7,2,1,1,6,0,1,0
346838,1454,0.0,4.0,0.0,1,1,1,1,0,0,1,0
347379,1310,0.0,4.0,0.0,19,10,5,3,16,1,2,0
348038,1712,0.0,3.0,0.0,12,2,1,1,11,0,1,0
348419,586,0.0,3.0,0.0,11,9,6,4,10,0,1,0
348582,535,0.0,3.0,0.0,26,4,2,3,23,0,2,1
348767,897,0.0,3.0,0.0,2,1,1,1,1,0,1,0
348801,361,0.0,5.0,0.0,4,2,1,2,2,0,1,1
349248,3828,0.0,0.0,0.0,18,12,6,4,17,0,1,0
34926,4585,0.0,4.0,1.0,1,1,1,1,0,0,1,0
34959,742,0.0,5.0,0.0,1,1,1,1,0,0,1,0
349768,310,0.0,2.0,1.0,9,5,3,1,8,0,1,0
349896,598,0.0,3.0,0.0,5,5,2,2,4,0,1,0
350123,1787,0.0,0.0,0.0,4,2,1,1,3,0,1,0
350269,145,0.0,0.0,0.0,2,1,1,1,0,0,1,1
350450,4044,0.0,2.0,0.0,20,10,2,2,19,0,1,0
351143,4234,0.0,5.0,0.0,3,2,2,1,2,0,1,0
351305,4368,0.0,0.0,0.0,4,4,3,1,0,0,4,0
351594,3171,0.0,0.0,0.0,3,1,1,1,2,0,1,0
351594,4873,0.0,0.0,0.0,4,1,1,1,3,0,1,0
351902,3111,0.0,3.0,0.0,7,1,1,2,6,0,1,0
352133,4413,0.0,3.0,0.0,3,2,1,1,2,0,1,0
35253,1679,0.0,4.0,0.0,13,5,2,3,11,0,2,0
352792,551,0.0,3.0,1.0,2,1,1,2,1,0,1,0
352923,786,1.0,3.0,1.0,1,1,1,1,0,0,1,0
35304,2954,0.0,4.0,1.0,22,3,1,1,21,0,1,0
353420,2639,0.0,5.0,0.0,27,16,7,3,26,0,1,0
353460,4992,0.0,3.0,1.0,5,1,1,1,4,0,1,0
353469,2639,0.0,0.0,0.0,88,41,16,5,80,0,8,0
353533,742,0.0,2.0,1.0,2,1,1,1,1,0,1,0
353937,2361,0.0,4.0,0.0,8,4,3,2,7,0,1,0
353997,3448,0.0,0.0,0.0,9,2,1,2,8,0,1,0
354242,740,0.0,4.0,0.0,1,1,1,1,0,0,1,0
35496,4760,0.0,3.0,0.0,25,11,6,2,19,0,6,0
355333,4534,0.0,4.0,0.0,3,1,1,1,2,0,1,0
355377,4322,0.0,0.0,0.0,3,1,1,1,2,0,1,0
355399,4368,0.0,3.0,1.0,16,9,4,2,14,0,1,1
355889,4955,0.0,2.0,1.0,6,3,1,3,5,0,1,0
355975,598,0.0,3.0,0.0,2,1,1,1,1,0,1,0
356335,4085,0.0,2.0,1.0,10,1,1,3,9,0,1,0
356728,2217,1.0,4.0,0.0,11,6,1,1,10,0,1,0
35751,1618,0.0,4.0,2.0,21,5,1,3,19,0,2,0
357766,4073,0.0,0.0,1.0,6,2,1,1,5,0,1,0
357934,4585,1.0,0.0,0.0,11,2,1,3,10,0,1,0
357998,1020,0.0,5.0,0.0,4,2,2,2,3,0,1,0
358391,2653,0.0,4.0,0.0,2,1,1,1,1,0,1,0
359241,2664,0.0,2.0,1.0,4,1,1,1,2,0,2,0
359356,2511,0.0,4.0,1.0,11,2,1,2,10,0,1,0
359742,3365,0.0,3.0,0.0,5,1,1,1,4,0,1,0
359845,2344,0.0,null,null,8,2,1,2,7,0,1,0
359944,2031,0.0,2.0,0.0,7,1,1,2,6,0,1,0
360412,3640,0.0,0.0,0.0,5,1,1,1,4,0,1,0
360536,2397,0.0,0.0,1.0,24,14,4,2,23,0,1,0
360971,2721,0.0,3.0,1.0,4,1,1,2,3,0,1,0
360986,4864,0.0,4.0,0.0,9,2,1,2,8,0,1,0
36121,4659,0.0,0.0,0.0,16,7,4,2,11,0,2,3
361361,1399,0.0,6.0,1.0,30,9,3,1,29,0,1,0
361675,3200,0.0,3.0,0.0,37,13,6,1,31,0,3,3
363176,4282,0.0,3.0,0.0,3,2,1,1,2,0,1,0
363563,2,0.0,5.0,1.0,4,3,2,1,3,0,1,0
36371,4966,0.0,4.0,0.0,3,1,1,1,1,0,1,1
36382,1963,0.0,0.0,0.0,2,1,1,2,1,0,1,0
36386,2608,0.0,2.0,1.0,2,1,1,1,1,0,1,0
364665,1022,0.0,0.0,0.0,24,9,2,1,21,2,1,0
3650,1102,0.0,6.0,1.0,7,1,1,3,5,0,1,1
365013,4589,0.0,5.0,1.0,2,1,1,1,1,0,1,0
36570,4270,0.0,4.0,1.0,12,5,3,4,10,0,2,0
365950,4079,0.0,3.0,0.0,6,3,1,2,3,0,3,0
366049,3979,0.0,0.0,0.0,5,1,1,2,4,0,1,0
366068,1679,0.0,3.0,1.0,8,4,1,3,5,0,2,1
367079,3443,0.0,4.0,1.0,6,1,1,1,3,0,2,1
367520,3637,0.0,0.0,0.0,14,7,1,2,12,0,1,1
367638,3828,0.0,3.0,0.0,4,2,2,2,3,0,1,0
368191,1833,0.0,5.0,0.0,4,2,2,2,3,0,1,0
368386,1816,0.0,2.0,0.0,13,7,3,1,12,0,1,0
368487,4326,0.0,3.0,1.0,1,1,1,1,0,0,1,0
368558,4648,0.0,3.0,0.0,2,1,1,1,1,0,1,0
368639,2669,0.0,3.0,0.0,2,1,1,1,1,0,1,0
36915,102,0.0,5.0,0.0,2,1,1,1,1,0,1,0
369305,145,0.0,6.0,0.0,1,1,1,1,0,0,1,0
369565,3022,0.0,2.0,1.0,1,1,1,1,0,0,1,0
370514,3968,0.0,2.0,0.0,3,1,1,1,2,0,1,0
370601,1357,0.0,4.0,0.0,41,15,8,2,39,0,2,0
370635,2161,1.0,6.0,1.0,24,7,4,1,22,0,2,0
371109,2068,0.0,3.0,0.0,3,1,1,1,2,0,1,0
371317,2448,0.0,3.0,1.0,3,1,1,1,2,0,1,0
371440,1713,0.0,5.0,0.0,5,3,2,1,4,0,1,0
371905,4976,0.0,0.0,0.0,10,1,1,1,9,0,1,0
37243,1833,0.0,6.0,0.0,7,3,1,1,6,0,1,0
37274,2935,0.0,2.0,1.0,4,1,1,1,3,0,1,0
373669,4976,0.0,0.0,0.0,5,1,1,2,4,0,1,0
37381,396,0.0,5.0,0.0,3,2,1,1,2,0,1,0
374038,3828,0.0,0.0,1.0,46,22,7,4,44,0,2,0
374708,3350,0.0,6.0,0.0,13,2,1,3,11,0,1,1
37505,2928,0.0,4.0,2.0,4,1,1,2,2,0,1,1
376724,372,1.0,6.0,1.0,2,1,1,1,1,0,1,0
37676,2810,0.0,3.0,0.0,32,1,1,4,31,0,1,0
376794,2795,0.0,3.0,0.0,5,3,2,2,4,0,1,0
377206,4791,0.0,7.0,0.0,16,3,2,3,13,0,2,1
377364,798,0.0,2.0,0.0,1,1,1,1,0,0,1,0
37769,3986,0.0,2.0,1.0,12,2,2,1,10,0,2,0
378063,148,0.0,3.0,0.0,6,2,1,2,5,0,1,0
378541,4048,0.0,0.0,0.0,14,3,1,5,12,0,1,1
378590,4043,0.0,2.0,0.0,2,2,2,1,0,0,2,0
378884,4705,0.0,2.0,1.0,3,1,1,2,2,0,1,0
378932,1056,0.0,3.0,2.0,9,4,3,2,8,0,1,0
379115,2791,0.0,4.0,2.0,14,4,2,6,10,0,1,3
379363,3828,0.0,3.0,0.0,185,97,17,14,161,0,2,22
379578,4173,0.0,5.0,0.0,25,11,5,1,22,0,3,0
379766,4083,0.0,4.0,1.0,9,2,2,3,7,0,1,1
379860,4659,0.0,4.0,0.0,11,9,6,2,5,0,1,5
380227,1200,0.0,3.0,0.0,6,1,1,2,4,0,2,0
380585,4270,0.0,4.0,0.0,7,6,2,2,5,0,2,0
38059,3602,0.0,3.0,0.0,7,3,1,2,6,0,1,0
380903,4976,0.0,3.0,0.0,58,35,9,7,51,0,2,5
38123,4042,0.0,4.0,1.0,5,2,1,2,4,0,1,0
381898,3073,0.0,3.0,0.0,6,1,1,1,1,0,5,0
382056,4926,0.0,0.0,0.0,3,1,1,1,2,0,1,0
3827,3545,0.0,3.0,0.0,7,1,1,3,6,0,1,0
383035,3826,0.0,2.0,0.0,2,2,1,2,0,0,1,1
383270,647,0.0,5.0,0.0,3,1,1,1,2,0,1,0
383481,3828,0.0,3.0,0.0,37,16,4,4,29,1,1,6
383824,3965,1.0,2.0,1.0,3,1,1,1,2,0,1,0
384427,1890,0.0,3.0,0.0,11,4,1,2,10,0,1,0
384468,962,0.0,4.0,0.0,3,1,1,1,2,0,1,0
384689,2608,0.0,3.0,2.0,2,1,1,1,1,0,1,0
384981,898,0.0,6.0,1.0,1,1,1,1,0,0,1,0
385269,3990,0.0,6.0,0.0,8,3,3,4,6,0,1,1
385360,4234,1.0,0.0,0.0,46,25,6,1,42,0,4,0
385666,2928,0.0,0.0,0.0,5,2,1,2,3,0,1,1
386344,1900,0.0,2.0,1.0,2,1,1,1,1,0,1,0
386677,1861,0.0,2.0,0.0,4,1,1,3,1,0,1,2
386836,121,0.0,5.0,0.0,73,37,9,1,69,0,3,1
387096,2184,0.0,3.0,2.0,4,2,2,1,3,0,1,0
387891,2175,0.0,4.0,1.0,6,5,1,1,5,0,1,0
387924,3887,1.0,0.0,0.0,55,24,2,7,49,0,3,3
388247,4793,0.0,3.0,1.0,4,1,1,2,2,0,1,1
388643,2662,0.0,6.0,1.0,3,1,1,1,2,0,1,0
388877,4280,0.0,4.0,1.0,1,1,1,1,0,0,1,0
389752,2618,0.0,2.0,1.0,3,1,1,1,2,0,1,0
389812,3473,0.0,0.0,1.0,8,2,1,1,2,0,4,2
389855,4536,0.0,0.0,1.0,4,1,1,1,3,0,1,0
39029,4427,0.0,0.0,0.0,8,1,1,2,7,0,1,0
390495,4173,0.0,4.0,2.0,1,1,1,1,0,0,1,0
390677,1491,0.0,5.0,1.0,3,1,1,1,2,0,1,0
390744,598,0.0,3.0,1.0,21,6,2,3,19,1,1,0
391283,4605,0.0,2.0,0.0,2,1,1,1,1,0,1,0
391313,1487,0.0,4.0,0.0,9,3,1,2,7,0,1,1
391400,3828,0.0,0.0,0.0,1,1,1,1,0,0,1,0
391742,2435,0.0,0.0,0.0,3,2,1,1,2,0,1,0
391877,3163,0.0,2.0,0.0,4,1,1,1,2,0,1,1
392331,1270,0.0,0.0,0.0,3,1,1,1,1,0,2,0
392553,2397,0.0,3.0,2.0,13,8,3,3,12,0,1,0
392640,2108,0.0,0.0,0.0,8,2,1,3,6,0,1,1
392666,1884,0.0,5.0,1.0,1,1,1,1,0,0,1,0
392829,1346,0.0,5.0,1.0,39,4,1,2,35,0,2,2
392850,2545,0.0,3.0,1.0,14,8,5,2,13,0,1,0
393188,935,0.0,4.0,1.0,1,1,1,1,0,0,1,0
393524,3173,0.0,6.0,1.0,4,1,1,3,2,0,1,1
39373,4050,0.0,3.0,0.0,5,2,2,1,4,0,1,0
393854,219,0.0,3.0,0.0,17,2,1,5,16,0,1,0
394086,3578,0.0,4.0,0.0,29,17,3,3,28,0,1,0
394232,4980,0.0,0.0,0.0,3,1,1,1,2,0,1,0
394656,3819,0.0,0.0,1.0,1,1,1,1,0,0,1,0
394751,2582,0.0,4.0,0.0,37,9,3,6,35,0,1,1
394829,219,0.0,3.0,0.0,5,1,1,4,4,0,1,0
395463,1393,0.0,0.0,0.0,14,9,5,1,13,0,1,0
396313,4282,0.0,2.0,0.0,10,6,3,1,8,0,2,0
396560,310,0.0,3.0,1.0,6,2,2,1,4,0,2,0
397424,415,0.0,4.0,0.0,2,1,1,1,1,0,1,0
39802,742,0.0,3.0,1.0,3,2,2,2,2,0,1,0
398168,4966,0.0,5.0,2.0,17,5,3,1,16,0,1,0
398387,2721,0.0,0.0,0.0,13,3,1,2,12,0,1,0
398777,1166,0.0,2.0,1.0,1,1,1,1,0,0,1,0
398925,4125,0.0,3.0,0.0,2,1,1,1,0,0,1,1
399056,1659,0.0,null,null,3,2,1,1,1,0,2,0
399211,682,0.0,0.0,0.0,18,10,2,1,16,0,2,0
399290,1468,0.0,3.0,0.0,3,1,1,1,2,0,1,0
399834,2220,0.0,2.0,1.0,4,2,1,1,3,0,1,0
400241,3898,0.0,3.0,0.0,2,1,1,1,1,0,1,0
400326,1875,0.0,0.0,0.0,10,2,2,4,7,0,1,2
400374,219,0.0,4.0,null,3,1,1,1,1,0,2,0
400978,4705,0.0,2.0,0.0,1,1,1,1,0,0,1,0
401342,3828,0.0,0.0,0.0,75,39,8,5,69,0,1,5
402948,653,0.0,3.0,0.0,1,1,1,1,0,0,1,0
403088,586,0.0,3.0,0.0,14,6,1,1,11,0,3,0
403406,1502,0.0,5.0,0.0,7,4,3,1,3,0,4,0
403617,4847,0.0,2.0,0.0,6,3,2,1,5,0,1,0
403749,2173,0.0,6.0,0.0,8,1,1,1,7,0,1,0
403859,1393,1.0,2.0,0.0,7,4,3,1,3,0,1,3
404586,1556,0.0,3.0,0.0,6,2,1,3,5,0,1,0
405040,625,0.0,6.0,0.0,8,3,1,1,7,0,1,0
405401,1081,0.0,6.0,0.0,10,4,1,1,9,0,1,0
405590,114,0.0,5.0,0.0,7,3,1,2,5,0,1,1
405651,3041,0.0,4.0,1.0,3,2,1,2,0,0,1,2
405724,4067,0.0,3.0,0.0,110,29,11,15,99,0,3,8
407175,1487,0.0,0.0,1.0,6,1,1,3,5,0,1,0
407742,1487,0.0,3.0,2.0,9,3,1,3,7,0,2,0
407842,437,0.0,3.0,0.0,1,1,1,1,0,0,1,0
408091,2031,0.0,3.0,0.0,1,1,1,1,0,0,1,0
408360,4678,0.0,3.0,0.0,3,1,1,1,2,0,1,0
408935,4050,0.0,2.0,0.0,4,1,1,1,3,0,1,0
408981,1489,0.0,3.0,1.0,6,1,1,3,5,0,1,0
409411,1487,0.0,7.0,2.0,2,1,1,2,0,0,1,1
409496,332,0.0,2.0,0.0,2,1,1,1,1,0,1,0
409822,121,0.0,5.0,0.0,3,2,2,1,2,0,1,0
409944,1495,0.0,0.0,0.0,1,1,1,1,0,0,1,0
410664,2278,0.0,2.0,0.0,6,2,1,3,5,0,1,0
410787,200,0.0,7.0,0.0,6,4,2,1,5,0,1,0
411885,4374,0.0,3.0,0.0,4,2,2,2,3,0,1,0
412165,479,0.0,8.0,1.0,2,1,1,1,1,0,1,0
412405,2545,0.0,0.0,1.0,8,2,2,2,7,0,1,0
412438,361,0.0,0.0,1.0,6,2,1,3,5,0,1,0
412616,4325,0.0,4.0,1.0,18,5,3,1,15,0,3,0
412694,1131,0.0,4.0,0.0,20,8,2,3,16,0,1,3
412779,4043,1.0,4.0,0.0,24,11,3,1,21,0,3,0
41313,1102,0.0,2.0,0.0,3,2,2,2,2,0,1,0
413454,1890,0.0,3.0,0.0,11,2,1,4,9,0,1,1
413578,4607,0.0,0.0,0.0,14,6,1,3,12,0,1,1
413874,2482,0.0,3.0,0.0,3,1,1,2,2,0,1,0
413908,3990,0.0,6.0,1.0,3,1,1,1,2,0,1,0
413917,1514,0.0,5.0,1.0,15,4,2,3,14,0,1,0
414114,2403,0.0,6.0,0.0,20,11,2,1,16,0,3,1
414140,3826,0.0,3.0,0.0,5,1,1,3,3,0,1,1
414289,2821,0.0,0.0,0.0,6,3,1,1,5,0,1,0
415110,219,0.0,6.0,1.0,3,1,1,1,2,0,1,0
415143,4043,0.0,3.0,0.0,2,1,1,2,0,0,1,1
415904,3085,0.0,3.0,0.0,2,1,1,2,0,0,1,1
416383,2994,0.0,2.0,1.0,2,1,1,1,1,0,1,0
416621,2128,0.0,0.0,0.0,1,1,1,1,0,0,1,0
416896,3623,0.0,3.0,0.0,1,1,1,1,0,0,1,0
416899,1708,0.0,3.0,0.0,4,1,1,1,3,0,1,0
417061,2138,0.0,2.0,0.0,5,1,1,1,4,0,1,0
417375,4697,0.0,3.0,0.0,4,2,1,1,3,0,1,0
417580,4687,0.0,0.0,0.0,1,1,1,1,0,0,1,0
417724,1582,0.0,5.0,0.0,26,13,3,1,23,0,2,1
417850,4049,0.0,3.0,0.0,10,3,1,1,9,0,1,0
417884,1661,0.0,6.0,0.0,6,1,1,2,4,1,1,0
417998,4015,0.0,5.0,0.0,6,1,1,1,4,0,1,1
418047,685,1.0,4.0,0.0,5,1,1,1,4,0,1,0
418265,1346,0.0,4.0,1.0,4,2,1,1,3,0,1,0
418348,718,0.0,0.0,0.0,5,1,1,1,3,0,2,0
41883,4322,0.0,4.0,1.0,2,1,1,1,1,0,1,0
419090,4424,0.0,3.0,1.0,6,2,1,2,5,0,1,0
419126,1494,1.0,4.0,0.0,5,2,2,1,3,0,2,0
419462,46,0.0,3.0,0.0,2,1,1,2,1,0,1,0
419817,4836,0.0,3.0,0.0,22,14,6,2,20,0,2,0
42098,4460,0.0,3.0,0.0,5,1,1,1,4,0,1,0
421540,2277,1.0,0.0,0.0,3,3,2,2,2,0,1,0
421701,1472,0.0,2.0,0.0,2,1,1,2,0,0,1,1
421862,698,0.0,0.0,0.0,48,25,6,1,44,2,2,0
422032,4022,0.0,0.0,2.0,4,2,1,1,3,0,1,0
422879,114,0.0,4.0,0.0,24,11,1,2,20,0,4,0
4234,845,0.0,2.0,1.0,3,1,1,1,2,0,1,0
423493,1557,1.0,0.0,1.0,41,9,2,5,38,1,2,0
42795,4558,0.0,0.0,0.0,3,1,1,1,2,0,1,0
4284,4738,0.0,6.0,0.0,14,4,2,4,13,0,1,0
42905,2031,0.0,3.0,1.0,5,1,1,2,3,0,1,1
43316,748,0.0,3.0,0.0,7,1,1,4,6,0,1,0
43328,4765,0.0,3.0,1.0,3,1,1,1,2,0,1,0
44367,590,0.0,3.0,1.0,1,1,1,1,0,0,1,0
45082,3484,0.0,3.0,1.0,1,1,1,1,0,0,1,0
45142,2808,0.0,5.0,1.0,22,6,1,1,15,0,1,6
458,1861,0.0,4.0,0.0,1,1,1,1,0,0,1,0
46184,1861,0.0,4.0,2.0,8,1,1,1,6,0,1,1
46260,3462,0.0,0.0,0.0,10,2,1,1,8,0,1,1
48028,547,0.0,3.0,0.0,4,2,1,3,1,0,1,2
48378,2318,0.0,4.0,0.0,6,2,1,1,5,0,1,0
48773,2577,0.0,3.0,0.0,20,3,1,5,18,0,1,1
49016,1346,1.0,4.0,1.0,16,3,1,2,13,0,2,1
49022,2669,1.0,3.0,0.0,50,9,5,5,47,1,1,1
49208,503,0.0,3.0,1.0,8,3,2,1,7,0,1,0
49254,4234,0.0,6.0,1.0,90,66,9,4,89,0,1,0
49656,812,0.0,6.0,0.0,20,5,1,1,17,0,3,0
49887,1742,0.0,4.0,0.0,6,4,1,1,5,0,1,0
50264,2417,0.0,3.0,0.0,43,15,6,6,36,0,4,3
50369,3062,0.0,3.0,1.0,26,9,2,4,24,0,1,1
50608,2051,0.0,3.0,0.0,3,1,1,1,2,0,1,0
50677,4894,0.0,3.0,1.0,2,1,1,1,1,0,1,0
51201,1618,0.0,6.0,1.0,3,1,1,3,2,0,1,0
51822,760,0.0,3.0,1.0,7,3,1,1,5,0,2,0
51912,503,0.0,3.0,0.0,3,1,1,1,2,0,1,0
51966,4442,0.0,3.0,0.0,2,1,1,1,1,0,1,0
52062,2613,0.0,3.0,1.0,5,1,1,1,4,0,1,0
52065,3773,0.0,3.0,2.0,4,1,1,1,3,0,1,0
52134,3734,0.0,3.0,0.0,9,3,3,2,3,0,3,3
52143,4568,0.0,2.0,1.0,3,1,1,1,2,0,1,0
52185,4708,0.0,0.0,0.0,17,4,4,1,9,0,8,0
52259,4079,0.0,4.0,0.0,9,4,1,1,7,0,2,0
52678,1204,0.0,0.0,0.0,15,4,2,3,12,0,2,1
52685,2158,0.0,4.0,1.0,12,4,4,1,9,0,3,0
53144,4067,0.0,3.0,0.0,2,2,2,1,0,0,2,0
5321,4044,0.0,3.0,1.0,14,10,3,1,12,0,2,0
53392,4043,0.0,2.0,1.0,1,1,1,1,0,0,1,0
5378,3383,0.0,4.0,0.0,2,1,1,1,1,0,1,0
54001,1393,0.0,4.0,0.0,157,127,14,2,148,0,9,0
54016,1203,1.0,6.0,1.0,33,15,7,3,30,0,3,0
5402,254,0.0,3.0,1.0,3,1,1,1,2,0,1,0
54834,1102,0.0,3.0,0.0,11,7,4,1,9,0,2,0
54847,4368,0.0,3.0,0.0,22,8,3,4,18,0,3,1
5502,3230,1.0,0.0,0.0,10,2,2,3,8,0,2,0
55220,721,0.0,6.0,0.0,9,3,1,1,8,0,1,0
5624,586,0.0,4.0,0.0,14,13,9,3,13,0,1,0
56569,3734,0.0,3.0,1.0,10,8,4,1,8,0,1,1
56578,2060,0.0,0.0,0.0,5,1,1,1,3,0,2,0
56852,3335,0.0,3.0,1.0,7,2,1,1,6,0,1,0
57525,3645,0.0,5.0,1.0,15,8,3,1,14,0,1,0
57529,2257,0.0,4.0,2.0,5,2,1,1,4,0,1,0
58129,3159,0.0,2.0,0.0,17,8,2,2,16,0,1,0
59636,4727,0.0,4.0,1.0,3,1,1,1,2,0,1,0
60046,742,0.0,6.0,0.0,2,1,1,2,1,0,1,0
60135,3288,0.0,6.0,2.0,6,1,1,2,4,0,2,0
60234,2693,0.0,3.0,2.0,3,1,1,1,2,0,1,0
60623,3578,0.0,3.0,0.0,10,2,2,1,9,0,1,0
60753,1900,0.0,3.0,1.0,6,1,1,1,5,0,1,0
60997,3956,0.0,3.0,1.0,7,2,2,1,5,0,2,0
61444,1162,0.0,4.0,0.0,4,1,1,2,3,0,1,0
61586,4641,0.0,3.0,1.0,1,1,1,1,0,0,1,0
61754,1250,0.0,2.0,0.0,13,8,1,2,11,0,2,0
6203,1892,0.0,3.0,0.0,34,14,4,2,31,0,2,1
63584,4926,0.0,4.0,1.0,5,4,4,1,4,0,1,0
63664,4444,0.0,5.0,1.0,14,5,1,2,12,0,2,0
63942,4858,0.0,0.0,0.0,8,3,1,2,7,0,1,0
6399,3728,0.0,4.0,0.0,6,1,1,1,2,0,4,0
64690,1861,1.0,0.0,0.0,1,1,1,1,0,0,1,0
65001,2403,0.0,5.0,0.0,3,2,1,2,2,0,1,0
65234,2639,0.0,5.0,0.0,29,17,5,3,25,0,4,0
65856,2824,0.0,4.0,0.0,1,1,1,1,0,0,1,0
66454,4322,0.0,3.0,1.0,3,1,1,1,2,0,1,0
66634,3108,0.0,3.0,0.0,3,1,1,1,2,0,1,0
66754,66,0.0,3.0,0.0,2,2,1,2,1,0,1,0
6722,1892,0.0,3.0,2.0,3,3,3,1,0,0,3,0
67439,1922,1.0,5.0,0.0,8,3,1,4,6,0,1,1
67497,4444,0.0,6.0,0.0,39,4,1,1,38,0,1,0
67630,1964,0.0,null,null,2,1,1,1,1,0,1,0
67832,121,0.0,5.0,0.0,6,4,3,2,4,0,1,1
68123,2598,0.0,4.0,0.0,3,1,1,2,2,0,1,0
6839,586,0.0,3.0,0.0,6,6,4,1,4,0,2,0
68812,3938,0.0,2.0,1.0,4,1,1,1,3,0,1,0
68911,310,0.0,2.0,1.0,6,1,1,1,5,0,1,0
70961,2664,0.0,4.0,2.0,6,4,1,1,5,0,1,0
71097,4492,0.0,3.0,0.0,6,4,2,1,5,0,1,0
71223,4048,1.0,6.0,0.0,6,1,1,1,5,0,1,0
71289,687,0.0,7.0,1.0,4,1,1,1,2,0,1,1
71844,2664,0.0,0.0,1.0,5,5,3,1,1,0,4,0
71859,4287,0.0,0.0,0.0,8,3,2,1,7,0,1,0
72248,3971,0.0,2.0,1.0,3,2,2,2,2,0,1,0
72446,3173,0.0,5.0,0.0,2,1,1,1,1,0,1,0
72637,962,0.0,3.0,1.0,3,1,1,1,2,0,1,0
73113,1356,1.0,0.0,0.0,4,2,1,1,3,0,1,0
73257,398,0.0,3.0,1.0,4,1,1,2,2,0,1,1
74176,4756,0.0,4.0,0.0,3,2,1,1,2,0,1,0
74684,2305,0.0,5.0,0.0,22,4,2,1,19,2,1,0
74907,1379,0.0,4.0,1.0,5,1,1,1,4,0,1,0
75205,3383,0.0,0.0,0.0,2,1,1,1,1,0,1,0
75395,4536,1.0,3.0,0.0,1,1,1,1,0,0,1,0
75426,3961,0.0,6.0,0.0,9,7,3,5,8,0,1,0
76497,382,0.0,4.0,0.0,25,9,6,1,20,0,5,0
77460,4659,0.0,6.0,0.0,15,9,6,1,11,0,3,1
77929,3875,0.0,0.0,0.0,2,1,1,1,1,0,1,0
78380,588,0.0,7.0,0.0,3,1,1,1,2,0,1,0
78714,4536,0.0,2.0,2.0,11,1,1,3,9,0,2,0
78950,3103,0.0,0.0,1.0,5,1,1,2,4,0,1,0
79070,3578,0.0,3.0,0.0,10,2,1,3,8,0,1,1
7935,586,0.0,3.0,0.0,3,3,1,2,1,0,2,0
79493,2177,0.0,4.0,1.0,4,1,1,1,3,0,1,0
79834,3484,0.0,3.0,0.0,23,15,1,2,21,0,2,0
79877,2821,0.0,4.0,0.0,5,1,1,1,4,0,1,0
8005,2273,0.0,0.0,0.0,1,1,1,1,0,0,1,0
80266,4258,0.0,6.0,0.0,18,2,1,1,17,0,1,0
80606,2876,0.0,3.0,0.0,6,2,1,3,4,0,1,1
81417,2928,0.0,3.0,0.0,1,1,1,1,0,0,1,0
8200,3971,0.0,2.0,1.0,9,1,1,1,8,0,1,0
8245,4044,0.0,0.0,1.0,9,3,2,1,8,0,1,0
82602,1454,0.0,0.0,0.0,11,4,1,2,9,0,2,0
82632,4079,0.0,5.0,0.0,5,1,1,1,3,0,2,0
83,3520,0.0,3.0,0.0,1,1,1,1,0,0,1,0
83109,4641,0.0,3.0,1.0,3,1,1,1,2,0,1,0
836,2954,0.0,4.0,0.0,6,1,1,5,3,0,1,2
83761,4173,1.0,6.0,0.0,18,1,1,4,16,0,1,1
83821,154,0.0,6.0,0.0,1,1,1,1,0,0,1,0
8409,2318,0.0,4.0,1.0,7,2,1,1,6,0,1,0
84713,3734,0.0,5.0,1.0,5,2,1,1,3,0,2,0
85724,1454,0.0,0.0,0.0,15,2,2,3,13,0,2,0
86111,3445,0.0,4.0,1.0,6,1,1,2,5,0,1,0
86277,1659,0.0,6.0,0.0,6,5,1,2,1,0,1,4
86283,4847,0.0,5.0,0.0,20,7,4,2,19,0,1,0
86609,2026,0.0,3.0,0.0,1,1,1,1,0,0,1,0
86792,2128,0.0,5.0,0.0,9,5,5,1,6,0,3,0
86869,1056,0.0,3.0,1.0,11,4,4,2,8,0,3,0
87643,2720,0.0,3.0,0.0,5,1,1,1,4,0,1,0
8777,2821,0.0,0.0,0.0,7,3,1,1,6,0,1,0
87978,2217,0.0,0.0,0.0,1,1,1,1,0,0,1,0
88281,4044,0.0,4.0,0.0,16,11,6,4,14,0,2,0
88286,2744,0.0,4.0,0.0,3,2,1,1,2,0,1,0
8837,2482,0.0,3.0,0.0,3,3,3,1,0,0,3,0
89031,3103,0.0,5.0,0.0,4,2,2,2,3,0,1,0
89128,1923,0.0,4.0,0.0,8,2,1,1,7,0,1,0
89377,2173,0.0,0.0,1.0,32,16,2,2,29,0,3,0
89921,962,0.0,0.0,0.0,16,8,6,2,14,0,2,0
90042,2217,0.0,3.0,0.0,4,1,1,1,3,0,1,0
90265,2097,0.0,3.0,0.0,5,2,1,1,4,0,1,0
90288,215,0.0,6.0,0.0,15,3,2,1,13,0,2,0
90299,3448,0.0,2.0,0.0,5,1,1,2,4,0,1,0
90350,2537,1.0,3.0,0.0,23,10,5,2,22,0,1,0
90512,2489,0.0,0.0,0.0,4,1,1,1,3,0,1,0
90997,2403,0.0,3.0,1.0,8,2,2,3,6,0,2,0
91570,4499,0.0,4.0,0.0,4,1,1,2,3,0,1,0
91913,3968,0.0,6.0,0.0,1,1,1,1,0,0,1,0
92189,3443,0.0,6.0,1.0,5,1,1,1,3,1,1,0
92445,3912,0.0,3.0,0.0,2,1,1,1,1,0,1,0
92458,1075,0.0,0.0,0.0,22,11,2,4,21,0,1,0
92805,4933,0.0,2.0,0.0,7,4,1,1,5,0,2,0
92995,663,0.0,3.0,0.0,21,3,1,3,18,0,1,2
93393,1916,0.0,4.0,0.0,21,7,1,4,11,0,5,5
93776,1719,0.0,0.0,0.0,2,1,1,1,0,0,2,0
94610,3734,1.0,null,null,6,2,1,1,4,1,1,0
94751,2994,0.0,0.0,0.0,3,1,1,1,2,0,1,0
94888,1472,0.0,3.0,1.0,4,1,1,1,3,0,1,0
95013,1602,0.0,6.0,0.0,2,1,1,1,1,0,1,0
95021,2303,0.0,0.0,0.0,13,4,1,4,10,1,1,1
95095,4377,0.0,2.0,0.0,3,1,1,1,2,0,1,0
95294,1512,0.0,3.0,0.0,2,1,1,1,1,0,1,0
96087,4605,1.0,0.0,0.0,17,3,3,3,14,0,3,0
96760,2721,0.0,4.0,0.0,3,1,1,1,2,0,1,0
97142,4607,0.0,4.0,2.0,9,3,1,2,8,0,1,0
97687,1200,0.0,3.0,0.0,1,1,1,1,0,0,1,0
97887,4534,0.0,6.0,0.0,3,1,1,1,2,0,1,0
98095,2769,0.0,2.0,0.0,2,1,1,1,1,0,1,0
98763,4554,0.0,0.0,2.0,3,2,1,2,2,0,1,0
98828,254,0.0,3.0,1.0,1,1,1,1,0,0,1,0
98859,4731,0.0,3.0,0.0,4,1,1,2,3,0,1,0
99101,4256,0.0,5.0,1.0,4,1,1,2,3,0,1,0
99140,2099,0.0,3.0,1.0,8,3,1,1,7,0,1,0
