100358,1840,0.0,0.0,0.0,2,1,1,1,1,0,1,0
100469,503,0.0,4.0,0.0,12,5,1,3,11,0,1,0
100998,1835,0.0,4.0,2.0,39,24,9,6,30,0,2,7
101016,3826,0.0,4.0,0.0,4,2,1,1,3,0,1,0
101571,4955,0.0,4.0,0.0,7,4,3,2,6,0,1,0
102046,598,0.0,4.0,1.0,9,5,3,1,8,0,1,0
102245,2928,0.0,6.0,0.0,14,9,4,1,13,0,1,0
102333,1892,0.0,6.0,0.0,4,3,3,1,0,0,4,0
10425,1707,0.0,0.0,0.0,7,1,1,1,6,0,1,0
10510,3159,0.0,5.0,1.0,17,9,6,2,12,0,4,1
105399,3578,0.0,4.0,1.0,2,1,1,1,1,0,1,0
105672,1851,0.0,0.0,0.0,2,1,1,1,1,0,1,0
10589,2279,0.0,0.0,0.0,4,1,1,2,2,0,1,1
105959,2000,0.0,6.0,0.0,7,2,1,2,6,0,1,0
106383,1968,0.0,4.0,0.0,6,3,3,1,5,0,1,0
106898,4474,0.0,8.0,1.0,2,1,1,1,1,0,1,0
106998,2916,0.0,0.0,0.0,2,1,1,1,1,0,1,0
107270,758,0.0,0.0,1.0,12,6,1,1,11,0,1,0
107274,4687,0.0,3.0,0.0,3,1,1,1,2,0,1,0
107716,1102,0.0,4.0,0.0,42,24,8,8,41,0,1,0
108142,1056,0.0,4.0,0.0,31,8,4,1,27,0,4,0
10846,4491,0.0,0.0,0.0,2,1,1,1,0,0,2,0
108781,1346,1.0,4.0,0.0,39,17,1,3,35,0,2,2
10889,3905,0.0,4.0,0.0,5,1,1,2,3,0,2,0
109002,1272,0.0,0.0,0.0,40,13,7,3,38,0,2,0
10932,2193,0.0,5.0,1.0,8,3,2,2,7,0,1,0
10976,3476,0.0,4.0,2.0,14,3,2,5,9,0,3,2
11007,1318,0.0,3.0,0.0,32,11,7,2,26,0,5,1
110368,4079,0.0,6.0,1.0,2,1,1,1,1,0,1,0
111327,234,1.0,2.0,0.0,1,1,1,1,0,0,1,0
111366,4841,0.0,2.0,0.0,2,1,1,1,1,0,1,0
111379,395,0.0,0.0,0.0,14,1,1,5,13,0,1,0
112057,4760,0.0,5.0,1.0,10,2,2,3,8,0,1,1
112356,1963,0.0,4.0,1.0,10,6,2,3,8,0,1,1
11301,2721,0.0,5.0,2.0,19,8,2,5,15,0,2,2
11303,1565,0.0,3.0,0.0,2,1,1,1,0,0,1,1
113105,3319,0.0,3.0,0.0,3,1,1,1,2,0,1,0
113212,3090,0.0,0.0,0.0,3,1,1,1,2,0,1,0
113436,4659,0.0,3.0,0.0,3,1,1,2,2,0,1,0
113959,952,0.0,3.0,1.0,2,1,1,1,1,0,1,0
114136,141,0.0,2.0,0.0,13,9,5,2,12,0,1,0
114211,1538,0.0,3.0,0.0,2,1,1,1,1,0,1,0
114298,3875,0.0,4.0,0.0,5,1,1,1,4,0,1,0
114535,1346,0.0,4.0,0.0,2,1,1,1,1,0,1,0
114936,1102,1.0,3.0,0.0,12,11,5,9,0,0,1,11
115005,2108,0.0,2.0,1.0,3,1,1,1,2,0,1,0
115087,2001,0.0,3.0,1.0,2,1,1,1,1,0,1,0
116300,606,0.0,3.0,0.0,15,6,2,2,12,2,1,0
116417,2545,0.0,3.0,0.0,5,2,1,2,4,0,1,0
116594,1679,0.0,0.0,0.0,2,1,1,1,1,0,1,0
116958,3826,0.0,5.0,1.0,8,1,1,2,6,0,1,1
117007,1102,0.0,3.0,null,2,1,1,1,1,0,1,0
117437,1370,0.0,6.0,1.0,2,1,1,1,1,0,1,0
117962,3199,0.0,3.0,0.0,8,3,2,1,5,0,2,1
118170,361,0.0,4.0,0.0,5,2,2,2,4,0,1,0
118767,4221,0.0,3.0,0.0,3,1,1,1,2,0,1,0
11906,3911,0.0,5.0,0.0,2,1,1,1,1,0,1,0
119663,3839,0.0,6.0,0.0,1,1,1,1,0,0,1,0
119734,3042,0.0,6.0,0.0,11,3,3,1,10,0,1,0
119747,3822,0.0,3.0,0.0,4,1,1,1,3,0,1,0
119985,4385,0.0,4.0,1.0,7,2,2,2,5,0,2,0
120294,3828,0.0,0.0,0.0,2,1,1,1,1,0,1,0
120651,168,0.0,5.0,0.0,17,7,2,1,15,0,2,0
120729,1102,0.0,4.0,0.0,3,2,1,2,1,0,2,0
120827,4444,0.0,4.0,1.0,9,3,1,2,8,0,1,0
120902,4585,0.0,4.0,0.0,16,8,2,2,15,0,1,0
121005,4648,0.0,4.0,0.0,8,4,1,1,4,0,4,0
121306,3541,0.0,3.0,0.0,1,1,1,1,0,0,1,0
121420,1708,0.0,3.0,0.0,5,2,1,1,3,0,2,0
12175,4850,0.0,0.0,1.0,6,3,3,2,5,0,1,0
121842,120,0.0,4.0,0.0,19,4,1,2,13,0,6,0
122021,3171,0.0,3.0,0.0,4,1,1,1,3,0,1,0
122271,4847,1.0,2.0,0.0,7,5,4,1,6,0,1,0
123113,4504,0.0,3.0,0.0,6,5,2,1,5,0,1,0
123765,234,0.0,3.0,0.0,28,12,2,1,22,0,4,2
123867,66,0.0,0.0,0.0,5,3,1,1,4,0,1,0
123965,2928,0.0,3.0,0.0,13,9,5,1,12,0,1,0
124635,1724,0.0,3.0,0.0,12,5,2,3,10,0,2,0
124753,234,0.0,3.0,0.0,16,6,3,2,13,0,3,0
124900,4287,0.0,4.0,0.0,7,1,1,1,3,0,4,0
125405,4079,0.0,7.0,1.0,2,1,1,1,1,0,1,0
125538,3545,0.0,2.0,1.0,2,1,1,1,1,0,1,0
125563,4374,1.0,2.0,0.0,11,2,2,4,10,0,1,0
125593,2592,0.0,3.0,2.0,3,1,1,1,2,0,1,0
125620,2709,0.0,5.0,0.0,4,2,1,1,3,0,1,0
126882,2061,0.0,2.0,1.0,1,1,1,1,0,0,1,0
12703,3971,0.0,2.0,0.0,3,1,1,1,2,0,1,0
127041,3769,0.0,3.0,1.0,6,1,1,2,5,0,1,0
127047,855,0.0,0.0,1.0,2,1,1,1,1,0,1,0
127515,2193,0.0,4.0,1.0,2,1,1,1,1,0,1,0
127683,2459,0.0,3.0,0.0,2,1,1,2,1,0,1,0
127966,4545,0.0,6.0,0.0,4,1,1,1,2,0,2,0
128019,1499,0.0,3.0,0.0,15,6,5,5,10,0,3,2
128147,2167,0.0,4.0,0.0,7,2,1,2,6,0,1,0
128955,2629,0.0,3.0,0.0,2,1,1,1,1,0,1,0
1290,4536,0.0,6.0,0.0,7,2,2,1,3,0,2,2
129078,4427,0.0,3.0,1.0,8,2,1,3,6,0,1,1
129311,2537,0.0,6.0,0.0,3,1,1,1,2,0,1,0
129330,649,0.0,6.0,0.0,4,1,1,1,3,0,1,0
12943,2505,0.0,4.0,0.0,2,1,1,2,0,0,1,1
129569,2217,0.0,0.0,0.0,18,6,1,2,16,0,1,1
129700,2592,0.0,4.0,1.0,2,1,1,1,1,0,1,0
129741,4043,1.0,0.0,0.0,11,6,3,1,8,0,2,1
130024,296,1.0,4.0,1.0,11,1,1,2,10,0,1,0
130046,4818,0.0,3.0,1.0,16,9,3,3,15,0,1,0
130472,308,0.0,0.0,1.0,2,1,1,1,1,0,1,0
130579,4282,0.0,3.0,0.0,36,29,7,2,34,0,2,0
130942,3029,0.0,0.0,0.0,4,1,1,3,3,0,1,0
131104,3363,0.0,2.0,0.0,6,1,1,1,5,0,1,0
131332,1132,0.0,0.0,0.0,1,1,1,1,0,0,1,0
131550,4337,0.0,4.0,1.0,3,1,1,1,2,0,1,0
1321,643,0.0,4.0,0.0,29,20,6,1,27,0,2,0
132128,3826,0.0,2.0,0.0,4,1,1,3,2,0,1,1
132397,1890,0.0,0.0,0.0,6,2,1,1,5,0,1,0
132983,4173,0.0,0.0,0.0,8,5,3,4,7,0,1,0
133009,1540,0.0,0.0,0.0,5,3,2,3,4,0,1,0
133057,2014,0.0,4.0,1.0,6,2,1,3,5,0,1,0
135007,1679,0.0,4.0,0.0,37,15,3,5,36,0,1,0
135813,3057,0.0,0.0,1.0,3,1,1,1,2,0,1,0
135914,3363,0.0,3.0,1.0,1,1,1,1,0,0,1,0
136257,2594,0.0,6.0,1.0,59,45,11,2,58,0,1,0
13699,3578,0.0,3.0,0.0,2,1,1,1,1,0,1,0
137081,3828,0.0,0.0,0.0,7,6,4,3,3,0,2,2
137093,1583,0.0,0.0,1.0,5,1,1,2,4,0,1,0
137420,2217,0.0,0.0,0.0,3,1,1,1,2,0,1,0
137627,2516,0.0,2.0,1.0,9,4,1,1,8,0,1,0
137750,4044,0.0,7.0,0.0,29,12,3,1,24,0,1,4
137780,731,0.0,4.0,0.0,2,1,1,2,1,0,1,0
138329,3510,0.0,3.0,1.0,2,1,1,1,1,0,1,0
140596,3173,0.0,2.0,0.0,1,1,1,1,0,0,1,0
140602,2516,0.0,3.0,0.0,4,2,1,2,3,0,1,0
140721,1708,0.0,3.0,0.0,4,1,1,1,3,0,1,0
141511,4183,0.0,3.0,0.0,4,1,1,1,3,0,1,0
141926,594,0.0,5.0,0.0,1,1,1,1,0,0,1,0
142010,4282,0.0,4.0,1.0,90,23,6,7,83,0,2,5
142182,1557,0.0,5.0,0.0,7,3,3,1,6,0,1,0
14244,1427,0.0,2.0,0.0,1,1,1,1,0,0,1,0
142730,4425,0.0,5.0,0.0,5,1,1,2,3,0,1,1
143280,3623,0.0,0.0,0.0,6,1,1,2,5,0,1,0
143398,2082,0.0,0.0,0.0,1,1,1,1,0,0,1,0
143592,1512,0.0,4.0,0.0,2,1,1,1,1,0,1,0
144599,2341,0.0,2.0,1.0,13,6,5,1,10,0,1,2
144769,557,0.0,0.0,1.0,36,12,5,1,30,0,6,0
144810,4614,0.0,6.0,0.0,24,13,7,3,19,0,5,0
144834,2915,0.0,4.0,0.0,4,1,1,2,3,0,1,0
145254,322,0.0,4.0,0.0,3,2,2,1,2,0,1,0
145809,332,1.0,6.0,0.0,48,8,4,6,45,0,1,2
146568,2318,0.0,5.0,0.0,2,1,1,1,1,0,1,0
146832,66,0.0,4.0,1.0,2,1,1,1,1,0,1,0
147338,4282,0.0,0.0,0.0,31,22,7,3,28,0,3,0
14755,2596,0.0,4.0,0.0,10,2,2,2,7,0,3,0
147930,1501,0.0,0.0,0.0,14,6,1,3,12,0,1,1
148296,798,0.0,3.0,0.0,4,3,3,1,3,0,1,0
148325,2891,0.0,6.0,0.0,6,4,1,1,5,0,1,0
148450,1816,0.0,5.0,0.0,13,5,4,2,12,0,1,0
148712,1618,0.0,7.0,0.0,36,11,3,3,28,0,2,6
149041,3335,0.0,2.0,0.0,1,1,1,1,0,0,1,0
149208,4871,0.0,2.0,1.0,14,9,4,1,10,0,4,0
149252,1272,0.0,0.0,0.0,20,10,1,2,15,0,1,4
149510,151,0.0,3.0,1.0,1,1,1,1,0,0,1,0
15024,4474,0.0,0.0,0.0,9,2,1,1,8,0,1,0
150540,643,0.0,3.0,0.0,6,2,2,2,5,0,1,0
150558,3979,0.0,3.0,2.0,4,3,3,1,3,0,1,0
150615,4044,0.0,2.0,0.0,14,7,2,3,12,0,1,1
150954,3878,0.0,0.0,0.0,7,3,1,1,5,0,2,0
151225,2668,0.0,3.0,0.0,12,2,1,3,9,0,2,1
151573,4605,0.0,3.0,0.0,4,2,1,1,3,0,1,0
151589,2430,0.0,0.0,0.0,18,8,3,1,17,0,1,0
151626,239,0.0,7.0,0.0,29,8,2,2,28,0,1,0
151823,2277,0.0,3.0,1.0,1,1,1,1,0,0,1,0
15202,508,0.0,3.0,0.0,6,2,1,2,4,0,2,0
152140,946,0.0,4.0,1.0,3,2,1,1,2,0,1,0
152283,4438,0.0,0.0,1.0,5,1,1,2,4,0,1,0
152652,3574,0.0,5.0,0.0,7,1,1,3,4,0,1,2
152703,2700,0.0,6.0,0.0,70,35,8,6,67,0,2,1
152792,4048,0.0,5.0,1.0,3,1,1,1,2,0,1,0
1532,2401,0.0,3.0,0.0,4,1,1,1,2,0,1,1
153543,2954,0.0,3.0,0.0,6,3,3,1,1,0,5,0
153892,2447,0.0,4.0,1.0,4,2,1,1,3,0,1,0
154628,3881,0.0,3.0,0.0,1,1,1,1,0,0,1,0
154884,2475,0.0,4.0,1.0,11,4,2,1,9,0,2,0
15497,3085,0.0,4.0,0.0,57,26,10,5,43,0,3,11
155543,897,0.0,3.0,1.0,8,4,1,1,7,0,1,0
155549,3150,0.0,3.0,0.0,1,1,1,1,0,0,1,0
156179,1049,0.0,2.0,0.0,10,2,1,2,9,0,1,0
15618,4580,0.0,3.0,0.0,3,1,1,1,2,0,1,0
156429,4732,0.0,5.0,1.0,1,1,1,1,0,0,1,0
156498,2217,0.0,3.0,0.0,6,1,1,2,4,0,1,1
156560,302,0.0,0.0,0.0,2,1,1,1,0,0,2,0
156560,574,0.0,0.0,0.0,9,1,1,1,8,0,1,0
156601,3734,1.0,4.0,1.0,3,1,1,1,0,0,3,0
157421,2138,0.0,4.0,0.0,5,3,3,1,2,0,2,1
157751,4639,0.0,0.0,1.0,4,2,1,1,3,0,1,0
157830,3828,0.0,5.0,0.0,4,1,1,2,2,0,1,1
157896,4648,0.0,2.0,0.0,2,1,1,1,1,0,1,0
157901,4992,0.0,0.0,0.0,2,2,1,2,1,0,1,0
157926,3205,0.0,2.0,0.0,4,2,2,1,2,0,1,1
158039,1102,1.0,4.0,0.0,10,7,5,5,7,0,3,0
158140,4687,0.0,4.0,1.0,2,1,1,1,0,0,2,0
158473,2278,0.0,4.0,0.0,2,1,1,1,1,0,1,0
159140,152,0.0,0.0,0.0,10,2,1,4,9,0,1,0
159292,416,1.0,0.0,0.0,3,2,1,1,1,0,2,0
160287,4472,0.0,7.0,0.0,12,1,1,3,11,0,1,0
160410,4173,0.0,3.0,1.0,14,8,2,1,13,0,1,0
160869,1060,0.0,0.0,0.0,3,1,1,1,2,0,1,0
160971,687,0.0,4.0,0.0,14,3,1,4,13,0,1,0
161189,3622,0.0,3.0,0.0,2,1,1,2,1,0,1,0
161344,4648,0.0,2.0,1.0,1,1,1,1,0,0,1,0
16158,3105,0.0,5.0,1.0,9,4,1,1,8,0,1,0
161741,1910,0.0,2.0,0.0,10,2,2,3,8,0,1,1
16186,4083,0.0,0.0,0.0,9,4,4,1,7,0,2,0
161918,4589,0.0,0.0,0.0,2,1,1,1,1,0,1,0
162449,121,0.0,4.0,0.0,36,24,8,5,33,0,3,0
163144,3828,0.0,4.0,0.0,217,107,21,15,195,0,7,15
163858,523,1.0,4.0,0.0,2,1,1,1,1,0,1,0
163868,3345,0.0,7.0,0.0,5,3,1,1,4,0,1,0
16394,2030,0.0,0.0,0.0,4,2,1,1,3,0,1,0
164093,3898,0.0,4.0,1.0,11,5,2,1,10,0,1,0
164493,4173,0.0,4.0,0.0,48,31,11,2,47,0,1,0
164519,2320,0.0,5.0,0.0,2,1,1,1,1,0,1,0
164536,3477,0.0,2.0,1.0,4,1,1,1,3,0,1,0
165434,4976,0.0,2.0,0.0,5,2,2,1,3,0,1,1
165741,3683,0.0,6.0,1.0,2,1,1,1,1,0,1,0
165831,3536,0.0,3.0,0.0,3,1,1,2,2,0,1,0
16585,1760,0.0,6.0,0.0,2,1,1,1,1,0,1,0
165889,1102,1.0,7.0,0.0,332,198,18,39,272,0,1,59
165958,4571,0.0,4.0,1.0,7,3,1,1,6,0,1,0
166106,3828,1.0,0.0,0.0,17,5,3,4,16,0,1,0
166241,3159,0.0,0.0,0.0,3,1,1,2,2,0,1,0
166500,3734,0.0,3.0,0.0,4,2,1,1,2,0,2,0
166540,4829,0.0,0.0,0.0,8,4,2,1,6,0,2,0
167515,3828,0.0,4.0,0.0,22,16,6,2,14,3,5,0
167527,3460,0.0,2.0,1.0,4,1,1,1,3,0,1,0
167628,4388,0.0,2.0,1.0,5,1,1,1,4,0,1,0
167771,4336,0.0,5.0,1.0,13,2,1,1,12,0,1,0
16787,3319,0.0,4.0,1.0,3,2,2,1,2,0,1,0
168750,433,0.0,3.0,0.0,38,17,1,2,32,0,6,0
169044,1102,0.0,0.0,1.0,80,33,7,7,68,0,2,10
169233,4648,0.0,3.0,0.0,8,5,4,1,6,0,2,0
169595,3936,0.0,4.0,0.0,4,2,1,1,3,0,1,0
170073,2031,0.0,3.0,0.0,13,4,2,1,11,0,2,0
170196,1538,0.0,2.0,1.0,5,1,1,1,4,0,1,0
170539,793,0.0,0.0,1.0,5,2,1,1,4,0,1,0
170556,4659,0.0,3.0,0.0,4,1,1,2,3,0,1,0
171271,1393,0.0,5.0,0.0,162,100,14,5,160,0,2,0
171349,1800,0.0,5.0,0.0,5,2,1,1,4,0,1,0
171421,4525,0.0,3.0,0.0,23,11,3,2,17,0,3,3
172594,412,0.0,3.0,0.0,19,9,3,2,17,0,2,0
172678,1719,0.0,5.0,0.0,6,1,1,1,5,0,1,0
17274,3578,0.0,3.0,0.0,3,2,1,1,2,0,1,0
172745,3152,0.0,4.0,1.0,3,2,1,1,2,0,1,0
172853,4368,0.0,2.0,1.0,20,7,2,4,17,0,1,2
173426,1784,0.0,3.0,0.0,1,1,1,1,0,0,1,0
173691,652,0.0,5.0,0.0,5,2,1,2,4,0,1,0
174402,500,0.0,3.0,0.0,2,1,1,1,1,0,1,0
174435,361,0.0,0.0,0.0,4,3,3,1,1,0,3,0
174950,1454,1.0,0.0,1.0,22,4,2,7,20,0,2,0
174997,1538,0.0,0.0,1.0,7,2,1,2,5,0,1,1
1750,1500,0.0,3.0,0.0,6,2,2,1,4,0,2,0
175049,4173,0.0,5.0,0.0,20,13,4,1,18,0,1,1
175146,1399,0.0,0.0,1.0,3,1,1,1,2,0,1,0
175192,4942,0.0,3.0,0.0,3,1,1,1,2,0,1,0
17598,1182,0.0,0.0,0.0,3,1,1,2,1,0,1,1
176278,855,0.0,3.0,1.0,2,1,1,1,1,0,1,0
176319,4048,0.0,3.0,0.0,3,1,1,1,2,0,1,0
176907,1487,0.0,5.0,1.0,5,2,1,2,4,0,1,0
17709,1142,0.0,3.0,0.0,5,1,1,1,3,0,1,1
177414,1102,0.0,4.0,0.0,1,1,1,1,0,0,1,0
177860,2821,0.0,3.0,0.0,3,2,1,1,2,0,1,0
178054,4368,0.0,0.0,0.0,8,2,2,2,7,0,1,0
178299,4864,0.0,4.0,0.0,15,10,3,7,13,0,2,0
178654,1117,0.0,3.0,1.0,2,1,1,1,1,0,1,0
178713,437,0.0,4.0,0.0,20,12,1,3,19,0,1,0
179013,4760,0.0,6.0,0.0,16,10,4,4,6,0,2,8
17916,3635,0.0,3.0,1.0,8,3,1,2,7,0,1,0
179380,633,0.0,0.0,0.0,3,1,1,1,2,0,1,0
17942,2565,0.0,6.0,0.0,3,1,1,1,1,0,2,0
179631,3085,0.0,4.0,0.0,93,39,12,1,85,0,8,0
179859,4793,0.0,4.0,0.0,5,1,1,1,4,0,1,0
179882,4791,0.0,0.0,0.0,30,5,1,6,27,0,1,2
18016,861,0.0,4.0,1.0,22,6,1,3,18,0,4,0
181244,1102,0.0,4.0,0.0,23,8,1,3,20,0,1,2
182546,2138,0.0,4.0,0.0,12,5,2,4,9,0,3,0
182938,4322,0.0,0.0,1.0,5,2,1,1,4,0,1,0
183006,1216,0.0,5.0,0.0,2,1,1,1,1,0,1,0
183411,4504,0.0,3.0,0.0,8,3,1,2,7,0,1,0
184057,467,0.0,4.0,1.0,3,1,1,1,2,0,1,0
184569,4750,0.0,6.0,0.0,5,1,1,3,3,0,1,1
184856,1605,0.0,5.0,0.0,43,9,3,4,36,0,7,0
185703,1760,0.0,7.0,0.0,6,5,1,2,5,0,1,0
186167,1833,1.0,4.0,1.0,12,2,1,2,8,0,2,2
186274,598,0.0,3.0,1.0,12,3,2,4,8,0,1,3
187598,1629,0.0,3.0,0.0,6,1,1,1,5,0,1,0
187907,4079,0.0,6.0,0.0,2,1,1,1,0,0,2,0
187979,2639,0.0,5.0,0.0,41,28,8,2,38,0,3,0
188252,3126,0.0,5.0,1.0,5,1,1,1,4,0,1,0
188453,3828,0.0,5.0,0.0,7,6,3,2,6,0,1,0
188593,3727,0.0,0.0,0.0,4,1,1,2,2,0,1,1
188648,4783,0.0,4.0,1.0,10,4,4,2,8,0,2,0
188826,212,0.0,5.0,1.0,4,1,1,2,3,0,1,0
18887,4267,0.0,4.0,1.0,7,3,3,2,6,0,1,0
189183,1346,0.0,2.0,0.0,8,5,1,2,4,0,1,3
1892,2173,1.0,4.0,0.0,33,16,1,1,31,0,2,0
189423,1200,0.0,0.0,0.0,3,1,1,1,2,0,1,0
189440,1840,0.0,0.0,0.0,2,1,1,1,1,0,1,0
189443,1102,1.0,5.0,0.0,2,2,2,2,1,0,1,0
189789,682,0.0,2.0,0.0,15,8,3,3,8,0,3,4
190043,4658,0.0,4.0,1.0,11,1,1,2,8,0,3,0
190052,1487,0.0,6.0,0.0,4,2,1,1,3,0,1,0
190088,598,0.0,2.0,0.0,3,1,1,1,2,0,1,0
190226,3284,0.0,2.0,1.0,2,1,1,2,0,0,1,1
19054,2582,0.0,3.0,0.0,2,1,1,1,1,0,1,0
190914,3143,0.0,0.0,0.0,2,1,1,1,1,0,1,0
190981,2608,0.0,2.0,0.0,6,1,1,1,4,0,1,1
191406,935,0.0,4.0,0.0,3,2,1,1,2,0,1,0
191735,2047,0.0,3.0,0.0,14,10,6,1,12,0,2,0
191887,1900,0.0,4.0,2.0,13,1,1,1,10,0,3,0
191930,3484,0.0,3.0,0.0,9,2,1,4,8,0,1,0
191945,608,0.0,0.0,2.0,2,1,1,2,0,0,1,1
19198,3016,1.0,2.0,1.0,9,4,3,1,8,0,1,0
192057,1346,0.0,3.0,0.0,2,1,1,1,1,0,1,0
19223,2108,0.0,5.0,0.0,4,1,1,1,0,2,2,0
192319,1916,0.0,0.0,0.0,1,1,1,1,0,0,1,0
192564,4756,0.0,3.0,0.0,14,6,4,5,12,0,2,0
193197,395,0.0,6.0,0.0,2,1,1,1,1,0,1,0
193426,361,0.0,4.0,0.0,5,1,1,1,2,0,2,1
193559,2552,0.0,3.0,1.0,5,1,1,3,4,0,1,0
194482,1346,0.0,0.0,1.0,4,2,1,3,2,0,1,1
194576,361,0.0,5.0,0.0,7,3,2,2,5,0,1,1
194611,4662,0.0,0.0,0.0,13,4,3,2,11,0,2,0
194640,3323,1.0,3.0,0.0,5,1,1,2,4,0,1,0
196813,3685,0.0,2.0,0.0,11,3,1,1,10,0,1,0
197413,3236,0.0,7.0,1.0,23,5,1,1,22,0,1,0
197582,2031,0.0,5.0,0.0,5,1,1,1,3,0,1,1
197884,2284,0.0,2.0,1.0,7,2,1,2,6,0,1,0
197994,3472,0.0,5.0,1.0,2,1,1,1,1,0,1,0
198584,1738,0.0,7.0,0.0,16,6,2,3,13,0,1,2
198717,302,0.0,0.0,0.0,10,1,1,3,9,0,1,0
19913,1013,0.0,6.0,0.0,4,3,2,1,1,0,3,0
199796,3898,0.0,3.0,1.0,20,6,3,1,18,0,2,0
200793,2928,0.0,5.0,0.0,25,11,4,2,24,0,1,0
200950,842,1.0,3.0,0.0,11,5,3,1,9,0,2,0
201345,4083,0.0,6.0,1.0,7,1,1,1,6,0,1,0
201588,1501,0.0,3.0,0.0,22,9,2,3,21,0,1,0
20162,946,0.0,5.0,0.0,3,2,2,1,2,0,1,0
202295,436,0.0,4.0,0.0,8,2,1,2,7,0,1,0
202350,3734,0.0,3.0,0.0,14,11,2,1,13,0,1,0
202483,3839,0.0,3.0,0.0,21,4,1,1,20,0,1,0
202561,1922,0.0,0.0,0.0,2,1,1,1,1,0,1,0
202761,1093,0.0,4.0,1.0,7,3,1,2,6,0,1,0
202862,4044,0.0,5.0,0.0,163,110,15,1,162,0,1,0
202957,4234,0.0,0.0,0.0,4,2,2,1,3,0,1,0
203227,361,0.0,6.0,0.0,25,11,5,4,20,0,3,2
204459,4536,0.0,5.0,1.0,1,1,1,1,0,0,1,0
204637,1760,0.0,3.0,1.0,13,5,1,2,10,0,3,0
205026,608,0.0,4.0,0.0,7,3,3,1,4,0,3,0
205162,4394,0.0,4.0,0.0,2,1,1,1,0,0,2,0
20521,4534,0.0,0.0,1.0,2,1,1,1,1,0,1,0
20702,434,0.0,5.0,0.0,1,1,1,1,0,0,1,0
207108,1742,0.0,5.0,0.0,2,1,1,1,1,0,1,0
207413,574,1.0,0.0,0.0,12,3,1,2,11,0,1,0
208578,4198,0.0,4.0,0.0,12,2,1,3,11,0,1,0
208609,1272,0.0,0.0,0.0,21,11,4,1,20,0,1,0
208665,3519,0.0,2.0,0.0,12,2,1,1,10,0,1,1
208761,2138,0.0,7.0,0.0,19,8,6,4,18,0,1,0
209478,2637,0.0,3.0,1.0,3,1,1,1,2,0,1,0
209710,3876,0.0,4.0,1.0,6,1,1,2,5,0,1,0
209804,3445,0.0,4.0,0.0,14,9,2,1,13,0,1,0
210770,3227,0.0,2.0,1.0,6,1,1,1,5,0,1,0
211167,4891,0.0,4.0,1.0,32,13,3,5,28,0,1,3
211602,1077,0.0,0.0,1.0,5,2,2,1,4,0,1,0
211757,557,0.0,0.0,0.0,6,4,4,2,5,0,1,0
212107,4316,0.0,6.0,0.0,3,1,1,1,2,0,1,0
212201,773,0.0,5.0,2.0,2,1,1,2,0,0,1,1
212601,1487,0.0,3.0,0.0,5,1,1,1,4,0,1,0
212740,2288,0.0,2.0,1.0,1,1,1,1,0,0,1,0
213102,3263,1.0,3.0,0.0,33,15,5,2,29,0,3,1
213497,3523,0.0,0.0,0.0,4,1,1,2,2,0,2,0
213775,2954,0.0,4.0,0.0,5,3,1,1,4,0,1,0
214854,663,0.0,6.0,0.0,27,8,3,3,26,0,1,0
215579,902,0.0,0.0,0.0,4,1,1,1,3,0,1,0
215816,2545,0.0,2.0,1.0,5,2,1,3,4,0,1,0
216018,4173,0.0,0.0,0.0,19,12,8,3,16,0,1,2
216073,3022,0.0,0.0,1.0,1,1,1,1,0,0,1,0
216123,474,0.0,4.0,0.0,2,1,1,1,1,0,1,0
216277,133,0.0,5.0,0.0,22,12,1,1,21,0,1,0
216818,605,0.0,4.0,0.0,10,2,1,1,9,0,1,0
21695,4794,0.0,3.0,1.0,13,4,2,2,12,0,1,0
218150,3940,0.0,0.0,0.0,4,3,1,1,3,0,1,0
218218,4756,0.0,0.0,0.0,10,4,2,3,8,0,2,0
218357,4554,0.0,3.0,1.0,6,3,1,1,5,0,1,0
218667,4765,0.0,2.0,0.0,6,2,1,2,5,0,1,0
218720,3822,0.0,0.0,0.0,21,5,2,4,19,0,1,1
21907,773,1.0,3.0,0.0,9,3,2,1,8,0,1,0
219426,2836,0.0,6.0,0.0,4,1,1,1,3,0,1,0
219436,4044,0.0,2.0,0.0,42,31,10,5,41,0,1,0
219533,4642,0.0,6.0,0.0,22,10,4,1,18,0,4,0
22063,4048,0.0,3.0,0.0,3,1,1,1,2,0,1,0
220705,1102,1.0,4.0,0.0,25,19,5,8,24,0,1,0
220780,1692,0.0,0.0,0.0,2,1,1,2,1,0,1,0
221156,826,0.0,4.0,0.0,12,2,2,1,11,0,1,0
221418,4173,0.0,4.0,0.0,21,14,4,2,19,0,1,1
221592,2283,0.0,3.0,0.0,5,2,1,2,4,0,1,0
222673,2066,0.0,0.0,0.0,4,1,1,1,3,0,1,0
222750,132,0.0,3.0,1.0,4,1,1,1,3,0,1,0
22295,1850,0.0,3.0,1.0,9,6,3,1,7,0,2,0
223009,4560,0.0,5.0,1.0,3,1,1,2,2,0,1,0
223558,1978,0.0,2.0,1.0,3,1,1,1,2,0,1,0
223866,1704,0.0,3.0,0.0,16,6,3,4,15,0,1,0
224018,1489,0.0,5.0,2.0,3,1,1,1,2,0,1,0
224074,437,0.0,3.0,1.0,12,6,2,3,7,0,1,4
224292,4818,0.0,3.0,1.0,7,4,1,1,6,0,1,0
224309,1536,0.0,2.0,0.0,1,1,1,1,0,0,1,0
224428,1784,0.0,0.0,0.0,11,6,3,2,9,0,2,0
224661,963,0.0,0.0,0.0,1,1,1,1,0,0,1,0
224807,2180,1.0,3.0,0.0,2,1,1,2,0,0,1,1
224898,2691,0.0,5.0,1.0,1,1,1,1,0,0,1,0
225073,4966,0.0,4.0,1.0,2,2,2,2,0,0,1,1
225181,2312,0.0,0.0,0.0,1,1,1,1,0,0,1,0
225595,3734,0.0,3.0,1.0,41,22,6,9,39,0,1,1
225667,1200,0.0,2.0,1.0,22,4,3,2,17,1,4,0
225850,121,0.0,5.0,0.0,2,1,1,1,1,0,1,0
226131,2217,0.0,3.0,1.0,4,3,1,1,3,0,1,0
226632,1833,1.0,0.0,0.0,6,3,1,1,5,0,1,0
226778,2180,0.0,0.0,1.0,29,12,5,3,28,0,1,0
226798,4864,0.0,4.0,0.0,22,8,1,1,20,0,2,0
226954,242,0.0,2.0,null,2,1,1,2,1,0,1,0
227395,3851,0.0,3.0,0.0,3,1,1,2,2,0,1,0
227690,2482,0.0,0.0,1.0,7,2,2,1,5,0,2,0
227730,1346,1.0,0.0,0.0,28,10,1,4,25,0,1,2
227760,1673,0.0,3.0,1.0,4,2,1,2,3,0,1,0
22778,4496,0.0,5.0,0.0,35,5,3,4,30,0,2,3
228061,2241,0.0,2.0,0.0,10,1,1,2,8,1,1,0
228679,653,0.0,5.0,0.0,4,2,2,1,2,0,1,1
228881,1939,0.0,3.0,0.0,10,2,1,3,9,0,1,0
229003,3236,0.0,0.0,0.0,6,2,1,2,5,0,1,0
229407,2669,0.0,3.0,0.0,5,2,1,1,4,0,1,0
230287,1892,0.0,5.0,0.0,17,9,3,4,14,0,1,2
230328,3022,0.0,3.0,0.0,18,12,7,1,17,0,1,0
230874,1090,0.0,5.0,0.0,2,1,1,1,1,0,1,0
231001,2066,0.0,0.0,0.0,8,3,1,1,7,0,1,0
231091,1393,0.0,4.0,0.0,66,44,15,4,61,0,3,2
231158,1816,0.0,0.0,1.0,8,3,2,1,7,0,1,0
23119,2913,0.0,0.0,1.0,4,2,1,1,3,0,1,0
232122,2031,0.0,4.0,1.0,1,1,1,1,0,0,1,0
232159,4650,0.0,0.0,0.0,3,1,1,2,2,0,1,0
232240,4137,0.0,4.0,0.0,10,3,1,3,9,0,1,0
232292,962,0.0,5.0,0.0,5,2,2,1,3,0,2,0
232629,962,0.0,2.0,1.0,4,1,1,1,3,0,1,0
232780,26,0.0,3.0,1.0,8,6,4,1,7,0,1,0
232884,1892,0.0,4.0,0.0,1,1,1,1,0,0,1,0
232925,2435,0.0,4.0,0.0,6,2,2,2,5,0,1,0
232952,2154,0.0,0.0,0.0,5,4,3,1,4,0,1,0
233148,1084,0.0,3.0,0.0,4,1,1,1,3,0,1,0
233730,4992,0.0,3.0,0.0,4,2,1,1,2,0,1,1
234130,1031,0.0,4.0,0.0,4,3,1,2,3,0,1,0
234408,112,0.0,4.0,1.0,4,1,1,1,3,0,1,0
234980,104,0.0,4.0,1.0,4,1,1,1,3,0,1,0
235138,897,0.0,3.0,1.0,13,6,5,2,9,0,4,0
235196,66,1.0,3.0,1.0,7,3,1,1,6,0,1,0
235197,1892,0.0,4.0,0.0,11,4,2,1,10,0,1,0
235561,3619,1.0,3.0,2.0,2,1,1,1,1,0,1,0
235916,4170,0.0,4.0,2.0,6,4,1,1,5,0,1,0
23618,3103,0.0,5.0,1.0,3,1,1,1,2,0,1,0
23633,1890,0.0,4.0,1.0,2,1,1,2,0,0,1,1
2366,4976,1.0,3.0,0.0,75,29,5,10,68,0,1,6
237193,13,0.0,0.0,0.0,2,1,1,1,1,0,1,0
237305,4687,0.0,3.0,0.0,2,1,1,1,1,0,1,0
23846,2020,0.0,5.0,0.0,11,4,1,3,10,0,1,0
238887,4966,1.0,0.0,0.0,6,3,1,1,5,0,1,0
23889,1918,0.0,3.0,0.0,8,2,1,2,7,0,1,0
238975,1878,0.0,2.0,0.0,4,2,1,2,3,0,1,0
23935,2318,0.0,6.0,0.0,12,6,3,2,10,0,2,0
239439,3098,0.0,0.0,0.0,16,6,2,2,15,0,1,0
239486,2730,0.0,7.0,0.0,4,1,1,1,3,0,1,0
240317,3363,0.0,4.0,1.0,2,1,1,1,1,0,1,0
240456,2482,0.0,0.0,0.0,8,3,3,2,6,0,1,1
24056,4793,0.0,0.0,0.0,2,1,1,1,1,0,1,0
24059,742,0.0,0.0,0.0,1,1,1,1,0,0,1,0
240716,3609,0.0,4.0,2.0,4,2,1,1,3,0,1,0
240745,2664,0.0,3.0,0.0,17,8,2,2,15,0,2,0
241965,2482,0.0,2.0,0.0,6,3,2,2,5,0,1,0
242272,4044,0.0,3.0,0.0,30,22,6,2,29,0,1,0
242645,4504,0.0,2.0,0.0,17,10,1,2,16,0,1,0
242778,168,0.0,4.0,0.0,4,3,1,1,3,0,1,0
242935,1472,0.0,0.0,0.0,6,2,1,2,5,0,1,0
243320,598,0.0,2.0,1.0,7,3,1,1,6,0,1,0
243665,460,0.0,6.0,0.0,4,1,1,1,3,0,1,0
244584,3780,1.0,0.0,0.0,4,2,1,1,1,0,3,0
24536,2821,0.0,2.0,0.0,12,2,1,3,11,0,1,0
245414,2403,0.0,3.0,0.0,2,2,1,1,0,0,2,0
24550,1472,0.0,0.0,1.0,2,1,1,1,1,0,1,0
245947,3126,0.0,0.0,0.0,4,1,1,1,2,0,2,0
246265,798,1.0,2.0,0.0,9,4,2,3,7,0,1,1
246353,1204,0.0,5.0,0.0,7,4,2,1,6,0,1,0
246358,2208,0.0,0.0,0.0,2,1,1,1,1,0,1,0
24680,296,0.0,4.0,0.0,12,7,3,3,10,0,1,1
246960,3170,0.0,4.0,1.0,4,3,1,2,2,0,1,1
247065,1964,0.0,2.0,0.0,2,1,1,1,1,0,1,0
247491,1102,0.0,4.0,2.0,28,22,9,4,26,0,2,0
247535,3271,0.0,4.0,0.0,3,1,1,3,1,0,1,1
247571,798,0.0,4.0,0.0,1,1,1,1,0,0,1,0
247678,868,0.0,4.0,0.0,3,2,2,1,2,0,1,0
247922,806,1.0,4.0,1.0,20,8,3,1,19,0,1,0
24841,1861,0.0,5.0,1.0,1,1,1,1,0,0,1,0
24858,1296,0.0,0.0,1.0,1,1,1,1,0,0,1,0
248853,4871,0.0,2.0,1.0,1,1,1,1,0,0,1,0
24908,3828,0.0,6.0,0.0,28,16,7,1,25,0,3,0
249876,3068,0.0,2.0,1.0,4,2,2,2,3,0,1,0
250239,3159,0.0,0.0,0.0,16,6,4,3,13,0,3,0
250324,1495,0.0,6.0,0.0,7,4,2,2,6,0,1,0
250420,1884,1.0,3.0,0.0,7,4,1,1,6,0,1,0
250451,310,0.0,7.0,0.0,3,2,2,1,2,0,1,0
250683,4826,0.0,3.0,1.0,7,2,1,1,6,0,1,0
251207,1892,0.0,5.0,0.0,3,2,1,1,0,0,3,0
251488,4536,0.0,3.0,0.0,5,1,1,1,3,0,2,0
251828,168,0.0,0.0,1.0,21,14,5,1,20,0,1,0
252127,4705,0.0,5.0,0.0,6,1,1,3,5,0,1,0
252209,1890,0.0,3.0,0.0,1,1,1,1,0,0,1,0
252307,2545,0.0,0.0,1.0,58,24,8,6,54,0,1,3
252451,4659,0.0,3.0,0.0,14,12,6,2,11,0,3,0
253396,4735,0.0,4.0,0.0,5,2,1,1,4,0,1,0
253935,2721,0.0,5.0,0.0,9,3,1,1,8,0,1,0
254012,4044,0.0,4.0,1.0,15,6,2,1,14,0,1,0
254169,4394,0.0,5.0,0.0,29,10,2,4,23,0,3,3
254231,951,0.0,4.0,0.0,11,5,1,2,8,0,3,0
254253,416,0.0,6.0,0.0,41,10,2,3,39,0,2,0
254320,117,0.0,3.0,0.0,2,1,1,1,1,0,1,0
254487,3734,0.0,5.0,0.0,5,1,1,1,4,0,1,0
254614,1162,0.0,4.0,0.0,10,4,2,3,9,0,1,0
254688,4143,0.0,5.0,1.0,6,5,3,3,3,0,2,1
254723,3205,0.0,5.0,0.0,1,1,1,1,0,0,1,0
255594,10,0.0,6.0,0.0,10,6,4,1,9,0,1,0
255841,415,0.0,3.0,0.0,1,1,1,1,0,0,1,0
256299,4760,0.0,3.0,1.0,32,14,6,1,28,0,4,0
25727,3304,0.0,4.0,0.0,4,1,1,2,2,0,1,1
257307,1703,0.0,5.0,1.0,2,1,1,1,1,0,1,0
257479,323,0.0,4.0,0.0,16,5,1,7,13,0,1,2
257496,3152,0.0,3.0,0.0,4,1,1,3,3,0,1,0
257870,3955,0.0,3.0,1.0,8,4,2,2,6,0,2,0
25860,4760,0.0,3.0,0.0,22,14,3,2,21,0,1,0
25915,3958,0.0,4.0,0.0,12,8,3,1,10,0,2,0
259302,532,0.0,6.0,0.0,3,1,1,1,2,0,1,0
259719,687,0.0,3.0,1.0,3,1,1,1,2,0,1,0
259844,639,0.0,3.0,0.0,2,1,1,2,1,0,1,0
259986,2173,0.0,7.0,1.0,5,1,1,2,4,0,1,0
260290,3350,0.0,3.0,0.0,11,2,1,2,10,0,1,0
260361,3828,1.0,4.0,0.0,12,2,2,3,11,0,1,0
260441,1022,0.0,4.0,0.0,2,1,1,1,0,0,2,0
260745,4775,0.0,0.0,0.0,7,5,1,2,6,0,1,0
261019,643,0.0,4.0,0.0,4,4,3,2,3,0,1,0
261068,4261,0.0,4.0,0.0,5,3,1,1,3,0,2,0
26116,1102,0.0,0.0,0.0,15,8,3,2,13,0,1,1
261411,4731,0.0,4.0,1.0,2,1,1,1,1,0,1,0
261528,4090,0.0,0.0,0.0,11,3,1,1,10,0,1,0
262280,1056,0.0,4.0,0.0,6,5,5,1,5,0,1,0
262551,1939,1.0,3.0,0.0,9,5,1,1,8,0,1,0
262635,3784,0.0,0.0,0.0,3,2,1,1,2,0,1,0
262688,503,0.0,0.0,0.0,2,1,1,1,1,0,1,0
26276,1026,0.0,3.0,0.0,82,7,4,3,80,0,2,0
262877,552,0.0,3.0,0.0,7,3,2,1,6,0,1,0
262957,718,0.0,0.0,1.0,7,3,1,1,6,0,1,0
262980,4585,0.0,0.0,0.0,3,1,1,1,2,0,1,0
263133,1833,0.0,5.0,1.0,31,9,1,2,30,0,1,0
263518,522,0.0,4.0,1.0,5,2,2,2,4,0,1,0
264170,4601,0.0,6.0,0.0,3,1,1,1,2,0,1,0
264293,3734,0.0,2.0,1.0,3,1,1,2,2,0,1,0
264753,962,0.0,4.0,0.0,22,9,5,4,21,0,1,0
264789,4079,1.0,2.0,0.0,2,1,1,1,0,0,2,0
264978,4090,0.0,5.0,0.0,14,2,1,2,13,0,1,0
26506,1520,0.0,5.0,0.0,2,1,1,1,1,0,1,0
265577,219,0.0,2.0,0.0,10,1,1,3,9,0,1,0
265695,257,0.0,5.0,0.0,5,2,1,3,4,0,1,0
265796,2173,0.0,6.0,0.0,15,7,1,3,12,0,2,1
266462,1489,0.0,2.0,1.0,2,1,1,1,1,0,1,0
266566,4043,0.0,0.0,1.0,3,1,1,1,2,0,1,0
266622,798,0.0,7.0,0.0,9,4,4,2,7,0,2,0
267190,4196,0.0,2.0,0.0,10,5,2,1,6,0,3,1
267282,1384,0.0,3.0,0.0,5,2,1,2,4,0,1,0
267300,1618,0.0,2.0,1.0,4,1,1,1,3,0,1,0
267516,1514,0.0,4.0,0.0,4,1,1,2,3,0,1,0
267713,1487,0.0,7.0,0.0,17,8,1,3,14,2,1,0
267806,4818,0.0,0.0,1.0,2,1,1,1,1,0,1,0
267993,4789,0.0,3.0,1.0,2,1,1,1,1,0,1,0
268010,1066,0.0,0.0,0.0,2,1,1,1,1,0,1,0
268124,2824,0.0,0.0,0.0,13,1,1,2,10,0,2,1
268177,742,0.0,3.0,1.0,2,1,1,2,1,0,1,0
268333,3941,0.0,0.0,0.0,2,1,1,1,1,0,1,0
268595,4256,0.0,3.0,0.0,11,1,1,4,10,0,1,0
268608,4048,0.0,3.0,2.0,1,1,1,1,0,0,1,0
268648,606,0.0,2.0,0.0,8,1,1,2,7,0,1,0
269573,4221,0.0,4.0,0.0,3,3,1,2,0,0,2,1
269695,3828,0.0,2.0,0.0,3,2,1,1,1,0,2,0
269855,2790,0.0,6.0,1.0,7,3,1,2,6,0,1,0
270040,2173,0.0,4.0,0.0,4,1,1,1,3,0,1,0
270104,1890,0.0,4.0,0.0,11,1,1,2,9,0,1,1
270561,4173,0.0,3.0,0.0,12,5,4,5,11,0,1,0
270654,2278,0.0,3.0,0.0,2,1,1,1,1,0,1,0
270672,4173,0.0,4.0,0.0,71,11,4,1,66,0,5,0
270894,4818,0.0,0.0,0.0,9,6,3,1,8,0,1,0
271267,3345,0.0,2.0,0.0,10,3,2,3,8,0,1,1
271502,2579,0.0,5.0,0.0,15,5,1,1,14,0,1,0
271650,3965,0.0,4.0,0.0,4,3,2,1,1,0,3,0
271676,3545,0.0,0.0,1.0,11,3,1,2,9,1,1,0
271753,718,0.0,6.0,2.0,9,4,2,1,7,0,2,0
271848,3687,0.0,3.0,0.0,15,5,2,5,14,0,1,0
271946,4173,0.0,2.0,0.0,59,14,4,6,55,0,1,3
272027,4282,0.0,0.0,1.0,58,16,3,2,56,0,1,1
272135,777,0.0,3.0,0.0,10,9,5,4,8,0,1,1
272894,1067,0.0,5.0,0.0,15,5,2,4,13,0,2,0
272938,4705,0.0,6.0,0.0,1,1,1,1,0,0,1,0
27328,361,0.0,0.0,1.0,2,1,1,1,1,0,1,0
273658,3022,0.0,0.0,1.0,4,1,1,1,2,0,1,1
273684,416,0.0,6.0,0.0,75,40,6,7,74,0,1,0
273751,3345,0.0,3.0,0.0,10,5,2,1,8,0,2,0
273869,2489,0.0,0.0,0.0,1,1,1,1,0,0,1,0
273916,4090,0.0,0.0,0.0,7,2,1,1,5,0,1,1
273952,3392,0.0,0.0,1.0,7,4,1,2,6,0,1,0
274175,3828,1.0,3.0,0.0,30,15,6,7,27,0,1,2
274188,1916,0.0,0.0,0.0,2,1,1,1,1,0,1,0
274266,3323,1.0,4.0,1.0,2,1,1,1,1,0,1,0
274330,1067,1.0,3.0,0.0,5,2,1,1,4,0,1,0
276071,4947,0.0,6.0,0.0,10,2,1,2,9,0,1,0
276508,4760,0.0,0.0,1.0,4,1,1,1,3,0,1,0
276672,4558,0.0,2.0,1.0,2,1,1,1,1,0,1,0
276881,1803,0.0,3.0,0.0,2,1,1,2,1,0,1,0
27720,4056,0.0,4.0,0.0,2,1,1,1,1,0,1,0
277286,1103,0.0,4.0,1.0,4,1,1,2,3,0,1,0
277303,67,0.0,2.0,null,9,4,2,3,8,0,1,0
277762,4198,0.0,0.0,1.0,2,1,1,1,1,0,1,0
277911,2031,0.0,3.0,1.0,21,3,1,3,18,0,1,2
278201,3578,0.0,2.0,0.0,21,15,3,3,20,0,1,0
278867,4079,0.0,5.0,0.0,3,1,1,1,2,0,1,0
279173,2187,0.0,3.0,0.0,13,6,1,2,12,0,1,0
279361,927,0.0,4.0,1.0,15,5,1,1,14,0,1,0
279865,2193,1.0,6.0,1.0,6,5,2,2,2,0,4,0
281101,3765,0.0,4.0,0.0,11,3,2,2,10,0,1,0
281294,4198,0.0,3.0,1.0,7,1,1,1,6,0,1,0
282371,2099,0.0,2.0,0.0,1,1,1,1,0,0,1,0
283627,2746,0.0,3.0,1.0,1,1,1,1,0,0,1,0
283700,4356,1.0,2.0,1.0,2,1,1,1,1,0,1,0
283722,4589,0.0,0.0,0.0,2,1,1,1,1,0,1,0
284181,3161,0.0,3.0,0.0,5,2,1,3,4,0,1,0
284183,4052,1.0,3.0,0.0,2,1,1,1,1,0,1,0
284301,191,0.0,3.0,0.0,67,30,11,9,59,0,1,7
284410,1884,0.0,4.0,0.0,6,3,2,1,5,0,1,0
284478,1393,0.0,4.0,0.0,21,11,8,1,19,0,2,0
284566,2537,0.0,0.0,0.0,10,7,6,1,4,0,2,4
284947,1102,1.0,0.0,0.0,35,19,8,5,33,0,2,0
285182,3637,0.0,3.0,0.0,12,7,1,1,11,0,1,0
286035,4747,0.0,3.0,0.0,1,1,1,1,0,0,1,0
286301,1760,0.0,4.0,1.0,4,2,1,1,2,0,2,0
286388,3839,0.0,3.0,0.0,1,1,1,1,0,0,1,0
286879,4787,0.0,0.0,0.0,8,3,1,1,7,0,1,0
286966,4829,0.0,3.0,0.0,3,1,1,2,2,0,1,0
287588,121,0.0,3.0,0.0,8,6,2,2,7,0,1,0
287888,1900,0.0,2.0,1.0,1,1,1,1,0,0,1,0
287921,4325,0.0,4.0,1.0,6,4,2,1,5,0,1,0
288394,4985,0.0,5.0,0.0,9,5,2,2,7,0,1,1
288940,2700,0.0,6.0,1.0,27,4,1,4,26,0,1,0
2890,4742,0.0,3.0,0.0,3,2,1,3,1,0,1,1
289945,1115,0.0,0.0,1.0,5,1,1,2,4,0,1,0
290044,2007,0.0,3.0,1.0,1,1,1,1,0,0,1,0
290431,4129,0.0,3.0,0.0,10,8,3,2,9,0,1,0
29086,3958,0.0,0.0,0.0,14,3,3,1,12,0,2,0
290898,4308,0.0,3.0,0.0,3,2,1,2,0,0,1,2
2912,4976,0.0,0.0,0.0,13,5,1,2,9,0,2,2
29132,257,0.0,6.0,0.0,10,2,2,3,7,0,1,2
29140,1892,0.0,4.0,0.0,18,7,4,3,15,0,3,0
29145,4525,0.0,3.0,0.0,2,1,1,1,1,0,1,0
291596,1330,0.0,0.0,0.0,8,1,1,2,6,0,2,0
291770,4318,0.0,3.0,0.0,1,1,1,1,0,0,1,0
291807,3954,0.0,0.0,1.0,8,3,2,1,7,0,1,0
291976,4394,0.0,4.0,2.0,4,1,1,1,3,0,1,0
292496,2217,0.0,7.0,0.0,18,1,1,4,16,0,1,1
292642,2935,0.0,6.0,0.0,3,1,1,1,2,0,1,0
292893,594,0.0,0.0,0.0,2,1,1,1,1,0,1,0
293178,4768,0.0,2.0,0.0,10,4,1,4,9,0,1,0
293205,2928,0.0,3.0,0.0,20,12,5,1,18,1,1,0
293254,3408,0.0,5.0,0.0,6,2,1,2,4,0,1,1
293343,4659,0.0,3.0,0.0,5,1,1,4,3,0,1,1
293416,3828,0.0,2.0,0.0,3,1,1,1,2,0,1,0
294369,3971,0.0,0.0,1.0,2,1,1,1,1,0,1,0
294817,1399,0.0,6.0,1.0,6,3,1,3,5,0,1,0
295262,1722,0.0,0.0,null,2,1,1,2,1,0,1,0
295823,2808,0.0,0.0,0.0,7,2,1,2,5,1,1,0
297028,4527,0.0,5.0,1.0,7,4,1,1,6,0,1,0
298317,606,1.0,6.0,0.0,52,7,4,4,44,0,7,1
298442,3828,0.0,3.0,null,36,22,11,6,33,0,1,2
29848,415,0.0,2.0,0.0,2,1,1,1,1,0,1,0
298518,1016,0.0,3.0,1.0,9,1,1,3,8,0,1,0
299203,4506,0.0,2.0,0.0,7,2,1,1,6,0,1,0
299230,1067,0.0,3.0,null,5,1,1,1,4,0,1,0
299330,806,0.0,0.0,1.0,8,4,2,1,7,0,1,0
299357,2294,0.0,4.0,0.0,15,5,3,2,14,0,1,0
29950,1393,1.0,5.0,0.0,72,43,10,15,68,0,1,3
299773,2102,0.0,0.0,0.0,4,1,1,1,2,0,1,1
299823,2278,0.0,0.0,0.0,3,2,1,1,2,0,1,0
300114,3472,1.0,4.0,1.0,12,1,1,1,11,0,1,0
300976,4687,0.0,0.0,0.0,2,1,1,1,1,0,1,0
3011,4526,0.0,3.0,0.0,3,1,1,1,2,0,1,0
301393,993,0.0,0.0,0.0,8,1,1,2,6,0,1,1
301493,1393,0.0,5.0,0.0,12,5,5,2,11,0,1,0
301536,2709,0.0,0.0,0.0,4,2,1,1,3,0,1,0
301599,4009,0.0,6.0,1.0,11,5,1,3,10,0,1,0
301834,1719,0.0,3.0,0.0,5,1,1,1,4,0,1,0
303223,4850,0.0,0.0,0.0,6,3,3,2,5,0,1,0
303730,1049,0.0,3.0,0.0,2,1,1,1,1,0,1,0
304025,467,0.0,4.0,0.0,7,2,2,3,4,0,1,2
304084,3578,0.0,5.0,0.0,17,9,3,1,13,0,4,0
30415,2282,0.0,0.0,0.0,10,2,1,2,9,0,1,0
304508,4771,0.0,3.0,2.0,10,2,2,1,8,0,2,0
305126,426,0.0,3.0,1.0,3,1,1,1,2,0,1,0
305374,2505,0.0,4.0,1.0,7,5,1,1,6,0,1,0
30586,1659,0.0,5.0,0.0,3,1,1,1,2,0,1,0
305957,3396,0.0,0.0,1.0,5,1,1,1,4,0,1,0
306122,459,0.0,0.0,0.0,2,1,1,2,0,0,1,1
306686,3578,0.0,4.0,1.0,3,3,2,2,2,0,1,0
306863,2821,0.0,5.0,0.0,13,3,3,2,12,0,1,0
307069,2303,0.0,5.0,0.0,3,2,1,2,2,0,1,0
307991,3971,0.0,5.0,2.0,1,1,1,1,0,0,1,0
308789,2361,0.0,4.0,0.0,2,1,1,1,1,0,1,0
309439,1605,0.0,3.0,0.0,9,4,1,2,6,0,2,1
309620,946,0.0,4.0,0.0,27,8,1,4,26,0,1,0
309709,2124,0.0,3.0,0.0,3,1,1,1,2,0,1,0
309881,4050,0.0,3.0,1.0,3,1,1,1,2,0,1,0
310044,1467,0.0,4.0,1.0,4,1,1,2,2,0,2,0
31049,1978,0.0,3.0,1.0,2,1,1,1,1,0,1,0
310513,806,1.0,3.0,0.0,14,3,1,1,12,0,1,1
310645,4585,1.0,5.0,0.0,1,1,1,1,0,0,1,0
311199,4933,0.0,5.0,0.0,5,3,1,1,4,0,1,0
311487,2124,0.0,5.0,1.0,13,8,3,2,12,0,1,0
311888,1487,0.0,4.0,0.0,16,3,1,2,13,0,3,0
311917,3230,0.0,4.0,0.0,2,2,1,1,1,0,1,0
312031,3159,0.0,5.0,0.0,2,1,1,1,1,0,1,0
312716,4605,0.0,4.0,1.0,7,3,2,2,5,0,2,0
312741,4143,0.0,0.0,0.0,2,1,1,1,1,0,1,0
313092,946,0.0,3.0,1.0,18,10,3,7,17,0,1,0
313269,2291,0.0,3.0,0.0,6,1,1,1,4,0,2,0
313326,829,0.0,0.0,0.0,147,49,2,23,145,0,2,0
313393,2916,0.0,4.0,0.0,1,1,1,1,0,0,1,0
31383,2637,0.0,0.0,2.0,3,1,1,2,0,0,2,1
314387,1346,1.0,3.0,0.0,4,3,1,3,0,0,1,3
314410,1583,0.0,0.0,null,5,2,2,2,3,0,2,0
314504,685,1.0,5.0,0.0,3,1,1,2,2,0,1,0
314564,606,0.0,3.0,0.0,4,2,1,1,3,0,1,0
314580,598,0.0,2.0,0.0,3,1,1,1,2,0,1,0
314742,4876,0.0,0.0,0.0,2,1,1,1,1,0,1,0
31490,2173,0.0,3.0,0.0,3,2,2,2,0,0,2,1
315023,742,0.0,3.0,0.0,1,1,1,1,0,0,1,0
315193,2795,0.0,5.0,0.0,3,1,1,1,2,0,1,0
315227,4039,0.0,2.0,1.0,1,1,1,1,0,0,1,0
315656,4438,0.0,4.0,0.0,5,1,1,2,4,0,1,0
315720,4933,1.0,5.0,0.0,4,1,1,1,3,0,1,0
315744,2232,0.0,3.0,0.0,5,1,1,2,3,0,1,1
316519,4942,0.0,4.0,0.0,3,1,1,1,2,0,1,0
31710,1116,0.0,3.0,0.0,1,1,1,1,0,0,1,0
317266,4044,1.0,2.0,0.0,25,11,5,5,15,0,1,9
317614,1500,0.0,0.0,0.0,2,1,1,1,1,0,1,0
317769,2537,0.0,4.0,0.0,1,1,1,1,0,0,1,0
318073,1923,0.0,4.0,0.0,7,4,2,1,6,0,1,0
318349,4873,0.0,4.0,1.0,1,1,1,1,0,0,1,0
319239,133,0.0,0.0,0.0,11,1,1,3,8,0,1,2
319586,4601,0.0,0.0,0.0,3,1,1,1,2,0,1,0
319886,2224,0.0,5.0,0.0,7,4,1,2,6,0,1,0
32065,1272,0.0,6.0,0.0,3,1,1,1,2,0,1,0
320782,4042,0.0,4.0,0.0,1,1,1,1,0,0,1,0
320845,1659,0.0,6.0,1.0,5,2,1,1,3,0,1,1
320887,4427,1.0,0.0,0.0,13,2,1,1,12,0,1,0
320909,2255,0.0,5.0,1.0,2,1,1,1,1,0,1,0
320975,3602,0.0,0.0,0.0,6,3,1,2,5,0,1,0
321462,4048,0.0,0.0,0.0,6,3,1,1,4,0,2,0
321568,2204,0.0,3.0,0.0,5,1,1,1,4,0,1,0
32189,4605,0.0,3.0,0.0,50,24,11,6,46,0,3,1
322014,1918,0.0,3.0,0.0,4,2,1,2,2,0,1,1
32208,2,1.0,8.0,1.0,25,4,2,3,16,0,9,0
322133,4270,0.0,4.0,1.0,4,2,2,1,2,0,2,0
323088,4677,0.0,4.0,0.0,2,1,1,1,0,0,2,0
323396,1556,0.0,5.0,0.0,6,1,1,1,5,0,1,0
323551,588,0.0,6.0,1.0,1,1,1,1,0,0,1,0
323743,606,0.0,4.0,0.0,8,1,1,3,6,0,1,1
324070,4079,0.0,4.0,0.0,2,1,1,1,1,0,1,0
324202,3173,0.0,3.0,1.0,5,1,1,1,4,0,1,0
324686,608,0.0,0.0,0.0,5,1,1,2,4,0,1,0
325231,1861,0.0,2.0,null,7,1,1,2,4,0,3,0
325411,467,0.0,3.0,0.0,12,5,4,4,11,0,1,0
32555,3105,0.0,6.0,0.0,5,2,1,1,4,0,1,0
326669,606,0.0,5.0,1.0,4,1,1,1,2,1,1,0
327454,845,0.0,3.0,2.0,7,3,1,2,6,0,1,0
328323,905,0.0,5.0,1.0,7,1,1,1,6,0,1,0
328458,4368,0.0,6.0,1.0,3,2,2,1,1,0,2,0
328500,652,0.0,4.0,0.0,1,1,1,1,0,0,1,0
328536,698,0.0,4.0,0.0,3,1,1,2,2,0,1,0
328791,215,0.0,0.0,0.0,1,1,1,1,0,0,1,0
329000,1780,0.0,2.0,0.0,9,1,1,2,7,1,1,0
330347,1310,0.0,3.0,0.0,3,2,2,1,2,0,1,0
330937,1621,0.0,3.0,0.0,4,3,2,1,3,0,1,0
331097,3159,0.0,6.0,0.0,6,2,1,1,5,0,1,0
331254,3607,0.0,3.0,0.0,1,1,1,1,0,0,1,0
331335,2066,0.0,0.0,0.0,7,3,1,3,6,0,1,0
331454,2565,0.0,0.0,null,12,5,1,1,11,0,1,0
331913,4261,0.0,5.0,1.0,2,1,1,1,1,0,1,0
331974,2537,0.0,2.0,0.0,13,6,3,2,11,0,1,1
332650,3350,0.0,2.0,0.0,5,3,1,1,4,0,1,0
333036,4659,1.0,3.0,0.0,21,10,6,1,19,0,2,0
333210,685,0.0,0.0,0.0,25,6,1,7,24,0,1,0
333225,4339,0.0,3.0,1.0,3,2,1,1,1,0,2,0
333511,685,0.0,4.0,0.0,9,2,2,1,7,0,2,0
333863,4760,0.0,0.0,1.0,3,1,1,1,2,0,1,0
334031,1102,0.0,4.0,2.0,12,3,2,5,7,0,1,4
334358,803,1.0,6.0,0.0,37,20,7,4,35,0,2,0
334471,3225,0.0,6.0,1.0,6,1,1,1,5,0,1,0
334533,4368,0.0,4.0,1.0,5,3,2,1,3,0,2,0
335035,4535,0.0,3.0,0.0,28,7,1,4,26,0,2,0
335892,1235,0.0,3.0,0.0,11,4,4,1,9,0,2,0
336018,1703,0.0,0.0,0.0,7,4,3,3,5,0,1,1
33618,1536,0.0,3.0,0.0,26,10,6,2,24,0,2,0
336541,960,0.0,5.0,2.0,50,11,1,6,48,0,2,0
336932,2915,0.0,2.0,0.0,4,3,2,2,1,0,2,1
337241,24,0.0,3.0,0.0,1,1,1,1,0,0,1,0
337334,1346,0.0,3.0,0.0,4,3,1,1,3,0,1,0
337424,4738,0.0,6.0,1.0,3,1,1,2,2,0,1,0
337443,1393,0.0,0.0,0.0,3,2,1,2,2,0,1,0
337444,2583,0.0,4.0,1.0,4,1,1,2,3,0,1,0
337505,66,0.0,4.0,1.0,5,2,1,1,4,0,1,0
337551,2669,0.0,0.0,0.0,8,2,1,2,7,0,1,0
338173,4569,0.0,3.0,1.0,2,1,1,1,1,0,1,0
338286,361,0.0,6.0,0.0,17,12,4,1,16,0,1,0
338683,1203,0.0,4.0,1.0,4,2,2,2,3,0,1,0
339154,1485,0.0,3.0,0.0,17,2,1,1,16,0,1,0
339874,2073,0.0,3.0,1.0,1,1,1,1,0,0,1,0
340242,605,0.0,6.0,0.0,6,1,1,1,5,0,1,0
340269,962,0.0,4.0,0.0,5,5,1,1,0,0,5,0
340476,2313,0.0,3.0,0.0,39,11,3,3,31,0,2,6
341484,4079,0.0,6.0,0.0,3,1,1,1,2,0,1,0
342567,1557,0.0,3.0,1.0,11,4,1,3,9,0,1,1
342712,3531,0.0,3.0,1.0,4,2,1,1,3,0,1,0
34304,784,0.0,3.0,0.0,11,8,4,1,8,0,3,0
343090,416,0.0,4.0,0.0,1,1,1,1,0,0,1,0
34343,1808,0.0,5.0,1.0,21,7,2,1,20,0,1,0
344256,2721,0.0,4.0,1.0,14,5,1,4,13,0,1,0
344342,4427,0.0,3.0,0.0,33,12,4,1,29,0,4,0
34435,1346,0.0,3.0,0.0,5,1,1,1,4,0,1,0
344539,3111,1.0,3.0,0.0,4,2,1,1,3,0,1,0
344811,2138,0.0,3.0,0.0,3,1,1,2,2,0,1,0
34557,4560,0.0,3.0,0.0,12,6,1,1,10,0,2,0
345982,1742,1.0,3.0,0.0,22,13,1,1,20,0,2,0
345983,729,0.0,3.0,0.0,6,3,3,1,5,0,1,0
346508,2397,0.0,3.0,0.0,12,6,3,2,10,0,2,0
346606,1689,0.0,3.0,1.0,4,1,1,2,3,0,1,0
346623,1193,0.0,5.0,0.0,12,4,3,3,11,0,1,0
346970,2981,0.0,2.0,0.0,3,1,1,1,2,0,1,0
347078,2187,0.0,4.0,0.0,17,10,2,1,16,0,1,0
347655,4369,0.0,2.0,1.0,2,1,1,1,1,0,1,0
347810,3236,0.0,0.0,0.0,10,5,1,1,9,0,1,0
348132,3971,0.0,0.0,0.0,6,2,1,1,5,0,1,0
348178,4512,0.0,5.0,0.0,1,1,1,1,0,0,1,0
348203,1916,0.0,0.0,0.0,4,1,1,1,3,0,1,0
348211,2448,0.0,0.0,1.0,4,1,1,1,3,0,1,0
348544,4492,0.0,3.0,1.0,7,1,1,1,6,0,1,0
34865,2821,0.0,4.0,1.0,1,1,1,1,0,0,1,0
349237,2134,0.0,0.0,1.0,8,2,1,1,7,0,1,0
349669,1187,0.0,null,null,10,3,2,2,9,0,1,0
349723,3986,0.0,2.0,0.0,4,1,1,1,3,0,1,0
349877,2583,0.0,4.0,1.0,4,2,1,1,2,0,2,0
35010,1487,0.0,5.0,1.0,13,2,1,3,9,0,1,3
350248,1346,0.0,4.0,2.0,11,3,1,5,9,0,1,1
350629,415,0.0,0.0,0.0,2,1,1,1,1,0,1,0
350962,3085,0.0,4.0,2.0,12,5,4,1,7,0,5,0
351196,4048,0.0,3.0,1.0,5,1,1,1,4,0,1,0
351369,4287,1.0,4.0,0.0,3,2,2,1,2,0,1,0
351384,1142,0.0,0.0,0.0,1,1,1,1,0,0,1,0
351562,598,0.0,4.0,1.0,18,12,4,3,17,0,1,0
352004,1749,0.0,0.0,1.0,11,9,9,1,5,0,6,0
352246,4044,0.0,3.0,0.0,11,1,1,1,10,0,1,0
352553,1884,0.0,7.0,0.0,2,1,1,1,1,0,1,0
352666,3205,0.0,3.0,0.0,6,1,1,1,5,0,1,0
353220,2014,0.0,3.0,0.0,3,2,1,2,2,0,1,0
353426,4540,0.0,0.0,0.0,2,1,1,1,1,0,1,0
354234,3191,1.0,0.0,1.0,2,1,1,1,1,0,1,0
354675,268,0.0,6.0,0.0,8,4,1,2,5,0,1,2
354688,598,1.0,0.0,1.0,8,5,3,2,7,0,1,0
355393,2051,1.0,3.0,0.0,2,1,1,1,1,0,1,0
356029,1272,0.0,6.0,0.0,17,10,2,4,15,1,1,0
356113,2173,0.0,4.0,0.0,6,2,1,2,5,0,1,0
356219,4829,0.0,3.0,0.0,3,1,1,1,2,0,1,0
356337,4760,0.0,0.0,1.0,34,5,1,3,32,0,1,1
356584,3022,0.0,0.0,null,3,1,1,1,2,0,1,0
356641,416,0.0,0.0,0.0,16,10,5,5,13,1,1,1
356735,4394,0.0,0.0,0.0,4,2,1,2,3,0,1,0
356778,2242,0.0,0.0,0.0,5,3,3,2,3,0,2,0
35686,2669,0.0,2.0,0.0,1,1,1,1,0,0,1,0
357922,63,0.0,0.0,0.0,52,24,10,4,51,0,1,0
357963,4044,0.0,4.0,0.0,22,12,7,2,15,0,1,6
358023,1200,0.0,5.0,1.0,11,1,1,2,9,0,2,0
358452,661,0.0,6.0,1.0,3,1,1,1,1,0,2,0
359330,4076,0.0,4.0,1.0,8,5,2,2,2,0,1,5
360069,4579,0.0,6.0,0.0,3,1,1,1,0,0,3,0
360771,2229,0.0,0.0,0.0,9,8,5,2,8,0,1,0
361331,968,0.0,4.0,1.0,4,3,2,1,3,0,1,0
36241,4125,0.0,2.0,0.0,4,1,1,2,3,0,1,0
362590,960,0.0,3.0,1.0,1,1,1,1,0,0,1,0
362608,1271,0.0,4.0,0.0,4,1,1,1,1,0,3,0
362857,1643,0.0,0.0,0.0,15,1,1,2,14,0,1,0
363101,2769,0.0,0.0,0.0,1,1,1,1,0,0,1,0
363440,1272,0.0,0.0,0.0,37,8,3,6,32,0,1,4
363657,145,0.0,2.0,1.0,8,3,2,3,6,0,1,1
363697,2099,0.0,0.0,0.0,10,4,2,2,9,0,1,0
3638,594,0.0,0.0,0.0,4,1,1,2,2,0,1,1
363822,2026,0.0,3.0,0.0,8,1,1,1,7,0,1,0
364492,2664,0.0,3.0,0.0,1,1,1,1,0,0,1,0
364654,1760,0.0,4.0,0.0,18,11,2,2,15,0,2,1
364812,2537,1.0,3.0,0.0,2,2,2,2,0,0,1,1
364953,278,0.0,6.0,0.0,25,3,1,5,24,0,1,0
365096,2102,0.0,3.0,0.0,8,2,2,2,6,0,2,0
365319,3173,0.0,3.0,1.0,6,2,1,2,4,0,2,0
365365,2167,0.0,2.0,2.0,1,1,1,1,0,0,1,0
365401,1742,0.0,4.0,1.0,2,1,1,1,1,0,1,0
36561,2565,0.0,2.0,0.0,5,2,1,2,4,0,1,0
365652,818,0.0,3.0,2.0,1,1,1,1,0,0,1,0
365678,3826,0.0,3.0,1.0,2,2,1,1,0,0,2,0
365699,4173,0.0,4.0,1.0,3,1,1,2,2,0,1,0
365771,1890,0.0,4.0,0.0,4,1,1,1,3,0,1,0
366253,2545,0.0,4.0,1.0,3,2,1,1,2,0,1,0
367078,1487,0.0,5.0,1.0,4,1,1,1,3,0,1,0
367589,4044,0.0,3.0,0.0,106,69,10,2,103,0,2,1
368171,3236,0.0,0.0,0.0,22,7,1,6,16,0,1,5
368674,1502,0.0,0.0,0.0,5,1,1,2,4,0,1,0
368816,10,0.0,0.0,0.0,6,2,1,1,5,0,1,0
369756,4594,0.0,3.0,null,3,1,1,1,2,0,1,0
370372,747,0.0,3.0,0.0,8,1,1,2,6,0,1,1
371171,1332,0.0,0.0,1.0,6,1,1,4,5,0,1,0
371560,817,0.0,0.0,0.0,2,1,1,1,1,0,1,0
371711,1509,0.0,3.0,0.0,2,1,1,1,1,0,1,0
371933,310,0.0,0.0,1.0,9,3,2,1,8,0,1,0
37201,2031,0.0,5.0,1.0,5,2,1,1,4,0,1,0
372248,4044,0.0,3.0,1.0,2,1,1,1,1,0,1,0
372554,203,0.0,2.0,2.0,1,1,1,1,0,0,1,0
372592,4351,0.0,0.0,0.0,5,2,2,2,4,0,1,0
373116,10,0.0,0.0,null,8,5,2,1,7,0,1,0
37318,10,0.0,7.0,1.0,3,1,1,1,1,0,1,1
37318,4083,0.0,7.0,1.0,7,5,2,1,6,0,1,0
373319,1751,1.0,2.0,1.0,38,11,2,3,35,0,3,0
373325,1502,0.0,2.0,1.0,6,2,2,2,5,0,1,0
373419,946,0.0,8.0,0.0,19,11,3,1,15,0,4,0
373443,4048,1.0,3.0,0.0,1,1,1,1,0,0,1,0
37360,3127,0.0,4.0,1.0,4,1,1,3,3,0,1,0
373723,2537,0.0,3.0,1.0,4,2,1,1,3,0,1,0
374301,187,0.0,0.0,0.0,31,16,6,3,30,0,1,0
374362,1243,0.0,4.0,1.0,11,5,1,4,9,0,1,1
375502,1840,0.0,4.0,1.0,1,1,1,1,0,0,1,0
375563,4044,0.0,7.0,0.0,31,10,5,2,30,0,1,0
376296,1945,1.0,3.0,0.0,39,24,10,1,38,0,1,0
376480,3965,0.0,6.0,0.0,2,1,1,1,1,0,1,0
376620,1200,0.0,4.0,1.0,1,1,1,1,0,0,1,0
377097,102,1.0,0.0,1.0,14,3,1,5,11,0,1,2
379602,110,0.0,5.0,1.0,5,3,1,1,4,0,1,0
379731,1833,0.0,7.0,0.0,47,21,1,2,45,0,1,1
379864,2860,0.0,0.0,0.0,4,2,2,1,2,0,2,0
379890,323,0.0,4.0,0.0,9,5,2,3,8,0,1,0
380351,3134,0.0,4.0,0.0,1,1,1,1,0,0,1,0
38078,652,0.0,3.0,0.0,6,5,2,1,5,0,1,0
381197,2808,0.0,6.0,null,1,1,1,1,0,0,1,0
381462,4083,0.0,0.0,1.0,13,4,3,2,12,0,1,0
381686,1520,0.0,0.0,0.0,1,1,1,1,0,0,1,0
381692,3826,0.0,3.0,0.0,9,2,1,1,8,0,1,0
383215,1504,0.0,3.0,0.0,3,1,1,3,2,0,1,0
383396,2545,0.0,3.0,1.0,12,5,2,3,11,0,1,0
38351,826,0.0,3.0,0.0,3,1,1,1,2,0,1,0
383671,721,0.0,3.0,0.0,18,6,2,3,17,0,1,0
383799,3619,0.0,6.0,1.0,7,2,1,2,6,0,1,0
383821,2639,0.0,4.0,0.0,5,2,1,2,4,0,1,0
383887,3828,0.0,4.0,0.0,11,2,1,3,9,0,1,1
384240,3399,0.0,5.0,0.0,2,1,1,1,1,0,1,0
384427,278,0.0,3.0,0.0,4,1,1,1,3,0,1,0
384592,3022,0.0,2.0,1.0,3,1,1,2,2,0,1,0
384943,532,0.0,0.0,0.0,28,10,3,3,27,0,1,0
384946,1667,0.0,5.0,1.0,2,2,1,1,1,0,1,0
384993,2397,0.0,5.0,2.0,6,3,2,2,5,0,1,0
385087,1725,0.0,0.0,0.0,6,1,1,2,5,0,1,0
385574,4287,0.0,2.0,2.0,6,2,1,3,4,0,1,1
385745,1470,0.0,4.0,0.0,3,1,1,1,2,0,1,0
386210,3308,0.0,2.0,0.0,1,1,1,1,0,0,1,0
386523,1923,0.0,0.0,0.0,5,3,2,1,4,0,1,0
38653,1472,0.0,4.0,1.0,3,1,1,1,2,0,1,0
386742,66,0.0,2.0,0.0,7,3,1,2,6,0,1,0
386922,2422,0.0,3.0,2.0,59,22,6,3,54,0,2,3
387146,1346,0.0,4.0,2.0,18,6,1,6,16,0,1,1
387216,3022,0.0,2.0,1.0,4,3,1,1,3,0,1,0
387222,4871,0.0,5.0,1.0,2,1,1,1,1,0,1,0
387317,845,0.0,4.0,1.0,2,1,1,1,1,0,1,0
38789,2122,0.0,4.0,0.0,2,1,1,1,1,0,1,0
388127,669,0.0,4.0,1.0,73,27,4,1,72,0,1,0
388472,2047,0.0,2.0,0.0,10,5,1,1,9,0,1,0
38938,3022,0.0,3.0,1.0,12,6,5,1,10,0,2,0
389850,2403,0.0,0.0,0.0,3,1,1,1,1,0,2,0
389938,1816,0.0,2.0,1.0,7,5,2,1,6,0,1,0
390062,2242,0.0,0.0,1.0,8,4,2,2,4,0,2,2
390122,324,0.0,3.0,1.0,8,3,1,2,7,0,1,0
391253,2313,0.0,4.0,0.0,6,2,2,2,5,0,1,0
391338,361,0.0,3.0,0.0,9,4,3,1,6,0,1,2
391991,4354,0.0,2.0,0.0,1,1,1,1,0,0,1,0
392022,3240,0.0,4.0,2.0,1,1,1,1,0,0,1,0
392168,1618,0.0,0.0,0.0,22,4,1,5,21,0,1,0
392682,1346,0.0,3.0,0.0,8,1,1,2,6,0,1,1
393201,1742,0.0,4.0,0.0,6,2,1,2,5,0,1,0
393807,4444,0.0,5.0,1.0,8,4,2,4,7,0,1,0
393963,1330,0.0,5.0,0.0,4,1,1,2,3,0,1,0
394206,3936,0.0,4.0,0.0,2,1,1,2,1,0,1,0
394892,361,0.0,4.0,1.0,2,1,1,1,1,0,1,0
395463,3546,0.0,0.0,0.0,3,2,1,1,2,0,1,0
395631,467,0.0,0.0,2.0,10,4,2,1,8,0,2,0
396428,3073,0.0,4.0,0.0,5,3,1,1,3,0,2,0
39696,2447,0.0,3.0,0.0,11,6,1,1,10,0,1,0
39702,2639,0.0,5.0,0.0,51,25,8,5,47,0,4,0
397022,3898,0.0,0.0,0.0,3,1,1,1,2,0,1,0
397146,542,0.0,4.0,0.0,8,2,1,1,7,0,1,0
3973,676,0.0,0.0,1.0,3,1,1,1,2,0,1,0
397525,2122,0.0,0.0,0.0,3,1,1,2,2,0,1,0
397629,4745,0.0,0.0,1.0,6,2,1,3,4,0,2,0
3977,3266,0.0,5.0,0.0,4,1,1,1,3,0,1,0
398105,2856,0.0,3.0,0.0,3,2,1,1,2,0,1,0
398332,2273,0.0,3.0,0.0,2,1,1,1,1,0,1,0
399129,1910,0.0,5.0,0.0,22,5,3,6,18,0,1,3
399209,310,0.0,2.0,0.0,2,1,1,1,0,0,1,1
399513,3063,1.0,4.0,0.0,1,1,1,1,0,0,1,0
399779,3401,1.0,0.0,0.0,2,1,1,1,1,0,1,0
40037,2537,0.0,0.0,1.0,4,2,1,2,2,0,1,1
400440,1049,0.0,0.0,1.0,1,1,1,1,0,0,1,0
400478,2721,0.0,5.0,0.0,9,2,1,1,8,0,1,0
400490,3143,0.0,6.0,1.0,21,11,1,2,16,0,5,0
400627,2664,0.0,3.0,0.0,5,5,1,2,4,0,1,0
401040,2318,0.0,4.0,0.0,3,1,1,1,1,0,2,0
401076,198,0.0,3.0,0.0,4,1,1,1,3,0,1,0
40137,1760,0.0,4.0,0.0,2,1,1,1,1,0,1,0
401441,102,0.0,4.0,0.0,14,3,2,1,13,0,1,0
40219,3828,0.0,3.0,0.0,1,1,1,1,0,0,1,0
402283,2482,0.0,0.0,0.0,29,8,5,4,25,0,3,1
402337,742,0.0,2.0,0.0,6,3,2,2,4,0,1,1
402393,2326,0.0,3.0,0.0,5,1,1,1,4,0,1,0
402952,4198,0.0,0.0,0.0,7,2,1,3,6,0,1,0
403024,3129,0.0,3.0,0.0,7,1,1,2,5,0,1,1
403198,1679,1.0,5.0,2.0,6,4,3,2,5,0,1,0
403650,4864,0.0,0.0,0.0,1,1,1,1,0,0,1,0
404131,1875,0.0,5.0,0.0,52,25,7,3,49,0,2,1
404931,845,0.0,5.0,1.0,4,1,1,1,3,0,1,0
405022,2193,0.0,3.0,0.0,4,2,2,1,3,0,1,0
405052,361,0.0,3.0,0.0,2,2,2,2,0,0,1,1
405157,4044,0.0,2.0,0.0,3,3,2,2,2,0,1,0
405302,1890,0.0,4.0,0.0,11,5,3,1,8,0,3,0
405323,1013,0.0,0.0,0.0,9,2,1,1,8,0,1,0
405376,1077,0.0,3.0,1.0,8,4,2,2,6,0,2,0
405721,4261,0.0,4.0,0.0,11,7,3,2,8,0,3,0
405746,1689,0.0,0.0,0.0,3,1,1,1,2,0,1,0
405761,1393,0.0,3.0,0.0,4,2,2,2,3,0,1,0
406320,1353,0.0,null,null,3,1,1,1,2,0,1,0
407478,1142,0.0,0.0,1.0,3,1,1,1,0,1,2,0
4075,3319,0.0,3.0,0.0,2,1,1,1,1,0,1,0
407566,2124,0.0,6.0,0.0,13,6,3,5,12,0,1,0
408406,798,0.0,3.0,0.0,9,2,2,3,8,0,1,0
408427,3191,0.0,3.0,0.0,10,2,1,2,9,0,1,0
409068,3971,0.0,0.0,0.0,14,3,1,2,10,1,1,2
409646,3111,0.0,0.0,0.0,3,1,1,1,2,0,1,0
409840,1725,0.0,3.0,1.0,2,1,1,1,1,0,1,0
410562,2571,0.0,5.0,0.0,13,6,1,1,10,0,3,0
410988,1714,0.0,0.0,1.0,9,2,1,5,8,0,1,0
411740,2313,0.0,3.0,0.0,3,2,2,1,1,0,2,0
411846,437,0.0,0.0,0.0,3,1,1,1,2,0,1,0
412,500,0.0,4.0,0.0,4,1,1,2,3,0,1,0
412046,2567,0.0,3.0,0.0,12,1,1,2,8,0,3,1
412238,3420,0.0,4.0,0.0,19,10,4,1,18,0,1,0
412391,804,0.0,2.0,1.0,4,3,3,1,1,0,3,0
41257,4044,0.0,0.0,1.0,8,5,2,3,6,0,1,1
412712,1501,0.0,5.0,0.0,16,4,2,2,14,0,2,0
41272,3291,0.0,6.0,1.0,3,1,1,1,2,0,1,0
412873,219,0.0,0.0,0.0,1,1,1,1,0,0,1,0
413491,1412,0.0,0.0,0.0,7,2,2,1,6,0,1,0
413629,3925,0.0,4.0,0.0,10,2,2,1,8,0,2,0
413901,310,0.0,6.0,0.0,6,2,1,1,5,0,1,0
41447,1541,0.0,2.0,1.0,4,2,1,1,3,0,1,0
41538,2242,0.0,4.0,0.0,3,3,2,1,0,0,3,0
41559,1193,0.0,3.0,1.0,11,2,1,1,9,0,1,1
415710,2668,0.0,0.0,0.0,1,1,1,1,0,0,1,0
416071,3102,1.0,4.0,0.0,25,15,5,4,23,0,1,1
416132,396,0.0,4.0,0.0,3,1,1,1,1,0,2,0
416320,1318,1.0,4.0,0.0,8,2,2,1,6,0,2,0
416744,598,0.0,3.0,0.0,1,1,1,1,0,0,1,0
417475,1134,0.0,2.0,0.0,4,1,1,1,3,0,1,0
417668,4864,0.0,0.0,0.0,4,2,2,1,3,0,1,0
418200,1487,0.0,8.0,2.0,3,1,1,1,2,0,1,0
418398,1692,0.0,null,1.0,4,1,1,2,3,0,1,0
418563,2579,0.0,6.0,0.0,12,5,3,1,11,0,1,0
419027,1618,1.0,5.0,0.0,2,1,1,1,1,0,1,0
419039,398,0.0,3.0,0.0,4,1,1,2,3,0,1,0
41907,2891,0.0,0.0,1.0,28,7,1,2,26,0,2,0
419138,967,0.0,3.0,1.0,4,1,1,1,2,0,1,1
419257,2569,0.0,3.0,0.0,46,26,3,7,44,0,2,0
419318,2124,0.0,0.0,0.0,53,28,2,2,51,0,2,0
419357,2167,0.0,0.0,0.0,5,2,1,2,4,0,1,0
420287,4368,0.0,4.0,0.0,1,1,1,1,0,0,1,0
420408,594,0.0,7.0,1.0,4,1,1,1,3,0,1,0
420651,4079,0.0,4.0,0.0,7,2,1,1,5,0,2,0
421335,1704,0.0,0.0,0.0,61,16,4,7,56,0,1,4
421354,1346,0.0,3.0,2.0,20,6,1,3,17,0,1,2
421771,2273,0.0,5.0,1.0,6,2,1,1,5,0,1,0
421912,3645,0.0,4.0,1.0,20,11,4,4,17,0,1,2
422021,4173,0.0,2.0,0.0,52,30,9,18,36,0,1,15
422027,2149,0.0,0.0,0.0,7,1,1,1,6,0,1,0
422467,4270,0.0,6.0,0.0,10,6,4,3,8,0,2,0
422601,747,0.0,0.0,0.0,3,2,1,1,2,0,1,0
422626,3828,0.0,4.0,0.0,3,1,1,1,2,0,1,0
423137,1559,0.0,0.0,0.0,12,1,1,4,11,0,1,0
423245,3159,0.0,2.0,0.0,8,4,3,1,0,0,4,4
42637,1892,0.0,4.0,1.0,7,5,3,2,4,0,3,0
42652,4044,0.0,3.0,0.0,52,23,8,9,46,0,1,5
42676,1892,0.0,3.0,1.0,9,6,5,1,6,0,3,0
43193,1049,0.0,2.0,0.0,7,2,2,1,5,0,2,0
43223,2448,0.0,2.0,0.0,16,3,2,2,12,0,2,2
43319,2144,0.0,2.0,0.0,1,1,1,1,0,0,1,0
43328,310,0.0,3.0,1.0,3,1,1,1,2,0,1,0
43666,3080,1.0,2.0,0.0,16,7,3,3,14,0,2,0
43705,4173,0.0,3.0,0.0,6,2,2,3,5,0,1,0
4453,2766,0.0,5.0,1.0,5,1,1,2,4,0,1,0
45547,643,0.0,6.0,0.0,75,40,10,4,73,0,2,0
45851,1884,0.0,3.0,1.0,4,2,1,1,3,0,1,0
45894,2226,0.0,0.0,0.0,3,2,1,2,2,0,1,0
46154,4847,0.0,4.0,0.0,54,37,12,9,48,0,2,4
4654,3734,0.0,2.0,1.0,22,12,5,2,20,0,2,0
46725,3445,0.0,0.0,0.0,2,1,1,1,1,0,1,0
4696,3116,0.0,3.0,0.0,5,1,1,1,3,0,2,0
47048,3683,0.0,4.0,1.0,2,1,1,1,1,0,1,0
47063,1272,0.0,3.0,1.0,14,8,1,2,13,0,1,0
47192,2664,0.0,6.0,1.0,112,30,2,5,104,0,4,4
47422,4504,0.0,0.0,0.0,5,2,1,1,4,0,1,0
47534,2928,0.0,4.0,1.0,27,15,3,1,24,0,3,0
477,1999,0.0,2.0,1.0,7,3,1,2,5,0,2,0
47927,3159,0.0,2.0,0.0,5,2,2,1,4,0,1,0
48139,2108,0.0,3.0,1.0,4,2,1,1,3,0,1,0
48205,2105,0.0,2.0,0.0,3,1,1,3,2,0,1,0
48340,58,0.0,3.0,0.0,5,1,1,1,4,0,1,0
48679,3623,0.0,2.0,0.0,4,1,1,2,3,0,1,0
49224,3990,0.0,0.0,0.0,7,3,1,2,6,0,1,0
4927,3828,0.0,5.0,0.0,24,12,3,1,22,0,2,0
49448,1050,0.0,4.0,1.0,5,1,1,1,4,0,1,0
49767,198,0.0,3.0,0.0,3,1,1,1,2,0,1,0
49942,3826,0.0,5.0,1.0,27,5,1,6,25,0,2,0
4999,2991,0.0,2.0,0.0,5,1,1,1,4,0,1,0
50223,1134,0.0,0.0,0.0,18,3,3,2,16,0,1,1
50343,2888,1.0,6.0,0.0,2,1,1,1,0,0,2,0
50431,2579,0.0,6.0,0.0,11,4,3,1,8,0,3,0
50662,4044,0.0,7.0,0.0,1,1,1,1,0,0,1,0
51006,2721,1.0,5.0,0.0,4,4,2,1,3,0,1,0
51123,4234,0.0,0.0,0.0,8,3,2,2,6,0,2,0
51814,4071,0.0,3.0,0.0,11,2,1,2,9,0,2,0
51815,1102,0.0,0.0,0.0,5,2,2,1,3,0,1,1
52474,1467,0.0,5.0,0.0,7,3,1,1,6,0,1,0
53034,490,0.0,0.0,0.0,7,1,1,3,6,0,1,0
53209,2036,0.0,0.0,1.0,9,3,2,2,5,1,3,0
53227,121,0.0,0.0,0.0,42,22,7,10,34,0,1,7
53728,4585,0.0,3.0,0.0,3,1,1,1,2,0,1,0
54569,4594,0.0,2.0,1.0,9,2,1,1,8,0,1,0
5473,2669,0.0,4.0,0.0,6,2,1,1,4,0,2,0
54806,4976,0.0,3.0,0.0,2,2,2,1,0,0,2,0
5486,4768,0.0,3.0,0.0,6,5,2,2,5,0,1,0
55024,1102,0.0,3.0,0.0,13,3,2,3,11,0,1,1
55281,1467,0.0,3.0,1.0,4,1,1,2,2,0,1,1
5532,1760,0.0,3.0,0.0,10,8,1,1,8,0,2,0
55675,4265,0.0,0.0,0.0,8,3,2,2,7,0,1,0
55815,168,0.0,3.0,0.0,11,7,2,1,10,0,1,0
5629,2102,0.0,3.0,0.0,4,2,2,2,3,0,1,0
56979,685,0.0,5.0,0.0,5,2,1,1,4,0,1,0
57483,2721,1.0,3.0,1.0,24,18,3,3,22,0,2,0
57777,598,0.0,3.0,0.0,2,1,1,1,1,0,1,0
57787,2787,0.0,6.0,1.0,8,4,3,1,7,0,1,0
57886,2577,0.0,3.0,0.0,1,1,1,1,0,0,1,0
58041,1890,0.0,6.0,0.0,2,1,1,1,1,0,1,0
5813,4325,0.0,0.0,0.0,9,3,1,1,7,1,1,0
58376,508,0.0,3.0,0.0,2,1,1,1,1,0,1,0
58396,4966,0.0,4.0,0.0,2,1,1,1,0,0,1,1
58467,715,0.0,3.0,1.0,7,3,1,1,5,0,2,0
58967,1501,0.0,3.0,0.0,17,4,2,7,14,0,1,2
59098,3586,0.0,5.0,0.0,15,7,3,2,14,0,1,0
59360,856,0.0,2.0,0.0,6,2,1,3,5,0,1,0
59742,3460,0.0,2.0,0.0,2,1,1,1,1,0,1,0
60320,2403,0.0,3.0,0.0,9,4,1,1,4,0,4,1
60420,2359,0.0,2.0,0.0,12,3,1,2,10,0,1,1
60701,4171,0.0,4.0,0.0,2,1,1,1,1,0,1,0
60805,3609,0.0,3.0,0.0,7,2,1,2,6,0,1,0
61092,4173,0.0,0.0,0.0,17,13,4,7,16,0,1,0
61821,3662,0.0,5.0,0.0,19,5,2,2,14,0,4,1
62222,1816,0.0,0.0,1.0,7,4,4,1,6,0,1,0
62458,2972,0.0,2.0,1.0,1,1,1,1,0,0,1,0
62635,3102,0.0,2.0,0.0,6,4,3,1,5,0,1,0
62957,2545,0.0,3.0,1.0,40,20,8,5,38,0,2,0
63578,2711,0.0,0.0,0.0,7,4,2,1,6,0,1,0
64244,2006,0.0,0.0,0.0,2,1,1,1,1,0,1,0
64493,730,0.0,3.0,0.0,11,2,1,3,9,0,2,0
64504,2640,0.0,5.0,0.0,6,3,3,1,3,0,3,0
64607,2108,0.0,3.0,0.0,2,1,1,1,1,0,1,0
64661,3640,0.0,0.0,1.0,4,1,1,1,3,0,1,0
65110,4976,0.0,2.0,1.0,2,2,1,2,0,0,1,1
65431,1102,1.0,4.0,2.0,10,4,2,2,8,0,1,1
65458,1102,0.0,3.0,0.0,261,40,10,4,255,0,3,3
65850,1000,0.0,0.0,0.0,3,1,1,1,2,0,1,0
66054,3085,0.0,4.0,0.0,8,4,4,2,7,0,1,0
66277,1210,0.0,3.0,0.0,5,2,2,1,4,0,1,0
66304,4919,0.0,3.0,1.0,2,2,2,1,0,0,2,0
67070,4826,0.0,2.0,1.0,4,1,1,2,2,0,1,1
67097,3472,0.0,2.0,1.0,4,4,3,1,3,0,1,0
67340,3350,0.0,2.0,0.0,10,4,1,3,9,0,1,0
67841,1724,0.0,3.0,1.0,3,1,1,2,2,0,1,0
67998,2318,0.0,3.0,0.0,10,4,1,2,9,0,1,0
68321,1538,0.0,2.0,1.0,5,1,1,3,2,0,1,2
68471,1679,0.0,3.0,1.0,10,4,2,3,8,0,2,0
69260,2173,0.0,0.0,0.0,26,11,2,3,24,0,1,1
70069,4643,0.0,0.0,0.0,4,1,1,1,3,0,1,0
70152,467,0.0,0.0,0.0,26,7,3,2,23,0,3,0
70371,1131,0.0,3.0,2.0,6,1,1,1,4,0,1,1
70688,4847,0.0,2.0,null,80,30,8,12,67,0,3,10
70887,621,0.0,2.0,0.0,2,1,1,2,0,0,1,1
7103,337,0.0,0.0,0.0,7,2,2,2,6,0,1,0
71089,4976,0.0,2.0,null,1,1,1,1,0,0,1,0
71586,1102,0.0,0.0,0.0,34,27,8,1,32,0,2,0
72421,4039,0.0,0.0,0.0,8,1,1,1,6,1,1,0
72739,4097,0.0,4.0,0.0,3,1,1,1,2,0,1,0
72744,4048,0.0,4.0,0.0,6,2,1,2,5,0,1,0
72954,4976,0.0,5.0,1.0,3,2,1,1,2,0,1,0
73053,2559,0.0,3.0,0.0,15,3,1,4,13,0,1,1
73090,4073,0.0,3.0,0.0,30,11,5,1,23,0,1,6
7312,3086,0.0,6.0,0.0,5,1,1,2,4,0,1,0
73404,829,0.0,6.0,0.0,51,24,2,3,50,0,1,0
73809,4729,0.0,5.0,0.0,5,2,1,2,4,0,1,0
73950,416,0.0,0.0,0.0,16,5,2,2,13,0,2,1
73952,3753,0.0,2.0,1.0,3,1,1,1,2,0,1,0
74006,2031,0.0,4.0,1.0,6,2,1,1,5,0,1,0
7532,1892,0.0,2.0,0.0,106,45,15,9,91,0,5,10
75432,4542,0.0,2.0,0.0,1,1,1,1,0,0,1,0
75588,1890,0.0,3.0,0.0,6,5,2,2,5,0,1,0
75660,2545,0.0,3.0,1.0,2,2,2,1,0,0,2,0
75862,3889,0.0,3.0,1.0,11,4,1,2,10,0,1,0
76116,2348,0.0,4.0,0.0,3,1,1,1,2,0,1,0
76137,3536,0.0,4.0,0.0,2,1,1,2,0,0,1,1
76634,4173,0.0,0.0,0.0,43,30,6,4,41,0,2,0
7682,1719,0.0,4.0,0.0,2,1,1,1,1,0,1,0
77915,1861,0.0,6.0,0.0,4,1,1,2,2,0,1,1
78040,1056,0.0,4.0,0.0,26,22,13,2,24,0,2,0
78337,3734,0.0,null,null,4,2,1,2,3,0,1,0
78348,1875,0.0,0.0,null,4,1,1,2,3,0,1,0
78506,3623,0.0,2.0,1.0,5,1,1,1,3,0,2,0
78681,4427,0.0,0.0,0.0,4,1,1,1,3,0,1,0
78738,4137,0.0,3.0,0.0,2,1,1,1,1,0,1,0
78765,606,0.0,3.0,1.0,8,2,2,3,4,0,2,2
78865,1457,0.0,3.0,1.0,18,5,2,1,17,0,1,0
7950,594,0.0,2.0,0.0,3,1,1,1,2,0,1,0
79622,4079,1.0,6.0,0.0,1,1,1,1,0,0,1,0
79770,4756,0.0,6.0,0.0,1,1,1,1,0,0,1,0
80124,1487,0.0,4.0,0.0,1,1,1,1,0,0,1,0
80418,3230,0.0,3.0,1.0,7,1,1,3,5,0,1,1
80603,4641,0.0,3.0,0.0,2,1,1,2,1,0,1,0
80615,3256,0.0,0.0,1.0,4,1,1,1,2,0,1,1
80616,4659,0.0,2.0,0.0,3,3,3,2,1,0,2,0
8078,4992,1.0,4.0,1.0,15,4,1,3,14,0,1,0
81258,829,0.0,0.0,0.0,2,1,1,1,1,0,1,0
81720,1495,0.0,5.0,0.0,7,7,2,5,6,0,1,0
81846,4976,0.0,0.0,0.0,64,37,10,5,53,0,3,8
82115,1187,0.0,5.0,0.0,10,5,2,2,9,0,1,0
82674,537,0.0,0.0,0.0,5,3,1,1,3,0,2,0
82890,133,0.0,4.0,0.0,19,10,1,2,18,0,1,0
82974,731,0.0,5.0,0.0,2,1,1,1,1,0,1,0
83122,2935,0.0,6.0,0.0,2,1,1,1,1,0,1,0
83256,2981,1.0,3.0,1.0,18,2,2,2,17,0,1,0
83393,4712,0.0,6.0,2.0,10,3,2,1,9,0,1,0
83437,4502,0.0,5.0,0.0,5,3,2,1,3,0,2,0
83952,3701,0.0,5.0,0.0,3,1,1,1,2,0,1,0
84167,1721,0.0,7.0,1.0,13,4,1,5,12,0,1,0
84261,1495,0.0,3.0,0.0,10,5,2,4,7,0,1,2
84355,2257,0.0,4.0,1.0,5,1,1,2,4,0,1,0
84713,4864,0.0,5.0,1.0,2,1,1,1,1,0,1,0
85187,1922,0.0,0.0,null,6,2,1,1,5,0,1,0
85269,1923,0.0,3.0,0.0,1,1,1,1,0,0,1,0
85641,1703,0.0,3.0,0.0,2,1,1,1,1,0,1,0
85843,1126,0.0,3.0,0.0,7,4,3,2,6,0,1,0
85985,4976,0.0,2.0,0.0,2,1,1,1,1,0,1,0
86334,682,0.0,0.0,0.0,37,14,5,3,32,0,1,4
86353,133,0.0,6.0,0.0,10,1,1,2,9,0,1,0
86556,4724,0.0,3.0,1.0,1,1,1,1,0,0,1,0
88054,3225,0.0,5.0,0.0,1,1,1,1,0,0,1,0
88232,2611,0.0,4.0,1.0,4,1,1,2,3,0,1,0
88501,1356,0.0,5.0,0.0,1,1,1,1,0,0,1,0
88570,1356,0.0,5.0,2.0,2,1,1,1,1,0,1,0
88577,962,0.0,3.0,0.0,4,2,2,1,3,0,1,0
88611,2537,0.0,0.0,0.0,11,4,1,2,8,0,3,0
89541,2138,0.0,2.0,0.0,9,3,2,2,8,0,1,0
89824,2981,0.0,3.0,0.0,1,1,1,1,0,0,1,0
89979,2108,0.0,3.0,1.0,17,9,4,2,15,0,2,0
90427,2273,0.0,3.0,0.0,2,1,1,1,1,0,1,0
90743,4534,0.0,4.0,0.0,4,1,1,1,3,0,1,0
90956,4955,0.0,3.0,0.0,62,31,8,4,52,0,10,0
90963,1115,0.0,0.0,0.0,6,1,1,1,4,0,1,1
91150,4099,0.0,5.0,0.0,2,1,1,1,1,0,1,0
91159,141,0.0,3.0,0.0,14,9,7,7,11,0,1,2
91414,1056,0.0,4.0,1.0,8,4,2,2,6,0,1,1
91781,1861,1.0,0.0,0.0,13,4,1,4,11,0,1,1
91910,3734,0.0,3.0,0.0,5,2,1,1,3,0,2,0
92630,2022,0.0,7.0,0.0,7,3,1,2,6,0,1,0
93328,4760,0.0,0.0,0.0,3,1,1,2,2,0,1,0
93437,1500,0.0,3.0,1.0,2,1,1,1,1,0,1,0
93709,4976,0.0,2.0,0.0,62,38,7,4,57,4,1,0
93920,227,0.0,2.0,1.0,9,3,1,3,7,0,2,0
94004,361,0.0,4.0,0.0,23,8,1,2,20,0,1,2
94129,2161,0.0,3.0,1.0,6,3,2,1,5,0,1,0
94247,3152,0.0,3.0,1.0,1,1,1,1,0,0,1,0
94553,594,0.0,4.0,0.0,1,1,1,1,0,0,1,0
94628,1890,0.0,4.0,0.0,1,1,1,1,0,0,1,0
94989,1588,0.0,4.0,1.0,5,2,1,1,3,0,1,1
95160,1875,0.0,0.0,0.0,20,14,7,2,18,0,2,0
9519,1272,1.0,0.0,0.0,20,10,4,5,18,0,2,0
95792,3657,0.0,3.0,0.0,6,1,1,2,4,0,2,0
95937,1056,0.0,3.0,0.0,4,3,3,1,3,0,1,0
9605,962,0.0,5.0,0.0,2,1,1,1,1,0,1,0
96106,1379,0.0,4.0,0.0,19,11,6,1,15,0,4,0
96165,4512,0.0,5.0,2.0,16,6,1,1,15,0,1,0
96183,3063,0.0,4.0,0.0,28,18,3,3,26,0,1,1
96211,4639,0.0,0.0,0.0,5,1,1,1,4,0,1,0
96633,4524,1.0,2.0,1.0,11,2,1,3,8,0,1,2
96666,1102,0.0,4.0,1.0,6,3,1,1,5,0,1,0
97141,946,0.0,0.0,1.0,24,10,3,4,22,0,2,0
97257,1594,0.0,4.0,0.0,3,2,1,1,2,0,1,0
97475,4976,0.0,4.0,1.0,7,3,2,2,4,0,2,1
97558,4306,0.0,4.0,0.0,3,1,1,1,2,0,1,0
98063,416,0.0,3.0,0.0,31,18,11,2,29,0,2,0
98150,4427,0.0,2.0,1.0,5,1,1,1,4,0,1,0
98153,1102,0.0,2.0,1.0,5,1,1,1,4,0,1,0
98318,2,0.0,3.0,0.0,7,3,2,1,6,0,1,0
99083,2662,0.0,0.0,1.0,3,1,1,1,2,0,1,0
99167,4976,0.0,3.0,0.0,10,6,1,1,9,0,1,0
99169,786,0.0,2.0,0.0,7,2,2,1,6,0,1,0
99305,41,0.0,3.0,0.0,1,1,1,1,0,0,1,0
99466,2403,0.0,4.0,0.0,22,8,1,2,21,0,1,0
