100072,3580,0.0,0.0,0.0,9,5,2,2,8,0,1,0
100171,3856,0.0,0.0,0.0,6,2,1,1,5,0,1,0
100247,1131,0.0,6.0,0.0,61,11,3,6,57,0,2,2
101280,310,0.0,3.0,0.0,1,1,1,1,0,0,1,0
101630,416,0.0,6.0,0.0,10,9,1,1,2,0,8,0
101790,798,0.0,0.0,0.0,4,1,1,1,3,0,1,0
102103,3689,0.0,4.0,0.0,6,1,1,2,5,0,1,0
103133,3609,1.0,0.0,1.0,2,1,1,1,1,0,1,0
103474,3323,0.0,3.0,1.0,1,1,1,1,0,0,1,0
103629,3136,1.0,4.0,0.0,66,21,6,2,63,0,3,0
103649,4427,0.0,3.0,0.0,9,2,1,4,6,0,1,2
103764,2193,0.0,6.0,0.0,6,1,1,3,5,0,1,0
103960,1541,0.0,3.0,1.0,5,1,1,1,4,0,1,0
103987,1760,0.0,0.0,1.0,3,2,1,1,2,0,1,0
104121,3476,0.0,4.0,2.0,6,4,4,1,5,0,1,0
104268,798,0.0,6.0,0.0,6,2,2,3,5,0,1,0
104537,1472,0.0,3.0,0.0,9,6,1,2,8,0,1,0
104701,1608,0.0,0.0,0.0,3,1,1,1,2,0,1,0
104950,3291,0.0,0.0,0.0,2,1,1,1,1,0,1,0
105683,2031,0.0,2.0,1.0,33,9,3,4,29,0,3,1
10773,2424,0.0,3.0,0.0,3,1,1,1,2,0,1,0
107872,3844,1.0,0.0,0.0,7,5,3,2,6,0,1,0
108150,1618,0.0,4.0,1.0,4,3,1,2,3,0,1,0
108320,1268,0.0,3.0,0.0,24,10,5,2,22,0,2,0
108372,2066,0.0,3.0,0.0,3,2,1,1,2,0,1,0
108633,2579,0.0,5.0,0.0,3,2,2,1,1,0,2,0
108969,4525,0.0,0.0,0.0,2,1,1,1,1,0,1,0
110269,3635,1.0,3.0,1.0,7,5,1,2,6,0,1,0
110311,786,0.0,2.0,0.0,3,1,1,2,2,0,1,0
110516,4871,0.0,2.0,1.0,2,1,1,1,1,0,1,0
110593,3541,0.0,4.0,0.0,6,1,1,4,5,0,1,0
110928,4564,0.0,4.0,1.0,7,1,1,2,6,0,1,0
11099,2102,0.0,7.0,1.0,6,1,1,2,5,0,1,0
111569,3241,0.0,6.0,0.0,2,1,1,1,0,0,2,0
111677,2579,0.0,6.0,0.0,18,8,3,2,17,0,1,0
111963,3266,0.0,0.0,1.0,2,1,1,1,1,0,1,0
112435,2954,0.0,3.0,0.0,1,1,1,1,0,0,1,0
112585,4911,0.0,4.0,0.0,2,1,1,2,1,0,1,0
112705,3623,1.0,2.0,0.0,2,1,1,2,1,0,1,0
112706,803,0.0,6.0,0.0,1,1,1,1,0,0,1,0
113125,3080,0.0,3.0,1.0,10,2,2,1,7,0,3,0
113679,1031,0.0,0.0,0.0,4,1,1,1,3,0,1,0
114329,4143,0.0,0.0,0.0,171,83,12,2,168,0,2,1
114479,1305,0.0,0.0,0.0,2,1,1,2,1,0,1,0
114995,522,0.0,4.0,2.0,13,5,3,2,12,0,1,0
115167,1102,0.0,4.0,0.0,5,2,2,5,3,0,1,1
115279,3420,0.0,0.0,0.0,25,13,5,3,23,0,2,0
115895,4864,0.0,4.0,0.0,12,5,1,2,10,0,2,0
116375,2492,0.0,7.0,0.0,3,1,1,1,2,0,1,0
116453,1592,0.0,0.0,0.0,8,1,1,1,7,0,1,0
116509,1049,0.0,2.0,1.0,4,1,1,1,3,0,1,0
1167,2872,0.0,5.0,0.0,35,24,19,3,34,0,1,0
117538,3080,0.0,2.0,1.0,7,1,1,2,6,0,1,0
117670,1884,0.0,4.0,1.0,6,1,1,2,5,0,1,0
118572,2789,0.0,5.0,1.0,14,4,2,2,13,0,1,0
118664,2795,0.0,4.0,0.0,2,1,1,1,0,0,1,1
119731,1760,0.0,4.0,0.0,8,4,1,2,6,0,2,0
119749,3769,0.0,0.0,1.0,1,1,1,1,0,0,1,0
119830,4760,0.0,4.0,0.0,1,1,1,1,0,0,1,0
120241,2459,0.0,2.0,0.0,14,6,2,3,12,0,2,0
12049,3665,0.0,3.0,1.0,2,1,1,1,1,0,1,0
120732,3170,1.0,4.0,0.0,13,12,4,2,12,0,1,0
121024,241,0.0,2.0,0.0,9,3,2,2,8,0,1,0
121850,416,0.0,0.0,0.0,4,3,2,2,3,0,1,0
121960,4048,0.0,5.0,0.0,1,1,1,1,0,0,1,0
122006,4265,0.0,2.0,0.0,34,19,9,6,30,0,4,0
12211,4861,0.0,3.0,0.0,5,1,1,1,4,0,1,0
122298,3205,0.0,3.0,0.0,3,1,1,1,1,0,2,0
12233,643,0.0,3.0,0.0,3,2,2,1,1,0,2,0
123090,2834,0.0,0.0,0.0,1,1,1,1,0,0,1,0
123210,3195,0.0,3.0,1.0,3,1,1,1,2,0,1,0
123683,3420,0.0,4.0,0.0,27,9,4,4,23,0,4,0
124139,3472,0.0,6.0,0.0,7,3,1,2,3,0,1,3
124490,4760,0.0,3.0,0.0,19,7,3,5,15,0,2,2
124690,3955,0.0,4.0,1.0,1,1,1,1,0,0,1,0
125222,3644,0.0,3.0,0.0,10,2,1,1,8,0,1,1
125372,1833,0.0,6.0,1.0,10,8,3,3,8,0,1,1
125580,1346,0.0,3.0,0.0,7,2,1,2,6,0,1,0
125626,4496,0.0,3.0,0.0,2,1,1,1,0,0,1,1
12578,4048,0.0,2.0,0.0,3,1,1,1,2,0,1,0
126684,4282,1.0,4.0,0.0,110,24,7,2,106,0,2,2
126810,3477,0.0,7.0,0.0,4,2,1,1,2,0,2,0
126906,3701,0.0,0.0,0.0,2,1,1,1,1,0,1,0
127140,3682,0.0,4.0,1.0,9,1,1,1,8,0,1,0
127228,2545,0.0,5.0,0.0,6,3,1,1,5,0,1,0
127286,1412,0.0,6.0,0.0,2,2,2,2,0,0,1,1
127306,3263,1.0,3.0,0.0,47,21,8,7,43,0,4,0
127523,293,0.0,3.0,0.0,6,2,1,1,5,0,1,0
127838,3941,0.0,5.0,0.0,4,4,2,3,3,0,1,0
12793,3469,0.0,0.0,0.0,19,6,1,2,15,0,1,3
128278,425,1.0,6.0,0.0,11,1,1,1,9,0,1,1
12873,1673,0.0,2.0,0.0,8,3,1,1,6,0,1,1
128845,2403,0.0,4.0,1.0,8,1,1,3,4,0,1,3
128926,2537,0.0,0.0,0.0,9,3,2,2,8,0,1,0
129076,1875,0.0,0.0,0.0,7,2,1,2,5,0,1,1
129175,2209,0.0,0.0,0.0,15,4,1,1,14,0,1,0
129201,2895,0.0,4.0,2.0,2,2,2,1,0,0,1,1
129911,4861,0.0,4.0,0.0,4,1,1,1,3,0,1,0
130171,3545,0.0,3.0,0.0,8,3,1,1,7,0,1,0
130312,4370,0.0,2.0,0.0,4,1,1,1,3,0,1,0
130748,4282,0.0,2.0,1.0,5,1,1,2,4,0,1,0
131129,3910,0.0,4.0,1.0,5,1,1,1,4,0,1,0
131508,4950,0.0,4.0,0.0,5,2,1,3,4,0,1,0
131549,1031,0.0,3.0,0.0,8,6,1,1,7,0,1,0
131670,4280,0.0,0.0,0.0,20,5,1,6,17,0,1,2
131682,1162,0.0,0.0,0.0,6,1,1,2,5,0,1,0
132488,2482,0.0,2.0,0.0,1,1,1,1,0,0,1,0
132666,4864,1.0,5.0,0.0,14,1,1,2,12,0,1,1
132868,4771,0.0,3.0,1.0,2,1,1,1,1,0,1,0
133446,1200,0.0,0.0,0.0,6,1,1,2,4,0,2,0
133971,3734,0.0,3.0,1.0,13,6,2,4,8,0,1,4
134241,3828,0.0,0.0,0.0,3,3,3,2,2,0,1,0
13469,4141,0.0,2.0,0.0,7,1,1,3,5,0,1,1
134962,4282,0.0,3.0,1.0,29,15,5,4,25,0,2,2
135008,2403,0.0,3.0,1.0,6,4,1,1,5,0,1,0
135284,1653,0.0,0.0,0.0,5,3,1,2,4,0,1,0
135583,1111,0.0,2.0,0.0,3,1,1,1,2,0,1,0
135741,2899,1.0,3.0,1.0,6,4,1,1,5,0,1,0
136716,2880,0.0,4.0,0.0,2,1,1,1,1,0,1,0
136924,643,0.0,3.0,0.0,27,15,2,1,26,0,1,0
137696,2149,0.0,0.0,0.0,12,3,1,2,11,0,1,0
137958,4171,0.0,4.0,1.0,1,1,1,1,0,0,1,0
138549,4926,1.0,5.0,0.0,11,4,4,1,10,0,1,0
139142,2318,0.0,0.0,0.0,14,3,2,3,13,0,1,0
139178,2821,0.0,5.0,0.0,1,1,1,1,0,0,1,0
13951,4044,0.0,3.0,1.0,4,2,2,1,3,0,1,0
139639,2637,0.0,6.0,0.0,4,2,1,1,3,0,1,0
139882,4157,0.0,4.0,1.0,2,1,1,1,1,0,1,0
140472,649,0.0,4.0,0.0,21,5,2,3,20,0,1,0
140539,1126,0.0,3.0,0.0,7,3,3,2,6,0,1,0
140565,2886,0.0,0.0,0.0,7,2,2,2,6,0,1,0
141106,4585,0.0,3.0,0.0,9,3,3,3,8,0,1,0
141303,2883,0.0,5.0,0.0,1,1,1,1,0,0,1,0
141617,3205,0.0,3.0,0.0,14,8,2,2,5,0,1,8
141724,649,0.0,6.0,1.0,4,1,1,2,3,0,1,0
142031,798,0.0,0.0,0.0,27,12,6,1,24,0,3,0
14212,798,0.0,2.0,1.0,9,3,2,1,8,0,1,0
14225,3383,0.0,3.0,0.0,7,2,1,2,6,0,1,0
142261,4976,0.0,0.0,0.0,22,9,2,3,20,1,1,0
14249,1489,0.0,4.0,1.0,6,1,1,2,5,0,1,0
142587,4864,0.0,4.0,0.0,4,2,2,1,3,0,1,0
142597,141,0.0,3.0,0.0,1,1,1,1,0,0,1,0
14279,3954,0.0,2.0,0.0,2,1,1,1,1,0,1,0
142886,1619,0.0,6.0,1.0,17,4,1,2,15,0,2,0
143990,2242,0.0,4.0,0.0,1,1,1,1,0,0,1,0
144338,424,0.0,3.0,0.0,5,2,2,2,3,0,1,1
145099,3609,0.0,4.0,0.0,9,3,1,1,8,0,1,0
145233,4394,1.0,6.0,0.0,28,15,2,1,24,0,4,0
145479,2320,0.0,3.0,2.0,2,1,1,1,1,0,1,0
145836,121,0.0,3.0,0.0,1,1,1,1,0,0,1,0
146073,3578,0.0,4.0,0.0,2,1,1,1,0,0,2,0
146146,2669,0.0,3.0,0.0,2,1,1,1,1,0,1,0
146261,4043,0.0,2.0,0.0,3,2,1,1,0,0,1,2
14630,2543,0.0,2.0,0.0,5,3,1,1,4,0,1,0
146701,4173,1.0,3.0,0.0,17,9,3,4,12,0,1,4
146937,4394,0.0,0.0,0.0,25,9,3,2,23,0,1,1
146972,4629,0.0,0.0,0.0,2,1,1,1,1,0,1,0
146993,4044,0.0,3.0,0.0,16,6,1,3,15,0,1,0
147457,2435,0.0,2.0,0.0,5,2,1,1,4,0,1,0
147651,4585,0.0,0.0,0.0,3,1,1,1,2,0,1,0
147882,4992,0.0,3.0,0.0,3,2,1,2,1,0,1,1
148004,3710,0.0,3.0,1.0,7,3,1,1,6,0,1,0
149050,523,0.0,5.0,0.0,12,7,1,2,11,0,1,0
149524,1494,0.0,4.0,0.0,2,1,1,1,1,0,1,0
149606,1096,0.0,3.0,1.0,18,1,1,1,16,0,1,1
150394,1049,0.0,2.0,1.0,9,2,1,3,8,0,1,0
150825,1056,0.0,4.0,2.0,1,1,1,1,0,0,1,0
151121,4794,0.0,3.0,1.0,19,3,2,4,18,0,1,0
151847,141,0.0,3.0,0.0,10,4,2,2,8,0,1,1
152969,3501,1.0,5.0,1.0,5,4,3,2,1,0,3,1
153597,4847,0.0,0.0,0.0,63,48,9,3,62,0,1,0
153768,1491,0.0,null,null,3,1,1,1,2,0,1,0
15378,1384,0.0,3.0,0.0,13,1,1,6,9,0,1,3
153781,3349,0.0,5.0,0.0,2,1,1,2,1,0,1,0
154071,4129,0.0,5.0,0.0,9,6,3,2,7,0,2,0
15409,598,0.0,4.0,1.0,14,9,2,3,13,0,1,0
154227,3826,0.0,7.0,0.0,1,1,1,1,0,0,1,0
154611,219,0.0,0.0,0.0,1,1,1,1,0,0,1,0
154629,1097,0.0,2.0,0.0,2,1,1,1,1,0,1,0
154663,4394,0.0,2.0,0.0,1,1,1,1,0,0,1,0
154701,1372,0.0,5.0,0.0,4,2,1,1,2,0,2,0
15528,4826,0.0,4.0,0.0,2,1,1,1,1,0,1,0
155383,1551,0.0,6.0,0.0,9,4,1,1,8,0,1,0
155453,4209,0.0,3.0,1.0,4,1,1,2,1,0,1,2
155525,1102,1.0,8.0,0.0,86,38,6,1,82,0,1,3
155839,4368,0.0,3.0,1.0,11,3,2,1,9,0,2,0
156114,682,0.0,4.0,1.0,3,1,1,1,2,0,1,0
156161,2318,0.0,0.0,1.0,2,1,1,1,1,0,1,0
156684,4605,0.0,2.0,0.0,6,2,2,3,5,0,1,0
156868,606,0.0,5.0,0.0,32,24,8,2,31,0,1,0
157175,4173,0.0,0.0,0.0,15,6,2,1,14,0,1,0
157369,4090,0.0,3.0,1.0,9,2,1,2,7,0,2,0
157373,3968,0.0,3.0,0.0,2,1,1,2,0,0,1,1
157536,4009,0.0,6.0,0.0,4,1,1,1,3,0,1,0
158116,3374,0.0,0.0,0.0,1,1,1,1,0,0,1,0
158289,1274,0.0,5.0,1.0,4,1,1,3,3,0,1,0
159211,2856,0.0,3.0,1.0,4,1,1,1,3,0,1,0
159278,3826,1.0,6.0,1.0,3,1,1,1,2,0,1,0
15961,1123,0.0,0.0,0.0,16,3,1,5,15,0,1,0
161126,1916,0.0,4.0,0.0,15,9,2,2,14,0,1,0
162208,4282,0.0,2.0,1.0,10,4,1,2,9,0,1,0
162304,3990,0.0,2.0,0.0,5,2,2,2,4,0,1,0
16317,1556,0.0,2.0,0.0,10,2,1,6,9,0,1,0
163404,3014,0.0,3.0,1.0,2,1,1,1,1,0,1,0
164380,3599,0.0,2.0,0.0,44,9,5,9,41,0,1,2
164537,346,0.0,3.0,1.0,29,6,1,3,27,0,1,1
164802,4044,1.0,2.0,0.0,105,15,3,3,102,0,3,0
164921,4836,0.0,3.0,0.0,12,5,3,2,10,0,2,0
165141,3971,0.0,5.0,1.0,5,2,1,2,4,0,1,0
16534,4560,0.0,3.0,0.0,3,1,1,1,2,0,1,0
166035,4044,0.0,0.0,0.0,14,6,1,1,12,0,1,1
167140,3154,0.0,4.0,0.0,14,4,4,5,13,0,1,0
167294,2138,0.0,6.0,0.0,9,2,2,3,7,0,2,0
167318,2278,0.0,0.0,0.0,4,2,1,3,3,0,1,0
167509,606,0.0,3.0,0.0,24,11,4,6,20,0,1,3
167749,4760,0.0,0.0,0.0,11,5,3,2,10,0,1,0
167810,1200,0.0,4.0,0.0,2,1,1,2,1,0,1,0
16791,1895,0.0,3.0,1.0,7,1,1,1,6,0,1,0
168238,322,1.0,3.0,0.0,1,1,1,1,0,0,1,0
168720,1891,0.0,4.0,0.0,16,3,2,2,14,0,2,0
168819,296,0.0,4.0,0.0,7,2,1,1,6,0,1,0
169358,3629,0.0,3.0,0.0,18,4,3,1,16,0,1,1
169738,2786,0.0,2.0,1.0,6,2,1,1,5,0,1,0
170313,3472,0.0,3.0,0.0,6,3,1,1,5,0,1,0
170455,4368,0.0,4.0,0.0,7,3,1,1,4,0,3,0
170485,1454,0.0,3.0,null,3,1,1,1,1,0,2,0
170488,951,0.0,3.0,0.0,6,3,2,1,5,0,1,0
170911,148,0.0,4.0,0.0,13,4,3,2,12,0,1,0
170967,416,0.0,3.0,0.0,7,6,3,1,6,0,1,0
171159,4044,0.0,3.0,0.0,1,1,1,1,0,0,1,0
171265,4871,0.0,3.0,1.0,2,1,1,1,1,0,1,0
171396,4992,0.0,2.0,1.0,9,4,1,1,8,0,1,0
172180,2318,0.0,2.0,0.0,25,3,2,2,22,0,1,2
172264,4173,0.0,3.0,0.0,6,2,2,1,5,0,1,0
17248,437,0.0,3.0,0.0,19,6,2,2,17,0,2,0
172527,2140,0.0,2.0,0.0,3,1,1,1,2,0,1,0
173265,4417,0.0,0.0,0.0,2,1,1,1,1,0,1,0
173331,4992,0.0,3.0,1.0,4,1,1,1,3,0,1,0
173449,3159,0.0,3.0,0.0,6,4,3,1,4,0,2,0
173700,1861,0.0,0.0,0.0,1,1,1,1,0,0,1,0
173790,1117,0.0,0.0,0.0,13,6,4,5,11,0,2,0
174078,474,0.0,3.0,0.0,16,7,7,1,11,0,5,0
174427,2545,0.0,3.0,1.0,23,13,6,2,18,0,3,2
174634,2175,0.0,0.0,0.0,16,8,5,1,15,0,1,0
174731,4186,1.0,3.0,1.0,11,8,1,1,10,0,1,0
175067,639,0.0,3.0,0.0,6,1,1,1,4,0,2,0
175193,3541,0.0,6.0,1.0,14,3,1,5,13,0,1,0
175203,643,0.0,4.0,0.0,1,1,1,1,0,0,1,0
175308,3205,0.0,0.0,0.0,4,1,1,1,3,0,1,0
175746,437,0.0,4.0,0.0,8,3,1,3,7,0,1,0
176957,410,0.0,0.0,0.0,3,1,1,1,2,0,1,0
177079,3614,0.0,3.0,0.0,1,1,1,1,0,0,1,0
177276,1203,0.0,0.0,0.0,38,19,9,2,36,0,2,0
178253,1704,0.0,0.0,1.0,11,3,2,3,10,0,1,0
178648,3734,0.0,3.0,2.0,29,13,6,2,25,1,3,0
178698,2821,0.0,6.0,1.0,8,3,1,1,7,0,1,0
178818,3623,0.0,2.0,0.0,4,1,1,1,3,0,1,0
178829,1291,1.0,0.0,0.0,7,2,1,1,5,0,2,0
178892,1272,0.0,0.0,0.0,7,3,2,3,5,0,2,0
178919,1346,0.0,4.0,0.0,12,4,1,3,10,0,2,0
179005,1310,0.0,0.0,0.0,9,7,6,2,8,0,1,0
179006,3152,0.0,3.0,2.0,7,3,2,2,6,0,1,0
17978,523,0.0,4.0,2.0,3,1,1,2,2,0,1,0
179892,2303,0.0,0.0,1.0,18,4,1,1,16,0,2,0
180418,4940,0.0,0.0,0.0,65,23,2,3,62,0,3,0
180767,4049,0.0,3.0,0.0,6,3,2,1,5,0,1,0
181067,2821,0.0,4.0,2.0,7,1,1,1,6,0,1,0
181413,3984,0.0,6.0,0.0,3,1,1,1,2,0,1,0
181949,4198,0.0,4.0,0.0,2,1,1,1,1,0,1,0
182186,4427,0.0,0.0,0.0,3,2,1,1,2,0,1,0
182231,4585,0.0,4.0,0.0,2,1,1,1,1,0,1,0
182884,1833,0.0,4.0,1.0,72,24,6,4,65,0,1,6
184295,4976,0.0,0.0,0.0,23,7,3,2,21,0,1,1
18455,1346,0.0,6.0,2.0,4,3,1,2,3,0,1,0
184678,1760,0.0,5.0,0.0,36,22,2,1,33,0,3,0
184735,4718,0.0,5.0,0.0,1,1,1,1,0,0,1,0
184827,3599,0.0,3.0,0.0,60,35,13,1,55,0,5,0
185123,4287,0.0,0.0,0.0,5,3,3,1,4,0,1,0
185296,104,0.0,2.0,1.0,3,1,1,1,2,0,1,0
185335,3181,0.0,4.0,0.0,2,1,1,1,1,0,1,0
18579,3826,0.0,3.0,1.0,3,1,1,1,2,0,1,0
185895,3022,0.0,2.0,1.0,2,1,1,1,1,0,1,0
186062,255,0.0,0.0,0.0,2,1,1,1,1,0,1,0
186184,1892,0.0,4.0,0.0,53,8,3,2,49,0,3,1
186249,3105,0.0,2.0,0.0,18,12,4,2,17,0,1,0
186391,4048,0.0,3.0,0.0,1,1,1,1,0,0,1,0
186599,437,0.0,4.0,0.0,1,1,1,1,0,0,1,0
18711,4090,0.0,0.0,1.0,6,1,1,2,4,1,1,0
18750,1340,0.0,6.0,0.0,1,1,1,1,0,0,1,0
188416,2361,0.0,3.0,0.0,6,3,3,2,5,0,1,0
188491,4794,0.0,0.0,0.0,2,1,1,1,1,0,1,0
18860,4256,0.0,5.0,0.0,34,17,5,7,32,0,1,1
188688,3982,0.0,0.0,0.0,5,4,1,1,4,0,1,0
188782,914,0.0,0.0,1.0,12,5,1,1,11,0,1,0
189202,2173,0.0,4.0,0.0,7,3,2,5,4,0,2,1
189361,4173,0.0,4.0,0.0,17,2,2,1,16,0,1,0
190026,742,0.0,5.0,1.0,31,16,8,1,27,0,3,1
190730,4987,0.0,6.0,1.0,3,1,1,2,2,0,1,0
190902,3410,0.0,5.0,0.0,3,1,1,2,2,0,1,0
190922,4097,0.0,0.0,1.0,2,1,1,1,1,0,1,0
191005,1342,0.0,6.0,1.0,8,1,1,3,7,0,1,0
191052,3456,0.0,3.0,0.0,9,5,1,1,8,0,1,0
191107,2981,0.0,3.0,2.0,2,1,1,2,0,0,1,1
191956,416,0.0,0.0,0.0,88,28,7,3,84,0,4,0
192390,4474,0.0,5.0,0.0,2,1,1,1,1,0,1,0
192452,3073,0.0,2.0,0.0,2,1,1,1,1,0,1,0
192665,4979,0.0,6.0,0.0,6,3,1,2,4,0,1,1
192768,1000,0.0,4.0,0.0,5,2,2,1,4,0,1,0
192982,3452,0.0,2.0,0.0,7,2,1,1,5,0,1,1
193183,1835,0.0,6.0,0.0,3,2,2,1,2,0,1,0
193875,3850,0.0,4.0,0.0,2,2,2,2,0,0,1,1
193968,1884,0.0,2.0,1.0,5,2,2,1,4,0,1,0
194400,3956,0.0,3.0,0.0,4,3,1,2,3,0,1,0
195656,361,0.0,6.0,0.0,24,9,1,4,22,0,2,0
195787,4173,0.0,2.0,0.0,34,13,4,5,33,0,1,0
196840,4933,0.0,5.0,0.0,1,1,1,1,0,0,1,0
197312,4173,0.0,4.0,0.0,34,30,5,7,33,0,1,0
198524,4864,0.0,4.0,0.0,11,5,2,3,10,0,1,0
198734,4039,0.0,4.0,0.0,11,4,1,1,10,0,1,0
199058,3578,0.0,3.0,1.0,15,9,3,2,14,0,1,0
199087,2459,0.0,5.0,0.0,6,4,2,1,5,0,1,0
199233,1193,0.0,3.0,1.0,1,1,1,1,0,0,1,0
200094,3176,0.0,2.0,0.0,1,1,1,1,0,0,1,0
200520,361,0.0,5.0,1.0,7,2,1,2,6,0,1,0
200674,742,0.0,2.0,2.0,2,1,1,1,1,0,1,0
200692,1203,0.0,5.0,0.0,13,4,4,2,9,0,4,0
201185,361,0.0,4.0,0.0,16,3,1,4,12,0,1,3
201437,4779,0.0,0.0,0.0,9,2,2,1,8,0,1,0
202075,4492,0.0,3.0,1.0,5,2,1,1,3,0,1,1
20241,3350,0.0,4.0,0.0,4,1,1,1,2,0,1,1
203155,654,0.0,3.0,0.0,2,1,1,1,1,0,1,0
203274,3971,0.0,3.0,0.0,8,1,1,1,6,0,2,0
203895,2051,0.0,3.0,0.0,7,3,1,2,6,0,1,0
204041,4302,0.0,4.0,1.0,7,2,1,1,6,0,1,0
204046,4760,0.0,5.0,0.0,13,9,6,1,11,0,2,0
204464,1399,0.0,5.0,1.0,1,1,1,1,0,0,1,0
20450,1496,0.0,4.0,0.0,1,1,1,1,0,0,1,0
20479,1900,0.0,4.0,1.0,5,1,1,1,4,0,1,0
205208,1916,1.0,5.0,0.0,4,3,1,1,0,0,4,0
205245,1203,0.0,3.0,0.0,9,2,2,2,7,0,1,1
205248,4245,0.0,5.0,2.0,4,1,1,2,3,0,1,0
205306,794,0.0,4.0,1.0,4,4,1,2,3,0,1,0
205415,3828,1.0,4.0,0.0,20,10,5,3,18,0,2,0
206114,3520,0.0,6.0,0.0,5,3,1,2,4,0,1,0
206399,4049,0.0,3.0,0.0,5,1,1,2,4,0,1,0
20686,190,0.0,0.0,0.0,2,1,1,1,1,0,1,0
206970,3420,0.0,3.0,0.0,12,6,3,2,11,0,1,0
207513,3230,0.0,2.0,0.0,3,1,1,1,1,0,1,1
207791,3701,0.0,0.0,0.0,18,3,2,3,17,0,1,0
208118,2031,0.0,2.0,1.0,8,4,2,2,7,0,1,0
209087,3571,0.0,0.0,0.0,6,2,1,2,5,0,1,0
209201,114,0.0,3.0,0.0,12,4,1,1,11,0,1,0
209206,2626,0.0,3.0,0.0,9,4,3,6,7,0,1,1
209548,2273,0.0,4.0,0.0,8,4,1,1,7,0,1,0
209601,437,0.0,5.0,0.0,91,24,1,4,90,0,1,0
21001,4993,0.0,2.0,0.0,10,3,1,1,9,0,1,0
210053,1102,0.0,0.0,0.0,28,11,6,5,25,0,2,1
210165,4067,0.0,0.0,0.0,8,4,3,3,7,0,1,0
210262,2869,0.0,3.0,0.0,3,1,1,1,2,0,1,0
210684,2738,0.0,0.0,0.0,4,1,1,1,3,0,1,0
211018,2138,0.0,2.0,0.0,10,3,3,1,7,0,3,0
211199,3576,1.0,3.0,0.0,9,1,1,5,8,0,1,0
211246,3955,0.0,0.0,1.0,2,1,1,1,1,0,1,0
211258,2872,0.0,4.0,1.0,2,2,2,1,0,0,2,0
211349,742,0.0,6.0,0.0,6,4,3,1,5,0,1,0
211430,3828,0.0,6.0,0.0,25,10,6,3,22,0,3,0
212271,2173,0.0,4.0,0.0,4,1,1,2,2,0,1,1
212672,2790,0.0,5.0,0.0,8,2,1,2,7,0,1,0
213578,1459,0.0,4.0,1.0,14,6,3,1,12,0,2,0
214034,3959,0.0,0.0,0.0,5,2,1,1,4,0,1,0
214143,2361,0.0,0.0,0.0,1,1,1,1,0,0,1,0
214633,1102,0.0,0.0,0.0,4,3,2,1,3,0,1,0
214713,1272,0.0,3.0,0.0,1,1,1,1,0,0,1,0
215175,4727,0.0,3.0,0.0,9,4,2,2,6,0,1,2
215739,3929,0.0,6.0,1.0,1,1,1,1,0,0,1,0
215778,1393,0.0,5.0,0.0,44,36,8,2,41,2,1,0
216025,606,0.0,3.0,0.0,6,3,2,2,4,0,1,1
216524,588,0.0,5.0,0.0,2,1,1,1,1,0,1,0
217271,2786,0.0,3.0,1.0,3,2,1,1,2,0,1,0
217399,1487,0.0,2.0,0.0,6,1,1,2,4,0,2,0
217449,1487,0.0,3.0,0.0,7,2,1,1,6,0,1,0
217915,2273,0.0,7.0,1.0,7,1,1,1,6,0,1,0
218063,4864,0.0,0.0,0.0,42,12,2,2,39,0,3,0
218294,2482,0.0,4.0,0.0,6,4,3,2,0,0,3,3
218380,3828,0.0,3.0,0.0,42,28,12,8,40,1,1,0
218806,58,0.0,7.0,0.0,2,1,1,2,1,0,1,0
21892,4363,1.0,3.0,2.0,5,1,1,1,4,0,1,0
219087,2099,0.0,0.0,0.0,2,1,1,2,0,0,1,1
219192,4325,0.0,4.0,1.0,1,1,1,1,0,0,1,0
219473,602,0.0,4.0,1.0,8,2,2,1,7,0,1,0
219575,794,0.0,0.0,0.0,11,6,1,3,8,0,1,2
219731,3005,0.0,5.0,0.0,2,1,1,1,1,0,1,0
220207,4325,0.0,0.0,0.0,6,2,2,1,5,0,1,0
220247,2124,0.0,6.0,0.0,22,10,3,4,20,0,2,0
220574,4282,0.0,2.0,1.0,26,12,3,4,20,0,1,5
220644,1322,0.0,4.0,0.0,2,1,1,1,1,0,1,0
22093,121,1.0,5.0,0.0,11,4,4,2,9,0,2,0
221330,1704,0.0,4.0,0.0,2,1,1,1,1,0,1,0
221565,4427,0.0,4.0,0.0,11,6,1,1,10,0,1,0
221938,1892,0.0,3.0,0.0,7,7,4,3,6,0,1,0
222133,862,0.0,4.0,1.0,22,13,7,3,15,0,7,0
222554,4171,0.0,4.0,0.0,8,1,1,2,5,0,2,1
22308,467,0.0,3.0,0.0,35,10,3,7,30,0,1,4
223417,4173,0.0,6.0,0.0,13,9,3,3,12,0,1,0
223803,4183,0.0,6.0,0.0,5,1,1,4,4,0,1,0
224208,856,0.0,5.0,0.0,2,1,1,1,1,0,1,0
224365,1346,0.0,6.0,1.0,3,2,1,1,2,0,1,0
224528,2569,1.0,4.0,0.0,3,1,1,1,0,0,3,0
224772,2273,0.0,5.0,1.0,20,2,2,2,18,0,1,1
224948,2981,1.0,0.0,0.0,3,2,2,2,2,0,1,0
225336,3148,0.0,0.0,0.0,9,7,3,1,8,0,1,0
225641,2915,0.0,4.0,0.0,9,4,2,1,8,0,1,0
225671,606,0.0,3.0,0.0,74,36,10,6,67,0,1,6
225837,141,0.0,2.0,0.0,4,3,2,2,0,0,1,3
226297,2954,0.0,4.0,0.0,1,1,1,1,0,0,1,0
226586,1742,0.0,7.0,0.0,2,1,1,1,1,0,1,0
226717,4903,0.0,3.0,0.0,3,1,1,1,2,0,1,0
226902,598,0.0,3.0,1.0,7,2,2,2,5,1,1,0
227307,2138,0.0,3.0,0.0,14,7,3,2,11,0,3,0
2274,3558,0.0,5.0,0.0,4,1,1,2,3,0,1,0
227461,2679,0.0,4.0,1.0,2,1,1,1,1,0,1,0
228288,4394,0.0,5.0,2.0,10,8,2,2,2,0,8,0
22873,1056,0.0,0.0,0.0,8,1,1,1,7,0,1,0
229110,3159,0.0,2.0,0.0,5,2,2,1,3,0,2,0
22971,145,0.0,0.0,0.0,2,1,1,2,1,0,1,0
229733,1096,0.0,3.0,0.0,4,1,1,2,2,1,1,0
229776,1031,0.0,3.0,0.0,3,2,1,2,0,0,2,1
230172,1721,0.0,6.0,0.0,5,1,1,3,4,0,1,0
230276,1840,0.0,4.0,0.0,1,1,1,1,0,0,1,0
230512,326,0.0,6.0,0.0,4,1,1,1,2,0,2,0
230863,414,0.0,6.0,0.0,37,21,3,2,36,0,1,0
230882,4368,0.0,5.0,0.0,5,2,1,1,3,0,2,0
232095,4025,0.0,0.0,0.0,2,1,1,1,1,0,1,0
232113,2193,0.0,6.0,1.0,1,1,1,1,0,0,1,0
232119,4568,0.0,4.0,0.0,60,18,8,5,56,0,2,2
232450,4976,0.0,3.0,0.0,2,1,1,1,1,0,1,0
233312,4755,0.0,3.0,1.0,2,1,1,1,1,0,1,0
233327,860,0.0,0.0,0.0,30,20,11,6,29,0,1,0
23378,4492,0.0,3.0,1.0,4,1,1,1,3,0,1,0
234062,3588,0.0,5.0,0.0,4,1,1,1,3,0,1,0
234255,3955,0.0,4.0,0.0,4,2,1,2,3,0,1,0
235441,310,0.0,4.0,0.0,1,1,1,1,0,0,1,0
235706,557,0.0,4.0,1.0,3,1,1,1,2,0,1,0
23604,3191,0.0,0.0,0.0,5,1,1,1,2,0,3,0
236098,3839,0.0,0.0,0.0,58,21,3,10,55,0,3,0
236118,191,0.0,0.0,0.0,3,1,1,1,2,0,1,0
236214,2361,0.0,3.0,0.0,7,2,2,1,6,0,1,0
236345,625,0.0,4.0,0.0,14,4,1,2,13,0,1,0
23662,3990,0.0,0.0,1.0,3,2,2,2,2,0,1,0
23670,2066,0.0,4.0,2.0,13,6,1,2,11,0,1,1
23684,1900,0.0,7.0,1.0,4,1,1,1,3,0,1,0
236844,1522,0.0,5.0,0.0,12,1,1,1,11,0,1,0
237008,1203,1.0,4.0,0.0,10,3,1,1,8,0,2,0
2376,4976,0.0,3.0,0.0,9,7,2,1,8,0,1,0
237952,4525,0.0,3.0,0.0,7,4,2,2,6,0,1,0
238941,4267,0.0,4.0,0.0,55,21,6,4,53,0,2,0
239238,3545,1.0,3.0,1.0,4,1,1,2,3,0,1,0
239929,1890,1.0,6.0,0.0,10,4,2,4,8,0,1,1
240203,4043,0.0,0.0,0.0,2,1,1,1,1,0,1,0
240227,3826,0.0,2.0,1.0,2,1,1,1,1,0,1,0
241158,4009,0.0,5.0,0.0,7,3,1,2,6,0,1,0
241183,98,0.0,0.0,0.0,13,5,2,2,10,0,1,2
241592,3734,0.0,2.0,0.0,3,2,2,1,2,0,1,0
241624,3734,0.0,2.0,null,26,3,2,2,25,0,1,0
242290,4039,0.0,2.0,0.0,5,1,1,1,4,0,1,0
242492,3628,0.0,3.0,0.0,1,1,1,1,0,0,1,0
243299,1346,0.0,3.0,2.0,127,27,1,6,120,0,3,4
243317,2821,0.0,0.0,0.0,7,1,1,1,5,0,2,0
243488,1875,0.0,0.0,1.0,8,6,2,1,6,0,2,0
245259,1203,0.0,3.0,0.0,5,2,1,1,4,0,1,0
245389,2669,0.0,0.0,0.0,3,2,1,2,2,0,1,0
24565,3170,0.0,3.0,0.0,5,4,2,2,4,0,1,0
246127,2417,0.0,3.0,1.0,9,4,3,2,7,0,2,0
246249,310,0.0,0.0,1.0,8,3,3,2,7,0,1,0
246342,996,0.0,0.0,1.0,3,1,1,1,2,0,1,0
246547,1131,0.0,4.0,0.0,38,8,4,2,35,0,2,1
246710,273,0.0,2.0,0.0,2,1,1,1,1,0,1,0
246771,3640,0.0,0.0,0.0,6,2,2,1,5,0,1,0
247493,4976,0.0,4.0,0.0,6,3,3,2,5,0,1,0
249942,2608,0.0,3.0,0.0,9,1,1,2,8,0,1,0
250071,4928,0.0,5.0,0.0,11,3,1,1,10,0,1,0
25015,2790,0.0,0.0,0.0,5,1,1,1,4,0,1,0
251377,2776,0.0,4.0,0.0,9,3,2,3,7,0,1,1
252030,3205,0.0,3.0,0.0,12,8,2,1,3,0,1,8
252138,3828,1.0,4.0,0.0,4,2,2,2,3,0,1,0
25224,4841,0.0,3.0,0.0,5,1,1,1,4,0,1,0
252394,962,0.0,3.0,1.0,3,1,1,1,2,0,1,0
252721,4966,0.0,3.0,0.0,2,1,1,1,1,0,1,0
252775,2454,0.0,4.0,1.0,4,1,1,1,3,0,1,0
25326,3545,0.0,0.0,1.0,12,5,1,2,11,0,1,0
253305,2492,0.0,4.0,1.0,7,1,1,2,6,0,1,0
253309,1618,0.0,4.0,1.0,6,1,1,2,5,0,1,0
253551,3734,0.0,3.0,1.0,9,5,3,3,5,0,1,3
254251,4173,0.0,0.0,0.0,14,10,7,3,3,0,1,10
254521,1506,0.0,0.0,1.0,3,2,1,1,2,0,1,0
254700,4818,0.0,3.0,2.0,1,1,1,1,0,0,1,0
254942,1500,0.0,6.0,0.0,10,6,1,1,9,0,1,0
254944,3363,0.0,6.0,0.0,4,1,1,1,3,0,1,0
255187,4605,0.0,2.0,0.0,2,1,1,1,1,0,1,0
255488,2143,0.0,2.0,1.0,6,3,1,1,3,0,3,0
255550,4149,0.0,4.0,2.0,2,1,1,1,1,0,1,0
256659,4220,0.0,4.0,1.0,2,1,1,1,1,0,1,0
256915,2318,0.0,6.0,0.0,9,4,2,2,7,0,1,1
257009,9,0.0,5.0,1.0,8,2,1,1,7,0,1,0
257326,4044,0.0,2.0,0.0,31,11,1,7,23,0,1,7
257721,537,0.0,0.0,1.0,3,2,1,1,2,0,1,0
257851,2217,1.0,4.0,1.0,17,9,2,3,15,0,2,0
25789,4173,0.0,3.0,0.0,25,7,2,2,24,0,1,0
25839,2,0.0,3.0,0.0,6,1,1,1,5,0,1,0
258712,3955,0.0,2.0,0.0,6,3,1,1,5,0,1,0
258746,1340,0.0,3.0,0.0,3,2,2,2,1,0,2,0
258930,1340,0.0,4.0,0.0,17,12,5,1,15,0,2,0
260022,4234,0.0,0.0,1.0,3,2,2,2,1,0,1,1
260109,1610,0.0,4.0,0.0,2,1,1,1,1,0,1,0
260461,1017,0.0,4.0,0.0,14,2,1,1,13,0,1,0
260871,3014,0.0,3.0,0.0,3,1,1,1,2,0,1,0
261290,1704,0.0,4.0,0.0,17,6,1,2,15,0,2,0
261383,1923,0.0,3.0,0.0,6,1,1,1,5,0,1,0
261537,2856,0.0,4.0,0.0,6,3,1,1,5,0,1,0
261789,361,0.0,4.0,1.0,5,1,1,1,4,0,1,0
262220,3042,0.0,4.0,0.0,6,6,3,1,5,0,1,0
262245,4090,0.0,0.0,0.0,2,1,1,1,1,0,1,0
262361,317,0.0,7.0,0.0,6,2,2,1,4,0,1,1
262428,522,0.0,7.0,1.0,5,1,1,4,4,0,1,0
262662,3266,0.0,2.0,0.0,1,1,1,1,0,0,1,0
262743,4268,0.0,2.0,0.0,13,3,1,3,12,0,1,0
262906,415,0.0,0.0,0.0,3,1,1,1,2,0,1,0
263137,2932,0.0,3.0,2.0,9,4,3,1,8,0,1,0
263159,4506,0.0,4.0,0.0,2,1,1,1,1,0,1,0
263218,4929,0.0,6.0,0.0,19,5,2,3,17,0,1,1
263572,3955,0.0,2.0,0.0,2,1,1,1,1,0,1,0
263673,586,0.0,4.0,0.0,28,11,1,2,27,0,1,0
263722,1399,0.0,3.0,0.0,14,5,2,2,13,0,1,0
264205,4818,0.0,4.0,0.0,19,4,3,4,14,0,2,3
264261,1056,0.0,3.0,0.0,8,2,2,4,6,0,1,1
264261,4287,0.0,3.0,0.0,11,2,1,4,8,0,1,2
264519,3602,0.0,3.0,1.0,7,4,1,1,6,0,1,0
26537,3168,0.0,6.0,0.0,1,1,1,1,0,0,1,0
266295,4871,1.0,3.0,0.0,3,1,1,1,2,0,1,0
266593,606,0.0,3.0,0.0,19,10,3,2,18,0,1,0
266728,794,0.0,3.0,0.0,20,3,1,1,19,0,1,0
266759,4325,0.0,3.0,2.0,1,1,1,1,0,0,1,0
267148,3319,0.0,0.0,0.0,5,2,1,2,4,0,1,0
267373,1050,0.0,4.0,1.0,3,1,1,1,2,0,1,0
267775,3014,0.0,0.0,0.0,2,1,1,2,1,0,1,0
268299,3854,0.0,5.0,0.0,2,2,1,1,0,0,2,0
268415,3609,0.0,4.0,1.0,3,1,1,1,2,0,1,0
269296,4458,0.0,5.0,0.0,10,7,1,1,9,0,1,0
269547,1096,0.0,5.0,0.0,1,1,1,1,0,0,1,0
27002,3607,0.0,4.0,2.0,4,2,1,2,3,0,1,0
270122,3586,0.0,5.0,0.0,4,1,1,2,3,0,1,0
270423,1501,0.0,6.0,0.0,21,9,3,3,20,0,1,0
270578,2856,0.0,0.0,1.0,14,4,1,2,13,0,1,0
27058,2721,0.0,2.0,0.0,6,4,1,4,1,0,1,4
270637,2597,0.0,4.0,1.0,5,1,1,2,4,0,1,0
271738,1892,0.0,4.0,0.0,1,1,1,1,0,0,1,0
272005,845,0.0,3.0,1.0,7,2,1,2,4,0,1,2
272350,3822,0.0,0.0,0.0,4,1,1,2,2,0,1,1
272927,4026,0.0,0.0,0.0,5,1,1,3,4,0,1,0
2734,366,1.0,3.0,1.0,14,3,2,2,13,0,1,0
273415,4281,0.0,5.0,1.0,5,1,1,1,4,0,1,0
273418,3839,0.0,3.0,0.0,69,11,1,4,68,0,1,0
274468,2047,1.0,0.0,0.0,19,6,2,4,16,0,1,2
274722,2872,0.0,4.0,1.0,1,1,1,1,0,0,1,0
274939,2217,0.0,2.0,0.0,5,2,1,1,4,0,1,0
275300,3670,1.0,4.0,0.0,14,8,2,1,12,0,2,0
275351,4793,0.0,3.0,0.0,4,1,1,2,3,0,1,0
276269,1399,0.0,4.0,0.0,7,1,1,2,5,0,1,1
276286,786,0.0,0.0,0.0,6,3,2,2,5,0,1,0
276750,756,0.0,4.0,0.0,10,3,1,2,9,0,1,0
276985,4992,0.0,0.0,0.0,2,1,1,1,1,0,1,0
277046,1342,0.0,0.0,0.0,10,5,3,1,8,0,1,1
277098,803,0.0,6.0,0.0,19,11,6,5,18,0,1,0
277279,3958,1.0,6.0,0.0,9,6,6,1,8,0,1,0
277647,323,1.0,3.0,0.0,11,2,1,2,10,0,1,0
277739,4318,0.0,0.0,0.0,6,3,2,4,5,0,1,0
277773,2447,0.0,4.0,1.0,3,1,1,1,2,0,1,0
277799,1102,0.0,4.0,0.0,23,12,6,7,21,0,1,1
278078,1435,0.0,2.0,1.0,4,1,1,1,2,1,1,0
278194,3619,0.0,4.0,0.0,3,1,1,1,2,0,1,0
278578,310,0.0,6.0,0.0,6,1,1,2,5,0,1,0
278751,1126,0.0,3.0,0.0,27,12,4,4,26,0,1,0
278807,3502,0.0,3.0,1.0,7,1,1,1,6,0,1,0
279002,1724,0.0,3.0,0.0,14,4,2,2,12,0,1,1
27914,361,0.0,0.0,1.0,10,2,1,2,7,0,1,2
279193,3022,0.0,3.0,1.0,4,2,1,1,3,0,1,0
279839,3247,0.0,2.0,1.0,2,2,2,2,1,0,1,0
280812,2579,0.0,4.0,0.0,6,2,1,1,5,0,1,0
280988,10,0.0,0.0,0.0,29,9,3,3,22,0,1,6
281175,4044,0.0,4.0,1.0,7,2,2,1,5,0,2,0
28162,4322,0.0,0.0,null,8,3,2,1,7,0,1,0
282182,1485,0.0,5.0,1.0,9,4,1,1,7,0,2,0
282695,141,0.0,4.0,0.0,8,3,3,1,7,0,1,0
282923,652,0.0,0.0,0.0,9,3,2,3,8,0,1,0
282981,1393,1.0,0.0,0.0,26,11,7,2,21,0,5,0
283269,2854,0.0,0.0,1.0,8,2,1,1,7,0,1,0
283951,4442,0.0,4.0,0.0,6,2,1,2,5,0,1,0
284108,946,0.0,4.0,0.0,8,3,1,2,7,0,1,0
284596,1116,0.0,3.0,0.0,11,3,2,1,10,0,1,0
284928,2669,0.0,0.0,0.0,1,1,1,1,0,0,1,0
28509,3455,0.0,5.0,1.0,18,6,1,3,16,0,1,1
285121,3191,1.0,2.0,0.0,11,4,1,1,9,0,1,1
285517,416,0.0,4.0,0.0,10,5,3,1,8,0,1,1
285837,522,0.0,8.0,1.0,4,1,1,1,2,0,1,1
285937,2108,0.0,3.0,1.0,5,1,1,1,4,0,1,0
286022,2447,0.0,5.0,0.0,8,4,1,2,7,0,1,0
286571,2273,0.0,6.0,0.0,23,4,1,7,20,0,1,2
28658,1526,0.0,3.0,0.0,12,3,2,2,10,0,2,0
286950,721,1.0,3.0,0.0,4,1,1,2,2,0,1,1
28721,1357,0.0,4.0,2.0,9,4,3,2,7,0,2,0
287326,1031,0.0,5.0,0.0,2,1,1,1,1,0,1,0
287860,4394,0.0,6.0,0.0,47,13,1,8,42,0,4,1
287872,4368,0.0,5.0,0.0,11,6,4,1,8,0,3,0
287937,141,0.0,0.0,0.0,31,20,5,1,30,0,1,0
288741,4043,0.0,2.0,0.0,68,27,10,5,59,0,8,1
288927,3734,0.0,2.0,1.0,19,7,2,2,17,0,2,0
289554,4090,0.0,6.0,0.0,3,1,1,1,2,0,1,0
290032,594,0.0,0.0,0.0,1,1,1,1,0,0,1,0
290194,2435,0.0,5.0,0.0,2,1,1,2,1,0,1,0
290833,255,0.0,2.0,0.0,9,4,1,2,7,0,2,0
291252,1000,0.0,3.0,0.0,5,1,1,2,4,0,1,0
291451,4768,0.0,0.0,0.0,7,5,1,3,6,0,1,0
291472,3460,0.0,2.0,0.0,1,1,1,1,0,0,1,0
291816,1447,0.0,2.0,0.0,5,1,1,3,4,0,1,0
291850,4594,0.0,6.0,1.0,5,1,1,1,4,0,1,0
292357,4371,1.0,0.0,0.0,3,1,1,1,1,0,2,0
292408,3670,0.0,3.0,0.0,5,2,1,1,4,0,1,0
29285,3792,0.0,null,null,6,2,1,1,5,0,1,0
293154,1724,0.0,0.0,0.0,8,6,3,1,6,0,2,0
293850,1056,0.0,4.0,0.0,11,5,2,3,9,0,2,0
293962,1854,0.0,7.0,0.0,26,2,1,4,24,0,1,1
294454,1502,0.0,0.0,1.0,6,1,1,1,4,0,2,0
294706,756,1.0,2.0,0.0,4,1,1,1,3,0,1,0
294933,682,0.0,0.0,0.0,2,1,1,1,1,0,1,0
295545,1892,0.0,4.0,0.0,2,1,1,1,1,0,1,0
296400,3239,0.0,3.0,0.0,1,1,1,1,0,0,1,0
29675,2193,0.0,2.0,0.0,5,2,2,1,3,0,2,0
297496,4178,0.0,2.0,0.0,5,3,2,3,1,0,2,2
297618,141,0.0,0.0,0.0,52,29,12,4,49,0,1,2
298584,4043,0.0,3.0,1.0,8,5,5,2,7,0,1,0
298772,1467,1.0,4.0,0.0,3,1,1,2,2,0,1,0
298873,1703,0.0,5.0,1.0,15,5,3,4,14,0,1,0
299387,3323,0.0,3.0,0.0,13,4,1,3,12,0,1,0
299484,4280,0.0,3.0,0.0,14,8,1,1,12,0,1,1
299542,1843,0.0,0.0,0.0,21,8,3,6,18,0,3,0
299738,1900,0.0,6.0,0.0,3,1,1,1,2,0,1,0
30045,2051,0.0,4.0,0.0,6,3,2,1,5,0,1,0
300524,2537,0.0,4.0,1.0,2,1,1,1,1,0,1,0
301350,1200,0.0,3.0,1.0,5,2,2,2,3,0,1,1
301401,320,0.0,4.0,0.0,2,1,1,1,0,0,1,1
301457,2913,0.0,0.0,0.0,3,1,1,1,2,0,1,0
301627,2954,0.0,4.0,1.0,33,10,8,5,25,0,8,0
301655,1583,0.0,3.0,0.0,9,2,1,2,8,0,1,0
301840,2173,0.0,6.0,0.0,10,6,2,3,9,0,1,0
30190,3629,0.0,0.0,0.0,30,5,3,7,28,0,2,0
302181,2516,0.0,6.0,0.0,2,1,1,1,1,0,1,0
302224,1514,0.0,0.0,0.0,4,1,1,1,3,0,1,0
302396,3398,0.0,5.0,0.0,13,8,4,2,12,0,1,0
302434,793,0.0,6.0,0.0,19,3,1,2,15,0,2,2
302682,3668,0.0,0.0,0.0,21,6,2,2,20,0,1,0
303281,1122,0.0,5.0,0.0,14,4,1,1,11,0,3,0
303317,3966,0.0,3.0,1.0,4,1,1,2,3,0,1,0
30376,2048,0.0,0.0,0.0,2,1,1,1,1,0,1,0
30388,856,0.0,2.0,0.0,11,4,1,1,10,0,1,0
303939,2482,1.0,3.0,0.0,10,6,5,3,8,0,2,0
304203,4589,0.0,0.0,0.0,3,2,1,1,2,0,1,0
304265,551,0.0,2.0,0.0,6,1,1,1,5,0,1,0
305258,4224,0.0,3.0,1.0,3,1,1,1,2,0,1,0
305355,4659,0.0,3.0,0.0,3,1,1,2,2,0,1,0
305646,2217,0.0,0.0,0.0,4,3,1,3,1,0,1,2
306234,4976,0.0,4.0,0.0,76,37,11,2,75,0,1,0
306439,2022,0.0,2.0,0.0,9,1,1,1,8,0,1,0
30719,1555,0.0,0.0,0.0,5,1,1,3,4,0,1,0
307215,3609,0.0,5.0,0.0,2,1,1,1,1,0,1,0
307318,4044,0.0,2.0,0.0,50,32,4,2,41,0,4,5
307519,4926,0.0,4.0,0.0,7,5,5,2,5,0,1,1
307820,4368,0.0,6.0,1.0,27,12,5,3,22,2,3,0
307964,1890,0.0,4.0,0.0,6,2,2,4,4,0,1,1
308123,4966,0.0,4.0,0.0,6,2,2,2,5,0,1,0
308255,2047,0.0,4.0,0.0,9,3,2,1,8,0,1,0
308267,3839,0.0,4.0,1.0,16,10,1,3,15,0,1,0
308637,361,1.0,0.0,1.0,30,5,1,5,29,0,1,0
308845,141,0.0,3.0,0.0,13,6,5,2,12,0,1,0
308919,862,0.0,4.0,0.0,10,3,1,2,9,0,1,0
308982,4571,0.0,4.0,0.0,1,1,1,1,0,0,1,0
309050,1393,0.0,2.0,0.0,1,1,1,1,0,0,1,0
309626,359,0.0,4.0,0.0,3,3,1,2,0,0,2,1
309732,4499,0.0,0.0,0.0,3,1,1,2,2,0,1,0
310231,2020,0.0,4.0,0.0,11,5,2,4,10,0,1,0
310330,2939,0.0,4.0,1.0,15,2,2,2,11,0,4,0
310684,4992,0.0,3.0,0.0,10,3,1,1,8,0,1,1
310970,1892,0.0,3.0,0.0,25,12,6,3,21,0,2,2
311063,1923,0.0,0.0,0.0,4,1,1,2,3,0,1,0
311529,3828,1.0,0.0,0.0,11,9,5,4,10,0,1,0
31190,4864,0.0,5.0,0.0,25,8,2,2,24,0,1,0
312073,1618,0.0,4.0,1.0,6,1,1,2,5,0,1,0
313593,1272,1.0,3.0,0.0,1,1,1,1,0,0,1,0
313929,977,0.0,2.0,0.0,2,2,1,2,0,0,1,1
314017,4744,0.0,3.0,1.0,2,1,1,1,1,0,1,0
314536,2217,0.0,0.0,0.0,9,1,1,4,7,0,1,1
314561,4388,1.0,2.0,0.0,3,1,1,1,2,0,1,0
314752,332,0.0,3.0,1.0,8,1,1,2,7,0,1,0
315275,1346,1.0,3.0,1.0,2,1,1,2,0,0,1,1
316217,1536,0.0,2.0,0.0,7,1,1,2,6,0,1,0
316330,3152,0.0,3.0,0.0,3,1,1,1,2,0,1,0
316355,2569,0.0,4.0,2.0,6,4,1,2,0,1,1,4
316824,794,0.0,3.0,0.0,32,11,2,3,28,3,1,0
317196,534,0.0,4.0,0.0,1,1,1,1,0,0,1,0
317436,1495,0.0,3.0,0.0,2,1,1,2,1,0,1,0
317582,1632,0.0,3.0,0.0,31,11,1,6,30,0,1,0
317884,2821,0.0,6.0,0.0,7,1,1,2,6,0,1,0
318026,4173,0.0,3.0,0.0,54,34,8,3,50,0,1,3
318335,2721,0.0,3.0,0.0,6,2,1,1,5,0,1,0
318647,2217,0.0,3.0,1.0,9,5,1,1,8,0,1,0
319066,3460,0.0,0.0,1.0,10,3,2,3,5,0,4,1
319664,4705,0.0,0.0,0.0,1,1,1,1,0,0,1,0
320014,4976,0.0,0.0,0.0,4,2,1,1,3,0,1,0
320428,4048,0.0,3.0,0.0,2,1,1,2,1,0,1,0
321134,2981,0.0,3.0,0.0,3,1,1,2,2,0,1,0
321297,1060,0.0,2.0,0.0,1,1,1,1,0,0,1,0
321972,1923,0.0,3.0,0.0,5,1,1,2,4,0,1,0
322293,4173,0.0,3.0,0.0,32,18,7,2,30,0,1,1
322616,3599,0.0,3.0,0.0,13,1,1,2,12,0,1,0
322782,4985,0.0,6.0,0.0,5,1,1,2,4,0,1,0
323019,4718,0.0,5.0,0.0,12,9,4,1,11,0,1,0
323644,4762,0.0,3.0,2.0,2,1,1,2,0,0,1,1
324512,1892,0.0,5.0,2.0,48,27,7,3,47,0,1,0
324748,1892,0.0,4.0,0.0,2,2,2,1,1,0,1,0
324926,608,1.0,0.0,0.0,20,6,4,2,19,0,1,0
325871,963,0.0,6.0,1.0,19,8,2,7,12,0,2,5
326723,4043,0.0,2.0,0.0,4,3,3,2,2,0,2,0
326827,4600,1.0,0.0,1.0,6,3,3,1,4,0,2,0
326914,2780,0.0,2.0,1.0,8,2,1,1,7,0,1,0
32699,4072,1.0,3.0,0.0,5,1,1,2,4,0,1,0
327085,4450,0.0,5.0,1.0,3,1,1,1,2,0,1,0
327284,63,0.0,0.0,0.0,14,2,2,2,13,0,1,0
327349,1272,0.0,2.0,0.0,10,3,1,2,7,0,1,2
327487,3484,0.0,3.0,0.0,8,2,1,2,7,0,1,0
327601,1481,0.0,3.0,0.0,8,4,2,1,6,0,2,0
327725,2397,0.0,5.0,0.0,10,5,2,2,9,0,1,0
327981,1102,0.0,3.0,1.0,2,2,2,1,0,0,2,0
328725,3528,0.0,0.0,0.0,17,6,4,2,16,0,1,0
329137,574,0.0,3.0,1.0,1,1,1,1,0,0,1,0
329354,4659,1.0,6.0,0.0,2,1,1,1,1,0,1,0
329399,684,0.0,4.0,0.0,34,10,3,6,32,0,2,0
330102,4162,0.0,0.0,0.0,4,1,1,1,3,0,1,0
330917,2030,0.0,3.0,0.0,5,2,1,1,4,0,1,0
331158,402,0.0,4.0,0.0,2,1,1,1,1,0,1,0
331400,1102,0.0,3.0,1.0,8,2,2,4,5,0,1,2
331421,4966,0.0,2.0,0.0,3,1,1,1,2,0,1,0
331952,3828,0.0,3.0,2.0,1,1,1,1,0,0,1,0
332206,2118,0.0,3.0,1.0,3,1,1,1,2,0,1,0
332219,2052,0.0,6.0,0.0,1,1,1,1,0,0,1,0
332940,437,0.0,3.0,0.0,32,5,2,4,29,0,1,2
333331,2128,0.0,0.0,0.0,5,1,1,1,4,0,1,0
333656,3955,0.0,3.0,0.0,14,4,1,5,12,0,1,1
333900,960,0.0,0.0,0.0,7,2,1,2,6,0,1,0
333957,310,0.0,2.0,1.0,13,2,2,3,10,0,2,1
334260,1487,0.0,4.0,1.0,12,6,2,3,11,0,1,0
334357,3554,0.0,4.0,0.0,6,1,1,2,4,1,1,0
334682,3578,0.0,3.0,0.0,5,3,1,1,4,0,1,0
334690,323,0.0,4.0,0.0,13,5,1,1,12,0,1,0
335390,3854,0.0,4.0,0.0,6,2,2,3,5,0,1,0
336105,2954,0.0,0.0,0.0,8,2,2,1,7,0,1,0
336193,2193,0.0,0.0,0.0,8,2,1,2,7,0,1,0
336303,2828,0.0,6.0,0.0,3,1,1,1,2,0,1,0
336369,4015,0.0,4.0,0.0,8,3,2,1,7,0,1,0
33639,503,0.0,3.0,0.0,52,11,2,6,45,0,3,4
33661,1283,0.0,3.0,0.0,1,1,1,1,0,0,1,0
338345,4540,0.0,0.0,0.0,3,2,1,1,2,0,1,0
338395,4760,0.0,3.0,0.0,2,1,1,2,1,0,1,0
339234,3349,0.0,6.0,0.0,32,14,1,1,31,0,1,0
339573,1810,1.0,3.0,0.0,2,1,1,1,1,0,1,0
340214,2459,0.0,0.0,0.0,20,12,5,2,18,0,2,0
340427,4444,0.0,3.0,0.0,3,3,2,1,0,0,3,0
34053,4911,0.0,2.0,0.0,1,1,1,1,0,0,1,0
340907,1035,0.0,4.0,0.0,3,1,1,1,2,0,1,0
34102,4228,0.0,5.0,1.0,33,9,2,2,31,0,1,1
341030,145,0.0,2.0,0.0,5,2,1,2,4,0,1,0
341352,3826,0.0,2.0,0.0,1,1,1,1,0,0,1,0
341832,4760,0.0,3.0,1.0,5,1,1,1,4,0,1,0
341865,2277,0.0,2.0,0.0,13,5,2,2,12,0,1,0
342802,3635,0.0,7.0,0.0,3,1,1,1,2,0,1,0
343102,4173,0.0,5.0,0.0,1,1,1,1,0,0,1,0
343298,4744,0.0,0.0,0.0,10,1,1,2,9,0,1,0
34333,4558,0.0,null,null,5,2,1,1,4,0,1,0
343904,2205,0.0,0.0,0.0,5,3,1,5,1,0,1,3
344212,960,0.0,2.0,1.0,2,1,1,1,1,0,1,0
344217,2928,0.0,6.0,1.0,4,1,1,1,3,0,1,0
34450,467,0.0,3.0,0.0,3,1,1,1,1,0,1,1
344518,3990,0.0,3.0,0.0,3,1,1,1,2,0,1,0
344616,1067,0.0,6.0,0.0,9,4,1,2,8,0,1,0
344949,2569,0.0,3.0,0.0,13,4,2,1,10,0,1,2
345135,2608,0.0,5.0,0.0,3,1,1,1,2,0,1,0
345239,1487,0.0,4.0,0.0,1,1,1,1,0,0,1,0
345726,302,0.0,0.0,0.0,6,1,1,2,3,0,3,0
345859,3955,0.0,2.0,0.0,5,1,1,2,2,0,2,1
347470,121,0.0,5.0,1.0,6,2,1,2,4,0,2,0
347812,3472,0.0,2.0,1.0,2,1,1,1,1,0,1,0
348388,257,0.0,0.0,0.0,1,1,1,1,0,0,1,0
348482,4554,0.0,0.0,1.0,13,3,2,1,11,0,1,1
348685,3979,0.0,3.0,1.0,16,4,1,4,14,0,1,1
349038,3734,0.0,3.0,1.0,2,1,1,1,0,0,2,0
349422,1892,0.0,3.0,0.0,53,24,6,2,49,0,4,0
34966,198,0.0,2.0,0.0,2,1,1,1,1,0,1,0
350217,872,0.0,4.0,1.0,7,1,1,2,5,0,2,0
350342,3304,0.0,4.0,0.0,1,1,1,1,0,0,1,0
350396,3236,0.0,4.0,2.0,5,1,1,3,4,0,1,0
350554,4605,0.0,2.0,0.0,20,2,2,4,18,0,2,0
351168,4372,0.0,3.0,0.0,12,9,1,1,11,0,1,0
351320,3541,0.0,2.0,0.0,4,1,1,1,3,0,1,0
351521,4950,1.0,4.0,0.0,2,1,1,1,1,0,1,0
351609,639,0.0,3.0,0.0,2,1,1,1,1,0,1,0
352251,2424,0.0,4.0,0.0,11,3,1,1,10,0,1,0
352541,1555,0.0,6.0,0.0,2,1,1,1,1,0,1,0
353844,1067,0.0,5.0,1.0,17,5,1,5,15,0,2,0
354456,1145,0.0,5.0,1.0,5,2,1,2,4,0,1,0
354890,3455,0.0,5.0,0.0,5,2,2,2,4,0,1,0
354988,4687,0.0,4.0,0.0,3,1,1,1,1,0,2,0
355096,474,0.0,3.0,0.0,11,2,2,1,9,0,2,0
355186,4724,0.0,2.0,1.0,4,1,1,1,3,0,1,0
355562,2127,0.0,3.0,0.0,2,2,1,1,0,0,2,0
355618,3854,0.0,4.0,1.0,13,5,2,1,11,0,2,0
355645,3170,0.0,3.0,0.0,22,10,4,4,19,0,3,0
355823,1972,0.0,3.0,1.0,8,1,1,2,7,0,1,0
356112,255,0.0,3.0,0.0,3,3,1,2,2,0,1,0
357009,4976,0.0,3.0,0.0,10,7,3,1,9,0,1,0
357267,1640,0.0,5.0,1.0,5,2,1,1,4,0,1,0
357393,1608,0.0,0.0,0.0,7,2,1,2,6,0,1,0
357635,191,0.0,5.0,0.0,6,3,2,1,5,0,1,0
357711,2565,0.0,4.0,0.0,1,1,1,1,0,0,1,0
357881,606,1.0,2.0,0.0,10,6,3,2,9,0,1,0
357944,4112,0.0,0.0,0.0,3,1,1,1,2,0,1,0
358177,1470,0.0,0.0,0.0,3,2,1,1,2,0,1,0
358452,4444,0.0,6.0,1.0,24,15,3,1,22,0,2,0
358685,4369,0.0,2.0,1.0,3,1,1,2,2,0,1,0
359429,4710,0.0,3.0,1.0,3,2,2,1,2,0,1,0
359462,191,0.0,0.0,0.0,5,3,3,2,4,0,1,0
359623,4802,0.0,0.0,1.0,6,3,2,1,5,0,1,0
359823,310,0.0,0.0,0.0,2,1,1,1,1,0,1,0
359866,1454,0.0,2.0,0.0,24,12,3,4,20,0,3,1
360207,4976,0.0,0.0,0.0,14,8,4,2,12,0,1,1
36026,3702,0.0,0.0,0.0,18,3,2,2,15,0,1,2
36028,862,0.0,6.0,1.0,5,1,1,1,4,0,1,0
360396,2452,0.0,0.0,1.0,10,4,2,1,9,0,1,0
360484,1738,0.0,5.0,0.0,1,1,1,1,0,0,1,0
36065,4595,0.0,0.0,0.0,1,1,1,1,0,0,1,0
360696,4760,0.0,0.0,0.0,12,2,1,1,11,0,1,0
361249,3406,0.0,0.0,0.0,3,1,1,2,2,0,1,0
361646,742,0.0,4.0,0.0,15,7,5,5,12,0,1,2
361694,416,0.0,0.0,0.0,1,1,1,1,0,0,1,0
362262,3621,0.0,2.0,0.0,4,1,1,1,3,0,1,0
362324,1134,0.0,0.0,0.0,5,1,1,2,3,1,1,0
362512,2928,0.0,4.0,0.0,8,5,2,1,6,0,2,0
363267,1916,0.0,0.0,0.0,2,2,1,1,0,0,2,0
363653,4150,0.0,2.0,1.0,3,1,1,2,2,0,1,0
363893,1346,1.0,5.0,0.0,8,4,1,5,6,0,1,1
364166,1861,0.0,0.0,1.0,3,1,1,1,2,0,1,0
364875,2255,0.0,4.0,1.0,7,3,1,3,6,0,1,0
365255,2273,0.0,3.0,0.0,1,1,1,1,0,0,1,0
365266,3853,0.0,6.0,0.0,14,3,1,1,13,0,1,0
365271,4985,0.0,0.0,0.0,3,1,1,1,2,0,1,0
365490,2394,1.0,0.0,1.0,13,5,1,1,12,0,1,0
365688,1923,0.0,3.0,1.0,8,2,1,2,7,0,1,0
365891,1013,0.0,7.0,1.0,5,3,3,1,4,0,1,0
366153,2489,0.0,0.0,0.0,5,1,1,2,3,0,1,1
366334,1031,0.0,3.0,1.0,13,3,1,1,12,0,1,0
366390,4481,0.0,5.0,0.0,26,6,2,5,23,0,2,1
366475,2093,0.0,3.0,0.0,3,1,1,2,2,0,1,0
366507,4173,0.0,0.0,0.0,1,1,1,1,0,0,1,0
366587,2093,0.0,4.0,0.0,2,1,1,1,0,0,2,0
366652,3195,0.0,6.0,0.0,2,1,1,1,1,0,1,0
367134,3885,0.0,4.0,1.0,6,1,1,1,5,0,1,0
367178,4976,0.0,2.0,0.0,18,11,3,1,15,0,2,1
367720,4525,0.0,3.0,0.0,8,2,1,2,7,0,1,0
368310,3484,0.0,4.0,0.0,12,3,2,2,11,0,1,0
368587,2562,0.0,4.0,0.0,14,2,2,5,11,0,2,1
368651,3200,0.0,3.0,0.0,26,13,9,3,23,0,1,2
368698,3350,0.0,2.0,0.0,3,1,1,1,2,0,1,0
368704,4760,1.0,2.0,1.0,24,9,6,1,22,0,2,0
36872,4273,0.0,3.0,0.0,2,1,1,1,1,0,1,0
36958,361,0.0,3.0,0.0,16,10,2,2,15,0,1,0
369842,2143,0.0,3.0,0.0,14,3,1,1,10,0,4,0
369954,587,0.0,3.0,1.0,4,1,1,2,3,0,1,0
370112,3472,0.0,2.0,1.0,2,1,1,1,1,0,1,0
370139,951,0.0,4.0,0.0,15,2,1,3,13,0,1,1
371656,4090,0.0,0.0,1.0,5,2,1,2,4,0,1,0
371882,1049,0.0,3.0,1.0,1,1,1,1,0,0,1,0
372181,4783,0.0,0.0,0.0,2,1,1,1,1,0,1,0
372782,4926,0.0,5.0,2.0,6,2,2,2,5,0,1,0
373333,508,0.0,3.0,0.0,4,3,1,1,3,0,1,0
373439,1527,0.0,0.0,0.0,5,2,1,2,4,0,1,0
373482,4444,0.0,3.0,0.0,21,13,3,3,15,0,6,0
373529,4950,0.0,4.0,0.0,11,2,1,2,10,0,1,0
373618,2954,0.0,5.0,0.0,25,12,7,5,22,0,2,1
373867,4607,0.0,3.0,1.0,1,1,1,1,0,0,1,0
374159,1695,0.0,3.0,0.0,5,4,3,1,4,0,1,0
374725,4043,0.0,3.0,1.0,17,3,3,1,15,0,2,0
37492,4642,1.0,4.0,0.0,2,2,1,1,0,0,2,0
375076,3191,0.0,0.0,0.0,5,2,1,1,4,0,1,0
375354,1816,1.0,2.0,0.0,13,6,3,3,12,0,1,0
375502,3524,0.0,4.0,1.0,4,1,1,1,3,0,1,0
376714,738,0.0,4.0,0.0,3,1,1,1,2,0,1,0
376723,1892,0.0,0.0,0.0,1,1,1,1,0,0,1,0
376744,4007,0.0,2.0,0.0,5,3,2,1,4,0,1,0
377056,236,1.0,0.0,0.0,3,1,1,2,2,0,1,0
377518,1352,1.0,0.0,0.0,13,5,2,3,11,0,2,0
377775,1572,0.0,4.0,0.0,4,1,1,2,3,0,1,0
377963,960,0.0,null,null,3,1,1,1,2,0,1,0
378420,2886,0.0,2.0,1.0,8,1,1,2,5,0,1,2
378824,586,0.0,0.0,0.0,7,6,5,3,5,0,2,0
379520,3472,0.0,5.0,1.0,3,1,1,1,2,0,1,0
379716,4985,0.0,4.0,0.0,22,8,2,1,21,0,1,0
380010,503,0.0,3.0,1.0,13,10,4,1,12,0,1,0
381842,2208,1.0,0.0,0.0,4,1,1,1,3,0,1,0
381845,4044,0.0,0.0,0.0,24,9,5,4,22,0,2,0
382167,1403,0.0,3.0,0.0,3,1,1,1,2,0,1,0
382964,2537,0.0,6.0,0.0,4,2,2,1,2,0,2,0
383063,4044,0.0,5.0,1.0,20,2,1,2,18,0,1,1
383237,608,0.0,4.0,0.0,20,14,4,1,16,0,4,0
383372,2994,0.0,2.0,0.0,7,2,1,2,6,0,1,0
38352,1355,0.0,4.0,0.0,6,1,1,2,5,0,1,0
383742,4738,0.0,3.0,1.0,1,1,1,1,0,0,1,0
384132,4335,0.0,0.0,1.0,4,2,2,1,3,0,1,0
384228,4427,0.0,4.0,1.0,1,1,1,1,0,0,1,0
384257,1892,0.0,0.0,0.0,6,4,2,1,5,0,1,0
384410,1679,0.0,4.0,1.0,49,29,5,2,46,0,3,0
384410,946,0.0,4.0,1.0,5,1,1,1,4,0,1,0
384638,1526,0.0,3.0,0.0,65,24,11,7,61,0,1,3
384876,416,1.0,0.0,0.0,2,1,1,1,1,0,1,0
385378,4198,0.0,4.0,1.0,6,2,1,2,4,0,1,1
38597,4504,0.0,3.0,0.0,6,3,2,2,4,0,2,0
386050,3543,0.0,2.0,0.0,17,4,2,3,16,0,1,0
386291,4789,0.0,3.0,1.0,18,3,1,4,17,0,1,0
386795,4499,0.0,0.0,0.0,4,1,1,2,2,1,1,0
387252,1760,0.0,2.0,0.0,7,3,1,1,5,0,2,0
387998,3173,0.0,4.0,1.0,3,1,1,1,2,0,1,0
388087,4847,0.0,3.0,0.0,9,5,3,3,8,0,1,0
388141,4976,0.0,3.0,2.0,15,3,3,2,13,0,2,0
388349,3828,0.0,2.0,0.0,36,15,4,9,35,0,1,0
388494,73,0.0,2.0,1.0,3,1,1,1,2,0,1,0
388847,3305,0.0,5.0,0.0,2,1,1,1,1,0,1,0
389331,4090,0.0,3.0,0.0,9,3,1,1,8,0,1,0
389331,4847,0.0,3.0,0.0,6,3,3,1,5,0,1,0
389405,1751,0.0,5.0,0.0,4,1,1,2,1,0,3,0
38948,4525,0.0,0.0,0.0,10,1,1,6,8,0,1,1
389659,436,0.0,4.0,0.0,7,1,1,2,6,0,1,0
389855,3407,0.0,0.0,1.0,13,4,3,1,9,0,4,0
390278,1643,0.0,0.0,1.0,2,1,1,1,1,0,1,0
390316,2505,0.0,0.0,1.0,3,2,1,1,2,0,1,0
390341,4648,0.0,2.0,0.0,21,13,7,2,17,0,4,0
390613,4282,1.0,4.0,0.0,27,18,6,3,21,0,5,1
390627,2318,0.0,0.0,0.0,7,1,1,1,5,0,1,1
390657,534,0.0,4.0,0.0,2,1,1,1,1,0,1,0
391098,3136,0.0,6.0,0.0,18,8,4,4,16,0,1,1
391404,2031,0.0,2.0,1.0,4,1,1,1,3,0,1,0
392044,3881,0.0,2.0,0.0,21,6,2,4,18,0,2,1
392173,414,0.0,5.0,0.0,43,24,6,7,42,0,1,0
392781,729,0.0,3.0,0.0,7,5,5,1,1,0,6,0
39282,2145,0.0,3.0,0.0,9,4,1,2,7,0,2,0
39289,4641,0.0,2.0,1.0,5,1,1,1,4,0,1,0
39315,1895,0.0,0.0,0.0,5,1,1,2,4,0,1,0
393582,310,1.0,0.0,1.0,8,3,2,3,3,0,1,4
393942,3419,0.0,7.0,0.0,8,4,1,3,7,0,1,0
394666,1689,0.0,3.0,0.0,12,9,7,1,7,0,5,0
394971,4173,1.0,4.0,0.0,59,27,7,4,56,0,3,0
395149,4957,0.0,3.0,0.0,46,19,7,4,41,0,1,4
395637,3484,0.0,5.0,1.0,6,3,1,1,5,0,1,0
395981,2981,0.0,0.0,1.0,2,1,1,1,1,0,1,0
396199,2954,1.0,4.0,0.0,15,7,3,3,13,0,1,1
396296,4871,0.0,4.0,0.0,18,8,5,1,12,0,6,0
396969,2565,0.0,4.0,0.0,2,1,1,1,1,0,1,0
397166,4966,0.0,3.0,0.0,10,2,1,2,9,0,1,0
397315,4177,0.0,0.0,0.0,4,3,1,2,3,0,1,0
397387,4818,0.0,4.0,0.0,9,6,2,1,8,0,1,0
398047,1664,0.0,4.0,0.0,31,8,7,1,28,0,3,0
398407,1840,0.0,0.0,0.0,13,6,3,1,10,0,3,0
398792,1356,0.0,0.0,1.0,5,1,1,1,4,0,1,0
398955,275,0.0,0.0,0.0,4,1,1,2,3,0,1,0
399264,4493,0.0,4.0,0.0,3,2,2,1,2,0,1,0
399487,4280,0.0,2.0,0.0,4,1,1,2,3,0,1,0
399785,4234,0.0,0.0,0.0,4,2,2,2,2,1,1,0
39985,2318,0.0,4.0,0.0,4,2,1,1,3,0,1,0
400373,4600,0.0,5.0,0.0,4,2,1,1,3,0,1,0
400437,2081,0.0,5.0,1.0,3,1,1,2,2,0,1,0
400480,4044,0.0,2.0,0.0,6,5,5,2,4,0,1,1
400702,2450,0.0,2.0,1.0,13,2,1,2,11,0,2,0
401069,4661,0.0,4.0,0.0,5,3,3,1,2,0,3,0
401251,2102,0.0,0.0,0.0,31,11,5,5,29,0,1,1
401283,3444,0.0,6.0,1.0,8,1,1,2,6,0,1,1
401692,1861,1.0,3.0,0.0,2,2,1,1,0,0,2,0
402034,4607,1.0,5.0,0.0,1,1,1,1,0,0,1,0
402170,2102,0.0,3.0,0.0,17,7,2,4,15,0,2,0
402362,3828,0.0,3.0,0.0,4,1,1,1,3,0,1,0
402792,1581,0.0,4.0,0.0,10,4,2,1,8,0,2,0
403057,2775,0.0,2.0,0.0,3,1,1,2,2,0,1,0
403551,4324,0.0,4.0,1.0,38,21,2,1,30,0,8,0
404206,960,0.0,3.0,0.0,1,1,1,1,0,0,1,0
404335,962,0.0,4.0,0.0,2,1,1,1,1,0,1,0
404639,4976,0.0,3.0,0.0,8,3,1,2,7,0,1,0
404718,474,0.0,3.0,0.0,9,3,3,1,6,0,3,0
404787,2273,0.0,6.0,1.0,5,2,1,1,4,0,1,0
405035,1892,0.0,4.0,0.0,31,12,3,3,26,0,2,3
405244,358,0.0,2.0,0.0,2,1,1,1,1,0,1,0
405692,2397,0.0,3.0,0.0,23,10,2,3,19,0,4,0
405793,4173,0.0,0.0,0.0,95,46,9,16,87,0,3,5
406051,2465,0.0,6.0,0.0,9,4,1,1,8,0,1,0
406143,10,0.0,2.0,1.0,3,2,2,1,2,0,1,0
40664,547,0.0,3.0,1.0,7,2,1,5,6,0,1,0
407153,4052,0.0,0.0,0.0,3,1,1,1,2,0,1,0
407183,4282,0.0,3.0,null,47,35,15,4,20,8,1,18
408040,3671,0.0,4.0,1.0,3,1,1,1,2,0,1,0
40832,4322,0.0,0.0,0.0,4,1,1,2,3,0,1,0
408374,1166,0.0,3.0,0.0,8,2,1,1,7,0,1,0
409381,1356,0.0,4.0,0.0,1,1,1,1,0,0,1,0
409807,2082,0.0,0.0,0.0,10,1,1,2,8,0,1,1
409865,4926,0.0,4.0,0.0,1,1,1,1,0,0,1,0
409870,2565,0.0,0.0,0.0,3,2,1,2,2,0,1,0
410020,2242,0.0,4.0,0.0,21,10,1,1,16,0,5,0
410100,798,1.0,4.0,0.0,3,3,2,1,2,0,1,0
410243,3042,0.0,4.0,0.0,37,23,9,1,33,0,4,0
41027,3159,0.0,5.0,1.0,20,7,4,1,18,0,2,0
411019,1435,0.0,2.0,1.0,15,6,3,1,13,0,2,0
411424,293,1.0,6.0,0.0,5,1,1,2,4,0,1,0
412236,2401,0.0,4.0,0.0,24,4,1,1,21,0,1,2
412390,1243,0.0,3.0,0.0,61,10,1,1,57,0,1,3
412398,1346,0.0,0.0,1.0,19,6,1,1,18,0,1,0
412649,416,0.0,5.0,0.0,18,10,3,1,16,0,2,0
413137,4282,0.0,4.0,0.0,25,13,3,2,23,0,2,0
413753,2099,0.0,0.0,0.0,12,7,3,1,11,0,1,0
413830,4282,0.0,3.0,1.0,19,9,3,2,18,0,1,0
413883,1272,0.0,6.0,0.0,8,6,1,1,7,0,1,0
413938,4048,0.0,2.0,0.0,4,1,1,1,3,0,1,0
414055,2193,1.0,0.0,0.0,2,1,1,1,1,0,1,0
414210,2128,1.0,3.0,0.0,1,1,1,1,0,0,1,0
414393,962,0.0,3.0,0.0,14,9,5,2,11,0,3,0
414723,323,0.0,6.0,0.0,8,2,1,3,7,0,1,0
414978,4173,0.0,2.0,0.0,13,4,4,1,11,0,1,1
415025,2459,0.0,4.0,0.0,4,3,2,2,3,0,1,0
41525,1673,0.0,3.0,1.0,3,1,1,1,2,0,1,0
415633,46,0.0,6.0,0.0,5,1,1,1,2,0,3,0
415972,3546,0.0,0.0,0.0,7,1,1,1,6,0,1,0
416268,3889,0.0,4.0,0.0,2,1,1,2,1,0,1,0
416463,3682,0.0,3.0,0.0,9,4,2,1,8,0,1,0
416732,3396,0.0,5.0,1.0,11,2,1,1,10,0,1,0
41737,2459,0.0,4.0,0.0,16,7,2,2,14,0,2,0
418721,901,0.0,2.0,1.0,3,1,1,2,2,0,1,0
419006,3363,0.0,3.0,0.0,5,1,1,2,3,0,2,0
419331,946,0.0,4.0,0.0,2,1,1,1,1,0,1,0
419390,1411,0.0,4.0,0.0,3,1,1,1,1,0,2,0
419880,1353,0.0,0.0,0.0,10,5,3,1,9,0,1,0
420139,4659,0.0,2.0,1.0,6,2,2,3,4,0,2,0
421008,503,0.0,4.0,0.0,26,6,1,2,24,0,2,0
421099,3055,0.0,4.0,0.0,13,2,2,1,11,0,2,0
422546,437,0.0,0.0,0.0,3,2,1,1,2,0,1,0
422743,374,0.0,5.0,0.0,8,2,1,1,6,0,2,0
42285,1346,0.0,3.0,0.0,7,4,1,2,6,0,1,0
422909,1618,0.0,5.0,1.0,2,2,1,1,0,1,1,0
423134,4760,0.0,4.0,0.0,2,1,1,1,1,0,1,0
423453,2709,0.0,4.0,1.0,7,3,2,1,6,0,1,0
423487,1742,0.0,3.0,0.0,28,11,1,1,25,0,1,2
423588,1262,0.0,4.0,1.0,5,1,1,2,3,0,1,1
423636,503,0.0,3.0,0.0,5,1,1,3,4,0,1,0
423702,4836,0.0,6.0,0.0,3,2,2,2,2,0,1,0
423744,4073,0.0,3.0,0.0,12,3,1,2,11,0,1,0
424043,608,0.0,5.0,0.0,35,15,5,3,33,0,2,0
42590,2954,0.0,0.0,0.0,22,2,2,1,19,0,2,1
42985,2255,0.0,6.0,1.0,3,1,1,2,2,0,1,0
43338,1679,0.0,4.0,0.0,19,12,5,4,17,0,2,0
43608,66,0.0,3.0,0.0,2,1,1,2,1,0,1,0
43752,1583,0.0,0.0,0.0,61,19,5,9,57,0,2,2
43905,1916,0.0,0.0,0.0,3,1,1,2,2,0,1,0
43992,2030,0.0,5.0,0.0,4,1,1,2,2,0,1,1
44014,2565,0.0,0.0,0.0,8,2,1,1,6,0,2,0
44292,4115,0.0,3.0,0.0,3,1,1,1,2,0,1,0
44976,1892,0.0,5.0,0.0,3,2,1,1,2,0,1,0
45556,1372,0.0,2.0,1.0,1,1,1,1,0,0,1,0
45717,120,0.0,3.0,1.0,1,1,1,1,0,0,1,0
46287,4950,0.0,4.0,0.0,1,1,1,1,0,0,1,0
46367,2780,0.0,3.0,0.0,4,2,2,1,3,0,1,0
46547,1840,0.0,4.0,0.0,5,3,1,2,4,0,1,0
46662,962,0.0,4.0,0.0,3,1,1,1,2,0,1,0
46841,3363,0.0,0.0,0.0,2,1,1,1,1,0,1,0
46850,4607,0.0,4.0,0.0,12,5,2,1,9,0,1,2
47185,1501,0.0,4.0,0.0,7,2,1,1,6,0,1,0
47567,4976,0.0,0.0,0.0,14,6,3,3,13,0,1,0
47662,4992,0.0,3.0,1.0,1,1,1,1,0,0,1,0
48195,1448,0.0,4.0,1.0,2,1,1,1,1,0,1,0
48470,2537,0.0,3.0,0.0,11,3,2,2,10,0,1,0
49152,798,0.0,6.0,0.0,1,1,1,1,0,0,1,0
49865,2273,0.0,6.0,0.0,3,1,1,1,2,0,1,0
50052,3191,0.0,0.0,0.0,1,1,1,1,0,0,1,0
50164,740,0.0,3.0,1.0,1,1,1,1,0,0,1,0
50656,2883,0.0,5.0,1.0,10,4,1,1,8,0,1,1
51124,569,1.0,2.0,0.0,8,3,2,2,7,0,1,0
51616,3055,0.0,0.0,0.0,2,1,1,1,1,0,1,0
52580,2124,0.0,6.0,0.0,31,19,1,2,29,0,2,0
52590,121,0.0,4.0,0.0,16,14,3,2,9,0,1,6
53018,1916,0.0,0.0,0.0,13,5,1,1,10,0,3,0
53208,4499,0.0,4.0,1.0,3,1,1,1,2,0,1,0
53332,508,0.0,4.0,0.0,8,4,1,1,6,0,2,0
53547,145,0.0,3.0,0.0,20,6,1,2,17,0,1,2
54200,4281,0.0,3.0,0.0,4,1,1,1,3,0,1,0
54224,297,0.0,3.0,0.0,6,1,1,2,5,0,1,0
54355,297,0.0,3.0,1.0,2,1,1,1,1,0,1,0
54619,687,0.0,3.0,1.0,6,1,1,2,4,0,1,1
55105,941,0.0,4.0,1.0,2,1,1,1,1,0,1,0
55367,738,1.0,4.0,1.0,5,3,2,1,4,0,1,0
55783,2031,0.0,4.0,2.0,3,1,1,2,1,0,1,1
56264,3828,1.0,5.0,1.0,152,88,11,18,146,0,1,5
5628,4731,0.0,5.0,1.0,17,7,3,2,15,0,2,0
56855,1679,0.0,4.0,1.0,8,4,2,1,7,0,1,0
5703,354,0.0,3.0,0.0,3,1,1,1,2,0,1,0
57061,1310,0.0,2.0,0.0,3,2,2,2,2,0,1,0
57328,2760,0.0,4.0,1.0,3,1,1,2,2,0,1,0
57570,1200,0.0,4.0,null,4,1,1,1,2,0,2,0
58038,4954,1.0,4.0,0.0,6,4,2,2,5,0,1,0
58492,1487,0.0,3.0,0.0,21,5,1,4,20,0,1,0
58672,1978,0.0,2.0,1.0,2,1,1,1,1,0,1,0
59341,1840,1.0,3.0,0.0,9,4,1,3,8,0,1,0
60224,2730,0.0,4.0,0.0,6,2,1,1,5,0,1,0
60243,3152,1.0,0.0,2.0,46,12,1,2,43,0,3,0
60260,3323,0.0,5.0,0.0,11,5,1,2,8,0,3,0
60283,4079,0.0,2.0,0.0,5,2,1,1,3,0,2,0
60290,951,1.0,2.0,0.0,4,3,1,1,3,0,1,0
60571,2721,0.0,4.0,0.0,4,2,1,2,2,0,1,1
61325,2511,0.0,3.0,0.0,14,4,2,2,13,0,1,0
61671,4647,0.0,0.0,0.0,4,3,1,1,3,0,1,0
62188,4718,1.0,0.0,0.0,5,3,1,1,4,0,1,0
62263,2639,0.0,4.0,0.0,7,3,1,3,5,0,2,0
62316,1340,0.0,3.0,0.0,30,19,4,7,22,0,2,6
62864,425,1.0,5.0,0.0,2,2,2,1,0,0,2,0
63137,3350,0.0,0.0,0.0,4,3,1,1,3,0,1,0
63504,2138,0.0,0.0,0.0,20,8,4,4,19,0,1,0
63509,437,0.0,4.0,0.0,4,1,1,1,3,0,1,0
64083,1978,0.0,3.0,1.0,4,2,1,1,3,0,1,0
64300,4173,0.0,0.0,0.0,1,1,1,1,0,0,1,0
64541,4729,0.0,0.0,1.0,58,14,6,3,53,2,3,0
64628,1999,0.0,3.0,2.0,2,1,1,1,1,0,1,0
64723,3329,0.0,7.0,0.0,4,2,1,1,3,0,1,0
65057,4864,0.0,0.0,0.0,15,3,1,2,11,3,1,0
65297,2537,0.0,4.0,0.0,1,1,1,1,0,0,1,0
65433,4525,0.0,5.0,0.0,80,38,3,6,74,0,4,2
65781,2954,0.0,4.0,2.0,9,7,2,3,8,0,1,0
66519,3828,0.0,2.0,0.0,6,3,1,1,5,0,1,0
66554,3105,0.0,0.0,0.0,5,1,1,1,3,0,2,0
67385,4173,0.0,0.0,1.0,4,3,2,2,2,0,2,0
67568,3822,0.0,3.0,1.0,11,4,1,2,9,0,1,1
67724,718,0.0,0.0,0.0,19,4,1,3,15,0,2,2
6857,293,0.0,0.0,0.0,15,1,1,3,13,0,1,1
68750,4079,0.0,0.0,1.0,11,4,2,1,10,0,1,0
68814,415,0.0,0.0,0.0,4,1,1,1,1,0,3,0
69123,946,0.0,0.0,2.0,10,4,3,2,9,0,1,0
70036,2193,0.0,null,null,6,4,3,2,5,0,1,0
70082,2403,0.0,3.0,0.0,8,7,1,2,7,0,1,0
70485,13,0.0,0.0,0.0,5,1,1,2,3,0,1,1
70607,827,0.0,2.0,0.0,5,1,1,1,4,0,1,0
70626,1090,0.0,3.0,0.0,10,2,1,3,8,0,1,1
70794,806,0.0,5.0,0.0,6,4,2,1,5,0,1,0
70811,4662,0.0,0.0,0.0,13,3,1,1,9,0,4,0
71038,1432,0.0,4.0,0.0,2,1,1,1,1,0,1,0
72468,2954,0.0,5.0,0.0,14,4,4,7,11,0,3,0
72761,1487,0.0,3.0,0.0,14,8,1,3,10,0,1,3
73113,598,0.0,0.0,0.0,2,1,1,1,1,0,1,0
74321,2787,1.0,4.0,0.0,10,1,1,6,8,0,1,1
74330,361,1.0,4.0,0.0,4,1,1,1,3,0,1,0
74672,4745,0.0,2.0,0.0,3,1,1,1,2,0,1,0
74687,977,0.0,7.0,0.0,17,7,2,2,16,0,1,0
75038,3971,0.0,4.0,1.0,8,4,3,2,7,0,1,0
75294,2318,0.0,0.0,1.0,1,1,1,1,0,0,1,0
75448,742,0.0,0.0,0.0,2,1,1,1,1,0,1,0
76055,141,0.0,3.0,null,2,1,1,1,0,1,1,0
76953,2639,0.0,0.0,0.0,25,10,6,1,22,0,3,0
77368,3080,0.0,2.0,1.0,3,1,1,1,2,0,1,0
77876,1784,0.0,3.0,0.0,9,2,2,1,7,0,1,1
77987,4864,1.0,0.0,0.0,27,13,3,5,24,0,3,0
78330,4427,0.0,2.0,1.0,3,1,1,3,2,0,1,0
78534,1281,0.0,3.0,1.0,2,1,1,1,1,0,1,0
78619,1356,0.0,3.0,0.0,2,1,1,1,1,0,1,0
78868,2891,0.0,4.0,0.0,4,2,1,1,3,0,1,0
78945,4043,1.0,7.0,0.0,17,4,3,3,14,0,3,0
79094,437,0.0,0.0,0.0,53,21,1,1,52,0,1,0
79113,606,0.0,3.0,0.0,82,55,13,15,81,0,1,0
79264,2669,0.0,0.0,0.0,12,6,5,2,11,0,1,0
79782,2318,0.0,3.0,0.0,10,3,1,1,9,0,1,0
798,1346,0.0,4.0,0.0,6,3,1,2,5,0,1,0
79810,2562,0.0,3.0,0.0,1,1,1,1,0,0,1,0
80352,1944,1.0,5.0,1.0,11,4,2,1,9,1,1,0
80706,2051,0.0,4.0,1.0,1,1,1,1,0,0,1,0
80823,3956,0.0,4.0,1.0,1,1,1,1,0,0,1,0
817,2318,0.0,5.0,0.0,2,1,1,1,1,0,1,0
82559,3990,0.0,0.0,0.0,3,1,1,1,2,0,1,0
82623,1677,0.0,0.0,0.0,1,1,1,1,0,0,1,0
82852,372,0.0,2.0,1.0,2,1,1,1,1,0,1,0
82942,682,0.0,0.0,0.0,2,1,1,1,1,0,1,0
82986,2669,0.0,4.0,0.0,62,24,6,15,56,0,2,4
83292,4079,0.0,2.0,0.0,2,1,1,1,1,0,1,0
83692,2128,0.0,3.0,0.0,6,3,3,1,5,0,1,0
83976,296,0.0,3.0,0.0,3,2,1,1,2,0,1,0
84305,1997,0.0,3.0,1.0,5,4,3,1,3,0,2,0
84583,3205,0.0,4.0,1.0,3,1,1,1,2,0,1,0
84639,738,0.0,5.0,2.0,4,1,1,1,3,0,1,0
84763,1356,0.0,3.0,0.0,17,6,1,1,14,0,1,2
85092,4318,0.0,0.0,1.0,4,3,1,1,3,0,1,0
85300,803,0.0,6.0,0.0,7,6,1,1,6,0,1,0
85385,4992,0.0,4.0,0.0,1,1,1,1,0,0,1,0
85514,1126,0.0,2.0,0.0,17,6,3,2,15,0,1,1
8552,2277,0.0,0.0,0.0,16,7,3,2,14,0,1,1
85549,2173,0.0,3.0,1.0,5,3,1,1,0,0,5,0
85777,508,0.0,0.0,0.0,10,4,1,1,9,0,1,0
86265,301,0.0,3.0,1.0,3,1,1,1,2,0,1,0
86506,4760,0.0,3.0,0.0,4,3,3,1,2,0,2,0
86629,2579,0.0,5.0,0.0,9,5,3,2,6,0,3,0
87108,598,0.0,0.0,0.0,9,3,2,1,8,0,1,0
87364,4394,0.0,0.0,0.0,4,3,1,1,3,0,1,0
87735,2305,0.0,6.0,0.0,7,2,2,1,6,0,1,0
88142,1704,0.0,3.0,0.0,10,3,2,5,8,0,1,1
88414,275,1.0,0.0,0.0,2,1,1,2,0,0,1,1
88425,361,0.0,0.0,0.0,29,16,4,1,25,0,2,2
88542,598,0.0,3.0,0.0,5,1,1,1,4,0,1,0
88827,2545,0.0,0.0,1.0,24,16,12,1,22,0,2,0
89263,3609,0.0,0.0,0.0,1,1,1,1,0,0,1,0
89285,2255,0.0,5.0,0.0,12,4,1,1,10,0,2,0
89479,3098,0.0,6.0,1.0,7,2,2,3,6,0,1,0
89806,2664,0.0,5.0,0.0,4,2,1,1,2,0,2,0
89925,862,0.0,3.0,0.0,11,3,3,4,7,0,2,2
90210,2537,0.0,2.0,0.0,3,1,1,1,2,0,1,0
9043,4022,0.0,4.0,0.0,6,2,1,1,4,0,2,0
90829,1481,0.0,3.0,0.0,4,3,2,1,3,0,1,0
90954,3022,0.0,4.0,0.0,1,1,1,1,0,0,1,0
91748,3319,0.0,6.0,0.0,2,1,1,1,1,0,1,0
92156,4992,1.0,4.0,0.0,5,2,1,2,4,0,1,0
9219,606,0.0,3.0,1.0,15,8,3,2,14,0,1,0
9256,2767,0.0,4.0,0.0,5,1,1,2,3,0,1,1
92646,4666,0.0,3.0,0.0,14,7,1,1,12,0,2,0
92653,1890,0.0,0.0,0.0,26,5,1,1,25,0,1,0
92683,4474,0.0,0.0,0.0,3,1,1,1,2,0,1,0
92852,4057,0.0,4.0,1.0,9,1,1,3,7,0,1,1
93170,4368,0.0,2.0,0.0,4,1,1,1,3,0,1,0
93467,2318,0.0,4.0,0.0,1,1,1,1,0,0,1,0
93764,1393,0.0,4.0,0.0,36,22,10,1,33,0,3,0
93775,4173,0.0,3.0,0.0,76,29,8,4,64,0,1,11
93778,412,0.0,0.0,0.0,6,2,2,3,4,0,1,1
93944,1661,0.0,4.0,0.0,1,1,1,1,0,0,1,0
93945,3905,0.0,3.0,0.0,4,1,1,1,3,0,1,0
93975,1752,0.0,0.0,0.0,5,1,1,1,4,0,1,0
94457,2915,0.0,0.0,0.0,3,1,1,2,2,0,1,0
95221,3200,0.0,6.0,0.0,14,3,2,1,12,0,2,0
95309,3528,0.0,2.0,0.0,17,3,2,3,15,0,1,1
95491,1495,0.0,0.0,0.0,21,8,2,5,20,0,1,0
95942,594,0.0,2.0,1.0,1,1,1,1,0,0,1,0
95959,2900,0.0,4.0,0.0,3,1,1,1,2,0,1,0
96011,960,0.0,0.0,0.0,2,1,1,1,1,0,1,0
96126,2189,0.0,0.0,0.0,27,4,1,1,26,0,1,0
96825,3936,0.0,0.0,0.0,3,2,2,1,2,0,1,0
982,643,0.0,3.0,0.0,18,8,3,6,16,0,2,0
98314,2935,0.0,4.0,0.0,2,1,1,2,1,0,1,0
9835,337,0.0,0.0,1.0,3,1,1,2,2,0,1,0
98867,2565,0.0,3.0,0.0,7,2,1,2,6,0,1,0
99476,2435,0.0,2.0,0.0,7,3,1,1,4,0,2,1
99574,2794,0.0,5.0,0.0,3,1,1,1,2,0,1,0
99799,3893,0.0,3.0,0.0,21,5,4,1,19,0,2,0
998,4196,0.0,3.0,1.0,4,1,1,2,2,1,1,0
99835,590,0.0,6.0,0.0,29,9,4,1,27,0,2,0
