100589,1310,0.0,3.0,0.0,14,6,6,3,11,0,3,0
101,4282,0.0,3.0,0.0,7,5,2,1,6,0,1,0
10108,3875,0.0,3.0,0.0,4,2,2,3,1,0,2,1
101208,960,0.0,3.0,0.0,7,3,1,1,6,0,1,0
101423,1102,0.0,3.0,0.0,58,24,12,6,52,0,2,4
101511,3887,0.0,3.0,0.0,14,5,3,2,12,0,2,0
10152,4044,0.0,2.0,0.0,54,38,12,2,51,0,3,0
101879,3126,0.0,4.0,0.0,3,1,1,1,1,0,1,1
102268,1963,0.0,3.0,0.0,41,22,2,2,38,0,3,0
102354,4540,0.0,6.0,0.0,2,1,1,1,1,0,1,0
102454,606,0.0,6.0,0.0,36,29,13,1,34,0,2,0
102797,4760,0.0,3.0,0.0,8,6,4,4,0,0,2,6
102854,3828,0.0,0.0,0.0,1,1,1,1,0,0,1,0
103181,4794,0.0,0.0,1.0,1,1,1,1,0,0,1,0
103307,4322,0.0,0.0,0.0,3,1,1,2,2,0,1,0
103436,643,0.0,0.0,0.0,7,2,1,1,6,0,1,0
103516,3640,0.0,4.0,0.0,13,1,1,1,12,0,1,0
103543,2022,0.0,8.0,1.0,20,12,3,1,18,0,2,0
103910,2149,0.0,6.0,1.0,6,4,1,1,0,0,2,4
104017,4427,0.0,5.0,0.0,3,2,1,1,0,0,1,2
10417,3288,0.0,4.0,0.0,1,1,1,1,0,0,1,0
105995,4385,0.0,5.0,0.0,2,1,1,1,1,0,1,0
106388,1050,0.0,2.0,1.0,3,1,1,1,2,0,1,0
107089,3152,0.0,3.0,0.0,11,1,1,3,9,0,1,1
10711,2242,0.0,4.0,2.0,3,2,2,2,1,0,2,0
107234,3640,0.0,4.0,0.0,1,1,1,1,0,0,1,0
107406,2273,0.0,0.0,1.0,1,1,1,1,0,0,1,0
107629,3289,0.0,3.0,0.0,1,1,1,1,0,0,1,0
10767,2066,0.0,2.0,0.0,8,2,1,1,7,0,1,0
109113,1659,0.0,5.0,0.0,7,3,1,2,5,0,1,1
109184,1066,0.0,0.0,1.0,4,1,1,2,3,0,1,0
109205,2537,0.0,3.0,0.0,4,3,1,2,3,0,1,0
109326,1581,0.0,6.0,0.0,22,8,2,2,16,0,6,0
109336,145,0.0,3.0,0.0,1,1,1,1,0,0,1,0
109362,3826,0.0,3.0,1.0,3,1,1,1,2,0,1,0
109575,3642,0.0,0.0,0.0,2,1,1,1,1,0,1,0
109788,1520,0.0,6.0,0.0,3,1,1,1,1,0,2,0
109878,4829,0.0,3.0,0.0,4,2,1,2,3,0,1,0
1106,1501,0.0,3.0,0.0,12,5,4,4,10,0,1,1
110680,685,0.0,4.0,0.0,4,1,1,1,3,0,1,0
110882,4040,0.0,0.0,1.0,9,2,2,3,8,0,1,0
111041,1049,0.0,5.0,0.0,2,1,1,1,1,0,1,0
111432,145,0.0,0.0,1.0,19,3,1,1,17,0,2,0
112089,2565,0.0,0.0,0.0,1,1,1,1,0,0,1,0
112318,4659,0.0,3.0,0.0,5,2,1,1,4,0,1,0
112415,4048,1.0,3.0,0.0,4,1,1,1,3,0,1,0
112530,3578,0.0,4.0,0.0,7,2,1,2,6,0,1,0
112543,2217,1.0,2.0,0.0,10,1,1,6,7,0,1,2
113487,2403,0.0,3.0,0.0,29,12,3,5,26,0,1,2
113864,3361,1.0,4.0,0.0,2,1,1,1,1,0,1,0
114065,817,0.0,2.0,0.0,2,1,1,2,1,0,1,0
114145,3822,0.0,6.0,0.0,2,1,1,1,1,0,1,0
114175,2047,0.0,5.0,1.0,7,1,1,3,6,0,1,0
114264,1618,0.0,6.0,0.0,19,7,4,2,17,0,2,0
114285,4649,0.0,2.0,0.0,2,1,1,2,0,1,1,0
114844,2799,0.0,2.0,0.0,26,14,4,2,25,0,1,0
115150,2217,0.0,3.0,1.0,8,2,1,5,6,0,1,1
115180,1346,0.0,3.0,0.0,33,9,1,2,29,0,1,3
115667,1843,0.0,3.0,0.0,4,1,1,1,3,0,1,0
115747,3671,0.0,0.0,1.0,5,1,1,1,4,0,1,0
116118,121,0.0,4.0,1.0,103,27,7,4,88,0,5,10
116407,1056,0.0,4.0,1.0,8,1,1,2,6,0,1,1
116585,1162,0.0,0.0,0.0,4,1,1,1,3,0,1,0
11668,786,0.0,2.0,0.0,23,8,5,2,14,0,5,4
116800,66,0.0,4.0,1.0,5,1,1,1,4,0,1,0
11684,3968,0.0,3.0,1.0,1,1,1,1,0,0,1,0
11720,4879,0.0,3.0,0.0,10,2,1,2,9,0,1,0
117788,4049,0.0,5.0,1.0,9,1,1,3,6,0,1,2
117799,1509,0.0,4.0,2.0,22,12,3,3,18,0,4,0
118058,3370,0.0,3.0,0.0,9,5,4,1,5,0,4,0
118552,2669,0.0,3.0,0.0,15,3,3,5,13,0,1,1
118709,4427,0.0,4.0,0.0,5,1,1,1,4,0,1,0
119112,2954,0.0,3.0,1.0,1,1,1,1,0,0,1,0
119562,2768,0.0,4.0,0.0,40,17,7,2,34,0,2,4
119587,1281,0.0,2.0,0.0,6,4,2,2,5,0,1,0
120202,4976,0.0,4.0,0.0,6,2,2,3,3,0,1,2
120926,3685,0.0,0.0,0.0,22,4,1,7,21,0,1,0
121201,2928,0.0,3.0,0.0,5,2,2,1,3,0,2,0
121224,2744,0.0,6.0,1.0,30,12,5,1,23,0,7,0
121666,2582,0.0,3.0,0.0,2,1,1,1,1,0,1,0
122487,1353,0.0,6.0,0.0,5,1,1,2,3,0,1,1
123252,2361,0.0,4.0,1.0,1,1,1,1,0,0,1,0
123673,1254,0.0,0.0,0.0,12,4,3,3,10,0,1,1
12389,219,0.0,5.0,0.0,7,4,1,1,5,0,2,0
123958,598,0.0,2.0,1.0,1,1,1,1,0,0,1,0
124052,1703,0.0,3.0,1.0,13,3,1,7,11,0,1,1
124214,3820,0.0,0.0,0.0,4,2,1,1,3,0,1,0
124248,1353,0.0,3.0,0.0,1,1,1,1,0,0,1,0
124692,1393,0.0,3.0,0.0,6,1,1,1,5,0,1,0
124803,98,0.0,3.0,0.0,1,1,1,1,0,0,1,0
12512,798,0.0,0.0,0.0,77,12,7,4,71,0,3,3
125579,2220,0.0,0.0,1.0,3,1,1,1,2,0,1,0
125737,3191,0.0,2.0,0.0,4,1,1,1,3,0,1,0
126404,2935,0.0,2.0,0.0,4,1,1,2,2,0,1,1
126692,227,0.0,6.0,0.0,9,3,1,1,8,0,1,0
127224,2008,0.0,3.0,0.0,4,1,1,1,3,0,1,0
127368,514,0.0,3.0,0.0,21,7,3,1,18,0,3,0
127729,3266,0.0,2.0,1.0,6,1,1,1,5,0,1,0
128539,2161,0.0,0.0,1.0,54,37,9,1,52,0,2,0
128672,3350,0.0,2.0,0.0,1,1,1,1,0,0,1,0
12896,1102,0.0,0.0,0.0,25,14,6,7,24,0,1,0
129010,4007,1.0,3.0,0.0,13,3,1,3,11,0,2,0
129062,2537,0.0,2.0,0.0,8,1,1,2,7,0,1,0
129350,4982,1.0,0.0,0.0,3,1,1,2,2,0,1,0
129874,3828,0.0,5.0,0.0,14,8,2,3,13,0,1,0
130063,297,0.0,3.0,1.0,3,1,1,2,2,0,1,0
13032,4073,0.0,0.0,1.0,1,1,1,1,0,0,1,0
130390,4500,0.0,0.0,null,4,2,1,1,3,0,1,0
130831,145,0.0,3.0,0.0,12,4,1,2,11,0,1,0
13108,2669,0.0,2.0,1.0,4,2,1,1,3,0,1,0
131475,2845,0.0,5.0,1.0,3,1,1,1,2,0,1,0
13178,4043,0.0,4.0,0.0,84,35,12,3,74,0,10,0
132133,2273,0.0,2.0,1.0,4,1,1,1,3,0,1,0
132298,1090,0.0,2.0,1.0,4,1,1,1,3,0,1,0
132579,4525,0.0,4.0,1.0,3,2,1,2,2,0,1,0
132593,2448,0.0,null,null,4,1,1,2,3,0,1,0
132791,1916,0.0,4.0,1.0,5,2,1,2,3,0,1,1
13351,2060,0.0,0.0,0.0,3,1,1,1,2,0,1,0
134280,2669,0.0,2.0,0.0,3,1,1,1,2,0,1,0
134621,2981,0.0,4.0,2.0,1,1,1,1,0,0,1,0
134841,3472,0.0,4.0,0.0,2,1,1,1,1,0,1,0
135133,4871,0.0,0.0,null,3,1,1,1,2,0,1,0
135363,1489,0.0,3.0,0.0,6,2,1,2,5,0,1,0
135483,4173,0.0,3.0,0.0,6,1,1,1,5,0,1,0
135731,4047,0.0,3.0,0.0,8,6,5,1,7,0,1,0
135766,361,0.0,3.0,1.0,7,1,1,2,6,0,1,0
135781,4554,0.0,6.0,1.0,19,12,6,5,17,0,1,1
13598,3163,0.0,0.0,0.0,1,1,1,1,0,0,1,0
136719,4282,0.0,4.0,1.0,3,2,1,1,2,0,1,0
137095,3057,0.0,0.0,0.0,2,1,1,1,1,0,1,0
137249,2891,0.0,3.0,0.0,7,2,1,2,6,0,1,0
137347,1067,0.0,4.0,1.0,3,1,1,1,2,0,1,0
137635,2255,0.0,0.0,0.0,3,2,1,2,2,0,1,0
137921,145,0.0,0.0,0.0,6,2,1,2,5,0,1,0
138326,1704,0.0,4.0,0.0,7,5,3,3,6,0,1,0
138420,2500,0.0,0.0,0.0,3,1,1,1,2,0,1,0
13851,1427,0.0,4.0,0.0,1,1,1,1,0,0,1,0
13899,66,0.0,2.0,1.0,2,1,1,1,1,0,1,0
138991,4044,0.0,3.0,0.0,9,5,4,3,1,0,6,2
139107,4648,0.0,4.0,0.0,1,1,1,1,0,0,1,0
139153,4580,0.0,6.0,1.0,2,1,1,1,1,0,1,0
14013,296,0.0,3.0,1.0,2,1,1,1,1,0,1,0
14052,1892,0.0,3.0,0.0,22,16,9,2,21,0,1,0
141075,4394,0.0,4.0,0.0,11,3,1,4,9,0,1,1
141709,798,0.0,4.0,0.0,19,9,6,1,16,0,3,0
14179,2343,1.0,4.0,1.0,7,1,1,2,6,0,1,0
142069,2772,0.0,4.0,1.0,6,4,2,1,5,0,1,0
142477,3406,0.0,3.0,0.0,3,1,1,1,2,0,1,0
142621,1102,0.0,3.0,0.0,51,20,10,7,50,0,1,0
142815,2221,0.0,2.0,0.0,3,2,1,1,2,0,1,0
143094,2821,0.0,0.0,2.0,11,7,3,1,10,0,1,0
143149,4165,1.0,0.0,0.0,7,1,1,2,5,0,1,1
14351,2321,0.0,6.0,0.0,6,1,1,2,4,0,1,1
143705,141,0.0,2.0,0.0,16,10,8,3,14,0,1,1
143911,1487,0.0,5.0,0.0,1,1,1,1,0,0,1,0
144111,3578,0.0,2.0,0.0,5,1,1,1,4,0,1,0
144320,4818,0.0,3.0,1.0,2,1,1,1,1,0,1,0
144554,4647,0.0,0.0,0.0,2,1,1,1,1,0,1,0
14495,2696,0.0,3.0,0.0,8,4,2,4,4,0,1,3
145801,4150,0.0,6.0,0.0,9,4,3,2,6,0,1,2
145911,1964,0.0,3.0,0.0,2,1,1,1,1,0,1,0
146435,1749,0.0,3.0,0.0,8,4,2,2,7,0,1,0
146568,3301,0.0,5.0,0.0,2,1,1,1,1,0,1,0
14673,1605,0.0,0.0,2.0,4,3,1,1,3,0,1,0
147260,2752,0.0,0.0,1.0,6,4,1,1,5,0,1,0
148377,2791,0.0,0.0,null,8,4,1,1,7,0,1,0
148496,4079,0.0,5.0,0.0,4,3,1,1,3,0,1,0
148520,3460,0.0,3.0,0.0,6,2,2,1,4,0,2,0
14855,1760,0.0,2.0,null,6,3,1,2,5,0,1,0
149105,1742,0.0,0.0,0.0,3,1,1,2,2,0,1,0
150019,1810,0.0,3.0,0.0,11,2,1,1,9,0,2,0
150356,2500,0.0,3.0,1.0,9,2,1,2,8,0,1,0
150791,2565,0.0,3.0,0.0,3,1,1,1,2,0,1,0
150967,2910,0.0,5.0,0.0,12,5,3,1,11,0,1,0
151266,102,0.0,0.0,0.0,10,2,1,1,9,0,1,0
151755,129,0.0,6.0,0.0,13,4,1,2,12,0,1,0
152215,4044,0.0,4.0,1.0,3,3,3,1,0,0,3,0
152422,3075,0.0,0.0,0.0,7,5,1,1,6,0,1,0
152445,3853,0.0,7.0,0.0,33,19,4,5,30,0,1,2
152600,1102,0.0,3.0,1.0,24,19,9,2,23,0,1,0
15276,2977,0.0,4.0,0.0,2,1,1,1,1,0,1,0
152873,361,0.0,3.0,0.0,16,7,6,1,12,0,4,0
152947,166,0.0,2.0,0.0,78,40,1,4,74,0,4,0
152956,1103,0.0,3.0,0.0,4,2,1,1,2,1,1,0
153149,467,0.0,3.0,0.0,7,3,1,3,6,0,1,0
153410,2403,0.0,4.0,1.0,33,15,2,1,30,0,3,0
153651,1013,0.0,6.0,0.0,8,3,2,1,5,0,3,0
153810,1123,0.0,0.0,0.0,7,2,1,1,6,0,1,0
15450,2639,0.0,0.0,0.0,36,14,4,4,24,0,3,9
154529,3236,0.0,6.0,0.0,19,13,1,3,18,0,1,0
154812,3098,0.0,0.0,0.0,5,3,2,2,4,0,1,0
154830,4431,0.0,5.0,0.0,4,1,1,2,2,0,1,1
155163,2836,0.0,6.0,0.0,9,2,1,2,8,0,1,0
155361,4413,0.0,4.0,0.0,6,2,2,1,5,0,1,0
156481,3042,0.0,5.0,0.0,42,17,8,2,39,0,1,2
15675,3323,1.0,0.0,0.0,3,1,1,2,2,0,1,0
157470,4131,0.0,6.0,1.0,20,5,2,7,16,0,1,3
157802,152,0.0,6.0,0.0,2,1,1,1,1,0,1,0
157943,354,0.0,7.0,0.0,6,5,2,4,4,0,2,0
158237,2047,0.0,3.0,0.0,4,1,1,1,3,0,1,0
159015,1103,1.0,3.0,0.0,12,6,1,2,11,0,1,0
159176,2669,0.0,2.0,0.0,6,1,1,1,5,0,1,0
159609,1890,0.0,5.0,0.0,4,3,1,1,3,0,1,0
159662,3727,0.0,2.0,0.0,3,1,1,1,1,0,2,0
159700,1661,0.0,0.0,1.0,12,4,2,1,11,0,1,0
159768,1749,0.0,5.0,0.0,7,3,3,3,6,0,1,0
160483,4710,0.0,0.0,0.0,3,1,1,1,2,0,1,0
161273,2051,0.0,6.0,0.0,3,1,1,1,2,0,1,0
161555,1724,0.0,3.0,1.0,4,1,1,1,3,0,1,0
16209,4731,0.0,4.0,1.0,5,3,2,2,3,0,2,0
162149,170,0.0,4.0,1.0,5,1,1,1,4,0,1,0
162235,1166,0.0,2.0,0.0,4,1,1,2,3,0,1,0
16224,2592,0.0,2.0,1.0,14,1,1,4,13,0,1,0
162259,3350,0.0,4.0,0.0,17,8,2,3,15,0,1,1
162804,2537,0.0,4.0,0.0,13,5,3,3,12,0,1,0
164081,1585,0.0,4.0,0.0,2,1,1,1,1,0,1,0
164133,1895,0.0,3.0,2.0,8,3,1,1,7,0,1,0
164284,3791,0.0,0.0,null,3,1,1,1,2,0,1,0
164769,1494,0.0,5.0,0.0,3,2,2,1,1,0,2,0
164841,320,0.0,4.0,0.0,2,1,1,1,0,0,1,1
164931,608,0.0,0.0,0.0,23,3,2,3,21,0,2,0
165320,3723,0.0,2.0,0.0,9,5,1,1,7,0,1,1
165833,2277,0.0,2.0,0.0,4,3,1,2,3,0,1,0
166392,3152,1.0,0.0,1.0,16,5,1,2,15,0,1,0
166679,4042,0.0,4.0,1.0,7,2,2,2,4,0,2,1
167250,4527,0.0,2.0,0.0,49,18,1,3,48,0,1,0
16761,4173,0.0,0.0,0.0,1,1,1,1,0,0,1,0
167698,1067,0.0,6.0,1.0,6,5,1,3,5,0,1,0
167911,1102,0.0,4.0,1.0,61,26,8,4,58,0,2,1
16821,2981,0.0,4.0,1.0,3,1,1,1,2,0,1,0
169486,1470,0.0,3.0,1.0,7,1,1,1,6,0,1,0
170292,4558,0.0,3.0,0.0,16,5,2,1,13,0,3,0
170355,1514,0.0,0.0,0.0,3,1,1,1,2,0,1,0
170677,4987,0.0,2.0,0.0,4,1,1,1,2,0,2,0
170906,3472,0.0,6.0,1.0,3,1,1,2,2,0,1,0
171232,4808,0.0,7.0,1.0,5,2,1,2,4,0,1,0
171552,63,0.0,3.0,0.0,12,3,2,3,11,0,1,0
172801,594,1.0,6.0,0.0,3,1,1,2,2,0,1,0
172857,1742,0.0,3.0,1.0,7,1,1,2,5,0,1,1
17306,3408,1.0,2.0,0.0,8,3,1,3,6,0,1,1
17315,3545,0.0,6.0,1.0,6,3,2,1,5,0,1,0
173195,1145,0.0,6.0,1.0,3,1,1,1,2,0,1,0
173239,4760,0.0,3.0,1.0,22,2,1,3,20,0,1,1
173344,3173,0.0,2.0,0.0,2,1,1,1,1,0,1,0
173541,416,0.0,3.0,2.0,1,1,1,1,0,0,1,0
173601,4124,0.0,4.0,0.0,5,2,1,2,4,0,1,0
174276,4173,0.0,3.0,0.0,3,1,1,1,2,0,1,0
174805,3472,0.0,2.0,1.0,9,6,3,2,8,0,1,0
175147,4484,0.0,5.0,0.0,1,1,1,1,0,0,1,0
175591,2582,1.0,2.0,0.0,44,12,1,1,42,0,1,1
175613,534,0.0,4.0,0.0,8,1,1,2,6,0,2,0
175675,1884,0.0,0.0,1.0,8,2,1,3,7,0,1,0
176514,4392,0.0,4.0,0.0,1,1,1,1,0,0,1,0
17703,756,0.0,3.0,0.0,4,1,1,2,3,0,1,0
177284,1679,0.0,4.0,0.0,24,9,3,6,21,0,2,1
177718,2108,0.0,0.0,0.0,6,2,1,1,5,0,1,0
177758,2138,0.0,8.0,0.0,3,1,1,1,2,0,1,0
178049,1487,0.0,0.0,1.0,38,20,1,1,36,1,1,0
178216,2102,0.0,0.0,0.0,2,1,1,1,1,0,1,0
178339,4296,0.0,5.0,1.0,4,2,1,1,3,0,1,0
178516,3363,0.0,3.0,0.0,4,1,1,1,3,0,1,0
178661,3271,0.0,3.0,1.0,2,1,1,1,1,0,1,0
17882,1393,0.0,0.0,0.0,63,43,9,5,56,0,1,6
178837,4282,0.0,2.0,0.0,23,8,2,1,20,0,1,2
179264,2138,0.0,3.0,1.0,2,1,1,1,1,0,1,0
179402,2482,0.0,0.0,0.0,5,1,1,1,3,0,1,1
180027,4079,0.0,6.0,1.0,5,3,1,1,4,0,1,0
180324,323,0.0,5.0,0.0,9,4,1,1,8,0,1,0
180343,1056,0.0,3.0,0.0,9,3,3,5,5,0,1,3
180521,2162,0.0,0.0,0.0,3,1,1,1,2,0,1,0
180701,361,0.0,3.0,0.0,4,2,2,1,2,0,2,0
180900,4382,0.0,7.0,1.0,36,3,1,3,35,0,1,0
180937,962,0.0,2.0,0.0,2,1,1,1,1,0,1,0
180941,4354,0.0,2.0,0.0,6,1,1,3,4,0,1,1
181045,2320,0.0,4.0,2.0,5,1,1,1,4,0,1,0
18116,2954,0.0,4.0,1.0,18,5,5,2,13,0,5,0
181443,3444,0.0,0.0,0.0,3,1,1,1,2,0,1,0
181640,1346,0.0,4.0,0.0,24,6,1,4,21,0,1,2
181699,3271,0.0,3.0,0.0,5,1,1,2,4,0,1,0
182231,2447,0.0,4.0,0.0,2,1,1,1,1,0,1,0
182686,3376,0.0,4.0,0.0,2,1,1,1,1,0,1,0
182875,227,0.0,5.0,0.0,5,2,1,2,3,0,1,1
183132,2954,1.0,3.0,0.0,8,4,3,3,6,0,2,0
183205,508,0.0,4.0,0.0,7,2,1,1,5,0,2,0
183325,2006,0.0,2.0,0.0,1,1,1,1,0,0,1,0
183488,168,0.0,0.0,0.0,10,7,2,2,5,0,5,0
183659,1916,0.0,3.0,1.0,20,12,3,1,18,0,2,0
184244,643,0.0,6.0,0.0,3,1,1,2,2,0,1,0
184991,1370,0.0,0.0,0.0,6,3,2,2,5,0,1,0
185727,4539,0.0,0.0,1.0,2,1,1,1,1,0,1,0
185826,4015,0.0,5.0,0.0,10,4,1,1,4,0,6,0
186270,4145,0.0,0.0,0.0,9,2,1,2,8,0,1,0
186630,219,0.0,3.0,0.0,3,1,1,1,1,0,2,0
186761,4090,0.0,4.0,1.0,1,1,1,1,0,0,1,0
187035,250,0.0,0.0,1.0,1,1,1,1,0,0,1,0
187045,4043,0.0,3.0,0.0,8,5,2,3,6,0,2,0
187280,275,0.0,3.0,1.0,3,1,1,1,2,0,1,0
187783,2615,0.0,4.0,0.0,1,1,1,1,0,0,1,0
188723,1999,0.0,3.0,0.0,3,1,1,1,2,0,1,0
189032,3885,0.0,5.0,0.0,4,1,1,3,2,0,2,0
190844,2072,0.0,2.0,0.0,13,4,2,1,11,0,1,1
192027,1613,1.0,3.0,0.0,1,1,1,1,0,0,1,0
192135,1916,0.0,4.0,0.0,8,4,2,1,6,0,2,0
192416,1496,0.0,3.0,0.0,4,2,1,2,3,0,1,0
192598,2613,0.0,3.0,0.0,4,2,2,2,2,0,2,0
193020,4705,0.0,3.0,0.0,2,1,1,1,1,0,1,0
193123,1640,0.0,0.0,1.0,19,8,2,1,17,0,2,0
193269,3623,0.0,3.0,1.0,7,3,2,1,6,0,1,0
193676,4287,0.0,4.0,1.0,6,3,3,1,5,0,1,0
193734,191,0.0,6.0,1.0,2,1,1,1,1,0,1,0
193737,2397,0.0,3.0,0.0,11,6,2,2,7,0,4,0
193925,897,0.0,5.0,0.0,4,2,1,1,3,0,1,0
194259,1102,0.0,4.0,0.0,48,39,13,11,47,0,1,0
194299,2454,0.0,7.0,0.0,14,3,1,1,11,0,3,0
194740,3225,0.0,0.0,1.0,17,1,1,4,15,0,1,1
194753,1724,0.0,6.0,1.0,12,4,2,1,10,0,1,1
195706,1708,0.0,6.0,0.0,1,1,1,1,0,0,1,0
195735,4760,0.0,3.0,1.0,13,7,4,3,7,0,3,3
195769,4400,0.0,3.0,1.0,9,6,2,1,8,0,1,0
196068,2592,0.0,6.0,0.0,5,2,2,2,4,0,1,0
196996,416,0.0,2.0,0.0,7,2,1,2,5,0,1,1
197279,4742,0.0,0.0,0.0,4,1,1,1,3,0,1,0
197386,323,0.0,7.0,1.0,45,8,1,6,44,0,1,0
198140,66,0.0,3.0,1.0,1,1,1,1,0,0,1,0
198155,1399,0.0,4.0,1.0,10,3,3,2,9,0,1,0
198250,2834,0.0,4.0,0.0,2,1,1,1,1,0,1,0
198610,4287,0.0,3.0,2.0,8,4,3,2,5,0,3,0
198668,2217,0.0,3.0,0.0,3,1,1,1,2,0,1,0
198953,4049,0.0,4.0,1.0,14,6,3,2,9,1,2,2
199066,2640,0.0,0.0,0.0,6,5,3,2,5,0,1,0
199310,310,0.0,6.0,1.0,3,2,2,1,2,0,1,0
199322,2642,1.0,3.0,1.0,3,1,1,1,2,0,1,0
199469,3148,1.0,6.0,0.0,64,37,6,8,62,0,1,1
199509,3828,0.0,4.0,0.0,20,9,3,1,17,0,3,0
199537,2721,0.0,5.0,0.0,2,1,1,1,1,0,1,0
199597,786,0.0,4.0,1.0,4,1,1,1,3,0,1,0
19998,2981,0.0,2.0,0.0,15,4,2,3,14,0,1,0
200200,1911,0.0,0.0,1.0,3,1,1,2,2,0,1,0
200308,4270,0.0,4.0,0.0,4,1,1,1,3,0,1,0
200991,3936,0.0,0.0,1.0,11,4,3,1,9,0,2,0
201152,3319,0.0,4.0,0.0,7,1,1,1,6,0,1,0
201859,121,0.0,3.0,0.0,10,6,1,2,6,0,1,3
202010,1547,0.0,3.0,0.0,4,2,1,1,3,0,1,0
202051,4968,0.0,4.0,1.0,2,1,1,1,1,0,1,0
20231,2618,0.0,2.0,0.0,8,2,1,1,6,0,2,0
202446,1618,0.0,4.0,null,5,2,1,1,4,0,1,0
203373,4847,0.0,3.0,0.0,12,10,6,2,11,0,1,0
203574,2026,0.0,3.0,0.0,4,2,1,1,3,0,1,0
203982,3006,0.0,5.0,0.0,54,21,9,1,51,0,3,0
204032,2631,0.0,0.0,0.0,9,4,3,3,6,0,1,2
204304,3085,0.0,3.0,1.0,10,6,2,2,9,0,1,0
20439,3955,0.0,4.0,2.0,19,4,1,6,16,0,1,2
20470,1884,0.0,3.0,1.0,9,2,1,2,8,0,1,0
204931,4607,0.0,4.0,0.0,1,1,1,1,0,0,1,0
205210,1056,0.0,4.0,0.0,3,2,2,2,2,0,1,0
205597,437,0.0,4.0,0.0,1,1,1,1,0,0,1,0
205600,4724,0.0,0.0,null,3,1,1,2,2,0,1,0
206633,1840,0.0,0.0,0.0,2,1,1,1,1,0,1,0
206773,1281,0.0,4.0,0.0,6,1,1,1,5,0,1,0
207311,4742,0.0,2.0,0.0,9,1,1,2,7,0,1,1
207549,3578,0.0,3.0,0.0,17,4,2,4,14,0,3,0
207773,598,0.0,2.0,1.0,6,1,1,1,5,0,1,0
207894,4605,0.0,3.0,0.0,2,2,2,1,0,0,2,0
207932,1472,0.0,3.0,0.0,3,1,1,1,2,0,1,0
208072,1892,0.0,5.0,0.0,1,1,1,1,0,0,1,0
208128,3828,0.0,3.0,0.0,17,5,1,2,13,0,4,0
208136,414,0.0,6.0,0.0,8,2,2,4,7,0,1,0
208456,4950,0.0,4.0,0.0,4,1,1,1,3,0,1,0
208477,503,0.0,4.0,0.0,12,5,2,2,9,0,3,0
208753,3936,1.0,4.0,0.0,4,1,1,2,3,0,1,0
210341,4173,0.0,3.0,0.0,13,3,1,1,10,0,1,2
210676,1892,0.0,4.0,0.0,67,31,13,5,61,0,4,2
210931,3408,0.0,5.0,0.0,7,1,1,1,6,0,1,0
211216,4079,0.0,0.0,0.0,17,2,2,2,14,0,2,1
21124,1963,0.0,5.0,0.0,2,1,1,2,0,0,1,1
211517,3098,0.0,0.0,0.0,2,2,2,1,1,0,1,0
211537,2864,0.0,3.0,1.0,15,6,1,1,14,0,1,0
211659,3080,0.0,0.0,1.0,8,3,1,2,6,0,1,1
212456,1892,0.0,0.0,0.0,3,2,1,1,0,0,3,0
212609,3284,0.0,0.0,0.0,2,1,1,1,1,0,1,0
212686,3734,0.0,3.0,1.0,13,3,3,2,11,1,1,0
213340,3637,0.0,4.0,0.0,3,1,1,1,2,0,1,0
213433,3323,1.0,4.0,1.0,4,1,1,1,3,0,1,0
213454,133,0.0,3.0,1.0,17,4,1,2,16,0,1,0
213798,2537,0.0,0.0,0.0,3,1,1,1,2,0,1,0
213923,1618,0.0,3.0,0.0,8,2,1,1,7,0,1,0
214231,2565,0.0,6.0,0.0,5,2,2,3,3,0,1,1
214480,2856,0.0,3.0,0.0,2,1,1,1,1,0,1,0
214551,608,0.0,0.0,0.0,10,4,1,1,9,0,1,0
214777,219,0.0,0.0,0.0,5,2,1,1,4,0,1,0
214882,1833,0.0,3.0,1.0,36,14,1,3,34,1,1,0
215227,643,0.0,2.0,0.0,15,5,1,4,14,0,1,0
215437,1031,0.0,3.0,1.0,5,3,1,1,4,0,1,0
215439,1738,0.0,3.0,0.0,12,6,4,6,11,0,1,0
215670,1330,0.0,3.0,0.0,3,1,1,1,2,0,1,0
216307,2140,0.0,6.0,0.0,41,14,1,7,38,0,2,1
21650,3585,0.0,5.0,0.0,21,9,2,2,16,0,2,3
217209,66,0.0,3.0,0.0,7,1,1,3,5,0,1,1
217668,4173,0.0,2.0,0.0,40,13,4,6,37,0,1,2
217941,3586,0.0,5.0,1.0,5,4,3,1,4,0,1,0
218091,2055,0.0,6.0,0.0,1,1,1,1,0,0,1,0
218564,2505,0.0,3.0,0.0,6,3,3,2,5,0,1,0
219066,4090,0.0,4.0,1.0,2,1,1,1,1,0,1,0
219253,1484,0.0,7.0,0.0,4,1,1,1,3,0,1,0
219506,2403,0.0,5.0,0.0,23,17,4,2,20,0,3,0
219646,3933,0.0,4.0,1.0,4,1,1,1,3,0,1,0
219740,4492,0.0,3.0,1.0,7,2,1,1,6,0,1,0
219906,145,1.0,4.0,0.0,4,1,1,1,1,0,3,0
220105,1310,0.0,5.0,null,13,1,1,1,12,0,1,0
220772,503,1.0,4.0,0.0,10,5,1,1,9,0,1,0
220822,326,0.0,5.0,0.0,2,1,1,1,1,0,1,0
220830,4871,0.0,3.0,2.0,2,1,1,1,1,0,1,0
220914,1939,0.0,4.0,0.0,6,3,1,1,5,0,1,0
221232,4186,0.0,3.0,0.0,10,4,1,1,9,0,1,0
221528,4818,0.0,3.0,0.0,24,14,6,3,22,0,2,0
22157,4808,0.0,4.0,0.0,3,2,1,1,2,0,1,0
221916,1102,0.0,4.0,0.0,11,7,1,2,10,0,1,0
222258,310,0.0,3.0,0.0,19,7,5,2,16,0,2,1
222580,574,0.0,2.0,1.0,46,20,4,2,45,0,1,0
222745,798,0.0,4.0,0.0,4,3,1,1,3,0,1,0
222952,1050,0.0,0.0,0.0,5,1,1,1,4,0,1,0
223112,301,0.0,0.0,0.0,12,1,1,1,11,0,1,0
223372,3734,0.0,0.0,1.0,15,3,2,5,13,0,2,0
223433,2318,0.0,5.0,0.0,13,2,1,2,11,0,1,1
223500,2124,0.0,6.0,0.0,18,4,2,1,17,0,1,0
224024,323,0.0,5.0,0.0,3,1,1,2,1,0,2,0
224444,606,0.0,5.0,0.0,9,4,2,3,6,0,1,2
224876,1640,0.0,0.0,1.0,6,2,2,2,5,0,1,0
224963,2471,0.0,0.0,1.0,13,8,2,2,12,0,1,0
225598,4760,0.0,0.0,null,13,4,2,2,10,0,3,0
225727,1861,0.0,4.0,0.0,5,3,3,2,4,0,1,0
226203,4847,1.0,4.0,0.0,29,10,7,4,23,0,4,2
226333,4368,0.0,2.0,0.0,8,4,1,1,7,0,1,0
226490,4438,0.0,0.0,0.0,5,4,1,2,4,0,1,0
226680,2459,0.0,0.0,0.0,16,7,4,2,15,0,1,0
226792,4273,0.0,3.0,0.0,32,26,10,2,31,0,1,0
226868,2138,0.0,0.0,0.0,15,7,4,3,8,0,1,6
227264,777,0.0,6.0,0.0,18,12,6,6,17,0,1,0
227392,3835,0.0,0.0,0.0,1,1,1,1,0,0,1,0
227429,2699,0.0,4.0,1.0,1,1,1,1,0,0,1,0
227537,1963,0.0,6.0,1.0,74,33,3,3,73,0,1,0
227674,3971,0.0,0.0,1.0,7,1,1,3,5,1,1,0
227729,4319,0.0,0.0,0.0,2,1,1,1,1,0,1,0
228211,4427,0.0,0.0,0.0,11,4,2,1,10,0,1,0
228778,1346,1.0,4.0,2.0,8,5,1,4,7,0,1,0
228908,3460,1.0,2.0,0.0,1,1,1,1,0,0,1,0
229622,3635,0.0,4.0,0.0,7,2,1,2,6,0,1,0
230669,1608,1.0,0.0,0.0,3,1,1,1,2,0,1,0
231183,2935,0.0,3.0,0.0,9,5,2,1,8,0,1,0
231452,804,0.0,6.0,1.0,8,2,2,1,6,0,2,0
232120,1557,0.0,2.0,1.0,3,2,2,2,1,0,1,1
232789,1142,0.0,0.0,0.0,6,1,1,1,5,0,1,0
232792,2945,0.0,5.0,0.0,5,2,1,1,4,0,1,0
233054,396,0.0,4.0,0.0,3,1,1,1,2,0,1,0
233502,2217,0.0,0.0,0.0,5,1,1,2,4,0,1,0
23450,2403,0.0,3.0,0.0,3,3,1,2,2,0,1,0
234887,4847,0.0,3.0,0.0,193,105,20,11,183,0,7,3
234966,946,0.0,5.0,0.0,8,5,2,1,7,0,1,0
235037,4427,0.0,4.0,1.0,15,8,5,2,14,0,1,0
235271,148,0.0,5.0,0.0,5,1,1,1,4,0,1,0
23535,4044,0.0,2.0,0.0,16,5,3,3,15,0,1,0
235368,4043,1.0,6.0,0.0,16,11,4,4,14,0,2,0
236001,4779,0.0,0.0,1.0,3,1,1,1,2,0,1,0
236307,829,0.0,6.0,0.0,10,1,1,1,7,0,2,1
236884,2954,0.0,4.0,0.0,21,10,6,3,17,0,1,3
237001,4724,0.0,0.0,0.0,5,1,1,1,4,0,1,0
237870,1594,0.0,5.0,0.0,61,27,5,3,55,0,6,0
238408,2900,0.0,4.0,0.0,4,2,2,1,3,0,1,0
238739,278,0.0,3.0,0.0,42,14,1,10,39,0,1,2
238827,4491,0.0,0.0,1.0,8,3,1,1,6,0,2,0
239181,4044,0.0,6.0,0.0,3,2,2,1,2,0,1,0
239317,4976,0.0,2.0,0.0,28,10,3,1,27,0,1,0
239496,3314,0.0,5.0,0.0,11,2,1,3,9,0,1,1
240269,1639,0.0,4.0,1.0,4,1,1,1,3,0,1,0
240820,4465,0.0,0.0,0.0,3,1,1,1,1,0,2,0
24166,3828,0.0,6.0,1.0,7,5,3,2,6,0,1,0
24200,4976,0.0,0.0,0.0,20,10,2,9,16,0,1,3
242321,1370,0.0,5.0,0.0,4,1,1,2,3,0,1,0
24270,2824,0.0,5.0,1.0,3,2,2,1,2,0,1,0
242784,361,0.0,6.0,0.0,16,3,1,2,14,0,1,1
243571,1102,0.0,2.0,0.0,2,1,1,1,1,0,1,0
243654,4659,0.0,3.0,0.0,6,4,2,1,4,0,2,0
244463,4325,0.0,3.0,0.0,14,7,3,2,13,0,1,0
244686,317,0.0,3.0,1.0,6,1,1,2,5,0,1,0
244751,2424,0.0,3.0,1.0,18,2,1,4,17,0,1,0
24526,3734,0.0,4.0,0.0,24,12,5,2,23,0,1,0
24548,227,0.0,6.0,0.0,1,1,1,1,0,0,1,0
245490,1833,0.0,6.0,1.0,12,8,4,2,10,0,1,1
246255,598,1.0,3.0,0.0,17,2,1,7,15,0,1,1
24635,1018,0.0,0.0,0.0,2,1,1,1,1,0,1,0
246452,2204,0.0,0.0,0.0,5,1,1,2,3,0,1,1
246762,4992,0.0,5.0,0.0,22,7,1,3,20,0,1,1
247019,358,0.0,5.0,0.0,5,1,1,1,4,0,1,0
24734,4966,0.0,0.0,0.0,3,2,2,1,2,0,1,0
248455,1486,0.0,5.0,2.0,14,4,1,2,13,0,1,0
248512,4040,0.0,2.0,0.0,17,6,3,1,10,0,1,6
248703,1708,0.0,4.0,0.0,8,5,1,3,7,0,1,0
249069,4654,0.0,3.0,0.0,3,1,1,1,2,0,1,0
249574,4976,0.0,5.0,0.0,44,17,7,4,41,0,3,0
249730,3562,0.0,0.0,0.0,3,2,2,1,2,0,1,0
25041,1200,0.0,5.0,0.0,5,2,1,1,4,0,1,0
250619,13,0.0,4.0,0.0,3,1,1,1,2,0,1,0
250627,1710,0.0,0.0,0.0,2,1,1,2,1,0,1,0
250691,4768,0.0,0.0,null,29,13,2,3,22,0,1,6
250769,3635,0.0,0.0,1.0,4,1,1,2,3,0,1,0
250803,3637,1.0,4.0,0.0,6,2,1,1,5,0,1,0
251880,2745,0.0,2.0,1.0,13,4,1,2,12,0,1,0
251937,4170,0.0,0.0,0.0,3,2,1,1,1,0,2,0
25195,265,0.0,5.0,1.0,7,1,1,1,5,0,2,0
252364,2138,0.0,5.0,1.0,3,1,1,1,2,0,1,0
252386,4687,0.0,0.0,0.0,8,1,1,2,7,0,1,0
252567,3843,0.0,null,null,2,1,1,1,1,0,1,0
252600,134,0.0,5.0,0.0,1,1,1,1,0,0,1,0
252955,596,0.0,0.0,0.0,4,1,1,1,3,0,1,0
253226,760,0.0,4.0,1.0,5,2,2,1,4,0,1,0
253429,2712,0.0,5.0,0.0,8,3,1,1,7,0,1,0
25403,4336,0.0,6.0,0.0,4,1,1,1,3,0,1,0
254214,3578,0.0,0.0,0.0,11,4,2,3,9,0,2,0
25427,2108,0.0,3.0,1.0,9,4,2,1,8,0,1,0
254396,4993,0.0,2.0,0.0,1,1,1,1,0,0,1,0
254714,1049,0.0,3.0,1.0,4,1,1,1,3,0,1,0
254719,2954,0.0,4.0,0.0,17,10,6,2,14,0,3,0
255424,747,0.0,3.0,0.0,4,1,1,2,3,0,1,0
255696,1305,0.0,2.0,1.0,4,1,1,1,3,0,1,0
255959,191,0.0,5.0,0.0,6,4,3,2,5,0,1,0
257026,3396,0.0,3.0,1.0,8,4,2,2,7,0,1,0
25727,1749,0.0,4.0,0.0,7,1,1,3,5,0,1,1
257647,1541,0.0,4.0,1.0,3,1,1,1,2,0,1,0
257818,1816,0.0,4.0,0.0,4,2,1,1,2,0,2,0
257900,1346,0.0,4.0,0.0,10,2,1,4,9,0,1,0
258007,3828,0.0,0.0,0.0,5,1,1,2,4,0,1,0
258107,4282,0.0,4.0,0.0,4,4,3,2,3,0,1,0
258640,4368,0.0,0.0,0.0,5,2,1,2,4,0,1,0
258784,121,0.0,4.0,0.0,11,2,2,1,10,0,1,0
25889,4554,0.0,6.0,null,31,11,4,1,29,0,2,0
258911,798,0.0,4.0,0.0,11,4,3,2,9,0,1,1
258967,3308,0.0,5.0,0.0,8,3,2,1,6,0,2,0
259574,3545,0.0,0.0,0.0,1,1,1,1,0,0,1,0
25967,598,0.0,4.0,1.0,3,2,1,1,2,0,1,0
259976,2436,0.0,3.0,0.0,13,9,4,1,12,0,1,0
260134,2828,0.0,6.0,1.0,41,15,4,3,34,0,2,5
260382,3780,0.0,7.0,0.0,25,10,1,1,20,0,5,0
260844,2138,0.0,3.0,null,3,1,1,1,2,0,1,0
26136,3828,0.0,5.0,0.0,5,3,3,2,4,0,1,0
261405,3925,0.0,6.0,0.0,15,8,2,1,14,0,1,0
2617,3536,0.0,5.0,0.0,8,3,1,1,7,0,1,0
261706,2629,0.0,4.0,1.0,2,1,1,1,1,0,1,0
261710,1126,0.0,3.0,0.0,10,3,3,2,9,0,1,0
261862,104,0.0,2.0,0.0,2,1,1,1,1,0,1,0
262194,3853,0.0,6.0,0.0,10,4,4,5,7,0,1,2
262223,1892,1.0,4.0,1.0,2,2,2,1,0,0,2,0
262514,4708,0.0,2.0,0.0,15,2,2,4,14,0,1,0
263330,2821,0.0,5.0,0.0,4,1,1,1,3,0,1,0
263477,2597,0.0,3.0,0.0,20,11,3,1,19,0,1,0
263727,1752,0.0,0.0,0.0,2,1,1,1,0,0,2,0
264047,1145,0.0,3.0,0.0,7,5,1,2,6,0,1,0
264294,2124,0.0,3.0,0.0,7,1,1,1,6,0,1,0
264446,2217,0.0,2.0,0.0,20,8,1,1,19,0,1,0
264673,4221,0.0,0.0,2.0,5,3,2,1,3,0,2,0
264706,962,0.0,2.0,0.0,2,2,2,1,0,0,2,0
264893,1724,0.0,5.0,0.0,6,4,1,1,5,0,1,0
265208,4783,0.0,5.0,0.0,3,1,1,1,2,0,1,0
265351,4818,0.0,3.0,0.0,5,3,1,1,3,0,2,0
265566,2138,0.0,3.0,2.0,3,1,1,1,2,0,1,0
265742,1393,0.0,0.0,0.0,78,50,13,14,71,0,1,6
265759,3828,0.0,4.0,0.0,2,2,2,2,1,0,1,0
266072,3536,1.0,6.0,0.0,5,1,1,1,4,0,1,0
266101,1487,0.0,0.0,0.0,9,2,1,3,8,0,1,0
266483,682,0.0,3.0,0.0,3,1,1,1,2,0,1,0
266576,323,0.0,7.0,0.0,7,2,1,1,6,0,1,0
266899,1393,0.0,0.0,0.0,6,4,3,1,4,0,2,0
266924,3623,0.0,2.0,null,7,2,1,1,6,0,1,0
267930,262,0.0,4.0,0.0,5,2,1,2,4,0,1,0
267931,1353,0.0,4.0,0.0,12,5,2,2,11,0,1,0
268007,4871,0.0,2.0,0.0,9,2,1,1,6,0,2,1
268204,1963,0.0,2.0,1.0,54,11,7,5,47,0,2,5
268423,2742,0.0,0.0,0.0,8,6,3,4,7,0,1,0
268619,1356,0.0,4.0,1.0,1,1,1,1,0,0,1,0
269078,508,0.0,2.0,1.0,4,3,1,1,2,0,2,0
269101,3828,0.0,6.0,0.0,2,1,1,2,0,0,1,1
269159,2836,0.0,3.0,0.0,1,1,1,1,0,0,1,0
269628,3472,0.0,2.0,1.0,7,2,1,1,6,0,1,0
270332,3205,0.0,5.0,2.0,6,2,1,1,4,0,1,1
271091,187,0.0,4.0,2.0,6,1,1,4,5,0,1,0
271173,2664,0.0,0.0,0.0,9,5,2,1,7,0,2,0
271338,3323,0.0,3.0,0.0,1,1,1,1,0,0,1,0
271356,4789,0.0,6.0,1.0,2,1,1,1,1,0,1,0
271365,1861,0.0,4.0,0.0,5,1,1,1,1,0,4,0
271815,4137,0.0,3.0,0.0,6,4,1,2,5,0,1,0
271942,590,0.0,3.0,1.0,6,2,1,1,5,0,1,0
272050,841,0.0,5.0,0.0,1,1,1,1,0,0,1,0
272222,1131,0.0,6.0,0.0,10,1,1,1,8,0,1,1
272647,3580,0.0,2.0,0.0,3,1,1,1,2,0,1,0
273357,2915,0.0,3.0,0.0,7,5,2,2,4,1,2,0
273596,4841,0.0,2.0,1.0,14,2,1,2,13,0,1,0
273638,4648,0.0,2.0,0.0,2,1,1,1,1,0,1,0
27366,1875,0.0,5.0,0.0,18,7,3,4,16,0,2,0
273813,2608,0.0,2.0,1.0,9,1,1,2,7,0,1,1
273925,4585,0.0,3.0,1.0,2,1,1,2,1,0,1,0
274773,423,0.0,6.0,0.0,9,1,1,2,8,0,1,0
275208,2709,0.0,0.0,0.0,15,4,2,2,12,1,1,1
275216,794,0.0,3.0,0.0,6,3,1,1,5,0,1,0
275226,4173,0.0,0.0,0.0,3,1,1,1,2,0,1,0
27533,3941,0.0,2.0,0.0,1,1,1,1,0,0,1,0
275552,1944,1.0,4.0,0.0,28,12,5,3,25,0,3,0
276071,4322,0.0,6.0,0.0,4,2,1,1,2,0,2,0
276150,2872,0.0,4.0,1.0,16,1,1,1,14,0,1,1
276310,4129,0.0,2.0,1.0,3,1,1,1,2,0,1,0
276428,4650,0.0,2.0,0.0,3,1,1,1,2,0,1,0
276676,798,0.0,4.0,1.0,9,4,4,1,5,0,4,0
276844,2236,1.0,3.0,0.0,4,4,3,1,0,0,4,0
277288,2928,0.0,5.0,2.0,6,5,3,1,5,0,1,0
277348,798,0.0,3.0,0.0,13,3,2,1,12,0,1,0
277479,3016,0.0,3.0,0.0,4,1,1,2,3,0,1,0
277545,4044,0.0,2.0,0.0,15,7,2,1,14,0,1,0
277566,3578,0.0,4.0,0.0,12,6,2,2,10,0,1,1
277598,1816,0.0,4.0,1.0,7,2,2,1,5,0,2,0
277651,2537,1.0,3.0,0.0,1,1,1,1,0,0,1,0
277741,1833,0.0,3.0,0.0,12,5,5,1,11,0,1,0
277757,141,0.0,3.0,0.0,33,20,8,2,32,0,1,0
278203,2294,0.0,0.0,0.0,4,2,2,2,3,0,1,0
278741,2217,0.0,3.0,null,13,3,1,2,12,0,1,0
278915,4101,0.0,0.0,1.0,11,7,2,2,10,0,1,0
278925,1618,0.0,0.0,0.0,12,5,3,1,11,0,1,0
279630,3236,0.0,3.0,1.0,14,4,1,1,12,0,1,1
280164,1581,0.0,3.0,0.0,51,10,1,1,45,0,6,0
280232,3136,0.0,3.0,2.0,35,11,3,1,34,0,1,0
280913,2031,0.0,3.0,0.0,2,1,1,1,1,0,1,0
280926,4525,0.0,0.0,0.0,9,2,1,1,7,0,2,0
280999,361,1.0,6.0,0.0,46,8,3,6,42,0,2,2
281094,3080,1.0,0.0,1.0,3,2,1,1,2,0,1,0
281101,747,0.0,4.0,0.0,15,9,2,4,14,0,1,0
281114,3448,0.0,3.0,1.0,16,8,1,1,15,0,1,0
281600,1910,0.0,6.0,0.0,6,1,1,3,4,0,1,1
281806,3098,0.0,3.0,1.0,1,1,1,1,0,0,1,0
281929,1470,0.0,6.0,0.0,4,1,1,2,3,0,1,0
282222,1964,0.0,2.0,0.0,6,2,2,1,5,0,1,0
282374,2952,0.0,2.0,0.0,1,1,1,1,0,0,1,0
283083,474,1.0,8.0,0.0,21,18,12,2,20,0,1,0
283339,2482,0.0,2.0,0.0,1,1,1,1,0,0,1,0
283493,590,0.0,3.0,1.0,1,1,1,1,0,0,1,0
283583,2203,0.0,5.0,1.0,8,5,3,1,4,0,4,0
283877,1999,0.0,4.0,2.0,5,3,1,1,4,0,1,0
284579,1613,0.0,2.0,0.0,5,1,1,4,4,0,1,0
28461,145,0.0,0.0,0.0,2,1,1,1,1,0,1,0
284614,2459,0.0,0.0,0.0,10,4,3,3,6,0,2,2
284633,3068,0.0,2.0,0.0,10,3,3,3,9,0,1,0
28465,3382,0.0,2.0,0.0,7,2,2,3,6,0,1,0
284650,3408,0.0,7.0,0.0,9,2,1,2,8,0,1,0
285268,310,1.0,0.0,1.0,18,3,2,2,16,0,2,0
28556,3984,0.0,3.0,0.0,21,12,5,3,18,0,1,2
285834,2237,0.0,3.0,0.0,5,2,2,1,3,0,2,0
285835,2217,0.0,5.0,1.0,1,1,1,1,0,0,1,0
286001,310,0.0,2.0,1.0,1,1,1,1,0,0,1,0
28607,3828,0.0,4.0,1.0,13,9,4,2,12,0,1,0
286426,121,1.0,6.0,0.0,23,5,2,3,21,0,2,0
286432,2569,0.0,3.0,1.0,62,31,3,4,59,0,1,2
286908,4539,0.0,2.0,1.0,3,1,1,1,2,0,1,0
287126,586,0.0,4.0,0.0,11,4,2,4,8,0,2,1
287327,2031,0.0,3.0,1.0,8,3,1,1,7,0,1,0
287640,4677,0.0,4.0,0.0,16,5,1,2,12,0,4,0
287750,503,0.0,6.0,0.0,26,3,2,4,20,0,2,4
28800,935,0.0,4.0,0.0,8,2,1,1,7,0,1,0
288498,3701,0.0,4.0,1.0,5,1,1,1,4,0,1,0
289567,3835,0.0,4.0,0.0,4,2,1,1,3,0,1,0
290081,3979,0.0,6.0,1.0,5,2,1,1,4,0,1,0
290135,4282,0.0,2.0,1.0,9,7,4,4,7,0,1,1
29022,219,0.0,3.0,0.0,7,1,1,2,5,0,2,0
290352,4281,0.0,2.0,0.0,1,1,1,1,0,0,1,0
290558,1755,0.0,2.0,0.0,3,1,1,1,2,0,1,0
290578,2173,0.0,0.0,1.0,19,9,2,4,17,0,2,0
29068,71,0.0,4.0,0.0,4,2,2,3,3,0,1,0
291095,1352,0.0,3.0,1.0,41,22,7,2,38,0,3,0
291103,297,0.0,3.0,1.0,4,2,1,1,3,0,1,0
291476,1346,0.0,3.0,1.0,7,4,1,2,6,0,1,0
291690,4044,0.0,4.0,2.0,13,5,2,2,9,2,2,0
292902,4960,1.0,6.0,0.0,9,4,2,2,8,0,1,0
293090,2688,0.0,6.0,0.0,11,6,2,1,10,0,1,0
293133,535,0.0,0.0,1.0,4,2,1,1,3,0,1,0
293624,148,0.0,3.0,0.0,14,6,6,1,10,0,4,0
29404,3990,0.0,4.0,0.0,2,1,1,1,1,0,1,0
296114,630,0.0,3.0,0.0,63,43,13,17,60,0,1,2
296140,2128,0.0,2.0,0.0,8,3,1,1,7,0,1,0
296337,3971,0.0,3.0,1.0,56,17,4,3,53,0,3,0
296575,2099,0.0,3.0,0.0,1,1,1,1,0,0,1,0
29663,4450,0.0,0.0,1.0,10,3,1,2,9,0,1,0
296767,3345,0.0,2.0,0.0,5,1,1,2,3,0,2,0
296906,2664,0.0,3.0,1.0,19,14,2,1,18,0,1,0
296908,4765,0.0,3.0,1.0,12,1,1,2,10,0,1,1
297052,3347,0.0,5.0,0.0,9,2,1,1,8,0,1,0
297670,10,0.0,4.0,1.0,14,6,2,2,8,0,1,5
298097,3345,0.0,2.0,0.0,9,4,1,2,8,0,1,0
298571,1425,0.0,2.0,1.0,11,3,2,1,9,0,2,0
298621,4793,0.0,7.0,1.0,2,1,1,1,1,0,1,0
298722,4966,0.0,3.0,0.0,3,1,1,2,2,0,1,0
298746,1435,0.0,4.0,0.0,4,1,1,1,3,0,1,0
298769,3623,0.0,0.0,0.0,11,1,1,3,9,0,1,1
298882,3628,0.0,4.0,0.0,4,1,1,1,3,0,1,0
299246,402,0.0,0.0,0.0,21,8,1,1,20,0,1,0
299570,3124,0.0,5.0,2.0,10,1,1,4,8,0,2,0
299827,3351,0.0,4.0,0.0,5,1,1,3,3,0,1,1
300104,2994,1.0,0.0,0.0,1,1,1,1,0,0,1,0
300219,1054,0.0,3.0,0.0,6,2,1,2,5,0,1,0
300299,951,0.0,4.0,0.0,6,2,2,2,5,0,1,0
300446,4760,0.0,3.0,0.0,1,1,1,1,0,0,1,0
300623,4506,1.0,0.0,0.0,1,1,1,1,0,0,1,0
300808,1704,0.0,3.0,0.0,23,8,2,2,22,0,1,0
301069,4079,0.0,0.0,0.0,9,4,2,2,6,0,3,0
301220,3828,0.0,2.0,0.0,6,4,3,2,1,0,1,4
30144,3320,0.0,2.0,0.0,7,2,1,2,3,0,4,0
301896,4492,0.0,0.0,null,9,2,2,1,7,0,1,1
302163,2031,0.0,3.0,1.0,6,4,2,2,5,0,1,0
302392,3640,0.0,0.0,1.0,5,1,1,3,4,0,1,0
302724,4768,0.0,2.0,0.0,24,2,1,2,23,0,1,0
303338,3225,0.0,0.0,0.0,5,1,1,1,3,0,1,1
304028,3154,0.0,3.0,0.0,14,4,2,2,13,0,1,0
304462,2138,0.0,3.0,1.0,12,6,5,2,10,0,2,0
304537,4760,0.0,5.0,0.0,9,5,3,3,7,0,2,0
304707,1346,0.0,3.0,1.0,4,3,1,2,3,0,1,0
305076,2559,0.0,5.0,0.0,17,5,1,1,16,0,1,0
305418,503,0.0,3.0,0.0,10,5,1,1,8,0,2,0
305698,3148,0.0,5.0,1.0,45,11,2,9,42,0,1,2
306002,2755,0.0,5.0,0.0,8,4,2,2,7,0,1,0
306032,2723,0.0,3.0,0.0,4,3,3,1,1,0,3,0
306583,3941,0.0,5.0,1.0,15,5,2,6,13,0,1,1
306670,1748,0.0,0.0,0.0,2,1,1,1,1,0,1,0
30695,575,0.0,3.0,0.0,4,1,1,1,3,0,1,0
307310,1487,0.0,0.0,0.0,4,2,1,2,3,0,1,0
307605,4760,0.0,4.0,1.0,2,1,1,1,1,0,1,0
307642,2592,0.0,4.0,1.0,3,1,1,1,2,0,1,0
3077,4944,0.0,7.0,1.0,9,5,2,1,8,0,1,0
307729,3525,0.0,4.0,0.0,6,1,1,1,5,0,1,0
307891,4594,0.0,2.0,1.0,1,1,1,1,0,0,1,0
308155,2318,0.0,0.0,0.0,8,3,1,2,7,0,1,0
308739,4044,0.0,4.0,0.0,31,17,3,1,27,0,1,3
308769,977,0.0,0.0,0.0,2,1,1,1,1,0,1,0
309250,2047,0.0,4.0,0.0,9,1,1,2,7,0,1,1
309289,1399,0.0,0.0,0.0,12,5,1,1,11,0,1,0
309323,3484,0.0,3.0,0.0,16,2,1,2,15,0,1,0
309340,3531,0.0,3.0,0.0,3,1,1,1,2,0,1,0
310152,2712,0.0,4.0,0.0,7,5,1,1,6,0,1,0
310322,4840,0.0,2.0,0.0,1,1,1,1,0,0,1,0
310421,4648,0.0,2.0,0.0,89,32,8,8,79,0,8,2
310904,2569,0.0,4.0,1.0,25,5,1,7,19,2,1,3
311263,1494,0.0,5.0,1.0,3,1,1,1,2,0,1,0
312097,4281,0.0,3.0,1.0,5,1,1,3,3,0,1,1
312534,643,0.0,4.0,0.0,20,12,5,1,16,0,4,0
312924,4173,0.0,0.0,0.0,5,3,1,1,4,0,1,0
313737,2031,0.0,0.0,0.0,1,1,1,1,0,0,1,0
31380,738,1.0,0.0,0.0,15,5,3,4,13,0,1,1
314170,4173,0.0,0.0,0.0,21,2,2,2,20,0,1,0
314272,437,0.0,4.0,1.0,11,4,1,3,10,0,1,0
314373,3619,0.0,4.0,0.0,3,1,1,1,2,0,1,0
314429,3614,0.0,4.0,1.0,6,2,1,1,5,0,1,0
314470,2317,0.0,4.0,1.0,5,1,1,2,4,0,1,0
314520,4718,0.0,4.0,0.0,26,14,5,1,24,0,2,0
315047,1890,0.0,4.0,0.0,5,3,1,2,4,0,1,0
315213,3328,0.0,6.0,0.0,3,1,1,1,2,0,1,0
31628,1074,0.0,6.0,0.0,4,2,1,1,3,0,1,0
316735,3205,0.0,6.0,0.0,2,1,1,1,1,0,1,0
31689,416,0.0,8.0,0.0,10,7,2,2,8,0,2,0
316959,786,1.0,0.0,0.0,1,1,1,1,0,0,1,0
316979,310,0.0,6.0,1.0,5,2,2,2,3,0,1,1
317002,2709,0.0,4.0,0.0,2,1,1,1,1,0,1,0
317197,3990,0.0,6.0,0.0,6,2,2,3,5,0,1,0
31740,2668,0.0,2.0,0.0,8,3,2,1,5,0,2,1
317409,4336,0.0,4.0,0.0,7,2,1,1,6,0,1,0
31742,2700,1.0,4.0,1.0,46,25,5,4,42,0,1,3
317436,4173,0.0,3.0,0.0,9,4,3,4,7,0,2,0
31795,1340,0.0,6.0,0.0,73,46,8,5,66,2,5,0
319425,3018,0.0,0.0,0.0,4,1,1,2,2,0,1,1
319860,2954,0.0,4.0,2.0,1,1,1,1,0,0,1,0
319929,4524,0.0,0.0,0.0,16,3,2,2,13,2,1,0
320499,361,0.0,5.0,0.0,4,2,2,1,2,0,1,1
320543,3263,0.0,3.0,0.0,34,12,4,2,33,0,1,0
3210,1892,0.0,4.0,0.0,3,2,2,1,0,0,3,0
321301,3898,0.0,3.0,1.0,5,2,1,1,3,0,2,0
321333,2938,0.0,0.0,0.0,6,2,2,1,5,0,1,0
321564,2424,0.0,3.0,0.0,2,1,1,1,0,0,2,0
322008,1526,0.0,3.0,0.0,13,5,3,2,11,0,2,0
322986,3826,0.0,5.0,1.0,14,5,3,1,12,0,2,0
323010,35,0.0,4.0,1.0,5,1,1,1,4,0,1,0
324069,4847,1.0,0.0,1.0,11,6,5,1,10,0,1,0
324174,4847,0.0,0.0,0.0,35,1,1,3,33,0,1,1
324308,2397,0.0,3.0,0.0,4,2,2,2,3,0,1,0
324338,2161,0.0,2.0,0.0,5,3,3,2,4,0,1,0
324920,2537,0.0,0.0,0.0,11,1,1,2,9,0,1,1
325082,4724,0.0,3.0,0.0,1,1,1,1,0,0,1,0
325088,1910,0.0,0.0,0.0,8,1,1,2,7,0,1,0
325363,154,0.0,6.0,0.0,3,1,1,1,2,0,1,0
325629,4150,0.0,4.0,0.0,5,1,1,1,4,0,1,0
325685,4708,1.0,4.0,0.0,15,7,4,1,13,0,2,0
326080,4864,0.0,4.0,1.0,3,1,1,1,2,0,1,0
326287,3588,0.0,5.0,1.0,10,4,1,2,8,0,1,1
326849,1839,0.0,0.0,1.0,3,1,1,2,1,0,1,1
327048,1356,0.0,4.0,0.0,14,4,1,3,12,0,1,1
328131,3075,0.0,4.0,0.0,10,2,1,2,9,0,1,0
328429,1166,0.0,3.0,1.0,10,1,1,1,9,0,1,0
32845,2613,0.0,4.0,0.0,7,1,1,1,5,0,2,0
328528,742,0.0,3.0,0.0,4,1,1,1,3,0,1,0
328758,3347,0.0,4.0,1.0,4,1,1,1,3,0,1,0
329261,4287,0.0,3.0,0.0,21,3,2,4,16,0,3,2
329656,3623,0.0,2.0,0.0,7,3,1,3,5,0,2,0
33011,4385,0.0,5.0,0.0,11,4,1,1,10,0,1,0
331055,594,0.0,6.0,0.0,3,1,1,1,2,0,1,0
331763,3815,0.0,8.0,0.0,10,6,4,1,8,0,2,0
331852,731,0.0,5.0,0.0,2,1,1,1,1,0,1,0
331853,4614,0.0,4.0,0.0,4,2,2,2,2,0,2,0
332075,4079,0.0,6.0,0.0,9,4,3,1,5,0,4,0
332491,3687,0.0,0.0,null,1,1,1,1,0,0,1,0
333476,1724,0.0,0.0,1.0,2,1,1,1,1,0,1,0
333565,3451,0.0,4.0,0.0,2,1,1,1,1,0,1,0
333839,2640,0.0,5.0,1.0,7,4,4,2,5,0,2,0
333976,2828,0.0,4.0,0.0,28,16,5,1,25,0,3,0
334480,654,0.0,4.0,0.0,3,2,1,2,2,0,1,0
335086,4173,0.0,2.0,0.0,1,1,1,1,0,0,1,0
335090,58,0.0,3.0,0.0,2,1,1,1,1,0,1,0
335979,1704,0.0,4.0,1.0,47,22,4,8,44,0,1,2
336297,4394,1.0,0.0,0.0,13,3,1,2,12,0,1,0
336428,1049,0.0,0.0,0.0,5,1,1,3,4,0,1,0
336498,1131,0.0,3.0,0.0,4,2,1,3,3,0,1,0
336893,3484,0.0,4.0,null,12,2,1,4,10,0,1,1
336923,4322,0.0,3.0,1.0,3,1,1,1,2,0,1,0
336959,608,0.0,5.0,0.0,2,1,1,1,1,0,1,0
337583,3828,0.0,5.0,0.0,17,14,4,5,16,0,1,0
337930,4938,0.0,3.0,1.0,5,2,1,1,4,0,1,0
338464,3734,0.0,6.0,1.0,6,3,2,3,4,0,1,1
338783,4427,0.0,0.0,0.0,2,1,1,1,1,0,1,0
339262,1892,0.0,3.0,1.0,5,1,1,1,4,0,1,0
339687,1502,0.0,4.0,1.0,10,4,4,1,8,0,2,0
33981,2394,0.0,4.0,0.0,2,1,1,1,1,0,1,0
340079,534,0.0,5.0,0.0,12,7,1,1,10,0,2,0
34038,1056,0.0,3.0,1.0,10,5,2,2,9,0,1,0
340958,3734,0.0,3.0,0.0,49,23,5,2,45,0,3,1
341244,547,0.0,4.0,1.0,2,1,1,1,1,0,1,0
342121,4394,1.0,4.0,0.0,5,1,1,2,2,0,2,1
342767,3855,0.0,0.0,0.0,8,8,6,4,1,0,2,5
343194,946,0.0,0.0,1.0,13,6,3,1,12,0,1,0
345773,1134,0.0,3.0,1.0,27,3,3,1,24,0,3,0
345986,4966,0.0,4.0,1.0,4,2,1,1,3,0,1,0
346500,1659,0.0,5.0,1.0,3,1,1,1,2,0,1,0
34659,3889,0.0,4.0,0.0,1,1,1,1,0,0,1,0
347363,2915,0.0,5.0,1.0,7,3,1,1,4,0,3,0
347646,606,0.0,2.0,0.0,23,7,4,4,20,0,1,2
347667,4966,0.0,0.0,0.0,1,1,1,1,0,0,1,0
34778,1861,0.0,6.0,0.0,3,1,1,1,2,0,1,0
347953,2598,0.0,3.0,0.0,17,4,2,1,16,0,1,0
347994,1916,0.0,4.0,0.0,5,4,2,1,4,0,1,0
348904,2320,0.0,4.0,1.0,2,1,1,1,0,0,2,0
349061,3578,0.0,6.0,0.0,31,18,3,7,29,0,1,1
349070,4966,0.0,0.0,0.0,3,1,1,1,2,0,1,0
349120,3578,0.0,3.0,0.0,5,2,1,1,3,0,1,1
349273,222,1.0,6.0,0.0,3,1,1,1,2,0,1,0
349637,4731,0.0,5.0,1.0,21,8,2,1,19,0,2,0
350896,1892,0.0,3.0,0.0,33,13,4,3,30,0,2,1
351032,740,0.0,3.0,0.0,3,1,1,1,1,0,2,0
351371,598,0.0,4.0,1.0,6,2,2,1,5,0,1,0
351736,3345,0.0,0.0,0.0,2,1,1,1,1,0,1,0
35178,2828,0.0,5.0,0.0,15,7,3,2,13,0,2,0
35193,3614,0.0,4.0,0.0,2,2,2,1,0,0,2,0
352243,2565,0.0,0.0,0.0,7,1,1,2,5,0,2,0
352383,2787,0.0,0.0,1.0,4,1,1,1,3,0,1,0
352792,1890,0.0,3.0,1.0,3,1,1,1,2,0,1,0
352995,3578,0.0,0.0,0.0,3,2,1,1,2,0,1,0
353016,437,0.0,3.0,0.0,33,9,1,4,30,0,1,2
353105,323,0.0,0.0,0.0,1,1,1,1,0,0,1,0
353766,1356,0.0,4.0,0.0,5,1,1,1,4,0,1,0
353886,4760,0.0,0.0,0.0,9,3,1,1,8,0,1,0
354256,742,0.0,3.0,1.0,24,4,2,2,23,0,1,0
354566,3022,0.0,2.0,1.0,1,1,1,1,0,0,1,0
354736,1557,0.0,3.0,1.0,4,1,1,1,3,0,1,0
354811,2051,0.0,0.0,0.0,3,1,1,2,2,0,1,0
355451,191,0.0,3.0,1.0,12,3,3,2,9,0,2,1
35581,1117,0.0,6.0,0.0,2,1,1,1,1,0,1,0
355819,1470,1.0,5.0,1.0,1,1,1,1,0,0,1,0
355863,3230,0.0,6.0,0.0,2,1,1,1,1,0,1,0
355958,3644,0.0,4.0,1.0,1,1,1,1,0,0,1,0
356303,3473,0.0,3.0,0.0,2,1,1,1,0,0,1,1
356664,4955,0.0,2.0,1.0,2,1,1,1,1,0,1,0
357141,4170,0.0,4.0,0.0,6,2,1,1,4,0,2,0
357198,653,0.0,6.0,1.0,4,2,2,1,2,0,1,1
357316,598,0.0,0.0,1.0,7,2,1,2,6,0,1,0
357986,4270,0.0,0.0,1.0,2,1,1,1,1,0,1,0
358420,3347,1.0,2.0,0.0,3,1,1,1,2,0,1,0
358443,3828,0.0,3.0,0.0,31,21,5,2,30,0,1,0
359813,3288,0.0,5.0,0.0,1,1,1,1,0,0,1,0
359823,1816,0.0,0.0,0.0,20,5,2,3,19,0,1,0
359882,4044,0.0,0.0,null,23,12,6,1,22,0,1,0
36014,798,0.0,2.0,0.0,41,16,11,10,27,0,2,12
360425,3308,0.0,3.0,0.0,4,1,1,1,3,0,1,0
361321,2066,0.0,4.0,1.0,9,1,1,3,8,0,1,0
361517,687,0.0,5.0,0.0,6,1,1,5,1,0,1,4
36165,1760,0.0,2.0,0.0,43,23,2,4,41,0,2,0
361781,361,0.0,7.0,1.0,8,2,1,2,6,0,1,1
362035,1283,0.0,2.0,0.0,10,9,5,3,0,0,3,7
362870,625,0.0,0.0,0.0,7,1,1,3,6,0,1,0
363126,323,0.0,0.0,0.0,11,4,1,3,10,0,1,0
363477,498,0.0,2.0,0.0,22,1,1,1,21,0,1,0
363846,4942,0.0,3.0,0.0,3,1,1,1,2,0,1,0
363884,4731,0.0,0.0,0.0,3,1,1,2,1,0,1,1
363948,4585,0.0,3.0,1.0,3,1,1,1,2,0,1,0
3642,1861,0.0,3.0,0.0,7,1,1,3,5,0,2,0
36459,2571,1.0,3.0,0.0,2,1,1,1,1,0,1,0
365022,4022,0.0,4.0,1.0,8,2,2,1,6,0,1,1
366231,2072,0.0,2.0,0.0,2,1,1,1,1,0,1,0
366751,437,0.0,4.0,0.0,35,21,2,3,34,0,1,0
366968,2318,0.0,4.0,0.0,1,1,1,1,0,0,1,0
367571,1393,1.0,4.0,0.0,11,8,5,1,10,0,1,0
367777,1840,0.0,4.0,1.0,2,1,1,1,0,0,2,0
367784,412,0.0,4.0,0.0,8,3,2,2,5,0,1,2
369280,3734,0.0,0.0,0.0,26,6,3,11,24,0,1,1
369399,1502,0.0,4.0,0.0,13,7,6,3,9,0,4,0
36966,4079,0.0,0.0,0.0,7,3,1,1,0,0,7,0
369767,3850,0.0,3.0,1.0,9,5,2,2,8,0,1,0
369768,3170,0.0,4.0,1.0,13,5,3,5,10,0,1,2
370020,1500,0.0,3.0,1.0,7,2,1,4,5,0,1,1
370717,682,0.0,5.0,0.0,10,4,2,1,8,0,2,0
37076,862,0.0,4.0,1.0,16,11,5,3,12,0,4,0
370819,2313,0.0,4.0,0.0,6,2,1,3,5,0,1,0
37089,4584,0.0,2.0,1.0,12,2,1,5,9,0,1,2
371349,2108,0.0,0.0,1.0,3,1,1,1,2,0,1,0
371390,3734,0.0,0.0,2.0,9,5,2,1,8,0,1,0
371415,2158,0.0,3.0,0.0,1,1,1,1,0,0,1,0
371697,3990,1.0,7.0,0.0,11,4,1,1,9,0,2,0
37230,2193,0.0,3.0,0.0,3,2,1,1,1,0,2,0
372402,1102,0.0,2.0,1.0,93,12,7,4,86,0,3,4
372699,1392,0.0,5.0,0.0,1,1,1,1,0,0,1,0
373067,1760,0.0,3.0,0.0,29,21,3,1,26,0,3,0
373379,179,0.0,0.0,1.0,2,1,1,1,1,0,1,0
373711,661,0.0,3.0,1.0,2,1,1,1,1,0,1,0
373967,4554,0.0,0.0,0.0,6,1,1,2,5,0,1,0
374643,798,0.0,0.0,0.0,14,3,3,1,13,0,1,0
374701,1910,0.0,0.0,0.0,5,2,2,1,3,0,1,1
375449,2668,0.0,0.0,1.0,2,1,1,1,1,0,1,0
375527,2032,0.0,4.0,0.0,3,1,1,1,2,0,1,0
375633,4756,0.0,3.0,0.0,12,3,2,1,11,0,1,0
376338,2608,0.0,2.0,1.0,2,1,1,1,1,0,1,0
376395,423,0.0,3.0,0.0,3,1,1,2,2,0,1,0
376498,1719,0.0,0.0,0.0,6,2,1,2,5,0,1,0
377421,1512,0.0,4.0,0.0,4,1,1,2,3,0,1,0
377477,4585,0.0,0.0,0.0,4,2,1,1,3,0,1,0
377498,3410,0.0,3.0,1.0,2,1,1,1,1,0,1,0
379243,4976,0.0,2.0,0.0,35,12,5,3,34,0,1,0
379435,2545,1.0,3.0,0.0,111,18,6,2,109,0,2,0
379945,3448,0.0,0.0,0.0,7,2,1,3,6,0,1,0
38006,1851,0.0,0.0,0.0,5,3,2,1,4,0,1,0
38008,2767,0.0,0.0,0.0,4,1,1,3,3,0,1,0
380221,4438,0.0,0.0,0.0,5,1,1,2,3,0,1,1
380519,66,1.0,6.0,0.0,7,3,1,1,6,0,1,0
380635,598,0.0,0.0,1.0,2,2,2,2,0,0,1,1
381604,2511,0.0,3.0,0.0,3,1,1,1,2,0,1,0
381859,145,0.0,0.0,0.0,7,1,1,2,6,0,1,0
382086,4217,0.0,4.0,0.0,1,1,1,1,0,0,1,0
382129,2102,0.0,3.0,0.0,2,2,2,1,0,0,2,0
382300,2936,0.0,4.0,0.0,1,1,1,1,0,0,1,0
382308,1916,0.0,0.0,0.0,8,2,1,3,6,0,1,1
382419,4463,0.0,5.0,0.0,6,3,2,1,5,0,1,0
382460,3319,0.0,0.0,1.0,7,3,1,2,6,0,1,0
382941,1487,0.0,0.0,0.0,25,5,1,4,24,0,1,0
383144,3878,0.0,2.0,0.0,73,28,3,4,70,0,3,0
383280,13,0.0,4.0,1.0,7,1,1,2,4,0,2,1
384665,3163,0.0,4.0,1.0,11,4,2,4,8,0,3,0
384894,1659,0.0,5.0,0.0,5,1,1,1,4,0,1,0
385378,3965,0.0,4.0,1.0,5,3,1,1,3,0,2,0
385425,1500,0.0,3.0,0.0,7,5,2,2,6,0,1,0
385768,4079,0.0,0.0,0.0,2,1,1,1,1,0,1,0
385786,4079,0.0,4.0,0.0,3,1,1,2,2,0,1,0
386412,4043,0.0,2.0,0.0,7,4,3,4,4,0,1,2
386422,4687,0.0,0.0,0.0,1,1,1,1,0,0,1,0
386722,3063,0.0,3.0,0.0,4,3,2,1,2,0,1,1
386745,2436,0.0,4.0,0.0,2,1,1,1,1,0,1,0
386912,3350,0.0,4.0,0.0,35,8,1,4,31,0,2,2
386951,4850,0.0,4.0,0.0,7,7,3,2,5,0,2,0
38724,2935,0.0,2.0,0.0,3,1,1,1,2,0,1,0
387254,2684,0.0,5.0,0.0,10,4,2,2,8,0,2,0
387441,4170,0.0,4.0,0.0,1,1,1,1,0,0,1,0
388710,2935,0.0,5.0,0.0,2,1,1,1,1,0,1,0
389072,2545,1.0,4.0,1.0,16,10,8,2,15,0,1,0
38921,4973,0.0,6.0,1.0,2,1,1,1,1,0,1,0
389519,3205,0.0,0.0,0.0,1,1,1,1,0,0,1,0
389628,2318,0.0,4.0,0.0,2,1,1,1,1,0,1,0
390072,1978,0.0,4.0,0.0,1,1,1,1,0,0,1,0
39011,798,0.0,0.0,0.0,8,3,2,2,6,0,1,1
390124,4711,0.0,2.0,1.0,6,2,1,3,4,0,1,1
390507,1243,0.0,3.0,1.0,13,5,1,2,12,0,1,0
391208,2217,0.0,3.0,0.0,7,2,1,3,5,0,1,1
39128,1378,0.0,5.0,0.0,7,3,1,1,6,0,1,0
391441,3839,0.0,3.0,0.0,18,11,2,2,16,0,2,0
39156,3734,0.0,0.0,1.0,78,32,7,3,76,0,1,1
3920,606,0.0,0.0,0.0,12,11,8,2,11,0,1,0
392267,361,1.0,5.0,0.0,16,9,4,2,14,0,1,1
392830,3477,0.0,0.0,0.0,5,3,3,1,2,0,3,0
392974,1749,0.0,4.0,1.0,3,1,1,1,2,0,1,0
393355,236,0.0,3.0,0.0,11,3,1,4,8,0,1,2
393671,425,0.0,5.0,0.0,14,3,2,1,12,0,2,0
393790,4474,0.0,3.0,0.0,5,1,1,1,4,0,1,0
393964,1103,0.0,3.0,0.0,2,1,1,1,1,0,1,0
394251,1081,0.0,0.0,0.0,21,7,1,1,18,0,3,0
394432,2318,0.0,4.0,0.0,5,3,2,1,3,0,2,0
394785,2869,0.0,7.0,0.0,3,1,1,1,2,0,1,0
395710,1916,0.0,6.0,0.0,12,5,2,1,10,0,2,0
395714,4564,0.0,2.0,1.0,2,1,1,1,1,0,1,0
396550,1067,0.0,0.0,0.0,5,1,1,1,4,0,1,0
397004,2229,0.0,0.0,0.0,2,2,2,2,1,0,1,0
397092,4976,0.0,2.0,0.0,38,29,9,1,33,0,1,4
397681,2173,0.0,4.0,2.0,1,1,1,1,0,0,1,0
399965,308,0.0,2.0,0.0,18,5,3,4,16,0,1,1
4001,1356,0.0,4.0,0.0,4,3,2,1,3,0,1,0
400160,141,1.0,2.0,0.0,2,1,1,1,1,0,1,0
400404,2193,0.0,3.0,0.0,2,1,1,1,1,0,1,0
400573,10,0.0,4.0,2.0,1,1,1,1,0,0,1,0
400643,2102,0.0,7.0,1.0,2,1,1,1,1,0,1,0
400882,1487,0.0,4.0,0.0,3,1,1,2,2,0,1,0
401103,1272,0.0,5.0,0.0,1,1,1,1,0,0,1,0
401424,4687,0.0,4.0,0.0,6,1,1,2,4,0,1,1
401485,4240,0.0,3.0,1.0,3,1,1,1,2,0,1,0
401739,4860,0.0,7.0,1.0,2,1,1,1,1,0,1,0
402282,437,0.0,4.0,1.0,9,5,1,1,8,0,1,0
402743,812,0.0,3.0,0.0,1,1,1,1,0,0,1,0
403259,1102,0.0,4.0,0.0,50,24,8,8,39,0,1,10
403347,798,1.0,2.0,0.0,20,8,6,1,14,0,6,0
403403,515,1.0,0.0,1.0,36,20,7,3,31,0,5,0
403569,1115,0.0,3.0,0.0,5,2,1,1,4,0,1,0
403691,1703,0.0,4.0,0.0,8,4,1,2,6,0,2,0
403944,2361,0.0,2.0,0.0,2,1,1,2,0,0,1,1
404022,547,0.0,4.0,1.0,27,11,2,3,26,0,1,0
404131,614,0.0,5.0,0.0,8,2,1,1,6,0,2,0
404464,3445,0.0,3.0,0.0,36,3,1,3,34,1,1,0
405264,4044,0.0,2.0,0.0,5,1,1,1,4,0,1,0
405358,168,0.0,3.0,1.0,15,6,2,2,14,0,1,0
405517,4352,0.0,4.0,0.0,7,2,1,4,5,0,1,1
405647,1861,0.0,6.0,0.0,3,1,1,1,2,0,1,0
405791,396,0.0,5.0,0.0,2,1,1,1,0,0,2,0
406187,3154,1.0,2.0,0.0,10,5,5,2,6,0,2,2
406896,2545,0.0,2.0,1.0,30,16,7,2,28,0,1,1
406937,2318,0.0,3.0,0.0,13,4,1,2,11,0,1,1
406998,4864,0.0,3.0,1.0,3,1,1,1,2,0,1,0
40729,1049,0.0,2.0,0.0,11,2,2,1,10,0,1,0
407415,3990,0.0,4.0,0.0,2,1,1,1,1,0,1,0
407574,3205,0.0,4.0,0.0,1,1,1,1,0,0,1,0
407790,1825,0.0,0.0,1.0,4,2,1,2,3,0,1,0
407943,1102,0.0,6.0,0.0,6,2,2,4,5,0,1,0
408043,310,0.0,2.0,1.0,17,3,3,1,14,0,3,0
408107,2051,0.0,4.0,1.0,8,3,1,2,7,0,1,0
408699,4258,0.0,3.0,0.0,3,1,1,2,2,0,1,0
408852,3734,0.0,3.0,1.0,3,1,1,1,2,0,1,0
408926,798,0.0,3.0,0.0,4,1,1,1,3,0,1,0
408957,4919,0.0,4.0,0.0,4,1,1,1,3,0,1,0
409230,14,0.0,4.0,2.0,4,1,1,2,3,0,1,0
410014,2569,1.0,4.0,0.0,32,7,1,4,21,0,7,4
410563,58,0.0,5.0,1.0,3,1,1,1,2,0,1,0
410724,4249,0.0,4.0,0.0,13,4,1,3,11,0,2,0
411115,443,0.0,4.0,0.0,5,2,2,1,4,0,1,0
41112,4938,0.0,3.0,0.0,2,1,1,1,1,0,1,0
411163,3472,0.0,4.0,0.0,5,2,2,1,4,0,1,0
411429,1892,0.0,4.0,2.0,11,5,1,2,9,0,2,0
411598,3933,0.0,0.0,0.0,2,1,1,1,1,0,1,0
411737,4950,0.0,6.0,0.0,6,4,2,5,5,0,1,0
411989,4926,0.0,8.0,0.0,8,3,3,2,6,0,2,0
412307,141,1.0,4.0,1.0,43,31,8,3,41,0,2,0
412360,141,0.0,4.0,0.0,4,2,2,1,3,0,1,0
41272,132,0.0,6.0,1.0,3,1,1,1,2,0,1,0
412752,3734,0.0,4.0,1.0,41,11,4,4,38,0,3,0
413371,4413,0.0,6.0,0.0,17,8,2,2,15,1,1,0
413544,2566,0.0,0.0,1.0,3,1,1,1,2,0,1,0
413570,3828,0.0,3.0,0.0,5,3,2,1,3,0,2,0
413609,2273,0.0,3.0,0.0,25,2,1,8,21,0,1,3
413657,2799,0.0,2.0,0.0,9,3,1,2,8,0,1,0
413737,1861,0.0,2.0,1.0,2,1,1,1,1,0,1,0
413742,4040,0.0,3.0,null,2,1,1,1,1,0,1,0
413823,4173,0.0,4.0,0.0,20,13,5,4,18,0,2,0
414426,4294,0.0,4.0,0.0,14,2,1,1,12,0,1,1
414434,4282,0.0,3.0,0.0,11,4,3,4,9,0,1,1
415138,4047,0.0,3.0,1.0,13,6,3,2,11,0,2,0
415413,3609,0.0,3.0,1.0,1,1,1,1,0,0,1,0
415672,2562,0.0,5.0,0.0,3,1,1,1,2,0,1,0
415763,4848,0.0,5.0,0.0,7,1,1,1,6,0,1,0
416220,4614,0.0,4.0,0.0,2,1,1,1,1,0,1,0
417370,812,0.0,2.0,1.0,4,3,1,1,3,0,1,0
418606,2500,0.0,5.0,1.0,3,2,1,1,2,0,1,0
419004,3843,0.0,3.0,1.0,5,2,2,1,3,0,2,0
419039,1102,0.0,3.0,0.0,12,1,1,2,10,0,1,1
419453,3236,0.0,4.0,0.0,6,3,1,2,4,0,1,1
419517,10,1.0,3.0,0.0,10,6,4,1,9,0,1,0
420569,2031,0.0,0.0,0.0,5,2,1,1,4,0,1,0
420761,3839,0.0,0.0,0.0,13,4,2,2,12,0,1,0
420796,4427,0.0,6.0,1.0,7,3,1,3,6,0,1,0
421053,1126,0.0,4.0,0.0,3,1,1,2,2,0,1,0
421208,1068,0.0,4.0,2.0,9,2,1,2,8,0,1,0
421210,1393,0.0,3.0,0.0,5,1,1,2,4,0,1,0
421307,3855,0.0,2.0,0.0,1,1,1,1,0,0,1,0
421454,3979,0.0,6.0,0.0,4,1,1,1,2,0,2,0
421463,2108,0.0,3.0,1.0,1,1,1,1,0,0,1,0
421759,1102,0.0,3.0,1.0,31,26,6,5,28,0,1,2
422305,3463,1.0,4.0,0.0,58,23,5,4,56,0,2,0
422498,804,0.0,0.0,1.0,2,1,1,1,1,0,1,0
422927,798,0.0,0.0,0.0,2,1,1,1,1,0,1,0
422935,4173,0.0,0.0,null,34,9,3,4,32,0,2,0
42381,4976,0.0,3.0,0.0,55,18,2,14,48,0,2,5
423864,4170,1.0,5.0,1.0,3,1,1,1,2,0,1,0
42461,742,0.0,4.0,1.0,1,1,1,1,0,0,1,0
42576,2454,0.0,0.0,1.0,8,3,2,2,7,0,1,0
43141,2565,0.0,0.0,0.0,7,2,1,3,6,0,1,0
43182,1056,0.0,3.0,1.0,1,1,1,1,0,0,1,0
43883,2397,0.0,4.0,0.0,2,2,2,2,1,0,1,0
44061,3734,0.0,3.0,1.0,7,2,1,1,6,0,1,0
44197,3469,0.0,null,null,4,1,1,1,2,0,2,0
44963,2140,0.0,7.0,0.0,13,7,1,6,12,0,1,0
45441,1187,0.0,5.0,0.0,2,1,1,1,0,0,1,1
45463,1659,0.0,5.0,0.0,2,1,1,1,1,0,1,0
45893,2124,1.0,4.0,0.0,50,24,2,10,46,0,1,3
45897,547,0.0,4.0,1.0,18,6,1,9,16,0,1,1
46609,3607,0.0,0.0,0.0,4,2,2,2,2,0,1,1
47002,372,0.0,3.0,0.0,3,2,1,2,2,0,1,0
47329,4079,0.0,3.0,0.0,1,1,1,1,0,0,1,0
47586,3191,0.0,6.0,0.0,2,1,1,1,1,0,1,0
48103,4933,0.0,0.0,0.0,10,8,2,1,9,0,1,0
4828,4926,0.0,3.0,0.0,15,10,6,5,8,0,2,5
48626,1618,0.0,6.0,0.0,14,6,2,1,13,0,1,0
48691,4427,0.0,4.0,1.0,30,13,6,1,27,0,3,0
50400,4022,0.0,4.0,1.0,4,2,2,3,2,0,1,1
51131,4044,0.0,0.0,0.0,38,26,7,4,33,0,2,3
5115,2072,0.0,3.0,0.0,1,1,1,1,0,0,1,0
51650,2824,0.0,5.0,1.0,5,2,2,1,4,0,1,0
5305,684,0.0,3.0,0.0,10,3,2,3,8,0,1,1
53060,4672,0.0,3.0,0.0,2,1,1,1,1,0,1,0
53173,652,0.0,4.0,2.0,7,5,3,4,5,0,2,0
53224,4499,0.0,3.0,0.0,1,1,1,1,0,0,1,0
53369,1890,0.0,6.0,0.0,6,1,1,2,5,0,1,0
53413,2124,0.0,4.0,0.0,20,7,2,1,19,0,1,0
5417,3392,0.0,3.0,0.0,3,1,1,2,2,0,1,0
54283,3418,0.0,0.0,1.0,4,2,1,1,2,0,2,0
54440,4744,0.0,3.0,0.0,12,4,3,3,10,0,1,1
5493,4842,0.0,6.0,0.0,7,2,1,1,6,0,1,0
55233,2879,0.0,2.0,0.0,1,1,1,1,0,0,1,0
55770,4760,0.0,3.0,1.0,8,1,1,2,5,2,1,0
57071,2128,0.0,3.0,0.0,7,2,2,1,6,0,1,0
57422,102,0.0,4.0,0.0,6,1,1,3,4,0,1,1
57539,3578,0.0,3.0,1.0,9,5,2,2,8,0,1,0
5756,1923,0.0,3.0,0.0,3,1,1,2,2,0,1,0
5783,3862,0.0,4.0,1.0,4,2,1,1,3,0,1,0
58003,3567,0.0,2.0,0.0,4,1,1,1,3,0,1,0
58215,4267,1.0,4.0,0.0,8,8,5,4,1,0,1,6
5843,4198,0.0,5.0,1.0,2,1,1,1,1,0,1,0
58756,1861,0.0,0.0,0.0,5,3,1,1,4,0,1,0
58892,4198,1.0,0.0,0.0,4,1,1,1,3,0,1,0
58978,3105,0.0,0.0,0.0,12,8,2,3,10,0,1,1
60211,2482,1.0,3.0,0.0,31,20,9,5,26,0,4,1
60266,4044,0.0,3.0,0.0,10,3,1,2,9,0,1,0
60619,1978,0.0,6.0,1.0,4,1,1,2,3,0,1,0
60727,2303,0.0,3.0,0.0,7,2,1,1,6,0,1,0
61314,215,1.0,0.0,0.0,64,36,14,10,58,0,1,5
61329,1359,0.0,3.0,1.0,4,1,1,1,3,0,1,0
6148,3828,0.0,0.0,0.0,3,3,3,1,2,0,1,0
6160,1742,0.0,0.0,0.0,4,2,1,1,3,0,1,0
61652,297,0.0,2.0,0.0,1,1,1,1,0,0,1,0
61753,1639,0.0,0.0,1.0,5,1,1,1,4,0,1,0
61989,4044,0.0,0.0,0.0,25,18,6,2,24,0,1,0
6203,1749,0.0,3.0,0.0,3,1,1,2,2,0,1,0
62070,1892,0.0,5.0,0.0,2,1,1,1,1,0,1,0
62846,786,0.0,0.0,0.0,19,4,3,2,17,0,2,0
63009,3063,0.0,0.0,1.0,16,11,2,5,14,0,2,0
63071,1704,0.0,3.0,1.0,5,2,1,2,4,0,1,0
63297,4240,0.0,0.0,0.0,6,4,1,1,5,0,1,0
63633,4789,0.0,3.0,1.0,12,1,1,1,11,0,1,0
6367,1067,0.0,4.0,0.0,5,1,1,2,4,0,1,0
63996,962,0.0,0.0,0.0,16,10,8,2,12,0,4,0
6425,4287,0.0,4.0,0.0,3,1,1,1,2,0,1,0
64384,2709,0.0,3.0,0.0,5,1,1,1,4,0,1,0
64473,2565,0.0,4.0,0.0,25,11,1,1,24,0,1,0
64727,1272,0.0,0.0,0.0,11,8,5,2,9,0,2,0
64766,1816,0.0,3.0,1.0,26,21,7,1,25,0,1,0
65045,3828,0.0,4.0,0.0,3,2,2,2,2,0,1,0
65572,1798,0.0,6.0,1.0,2,1,1,1,1,0,1,0
66083,4976,0.0,2.0,0.0,1,1,1,1,0,0,1,0
66199,3941,0.0,5.0,0.0,3,1,1,1,2,0,1,0
66318,742,0.0,2.0,0.0,6,3,3,1,5,0,1,0
66956,1749,0.0,0.0,1.0,16,5,4,5,14,0,1,1
67267,219,0.0,4.0,0.0,11,3,1,2,10,0,1,0
67406,1760,0.0,3.0,0.0,9,5,1,3,6,1,2,0
6816,1353,0.0,0.0,0.0,1,1,1,1,0,0,1,0
68868,606,0.0,3.0,0.0,26,9,2,2,24,0,1,1
69440,1166,0.0,0.0,0.0,12,5,3,1,11,0,1,0
69731,4049,0.0,4.0,1.0,8,3,2,7,4,0,1,3
69769,2397,0.0,4.0,0.0,10,7,2,3,9,0,1,0
69837,3323,0.0,4.0,0.0,9,6,1,2,8,0,1,0
70240,2882,0.0,6.0,0.0,20,8,1,3,17,0,1,2
70360,3170,0.0,0.0,0.0,5,3,2,1,3,0,2,0
70515,3163,0.0,4.0,0.0,2,1,1,1,1,0,1,0
71025,219,0.0,7.0,0.0,6,2,1,2,4,0,2,0
71504,3734,0.0,4.0,0.0,15,6,3,3,12,0,1,2
71807,4847,0.0,0.0,null,6,4,3,1,2,0,4,0
71853,551,0.0,2.0,1.0,6,1,1,1,5,0,1,0
72445,2030,0.0,3.0,0.0,9,6,1,1,8,0,1,0
7260,4050,0.0,3.0,1.0,10,1,1,3,8,0,1,1
72603,3303,0.0,6.0,0.0,6,4,3,4,5,0,1,0
72756,1673,0.0,6.0,0.0,2,1,1,1,1,0,1,0
72802,1168,0.0,4.0,1.0,4,2,2,1,3,0,1,0
73057,4282,0.0,3.0,1.0,39,25,8,1,38,0,1,0
73674,4789,0.0,3.0,1.0,2,1,1,1,1,0,1,0
74434,4526,0.0,4.0,0.0,2,1,1,1,1,0,1,0
74589,4760,1.0,5.0,0.0,11,5,3,3,10,0,1,0
74653,3345,0.0,3.0,0.0,4,1,1,1,3,0,1,0
75113,4558,0.0,0.0,0.0,3,1,1,2,2,0,1,0
75122,4949,0.0,6.0,0.0,15,14,6,1,14,0,1,0
75846,2108,0.0,3.0,1.0,6,2,2,1,4,0,1,1
76525,1346,1.0,3.0,1.0,7,3,1,2,6,0,1,0
76692,1890,0.0,2.0,0.0,5,1,1,3,4,0,1,0
77010,1833,0.0,6.0,1.0,6,4,2,2,5,0,1,0
77087,3181,0.0,3.0,1.0,6,2,1,2,5,0,1,0
77191,1892,0.0,3.0,1.0,1,1,1,1,0,0,1,0
77731,396,0.0,0.0,0.0,2,1,1,1,1,0,1,0
77992,1673,0.0,0.0,0.0,2,1,1,1,1,0,1,0
78251,1049,0.0,0.0,0.0,1,1,1,1,0,0,1,0
78818,2537,0.0,0.0,0.0,2,1,1,1,1,0,1,0
78853,1871,0.0,4.0,0.0,4,1,1,2,2,0,1,1
79423,3471,0.0,0.0,0.0,5,1,1,1,3,0,2,0
79627,1742,0.0,3.0,0.0,31,9,1,1,30,0,1,0
79978,2217,0.0,2.0,0.0,7,3,1,2,2,0,2,3
80128,159,0.0,4.0,2.0,13,10,6,3,11,0,1,1
80519,2459,0.0,5.0,1.0,10,8,3,2,8,0,2,0
80587,2284,0.0,2.0,1.0,12,1,1,3,10,0,1,1
80838,3623,0.0,2.0,0.0,2,1,1,1,0,0,2,0
80987,1356,0.0,5.0,0.0,5,1,1,1,4,0,1,0
81323,4173,0.0,2.0,1.0,14,6,5,1,13,0,1,0
82026,1494,0.0,5.0,0.0,4,3,2,1,3,0,1,0
82499,1719,0.0,0.0,1.0,3,1,1,1,2,0,1,0
82906,3480,0.0,4.0,0.0,2,1,1,1,1,0,1,0
82961,1126,0.0,2.0,0.0,8,2,2,4,6,0,1,1
83137,4636,0.0,2.0,1.0,16,8,2,1,15,0,1,0
83539,4864,0.0,0.0,1.0,7,1,1,1,6,0,1,0
83656,3500,0.0,6.0,1.0,17,4,2,1,16,0,1,0
83803,3828,0.0,0.0,0.0,1,1,1,1,0,0,1,0
84747,4044,0.0,2.0,0.0,13,4,1,3,11,0,1,1
84992,1166,0.0,4.0,1.0,5,2,2,1,3,0,2,0
85505,1346,0.0,6.0,1.0,3,2,1,2,2,0,1,0
85862,1582,0.0,0.0,0.0,2,1,1,1,1,0,1,0
86,2051,1.0,4.0,1.0,7,2,1,1,5,0,2,0
86057,3828,0.0,3.0,0.0,42,15,7,1,41,0,1,0
8640,1999,1.0,3.0,0.0,7,4,1,1,6,0,1,0
86842,2913,0.0,0.0,0.0,7,2,2,2,5,0,2,0
86846,2294,0.0,6.0,0.0,2,1,1,1,1,0,1,0
87059,1132,0.0,3.0,0.0,2,1,1,1,1,0,1,0
87140,2140,0.0,6.0,0.0,3,2,1,1,2,0,1,0
87196,2193,0.0,0.0,1.0,3,1,1,1,2,0,1,0
87286,1608,0.0,5.0,1.0,3,1,1,1,2,0,1,0
87782,1330,0.0,3.0,1.0,13,6,1,1,12,0,1,0
87918,4975,1.0,4.0,0.0,4,3,1,1,2,0,2,0
87934,145,0.0,4.0,0.0,6,2,1,1,3,0,3,0
88299,557,0.0,3.0,0.0,5,3,2,1,4,0,1,0
88424,574,0.0,3.0,0.0,5,1,1,1,4,0,1,0
89094,3363,0.0,0.0,0.0,1,1,1,1,0,0,1,0
89143,4760,0.0,3.0,1.0,12,7,4,1,11,0,1,0
90550,127,0.0,0.0,0.0,8,1,1,2,7,0,1,0
91348,3472,1.0,6.0,0.0,6,1,1,2,5,0,1,0
92069,1618,0.0,3.0,0.0,16,7,3,2,14,0,1,1
92300,1183,0.0,3.0,0.0,3,2,1,1,2,0,1,0
93092,3323,0.0,0.0,2.0,7,3,1,1,5,0,2,0
93803,1738,0.0,2.0,0.0,11,6,2,4,4,0,1,6
93831,4848,0.0,5.0,0.0,4,1,1,1,3,0,1,0
94199,718,0.0,null,null,7,1,1,2,5,1,1,0
94299,742,0.0,6.0,0.0,11,4,2,2,10,0,1,0
94406,3934,0.0,4.0,1.0,4,2,1,1,3,0,1,0
94760,415,0.0,3.0,0.0,1,1,1,1,0,0,1,0
9506,2173,0.0,3.0,0.0,10,6,1,3,9,0,1,0
95445,1142,0.0,2.0,1.0,12,4,3,2,9,0,2,1
95493,4756,0.0,0.0,1.0,3,1,1,2,1,0,2,0
95648,1704,0.0,3.0,0.0,1,1,1,1,0,0,1,0
95675,4708,0.0,4.0,0.0,6,4,4,1,4,0,2,0
96117,1393,1.0,3.0,0.0,17,6,4,6,16,0,1,0
97162,1885,1.0,0.0,0.0,11,3,1,2,10,0,1,0
97298,1393,0.0,3.0,2.0,39,23,8,3,32,0,5,2
97306,1666,0.0,4.0,0.0,3,2,1,2,2,0,1,0
97378,1487,0.0,2.0,0.0,7,1,1,1,6,0,1,0
97471,1719,0.0,0.0,1.0,10,3,1,3,9,0,1,0
97973,4760,0.0,0.0,0.0,8,1,1,3,6,0,2,0
98634,289,0.0,3.0,1.0,10,1,1,3,7,0,1,2
99162,2537,0.0,3.0,0.0,4,2,1,1,3,0,1,0
99204,276,0.0,null,null,8,2,1,1,7,0,1,0
