100030,3200,0.0,4.0,1.0,2,2,2,1,0,0,2,0
100036,1116,0.0,4.0,0.0,7,1,1,1,6,0,1,0
100175,2935,0.0,3.0,1.0,6,1,1,1,5,0,1,0
100200,551,0.0,4.0,0.0,17,7,4,1,15,0,2,0
100600,4659,0.0,4.0,0.0,10,6,4,1,7,0,3,0
100618,1752,1.0,4.0,0.0,2,1,1,1,1,0,1,0
100673,1760,0.0,6.0,0.0,8,5,2,2,7,0,1,0
101320,1467,0.0,3.0,1.0,2,1,1,1,1,0,1,0
101362,503,0.0,3.0,0.0,26,15,3,1,25,0,1,0
101680,1079,0.0,0.0,0.0,4,1,1,1,3,0,1,0
101796,4249,0.0,0.0,0.0,2,1,1,1,1,0,1,0
101965,4394,0.0,5.0,0.0,2,1,1,1,1,0,1,0
102105,2824,0.0,0.0,0.0,6,2,1,1,5,0,1,0
102312,310,0.0,null,null,4,2,2,1,3,0,1,0
102394,2217,0.0,0.0,0.0,5,1,1,2,4,0,1,0
102411,2435,0.0,4.0,1.0,9,2,1,1,6,0,3,0
102850,3399,0.0,0.0,0.0,5,1,1,2,4,0,1,0
103117,1721,0.0,3.0,0.0,6,5,2,1,5,0,1,0
103263,159,0.0,4.0,0.0,17,9,5,2,16,0,1,0
103360,1501,0.0,0.0,0.0,15,4,2,2,14,0,1,0
10360,4270,1.0,3.0,0.0,7,3,3,1,6,0,1,0
103888,2052,0.0,2.0,0.0,3,1,1,1,2,0,1,0
103888,4955,0.0,2.0,0.0,5,1,1,1,3,0,1,1
103918,4170,0.0,5.0,1.0,2,1,1,1,1,0,1,0
104073,606,0.0,0.0,0.0,3,2,2,1,0,0,2,1
104078,4124,0.0,5.0,0.0,1,1,1,1,0,0,1,0
104336,537,0.0,5.0,0.0,4,1,1,1,3,0,1,0
104636,594,0.0,6.0,0.0,4,1,1,2,3,0,1,0
105989,1527,0.0,4.0,1.0,12,2,1,1,10,0,2,0
106027,4044,0.0,0.0,0.0,32,15,4,9,30,0,1,1
106363,1031,0.0,3.0,1.0,7,1,1,2,5,0,1,1
106388,3168,0.0,2.0,1.0,20,7,1,2,19,0,1,0
106772,297,0.0,0.0,0.0,3,2,2,2,2,0,1,0
106833,2653,0.0,0.0,1.0,1,1,1,1,0,0,1,0
10719,63,0.0,4.0,0.0,4,1,1,1,2,0,1,1
107819,1877,0.0,0.0,0.0,3,2,1,3,1,0,1,1
108121,416,0.0,0.0,1.0,2,2,2,2,1,0,1,0
10892,4768,0.0,0.0,1.0,4,1,1,2,2,0,1,1
109282,2128,0.0,7.0,0.0,6,3,3,1,5,0,1,0
109348,2242,0.0,4.0,0.0,9,5,3,1,6,0,3,0
109999,3041,0.0,4.0,0.0,5,1,1,1,4,0,1,0
110324,523,0.0,0.0,0.0,8,4,1,1,7,0,1,0
111250,3955,0.0,6.0,0.0,4,1,1,1,3,0,1,0
112028,2649,0.0,3.0,0.0,2,1,1,1,1,0,1,0
112056,4976,0.0,3.0,0.0,18,13,6,2,16,0,2,0
11240,4841,0.0,4.0,1.0,4,1,1,2,3,0,1,0
112892,4950,0.0,3.0,0.0,4,3,1,1,2,0,2,0
113209,798,0.0,3.0,0.0,128,21,9,2,125,0,3,0
11331,4325,0.0,3.0,0.0,8,5,2,2,7,0,1,0
113334,547,0.0,4.0,1.0,8,3,1,3,4,0,1,3
114123,1203,1.0,5.0,0.0,3,3,3,1,1,0,2,0
115271,4150,0.0,6.0,0.0,7,2,1,2,6,0,1,0
115535,643,0.0,3.0,0.0,3,1,1,2,2,0,1,0
116352,4864,0.0,0.0,0.0,2,1,1,1,1,0,1,0
116666,1835,0.0,0.0,0.0,18,7,2,3,17,0,1,0
116996,4173,0.0,3.0,2.0,21,3,2,3,19,0,1,1
117176,1407,0.0,4.0,1.0,26,15,1,2,24,0,1,1
117428,798,0.0,0.0,0.0,1,1,1,1,0,0,1,0
11756,2429,0.0,3.0,2.0,12,2,2,1,11,0,1,0
117632,1825,0.0,6.0,1.0,5,1,1,1,4,0,1,0
118640,547,0.0,6.0,0.0,16,11,2,2,14,0,1,1
119512,3288,0.0,4.0,0.0,1,1,1,1,0,0,1,0
119587,1831,0.0,2.0,0.0,6,1,1,1,5,0,1,0
120165,606,0.0,2.0,0.0,3,1,1,2,1,0,1,1
120383,3411,0.0,6.0,0.0,9,1,1,1,8,0,1,0
121185,4933,0.0,5.0,0.0,2,1,1,1,1,0,1,0
121352,777,0.0,4.0,1.0,1,1,1,1,0,0,1,0
121798,2608,0.0,4.0,1.0,2,1,1,1,1,0,1,0
122988,4976,0.0,3.0,0.0,5,1,1,1,4,0,1,0
123382,4083,0.0,4.0,1.0,31,3,1,7,28,0,1,2
123719,437,0.0,4.0,0.0,4,2,1,1,3,0,1,0
124290,4219,0.0,3.0,0.0,5,1,1,1,4,0,1,0
125167,439,0.0,4.0,0.0,2,1,1,1,1,0,1,0
125623,1884,0.0,5.0,0.0,1,1,1,1,0,0,1,0
125855,4173,0.0,3.0,1.0,7,5,3,1,6,0,1,0
126311,121,0.0,0.0,0.0,3,2,1,1,2,0,1,0
12807,2081,0.0,3.0,1.0,3,1,1,1,2,0,1,0
128070,653,0.0,3.0,1.0,4,1,1,2,3,0,1,0
128380,2954,0.0,4.0,1.0,13,4,2,5,10,0,1,2
128530,2272,0.0,5.0,1.0,1,1,1,1,0,0,1,0
129346,3319,0.0,4.0,1.0,22,10,7,1,20,0,2,0
129632,4724,0.0,2.0,0.0,7,1,1,1,6,0,1,0
129800,402,0.0,0.0,0.0,4,1,1,1,2,0,1,1
129870,574,0.0,6.0,0.0,5,1,1,1,4,0,1,0
130098,3878,0.0,6.0,0.0,7,1,1,1,6,0,1,0
13025,3923,0.0,6.0,0.0,7,1,1,1,5,0,1,1
130366,2505,0.0,6.0,1.0,7,2,1,1,6,0,1,0
130746,275,0.0,0.0,1.0,12,6,6,1,10,0,2,0
130944,2950,0.0,0.0,0.0,4,3,1,1,3,0,1,0
131125,846,0.0,3.0,1.0,3,1,1,2,2,0,1,0
131540,2218,0.0,4.0,0.0,2,1,1,1,1,0,1,0
131659,2935,0.0,4.0,1.0,9,1,1,1,8,0,1,0
131690,606,0.0,0.0,1.0,2,1,1,1,1,0,1,0
132203,3938,0.0,3.0,1.0,3,1,1,1,2,0,1,0
132663,1166,0.0,2.0,1.0,1,1,1,1,0,0,1,0
133034,1347,0.0,0.0,0.0,3,1,1,2,2,0,1,0
133079,2482,0.0,2.0,0.0,30,6,4,2,26,0,4,0
133180,2436,0.0,4.0,0.0,8,6,4,1,7,0,1,0
133350,4186,0.0,4.0,0.0,13,4,1,1,12,0,1,0
133640,4765,0.0,6.0,0.0,11,2,1,3,9,0,1,1
134170,4131,0.0,6.0,1.0,6,4,1,2,5,0,1,0
134390,3628,0.0,5.0,0.0,3,1,1,1,2,0,1,0
135207,4600,0.0,0.0,0.0,7,2,1,2,6,0,1,0
135341,132,0.0,4.0,0.0,4,1,1,1,3,0,1,0
13538,2821,0.0,3.0,1.0,9,2,1,1,8,0,1,0
13573,3588,0.0,3.0,0.0,4,1,1,1,3,0,1,0
135823,121,0.0,0.0,0.0,8,6,5,1,7,0,1,0
136122,2278,1.0,2.0,0.0,3,2,2,2,2,0,1,0
136334,1203,0.0,4.0,0.0,5,1,1,1,4,0,1,0
136664,3170,0.0,3.0,0.0,5,4,2,1,4,0,1,0
136675,4173,0.0,2.0,0.0,90,29,8,6,88,0,1,1
136996,3851,0.0,5.0,0.0,10,3,2,5,8,0,1,1
137483,3586,0.0,4.0,0.0,6,3,1,1,5,0,1,0
138433,1999,1.0,3.0,1.0,4,1,1,1,3,0,1,0
13857,3424,0.0,0.0,0.0,4,1,1,1,3,0,1,0
139047,1618,0.0,4.0,1.0,7,2,1,1,6,0,1,0
139401,3274,0.0,0.0,0.0,5,1,1,1,3,0,2,0
139738,1393,0.0,0.0,0.0,114,84,14,6,111,0,3,0
139765,3971,0.0,2.0,1.0,11,4,1,1,10,0,1,0
140007,4605,0.0,7.0,0.0,3,1,1,2,2,0,1,0
140021,1272,0.0,4.0,0.0,4,1,1,1,3,0,1,0
140045,1742,0.0,6.0,1.0,2,1,1,2,1,0,1,0
140681,4368,0.0,4.0,1.0,2,1,1,1,1,0,1,0
140800,4966,0.0,0.0,0.0,9,6,2,2,7,0,2,0
140828,1923,0.0,2.0,0.0,2,1,1,1,1,0,1,0
141243,3092,0.0,0.0,0.0,15,7,1,2,13,0,2,0
141373,1760,0.0,5.0,0.0,58,19,5,5,51,0,4,3
14154,2935,0.0,3.0,1.0,3,1,1,1,2,0,1,0
142006,4049,0.0,0.0,0.0,2,1,1,1,1,0,1,0
142015,1102,0.0,2.0,0.0,1,1,1,1,0,0,1,0
142882,1359,0.0,0.0,0.0,1,1,1,1,0,0,1,0
142998,3650,0.0,3.0,0.0,2,1,1,2,0,0,1,1
143143,1615,1.0,0.0,0.0,4,1,1,2,2,0,1,1
143423,168,0.0,4.0,1.0,2,1,1,1,1,0,1,0
14374,946,0.0,3.0,0.0,22,11,4,8,19,0,1,2
143845,3463,0.0,3.0,0.0,3,1,1,3,1,1,1,0
144199,2217,0.0,3.0,0.0,15,2,1,4,14,0,1,0
144328,2102,0.0,5.0,0.0,81,26,9,1,80,0,1,0
144488,1346,0.0,0.0,1.0,18,10,1,4,17,0,1,0
144780,2467,1.0,0.0,1.0,6,1,1,1,5,0,1,0
144897,2424,0.0,3.0,0.0,7,4,1,1,6,0,1,0
144984,2913,0.0,4.0,0.0,9,3,3,2,6,0,3,0
145345,2821,0.0,4.0,0.0,5,1,1,1,4,0,1,0
145415,2746,0.0,3.0,0.0,3,2,2,1,2,0,1,0
145519,1393,0.0,6.0,0.0,70,47,8,11,64,0,1,5
145700,3220,0.0,0.0,0.0,5,2,1,1,4,0,1,0
146055,141,0.0,2.0,0.0,1,1,1,1,0,0,1,0
146095,648,0.0,2.0,1.0,2,1,1,1,1,0,1,0
146653,1798,0.0,2.0,1.0,11,1,1,3,10,0,1,0
146674,3029,0.0,6.0,1.0,6,1,1,1,5,0,1,0
147044,2078,0.0,4.0,0.0,3,2,1,1,2,0,1,0
147199,4504,0.0,4.0,0.0,8,4,1,3,7,0,1,0
147291,4732,0.0,3.0,null,1,1,1,1,0,0,1,0
147395,1393,0.0,3.0,0.0,14,6,4,3,12,0,2,0
147790,1722,0.0,3.0,0.0,4,1,1,3,3,0,1,0
147993,3828,0.0,3.0,0.0,16,10,7,3,15,0,1,0
148488,2318,0.0,6.0,0.0,4,1,1,2,3,0,1,0
148656,1340,1.0,4.0,0.0,9,3,2,3,7,0,2,0
14981,1359,0.0,5.0,0.0,2,1,1,1,0,0,1,1
150556,1884,0.0,null,null,3,1,1,1,2,0,1,0
150677,104,0.0,6.0,0.0,2,1,1,2,1,0,1,0
151132,1784,0.0,2.0,0.0,6,3,3,1,4,0,2,0
151453,3734,0.0,6.0,0.0,1,1,1,1,0,0,1,0
151480,645,0.0,3.0,1.0,3,1,1,1,2,0,1,0
151540,4143,0.0,null,null,56,20,8,3,54,1,1,0
151918,1884,0.0,2.0,1.0,2,1,2,1,0,1,1,0
152027,3835,0.0,6.0,0.0,1,1,1,1,0,0,1,0
152420,1861,1.0,0.0,0.0,11,3,1,2,10,0,1,0
15254,2403,0.0,0.0,0.0,4,2,1,1,2,0,2,0
152966,293,0.0,3.0,0.0,4,1,1,2,3,0,1,0
153034,4116,0.0,2.0,1.0,13,3,2,3,10,0,2,1
153146,3288,0.0,3.0,1.0,1,1,1,1,0,0,1,0
153441,606,0.0,2.0,0.0,58,35,8,4,50,0,2,6
154069,2766,0.0,6.0,0.0,8,5,3,2,6,0,2,0
154446,3148,0.0,5.0,0.0,14,6,2,2,11,0,1,2
15458,3623,0.0,6.0,1.0,4,2,2,1,3,0,1,0
154614,4950,0.0,3.0,0.0,2,1,1,1,0,0,2,0
154697,257,0.0,5.0,2.0,3,1,1,1,2,0,1,0
155023,652,0.0,4.0,1.0,17,7,3,4,12,0,3,2
155546,1854,0.0,5.0,0.0,1,1,1,1,0,0,1,0
155681,3230,0.0,0.0,1.0,9,3,2,3,7,0,1,1
156637,1900,0.0,6.0,0.0,12,2,2,1,10,0,2,0
156951,4044,0.0,0.0,0.0,5,1,1,2,4,0,1,0
157721,742,0.0,3.0,0.0,9,1,1,3,8,0,1,0
158027,3839,0.0,0.0,1.0,2,1,1,1,1,0,1,0
158141,3484,0.0,3.0,0.0,13,3,2,1,11,0,2,0
15819,2447,0.0,0.0,0.0,10,4,2,1,7,1,2,0
158474,1816,0.0,0.0,1.0,3,1,1,2,2,0,1,0
158670,133,0.0,4.0,0.0,46,18,1,2,43,0,2,1
158979,3420,0.0,3.0,0.0,3,2,1,1,2,0,1,0
159930,1643,0.0,0.0,0.0,10,1,1,1,9,0,1,0
160467,2217,0.0,2.0,0.0,43,18,3,6,36,0,1,6
161084,1066,0.0,0.0,0.0,2,1,1,1,1,0,1,0
161145,1340,0.0,5.0,0.0,8,4,2,3,6,0,2,0
161286,4687,0.0,0.0,0.0,9,1,1,2,8,0,1,0
162193,4987,0.0,0.0,0.0,3,1,1,1,1,0,2,0
162471,608,0.0,4.0,0.0,3,1,1,1,2,0,1,0
162788,121,0.0,4.0,0.0,2,1,1,2,0,0,1,1
163214,3983,0.0,5.0,0.0,3,1,1,1,2,0,1,0
163277,2403,0.0,2.0,0.0,10,6,1,2,8,0,2,0
163599,1346,0.0,4.0,1.0,43,6,1,3,42,0,1,0
163790,4368,0.0,0.0,0.0,2,1,1,1,1,0,1,0
164052,1923,1.0,2.0,0.0,9,1,1,2,8,0,1,0
164169,682,0.0,0.0,0.0,4,2,1,2,3,0,1,0
16468,1892,0.0,3.0,0.0,2,1,1,1,1,0,1,0
164810,1200,0.0,3.0,1.0,2,1,1,1,1,0,1,0
165243,2664,0.0,3.0,0.0,29,23,2,1,26,0,3,0
165319,1999,1.0,4.0,0.0,6,2,1,1,5,0,1,0
16568,760,1.0,0.0,1.0,5,2,1,1,3,0,2,0
165707,4044,0.0,3.0,0.0,1,1,1,1,0,0,1,0
165788,1272,0.0,3.0,1.0,10,6,3,1,9,0,1,0
165983,4322,0.0,3.0,1.0,2,1,1,1,1,0,1,0
166129,3350,0.0,0.0,0.0,12,3,1,1,11,0,1,0
167162,4594,0.0,0.0,1.0,1,1,1,1,0,0,1,0
167194,1340,0.0,2.0,0.0,3,2,2,1,1,0,2,0
16827,2031,1.0,5.0,0.0,4,3,2,2,0,0,2,2
16831,685,0.0,4.0,0.0,11,2,1,3,10,0,1,0
168550,4605,0.0,3.0,0.0,4,1,1,1,3,0,1,0
168560,2138,0.0,0.0,0.0,4,2,2,4,2,0,1,1
168612,4044,0.0,3.0,0.0,31,23,6,3,29,0,1,1
169788,4115,0.0,6.0,0.0,3,1,1,1,2,0,1,0
169817,2318,0.0,7.0,0.0,11,3,2,1,8,0,1,2
169842,1618,0.0,7.0,1.0,7,5,3,1,6,0,1,0
169876,4926,0.0,4.0,0.0,8,2,1,1,7,0,1,0
170248,489,1.0,3.0,1.0,1,1,1,1,0,0,1,0
172203,1892,0.0,4.0,0.0,14,9,3,2,13,0,1,0
172415,2255,0.0,3.0,1.0,1,1,1,1,0,0,1,0
172438,168,0.0,3.0,0.0,5,3,2,1,3,0,2,0
172808,1013,0.0,4.0,0.0,2,1,1,1,1,0,1,0
172896,1187,0.0,3.0,1.0,5,2,1,3,3,0,1,1
173587,141,1.0,6.0,0.0,15,10,7,4,14,0,1,0
173734,1203,0.0,5.0,0.0,89,26,11,4,75,0,5,9
173948,4818,0.0,4.0,0.0,3,1,1,1,2,0,1,0
174338,3806,0.0,4.0,1.0,6,3,2,2,4,0,2,0
174396,652,0.0,4.0,1.0,14,8,3,2,12,0,2,0
174860,4726,0.0,4.0,0.0,7,1,1,2,6,0,1,0
175994,4325,0.0,0.0,0.0,1,1,1,1,0,0,1,0
176012,1102,0.0,0.0,0.0,2,1,1,2,1,0,1,0
176101,1496,0.0,0.0,0.0,4,1,1,2,2,0,1,1
176327,4394,1.0,4.0,1.0,6,1,1,1,5,0,1,0
176723,4818,1.0,5.0,0.0,6,3,2,2,4,0,2,0
177015,121,0.0,5.0,0.0,37,16,4,1,36,0,1,0
177600,1370,0.0,3.0,0.0,3,1,1,1,2,0,1,0
177815,293,0.0,3.0,0.0,1,1,1,1,0,0,1,0
178648,4049,0.0,3.0,2.0,3,1,1,1,1,0,2,0
178801,3828,0.0,3.0,0.0,4,2,2,2,3,0,1,0
179284,4129,0.0,3.0,0.0,33,20,3,1,30,0,3,0
179443,806,0.0,0.0,0.0,3,1,1,2,2,0,1,0
179824,1884,0.0,0.0,1.0,8,1,1,2,7,0,1,0
180015,3153,0.0,3.0,0.0,6,1,1,1,5,0,1,0
180241,1056,0.0,4.0,0.0,14,7,2,5,12,0,2,0
180361,3152,0.0,6.0,0.0,17,6,2,2,12,0,2,3
180609,976,0.0,3.0,1.0,3,1,1,1,2,0,1,0
180987,4270,0.0,0.0,0.0,6,3,2,1,5,0,1,0
182020,4760,0.0,0.0,0.0,8,6,2,1,7,0,1,0
182806,3073,0.0,5.0,0.0,2,1,1,1,1,0,1,0
183993,310,0.0,3.0,0.0,37,16,5,1,33,0,4,0
184004,1708,0.0,0.0,0.0,12,5,1,1,10,0,1,1
184855,4525,0.0,3.0,0.0,16,9,1,3,10,0,5,1
184957,1056,0.0,4.0,1.0,30,18,7,1,26,0,4,0
184983,1997,0.0,0.0,1.0,2,1,1,1,1,0,1,0
185134,361,0.0,0.0,1.0,14,2,1,2,12,0,1,1
185260,1393,0.0,0.0,0.0,30,11,1,5,28,0,2,0
18611,2031,0.0,0.0,1.0,18,3,1,2,16,0,1,1
186177,4850,0.0,4.0,0.0,2,1,1,1,1,0,1,0
186237,4368,0.0,4.0,2.0,13,5,2,2,12,0,1,0
186298,3578,0.0,2.0,0.0,8,1,1,2,6,0,1,1
186586,3862,0.0,4.0,1.0,2,1,1,1,1,0,1,0
186949,4071,0.0,3.0,0.0,12,3,1,2,9,0,2,1
187187,3609,1.0,0.0,0.0,5,2,1,1,3,0,2,0
187500,1370,0.0,3.0,1.0,7,1,1,1,5,0,1,1
187663,3578,0.0,3.0,0.0,45,7,3,19,41,0,1,3
187703,4049,0.0,3.0,0.0,6,3,1,3,2,0,1,3
187776,1346,0.0,4.0,0.0,5,3,1,2,3,0,1,1
188043,4201,1.0,3.0,0.0,3,1,1,1,2,0,1,0
188066,4086,0.0,3.0,1.0,5,3,2,1,3,0,2,0
188284,2499,1.0,0.0,0.0,2,1,1,1,1,0,1,0
188511,1500,0.0,7.0,0.0,11,1,1,5,9,0,1,1
188926,2072,0.0,4.0,0.0,3,1,1,1,2,0,1,0
189249,3460,0.0,5.0,0.0,10,2,1,3,9,0,1,0
189382,3655,1.0,2.0,0.0,9,2,1,1,8,0,1,0
189471,3349,0.0,0.0,0.0,4,1,1,2,3,0,1,0
189579,2876,0.0,3.0,0.0,9,3,1,2,7,0,1,1
189926,2447,0.0,2.0,1.0,2,1,1,1,1,0,1,0
19012,3159,0.0,3.0,0.0,5,3,3,2,3,0,2,0
190243,3022,0.0,5.0,0.0,3,1,1,2,2,0,1,0
190351,2954,1.0,5.0,0.0,3,1,1,1,2,0,1,0
190879,2928,0.0,4.0,0.0,1,1,1,1,0,0,1,0
191749,2277,0.0,3.0,0.0,2,1,1,1,1,0,1,0
192494,3476,0.0,3.0,1.0,35,16,12,2,34,0,1,0
192719,3580,0.0,5.0,0.0,2,1,1,2,0,0,1,1
193340,2669,0.0,0.0,0.0,4,3,2,1,3,0,1,0
193934,643,0.0,6.0,1.0,3,2,1,1,2,0,1,0
193995,2099,0.0,6.0,1.0,1,1,1,1,0,0,1,0
194006,2537,0.0,4.0,1.0,2,1,1,1,1,0,1,0
194211,1719,0.0,3.0,0.0,3,1,1,1,1,0,2,0
194369,1096,0.0,3.0,0.0,4,3,1,1,3,0,1,0
194459,1760,0.0,3.0,0.0,24,14,1,3,22,0,1,1
194470,1340,0.0,5.0,0.0,1,1,1,1,0,0,1,0
194558,3159,0.0,3.0,1.0,1,1,1,1,0,0,1,0
194748,3955,1.0,3.0,0.0,11,3,2,2,10,0,1,0
194775,3578,0.0,5.0,0.0,15,9,2,2,14,0,1,0
194829,1721,0.0,0.0,1.0,6,3,1,1,5,0,1,0
194855,3545,0.0,0.0,0.0,8,3,1,1,6,0,1,1
194947,1948,0.0,5.0,1.0,25,9,4,2,21,0,4,0
19590,2173,0.0,2.0,0.0,88,31,1,9,83,0,2,3
195933,4043,0.0,0.0,0.0,12,6,3,5,11,0,1,0
196696,4079,0.0,6.0,0.0,7,2,2,1,6,0,1,0
197084,4926,0.0,4.0,0.0,12,8,5,3,11,0,1,0
19727,4198,0.0,3.0,1.0,3,1,1,1,2,0,1,0
197649,1102,0.0,2.0,0.0,9,2,1,2,7,0,1,1
198557,9,0.0,3.0,1.0,6,2,1,1,5,0,1,0
199025,3541,0.0,3.0,0.0,8,1,1,2,7,0,1,0
20024,4698,0.0,0.0,0.0,2,1,1,1,1,0,1,0
200363,915,0.0,4.0,0.0,14,3,3,2,12,0,1,1
201408,3484,0.0,4.0,1.0,30,8,1,1,28,0,2,0
201871,2283,0.0,4.0,0.0,2,1,1,2,1,0,1,0
201925,3828,0.0,3.0,1.0,3,2,2,1,2,0,1,0
201983,14,0.0,4.0,0.0,11,8,4,1,10,0,1,0
202086,3266,0.0,4.0,0.0,2,1,1,2,0,0,1,1
202237,4760,0.0,3.0,0.0,6,1,1,2,5,0,1,0
202346,4170,0.0,4.0,0.0,11,6,2,1,10,0,1,0
202399,1890,0.0,4.0,0.0,14,3,2,2,11,0,3,0
20263,2403,0.0,2.0,0.0,34,14,2,3,31,0,3,0
202857,2821,0.0,0.0,0.0,8,3,2,1,6,0,1,1
203432,1512,0.0,5.0,0.0,37,29,3,1,35,0,2,0
203537,2712,0.0,0.0,0.0,2,1,1,1,1,0,1,0
203618,598,0.0,3.0,0.0,8,3,2,1,6,0,2,0
204197,4976,0.0,3.0,0.0,20,14,6,5,16,0,1,3
204384,121,0.0,6.0,0.0,1,1,1,1,0,0,1,0
204438,1968,0.0,3.0,1.0,6,2,2,2,5,0,1,0
204444,272,0.0,3.0,0.0,12,3,1,1,9,0,3,0
204578,1964,1.0,0.0,0.0,10,2,2,2,8,0,2,0
204817,4475,0.0,5.0,0.0,22,3,1,3,20,1,1,0
204891,1916,0.0,3.0,1.0,23,12,3,2,22,0,1,0
205892,71,0.0,0.0,0.0,16,5,3,2,13,2,1,0
205960,798,0.0,3.0,0.0,16,6,4,1,15,0,1,0
205993,121,0.0,5.0,0.0,3,3,2,1,0,0,3,0
206164,1393,0.0,0.0,0.0,5,4,3,2,4,0,1,0
206233,3640,0.0,2.0,0.0,17,3,1,2,12,0,5,0
206731,205,0.0,0.0,0.0,12,4,2,1,10,0,2,0
206997,4911,0.0,3.0,0.0,2,1,1,1,1,0,1,0
207039,1031,0.0,5.0,2.0,8,3,1,2,7,0,1,0
20738,4173,1.0,0.0,0.0,28,20,5,11,11,0,1,16
207571,474,0.0,4.0,0.0,1,1,1,1,0,0,1,0
207963,4848,0.0,4.0,1.0,3,1,1,1,2,0,1,0
20817,168,0.0,4.0,0.0,4,2,1,1,2,0,2,0
208459,3536,0.0,0.0,0.0,11,2,1,2,9,0,1,1
208744,3586,0.0,4.0,0.0,4,2,1,2,2,0,2,0
208788,3611,0.0,2.0,1.0,8,3,3,1,7,0,1,0
208835,3806,0.0,6.0,0.0,2,2,1,1,0,0,2,0
20904,1719,0.0,2.0,0.0,1,1,1,1,0,0,1,0
209592,1050,0.0,0.0,0.0,3,2,2,1,1,0,2,0
210196,2047,0.0,3.0,0.0,5,3,2,1,4,0,1,0
210498,4659,0.0,3.0,0.0,13,12,8,3,9,0,4,0
210714,4783,0.0,0.0,0.0,6,4,3,2,5,0,1,0
211303,1370,0.0,4.0,0.0,2,1,1,1,1,0,1,0
211357,4186,0.0,3.0,0.0,18,4,2,4,16,0,1,1
211466,4976,0.0,5.0,1.0,9,4,2,1,8,0,1,0
211478,4992,0.0,0.0,0.0,1,1,1,1,0,0,1,0
211630,4614,0.0,0.0,0.0,4,2,2,2,3,0,1,0
21192,2403,0.0,2.0,0.0,5,2,1,2,4,0,1,0
212138,1467,0.0,5.0,0.0,9,3,1,1,7,0,1,1
212946,2238,0.0,4.0,0.0,5,2,2,1,3,0,1,1
213722,3650,0.0,3.0,0.0,4,2,1,1,3,0,1,0
213943,3350,0.0,2.0,0.0,4,2,1,1,3,0,1,0
214179,685,0.0,5.0,0.0,15,3,1,4,12,0,2,1
214331,66,0.0,3.0,1.0,3,1,1,1,2,0,1,0
215055,839,0.0,5.0,0.0,1,1,1,1,0,0,1,0
215525,1481,0.0,0.0,1.0,13,1,1,4,11,0,1,1
21616,2608,0.0,2.0,1.0,5,2,1,1,3,0,2,0
21625,2278,0.0,4.0,0.0,11,1,1,5,10,0,1,0
216355,4043,0.0,0.0,1.0,2,1,1,1,1,0,1,0
218055,1911,0.0,4.0,0.0,12,3,1,4,11,0,1,0
218175,2620,0.0,2.0,1.0,10,8,3,1,9,0,1,0
218183,168,0.0,0.0,1.0,3,2,2,2,2,0,1,0
219024,1310,0.0,2.0,0.0,6,3,1,1,5,0,1,0
219366,798,0.0,3.0,0.0,28,6,5,5,20,0,1,7
219935,2954,0.0,3.0,0.0,9,3,2,4,6,0,1,2
220169,3971,0.0,3.0,1.0,7,3,1,1,6,0,1,0
220482,742,0.0,3.0,0.0,15,6,3,1,14,0,1,0
220513,3200,0.0,2.0,0.0,6,6,6,1,0,0,6,0
220737,3614,0.0,4.0,0.0,1,1,1,1,0,0,1,0
220881,1470,0.0,2.0,0.0,7,1,1,2,6,0,1,0
221455,2579,0.0,3.0,0.0,44,5,2,4,43,0,1,0
22201,4022,0.0,0.0,0.0,7,2,1,2,5,0,2,0
22201,4270,0.0,0.0,0.0,12,4,3,2,10,0,2,0
222241,2138,0.0,0.0,0.0,4,2,2,1,2,0,2,0
2228,4043,0.0,4.0,0.0,9,5,4,1,7,0,2,0
222848,1096,0.0,0.0,0.0,3,1,1,2,2,0,1,0
22290,4191,0.0,2.0,0.0,6,1,1,1,5,0,1,0
223778,598,0.0,3.0,0.0,15,3,2,4,11,0,1,3
223963,1487,0.0,0.0,0.0,11,4,1,2,10,0,1,0
224424,3323,0.0,3.0,0.0,8,2,1,3,7,0,1,0
225001,2583,0.0,3.0,1.0,5,1,1,1,4,0,1,0
225080,4394,0.0,0.0,0.0,1,1,1,1,0,0,1,0
225260,3786,0.0,6.0,0.0,5,2,2,2,4,0,1,0
225358,3839,0.0,0.0,0.0,13,7,1,2,12,0,1,0
225768,3484,0.0,5.0,0.0,23,6,1,9,22,0,1,0
226055,3472,0.0,6.0,1.0,15,6,2,6,14,0,1,0
226190,2128,0.0,3.0,0.0,6,2,2,4,5,0,1,0
226513,205,0.0,3.0,1.0,19,5,3,2,15,0,2,2
226716,2447,0.0,6.0,1.0,4,1,1,1,3,0,1,0
226777,1618,0.0,3.0,1.0,4,1,1,1,3,0,1,0
226780,1833,0.0,5.0,0.0,3,1,1,1,2,0,1,0
226925,4705,0.0,2.0,0.0,2,1,1,1,1,0,1,0
227943,4504,0.0,3.0,1.0,42,13,2,5,40,0,2,0
227988,4044,0.0,6.0,0.0,16,2,1,3,15,0,1,0
22820,4976,0.0,5.0,2.0,21,11,4,3,18,0,1,2
228313,4173,0.0,3.0,0.0,20,10,5,4,18,0,1,1
228383,2099,0.0,2.0,0.0,4,1,1,2,3,0,1,0
228499,1392,0.0,0.0,0.0,5,1,1,1,4,0,1,0
228611,4090,0.0,2.0,0.0,6,3,1,1,5,0,1,0
229288,3578,0.0,4.0,0.0,13,10,2,1,12,0,1,0
229348,4173,0.0,4.0,0.0,10,8,4,7,0,0,1,9
229468,3245,0.0,0.0,0.0,9,3,1,1,8,0,1,0
22966,481,0.0,3.0,0.0,23,8,2,5,21,0,1,1
230117,3955,0.0,3.0,0.0,15,3,1,1,12,0,3,0
230162,2669,0.0,2.0,0.0,7,2,1,1,6,0,1,0
230320,915,0.0,4.0,0.0,9,5,3,3,8,0,1,0
230986,3990,0.0,6.0,1.0,12,1,1,2,10,0,1,1
231215,4793,0.0,3.0,0.0,4,2,1,1,2,0,2,0
231642,4911,0.0,6.0,1.0,1,1,1,1,0,0,1,0
232092,503,0.0,4.0,1.0,2,1,1,1,1,0,1,0
232572,3990,0.0,4.0,0.0,73,38,7,5,68,0,4,1
232737,535,0.0,3.0,0.0,6,1,1,1,4,0,1,1
232759,4173,0.0,3.0,0.0,24,11,4,7,20,0,1,3
233211,3288,0.0,3.0,0.0,5,2,1,1,4,0,1,0
233394,1272,0.0,4.0,0.0,14,4,1,4,12,0,1,1
233394,2700,0.0,4.0,0.0,6,1,1,3,3,0,2,1
233529,4722,0.0,3.0,0.0,5,2,2,1,3,0,2,0
233578,2175,0.0,4.0,0.0,2,1,1,1,1,0,1,0
233648,2242,0.0,4.0,0.0,21,14,6,2,15,0,6,0
234262,4585,0.0,3.0,0.0,4,1,1,2,2,0,1,1
234292,3826,0.0,2.0,0.0,1,1,1,1,0,0,1,0
234297,148,0.0,0.0,0.0,34,19,10,1,25,0,9,0
234609,4072,0.0,3.0,0.0,3,1,1,1,2,0,1,0
23494,3006,0.0,7.0,0.0,4,2,2,1,3,0,1,0
235150,4090,0.0,3.0,1.0,2,1,1,1,1,0,1,0
235153,2397,0.0,5.0,0.0,6,1,1,1,5,0,1,0
23518,2928,0.0,0.0,0.0,10,2,1,1,8,0,2,0
235324,1203,0.0,5.0,1.0,12,4,2,2,11,0,1,0
235357,714,0.0,5.0,0.0,8,1,1,2,6,0,1,1
235789,4173,1.0,0.0,0.0,18,2,1,2,16,1,1,0
236054,4756,0.0,6.0,0.0,6,3,2,2,4,0,2,0
236224,3161,0.0,3.0,0.0,1,1,1,1,0,0,1,0
236416,2981,0.0,0.0,0.0,17,6,1,3,16,0,1,0
237052,803,1.0,6.0,0.0,55,19,6,6,54,0,1,0
237243,4234,0.0,6.0,0.0,21,10,5,2,20,0,1,0
237419,2709,0.0,3.0,0.0,3,1,1,1,2,0,1,0
237536,4044,0.0,3.0,0.0,20,11,4,2,19,0,1,0
237589,3828,0.0,6.0,0.0,1,1,1,1,0,0,1,0
238394,4542,0.0,6.0,0.0,3,1,1,1,2,0,1,0
238635,3826,0.0,6.0,1.0,2,1,1,1,1,0,1,0
23881,4818,0.0,3.0,1.0,34,2,2,19,33,0,1,0
239407,1133,0.0,0.0,1.0,5,1,1,1,4,0,1,0
239484,4678,0.0,3.0,1.0,1,1,1,1,0,0,1,0
239582,1892,1.0,4.0,0.0,4,4,3,1,0,0,3,1
239724,4280,0.0,3.0,0.0,4,1,1,2,2,0,1,1
240066,3433,0.0,6.0,0.0,5,1,1,4,4,0,1,0
240135,4043,0.0,3.0,1.0,5,2,2,2,4,0,1,0
241040,3319,0.0,4.0,2.0,5,1,1,1,4,0,1,0
241445,1679,0.0,4.0,0.0,35,19,3,1,33,0,2,0
241550,3473,0.0,0.0,0.0,26,8,4,9,20,0,1,5
241987,2511,0.0,0.0,0.0,3,2,2,1,2,0,1,0
242286,1133,0.0,3.0,1.0,10,4,1,4,8,0,1,1
24235,1978,0.0,2.0,2.0,8,5,3,2,7,0,1,0
242506,4394,0.0,5.0,0.0,6,4,2,3,5,0,1,0
242801,1683,0.0,0.0,0.0,1,1,1,1,0,0,1,0
242968,3803,0.0,0.0,0.0,5,2,1,2,3,0,1,1
24346,4287,0.0,4.0,0.0,4,1,1,1,3,0,1,0
243713,1851,0.0,3.0,0.0,7,3,2,1,5,0,2,0
244090,2173,0.0,6.0,0.0,54,16,3,6,48,0,6,0
244637,3828,0.0,3.0,1.0,19,7,4,6,16,0,1,2
244644,4079,0.0,4.0,2.0,2,1,1,1,1,0,1,0
245350,3220,0.0,4.0,1.0,2,1,1,1,1,0,1,0
245708,3623,0.0,0.0,1.0,7,1,1,1,5,0,1,1
245727,4813,0.0,0.0,0.0,2,1,1,1,1,0,1,0
246007,588,0.0,3.0,0.0,4,1,1,2,2,0,1,1
246073,3825,0.0,5.0,0.0,7,1,1,1,6,0,1,0
246244,3116,0.0,0.0,0.0,3,1,1,1,2,0,1,0
246388,1557,0.0,0.0,0.0,2,1,1,1,1,0,1,0
246913,845,0.0,4.0,0.0,2,1,1,1,1,0,1,0
24722,4048,0.0,0.0,1.0,5,1,1,1,3,0,2,0
247357,4322,0.0,4.0,0.0,6,3,2,1,5,0,1,0
247507,2140,0.0,7.0,0.0,4,2,1,1,2,0,2,0
248276,1102,0.0,0.0,0.0,19,8,3,1,18,0,1,0
248364,798,0.0,2.0,0.0,10,4,3,1,8,0,2,0
248501,2318,0.0,6.0,1.0,5,2,1,2,4,0,1,0
248519,4408,0.0,3.0,null,3,1,1,2,2,0,1,0
248542,2341,0.0,4.0,0.0,2,1,1,1,1,0,1,0
249000,2952,0.0,3.0,0.0,7,1,1,1,6,0,1,0
249148,3501,0.0,4.0,1.0,3,1,1,1,2,0,1,0
250055,4659,0.0,6.0,0.0,15,6,3,3,13,0,1,1
250091,586,0.0,7.0,2.0,2,2,1,1,0,0,2,0
250139,361,0.0,0.0,1.0,64,10,2,3,62,0,1,1
250272,1618,0.0,6.0,1.0,15,9,5,2,14,0,1,0
250387,1861,1.0,4.0,0.0,11,4,2,1,7,0,4,0
25039,4186,0.0,3.0,0.0,12,3,1,2,10,0,1,1
250950,4374,0.0,2.0,1.0,8,4,2,1,7,0,1,0
251563,145,0.0,4.0,0.0,28,13,1,2,27,0,1,0
251723,1916,0.0,7.0,0.0,11,3,2,1,9,0,2,0
25195,2173,0.0,5.0,1.0,4,3,1,1,3,0,1,0
252240,4280,0.0,4.0,1.0,1,1,1,1,0,0,1,0
252386,643,0.0,0.0,0.0,22,5,1,2,21,0,1,0
252601,4322,0.0,3.0,1.0,8,4,1,1,7,0,1,0
253431,2217,0.0,6.0,0.0,4,1,1,2,2,0,1,1
253886,4760,0.0,0.0,1.0,5,2,1,1,4,0,1,0
2541,3956,0.0,0.0,0.0,4,4,3,1,0,0,4,0
254365,1472,0.0,0.0,0.0,2,1,1,1,1,0,1,0
254795,534,0.0,0.0,0.0,1,1,1,1,0,0,1,0
255424,786,0.0,3.0,0.0,6,2,1,2,4,0,1,1
25558,1736,0.0,4.0,0.0,2,1,1,2,1,0,1,0
255864,564,0.0,2.0,null,4,1,1,1,2,0,2,0
256179,1272,0.0,3.0,0.0,14,4,2,1,13,0,1,0
256402,1529,0.0,6.0,1.0,1,1,1,1,0,0,1,0
256664,4818,0.0,0.0,0.0,1,1,1,1,0,0,1,0
25731,1470,0.0,6.0,1.0,8,2,1,1,5,0,1,2
257624,4079,0.0,3.0,0.0,4,3,1,1,0,0,4,0
257917,806,0.0,5.0,1.0,4,1,1,1,3,0,1,0
258768,148,0.0,0.0,0.0,35,20,7,3,34,0,1,0
258776,786,0.0,2.0,0.0,16,6,2,2,13,0,1,2
258956,962,0.0,3.0,0.0,2,1,1,1,1,0,1,0
259253,3993,0.0,3.0,1.0,7,2,1,1,6,0,1,0
25942,2047,0.0,4.0,1.0,4,2,1,1,3,0,1,0
259780,10,0.0,null,null,13,11,3,1,12,0,1,0
260307,3955,0.0,6.0,0.0,8,5,2,1,7,0,1,0
260650,3323,0.0,5.0,0.0,7,3,1,3,5,0,2,0
260762,4079,0.0,5.0,1.0,3,1,1,1,2,0,1,0
261534,4605,1.0,0.0,0.0,9,3,3,2,7,0,1,1
261908,1963,0.0,2.0,1.0,12,1,1,2,11,0,1,0
2621,4465,0.0,0.0,0.0,21,12,1,1,17,0,4,0
262493,4871,0.0,3.0,0.0,2,1,1,1,1,0,1,0
262718,4988,0.0,3.0,0.0,26,10,6,8,23,0,1,2
263170,3073,0.0,2.0,1.0,1,1,1,1,0,0,1,0
263444,4143,0.0,3.0,0.0,11,9,4,1,10,0,1,0
26349,2242,0.0,0.0,0.0,4,3,2,2,3,0,1,0
263617,2447,0.0,0.0,0.0,3,1,1,1,2,0,1,0
265197,2928,0.0,4.0,0.0,6,3,1,1,4,0,2,0
265279,2047,0.0,6.0,0.0,10,3,3,2,9,0,1,0
265332,3826,0.0,2.0,null,2,1,1,1,1,0,1,0
265474,4847,0.0,3.0,0.0,9,3,1,3,6,0,1,2
26576,4765,0.0,4.0,0.0,2,1,1,1,0,0,2,0
265939,1910,0.0,0.0,1.0,5,2,1,1,4,0,1,0
266377,3305,0.0,4.0,0.0,1,1,1,1,0,0,1,0
266586,3734,0.0,4.0,0.0,11,8,3,1,10,0,1,0
266838,3350,0.0,4.0,1.0,5,2,1,2,3,0,1,1
267388,4789,0.0,5.0,0.0,3,1,1,1,2,0,1,0
26759,3159,0.0,6.0,0.0,2,2,2,1,0,0,2,0
267661,2173,0.0,0.0,1.0,18,11,2,1,15,0,3,0
267745,416,1.0,4.0,0.0,1,1,1,1,0,0,1,0
268075,416,0.0,0.0,0.0,76,25,7,8,73,0,1,2
268085,2664,0.0,4.0,1.0,18,11,2,1,16,0,2,0
26844,3968,0.0,0.0,1.0,4,1,1,1,3,0,1,0
269019,1457,0.0,7.0,1.0,8,3,2,4,7,0,1,0
269114,1685,0.0,0.0,0.0,2,1,1,1,1,0,1,0
269236,3095,0.0,3.0,0.0,5,1,1,2,4,0,1,0
269701,2631,0.0,3.0,1.0,2,1,1,1,1,0,1,0
269823,742,0.0,2.0,0.0,6,1,1,3,4,0,1,1
270449,643,0.0,4.0,0.0,16,6,2,1,15,0,1,0
270478,467,0.0,3.0,0.0,1,1,1,1,0,0,1,0
270872,2217,0.0,3.0,0.0,4,1,1,2,3,0,1,0
271193,2824,0.0,4.0,1.0,9,3,2,1,8,0,1,0
271264,198,0.0,3.0,0.0,7,1,1,1,6,0,1,0
271522,1884,0.0,3.0,1.0,2,2,1,2,0,0,1,1
271537,1861,0.0,2.0,0.0,6,1,1,1,4,0,2,0
271557,3828,0.0,3.0,0.0,21,4,2,2,20,0,1,0
271750,1077,0.0,3.0,0.0,35,22,3,3,34,0,1,0
272489,949,0.0,6.0,0.0,24,10,2,2,23,0,1,0
272904,63,0.0,3.0,1.0,42,5,1,1,40,0,1,1
273273,1703,0.0,3.0,1.0,2,1,1,1,1,0,1,0
273520,4044,1.0,0.0,0.0,26,6,2,2,19,0,1,6
273642,1126,1.0,5.0,0.0,53,31,8,2,49,0,2,2
273664,4282,0.0,4.0,0.0,1,1,1,1,0,0,1,0
274115,742,0.0,5.0,0.0,2,1,1,1,1,0,1,0
274397,3163,0.0,2.0,0.0,2,1,1,1,0,0,2,0
275388,4044,0.0,0.0,0.0,10,2,2,4,9,0,1,0
27542,1393,0.0,6.0,0.0,59,45,6,1,58,0,1,0
275931,3983,0.0,2.0,0.0,9,3,1,1,8,0,1,0
27626,861,0.0,3.0,1.0,8,1,1,2,6,0,1,1
276396,2780,0.0,3.0,1.0,4,1,1,1,3,0,1,0
276728,1964,0.0,2.0,0.0,4,3,3,1,0,0,3,1
27685,687,0.0,3.0,0.0,3,2,1,3,1,0,1,1
277024,598,0.0,2.0,1.0,10,7,3,2,9,0,1,0
277056,1512,0.0,2.0,0.0,43,19,2,6,39,0,3,1
277189,1892,0.0,3.0,0.0,13,8,4,3,10,0,3,0
277942,437,0.0,6.0,0.0,47,16,3,6,46,0,1,0
278011,3205,0.0,4.0,0.0,5,1,1,1,4,0,1,0
278240,467,0.0,3.0,0.0,6,2,1,1,5,0,1,0
278337,1096,0.0,0.0,1.0,7,1,1,2,5,0,1,1
278575,2511,1.0,4.0,1.0,13,6,3,1,11,0,2,0
278981,3451,0.0,2.0,0.0,5,1,1,2,4,0,1,0
279830,598,0.0,3.0,0.0,4,4,4,2,3,0,1,0
280612,860,0.0,5.0,0.0,17,9,6,3,16,0,1,0
280953,3236,0.0,4.0,1.0,2,2,1,1,0,0,2,0
281627,1712,0.0,3.0,1.0,17,2,1,2,14,0,1,2
281632,4427,0.0,6.0,1.0,16,6,1,2,15,0,1,0
283684,3304,0.0,3.0,0.0,5,2,2,2,4,0,1,0
283955,102,0.0,4.0,1.0,20,3,2,5,19,0,1,0
284032,415,1.0,6.0,0.0,10,2,1,5,8,0,1,1
284202,4659,0.0,8.0,1.0,5,4,4,1,1,0,2,2
284495,1892,0.0,4.0,0.0,5,1,1,3,1,0,2,2
284659,738,0.0,3.0,0.0,8,2,2,1,6,0,2,0
28496,2448,0.0,3.0,0.0,1,1,1,1,0,0,1,0
28506,1348,0.0,0.0,0.0,5,4,2,1,4,0,1,0
285074,3624,0.0,3.0,1.0,27,9,3,5,26,0,1,0
285085,268,1.0,6.0,0.0,18,8,2,2,17,0,1,0
285286,2928,0.0,3.0,0.0,24,3,2,3,23,0,1,0
285606,2668,0.0,2.0,1.0,1,1,1,1,0,0,1,0
285622,1556,0.0,0.0,1.0,5,1,1,1,4,0,1,0
285858,4044,0.0,2.0,0.0,59,23,5,5,57,0,1,1
286975,2318,0.0,4.0,0.0,2,1,1,2,0,0,1,1
286989,416,0.0,5.0,0.0,10,8,4,2,8,0,2,0
287093,402,0.0,3.0,0.0,5,1,1,2,4,0,1,0
287799,10,0.0,0.0,0.0,3,2,2,1,2,0,1,0
288163,4394,0.0,5.0,0.0,4,1,1,4,3,0,1,0
289235,1520,0.0,0.0,0.0,2,1,1,1,0,0,2,0
289592,4240,0.0,3.0,0.0,9,2,1,2,8,0,1,0
289661,4394,0.0,6.0,0.0,2,1,1,1,1,0,1,0
289771,1762,0.0,2.0,1.0,2,1,1,1,1,0,1,0
290038,219,0.0,0.0,0.0,20,13,1,2,19,0,1,0
290050,361,0.0,6.0,0.0,24,9,3,1,22,0,1,1
290705,1186,0.0,4.0,0.0,1,1,1,1,0,0,1,0
29083,4044,0.0,4.0,0.0,4,3,3,2,2,0,2,0
290910,1738,1.0,6.0,0.0,7,4,3,2,5,0,1,1
291265,3274,0.0,0.0,0.0,16,7,3,1,9,0,7,0
291447,2579,0.0,5.0,1.0,12,4,2,1,11,0,1,0
292242,1056,0.0,3.0,0.0,4,1,1,3,2,0,1,1
292372,4659,0.0,0.0,0.0,8,1,1,3,7,0,1,0
292745,2397,1.0,4.0,0.0,22,6,3,2,20,0,1,1
293635,4950,0.0,3.0,0.0,3,2,2,2,0,0,2,1
294205,1892,0.0,4.0,0.0,36,12,5,3,33,0,3,0
29422,3319,0.0,5.0,0.0,4,1,1,1,3,0,1,0
294254,4605,0.0,2.0,0.0,19,8,5,3,16,0,3,0
294283,653,0.0,4.0,0.0,2,1,1,1,1,0,1,0
294419,3080,0.0,3.0,1.0,12,4,3,4,11,0,1,0
29483,4258,0.0,4.0,1.0,3,1,1,1,1,0,1,1
295435,3826,0.0,3.0,1.0,3,2,2,1,2,0,1,0
295480,4367,0.0,3.0,0.0,7,1,1,1,6,0,1,0
295948,4650,0.0,0.0,0.0,4,2,2,1,2,0,2,0
29633,778,1.0,4.0,0.0,3,2,2,1,2,0,1,0
296457,4368,0.0,6.0,0.0,1,1,1,1,0,0,1,0
296757,4043,0.0,0.0,0.0,19,4,3,1,16,0,3,0
297096,3170,0.0,4.0,0.0,6,4,2,1,5,0,1,0
297273,141,0.0,3.0,0.0,8,3,1,1,5,0,1,2
297450,1093,0.0,6.0,1.0,5,1,1,2,4,0,1,0
297586,1892,0.0,0.0,1.0,8,3,2,3,5,0,2,1
298272,1067,0.0,4.0,1.0,2,1,1,1,1,0,1,0
298661,3266,0.0,6.0,1.0,4,1,1,1,3,0,1,0
29867,1239,0.0,0.0,1.0,3,1,1,1,2,0,1,0
298755,4377,0.0,4.0,0.0,5,2,1,2,2,0,1,2
299068,4044,0.0,0.0,0.0,19,10,5,3,17,0,2,0
299366,4976,0.0,0.0,0.0,54,11,3,15,51,0,1,2
299810,1760,0.0,0.0,0.0,1,1,1,1,0,0,1,0
300293,3898,0.0,0.0,0.0,6,2,1,1,4,0,2,0
300495,4336,0.0,0.0,1.0,12,6,1,1,10,0,2,0
300824,1100,0.0,6.0,0.0,5,4,2,2,4,0,1,0
300841,4600,0.0,6.0,0.0,11,3,1,1,9,0,2,0
301043,639,0.0,6.0,0.0,5,1,1,1,4,0,1,0
301509,2721,0.0,3.0,0.0,48,30,4,6,47,0,1,0
30293,586,0.0,4.0,0.0,23,13,6,2,20,0,3,0
302945,2051,0.0,3.0,0.0,13,1,1,2,10,0,2,1
30316,682,0.0,3.0,1.0,10,5,3,1,7,0,3,0
303451,4966,0.0,4.0,0.0,1,1,1,1,0,0,1,0
30353,114,0.0,3.0,0.0,30,10,2,1,29,0,1,0
303643,2424,0.0,0.0,0.0,11,1,1,3,10,0,1,0
30397,1963,0.0,5.0,0.0,34,16,6,5,33,0,1,0
304270,1861,0.0,4.0,0.0,1,1,1,1,0,0,1,0
304327,1892,0.0,4.0,0.0,28,15,5,1,26,0,2,0
304583,4047,1.0,3.0,0.0,18,7,4,3,16,0,1,1
304866,3971,0.0,5.0,0.0,2,1,1,1,1,0,1,0
30495,2569,0.0,6.0,0.0,5,1,1,2,3,0,2,0
305201,534,0.0,2.0,0.0,6,4,1,2,5,0,1,0
305882,2791,0.0,3.0,1.0,5,2,1,1,4,0,1,0
305986,4196,0.0,2.0,1.0,3,1,1,1,2,0,1,0
306236,3323,0.0,0.0,0.0,7,3,1,3,5,0,2,0
306339,2711,0.0,5.0,0.0,2,1,1,1,1,0,1,0
306555,4648,0.0,6.0,2.0,5,3,2,1,3,0,2,0
307867,3873,0.0,5.0,1.0,13,1,1,2,11,0,1,1
308011,310,0.0,2.0,1.0,4,1,1,1,3,0,1,0
309033,3016,0.0,0.0,1.0,12,7,4,5,11,0,1,0
309106,1126,0.0,3.0,0.0,12,5,3,1,11,0,1,0
309305,4966,0.0,3.0,0.0,6,2,1,3,5,0,1,0
309716,4860,0.0,2.0,1.0,3,1,1,1,2,0,1,0
310170,1393,0.0,4.0,0.0,5,2,2,1,4,0,1,0
310739,1890,0.0,6.0,0.0,20,3,1,2,16,3,1,0
310967,3732,0.0,4.0,1.0,2,1,1,1,0,0,2,0
311958,4071,0.0,3.0,1.0,5,2,1,2,3,0,2,0
312182,1500,0.0,4.0,1.0,4,2,1,2,3,0,1,0
312619,3614,0.0,3.0,1.0,6,1,1,1,5,0,1,0
312765,1495,0.0,3.0,0.0,19,6,2,6,18,0,1,0
313080,2981,0.0,0.0,1.0,4,1,1,1,3,0,1,0
313635,2430,0.0,5.0,1.0,35,15,3,1,31,0,4,0
313786,2348,0.0,6.0,0.0,7,1,1,3,5,1,1,0
31442,2856,0.0,0.0,0.0,8,3,1,1,7,0,1,0
315264,4044,0.0,2.0,0.0,44,32,5,4,43,0,1,0
315706,2454,0.0,4.0,2.0,5,2,2,2,4,0,1,0
316216,474,0.0,4.0,0.0,22,16,11,6,20,0,2,0
316767,1582,0.0,0.0,0.0,23,5,2,1,22,0,1,0
316842,2565,0.0,5.0,0.0,5,1,1,1,3,0,1,1
317219,4140,0.0,3.0,0.0,36,17,2,5,32,0,2,2
317607,1861,0.0,2.0,0.0,1,1,1,1,0,0,1,0
317895,1556,0.0,3.0,0.0,9,1,1,2,7,0,1,1
318265,1890,0.0,5.0,0.0,8,6,1,5,7,0,1,0
318268,740,0.0,3.0,1.0,1,1,1,1,0,0,1,0
318429,4008,0.0,3.0,0.0,4,3,2,1,2,0,2,0
318562,66,1.0,0.0,0.0,11,8,3,1,9,0,2,0
318908,1102,0.0,0.0,0.0,82,29,9,7,81,0,1,0
319093,1500,0.0,2.0,1.0,1,1,1,1,0,0,1,0
319369,148,0.0,3.0,0.0,3,1,1,2,2,0,1,0
319503,2981,0.0,0.0,0.0,2,1,1,1,1,0,1,0
319568,1547,0.0,2.0,1.0,2,1,1,1,1,0,1,0
319654,1890,0.0,6.0,1.0,5,1,1,1,4,0,1,0
320549,3472,1.0,4.0,0.0,2,1,1,1,1,0,1,0
321051,1659,0.0,5.0,1.0,2,1,1,1,1,0,1,0
321139,4976,1.0,0.0,0.0,18,13,1,1,17,0,1,0
321259,1963,0.0,2.0,1.0,46,21,6,6,45,0,1,0
32144,4735,0.0,3.0,0.0,33,5,1,8,30,0,1,2
32174,3865,0.0,0.0,0.0,12,5,5,3,7,0,5,0
322076,4040,0.0,4.0,0.0,3,1,1,1,2,0,1,0
322247,4926,0.0,4.0,1.0,12,7,6,1,11,0,1,0
322266,3986,0.0,0.0,1.0,4,4,4,2,1,0,3,0
322750,1102,0.0,4.0,1.0,55,25,5,1,54,0,1,0
32298,361,1.0,0.0,1.0,17,8,1,4,14,0,1,2
323315,2856,0.0,3.0,2.0,2,1,1,1,1,0,1,0
324483,1861,0.0,4.0,0.0,1,1,1,1,0,0,1,0
324537,3862,0.0,3.0,0.0,1,1,1,1,0,0,1,0
325051,1911,0.0,6.0,0.0,4,1,1,3,3,0,1,0
325399,310,0.0,3.0,0.0,6,1,1,2,5,0,1,0
32581,1760,0.0,2.0,0.0,25,11,2,1,23,0,2,0
32590,786,0.0,0.0,0.0,2,1,1,1,1,0,1,0
325934,4057,0.0,3.0,0.0,2,1,1,1,1,0,1,0
326063,4525,0.0,2.0,0.0,3,3,1,1,0,0,3,0
326220,794,0.0,3.0,1.0,3,2,1,2,2,0,1,0
326400,4249,0.0,3.0,0.0,22,6,1,3,20,0,1,1
326455,2721,0.0,0.0,1.0,28,14,1,1,27,0,1,0
326728,141,0.0,3.0,0.0,7,4,4,1,6,0,1,0
326780,2318,0.0,5.0,1.0,7,5,2,1,5,0,2,0
326780,3682,0.0,5.0,1.0,2,1,1,1,1,0,1,0
327119,818,0.0,5.0,0.0,3,2,1,1,2,0,1,0
327159,2238,0.0,4.0,1.0,8,4,2,1,5,0,3,0
327496,962,0.0,6.0,1.0,6,1,1,1,5,0,1,0
328186,3411,0.0,6.0,0.0,4,1,1,2,2,0,1,1
328442,3609,0.0,4.0,2.0,32,18,2,2,30,0,2,0
328500,1015,0.0,4.0,0.0,11,9,6,3,8,0,1,2
328737,962,0.0,3.0,0.0,11,3,2,3,8,0,1,2
328970,4149,0.0,4.0,1.0,5,1,1,1,4,0,1,0
329041,4760,0.0,0.0,0.0,19,6,2,2,18,0,1,0
329109,1884,0.0,0.0,0.0,4,1,1,1,3,0,1,0
329621,1884,0.0,3.0,1.0,3,2,1,1,2,0,1,0
329705,4043,0.0,3.0,0.0,10,2,2,3,9,0,1,0
329748,3365,0.0,0.0,1.0,6,2,2,1,5,0,1,0
329848,121,0.0,4.0,2.0,22,8,5,3,13,0,5,4
329888,323,0.0,6.0,0.0,6,2,1,1,5,0,1,0
329927,1999,0.0,2.0,1.0,10,7,1,1,9,0,1,0
329993,2217,0.0,6.0,0.0,6,2,1,3,5,0,1,0
330237,4659,0.0,3.0,0.0,6,1,1,1,4,0,1,1
330237,798,0.0,3.0,0.0,6,3,2,2,5,0,1,0
332515,598,1.0,3.0,1.0,15,5,2,5,13,0,1,1
332905,361,0.0,6.0,0.0,15,8,3,1,14,0,1,0
333024,4186,0.0,4.0,0.0,19,7,3,4,18,0,1,0
33382,2565,0.0,3.0,0.0,19,4,1,6,15,0,1,3
333965,121,0.0,5.0,0.0,6,3,3,3,5,0,1,0
334572,4605,0.0,6.0,0.0,5,2,2,3,4,0,1,0
334683,2592,0.0,3.0,0.0,6,1,1,2,4,0,1,1
334837,4287,0.0,3.0,2.0,6,4,3,2,4,0,1,1
335659,742,0.0,0.0,0.0,6,2,1,1,5,0,1,0
336211,145,0.0,6.0,0.0,5,2,1,2,4,0,1,0
336705,4739,0.0,2.0,0.0,5,1,1,1,4,0,1,0
337329,3728,0.0,0.0,0.0,4,1,1,1,3,0,1,0
33739,2537,0.0,2.0,0.0,5,2,2,2,4,0,1,0
338737,2891,0.0,0.0,0.0,4,1,1,1,3,0,1,0
339020,2273,0.0,4.0,0.0,8,1,1,2,6,0,1,1
339323,1399,1.0,4.0,0.0,5,2,1,1,4,0,1,0
33944,1854,0.0,null,null,5,1,1,1,4,0,1,0
339493,2417,1.0,2.0,0.0,15,3,2,4,12,1,1,1
339755,3567,0.0,0.0,0.0,20,7,1,2,18,0,1,1
340014,3644,0.0,3.0,0.0,4,1,1,2,3,0,1,0
340054,3148,0.0,7.0,0.0,12,6,2,2,11,0,1,0
340097,2242,0.0,3.0,2.0,15,9,1,2,4,0,2,9
340169,2447,0.0,2.0,1.0,1,1,1,1,0,0,1,0
340236,4981,0.0,3.0,0.0,1,1,1,1,0,0,1,0
340634,2639,0.0,5.0,0.0,31,17,4,2,25,0,2,4
340711,2081,0.0,3.0,0.0,8,3,1,2,5,0,1,2
340790,1555,0.0,4.0,1.0,6,1,1,2,5,0,1,0
340797,1056,0.0,4.0,0.0,2,2,2,2,1,0,1,0
34095,4234,0.0,4.0,1.0,3,2,1,1,2,0,1,0
341537,4173,0.0,6.0,0.0,15,8,4,4,14,0,1,0
341554,3579,0.0,5.0,0.0,8,4,2,2,6,0,2,0
341817,1659,0.0,5.0,1.0,7,2,1,2,6,0,1,0
341826,3225,0.0,3.0,0.0,5,1,1,2,3,1,1,0
341898,682,0.0,2.0,null,29,6,3,5,27,0,1,1
341922,2954,0.0,3.0,0.0,10,4,3,3,9,0,1,0
342154,3578,0.0,0.0,1.0,10,2,1,3,8,0,1,1
342247,4958,0.0,2.0,1.0,2,1,1,1,1,0,1,0
342330,4249,0.0,0.0,0.0,3,1,1,3,2,0,1,0
342717,1810,0.0,3.0,0.0,1,1,1,1,0,0,1,0
34282,216,1.0,0.0,0.0,4,2,1,1,1,0,3,0
342903,3619,0.0,4.0,0.0,4,1,1,1,3,0,1,0
343094,2644,0.0,3.0,1.0,9,1,1,2,7,0,1,1
343357,3979,0.0,3.0,1.0,16,3,1,5,14,0,1,1
343552,4957,0.0,0.0,1.0,19,11,7,1,18,0,1,0
343664,742,0.0,5.0,0.0,9,5,3,1,8,0,1,0
343779,3599,0.0,2.0,0.0,1,1,1,1,0,0,1,0
343946,2241,0.0,0.0,0.0,4,1,1,2,3,0,1,0
344335,4589,0.0,2.0,0.0,5,2,2,1,4,0,1,0
344417,598,0.0,4.0,0.0,4,1,1,1,3,0,1,0
344483,1760,0.0,0.0,1.0,13,8,2,2,11,0,2,0
344489,1890,0.0,6.0,0.0,22,6,3,2,21,0,1,0
34459,3635,0.0,6.0,0.0,2,1,1,1,1,0,1,0
344778,1102,1.0,3.0,0.0,196,73,8,4,191,0,3,2
345233,4648,0.0,2.0,0.0,2,2,2,1,0,0,2,0
346850,2669,0.0,3.0,0.0,62,19,6,3,60,0,1,1
347043,2172,0.0,3.0,0.0,4,1,1,1,3,0,1,0
347811,2317,0.0,4.0,1.0,1,1,1,1,0,0,1,0
348063,2709,0.0,0.0,0.0,4,1,1,1,3,0,1,0
348117,1833,0.0,6.0,0.0,3,3,1,1,0,0,3,0
348294,4042,0.0,4.0,1.0,5,1,1,1,3,0,2,0
34881,3472,0.0,3.0,0.0,1,1,1,1,0,0,1,0
348946,4976,0.0,4.0,0.0,5,2,2,1,4,0,1,0
349298,2668,0.0,3.0,0.0,6,2,1,2,5,0,1,0
34951,2052,0.0,2.0,0.0,8,3,1,2,5,1,1,1
349852,685,0.0,0.0,1.0,7,4,2,1,6,0,1,0
349979,3536,0.0,2.0,0.0,2,1,1,1,1,0,1,0
350436,4325,0.0,2.0,0.0,1,1,1,1,0,0,1,0
351828,2669,0.0,3.0,0.0,4,1,1,2,3,0,1,0
352281,361,0.0,0.0,0.0,10,3,2,3,8,0,1,1
352595,4044,0.0,3.0,0.0,4,2,2,2,3,0,1,0
352762,2928,0.0,5.0,0.0,1,1,1,1,0,0,1,0
353027,3306,0.0,5.0,0.0,2,1,1,1,1,0,1,0
353589,3173,1.0,6.0,1.0,18,8,4,4,14,1,1,2
353596,1959,0.0,2.0,0.0,7,3,2,2,6,0,1,0
35425,408,1.0,4.0,0.0,4,2,2,1,3,0,1,0
354305,4044,0.0,2.0,0.0,18,4,2,1,17,0,1,0
354386,4847,0.0,3.0,0.0,75,34,9,5,72,0,3,0
354763,3103,0.0,5.0,0.0,7,2,2,3,5,1,1,0
355042,3363,0.0,6.0,0.0,10,1,1,1,7,0,3,0
355804,4860,0.0,2.0,1.0,1,1,1,1,0,0,1,0
355892,4141,0.0,3.0,1.0,4,2,1,1,3,0,1,0
356024,1895,0.0,3.0,0.0,11,7,3,3,8,0,2,1
356117,4044,0.0,3.0,0.0,10,7,4,2,8,0,2,0
356543,2273,0.0,2.0,0.0,7,2,1,1,6,0,1,0
357187,2511,0.0,0.0,1.0,5,1,1,3,4,0,1,0
35727,1126,0.0,2.0,0.0,1,1,1,1,0,0,1,0
357833,4554,0.0,6.0,0.0,1,1,1,1,0,0,1,0
357940,4760,0.0,2.0,1.0,1,1,1,1,0,0,1,0
35818,1168,0.0,3.0,0.0,3,1,1,1,2,0,1,0
358343,3016,1.0,0.0,0.0,7,3,3,2,5,0,2,0
358494,2397,0.0,4.0,1.0,5,4,3,2,4,0,1,0
358616,4316,0.0,0.0,0.0,2,1,1,2,1,0,1,0
358876,1703,0.0,3.0,0.0,5,2,2,1,3,0,2,0
359318,4818,0.0,0.0,1.0,6,1,1,1,4,0,1,1
359611,3952,0.0,2.0,1.0,1,1,1,1,0,0,1,0
359932,4050,0.0,5.0,1.0,1,1,1,1,0,0,1,0
360189,4771,0.0,0.0,0.0,8,3,3,1,5,0,3,0
360237,1272,0.0,6.0,0.0,39,20,4,1,34,0,5,0
360300,794,0.0,5.0,0.0,23,12,1,2,22,0,1,0
360817,963,0.0,4.0,1.0,2,1,1,1,1,0,1,0
361134,3460,0.0,6.0,0.0,6,1,1,1,4,0,2,0
361552,2985,0.0,0.0,0.0,10,1,1,1,3,0,6,1
361674,1310,0.0,3.0,0.0,2,1,1,1,1,0,1,0
362360,4043,0.0,3.0,0.0,7,4,3,1,4,0,3,0
363258,4048,1.0,0.0,0.0,3,1,1,1,1,0,2,0
363584,9,0.0,2.0,1.0,4,2,2,3,2,0,1,1
363671,596,0.0,3.0,0.0,4,1,1,1,3,0,1,0
363716,1102,0.0,3.0,0.0,487,100,16,24,476,0,1,10
36405,1890,0.0,0.0,1.0,6,1,1,2,5,0,1,0
364509,778,0.0,4.0,0.0,1,1,1,1,0,0,1,0
366552,1968,0.0,2.0,0.0,2,1,1,1,1,0,1,0
366749,1346,0.0,3.0,0.0,3,2,1,2,2,0,1,0
368051,4234,0.0,6.0,1.0,9,5,2,1,8,0,1,0
368895,4322,0.0,0.0,0.0,5,1,1,1,4,0,1,0
369076,4050,0.0,4.0,1.0,4,1,1,2,2,0,2,0
369965,2144,0.0,2.0,0.0,2,1,1,1,1,0,1,0
370709,296,0.0,0.0,1.0,15,2,1,4,14,0,1,0
370849,361,0.0,5.0,0.0,2,2,2,2,1,0,1,0
371393,4143,0.0,6.0,0.0,127,65,11,2,124,0,3,0
371477,2026,0.0,3.0,1.0,12,7,4,1,11,0,1,0
372365,1679,0.0,4.0,1.0,7,5,3,2,6,0,1,0
372459,4173,0.0,5.0,0.0,11,8,4,4,10,0,1,0
372555,23,0.0,2.0,0.0,4,1,1,1,2,0,1,1
372647,4170,0.0,4.0,0.0,15,7,2,3,13,0,2,0
372795,742,0.0,4.0,0.0,14,7,4,1,13,0,1,0
373226,402,0.0,0.0,0.0,1,1,1,1,0,0,1,0
3734,1203,0.0,0.0,0.0,9,6,4,6,7,1,1,0
373826,4368,0.0,5.0,0.0,57,23,7,2,50,0,4,3
374392,3828,0.0,4.0,0.0,1,1,1,1,0,0,1,0
374679,804,0.0,3.0,0.0,3,1,1,1,2,0,1,0
374787,4170,0.0,3.0,1.0,1,1,1,1,0,0,1,0
374963,1411,0.0,7.0,1.0,1,1,1,1,0,0,1,0
375155,2136,0.0,2.0,1.0,8,3,2,4,7,0,1,0
37567,1910,0.0,6.0,1.0,6,3,2,1,5,0,1,0
375800,241,0.0,3.0,1.0,7,1,1,1,6,0,1,0
376017,296,0.0,3.0,0.0,2,1,1,1,1,0,1,0
376135,2537,0.0,0.0,0.0,8,5,3,1,6,0,2,0
37615,2217,0.0,3.0,0.0,5,2,1,3,3,1,1,0
376216,1780,0.0,0.0,0.0,3,2,2,1,2,0,1,0
376234,4079,0.0,0.0,0.0,14,6,2,2,13,0,1,0
376514,1000,0.0,5.0,0.0,4,3,1,2,3,0,1,0
376841,2928,0.0,4.0,0.0,3,2,1,2,0,0,1,2
376909,1250,0.0,0.0,1.0,48,22,3,3,42,0,3,3
377257,326,0.0,2.0,1.0,3,1,1,1,2,0,1,0
377283,2926,0.0,2.0,1.0,7,2,1,2,6,0,1,0
377428,2810,0.0,3.0,0.0,8,1,1,4,6,0,1,1
378673,1263,0.0,3.0,0.0,17,3,1,3,15,0,2,0
379172,1353,0.0,0.0,1.0,5,1,1,3,4,0,1,0
379426,3623,0.0,5.0,0.0,2,2,1,1,0,0,1,1
379801,4427,0.0,5.0,0.0,3,1,1,1,2,0,1,0
380336,3898,0.0,5.0,1.0,1,1,1,1,0,0,1,0
380427,121,0.0,5.0,1.0,3,1,1,1,2,0,1,0
380998,3941,0.0,4.0,1.0,5,3,2,1,4,0,1,0
381133,2744,0.0,4.0,0.0,28,10,6,2,20,0,4,4
381462,2810,0.0,0.0,1.0,3,2,1,1,2,0,1,0
3818,2002,0.0,0.0,0.0,2,1,1,1,1,0,1,0
381948,4173,0.0,7.0,1.0,13,10,1,1,12,0,1,0
382044,1892,0.0,3.0,0.0,5,1,1,3,4,0,1,0
382510,2409,0.0,6.0,0.0,21,8,2,2,15,0,2,4
382774,4718,0.0,0.0,1.0,13,4,1,2,12,0,1,0
383265,4282,0.0,3.0,0.0,9,5,2,2,6,0,1,2
383952,1272,0.0,4.0,0.0,15,6,2,2,13,0,2,0
384049,3971,0.0,3.0,1.0,4,1,1,2,3,0,1,0
384235,3826,0.0,3.0,0.0,5,2,1,1,4,0,1,0
384398,4173,0.0,3.0,0.0,15,8,2,1,14,0,1,0
384544,2124,0.0,5.0,0.0,62,30,2,3,60,0,1,1
385201,1494,0.0,5.0,0.0,4,2,1,1,3,0,1,0
385538,1557,0.0,2.0,1.0,3,1,1,1,2,0,1,0
385805,3205,0.0,5.0,0.0,4,2,1,1,3,0,1,0
386048,4987,0.0,0.0,0.0,3,1,1,1,2,0,1,0
386236,2447,0.0,0.0,1.0,8,3,1,1,7,0,1,0
386344,3826,1.0,2.0,1.0,86,3,1,1,84,0,2,0
386517,2928,0.0,5.0,0.0,1,1,1,1,0,0,1,0
386518,4079,0.0,4.0,0.0,52,17,3,3,46,0,6,0
38663,4044,0.0,2.0,0.0,24,15,11,4,23,0,1,0
386731,2928,0.0,0.0,1.0,14,3,2,7,11,0,1,2
387115,3826,0.0,7.0,1.0,3,1,1,2,1,0,1,1
387612,3455,0.0,0.0,null,11,1,1,2,9,0,1,1
387658,1664,0.0,4.0,0.0,8,5,5,1,6,0,2,0
388168,3323,1.0,0.0,0.0,9,3,1,2,8,0,1,0
388811,3159,0.0,5.0,1.0,2,1,1,2,1,0,1,0
388987,1090,0.0,6.0,1.0,17,8,1,5,16,0,1,0
389179,2928,0.0,3.0,0.0,18,14,5,1,15,0,3,0
389444,1719,0.0,3.0,0.0,1,1,1,1,0,0,1,0
389649,4173,1.0,4.0,0.0,23,10,4,3,22,0,1,0
389829,3205,0.0,0.0,1.0,2,1,1,1,1,0,1,0
389961,1911,0.0,6.0,0.0,9,4,1,4,8,0,1,0
390334,4768,0.0,2.0,0.0,3,1,1,1,2,0,1,0
39065,4282,1.0,2.0,0.0,85,21,8,6,74,0,3,8
390845,4496,0.0,0.0,0.0,4,1,1,1,2,0,2,0
390880,1346,0.0,5.0,0.0,10,2,1,2,8,0,1,1
390970,861,0.0,3.0,1.0,7,1,1,1,6,0,1,0
391034,1679,0.0,3.0,0.0,6,4,1,2,5,0,1,0
391213,3205,0.0,0.0,0.0,4,2,2,2,3,0,1,0
391926,2313,0.0,6.0,1.0,4,1,1,1,3,0,1,0
392098,1356,0.0,3.0,1.0,1,1,1,1,0,0,1,0
392610,4173,0.0,0.0,0.0,22,15,4,1,19,0,2,1
392648,1520,0.0,0.0,0.0,4,1,1,1,3,0,1,0
39280,4071,0.0,0.0,1.0,4,1,1,1,3,0,1,0
393513,4919,0.0,4.0,1.0,13,8,3,2,12,0,1,0
394151,2318,0.0,0.0,0.0,3,2,1,1,2,0,1,0
394238,951,0.0,6.0,1.0,2,1,1,1,1,0,1,0
394649,4648,0.0,0.0,0.0,6,2,2,1,5,0,1,0
394655,1827,0.0,5.0,0.0,22,7,1,2,21,0,1,0
39484,1922,0.0,4.0,0.0,2,1,1,1,1,0,1,0
394868,1661,0.0,4.0,0.0,4,2,2,1,3,0,1,0
394926,4658,0.0,2.0,1.0,6,2,1,1,5,0,1,0
39589,897,0.0,0.0,0.0,2,1,1,1,1,0,1,0
39628,608,0.0,0.0,1.0,3,2,1,1,1,0,2,0
397038,3734,0.0,3.0,1.0,30,18,7,3,27,0,2,1
398130,2136,0.0,4.0,1.0,12,9,3,1,10,0,2,0
398229,145,0.0,0.0,1.0,7,5,1,1,6,0,1,0
398819,962,0.0,5.0,0.0,7,2,2,3,6,0,1,0
398995,2108,1.0,4.0,0.0,1,1,1,1,0,0,1,0
399350,786,0.0,4.0,0.0,6,1,1,1,4,0,1,1
39978,2780,0.0,5.0,0.0,5,2,1,1,4,0,1,0
399788,960,0.0,4.0,0.0,8,5,1,1,7,0,1,0
399971,2031,0.0,0.0,1.0,2,2,2,2,1,0,1,0
400189,3898,0.0,4.0,2.0,7,3,3,1,5,0,2,0
400360,2140,0.0,0.0,1.0,11,7,1,2,10,0,1,0
40152,1102,0.0,3.0,1.0,8,6,1,1,5,0,3,0
402037,3734,0.0,3.0,0.0,34,9,4,1,31,0,3,0
402180,1501,0.0,2.0,0.0,3,1,1,3,1,0,1,1
403039,3276,0.0,2.0,0.0,1,1,1,1,0,0,1,0
403220,3923,0.0,6.0,0.0,11,1,1,2,9,0,1,1
403876,2765,0.0,2.0,0.0,4,2,1,1,3,0,1,0
403889,1861,0.0,0.0,0.0,13,5,1,2,10,0,1,2
404439,3085,0.0,0.0,0.0,10,1,1,3,7,0,3,0
404538,3727,0.0,3.0,0.0,2,1,1,2,1,0,1,0
4046,3640,0.0,3.0,0.0,2,1,1,1,1,0,1,0
405426,3306,0.0,3.0,2.0,11,3,1,2,9,0,1,1
405454,3629,0.0,5.0,0.0,25,11,2,4,24,0,1,0
405803,574,0.0,2.0,0.0,6,2,1,2,5,0,1,0
406725,416,0.0,8.0,1.0,13,6,4,3,11,0,1,1
406814,829,0.0,4.0,0.0,6,1,1,1,4,0,1,1
407354,3683,0.0,5.0,0.0,4,1,1,1,3,0,1,0
407532,786,0.0,2.0,0.0,25,9,3,2,21,0,4,0
407601,2952,0.0,0.0,0.0,1,1,1,1,0,0,1,0
407888,2313,0.0,4.0,1.0,23,5,2,6,21,0,1,1
408165,4048,0.0,3.0,0.0,4,1,1,1,3,0,1,0
408432,606,0.0,3.0,0.0,6,2,2,2,5,0,1,0
409125,4150,0.0,3.0,0.0,1,1,1,1,0,0,1,0
409168,2900,0.0,4.0,0.0,12,2,2,1,11,0,1,0
409611,1892,0.0,3.0,2.0,60,33,8,4,59,0,1,0
40973,1784,0.0,3.0,0.0,5,1,1,1,4,0,1,0
409884,4596,0.0,0.0,0.0,17,6,3,3,16,0,1,0
410224,4427,0.0,3.0,1.0,7,1,1,1,6,0,1,0
41044,4480,0.0,4.0,0.0,24,14,2,2,23,0,1,0
410620,1379,0.0,4.0,0.0,23,12,4,2,20,0,3,0
410637,598,0.0,2.0,1.0,8,3,2,2,7,0,1,0
410999,343,0.0,0.0,0.0,27,11,7,1,24,1,2,0
411164,3191,0.0,4.0,0.0,4,1,1,1,3,0,1,0
411357,1102,0.0,5.0,0.0,20,11,5,3,18,0,1,1
411420,1393,0.0,0.0,0.0,10,5,5,4,9,0,1,0
41154,4073,0.0,3.0,0.0,5,2,2,1,4,0,1,0
411582,4078,0.0,3.0,0.0,14,2,1,2,11,0,2,1
411770,4044,0.0,6.0,0.0,12,5,3,2,11,0,1,0
411959,3103,0.0,3.0,1.0,3,2,1,1,2,0,1,0
412174,1075,0.0,2.0,0.0,20,11,2,3,17,0,1,2
412199,3161,0.0,0.0,1.0,8,5,2,1,7,0,1,0
41228,1221,1.0,4.0,0.0,7,4,2,3,5,0,1,1
412574,112,0.0,6.0,1.0,3,2,1,1,2,0,1,0
41259,3284,0.0,4.0,0.0,6,2,1,2,5,0,1,0
413294,3236,0.0,2.0,0.0,7,1,1,2,5,1,1,0
413522,323,0.0,4.0,1.0,2,1,1,1,1,0,1,0
413678,1379,0.0,4.0,1.0,3,2,1,1,2,0,1,0
413777,1923,0.0,3.0,0.0,5,1,1,1,4,0,1,0
413893,1487,0.0,2.0,1.0,3,2,1,2,2,0,1,0
414553,1923,0.0,0.0,0.0,10,1,1,2,8,0,2,0
41467,3433,0.0,3.0,0.0,3,1,1,2,1,0,1,1
414861,4305,0.0,4.0,0.0,2,1,1,1,1,0,1,0
415082,3424,0.0,4.0,1.0,2,1,1,1,1,0,1,0
416049,3476,0.0,4.0,0.0,11,3,2,3,7,0,2,2
416163,314,0.0,3.0,0.0,11,8,4,3,5,0,2,4
416791,492,0.0,0.0,0.0,1,1,1,1,0,0,1,0
417035,4687,0.0,3.0,0.0,11,3,1,3,7,0,3,1
417349,2793,0.0,3.0,0.0,3,1,1,1,2,0,1,0
417550,3098,0.0,3.0,0.0,4,3,1,1,3,0,1,0
418018,1346,0.0,4.0,0.0,84,17,1,3,81,0,1,2
418070,1602,0.0,2.0,0.0,3,2,2,2,2,0,1,0
418225,3828,0.0,4.0,1.0,27,3,2,2,26,0,1,0
418229,1892,0.0,3.0,0.0,7,5,4,2,5,0,2,0
418487,4198,0.0,0.0,0.0,4,1,1,1,3,0,1,0
41854,3609,0.0,4.0,2.0,19,8,1,1,15,0,4,0
418684,3723,0.0,0.0,1.0,5,1,1,1,3,0,2,0
418753,361,0.0,6.0,0.0,23,4,2,3,19,0,1,3
418862,4306,0.0,0.0,1.0,3,1,1,1,1,1,1,0
419082,4744,0.0,2.0,1.0,8,1,1,2,6,0,2,0
419516,1833,0.0,3.0,1.0,5,3,1,1,4,0,1,0
41953,3965,0.0,5.0,0.0,8,4,2,1,4,0,4,0
41955,4976,0.0,5.0,0.0,6,4,2,1,4,0,2,0
41960,4976,0.0,2.0,0.0,6,2,1,1,5,0,1,0
419769,2872,0.0,6.0,1.0,15,8,3,2,13,0,2,0
420076,2699,0.0,4.0,0.0,69,28,5,4,68,0,1,0
420186,3319,0.0,3.0,1.0,1,1,1,1,0,0,1,0
42031,2128,0.0,2.0,0.0,2,1,1,2,1,0,1,0
42035,2294,0.0,0.0,0.0,5,1,1,1,4,0,1,0
420425,1851,0.0,6.0,1.0,2,1,1,1,1,0,1,0
421000,191,0.0,4.0,1.0,2,1,1,1,1,0,1,0
421044,1221,0.0,0.0,0.0,5,1,1,2,4,0,1,0
421256,3990,0.0,0.0,1.0,3,1,1,1,2,0,1,0
421428,1472,1.0,0.0,1.0,5,3,1,1,3,0,2,0
422347,4394,0.0,5.0,0.0,21,11,3,1,20,0,1,0
422362,4847,1.0,0.0,0.0,9,6,2,3,8,0,1,0
422412,1749,0.0,4.0,0.0,5,3,1,2,4,0,1,0
422720,2138,0.0,4.0,0.0,9,8,5,1,2,0,7,0
423841,4545,0.0,0.0,0.0,2,2,1,1,0,0,2,0
42386,4090,0.0,3.0,1.0,2,1,1,1,1,0,1,0
42694,3472,0.0,0.0,1.0,5,2,1,2,2,0,1,2
42880,4277,0.0,4.0,0.0,2,1,1,1,0,0,1,1
43027,606,0.0,0.0,0.0,10,9,4,2,9,0,1,0
43042,2482,0.0,2.0,0.0,4,2,1,1,2,0,1,1
43084,4325,0.0,4.0,0.0,13,3,2,1,11,0,1,1
43229,2318,0.0,0.0,0.0,3,1,1,1,2,0,1,0
43613,72,0.0,4.0,0.0,8,3,2,2,7,0,1,0
44620,2928,0.0,4.0,0.0,5,2,1,2,4,0,1,0
45417,4558,0.0,0.0,1.0,5,1,1,2,4,0,1,0
46493,4747,0.0,3.0,0.0,10,4,1,1,9,0,1,0
4708,1673,0.0,0.0,0.0,4,2,1,1,3,0,1,0
47820,2618,0.0,7.0,0.0,2,1,1,1,0,0,2,0
47969,4322,0.0,4.0,0.0,1,1,1,1,0,0,1,0
48320,1840,0.0,0.0,1.0,2,1,1,1,1,0,1,0
48346,3792,0.0,2.0,0.0,8,3,1,2,6,1,1,0
48518,4618,0.0,5.0,0.0,4,1,1,2,3,0,1,0
488,2031,0.0,2.0,1.0,15,4,1,3,14,0,1,0
48953,1885,0.0,2.0,0.0,3,1,1,1,2,0,1,0
49043,3986,0.0,3.0,1.0,3,1,1,1,2,0,1,0
49398,963,0.0,4.0,1.0,5,2,1,1,4,0,1,0
49680,586,0.0,4.0,0.0,2,1,1,1,1,0,1,0
49803,1833,0.0,4.0,2.0,17,7,1,2,16,0,1,0
49803,1861,0.0,4.0,2.0,7,3,2,2,6,0,1,0
50517,598,0.0,0.0,1.0,2,2,1,2,1,0,1,0
51025,3578,0.0,4.0,0.0,7,3,2,1,6,0,1,0
51094,4056,0.0,0.0,0.0,2,1,1,1,1,0,1,0
51116,3363,0.0,4.0,0.0,1,1,1,1,0,0,1,0
51211,472,0.0,0.0,1.0,4,1,1,1,3,0,1,0
51387,621,0.0,2.0,1.0,10,3,1,2,9,0,1,0
52909,2629,0.0,4.0,1.0,2,1,1,2,1,0,1,0
53215,361,0.0,0.0,0.0,4,1,1,1,3,0,1,0
54068,4585,0.0,5.0,1.0,1,1,1,1,0,0,1,0
54089,2856,0.0,3.0,0.0,5,3,1,1,4,0,1,0
54266,897,0.0,4.0,1.0,7,2,2,3,6,0,1,0
54887,3098,0.0,3.0,0.0,12,3,1,1,11,0,1,0
55284,2492,0.0,0.0,0.0,2,1,1,1,1,0,1,0
55398,3103,0.0,3.0,1.0,3,1,1,1,2,0,1,0
55680,2994,0.0,3.0,0.0,10,4,1,2,8,0,1,1
56114,2994,0.0,2.0,0.0,6,1,1,2,5,0,1,0
56135,4797,0.0,6.0,0.0,3,1,1,1,2,0,1,0
56279,1342,0.0,0.0,0.0,1,1,1,1,0,0,1,0
56654,239,0.0,0.0,0.0,11,3,1,1,10,0,1,0
57209,1678,0.0,0.0,0.0,1,1,1,1,0,0,1,0
57673,3965,0.0,0.0,0.0,12,5,1,1,10,0,1,1
57690,4394,0.0,5.0,0.0,5,1,1,1,4,0,1,0
58327,4219,0.0,5.0,0.0,7,2,1,1,6,0,1,0
58881,2769,0.0,3.0,0.0,1,1,1,1,0,0,1,0
5952,408,1.0,4.0,0.0,3,1,1,1,2,0,1,0
59820,3766,0.0,4.0,0.0,39,14,5,2,36,0,2,1
61204,4280,0.0,2.0,0.0,9,2,1,2,7,0,1,1
61210,4735,0.0,4.0,1.0,5,2,1,1,4,0,1,0
63245,4829,0.0,3.0,0.0,7,4,1,4,6,0,1,0
6330,798,0.0,3.0,0.0,6,2,1,1,5,0,1,0
63473,1054,0.0,5.0,0.0,4,1,1,2,3,0,1,0
63917,4044,0.0,3.0,0.0,11,5,1,3,10,0,1,0
64075,3098,0.0,3.0,0.0,1,1,1,1,0,0,1,0
64377,1582,0.0,2.0,0.0,13,7,3,1,11,0,2,0
64598,1555,0.0,6.0,0.0,18,2,1,4,16,0,1,1
6535,1833,0.0,0.0,0.0,23,18,4,5,22,0,1,0
65475,1031,0.0,4.0,0.0,9,3,1,1,8,0,1,0
65508,1145,0.0,5.0,1.0,3,2,1,1,1,0,2,0
65714,2664,0.0,5.0,0.0,10,4,3,2,7,0,2,1
65839,1890,0.0,3.0,0.0,7,2,1,2,4,0,1,2
65944,3828,0.0,6.0,0.0,16,11,5,7,13,0,2,1
66100,738,0.0,2.0,0.0,21,9,3,4,18,0,3,0
66276,2138,0.0,3.0,0.0,6,3,3,2,5,0,1,0
66356,293,0.0,4.0,1.0,6,1,1,1,5,0,1,0
66475,1412,0.0,6.0,0.0,5,1,1,1,3,0,1,1
66481,3828,0.0,5.0,0.0,5,2,2,2,4,0,1,0
66557,1760,0.0,3.0,1.0,25,16,1,1,24,0,1,0
66636,2313,0.0,6.0,1.0,15,3,2,2,12,0,2,1
66902,3828,0.0,6.0,0.0,38,29,12,4,35,0,3,0
67206,4894,0.0,5.0,1.0,5,2,1,2,4,0,1,0
6744,4173,0.0,4.0,1.0,4,2,2,4,2,0,1,1
67627,3828,1.0,5.0,0.0,18,9,3,3,15,0,1,2
67745,141,0.0,3.0,1.0,2,1,1,1,1,0,1,0
67871,4043,0.0,3.0,0.0,47,19,10,2,44,0,2,1
68152,606,0.0,2.0,0.0,25,10,3,1,24,0,1,0
6858,66,0.0,3.0,2.0,4,2,1,1,3,0,1,0
68916,523,0.0,0.0,0.0,4,2,1,1,3,0,1,0
69199,3462,0.0,2.0,0.0,11,3,1,1,9,0,1,1
69434,1861,1.0,3.0,0.0,2,1,1,1,1,0,1,0
69453,1126,0.0,3.0,0.0,31,13,7,3,27,0,4,0
69734,416,0.0,6.0,0.0,1,1,1,1,0,0,1,0
69946,1841,0.0,3.0,0.0,41,19,7,3,35,0,3,3
7007,2020,0.0,5.0,1.0,2,1,1,1,0,0,2,0
70080,3578,0.0,3.0,0.0,4,3,1,1,3,0,1,0
70446,2326,0.0,5.0,0.0,8,1,1,1,2,0,6,0
70687,1526,0.0,2.0,0.0,13,4,4,1,11,0,2,0
70798,1018,0.0,5.0,0.0,3,1,1,1,2,0,1,0
71004,4173,0.0,6.0,0.0,5,2,2,1,4,0,1,0
71040,598,0.0,3.0,0.0,37,7,3,3,36,0,1,0
71862,2051,0.0,0.0,0.0,21,6,1,3,20,0,1,0
72050,1056,0.0,3.0,0.0,1,1,1,1,0,0,1,0
72487,1763,0.0,0.0,0.0,7,1,1,1,5,0,1,1
72691,4919,0.0,4.0,0.0,9,4,3,3,7,0,2,0
72847,2772,0.0,6.0,1.0,3,1,1,1,2,0,1,0
73430,1725,0.0,3.0,0.0,8,3,2,2,5,0,1,2
74836,1310,0.0,2.0,0.0,4,3,3,3,3,0,1,0
74861,4926,0.0,0.0,0.0,11,8,7,2,10,0,1,0
75059,1223,0.0,0.0,1.0,1,1,1,1,0,0,1,0
75152,798,0.0,2.0,0.0,45,25,13,3,40,0,5,0
75543,4966,0.0,0.0,1.0,6,1,1,1,5,0,1,0
75571,1667,0.0,0.0,1.0,13,4,1,2,12,0,1,0
76955,2954,0.0,4.0,0.0,8,2,1,2,5,0,1,2
77040,121,0.0,5.0,0.0,2,1,1,1,1,0,1,0
77240,3828,0.0,3.0,0.0,7,2,2,3,5,0,1,1
7733,3288,0.0,0.0,0.0,2,1,1,1,1,0,1,0
77342,66,0.0,2.0,1.0,1,1,1,1,0,0,1,0
78079,2780,0.0,3.0,1.0,2,1,1,1,1,0,1,0
78555,4050,0.0,5.0,0.0,9,3,2,2,7,0,2,0
78739,1412,0.0,6.0,0.0,4,1,1,2,3,0,1,0
78949,4186,0.0,3.0,0.0,3,1,1,2,2,0,1,0
78980,1097,1.0,2.0,null,1,1,1,1,0,0,1,0
80078,4170,1.0,4.0,2.0,21,3,1,6,19,0,1,1
8008,1963,0.0,4.0,1.0,20,3,1,5,18,0,2,0
80306,4847,0.0,3.0,0.0,32,14,8,6,28,0,2,2
81036,4234,0.0,0.0,0.0,11,5,3,2,8,0,2,1
8184,293,0.0,4.0,1.0,50,5,1,2,49,0,1,0
8185,4044,0.0,3.0,0.0,18,7,3,2,16,0,2,0
82556,4919,0.0,0.0,0.0,3,1,1,2,2,0,1,0
83302,4594,0.0,2.0,0.0,3,1,1,2,2,0,1,0
83954,2981,0.0,3.0,2.0,3,1,1,1,2,0,1,0
8482,3006,0.0,4.0,0.0,4,1,1,1,3,0,1,0
85098,2318,0.0,5.0,1.0,3,1,1,1,2,0,1,0
85246,3952,0.0,2.0,0.0,5,2,2,2,4,0,1,0
85420,1487,0.0,0.0,0.0,5,1,1,1,4,0,1,0
85516,1978,0.0,3.0,0.0,5,2,2,1,4,0,1,0
86003,4847,0.0,4.0,0.0,10,4,3,2,9,0,1,0
86185,2482,0.0,3.0,0.0,7,3,3,3,4,0,2,1
86229,1056,0.0,3.0,0.0,4,1,1,1,3,0,1,0
86411,4382,0.0,4.0,1.0,10,1,1,4,8,0,1,1
86872,2915,0.0,4.0,1.0,10,7,4,1,9,0,1,0
86879,2031,0.0,3.0,1.0,11,4,1,4,10,0,1,0
86985,133,0.0,0.0,0.0,2,1,1,1,1,0,1,0
87193,4813,0.0,0.0,1.0,2,1,1,1,1,0,1,0
87548,1495,0.0,0.0,0.0,9,5,2,1,8,0,1,0
87596,790,0.0,2.0,2.0,9,6,4,2,8,0,1,0
87719,4431,0.0,4.0,0.0,4,1,1,2,3,0,1,0
89053,3828,0.0,3.0,1.0,9,2,2,2,8,0,1,0
89160,4607,0.0,0.0,0.0,7,5,3,2,6,0,1,0
89291,4265,0.0,3.0,0.0,99,56,14,3,97,0,2,0
89452,4079,0.0,5.0,0.0,2,1,1,1,1,0,1,0
89561,1491,0.0,0.0,0.0,2,1,1,1,1,0,1,0
89712,1226,0.0,3.0,0.0,3,1,1,1,2,0,1,0
90342,3629,0.0,6.0,0.0,3,1,1,1,2,0,1,0
90385,1602,1.0,5.0,0.0,3,1,1,1,2,0,1,0
90561,1978,0.0,0.0,1.0,10,1,1,1,9,0,1,0
90892,3073,0.0,3.0,0.0,8,3,1,1,7,0,1,0
90910,2158,0.0,0.0,1.0,6,4,4,1,4,0,2,0
91250,467,0.0,3.0,1.0,4,2,1,2,3,0,1,0
91405,2821,0.0,0.0,0.0,15,4,4,2,13,0,1,1
92159,3578,0.0,0.0,0.0,25,4,1,3,19,2,1,3
92228,1103,0.0,3.0,1.0,14,2,1,5,12,0,1,1
92325,2928,0.0,5.0,0.0,13,2,1,1,12,0,1,0
92344,2031,0.0,3.0,1.0,7,2,1,2,6,0,1,0
92492,4079,0.0,6.0,0.0,59,14,5,2,52,0,7,0
92572,4891,0.0,5.0,1.0,2,1,1,2,1,0,1,0
92621,2,0.0,2.0,0.0,4,1,1,2,3,0,1,0
92631,2879,1.0,6.0,0.0,6,2,2,2,3,0,2,1
93097,410,0.0,0.0,0.0,3,1,1,2,2,0,1,0
93200,1760,0.0,0.0,1.0,2,1,1,1,1,0,1,0
94036,2791,0.0,2.0,1.0,11,4,1,2,9,0,2,0
94235,3968,0.0,3.0,0.0,3,1,1,1,2,0,1,0
94429,4388,0.0,0.0,0.0,11,4,2,4,7,0,3,1
94684,897,0.0,4.0,0.0,17,2,2,3,15,0,2,0
95286,1892,0.0,4.0,1.0,2,2,1,1,0,0,2,0
96171,682,0.0,3.0,0.0,11,5,1,2,10,0,1,0
96481,3004,0.0,3.0,0.0,8,2,1,3,7,0,1,0
965,1111,0.0,6.0,1.0,9,1,1,1,8,0,1,0
96748,3623,0.0,7.0,0.0,5,3,1,1,4,0,1,0
96911,2639,0.0,0.0,0.0,193,66,15,16,189,0,3,1
96951,3912,0.0,5.0,1.0,3,2,1,2,2,0,1,0
97023,598,0.0,0.0,0.0,3,1,1,1,2,0,1,0
9727,2051,1.0,2.0,0.0,1,1,1,1,0,0,1,0
97456,4933,0.0,3.0,0.0,2,1,1,1,1,0,1,0
97777,2712,0.0,0.0,0.0,3,1,1,1,2,0,1,0
98160,2954,0.0,3.0,0.0,2,2,1,1,0,0,2,0
98204,133,0.0,7.0,0.0,12,3,1,1,10,0,2,0
98290,3794,0.0,0.0,0.0,7,2,1,1,6,0,1,0
98367,3826,1.0,0.0,1.0,1,1,1,1,0,0,1,0
98603,2158,0.0,3.0,0.0,3,1,1,1,2,0,1,0
99134,3835,0.0,0.0,1.0,2,1,1,1,1,0,1,0
99269,4044,0.0,3.0,0.0,21,5,1,4,20,0,1,0
99583,4444,0.0,4.0,0.0,15,9,4,3,12,0,3,0
99674,357,0.0,2.0,0.0,4,1,1,1,3,0,1,0
