100330,4217,0.0,4.0,2.0,1,1,1,1,0,0,1,0
100399,2721,0.0,3.0,0.0,11,6,2,4,9,0,1,1
100572,4677,0.0,3.0,2.0,3,1,1,1,2,0,1,0
100710,2124,0.0,6.0,2.0,133,43,3,9,120,0,1,12
100834,2447,0.0,0.0,1.0,2,1,1,1,1,0,1,0
101087,3993,0.0,3.0,1.0,4,1,1,1,3,0,1,0
10109,1131,0.0,3.0,0.0,1,1,1,1,0,0,1,0
101106,2915,0.0,0.0,0.0,3,1,1,1,2,0,1,0
101466,3839,0.0,3.0,0.0,69,38,2,14,58,0,1,10
10154,1810,0.0,0.0,0.0,24,7,1,4,20,0,1,3
102444,786,0.0,2.0,1.0,2,2,1,2,0,0,1,1
10246,4919,0.0,3.0,0.0,6,3,3,1,4,0,2,0
102504,310,0.0,2.0,1.0,28,8,4,5,25,2,1,0
102700,1437,0.0,3.0,0.0,1,1,1,1,0,0,1,0
102832,3350,0.0,3.0,0.0,26,7,1,3,21,0,1,4
103418,2318,0.0,4.0,1.0,6,4,2,1,5,0,1,0
104070,596,0.0,2.0,1.0,4,1,1,2,3,0,1,0
104378,4340,0.0,6.0,0.0,6,2,2,2,3,0,3,0
104773,4474,0.0,2.0,1.0,5,2,1,1,4,0,1,0
104791,4760,0.0,3.0,0.0,2,1,1,1,0,0,2,0
10481,4173,0.0,4.0,0.0,31,17,7,8,27,0,1,3
105650,3323,0.0,3.0,1.0,3,2,1,1,2,0,1,0
105941,1102,0.0,4.0,0.0,16,14,9,5,13,0,1,2
106297,2031,0.0,0.0,1.0,10,4,3,2,9,0,1,0
106299,798,0.0,0.0,0.0,20,8,4,4,15,0,1,4
106366,682,0.0,3.0,0.0,2,1,1,1,1,0,1,0
106677,786,0.0,0.0,0.0,15,9,2,1,14,0,1,0
106942,2910,0.0,3.0,0.0,2,1,1,2,0,0,1,1
107453,3734,0.0,6.0,0.0,8,3,2,2,6,0,2,0
108305,946,0.0,6.0,1.0,3,1,1,1,2,0,1,0
109167,423,0.0,4.0,0.0,2,1,1,2,0,0,1,1
109210,3933,0.0,2.0,0.0,6,1,1,1,4,0,2,0
109527,687,0.0,6.0,0.0,6,3,1,1,5,0,1,0
109663,4911,0.0,3.0,1.0,3,2,2,1,2,0,1,0
10978,1749,0.0,4.0,0.0,3,1,1,2,2,0,1,0
110123,3941,0.0,0.0,2.0,5,1,1,1,4,0,1,0
110410,4585,0.0,4.0,1.0,2,1,1,1,1,0,1,0
110794,3623,0.0,3.0,0.0,6,3,3,2,4,0,2,0
11098,639,0.0,3.0,1.0,8,1,1,1,7,0,1,0
111705,2721,0.0,3.0,0.0,11,4,1,1,10,0,1,0
111756,3826,0.0,4.0,1.0,1,1,1,1,0,0,1,0
111780,467,0.0,0.0,0.0,4,2,2,2,2,0,1,1
111902,1393,0.0,3.0,1.0,50,16,8,4,49,0,1,0
111920,3536,0.0,6.0,1.0,1,1,1,1,0,0,1,0
112025,2318,0.0,3.0,0.0,9,2,2,3,8,0,1,0
112237,1500,0.0,3.0,2.0,5,2,1,1,4,0,1,0
112403,2583,0.0,null,null,2,1,1,1,1,0,1,0
11279,2238,0.0,0.0,0.0,5,2,2,1,3,0,2,0
113103,4170,0.0,6.0,1.0,3,2,1,1,1,0,2,0
113418,2318,0.0,3.0,1.0,2,1,1,1,1,0,1,0
113587,606,0.0,3.0,0.0,13,9,4,2,12,0,1,0
113591,1890,0.0,0.0,0.0,6,2,2,1,5,0,1,0
114743,4427,0.0,0.0,0.0,2,1,1,1,1,0,1,0
115218,1704,0.0,2.0,0.0,2,1,1,2,1,0,1,0
115549,2218,0.0,0.0,0.0,9,1,1,2,6,0,2,1
11590,3152,0.0,4.0,0.0,6,4,1,1,5,0,1,0
116086,2454,0.0,4.0,0.0,5,1,1,1,3,0,1,1
116377,1203,0.0,5.0,0.0,6,2,2,1,4,0,1,1
116382,1318,0.0,5.0,0.0,5,1,1,1,4,0,1,0
117373,4976,0.0,0.0,1.0,29,5,1,1,28,0,1,0
118256,2318,0.0,3.0,1.0,9,1,1,2,7,0,1,1
119740,3828,0.0,6.0,0.0,8,3,3,3,7,0,1,0
119954,4230,0.0,0.0,0.0,3,1,1,2,1,0,1,1
120139,1760,1.0,4.0,1.0,15,9,2,3,11,0,2,2
12019,1890,0.0,4.0,0.0,2,2,2,2,1,0,1,0
120302,3734,0.0,2.0,1.0,8,3,2,3,6,0,1,1
120443,949,0.0,2.0,0.0,28,7,1,3,27,0,1,0
121269,4044,0.0,0.0,null,23,16,4,1,22,0,1,0
121972,3072,0.0,0.0,1.0,17,5,1,5,15,1,1,0
122080,798,0.0,3.0,1.0,5,2,2,1,4,0,1,0
122187,1131,0.0,4.0,0.0,20,8,4,2,19,0,1,0
122433,1472,0.0,7.0,1.0,8,1,1,1,6,0,2,0
122514,1492,0.0,2.0,0.0,3,1,1,2,2,0,1,0
122733,4985,0.0,0.0,0.0,5,3,1,1,4,0,1,0
1229,4794,0.0,4.0,2.0,4,1,1,1,3,0,1,0
123085,1370,1.0,6.0,0.0,2,1,1,1,1,0,1,0
123402,4641,0.0,3.0,0.0,11,3,3,2,8,0,2,1
123413,2397,0.0,5.0,0.0,6,3,3,2,5,0,1,0
123762,1102,0.0,0.0,0.0,25,5,1,1,23,0,2,0
123932,4267,0.0,0.0,0.0,40,16,5,3,32,0,1,7
124041,3105,0.0,2.0,0.0,21,9,3,5,18,0,1,2
124121,4871,0.0,4.0,1.0,8,1,1,2,6,0,1,1
124663,310,0.0,0.0,1.0,7,2,2,2,6,0,1,0
124989,2939,0.0,5.0,1.0,10,3,1,3,9,0,1,0
125256,4600,0.0,5.0,0.0,6,1,1,2,4,0,1,1
125384,1742,0.0,5.0,0.0,20,8,1,3,18,0,1,1
125572,2737,0.0,3.0,1.0,3,1,1,1,2,0,1,0
127208,1661,0.0,3.0,0.0,1,1,1,1,0,0,1,0
127253,1713,1.0,4.0,0.0,64,38,12,7,56,0,4,4
127443,4115,0.0,6.0,0.0,9,6,2,1,8,0,1,0
127511,161,0.0,3.0,0.0,23,6,2,1,21,0,2,0
128251,191,0.0,4.0,0.0,2,2,2,1,1,0,1,0
128869,4385,0.0,0.0,0.0,8,1,1,1,7,0,1,0
12889,4173,0.0,4.0,0.0,1,1,1,1,0,0,1,0
129586,4847,0.0,2.0,0.0,7,2,2,1,6,0,1,0
129778,2821,0.0,4.0,0.0,7,3,1,2,6,0,1,0
130226,1742,0.0,3.0,0.0,58,39,1,3,57,0,1,0
130400,653,0.0,2.0,1.0,6,1,1,2,4,0,1,1
130980,606,0.0,0.0,1.0,12,7,3,2,8,2,1,1
131123,608,1.0,0.0,0.0,26,4,1,3,22,0,1,3
132218,588,0.0,3.0,1.0,19,5,1,3,16,0,1,2
132424,1833,0.0,4.0,1.0,44,17,5,4,42,0,1,1
132636,3828,0.0,6.0,0.0,3,2,1,2,0,0,1,2
132888,1900,0.0,0.0,1.0,21,5,2,2,20,0,1,0
133297,1833,0.0,3.0,0.0,57,31,3,3,54,0,3,0
133933,4864,0.0,5.0,1.0,3,2,1,1,2,0,1,0
134248,3350,0.0,0.0,0.0,5,2,1,1,4,0,1,0
134724,2138,0.0,5.0,0.0,31,13,6,3,26,0,2,3
135027,4506,0.0,5.0,1.0,1,1,1,1,0,0,1,0
135243,586,0.0,5.0,0.0,130,76,14,15,116,0,7,7
135442,2091,0.0,3.0,0.0,5,1,1,1,3,0,2,0
135530,2608,0.0,3.0,1.0,4,1,1,1,3,0,1,0
136211,3875,0.0,3.0,0.0,2,1,1,1,1,0,1,0
136850,4044,0.0,4.0,1.0,3,3,1,1,0,0,3,0
136943,4475,0.0,6.0,0.0,5,1,1,1,4,0,1,0
137068,412,0.0,4.0,0.0,1,1,1,1,0,0,1,0
13759,4726,0.0,4.0,2.0,1,1,1,1,0,0,1,0
137893,598,0.0,4.0,2.0,4,1,1,1,3,0,1,0
138090,4708,0.0,4.0,1.0,5,3,2,1,3,0,2,0
138148,1122,0.0,8.0,0.0,4,1,1,1,2,0,1,1
138338,552,1.0,0.0,0.0,36,14,6,2,35,0,1,0
13859,3734,0.0,5.0,1.0,3,1,1,1,1,0,2,0
138704,4976,0.0,2.0,0.0,51,24,5,5,44,0,1,6
139220,1892,1.0,0.0,2.0,100,67,15,7,97,0,2,1
139236,3205,0.0,0.0,0.0,6,1,1,1,5,0,1,0
139592,598,0.0,4.0,0.0,78,10,2,12,65,0,1,12
139725,4107,0.0,4.0,0.0,16,6,5,1,15,0,1,0
140170,4043,0.0,2.0,0.0,9,5,3,1,7,0,2,0
140566,962,0.0,0.0,0.0,26,14,7,2,19,0,7,0
140573,773,0.0,3.0,0.0,20,16,12,4,19,0,1,0
140607,3828,0.0,6.0,0.0,7,3,1,2,6,0,1,0
141041,2482,0.0,3.0,0.0,1,1,1,1,0,0,1,0
141235,1272,0.0,0.0,0.0,6,2,2,3,5,0,1,0
141422,3822,0.0,6.0,0.0,2,1,1,1,1,0,1,0
141696,2138,0.0,3.0,0.0,9,5,2,1,8,0,1,0
141731,2981,0.0,0.0,1.0,6,2,2,2,4,0,1,1
14210,4894,0.0,0.0,1.0,7,1,1,1,6,0,1,0
142232,2466,1.0,0.0,0.0,22,12,3,1,17,0,5,0
142694,4083,0.0,4.0,1.0,4,1,1,1,2,0,1,1
143182,868,0.0,3.0,0.0,3,1,1,1,2,0,1,0
1433,4417,0.0,3.0,1.0,3,2,2,1,2,0,1,0
14404,2397,0.0,4.0,1.0,25,14,3,4,22,0,1,2
144166,2537,0.0,3.0,0.0,2,1,1,1,1,0,1,0
144176,2026,0.0,0.0,1.0,3,1,1,3,2,0,1,0
144503,4050,0.0,2.0,1.0,14,2,1,3,13,0,1,0
144796,4173,0.0,3.0,0.0,4,3,1,1,3,0,1,0
145550,215,0.0,3.0,0.0,4,2,1,1,3,0,1,0
145566,4444,1.0,4.0,0.0,39,17,3,3,26,0,5,8
145926,1016,0.0,0.0,0.0,9,3,2,2,8,0,1,0
146433,121,0.0,5.0,0.0,6,3,3,1,4,0,2,0
146674,1724,0.0,6.0,1.0,2,1,1,1,1,0,1,0
146698,3022,0.0,2.0,1.0,8,3,2,1,5,0,3,0
146887,4444,0.0,4.0,1.0,43,21,2,3,40,0,3,0
147586,1724,0.0,0.0,1.0,1,1,1,1,0,0,1,0
147819,2124,0.0,4.0,0.0,12,2,1,2,11,0,1,0
147830,370,0.0,3.0,0.0,9,1,1,2,8,0,1,0
148874,4650,0.0,3.0,0.0,3,1,1,1,2,0,1,0
148982,1056,0.0,4.0,0.0,1,1,1,1,0,0,1,0
149039,2579,0.0,3.0,0.0,19,6,2,2,18,0,1,0
149720,1833,0.0,6.0,0.0,38,18,1,2,35,0,1,2
149774,4771,0.0,0.0,1.0,3,1,1,1,2,0,1,0
150094,2161,0.0,2.0,0.0,5,1,1,2,4,0,1,0
150378,4926,1.0,0.0,0.0,25,9,8,7,23,0,2,0
15044,4382,0.0,5.0,1.0,2,1,1,1,1,0,1,0
150725,3173,0.0,6.0,0.0,6,2,1,1,5,0,1,0
1510,3484,0.0,4.0,1.0,4,2,1,1,3,0,1,0
151188,4173,0.0,3.0,0.0,4,1,1,1,3,0,1,0
15152,2791,0.0,3.0,1.0,11,4,3,1,10,0,1,0
151771,2537,0.0,2.0,0.0,13,4,3,7,6,0,2,5
151982,4225,0.0,3.0,0.0,7,3,1,2,5,0,1,1
152071,121,0.0,5.0,0.0,29,22,9,1,24,0,5,0
152344,3571,0.0,6.0,0.0,3,1,1,1,1,0,2,0
152481,115,0.0,3.0,0.0,7,1,1,1,6,0,1,0
152691,3609,0.0,3.0,2.0,26,14,2,1,24,0,2,0
153565,963,0.0,4.0,1.0,1,1,1,1,0,0,1,0
153631,4090,0.0,3.0,0.0,8,1,1,2,6,0,1,1
15385,574,0.0,3.0,1.0,1,1,1,1,0,0,1,0
154010,3640,0.0,4.0,0.0,1,1,1,1,0,0,1,0
154247,4280,0.0,4.0,0.0,11,4,1,3,10,0,1,0
154605,145,0.0,null,null,5,3,1,1,3,1,1,0
154985,415,0.0,3.0,0.0,2,1,1,1,1,0,1,0
155215,3734,0.0,0.0,1.0,6,1,1,2,5,0,1,0
155466,3410,0.0,4.0,0.0,12,2,1,1,11,0,1,0
155555,3878,0.0,3.0,0.0,50,30,1,3,45,0,1,4
155590,1500,0.0,5.0,0.0,1,1,1,1,0,0,1,0
155735,121,0.0,5.0,0.0,9,4,3,2,7,0,2,0
155999,946,0.0,4.0,1.0,1,1,1,1,0,0,1,0
156086,3191,0.0,2.0,0.0,6,3,1,1,5,0,1,0
15648,1489,0.0,3.0,0.0,12,4,1,2,11,0,1,0
156528,4234,0.0,6.0,0.0,11,2,2,2,9,0,2,0
157194,1102,0.0,4.0,0.0,1,1,1,1,0,0,1,0
157903,3635,0.0,0.0,1.0,22,4,1,8,21,0,1,0
158039,3828,0.0,4.0,0.0,26,12,4,2,24,0,2,0
158555,92,0.0,3.0,0.0,2,1,1,1,1,0,1,0
158701,3910,0.0,0.0,0.0,4,1,1,3,3,0,1,0
159112,1659,0.0,5.0,0.0,5,3,1,2,4,0,1,0
159449,4385,0.0,3.0,0.0,4,1,1,1,3,0,1,0
159500,4044,0.0,null,null,3,1,1,1,2,0,1,0
159560,2911,0.0,6.0,0.0,2,1,1,1,0,0,1,1
16020,3538,0.0,null,null,3,1,1,1,2,0,1,0
160365,2393,0.0,0.0,1.0,6,2,1,1,5,0,1,0
160739,1126,0.0,2.0,0.0,7,2,1,1,5,0,2,0
160977,1708,0.0,5.0,0.0,4,1,1,3,3,0,1,0
161082,3968,0.0,2.0,0.0,27,11,7,1,21,0,5,1
161503,2594,1.0,0.0,0.0,27,12,4,3,24,0,3,0
161560,1200,0.0,4.0,0.0,27,16,4,2,24,0,3,0
162264,13,0.0,2.0,0.0,4,1,1,1,3,0,1,0
162294,1477,0.0,3.0,0.0,4,2,2,1,3,0,1,0
162534,1166,0.0,3.0,0.0,4,1,1,3,3,0,1,0
162880,323,0.0,5.0,0.0,6,3,1,1,5,0,1,0
163144,1487,0.0,4.0,0.0,17,7,1,3,10,0,2,5
163377,2664,0.0,0.0,0.0,120,41,6,13,106,0,6,8
163522,1840,0.0,0.0,0.0,11,6,1,1,9,0,1,1
163765,3263,0.0,0.0,1.0,11,4,2,2,9,0,2,0
163874,2856,0.0,0.0,1.0,3,1,1,1,2,0,1,0
163984,4871,1.0,3.0,0.0,2,2,2,1,0,0,2,0
164201,3153,0.0,2.0,0.0,8,1,1,1,6,0,2,0
164393,1708,0.0,4.0,0.0,8,3,1,1,6,0,1,1
164643,2537,0.0,5.0,0.0,6,3,2,2,4,0,1,1
164732,1501,0.0,0.0,0.0,11,1,1,2,9,0,1,1
1652,643,0.0,2.0,0.0,44,24,7,10,42,0,1,1
165595,3173,0.0,3.0,0.0,4,2,2,1,3,0,1,0
16584,3022,0.0,2.0,0.0,2,2,1,1,0,0,2,0
165950,3912,0.0,3.0,0.0,3,1,1,2,2,0,1,0
166596,897,0.0,0.0,1.0,2,1,1,2,0,0,1,1
16665,946,0.0,4.0,0.0,20,15,3,3,19,0,1,0
166841,608,0.0,0.0,1.0,2,1,1,2,1,0,1,0
166925,4129,0.0,2.0,0.0,16,14,3,2,15,0,1,0
166929,2767,0.0,0.0,0.0,1,1,1,1,0,0,1,0
167016,3473,0.0,6.0,0.0,6,2,2,3,5,0,1,0
167215,742,0.0,0.0,1.0,6,1,1,1,5,0,1,0
167978,23,0.0,5.0,0.0,4,1,1,1,3,0,1,0
167981,3682,0.0,7.0,0.0,21,2,1,3,18,0,1,2
168020,3828,0.0,6.0,0.0,27,12,8,7,26,0,1,0
168352,2448,0.0,0.0,1.0,21,4,1,9,18,2,1,0
168360,1621,0.0,0.0,0.0,11,2,1,3,8,0,2,1
168583,3990,0.0,3.0,0.0,3,1,1,1,2,0,1,0
169285,1472,0.0,3.0,1.0,1,1,1,1,0,0,1,0
169864,4044,0.0,0.0,0.0,157,100,12,17,151,0,1,5
169868,4933,0.0,6.0,0.0,2,1,1,1,1,0,1,0
170471,2598,0.0,4.0,1.0,13,6,4,3,11,0,1,1
170630,2242,0.0,3.0,1.0,3,1,1,1,2,0,1,0
171054,121,0.0,0.0,0.0,2,2,2,2,1,0,1,0
17110,1679,0.0,3.0,0.0,10,2,2,1,8,0,2,0
171629,3016,0.0,3.0,0.0,9,6,3,1,8,0,1,0
172284,3578,0.0,4.0,1.0,24,11,2,3,20,0,1,3
172530,1963,0.0,6.0,0.0,13,3,3,2,12,0,1,0
172778,4221,0.0,2.0,0.0,44,15,3,6,41,0,3,0
17281,4322,0.0,3.0,1.0,1,1,1,1,0,0,1,0
173481,3350,0.0,4.0,0.0,40,13,2,3,35,0,3,2
173548,310,0.0,3.0,0.0,3,1,1,1,2,0,1,0
173578,4368,1.0,5.0,1.0,10,4,2,1,8,0,2,0
173579,4793,0.0,0.0,1.0,3,1,1,1,2,0,1,0
174480,168,0.0,4.0,0.0,3,1,1,1,2,0,1,0
174650,2403,0.0,3.0,0.0,12,9,3,1,11,0,1,0
175073,4173,0.0,2.0,0.0,2,1,1,1,0,0,1,1
175106,2864,0.0,5.0,1.0,17,8,1,2,16,0,1,0
175985,3531,0.0,0.0,0.0,3,1,1,1,2,0,1,0
176257,1639,0.0,0.0,0.0,9,5,2,1,8,0,1,0
176286,4282,0.0,2.0,1.0,8,3,2,1,7,0,1,0
176309,1340,0.0,0.0,0.0,18,5,1,4,14,0,1,3
176349,4808,0.0,0.0,1.0,6,1,1,2,5,0,1,0
176547,1272,0.0,0.0,0.0,14,5,2,3,11,1,2,0
176606,1892,0.0,5.0,0.0,18,14,3,2,15,0,3,0
177179,3018,0.0,4.0,0.0,22,10,7,2,19,0,2,1
177397,687,0.0,3.0,0.0,3,1,1,1,2,0,1,0
177844,673,0.0,3.0,1.0,2,1,1,1,1,0,1,0
178432,4605,0.0,2.0,0.0,55,14,7,5,48,0,3,4
178967,4267,0.0,3.0,1.0,7,6,5,1,3,0,4,0
179477,3329,0.0,3.0,0.0,2,1,1,1,1,0,1,0
179585,3463,0.0,0.0,0.0,11,4,1,3,8,0,1,2
179827,4086,0.0,5.0,0.0,8,3,2,1,5,0,3,0
179920,806,0.0,5.0,0.0,6,4,3,1,5,0,1,0
180191,3898,0.0,3.0,0.0,6,3,1,2,4,0,1,1
18028,4463,0.0,5.0,1.0,6,3,1,1,5,0,1,0
180636,3536,0.0,5.0,0.0,2,1,1,1,1,0,1,0
180739,4129,0.0,7.0,0.0,12,6,2,3,8,0,4,0
180908,4558,0.0,2.0,0.0,4,3,1,2,3,0,1,0
181081,3971,0.0,4.0,1.0,4,3,3,2,3,0,1,0
181393,273,0.0,4.0,1.0,1,1,1,1,0,0,1,0
181505,4079,0.0,0.0,0.0,7,1,1,1,4,0,2,1
181626,4079,0.0,0.0,1.0,2,1,1,1,1,0,1,0
181719,1134,0.0,0.0,0.0,7,3,3,1,5,0,2,0
181784,1379,0.0,4.0,0.0,10,7,4,1,0,0,10,0
182262,1557,0.0,5.0,1.0,5,2,2,2,4,0,1,0
183633,3905,0.0,3.0,0.0,3,1,1,1,2,0,1,0
184251,3536,0.0,2.0,0.0,6,1,1,3,5,0,1,0
184805,297,0.0,0.0,1.0,6,1,1,1,5,0,1,0
184991,1565,0.0,0.0,0.0,9,5,2,2,7,0,1,1
185373,1472,0.0,5.0,0.0,12,4,1,1,11,0,1,0
185727,2856,0.0,0.0,1.0,1,1,1,1,0,0,1,0
186038,1272,0.0,5.0,1.0,2,1,1,1,1,0,1,0
186462,66,0.0,5.0,1.0,4,2,1,1,3,0,1,0
187104,4768,0.0,2.0,0.0,12,8,2,3,11,0,1,0
187121,2954,0.0,4.0,1.0,3,1,1,1,2,0,1,0
187280,13,0.0,3.0,1.0,4,1,1,1,3,0,1,0
18743,877,0.0,3.0,0.0,10,2,1,1,5,0,5,0
187730,4607,0.0,0.0,0.0,3,2,2,3,2,0,1,0
188025,2128,0.0,0.0,0.0,2,1,1,1,1,0,1,0
188274,4385,0.0,0.0,1.0,11,4,2,1,9,1,1,0
1887,2196,0.0,2.0,0.0,2,1,1,1,1,0,1,0
189193,2436,0.0,4.0,1.0,3,2,2,1,2,0,1,0
189226,3351,0.0,3.0,0.0,6,2,1,2,5,0,1,0
190059,1602,0.0,2.0,0.0,6,2,1,2,5,0,1,0
190145,4468,0.0,2.0,1.0,12,1,1,4,11,0,1,0
190609,3152,0.0,6.0,0.0,31,9,1,3,28,0,1,2
190845,3614,0.0,3.0,1.0,1,1,1,1,0,0,1,0
191111,2537,0.0,4.0,0.0,11,4,3,2,7,0,2,2
191185,3979,0.0,4.0,0.0,9,2,1,2,7,0,2,0
191365,2644,0.0,3.0,0.0,6,2,2,2,3,0,1,2
191687,2007,0.0,4.0,1.0,14,2,2,2,11,0,1,2
192074,1031,0.0,4.0,0.0,9,3,1,3,8,0,1,0
192285,4607,0.0,3.0,0.0,18,1,1,3,16,0,1,1
192523,2221,0.0,3.0,1.0,4,2,1,1,3,0,1,0
193254,963,0.0,3.0,1.0,1,1,1,1,0,0,1,0
193438,1861,0.0,0.0,0.0,8,3,1,3,5,0,2,1
193590,2891,0.0,0.0,1.0,4,2,1,1,3,0,1,0
193825,2020,0.0,5.0,1.0,7,1,1,2,5,0,2,0
194455,1557,0.0,4.0,0.0,2,2,2,1,0,0,2,0
195244,962,0.0,4.0,0.0,5,3,2,2,3,0,2,0
195541,500,0.0,3.0,0.0,1,1,1,1,0,0,1,0
195562,861,0.0,2.0,1.0,12,8,3,2,11,0,1,0
195658,598,0.0,4.0,1.0,17,13,2,3,16,0,1,0
195755,1346,0.0,0.0,0.0,16,7,1,3,14,0,1,1
195763,133,0.0,4.0,0.0,1,1,1,1,0,0,1,0
196001,426,0.0,4.0,1.0,4,1,1,2,2,0,1,1
196250,4116,0.0,0.0,0.0,9,1,1,1,8,0,1,0
196584,404,0.0,3.0,0.0,5,2,1,2,4,0,1,0
196686,4826,0.0,3.0,1.0,3,1,1,2,2,0,1,0
196703,742,0.0,3.0,0.0,6,4,2,1,5,0,1,0
19686,4427,0.0,3.0,0.0,1,1,1,1,0,0,1,0
19695,2344,0.0,3.0,1.0,2,1,1,1,1,0,1,0
197080,812,0.0,4.0,1.0,3,1,1,1,2,0,1,0
19714,3986,0.0,4.0,0.0,5,2,2,1,3,0,2,0
197770,4783,0.0,3.0,0.0,4,1,1,1,3,0,1,0
197825,4976,0.0,2.0,0.0,7,7,5,2,6,0,1,0
197989,58,0.0,0.0,0.0,1,1,1,1,0,0,1,0
198073,2436,0.0,3.0,0.0,52,25,8,3,45,0,5,2
198268,2669,0.0,5.0,0.0,9,5,2,1,7,0,2,0
198382,1724,0.0,3.0,2.0,10,5,1,4,9,0,1,0
198736,3455,0.0,4.0,0.0,5,1,1,1,4,0,1,0
198933,3628,0.0,5.0,1.0,5,1,1,1,4,0,1,0
199777,2230,0.0,4.0,0.0,3,2,1,1,2,0,1,0
19988,1963,0.0,4.0,1.0,6,1,1,1,5,0,1,0
199900,3127,0.0,4.0,0.0,5,3,2,1,4,0,1,0
200301,4442,0.0,0.0,0.0,3,1,1,1,2,0,1,0
200360,1283,0.0,3.0,2.0,4,1,1,2,3,0,1,0
20037,4871,0.0,6.0,1.0,2,1,1,1,1,0,1,0
20058,3753,0.0,2.0,0.0,4,1,1,2,2,0,1,1
200881,3389,0.0,5.0,0.0,2,1,1,1,1,0,1,0
201637,4129,0.0,3.0,0.0,19,8,2,2,16,0,1,2
201710,2579,0.0,4.0,1.0,14,3,2,2,13,0,1,0
202227,4363,0.0,3.0,1.0,18,4,1,3,16,0,1,1
202459,4173,0.0,4.0,0.0,11,5,4,1,10,0,1,0
20262,1721,0.0,0.0,0.0,11,3,1,3,9,0,1,1
202718,4864,0.0,4.0,0.0,4,1,1,3,3,0,1,0
203731,1661,0.0,3.0,0.0,9,1,1,2,8,0,1,0
203799,2683,0.0,4.0,2.0,9,1,1,3,8,0,1,0
204119,3305,0.0,6.0,0.0,8,2,2,2,6,0,2,0
204525,1272,0.0,6.0,0.0,6,2,2,2,4,0,2,0
20462,4649,0.0,7.0,1.0,14,4,3,2,12,0,2,0
204661,1659,0.0,0.0,1.0,2,1,1,1,1,0,1,0
205874,4073,0.0,0.0,0.0,9,4,2,2,7,0,1,1
206375,46,0.0,4.0,0.0,2,1,1,1,1,0,1,0
206757,598,0.0,3.0,1.0,4,2,1,2,3,0,1,0
206825,738,0.0,0.0,null,7,1,1,1,5,0,1,1
206884,3971,0.0,3.0,1.0,6,1,1,2,5,0,1,0
206936,3301,0.0,3.0,0.0,2,1,1,2,0,0,1,1
207030,2872,0.0,5.0,0.0,6,4,4,2,5,0,1,0
207218,2194,0.0,2.0,0.0,14,1,1,2,13,0,1,0
207320,1667,0.0,4.0,1.0,19,2,1,3,17,0,2,0
207345,2537,0.0,3.0,0.0,8,4,1,1,7,0,1,0
20736,4950,0.0,4.0,2.0,3,1,1,1,2,0,1,0
207892,2693,0.0,6.0,0.0,4,1,1,2,3,0,1,0
207999,2537,0.0,3.0,0.0,4,3,1,1,3,0,1,0
20821,2149,0.0,2.0,0.0,8,1,1,2,7,0,1,0
208213,4044,0.0,4.0,0.0,3,1,1,1,2,0,1,0
208844,4950,0.0,0.0,0.0,2,1,1,1,1,0,1,0
209979,4282,0.0,6.0,1.0,42,23,4,2,41,0,1,0
210010,2545,0.0,7.0,0.0,11,8,6,2,8,0,3,0
210384,4829,0.0,0.0,0.0,14,5,1,3,13,0,1,0
210635,4305,0.0,3.0,0.0,5,1,1,1,3,0,2,0
210751,416,1.0,6.0,0.0,16,5,3,3,12,0,4,0
210823,3398,0.0,4.0,1.0,4,3,2,1,3,0,1,0
210854,3179,0.0,3.0,1.0,6,2,2,2,4,0,1,1
210883,2891,0.0,4.0,1.0,5,1,1,1,3,0,2,0
211164,608,0.0,0.0,0.0,6,4,2,2,4,0,2,0
211677,3456,0.0,4.0,0.0,15,6,2,2,13,0,2,0
211992,3734,1.0,3.0,1.0,5,4,3,2,3,0,2,0
212221,1628,0.0,4.0,0.0,3,1,1,1,2,0,1,0
21224,2649,0.0,0.0,1.0,6,4,4,1,5,0,1,0
212240,1703,0.0,3.0,1.0,6,1,1,1,5,0,1,0
2130,1272,0.0,0.0,0.0,2,1,1,1,1,0,1,0
213096,1167,0.0,4.0,0.0,8,2,2,2,6,0,2,0
213213,2845,0.0,6.0,0.0,6,1,1,2,3,0,3,0
213343,3828,0.0,4.0,0.0,8,5,2,1,6,0,1,1
213442,967,0.0,4.0,1.0,1,1,1,1,0,0,1,0
21362,4580,0.0,0.0,1.0,7,3,1,1,6,0,1,0
214059,4083,0.0,3.0,0.0,8,1,1,5,5,0,1,2
214109,1556,0.0,2.0,0.0,9,4,1,3,8,0,1,0
214308,3629,0.0,0.0,0.0,1,1,1,1,0,0,1,0
214511,2140,1.0,6.0,0.0,10,7,1,1,9,0,1,0
214584,3347,0.0,5.0,0.0,9,3,2,2,8,0,1,0
214889,4760,0.0,3.0,1.0,9,6,4,3,7,1,1,0
215375,1833,0.0,0.0,0.0,2,1,1,1,1,0,1,0
215721,415,0.0,2.0,0.0,2,2,2,2,1,0,1,0
216134,4392,0.0,3.0,1.0,6,3,2,1,5,0,1,0
216622,3828,0.0,5.0,1.0,1,1,1,1,0,0,1,0
216850,4950,0.0,3.0,0.0,1,1,1,1,0,0,1,0
216940,1346,1.0,3.0,0.0,3,2,1,2,2,0,1,0
217457,3578,0.0,4.0,0.0,12,2,1,1,10,0,2,0
21763,4073,0.0,5.0,0.0,3,1,1,1,2,0,1,0
218572,2565,0.0,3.0,1.0,7,1,1,3,6,0,1,0
219539,976,0.0,0.0,0.0,2,1,1,1,1,0,1,0
219571,684,0.0,6.0,0.0,3,2,2,2,2,0,1,0
219734,2020,0.0,6.0,0.0,3,1,1,3,2,0,1,0
219957,4009,0.0,6.0,0.0,6,1,1,1,5,0,1,0
220405,2840,0.0,4.0,0.0,4,1,1,2,3,0,1,0
220500,1890,0.0,6.0,0.0,27,8,3,9,23,0,1,3
220943,2138,0.0,4.0,0.0,12,5,2,1,9,0,3,0
221081,756,0.0,2.0,0.0,2,1,1,1,1,0,1,0
221275,4170,0.0,5.0,0.0,5,3,1,1,4,0,1,0
221564,606,0.0,3.0,0.0,8,2,2,3,5,0,1,2
222140,1511,0.0,7.0,0.0,27,16,1,1,25,0,2,0
222411,845,0.0,0.0,0.0,5,1,1,1,4,0,1,0
222713,1031,0.0,3.0,1.0,32,7,1,4,31,0,1,0
222947,2273,0.0,0.0,0.0,22,4,2,2,21,0,1,0
223481,682,0.0,0.0,0.0,5,3,2,1,4,0,1,0
223757,3171,0.0,0.0,1.0,13,1,1,2,12,0,1,0
223765,2592,0.0,3.0,1.0,5,1,1,3,3,0,1,1
22390,4368,0.0,4.0,0.0,4,3,2,1,3,0,1,0
223979,4157,0.0,3.0,1.0,3,1,1,1,2,0,1,0
226230,4760,0.0,3.0,1.0,7,1,1,2,6,0,1,0
226439,1760,0.0,0.0,0.0,4,3,1,1,1,0,3,0
226476,2883,0.0,3.0,0.0,1,1,1,1,0,0,1,0
226518,2883,0.0,4.0,0.0,14,9,1,1,13,0,1,0
226579,1538,1.0,6.0,0.0,14,7,1,2,13,0,1,0
226911,1102,0.0,5.0,1.0,28,18,4,5,25,0,1,2
227143,2537,0.0,2.0,0.0,37,18,8,5,35,0,1,1
228024,2159,0.0,6.0,0.0,12,5,3,3,11,0,1,0
228271,639,0.0,7.0,1.0,8,2,1,1,5,0,3,0
228727,2537,0.0,6.0,0.0,3,3,3,1,0,0,3,0
229072,1467,0.0,2.0,0.0,1,1,1,1,0,0,1,0
229091,798,0.0,3.0,0.0,20,7,5,3,19,0,1,0
229326,3531,0.0,0.0,0.0,2,1,1,1,1,0,1,0
229473,4760,0.0,null,null,8,1,1,1,6,1,1,0
229715,3080,0.0,2.0,1.0,15,5,2,1,13,1,1,0
229767,502,0.0,6.0,0.0,8,1,1,2,7,0,1,0
23002,2928,0.0,4.0,1.0,12,5,3,2,11,0,1,0
230097,2579,0.0,0.0,0.0,6,3,1,2,4,0,2,0
230667,3828,0.0,5.0,0.0,56,41,8,9,55,0,1,0
230679,4044,0.0,3.0,0.0,138,65,6,7,129,0,2,7
230964,4015,0.0,6.0,0.0,6,1,1,3,4,1,1,0
231034,2149,0.0,3.0,0.0,9,1,1,1,8,0,1,0
231735,361,0.0,6.0,0.0,12,5,3,2,9,0,1,2
231919,2124,0.0,2.0,0.0,25,9,2,2,24,0,1,0
232320,1168,0.0,4.0,1.0,4,1,1,2,2,0,1,1
232525,2031,0.0,5.0,0.0,6,1,1,1,5,0,1,0
232804,3536,0.0,5.0,0.0,4,1,1,1,3,0,1,0
232875,2255,0.0,6.0,1.0,11,2,1,4,9,0,2,0
233428,3063,0.0,5.0,1.0,68,31,3,2,65,0,3,0
23344,301,0.0,4.0,0.0,4,1,1,1,3,0,1,0
233953,3993,0.0,2.0,0.0,3,2,1,1,2,0,1,0
234702,630,0.0,3.0,0.0,42,14,10,1,38,1,3,0
235319,4219,0.0,0.0,0.0,5,3,1,1,4,0,1,0
235433,4249,0.0,5.0,0.0,19,11,1,2,18,0,1,0
235443,1618,0.0,2.0,1.0,7,2,2,3,5,0,1,1
235816,395,0.0,0.0,0.0,4,1,1,2,3,0,1,0
235883,3420,0.0,4.0,2.0,3,1,1,1,2,0,1,0
236188,525,0.0,6.0,0.0,3,1,1,1,2,0,1,0
236214,1102,0.0,3.0,0.0,22,15,7,1,19,0,3,0
23643,547,0.0,3.0,0.0,11,6,1,1,10,0,1,0
236826,1272,1.0,0.0,0.0,43,11,6,9,42,0,1,0
236850,4985,0.0,0.0,0.0,9,1,1,2,8,0,1,0
236960,1485,0.0,3.0,0.0,4,1,1,1,3,0,1,0
237089,1272,0.0,0.0,0.0,13,2,2,4,12,0,1,0
237175,4760,0.0,2.0,1.0,5,1,1,3,3,0,1,1
237210,946,0.0,5.0,0.0,4,1,1,1,3,0,1,0
238389,4539,0.0,3.0,0.0,3,1,1,1,2,0,1,0
238718,4079,0.0,5.0,1.0,1,1,1,1,0,0,1,0
239960,4976,0.0,0.0,1.0,4,1,1,1,3,0,1,0
240367,2073,0.0,4.0,0.0,7,3,3,1,6,0,1,0
240380,2796,0.0,3.0,0.0,15,1,1,5,12,0,1,2
240664,4976,0.0,3.0,0.0,23,17,3,1,22,0,1,0
240730,2664,0.0,4.0,0.0,9,5,1,2,8,0,1,0
240792,2876,0.0,4.0,0.0,1,1,1,1,0,0,1,0
240813,3667,0.0,0.0,0.0,1,1,1,1,0,0,1,0
241009,2022,0.0,0.0,1.0,3,1,1,1,2,0,1,0
241377,4933,0.0,4.0,0.0,1,1,1,1,0,0,1,0
241437,4968,1.0,4.0,0.0,16,10,1,1,13,0,3,0
241530,1585,0.0,4.0,0.0,2,1,1,1,1,0,1,0
241767,1485,0.0,3.0,0.0,23,5,2,1,20,0,3,0
241792,3063,0.0,4.0,0.0,24,10,2,2,23,0,1,0
24194,4050,0.0,0.0,0.0,2,1,1,1,1,0,1,0
242371,2341,0.0,5.0,1.0,3,1,1,1,2,0,1,0
242577,1346,0.0,3.0,1.0,25,5,1,4,22,0,1,2
242628,2108,0.0,5.0,1.0,3,1,1,2,1,0,1,1
242991,742,0.0,null,null,3,1,1,1,2,0,1,0
243071,4325,0.0,6.0,1.0,2,1,1,1,1,0,1,0
243237,3444,0.0,3.0,0.0,28,1,1,2,27,0,1,0
243344,590,0.0,4.0,1.0,2,1,1,1,1,0,1,0
243431,2435,0.0,3.0,0.0,4,2,1,2,2,0,1,1
243894,2247,0.0,3.0,0.0,1,1,1,1,0,0,1,0
244420,2664,0.0,4.0,0.0,7,6,3,2,5,0,2,0
244768,503,0.0,0.0,null,6,2,1,2,4,1,1,0
246419,1565,0.0,5.0,0.0,6,1,1,2,5,0,1,0
246640,4976,0.0,3.0,0.0,30,21,4,3,29,0,1,0
246688,1492,1.0,0.0,0.0,11,4,4,1,10,0,1,0
247349,1494,0.0,6.0,0.0,2,1,1,1,1,0,1,0
247836,3170,0.0,0.0,0.0,4,1,1,1,2,0,1,1
248001,4044,0.0,0.0,0.0,15,8,4,3,14,0,1,0
248258,1760,0.0,0.0,0.0,9,6,2,3,6,0,3,0
248262,3934,0.0,4.0,1.0,1,1,1,1,0,0,1,0
24849,293,0.0,0.0,0.0,11,2,1,2,9,0,2,0
24915,2598,0.0,5.0,1.0,7,1,1,2,6,0,1,0
24958,2217,0.0,0.0,0.0,1,1,1,1,0,0,1,0
250061,310,0.0,4.0,1.0,6,2,2,2,2,0,2,2
250213,2489,0.0,3.0,0.0,19,11,1,1,17,0,2,0
250748,3163,0.0,0.0,0.0,2,1,1,1,0,0,2,0
250985,1522,1.0,0.0,0.0,7,2,1,1,5,0,2,0
251070,1049,0.0,2.0,0.0,13,7,2,1,11,0,2,0
251393,3098,0.0,5.0,1.0,4,1,1,1,3,0,1,0
251702,2639,0.0,5.0,0.0,44,27,10,6,40,0,3,1
2526,1900,0.0,0.0,1.0,4,1,1,1,2,0,2,0
252855,2145,0.0,4.0,0.0,2,1,1,1,1,0,1,0
252866,4765,0.0,3.0,1.0,6,2,1,1,4,0,2,0
25294,4764,0.0,4.0,1.0,5,1,1,1,4,0,1,0
253062,4044,0.0,0.0,0.0,17,3,2,5,16,0,1,0
253304,4263,0.0,3.0,1.0,16,4,2,2,15,0,1,0
253555,2393,0.0,2.0,1.0,1,1,1,1,0,0,1,0
253862,2273,0.0,3.0,0.0,2,1,1,1,1,0,1,0
254094,102,0.0,3.0,0.0,6,5,2,2,5,0,1,0
254490,4693,0.0,4.0,1.0,10,3,2,3,9,0,1,0
254504,215,0.0,6.0,1.0,6,3,2,1,4,0,2,0
254792,4273,0.0,0.0,1.0,5,1,1,1,4,0,1,0
255241,1582,0.0,3.0,2.0,9,6,3,2,8,0,1,0
255550,3301,0.0,4.0,2.0,4,1,1,1,3,0,1,0
255658,1484,0.0,5.0,1.0,5,1,1,2,4,0,1,0
25598,2031,0.0,3.0,0.0,6,2,1,1,5,0,1,0
256207,2745,0.0,3.0,1.0,6,2,1,2,5,0,1,0
257425,4325,0.0,0.0,1.0,65,15,7,3,60,3,2,0
257456,1111,0.0,2.0,0.0,6,1,1,1,5,0,1,0
257585,3576,0.0,4.0,0.0,5,2,1,1,4,0,1,0
2588,2143,0.0,3.0,0.0,1,1,1,1,0,0,1,0
25896,4858,0.0,3.0,0.0,6,1,1,2,5,0,1,0
25928,1679,1.0,4.0,1.0,69,36,5,4,67,0,2,0
25928,2397,0.0,4.0,1.0,30,15,5,3,26,0,4,0
259346,2482,0.0,3.0,0.0,22,5,4,5,15,0,3,4
259552,2786,0.0,3.0,1.0,2,1,1,1,1,0,1,0
259753,4026,0.0,0.0,0.0,2,1,1,1,1,0,1,0
259956,3305,0.0,2.0,1.0,2,1,1,1,1,0,1,0
260235,4163,1.0,0.0,1.0,1,1,1,1,0,0,1,0
260348,1126,0.0,5.0,0.0,21,11,6,2,19,0,1,1
260564,1833,0.0,4.0,1.0,13,9,4,2,12,0,1,0
260582,4618,0.0,4.0,0.0,2,1,1,2,0,0,1,1
26060,2031,0.0,2.0,0.0,12,5,1,2,11,0,1,0
261602,3701,0.0,3.0,0.0,18,7,4,4,16,0,1,1
261642,361,1.0,4.0,2.0,16,7,3,4,12,0,2,2
261703,1978,1.0,3.0,1.0,20,7,1,1,19,0,1,0
261843,3635,0.0,4.0,1.0,7,1,1,2,6,0,1,0
261851,2545,0.0,3.0,1.0,6,3,2,1,5,0,1,0
262920,2217,0.0,4.0,0.0,34,13,3,4,31,0,2,1
26300,1067,0.0,4.0,0.0,15,2,1,7,11,0,1,3
263054,2173,0.0,4.0,0.0,6,3,1,1,5,0,1,0
263828,2928,0.0,4.0,2.0,5,4,2,1,4,0,1,0
263974,2078,0.0,3.0,1.0,4,1,1,1,3,0,1,0
26403,1565,0.0,6.0,0.0,20,8,1,2,18,0,2,0
264084,962,0.0,3.0,0.0,2,1,1,1,1,0,1,0
264201,3657,0.0,4.0,1.0,2,1,1,1,1,0,1,0
264267,1964,0.0,2.0,0.0,12,5,4,1,7,0,5,0
264290,4336,0.0,0.0,0.0,7,4,2,1,6,0,1,0
264801,963,0.0,null,null,2,1,1,1,1,0,1,0
26508,1892,0.0,0.0,2.0,28,20,4,2,26,0,2,0
265207,3284,0.0,3.0,0.0,7,4,3,1,6,0,1,0
265252,2789,0.0,3.0,0.0,3,1,1,1,1,0,1,1
265303,2318,0.0,3.0,0.0,1,1,1,1,0,0,1,0
265553,2138,0.0,0.0,1.0,4,2,2,1,3,0,1,0
266864,1031,0.0,4.0,1.0,10,1,1,2,9,0,1,0
267122,4140,0.0,3.0,0.0,6,2,1,2,5,0,1,0
267140,4978,0.0,3.0,0.0,8,2,1,1,7,0,1,0
267272,3723,0.0,2.0,0.0,4,1,1,1,2,0,2,0
267352,4659,0.0,3.0,0.0,6,1,1,2,4,0,1,1
26754,296,0.0,4.0,1.0,3,1,1,1,2,0,1,0
267958,4594,0.0,2.0,1.0,3,1,1,1,2,0,1,0
268211,4394,0.0,0.0,0.0,15,12,1,1,14,0,1,0
26834,3826,0.0,3.0,2.0,5,1,1,1,3,0,2,0
268730,3291,0.0,4.0,0.0,3,1,1,1,2,0,1,0
269096,1827,0.0,0.0,0.0,13,6,1,1,11,0,1,1
269180,2435,0.0,5.0,1.0,2,1,1,1,0,0,2,0
269210,2356,1.0,5.0,0.0,8,4,1,1,6,0,2,0
269403,2669,0.0,4.0,0.0,50,15,4,1,49,0,1,0
269453,552,0.0,3.0,0.0,9,2,1,2,7,0,1,1
269685,2721,0.0,4.0,1.0,12,6,1,2,11,0,1,0
269864,1738,0.0,0.0,0.0,4,2,2,1,2,0,2,0
269933,2664,0.0,6.0,0.0,16,12,2,1,13,0,3,0
270032,3016,0.0,3.0,0.0,27,16,5,6,19,0,4,4
270196,2217,0.0,3.0,0.0,4,1,1,1,2,0,1,1
270954,1755,0.0,3.0,0.0,4,2,1,1,3,0,1,0
271092,4040,0.0,0.0,0.0,5,2,2,1,4,0,1,0
271184,1846,0.0,4.0,1.0,2,1,1,1,1,0,1,0
271511,3163,0.0,2.0,0.0,11,1,1,4,6,0,3,2
271653,474,0.0,3.0,1.0,1,1,1,1,0,0,1,0
271697,2709,0.0,3.0,0.0,9,2,1,4,5,0,1,3
271719,1861,0.0,3.0,0.0,8,3,1,1,7,0,1,0
272286,358,1.0,6.0,0.0,3,1,1,1,2,0,1,0
272362,1740,0.0,7.0,0.0,2,1,1,1,1,0,1,0
272418,2217,0.0,3.0,0.0,18,5,1,2,17,0,1,0
275004,3806,0.0,4.0,0.0,14,7,2,1,10,0,4,0
275036,3290,0.0,3.0,1.0,2,1,1,1,1,0,1,0
275282,4219,0.0,4.0,0.0,4,1,1,1,3,0,1,0
275650,4270,0.0,5.0,0.0,41,15,5,1,39,0,2,0
276134,1910,0.0,2.0,0.0,4,1,1,2,2,0,1,1
276202,1963,0.0,3.0,1.0,68,25,2,2,67,0,1,0
27640,1892,0.0,4.0,0.0,85,34,9,3,75,0,10,0
276563,4048,0.0,6.0,0.0,2,1,1,2,1,0,1,0
276679,1340,0.0,2.0,0.0,5,4,1,2,4,0,1,0
276934,1131,0.0,0.0,0.0,7,2,2,1,6,0,1,0
277127,361,0.0,2.0,0.0,11,7,3,1,10,0,1,0
277413,2415,0.0,2.0,0.0,5,2,2,2,4,0,1,0
277486,1833,0.0,7.0,0.0,10,3,1,1,8,1,1,0
27754,467,0.0,5.0,0.0,2,2,2,2,1,0,1,0
277656,1704,0.0,3.0,0.0,6,5,2,1,5,0,1,0
277659,4765,0.0,4.0,0.0,1,1,1,1,0,0,1,0
277942,2081,0.0,6.0,0.0,36,6,2,2,34,0,2,0
277998,2436,0.0,3.0,2.0,20,16,7,4,3,0,2,15
278166,1833,0.0,4.0,1.0,4,2,1,1,2,0,2,0
278589,1102,0.0,4.0,0.0,7,6,1,2,6,0,1,0
278927,685,0.0,0.0,0.0,9,2,2,4,8,0,1,0
279231,14,0.0,4.0,1.0,8,6,3,2,7,0,1,0
279248,1536,0.0,6.0,0.0,1,1,1,1,0,0,1,0
279509,3163,0.0,0.0,1.0,12,4,4,3,10,0,1,1
280039,534,0.0,0.0,1.0,8,6,1,1,7,0,1,0
280353,2644,0.0,4.0,0.0,11,2,2,2,9,0,1,1
280449,4605,0.0,6.0,0.0,12,5,4,3,9,0,1,2
280576,2066,0.0,0.0,0.0,8,3,1,1,7,0,1,0
281112,2545,0.0,3.0,0.0,5,3,3,3,4,0,1,0
281659,3955,0.0,2.0,0.0,7,4,2,1,6,0,1,0
281756,1150,0.0,3.0,1.0,2,2,2,1,1,0,1,0
282037,2036,0.0,0.0,0.0,2,1,1,1,1,0,1,0
282860,1457,0.0,4.0,0.0,12,3,1,2,10,0,2,0
283115,4536,0.0,6.0,1.0,2,1,1,1,1,0,1,0
284201,4465,0.0,3.0,0.0,12,4,1,1,7,0,5,0
284336,2565,0.0,0.0,0.0,2,1,1,1,0,0,2,0
284855,259,0.0,6.0,0.0,3,1,1,1,2,0,1,0
285294,346,0.0,6.0,0.0,15,4,2,2,14,0,1,0
285357,437,0.0,4.0,0.0,5,2,1,1,4,0,1,0
286305,3134,0.0,0.0,0.0,5,2,2,1,3,0,2,0
286403,4739,0.0,4.0,0.0,6,1,1,1,5,0,1,0
286436,3640,1.0,7.0,1.0,7,3,2,2,6,0,1,0
286733,1839,0.0,5.0,0.0,9,2,1,1,7,0,2,0
28698,3650,0.0,3.0,1.0,2,1,1,1,1,0,1,0
287232,4581,0.0,3.0,0.0,5,1,1,3,3,0,1,1
287314,2138,1.0,6.0,0.0,2,1,1,1,1,0,1,0
287824,3323,0.0,0.0,0.0,2,1,1,1,1,0,1,0
288140,4913,0.0,3.0,0.0,6,1,1,3,5,0,1,0
288630,4091,0.0,2.0,1.0,2,1,1,1,1,0,1,0
288646,3578,0.0,3.0,0.0,4,1,1,1,3,0,1,0
288651,4265,0.0,4.0,1.0,5,1,1,1,4,0,1,0
28892,323,0.0,4.0,0.0,4,2,1,1,2,0,2,0
289212,250,0.0,3.0,1.0,5,2,1,1,4,0,1,0
289317,3585,0.0,6.0,0.0,9,5,1,1,8,0,1,0
290447,66,0.0,3.0,1.0,8,3,1,1,7,0,1,0
291393,311,0.0,3.0,0.0,3,1,1,1,2,0,1,0
291981,798,0.0,2.0,0.0,1,1,1,1,0,0,1,0
292019,1399,0.0,3.0,0.0,2,1,1,1,1,0,1,0
292248,4270,0.0,4.0,0.0,8,5,4,1,7,0,1,0
292302,3345,0.0,2.0,0.0,3,1,1,1,1,0,2,0
292376,1327,0.0,5.0,0.0,1,1,1,1,0,0,1,0
292791,1708,0.0,0.0,0.0,5,1,1,2,4,0,1,0
293435,3828,0.0,3.0,0.0,4,3,3,2,0,0,3,1
293499,3727,0.0,0.0,0.0,4,1,1,3,2,0,1,1
293539,1049,0.0,3.0,1.0,2,1,1,1,1,0,1,0
293589,2832,0.0,0.0,0.0,12,3,1,2,8,0,2,2
293726,3727,0.0,4.0,0.0,5,2,1,2,3,0,1,1
294336,2031,0.0,2.0,0.0,5,2,2,3,0,0,2,3
294527,152,0.0,0.0,1.0,9,1,1,1,7,0,1,1
294684,121,1.0,6.0,0.0,25,15,6,1,20,0,5,0
294794,646,0.0,3.0,0.0,5,1,1,1,4,0,1,0
294832,4879,0.0,3.0,0.0,3,1,1,2,2,0,1,0
294913,168,0.0,5.0,0.0,13,5,2,3,11,0,1,1
295664,1885,0.0,0.0,1.0,4,1,1,1,3,0,1,0
296104,547,0.0,4.0,0.0,11,2,1,4,7,0,1,3
296122,1608,0.0,4.0,0.0,4,2,1,2,3,0,1,0
296277,3839,0.0,5.0,1.0,36,10,3,3,35,0,1,0
296712,1565,0.0,0.0,0.0,5,2,1,1,4,0,1,0
297017,4073,0.0,4.0,0.0,1,1,1,1,0,0,1,0
298102,4992,0.0,0.0,0.0,52,9,1,3,49,0,2,1
298507,1512,0.0,5.0,0.0,3,1,1,2,2,0,1,0
299171,4765,0.0,3.0,1.0,1,1,1,1,0,0,1,0
29933,3376,0.0,7.0,2.0,12,1,1,3,11,0,1,0
299459,4287,0.0,0.0,1.0,20,5,4,2,18,0,2,0
299570,2664,0.0,5.0,2.0,12,5,2,6,11,0,1,0
300505,1115,0.0,0.0,0.0,10,1,1,1,9,0,1,0
30072,3828,0.0,3.0,0.0,29,26,10,6,27,0,2,0
301164,4044,0.0,0.0,0.0,19,11,6,1,18,0,1,0
301531,2325,0.0,2.0,1.0,2,1,1,1,1,0,1,0
301656,1272,1.0,7.0,0.0,108,42,9,21,106,0,1,1
302236,500,0.0,4.0,0.0,5,1,1,1,4,0,1,0
302302,4871,0.0,6.0,0.0,1,1,1,1,0,0,1,0
302674,1133,0.0,0.0,0.0,4,2,1,1,3,0,1,0
302679,3484,0.0,3.0,1.0,5,2,1,2,4,0,1,0
302896,643,0.0,3.0,1.0,2,1,1,1,1,0,1,0
302929,4731,0.0,0.0,2.0,9,3,1,1,7,0,2,0
303770,2669,0.0,3.0,0.0,24,14,7,5,23,0,1,0
304058,2537,0.0,4.0,0.0,7,2,1,1,6,0,1,0
304486,574,0.0,6.0,1.0,21,6,1,1,19,0,2,0
304901,3635,0.0,null,null,3,2,1,1,0,0,3,0
305396,3091,0.0,4.0,0.0,2,1,1,1,1,0,1,0
305952,4270,0.0,0.0,0.0,12,3,2,3,9,0,2,1
305959,4744,0.0,3.0,0.0,5,1,1,1,4,0,1,0
306225,1875,0.0,4.0,1.0,6,3,2,1,4,0,2,0
30647,2070,0.0,3.0,0.0,4,1,1,1,3,0,1,0
30677,4173,0.0,3.0,0.0,3,1,1,1,2,0,1,0
30783,1193,0.0,5.0,1.0,7,1,1,5,6,0,1,0
307843,3982,0.0,5.0,1.0,2,1,1,1,1,0,1,0
308475,2654,1.0,3.0,0.0,32,15,4,3,31,0,1,0
308606,4173,0.0,3.0,0.0,18,17,4,3,15,0,1,2
308679,474,0.0,0.0,0.0,2,1,1,2,0,0,1,1
308802,1613,0.0,2.0,1.0,3,1,1,2,2,0,1,0
308872,1749,0.0,4.0,0.0,9,6,3,2,6,0,3,0
309283,4976,0.0,2.0,0.0,13,4,2,1,11,0,2,0
30953,467,0.0,3.0,0.0,14,5,2,1,10,0,2,2
309841,1393,0.0,5.0,2.0,23,12,5,3,20,0,2,1
309893,689,0.0,0.0,0.0,14,5,4,2,13,0,1,0
31008,4043,0.0,3.0,1.0,11,5,4,2,8,0,3,0
310962,4044,0.0,4.0,1.0,3,1,1,1,2,0,1,0
311144,3528,0.0,6.0,0.0,31,12,2,1,30,0,1,0
311387,2565,0.0,2.0,0.0,2,2,1,2,1,0,1,0
311699,1704,0.0,0.0,1.0,2,1,1,2,1,0,1,0
312272,685,0.0,5.0,0.0,7,3,1,2,6,0,1,0
312397,3629,0.0,5.0,0.0,3,1,1,1,2,0,1,0
312624,102,0.0,3.0,0.0,6,4,3,4,3,0,1,2
312626,1124,0.0,2.0,0.0,17,2,1,2,16,0,1,0
31272,4173,0.0,3.0,0.0,15,10,5,1,13,0,2,0
312894,1464,0.0,3.0,0.0,5,3,2,2,4,0,1,0
312935,2537,0.0,0.0,0.0,3,2,2,1,2,0,1,0
313171,1884,0.0,7.0,1.0,4,2,2,1,2,0,1,1
313220,4335,0.0,3.0,1.0,10,4,2,1,9,0,1,0
3134,1310,0.0,3.0,0.0,4,1,1,1,2,0,2,0
313756,1102,0.0,2.0,1.0,12,2,2,2,10,0,1,1
313794,4265,0.0,3.0,0.0,9,2,1,4,7,0,1,1
31387,3472,0.0,4.0,1.0,5,1,1,1,4,0,1,0
314141,3143,0.0,3.0,0.0,33,12,2,1,30,0,2,1
314233,4765,0.0,4.0,0.0,1,1,1,1,0,0,1,0
31457,2454,0.0,4.0,0.0,17,8,3,4,16,0,1,0
314644,3444,0.0,5.0,1.0,5,1,1,1,4,0,1,0
314795,3161,0.0,6.0,0.0,4,1,1,2,3,0,1,0
315142,4091,0.0,4.0,1.0,1,1,1,1,0,0,1,0
316039,3484,0.0,3.0,1.0,4,2,1,1,3,0,1,0
316090,2397,1.0,0.0,0.0,53,19,4,5,48,0,2,3
316515,323,0.0,6.0,0.0,7,4,1,2,6,0,1,0
316551,3734,0.0,2.0,0.0,1,1,1,1,0,0,1,0
316642,4173,0.0,4.0,1.0,6,5,2,1,5,0,1,0
316909,402,0.0,4.0,0.0,13,1,1,3,10,0,2,1
317007,4336,0.0,6.0,0.0,2,1,1,2,1,0,1,0
317029,4086,0.0,6.0,0.0,1,1,1,1,0,0,1,0
317444,3766,0.0,4.0,0.0,16,10,3,2,14,0,2,0
317633,2234,0.0,5.0,0.0,7,3,1,1,6,0,1,0
317681,2537,0.0,2.0,1.0,7,1,1,2,6,0,1,0
317894,3683,0.0,3.0,1.0,38,5,4,7,32,0,2,4
317941,3828,0.0,2.0,0.0,2,1,1,2,1,0,1,0
318027,3734,1.0,3.0,1.0,31,14,4,4,28,0,2,1
318750,4499,0.0,2.0,0.0,4,1,1,2,2,0,1,1
31908,639,0.0,3.0,1.0,19,2,1,3,18,0,1,0
320467,3105,0.0,2.0,1.0,23,3,1,4,20,0,1,2
320787,3200,0.0,4.0,1.0,2,2,2,1,0,0,2,0
320796,1890,0.0,5.0,1.0,7,2,1,4,6,0,1,0
32098,625,0.0,6.0,0.0,3,2,1,1,2,0,1,0
321546,3665,0.0,4.0,1.0,11,2,1,1,10,0,1,0
321939,946,0.0,0.0,0.0,54,16,4,14,49,0,2,3
321946,3828,1.0,4.0,0.0,2,2,2,2,1,0,1,0
322116,2278,0.0,2.0,0.0,5,3,2,1,3,0,2,0
322202,1162,0.0,4.0,1.0,11,2,1,3,8,1,1,1
322652,968,0.0,3.0,0.0,3,1,1,1,2,0,1,0
3243,4256,0.0,0.0,0.0,7,4,2,1,6,0,1,0
324411,596,0.0,3.0,1.0,2,1,1,2,1,0,1,0
324787,2149,0.0,5.0,0.0,14,2,1,2,11,0,3,0
324854,3502,0.0,3.0,1.0,16,4,3,2,15,0,1,0
32519,598,0.0,4.0,1.0,3,2,1,1,1,0,2,0
325426,1102,0.0,0.0,0.0,40,32,11,1,38,0,2,0
325613,4469,0.0,3.0,0.0,6,3,1,1,5,0,1,0
326291,1959,0.0,2.0,0.0,21,12,3,5,20,0,1,0
3263,574,0.0,3.0,0.0,2,1,1,1,1,0,1,0
326519,3826,0.0,2.0,1.0,6,2,1,3,5,0,1,0
326560,2051,0.0,2.0,1.0,7,1,1,2,6,0,1,0
32659,2828,0.0,4.0,0.0,12,8,3,4,10,0,1,1
326828,4173,0.0,4.0,1.0,5,3,2,3,3,0,2,0
327216,3205,0.0,4.0,0.0,3,1,1,2,2,0,1,0
327302,3171,0.0,3.0,0.0,3,1,1,1,2,0,1,0
327621,1131,0.0,0.0,0.0,11,2,1,3,9,0,1,1
327756,1710,1.0,4.0,0.0,5,2,2,1,4,0,1,0
327909,747,0.0,2.0,0.0,5,2,1,3,4,0,1,0
328552,783,0.0,2.0,0.0,4,1,1,1,3,0,1,0
328914,4536,1.0,0.0,0.0,2,1,1,1,1,0,1,0
32937,602,0.0,0.0,0.0,3,1,1,1,2,0,1,0
329578,4073,0.0,3.0,1.0,9,1,1,2,7,0,2,0
329819,1131,0.0,3.0,0.0,20,5,1,1,18,0,1,1
330092,1963,0.0,3.0,1.0,16,10,3,4,15,0,1,0
330303,4605,0.0,2.0,0.0,4,1,1,1,3,0,1,0
33061,608,0.0,5.0,0.0,3,1,1,2,2,0,1,0
331060,4044,0.0,3.0,0.0,7,6,2,2,1,0,1,5
331640,1659,1.0,7.0,0.0,13,3,1,3,12,0,1,0
331662,2669,0.0,0.0,0.0,2,1,1,2,0,0,1,1
331865,2167,0.0,5.0,0.0,2,1,1,1,1,0,1,0
332186,2014,0.0,6.0,0.0,5,2,1,1,4,0,1,0
332279,3955,0.0,4.0,2.0,1,1,1,1,0,0,1,0
333219,1283,0.0,2.0,0.0,41,15,11,1,28,0,5,8
333271,1272,0.0,3.0,0.0,7,3,1,1,5,0,2,0
333346,4474,0.0,2.0,0.0,5,1,1,1,4,0,1,0
333351,1393,0.0,3.0,0.0,3,1,1,1,2,0,1,0
33347,2026,0.0,2.0,0.0,4,1,1,1,3,0,1,0
333746,3105,0.0,0.0,1.0,6,3,2,4,5,0,1,0
333904,3769,0.0,4.0,1.0,2,1,1,1,0,0,2,0
334087,1704,0.0,0.0,0.0,6,4,2,2,5,0,1,0
334553,1149,0.0,7.0,0.0,2,1,1,2,1,0,1,0
336649,557,0.0,3.0,0.0,29,11,7,3,27,0,2,0
336898,963,0.0,3.0,0.0,1,1,1,1,0,0,1,0
336914,4394,0.0,6.0,0.0,4,2,1,2,3,0,1,0
337076,1346,0.0,4.0,0.0,2,1,1,1,0,0,1,1
337130,3965,0.0,4.0,0.0,2,2,1,1,1,0,1,0
337908,4098,0.0,6.0,0.0,8,3,2,2,6,0,1,1
338024,3179,0.0,0.0,0.0,12,9,4,2,11,0,1,0
33839,492,0.0,6.0,0.0,8,2,1,1,7,0,1,0
338726,3734,0.0,2.0,0.0,12,4,3,1,11,0,1,0
338845,4926,0.0,3.0,0.0,12,2,2,3,11,0,1,0
339475,4879,0.0,3.0,0.0,5,1,1,2,3,0,1,1
33989,722,0.0,3.0,0.0,12,4,1,1,11,0,1,0
340067,2745,1.0,3.0,0.0,1,1,1,1,0,0,1,0
340768,121,0.0,4.0,0.0,20,13,7,2,17,0,1,2
341527,548,0.0,3.0,1.0,29,6,2,2,27,0,1,1
341836,4702,0.0,5.0,0.0,11,2,2,1,9,0,2,0
342132,424,0.0,3.0,0.0,5,1,1,1,3,0,2,0
342327,2196,0.0,4.0,0.0,31,6,1,2,28,0,3,0
342481,2836,0.0,2.0,0.0,4,1,1,1,2,0,1,1
342763,4294,0.0,2.0,1.0,4,2,1,1,3,0,1,0
343752,200,0.0,4.0,0.0,1,1,1,1,0,0,1,0
344139,1892,0.0,4.0,0.0,35,13,2,5,33,0,2,0
344553,1168,0.0,6.0,0.0,21,18,11,3,20,0,1,0
344811,1102,0.0,3.0,0.0,1,1,1,1,0,0,1,0
345068,474,0.0,4.0,0.0,6,4,2,2,3,0,3,0
34507,3163,0.0,6.0,1.0,6,1,1,1,4,0,2,0
345396,2360,0.0,3.0,0.0,6,2,1,2,4,0,2,0
345570,4234,0.0,3.0,0.0,4,1,1,2,3,0,1,0
345807,4966,0.0,4.0,1.0,16,6,5,3,11,0,2,3
345997,3350,0.0,5.0,0.0,2,1,1,1,1,0,1,0
346489,2592,0.0,3.0,1.0,2,1,1,1,1,0,1,0
346497,1724,0.0,3.0,0.0,3,1,1,1,2,0,1,0
346725,2928,0.0,3.0,0.0,48,17,3,3,45,0,1,2
347574,3022,0.0,4.0,1.0,6,1,1,1,5,0,1,0
347719,1056,0.0,0.0,0.0,2,1,1,1,1,0,1,0
348006,951,0.0,4.0,1.0,2,1,1,1,1,0,1,0
348007,1081,0.0,4.0,0.0,5,1,1,1,3,0,2,0
348093,3655,0.0,0.0,0.0,2,1,1,1,1,0,1,0
34886,4183,0.0,5.0,0.0,19,2,1,2,14,1,1,3
348919,2144,1.0,3.0,0.0,17,2,1,3,16,0,1,0
349414,1592,0.0,4.0,1.0,11,2,1,1,10,0,1,0
349620,2727,0.0,0.0,0.0,7,2,2,1,6,0,1,0
349828,1724,0.0,0.0,1.0,2,1,1,1,0,0,2,0
351552,3609,0.0,4.0,2.0,18,9,1,2,17,0,1,0
35162,3022,0.0,3.0,1.0,18,15,4,1,16,0,2,0
35192,1067,1.0,2.0,0.0,21,7,3,5,20,0,1,0
351948,3444,0.0,3.0,1.0,2,1,1,1,1,0,1,0
352196,685,1.0,5.0,0.0,36,13,5,10,25,0,2,9
352656,756,0.0,4.0,1.0,3,1,1,1,2,0,1,0
352805,574,0.0,5.0,1.0,9,2,1,3,7,0,2,0
352877,479,0.0,5.0,1.0,8,1,1,2,7,0,1,0
352897,415,0.0,6.0,0.0,2,1,1,1,1,0,1,0
35295,1923,0.0,2.0,1.0,4,1,1,1,3,0,1,0
353181,1780,0.0,0.0,0.0,4,1,1,1,2,0,1,1
353269,2592,0.0,3.0,1.0,3,1,1,1,2,0,1,0
353869,4282,0.0,3.0,0.0,5,2,2,1,4,0,1,0
35393,3105,0.0,3.0,0.0,12,4,1,1,11,0,1,0
354210,1102,0.0,4.0,0.0,35,19,8,2,34,0,1,0
354286,2598,0.0,0.0,1.0,6,2,2,1,5,0,1,0
354626,2981,0.0,3.0,0.0,4,1,1,1,3,0,1,0
354634,3828,1.0,5.0,0.0,11,5,4,1,7,0,2,2
354641,4966,0.0,4.0,1.0,4,4,4,1,0,0,4,0
354659,598,0.0,0.0,1.0,3,1,1,1,2,0,1,0
354666,67,0.0,3.0,1.0,1,1,1,1,0,0,1,0
354724,66,0.0,3.0,0.0,12,4,1,2,11,0,1,0
355301,3578,0.0,2.0,1.0,2,1,1,1,1,0,1,0
355357,474,0.0,4.0,2.0,6,2,1,1,5,0,1,0
355614,4400,0.0,3.0,0.0,2,1,1,2,1,0,1,0
356532,1944,0.0,6.0,0.0,11,6,2,3,10,0,1,0
356783,4261,0.0,4.0,0.0,2,2,2,1,0,0,2,0
35709,1472,0.0,2.0,0.0,1,1,1,1,0,0,1,0
357264,3635,0.0,0.0,0.0,2,2,2,1,0,0,2,0
357855,4727,0.0,6.0,1.0,2,1,1,1,1,0,1,0
358548,1892,0.0,3.0,0.0,5,1,1,1,4,0,1,0
358880,1997,0.0,3.0,1.0,8,1,1,1,7,0,1,0
358966,505,0.0,3.0,1.0,11,4,2,1,10,0,1,0
360053,1833,0.0,3.0,1.0,4,1,1,3,2,0,1,1
36131,2636,1.0,4.0,0.0,1,1,1,1,0,0,1,0
361681,1916,0.0,0.0,0.0,6,3,1,2,5,0,1,0
362364,4976,0.0,3.0,1.0,34,21,5,2,31,0,3,0
362422,2639,1.0,0.0,2.0,6,4,3,2,4,0,2,0
362565,145,0.0,2.0,0.0,3,2,1,1,2,0,1,0
362687,1501,0.0,3.0,0.0,4,1,1,2,3,0,1,0
36324,41,0.0,5.0,0.0,27,9,3,1,26,0,1,0
363308,4760,0.0,3.0,0.0,3,2,1,1,2,0,1,0
363698,2361,0.0,6.0,0.0,1,1,1,1,0,0,1,0
363965,2136,1.0,6.0,0.0,24,17,9,1,21,0,3,0
364030,314,0.0,4.0,1.0,21,4,4,8,19,0,1,1
364292,730,0.0,4.0,1.0,16,12,3,3,12,0,2,2
364371,652,0.0,3.0,0.0,18,4,1,6,16,0,1,1
36501,2952,0.0,3.0,0.0,6,1,1,1,4,0,2,0
365614,4595,0.0,6.0,0.0,4,1,1,2,3,0,1,0
365752,4265,0.0,4.0,0.0,36,25,6,2,35,0,1,0
366018,786,0.0,2.0,0.0,12,3,1,2,10,1,1,0
36621,2278,1.0,2.0,0.0,7,4,3,3,2,0,1,4
367029,2397,0.0,0.0,0.0,3,1,1,1,1,0,2,0
367201,13,0.0,0.0,1.0,4,1,1,1,3,0,1,0
367434,4394,0.0,4.0,0.0,12,9,2,2,11,0,1,0
367559,500,0.0,2.0,0.0,13,2,1,3,11,0,1,1
36836,812,0.0,4.0,1.0,5,1,1,3,4,0,1,0
368625,2149,0.0,4.0,0.0,2,1,1,2,0,0,1,1
368690,3098,0.0,4.0,1.0,2,1,1,1,1,0,1,0
369000,1348,0.0,3.0,0.0,9,2,2,1,8,0,1,0
3693,3500,0.0,4.0,0.0,8,1,1,1,7,0,1,0
369549,2745,0.0,3.0,0.0,10,3,2,2,8,0,1,1
369695,4848,0.0,0.0,0.0,16,1,1,3,14,0,2,0
370135,4044,0.0,0.0,0.0,22,9,2,2,21,0,1,0
370559,3103,0.0,4.0,1.0,5,1,1,1,4,0,1,0
370639,9,0.0,3.0,0.0,11,3,1,1,10,0,1,0
370692,2140,0.0,6.0,0.0,4,3,1,2,3,0,1,0
371109,1200,0.0,3.0,0.0,2,1,1,1,1,0,1,0
371414,3205,0.0,3.0,0.0,9,1,1,3,6,0,2,1
371443,317,0.0,0.0,0.0,27,7,4,3,26,0,1,0
372594,1861,0.0,2.0,0.0,1,1,1,1,0,0,1,0
373110,4659,0.0,3.0,0.0,5,3,2,1,3,0,2,0
373154,1742,0.0,4.0,0.0,5,1,1,1,3,0,2,0
373185,798,0.0,3.0,0.0,7,3,1,2,6,0,1,0
373310,3990,1.0,5.0,0.0,9,4,4,4,7,0,2,0
373392,3236,0.0,4.0,1.0,5,2,1,1,4,0,1,0
373480,1966,0.0,4.0,0.0,3,1,1,1,2,0,1,0
373657,2341,0.0,4.0,0.0,2,1,1,2,1,0,1,0
373872,547,1.0,3.0,1.0,17,8,2,2,15,0,1,1
373974,798,0.0,3.0,0.0,26,10,6,4,22,0,1,3
37458,4173,1.0,5.0,0.0,39,35,13,5,33,0,1,5
374952,3502,0.0,3.0,1.0,2,1,1,2,1,0,1,0
37504,2144,0.0,3.0,0.0,18,7,1,3,17,0,1,0
375127,652,0.0,4.0,0.0,5,2,2,2,4,0,1,0
375648,2537,0.0,0.0,0.0,3,1,1,1,2,0,1,0
376233,3042,0.0,4.0,0.0,2,1,1,1,1,0,1,0
377104,66,0.0,3.0,0.0,4,1,1,1,3,0,1,0
377302,415,0.0,2.0,0.0,5,2,2,1,4,0,1,0
377359,1588,0.0,5.0,0.0,11,4,1,1,10,0,1,0
377615,4270,0.0,4.0,1.0,4,2,1,1,3,0,1,0
377739,1798,0.0,3.0,1.0,11,4,2,5,10,0,1,0
377905,3080,0.0,0.0,null,14,10,3,1,13,0,1,0
378153,625,1.0,0.0,1.0,2,1,1,1,1,0,1,0
378182,2565,0.0,5.0,1.0,65,22,1,1,55,0,10,0
378589,3054,0.0,3.0,0.0,1,1,1,1,0,0,1,0
378855,2857,0.0,3.0,0.0,8,2,1,2,6,0,2,0
379085,2820,0.0,4.0,0.0,11,5,3,4,10,0,1,0
379645,4797,0.0,0.0,0.0,1,1,1,1,0,0,1,0
37971,1056,0.0,3.0,0.0,17,9,5,2,16,0,1,0
379839,4783,0.0,5.0,0.0,2,1,1,1,1,0,1,0
380014,1291,0.0,3.0,0.0,7,2,1,1,6,0,1,0
380216,4540,0.0,6.0,0.0,6,1,1,2,4,0,1,1
380265,1840,0.0,3.0,1.0,3,1,1,1,2,0,1,0
381116,1470,0.0,2.0,0.0,3,1,1,1,2,0,1,0
381189,868,0.0,3.0,0.0,5,3,2,1,3,0,2,0
381710,4287,0.0,0.0,0.0,20,7,3,3,15,0,2,3
38186,1448,0.0,3.0,2.0,3,1,1,1,2,0,1,0
382024,1892,0.0,4.0,2.0,24,14,5,2,21,0,2,1
382461,4826,0.0,3.0,1.0,2,1,1,1,1,0,1,0
383196,4043,1.0,4.0,0.0,53,17,9,8,41,0,4,8
383379,4760,0.0,3.0,1.0,32,14,4,2,28,3,1,0
383659,4659,0.0,5.0,0.0,14,7,5,2,12,0,2,0
383751,4760,0.0,3.0,1.0,36,24,6,2,30,0,6,0
38382,2473,0.0,3.0,1.0,1,1,1,1,0,0,1,0
383866,4950,0.0,4.0,0.0,9,4,3,3,4,0,2,3
383887,738,0.0,4.0,0.0,12,5,3,1,9,0,1,2
383895,2007,0.0,4.0,1.0,5,1,1,2,3,0,1,1
383989,4120,0.0,4.0,1.0,3,1,1,1,2,0,1,0
384581,1495,0.0,2.0,1.0,10,2,1,1,9,0,1,0
38465,1489,0.0,5.0,0.0,4,1,1,1,3,0,1,0
384716,216,0.0,4.0,2.0,10,5,2,3,9,0,1,0
384906,2242,0.0,3.0,0.0,56,17,6,5,48,0,4,4
38496,133,0.0,3.0,0.0,5,1,1,2,3,0,1,1
385094,1039,0.0,3.0,0.0,17,2,2,1,15,0,2,0
385296,598,0.0,5.0,0.0,7,2,1,1,6,0,1,0
385444,4354,0.0,6.0,0.0,12,4,1,3,10,0,1,1
385752,3236,0.0,5.0,1.0,8,2,1,2,6,1,1,0
38580,4143,0.0,6.0,0.0,23,18,4,3,22,0,1,0
385833,2026,0.0,2.0,1.0,3,1,1,2,2,0,1,0
386103,326,0.0,4.0,1.0,5,2,1,2,3,1,1,0
386174,200,0.0,4.0,0.0,11,1,1,2,9,0,1,1
386226,4871,0.0,3.0,1.0,1,1,1,1,0,0,1,0
38651,608,0.0,4.0,0.0,2,1,1,1,1,0,1,0
386607,1399,0.0,6.0,1.0,16,2,1,1,14,0,2,0
386654,1999,0.0,4.0,1.0,6,2,1,1,3,0,2,1
386761,2482,0.0,4.0,0.0,5,1,1,2,4,0,1,0
387039,4659,0.0,2.0,0.0,15,9,5,4,9,0,2,4
387598,1131,1.0,3.0,0.0,6,3,3,3,5,0,1,0
388331,3954,0.0,2.0,1.0,7,1,1,1,6,0,1,0
388682,219,0.0,6.0,1.0,11,4,1,1,9,0,2,0
388890,2766,0.0,5.0,1.0,13,4,3,3,11,0,2,0
3891,3016,1.0,0.0,0.0,12,6,3,2,10,0,2,0
389172,1833,0.0,3.0,0.0,3,2,1,2,2,0,1,0
389530,1708,0.0,4.0,0.0,1,1,1,1,0,0,1,0
389616,960,1.0,2.0,0.0,7,4,1,2,6,0,1,0
38994,1911,0.0,0.0,0.0,3,1,1,1,1,0,2,0
389949,1923,0.0,5.0,0.0,12,3,3,2,10,0,2,0
389999,4413,0.0,5.0,0.0,28,17,5,1,25,0,3,0
39036,4846,0.0,3.0,0.0,3,1,1,1,2,0,1,0
390866,423,0.0,3.0,0.0,2,1,1,1,1,0,1,0
392561,1594,0.0,4.0,1.0,11,4,3,2,9,0,1,1
392984,1618,0.0,5.0,0.0,48,26,8,4,44,0,1,3
392991,2278,1.0,2.0,0.0,5,1,1,2,4,0,1,0
393237,22,0.0,0.0,0.0,2,1,1,1,1,0,1,0
39333,4186,0.0,7.0,0.0,58,13,1,5,56,0,1,1
393435,3152,1.0,3.0,1.0,9,1,1,1,7,0,1,1
394110,3986,0.0,2.0,0.0,1,1,1,1,0,0,1,0
394325,2318,0.0,3.0,1.0,3,1,1,1,2,0,1,0
395263,2872,0.0,3.0,0.0,5,1,1,2,4,0,1,0
395511,2447,0.0,2.0,0.0,5,1,1,2,3,0,1,1
396035,4585,0.0,3.0,0.0,13,4,1,3,11,1,1,0
396619,3873,0.0,5.0,1.0,4,3,2,1,3,0,1,0
396815,4011,0.0,2.0,0.0,4,1,1,1,3,0,1,0
397056,3463,0.0,4.0,0.0,10,3,2,1,9,0,1,0
397462,1495,0.0,0.0,null,9,4,1,1,8,0,1,0
397641,2915,0.0,4.0,1.0,6,2,1,1,4,1,1,0
397784,2072,0.0,3.0,1.0,3,1,1,1,2,0,1,0
397784,3392,0.0,3.0,1.0,5,1,1,2,4,0,1,0
398497,4960,0.0,0.0,0.0,18,9,5,3,14,0,4,0
398653,2936,0.0,3.0,0.0,11,3,1,3,9,0,2,0
398992,2810,0.0,3.0,0.0,10,3,1,1,8,0,1,1
399598,2565,0.0,3.0,0.0,2,1,1,1,0,0,2,0
400410,2537,0.0,0.0,0.0,7,1,1,2,6,0,1,0
400418,1102,0.0,4.0,0.0,33,18,6,3,30,0,3,0
403510,4710,0.0,0.0,0.0,12,3,2,3,10,0,1,1
403562,4462,0.0,4.0,0.0,4,1,1,2,3,0,1,0
403898,4282,0.0,3.0,0.0,5,1,1,1,4,0,1,0
404600,3545,0.0,3.0,0.0,5,2,1,1,4,0,1,0
405361,2537,0.0,3.0,0.0,150,36,10,8,140,0,5,5
405731,102,0.0,6.0,1.0,39,5,3,2,38,0,1,0
405786,2935,0.0,7.0,0.0,3,1,1,1,2,0,1,0
40602,1190,0.0,2.0,0.0,6,4,2,1,5,0,1,0
406030,4724,0.0,3.0,0.0,5,1,1,1,4,0,1,0
406205,963,1.0,6.0,1.0,19,3,1,5,18,0,1,0
406650,3004,0.0,4.0,2.0,2,1,1,1,1,0,1,0
406730,2440,0.0,0.0,0.0,8,5,2,1,7,0,1,0
407035,2344,0.0,6.0,1.0,5,2,1,1,4,0,1,0
407469,3609,0.0,6.0,0.0,15,5,1,1,14,0,1,0
408064,1892,0.0,3.0,1.0,3,1,1,1,2,0,1,0
408339,798,0.0,3.0,0.0,4,1,1,2,3,0,1,0
408589,4607,0.0,5.0,0.0,16,8,3,2,14,0,2,0
409208,3734,0.0,2.0,1.0,34,7,3,7,31,0,1,2
409734,1511,0.0,0.0,0.0,5,1,1,1,4,0,1,0
409976,4793,0.0,3.0,1.0,1,1,1,1,0,0,1,0
410108,3473,0.0,3.0,0.0,32,5,2,3,31,0,1,0
410160,1719,0.0,3.0,0.0,2,1,1,2,0,0,1,1
410896,1831,0.0,4.0,0.0,7,1,1,1,6,0,1,0
411444,962,0.0,2.0,0.0,6,2,2,1,5,0,1,0
411447,3205,0.0,2.0,0.0,11,8,2,1,2,0,1,8
411756,951,0.0,3.0,0.0,1,1,1,1,0,0,1,0
412112,4847,0.0,0.0,0.0,7,5,1,1,6,0,1,0
412178,4173,0.0,0.0,0.0,11,3,2,1,9,0,2,0
412261,3205,1.0,0.0,1.0,4,1,1,1,3,0,1,0
412837,2879,0.0,0.0,0.0,6,2,1,1,4,0,2,0
41331,952,0.0,2.0,1.0,5,1,1,2,3,0,1,1
413603,1399,0.0,4.0,0.0,39,6,1,4,34,0,1,4
414262,3536,0.0,3.0,1.0,1,1,1,1,0,0,1,0
414545,3536,0.0,0.0,0.0,4,1,1,1,3,0,1,0
414565,4044,0.0,0.0,0.0,21,9,6,5,20,0,1,0
414990,1346,0.0,4.0,2.0,21,2,1,2,20,0,1,0
415241,1760,0.0,0.0,0.0,30,12,2,2,24,0,6,0
415674,152,0.0,6.0,0.0,4,3,2,1,3,0,1,0
416252,4829,0.0,6.0,1.0,2,1,1,1,1,0,1,0
41697,3205,0.0,3.0,0.0,2,2,1,1,0,0,2,0
417469,96,0.0,4.0,0.0,3,1,1,2,0,0,1,2
417484,547,0.0,4.0,1.0,5,4,3,1,4,0,1,0
417527,1833,0.0,4.0,0.0,26,14,6,1,25,0,1,0
418048,3476,0.0,4.0,1.0,13,6,4,1,11,0,2,0
418427,3469,0.0,3.0,0.0,18,5,1,1,17,0,1,0
419013,2899,0.0,4.0,0.0,19,9,3,2,18,0,1,0
419113,1393,0.0,0.0,0.0,2,1,1,1,1,0,1,0
42001,4170,0.0,3.0,0.0,4,1,1,1,3,0,1,0
420163,2138,0.0,3.0,0.0,22,5,1,2,21,0,1,0
420276,3734,0.0,4.0,0.0,36,17,4,3,33,0,3,0
420783,3350,0.0,4.0,1.0,31,13,3,1,29,0,2,0
421116,133,0.0,0.0,1.0,9,1,1,3,8,0,1,0
421201,1470,0.0,6.0,0.0,1,1,1,1,0,0,1,0
421481,1968,0.0,2.0,1.0,6,1,1,2,4,0,2,0
422094,4140,0.0,5.0,0.0,5,3,1,4,4,0,1,0
422517,514,0.0,3.0,1.0,3,1,1,1,1,0,2,0
422799,1360,0.0,3.0,0.0,5,1,1,2,4,0,1,0
422931,4145,0.0,3.0,0.0,2,1,1,1,1,0,1,0
422987,2032,0.0,3.0,0.0,50,14,2,2,47,0,3,0
42369,2217,0.0,5.0,1.0,2,1,1,1,1,0,1,0
42655,4465,0.0,3.0,0.0,2,1,1,1,0,0,1,1
42942,4871,0.0,5.0,0.0,1,1,1,1,0,0,1,0
430,641,0.0,6.0,0.0,13,5,4,1,11,0,2,0
43071,503,0.0,4.0,1.0,1,1,1,1,0,0,1,0
43455,4648,0.0,2.0,0.0,14,6,4,1,13,0,1,0
43624,2664,0.0,2.0,1.0,3,2,1,1,2,0,1,0
43717,574,0.0,0.0,0.0,29,8,1,4,28,0,1,0
43861,1356,1.0,0.0,1.0,7,2,1,3,5,0,1,1
43962,2915,0.0,3.0,1.0,11,7,3,1,9,0,2,0
44269,152,0.0,5.0,0.0,9,4,2,2,7,0,2,0
44570,2014,0.0,5.0,1.0,49,14,2,6,47,0,2,0
45403,4015,0.0,4.0,1.0,3,1,1,1,2,0,1,0
45519,1357,0.0,4.0,1.0,3,1,1,3,2,0,1,0
45741,742,0.0,4.0,0.0,6,1,1,2,5,0,1,0
45964,216,0.0,4.0,1.0,2,1,1,1,1,0,1,0
45981,256,0.0,3.0,2.0,2,1,1,1,1,0,1,0
46331,66,0.0,4.0,0.0,18,7,2,1,16,0,1,1
46901,1760,0.0,4.0,0.0,5,1,1,1,3,0,2,0
46906,4173,0.0,0.0,0.0,39,12,4,1,36,0,2,1
4692,1276,0.0,0.0,0.0,10,6,1,1,9,0,1,0
47501,1618,0.0,3.0,1.0,12,1,1,1,10,0,1,1
4761,2916,0.0,2.0,1.0,1,1,1,1,0,0,1,0
47769,4173,0.0,4.0,1.0,6,2,1,1,5,0,1,0
47813,4173,0.0,6.0,0.0,1,1,1,1,0,0,1,0
48143,783,1.0,0.0,0.0,12,3,1,2,10,0,1,1
48188,1861,1.0,4.0,0.0,3,1,1,1,1,0,1,1
48631,2691,0.0,7.0,0.0,3,1,1,1,2,0,1,0
48650,3580,0.0,0.0,1.0,10,3,3,2,9,0,1,0
48971,812,0.0,4.0,0.0,6,1,1,2,5,0,1,0
49282,1892,0.0,3.0,2.0,11,10,6,3,10,0,1,0
4930,2696,0.0,4.0,2.0,2,1,1,2,1,0,1,0
4944,4589,0.0,3.0,0.0,2,1,1,1,1,0,1,0
49564,2646,0.0,4.0,0.0,5,2,1,1,3,0,2,0
50130,590,0.0,3.0,0.0,2,1,1,1,1,0,1,0
50140,4659,0.0,3.0,0.0,18,8,7,3,12,0,5,1
50210,508,0.0,null,null,5,1,1,2,3,0,2,0
50445,2537,0.0,0.0,0.0,12,2,2,1,10,0,2,0
50526,4926,0.0,3.0,0.0,8,4,4,2,4,0,4,0
50764,4258,1.0,3.0,0.0,9,2,2,2,6,0,1,2
51194,2565,0.0,0.0,0.0,22,11,1,2,21,0,1,0
51466,3419,0.0,5.0,0.0,4,2,2,1,3,0,1,0
52078,3578,0.0,4.0,0.0,2,1,1,1,1,0,1,0
52117,547,0.0,5.0,0.0,38,18,3,4,36,0,1,1
52505,812,0.0,5.0,0.0,1,1,1,1,0,0,1,0
52706,3546,0.0,4.0,1.0,5,1,1,1,4,0,1,0
53129,1892,0.0,0.0,0.0,71,36,10,4,65,0,1,5
53339,4894,0.0,3.0,1.0,4,2,1,1,3,0,1,0
53340,2436,0.0,5.0,1.0,17,10,6,1,13,0,2,2
53379,2209,0.0,3.0,0.0,4,2,1,1,3,0,1,0
53601,4648,0.0,5.0,0.0,8,4,1,2,5,0,1,2
53798,3629,0.0,6.0,0.0,14,5,3,5,11,0,1,2
54272,3163,0.0,3.0,1.0,11,5,4,1,5,0,6,0
54319,4976,0.0,3.0,1.0,117,16,3,2,114,0,3,0
54383,3476,0.0,4.0,0.0,26,10,7,5,24,0,2,0
54664,2869,0.0,3.0,0.0,7,1,1,1,6,0,1,0
55225,4009,0.0,0.0,1.0,23,8,3,4,22,0,1,0
55530,4265,0.0,0.0,0.0,12,3,1,2,11,0,1,0
55609,2482,0.0,0.0,0.0,10,4,3,2,9,0,1,0
56132,4871,0.0,3.0,1.0,6,3,2,2,5,0,1,0
56147,1978,0.0,2.0,1.0,23,7,1,3,22,0,1,0
56545,2424,0.0,3.0,0.0,1,1,1,1,0,0,1,0
56593,3968,0.0,3.0,null,5,2,2,1,3,0,1,1
56605,4009,0.0,5.0,0.0,10,8,3,1,8,1,1,0
57616,2173,0.0,0.0,0.0,8,5,1,1,7,0,1,0
57659,3766,0.0,2.0,1.0,23,10,6,3,18,0,1,4
57701,3828,0.0,4.0,0.0,3,1,1,1,2,0,1,0
57857,1200,0.0,0.0,1.0,2,1,1,1,0,0,2,0
5804,1359,0.0,4.0,0.0,7,4,2,1,5,0,2,0
58308,542,0.0,0.0,0.0,3,1,1,2,2,0,1,0
58536,951,0.0,6.0,0.0,2,1,1,1,1,0,1,0
5860,3349,0.0,0.0,0.0,45,16,2,3,44,0,1,0
58856,1526,0.0,3.0,0.0,31,6,3,3,29,0,2,0
58958,1346,0.0,3.0,0.0,22,7,1,5,20,0,1,1
5920,598,0.0,6.0,1.0,1,1,1,1,0,0,1,0
59350,3828,1.0,0.0,0.0,22,11,7,4,20,0,2,0
59626,3622,0.0,6.0,2.0,43,10,1,2,41,0,2,0
60098,121,0.0,5.0,0.0,27,20,8,5,25,0,1,1
60416,3509,0.0,5.0,0.0,3,1,1,1,2,0,1,0
60448,3614,0.0,5.0,0.0,1,1,1,1,0,0,1,0
60910,2891,0.0,4.0,0.0,7,1,1,2,5,0,1,1
61400,3955,0.0,0.0,1.0,2,1,1,1,1,0,1,0
61485,598,0.0,3.0,1.0,7,2,2,2,4,0,1,2
61984,1340,0.0,6.0,0.0,30,19,2,1,21,0,9,0
62143,2592,0.0,0.0,0.0,5,2,1,1,4,0,1,0
62237,2928,0.0,4.0,0.0,12,4,4,3,11,0,1,0
62270,1541,0.0,3.0,1.0,1,1,1,1,0,0,1,0
62614,1884,0.0,3.0,1.0,15,10,2,1,14,0,1,0
63060,1948,0.0,5.0,1.0,7,4,2,2,6,0,1,0
63622,361,0.0,3.0,0.0,2,1,1,1,1,0,1,0
63629,2537,0.0,3.0,null,19,4,1,2,18,0,1,0
64551,503,0.0,5.0,0.0,11,5,2,3,10,0,1,0
6500,594,0.0,3.0,0.0,4,1,1,1,2,0,1,1
65185,731,0.0,6.0,0.0,8,1,1,5,7,0,1,0
65869,2545,1.0,4.0,1.0,53,16,8,3,51,0,2,0
66020,1283,0.0,4.0,0.0,9,4,1,2,8,0,1,0
66111,2730,0.0,3.0,0.0,5,3,1,1,4,0,1,0
66248,3148,0.0,2.0,1.0,6,3,1,1,5,0,1,0
66978,2318,0.0,3.0,0.0,7,5,2,1,6,0,1,0
67103,3954,0.0,2.0,1.0,3,1,1,1,2,0,1,0
67322,1187,0.0,3.0,0.0,7,4,2,1,6,0,1,0
6834,1520,0.0,4.0,0.0,4,1,1,1,3,0,1,0
68402,4976,0.0,6.0,1.0,3,1,1,1,2,0,1,0
68467,3954,0.0,0.0,1.0,5,3,3,2,3,0,2,0
68698,1530,0.0,2.0,0.0,2,1,1,1,1,0,1,0
68819,4079,0.0,6.0,0.0,10,3,1,2,6,3,1,0
70012,3784,0.0,2.0,0.0,14,3,3,3,12,0,1,1
70339,2954,0.0,4.0,0.0,9,3,3,3,8,0,1,0
70985,3463,0.0,3.0,0.0,11,1,1,2,9,0,1,1
71330,742,0.0,3.0,0.0,3,1,1,2,1,0,1,1
7141,3163,0.0,3.0,0.0,5,1,1,2,2,0,2,1
71735,1661,0.0,4.0,0.0,4,3,1,1,3,0,1,0
71751,1884,0.0,0.0,0.0,3,1,1,1,2,0,1,0
71803,1272,1.0,3.0,0.0,6,2,1,3,0,0,2,4
72106,1340,0.0,4.0,0.0,11,10,2,2,10,0,1,0
72194,967,0.0,2.0,0.0,3,1,1,1,2,0,1,0
7230,3103,0.0,4.0,0.0,7,6,1,2,6,0,1,0
72314,4079,0.0,0.0,0.0,2,1,1,1,1,0,1,0
72398,4760,0.0,6.0,0.0,13,9,3,1,12,0,1,0
72624,598,0.0,3.0,0.0,2,2,2,2,1,0,1,0
72885,4302,0.0,5.0,0.0,4,1,1,1,3,0,1,0
73084,2294,0.0,5.0,0.0,2,1,1,1,1,0,1,0
73475,1911,1.0,4.0,0.0,14,7,1,1,12,0,2,0
7386,4558,0.0,2.0,0.0,5,1,1,2,4,0,1,0
73880,242,0.0,2.0,1.0,7,1,1,1,6,0,1,0
74082,1090,0.0,4.0,1.0,1,1,1,1,0,0,1,0
74114,323,0.0,3.0,0.0,27,8,1,6,23,0,1,3
74184,1861,1.0,4.0,2.0,11,5,2,3,8,0,1,2
74379,145,0.0,2.0,0.0,2,1,1,2,0,0,1,1
74931,3057,0.0,2.0,0.0,2,1,1,1,0,0,1,1
75256,2230,0.0,4.0,0.0,8,1,1,1,6,0,1,1
75304,4760,0.0,3.0,0.0,12,8,2,2,11,0,1,0
76160,3578,0.0,0.0,0.0,4,2,1,1,3,0,1,0
76278,2339,0.0,4.0,1.0,3,1,1,2,1,0,1,1
77541,1443,0.0,6.0,1.0,4,2,2,1,3,0,1,0
77675,643,0.0,0.0,0.0,12,3,2,4,11,0,1,0
77877,588,0.0,3.0,0.0,6,1,1,1,4,0,2,0
78010,976,0.0,6.0,0.0,2,1,1,1,1,0,1,0
78505,423,0.0,0.0,0.0,3,2,1,1,2,0,1,0
78838,4760,0.0,3.0,0.0,18,4,1,2,15,0,1,2
79188,1346,1.0,0.0,0.0,9,3,1,2,8,0,1,0
79393,4793,0.0,0.0,1.0,2,1,1,1,1,0,1,0
79602,3828,0.0,0.0,0.0,6,2,2,3,5,0,1,0
79909,4048,0.0,0.0,0.0,9,4,1,1,7,0,2,0
80152,4044,0.0,6.0,0.0,8,6,5,3,7,0,1,0
80424,4173,1.0,0.0,0.0,85,36,10,9,83,0,2,0
8053,4048,0.0,3.0,0.0,4,1,1,1,3,0,1,0
80579,1204,0.0,0.0,0.0,5,1,1,1,2,0,3,0
80954,4830,0.0,3.0,0.0,10,3,1,2,9,0,1,0
80958,649,0.0,3.0,0.0,5,2,1,4,2,0,1,2
81015,2436,0.0,0.0,0.0,2,1,1,1,1,0,1,0
81559,4249,0.0,2.0,0.0,6,4,1,2,4,0,1,1
81902,2821,0.0,6.0,1.0,5,1,1,1,3,0,1,1
82118,1963,0.0,2.0,2.0,102,17,5,2,96,0,3,3
82375,535,0.0,2.0,0.0,3,1,1,1,2,0,1,0
82465,4760,0.0,4.0,1.0,15,5,2,2,14,0,1,0
83310,1816,0.0,4.0,2.0,30,12,5,3,27,0,3,0
83365,794,0.0,4.0,0.0,28,12,2,3,27,0,1,0
83860,4044,0.0,4.0,0.0,2,1,1,2,1,0,1,0
83910,2915,0.0,0.0,0.0,11,4,2,2,9,0,2,0
8398,2981,0.0,3.0,1.0,5,2,2,2,4,0,1,0
84229,416,0.0,0.0,0.0,4,1,1,2,3,0,1,0
8449,4173,0.0,4.0,0.0,36,28,7,4,34,0,1,1
85387,606,0.0,4.0,0.0,8,2,1,3,7,0,1,0
85547,4294,0.0,4.0,0.0,7,2,1,1,6,0,1,0
8615,3898,0.0,6.0,0.0,7,3,1,2,6,0,1,0
86313,3971,0.0,6.0,0.0,1,1,1,1,0,0,1,0
86539,1719,0.0,3.0,1.0,2,1,1,1,1,0,1,0
86736,1272,0.0,6.0,0.0,31,15,7,3,28,0,3,0
87168,1193,0.0,3.0,1.0,15,3,1,2,12,0,1,2
87454,598,0.0,3.0,1.0,1,1,1,1,0,0,1,0
8750,2954,0.0,0.0,0.0,3,1,1,1,2,0,1,0
87548,3828,0.0,0.0,0.0,24,6,2,1,22,0,2,0
87799,4864,0.0,0.0,0.0,3,1,1,1,2,0,1,0
87848,4039,0.0,3.0,0.0,75,1,1,1,74,0,1,0
87899,1393,0.0,0.0,0.0,5,3,2,1,4,0,1,0
88261,3635,0.0,4.0,0.0,4,2,1,1,3,0,1,0
88420,66,0.0,3.0,0.0,5,1,1,2,4,0,1,0
88669,4048,0.0,3.0,0.0,5,1,1,1,4,0,1,0
88677,1520,0.0,0.0,1.0,2,1,1,1,1,0,1,0
89083,1131,0.0,3.0,0.0,33,14,7,1,31,0,2,0
89086,66,0.0,3.0,0.0,6,2,1,2,5,0,1,0
89587,4125,1.0,3.0,0.0,4,1,1,1,2,0,2,0
89650,3734,0.0,2.0,1.0,2,2,2,1,0,0,2,0
89725,1900,1.0,4.0,1.0,5,1,1,1,1,0,4,0
90245,1895,0.0,4.0,0.0,2,2,1,1,1,0,1,0
90610,523,0.0,4.0,1.0,7,2,1,1,6,0,1,0
90761,1272,0.0,6.0,0.0,6,3,3,1,5,0,1,0
90815,2821,0.0,0.0,0.0,2,1,1,1,1,0,1,0
90820,1103,1.0,4.0,0.0,1,1,1,1,0,0,1,0
91420,1464,0.0,4.0,0.0,16,5,1,3,15,0,1,0
92108,1679,0.0,5.0,1.0,5,2,1,1,4,0,1,0
92281,1916,0.0,0.0,1.0,11,4,2,1,6,0,5,0
93061,2562,0.0,2.0,1.0,4,1,1,1,3,0,1,0
94155,412,0.0,2.0,0.0,23,12,4,1,22,0,1,0
94729,2721,0.0,5.0,0.0,18,5,1,3,12,0,5,1
94815,4760,0.0,4.0,0.0,3,1,1,1,2,0,1,0
94849,3628,0.0,4.0,0.0,3,1,1,1,2,0,1,0
95026,590,0.0,2.0,0.0,3,1,1,1,2,0,1,0
95148,3363,0.0,2.0,2.0,3,2,1,2,2,0,1,0
95244,1308,0.0,0.0,1.0,7,1,1,1,6,0,1,0
95287,1861,1.0,5.0,0.0,7,3,2,2,6,0,1,0
95289,1102,0.0,3.0,0.0,2,1,1,2,0,0,1,1
95588,1816,0.0,2.0,1.0,10,2,1,2,8,0,1,1
95766,4818,1.0,3.0,1.0,9,5,3,2,8,0,1,0
95979,301,0.0,2.0,0.0,4,1,1,1,2,0,2,0
9661,4044,0.0,3.0,0.0,21,11,3,1,16,0,1,4
96679,219,0.0,2.0,1.0,6,2,1,1,5,0,1,0
96736,3301,0.0,4.0,1.0,5,1,1,1,4,0,1,0
97087,3288,1.0,7.0,1.0,7,2,1,2,6,0,1,0
97744,1713,0.0,0.0,0.0,3,1,1,1,1,0,2,0
98148,2849,0.0,5.0,2.0,60,28,7,3,50,0,3,7
98660,4871,0.0,0.0,0.0,6,1,1,2,4,0,1,1
99085,1485,0.0,4.0,0.0,3,1,1,3,1,0,1,1
99216,2545,0.0,2.0,1.0,13,5,2,1,12,0,1,0
99632,4938,0.0,0.0,0.0,5,1,1,1,3,0,2,0
