100172,2226,0.0,3.0,0.0,8,6,3,1,7,0,1,0
100204,437,0.0,6.0,0.0,6,1,1,2,5,0,1,0
100281,4325,0.0,3.0,1.0,2,1,1,1,1,0,1,0
101172,1067,0.0,4.0,1.0,7,2,1,2,5,0,1,1
101797,2790,0.0,4.0,1.0,1,1,1,1,0,0,1,0
102722,1840,0.0,4.0,1.0,4,1,1,2,3,0,1,0
102752,168,0.0,3.0,0.0,39,17,3,1,36,0,3,0
102830,1499,0.0,0.0,0.0,4,2,2,1,2,0,2,0
103617,2278,0.0,0.0,1.0,3,2,1,1,2,0,1,0
103638,3291,1.0,4.0,0.0,6,1,1,1,2,0,4,0
104309,3734,0.0,3.0,1.0,2,1,1,2,1,0,1,0
104852,2821,0.0,0.0,1.0,2,1,1,1,1,0,1,0
104958,606,0.0,4.0,0.0,3,2,2,3,1,0,1,1
105561,1472,0.0,4.0,0.0,6,3,1,1,5,0,1,0
105765,1632,0.0,0.0,0.0,10,2,1,2,8,0,1,1
106315,3990,0.0,2.0,1.0,4,1,1,1,3,0,1,0
106946,3080,0.0,3.0,1.0,8,3,1,2,6,0,1,1
107011,2545,0.0,2.0,0.0,9,4,4,3,7,0,1,1
10716,4976,0.0,2.0,1.0,2,2,2,1,0,0,2,0
107618,3367,0.0,0.0,0.0,4,1,1,1,3,0,1,0
107664,2217,0.0,0.0,0.0,1,1,1,1,0,0,1,0
107712,3826,0.0,2.0,1.0,1,1,1,1,0,0,1,0
108686,4115,1.0,2.0,0.0,2,1,1,2,1,0,1,0
10886,492,0.0,2.0,0.0,1,1,1,1,0,0,1,0
108900,4394,0.0,0.0,0.0,6,4,1,1,5,0,1,0
109557,1250,0.0,2.0,0.0,14,5,3,2,12,0,2,0
109659,4492,0.0,0.0,0.0,10,1,1,1,8,1,1,0
110268,2217,0.0,4.0,0.0,9,4,2,4,8,0,1,0
110394,2669,0.0,3.0,0.0,6,2,1,2,5,0,1,0
110514,1415,0.0,4.0,1.0,1,1,1,1,0,0,1,0
110677,3420,0.0,6.0,1.0,5,4,2,1,1,0,4,0
110741,3828,0.0,4.0,0.0,3,1,1,1,2,0,1,0
111260,756,0.0,2.0,0.0,6,1,1,3,5,0,1,0
111346,2562,0.0,6.0,1.0,5,1,1,1,3,0,1,1
111346,4305,0.0,6.0,1.0,24,11,4,3,19,0,1,4
111558,4454,0.0,2.0,0.0,9,1,1,3,7,0,1,1
111595,2954,0.0,3.0,0.0,5,1,1,1,2,0,3,0
112006,588,0.0,3.0,0.0,1,1,1,1,0,0,1,0
11306,4173,0.0,2.0,0.0,37,29,7,4,36,0,1,0
113336,3536,1.0,4.0,0.0,6,3,1,1,5,0,1,0
113561,1102,0.0,3.0,1.0,10,5,4,4,9,0,1,0
11372,170,0.0,2.0,0.0,11,3,1,3,9,0,1,1
114688,265,0.0,5.0,0.0,15,5,1,2,11,0,3,1
114872,2594,0.0,6.0,0.0,18,6,3,3,16,0,2,0
115330,862,0.0,4.0,0.0,7,7,5,2,3,0,4,0
115854,1851,0.0,5.0,0.0,2,1,1,1,1,0,1,0
115969,1900,1.0,0.0,0.0,6,2,2,1,3,0,3,0
116564,2537,0.0,3.0,1.0,5,1,1,1,4,0,1,0
116940,133,1.0,7.0,1.0,5,3,1,2,3,0,1,1
117107,4079,0.0,3.0,0.0,2,1,1,1,0,0,2,0
117320,152,0.0,6.0,0.0,6,2,2,2,5,0,1,0
117481,4499,0.0,2.0,0.0,10,3,1,2,9,0,1,0
117927,2545,0.0,3.0,1.0,5,1,1,2,4,0,1,0
117995,4534,0.0,4.0,0.0,4,1,1,2,2,0,2,0
118590,927,0.0,2.0,0.0,5,1,1,1,4,0,1,0
1189,1412,0.0,0.0,0.0,11,4,2,3,10,0,1,0
119024,3191,0.0,3.0,0.0,5,3,2,1,4,0,1,0
119085,71,0.0,0.0,0.0,18,11,4,3,16,0,1,1
11924,1574,0.0,3.0,1.0,4,1,1,2,3,0,1,0
11952,4173,0.0,6.0,1.0,15,12,5,1,14,0,1,0
120114,4577,0.0,6.0,0.0,18,7,7,2,10,0,8,0
120952,2273,0.0,6.0,0.0,2,1,1,1,1,0,1,0
120959,1434,0.0,3.0,0.0,12,3,1,2,10,0,2,0
121009,2403,0.0,5.0,0.0,10,9,2,1,9,0,1,0
121617,1487,0.0,0.0,0.0,15,2,1,4,12,0,1,2
122194,117,0.0,2.0,1.0,23,1,1,6,22,0,1,0
122195,1738,0.0,3.0,0.0,31,17,3,1,30,0,1,0
122228,4368,0.0,5.0,0.0,5,1,1,1,4,0,1,0
122246,2448,0.0,6.0,0.0,3,1,1,1,2,0,1,0
122361,1719,0.0,3.0,0.0,8,1,1,5,7,0,1,0
122837,4394,0.0,0.0,0.0,3,1,1,1,2,0,1,0
122932,2193,0.0,0.0,1.0,1,1,1,1,0,0,1,0
122955,2492,0.0,2.0,0.0,8,4,1,1,7,0,1,0
123278,4605,0.0,0.0,0.0,2,1,1,1,1,0,1,0
123683,2112,0.0,4.0,0.0,97,31,3,3,88,0,9,0
124201,1500,0.0,5.0,0.0,8,3,3,1,7,0,1,0
124383,1890,0.0,2.0,0.0,39,11,2,11,34,0,1,4
124831,4976,0.0,4.0,1.0,3,2,2,1,2,0,1,0
125400,4992,0.0,4.0,0.0,13,3,1,2,10,1,1,1
125916,1738,0.0,6.0,0.0,6,4,3,2,5,0,1,0
127104,4048,1.0,6.0,1.0,4,2,1,2,3,0,1,0
12720,2537,0.0,2.0,0.0,20,8,5,2,13,0,2,5
127622,4044,0.0,0.0,0.0,59,33,9,4,53,0,4,2
127929,2537,0.0,0.0,0.0,2,1,1,1,1,0,1,0
12830,3314,0.0,4.0,0.0,4,2,1,1,3,0,1,0
128648,4847,0.0,3.0,1.0,27,13,6,1,25,0,2,0
129009,1892,0.0,4.0,0.0,3,3,2,1,1,0,2,0
129121,2786,1.0,3.0,1.0,8,3,2,1,6,0,2,0
12938,4322,0.0,6.0,1.0,4,1,1,2,2,0,1,1
129404,3205,0.0,5.0,2.0,17,8,2,2,7,0,2,8
129593,467,0.0,3.0,1.0,6,1,1,2,4,0,1,1
129713,3236,0.0,3.0,0.0,7,3,1,2,6,0,1,0
129787,1602,0.0,3.0,0.0,4,3,2,2,0,0,2,2
130247,2746,0.0,3.0,0.0,28,13,5,1,23,0,5,0
131011,121,0.0,4.0,0.0,18,8,3,1,15,0,3,0
131372,1760,0.0,3.0,0.0,3,2,1,1,2,0,1,0
131560,1356,0.0,2.0,0.0,5,1,1,2,4,0,1,0
131914,3828,0.0,3.0,0.0,12,6,5,3,11,0,1,0
132293,904,0.0,3.0,1.0,2,1,1,1,1,0,1,0
133124,1467,0.0,0.0,0.0,7,1,1,4,6,0,1,0
133254,1892,0.0,4.0,2.0,5,5,5,3,4,0,1,0
133365,630,0.0,3.0,0.0,5,3,2,1,4,0,1,0
134137,2482,0.0,0.0,0.0,54,14,7,5,46,0,1,7
134476,1875,0.0,4.0,0.0,7,6,2,1,6,0,1,0
134488,643,0.0,null,null,6,4,2,1,4,0,2,0
134604,2653,0.0,6.0,1.0,7,2,1,1,5,0,2,0
135360,1892,1.0,3.0,0.0,8,3,1,1,7,0,1,0
136126,2900,0.0,2.0,0.0,1,1,1,1,0,0,1,0
136128,1203,0.0,3.0,0.0,6,4,3,2,2,0,4,0
136211,3819,0.0,3.0,0.0,13,7,4,1,12,0,1,0
136632,4173,0.0,4.0,0.0,7,1,1,1,5,0,1,1
137432,3955,0.0,0.0,0.0,5,1,1,1,4,0,1,0
137628,855,0.0,3.0,0.0,9,2,2,4,7,0,1,1
138304,885,0.0,3.0,2.0,4,1,1,1,1,0,3,0
138357,4850,0.0,5.0,0.0,11,5,2,1,10,0,1,0
138401,3335,0.0,6.0,0.0,4,2,1,1,3,0,1,0
138648,1285,0.0,0.0,0.0,16,3,2,2,15,0,1,0
138663,4308,0.0,0.0,0.0,7,1,1,1,6,0,1,0
139483,1200,0.0,5.0,1.0,4,1,1,1,2,0,2,0
139543,467,0.0,4.0,0.0,2,1,1,1,1,0,1,0
139626,1871,0.0,4.0,0.0,1,1,1,1,0,0,1,0
139637,2055,0.0,3.0,0.0,18,11,4,1,15,0,3,0
140044,3893,1.0,5.0,0.0,3,1,1,2,1,0,1,1
140153,2629,0.0,4.0,0.0,3,1,1,1,2,0,1,0
140562,1203,0.0,0.0,0.0,3,1,1,2,2,0,1,0
140737,1472,0.0,4.0,0.0,1,1,1,1,0,0,1,0
141269,1067,0.0,6.0,0.0,8,3,1,2,7,0,1,0
141643,718,0.0,6.0,1.0,2,1,1,1,1,0,1,0
141651,508,0.0,3.0,0.0,29,13,1,1,27,0,2,0
141653,433,0.0,4.0,0.0,28,12,2,1,18,0,10,0
141690,684,0.0,0.0,0.0,8,2,1,2,7,0,1,0
141752,2343,0.0,4.0,0.0,16,3,1,2,14,0,2,0
141905,3173,0.0,2.0,1.0,2,1,1,1,0,0,2,0
14197,4427,0.0,0.0,1.0,25,17,3,2,24,0,1,0
142223,4424,0.0,3.0,1.0,33,10,3,3,30,0,3,0
142247,2810,0.0,3.0,1.0,3,1,1,2,2,0,1,0
14262,4976,0.0,0.0,1.0,13,4,2,1,10,0,2,1
142947,1263,0.0,6.0,1.0,9,3,1,1,7,0,2,0
144347,2669,0.0,0.0,0.0,5,2,2,3,2,0,1,2
14542,927,0.0,4.0,0.0,7,3,2,1,6,0,1,0
145631,1833,0.0,6.0,1.0,16,9,1,3,14,0,2,0
145929,1514,0.0,0.0,0.0,16,4,1,1,15,0,1,0
146356,242,0.0,0.0,0.0,10,1,1,2,8,0,1,1
146577,4950,0.0,4.0,0.0,28,8,1,2,26,0,1,1
146631,842,0.0,0.0,0.0,8,3,2,2,7,0,1,0
146749,2284,0.0,4.0,1.0,8,2,1,3,7,0,1,0
14679,1067,0.0,3.0,1.0,7,3,1,3,6,0,1,0
14804,3822,0.0,3.0,0.0,5,4,1,1,4,0,1,0
149201,1407,0.0,6.0,0.0,21,9,1,1,20,0,1,0
149406,317,0.0,0.0,1.0,14,1,1,2,12,0,1,1
149477,2217,0.0,3.0,0.0,9,2,1,4,8,0,1,0
149647,2620,0.0,2.0,0.0,3,1,1,3,0,0,1,2
149716,1050,0.0,6.0,1.0,2,1,1,1,1,0,1,0
149948,3828,0.0,0.0,0.0,71,43,8,3,63,0,1,7
150139,4906,0.0,3.0,1.0,6,2,1,1,5,0,1,0
150189,3170,0.0,4.0,1.0,2,1,1,1,1,0,1,0
150219,1800,0.0,5.0,0.0,13,6,1,2,12,0,1,0
150523,3531,0.0,0.0,0.0,5,3,2,1,4,0,1,0
150590,4469,0.0,2.0,1.0,4,1,1,1,3,0,1,0
150772,3853,1.0,5.0,1.0,5,3,2,1,4,0,1,0
150778,3476,0.0,5.0,2.0,9,3,3,1,6,0,3,0
151148,1884,0.0,3.0,0.0,3,2,1,2,2,0,1,0
151455,4808,0.0,5.0,1.0,8,2,1,1,7,0,1,0
151503,1346,0.0,3.0,0.0,2,1,1,1,1,0,1,0
15151,4186,0.0,3.0,1.0,42,12,1,3,39,0,1,2
151513,4043,1.0,2.0,0.0,2,2,2,2,1,0,1,0
151676,2140,0.0,5.0,1.0,4,1,1,2,2,0,1,1
151699,1726,0.0,2.0,0.0,1,1,1,1,0,0,1,0
151722,4818,0.0,3.0,1.0,1,1,1,1,0,0,1,0
152208,3103,0.0,5.0,0.0,11,6,2,3,10,0,1,0
152300,537,0.0,3.0,0.0,11,2,1,1,9,0,1,1
152750,4919,0.0,3.0,0.0,54,10,2,8,53,0,1,0
152802,4438,0.0,0.0,0.0,6,2,1,1,5,0,1,0
153114,598,0.0,0.0,1.0,11,2,1,1,10,0,1,0
153434,643,0.0,0.0,0.0,14,1,1,1,12,0,1,1
154446,1102,0.0,5.0,0.0,9,5,1,2,7,0,1,1
154674,2592,0.0,0.0,0.0,5,2,2,1,4,0,1,0
15470,2278,1.0,2.0,0.0,11,4,4,2,8,1,2,0
154772,2217,0.0,3.0,0.0,2,2,1,2,1,0,1,0
154920,590,0.0,0.0,1.0,7,2,1,2,6,0,1,0
154952,4605,0.0,0.0,0.0,2,1,1,2,1,0,1,0
15573,3160,0.0,3.0,0.0,8,4,2,1,6,0,1,1
156417,742,0.0,0.0,0.0,3,1,1,1,1,0,1,1
156690,4712,0.0,3.0,0.0,9,7,5,1,8,0,1,0
157065,3411,0.0,6.0,1.0,12,2,1,1,11,0,1,0
157595,804,0.0,4.0,0.0,11,5,5,1,9,0,2,0
157882,2099,0.0,0.0,0.0,13,3,3,3,10,0,1,2
158360,366,0.0,5.0,1.0,4,1,1,1,3,0,1,0
158402,366,0.0,4.0,1.0,3,1,1,1,2,0,1,0
158409,2954,0.0,3.0,1.0,2,1,1,2,1,0,1,0
158645,1494,0.0,5.0,0.0,5,1,1,2,3,0,1,1
15885,4043,1.0,0.0,0.0,4,1,1,1,3,0,1,0
158897,4724,0.0,0.0,0.0,4,2,1,1,3,0,1,0
159086,1892,0.0,3.0,0.0,5,2,2,1,0,0,4,1
159236,323,0.0,4.0,1.0,12,5,1,2,11,0,1,0
159240,3263,0.0,0.0,0.0,2,1,1,2,1,0,1,0
159605,1861,0.0,0.0,0.0,3,1,1,1,2,0,1,0
159795,4744,0.0,3.0,1.0,23,3,1,4,21,0,1,1
160086,2217,0.0,0.0,1.0,3,1,1,1,2,0,1,0
160089,4044,0.0,6.0,0.0,1,1,1,1,0,0,1,0
160339,1679,0.0,0.0,0.0,2,1,1,1,1,0,1,0
160351,4269,0.0,3.0,1.0,25,9,1,7,21,0,2,2
160483,396,0.0,0.0,0.0,2,1,1,1,1,0,1,0
16082,1102,0.0,4.0,0.0,20,5,2,3,19,0,1,0
161544,1346,0.0,4.0,0.0,4,2,1,2,3,0,1,0
162059,2565,0.0,0.0,0.0,10,3,1,5,9,0,1,0
162730,3619,0.0,2.0,0.0,3,1,1,2,2,0,1,0
16301,1760,1.0,2.0,0.0,29,11,2,3,27,0,2,0
163189,4394,0.0,6.0,1.0,9,2,1,2,7,1,1,0
163497,479,0.0,7.0,0.0,5,1,1,1,3,0,1,1
163595,4718,0.0,5.0,0.0,4,2,1,1,3,0,1,0
16410,1487,0.0,3.0,0.0,4,3,1,1,3,0,1,0
164369,3828,0.0,0.0,1.0,8,1,1,3,6,1,1,0
164373,3624,1.0,3.0,0.0,7,2,1,3,6,0,1,0
16450,1067,0.0,6.0,1.0,9,2,2,2,7,0,2,0
165129,2266,0.0,6.0,0.0,6,1,1,2,5,0,1,0
166271,4756,0.0,3.0,0.0,54,12,2,2,42,0,6,6
166322,1890,0.0,4.0,0.0,39,21,4,12,35,0,1,3
166369,1353,0.0,6.0,0.0,3,1,1,1,2,0,1,0
166371,2565,0.0,4.0,0.0,5,1,1,1,4,0,1,0
166918,2031,0.0,0.0,1.0,13,3,2,2,10,0,1,2
16697,1983,0.0,3.0,1.0,2,1,1,1,1,0,1,0
167535,3466,0.0,0.0,0.0,5,3,1,2,4,0,1,0
167788,361,0.0,0.0,1.0,29,9,5,2,27,0,2,0
168418,3022,0.0,4.0,0.0,5,1,1,2,4,0,1,0
168595,3105,0.0,3.0,1.0,16,5,2,1,15,0,1,0
168918,3528,0.0,3.0,0.0,25,15,5,5,24,0,1,0
168950,3129,0.0,4.0,1.0,3,1,1,1,2,0,1,0
168980,2099,0.0,2.0,1.0,2,1,1,1,1,0,1,0
169187,1102,0.0,5.0,2.0,10,7,4,2,6,0,4,0
169352,3191,0.0,3.0,0.0,3,1,1,1,2,0,1,0
169467,1526,0.0,4.0,0.0,6,5,2,1,5,0,1,0
169816,3334,0.0,4.0,1.0,1,1,1,1,0,0,1,0
169997,4048,0.0,3.0,1.0,8,2,1,2,7,0,1,0
170474,423,0.0,0.0,1.0,5,2,1,1,4,0,1,0
170590,467,0.0,3.0,0.0,5,3,3,2,3,0,1,1
170951,588,0.0,5.0,0.0,1,1,1,1,0,0,1,0
171182,2721,1.0,3.0,0.0,14,7,1,1,13,0,1,0
171547,3200,0.0,0.0,0.0,93,46,9,9,90,0,3,0
171583,3363,0.0,2.0,0.0,2,1,1,1,0,0,1,1
171660,264,0.0,4.0,1.0,4,4,4,2,1,0,3,0
171872,3773,0.0,3.0,0.0,7,4,1,1,6,0,1,0
172179,3345,0.0,4.0,0.0,3,2,2,2,2,0,1,0
172267,1556,0.0,0.0,0.0,10,1,1,3,8,0,1,1
172273,4044,0.0,6.0,0.0,12,4,2,2,11,0,1,0
172781,4392,0.0,3.0,0.0,5,1,1,2,4,0,1,0
172837,3191,0.0,4.0,1.0,2,1,1,2,1,0,1,0
173879,1514,0.0,4.0,0.0,14,3,2,3,13,0,1,0
174006,437,0.0,3.0,0.0,109,48,4,9,108,0,1,0
174152,905,0.0,2.0,0.0,13,1,1,2,11,0,1,1
174154,2565,1.0,0.0,1.0,8,2,1,2,6,0,2,0
174190,798,0.0,2.0,1.0,61,20,12,4,57,0,4,0
174280,4394,0.0,0.0,null,6,1,1,1,5,0,1,0
174727,542,0.0,0.0,0.0,3,2,1,1,2,0,1,0
17525,2144,0.0,0.0,1.0,9,1,1,2,6,0,2,1
175374,2910,0.0,6.0,0.0,4,2,2,1,2,0,2,0
176028,250,0.0,0.0,0.0,12,6,4,2,10,0,2,0
176309,2693,0.0,0.0,0.0,21,5,3,2,17,0,1,3
177316,4091,0.0,3.0,1.0,2,2,2,1,0,0,2,0
178028,1102,0.0,4.0,0.0,6,2,1,1,5,0,1,0
178122,2036,0.0,3.0,0.0,2,1,1,1,1,0,1,0
178704,2138,0.0,3.0,0.0,2,1,1,2,0,0,1,1
17873,4847,0.0,3.0,0.0,3,1,1,1,2,0,1,0
178846,2149,0.0,0.0,1.0,20,7,2,1,18,0,2,0
179404,962,0.0,4.0,0.0,4,1,1,1,3,0,1,0
179436,1810,1.0,0.0,0.0,218,102,16,17,214,0,3,1
179713,3635,0.0,4.0,null,6,1,1,1,4,0,2,0
179927,4472,0.0,4.0,1.0,5,1,1,1,4,0,1,0
180046,951,0.0,3.0,1.0,2,1,1,1,1,0,1,0
180276,4976,0.0,0.0,0.0,5,2,2,2,4,0,1,0
180396,798,0.0,3.0,0.0,17,4,4,4,14,0,1,2
18044,3205,0.0,0.0,0.0,4,1,1,1,3,0,1,0
180710,4234,0.0,5.0,1.0,7,3,3,1,4,0,3,0
180961,856,0.0,0.0,1.0,8,4,1,1,7,0,1,0
181046,742,0.0,0.0,0.0,3,1,1,1,2,0,1,0
18116,2981,0.0,4.0,1.0,4,1,1,2,3,0,1,0
181410,4818,0.0,3.0,1.0,6,2,2,1,5,0,1,0
181757,3420,0.0,4.0,0.0,5,1,1,2,3,0,2,0
181758,1808,0.0,4.0,2.0,25,9,1,1,24,0,1,0
181813,255,0.0,7.0,0.0,3,1,1,1,2,0,1,0
182702,4536,0.0,3.0,0.0,6,2,1,1,5,0,1,0
182964,3472,0.0,3.0,1.0,1,1,1,1,0,0,1,0
182997,951,0.0,3.0,0.0,2,1,1,1,1,0,1,0
183148,3941,0.0,4.0,0.0,14,4,4,4,10,0,1,3
183262,3828,0.0,3.0,0.0,5,1,1,2,4,0,1,0
1834,3910,0.0,2.0,0.0,4,1,1,2,3,0,1,0
183489,3578,0.0,3.0,1.0,2,1,1,1,0,0,2,0
183798,4905,0.0,5.0,0.0,2,1,1,1,1,0,1,0
183911,574,0.0,5.0,1.0,16,11,1,2,15,0,1,0
184001,1708,0.0,3.0,1.0,10,4,2,2,9,0,1,0
184679,2537,0.0,2.0,0.0,1,1,1,1,0,0,1,0
184986,2447,0.0,6.0,0.0,13,4,2,1,12,0,1,0
186144,2609,0.0,3.0,0.0,4,1,1,2,3,0,1,0
186237,2669,0.0,4.0,2.0,5,3,2,2,4,0,1,0
186977,649,0.0,4.0,1.0,26,10,2,2,25,0,1,0
18715,4170,0.0,5.0,0.0,2,1,1,1,1,0,1,0
1872,4976,0.0,5.0,0.0,19,6,2,4,17,0,2,0
187207,697,0.0,3.0,1.0,3,1,1,1,2,0,1,0
187620,2099,0.0,4.0,0.0,2,1,1,2,1,0,1,0
187728,4444,0.0,4.0,0.0,8,4,2,2,3,0,1,4
188006,2500,0.0,2.0,1.0,12,2,1,2,11,0,1,0
188143,24,0.0,4.0,1.0,11,7,3,1,10,0,1,0
188483,4044,0.0,0.0,0.0,23,16,6,11,18,0,1,4
188587,2318,0.0,3.0,1.0,4,2,1,1,3,0,1,0
189151,4465,0.0,6.0,0.0,10,4,1,1,5,0,5,0
189395,4170,0.0,4.0,0.0,3,2,1,1,2,0,1,0
189439,4659,0.0,3.0,0.0,6,4,3,2,0,0,3,3
189470,2273,0.0,3.0,0.0,2,1,1,1,1,0,1,0
189779,4173,0.0,0.0,0.0,9,3,1,1,8,0,1,0
190039,398,0.0,0.0,1.0,6,2,1,2,5,0,1,0
190130,587,0.0,0.0,0.0,1,1,1,1,0,0,1,0
190452,4044,0.0,3.0,0.0,24,4,2,4,23,0,1,0
190615,2242,0.0,4.0,0.0,42,9,3,4,30,0,3,9
190782,2217,0.0,4.0,1.0,3,1,1,1,2,0,1,0
190818,1613,0.0,0.0,0.0,8,2,2,3,6,1,1,0
190887,4143,1.0,5.0,0.0,5,5,3,2,2,0,3,0
19168,4894,0.0,0.0,0.0,4,1,1,1,3,0,1,0
191766,102,0.0,3.0,2.0,3,1,1,2,1,0,1,1
192134,3828,0.0,4.0,1.0,11,9,5,4,10,0,1,0
193018,3075,0.0,2.0,0.0,2,1,1,1,0,0,1,1
193272,3016,1.0,6.0,0.0,12,9,8,2,11,0,1,0
193275,2698,0.0,3.0,0.0,2,1,1,1,1,0,1,0
194648,1900,0.0,2.0,1.0,2,1,1,1,1,0,1,0
194810,2791,0.0,4.0,0.0,24,11,3,1,20,0,4,0
194948,1964,0.0,2.0,1.0,6,2,2,3,4,0,2,0
195516,1892,0.0,5.0,0.0,19,7,3,1,12,0,7,0
19602,1472,0.0,4.0,1.0,1,1,1,1,0,0,1,0
196255,3350,0.0,0.0,1.0,2,1,1,1,1,0,1,0
196288,2209,0.0,0.0,0.0,4,3,1,1,3,0,1,0
196403,1760,0.0,6.0,0.0,2,1,1,1,0,0,2,0
196448,643,0.0,6.0,0.0,1,1,1,1,0,0,1,0
196567,1708,0.0,3.0,0.0,1,1,1,1,0,0,1,0
196878,1538,0.0,0.0,1.0,2,1,1,1,1,0,1,0
197115,4282,0.0,3.0,1.0,31,19,5,2,25,0,6,0
197272,1895,0.0,0.0,0.0,11,4,2,2,9,0,1,1
197995,4129,0.0,3.0,0.0,15,10,4,2,11,0,4,0
198225,3955,1.0,3.0,0.0,6,5,1,1,5,0,1,0
198586,4195,0.0,4.0,0.0,9,7,5,1,7,0,2,0
199296,1412,0.0,6.0,0.0,8,1,1,2,7,0,1,0
199453,3536,0.0,6.0,1.0,24,11,1,4,23,0,1,0
199684,1031,0.0,3.0,0.0,26,6,1,1,25,0,1,0
199769,1677,0.0,0.0,0.0,14,7,2,4,11,0,2,1
19977,927,0.0,3.0,0.0,3,2,2,2,2,0,1,0
200242,2112,0.0,4.0,1.0,13,5,1,1,7,0,6,0
200382,3578,0.0,7.0,0.0,9,5,3,3,3,0,1,5
200582,1840,0.0,4.0,1.0,5,1,1,1,4,0,1,0
200653,2497,0.0,0.0,1.0,2,1,1,1,1,0,1,0
200919,2545,0.0,5.0,0.0,9,3,2,4,8,0,1,0
201113,2066,0.0,3.0,1.0,4,2,1,1,3,0,1,0
201204,3614,1.0,3.0,0.0,1,1,1,1,0,0,1,0
201339,1677,0.0,4.0,0.0,9,7,4,2,7,0,2,0
201476,534,0.0,5.0,2.0,3,1,1,1,2,0,1,0
201827,252,0.0,6.0,1.0,8,1,1,3,6,0,2,0
20206,3734,0.0,2.0,1.0,7,5,2,1,6,0,1,0
20218,73,0.0,3.0,1.0,4,1,1,1,3,0,1,0
202530,2277,0.0,3.0,0.0,2,1,1,1,1,0,1,0
202585,3956,0.0,0.0,1.0,4,1,1,1,3,0,1,0
202731,2760,0.0,5.0,0.0,5,1,1,2,4,0,1,0
203764,1489,0.0,4.0,1.0,15,2,1,3,8,0,6,1
204457,835,0.0,3.0,0.0,4,1,1,1,1,0,2,1
205019,1000,0.0,5.0,0.0,1,1,1,1,0,0,1,0
205148,786,0.0,3.0,0.0,11,2,1,2,9,0,1,1
205266,1487,0.0,0.0,0.0,14,7,1,2,13,0,1,0
205323,3979,0.0,0.0,1.0,10,3,1,4,9,0,1,0
205391,4282,0.0,3.0,1.0,2,2,2,1,0,0,2,0
20628,361,0.0,0.0,0.0,1,1,1,1,0,0,1,0
20654,3350,0.0,3.0,0.0,2,1,1,1,1,0,1,0
206698,1742,0.0,0.0,0.0,8,5,1,1,7,0,1,0
207721,361,0.0,4.0,0.0,2,1,1,1,0,0,1,1
207808,323,0.0,2.0,0.0,2,1,1,1,1,0,1,0
207942,1884,0.0,5.0,1.0,1,1,1,1,0,0,1,0
208140,882,0.0,0.0,0.0,3,1,1,1,1,0,2,0
208296,2124,0.0,3.0,1.0,1,1,1,1,0,0,1,0
208915,1150,0.0,0.0,0.0,10,2,2,3,9,0,1,0
20924,3018,0.0,3.0,1.0,3,1,1,1,2,0,1,0
209257,574,0.0,3.0,1.0,10,3,1,2,8,0,1,1
20997,1393,1.0,0.0,0.0,76,34,9,5,73,0,1,2
210614,1895,0.0,3.0,1.0,3,1,1,1,2,0,1,0
210728,3609,0.0,6.0,0.0,7,2,1,3,4,0,1,2
210789,2255,1.0,4.0,1.0,1,1,1,1,0,0,1,0
210928,1310,0.0,3.0,0.0,14,7,6,2,8,0,2,4
211044,1102,0.0,4.0,0.0,2,2,2,1,1,0,1,0
211132,102,0.0,3.0,0.0,10,4,3,4,7,0,2,1
212467,598,0.0,0.0,1.0,5,1,1,2,4,0,1,0
212750,10,0.0,6.0,1.0,11,6,3,1,10,0,1,0
213206,2559,0.0,3.0,0.0,9,4,4,2,6,0,2,1
213521,1274,0.0,3.0,0.0,8,1,1,2,7,0,1,0
213629,4173,1.0,0.0,0.0,10,4,3,4,6,0,1,3
213660,2051,0.0,2.0,0.0,9,3,1,1,6,0,3,0
213854,4044,0.0,3.0,0.0,44,21,3,5,36,0,1,7
213876,438,0.0,6.0,0.0,6,1,1,1,5,0,1,0
213948,1459,0.0,6.0,0.0,14,7,4,3,12,0,2,0
214362,1126,0.0,3.0,0.0,36,16,4,6,31,0,1,4
214738,2128,0.0,3.0,0.0,7,3,2,1,5,0,2,0
214980,4044,0.0,0.0,null,20,14,5,2,11,0,1,8
215114,1833,0.0,0.0,0.0,4,1,1,1,3,0,1,0
216136,3828,0.0,5.0,0.0,30,9,5,3,28,1,1,0
216160,4605,0.0,3.0,0.0,2,1,1,1,1,0,1,0
21680,862,1.0,0.0,0.0,12,7,3,2,6,0,6,0
216849,1487,0.0,3.0,0.0,20,9,1,3,19,0,1,0
217128,301,0.0,4.0,0.0,4,1,1,1,2,0,2,0
217226,3734,0.0,0.0,0.0,13,1,1,1,12,0,1,0
217360,2891,0.0,6.0,0.0,4,1,1,1,3,0,1,0
217424,3455,0.0,5.0,0.0,24,13,2,2,23,0,1,0
217442,168,0.0,0.0,1.0,18,10,6,2,11,0,7,0
217516,4079,0.0,5.0,1.0,2,1,1,1,0,0,2,0
218262,1605,0.0,5.0,1.0,1,1,1,1,0,0,1,0
218361,63,0.0,6.0,0.0,42,17,3,2,40,0,2,0
21838,698,1.0,3.0,0.0,8,4,3,1,7,0,1,0
218450,2571,0.0,6.0,0.0,4,1,1,1,2,0,2,0
21865,4385,0.0,3.0,0.0,13,6,3,1,12,0,1,0
218798,3328,0.0,3.0,0.0,4,1,1,1,3,0,1,0
21887,308,0.0,5.0,1.0,5,2,1,2,4,0,1,0
219156,4564,0.0,4.0,0.0,2,1,1,2,1,0,1,0
219554,4026,1.0,4.0,0.0,23,4,4,12,22,0,1,0
219665,3609,0.0,0.0,0.0,3,1,1,1,2,0,1,0
220088,4654,1.0,4.0,0.0,7,3,1,1,6,0,1,0
220323,3161,0.0,6.0,1.0,2,1,1,1,1,0,1,0
220961,3460,0.0,3.0,1.0,3,1,1,1,1,0,2,0
221551,4708,0.0,5.0,0.0,7,3,3,1,6,0,1,0
222231,437,0.0,7.0,0.0,18,5,1,1,17,0,1,0
222305,4659,0.0,0.0,1.0,3,1,1,1,2,0,1,0
222764,2821,0.0,0.0,0.0,2,1,1,2,1,0,1,0
22294,1749,0.0,0.0,1.0,8,2,1,3,5,0,1,2
22300,1132,0.0,4.0,0.0,1,1,1,1,0,0,1,0
223065,3323,1.0,0.0,0.0,6,2,1,1,5,0,1,0
223102,2099,0.0,3.0,0.0,3,1,1,1,2,0,1,0
223229,778,0.0,3.0,1.0,5,1,1,1,4,0,1,0
223253,608,0.0,4.0,0.0,22,5,2,2,20,0,2,0
22352,3085,0.0,5.0,1.0,11,4,1,1,10,0,1,0
223596,1031,0.0,3.0,0.0,13,9,2,5,12,0,1,0
223643,1708,1.0,4.0,0.0,4,2,1,2,3,0,1,0
224839,1679,0.0,4.0,0.0,4,4,3,1,0,0,4,0
224942,1512,0.0,0.0,0.0,3,1,1,1,1,0,2,0
225192,1760,1.0,3.0,1.0,3,1,1,1,2,0,1,0
22554,3152,1.0,3.0,0.0,1,1,1,1,0,0,1,0
22586,4427,0.0,2.0,0.0,4,2,1,1,3,0,1,0
22615,1131,0.0,4.0,0.0,12,3,2,1,11,0,1,0
226395,2876,0.0,3.0,0.0,2,1,1,1,0,0,2,0
226440,2102,0.0,0.0,0.0,4,2,2,1,3,0,1,0
227084,1944,1.0,4.0,0.0,4,1,1,1,3,0,1,0
227391,4322,0.0,0.0,1.0,8,1,1,5,6,0,1,1
227920,4791,1.0,3.0,0.0,6,1,1,1,5,0,1,0
228141,1031,1.0,3.0,0.0,9,3,1,1,8,0,1,0
228750,3349,0.0,6.0,0.0,63,19,2,2,60,0,3,0
228936,1489,0.0,3.0,0.0,6,3,1,1,5,0,1,0
229072,1892,0.0,2.0,0.0,5,5,4,1,0,0,4,1
229126,4402,0.0,5.0,1.0,11,5,1,2,10,0,1,0
229301,4325,0.0,3.0,0.0,2,1,1,2,1,0,1,0
229501,2629,0.0,3.0,1.0,6,1,1,2,4,1,1,0
229702,1435,0.0,2.0,0.0,20,6,1,3,17,0,1,2
229866,2031,0.0,3.0,0.0,17,4,2,2,16,0,1,0
23058,2413,1.0,4.0,0.0,15,10,4,1,13,0,2,0
230584,4966,0.0,4.0,2.0,2,2,2,1,0,0,2,0
231135,3314,0.0,5.0,0.0,7,1,1,1,6,0,1,0
231218,2014,0.0,0.0,0.0,5,2,1,1,4,0,1,0
231596,2008,0.0,0.0,0.0,6,1,1,1,4,1,1,0
231880,2167,0.0,2.0,1.0,3,1,1,1,2,0,1,0
231992,13,0.0,4.0,0.0,1,1,1,1,0,0,1,0
23354,4042,0.0,3.0,0.0,1,1,1,1,0,0,1,0
2337,4678,0.0,0.0,0.0,10,1,1,2,9,0,1,0
233733,2030,0.0,4.0,0.0,3,2,1,2,2,0,1,0
233830,1115,0.0,2.0,1.0,2,1,1,1,1,0,1,0
233863,3650,0.0,4.0,0.0,1,1,1,1,0,0,1,0
234208,2820,0.0,0.0,0.0,7,2,2,5,6,0,1,0
234930,293,0.0,3.0,1.0,3,1,1,1,2,0,1,0
235121,4385,0.0,2.0,1.0,3,1,1,1,2,0,1,0
235630,4850,0.0,4.0,2.0,2,1,1,1,1,0,1,0
23635,14,0.0,3.0,0.0,3,1,1,1,2,0,1,0
236372,236,0.0,3.0,1.0,5,1,1,1,4,0,1,0
238015,3477,1.0,3.0,0.0,1,1,1,1,0,0,1,0
238061,2900,0.0,2.0,0.0,20,3,3,2,18,0,1,1
238443,4349,0.0,6.0,0.0,3,1,1,1,2,0,1,0
23883,474,0.0,4.0,0.0,55,28,18,3,48,0,7,0
239005,3828,0.0,0.0,0.0,4,1,1,1,3,0,1,0
239139,1346,0.0,3.0,2.0,4,1,1,1,2,0,1,1
239156,4050,0.0,2.0,1.0,2,1,1,1,1,0,1,0
239697,1056,0.0,4.0,0.0,6,3,2,1,4,0,2,0
239926,3621,0.0,3.0,1.0,1,1,1,1,0,0,1,0
239958,2928,0.0,4.0,1.0,2,1,1,1,1,0,1,0
239958,586,0.0,4.0,1.0,15,11,4,5,14,0,1,0
23999,1102,0.0,4.0,0.0,52,33,9,13,44,0,1,7
241068,821,0.0,3.0,0.0,7,1,1,2,6,0,1,0
24123,2128,0.0,3.0,0.0,2,1,1,1,1,0,1,0
241459,4043,0.0,3.0,0.0,3,2,2,1,2,0,1,0
241636,1133,0.0,0.0,0.0,6,1,1,2,5,0,1,0
241941,2972,0.0,2.0,0.0,5,1,1,1,3,0,1,1
242395,3981,0.0,4.0,0.0,2,1,1,1,1,0,1,0
242522,3826,0.0,5.0,0.0,1,1,1,1,0,0,1,0
243014,1861,0.0,4.0,0.0,2,2,1,1,1,0,1,0
243296,350,0.0,3.0,1.0,3,1,1,1,2,0,1,0
243431,4282,0.0,3.0,0.0,4,1,1,1,2,0,1,1
24350,152,0.0,6.0,2.0,3,1,1,1,1,0,2,0
243996,742,0.0,3.0,1.0,4,1,1,1,3,0,1,0
244023,2482,0.0,3.0,0.0,35,17,8,1,33,0,2,0
244540,2664,0.0,0.0,0.0,5,4,3,2,4,0,1,0
244620,2784,0.0,0.0,0.0,16,3,1,2,15,0,1,0
244674,4336,0.0,3.0,0.0,4,2,1,1,3,0,1,0
244797,3545,0.0,3.0,0.0,3,1,1,2,2,0,1,0
245141,3376,0.0,6.0,0.0,2,1,1,1,1,0,1,0
245160,3602,0.0,3.0,0.0,8,1,1,2,7,0,1,0
245277,1056,0.0,5.0,0.0,5,5,2,1,3,0,2,0
245443,4705,0.0,0.0,2.0,1,1,1,1,0,0,1,0
245991,643,0.0,0.0,0.0,4,3,1,1,3,0,1,0
246018,4044,0.0,3.0,0.0,14,5,2,1,12,0,2,0
246424,698,0.0,3.0,0.0,4,3,2,1,3,0,1,0
246794,606,0.0,0.0,0.0,13,6,4,3,11,0,1,1
247650,2537,0.0,0.0,0.0,2,1,1,1,1,0,1,0
247680,3990,1.0,0.0,0.0,4,1,1,2,3,0,1,0
247870,4044,0.0,0.0,0.0,30,11,2,2,28,0,1,1
247922,682,0.0,4.0,1.0,3,1,1,1,2,0,1,0
249223,10,0.0,6.0,0.0,3,1,1,1,2,0,1,0
250062,2149,0.0,3.0,0.0,1,1,1,1,0,0,1,0
250362,4173,0.0,5.0,0.0,47,33,8,5,46,0,1,0
250593,10,0.0,0.0,0.0,28,7,2,2,26,0,2,0
251309,4335,0.0,3.0,0.0,10,1,1,3,9,0,1,0
251697,3225,0.0,4.0,1.0,7,2,1,1,6,0,1,0
253443,1031,0.0,6.0,0.0,2,1,1,1,1,0,1,0
253563,3685,0.0,3.0,1.0,4,1,1,1,3,0,1,0
254296,361,0.0,0.0,1.0,6,2,1,2,4,0,1,1
254309,1332,0.0,0.0,0.0,14,5,1,5,10,0,1,3
254320,2709,0.0,3.0,0.0,2,1,1,2,1,0,1,0
254523,4472,0.0,3.0,1.0,1,1,1,1,0,0,1,0
254579,794,0.0,6.0,0.0,38,14,1,3,36,1,1,0
254600,4480,0.0,4.0,0.0,13,9,2,1,12,0,1,0
256103,2031,0.0,0.0,1.0,14,3,1,1,13,0,1,0
256331,1875,0.0,0.0,0.0,8,4,3,1,6,1,1,0
256431,3291,0.0,6.0,0.0,3,1,1,1,2,0,1,0
25687,1102,0.0,6.0,1.0,8,1,1,1,7,0,1,0
257026,4658,0.0,3.0,1.0,7,2,1,1,6,0,1,0
25742,3578,0.0,5.0,0.0,7,2,2,2,6,0,1,0
257638,1673,0.0,2.0,0.0,6,3,2,1,5,0,1,0
257699,1393,0.0,4.0,0.0,100,69,16,2,94,0,4,2
257795,360,0.0,0.0,0.0,11,2,1,2,10,0,1,0
25821,946,0.0,4.0,1.0,24,13,1,1,22,0,2,0
258213,3905,0.0,2.0,1.0,15,4,1,6,12,0,1,2
258228,3981,0.0,3.0,1.0,8,7,1,1,7,0,1,0
258241,590,0.0,3.0,0.0,2,1,1,1,1,0,1,0
258493,4500,0.0,2.0,1.0,1,1,1,1,0,0,1,0
25853,2081,0.0,0.0,1.0,1,1,1,1,0,0,1,0
258947,2664,0.0,3.0,0.0,24,19,6,3,23,0,1,0
259016,598,0.0,4.0,0.0,13,1,1,4,11,0,1,1
259393,1878,1.0,4.0,0.0,6,1,1,2,4,0,2,0
25946,3006,0.0,4.0,1.0,3,1,1,1,2,0,1,0
259717,1685,0.0,2.0,1.0,3,1,1,1,2,0,1,0
260021,403,0.0,3.0,1.0,4,1,1,1,3,0,1,0
260586,2780,0.0,3.0,1.0,3,2,1,2,2,0,1,0
260663,3853,0.0,6.0,0.0,11,3,2,5,10,0,1,0
260937,4042,0.0,4.0,0.0,5,1,1,1,4,0,1,0
261496,3990,0.0,3.0,0.0,7,3,3,2,5,0,2,0
262061,1168,0.0,4.0,1.0,2,1,1,2,1,0,1,0
262692,4083,0.0,5.0,0.0,5,2,2,1,4,0,1,0
263106,2215,0.0,3.0,0.0,2,1,1,1,1,0,1,0
26349,1000,0.0,0.0,0.0,14,3,2,1,13,0,1,0
26393,1355,0.0,0.0,0.0,2,1,1,1,1,0,1,0
264594,547,0.0,4.0,1.0,5,2,2,2,3,0,1,1
264789,2465,0.0,2.0,0.0,4,3,2,2,3,0,1,0
26498,503,0.0,2.0,0.0,7,2,1,4,5,0,1,1
265197,671,0.0,4.0,0.0,3,1,1,1,2,0,1,0
265535,608,0.0,3.0,0.0,34,6,3,8,26,0,2,6
265724,4265,0.0,5.0,1.0,5,1,1,1,4,0,1,0
266030,503,0.0,5.0,0.0,2,1,1,1,1,0,1,0
266422,4724,0.0,3.0,0.0,14,1,1,2,12,0,1,1
267102,1495,0.0,4.0,1.0,2,1,1,1,1,0,1,0
267186,1393,1.0,3.0,0.0,74,29,8,2,72,0,2,0
267805,2669,0.0,0.0,0.0,16,6,4,4,13,0,3,0
267820,2821,0.0,4.0,0.0,8,2,1,1,6,0,2,0
267954,804,0.0,4.0,1.0,7,2,1,2,5,0,2,0
268035,2696,0.0,6.0,0.0,22,5,2,6,16,0,1,5
268368,786,1.0,3.0,0.0,7,2,1,2,6,0,1,0
268565,4534,0.0,5.0,0.0,23,10,6,1,22,0,1,0
268905,4858,0.0,4.0,0.0,2,1,1,1,1,0,1,0
269003,803,0.0,7.0,0.0,12,6,1,3,11,0,1,0
269255,3613,0.0,3.0,0.0,4,1,1,1,3,0,1,0
269317,1310,0.0,3.0,0.0,9,4,4,3,7,0,2,0
269327,2928,0.0,4.0,1.0,7,4,2,1,6,0,1,0
269794,4162,0.0,2.0,0.0,1,1,1,1,0,0,1,0
26997,120,0.0,7.0,1.0,19,4,1,2,12,0,6,1
270057,2409,1.0,2.0,0.0,3,1,1,1,2,0,1,0
270079,1692,0.0,7.0,1.0,5,1,1,2,4,0,1,0
270210,2238,0.0,4.0,0.0,18,6,3,2,16,0,1,1
270392,3734,1.0,0.0,1.0,5,3,3,2,3,0,2,0
270837,4690,0.0,0.0,0.0,7,2,1,2,6,0,1,0
270974,168,0.0,5.0,0.0,7,3,2,1,6,0,1,0
271084,1322,0.0,3.0,0.0,20,2,1,2,16,1,2,1
271447,2436,0.0,3.0,0.0,3,3,3,1,1,0,2,0
271739,1298,0.0,2.0,0.0,4,1,1,1,3,0,1,0
271873,203,0.0,4.0,0.0,6,2,1,2,5,0,1,0
271984,2047,0.0,3.0,0.0,16,2,1,3,12,0,2,2
272315,4087,0.0,3.0,1.0,4,1,1,1,3,0,1,0
27277,2361,0.0,3.0,0.0,12,1,1,2,11,0,1,0
27353,2537,0.0,6.0,0.0,9,1,1,1,8,0,1,0
274189,3578,0.0,3.0,0.0,11,2,1,3,10,0,1,0
274905,1884,0.0,5.0,1.0,4,1,1,3,3,0,1,0
275158,4173,0.0,4.0,0.0,23,8,5,2,22,0,1,0
27579,2247,0.0,3.0,1.0,4,1,1,1,3,0,1,0
276597,2669,0.0,2.0,1.0,1,1,1,1,0,0,1,0
276672,2537,0.0,2.0,1.0,3,1,1,1,2,0,1,0
276892,2397,0.0,0.0,0.0,27,5,2,4,24,0,1,2
277089,2273,0.0,3.0,1.0,5,1,1,1,3,0,2,0
277195,4267,0.0,4.0,1.0,14,10,6,2,12,0,2,0
277445,1890,0.0,0.0,0.0,5,1,1,2,4,0,1,0
277686,148,0.0,3.0,1.0,4,2,2,1,2,0,2,0
277885,684,0.0,6.0,1.0,4,2,1,2,1,0,1,2
277963,1464,0.0,6.0,0.0,10,6,1,1,9,0,1,0
277982,2856,0.0,2.0,1.0,3,1,1,1,1,1,1,0
27810,2278,0.0,0.0,0.0,5,2,2,1,4,0,1,0
27834,1673,0.0,2.0,0.0,6,1,1,1,5,0,1,0
278558,1618,0.0,5.0,0.0,2,1,1,1,1,0,1,0
278747,3022,0.0,0.0,1.0,3,1,1,1,2,0,1,0
278908,1555,0.0,5.0,0.0,4,2,1,1,3,0,1,0
278994,3460,0.0,3.0,0.0,4,1,1,1,2,0,2,0
2792,1742,0.0,0.0,0.0,17,7,1,1,15,0,2,0
279344,3350,0.0,6.0,0.0,4,1,1,2,3,0,1,0
279379,1305,0.0,0.0,0.0,4,1,1,2,3,0,1,0
279404,2935,0.0,3.0,0.0,2,1,1,1,1,0,1,0
279869,3828,0.0,2.0,0.0,32,23,6,2,22,0,1,9
279999,3044,0.0,4.0,0.0,2,1,1,1,1,0,1,0
280055,3968,0.0,null,null,2,1,1,1,1,0,1,0
280569,1123,0.0,0.0,1.0,5,2,2,1,4,0,1,0
280782,2273,0.0,6.0,0.0,9,5,1,1,8,0,1,0
281301,2173,0.0,6.0,0.0,27,13,1,2,25,1,1,0
281349,4512,1.0,3.0,0.0,2,1,1,1,1,0,1,0
281866,3191,1.0,3.0,0.0,12,6,2,2,11,0,1,0
282207,4765,0.0,6.0,1.0,6,3,1,2,5,0,1,0
28225,514,0.0,5.0,0.0,3,2,1,2,2,0,1,0
282742,2397,1.0,0.0,1.0,3,1,1,2,1,0,1,1
283215,2954,0.0,4.0,0.0,2,1,1,2,0,0,1,1
283706,2273,0.0,5.0,0.0,9,3,1,3,8,0,1,0
284122,649,0.0,3.0,0.0,5,1,1,3,3,0,1,1
285006,4137,0.0,4.0,0.0,22,11,1,1,21,0,1,0
285417,508,0.0,3.0,1.0,3,1,1,1,2,0,1,0
285447,4648,0.0,4.0,0.0,7,2,1,3,6,0,1,0
285543,2821,0.0,5.0,0.0,1,1,1,1,0,0,1,0
28555,740,0.0,4.0,0.0,3,1,1,2,2,0,1,0
28624,818,0.0,4.0,0.0,11,7,1,1,9,0,2,0
286672,1661,0.0,5.0,0.0,3,1,1,1,2,0,1,0
287009,777,0.0,0.0,0.0,15,6,3,4,12,0,2,1
287049,2138,0.0,2.0,0.0,10,4,3,1,9,0,1,0
287418,798,0.0,6.0,0.0,19,11,6,1,18,0,1,0
287913,1102,1.0,6.0,0.0,2,2,2,1,1,0,1,0
288004,1968,0.0,0.0,1.0,3,1,1,1,2,0,1,0
28842,4826,0.0,2.0,0.0,3,1,1,1,1,0,2,0
288796,4475,0.0,0.0,0.0,30,9,2,1,25,0,5,0
289805,2162,0.0,4.0,0.0,12,8,1,5,10,0,1,1
289906,2394,0.0,2.0,0.0,6,1,1,1,5,0,1,0
290695,1713,1.0,4.0,0.0,45,32,7,1,41,0,4,0
290906,4847,0.0,3.0,0.0,43,26,6,5,42,0,1,0
291167,2879,0.0,2.0,0.0,2,1,1,1,0,0,1,1
291302,3941,0.0,6.0,1.0,11,4,2,1,10,0,1,0
29137,3979,0.0,0.0,0.0,1,1,1,1,0,0,1,0
291780,1239,0.0,4.0,0.0,2,1,1,1,1,0,1,0
292227,606,0.0,4.0,1.0,4,1,1,3,3,0,1,0
292349,2928,0.0,0.0,0.0,9,6,4,2,8,0,1,0
292849,1963,0.0,3.0,0.0,4,2,1,1,3,0,1,0
292950,3915,0.0,0.0,0.0,4,1,1,1,3,0,1,0
293832,798,0.0,3.0,0.0,2,1,1,2,0,0,1,1
293947,2786,0.0,2.0,1.0,2,1,1,1,1,0,1,0
2941,2471,0.0,8.0,1.0,5,1,1,1,4,0,1,0
294305,4808,0.0,3.0,1.0,2,1,1,1,1,0,1,0
294645,534,0.0,0.0,0.0,2,1,1,1,1,0,1,0
294712,588,0.0,3.0,1.0,2,1,1,1,1,0,1,0
295141,3460,0.0,3.0,0.0,2,1,1,2,0,0,1,1
295142,4560,0.0,2.0,1.0,2,1,1,1,1,0,1,0
295575,4976,0.0,5.0,0.0,14,5,2,2,11,0,3,0
29561,1203,1.0,5.0,0.0,4,1,1,1,3,0,1,0
295752,798,0.0,3.0,0.0,10,6,5,2,9,0,1,0
295892,4049,0.0,3.0,0.0,10,4,3,3,6,0,2,2
296302,474,0.0,4.0,1.0,4,3,2,1,3,0,1,0
296476,1968,0.0,0.0,0.0,4,2,2,1,3,0,1,0
296823,2482,0.0,3.0,0.0,3,1,1,2,2,0,1,0
296923,1830,0.0,3.0,0.0,2,1,1,1,1,0,1,0
297288,625,0.0,4.0,0.0,2,1,1,1,1,0,1,0
29739,3990,0.0,3.0,0.0,2,1,1,2,1,0,1,0
297551,2681,0.0,4.0,1.0,5,2,2,1,4,0,1,0
297634,4864,0.0,6.0,0.0,9,4,2,2,7,0,2,0
29798,2954,1.0,0.0,2.0,13,5,1,2,12,0,1,0
29857,951,0.0,5.0,0.0,3,1,1,1,2,0,1,0
299317,547,0.0,3.0,0.0,9,1,1,2,8,0,1,0
299975,3629,0.0,4.0,0.0,3,1,1,1,2,0,1,0
300024,4850,0.0,5.0,0.0,12,8,5,3,7,0,3,2
301841,4262,0.0,4.0,1.0,2,1,1,1,1,0,1,0
301992,1833,0.0,0.0,0.0,9,3,1,1,8,0,1,0
301996,1102,0.0,3.0,0.0,19,8,1,1,18,0,1,0
302141,557,0.0,4.0,0.0,8,5,4,1,6,0,2,0
302320,2396,0.0,6.0,0.0,5,2,1,1,4,0,1,0
302473,4048,0.0,6.0,0.0,19,11,1,2,18,0,1,0
303460,1512,0.0,7.0,0.0,42,10,1,1,40,0,2,0
303771,467,0.0,3.0,1.0,4,1,1,1,3,0,1,0
303907,2869,0.0,0.0,0.0,4,2,1,1,3,0,1,0
304268,3536,0.0,3.0,0.0,13,5,1,2,12,0,1,0
304337,1957,0.0,4.0,0.0,2,1,1,1,1,0,1,0
304911,1411,0.0,5.0,2.0,11,3,2,2,9,0,1,1
305148,2030,1.0,6.0,0.0,7,2,1,2,6,0,1,0
305242,1102,0.0,3.0,0.0,43,15,5,4,39,0,2,2
305388,4071,0.0,3.0,0.0,3,1,1,1,2,0,1,0
306215,1272,0.0,4.0,0.0,14,5,1,3,10,0,1,3
307456,63,0.0,7.0,0.0,6,2,2,3,5,0,1,0
307629,2173,0.0,4.0,0.0,2,1,1,1,1,0,1,0
307865,2537,0.0,5.0,0.0,2,2,1,1,1,0,1,0
308096,2477,0.0,3.0,0.0,53,35,10,8,45,0,1,7
308428,586,0.0,4.0,0.0,32,25,9,3,27,0,5,0
308493,3938,1.0,4.0,0.0,2,1,1,1,1,0,1,0
308693,2052,0.0,6.0,1.0,2,1,1,1,1,0,1,0
308865,2821,0.0,3.0,0.0,2,1,1,1,1,0,1,0
308993,4462,0.0,3.0,1.0,4,1,1,1,3,0,1,0
309111,3828,0.0,5.0,0.0,2,2,2,2,1,0,1,0
309642,3607,0.0,4.0,1.0,9,4,2,3,7,0,1,1
309760,4589,0.0,6.0,0.0,1,1,1,1,0,0,1,0
309774,1049,0.0,3.0,1.0,3,1,1,2,2,0,1,0
309822,3102,0.0,2.0,0.0,104,37,9,5,93,0,5,6
310306,2935,0.0,4.0,1.0,9,1,1,4,8,0,1,0
310887,4756,0.0,4.0,0.0,3,1,1,1,2,0,1,0
311059,2537,0.0,4.0,0.0,5,1,1,2,4,0,1,0
311165,643,0.0,2.0,0.0,4,1,1,3,3,0,1,0
311787,4589,0.0,2.0,1.0,7,2,1,2,6,0,1,0
312105,941,0.0,4.0,1.0,34,10,3,7,33,0,1,0
312141,3191,0.0,2.0,0.0,16,3,1,4,14,0,2,0
312705,4473,0.0,0.0,1.0,4,1,1,1,2,0,2,0
312726,1963,0.0,4.0,1.0,16,4,1,1,14,0,2,0
313296,1272,0.0,5.0,0.0,54,38,12,1,53,0,1,0
313377,4744,0.0,3.0,1.0,4,1,1,1,3,0,1,0
313408,120,0.0,5.0,0.0,3,1,1,1,2,0,1,0
314479,4044,0.0,3.0,1.0,3,2,2,1,2,0,1,0
314853,241,0.0,4.0,0.0,14,2,1,4,13,0,1,0
314873,3941,0.0,3.0,1.0,8,2,1,2,7,0,1,0
315148,2126,0.0,2.0,0.0,6,1,1,1,5,0,1,0
315281,4267,0.0,3.0,1.0,1,1,1,1,0,0,1,0
315303,2954,0.0,4.0,0.0,7,2,2,2,4,0,3,0
315972,4042,1.0,3.0,2.0,7,2,2,2,2,0,4,1
316150,2856,0.0,3.0,0.0,8,2,1,2,7,0,1,0
316951,1356,0.0,3.0,1.0,3,1,1,1,2,0,1,0
317402,121,0.0,5.0,0.0,6,5,5,1,5,0,1,0
31751,1892,0.0,2.0,0.0,7,4,3,1,6,0,1,0
317764,4480,1.0,0.0,0.0,4,1,1,1,3,0,1,0
31784,3841,0.0,2.0,0.0,13,1,1,1,11,0,2,0
318061,2031,1.0,5.0,0.0,23,9,1,3,22,0,1,0
318630,872,0.0,4.0,1.0,2,1,1,1,1,0,1,0
318719,1760,0.0,4.0,1.0,9,3,2,4,7,0,1,1
318858,1031,0.0,0.0,2.0,4,1,1,1,3,0,1,0
319197,4048,0.0,2.0,0.0,3,1,1,1,2,0,1,0
319533,3878,0.0,7.0,0.0,26,3,1,4,24,0,1,1
319784,4400,0.0,3.0,0.0,9,4,2,1,6,0,2,1
319949,2664,0.0,4.0,0.0,63,37,2,4,62,0,1,0
320370,2900,0.0,3.0,1.0,4,1,1,1,3,0,1,0
320804,882,0.0,4.0,1.0,1,1,1,1,0,0,1,0
320815,432,0.0,4.0,0.0,6,1,1,4,4,0,1,1
320877,2919,0.0,0.0,1.0,53,6,2,4,51,0,1,1
321010,1679,0.0,4.0,1.0,5,3,2,2,3,0,1,1
321042,2945,0.0,0.0,0.0,5,1,1,1,4,0,1,0
321163,1916,0.0,0.0,0.0,13,6,2,3,11,0,2,0
321440,3063,0.0,4.0,0.0,5,2,2,1,4,0,1,0
322064,3990,0.0,0.0,null,4,1,1,1,3,0,1,0
323095,390,0.0,3.0,0.0,5,3,1,2,3,0,1,1
32374,2928,0.0,3.0,0.0,10,5,2,1,9,0,1,0
323927,2994,0.0,3.0,0.0,3,1,1,1,2,0,1,0
324059,4191,0.0,6.0,0.0,3,1,1,1,2,0,1,0
324062,2721,0.0,5.0,1.0,5,1,1,1,4,0,1,0
324083,3826,0.0,4.0,0.0,1,1,1,1,0,0,1,0
324389,4183,0.0,6.0,1.0,17,1,1,1,16,0,1,0
324859,2639,1.0,4.0,0.0,188,87,14,3,179,0,8,1
32514,3828,0.0,4.0,1.0,10,4,3,2,9,0,1,0
326107,2630,0.0,0.0,0.0,17,2,2,1,14,0,2,1
326389,2916,0.0,5.0,0.0,3,1,1,1,2,0,1,0
326390,98,0.0,3.0,1.0,4,1,1,1,3,0,1,0
326481,3925,0.0,3.0,0.0,10,2,1,3,7,0,1,2
32682,4129,0.0,3.0,0.0,6,2,1,3,3,0,1,2
327599,3766,0.0,3.0,0.0,5,4,2,1,4,0,1,0
328103,1487,1.0,4.0,0.0,17,4,1,3,14,0,3,0
328138,3476,0.0,3.0,1.0,6,5,2,1,0,0,6,0
328199,4022,0.0,4.0,1.0,20,5,2,2,16,0,2,2
329161,4605,0.0,0.0,0.0,4,2,1,1,3,0,1,0
329574,3098,0.0,4.0,0.0,7,1,1,1,6,0,1,0
329972,2537,0.0,2.0,1.0,6,1,1,2,4,0,1,1
330424,2928,0.0,5.0,0.0,32,10,3,10,28,0,1,3
330831,4170,0.0,3.0,0.0,3,3,1,1,0,0,3,0
331087,2513,0.0,2.0,1.0,1,1,1,1,0,0,1,0
331697,2592,0.0,0.0,1.0,1,1,1,1,0,0,1,0
331779,4659,0.0,3.0,0.0,3,3,3,1,0,0,3,0
332286,826,0.0,5.0,0.0,1,1,1,1,0,0,1,0
332414,1875,0.0,4.0,0.0,13,8,6,2,11,0,1,1
332541,4818,0.0,5.0,0.0,3,1,1,2,2,0,1,0
333141,396,0.0,4.0,1.0,1,1,1,1,0,0,1,0
333394,168,0.0,0.0,0.0,3,2,2,1,0,0,3,0
333509,862,1.0,0.0,0.0,11,9,6,2,4,0,7,0
33364,1145,0.0,4.0,0.0,15,9,1,2,14,0,1,0
334094,2976,0.0,4.0,0.0,4,2,1,1,3,0,1,0
334211,412,0.0,3.0,0.0,57,33,10,3,55,0,2,0
334269,3473,0.0,3.0,0.0,5,2,1,2,3,0,1,1
334511,1565,0.0,0.0,0.0,6,3,1,1,5,0,1,0
334569,1491,0.0,4.0,0.0,12,3,1,2,9,0,1,2
334573,2537,0.0,3.0,0.0,2,1,1,1,1,0,1,0
334716,4619,0.0,0.0,0.0,2,1,1,1,1,0,1,0
335043,3160,0.0,5.0,0.0,9,6,3,1,8,0,1,0
335054,3727,0.0,0.0,null,6,2,1,1,3,0,2,1
335386,3439,0.0,3.0,0.0,4,1,1,1,3,0,1,0
335816,1742,0.0,2.0,0.0,4,1,1,1,2,0,1,1
335907,4048,0.0,3.0,0.0,5,1,1,1,4,0,1,0
336393,4739,0.0,6.0,0.0,15,3,1,3,14,0,1,0
336747,2031,0.0,5.0,1.0,8,5,3,1,5,0,3,0
336872,3080,0.0,3.0,0.0,8,2,1,2,6,0,1,1
337585,684,0.0,3.0,0.0,16,1,1,2,15,0,1,0
338207,4044,0.0,7.0,0.0,12,5,2,2,11,0,1,0
338649,4585,0.0,3.0,1.0,5,2,1,1,4,0,1,0
338716,3266,0.0,2.0,0.0,2,1,1,1,1,0,1,0
338802,2413,0.0,5.0,1.0,10,6,4,2,7,1,2,0
339153,3161,0.0,6.0,0.0,12,5,2,3,11,0,1,0
339520,4976,0.0,4.0,0.0,3,3,3,1,0,1,2,0
340006,4196,0.0,3.0,0.0,4,2,1,1,3,0,1,0
340114,2698,0.0,0.0,0.0,6,1,1,2,5,0,1,0
340367,1487,0.0,3.0,1.0,9,2,1,3,7,0,1,1
340626,2232,0.0,2.0,1.0,3,1,1,2,2,0,1,0
340859,262,0.0,2.0,0.0,4,1,1,1,3,0,1,0
340874,1736,0.0,6.0,0.0,9,4,2,5,8,0,1,0
340878,2583,0.0,4.0,0.0,9,3,2,1,8,0,1,0
341369,4775,0.0,4.0,0.0,35,12,2,8,29,0,1,5
341542,3098,0.0,0.0,0.0,8,4,1,2,7,0,1,0
341548,2553,0.0,6.0,0.0,10,1,1,1,8,0,1,1
341580,2008,0.0,5.0,1.0,2,1,1,1,1,0,1,0
341584,2664,0.0,4.0,0.0,2,1,1,1,1,0,1,0
342005,685,1.0,5.0,0.0,9,5,3,3,8,0,1,0
342152,498,0.0,4.0,1.0,1,1,1,1,0,0,1,0
342253,2011,0.0,4.0,1.0,3,1,1,2,2,0,1,0
34271,2313,0.0,3.0,0.0,4,1,1,1,3,0,1,0
343047,2465,0.0,3.0,1.0,14,4,2,1,13,0,1,0
343160,4693,0.0,4.0,0.0,15,10,3,2,14,0,1,0
343665,1102,0.0,5.0,0.0,7,2,2,2,4,0,2,1
343999,1393,0.0,2.0,0.0,99,66,7,4,94,0,1,4
344241,804,0.0,4.0,0.0,4,3,3,1,3,0,1,0
345561,3073,0.0,6.0,0.0,6,3,1,2,4,0,2,0
345902,3965,0.0,0.0,1.0,3,1,1,1,2,0,1,0
345952,4818,0.0,4.0,1.0,16,11,6,1,15,0,1,0
346074,3971,0.0,3.0,0.0,2,1,1,1,1,0,1,0
346391,4826,0.0,3.0,1.0,4,1,1,1,3,0,1,0
34657,4976,0.0,5.0,0.0,7,4,3,2,5,0,2,0
346809,66,0.0,3.0,1.0,2,1,1,1,1,0,1,0
346987,1102,0.0,0.0,0.0,15,7,4,1,14,0,1,0
347215,4339,0.0,3.0,0.0,7,3,2,1,6,0,1,0
347545,2403,0.0,4.0,0.0,5,1,1,1,3,0,2,0
347611,861,1.0,4.0,1.0,18,7,1,1,16,0,2,0
347877,2447,0.0,0.0,0.0,5,2,1,3,4,0,1,0
347883,1346,0.0,4.0,1.0,2,1,1,1,0,0,1,1
348028,2447,0.0,4.0,1.0,10,4,2,3,8,0,1,1
348264,773,0.0,4.0,1.0,10,4,2,1,9,0,1,0
348460,293,0.0,0.0,0.0,4,1,1,1,3,0,1,0
348531,3727,0.0,2.0,0.0,12,4,1,2,10,0,1,1
3487,1861,0.0,6.0,1.0,4,1,1,2,3,0,1,0
348930,4589,0.0,4.0,0.0,2,1,1,1,1,0,1,0
349268,191,0.0,5.0,1.0,3,2,2,1,2,0,1,0
349978,1520,0.0,2.0,1.0,2,1,1,1,1,0,1,0
350552,4385,0.0,3.0,0.0,4,2,2,1,2,0,1,1
3506,1031,0.0,4.0,1.0,4,1,1,2,3,0,1,0
350746,1255,0.0,4.0,1.0,6,3,1,1,5,0,1,0
350819,963,0.0,4.0,0.0,7,1,1,4,6,0,1,0
351010,14,0.0,4.0,0.0,3,1,1,1,2,0,1,0
351096,2991,0.0,0.0,1.0,11,1,1,1,10,0,1,0
351972,310,0.0,5.0,0.0,8,1,1,2,6,0,2,0
352453,3152,0.0,2.0,0.0,31,5,1,2,25,0,3,3
353066,4693,0.0,3.0,0.0,6,1,1,2,5,0,1,0
353210,2140,0.0,0.0,0.0,11,6,1,3,9,0,1,1
353398,630,0.0,2.0,0.0,3,2,1,2,2,0,1,0
353457,1393,0.0,4.0,0.0,11,7,4,2,8,0,2,1
353496,633,0.0,2.0,0.0,8,2,1,2,7,0,1,0
353544,3683,0.0,3.0,1.0,2,1,1,1,1,0,1,0
353806,2582,0.0,3.0,1.0,13,6,2,2,11,0,1,1
354675,1816,0.0,6.0,0.0,1,1,1,1,0,0,1,0
354734,3401,0.0,3.0,0.0,4,1,1,2,3,0,1,0
35507,4480,0.0,0.0,2.0,2,1,1,1,1,0,1,0
355087,1679,1.0,4.0,0.0,38,26,6,2,37,0,1,0
355160,2721,0.0,0.0,0.0,13,3,1,3,12,0,1,0
355545,1167,0.0,4.0,1.0,2,1,1,1,1,0,1,0
356533,2205,0.0,3.0,1.0,1,1,1,1,0,0,1,0
356630,357,0.0,0.0,1.0,9,5,4,1,8,0,1,0
356756,1437,0.0,3.0,1.0,5,1,1,1,4,0,1,0
356789,1187,0.0,3.0,1.0,8,2,2,1,7,0,1,0
357238,2828,0.0,4.0,2.0,1,1,1,1,0,0,1,0
357282,1487,0.0,4.0,0.0,2,1,1,1,1,0,1,0
357593,1470,0.0,5.0,1.0,6,1,1,1,4,1,1,0
357915,58,0.0,5.0,0.0,6,1,1,2,5,0,1,0
358261,1890,0.0,4.0,1.0,2,1,1,1,1,0,1,0
358642,2537,0.0,4.0,0.0,11,4,3,1,8,0,3,0
358897,4427,0.0,0.0,1.0,2,1,1,1,1,0,1,0
359006,4818,0.0,0.0,0.0,2,2,1,1,0,0,2,0
359487,829,0.0,3.0,null,10,5,2,3,9,0,1,0
360176,2768,0.0,4.0,0.0,10,5,4,3,8,0,2,0
36057,3088,0.0,4.0,2.0,3,1,1,1,2,0,1,0
361065,3159,0.0,4.0,0.0,11,4,3,4,8,0,1,2
361330,2273,0.0,2.0,0.0,27,4,1,1,26,0,1,0
361445,3420,0.0,5.0,0.0,1,1,1,1,0,0,1,0
36203,2031,0.0,5.0,0.0,1,1,1,1,0,0,1,0
362377,2124,0.0,7.0,1.0,12,3,1,5,11,0,1,0
362430,4864,0.0,5.0,0.0,6,3,1,2,5,0,1,0
362504,4270,0.0,0.0,0.0,5,4,3,2,3,0,2,0
362651,1102,0.0,3.0,1.0,8,6,5,3,7,0,1,0
363119,1283,0.0,2.0,0.0,4,2,2,2,2,0,1,1
363277,3042,0.0,4.0,0.0,10,5,3,1,5,0,5,0
363577,3734,0.0,3.0,1.0,10,5,4,2,8,0,2,0
363692,3623,0.0,5.0,1.0,3,1,1,2,2,0,1,0
363771,4008,0.0,4.0,1.0,3,2,1,1,2,0,1,0
363856,4605,0.0,0.0,0.0,12,6,5,2,9,0,1,2
363894,4760,0.0,3.0,1.0,5,2,1,1,4,0,1,0
364294,1067,0.0,3.0,0.0,4,1,1,1,3,0,1,0
364369,505,0.0,3.0,1.0,5,1,1,1,3,0,2,0
365108,47,0.0,2.0,0.0,3,1,1,1,2,0,1,0
365534,3091,0.0,4.0,0.0,7,4,3,2,3,0,4,0
366198,1399,0.0,3.0,1.0,2,1,1,1,1,0,1,0
366289,4071,0.0,3.0,0.0,2,1,1,1,1,0,1,0
366626,3538,0.0,2.0,1.0,4,1,1,1,0,0,4,0
3667,3173,0.0,0.0,0.0,3,1,1,1,2,0,1,0
366764,3640,0.0,3.0,1.0,14,2,1,4,12,0,1,1
367034,4508,0.0,5.0,0.0,3,1,1,1,2,0,1,0
367078,3531,0.0,5.0,1.0,6,1,1,1,4,0,1,1
367245,3545,0.0,2.0,0.0,2,1,1,1,1,0,1,0
367411,4756,0.0,0.0,0.0,2,1,1,1,1,0,1,0
367775,474,0.0,0.0,0.0,4,2,2,1,3,0,1,0
367930,4115,0.0,6.0,0.0,1,1,1,1,0,0,1,0
368530,3734,0.0,3.0,0.0,3,1,1,2,2,0,1,0
368904,2664,0.0,4.0,1.0,1,1,1,1,0,0,1,0
369092,4519,0.0,4.0,0.0,9,3,1,1,8,0,1,0
36921,824,0.0,2.0,0.0,6,3,1,1,5,0,1,0
369312,2928,0.0,3.0,1.0,9,4,2,3,4,0,1,4
369551,3954,0.0,2.0,0.0,8,1,1,1,7,0,1,0
369838,4177,0.0,6.0,1.0,3,1,1,2,2,0,1,0
371154,1861,0.0,2.0,0.0,3,1,1,3,1,0,1,1
372275,3828,0.0,0.0,1.0,9,3,2,3,8,0,1,0
37342,4760,0.0,2.0,0.0,3,1,1,2,1,0,1,1
373491,1031,0.0,8.0,0.0,2,1,1,1,1,0,1,0
373646,3350,0.0,4.0,1.0,4,1,1,2,2,0,1,1
373784,1618,0.0,4.0,0.0,4,2,2,2,2,0,1,1
374293,1102,0.0,3.0,0.0,25,7,4,5,22,0,2,1
374553,3284,0.0,2.0,1.0,3,1,1,1,2,0,1,0
374619,2242,0.0,4.0,0.0,16,9,7,2,13,0,3,0
374865,4554,0.0,3.0,0.0,12,6,2,3,10,0,2,0
375006,1056,0.0,3.0,0.0,3,1,1,1,2,0,1,0
375341,1291,0.0,0.0,1.0,4,1,1,1,3,0,1,0
375369,2273,1.0,3.0,0.0,2,1,1,2,0,0,1,1
37566,293,0.0,0.0,0.0,3,2,1,1,2,0,1,0
376346,1342,0.0,0.0,1.0,3,1,1,2,2,0,1,0
376697,3472,0.0,4.0,0.0,3,1,1,1,2,0,1,0
376846,2730,0.0,3.0,0.0,9,1,1,2,8,0,1,0
377415,2403,0.0,5.0,0.0,14,12,1,1,13,0,1,0
377711,2279,0.0,2.0,0.0,15,1,1,3,12,0,1,2
378225,2193,0.0,8.0,0.0,9,1,1,1,8,0,1,0
378240,1861,0.0,2.0,1.0,3,1,1,1,1,0,2,0
378316,4427,0.0,0.0,0.0,7,2,2,2,6,0,1,0
378999,3609,0.0,0.0,0.0,20,3,1,6,19,0,1,0
379112,2761,0.0,6.0,0.0,18,7,1,1,17,0,1,0
379224,4198,1.0,0.0,0.0,8,3,1,1,7,0,1,0
379346,1039,0.0,3.0,1.0,2,1,1,1,1,0,1,0
379366,960,0.0,3.0,0.0,25,8,1,1,22,0,3,0
379941,322,0.0,3.0,0.0,13,7,4,4,12,0,1,0
380181,4705,0.0,3.0,0.0,3,1,1,1,2,0,1,0
38052,4955,0.0,2.0,1.0,13,6,4,2,8,0,3,2
381968,4042,0.0,4.0,1.0,7,1,1,3,6,0,1,0
382065,1833,0.0,0.0,0.0,11,7,1,1,10,0,1,0
382484,4472,0.0,0.0,1.0,2,1,1,2,1,0,1,0
382628,66,0.0,4.0,0.0,2,2,1,2,1,0,1,0
382657,3304,0.0,2.0,0.0,1,1,1,1,0,0,1,0
38272,1704,0.0,3.0,0.0,18,9,3,2,17,0,1,0
383138,4217,0.0,4.0,0.0,3,3,2,1,0,0,3,0
383297,1502,0.0,3.0,0.0,4,1,1,1,3,0,1,0
383636,416,0.0,0.0,0.0,26,16,7,3,22,0,1,3
383798,2537,0.0,3.0,0.0,3,1,1,1,2,0,1,0
38402,826,0.0,0.0,null,12,3,3,3,9,1,2,0
384403,2052,0.0,2.0,1.0,2,1,1,1,1,0,1,0
384998,3578,0.0,3.0,1.0,10,4,2,3,9,0,1,0
385207,1978,0.0,0.0,null,15,4,2,2,11,0,1,3
385337,1923,0.0,4.0,1.0,4,3,2,2,3,0,1,0
385457,3205,0.0,5.0,0.0,3,2,1,2,0,0,1,2
386144,2031,1.0,4.0,1.0,29,9,2,10,26,0,1,2
386692,426,1.0,3.0,0.0,9,3,1,2,7,0,2,0
387123,3828,0.0,3.0,0.0,8,3,2,4,7,0,1,0
38724,1487,0.0,2.0,0.0,18,4,1,1,17,0,1,0
38773,2031,0.0,4.0,1.0,8,1,1,1,6,0,1,1
387917,1708,0.0,5.0,1.0,8,3,1,2,7,0,1,0
388260,742,0.0,3.0,0.0,4,1,1,3,2,0,1,1
388261,1854,0.0,2.0,0.0,10,7,1,2,9,0,1,0
388325,547,0.0,0.0,null,1,1,1,1,0,0,1,0
388438,3054,0.0,6.0,0.0,10,1,1,1,9,0,1,0
388461,1489,0.0,7.0,0.0,5,1,1,1,4,0,1,0
388534,2775,0.0,4.0,0.0,2,1,1,1,1,0,1,0
388537,416,0.0,3.0,0.0,3,2,1,1,2,0,1,0
388979,4480,1.0,4.0,0.0,60,29,6,7,57,0,1,2
389011,3445,0.0,4.0,2.0,7,2,2,1,6,0,1,0
38922,372,0.0,6.0,0.0,10,1,1,2,7,0,2,1
389421,152,0.0,3.0,0.0,5,1,1,3,3,0,1,1
389656,1393,1.0,0.0,0.0,15,4,2,3,11,0,1,3
389914,4589,0.0,3.0,1.0,1,1,1,1,0,0,1,0
390037,1963,0.0,0.0,0.0,9,4,2,1,8,0,1,0
39008,3536,0.0,4.0,0.0,14,4,2,4,12,0,1,1
390352,1673,0.0,4.0,1.0,1,1,1,1,0,0,1,0
390353,4079,0.0,0.0,0.0,3,1,1,1,2,0,1,0
390367,2217,0.0,0.0,0.0,6,3,1,3,5,0,1,0
390570,996,0.0,6.0,0.0,30,11,2,3,29,0,1,0
390675,798,0.0,0.0,0.0,2,1,1,1,1,0,1,0
39096,2709,1.0,3.0,1.0,3,1,1,1,2,0,1,0
391047,4043,0.0,0.0,0.0,26,18,6,4,22,0,4,0
391428,350,0.0,0.0,0.0,4,1,1,1,3,0,1,0
391919,643,0.0,6.0,0.0,20,8,3,3,13,0,1,6
392179,962,0.0,3.0,0.0,4,1,1,1,3,0,1,0
392444,586,0.0,4.0,0.0,26,21,8,2,16,0,9,1
392452,4650,0.0,3.0,2.0,2,1,1,1,1,0,1,0
392702,1102,0.0,0.0,0.0,5,1,1,1,3,0,1,1
393173,2639,0.0,3.0,0.0,7,2,1,1,4,0,1,2
393944,654,0.0,5.0,1.0,3,1,1,1,2,0,1,0
393954,2459,0.0,6.0,0.0,4,2,2,2,2,0,2,0
394026,4727,0.0,3.0,1.0,10,3,3,1,9,0,1,0
394346,2008,0.0,2.0,1.0,15,2,1,2,11,0,1,3
394502,1067,0.0,4.0,1.0,24,6,1,5,23,0,1,0
394855,1997,0.0,3.0,0.0,4,1,1,1,2,0,1,1
394892,1861,0.0,4.0,1.0,4,2,2,1,3,0,1,0
395007,826,0.0,3.0,0.0,2,1,1,1,1,0,1,0
395133,2810,0.0,4.0,1.0,5,2,1,1,4,0,1,0
395367,200,0.0,0.0,0.0,2,1,1,1,1,0,1,0
395461,1875,1.0,4.0,0.0,7,6,3,2,4,0,3,0
39555,698,0.0,6.0,0.0,5,1,2,2,3,1,1,0
396152,3986,1.0,4.0,1.0,3,1,1,1,2,0,1,0
396244,3350,0.0,3.0,0.0,5,2,1,2,3,0,1,1
396269,760,0.0,0.0,1.0,2,1,1,1,1,0,1,0
396440,2318,0.0,4.0,1.0,1,1,1,1,0,0,1,0
396474,1749,1.0,4.0,0.0,6,3,1,1,5,0,1,0
396775,2128,1.0,4.0,0.0,10,3,3,2,5,0,2,3
397060,2278,0.0,2.0,0.0,4,1,1,2,2,0,1,1
397251,798,0.0,3.0,0.0,35,12,8,3,31,0,4,0
397582,63,0.0,7.0,1.0,7,1,1,4,6,0,1,0
397984,3828,0.0,6.0,0.0,20,6,3,3,16,0,1,3
397998,960,1.0,2.0,1.0,1,1,1,1,0,0,1,0
398606,742,0.0,4.0,0.0,6,3,2,1,4,0,2,0
399249,96,0.0,3.0,1.0,3,1,1,1,2,0,1,0
399304,4525,0.0,0.0,0.0,3,1,1,2,0,0,2,1
399400,661,0.0,4.0,0.0,7,1,1,2,4,0,2,1
39947,132,0.0,3.0,0.0,10,1,1,1,9,0,1,0
399542,3954,0.0,0.0,1.0,4,2,2,1,2,0,2,0
400446,4118,0.0,3.0,1.0,2,1,1,1,1,0,1,0
40219,1892,1.0,3.0,0.0,12,9,3,1,11,0,1,0
402243,1093,0.0,3.0,1.0,8,4,1,2,7,0,1,0
402608,4322,0.0,2.0,1.0,1,1,1,1,0,0,1,0
402717,1485,0.0,0.0,0.0,13,3,1,2,12,0,1,0
403022,1520,0.0,5.0,1.0,4,1,1,2,3,0,1,0
403787,4234,0.0,5.0,0.0,7,1,1,1,6,0,1,0
4039,4090,0.0,3.0,0.0,27,6,1,6,22,0,2,3
405506,2669,0.0,3.0,0.0,9,5,3,2,8,0,1,0
405906,2821,0.0,0.0,1.0,10,1,1,2,9,0,1,0
405992,412,0.0,4.0,0.0,5,2,1,1,4,0,1,0
406010,1477,0.0,7.0,0.0,4,1,1,1,2,0,1,1
406262,3930,0.0,0.0,0.0,6,2,2,1,4,1,1,0
406277,1916,0.0,5.0,0.0,7,2,1,1,5,0,1,1
406584,2820,0.0,0.0,0.0,16,11,4,3,15,0,1,0
406606,4112,0.0,5.0,0.0,4,1,1,1,3,0,1,0
406707,4585,0.0,3.0,0.0,3,1,1,2,2,0,1,0
406774,500,0.0,4.0,0.0,4,1,1,1,3,0,1,0
407139,1798,0.0,0.0,0.0,2,1,1,1,1,0,1,0
407323,4173,0.0,0.0,0.0,19,6,3,2,17,0,1,1
407688,685,1.0,4.0,0.0,7,2,1,1,5,0,1,1
408135,4287,0.0,3.0,0.0,11,6,4,4,10,0,1,0
408729,2876,0.0,3.0,0.0,17,6,1,7,15,0,1,1
409312,2954,0.0,5.0,2.0,4,1,1,1,1,0,3,0
410103,4079,0.0,4.0,0.0,4,1,1,2,2,0,1,1
410107,1840,0.0,5.0,1.0,4,1,1,1,3,0,1,0
410164,1892,0.0,0.0,0.0,13,12,4,2,11,0,1,1
410210,2620,1.0,0.0,0.0,5,2,2,2,4,0,1,0
410976,4322,0.0,0.0,2.0,3,1,1,2,2,0,1,0
411152,4760,0.0,2.0,0.0,4,1,1,1,3,0,1,0
411449,960,0.0,2.0,0.0,1,1,1,1,0,0,1,0
411881,1102,0.0,3.0,1.0,7,3,1,3,6,0,1,0
412655,4048,0.0,2.0,0.0,2,1,1,2,0,0,1,1
413199,4287,1.0,0.0,0.0,15,9,4,1,14,0,1,0
413417,4659,0.0,7.0,0.0,1,1,1,1,0,0,1,0
413452,278,0.0,6.0,0.0,3,1,1,1,2,0,1,0
413547,1892,0.0,3.0,1.0,6,4,3,1,4,0,2,0
413800,2278,0.0,0.0,0.0,4,1,1,1,3,0,1,0
414204,4385,0.0,6.0,0.0,17,3,1,4,15,0,2,0
41442,4724,0.0,0.0,0.0,6,2,1,1,5,0,1,0
414533,3851,0.0,0.0,0.0,6,2,2,3,4,0,2,0
415057,3022,0.0,2.0,1.0,10,2,1,1,7,0,1,2
4152,4372,0.0,0.0,0.0,4,1,1,1,3,0,1,0
415232,1679,0.0,4.0,0.0,37,16,3,1,32,0,5,0
415308,426,0.0,2.0,1.0,2,1,1,1,0,0,2,0
415557,3263,0.0,0.0,2.0,2,1,1,1,1,0,1,0
415600,682,0.0,4.0,0.0,19,6,2,2,17,1,1,0
415604,1833,0.0,0.0,0.0,10,5,4,1,9,0,1,0
415859,900,0.0,6.0,0.0,2,1,1,1,1,0,1,0
417126,361,0.0,0.0,1.0,19,8,2,4,17,1,1,0
417215,3022,0.0,3.0,0.0,3,1,1,1,0,0,2,1
418382,3528,0.0,0.0,0.0,18,4,2,3,14,0,1,3
419054,2821,0.0,0.0,0.0,4,1,1,1,3,0,1,0
419093,156,0.0,6.0,1.0,2,1,1,1,1,0,1,0
419334,4525,1.0,6.0,0.0,141,54,9,3,131,0,10,0
419512,1618,0.0,0.0,0.0,12,6,3,2,11,0,1,0
419649,3502,0.0,4.0,0.0,1,1,1,1,0,0,1,0
419884,2631,0.0,3.0,0.0,2,2,2,1,0,0,2,0
420071,2565,0.0,0.0,0.0,3,2,1,2,2,0,1,0
420131,4287,0.0,3.0,0.0,2,1,1,1,0,0,2,0
420585,1023,0.0,null,null,5,2,2,1,3,0,2,0
420710,14,0.0,0.0,1.0,20,10,5,3,17,0,2,1
420763,4607,0.0,4.0,0.0,2,1,1,1,1,0,1,0
421560,4480,0.0,4.0,0.0,11,3,2,3,9,0,1,1
421573,606,0.0,2.0,1.0,7,3,3,2,5,0,2,0
421674,1501,0.0,3.0,0.0,1,1,1,1,0,0,1,0
421740,598,0.0,4.0,1.0,24,17,3,2,21,0,1,2
421753,4705,0.0,3.0,0.0,2,1,1,2,1,0,1,0
42231,3621,0.0,0.0,1.0,2,1,1,1,1,0,1,0
422970,908,0.0,3.0,1.0,10,3,1,1,8,0,2,0
423004,4474,0.0,0.0,0.0,7,2,1,1,6,0,1,0
423099,1346,0.0,3.0,0.0,5,1,1,2,3,0,1,1
423419,534,1.0,3.0,1.0,3,1,1,2,2,0,1,0
42380,219,0.0,4.0,0.0,2,1,1,1,0,0,2,0
423805,1090,0.0,4.0,0.0,9,6,1,2,8,0,1,0
424003,424,0.0,2.0,0.0,6,1,1,3,5,0,1,0
424048,1056,0.0,4.0,0.0,19,7,4,3,18,0,1,0
424140,1760,0.0,6.0,0.0,5,2,1,1,3,0,2,0
42967,4173,0.0,5.0,0.0,4,4,3,1,3,0,1,0
43093,1501,0.0,5.0,0.0,1,1,1,1,0,0,1,0
43345,3536,1.0,4.0,0.0,2,1,1,1,1,0,1,0
43437,3607,0.0,4.0,0.0,6,2,1,3,4,0,1,1
43727,4594,0.0,4.0,1.0,7,4,4,1,6,0,1,0
43911,587,0.0,3.0,0.0,11,3,3,3,9,0,1,1
43988,1520,1.0,6.0,0.0,5,1,1,2,3,0,1,1
44556,4708,0.0,5.0,1.0,12,6,4,1,10,0,2,0
45175,2403,0.0,5.0,0.0,1,1,1,1,0,0,1,0
45262,4659,0.0,6.0,0.0,11,8,5,2,8,0,2,1
45529,911,0.0,0.0,0.0,7,5,2,2,5,0,1,1
46054,1892,0.0,4.0,0.0,12,6,4,2,7,0,5,0
46235,2281,0.0,3.0,1.0,2,1,1,2,1,0,1,0
46348,1512,0.0,0.0,0.0,26,9,2,3,25,0,1,0
46767,323,0.0,5.0,0.0,9,3,1,6,5,0,1,3
46968,3828,1.0,6.0,0.0,6,3,3,2,5,0,1,0
47082,4661,0.0,3.0,0.0,6,1,1,2,5,0,1,0
47656,4504,0.0,3.0,0.0,15,8,1,1,14,0,1,0
4770,687,0.0,6.0,0.0,3,1,1,1,2,0,1,0
47867,4044,0.0,2.0,0.0,16,9,2,6,12,0,2,2
48063,1393,0.0,3.0,0.0,12,8,1,2,11,0,1,0
4845,3828,0.0,3.0,0.0,48,24,7,4,47,0,1,0
48573,1892,0.0,6.0,0.0,5,4,2,2,4,0,1,0
49718,4043,1.0,0.0,1.0,4,1,1,1,1,1,1,1
50078,798,0.0,0.0,0.0,12,4,2,3,11,0,1,0
50360,3350,0.0,0.0,0.0,7,1,1,2,6,0,1,0
51209,3990,0.0,5.0,0.0,2,1,1,1,1,0,1,0
51577,4173,0.0,3.0,0.0,19,15,6,4,16,0,2,1
51587,416,0.0,0.0,1.0,1,1,1,1,0,0,1,0
51666,1145,0.0,5.0,0.0,15,8,1,2,14,0,1,0
51940,3484,0.0,5.0,1.0,7,3,1,2,6,0,1,0
52104,4775,1.0,0.0,0.0,12,6,2,2,11,0,1,0
52155,963,0.0,0.0,0.0,12,3,1,2,10,0,2,0
52402,3828,0.0,0.0,0.0,4,3,3,2,3,0,1,0
5282,1248,0.0,2.0,1.0,5,1,1,2,4,0,1,0
52862,4044,0.0,3.0,0.0,4,1,1,2,3,0,1,0
53033,2824,0.0,4.0,1.0,2,1,1,2,1,0,1,0
53043,2537,0.0,3.0,0.0,19,5,3,2,16,0,3,0
5308,1096,0.0,2.0,1.0,9,3,2,3,8,0,1,0
53253,2328,0.0,4.0,0.0,3,1,1,1,1,0,2,0
53377,3968,0.0,3.0,0.0,187,19,10,8,176,0,5,6
53807,1978,0.0,0.0,1.0,6,5,1,2,4,0,1,1
54279,296,0.0,5.0,2.0,9,1,1,2,7,0,2,0
55414,4472,0.0,3.0,1.0,6,1,1,2,5,0,1,0
55692,3773,0.0,5.0,0.0,3,3,1,2,2,0,1,0
55832,1835,0.0,5.0,0.0,82,42,9,9,76,0,1,5
55880,1760,0.0,3.0,1.0,12,6,1,1,11,0,1,0
56125,2124,0.0,6.0,0.0,16,7,1,1,15,0,1,0
57081,673,0.0,2.0,0.0,5,1,1,1,4,0,1,0
57394,4739,0.0,4.0,0.0,2,1,1,1,0,0,1,1
57910,2699,0.0,3.0,0.0,3,1,1,2,1,0,1,1
57942,1440,0.0,3.0,0.0,12,3,1,4,11,0,1,0
58011,598,0.0,2.0,1.0,10,2,2,4,9,0,1,0
58416,4044,0.0,3.0,0.0,17,6,2,2,15,0,2,0
58869,1618,0.0,4.0,1.0,3,1,1,1,2,0,1,0
59055,1956,0.0,4.0,0.0,3,1,1,1,2,0,1,0
59127,3472,0.0,3.0,1.0,4,2,2,1,3,0,1,0
60023,3683,0.0,4.0,1.0,2,1,1,1,1,0,1,0
60491,4173,1.0,3.0,0.0,4,3,3,3,0,0,1,3
60557,2709,0.0,6.0,0.0,9,3,2,1,7,0,1,1
60568,3365,0.0,4.0,0.0,1,1,1,1,0,0,1,0
60813,3828,0.0,3.0,0.0,10,4,2,2,8,0,1,1
6087,4042,0.0,0.0,1.0,1,1,1,1,0,0,1,0
60917,586,1.0,3.0,0.0,79,43,5,7,74,0,1,4
60993,3621,0.0,3.0,1.0,1,1,1,1,0,0,1,0
61130,534,0.0,3.0,0.0,19,5,1,1,18,0,1,0
6142,4976,0.0,3.0,0.0,20,9,2,4,16,0,1,3
6148,2730,0.0,0.0,0.0,4,3,1,1,3,0,1,0
62815,2744,0.0,3.0,1.0,4,1,1,1,3,0,1,0
63250,3524,0.0,2.0,1.0,9,3,1,4,7,0,1,1
63266,4585,0.0,0.0,0.0,4,1,1,2,2,0,2,0
64069,3347,0.0,4.0,1.0,10,3,2,2,8,0,1,1
64435,1246,0.0,4.0,0.0,5,2,1,1,4,0,1,0
64875,3614,0.0,3.0,1.0,13,8,5,1,10,0,3,0
65104,514,0.0,7.0,1.0,2,1,1,1,1,0,1,0
65292,151,0.0,4.0,2.0,7,1,1,4,6,0,1,0
65722,3763,0.0,3.0,1.0,5,3,1,2,2,0,3,0
66156,1884,0.0,6.0,1.0,5,1,1,2,4,0,1,0
66179,1166,0.0,0.0,0.0,8,2,1,2,5,0,1,2
66606,669,0.0,4.0,0.0,14,6,1,4,12,0,1,1
6683,1340,0.0,3.0,0.0,12,5,1,1,11,0,1,0
66856,361,0.0,5.0,1.0,6,2,2,1,4,0,1,1
66873,3029,0.0,3.0,0.0,6,1,1,3,5,0,1,0
67110,3424,1.0,0.0,0.0,9,5,1,3,8,0,1,0
6724,1892,0.0,3.0,0.0,58,19,6,2,57,0,1,0
6771,2162,0.0,4.0,1.0,5,1,1,1,4,0,1,0
67722,4287,0.0,0.0,1.0,23,12,5,3,20,0,3,0
67822,1115,0.0,2.0,1.0,1,1,1,1,0,0,1,0
68857,386,0.0,6.0,0.0,6,2,1,2,4,0,1,1
70061,4198,0.0,6.0,1.0,5,2,1,2,4,0,1,0
70066,1203,0.0,3.0,0.0,3,1,1,1,2,0,1,0
70290,1978,0.0,0.0,1.0,29,5,2,2,26,0,3,0
70464,1918,0.0,4.0,0.0,29,20,5,7,28,0,1,0
70969,1661,0.0,0.0,0.0,32,8,3,2,30,0,2,0
71862,148,0.0,0.0,0.0,7,3,2,2,4,0,3,0
71916,3271,0.0,8.0,0.0,5,2,1,2,4,0,1,0
72210,3734,0.0,4.0,0.0,65,24,4,8,64,0,1,0
72378,829,0.0,3.0,0.0,6,5,1,2,5,0,1,0
72553,2339,0.0,0.0,0.0,2,1,1,1,1,0,1,0
72742,3205,0.0,3.0,0.0,1,1,1,1,0,0,1,0
7286,598,0.0,0.0,0.0,6,1,1,2,5,0,1,0
73027,685,1.0,5.0,0.0,8,1,1,3,6,0,1,1
73333,3374,0.0,5.0,0.0,1,1,1,1,0,0,1,0
7364,3828,0.0,5.0,0.0,10,3,2,3,9,0,1,0
7398,2730,0.0,0.0,0.0,3,1,1,1,2,0,1,0
74223,63,0.0,5.0,0.0,14,4,3,1,13,0,1,0
74751,2791,0.0,2.0,1.0,5,2,1,1,4,0,1,0
75299,3289,0.0,0.0,0.0,9,4,2,2,8,0,1,0
75398,1978,0.0,2.0,1.0,19,13,5,3,17,1,1,0
76336,1272,0.0,0.0,0.0,15,8,4,3,12,0,1,2
76412,1840,0.0,3.0,1.0,4,1,1,1,2,0,2,0
76609,2721,0.0,0.0,0.0,3,1,1,1,2,0,1,0
76887,3965,1.0,4.0,1.0,7,1,1,1,2,0,5,0
76998,3578,0.0,4.0,0.0,16,5,1,2,15,0,1,0
76998,4079,0.0,4.0,0.0,12,5,3,1,10,0,2,0
77196,4589,1.0,5.0,0.0,4,2,1,1,3,0,1,0
77412,3266,0.0,3.0,0.0,3,1,1,1,2,0,1,0
77516,3898,0.0,7.0,2.0,3,1,1,1,1,0,1,1
77810,1408,0.0,0.0,1.0,4,1,1,2,3,0,1,0
77996,3828,0.0,3.0,0.0,3,1,1,1,2,0,1,0
78026,4789,0.0,4.0,1.0,5,1,1,2,4,0,1,0
78247,3323,0.0,3.0,1.0,2,2,1,1,0,0,2,0
78426,2459,0.0,2.0,0.0,30,5,4,7,28,0,1,1
78703,2872,0.0,4.0,2.0,4,2,2,1,2,0,2,0
79336,2066,0.0,3.0,0.0,2,1,1,2,1,0,1,0
79376,4173,0.0,5.0,0.0,3,3,2,1,2,0,1,0
80077,4560,0.0,2.0,0.0,34,9,3,4,30,0,1,3
80997,2565,0.0,3.0,0.0,16,5,1,2,13,0,2,1
81211,606,0.0,4.0,1.0,2,1,1,1,1,0,1,0
81355,3822,0.0,2.0,0.0,8,4,1,1,7,0,1,0
81845,2394,0.0,0.0,1.0,4,1,1,1,3,0,1,0
82501,2786,0.0,2.0,0.0,3,1,1,1,2,0,1,0
8264,1769,0.0,3.0,0.0,6,1,1,2,5,0,1,0
82922,3057,0.0,4.0,2.0,12,8,2,1,11,0,1,0
83491,3602,0.0,4.0,0.0,6,1,1,2,4,0,1,1
8350,2303,0.0,3.0,0.0,1,1,1,1,0,0,1,0
83814,3839,0.0,3.0,0.0,37,14,2,9,32,0,1,4
83818,4433,0.0,4.0,0.0,4,1,1,1,3,0,1,0
84191,962,0.0,3.0,0.0,2,1,1,1,1,0,1,0
84569,4966,0.0,3.0,0.0,9,4,4,4,6,0,1,2
84629,2545,0.0,3.0,0.0,3,1,1,1,2,0,1,0
85120,1301,0.0,6.0,0.0,7,2,1,3,6,0,1,0
8577,4850,0.0,6.0,0.0,28,13,5,3,27,0,1,0
85857,320,0.0,3.0,0.0,2,1,1,1,1,0,1,0
85965,2989,0.0,3.0,0.0,8,4,4,2,5,0,3,0
86234,2545,0.0,3.0,1.0,20,5,3,2,19,0,1,0
86246,2148,0.0,6.0,1.0,11,6,1,1,9,0,2,0
87382,3971,0.0,4.0,1.0,35,19,5,3,31,0,2,2
87477,4282,0.0,3.0,0.0,8,2,2,2,6,0,1,1
87517,4357,0.0,4.0,0.0,1,1,1,1,0,0,1,0
87583,4659,0.0,2.0,0.0,33,14,9,2,25,0,7,1
87684,4463,0.0,5.0,0.0,6,1,1,1,5,0,1,0
8773,962,0.0,3.0,0.0,5,3,2,1,4,0,1,0
88094,960,0.0,2.0,0.0,10,4,1,1,9,0,1,0
88235,4005,0.0,0.0,0.0,3,1,1,1,2,0,1,0
88736,1892,0.0,0.0,0.0,6,1,1,2,5,0,1,0
88796,4173,0.0,7.0,0.0,9,8,4,1,8,0,1,0
89292,1618,0.0,3.0,0.0,7,2,1,1,5,0,2,0
89757,682,0.0,6.0,1.0,3,1,1,2,2,0,1,0
89776,742,0.0,3.0,1.0,7,2,2,1,6,0,1,0
90033,1892,0.0,4.0,1.0,2,2,1,2,1,0,1,0
90061,1892,0.0,4.0,0.0,45,12,5,2,42,0,1,2
90175,606,0.0,4.0,0.0,9,6,5,2,7,0,2,0
9020,1861,1.0,6.0,1.0,2,1,1,1,1,0,1,0
90517,3484,0.0,3.0,1.0,4,1,1,1,3,0,1,0
90750,2217,0.0,0.0,0.0,3,1,1,1,2,0,1,0
91110,1840,0.0,0.0,0.0,3,1,1,1,2,0,1,0
91123,2309,0.0,0.0,0.0,8,1,1,2,6,0,1,1
91261,3303,0.0,4.0,1.0,11,2,1,2,10,0,1,0
91380,4173,0.0,0.0,0.0,13,4,1,2,11,0,2,0
91477,4173,0.0,3.0,0.0,4,2,2,1,3,0,1,0
91494,4248,0.0,4.0,0.0,13,2,1,2,11,0,1,1
91591,598,0.0,3.0,0.0,27,16,3,2,24,0,3,0
91960,2569,1.0,3.0,0.0,3,3,2,1,0,0,3,0
92209,1588,0.0,3.0,1.0,10,4,2,1,9,0,1,0
92258,1890,0.0,0.0,0.0,4,3,2,2,0,0,2,2
93783,3766,0.0,5.0,0.0,4,4,3,1,0,0,3,1
93918,2971,0.0,6.0,0.0,19,3,1,2,18,0,1,0
93932,4605,0.0,0.0,0.0,5,1,1,1,4,0,1,0
94073,2669,0.0,3.0,0.0,36,17,5,2,32,0,1,3
94154,4871,0.0,3.0,0.0,4,2,1,1,3,0,1,0
94404,145,0.0,0.0,0.0,5,1,1,1,4,0,1,0
94579,4850,0.0,4.0,0.0,116,72,13,9,107,0,5,4
94616,1892,1.0,0.0,0.0,22,12,5,3,16,0,6,0
94672,2217,0.0,5.0,0.0,14,2,1,1,11,0,3,0
95163,310,0.0,8.0,0.0,2,1,1,1,1,0,1,0
95559,1489,0.0,3.0,1.0,1,1,1,1,0,0,1,0
96073,1825,0.0,4.0,1.0,11,7,1,1,10,0,1,0
96296,3205,0.0,3.0,0.0,7,2,1,2,5,0,1,1
96502,2824,0.0,6.0,0.0,3,1,1,1,2,0,1,0
96745,1742,0.0,5.0,1.0,3,1,1,2,2,0,1,0
96798,2036,0.0,3.0,0.0,3,1,1,2,2,0,1,0
96829,416,0.0,3.0,0.0,22,12,2,2,18,0,1,3
97139,1892,0.0,5.0,0.0,1,1,1,1,0,0,1,0
97328,2608,0.0,2.0,1.0,4,1,1,2,3,0,1,0
9766,2031,0.0,2.0,0.0,1,1,1,1,0,0,1,0
97687,4647,0.0,3.0,0.0,3,1,1,1,2,0,1,0
9772,3558,0.0,3.0,1.0,14,3,1,2,12,0,2,0
9833,4170,0.0,0.0,0.0,15,5,1,1,14,0,1,0
99397,4914,0.0,0.0,0.0,20,1,1,2,18,0,1,1
99524,1738,0.0,4.0,1.0,9,3,2,1,8,0,1,0
99853,1892,0.0,4.0,0.0,5,2,2,2,4,0,1,0
