10006,4067,0.0,2.0,0.0,12,3,3,3,11,0,1,0
100257,4394,0.0,0.0,0.0,4,2,1,2,3,0,1,0
100680,2204,0.0,4.0,0.0,3,1,1,1,2,0,1,0
100681,534,0.0,4.0,0.0,1,1,1,1,0,0,1,0
100923,963,0.0,5.0,0.0,8,6,2,1,7,0,1,0
100981,2193,0.0,4.0,0.0,2,1,1,1,1,0,1,0
101228,4007,0.0,0.0,0.0,2,1,1,1,1,0,1,0
101249,227,0.0,3.0,0.0,9,3,2,1,8,0,1,0
101638,4558,0.0,5.0,1.0,2,1,1,1,1,0,1,0
101738,804,0.0,4.0,0.0,2,1,1,1,1,0,1,0
102200,3363,0.0,0.0,0.0,1,1,1,1,0,0,1,0
102283,1963,0.0,5.0,1.0,3,1,1,2,2,0,1,0
102341,1425,0.0,2.0,0.0,13,3,1,1,12,0,1,0
102907,3205,0.0,0.0,0.0,8,3,1,2,7,0,1,0
102976,2361,0.0,3.0,0.0,10,9,6,1,5,0,5,0
103356,793,0.0,6.0,0.0,8,3,1,1,7,0,1,0
103427,296,0.0,3.0,1.0,4,2,1,1,2,0,2,0
10406,1281,0.0,4.0,0.0,3,2,1,1,2,0,1,0
104141,257,0.0,0.0,0.0,3,1,1,1,2,0,1,0
104156,1710,0.0,6.0,1.0,4,1,1,2,3,0,1,0
104429,4044,0.0,0.0,0.0,5,4,3,1,4,0,1,0
104733,1131,0.0,2.0,1.0,34,3,1,1,33,0,1,0
104923,3826,0.0,3.0,0.0,16,5,2,2,15,0,1,0
105415,4071,0.0,5.0,0.0,11,1,1,2,9,0,1,1
10570,4234,0.0,3.0,0.0,5,1,1,1,4,0,1,0
105764,649,0.0,6.0,0.0,2,1,1,2,1,0,1,0
106259,4536,0.0,6.0,0.0,6,2,2,1,4,0,2,0
106395,4282,0.0,4.0,2.0,7,5,3,2,6,0,1,0
106696,1166,0.0,5.0,1.0,7,4,1,2,6,0,1,0
107425,4976,0.0,7.0,1.0,6,1,1,1,5,0,1,0
107449,4043,0.0,3.0,0.0,2,1,1,2,1,0,1,0
107467,2915,1.0,0.0,0.0,12,4,2,2,11,0,1,0
107556,661,0.0,2.0,0.0,3,1,1,2,1,0,1,1
107817,2081,0.0,4.0,0.0,3,1,1,1,2,0,1,0
10792,71,0.0,0.0,0.0,17,10,2,2,16,0,1,0
108048,3263,0.0,2.0,0.0,49,27,7,2,46,0,1,2
108294,2981,0.0,3.0,1.0,1,1,1,1,0,0,1,0
109040,1968,0.0,2.0,1.0,3,1,1,1,2,0,1,0
109074,4173,0.0,3.0,1.0,41,11,4,3,38,0,2,1
109371,4760,0.0,3.0,1.0,3,1,1,1,2,0,1,0
109602,3236,0.0,3.0,0.0,1,1,1,1,0,0,1,0
110561,4044,0.0,4.0,1.0,19,12,3,4,16,0,1,2
111156,1270,0.0,3.0,1.0,6,1,1,1,5,0,1,0
111180,1724,0.0,3.0,0.0,13,5,2,1,12,0,1,0
111796,1557,0.0,0.0,1.0,4,1,1,1,3,0,1,0
113196,4485,0.0,3.0,0.0,5,2,1,1,4,0,1,0
113466,2318,0.0,2.0,0.0,11,5,2,4,10,0,1,0
113721,1487,0.0,0.0,0.0,10,3,1,2,8,1,1,0
11390,2721,0.0,5.0,1.0,42,21,3,4,40,0,2,0
114073,4708,0.0,5.0,0.0,3,2,2,2,2,0,1,0
114204,4919,0.0,3.0,0.0,3,1,1,1,2,0,1,0
114343,4042,0.0,5.0,0.0,18,9,3,1,13,0,5,0
114700,2108,0.0,2.0,1.0,3,1,1,1,2,0,1,0
114742,3230,0.0,4.0,1.0,3,2,1,2,2,0,1,0
114844,2669,0.0,2.0,0.0,24,9,3,1,23,0,1,0
114888,4475,0.0,0.0,1.0,4,1,1,1,3,0,1,0
114995,1495,0.0,4.0,2.0,9,1,1,4,8,0,1,0
115168,416,0.0,7.0,0.0,2,1,1,1,1,0,1,0
115233,1784,0.0,3.0,0.0,8,7,4,1,7,0,1,0
115510,3839,0.0,3.0,0.0,44,31,1,4,40,0,1,3
116081,2505,0.0,3.0,0.0,8,2,1,4,5,0,1,2
116242,1916,0.0,3.0,0.0,2,1,1,1,1,0,1,0
116309,4860,0.0,0.0,0.0,3,1,1,2,2,0,1,0
116397,1854,0.0,6.0,1.0,1,1,1,1,0,0,1,0
116463,4043,0.0,5.0,0.0,6,3,3,1,4,0,2,0
116479,203,0.0,5.0,1.0,3,1,1,1,2,0,1,0
116496,2020,0.0,4.0,0.0,15,4,2,5,13,0,2,0
116526,3828,0.0,6.0,0.0,46,26,10,8,33,0,3,10
117121,2031,0.0,0.0,0.0,14,3,2,1,12,0,2,0
117395,4771,0.0,3.0,0.0,2,2,2,1,0,0,2,0
117504,2343,0.0,6.0,0.0,3,1,1,1,2,0,1,0
118178,2403,0.0,6.0,0.0,14,10,2,4,12,0,2,0
119147,141,1.0,2.0,0.0,30,21,8,1,26,0,4,0
119420,354,0.0,2.0,0.0,8,3,2,2,7,0,1,0
119645,1833,0.0,6.0,1.0,17,10,3,2,15,0,2,0
119658,1892,0.0,3.0,1.0,106,56,10,4,101,0,4,1
119675,3915,0.0,4.0,0.0,3,2,1,1,2,0,1,0
120401,1096,0.0,0.0,1.0,10,3,1,1,9,0,1,0
120864,3578,0.0,3.0,0.0,2,1,1,1,1,0,1,0
120934,3828,0.0,0.0,0.0,8,1,1,2,7,0,1,0
120985,3971,0.0,3.0,1.0,12,8,2,1,11,0,1,0
121219,794,0.0,3.0,0.0,18,6,1,2,16,0,1,1
121346,1832,0.0,0.0,0.0,6,1,1,2,5,0,1,0
121959,3968,0.0,3.0,0.0,2,1,1,1,1,0,1,0
122075,2107,0.0,0.0,1.0,7,2,1,1,5,1,1,0
122106,2669,0.0,2.0,0.0,8,5,5,2,5,0,2,1
122402,3640,0.0,4.0,0.0,4,1,1,1,3,0,1,0
122664,4090,0.0,0.0,0.0,5,2,1,1,3,0,1,1
122668,742,0.0,null,null,12,8,4,2,11,0,1,0
122862,4079,0.0,0.0,0.0,8,3,1,2,6,0,2,0
123242,685,0.0,5.0,2.0,4,3,1,2,3,0,1,0
123384,1780,0.0,5.0,0.0,2,1,1,1,1,0,1,0
123510,2447,0.0,5.0,0.0,10,2,2,2,8,0,1,1
123577,4090,0.0,3.0,1.0,2,1,1,1,1,0,1,0
124213,3460,0.0,0.0,0.0,1,1,1,1,0,0,1,0
124292,2981,0.0,2.0,0.0,2,1,1,2,0,0,1,1
124429,3230,0.0,4.0,0.0,14,7,3,2,7,0,1,6
124695,861,0.0,5.0,1.0,1,1,1,1,0,0,1,0
124710,3288,0.0,3.0,2.0,11,4,1,2,10,0,1,0
125425,3577,0.0,4.0,0.0,3,1,1,1,2,0,1,0
125605,24,1.0,4.0,1.0,9,1,1,1,7,0,2,0
125844,824,0.0,0.0,1.0,11,5,1,2,8,0,3,0
126041,1193,1.0,4.0,1.0,10,1,1,2,8,0,2,0
126378,798,0.0,2.0,0.0,10,6,5,1,7,0,3,0
126423,4368,0.0,6.0,1.0,3,1,1,2,2,0,1,0
127333,1742,0.0,4.0,1.0,2,1,1,1,1,0,1,0
12740,3205,1.0,3.0,0.0,27,9,3,5,24,0,1,2
127581,20,0.0,3.0,0.0,6,3,1,1,5,0,1,0
127667,698,0.0,0.0,0.0,10,5,4,4,6,0,2,2
128085,4976,0.0,0.0,0.0,2,2,2,1,0,0,2,0
128589,2277,0.0,2.0,1.0,3,1,1,2,2,0,1,0
128750,1077,0.0,3.0,0.0,10,4,1,1,8,0,2,0
128855,1835,1.0,0.0,0.0,34,7,3,2,33,0,1,0
129161,4173,0.0,3.0,1.0,5,3,3,1,4,0,1,0
12991,4044,0.0,0.0,0.0,21,7,3,2,20,0,1,0
130254,4914,0.0,0.0,1.0,5,1,1,1,4,0,1,0
130264,1247,0.0,3.0,0.0,7,2,1,1,5,0,1,1
130314,2099,0.0,5.0,0.0,2,1,1,1,1,0,1,0
130502,4568,0.0,5.0,0.0,3,1,1,1,2,0,1,0
130592,1918,1.0,4.0,0.0,47,17,3,3,43,0,1,3
132527,1749,0.0,4.0,0.0,26,9,6,3,20,0,2,4
133212,3152,0.0,3.0,0.0,5,3,1,1,4,0,1,0
133327,4836,0.0,2.0,0.0,11,10,3,3,0,1,1,9
133515,3080,0.0,2.0,0.0,5,2,1,1,4,0,1,0
133857,2409,0.0,5.0,0.0,17,10,3,1,15,0,2,0
133966,1963,0.0,5.0,0.0,12,8,1,1,11,0,1,0
134287,594,0.0,4.0,0.0,12,4,2,2,9,0,1,2
134588,3619,0.0,6.0,0.0,8,2,1,1,7,0,1,0
134691,2550,1.0,3.0,0.0,5,2,1,2,2,0,2,1
135151,3191,0.0,4.0,0.0,3,1,1,1,2,0,1,0
135163,4173,0.0,5.0,null,1,1,1,1,0,0,1,0
135467,1000,0.0,3.0,1.0,2,1,1,1,1,0,1,0
135725,4605,0.0,5.0,0.0,8,5,4,1,7,0,1,0
135846,2318,0.0,3.0,0.0,15,8,2,1,14,0,1,0
135910,2952,0.0,3.0,0.0,11,1,1,1,6,0,5,0
136617,4796,0.0,4.0,1.0,6,3,2,1,4,0,2,0
136711,1102,0.0,2.0,0.0,10,3,2,5,7,0,1,2
136869,4044,0.0,0.0,0.0,31,19,8,3,28,0,2,1
137134,437,0.0,2.0,0.0,12,4,1,1,11,0,1,0
137248,3619,0.0,3.0,1.0,7,4,1,2,6,0,1,0
137527,3828,0.0,5.0,2.0,5,1,1,1,4,0,1,0
137884,378,1.0,4.0,0.0,6,4,1,2,5,0,1,0
138372,4090,0.0,4.0,0.0,7,2,1,3,6,0,1,0
138637,2791,0.0,3.0,1.0,7,4,2,1,5,1,1,0
138785,2344,0.0,3.0,1.0,1,1,1,1,0,0,1,0
13882,1353,0.0,3.0,0.0,13,1,1,2,12,0,1,0
138866,9,0.0,2.0,1.0,13,2,2,2,10,1,2,0
138904,4860,0.0,3.0,1.0,2,1,1,1,1,0,1,0
139135,227,0.0,3.0,1.0,3,1,1,1,1,0,2,0
139157,2341,0.0,3.0,0.0,9,3,2,1,5,0,2,2
13919,3828,0.0,6.0,0.0,22,13,5,5,13,0,1,8
13955,3958,0.0,3.0,0.0,7,3,3,1,4,0,3,0
1398,276,0.0,0.0,0.0,1,1,1,1,0,0,1,0
140573,4361,0.0,3.0,0.0,4,2,1,1,3,0,1,0
1409,2608,0.0,3.0,1.0,10,3,2,2,8,0,1,1
141224,3941,0.0,3.0,1.0,8,1,1,1,6,1,1,0
14163,1401,0.0,0.0,0.0,3,1,1,1,2,0,1,0
143139,3925,0.0,5.0,0.0,4,3,3,2,2,0,2,0
143375,4600,0.0,4.0,2.0,11,7,1,2,8,0,2,1
143559,4717,0.0,2.0,0.0,3,1,1,1,2,0,1,0
143912,3898,0.0,4.0,0.0,5,2,2,1,3,0,2,0
144230,2646,0.0,2.0,1.0,5,1,1,1,1,0,4,0
144675,2403,0.0,4.0,0.0,12,8,2,1,11,0,1,0
144828,1719,0.0,6.0,0.0,7,2,2,1,6,0,1,0
145360,1090,0.0,4.0,1.0,1,1,1,1,0,0,1,0
145915,3469,0.0,0.0,0.0,4,2,1,2,3,0,1,0
146452,3826,0.0,0.0,0.0,1,1,1,1,0,0,1,0
14653,4992,0.0,4.0,1.0,4,3,1,2,3,0,1,0
146859,1102,0.0,0.0,0.0,6,4,1,1,5,0,1,0
146891,361,0.0,5.0,0.0,9,4,2,1,7,0,1,1
146919,4425,0.0,6.0,0.0,32,5,3,1,28,0,2,2
147039,2954,0.0,4.0,0.0,24,9,6,1,18,0,6,0
147544,4173,0.0,6.0,0.0,7,3,3,1,6,0,1,0
148462,1749,0.0,3.0,0.0,1,1,1,1,0,0,1,0
148837,742,0.0,5.0,0.0,6,2,2,1,4,0,2,0
148885,2173,0.0,3.0,0.0,14,8,1,1,12,0,2,0
148950,4339,0.0,0.0,0.0,5,1,1,2,4,0,1,0
149575,4282,0.0,4.0,1.0,1,1,1,1,0,0,1,0
149649,588,0.0,3.0,1.0,3,2,1,2,0,0,1,2
149759,236,0.0,5.0,1.0,9,2,1,2,7,0,1,1
150627,104,0.0,0.0,0.0,4,1,1,1,3,0,1,0
15155,2482,0.0,3.0,0.0,9,2,2,3,8,0,1,0
151809,63,0.0,0.0,0.0,27,6,4,9,25,0,1,1
152697,3444,0.0,2.0,1.0,226,1,1,1,224,0,1,1
152832,4370,1.0,3.0,0.0,14,5,3,1,12,0,2,0
152881,3163,0.0,2.0,1.0,13,1,1,1,7,0,6,0
152915,879,0.0,4.0,0.0,4,1,1,1,3,0,1,0
152945,3345,1.0,2.0,0.0,7,1,1,5,6,0,1,0
153430,2700,0.0,3.0,1.0,24,7,3,1,21,0,2,1
153470,4988,0.0,6.0,1.0,2,1,1,1,1,0,1,0
153505,4976,0.0,3.0,1.0,3,2,1,1,2,0,1,0
153949,532,0.0,5.0,0.0,17,6,1,3,16,0,1,0
154006,3418,0.0,4.0,0.0,2,1,1,1,1,0,1,0
154449,2639,0.0,5.0,1.0,45,25,13,6,36,0,9,0
154660,4926,0.0,4.0,1.0,5,2,2,1,3,0,2,0
155226,2669,0.0,2.0,0.0,32,14,3,4,23,0,1,8
155228,1487,0.0,0.0,2.0,6,2,1,4,5,0,1,0
155592,3005,0.0,null,null,2,2,2,1,0,0,2,0
155670,574,0.0,3.0,0.0,6,3,1,1,5,0,1,0
155946,742,0.0,4.0,0.0,2,1,1,1,0,0,1,1
156435,2026,0.0,3.0,1.0,17,4,4,2,11,0,2,4
156690,2031,0.0,3.0,0.0,14,6,2,2,10,0,3,1
157723,4976,0.0,0.0,null,10,4,3,1,9,0,1,0
157954,2172,0.0,4.0,0.0,5,1,1,2,3,0,1,1
158013,3054,0.0,3.0,1.0,5,3,1,2,4,0,1,0
15810,4589,0.0,2.0,0.0,2,1,1,1,1,0,1,0
158156,3828,0.0,3.0,1.0,60,22,11,2,56,0,4,0
158222,2320,0.0,4.0,0.0,10,2,1,3,9,0,1,0
158256,1102,0.0,4.0,0.0,14,9,5,2,13,0,1,0
158293,1742,0.0,3.0,0.0,3,3,1,1,1,0,2,0
158435,438,0.0,3.0,0.0,4,1,1,2,3,0,1,0
15891,1481,1.0,3.0,0.0,67,14,4,10,62,0,1,4
158956,2273,0.0,4.0,0.0,4,3,1,2,3,0,1,0
158959,3173,0.0,3.0,1.0,9,2,1,1,1,0,8,0
159016,1890,1.0,0.0,0.0,7,3,1,2,6,0,1,0
159234,2215,0.0,7.0,0.0,12,1,1,3,10,0,1,1
159559,2768,0.0,4.0,0.0,14,10,3,1,12,0,2,0
159821,756,0.0,3.0,0.0,5,1,1,2,4,0,1,0
160057,2138,0.0,3.0,0.0,4,3,1,2,3,0,1,0
160555,682,0.0,2.0,0.0,5,1,1,1,4,0,1,0
161032,4966,0.0,4.0,0.0,7,2,2,3,5,0,2,0
162621,962,0.0,0.0,0.0,4,1,1,1,3,0,1,0
16309,3862,0.0,4.0,0.0,21,8,1,1,20,0,1,0
163599,1031,0.0,4.0,1.0,2,1,1,2,1,0,1,0
163863,215,0.0,2.0,1.0,5,1,1,1,4,0,1,0
163951,3545,0.0,5.0,1.0,6,1,1,1,4,0,2,0
164121,4992,0.0,4.0,1.0,6,3,1,2,5,0,1,0
164263,1131,0.0,3.0,0.0,15,3,1,1,14,0,1,0
164527,4282,0.0,3.0,0.0,3,1,1,1,2,0,1,0
16454,1272,1.0,6.0,0.0,20,8,6,5,18,0,1,1
165131,2221,0.0,2.0,null,1,1,1,1,0,0,1,0
165584,4480,0.0,4.0,1.0,1,1,1,1,0,0,1,0
165584,4483,0.0,4.0,1.0,4,1,1,1,1,0,3,0
165780,1393,0.0,4.0,0.0,5,3,3,2,4,0,1,0
165805,1356,0.0,3.0,0.0,3,1,1,3,2,0,1,0
167622,1890,0.0,6.0,0.0,3,1,1,1,2,0,1,0
167796,2066,0.0,3.0,0.0,20,9,1,1,17,0,1,2
168103,523,0.0,0.0,0.0,10,4,1,2,9,0,1,0
169139,2149,0.0,3.0,1.0,1,1,1,1,0,0,1,0
16925,1346,0.0,3.0,1.0,91,13,1,7,85,0,1,5
170087,2036,0.0,6.0,0.0,3,1,1,1,2,0,1,0
170230,786,0.0,0.0,0.0,13,4,2,6,12,0,1,0
170799,927,0.0,5.0,1.0,14,7,3,1,12,0,2,0
171180,3350,0.0,3.0,2.0,12,5,2,1,11,0,1,0
171190,3350,0.0,4.0,1.0,12,2,1,1,11,0,1,0
171291,2047,0.0,3.0,0.0,4,3,3,2,2,0,1,1
17157,2031,0.0,2.0,1.0,2,1,1,2,1,0,1,0
17187,603,0.0,0.0,0.0,4,3,2,1,3,0,1,0
173315,2031,0.0,2.0,1.0,4,2,1,1,3,0,1,0
173388,4540,0.0,5.0,0.0,5,2,1,1,4,0,1,0
173544,4585,0.0,2.0,0.0,2,1,1,1,0,0,1,1
173654,2105,0.0,0.0,0.0,3,1,1,1,2,0,1,0
17371,812,0.0,5.0,0.0,13,5,1,1,12,0,1,0
173717,359,0.0,5.0,0.0,1,1,1,1,0,0,1,0
173724,1281,0.0,4.0,1.0,3,1,1,1,2,0,1,0
173969,2609,0.0,3.0,0.0,1,1,1,1,0,0,1,0
174050,4042,0.0,0.0,0.0,7,2,2,2,5,0,1,1
174121,742,0.0,4.0,2.0,3,1,1,2,2,0,1,0
17428,102,0.0,4.0,0.0,4,2,1,2,3,0,1,0
174328,2459,0.0,6.0,0.0,2,1,1,1,1,0,1,0
174554,2440,0.0,5.0,0.0,4,2,1,1,3,0,1,0
174623,3484,0.0,5.0,1.0,1,1,1,1,0,0,1,0
174676,2430,0.0,0.0,0.0,12,3,3,1,11,0,1,0
174846,1056,0.0,3.0,1.0,5,2,1,1,3,0,1,1
175789,2981,0.0,4.0,0.0,3,1,1,1,2,0,1,0
17626,2482,0.0,3.0,0.0,20,6,3,1,17,0,3,0
176615,2138,0.0,3.0,0.0,7,2,2,1,5,0,2,0
176708,66,0.0,5.0,1.0,2,1,1,1,1,0,1,0
176829,2422,1.0,0.0,1.0,13,7,4,2,11,0,2,0
176839,3954,0.0,4.0,1.0,2,1,1,1,1,0,1,0
176917,4835,0.0,4.0,0.0,1,1,1,1,0,0,1,0
177062,4607,0.0,5.0,0.0,38,15,2,1,37,0,1,0
177353,606,0.0,3.0,0.0,14,3,1,3,11,2,1,0
177461,3365,0.0,2.0,0.0,4,2,2,2,3,0,1,0
178469,168,1.0,4.0,0.0,1,1,1,1,0,0,1,0
178530,2482,0.0,5.0,0.0,18,8,5,1,14,0,4,0
178608,4993,0.0,4.0,0.0,1,1,1,1,0,0,1,0
178877,3205,0.0,3.0,1.0,1,1,1,1,0,0,1,0
178905,1768,0.0,3.0,0.0,6,1,1,1,5,0,1,0
17908,3826,0.0,3.0,1.0,1,1,1,1,0,0,1,0
179318,1162,0.0,4.0,0.0,26,12,4,3,25,0,1,0
179473,361,0.0,6.0,1.0,4,3,2,2,2,0,1,1
179574,2592,0.0,4.0,0.0,5,3,2,1,4,0,1,0
180026,608,0.0,6.0,0.0,8,2,2,2,6,0,2,0
180033,598,0.0,2.0,null,1,1,1,1,0,0,1,0
180552,437,0.0,4.0,0.0,12,6,1,1,11,0,1,0
180715,3484,0.0,3.0,1.0,26,16,3,5,25,0,1,0
180781,467,0.0,3.0,0.0,3,2,2,1,0,0,3,0
181250,141,0.0,3.0,0.0,5,1,1,1,4,0,1,0
181485,3258,0.0,5.0,0.0,11,8,4,1,9,0,2,0
181518,3828,0.0,0.0,0.0,49,5,1,2,47,0,2,0
181804,102,0.0,3.0,0.0,4,2,1,2,3,0,1,0
181960,2193,1.0,0.0,0.0,1,1,1,1,0,0,1,0
181986,1487,0.0,3.0,0.0,8,1,1,3,6,0,1,1
182147,4048,0.0,3.0,0.0,1,1,1,1,0,0,1,0
18232,3826,0.0,2.0,1.0,6,1,1,2,5,0,1,0
182366,1356,0.0,6.0,0.0,5,1,1,1,4,0,1,0
182974,2565,0.0,3.0,0.0,10,3,1,1,9,0,1,0
183041,3419,1.0,0.0,1.0,5,2,1,2,4,0,1,0
183203,718,0.0,7.0,1.0,31,10,3,1,30,0,1,0
18425,590,0.0,3.0,0.0,3,1,1,1,2,0,1,0
18446,2916,1.0,0.0,0.0,4,1,1,1,2,0,1,1
184834,309,1.0,3.0,1.0,3,1,1,1,2,0,1,0
184909,1784,0.0,3.0,2.0,46,8,3,2,44,0,2,0
185971,4966,0.0,4.0,0.0,32,15,7,1,28,0,4,0
186019,4067,0.0,3.0,0.0,8,4,3,2,7,0,1,0
18617,4754,0.0,4.0,0.0,3,1,1,1,2,0,1,0
186286,467,0.0,0.0,1.0,1,1,1,1,0,0,1,0
186677,3971,0.0,null,null,2,1,1,1,1,0,1,0
187065,1123,0.0,0.0,1.0,1,1,1,1,0,0,1,0
187129,2459,0.0,2.0,0.0,7,3,2,4,2,0,1,4
187396,2500,0.0,5.0,1.0,5,1,1,2,3,0,1,1
188237,2613,0.0,5.0,0.0,6,2,2,1,4,0,2,0
188257,3018,0.0,0.0,null,1,1,1,1,0,0,1,0
188411,968,0.0,3.0,2.0,6,1,1,2,4,0,1,1
188597,4775,0.0,2.0,0.0,3,1,1,3,1,0,1,1
18866,2810,0.0,0.0,0.0,9,1,1,2,7,0,1,1
18926,2320,0.0,0.0,0.0,3,1,1,1,2,0,1,0
189273,2730,0.0,4.0,0.0,9,2,1,2,7,1,1,0
189559,3160,0.0,5.0,0.0,13,5,2,1,10,0,3,0
190226,1816,0.0,2.0,1.0,1,1,1,1,0,0,1,0
190318,2031,0.0,0.0,0.0,2,2,2,1,0,0,2,0
190542,1892,0.0,4.0,0.0,2,1,1,2,0,0,1,1
190550,121,0.0,4.0,0.0,21,11,6,2,15,4,2,0
192333,1162,0.0,5.0,0.0,14,3,2,4,10,0,1,3
192444,606,0.0,2.0,1.0,1,1,1,1,0,0,1,0
192533,2318,1.0,4.0,0.0,4,1,1,1,3,0,1,0
192658,3105,0.0,6.0,1.0,9,3,1,3,7,0,2,0
193073,742,0.0,2.0,0.0,4,1,1,1,2,0,1,1
193386,3549,0.0,3.0,1.0,2,1,1,1,1,0,1,0
193419,4678,0.0,4.0,1.0,11,2,2,1,9,0,2,0
193480,4450,0.0,5.0,0.0,4,1,1,3,0,0,2,2
193656,4406,0.0,2.0,0.0,7,2,2,1,5,0,2,0
193718,861,0.0,3.0,0.0,18,6,2,3,16,0,1,1
194731,3370,0.0,3.0,0.0,8,4,4,1,7,0,1,0
195649,4124,0.0,0.0,1.0,5,2,1,1,4,0,1,0
196047,4234,0.0,3.0,1.0,4,3,1,1,3,0,1,0
196374,649,0.0,4.0,0.0,6,1,1,2,4,0,1,1
196492,731,0.0,3.0,0.0,4,1,1,1,3,0,1,0
197046,2230,0.0,4.0,0.0,5,1,1,1,4,0,1,0
197047,4332,0.0,0.0,0.0,8,2,1,3,7,0,1,0
198581,2981,0.0,6.0,0.0,3,1,1,2,2,0,1,0
199027,4760,0.0,2.0,0.0,27,11,6,3,21,0,2,4
199160,2279,0.0,4.0,0.0,6,2,1,1,5,0,1,0
199441,4079,0.0,6.0,1.0,5,1,1,1,4,0,1,0
199728,4287,0.0,4.0,0.0,1,1,1,1,0,0,1,0
200327,2217,0.0,0.0,0.0,3,2,1,3,2,0,1,0
200529,3225,0.0,0.0,0.0,1,1,1,1,0,0,1,0
200715,1310,0.0,2.0,0.0,19,12,8,2,18,0,1,0
200910,3420,0.0,0.0,0.0,22,5,5,3,19,0,3,0
201089,1922,0.0,null,null,3,1,1,1,2,0,1,0
202418,4818,0.0,0.0,0.0,21,7,3,4,17,0,1,3
202637,3734,1.0,4.0,1.0,1,1,1,1,0,0,1,0
202648,4976,0.0,3.0,2.0,17,7,5,2,16,0,1,0
2045,361,0.0,4.0,0.0,5,2,1,1,4,0,1,0
205362,1833,0.0,6.0,0.0,64,9,4,4,62,0,2,0
205770,1487,0.0,0.0,0.0,19,10,1,3,18,0,1,0
206009,3822,0.0,6.0,0.0,19,2,1,3,17,0,1,1
206629,4322,0.0,3.0,0.0,9,2,1,2,7,0,1,1
207066,1203,0.0,5.0,0.0,3,2,1,1,2,0,1,0
207234,2099,0.0,2.0,2.0,2,1,1,1,0,0,1,1
207271,310,0.0,3.0,0.0,8,2,2,1,6,0,1,1
207361,2052,0.0,2.0,1.0,2,2,1,1,0,0,2,0
207865,2128,0.0,4.0,0.0,2,1,1,1,1,0,1,0
208291,4960,0.0,3.0,1.0,14,7,5,5,11,2,1,0
208553,4043,0.0,3.0,0.0,11,8,5,4,9,0,2,0
209081,1749,0.0,3.0,0.0,7,5,2,1,6,0,1,0
209211,1892,0.0,3.0,0.0,1,1,1,1,0,0,1,0
20961,3955,0.0,0.0,1.0,6,2,1,2,3,2,1,0
209972,1843,0.0,0.0,0.0,5,1,1,2,4,0,1,0
210002,4504,1.0,3.0,0.0,13,2,1,1,12,0,1,0
21004,2565,0.0,5.0,0.0,3,3,1,1,2,0,1,0
210105,3363,0.0,0.0,0.0,9,4,1,3,8,0,1,0
210424,3614,0.0,0.0,0.0,3,1,1,1,2,0,1,0
211382,2193,1.0,0.0,1.0,19,11,6,1,17,0,2,0
21154,1024,0.0,5.0,0.0,7,2,1,3,5,0,1,1
211613,2140,0.0,5.0,0.0,2,1,1,2,0,0,1,1
211749,4871,0.0,3.0,0.0,3,2,2,1,0,0,3,0
21182,742,0.0,4.0,0.0,3,2,2,2,2,0,1,0
212779,1435,0.0,0.0,1.0,4,1,1,1,3,0,1,0
213109,1999,1.0,4.0,0.0,11,7,1,2,7,0,4,0
213469,1403,0.0,4.0,0.0,5,3,3,1,4,0,1,0
213898,941,0.0,3.0,1.0,1,1,1,1,0,0,1,0
213913,4173,0.0,0.0,0.0,20,6,4,2,18,0,2,0
214380,2746,0.0,2.0,0.0,1,1,1,1,0,0,1,0
214437,4322,0.0,5.0,1.0,1,1,1,1,0,0,1,0
214541,2099,0.0,0.0,1.0,11,1,1,3,10,0,1,0
215006,1742,0.0,0.0,0.0,13,4,1,3,11,0,1,1
215392,3828,0.0,6.0,0.0,4,3,3,3,1,1,2,0
215421,416,0.0,0.0,0.0,12,6,2,2,10,0,2,0
21554,361,0.0,6.0,0.0,80,36,9,7,74,0,2,4
215669,1102,0.0,3.0,0.0,84,51,11,8,81,0,2,1
216035,1340,0.0,4.0,0.0,1,1,1,1,0,0,1,0
216057,1577,0.0,0.0,0.0,3,1,1,1,2,0,1,0
216526,2273,0.0,4.0,1.0,7,2,1,1,6,0,1,0
216997,259,0.0,7.0,1.0,30,17,4,1,29,0,1,0
217228,3472,0.0,2.0,0.0,17,7,2,4,15,0,1,1
217288,1031,0.0,3.0,0.0,2,1,1,1,1,0,1,0
217375,4536,0.0,null,null,4,1,1,1,2,0,2,0
217907,4099,0.0,2.0,0.0,6,1,1,2,4,0,1,1
218026,2051,0.0,2.0,1.0,3,1,1,1,2,0,1,0
218369,3936,0.0,3.0,0.0,2,1,1,1,1,0,1,0
218777,3609,0.0,0.0,0.0,7,4,1,1,6,0,1,0
218800,3349,0.0,3.0,0.0,53,15,2,6,52,0,1,0
218907,4858,0.0,5.0,1.0,2,1,1,1,1,0,1,0
21996,3809,0.0,7.0,1.0,13,3,2,1,11,0,2,0
220583,2565,0.0,4.0,2.0,1,1,1,1,0,0,1,0
220669,1074,0.0,6.0,0.0,7,5,2,1,5,0,2,0
220801,3938,0.0,3.0,1.0,9,1,1,2,8,0,1,0
22085,2435,0.0,3.0,0.0,19,6,1,2,17,0,2,0
22167,4727,0.0,0.0,0.0,12,2,1,2,11,0,1,0
221755,1500,0.0,3.0,0.0,16,2,2,2,14,0,1,1
221839,3614,0.0,3.0,2.0,5,1,1,1,4,0,1,0
22198,2036,0.0,2.0,1.0,1,1,1,1,0,0,1,0
222133,2238,0.0,4.0,1.0,2,1,1,2,1,0,1,0
223513,3828,0.0,3.0,0.0,6,5,4,2,5,0,1,0
223527,4763,0.0,2.0,0.0,2,1,1,2,1,0,1,0
223806,3536,1.0,0.0,1.0,23,4,1,6,22,0,1,0
224011,159,0.0,3.0,1.0,2,1,1,1,1,0,1,0
224068,4687,0.0,4.0,0.0,4,1,1,1,2,0,2,0
224302,3925,0.0,0.0,0.0,36,17,3,6,33,0,1,2
224639,4504,0.0,7.0,1.0,10,8,2,4,8,0,2,0
224855,3765,0.0,3.0,0.0,12,8,2,1,11,0,1,0
224954,2709,0.0,2.0,0.0,14,2,1,2,12,0,1,1
225106,2939,0.0,4.0,0.0,14,1,1,1,12,0,2,0
225171,3629,0.0,4.0,0.0,55,12,2,3,49,0,2,4
225187,3635,1.0,7.0,1.0,9,3,1,1,7,0,2,0
225584,1760,1.0,0.0,0.0,5,2,1,2,2,0,2,1
226027,2173,0.0,3.0,0.0,2,1,1,2,0,0,1,1
226210,2768,0.0,0.0,0.0,3,1,1,2,2,0,1,0
226235,3484,0.0,6.0,0.0,3,1,1,1,2,0,1,0
226255,1742,0.0,null,null,23,3,1,3,18,3,2,0
226655,3350,0.0,0.0,0.0,7,3,1,1,6,0,1,0
227500,1910,0.0,0.0,0.0,3,1,1,1,2,0,1,0
22773,1840,0.0,0.0,0.0,4,1,1,1,3,0,1,0
228098,2611,0.0,2.0,1.0,2,1,1,1,1,0,1,0
228400,2834,0.0,4.0,0.0,56,37,14,11,25,0,3,28
228494,13,0.0,2.0,1.0,5,1,1,1,4,0,1,0
228577,2360,0.0,2.0,1.0,3,1,1,1,1,0,1,1
228670,4966,0.0,5.0,0.0,8,6,6,1,7,0,1,0
229262,1142,0.0,3.0,1.0,20,5,3,1,18,0,2,0
229549,2766,0.0,0.0,0.0,32,22,11,3,31,0,1,0
230282,1679,0.0,0.0,0.0,5,3,2,1,4,0,1,0
230804,1183,0.0,3.0,0.0,3,2,2,1,1,0,2,0
231179,4325,0.0,0.0,0.0,2,1,1,1,1,0,1,0
231302,227,0.0,3.0,0.0,2,1,1,2,1,0,1,0
231670,296,0.0,0.0,0.0,10,2,1,3,9,0,1,0
23194,3199,0.0,4.0,0.0,9,2,1,1,8,0,1,0
232399,3635,0.0,4.0,1.0,6,4,1,1,5,0,1,0
232604,104,0.0,0.0,0.0,2,1,1,1,1,0,1,0
232961,191,0.0,3.0,0.0,1,1,1,1,0,0,1,0
233559,2653,0.0,7.0,1.0,3,1,1,1,2,0,1,0
233685,2217,0.0,4.0,0.0,6,2,2,2,5,0,1,0
233724,793,1.0,6.0,1.0,84,25,6,3,74,0,5,5
23402,4992,0.0,0.0,0.0,4,2,1,1,3,0,1,0
234036,1679,0.0,null,null,7,6,2,1,6,0,1,0
234211,4871,0.0,0.0,1.0,2,1,1,1,1,0,1,0
234593,597,0.0,4.0,0.0,3,1,1,1,2,0,1,0
234612,3609,1.0,3.0,0.0,11,9,1,2,10,0,1,0
234830,1768,0.0,2.0,0.0,2,1,1,1,1,0,1,0
235359,3022,0.0,2.0,1.0,17,8,5,2,15,0,1,1
235925,1056,0.0,3.0,0.0,2,1,1,1,0,0,1,1
236439,1639,0.0,4.0,0.0,11,3,3,1,10,0,1,0
237708,3766,0.0,3.0,0.0,9,5,2,1,7,0,2,0
238180,3085,0.0,3.0,0.0,5,2,1,1,4,0,1,0
238190,2664,0.0,6.0,1.0,5,1,1,1,3,0,2,0
238295,3826,0.0,3.0,1.0,9,1,1,2,7,0,1,1
23866,4472,0.0,3.0,1.0,7,3,1,1,6,0,1,0
238882,3955,0.0,6.0,0.0,1,1,1,1,0,0,1,0
239077,1370,0.0,0.0,0.0,5,3,1,1,3,0,2,0
239151,1742,0.0,3.0,1.0,5,3,1,4,4,0,1,0
239354,1494,0.0,4.0,0.0,8,2,2,1,6,0,2,0
239564,1499,0.0,3.0,1.0,1,1,1,1,0,0,1,0
239829,2313,0.0,3.0,0.0,1,1,1,1,0,0,1,0
239838,2066,0.0,0.0,0.0,5,1,1,2,3,0,1,1
240755,3445,0.0,0.0,1.0,3,1,1,1,2,0,1,0
240958,3828,0.0,4.0,0.0,6,3,3,2,4,0,2,0
241413,437,0.0,3.0,0.0,26,10,2,2,24,0,1,1
242261,3085,0.0,4.0,0.0,35,28,13,1,34,0,1,0
242615,2217,0.0,0.0,0.0,1,1,1,1,0,0,1,0
243215,4079,0.0,5.0,0.0,9,5,1,1,7,0,2,0
243340,58,0.0,3.0,0.0,5,2,2,1,3,0,2,0
243574,1719,0.0,0.0,0.0,3,1,1,1,1,0,2,0
244206,4775,1.0,6.0,0.0,68,24,3,6,64,0,4,0
24422,4427,0.0,3.0,0.0,4,1,1,1,2,0,2,0
244489,4403,0.0,5.0,1.0,3,1,1,1,2,0,1,0
244627,1168,0.0,0.0,0.0,11,4,1,1,10,0,1,0
245142,1342,0.0,2.0,0.0,3,1,1,2,2,0,1,0
245143,2721,0.0,6.0,0.0,14,2,1,3,11,2,1,0
245356,1470,0.0,0.0,1.0,5,1,1,1,4,0,1,0
24540,2031,1.0,3.0,0.0,5,2,1,2,4,0,1,0
245497,4265,0.0,4.0,0.0,10,5,4,2,9,0,1,0
246013,4558,1.0,3.0,0.0,7,3,1,1,3,0,4,0
246283,4170,0.0,4.0,1.0,31,10,1,3,29,0,2,0
246356,2482,0.0,3.0,0.0,4,1,1,1,3,0,1,0
246380,923,0.0,4.0,0.0,41,2,2,2,38,0,2,1
246510,3984,0.0,4.0,0.0,15,5,3,2,14,0,1,0
246931,2322,1.0,3.0,0.0,4,1,1,1,2,0,1,1
247441,797,0.0,null,null,9,3,3,1,7,0,2,0
24771,4220,0.0,0.0,0.0,1,1,1,1,0,0,1,0
247931,4589,0.0,3.0,0.0,3,1,1,1,2,0,1,0
247985,1916,0.0,5.0,1.0,2,1,1,2,1,0,1,0
248806,3971,0.0,0.0,0.0,7,1,1,1,6,0,1,0
248988,1978,0.0,0.0,null,2,1,1,1,1,0,1,0
249200,3288,0.0,0.0,0.0,10,4,2,5,6,0,1,3
249251,4525,0.0,5.0,0.0,4,1,1,1,3,0,1,0
249421,3578,1.0,0.0,0.0,25,7,1,5,21,0,1,3
249433,2318,0.0,0.0,1.0,8,2,1,3,7,0,1,0
249508,2014,0.0,5.0,0.0,4,2,1,2,3,0,1,0
24962,4864,0.0,5.0,0.0,14,9,3,2,12,0,2,0
249800,3954,0.0,3.0,0.0,13,8,5,1,12,0,1,0
249826,4871,1.0,3.0,1.0,3,1,1,1,2,0,1,0
250073,698,0.0,0.0,0.0,10,5,2,3,9,0,1,0
250180,4976,0.0,0.0,0.0,13,4,1,3,10,0,1,2
25031,2020,0.0,3.0,0.0,5,1,1,1,4,0,1,0
25046,996,0.0,0.0,1.0,28,5,1,2,27,0,1,0
250916,777,0.0,2.0,0.0,2,1,1,1,1,0,1,0
251119,4648,0.0,0.0,0.0,6,2,2,2,4,0,1,1
251290,1393,0.0,4.0,0.0,41,15,7,5,39,0,2,0
251631,935,0.0,3.0,0.0,3,1,1,1,2,0,1,0
251730,4763,0.0,3.0,1.0,1,1,1,1,0,0,1,0
252425,1102,0.0,3.0,0.0,13,5,5,2,12,0,1,0
252799,2669,0.0,0.0,0.0,4,2,2,1,3,0,1,0
25293,1619,0.0,3.0,0.0,1,1,1,1,0,0,1,0
252990,4368,0.0,5.0,1.0,17,6,3,2,14,0,2,1
253127,1502,0.0,4.0,2.0,13,4,4,1,11,0,2,0
25320,4483,0.0,3.0,1.0,3,1,1,1,0,1,2,0
253646,3734,0.0,3.0,0.0,27,4,4,3,25,0,2,0
254322,1900,0.0,3.0,1.0,3,1,1,1,2,0,1,0
254528,3609,0.0,5.0,0.0,13,2,1,3,11,0,1,1
254672,3378,0.0,4.0,1.0,4,2,1,1,3,0,1,0
254836,4513,0.0,0.0,0.0,2,1,1,1,1,0,1,0
255082,1861,0.0,0.0,0.0,6,1,1,1,4,0,2,0
255183,1557,0.0,3.0,1.0,17,8,2,2,15,0,1,1
255307,1884,0.0,0.0,0.0,4,1,1,2,2,0,1,1
255537,4771,0.0,3.0,0.0,2,1,1,1,1,0,1,0
255603,121,0.0,0.0,0.0,8,4,3,2,7,0,1,0
255656,3420,0.0,4.0,0.0,6,1,1,3,4,0,1,1
255960,4442,1.0,3.0,0.0,8,2,1,2,7,0,1,0
255968,2397,0.0,4.0,1.0,3,2,2,1,2,0,1,0
256043,2403,0.0,4.0,0.0,40,13,2,3,30,0,7,3
256507,2565,0.0,3.0,1.0,6,4,1,2,4,0,2,0
256802,9,0.0,3.0,1.0,2,1,1,1,1,0,1,0
257163,1840,0.0,3.0,0.0,1,1,1,1,0,0,1,0
257443,962,0.0,3.0,0.0,8,5,3,2,7,0,1,0
257453,3672,0.0,3.0,0.0,9,2,1,2,8,0,1,0
257563,4871,0.0,3.0,2.0,1,1,1,1,0,0,1,0
25792,3350,0.0,3.0,0.0,4,1,1,1,3,0,1,0
258162,4173,0.0,3.0,0.0,44,16,2,2,41,0,1,2
258204,1878,0.0,3.0,0.0,5,1,1,1,2,0,2,1
25832,3191,0.0,3.0,0.0,7,3,1,1,6,0,1,0
258736,4336,0.0,4.0,1.0,12,2,1,1,11,0,1,0
258831,643,0.0,6.0,0.0,4,3,3,3,3,0,1,0
259021,145,0.0,6.0,0.0,2,1,1,1,1,0,1,0
259242,148,0.0,5.0,0.0,23,7,7,1,15,0,8,0
259328,523,0.0,3.0,1.0,7,3,1,1,6,0,1,0
259450,4760,0.0,0.0,0.0,17,5,3,5,13,0,1,3
259688,1500,0.0,6.0,0.0,6,1,1,1,5,0,1,0
259708,121,1.0,5.0,0.0,5,4,2,3,3,0,2,0
259878,2791,0.0,3.0,1.0,4,1,1,1,3,0,1,0
259960,1892,0.0,3.0,0.0,20,13,7,3,19,0,1,0
260048,2502,0.0,3.0,0.0,3,1,1,1,2,0,1,0
260437,4282,0.0,5.0,1.0,4,2,2,1,3,0,1,0
261804,1496,0.0,3.0,0.0,7,2,1,1,6,0,1,0
262065,3085,0.0,4.0,0.0,7,4,2,1,6,0,1,0
262510,2482,0.0,3.0,1.0,1,1,1,1,0,0,1,0
262526,4044,0.0,0.0,1.0,11,5,3,1,10,0,1,0
262588,2303,0.0,4.0,0.0,2,1,1,1,1,0,1,0
262594,3990,0.0,0.0,0.0,16,12,4,2,15,0,1,0
263942,3163,0.0,0.0,1.0,16,4,1,1,14,0,2,0
264045,4818,0.0,3.0,1.0,6,4,2,2,5,0,1,0
264265,1166,0.0,4.0,1.0,11,3,1,1,10,0,1,0
264516,1916,0.0,6.0,0.0,1,1,1,1,0,0,1,0
264590,3734,0.0,3.0,0.0,10,3,2,2,8,0,1,1
264932,2752,0.0,3.0,1.0,8,6,2,1,7,0,1,0
265069,1899,0.0,5.0,0.0,3,1,1,2,1,0,1,1
265321,4042,0.0,0.0,1.0,2,1,1,1,1,0,1,0
265424,4976,0.0,2.0,0.0,73,43,10,6,68,0,5,0
265493,416,0.0,0.0,0.0,1,1,1,1,0,0,1,0
265526,1489,0.0,4.0,1.0,3,1,1,1,2,0,1,0
265638,467,0.0,4.0,0.0,3,1,1,1,2,0,1,0
266330,3363,0.0,0.0,0.0,6,3,1,2,5,0,1,0
26681,424,0.0,4.0,0.0,1,1,1,1,0,0,1,0
266997,3173,0.0,6.0,1.0,3,2,1,1,2,0,1,0
267051,4589,0.0,6.0,0.0,2,1,1,1,1,0,1,0
267365,3345,0.0,2.0,0.0,1,1,1,1,0,0,1,0
267405,1987,0.0,3.0,0.0,4,2,2,1,2,0,2,0
268,3085,0.0,6.0,1.0,10,3,2,3,9,0,1,0
26940,4718,0.0,5.0,0.0,1,1,1,1,0,0,1,0
269523,2128,0.0,6.0,0.0,3,2,2,1,2,0,1,0
269657,777,0.0,4.0,0.0,88,24,4,3,85,0,3,0
269785,1892,0.0,3.0,0.0,12,5,3,2,10,0,2,0
269917,2397,0.0,4.0,0.0,3,2,1,1,2,0,1,0
270750,1203,0.0,3.0,1.0,3,1,1,3,2,0,1,0
271072,1522,0.0,0.0,1.0,4,3,2,1,3,0,1,0
271094,2217,0.0,3.0,0.0,1,1,1,1,0,0,1,0
271130,3780,0.0,0.0,0.0,20,5,1,1,18,0,2,0
27143,1495,0.0,3.0,0.0,9,3,1,1,8,0,1,0
271477,2138,0.0,2.0,0.0,9,3,2,4,8,0,1,0
271535,1918,0.0,5.0,0.0,15,10,2,2,14,0,1,0
272088,215,0.0,3.0,0.0,9,2,1,3,7,0,1,1
272092,742,0.0,4.0,0.0,4,1,1,2,3,0,1,0
272222,2664,0.0,6.0,0.0,3,2,1,1,2,0,1,0
272361,4864,0.0,4.0,0.0,29,13,3,4,26,0,1,2
273104,2594,0.0,4.0,1.0,2,2,1,2,1,0,1,0
273181,606,0.0,4.0,0.0,6,5,1,1,5,0,1,0
273249,4978,0.0,2.0,0.0,15,4,1,4,13,0,1,1
273390,4747,0.0,2.0,0.0,4,1,1,1,3,0,1,0
274178,4966,0.0,3.0,0.0,8,2,2,1,6,0,2,0
274273,3341,0.0,0.0,0.0,7,2,1,2,6,0,1,0
274772,152,0.0,5.0,1.0,3,1,1,2,2,0,1,0
274827,1499,0.0,3.0,0.0,2,1,1,1,1,0,1,0
275163,104,0.0,null,null,3,2,2,1,1,0,2,0
275295,102,0.0,4.0,0.0,12,2,1,4,9,0,1,2
275416,4427,0.0,4.0,0.0,4,2,1,3,2,0,1,1
275436,3578,0.0,4.0,1.0,15,9,2,1,14,0,1,0
275567,4394,0.0,3.0,0.0,32,8,2,4,28,0,1,3
2760,315,0.0,0.0,1.0,4,1,1,1,3,0,1,0
276024,1972,0.0,3.0,1.0,4,2,1,1,3,0,1,0
276135,951,0.0,0.0,1.0,11,4,1,1,7,2,2,0
276382,861,1.0,0.0,1.0,5,1,1,1,4,0,1,0
276462,1019,0.0,0.0,0.0,3,2,1,1,2,0,1,0
277001,2857,0.0,null,null,6,2,1,2,5,0,1,0
277096,3029,0.0,0.0,0.0,7,2,1,2,6,0,1,0
277098,4949,1.0,6.0,0.0,39,34,9,2,38,0,1,0
277201,2001,0.0,2.0,1.0,1,1,1,1,0,0,1,0
277528,962,0.0,3.0,0.0,13,5,2,3,11,0,2,0
277637,4270,0.0,5.0,0.0,34,13,7,3,30,0,4,0
278030,4186,0.0,4.0,0.0,4,1,1,1,3,0,1,0
278209,2272,0.0,0.0,0.0,7,3,1,1,6,0,1,0
278564,649,0.0,0.0,0.0,6,3,1,2,5,0,1,0
2790,336,0.0,6.0,1.0,14,3,1,3,13,0,1,0
279171,3971,0.0,4.0,0.0,3,1,1,1,2,0,1,0
279461,4545,0.0,0.0,0.0,4,1,1,2,2,0,1,1
279562,121,0.0,4.0,0.0,6,3,2,1,3,0,3,0
279748,2105,0.0,2.0,1.0,7,1,1,2,6,0,1,0
279885,145,0.0,4.0,1.0,2,1,1,1,1,0,1,0
28040,4600,0.0,5.0,0.0,4,1,1,2,3,0,1,0
2809,3191,0.0,2.0,0.0,2,1,1,1,1,0,1,0
281246,2128,0.0,0.0,0.0,32,11,8,2,29,0,2,1
281353,1861,0.0,2.0,1.0,2,1,1,1,1,0,1,0
281993,4756,0.0,0.0,0.0,4,1,1,1,3,0,1,0
282231,1899,0.0,0.0,0.0,8,1,1,1,6,0,2,0
282262,3984,0.0,0.0,0.0,8,2,1,3,4,1,1,2
28231,359,0.0,6.0,1.0,11,8,1,1,9,0,2,0
283537,2545,0.0,3.0,0.0,14,3,3,2,13,0,1,0
283603,2565,0.0,3.0,0.0,14,6,1,1,13,0,1,0
283640,3163,0.0,0.0,0.0,4,1,1,1,3,0,1,0
284006,946,1.0,5.0,2.0,5,4,4,2,4,0,1,0
284661,1890,0.0,3.0,0.0,19,3,2,4,15,0,1,3
284782,4417,0.0,3.0,1.0,5,1,1,1,4,0,1,0
284888,2620,0.0,5.0,0.0,7,1,1,2,6,0,1,0
285184,498,0.0,0.0,0.0,4,1,1,1,3,0,1,0
285390,3085,0.0,4.0,0.0,2,1,1,2,1,0,1,0
285448,3484,0.0,3.0,1.0,1,1,1,1,0,0,1,0
285487,4256,0.0,5.0,0.0,21,9,5,1,18,0,3,0
285652,148,0.0,4.0,0.0,6,3,1,1,4,0,2,0
285796,652,0.0,4.0,0.0,5,2,1,2,4,0,1,0
286008,1760,0.0,2.0,1.0,4,3,1,1,3,0,1,0
286423,10,0.0,2.0,1.0,7,5,3,1,6,0,1,0
287102,608,0.0,0.0,0.0,12,7,3,2,11,0,1,0
287334,2242,0.0,4.0,0.0,3,3,2,1,0,0,3,0
287456,4659,0.0,4.0,1.0,9,3,2,3,8,0,1,0
287668,254,0.0,2.0,1.0,3,1,1,1,2,0,1,0
287748,1495,0.0,0.0,1.0,15,6,1,3,14,0,1,0
287935,424,0.0,0.0,0.0,2,1,1,2,1,0,1,0
288281,4087,0.0,2.0,1.0,3,1,1,1,2,0,1,0
289164,4756,0.0,3.0,0.0,8,2,1,1,4,0,4,0
289548,4760,0.0,0.0,0.0,8,4,2,1,7,0,1,0
289572,3828,0.0,5.0,0.0,27,16,4,4,25,0,2,0
289592,1102,0.0,3.0,0.0,72,30,7,14,56,0,2,14
289948,2745,0.0,0.0,1.0,13,4,2,2,12,0,1,0
291280,1964,1.0,0.0,0.0,13,3,3,2,10,1,2,0
291304,1496,0.0,4.0,0.0,10,5,4,3,9,0,1,0
291462,1200,0.0,0.0,0.0,4,1,1,1,3,0,1,0
29149,190,0.0,4.0,0.0,2,1,1,1,1,0,1,0
291765,2175,0.0,5.0,1.0,3,2,1,1,1,0,2,0
292518,4173,0.0,5.0,0.0,13,9,4,4,12,0,1,0
292572,2876,0.0,3.0,0.0,40,23,1,3,37,0,3,0
293557,1768,0.0,4.0,0.0,10,3,1,4,6,0,1,3
293645,1204,0.0,2.0,0.0,18,7,2,1,15,0,3,0
293761,4727,0.0,7.0,0.0,3,1,1,1,2,0,1,0
293894,3314,0.0,4.0,0.0,27,5,2,6,24,0,1,2
29416,1102,0.0,3.0,0.0,3,3,2,1,2,0,1,0
294527,2537,0.0,0.0,1.0,1,1,1,1,0,0,1,0
294619,1721,0.0,3.0,0.0,5,1,1,1,4,0,1,0
29475,1557,0.0,3.0,0.0,17,10,3,1,15,0,2,0
295275,2565,0.0,3.0,0.0,4,1,1,2,3,0,1,0
29530,547,0.0,0.0,1.0,24,10,3,1,23,0,1,0
295515,4322,0.0,0.0,0.0,1,1,1,1,0,0,1,0
296045,773,0.0,3.0,2.0,30,19,11,1,28,0,2,0
29648,2683,0.0,0.0,0.0,4,1,1,1,3,0,1,0
296540,2594,0.0,3.0,1.0,5,1,1,1,4,0,1,0
297037,4173,0.0,3.0,0.0,2,2,2,2,1,0,1,0
297253,293,1.0,5.0,0.0,10,4,2,3,9,0,1,0
297628,4648,1.0,0.0,0.0,12,6,2,1,9,0,1,2
297658,4966,0.0,4.0,2.0,16,7,3,4,14,0,1,1
297790,798,0.0,3.0,0.0,6,1,1,2,4,0,1,1
297942,2193,0.0,7.0,0.0,14,1,1,2,12,0,1,1
297969,2669,0.0,5.0,1.0,3,2,1,1,2,0,1,0
298151,3822,0.0,2.0,0.0,1,1,1,1,0,0,1,0
298195,2436,0.0,4.0,0.0,29,19,9,1,27,0,2,0
298208,1346,0.0,5.0,1.0,10,1,1,2,8,0,1,1
29830,3828,0.0,4.0,2.0,47,21,4,4,38,0,3,6
299036,2313,0.0,0.0,0.0,34,8,2,3,32,0,2,0
299125,437,0.0,4.0,0.0,2,1,1,1,1,0,1,0
299342,1026,0.0,5.0,1.0,4,1,1,1,3,0,1,0
299598,360,0.0,2.0,1.0,1,1,1,1,0,0,1,0
299759,2108,0.0,0.0,1.0,6,1,1,2,4,0,1,1
299857,2911,0.0,6.0,0.0,2,1,1,2,1,0,1,0
300608,2014,0.0,3.0,0.0,9,1,1,2,7,0,1,1
300828,120,0.0,2.0,1.0,3,1,1,1,1,0,1,1
301367,2422,0.0,0.0,0.0,24,18,6,5,20,0,3,1
301472,1393,0.0,3.0,0.0,19,13,5,3,17,0,2,0
30196,812,0.0,0.0,0.0,4,2,1,2,2,0,1,1
301992,3350,0.0,0.0,0.0,12,6,2,1,11,0,1,0
302171,1833,0.0,6.0,1.0,22,5,4,5,21,0,1,0
302192,1393,0.0,4.0,1.0,6,3,2,1,5,0,1,0
302206,4760,0.0,0.0,1.0,1,1,1,1,0,0,1,0
302386,3635,0.0,5.0,0.0,1,1,1,1,0,0,1,0
302797,1536,0.0,0.0,0.0,4,1,1,1,3,0,1,0
302883,590,0.0,2.0,1.0,3,1,1,1,2,0,1,0
303155,3971,0.0,4.0,0.0,2,1,1,2,0,0,1,1
303602,3376,0.0,2.0,1.0,5,1,1,1,4,0,1,0
303881,278,0.0,0.0,0.0,4,1,1,2,3,0,1,0
304361,4082,0.0,3.0,0.0,10,4,1,1,9,0,1,0
304564,1102,0.0,4.0,0.0,2,1,1,1,1,0,1,0
305188,209,0.0,2.0,1.0,5,2,1,1,4,0,1,0
305220,4708,0.0,5.0,2.0,5,4,4,1,1,0,4,0
305910,3105,0.0,4.0,1.0,5,2,2,2,3,0,2,0
305960,2217,0.0,3.0,0.0,1,1,1,1,0,0,1,0
306532,1393,0.0,4.0,0.0,28,7,3,2,25,0,3,0
306797,4693,0.0,0.0,0.0,32,9,3,4,30,0,2,0
307326,1890,0.0,3.0,0.0,5,3,2,2,3,0,1,1
307725,2318,0.0,5.0,0.0,14,7,3,2,12,0,1,1
307825,4585,0.0,5.0,0.0,2,1,1,1,0,0,2,0
307999,1022,0.0,3.0,0.0,11,7,1,1,10,0,1,0
308139,1132,0.0,3.0,0.0,2,1,1,1,1,0,1,0
309666,2592,0.0,3.0,0.0,4,2,1,1,3,0,1,0
309757,4306,1.0,3.0,0.0,4,1,1,1,1,0,3,0
30976,4648,0.0,2.0,0.0,6,1,1,3,5,0,1,0
309792,3956,0.0,2.0,0.0,5,2,1,1,4,0,1,0
309830,968,0.0,5.0,0.0,12,8,3,1,9,0,3,0
310190,2108,0.0,3.0,0.0,1,1,1,1,0,0,1,0
310492,416,0.0,4.0,0.0,56,29,5,1,53,0,3,0
311122,3910,0.0,6.0,1.0,2,1,1,1,1,0,1,0
312013,798,0.0,0.0,0.0,4,1,1,1,3,0,1,0
312476,4571,0.0,5.0,0.0,16,9,1,3,14,0,1,1
312546,3086,0.0,2.0,1.0,14,1,1,3,13,0,1,0
313297,1705,0.0,3.0,0.0,2,1,1,1,0,0,1,1
313900,3105,0.0,2.0,0.0,2,1,1,1,1,0,1,0
314345,3562,1.0,0.0,0.0,9,5,2,1,6,0,2,1
314445,3958,1.0,3.0,0.0,1,1,1,1,0,0,1,0
314515,1677,0.0,0.0,0.0,6,1,1,3,5,0,1,0
315275,2611,0.0,3.0,1.0,1,1,1,1,0,0,1,0
316216,2954,0.0,4.0,0.0,15,8,6,3,11,0,4,0
31745,2856,0.0,6.0,0.0,10,3,1,3,7,0,1,2
317663,1457,0.0,4.0,1.0,40,3,2,4,39,0,1,0
318239,3965,0.0,3.0,1.0,9,4,1,2,6,0,2,1
318358,3915,0.0,0.0,0.0,2,1,1,1,1,0,1,0
31894,685,1.0,5.0,0.0,17,6,2,2,15,0,1,1
318993,1522,0.0,6.0,0.0,3,1,1,1,2,0,1,0
320013,777,0.0,4.0,1.0,5,2,2,1,4,0,1,0
320434,4420,0.0,4.0,2.0,1,1,1,1,0,0,1,0
320451,4976,0.0,3.0,0.0,2,1,1,2,1,0,1,0
320838,4281,0.0,0.0,1.0,7,1,1,3,5,0,1,1
321244,547,0.0,4.0,1.0,30,23,3,4,25,0,4,1
321835,3657,0.0,3.0,1.0,4,2,2,1,3,0,1,0
322157,2565,0.0,4.0,null,9,4,1,1,7,0,2,0
322792,2565,0.0,5.0,0.0,9,1,1,1,6,0,3,0
322859,1679,0.0,4.0,1.0,7,3,2,1,6,0,1,0
322859,586,0.0,4.0,1.0,29,23,11,5,27,0,2,0
322938,587,1.0,4.0,0.0,3,2,1,1,2,0,1,0
323373,951,0.0,3.0,0.0,2,1,1,2,1,0,1,0
323379,812,0.0,3.0,0.0,5,1,1,4,3,0,1,1
323699,4042,0.0,3.0,1.0,2,1,1,1,1,0,1,0
323957,588,0.0,0.0,0.0,6,1,1,2,5,0,1,0
324175,4847,0.0,3.0,0.0,38,26,9,5,33,0,2,3
324311,643,0.0,3.0,2.0,9,6,4,3,8,0,1,0
324714,2482,1.0,3.0,0.0,10,2,2,2,6,0,3,1
324851,361,0.0,0.0,1.0,2,1,1,1,1,0,1,0
325555,4171,0.0,5.0,0.0,12,5,3,1,8,0,4,0
326112,1679,0.0,5.0,0.0,3,1,1,1,2,0,1,0
32615,4584,1.0,0.0,1.0,2,1,1,1,1,0,1,0
326661,4325,0.0,0.0,0.0,1,1,1,1,0,0,1,0
32667,4115,0.0,3.0,0.0,6,3,2,2,5,0,1,0
326976,1272,0.0,0.0,0.0,5,2,2,2,3,0,2,0
327450,67,0.0,3.0,0.0,1,1,1,1,0,0,1,0
327841,1485,0.0,5.0,1.0,9,4,1,3,8,0,1,0
328676,3588,0.0,3.0,0.0,3,1,1,1,2,0,1,0
329932,219,0.0,2.0,0.0,47,18,1,5,46,0,1,0
330120,2646,0.0,6.0,0.0,9,1,1,3,5,0,4,0
330172,3205,0.0,0.0,0.0,1,1,1,1,0,0,1,0
330174,503,0.0,5.0,0.0,6,1,1,2,4,0,1,1
330916,1451,0.0,0.0,0.0,1,1,1,1,0,0,1,0
33173,3734,0.0,0.0,0.0,6,2,2,1,5,0,1,0
331836,4492,0.0,5.0,0.0,3,1,1,1,2,0,1,0
331956,3042,0.0,4.0,0.0,6,5,3,1,3,0,3,0
332008,2981,0.0,5.0,0.0,6,3,2,2,4,0,2,0
333225,2217,0.0,3.0,1.0,1,1,1,1,0,0,1,0
333702,826,0.0,4.0,1.0,17,1,1,1,15,1,1,0
333717,3727,0.0,3.0,0.0,15,6,1,1,13,0,2,0
333724,548,0.0,4.0,1.0,38,11,1,3,37,0,1,0
334279,685,0.0,6.0,0.0,7,3,3,4,6,0,1,0
335172,1102,0.0,0.0,1.0,5,5,3,2,4,0,1,0
335540,3159,0.0,4.0,0.0,16,6,3,2,15,0,1,0
335848,2565,0.0,0.0,1.0,7,3,1,2,6,0,1,0
336012,4708,0.0,4.0,0.0,31,23,9,1,27,0,4,0
336237,1095,0.0,3.0,0.0,1,1,1,1,0,0,1,0
336298,1272,0.0,6.0,0.0,29,13,5,5,28,0,1,0
33645,1618,0.0,2.0,1.0,2,2,2,2,1,0,1,0
336481,2791,1.0,4.0,1.0,10,4,2,1,7,0,3,0
336911,1454,0.0,2.0,1.0,1,1,1,1,0,0,1,0
337312,141,0.0,0.0,0.0,23,4,1,4,21,0,1,1
337435,2995,0.0,3.0,0.0,6,1,1,3,4,0,1,1
337500,4494,0.0,3.0,0.0,2,1,2,2,0,1,1,0
337583,3925,0.0,5.0,0.0,13,8,3,3,12,0,1,0
337652,923,0.0,4.0,1.0,6,1,1,1,4,0,1,1
338362,962,0.0,7.0,0.0,19,7,4,1,15,0,4,0
33889,4043,0.0,2.0,0.0,9,4,2,2,6,0,3,0
339090,2102,0.0,2.0,0.0,1,1,1,1,0,0,1,0
33917,598,1.0,3.0,0.0,4,2,2,3,3,0,1,0
339542,3826,1.0,2.0,0.0,4,1,1,1,3,0,1,0
340168,1963,0.0,3.0,0.0,3,1,1,2,2,0,1,0
340236,3545,0.0,3.0,0.0,1,1,1,1,0,0,1,0
340467,2592,1.0,4.0,1.0,6,2,2,1,5,0,1,0
340468,1145,0.0,5.0,0.0,7,3,1,1,4,0,3,0
341220,4178,0.0,3.0,0.0,3,1,1,1,2,0,1,0
341594,4534,0.0,3.0,1.0,5,1,1,1,4,0,1,0
341655,1411,0.0,0.0,1.0,4,2,1,2,3,0,1,0
34195,1846,0.0,3.0,0.0,5,1,1,1,4,0,1,0
342624,1884,0.0,6.0,0.0,6,1,1,1,4,0,1,1
342802,1481,0.0,7.0,0.0,1,1,1,1,0,0,1,0
343,2738,0.0,3.0,1.0,4,1,1,1,3,0,1,0
343323,1102,0.0,3.0,0.0,52,22,8,6,50,0,2,0
3437,1031,0.0,5.0,0.0,7,1,1,1,5,0,2,0
343785,1466,1.0,2.0,0.0,2,1,1,1,0,0,1,1
343815,3266,0.0,3.0,0.0,1,1,1,1,0,0,1,0
344850,2879,0.0,6.0,0.0,4,2,1,1,2,0,2,0
344942,773,0.0,4.0,0.0,14,10,2,1,11,0,3,0
345272,2721,0.0,5.0,1.0,1,1,1,1,0,0,1,0
345295,98,1.0,3.0,0.0,6,3,3,1,4,0,2,0
345302,3826,0.0,3.0,1.0,2,2,1,2,1,0,1,0
345748,4540,0.0,3.0,0.0,2,1,1,1,1,0,1,0
345901,1340,0.0,3.0,1.0,15,4,3,2,11,0,2,2
346018,1272,1.0,3.0,0.0,15,8,4,1,12,0,1,2
346390,4240,0.0,3.0,0.0,1,1,1,1,0,0,1,0
346829,1679,0.0,4.0,2.0,5,3,2,1,4,0,1,0
347311,773,0.0,4.0,0.0,25,20,12,2,22,0,3,0
347740,2721,0.0,4.0,0.0,20,10,2,2,19,0,1,0
347963,786,0.0,3.0,0.0,21,9,5,1,16,0,5,0
348657,1522,1.0,3.0,0.0,35,21,3,1,30,0,5,0
348667,3159,0.0,5.0,0.0,7,2,2,1,5,0,2,0
349793,4173,0.0,5.0,0.0,6,1,1,3,5,0,1,0
350496,4280,0.0,0.0,0.0,14,9,1,2,12,0,1,1
350733,4408,0.0,0.0,0.0,8,2,1,2,7,0,1,0
350842,3828,0.0,3.0,0.0,4,3,3,2,3,0,1,0
351742,310,0.0,2.0,1.0,4,1,1,1,3,0,1,0
35186,4585,0.0,3.0,1.0,10,4,2,2,8,0,2,0
352,524,0.0,0.0,0.0,11,3,1,3,9,0,1,1
352489,3826,0.0,6.0,0.0,3,1,1,1,2,0,1,0
352850,996,0.0,4.0,1.0,2,1,1,1,1,0,1,0
352942,3685,0.0,4.0,0.0,12,4,1,2,11,0,1,0
352970,2511,0.0,3.0,0.0,7,1,1,4,6,0,1,0
353329,3152,0.0,2.0,1.0,2,1,1,2,1,0,1,0
353584,2565,1.0,4.0,1.0,9,2,1,1,8,0,1,0
35370,3925,0.0,2.0,0.0,28,7,2,3,21,0,2,5
354285,3693,0.0,2.0,1.0,7,1,1,2,4,0,1,2
35468,2313,0.0,4.0,0.0,31,9,3,4,30,0,1,0
355578,2424,0.0,3.0,0.0,1,1,1,1,0,0,1,0
355811,1332,0.0,3.0,0.0,7,2,1,1,6,0,1,0
355977,742,0.0,4.0,1.0,4,1,1,2,2,0,1,1
356081,1103,0.0,2.0,0.0,2,1,1,1,1,0,1,0
356257,2810,0.0,7.0,1.0,3,2,1,1,2,0,1,0
357420,4589,0.0,5.0,0.0,2,1,1,1,1,0,1,0
357467,1116,1.0,3.0,0.0,15,4,3,4,13,0,2,0
357794,1833,0.0,0.0,null,1,1,1,1,0,0,1,0
357927,1704,0.0,6.0,0.0,8,5,4,4,7,0,1,0
358070,3227,0.0,4.0,0.0,4,1,1,1,3,0,1,0
358665,2102,0.0,4.0,0.0,2,1,1,1,1,0,1,0
359482,467,0.0,4.0,0.0,9,4,2,2,7,0,2,0
359542,4861,0.0,6.0,1.0,1,1,1,1,0,0,1,0
359770,1504,0.0,0.0,0.0,6,3,1,1,5,0,1,0
36057,2435,0.0,4.0,2.0,6,2,1,1,4,0,2,0
360706,4765,0.0,3.0,1.0,5,1,1,2,4,0,1,0
360916,3955,0.0,3.0,0.0,5,2,1,2,3,0,1,1
361632,2537,0.0,2.0,0.0,12,4,3,1,11,0,1,0
36182,4339,0.0,0.0,0.0,11,3,2,2,9,1,1,0
361874,1944,0.0,5.0,0.0,5,1,1,1,4,0,1,0
362099,586,0.0,5.0,1.0,30,18,5,7,28,0,1,1
362188,1468,0.0,0.0,0.0,6,2,1,1,5,0,1,0
362447,361,0.0,5.0,0.0,75,28,4,4,71,2,1,1
362995,818,0.0,4.0,1.0,23,5,2,1,19,0,4,0
363312,1487,0.0,5.0,0.0,14,2,1,1,12,0,2,0
363539,268,0.0,4.0,0.0,16,8,2,1,15,0,1,0
363975,4157,0.0,0.0,1.0,2,1,1,2,0,0,1,1
364035,3780,0.0,2.0,0.0,9,3,1,3,6,0,2,1
36405,4976,0.0,0.0,1.0,6,1,1,2,5,0,1,0
364122,2173,0.0,3.0,1.0,7,1,1,1,6,0,1,0
364413,3839,0.0,4.0,0.0,14,1,1,3,12,0,1,1
365363,1415,0.0,2.0,0.0,5,1,1,3,4,0,1,0
365426,191,0.0,3.0,0.0,1,1,1,1,0,0,1,0
365434,4850,0.0,0.0,0.0,2,1,1,1,1,0,1,0
365839,742,0.0,3.0,1.0,1,1,1,1,0,0,1,0
366356,685,0.0,3.0,0.0,2,1,1,1,1,0,1,0
366640,4245,0.0,4.0,0.0,2,1,1,2,1,0,1,0
36670,3111,0.0,4.0,0.0,5,2,1,2,4,0,1,0
366756,1861,1.0,0.0,0.0,3,1,1,1,2,0,1,0
366822,415,0.0,2.0,0.0,3,1,1,3,0,0,1,2
367013,3826,0.0,2.0,1.0,1,1,1,1,0,0,1,0
367070,1749,1.0,3.0,1.0,15,4,2,1,12,0,3,0
367269,4988,0.0,3.0,1.0,3,1,1,1,1,0,2,0
367354,2847,0.0,3.0,2.0,5,2,2,1,4,0,1,0
368033,1103,1.0,0.0,0.0,16,7,3,1,13,0,3,0
368227,2928,0.0,3.0,0.0,3,1,1,1,2,0,1,0
368236,4687,0.0,4.0,1.0,2,1,1,1,1,0,1,0
368440,1283,0.0,0.0,0.0,13,8,5,2,11,0,1,1
368514,742,0.0,6.0,2.0,7,3,2,2,6,0,1,0
368956,3016,0.0,0.0,1.0,17,12,5,1,15,0,2,0
369537,3936,0.0,4.0,1.0,10,2,2,2,9,0,1,0
36970,3734,0.0,2.0,1.0,4,2,2,1,3,0,1,0
370294,3382,0.0,3.0,0.0,6,2,1,1,5,0,1,0
370484,323,1.0,5.0,0.0,6,1,1,1,5,0,1,0
370819,4438,0.0,4.0,0.0,2,1,1,2,1,0,1,0
370833,1978,0.0,null,null,4,1,1,1,3,0,1,0
370852,4079,0.0,3.0,0.0,21,9,1,1,18,0,3,0
370898,1751,0.0,3.0,0.0,2,1,1,1,1,0,1,0
371616,1394,0.0,5.0,0.0,4,1,1,1,3,0,1,0
371702,3328,0.0,2.0,0.0,1,1,1,1,0,0,1,0
371922,773,0.0,4.0,0.0,27,12,5,7,26,0,1,0
372323,3971,0.0,3.0,1.0,9,1,1,3,7,0,1,1
372407,215,0.0,2.0,1.0,5,3,1,1,4,0,1,0
372875,1502,0.0,3.0,0.0,4,2,1,1,1,0,3,0
373518,1494,0.0,3.0,1.0,1,1,1,1,0,0,1,0
373688,2325,0.0,4.0,0.0,1,1,1,1,0,0,1,0
373714,2047,0.0,3.0,0.0,6,2,2,2,3,0,1,2
373806,141,0.0,2.0,0.0,7,4,2,1,6,0,1,0
373832,4744,0.0,4.0,0.0,4,1,1,1,2,0,2,0
374088,3965,0.0,4.0,0.0,8,5,1,2,6,0,2,0
374127,297,1.0,3.0,1.0,1,1,1,1,0,0,1,0
374458,3753,0.0,2.0,1.0,2,1,1,1,1,0,1,0
374588,3993,0.0,2.0,1.0,5,2,1,1,4,0,1,0
375470,121,0.0,5.0,0.0,13,3,2,5,12,0,1,0
375601,1379,0.0,3.0,2.0,1,1,1,1,0,0,1,0
375851,4589,0.0,0.0,0.0,5,2,1,1,4,0,1,0
377197,2952,0.0,4.0,0.0,2,1,1,1,1,0,1,0
3772,740,0.0,4.0,1.0,5,1,1,3,4,0,1,0
377540,2611,0.0,3.0,0.0,3,1,1,1,2,0,1,0
377608,354,0.0,4.0,1.0,12,1,1,1,10,0,2,0
377919,121,0.0,0.0,0.0,1,1,1,1,0,0,1,0
378330,4558,0.0,3.0,0.0,5,1,1,1,4,0,1,0
3785,4605,0.0,2.0,0.0,13,6,5,1,9,0,4,0
378998,4492,0.0,6.0,1.0,10,4,1,1,8,0,1,1
380326,4558,0.0,2.0,0.0,2,1,1,1,1,0,1,0
380857,1393,0.0,3.0,0.0,8,3,2,4,7,0,1,0
380888,3809,0.0,0.0,1.0,58,8,5,5,56,0,2,0
380930,2448,0.0,0.0,0.0,23,5,2,1,21,0,2,0
380952,4079,0.0,3.0,0.0,2,1,1,1,1,0,1,0
381260,4173,0.0,6.0,0.0,20,16,8,7,18,0,1,1
381708,718,0.0,5.0,0.0,11,6,2,2,10,0,1,0
381767,1926,1.0,5.0,0.0,19,2,1,1,17,0,2,0
381935,4438,0.0,5.0,0.0,2,2,1,1,0,0,2,0
38194,598,0.0,4.0,0.0,6,3,2,2,5,0,1,0
38198,2721,0.0,2.0,1.0,1,1,1,1,0,0,1,0
382174,962,0.0,4.0,0.0,4,2,1,1,3,0,1,0
382250,317,0.0,7.0,0.0,15,5,3,1,14,0,1,0
382534,2985,0.0,2.0,0.0,8,2,2,1,5,0,3,0
383045,2273,0.0,3.0,1.0,7,3,1,3,5,0,1,1
383052,1708,0.0,0.0,0.0,5,2,1,3,4,0,1,0
383236,4282,0.0,3.0,1.0,29,17,3,3,28,0,1,0
383432,4173,1.0,0.0,0.0,7,5,3,1,6,0,1,0
384099,2669,0.0,3.0,0.0,10,6,2,2,8,0,1,1
384813,4662,0.0,4.0,0.0,6,3,1,1,4,0,2,0
38493,1472,0.0,2.0,1.0,3,1,1,1,2,0,1,0
384943,2140,0.0,0.0,0.0,26,8,1,4,24,1,1,0
385147,4252,0.0,0.0,0.0,1,1,1,1,0,0,1,0
385407,2928,0.0,5.0,0.0,1,1,1,1,0,0,1,0
385814,3623,0.0,0.0,0.0,36,13,2,1,32,0,3,1
386775,3476,0.0,5.0,0.0,3,2,1,1,2,0,1,0
386790,756,0.0,3.0,0.0,4,2,1,1,3,0,1,0
387265,326,0.0,2.0,1.0,3,1,1,1,2,0,1,0
387341,3971,0.0,3.0,1.0,4,1,1,1,3,0,1,0
387845,2579,0.0,0.0,0.0,9,5,2,2,8,0,1,0
387995,1272,0.0,0.0,0.0,1,1,1,1,0,0,1,0
388006,798,0.0,0.0,0.0,5,4,3,2,4,0,1,0
388580,1861,1.0,3.0,0.0,2,1,1,1,1,0,1,0
388589,1378,0.0,2.0,0.0,3,1,1,2,2,0,1,0
388603,4007,0.0,6.0,0.0,10,2,2,3,9,0,1,0
388778,474,0.0,2.0,0.0,4,1,1,2,3,0,1,0
388873,3954,0.0,0.0,0.0,3,1,1,1,2,0,1,0
389551,3640,0.0,3.0,0.0,4,1,1,1,3,0,1,0
389895,4173,0.0,0.0,0.0,17,3,2,3,15,0,1,1
389896,4864,0.0,4.0,1.0,8,5,1,2,7,0,1,0
389937,4118,0.0,5.0,0.0,5,1,1,1,4,0,1,0
390314,1200,0.0,0.0,1.0,4,1,1,1,2,0,2,0
390375,2459,0.0,3.0,0.0,2,2,2,1,0,0,2,0
390687,4724,0.0,3.0,0.0,2,1,1,1,1,0,1,0
39094,1659,0.0,5.0,0.0,1,1,1,1,0,0,1,0
391007,756,0.0,0.0,0.0,5,1,1,3,4,0,1,0
391267,1678,0.0,4.0,1.0,3,1,1,1,2,0,1,0
39131,443,0.0,4.0,0.0,4,1,1,1,2,0,1,1
391536,3870,0.0,3.0,0.0,12,7,2,2,11,0,1,0
39193,1067,0.0,0.0,0.0,7,2,1,1,5,1,1,0
39210,4760,0.0,3.0,0.0,2,1,1,1,0,0,2,0
392200,66,0.0,3.0,2.0,10,1,1,1,8,0,2,0
392565,2393,0.0,2.0,1.0,4,1,1,1,3,0,1,0
392636,1861,0.0,5.0,1.0,3,1,1,1,2,0,1,0
392638,4760,0.0,0.0,0.0,5,1,1,1,4,0,1,0
392795,1574,0.0,5.0,1.0,5,1,1,1,4,0,1,0
392907,1821,0.0,5.0,0.0,8,2,2,1,5,0,3,0
392985,1102,0.0,6.0,0.0,29,18,8,4,28,0,1,0
393125,2939,0.0,3.0,1.0,4,1,1,2,3,0,1,0
393219,2776,0.0,4.0,1.0,5,2,2,2,3,0,1,1
393524,824,0.0,6.0,1.0,2,1,1,1,1,0,1,0
393564,437,0.0,4.0,0.0,1,1,1,1,0,0,1,0
39369,3022,0.0,0.0,0.0,1,1,1,1,0,0,1,0
39373,1049,0.0,3.0,0.0,9,3,3,1,8,0,1,0
393984,3809,0.0,0.0,0.0,16,3,2,5,15,0,1,0
39434,1096,0.0,3.0,0.0,9,4,1,2,8,0,1,0
394465,145,0.0,2.0,0.0,4,1,1,1,3,0,1,0
394586,4433,0.0,6.0,0.0,6,1,1,1,5,0,1,0
394979,4349,0.0,4.0,0.0,7,1,1,1,6,0,1,0
395638,1272,0.0,4.0,0.0,8,5,2,1,7,0,1,0
395776,1056,0.0,4.0,0.0,15,7,2,1,14,0,1,0
395804,1272,0.0,0.0,0.0,3,2,2,1,2,0,1,0
395888,3451,0.0,3.0,0.0,2,1,1,2,1,0,1,0
395949,2494,0.0,0.0,0.0,9,2,1,4,8,0,1,0
396094,429,0.0,0.0,0.0,2,1,1,1,1,0,1,0
396287,1760,0.0,4.0,0.0,81,38,4,1,76,0,5,0
396495,4536,0.0,2.0,0.0,6,1,1,1,3,0,2,1
396986,3954,0.0,6.0,1.0,6,3,2,1,5,0,1,0
397441,1470,0.0,5.0,1.0,27,3,1,6,25,1,1,0
397723,3826,0.0,0.0,0.0,1,1,1,1,0,0,1,0
398200,4044,0.0,2.0,0.0,40,29,5,3,38,0,2,0
398483,915,0.0,4.0,1.0,10,3,3,2,9,0,1,0
399333,2945,0.0,4.0,0.0,5,1,1,1,4,0,1,0
399879,4050,0.0,2.0,1.0,3,1,1,1,2,0,1,0
399980,2664,0.0,3.0,0.0,12,6,2,1,11,0,1,0
400488,4818,0.0,3.0,1.0,18,4,4,1,16,0,2,0
401009,3839,0.0,3.0,null,6,4,1,2,5,0,1,0
401866,3701,0.0,0.0,0.0,8,2,2,3,6,0,1,1
402845,2546,0.0,0.0,0.0,4,1,1,3,3,0,1,0
403115,3173,1.0,2.0,1.0,4,1,1,1,3,0,1,0
403465,1502,0.0,3.0,0.0,2,1,1,1,1,0,1,0
403590,2752,0.0,0.0,0.0,5,2,2,3,2,0,2,1
403821,4864,0.0,0.0,0.0,3,1,1,1,2,0,1,0
405492,4926,0.0,4.0,0.0,10,3,3,3,8,0,1,1
407154,534,0.0,2.0,0.0,30,11,2,5,28,0,2,0
407295,1346,0.0,0.0,0.0,6,1,1,1,4,0,1,1
407623,1854,0.0,2.0,0.0,2,1,1,1,0,0,1,1
407944,4049,0.0,5.0,1.0,3,2,2,2,2,0,1,0
408147,437,0.0,5.0,0.0,5,4,2,4,0,0,1,4
408400,2173,0.0,3.0,0.0,6,4,1,1,5,0,1,0
40845,1875,0.0,4.0,0.0,1,1,1,1,0,0,1,0
408591,1719,0.0,4.0,0.0,1,1,1,1,0,0,1,0
408676,2099,0.0,4.0,1.0,6,4,2,2,5,0,1,0
408955,1056,0.0,4.0,2.0,2,2,1,1,0,0,2,0
409093,2721,0.0,4.0,0.0,38,21,1,2,29,0,1,8
409452,1102,0.0,3.0,0.0,106,21,5,4,104,0,2,0
409905,4073,0.0,7.0,1.0,2,1,1,1,1,0,1,0
409982,4525,1.0,5.0,0.0,4,2,1,2,2,0,2,0
410235,614,0.0,6.0,0.0,1,1,1,1,0,0,1,0
410367,2031,0.0,3.0,1.0,4,1,1,1,3,0,1,0
410586,3545,0.0,3.0,0.0,2,1,1,1,1,0,1,0
410886,747,0.0,4.0,0.0,1,1,1,1,0,0,1,0
411050,2138,0.0,2.0,0.0,9,3,2,2,8,0,1,0
411228,124,0.0,4.0,0.0,1,1,1,1,0,0,1,0
411426,4221,0.0,2.0,0.0,7,3,1,2,5,0,1,1
411785,4949,0.0,4.0,1.0,4,2,2,1,2,0,2,0
411882,2047,0.0,3.0,0.0,5,1,1,2,3,0,1,1
41195,2981,0.0,2.0,0.0,7,4,2,1,6,0,1,0
412444,4044,0.0,0.0,0.0,15,9,3,2,14,0,1,0
412511,1968,0.0,2.0,1.0,13,1,1,2,7,0,6,0
41290,1166,0.0,2.0,1.0,4,1,1,1,3,0,1,0
413516,786,0.0,6.0,0.0,10,2,1,2,8,0,1,1
415737,4219,0.0,3.0,0.0,29,4,1,6,26,0,1,2
415762,2891,0.0,3.0,0.0,8,2,1,1,7,0,1,0
416377,2721,0.0,2.0,0.0,21,8,1,3,19,1,1,0
416705,2277,0.0,3.0,0.0,6,2,2,1,5,0,1,0
416767,2669,0.0,3.0,1.0,13,4,2,4,11,0,1,1
416962,4083,1.0,0.0,0.0,7,4,2,1,6,0,1,0
417626,1457,0.0,4.0,1.0,5,2,1,1,4,0,1,0
41796,1618,0.0,0.0,0.0,8,3,2,2,7,0,1,0
418051,3152,1.0,4.0,0.0,5,2,1,1,4,0,1,0
418178,3619,0.0,5.0,0.0,5,2,1,3,4,0,1,0
418372,643,0.0,5.0,1.0,1,1,1,1,0,0,1,0
41849,3734,0.0,0.0,1.0,36,26,5,2,35,0,1,0
418951,1182,0.0,3.0,1.0,6,2,2,2,3,0,1,2
419034,4209,0.0,0.0,1.0,6,1,1,1,5,0,1,0
419312,4079,0.0,3.0,1.0,2,1,1,1,1,0,1,0
419408,4536,0.0,7.0,0.0,6,3,2,1,5,0,1,0
419411,4926,1.0,4.0,0.0,3,1,1,1,2,0,1,0
420077,3291,0.0,3.0,1.0,1,1,1,1,0,0,1,0
420791,2217,0.0,5.0,1.0,27,7,1,5,21,0,1,5
420849,547,0.0,3.0,1.0,24,6,2,9,22,0,1,1
421082,1892,0.0,4.0,0.0,1,1,1,1,0,0,1,0
421363,4234,0.0,4.0,0.0,4,4,2,1,3,0,1,0
421727,3734,0.0,3.0,1.0,3,1,1,1,2,0,1,0
421853,1892,0.0,3.0,1.0,2,1,1,2,0,0,1,1
422703,3236,0.0,3.0,0.0,3,1,1,1,2,0,1,0
422910,804,0.0,4.0,0.0,1,1,1,1,0,0,1,0
423108,2928,0.0,4.0,2.0,8,7,2,2,7,0,1,0
423431,2356,0.0,3.0,1.0,4,1,1,1,2,0,2,0
423440,1861,0.0,0.0,0.0,19,2,2,1,18,0,1,0
423443,219,0.0,4.0,0.0,2,1,1,1,1,0,1,0
423455,1760,0.0,3.0,0.0,8,6,2,1,0,0,8,0
423600,2565,0.0,2.0,0.0,4,2,2,2,3,0,1,0
423863,1618,0.0,0.0,0.0,12,3,2,1,11,0,1,0
43015,3614,0.0,5.0,0.0,7,1,1,2,5,0,1,1
43641,3205,1.0,4.0,0.0,13,9,2,1,4,0,1,8
44000,2193,0.0,3.0,1.0,2,1,1,1,1,0,1,0
4464,3460,1.0,7.0,0.0,8,4,2,2,6,0,1,1
44708,4044,0.0,2.0,0.0,9,6,2,2,7,1,1,0
44758,3571,0.0,6.0,1.0,3,1,1,1,1,0,2,0
44774,4976,0.0,2.0,0.0,15,3,3,3,10,0,1,4
45036,3923,0.0,4.0,0.0,4,1,1,1,3,0,1,0
45502,748,0.0,4.0,1.0,2,1,1,1,1,0,1,0
45736,386,0.0,4.0,0.0,3,1,1,1,2,0,1,0
4595,4079,0.0,2.0,0.0,2,1,1,1,1,0,1,0
4651,4985,0.0,0.0,0.0,10,4,2,1,9,0,1,0
46530,2876,0.0,3.0,0.0,4,3,1,1,3,0,1,0
46655,4265,0.0,2.0,1.0,16,4,2,2,13,0,3,0
46781,1008,0.0,4.0,1.0,13,1,1,1,11,0,1,1
4703,951,0.0,3.0,0.0,5,3,1,1,4,0,1,0
47344,4048,0.0,0.0,0.0,3,1,1,1,2,0,1,0
47552,3961,0.0,6.0,0.0,21,5,3,5,20,0,1,0
47622,3835,0.0,6.0,0.0,2,1,1,2,1,0,1,0
48058,3828,0.0,3.0,0.0,20,7,5,2,17,0,1,2
48092,1090,0.0,3.0,0.0,4,1,1,1,3,0,1,0
48885,1618,0.0,0.0,0.0,33,10,6,4,26,0,2,5
49081,1760,0.0,3.0,0.0,12,7,2,2,10,0,2,0
49203,3954,0.0,3.0,0.0,3,1,1,1,2,0,1,0
49505,3839,0.0,0.0,0.0,3,2,2,1,2,0,1,0
49537,2828,0.0,5.0,0.0,13,4,1,5,10,0,2,1
49576,915,0.0,0.0,0.0,38,8,2,5,35,1,1,1
49581,4772,0.0,3.0,1.0,1,1,1,1,0,0,1,0
5012,4796,0.0,2.0,0.0,12,4,3,1,11,0,1,0
50192,2928,0.0,4.0,2.0,2,1,1,1,1,0,1,0
50298,4986,0.0,0.0,0.0,5,1,1,1,4,0,1,0
50499,3828,1.0,0.0,0.0,19,16,10,5,0,0,3,16
50613,4044,0.0,0.0,0.0,7,2,2,1,5,0,2,0
50844,4756,0.0,2.0,0.0,4,1,1,2,2,0,1,1
50858,3671,0.0,4.0,1.0,15,13,8,2,14,0,1,0
51140,1102,0.0,3.0,0.0,36,20,8,11,33,0,1,2
51224,1900,0.0,3.0,0.0,2,1,1,1,1,0,1,0
5132,2217,0.0,3.0,0.0,5,1,1,1,4,0,1,0
51380,3205,0.0,5.0,0.0,16,8,2,1,6,0,2,8
51483,2810,0.0,4.0,0.0,4,1,1,1,3,0,1,0
51548,798,0.0,2.0,0.0,2,1,1,2,1,0,1,0
51842,1494,0.0,0.0,1.0,6,2,1,1,5,0,1,0
51911,3878,0.0,3.0,0.0,42,3,1,2,39,0,1,2
52052,2639,1.0,5.0,0.0,18,14,5,3,17,0,1,0
52544,590,0.0,3.0,1.0,2,1,1,1,1,0,1,0
5354,1890,0.0,4.0,0.0,1,1,1,1,0,0,1,0
54386,3910,0.0,0.0,1.0,9,4,2,1,8,0,1,0
54403,1705,0.0,5.0,0.0,3,1,1,1,2,0,1,0
55148,731,0.0,7.0,1.0,9,3,1,1,8,0,1,0
55207,2403,0.0,3.0,0.0,40,15,2,3,35,0,5,0
55696,323,0.0,0.0,0.0,10,2,1,1,8,0,2,0
55752,10,0.0,6.0,0.0,7,1,1,1,6,0,1,0
55800,4368,0.0,6.0,0.0,1,1,1,1,0,0,1,0
55856,205,0.0,3.0,0.0,1,1,1,1,0,0,1,0
56066,4481,0.0,0.0,1.0,4,2,2,2,3,0,1,0
5625,4504,0.0,6.0,1.0,6,2,1,1,5,0,1,0
56359,2545,0.0,0.0,0.0,8,4,3,2,5,0,2,1
56567,94,0.0,0.0,0.0,17,4,3,2,16,0,1,0
56820,2328,0.0,6.0,0.0,16,11,1,1,14,0,2,0
56997,3041,0.0,5.0,1.0,1,1,1,1,0,0,1,0
57103,598,0.0,6.0,0.0,5,1,1,1,4,0,1,0
57193,1310,0.0,3.0,0.0,14,7,5,6,13,0,1,0
57207,2173,1.0,4.0,0.0,5,4,1,3,3,0,2,0
57411,1685,0.0,2.0,1.0,1,1,1,1,0,0,1,0
57620,3323,1.0,3.0,0.0,4,1,1,1,3,0,1,0
57661,563,1.0,0.0,0.0,4,2,2,1,3,0,1,0
57708,3609,0.0,3.0,0.0,30,11,1,6,25,0,1,4
57801,4982,0.0,0.0,0.0,5,1,1,2,4,0,1,0
57951,4015,0.0,4.0,1.0,1,1,1,1,0,0,1,0
58096,4048,0.0,2.0,0.0,2,1,1,1,1,0,1,0
58301,2465,0.0,6.0,0.0,4,1,1,1,3,0,1,0
58579,1435,0.0,3.0,1.0,8,4,2,2,7,0,1,0
586,1062,0.0,2.0,0.0,3,1,1,1,2,0,1,0
59002,3623,0.0,2.0,1.0,4,1,1,1,3,0,1,0
59113,1707,0.0,0.0,1.0,4,1,1,1,3,0,1,0
59137,3308,0.0,0.0,0.0,2,1,1,1,0,0,2,0
59816,4512,0.0,4.0,1.0,121,36,2,5,119,0,2,0
60343,4043,1.0,4.0,0.0,19,11,8,2,15,0,4,0
6048,614,0.0,2.0,1.0,5,1,1,1,2,0,3,0
60709,3588,0.0,2.0,0.0,1,1,1,1,0,0,1,0
60842,1565,0.0,3.0,null,12,8,2,1,10,0,2,0
60875,2928,0.0,0.0,0.0,20,14,3,2,14,0,6,0
61010,4480,1.0,4.0,0.0,20,8,2,2,15,0,2,3
6119,962,0.0,4.0,0.0,4,3,2,1,2,0,2,0
62324,3828,0.0,6.0,1.0,9,4,1,3,8,0,1,0
62611,3284,0.0,7.0,1.0,3,1,1,1,2,0,1,0
62877,2167,0.0,3.0,0.0,1,1,1,1,0,0,1,0
63064,4173,0.0,6.0,0.0,1,1,1,1,0,0,1,0
6308,3406,0.0,5.0,0.0,6,2,1,2,5,0,1,0
63129,3828,0.0,3.0,0.0,52,32,11,2,47,0,1,4
63296,2824,0.0,4.0,0.0,3,1,1,1,2,0,1,0
63483,474,0.0,4.0,0.0,7,3,2,2,6,0,1,0
63602,2051,0.0,6.0,0.0,3,1,1,1,2,0,1,0
6375,360,0.0,2.0,0.0,6,2,1,1,5,0,1,0
63915,4601,0.0,2.0,0.0,4,2,2,1,3,0,1,0
64008,804,0.0,3.0,0.0,3,1,1,1,2,0,1,0
64304,2318,0.0,3.0,1.0,1,1,1,1,0,0,1,0
64626,2051,0.0,6.0,0.0,5,2,1,1,3,0,2,0
65017,4571,0.0,0.0,0.0,10,2,1,2,7,2,1,0
65037,643,0.0,5.0,0.0,32,19,3,5,29,0,3,0
65328,652,0.0,3.0,0.0,5,2,1,1,4,0,1,0
65459,3022,0.0,3.0,null,3,2,1,1,2,0,1,0
6554,4793,0.0,0.0,1.0,2,1,1,1,1,0,1,0
6599,2928,0.0,3.0,0.0,22,11,3,6,20,0,1,1
6862,2639,1.0,0.0,1.0,25,12,5,2,20,0,5,0
68999,1346,0.0,0.0,0.0,3,1,1,1,2,0,1,0
69402,1370,0.0,5.0,1.0,3,2,1,1,2,0,1,0
69901,2273,0.0,6.0,0.0,2,1,1,1,1,0,1,0
70002,4374,1.0,2.0,1.0,3,1,1,1,2,0,1,0
70430,1353,0.0,2.0,1.0,5,1,1,2,4,0,1,0
70547,1749,0.0,0.0,0.0,11,3,1,1,10,0,1,0
70739,1667,1.0,0.0,0.0,18,8,2,3,16,0,2,0
70867,3828,0.0,0.0,0.0,8,5,3,2,5,0,3,0
72208,3022,1.0,6.0,1.0,10,4,2,1,8,0,2,0
72608,598,0.0,3.0,1.0,4,1,1,1,3,0,1,0
73553,4005,0.0,6.0,0.0,1,1,1,1,0,0,1,0
73593,1738,1.0,0.0,0.0,11,5,3,2,9,0,2,0
74254,2545,0.0,4.0,1.0,4,2,2,1,2,0,2,0
74769,1393,0.0,3.0,0.0,25,7,5,1,21,0,4,0
7523,2824,0.0,5.0,1.0,2,1,1,1,1,0,1,0
76022,4057,0.0,5.0,0.0,5,1,1,3,4,0,1,0
76194,2639,0.0,6.0,1.0,12,6,6,1,6,0,6,0
7641,3828,0.0,0.0,2.0,47,32,9,4,44,0,1,2
76778,2824,0.0,0.0,1.0,3,2,1,1,2,0,1,0
77118,2403,0.0,2.0,0.0,26,14,4,3,23,0,3,0
77303,4170,0.0,4.0,1.0,5,3,1,2,2,0,3,0
77338,9,0.0,3.0,1.0,3,1,1,1,2,0,1,0
77467,3005,0.0,0.0,0.0,40,17,8,2,36,2,2,0
77676,3205,0.0,5.0,0.0,7,1,1,4,4,0,1,2
78020,1131,0.0,2.0,0.0,1,1,1,1,0,0,1,0
78317,2613,0.0,0.0,0.0,6,1,1,2,4,0,2,0
78456,1487,0.0,4.0,0.0,15,6,1,2,13,0,1,1
79187,1704,0.0,2.0,0.0,3,1,1,2,1,0,1,1
79638,3862,0.0,3.0,0.0,3,1,1,1,2,0,1,0
79669,872,0.0,5.0,0.0,4,1,1,1,3,0,1,0
80002,3236,1.0,3.0,1.0,8,2,1,2,6,0,2,0
81015,1487,0.0,0.0,0.0,4,1,1,2,3,0,1,0
81127,121,0.0,0.0,0.0,5,1,1,1,4,0,1,0
81285,2031,0.0,5.0,1.0,17,4,2,2,13,0,1,3
81549,3826,0.0,0.0,0.0,5,1,1,1,4,0,1,0
81719,2721,0.0,4.0,1.0,18,10,1,4,15,1,2,0
81791,4377,0.0,4.0,0.0,6,2,1,1,5,0,1,0
82071,141,0.0,2.0,1.0,3,1,1,1,2,0,1,0
82143,2403,0.0,5.0,0.0,22,12,4,1,20,0,2,0
83658,794,0.0,3.0,0.0,14,11,2,2,12,0,2,0
8377,3853,0.0,4.0,0.0,7,4,2,1,6,0,1,0
84012,3176,0.0,0.0,0.0,7,1,1,1,6,0,1,0
84263,1142,0.0,2.0,1.0,10,4,3,1,9,0,1,0
84310,4427,0.0,3.0,1.0,2,1,1,1,1,0,1,0
84354,4760,1.0,0.0,0.0,37,14,4,4,28,0,1,8
84521,2459,0.0,6.0,0.0,3,3,2,1,2,0,1,0
8470,2918,0.0,4.0,1.0,7,1,1,1,6,0,1,0
85063,1093,0.0,5.0,1.0,8,4,1,3,7,0,1,0
85387,1760,0.0,4.0,0.0,15,5,1,2,13,0,2,0
85508,4693,0.0,4.0,0.0,4,2,1,2,3,0,1,0
85643,4170,0.0,3.0,1.0,2,1,1,2,1,0,1,0
85783,2273,0.0,0.0,0.0,10,3,1,2,9,0,1,0
86459,239,0.0,3.0,1.0,5,3,1,1,3,0,2,0
86467,4554,0.0,5.0,0.0,6,1,1,2,5,0,1,0
86787,3085,0.0,5.0,0.0,5,1,1,3,4,0,1,0
87415,794,0.0,5.0,0.0,2,1,1,1,0,0,1,1
87449,1816,0.0,0.0,1.0,37,20,8,3,34,1,2,0
87489,4981,0.0,5.0,1.0,15,7,3,1,13,0,2,0
87872,4992,0.0,3.0,0.0,2,1,1,2,0,0,1,1
87936,1520,0.0,6.0,0.0,1,1,1,1,0,0,1,0
87989,897,0.0,4.0,1.0,32,17,12,1,30,0,2,0
88456,3968,0.0,2.0,0.0,3,1,1,1,2,0,1,0
88613,1677,0.0,3.0,2.0,21,7,2,3,20,0,1,0
88630,2047,0.0,6.0,0.0,7,1,1,1,6,0,1,0
88911,1916,0.0,6.0,0.0,1,1,1,1,0,0,1,0
89576,4419,0.0,0.0,0.0,7,1,1,3,5,0,1,1
89805,1861,0.0,4.0,0.0,2,1,1,1,0,0,2,0
90016,2646,0.0,2.0,1.0,1,1,1,1,0,0,1,0
9030,1923,0.0,0.0,0.0,8,3,2,2,6,0,1,1
90470,1784,0.0,4.0,0.0,15,5,4,1,12,0,1,2
90503,2856,0.0,6.0,0.0,3,2,1,1,2,0,1,0
90586,4558,0.0,6.0,0.0,4,1,1,1,2,0,2,0
90933,3828,0.0,4.0,0.0,97,71,15,12,95,0,1,1
91033,3784,0.0,0.0,null,4,1,1,1,3,0,1,0
91106,590,0.0,3.0,1.0,42,17,1,2,41,0,1,0
91124,1056,0.0,4.0,2.0,8,6,4,1,7,0,1,0
91551,598,0.0,4.0,1.0,14,5,1,1,13,0,1,0
91692,4966,0.0,4.0,0.0,4,1,1,1,3,0,1,0
91888,1556,0.0,2.0,0.0,2,1,1,2,0,0,1,1
92153,1679,0.0,5.0,1.0,7,2,2,1,6,0,1,0
92609,946,0.0,4.0,0.0,2,1,1,1,1,0,1,0
92705,4581,0.0,3.0,1.0,4,3,2,2,3,0,1,0
9275,1890,0.0,0.0,0.0,11,5,2,2,10,0,1,0
92887,3734,0.0,5.0,0.0,6,1,1,3,4,0,1,1
93161,3284,0.0,2.0,1.0,2,1,1,1,1,0,1,0
93342,639,0.0,0.0,0.0,1,1,1,1,0,0,1,0
94867,1742,0.0,4.0,1.0,8,5,1,1,6,0,2,0
9499,4760,0.0,3.0,0.0,30,16,9,1,27,0,3,0
95102,1679,0.0,4.0,1.0,1,1,1,1,0,0,1,0
95190,4282,0.0,2.0,1.0,10,8,5,3,8,0,1,1
95692,2187,0.0,0.0,0.0,3,1,1,2,2,0,1,0
95841,1512,0.0,0.0,1.0,6,1,1,2,4,0,2,0
96062,310,0.0,5.0,1.0,4,1,1,1,3,0,1,0
96641,2230,0.0,3.0,0.0,8,2,1,2,6,0,1,1
96733,2592,0.0,0.0,0.0,2,2,2,1,0,0,2,0
97329,3095,0.0,2.0,1.0,3,1,1,1,2,0,1,0
97646,4850,0.0,6.0,1.0,13,8,5,3,5,0,2,6
98487,1840,0.0,4.0,0.0,3,1,1,1,2,0,1,0
98627,1310,0.0,0.0,0.0,19,7,5,4,18,0,1,0
98662,4173,0.0,3.0,0.0,7,2,2,3,4,0,1,2
98711,4079,0.0,3.0,0.0,9,1,1,1,3,0,6,0
99109,4026,0.0,5.0,0.0,1,1,1,1,0,0,1,0
99424,4950,0.0,4.0,0.0,7,4,4,3,5,0,1,1
99485,3609,0.0,0.0,null,3,2,2,1,0,0,3,0
99498,806,0.0,3.0,1.0,5,3,1,2,4,0,1,0
99876,2664,0.0,5.0,1.0,22,7,2,3,19,0,3,0
