100090,1713,0.0,4.0,0.0,8,4,3,4,4,0,3,1
100262,1892,1.0,3.0,0.0,65,30,9,5,61,0,2,2
100546,1557,1.0,0.0,1.0,1,1,1,1,0,0,1,0
100547,653,0.0,7.0,0.0,11,4,2,1,9,0,2,0
10135,1574,0.0,4.0,1.0,5,1,1,1,3,0,2,0
101787,3536,0.0,6.0,0.0,2,1,1,2,1,0,1,0
101828,4170,0.0,6.0,0.0,4,1,1,1,3,0,1,0
102117,4173,0.0,3.0,1.0,18,2,2,2,16,0,2,0
103027,2981,1.0,3.0,0.0,14,1,1,1,13,0,1,0
10309,798,0.0,5.0,0.0,12,3,2,3,11,0,1,0
103192,1111,1.0,2.0,0.0,3,1,1,2,0,0,1,2
10367,4011,0.0,0.0,0.0,11,4,2,1,9,0,2,0
104135,3536,0.0,5.0,1.0,21,11,2,3,20,0,1,0
104339,2845,0.0,6.0,0.0,10,3,1,2,9,0,1,0
104447,750,0.0,2.0,0.0,8,1,1,2,7,0,1,0
104771,3828,0.0,3.0,0.0,11,3,2,2,9,0,1,1
104990,114,0.0,3.0,1.0,2,1,1,1,1,0,1,0
105737,3376,0.0,4.0,1.0,1,1,1,1,0,0,1,0
106026,141,1.0,3.0,0.0,16,5,3,1,15,0,1,0
106751,3614,0.0,4.0,1.0,1,1,1,1,0,0,1,0
107110,4245,0.0,5.0,0.0,7,4,4,1,6,0,1,0
107304,1892,0.0,5.0,2.0,36,24,9,5,34,0,2,0
107370,1318,0.0,4.0,0.0,7,2,2,1,6,0,1,0
107475,4427,0.0,4.0,1.0,6,4,3,1,5,0,1,0
107482,2403,1.0,3.0,0.0,19,15,3,1,18,0,1,0
107711,350,0.0,4.0,1.0,2,1,1,1,1,0,1,0
107718,2081,0.0,4.0,0.0,4,1,1,1,3,0,1,0
108373,588,0.0,4.0,0.0,3,1,1,1,2,0,1,0
108805,2916,0.0,2.0,0.0,3,1,1,1,2,0,1,0
108962,1760,0.0,4.0,0.0,2,1,1,1,1,0,1,0
109104,416,0.0,5.0,0.0,3,3,1,1,0,0,3,0
109743,1964,0.0,2.0,0.0,4,3,2,1,0,0,1,3
109930,2403,0.0,4.0,1.0,13,5,2,3,9,0,4,0
110215,1472,0.0,0.0,0.0,6,1,1,1,5,0,1,0
110299,3163,0.0,4.0,0.0,3,1,1,1,0,0,3,0
110570,2973,1.0,5.0,0.0,2,1,1,1,1,0,1,0
110610,1520,0.0,4.0,1.0,3,1,1,1,1,0,1,1
110824,2768,0.0,6.0,0.0,9,3,3,2,8,0,1,0
110957,2303,0.0,3.0,0.0,14,3,1,1,13,0,1,0
111185,4173,0.0,3.0,0.0,21,14,6,2,20,0,1,0
112494,4618,0.0,0.0,0.0,8,1,1,2,7,0,1,0
112496,3588,0.0,7.0,0.0,6,3,1,3,4,0,2,0
112697,968,0.0,5.0,0.0,3,1,1,1,2,0,1,0
112930,2441,0.0,0.0,0.0,3,1,1,2,2,0,1,0
113447,597,0.0,4.0,1.0,3,1,1,2,2,0,1,0
113590,3828,0.0,5.0,0.0,12,2,2,2,11,0,1,0
113635,2193,0.0,3.0,1.0,3,1,1,1,2,0,1,0
114008,3637,0.0,4.0,0.0,10,4,1,1,9,0,1,0
114367,2668,1.0,2.0,0.0,2,1,1,2,0,0,1,1
114442,4282,0.0,4.0,1.0,25,17,6,2,21,0,4,0
114580,4039,0.0,0.0,0.0,5,1,1,1,4,0,1,0
114873,4966,0.0,4.0,0.0,2,1,1,1,1,0,1,0
116378,310,0.0,0.0,0.0,3,1,1,1,2,0,1,0
116652,685,1.0,3.0,0.0,24,9,2,1,23,0,1,0
116883,2193,0.0,5.0,0.0,1,1,1,1,0,0,1,0
117118,4282,0.0,2.0,1.0,28,9,6,13,24,0,1,3
11746,2482,0.0,2.0,0.0,15,5,4,1,13,0,2,0
118091,2922,0.0,3.0,0.0,10,4,1,1,8,0,2,0
118530,3898,0.0,4.0,0.0,2,1,1,1,1,0,1,0
118717,3108,0.0,0.0,0.0,5,1,1,1,4,0,1,0
118812,1126,0.0,2.0,0.0,16,3,2,1,14,0,2,0
119055,255,0.0,0.0,1.0,1,1,1,1,0,0,1,0
119113,630,1.0,3.0,0.0,80,49,15,5,74,0,1,5
119490,3835,0.0,0.0,0.0,27,7,4,1,25,0,2,0
119536,3828,0.0,6.0,0.0,19,2,2,3,17,0,1,1
11979,2318,0.0,5.0,1.0,2,1,1,1,1,0,1,0
120278,2905,0.0,4.0,1.0,9,2,1,2,7,0,1,1
121565,437,0.0,4.0,1.0,13,5,1,1,12,0,1,0
122041,416,1.0,0.0,0.0,8,1,1,2,7,0,1,0
122219,2173,0.0,3.0,0.0,3,2,1,1,0,0,1,2
122469,1020,0.0,3.0,0.0,3,1,1,1,2,0,1,0
12255,3090,0.0,2.0,0.0,10,4,1,2,9,0,1,0
122551,3305,0.0,3.0,1.0,2,1,1,1,1,0,1,0
122729,1031,0.0,4.0,0.0,8,2,1,1,7,0,1,0
123130,2613,0.0,3.0,0.0,3,1,1,1,2,0,1,0
123539,1049,0.0,3.0,1.0,10,1,1,1,9,0,1,0
124876,1103,0.0,2.0,0.0,2,1,1,2,0,0,1,1
125007,1861,0.0,3.0,0.0,1,1,1,1,0,0,1,0
125571,1892,1.0,3.0,0.0,1,1,1,1,0,0,1,0
125906,2217,0.0,0.0,0.0,4,1,1,1,3,0,1,0
126031,2217,0.0,3.0,1.0,4,1,1,1,3,0,1,0
126417,598,0.0,2.0,1.0,1,1,1,1,0,0,1,0
126655,3323,1.0,0.0,2.0,6,4,1,2,5,0,1,0
12677,1816,0.0,0.0,1.0,6,3,2,2,5,0,1,0
126821,275,0.0,0.0,0.0,9,1,1,1,8,0,1,0
127267,2122,0.0,0.0,0.0,2,1,1,1,1,0,1,0
127712,3906,0.0,4.0,0.0,42,18,9,3,37,0,4,1
127768,98,0.0,4.0,2.0,4,1,1,1,3,0,1,0
127875,4585,0.0,6.0,1.0,5,2,1,2,4,0,1,0
127888,4585,0.0,4.0,0.0,5,1,1,1,4,0,1,0
127968,2905,0.0,3.0,0.0,1,1,1,1,0,0,1,0
128259,839,0.0,3.0,0.0,2,1,1,1,1,0,1,0
128997,2193,0.0,0.0,0.0,6,2,1,2,5,0,1,0
129233,3111,0.0,0.0,1.0,9,3,2,1,8,0,1,0
129367,4864,0.0,6.0,0.0,16,4,3,2,15,0,1,0
129466,4090,0.0,4.0,0.0,3,1,1,1,2,0,1,0
130070,2072,0.0,0.0,0.0,4,1,1,1,3,0,1,0
130433,1472,0.0,4.0,1.0,2,2,1,1,0,0,2,0
130468,3609,0.0,2.0,0.0,5,2,1,1,4,0,1,0
130483,2669,0.0,3.0,0.0,10,8,5,1,9,0,1,0
130995,3152,1.0,4.0,1.0,3,3,1,1,0,0,3,0
131136,2565,0.0,0.0,0.0,13,3,1,2,11,0,2,0
132903,4368,0.0,4.0,0.0,36,19,5,3,29,0,5,2
133803,1895,1.0,4.0,0.0,1,1,1,1,0,0,1,0
13449,102,0.0,3.0,1.0,12,1,1,2,11,0,1,0
135033,2537,0.0,2.0,1.0,26,11,7,2,21,0,1,4
13550,4394,0.0,5.0,0.0,4,2,1,2,2,0,1,1
136342,2360,0.0,2.0,0.0,3,1,1,1,2,0,1,0
136941,73,0.0,4.0,0.0,1,1,1,1,0,0,1,0
137271,3941,0.0,0.0,0.0,18,6,2,1,16,1,1,0
137550,4876,0.0,3.0,0.0,12,3,1,3,10,0,1,1
137794,1916,0.0,5.0,0.0,15,6,3,1,11,0,4,0
138227,777,0.0,6.0,2.0,13,5,4,3,12,0,1,0
138318,66,0.0,5.0,0.0,6,3,2,1,5,0,1,0
138393,278,0.0,3.0,0.0,3,1,1,1,2,0,1,0
138509,2108,0.0,4.0,0.0,5,4,3,2,0,0,1,4
138590,685,0.0,4.0,0.0,5,1,1,1,4,0,1,0
139940,1724,0.0,4.0,1.0,4,3,1,1,3,0,1,0
14008,2031,0.0,3.0,0.0,25,4,2,5,23,0,1,1
140682,4847,0.0,3.0,0.0,65,17,8,3,55,0,2,8
141233,2664,0.0,4.0,0.0,2,1,1,1,0,0,1,1
141544,1346,1.0,0.0,0.0,3,2,1,2,2,0,1,0
142055,1724,0.0,0.0,1.0,1,1,1,1,0,0,1,0
142343,1454,0.0,4.0,0.0,3,1,1,1,1,0,2,0
142460,2031,0.0,5.0,1.0,6,2,1,1,4,0,1,1
142751,3578,0.0,0.0,0.0,4,2,2,1,3,0,1,0
14320,1501,0.0,3.0,0.0,54,19,4,4,50,0,1,3
143223,1412,0.0,2.0,0.0,2,1,1,2,1,0,1,0
143369,3819,0.0,5.0,1.0,9,1,1,3,8,0,1,0
143475,839,0.0,0.0,1.0,2,1,1,1,1,0,1,0
143627,861,0.0,5.0,1.0,3,1,1,2,2,0,1,0
143973,1393,0.0,3.0,1.0,1,1,1,1,0,0,1,0
144138,2883,0.0,4.0,0.0,8,4,1,2,5,0,3,0
144578,2952,0.0,0.0,0.0,2,1,1,1,1,0,1,0
145082,4768,0.0,3.0,0.0,12,7,2,2,11,0,1,0
145164,514,0.0,3.0,1.0,3,1,1,2,2,0,1,0
145976,1712,0.0,3.0,0.0,2,1,1,1,1,0,1,0
14601,3835,0.0,0.0,0.0,3,2,1,1,2,0,1,0
146154,977,0.0,2.0,0.0,3,1,1,1,2,0,1,0
146840,234,0.0,0.0,0.0,38,13,2,4,34,0,2,2
147237,4438,0.0,5.0,0.0,3,1,1,1,2,0,1,0
147284,2397,0.0,4.0,0.0,4,2,1,1,3,0,1,0
147677,2505,0.0,3.0,0.0,3,1,1,2,1,0,1,1
147895,4308,0.0,3.0,0.0,28,17,6,2,25,0,2,1
147986,2608,0.0,0.0,1.0,2,1,1,1,1,0,1,0
148041,588,0.0,3.0,0.0,5,2,1,2,3,0,1,1
148438,1346,0.0,4.0,1.0,12,2,1,3,10,0,1,1
148483,4267,0.0,3.0,0.0,13,7,4,2,12,0,1,0
149700,293,0.0,0.0,0.0,1,1,1,1,0,0,1,0
149741,2856,0.0,0.0,0.0,1,1,1,1,0,0,1,0
149861,3623,0.0,3.0,1.0,2,1,1,1,1,0,1,0
149902,3958,0.0,0.0,0.0,1,1,1,1,0,0,1,0
149938,13,0.0,3.0,1.0,2,1,1,1,1,0,1,0
150039,2669,0.0,0.0,0.0,3,2,1,2,2,0,1,0
150251,2760,0.0,5.0,0.0,5,1,1,1,4,0,1,0
15035,1322,0.0,0.0,0.0,3,2,1,2,2,0,1,0
15066,1780,0.0,0.0,1.0,6,3,1,2,4,1,1,0
150875,2669,0.0,0.0,1.0,2,1,1,1,1,0,1,0
151887,1861,0.0,0.0,0.0,8,5,2,2,7,0,1,0
152472,3954,0.0,4.0,0.0,2,1,1,1,1,0,1,0
152802,3350,0.0,0.0,0.0,2,1,1,1,1,0,1,0
152917,4659,0.0,3.0,0.0,3,2,2,1,1,0,2,0
153122,902,0.0,5.0,1.0,2,1,1,1,1,0,1,0
153834,590,0.0,2.0,1.0,5,2,1,1,4,0,1,0
154077,439,0.0,3.0,0.0,2,1,1,1,1,0,1,0
154084,1168,0.0,3.0,0.0,1,1,1,1,0,0,1,0
154089,3014,0.0,3.0,0.0,5,1,1,3,4,0,1,0
1544,933,0.0,3.0,0.0,16,9,1,2,14,0,2,0
154823,2138,1.0,4.0,0.0,4,2,2,1,2,0,2,0
154957,2403,0.0,6.0,0.0,29,17,3,8,28,0,1,0
155434,3640,0.0,0.0,0.0,3,1,1,3,2,0,1,0
155449,588,0.0,7.0,0.0,5,2,1,2,4,0,1,0
155527,2791,0.0,4.0,2.0,7,1,1,1,6,0,1,0
155732,962,0.0,3.0,0.0,12,2,1,2,10,0,1,1
155770,1748,0.0,3.0,0.0,8,2,1,3,6,0,1,1
155875,1200,0.0,6.0,0.0,49,12,5,2,44,0,5,0
155961,1738,0.0,4.0,1.0,9,7,2,1,8,0,1,0
156012,1588,0.0,5.0,1.0,1,1,1,1,0,0,1,0
156107,3828,0.0,0.0,0.0,16,11,6,4,15,0,1,0
156450,4992,1.0,3.0,1.0,11,4,1,1,10,0,1,0
157344,24,0.0,5.0,1.0,5,2,1,1,4,0,1,0
158163,1900,0.0,0.0,1.0,2,1,1,1,1,0,1,0
15819,967,0.0,0.0,0.0,1,1,1,1,0,0,1,0
159604,2403,0.0,4.0,0.0,8,6,1,1,7,0,1,0
159649,1557,0.0,0.0,0.0,2,1,1,1,1,0,1,0
159692,2448,0.0,0.0,0.0,8,2,1,1,5,0,1,2
159702,4654,0.0,3.0,0.0,7,1,1,1,6,0,1,0
159951,3159,0.0,0.0,1.0,5,4,3,1,1,0,4,0
160158,1298,0.0,3.0,0.0,4,1,1,2,3,0,1,0
160664,547,0.0,6.0,1.0,16,7,1,3,14,0,2,0
160768,3614,1.0,4.0,1.0,6,3,3,4,5,0,1,0
160922,1512,0.0,0.0,0.0,38,11,1,3,36,0,2,0
161233,2339,0.0,7.0,0.0,4,1,1,3,3,0,1,0
161377,429,0.0,0.0,0.0,1,1,1,1,0,0,1,0
161441,3826,0.0,6.0,1.0,1,1,1,1,0,0,1,0
1623,879,0.0,4.0,1.0,2,1,1,1,1,0,1,0
1625,4926,0.0,4.0,0.0,11,3,3,3,10,0,1,0
163234,4044,0.0,0.0,0.0,81,30,6,1,65,0,3,13
163476,361,1.0,2.0,0.0,14,6,3,2,11,0,1,2
164195,3443,0.0,2.0,0.0,5,1,1,1,4,0,1,0
164529,278,0.0,4.0,0.0,12,4,1,1,11,0,1,0
164899,1978,0.0,6.0,1.0,16,8,4,3,14,0,2,0
166783,361,0.0,2.0,1.0,7,2,1,1,5,0,1,1
166950,1968,0.0,3.0,0.0,2,1,1,1,1,0,1,0
167173,3578,0.0,5.0,2.0,4,2,1,1,3,0,1,0
168511,4919,0.0,0.0,1.0,2,1,1,1,1,0,1,0
168857,1659,0.0,0.0,0.0,1,1,1,1,0,0,1,0
169112,3826,0.0,2.0,1.0,1,1,1,1,0,0,1,0
169607,191,0.0,6.0,0.0,1,1,1,1,0,0,1,0
169959,798,0.0,0.0,0.0,4,3,3,1,3,0,1,0
170344,3826,0.0,2.0,1.0,2,1,1,1,1,0,1,0
170623,481,0.0,3.0,0.0,22,11,2,1,20,0,2,0
171003,1123,0.0,3.0,1.0,13,4,3,2,11,0,2,0
171376,1501,0.0,4.0,0.0,12,11,4,5,10,0,1,1
171412,2537,0.0,4.0,0.0,16,6,2,4,15,0,1,0
171553,3925,0.0,4.0,1.0,9,8,1,3,0,0,1,8
171927,1126,0.0,5.0,0.0,3,2,2,2,2,0,1,0
171968,2403,0.0,6.0,0.0,6,3,2,3,5,0,1,0
172410,598,0.0,2.0,0.0,5,3,2,4,3,0,2,0
172748,643,0.0,2.0,0.0,7,4,2,3,0,0,2,5
173619,2709,0.0,3.0,0.0,11,3,2,1,9,0,2,0
173710,3828,0.0,3.0,0.0,3,2,2,1,2,0,1,0
173734,1800,0.0,5.0,0.0,21,5,3,4,18,0,1,2
174381,1200,0.0,3.0,0.0,4,2,1,1,3,0,1,0
174894,2537,0.0,3.0,0.0,19,9,4,6,12,0,1,6
175090,798,0.0,2.0,0.0,22,7,6,2,20,0,1,1
175219,4325,0.0,2.0,0.0,12,4,4,1,9,0,1,2
175372,4085,0.0,3.0,0.0,1,1,1,1,0,0,1,0
175455,3990,0.0,3.0,0.0,4,1,1,3,3,0,1,0
17565,4173,0.0,4.0,0.0,78,25,6,3,73,0,3,2
175820,3898,0.0,2.0,0.0,1,1,1,1,0,0,1,0
176074,3990,0.0,3.0,0.0,2,1,1,1,1,0,1,0
176192,4009,0.0,0.0,0.0,40,7,1,7,34,0,1,5
177133,3734,0.0,2.0,1.0,2,1,1,1,1,0,1,0
177180,1126,0.0,3.0,0.0,27,9,6,2,22,0,5,0
177593,2031,0.0,4.0,0.0,14,2,2,4,12,0,2,0
177892,1049,0.0,0.0,1.0,4,1,1,1,2,0,2,0
178051,2242,0.0,4.0,0.0,7,5,3,1,5,0,2,0
178063,4760,0.0,3.0,0.0,17,7,4,2,14,0,3,0
178358,2138,0.0,3.0,0.0,2,1,1,1,0,0,2,0
179356,3734,0.0,3.0,1.0,2,1,1,1,0,0,2,0
179386,4600,0.0,5.0,0.0,3,2,1,1,2,0,1,0
179833,3199,0.0,4.0,2.0,4,1,1,1,3,0,1,0
179895,2537,0.0,0.0,0.0,2,1,1,1,1,0,1,0
179971,574,0.0,3.0,0.0,13,4,1,1,12,0,1,0
180182,3545,0.0,3.0,0.0,9,3,1,2,8,0,1,0
180211,2436,0.0,3.0,0.0,1,1,1,1,0,0,1,0
181149,2447,0.0,3.0,0.0,2,1,1,1,1,0,1,0
181426,2032,0.0,3.0,0.0,23,15,1,2,21,0,2,0
181740,4601,0.0,0.0,0.0,1,1,1,1,0,0,1,0
181807,4427,0.0,3.0,1.0,1,1,1,1,0,0,1,0
182265,2099,0.0,3.0,0.0,5,3,3,3,4,0,1,0
182554,2723,1.0,7.0,0.0,58,34,2,1,50,0,3,5
183151,4729,0.0,0.0,0.0,12,6,5,3,10,0,2,0
183248,3578,0.0,5.0,0.0,38,14,2,5,37,0,1,0
183654,1918,0.0,0.0,0.0,10,4,2,4,9,0,1,0
184213,1103,0.0,6.0,0.0,4,2,2,2,3,0,1,0
18440,4976,0.0,4.0,0.0,64,36,8,13,61,0,1,2
18494,4280,0.0,4.0,0.0,3,1,1,1,2,0,1,0
184977,4756,0.0,4.0,0.0,22,12,4,2,16,0,6,0
185058,1489,0.0,4.0,0.0,9,5,2,1,8,0,1,0
185105,4708,0.0,3.0,0.0,3,2,2,1,1,0,2,0
185504,590,0.0,3.0,0.0,10,2,1,2,9,0,1,0
18591,1968,0.0,0.0,1.0,2,1,1,1,1,0,1,0
186145,2545,0.0,3.0,1.0,8,7,5,1,7,0,1,0
186251,3971,0.0,3.0,0.0,10,4,2,2,8,0,2,0
186322,1911,0.0,0.0,0.0,8,5,1,1,7,0,1,0
186467,1742,0.0,0.0,1.0,12,6,1,1,11,0,1,0
1868,1890,0.0,0.0,0.0,22,6,3,5,21,0,1,0
187049,4976,0.0,0.0,0.0,2,2,1,1,0,0,2,0
187376,3578,0.0,3.0,0.0,18,13,3,3,17,0,1,0
187513,2872,0.0,4.0,0.0,6,5,4,2,5,0,1,0
187619,4173,1.0,0.0,0.0,8,2,1,1,5,1,1,1
187685,1415,0.0,5.0,0.0,7,4,4,1,5,0,2,0
187709,2669,0.0,3.0,0.0,6,2,2,3,5,0,1,0
188083,1968,0.0,2.0,1.0,1,1,1,1,0,0,1,0
188397,4048,0.0,6.0,0.0,2,1,1,1,1,0,1,0
188562,4071,0.0,0.0,1.0,7,1,1,2,6,0,1,0
188968,4542,0.0,5.0,0.0,14,4,2,4,13,0,1,0
18901,2856,0.0,3.0,0.0,5,1,1,1,4,0,1,0
189134,2066,0.0,4.0,0.0,10,5,1,1,9,0,1,0
189258,4985,0.0,6.0,0.0,26,7,3,1,23,0,2,1
189520,4444,0.0,5.0,0.0,11,5,2,2,9,0,1,1
18969,2055,0.0,6.0,0.0,24,10,2,3,21,0,2,1
189877,4048,0.0,0.0,1.0,3,2,1,1,2,0,1,0
189970,1393,0.0,4.0,2.0,86,45,6,7,77,2,7,0
190471,4950,0.0,4.0,0.0,18,8,7,3,17,0,1,0
190855,4044,0.0,3.0,0.0,24,16,3,1,23,0,1,0
190961,2768,0.0,3.0,0.0,31,8,5,5,29,0,2,0
191191,1520,0.0,5.0,2.0,13,5,3,3,11,0,1,1
191242,669,0.0,3.0,0.0,8,1,1,5,6,0,1,1
191260,437,0.0,3.0,0.0,6,2,1,2,5,0,1,0
19176,4268,0.0,2.0,0.0,1,1,1,1,0,0,1,0
192584,3092,0.0,3.0,0.0,19,16,2,2,18,0,1,0
192816,818,0.0,0.0,0.0,5,2,1,1,4,0,1,0
193377,1875,0.0,6.0,0.0,11,5,3,5,8,0,1,2
193428,3971,0.0,5.0,1.0,5,1,1,2,4,0,1,0
193785,4765,0.0,5.0,0.0,8,2,1,3,7,0,1,0
194231,551,0.0,0.0,0.0,4,1,1,1,3,0,1,0
194434,1522,0.0,5.0,1.0,2,1,1,1,1,0,1,0
195381,3473,0.0,3.0,0.0,8,2,2,4,6,0,1,1
195449,4044,0.0,3.0,0.0,10,4,4,4,9,0,1,0
195635,2217,0.0,2.0,0.0,9,1,1,1,8,0,1,0
195744,1899,0.0,6.0,0.0,11,1,1,3,10,0,1,0
195985,3839,0.0,0.0,0.0,11,3,1,4,10,0,1,0
19609,3080,0.0,0.0,0.0,5,2,1,1,4,0,1,0
196223,3460,0.0,4.0,null,2,1,1,1,1,0,1,0
196287,4569,0.0,0.0,1.0,3,2,1,1,2,0,1,0
197169,2936,0.0,5.0,0.0,13,2,1,2,12,0,1,0
197779,416,0.0,0.0,0.0,3,1,1,1,2,0,1,0
19810,2955,0.0,6.0,0.0,6,1,1,2,5,0,1,0
19866,1429,0.0,6.0,0.0,4,3,1,2,3,0,1,0
199146,1742,0.0,5.0,0.0,3,1,1,1,2,0,1,0
199292,598,0.0,3.0,0.0,3,1,1,1,2,0,1,0
199480,168,0.0,4.0,1.0,2,1,1,2,0,0,1,1
200223,2537,0.0,5.0,0.0,4,3,2,1,3,0,1,0
20084,3558,0.0,0.0,1.0,6,2,1,2,5,0,1,0
200893,4960,0.0,3.0,0.0,1,1,1,1,0,0,1,0
201048,514,1.0,4.0,1.0,2,1,1,1,1,0,1,0
201120,3734,1.0,3.0,0.0,21,10,4,2,17,0,1,3
201311,4525,0.0,4.0,0.0,49,16,2,3,44,0,4,1
201909,3472,0.0,0.0,0.0,4,3,3,1,3,0,1,0
20234,1272,0.0,3.0,0.0,1,1,1,1,0,0,1,0
202437,4417,0.0,3.0,0.0,10,4,2,1,9,0,1,0
203114,2144,0.0,0.0,0.0,9,1,1,2,8,0,1,0
203591,3734,0.0,2.0,1.0,13,9,3,1,12,0,1,0
203650,3350,1.0,3.0,2.0,1,1,1,1,0,0,1,0
20398,4044,0.0,3.0,0.0,41,23,8,9,36,0,1,4
204113,2559,0.0,4.0,1.0,4,1,1,1,3,0,1,0
204171,1284,0.0,0.0,1.0,5,2,2,1,4,0,1,0
204361,4871,1.0,7.0,0.0,3,3,2,1,0,0,3,0
204497,179,0.0,6.0,0.0,7,2,1,1,6,0,1,0
204532,898,0.0,0.0,1.0,27,9,3,1,23,0,4,0
20479,4629,0.0,4.0,1.0,2,1,1,1,1,0,1,0
205310,4268,0.0,0.0,0.0,1,1,1,1,0,0,1,0
205676,2565,0.0,7.0,0.0,14,1,1,3,13,0,1,0
20593,4043,0.0,0.0,0.0,9,5,3,2,6,0,3,0
206088,4044,0.0,3.0,0.0,12,4,3,1,11,0,1,0
206190,35,0.0,2.0,1.0,39,7,3,3,33,0,3,3
206551,1719,0.0,4.0,1.0,12,3,1,2,9,0,1,2
206597,4099,0.0,4.0,0.0,4,1,1,1,3,0,1,0
206847,941,0.0,4.0,1.0,2,1,1,1,1,0,1,0
206907,3619,0.0,0.0,0.0,9,5,1,2,8,0,1,0
207502,3910,0.0,0.0,1.0,10,3,3,2,9,0,1,0
207606,614,0.0,0.0,1.0,3,1,1,2,2,0,1,0
208209,3742,0.0,6.0,1.0,4,1,1,2,3,0,1,0
208686,4173,0.0,0.0,0.0,6,2,1,2,3,0,1,2
208999,1102,1.0,3.0,0.0,209,140,18,16,200,0,1,8
21007,682,0.0,5.0,0.0,16,5,1,2,13,1,1,1
210272,2790,0.0,0.0,0.0,5,1,1,1,4,0,1,0
210685,4325,0.0,3.0,0.0,15,2,1,5,13,0,1,1
210733,3073,0.0,2.0,1.0,4,2,1,1,3,0,1,0
211432,505,0.0,3.0,0.0,5,2,2,1,3,0,2,0
211465,3034,0.0,3.0,0.0,8,1,1,1,7,0,1,0
211664,2721,0.0,0.0,0.0,35,4,1,5,33,0,1,1
212143,1884,0.0,3.0,0.0,4,3,1,1,3,0,1,0
212261,2435,1.0,3.0,0.0,15,10,3,1,13,0,2,0
212589,3936,0.0,4.0,0.0,6,1,1,1,4,0,2,0
212651,3339,0.0,3.0,1.0,11,2,2,2,9,0,2,0
212815,4335,0.0,6.0,0.0,6,2,1,2,5,0,1,0
213030,3925,1.0,4.0,0.0,9,9,5,3,7,0,2,0
213123,4173,0.0,4.0,0.0,5,2,1,1,4,0,1,0
213241,2631,0.0,0.0,0.0,6,1,1,1,4,0,2,0
213479,2473,0.0,4.0,0.0,2,1,1,1,0,0,1,1
213949,2036,0.0,4.0,1.0,4,1,1,1,2,0,2,0
21445,4718,0.0,3.0,0.0,3,1,1,2,2,0,1,0
214552,4659,0.0,7.0,1.0,1,1,1,1,0,0,1,0
214856,1833,0.0,0.0,0.0,40,14,8,3,37,0,3,0
215018,1370,0.0,0.0,0.0,15,9,3,2,13,0,2,0
21514,1393,1.0,6.0,0.0,4,2,1,1,3,0,1,0
21561,2954,0.0,3.0,0.0,15,5,3,3,12,0,1,2
215992,3460,0.0,3.0,0.0,1,1,1,1,0,0,1,0
216650,4322,0.0,2.0,1.0,2,1,1,1,1,0,1,0
217013,3073,0.0,3.0,1.0,11,1,1,1,1,0,10,0
217927,1840,0.0,5.0,0.0,6,5,2,1,5,0,1,0
218018,962,0.0,2.0,0.0,7,5,3,2,4,0,2,1
218021,1103,0.0,0.0,null,6,1,1,1,5,0,1,0
2183,110,0.0,4.0,0.0,7,1,1,2,6,0,1,0
218869,2618,1.0,3.0,1.0,6,3,3,1,3,0,3,0
219069,1557,0.0,0.0,0.0,4,1,1,1,3,0,1,0
219262,3727,0.0,0.0,0.0,14,6,1,5,12,0,1,1
219604,4540,0.0,4.0,0.0,3,2,1,1,2,0,1,0
21963,598,0.0,3.0,1.0,10,5,2,4,9,0,1,0
219944,2482,0.0,3.0,0.0,7,4,3,1,5,0,2,0
220319,1923,0.0,3.0,1.0,4,2,1,2,3,0,1,0
22035,1489,0.0,3.0,0.0,2,1,1,1,1,0,1,0
220546,845,0.0,4.0,1.0,2,1,1,1,1,0,1,0
220559,474,0.0,4.0,1.0,21,14,10,5,20,0,1,0
22056,630,0.0,3.0,0.0,124,54,14,6,113,0,2,9
221002,1679,0.0,6.0,1.0,27,9,2,4,26,0,1,0
221421,4273,0.0,5.0,0.0,4,1,1,1,3,0,1,0
221501,2124,0.0,0.0,0.0,16,8,2,5,13,0,1,2
221645,3350,0.0,4.0,0.0,5,2,2,1,3,0,1,1
221759,1283,1.0,0.0,0.0,31,8,4,2,28,0,3,0
22197,946,0.0,3.0,0.0,29,18,5,4,27,0,2,0
222003,1470,0.0,2.0,0.0,9,3,1,2,8,0,1,0
222153,4585,0.0,6.0,0.0,6,1,1,1,5,0,1,0
22273,1255,0.0,5.0,0.0,9,2,1,1,8,0,1,0
223014,3815,1.0,6.0,0.0,19,11,4,2,17,0,2,0
223172,2910,0.0,3.0,0.0,22,9,4,2,19,0,3,0
223274,3161,0.0,0.0,0.0,45,22,7,8,43,0,1,1
22436,4693,0.0,0.0,0.0,8,2,2,4,5,0,1,2
224421,2273,0.0,6.0,0.0,26,9,2,5,25,0,1,0
224539,2417,0.0,3.0,1.0,7,4,4,1,6,0,1,0
225428,1501,0.0,3.0,0.0,12,2,2,3,10,0,2,0
225493,2669,0.0,0.0,0.0,10,3,3,2,9,0,1,0
225612,4879,0.0,6.0,0.0,4,3,1,1,3,0,1,0
226233,3006,0.0,3.0,1.0,4,1,1,1,3,0,1,0
226434,1487,0.0,5.0,0.0,2,1,1,1,1,0,1,0
226475,2217,0.0,3.0,0.0,12,2,1,6,10,0,1,1
226527,4976,0.0,0.0,0.0,6,2,1,1,5,0,1,0
227853,2664,0.0,0.0,0.0,2,2,1,1,0,0,2,0
228499,643,0.0,0.0,0.0,7,1,1,1,6,0,1,0
228829,633,0.0,4.0,0.0,4,3,1,1,3,0,1,0
229018,547,0.0,4.0,1.0,12,7,2,3,10,0,1,1
229530,1330,0.0,4.0,1.0,2,1,1,1,1,0,1,0
229852,4356,0.0,0.0,0.0,7,1,1,3,6,0,1,0
230391,4039,0.0,2.0,0.0,1,1,1,1,0,0,1,0
23063,2537,0.0,3.0,0.0,4,3,2,3,3,0,1,0
230736,862,0.0,3.0,1.0,19,9,3,4,17,0,2,0
231219,2537,0.0,0.0,0.0,26,8,6,5,17,0,4,5
231591,4173,0.0,4.0,1.0,6,2,1,1,5,0,1,0
231752,2122,0.0,0.0,0.0,4,2,1,2,2,0,1,1
231818,598,0.0,2.0,1.0,9,3,1,3,7,0,1,1
232476,3022,0.0,3.0,1.0,16,12,4,1,15,0,1,0
232677,124,1.0,4.0,0.0,14,1,1,1,13,0,1,0
233249,4090,0.0,4.0,0.0,3,1,1,1,2,0,1,0
233373,415,0.0,3.0,0.0,11,7,3,1,4,0,1,6
233419,786,1.0,6.0,0.0,4,2,1,1,3,0,1,0
234170,3411,1.0,0.0,0.0,12,4,2,4,9,0,1,2
234385,685,1.0,0.0,0.0,2,1,1,1,1,0,1,0
234437,625,0.0,0.0,0.0,2,1,1,1,1,0,1,0
234675,1514,0.0,6.0,0.0,1,1,1,1,0,0,1,0
235013,2864,0.0,4.0,0.0,12,2,2,1,11,0,1,0
235224,3826,0.0,0.0,1.0,1,1,1,1,0,0,1,0
235323,4670,0.0,5.0,2.0,3,1,1,2,2,0,1,0
235531,4708,0.0,4.0,0.0,2,1,1,2,1,0,1,0
235598,3828,0.0,0.0,1.0,24,17,8,5,20,0,1,3
235796,4760,1.0,3.0,1.0,19,7,3,1,18,0,1,0
236131,3727,0.0,3.0,0.0,12,7,1,2,11,0,1,0
237143,547,0.0,4.0,0.0,3,1,1,1,2,0,1,0
237243,4976,0.0,6.0,0.0,24,11,4,3,22,0,2,0
237388,4385,0.0,7.0,0.0,4,2,1,1,3,0,1,0
237435,4368,0.0,4.0,1.0,8,2,2,4,7,0,1,0
237698,2664,0.0,7.0,1.0,15,13,3,1,13,0,2,0
237836,1096,0.0,6.0,0.0,7,1,1,1,5,0,1,1
238154,575,0.0,5.0,1.0,17,2,1,6,15,0,1,1
238157,3734,1.0,4.0,1.0,14,7,4,1,12,0,2,0
238227,190,0.0,4.0,1.0,8,2,2,2,6,0,1,1
238260,1916,0.0,3.0,1.0,6,3,2,2,5,0,1,0
238371,4044,0.0,0.0,0.0,93,40,3,2,84,7,1,1
238669,1892,0.0,3.0,1.0,1,1,1,1,0,0,1,0
239037,2447,0.0,0.0,0.0,4,2,2,1,2,0,2,0
239644,4856,0.0,4.0,1.0,17,2,1,1,16,0,1,0
23995,4022,0.0,4.0,1.0,3,1,1,1,1,0,2,0
240022,4659,1.0,2.0,0.0,58,27,12,5,42,0,4,12
24021,4976,0.0,0.0,0.0,25,17,2,3,22,0,2,1
240448,1504,0.0,0.0,0.0,5,3,1,1,4,0,1,0
240841,3578,0.0,0.0,0.0,4,1,1,1,3,0,1,0
241219,4693,0.0,4.0,1.0,17,8,2,2,13,0,3,1
241919,4480,0.0,4.0,2.0,12,6,3,1,10,0,2,0
242021,1066,0.0,3.0,1.0,4,1,1,1,3,0,1,0
24278,3968,0.0,7.0,0.0,2,1,1,1,1,0,1,0
242841,798,0.0,4.0,0.0,2,1,1,1,1,0,1,0
242897,3236,0.0,5.0,1.0,2,1,1,1,1,0,1,0
243136,4143,0.0,3.0,0.0,11,5,2,1,10,0,1,0
243239,1850,0.0,5.0,1.0,12,3,2,1,11,0,1,0
243625,3794,0.0,0.0,0.0,6,1,1,1,5,0,1,0
243708,4048,0.0,4.0,1.0,4,1,1,1,2,0,2,0
244641,1499,0.0,3.0,0.0,13,7,5,2,8,0,5,0
244766,2587,0.0,4.0,1.0,9,1,1,4,8,0,1,0
246269,1246,0.0,2.0,1.0,5,1,1,3,4,0,1,0
24685,1346,0.0,4.0,1.0,2,1,1,2,0,0,1,1
247449,4693,0.0,5.0,0.0,18,11,3,3,17,0,1,0
247460,4856,0.0,2.0,1.0,8,1,1,1,7,0,1,0
247563,2031,0.0,0.0,1.0,2,1,1,1,1,0,1,0
248121,1102,0.0,3.0,0.0,77,35,9,7,75,0,1,1
249068,3567,0.0,4.0,1.0,8,4,1,1,7,0,1,0
249506,320,0.0,5.0,0.0,2,1,1,1,1,0,1,0
24963,2217,0.0,3.0,0.0,9,2,1,1,8,0,1,0
250037,553,0.0,2.0,1.0,2,1,1,1,1,0,1,0
250158,1487,0.0,4.0,0.0,5,1,1,1,4,0,1,0
250281,1485,0.0,3.0,1.0,24,7,3,1,18,0,6,0
250354,2140,0.0,0.0,1.0,6,1,1,1,5,0,1,0
250545,2565,0.0,3.0,1.0,16,7,2,1,14,0,2,0
251979,3609,0.0,3.0,0.0,30,15,1,1,29,0,1,0
252050,3875,0.0,3.0,0.0,2,1,1,2,0,0,1,1
252409,2664,0.0,7.0,1.0,4,1,1,1,3,0,1,0
252730,4394,0.0,4.0,1.0,4,1,1,1,3,0,1,0
253144,2424,0.0,4.0,1.0,16,6,1,4,15,0,1,0
253302,3286,0.0,0.0,0.0,10,1,1,3,7,0,2,1
254045,4850,0.0,4.0,2.0,35,7,5,4,34,0,1,0
254110,4394,0.0,0.0,0.0,2,2,1,2,1,0,1,0
254810,1403,0.0,3.0,0.0,3,1,1,1,2,0,1,0
255478,2459,0.0,3.0,0.0,3,1,1,1,2,0,1,0
255937,4724,0.0,7.0,0.0,7,1,1,1,5,0,2,0
256048,1892,0.0,4.0,2.0,9,1,1,2,8,0,1,0
256080,1910,0.0,4.0,1.0,7,2,1,3,4,0,1,2
256779,2746,0.0,0.0,0.0,5,3,1,1,4,0,1,0
25727,4976,0.0,4.0,0.0,6,2,1,1,5,0,1,0
257943,4687,0.0,0.0,0.0,9,1,1,2,6,0,2,1
258175,4976,0.0,0.0,0.0,18,11,3,6,16,0,1,1
258599,1477,0.0,3.0,0.0,5,2,2,3,4,0,1,0
258648,4976,0.0,3.0,0.0,26,13,2,1,25,0,1,0
258734,2537,0.0,2.0,0.0,8,3,2,2,7,0,1,0
259072,2279,0.0,3.0,0.0,11,3,2,1,9,0,2,0
259522,4042,0.0,3.0,0.0,2,1,1,2,0,0,1,1
259605,2036,0.0,0.0,1.0,6,2,1,1,5,0,1,0
259826,2397,1.0,4.0,0.0,8,4,2,2,6,0,2,0
260388,4982,0.0,0.0,0.0,2,1,1,1,1,0,1,0
260480,4954,0.0,3.0,0.0,6,1,1,1,5,0,1,0
260629,2273,0.0,3.0,0.0,2,1,1,1,1,0,1,0
260649,4496,0.0,3.0,0.0,12,5,3,2,11,0,1,0
260729,4373,0.0,4.0,0.0,7,2,1,3,6,0,1,0
260768,2108,0.0,0.0,1.0,1,1,1,1,0,0,1,0
260927,1833,0.0,5.0,1.0,5,4,2,2,4,0,1,0
261047,3828,0.0,7.0,0.0,21,7,3,4,18,0,1,2
261749,3623,0.0,0.0,0.0,4,1,1,1,3,0,1,0
26194,2321,0.0,2.0,1.0,2,1,1,1,1,0,1,0
261983,960,0.0,0.0,1.0,19,7,1,2,17,1,1,0
262013,2482,0.0,3.0,0.0,8,2,2,2,5,0,1,2
262350,1911,0.0,0.0,0.0,20,6,1,1,18,0,2,0
263029,1698,0.0,3.0,1.0,7,1,1,1,6,0,1,0
263034,4768,0.0,2.0,0.0,4,2,1,3,2,0,1,1
263119,3022,0.0,3.0,1.0,8,3,2,1,6,0,2,0
263312,3006,0.0,6.0,1.0,7,2,1,1,5,0,1,1
263314,2,0.0,3.0,0.0,6,3,1,3,5,0,1,0
263968,4044,0.0,0.0,0.0,17,9,2,1,16,0,1,0
264659,4071,0.0,6.0,0.0,4,1,1,1,3,0,1,0
264945,4966,0.0,3.0,0.0,3,1,1,2,2,0,1,0
265214,1841,0.0,3.0,0.0,3,1,1,1,2,0,1,0
26550,2141,0.0,5.0,0.0,9,3,1,1,8,0,1,0
265749,301,0.0,3.0,1.0,1,1,1,1,0,0,1,0
26603,2047,0.0,0.0,0.0,3,1,1,1,2,0,1,0
266329,4450,0.0,0.0,1.0,6,1,1,1,5,0,1,0
266665,1597,1.0,6.0,0.0,21,6,1,1,20,0,1,0
267033,4718,0.0,6.0,1.0,3,1,1,1,2,0,1,0
267685,1102,0.0,0.0,0.0,60,22,7,6,57,0,2,1
267778,946,1.0,5.0,0.0,9,6,3,3,7,0,1,1
267994,1223,0.0,0.0,0.0,4,2,1,2,3,0,1,0
267999,4579,0.0,3.0,1.0,7,1,1,2,6,0,1,0
268012,4325,0.0,0.0,0.0,2,1,1,2,1,0,1,0
268031,2579,0.0,0.0,0.0,9,3,1,3,8,0,1,0
268381,3602,0.0,3.0,0.0,4,1,1,1,3,0,1,0
268454,3460,1.0,4.0,0.0,2,1,1,1,1,0,1,0
268508,2445,0.0,3.0,0.0,8,2,2,1,7,0,1,0
268808,1667,0.0,4.0,1.0,2,1,1,2,1,0,1,0
268949,4336,0.0,2.0,1.0,8,1,1,1,7,0,1,0
269262,742,0.0,2.0,0.0,25,3,1,3,23,0,1,1
269614,3016,0.0,3.0,0.0,3,3,3,1,1,0,2,0
270307,3881,0.0,3.0,0.0,21,10,3,2,13,0,7,1
27078,960,0.0,3.0,1.0,3,1,1,1,2,0,1,0
271207,3578,0.0,4.0,1.0,6,2,1,1,5,0,1,0
271948,747,0.0,4.0,1.0,3,1,1,1,2,0,1,0
272159,3073,0.0,2.0,1.0,10,1,1,1,1,0,9,0
272290,323,0.0,6.0,0.0,11,2,1,1,10,0,1,0
2723,4731,0.0,0.0,1.0,15,9,2,1,14,0,1,0
272321,2193,0.0,3.0,0.0,5,1,1,1,4,0,1,0
272349,4504,0.0,3.0,0.0,3,2,1,1,2,0,1,0
272402,121,0.0,5.0,1.0,6,5,4,1,5,0,1,0
272737,1742,0.0,3.0,1.0,7,5,1,1,5,0,2,0
272903,1501,0.0,0.0,0.0,2,1,1,1,1,0,1,0
273041,4976,0.0,3.0,1.0,4,1,1,1,3,0,1,0
273204,3609,0.0,4.0,1.0,67,38,2,1,65,0,2,0
27321,2711,0.0,6.0,0.0,5,4,2,3,3,0,2,0
273266,1193,0.0,4.0,0.0,10,3,2,3,9,0,1,0
273609,3723,0.0,0.0,0.0,2,1,1,1,1,0,1,0
273682,3965,0.0,0.0,0.0,14,7,2,1,7,0,7,0
273853,760,0.0,2.0,0.0,12,2,1,1,11,0,1,0
274036,4209,0.0,6.0,0.0,5,3,2,1,4,0,1,0
27415,2138,0.0,4.0,0.0,2,1,1,1,1,0,1,0
274357,3472,0.0,0.0,0.0,8,3,1,1,7,0,1,0
274376,1403,0.0,6.0,0.0,13,2,2,2,11,0,1,1
274531,923,0.0,4.0,1.0,4,1,1,1,3,0,1,0
275041,2138,0.0,2.0,0.0,9,5,2,5,5,0,1,3
275127,2273,0.0,2.0,0.0,14,7,1,3,13,0,1,0
275255,861,0.0,3.0,0.0,1,1,1,1,0,0,1,0
276156,2030,0.0,4.0,0.0,4,1,1,2,3,0,1,0
276175,1504,0.0,3.0,1.0,3,1,1,1,2,0,1,0
276195,4240,0.0,2.0,1.0,1,1,1,1,0,0,1,0
276396,3971,0.0,3.0,1.0,2,2,2,2,1,0,1,0
276464,606,0.0,3.0,0.0,20,5,2,3,19,0,1,0
276746,4044,0.0,0.0,0.0,14,9,3,2,13,0,1,0
277005,4143,0.0,3.0,0.0,52,38,13,2,50,0,2,0
277159,4173,0.0,2.0,0.0,6,2,1,1,5,0,1,0
277676,553,0.0,2.0,0.0,17,4,2,1,14,1,2,0
277730,855,0.0,0.0,0.0,10,2,2,1,8,0,2,0
277764,2108,0.0,3.0,0.0,9,1,1,5,8,0,1,0
278266,1557,0.0,4.0,1.0,24,8,4,2,23,0,1,0
278842,3230,0.0,3.0,1.0,4,1,1,1,3,0,1,0
279169,4026,0.0,4.0,0.0,11,5,2,2,10,0,1,0
279348,1491,0.0,0.0,0.0,3,1,1,1,2,0,1,0
280077,1134,0.0,3.0,0.0,4,2,2,1,3,0,1,0
28056,1079,0.0,2.0,0.0,3,1,1,1,2,0,1,0
280661,2820,0.0,6.0,0.0,33,19,9,2,30,0,3,0
28081,148,0.0,4.0,1.0,1,1,1,1,0,0,1,0
280929,425,0.0,0.0,1.0,20,5,2,3,17,0,1,2
281205,2497,0.0,0.0,1.0,8,1,1,1,7,0,1,0
281356,1102,0.0,5.0,0.0,57,31,6,1,53,0,4,0
28139,742,0.0,5.0,0.0,1,1,1,1,0,0,1,0
281760,1890,0.0,4.0,0.0,9,3,1,2,8,0,1,0
282221,3462,0.0,5.0,0.0,2,1,1,1,1,0,1,0
282292,905,0.0,3.0,0.0,4,2,1,1,3,0,1,0
28250,586,0.0,3.0,1.0,12,9,2,1,9,0,3,0
2834,2138,0.0,4.0,0.0,6,2,2,2,4,0,1,1
284104,3819,0.0,3.0,0.0,4,2,2,2,3,0,1,0
284365,3828,1.0,3.0,0.0,25,10,4,4,20,0,1,4
284544,2403,0.0,4.0,0.0,13,7,1,1,11,0,2,0
285516,1543,0.0,6.0,0.0,4,1,1,1,3,0,1,0
285726,2900,0.0,6.0,0.0,7,4,1,1,6,0,1,0
286301,3266,0.0,4.0,1.0,1,1,1,1,0,0,1,0
286312,3974,0.0,5.0,1.0,10,4,1,1,9,0,1,0
286823,3472,0.0,2.0,0.0,2,1,1,1,1,0,1,0
287011,439,0.0,4.0,0.0,6,1,1,2,5,0,1,0
287367,740,0.0,7.0,0.0,5,1,1,1,3,0,2,0
287908,1487,0.0,3.0,0.0,9,1,1,3,7,0,2,0
287993,3954,0.0,3.0,0.0,2,1,1,1,1,0,1,0
28866,4760,0.0,2.0,1.0,3,1,1,1,2,0,1,0
288688,3968,0.0,4.0,2.0,33,11,6,1,28,0,5,0
288698,2031,0.0,4.0,0.0,9,3,1,3,8,0,1,0
288817,4043,1.0,2.0,0.0,6,1,1,3,5,0,1,0
289271,2282,0.0,5.0,1.0,5,3,1,1,4,0,1,0
290468,962,0.0,2.0,0.0,9,5,3,2,7,0,2,0
290677,2313,0.0,3.0,0.0,4,1,1,1,3,0,1,0
290697,250,0.0,3.0,0.0,1,1,1,1,0,0,1,0
290809,1800,0.0,0.0,0.0,9,2,1,1,8,0,1,0
290834,1963,0.0,3.0,0.0,1,1,1,1,0,0,1,0
291058,1020,1.0,7.0,0.0,4,1,1,1,3,0,1,0
291146,2313,0.0,5.0,0.0,3,2,1,1,2,0,1,0
291319,3898,0.0,7.0,0.0,6,1,1,1,4,0,2,0
29139,2737,0.0,3.0,0.0,4,1,1,2,3,0,1,0
291399,2403,0.0,3.0,0.0,17,3,1,1,15,0,2,0
291475,3578,0.0,4.0,0.0,14,5,2,3,12,0,1,1
291842,3955,0.0,3.0,0.0,11,1,1,2,9,0,1,1
291878,3319,0.0,3.0,0.0,7,1,1,1,6,0,1,0
292093,4346,0.0,3.0,0.0,4,1,1,1,2,0,2,0
292153,4747,0.0,2.0,1.0,8,1,1,2,7,0,1,0
292162,474,0.0,0.0,2.0,2,1,1,1,1,0,1,0
292202,946,0.0,0.0,0.0,62,27,4,5,56,0,1,5
292292,3828,0.0,3.0,0.0,16,4,3,5,14,0,1,1
293216,3247,0.0,3.0,1.0,2,1,1,1,1,0,1,0
293616,1393,0.0,2.0,0.0,10,4,1,2,5,0,2,3
293667,2097,0.0,0.0,0.0,16,8,2,5,15,0,1,0
293976,2051,0.0,3.0,0.0,2,1,1,2,1,0,1,0
294851,460,0.0,2.0,0.0,1,1,1,1,0,0,1,0
294877,2811,0.0,2.0,0.0,6,2,2,2,5,0,1,0
294913,643,0.0,5.0,0.0,16,5,1,2,14,0,1,1
294997,839,0.0,3.0,0.0,5,1,1,2,4,0,1,0
295665,946,0.0,5.0,0.0,12,3,1,3,10,0,2,0
295730,4747,0.0,0.0,0.0,3,1,1,1,2,0,1,0
295775,467,0.0,3.0,0.0,2,2,1,1,0,0,2,0
296328,416,0.0,4.0,0.0,12,3,1,1,9,0,1,2
296637,1861,0.0,2.0,1.0,22,6,2,4,17,0,2,3
296756,503,0.0,3.0,1.0,6,1,1,2,4,1,1,0
296973,1489,0.0,3.0,1.0,25,5,1,1,20,0,2,3
297029,1324,0.0,3.0,0.0,3,1,1,1,2,0,1,0
297171,1725,0.0,0.0,1.0,5,1,1,2,4,0,1,0
297370,2441,0.0,0.0,0.0,3,1,1,1,1,0,2,0
297442,500,0.0,2.0,0.0,5,1,1,3,3,0,1,1
297746,2928,0.0,3.0,0.0,4,2,2,1,3,0,1,0
298073,3968,0.0,4.0,0.0,6,2,2,1,3,0,2,1
298086,806,1.0,0.0,0.0,20,9,4,1,19,0,1,0
298328,3408,0.0,3.0,0.0,7,2,1,1,6,0,1,0
298736,423,0.0,2.0,0.0,19,2,1,1,17,0,1,1
298873,437,0.0,5.0,1.0,18,7,2,1,16,0,2,0
298890,2447,0.0,2.0,0.0,7,4,3,1,0,0,3,4
298926,3350,0.0,0.0,0.0,6,2,1,1,3,0,1,2
298939,1347,0.0,3.0,0.0,10,1,1,4,7,0,1,2
299097,4976,0.0,0.0,0.0,8,1,1,1,7,0,1,0
299114,300,0.0,0.0,0.0,8,2,1,1,7,0,1,0
299224,4322,0.0,3.0,2.0,4,1,1,2,3,0,1,0
29943,2537,0.0,7.0,0.0,24,7,4,3,16,4,3,1
299526,2590,0.0,0.0,1.0,7,6,3,1,6,0,1,0
299755,2776,0.0,0.0,0.0,2,1,1,1,1,0,1,0
29983,474,0.0,3.0,0.0,1,1,1,1,0,0,1,0
300582,1997,0.0,0.0,1.0,8,1,1,2,6,0,1,1
300643,4427,0.0,0.0,0.0,2,1,1,1,1,0,1,0
301873,806,0.0,4.0,1.0,2,1,1,1,1,0,1,0
302113,4605,0.0,3.0,0.0,6,4,4,1,4,0,2,0
302624,2668,0.0,7.0,1.0,2,1,1,1,1,0,1,0
302847,2403,0.0,6.0,0.0,19,5,2,5,12,0,1,6
302970,3578,0.0,4.0,0.0,17,9,2,3,16,0,1,0
303969,1100,0.0,4.0,1.0,1,1,1,1,0,0,1,0
304366,1102,0.0,4.0,0.0,17,6,3,5,15,0,1,1
30451,2699,0.0,5.0,0.0,20,16,2,1,19,0,1,0
304661,4245,0.0,0.0,0.0,11,2,2,1,10,0,1,0
304985,361,0.0,3.0,0.0,5,3,1,1,4,0,1,0
305005,121,0.0,4.0,1.0,14,4,1,4,13,0,1,0
306273,2124,0.0,3.0,0.0,5,2,1,1,4,0,1,0
306515,2138,0.0,0.0,null,5,3,3,1,3,0,2,0
306619,2928,0.0,0.0,0.0,7,4,3,2,6,0,1,0
306762,4368,1.0,4.0,1.0,11,7,5,2,9,0,1,1
307094,1124,0.0,0.0,0.0,8,1,1,1,6,0,2,0
307176,1500,0.0,6.0,1.0,16,5,3,5,14,0,2,0
307394,326,1.0,3.0,0.0,5,1,1,3,3,0,1,1
307501,3588,0.0,0.0,0.0,5,3,1,1,4,0,1,0
308110,1393,0.0,6.0,0.0,1,1,1,1,0,0,1,0
30846,2255,0.0,4.0,1.0,6,1,1,1,5,0,1,0
308571,4607,0.0,7.0,0.0,13,3,2,1,12,0,1,0
309282,1122,0.0,4.0,0.0,1,1,1,1,0,0,1,0
309545,4173,0.0,2.0,0.0,3,3,2,1,2,0,1,0
3100,514,0.0,4.0,1.0,5,2,1,2,3,0,1,1
310470,2471,0.0,6.0,0.0,6,3,1,1,5,0,1,0
310515,4186,0.0,4.0,1.0,1,1,1,1,0,0,1,0
310735,2112,0.0,5.0,1.0,6,2,1,1,4,0,2,0
311185,614,0.0,0.0,1.0,3,1,1,1,2,0,1,0
311401,2454,0.0,6.0,0.0,3,2,2,1,1,0,2,0
311570,4783,0.0,5.0,1.0,6,3,1,1,5,0,1,0
311978,685,1.0,5.0,0.0,2,1,1,1,1,0,1,0
312161,2313,0.0,7.0,0.0,12,2,1,2,10,0,1,1
312437,3734,1.0,3.0,1.0,27,16,5,3,24,1,2,0
312849,4960,0.0,3.0,0.0,13,6,4,3,9,0,4,0
313075,310,0.0,0.0,1.0,26,5,3,1,25,0,1,0
313575,437,0.0,4.0,0.0,12,8,1,1,10,0,2,0
313584,721,0.0,3.0,0.0,2,1,1,1,1,0,1,0
313711,1284,0.0,3.0,0.0,5,1,1,1,4,0,1,0
314042,2221,0.0,4.0,1.0,5,1,1,1,2,0,3,0
314177,1415,0.0,2.0,0.0,3,1,1,1,2,0,1,0
314653,4950,0.0,3.0,0.0,2,1,1,2,0,0,1,1
314805,1432,0.0,3.0,1.0,10,2,2,2,8,0,1,1
315451,10,0.0,6.0,0.0,6,1,1,3,5,0,1,0
315673,742,0.0,0.0,0.0,2,1,1,1,1,0,1,0
316615,4269,0.0,4.0,2.0,54,22,1,3,47,0,6,1
316948,3826,0.0,4.0,0.0,15,3,1,1,14,0,1,0
317841,4173,0.0,0.0,0.0,10,6,3,2,9,0,1,0
318203,742,0.0,0.0,0.0,8,2,2,2,6,0,1,1
318281,4071,0.0,2.0,1.0,8,1,1,1,7,0,1,0
319471,1833,0.0,5.0,0.0,37,12,5,1,33,0,4,0
319739,829,0.0,3.0,0.0,28,13,2,11,27,0,1,0
319747,1102,0.0,0.0,0.0,14,6,3,2,11,0,3,0
320029,2915,0.0,4.0,0.0,20,14,3,1,18,0,2,0
320073,1833,0.0,0.0,1.0,27,13,5,2,25,1,1,0
320343,3376,0.0,2.0,1.0,31,1,1,1,29,0,1,1
320433,4291,0.0,3.0,1.0,21,5,4,3,19,0,2,0
320694,4280,0.0,2.0,0.0,50,25,1,1,41,7,1,1
320935,2215,0.0,4.0,0.0,4,2,2,2,2,0,2,0
320943,2138,0.0,3.0,0.0,2,1,1,1,1,0,1,0
321310,3469,0.0,5.0,0.0,21,5,1,2,19,0,1,1
321336,255,0.0,3.0,0.0,7,6,3,2,6,0,1,0
321469,2220,0.0,6.0,0.0,7,3,1,1,6,0,1,0
322172,3779,0.0,2.0,0.0,4,1,1,1,3,0,1,0
322410,3955,0.0,3.0,0.0,15,4,2,5,14,0,1,0
3227,1520,0.0,7.0,0.0,2,1,1,1,1,0,1,0
322779,4339,0.0,4.0,0.0,12,4,2,2,11,0,1,0
323357,4346,0.0,3.0,0.0,5,2,1,2,4,0,1,0
323602,522,0.0,4.0,0.0,6,1,1,2,4,0,1,1
323646,798,1.0,6.0,0.0,26,14,7,1,22,0,4,0
323687,941,0.0,4.0,1.0,9,1,1,1,8,0,1,0
323793,2545,0.0,6.0,0.0,27,12,6,2,25,0,2,0
323818,3236,0.0,4.0,0.0,4,1,1,1,2,0,1,1
324146,301,0.0,3.0,0.0,6,1,1,1,4,0,2,0
324225,1056,0.0,4.0,0.0,4,1,1,2,3,0,1,0
324352,4044,0.0,0.0,0.0,41,30,9,4,37,0,1,3
324836,10,1.0,0.0,1.0,13,3,1,2,12,0,1,0
324933,3291,0.0,3.0,0.0,2,1,1,1,0,0,2,0
326438,606,0.0,4.0,0.0,29,18,11,3,27,0,2,0
326597,1890,0.0,3.0,0.0,31,12,2,7,28,0,1,2
326851,846,0.0,4.0,0.0,6,2,1,1,5,0,1,0
327432,2768,0.0,3.0,0.0,78,30,9,5,74,0,4,0
327728,4921,0.0,0.0,0.0,6,2,2,1,5,0,1,0
327812,3635,0.0,2.0,1.0,17,7,2,4,16,0,1,0
329118,2138,0.0,4.0,0.0,4,2,1,2,3,0,1,0
329207,1512,0.0,0.0,0.0,2,1,1,1,1,0,1,0
330034,2537,0.0,0.0,1.0,14,3,2,1,10,0,4,0
330043,3055,0.0,0.0,0.0,4,1,1,2,3,0,1,0
330044,4173,0.0,5.0,0.0,52,17,4,3,50,0,2,0
330048,4079,0.0,3.0,2.0,7,2,2,1,1,0,6,0
330056,740,0.0,3.0,1.0,7,2,1,1,5,0,2,0
330571,4525,0.0,3.0,0.0,95,49,6,2,87,0,8,0
330753,4976,0.0,4.0,0.0,5,2,2,1,4,0,1,0
330772,4659,0.0,2.0,1.0,4,1,1,2,3,0,1,0
331110,588,0.0,3.0,0.0,1,1,1,1,0,0,1,0
331129,3376,0.0,4.0,0.0,8,2,1,1,7,0,1,0
331916,1346,0.0,0.0,0.0,3,1,1,1,2,0,1,0
332967,2639,1.0,3.0,0.0,5,5,4,1,0,0,5,0
333484,4775,1.0,5.0,0.0,6,3,1,3,5,0,1,0
333523,2167,0.0,0.0,0.0,1,1,1,1,0,0,1,0
333604,2138,0.0,3.0,0.0,11,3,2,2,8,0,2,1
333671,4949,0.0,7.0,0.0,11,8,6,1,10,0,1,0
334030,1742,0.0,5.0,0.0,6,2,1,2,5,0,1,0
33462,1352,1.0,3.0,0.0,4,2,1,2,3,0,1,0
334930,2545,0.0,3.0,1.0,4,4,3,1,3,0,1,0
335031,3004,0.0,6.0,0.0,8,3,1,1,7,0,1,0
335096,4052,0.0,6.0,1.0,5,2,1,1,4,0,1,0
33523,3541,0.0,0.0,1.0,5,1,1,2,4,0,1,0
335546,3105,0.0,3.0,0.0,5,1,1,1,4,0,1,0
335744,4101,0.0,5.0,0.0,11,7,1,1,10,0,1,0
336121,4394,0.0,3.0,0.0,2,1,1,1,1,0,1,0
33617,3105,0.0,2.0,0.0,2,1,1,2,1,0,1,0
336478,3161,0.0,2.0,0.0,10,8,2,1,9,0,1,0
33669,1259,0.0,0.0,0.0,30,4,1,3,28,0,1,1
336714,946,0.0,4.0,1.0,3,3,2,2,1,0,2,0
336856,2482,0.0,3.0,0.0,4,3,2,1,1,0,3,0
337429,1585,1.0,4.0,0.0,114,24,7,5,110,0,4,0
337706,4322,0.0,7.0,1.0,2,1,1,2,1,0,1,0
337777,793,0.0,5.0,0.0,17,7,2,2,16,0,1,0
33787,1840,0.0,4.0,0.0,4,1,1,3,3,0,1,0
338192,4427,0.0,3.0,0.0,14,4,3,3,12,0,1,1
338514,1892,0.0,4.0,1.0,47,16,5,1,40,0,7,0
338541,643,0.0,5.0,1.0,7,2,1,3,5,0,1,1
338860,1673,0.0,0.0,0.0,4,1,1,1,3,0,1,0
338921,1742,0.0,0.0,0.0,2,1,1,1,1,0,1,0
338957,2099,0.0,3.0,0.0,3,1,1,1,2,0,1,0
339170,586,0.0,4.0,2.0,7,5,5,2,3,0,2,2
339608,4044,0.0,3.0,0.0,20,9,3,4,14,0,2,4
340143,2669,0.0,6.0,0.0,6,4,3,1,5,0,1,0
34017,3835,0.0,6.0,0.0,3,1,1,1,2,0,1,0
340459,2680,0.0,2.0,0.0,7,1,1,1,5,0,1,1
340613,2904,0.0,2.0,0.0,12,3,3,6,10,0,1,1
341503,3734,0.0,2.0,0.0,20,9,2,1,18,0,2,0
34191,535,0.0,2.0,1.0,29,7,2,3,26,0,1,2
342129,3628,0.0,4.0,0.0,13,6,2,2,12,0,1,0
342257,3323,0.0,5.0,1.0,7,1,1,1,6,0,1,0
342340,2592,0.0,7.0,0.0,13,1,1,3,9,0,2,2
342370,414,1.0,5.0,1.0,2,1,1,2,0,0,1,1
342612,4850,0.0,4.0,0.0,47,16,4,1,46,0,1,0
342647,2545,0.0,3.0,0.0,7,1,1,1,6,0,1,0
34266,437,0.0,4.0,1.0,17,8,2,1,16,0,1,0
342665,474,1.0,4.0,0.0,5,3,3,2,3,0,2,0
343634,1102,0.0,0.0,0.0,42,25,9,10,41,0,1,0
343651,4131,0.0,5.0,0.0,5,2,1,2,4,0,1,0
343862,653,0.0,4.0,0.0,9,3,3,2,7,1,1,0
34417,4554,0.0,6.0,1.0,7,3,3,1,6,0,1,0
344456,2435,0.0,6.0,1.0,4,1,1,1,3,0,1,0
344651,1916,0.0,0.0,0.0,3,1,1,1,1,0,2,0
344848,2031,0.0,3.0,1.0,25,5,2,3,24,0,1,0
345149,4605,0.0,4.0,0.0,4,1,1,1,2,0,1,1
345635,4173,0.0,0.0,0.0,11,5,1,1,9,0,2,0
345661,4648,0.0,3.0,0.0,8,2,2,3,4,0,3,1
346056,3828,1.0,3.0,0.0,80,56,9,2,78,0,2,0
347497,58,0.0,3.0,1.0,3,1,1,1,2,0,1,0
347546,2109,0.0,3.0,0.0,4,1,1,2,3,0,1,0
347697,1892,1.0,3.0,0.0,23,13,7,5,21,0,2,0
348125,4207,0.0,6.0,0.0,2,1,1,1,1,0,1,0
34842,1816,0.0,2.0,1.0,12,8,2,1,11,0,1,0
348854,2187,0.0,4.0,0.0,10,2,1,2,9,0,1,0
348862,685,0.0,2.0,1.0,9,3,2,1,8,0,1,0
349103,1310,0.0,3.0,0.0,15,5,4,4,10,0,3,2
349350,1884,0.0,0.0,1.0,13,1,1,5,12,0,1,0
349964,4722,0.0,3.0,0.0,2,1,1,1,1,0,1,0
350169,3844,0.0,5.0,1.0,6,2,1,2,4,0,1,1
350307,4472,0.0,4.0,1.0,1,1,1,1,0,0,1,0
350414,4368,0.0,4.0,1.0,11,5,3,2,9,0,2,0
350654,1900,0.0,2.0,1.0,5,2,1,1,4,0,1,0
351233,4960,1.0,3.0,0.0,10,5,4,1,6,0,4,0
351348,357,0.0,2.0,1.0,1,1,1,1,0,0,1,0
352442,1425,0.0,4.0,1.0,4,1,1,1,3,0,1,0
353204,818,1.0,3.0,1.0,7,2,1,1,6,0,1,0
353322,2066,0.0,5.0,1.0,3,1,1,1,1,0,2,0
354114,4073,0.0,4.0,2.0,5,1,1,1,4,0,1,0
354484,3227,0.0,5.0,0.0,6,1,1,1,5,0,1,0
354645,133,0.0,3.0,1.0,4,2,1,1,2,0,2,0
354924,63,0.0,3.0,1.0,2,1,1,1,1,0,1,0
354957,1190,0.0,6.0,1.0,2,1,1,2,1,0,1,0
355024,4871,0.0,4.0,1.0,2,1,1,1,1,0,1,0
355233,4090,0.0,2.0,0.0,7,2,1,1,6,0,1,0
355471,1943,0.0,2.0,1.0,2,1,1,1,1,0,1,0
355847,4438,0.0,6.0,0.0,7,4,1,1,6,0,1,0
35610,2217,1.0,3.0,0.0,16,8,1,2,14,0,1,1
356250,4090,0.0,3.0,0.0,6,3,1,1,5,0,1,0
35630,1322,1.0,3.0,1.0,12,6,1,1,10,0,2,0
356559,3889,0.0,3.0,0.0,7,2,1,2,6,0,1,0
356946,416,0.0,6.0,1.0,15,13,2,2,14,0,1,0
357577,1555,0.0,0.0,0.0,8,2,1,1,7,0,1,0
357643,3054,0.0,4.0,1.0,11,3,1,2,9,0,1,1
357987,574,1.0,0.0,1.0,21,6,2,1,20,0,1,0
358150,4830,0.0,2.0,0.0,12,3,1,1,10,0,1,1
358286,246,0.0,4.0,0.0,1,1,1,1,0,0,1,0
358979,4431,0.0,4.0,1.0,16,3,2,6,14,0,1,1
35909,2173,0.0,3.0,0.0,1,1,1,1,0,0,1,0
359577,4079,0.0,4.0,1.0,8,5,1,1,6,0,2,0
35968,2537,0.0,6.0,0.0,2,1,1,1,1,0,1,0
359799,1126,1.0,5.0,0.0,21,8,5,4,16,0,2,3
359960,3411,1.0,5.0,0.0,14,3,1,2,13,0,1,0
360009,4949,1.0,6.0,0.0,59,41,7,10,56,0,3,0
360031,2403,0.0,2.0,0.0,16,4,1,3,12,0,1,3
360188,1145,0.0,4.0,1.0,19,5,2,3,18,0,1,0
360504,3448,0.0,4.0,0.0,15,1,1,3,14,0,1,0
360784,1203,0.0,3.0,0.0,6,1,1,1,5,0,1,0
361045,630,0.0,3.0,0.0,2,2,2,1,1,0,1,0
361112,4340,0.0,0.0,0.0,16,4,1,2,15,0,1,0
361136,4427,0.0,2.0,0.0,12,3,1,2,9,0,1,2
361612,862,0.0,3.0,0.0,13,8,2,1,12,0,1,0
361890,3828,1.0,3.0,0.0,104,70,16,5,100,0,3,1
362425,4044,0.0,4.0,1.0,15,5,2,2,14,0,1,0
362815,4044,0.0,2.0,0.0,14,9,3,2,11,0,2,1
36287,66,0.0,4.0,1.0,2,1,1,1,1,0,1,0
363063,3472,0.0,3.0,1.0,2,1,1,1,1,0,1,0
363164,3990,0.0,6.0,1.0,6,2,2,1,4,0,2,0
363253,1708,0.0,5.0,0.0,6,3,1,2,5,0,1,0
363344,3022,0.0,0.0,1.0,5,2,1,1,4,0,1,0
363593,1833,0.0,0.0,0.0,9,3,2,1,6,0,3,0
363800,4427,0.0,2.0,1.0,49,22,4,1,47,0,2,0
363920,3878,0.0,0.0,1.0,18,9,1,3,17,0,1,0
364079,977,0.0,0.0,0.0,20,9,2,1,11,0,7,2
3651,3955,0.0,2.0,0.0,16,1,1,2,15,0,1,0
365267,4850,1.0,4.0,1.0,6,2,2,1,3,0,3,0
365392,4876,0.0,2.0,0.0,13,3,1,3,12,0,1,0
365403,1370,0.0,4.0,0.0,3,1,1,1,1,0,2,0
365447,3200,0.0,4.0,1.0,3,1,1,1,1,0,2,0
366057,3828,0.0,3.0,0.0,1,1,1,1,0,0,1,0
366148,2204,0.0,5.0,1.0,3,2,1,1,2,0,1,0
366596,4607,0.0,4.0,0.0,15,7,1,2,14,0,1,0
366694,4044,0.0,0.0,0.0,22,7,4,3,21,0,1,0
367443,1346,0.0,5.0,1.0,6,3,1,2,5,0,1,0
368260,4926,0.0,5.0,0.0,12,6,5,4,11,0,1,0
368462,4581,0.0,3.0,0.0,10,4,2,1,9,0,1,0
368608,102,0.0,4.0,0.0,28,6,3,4,27,0,1,0
368930,4731,0.0,0.0,0.0,8,5,2,1,6,0,2,0
369096,3411,0.0,6.0,0.0,22,6,2,2,18,0,1,3
369114,1051,0.0,2.0,0.0,4,1,1,1,3,0,1,0
369220,2108,0.0,0.0,1.0,5,1,1,2,4,0,1,0
369238,4234,1.0,5.0,0.0,45,20,7,6,41,0,4,0
369991,1346,0.0,4.0,0.0,7,1,1,3,5,0,1,1
370508,1487,0.0,5.0,0.0,8,3,1,3,6,0,1,1
370776,2066,0.0,3.0,0.0,2,1,1,1,1,0,1,0
370806,2273,0.0,5.0,0.0,15,8,2,3,13,0,1,1
370874,3912,0.0,8.0,0.0,2,2,2,1,0,0,2,0
370926,606,0.0,4.0,0.0,20,14,9,4,17,0,3,0
371159,3954,0.0,2.0,1.0,1,1,1,1,0,0,1,0
371358,4044,0.0,3.0,2.0,14,8,2,2,13,0,1,0
371845,2721,0.0,0.0,0.0,8,4,2,2,7,0,1,0
372011,4086,0.0,2.0,0.0,4,1,1,1,3,0,1,0
37218,2255,0.0,3.0,1.0,2,1,1,1,1,0,1,0
372469,1708,0.0,6.0,0.0,7,3,1,1,5,0,2,0
372490,4394,0.0,4.0,0.0,5,1,1,1,3,0,2,0
373014,976,0.0,0.0,0.0,6,4,1,1,5,0,1,0
373103,3095,0.0,2.0,0.0,6,1,1,2,3,0,2,1
373408,2721,1.0,6.0,0.0,19,12,1,2,18,0,1,0
373642,4926,0.0,4.0,0.0,4,4,4,1,0,0,4,0
373708,1340,0.0,5.0,1.0,9,3,3,1,3,0,3,3
373710,4173,0.0,0.0,1.0,4,2,2,1,3,0,1,0
374073,598,1.0,3.0,1.0,25,13,3,6,23,0,1,1
374414,4282,1.0,2.0,1.0,6,4,2,2,5,0,1,0
37443,1150,0.0,0.0,0.0,2,1,1,1,1,0,1,0
374437,2856,0.0,6.0,0.0,1,1,1,1,0,0,1,0
374718,4170,0.0,4.0,0.0,2,1,1,2,1,0,1,0
375203,1666,1.0,0.0,0.0,44,21,8,5,35,0,1,8
375488,2138,0.0,2.0,0.0,29,10,6,3,27,0,2,0
375759,402,0.0,4.0,0.0,9,5,2,3,7,0,1,1
376412,685,0.0,4.0,0.0,4,2,1,1,3,0,1,0
376418,2144,0.0,3.0,0.0,1,1,1,1,0,0,1,0
376956,773,0.0,3.0,2.0,5,5,2,1,0,0,5,0
377692,1816,0.0,0.0,null,3,2,1,2,2,0,1,0
377708,1840,0.0,0.0,0.0,5,4,1,1,4,0,1,0
377714,2565,0.0,4.0,0.0,13,4,1,1,11,0,2,0
377837,1031,0.0,2.0,0.0,18,5,1,3,16,0,2,0
378235,1457,0.0,5.0,0.0,12,1,1,1,11,0,1,0
378305,1126,0.0,2.0,0.0,44,11,5,3,42,0,1,1
378345,4662,0.0,4.0,0.0,2,1,1,1,1,0,1,0
378550,3350,0.0,4.0,2.0,8,3,1,1,7,0,1,0
378881,4731,0.0,4.0,0.0,3,2,2,1,2,0,1,0
378925,3502,0.0,3.0,0.0,7,2,2,4,5,0,1,1
379214,4281,0.0,4.0,0.0,5,3,1,1,4,0,1,0
379605,3965,0.0,4.0,0.0,1,1,1,1,0,0,1,0
379866,4325,0.0,0.0,0.0,10,5,3,2,8,0,2,0
380017,2138,0.0,3.0,0.0,18,8,4,4,16,0,2,0
380267,3875,0.0,3.0,0.0,9,2,1,3,7,0,1,1
380575,4420,0.0,4.0,1.0,9,5,2,2,7,0,2,0
380616,3576,0.0,4.0,0.0,4,2,2,2,3,0,1,0
380850,3971,0.0,3.0,1.0,4,1,1,1,3,0,1,0
380916,510,0.0,5.0,0.0,5,1,1,1,4,0,1,0
381223,3765,0.0,2.0,null,7,1,1,1,5,0,1,1
381472,1056,0.0,4.0,1.0,9,5,4,1,7,0,2,0
381836,1056,0.0,0.0,1.0,1,1,1,1,0,0,1,0
382416,296,1.0,4.0,0.0,7,3,1,2,6,0,1,0
382533,4079,0.0,3.0,0.0,13,6,1,1,6,0,6,1
382692,320,0.0,3.0,0.0,5,1,1,1,4,0,1,0
382696,1861,0.0,2.0,0.0,2,1,1,1,1,0,1,0
38316,3828,0.0,3.0,0.0,76,53,8,8,73,0,3,0
383823,1831,0.0,4.0,1.0,6,1,1,1,5,0,1,0
384149,66,0.0,3.0,0.0,4,3,1,1,3,0,1,0
384708,2173,0.0,5.0,1.0,1,1,1,1,0,0,1,0
385053,2271,0.0,6.0,0.0,5,1,1,3,4,0,1,0
385497,3173,0.0,5.0,0.0,2,1,1,1,1,0,1,0
385542,1506,0.0,3.0,1.0,6,2,1,3,4,0,1,1
385698,1557,0.0,6.0,1.0,1,1,1,1,0,0,1,0
385722,3152,0.0,5.0,1.0,35,12,2,3,32,0,3,0
387200,4291,0.0,0.0,0.0,3,1,1,1,1,0,2,0
387232,4764,0.0,2.0,0.0,2,1,1,1,1,0,1,0
387362,2954,0.0,0.0,0.0,12,5,2,1,10,0,2,0
387419,152,0.0,6.0,0.0,33,5,1,1,31,0,1,1
387569,1330,0.0,3.0,0.0,18,5,1,2,16,0,1,1
38772,1618,0.0,6.0,0.0,21,16,3,2,16,0,5,0
388304,1890,0.0,6.0,0.0,34,11,3,3,33,0,1,0
388354,557,0.0,0.0,0.0,4,1,1,1,3,0,1,0
38920,2031,0.0,6.0,1.0,2,1,1,1,1,0,1,0
390707,951,0.0,3.0,0.0,7,2,1,2,5,0,2,0
390732,535,0.0,3.0,1.0,6,2,1,1,5,0,1,0
390924,1416,0.0,4.0,0.0,2,1,1,1,1,0,1,0
391100,935,0.0,5.0,0.0,6,1,1,1,5,0,1,0
391428,1679,0.0,0.0,0.0,21,9,2,2,19,0,2,0
392073,4287,0.0,5.0,0.0,3,1,1,1,2,0,1,0
392295,1538,0.0,3.0,0.0,1,1,1,1,0,0,1,0
392494,4847,0.0,3.0,0.0,10,8,4,2,8,0,1,1
392761,3763,0.0,3.0,1.0,3,2,1,1,1,0,2,0
392943,310,0.0,0.0,1.0,12,3,1,2,11,0,1,0
39322,3828,1.0,5.0,0.0,40,26,12,6,39,0,1,0
393306,1393,0.0,3.0,2.0,55,42,11,1,50,0,5,0
393499,4335,0.0,4.0,1.0,5,1,1,1,4,0,1,0
393882,4718,1.0,6.0,1.0,5,1,1,1,4,0,1,0
394012,3693,0.0,0.0,1.0,1,1,1,1,0,0,1,0
394565,1840,0.0,4.0,0.0,13,6,1,2,11,0,2,0
394652,3085,0.0,0.0,0.0,9,4,2,1,6,2,1,0
394667,3878,0.0,6.0,0.0,16,10,1,1,15,0,1,0
395599,3433,0.0,5.0,0.0,8,6,2,2,7,0,1,0
396003,1472,0.0,2.0,1.0,6,1,1,1,5,0,1,0
396041,3912,0.0,6.0,0.0,3,3,1,1,0,0,3,0
396302,1031,0.0,4.0,0.0,5,2,2,1,4,0,1,0
396409,3205,0.0,0.0,0.0,35,14,3,2,26,0,1,8
396582,2537,0.0,null,null,6,4,1,3,5,0,1,0
396749,1538,0.0,3.0,1.0,4,1,1,1,3,0,1,0
396906,4542,0.0,0.0,1.0,2,1,1,1,1,0,1,0
397022,3284,0.0,0.0,0.0,3,1,1,2,2,0,1,0
397168,4042,0.0,0.0,1.0,6,3,1,3,5,0,1,0
397552,2791,0.0,3.0,1.0,23,11,4,1,21,0,2,0
397600,3936,0.0,0.0,0.0,5,2,2,1,4,0,1,0
397993,698,0.0,0.0,0.0,2,1,1,1,1,0,1,0
398058,2303,0.0,0.0,0.0,5,3,1,1,4,0,1,0
39868,4044,0.0,4.0,0.0,6,1,1,1,5,0,1,0
39880,2928,0.0,3.0,0.0,11,1,1,3,9,0,1,1
399281,4926,0.0,6.0,1.0,9,4,4,3,8,0,1,0
399363,1833,0.0,0.0,0.0,2,2,2,1,1,0,1,0
399372,234,1.0,0.0,0.0,3,1,1,1,2,0,1,0
399499,3173,0.0,3.0,1.0,7,2,1,1,3,0,4,0
399720,4044,0.0,0.0,0.0,8,3,2,2,6,1,1,0
399801,962,0.0,6.0,0.0,1,1,1,1,0,0,1,0
400240,1204,0.0,3.0,1.0,3,1,1,1,2,0,1,0
400283,1250,0.0,0.0,0.0,1,1,1,1,0,0,1,0
400599,821,0.0,3.0,0.0,7,2,1,1,6,0,1,0
400768,3986,0.0,2.0,0.0,4,1,1,2,3,0,1,0
400803,3878,0.0,0.0,0.0,5,4,1,1,4,0,1,0
400804,4265,0.0,3.0,1.0,23,17,5,3,22,0,1,0
400908,1318,0.0,0.0,0.0,2,1,1,2,1,0,1,0
400929,3501,0.0,3.0,1.0,5,5,4,1,0,0,5,0
401237,1787,1.0,3.0,1.0,2,1,1,2,1,0,1,0
402032,4336,0.0,4.0,1.0,2,2,1,1,1,0,1,0
40217,4115,0.0,3.0,0.0,6,2,2,1,5,0,1,0
402397,4129,0.0,7.0,0.0,30,25,6,3,29,0,1,0
40257,1963,0.0,8.0,0.0,1,1,1,1,0,0,1,0
403030,1827,0.0,2.0,1.0,4,2,1,1,3,0,1,0
40307,4760,0.0,2.0,1.0,2,1,1,1,1,0,1,0
403296,1708,0.0,0.0,0.0,9,3,1,2,8,0,1,0
40342,1276,0.0,7.0,1.0,3,1,1,1,2,0,1,0
40415,1272,1.0,0.0,0.0,21,4,3,3,16,0,3,2
404621,3609,0.0,7.0,0.0,9,1,1,2,8,0,1,0
404681,2424,0.0,4.0,0.0,7,2,1,1,6,0,1,0
404920,4933,0.0,4.0,0.0,10,4,1,1,9,0,1,0
405072,1102,0.0,4.0,0.0,36,31,10,7,35,0,1,0
405839,1470,0.0,4.0,0.0,1,1,1,1,0,0,1,0
40677,4976,0.0,5.0,0.0,12,7,3,1,10,0,2,0
407016,4444,0.0,0.0,0.0,46,24,8,3,44,0,2,0
408342,818,0.0,6.0,0.0,2,1,1,1,1,0,1,0
408584,4985,0.0,6.0,0.0,8,1,1,1,7,0,1,0
408833,3383,0.0,4.0,1.0,5,2,1,1,3,0,2,0
409557,1840,0.0,5.0,0.0,1,1,1,1,0,0,1,0
409630,4605,0.0,3.0,0.0,9,2,2,1,8,0,1,0
409755,4950,1.0,3.0,0.0,2,2,2,1,0,0,2,0
410048,4173,0.0,0.0,0.0,10,7,4,4,8,0,1,1
410647,467,0.0,4.0,0.0,2,1,1,1,1,0,1,0
411335,4318,0.0,3.0,0.0,3,1,1,1,2,0,1,0
411968,4947,1.0,2.0,0.0,7,4,2,2,6,0,1,0
412255,3578,0.0,4.0,1.0,3,2,1,1,2,0,1,0
413325,1102,0.0,3.0,0.0,9,6,4,3,8,0,1,0
413762,4048,0.0,3.0,1.0,2,1,1,1,1,0,1,0
414244,1356,0.0,6.0,0.0,6,3,1,2,5,0,1,0
414895,1679,0.0,4.0,1.0,16,9,3,1,15,0,1,0
415122,4648,1.0,2.0,0.0,4,1,1,1,3,0,1,0
415924,2099,0.0,0.0,0.0,2,1,1,1,1,0,1,0
415971,2745,0.0,3.0,1.0,4,1,1,1,3,0,1,0
415992,2448,0.0,3.0,1.0,9,2,1,2,8,0,1,0
416217,742,0.0,0.0,0.0,12,2,1,7,10,0,1,1
416346,3545,0.0,0.0,0.0,2,1,1,1,1,0,1,0
416408,4438,0.0,2.0,0.0,1,1,1,1,0,0,1,0
416765,1487,0.0,3.0,0.0,6,3,1,1,5,0,1,0
416824,1423,0.0,0.0,0.0,2,1,1,1,1,0,1,0
41780,2768,0.0,0.0,0.0,48,29,10,12,42,0,1,5
417855,4768,0.0,3.0,0.0,20,9,1,3,15,0,2,3
418339,2680,0.0,3.0,0.0,9,4,1,1,8,0,1,0
418577,1840,0.0,6.0,0.0,4,2,1,1,3,0,1,0
418843,1583,0.0,0.0,0.0,8,6,4,3,7,0,1,0
41895,4048,0.0,4.0,0.0,3,1,1,1,2,0,1,0
419240,2615,0.0,2.0,0.0,3,1,1,1,2,0,1,0
419449,3954,0.0,2.0,1.0,1,1,1,1,0,0,1,0
419504,259,0.0,2.0,1.0,11,4,3,2,8,0,2,1
419546,1429,0.0,4.0,0.0,12,5,2,1,10,0,2,0
41974,4648,0.0,3.0,0.0,5,1,1,4,4,0,1,0
420440,278,0.0,3.0,0.0,8,2,1,2,7,0,1,0
420612,66,0.0,2.0,0.0,8,2,1,1,7,0,1,0
420859,606,0.0,0.0,1.0,19,9,6,1,18,0,1,0
42114,4394,0.0,5.0,0.0,4,1,1,2,3,0,1,0
421218,3323,1.0,4.0,1.0,2,1,1,1,1,0,1,0
421240,1884,0.0,0.0,0.0,1,1,1,1,0,0,1,0
421259,682,0.0,2.0,0.0,25,5,4,1,23,0,1,1
421641,4697,0.0,0.0,0.0,2,1,1,2,1,0,1,0
421776,2537,0.0,3.0,0.0,4,2,2,1,3,0,1,0
42178,786,0.0,0.0,0.0,7,3,1,2,5,0,1,1
422096,404,0.0,5.0,0.0,2,1,1,1,1,0,1,0
422216,1035,0.0,3.0,0.0,1,1,1,1,0,0,1,0
422783,2026,1.0,2.0,1.0,14,9,4,1,11,0,3,0
423109,1738,0.0,4.0,0.0,11,6,3,4,10,0,1,0
42316,3159,0.0,6.0,0.0,10,4,4,1,7,1,2,0
423498,3958,0.0,3.0,0.0,7,3,1,1,6,0,1,0
4238,4306,0.0,null,null,2,1,1,1,1,0,1,0
423973,590,0.0,2.0,0.0,1,1,1,1,0,0,1,0
424141,1538,0.0,0.0,0.0,9,2,1,4,6,0,1,2
42636,4368,0.0,5.0,0.0,10,1,1,2,8,0,1,1
42661,415,0.0,3.0,0.0,17,7,3,2,15,0,2,0
43914,3826,0.0,2.0,1.0,1,1,1,1,0,0,1,0
44318,1719,0.0,2.0,1.0,11,2,1,2,9,0,1,1
44345,793,0.0,6.0,0.0,3,1,1,1,2,0,1,0
4448,1963,0.0,4.0,1.0,41,26,6,2,40,0,1,0
44648,3080,0.0,4.0,0.0,9,4,3,3,7,0,1,1
44749,3607,0.0,3.0,2.0,1,1,1,1,0,0,1,0
44923,3862,0.0,4.0,1.0,3,1,1,1,1,1,1,0
44934,3819,0.0,3.0,0.0,2,1,1,2,1,0,1,0
45402,2971,0.0,3.0,1.0,14,4,1,2,13,0,1,0
45650,3856,0.0,5.0,1.0,20,8,2,4,19,0,1,0
45777,2577,0.0,3.0,1.0,14,3,1,1,13,0,1,0
45823,4986,0.0,3.0,0.0,3,1,1,1,2,0,1,0
46134,3828,0.0,4.0,2.0,2,1,1,1,1,0,1,0
4617,2036,0.0,5.0,0.0,1,1,1,1,0,0,1,0
47096,2746,0.0,2.0,0.0,5,1,1,2,3,0,1,1
47494,4525,0.0,6.0,1.0,2,1,1,1,0,0,2,0
47987,3335,0.0,2.0,1.0,6,2,1,1,4,0,2,0
48298,4589,0.0,0.0,1.0,6,2,1,2,5,0,1,0
48842,323,0.0,4.0,0.0,13,5,1,4,12,0,1,0
48923,4871,0.0,2.0,0.0,3,2,2,1,2,0,1,0
49432,4071,0.0,3.0,1.0,1,1,1,1,0,0,1,0
49672,1102,0.0,3.0,0.0,16,4,3,4,15,0,1,0
50027,810,0.0,0.0,0.0,7,5,1,2,6,0,1,0
50090,1963,0.0,3.0,1.0,25,14,3,3,21,0,1,3
5033,1784,0.0,4.0,0.0,6,1,1,1,3,0,3,0
50538,2184,0.0,3.0,0.0,5,3,1,1,4,0,1,0
50573,3875,0.0,0.0,0.0,3,1,1,1,2,0,1,0
51066,798,0.0,3.0,0.0,7,2,1,2,5,0,1,1
51385,4325,0.0,5.0,1.0,2,1,1,1,1,0,1,0
51462,4363,0.0,5.0,0.0,4,2,1,1,3,0,1,0
51635,133,0.0,2.0,0.0,5,1,1,1,4,0,1,0
51979,1487,1.0,3.0,0.0,9,6,2,3,8,0,1,0
52000,941,0.0,8.0,1.0,3,1,1,1,2,0,1,0
52440,645,0.0,6.0,0.0,3,1,1,2,2,0,1,0
52621,2721,0.0,0.0,0.0,2,1,1,1,1,0,1,0
52970,4071,0.0,6.0,0.0,1,1,1,1,0,0,1,0
53674,4658,0.0,2.0,1.0,2,1,1,1,1,0,1,0
53863,4950,0.0,3.0,0.0,5,2,2,3,2,0,2,1
54391,647,0.0,4.0,1.0,5,1,1,1,4,0,1,0
54608,416,0.0,3.0,0.0,44,25,12,3,40,0,2,2
54930,2269,0.0,0.0,0.0,3,2,1,1,2,0,1,0
55734,522,0.0,3.0,1.0,2,1,1,1,1,0,1,0
55769,4049,0.0,4.0,0.0,5,3,2,3,3,0,1,1
56002,3392,0.0,2.0,1.0,12,2,1,3,10,0,1,1
56158,3057,0.0,3.0,0.0,14,5,1,1,13,0,1,0
56363,1840,0.0,6.0,1.0,1,1,1,1,0,0,1,0
56960,2026,0.0,0.0,0.0,13,1,1,3,11,1,1,0
56988,3667,0.0,0.0,1.0,3,1,1,1,2,0,1,0
57886,960,0.0,3.0,0.0,8,1,1,2,7,0,1,0
57923,4864,0.0,0.0,0.0,2,1,1,1,1,0,1,0
57969,1659,0.0,0.0,0.0,8,3,1,1,7,0,1,0
58726,4658,0.0,8.0,0.0,3,1,1,1,2,0,1,0
58966,2511,0.0,3.0,1.0,4,3,1,1,3,0,1,0
59044,4044,0.0,3.0,0.0,5,1,1,1,4,0,1,0
59078,2124,0.0,4.0,0.0,24,12,1,1,23,0,1,0
5922,4042,1.0,0.0,0.0,12,4,3,2,9,0,3,0
59270,3510,0.0,4.0,0.0,2,1,1,1,1,0,1,0
59327,1013,0.0,0.0,0.0,9,3,1,1,8,0,1,0
59434,4173,0.0,3.0,0.0,12,6,3,2,11,0,1,0
59723,742,0.0,0.0,2.0,9,3,2,2,8,0,1,0
59798,4760,0.0,4.0,1.0,3,2,2,1,2,0,1,0
60707,3826,1.0,3.0,1.0,1,1,1,1,0,0,1,0
60746,4336,0.0,3.0,1.0,2,1,1,1,1,0,1,0
6085,597,0.0,6.0,0.0,7,3,2,1,6,0,1,0
61006,4131,0.0,3.0,0.0,6,2,1,1,5,0,1,0
61333,3022,0.0,4.0,0.0,8,4,2,1,6,0,2,0
61512,3320,0.0,3.0,0.0,10,5,1,2,9,0,1,0
61565,3460,0.0,3.0,0.0,4,2,2,2,3,0,1,0
61824,2928,0.0,0.0,0.0,7,3,2,2,6,0,1,0
62415,4040,0.0,2.0,1.0,6,1,1,2,4,1,1,0
63164,3629,0.0,0.0,0.0,2,1,1,1,1,0,1,0
63500,1200,0.0,2.0,1.0,3,1,1,1,1,0,2,0
63501,3979,0.0,2.0,1.0,3,1,1,1,2,0,1,0
63734,3955,0.0,0.0,0.0,1,1,1,1,0,0,1,0
64196,3635,0.0,0.0,1.0,7,1,1,2,6,0,1,0
64471,4585,0.0,3.0,0.0,1,1,1,1,0,0,1,0
64581,2173,0.0,0.0,0.0,7,1,1,1,6,0,1,0
64840,1892,0.0,4.0,0.0,2,1,1,1,0,0,2,0
6493,1102,0.0,3.0,1.0,58,19,11,2,57,0,1,0
64985,2283,0.0,0.0,0.0,27,11,3,3,26,0,1,0
65062,4044,0.0,2.0,0.0,6,4,3,1,5,0,1,0
65067,2140,0.0,3.0,0.0,28,6,1,2,26,0,1,1
654,3152,0.0,4.0,0.0,6,1,1,1,5,0,1,0
65501,239,0.0,3.0,1.0,6,1,1,1,5,0,1,0
65629,4282,1.0,4.0,1.0,165,76,11,3,163,0,2,0
65641,2409,1.0,0.0,0.0,16,6,3,2,13,0,1,2
65807,2203,0.0,0.0,2.0,7,3,3,1,6,0,1,0
65884,2255,0.0,5.0,0.0,8,3,2,1,7,0,1,0
66454,398,0.0,3.0,1.0,3,1,1,2,2,0,1,0
66703,3609,0.0,0.0,0.0,17,7,1,1,14,0,3,0
67134,1102,1.0,3.0,0.0,45,28,7,2,39,0,2,4
67684,3968,0.0,0.0,0.0,3,1,1,1,2,0,1,0
67743,2070,0.0,7.0,1.0,3,1,1,1,2,0,1,0
6796,4578,0.0,6.0,0.0,7,2,1,2,6,0,1,0
68124,4047,0.0,6.0,1.0,3,1,1,1,2,0,1,0
68804,4394,0.0,6.0,0.0,4,2,1,2,3,0,1,0
68976,3826,0.0,2.0,0.0,5,1,1,2,4,0,1,0
69386,4642,0.0,0.0,0.0,5,2,2,2,3,0,2,0
69441,4724,0.0,4.0,1.0,3,1,1,1,2,0,1,0
69556,1968,0.0,2.0,0.0,1,1,1,1,0,0,1,0
6959,2552,0.0,4.0,0.0,6,5,2,1,5,0,1,0
69814,4361,0.0,0.0,0.0,6,1,1,1,5,0,1,0
69954,4044,0.0,3.0,0.0,35,10,4,9,27,0,2,6
70038,3956,0.0,4.0,1.0,19,7,6,3,16,0,3,0
70441,4173,0.0,0.0,null,4,2,2,2,2,0,1,1
70984,4992,0.0,0.0,1.0,16,6,1,1,15,0,1,0
71293,2916,0.0,0.0,0.0,4,1,1,1,3,0,1,0
71599,66,0.0,2.0,1.0,2,1,1,1,1,0,1,0
71732,1884,0.0,6.0,1.0,8,3,1,1,7,0,1,0
71741,2318,0.0,0.0,1.0,9,4,2,1,8,0,1,0
72419,4858,1.0,6.0,0.0,4,1,1,1,3,0,1,0
72595,3161,0.0,4.0,0.0,17,10,2,3,15,0,2,0
73023,4841,0.0,4.0,null,10,2,2,1,9,0,1,0
7370,3080,0.0,4.0,0.0,3,2,1,1,2,0,1,0
73748,4976,0.0,3.0,0.0,8,1,1,2,5,0,1,2
74092,1481,0.0,5.0,0.0,4,1,1,1,3,0,1,0
74144,474,0.0,0.0,0.0,2,1,1,1,1,0,1,0
75085,3941,0.0,3.0,1.0,7,1,1,2,6,0,1,0
75433,3266,0.0,4.0,1.0,2,1,1,1,1,0,1,0
75503,2318,0.0,0.0,1.0,5,1,1,2,3,1,1,0
75860,4976,0.0,0.0,0.0,7,4,2,1,6,0,1,0
76094,798,0.0,5.0,0.0,31,10,5,1,29,0,2,0
76480,3269,0.0,2.0,1.0,7,1,1,2,5,0,1,1
76544,798,0.0,0.0,0.0,1,1,1,1,0,0,1,0
76969,4475,0.0,0.0,0.0,4,1,1,1,3,0,1,0
77632,4848,0.0,5.0,0.0,7,4,2,2,5,0,2,0
77674,4756,0.0,3.0,0.0,12,6,4,3,10,0,2,0
78248,598,0.0,2.0,0.0,8,7,1,1,7,0,1,0
78968,191,0.0,3.0,0.0,1,1,1,1,0,0,1,0
79223,4864,0.0,4.0,0.0,3,1,1,2,2,0,1,0
79468,3448,0.0,0.0,0.0,7,1,1,1,6,0,1,0
79594,4425,0.0,3.0,0.0,3,2,2,1,2,0,1,0
79864,2565,0.0,4.0,0.0,2,1,1,1,0,0,2,0
8021,2664,0.0,5.0,1.0,12,9,3,1,11,0,1,0
80869,2047,0.0,6.0,0.0,3,2,1,2,2,0,1,0
80874,1708,0.0,3.0,0.0,8,3,1,1,7,0,1,0
815,4270,0.0,3.0,0.0,4,3,3,1,3,0,1,0
81597,1911,0.0,6.0,0.0,11,8,1,1,10,0,1,0
81635,3619,0.0,4.0,1.0,18,5,2,1,17,0,1,0
81944,4079,0.0,5.0,0.0,1,1,1,1,0,0,1,0
82142,3462,0.0,2.0,0.0,1,1,1,1,0,0,1,0
82147,1131,0.0,4.0,0.0,13,2,1,6,11,0,1,1
82392,2545,1.0,0.0,0.0,21,16,8,2,19,0,2,0
82605,2003,0.0,2.0,1.0,6,1,1,2,5,0,1,0
83213,3288,0.0,5.0,0.0,1,1,1,1,0,0,1,0
83234,4340,0.0,5.0,0.0,6,1,1,4,5,0,1,0
83903,310,0.0,2.0,1.0,2,1,1,1,1,0,1,0
83995,1722,1.0,5.0,0.0,5,2,2,1,4,0,1,0
84042,434,0.0,4.0,1.0,11,1,1,3,10,0,1,0
84767,3734,1.0,0.0,0.0,8,1,1,1,7,0,1,0
85050,1134,0.0,4.0,0.0,12,1,1,2,11,0,1,0
85243,1056,0.0,0.0,0.0,25,14,12,7,22,0,3,0
85957,443,0.0,6.0,0.0,3,1,1,1,2,0,1,0
8609,1810,0.0,3.0,1.0,7,4,4,2,6,0,1,0
86888,4173,0.0,0.0,0.0,108,56,10,12,106,0,1,1
86894,4173,0.0,3.0,1.0,12,7,4,1,10,1,1,0
87218,4282,0.0,2.0,1.0,10,4,3,1,9,0,1,0
87280,1900,0.0,2.0,0.0,5,3,2,1,4,0,1,0
88385,3334,0.0,3.0,1.0,2,1,1,1,1,0,1,0
88623,3545,0.0,4.0,1.0,1,1,1,1,0,0,1,0
88689,4071,0.0,3.0,0.0,3,1,1,2,2,0,1,0
88795,3911,1.0,4.0,1.0,3,3,2,1,0,0,3,0
89084,2138,0.0,0.0,0.0,12,8,4,1,11,0,1,0
89214,3984,0.0,0.0,1.0,2,1,1,1,1,0,1,0
89401,2954,0.0,3.0,0.0,4,3,3,1,0,0,4,0
8984,1749,0.0,3.0,2.0,47,14,8,4,35,0,3,9
90100,3361,0.0,3.0,1.0,8,2,1,1,7,0,1,0
9014,4048,1.0,2.0,0.0,4,1,1,1,2,0,2,0
90150,2193,0.0,3.0,0.0,26,14,5,2,23,0,3,0
90161,4760,0.0,4.0,1.0,8,2,1,1,7,0,1,0
90400,3828,0.0,3.0,0.0,16,6,3,4,13,0,1,2
90498,4186,0.0,5.0,1.0,12,5,2,1,11,0,1,0
90500,3350,0.0,0.0,0.0,9,2,2,5,7,0,1,1
90833,4534,0.0,3.0,0.0,4,1,1,3,2,0,1,1
90907,4368,0.0,4.0,0.0,9,1,1,3,8,0,1,0
91063,1820,0.0,0.0,0.0,1,1,1,1,0,0,1,0
91413,2403,0.0,4.0,0.0,20,15,2,2,18,0,2,0
91608,1512,0.0,0.0,0.0,8,3,1,1,7,0,1,0
92060,1742,0.0,3.0,1.0,21,14,1,1,18,0,3,0
92229,2026,0.0,2.0,0.0,43,8,3,5,38,0,1,4
93078,1495,0.0,4.0,0.0,11,3,1,5,8,0,1,2
93151,3129,0.0,0.0,0.0,5,1,1,1,4,0,1,0
93184,1890,0.0,3.0,0.0,3,1,1,1,2,0,1,0
93259,2313,0.0,5.0,0.0,2,2,2,1,0,0,2,0
93665,4221,0.0,2.0,0.0,5,5,2,1,0,0,5,0
93873,2031,0.0,5.0,1.0,3,2,2,1,2,0,1,0
93900,254,0.0,4.0,1.0,2,1,1,1,1,0,1,0
93984,4955,0.0,2.0,0.0,4,1,1,1,3,0,1,0
94057,1708,0.0,3.0,1.0,1,1,1,1,0,0,1,0
94288,4219,0.0,5.0,0.0,15,5,1,1,13,0,2,0
94439,311,0.0,3.0,1.0,3,1,1,1,2,0,1,0
95022,4131,0.0,2.0,1.0,2,1,1,1,1,0,1,0
95472,2138,0.0,5.0,0.0,4,2,2,1,2,0,2,0
95703,1999,0.0,0.0,0.0,9,4,1,2,8,0,1,0
95910,2664,0.0,0.0,0.0,1,1,1,1,0,0,1,0
95924,3152,0.0,0.0,0.0,23,4,1,1,22,0,1,0
96072,3013,0.0,0.0,0.0,2,1,1,1,1,0,1,0
96394,4394,0.0,5.0,0.0,26,12,2,6,25,0,1,0
96454,960,0.0,0.0,1.0,3,1,1,1,2,0,1,0
96518,416,0.0,4.0,1.0,10,4,2,3,9,0,1,0
96568,4173,0.0,3.0,0.0,7,1,1,1,6,0,1,0
96763,1102,0.0,4.0,0.0,12,7,1,2,11,0,1,0
96991,2124,0.0,4.0,0.0,4,2,1,4,1,0,1,2
97057,3402,0.0,0.0,1.0,4,1,1,2,3,0,1,0
9797,337,0.0,0.0,0.0,1,1,1,1,0,0,1,0
98481,2537,0.0,3.0,0.0,1,1,1,1,0,0,1,0
98483,1050,0.0,0.0,0.0,3,2,2,1,2,0,1,0
98901,1832,0.0,4.0,0.0,1,1,1,1,0,0,1,0
99155,2579,0.0,4.0,2.0,12,3,1,4,10,0,1,1
99205,3291,0.0,3.0,0.0,7,2,1,1,6,0,1,0
9943,373,0.0,0.0,1.0,24,20,7,2,23,0,1,0
99774,3065,1.0,6.0,0.0,6,2,1,1,2,0,4,0
