100279,1966,0.0,3.0,0.0,3,1,1,1,2,0,1,0
100318,798,0.0,0.0,0.0,5,1,1,1,4,0,1,0
100605,2273,0.0,0.0,0.0,10,4,1,1,9,0,1,0
10066,4976,0.0,3.0,0.0,11,5,2,1,10,0,1,0
10085,114,0.0,6.0,1.0,1,1,1,1,0,0,1,0
102593,4650,0.0,4.0,0.0,2,2,2,1,0,0,2,0
102653,4131,0.0,5.0,1.0,13,7,2,2,11,0,2,0
102836,2204,0.0,4.0,0.0,3,1,1,1,2,0,1,0
103058,4966,0.0,3.0,1.0,5,2,2,2,2,0,1,2
103258,829,0.0,5.0,0.0,2,1,1,1,1,0,1,0
103966,590,0.0,2.0,1.0,20,9,3,1,19,0,1,0
104121,66,0.0,4.0,2.0,8,3,2,2,6,0,2,0
104378,3562,0.0,6.0,0.0,10,3,2,4,8,0,2,0
10467,3108,0.0,3.0,1.0,4,2,2,1,3,0,1,0
10565,1340,0.0,5.0,0.0,17,9,6,1,11,0,6,0
105787,827,1.0,3.0,1.0,2,1,1,1,1,0,1,0
105992,2217,0.0,4.0,0.0,22,11,1,1,21,0,1,0
106069,4760,0.0,0.0,null,8,3,3,2,5,0,3,0
106389,1133,0.0,0.0,null,2,1,1,1,1,0,1,0
106717,1346,1.0,0.0,0.0,15,3,1,3,12,0,2,1
106860,3462,0.0,0.0,0.0,9,1,1,4,8,0,1,0
107307,2403,0.0,5.0,0.0,8,5,1,3,7,0,1,0
107446,4043,0.0,3.0,0.0,7,2,1,1,6,0,1,0
107730,3826,0.0,0.0,0.0,4,2,1,1,2,0,2,0
107792,4170,0.0,4.0,2.0,3,1,1,1,1,0,2,0
108636,4829,0.0,3.0,0.0,7,1,1,2,6,0,1,0
108734,1583,0.0,6.0,0.0,10,4,2,3,8,0,2,0
109180,396,0.0,2.0,0.0,17,2,1,1,16,0,1,0
109469,4540,0.0,4.0,0.0,1,1,1,1,0,0,1,0
109540,4480,0.0,4.0,0.0,7,3,2,1,6,0,1,0
109756,226,0.0,4.0,0.0,3,1,1,1,2,0,1,0
110359,1740,0.0,3.0,1.0,11,2,1,3,8,0,2,1
111209,4198,0.0,4.0,0.0,2,1,1,1,1,0,1,0
111230,4079,0.0,0.0,0.0,2,1,1,1,0,0,2,0
111945,1342,0.0,5.0,0.0,7,1,1,2,6,0,1,0
112821,2928,0.0,6.0,0.0,6,2,1,2,5,0,1,0
112872,1102,0.0,6.0,0.0,21,13,4,3,20,0,1,0
112894,4394,0.0,4.0,2.0,3,1,1,1,2,0,1,0
113265,3562,0.0,0.0,0.0,8,4,3,2,6,0,1,1
113478,826,0.0,2.0,1.0,2,2,2,1,0,0,2,0
113731,121,0.0,5.0,0.0,21,10,2,1,20,0,1,0
114258,3484,0.0,5.0,1.0,7,4,2,1,6,0,1,0
114840,1514,0.0,0.0,0.0,2,1,1,2,0,0,1,1
115082,2051,0.0,3.0,0.0,18,3,1,1,16,0,2,0
115417,2255,0.0,2.0,1.0,5,1,1,1,4,0,1,0
115576,742,0.0,3.0,2.0,9,1,1,1,7,0,1,1
115678,1861,0.0,4.0,0.0,3,2,1,1,2,0,1,0
115794,552,0.0,2.0,2.0,10,1,1,1,9,0,1,0
116011,2036,0.0,2.0,1.0,3,1,1,1,2,0,1,0
116036,66,0.0,4.0,0.0,2,1,1,1,1,0,1,0
11675,3642,0.0,3.0,1.0,3,1,1,1,2,0,1,0
116755,4131,0.0,3.0,0.0,9,3,1,2,7,0,1,1
116755,594,0.0,3.0,0.0,4,1,1,1,3,0,1,0
116810,2459,0.0,3.0,0.0,35,12,7,2,33,0,2,0
117373,742,0.0,0.0,1.0,1,1,1,1,0,0,1,0
117959,2501,0.0,0.0,0.0,3,1,1,1,2,0,1,0
118236,3484,0.0,0.0,1.0,4,1,1,1,3,0,1,0
118281,2036,0.0,2.0,1.0,9,1,1,1,8,0,1,0
118493,2099,0.0,6.0,1.0,10,5,2,2,9,0,1,0
11910,3065,0.0,6.0,0.0,4,1,1,1,3,0,1,0
119191,4385,0.0,0.0,1.0,2,1,1,1,1,0,1,0
120389,2273,0.0,5.0,1.0,6,4,1,1,5,0,1,0
120574,3693,0.0,6.0,1.0,11,1,1,2,8,1,1,1
120608,1875,1.0,5.0,0.0,26,17,7,6,25,0,1,0
120676,1131,0.0,4.0,0.0,6,2,2,2,5,0,1,0
120836,219,0.0,3.0,1.0,13,10,1,1,11,1,1,0
120891,1501,0.0,4.0,0.0,9,5,2,2,8,0,1,0
120978,547,0.0,6.0,1.0,9,3,2,1,8,0,1,0
121053,4044,0.0,0.0,0.0,18,9,6,1,16,0,2,0
121546,2208,0.0,3.0,0.0,5,1,1,1,4,0,1,0
121684,3284,0.0,4.0,0.0,4,1,1,2,3,0,1,0
122144,3567,0.0,6.0,0.0,4,1,1,1,3,0,1,0
12231,606,0.0,4.0,0.0,1,1,1,1,0,0,1,0
12265,1049,0.0,2.0,1.0,13,1,1,4,12,0,1,0
123559,4044,1.0,3.0,0.0,1,1,1,1,0,0,1,0
123898,3578,0.0,6.0,0.0,7,1,1,2,6,0,1,0
124053,3965,0.0,4.0,0.0,7,4,1,1,6,0,1,0
124187,2699,0.0,6.0,0.0,6,5,3,3,5,0,1,0
124305,3955,0.0,0.0,0.0,19,7,1,2,17,0,2,0
124991,4856,0.0,3.0,0.0,3,1,1,1,2,0,1,0
125113,3163,0.0,3.0,1.0,2,1,1,1,0,0,2,0
125271,4268,0.0,2.0,0.0,5,2,1,1,3,0,1,1
125289,4864,0.0,5.0,0.0,16,6,2,4,15,0,1,0
126010,273,0.0,0.0,0.0,8,3,2,1,7,0,1,0
126463,856,0.0,2.0,0.0,2,1,1,1,1,0,1,0
126552,3236,0.0,4.0,0.0,12,3,1,6,10,0,1,1
127059,2545,0.0,3.0,1.0,78,28,8,3,75,0,2,1
128028,2128,0.0,3.0,0.0,3,1,1,2,2,0,1,0
128194,2545,0.0,2.0,0.0,22,18,4,6,21,0,1,0
128439,4929,0.0,0.0,1.0,3,1,1,1,2,0,1,0
128578,1221,1.0,3.0,0.0,156,65,8,2,140,0,5,11
128793,4760,0.0,0.0,0.0,9,2,1,2,8,0,1,0
129074,3350,0.0,5.0,0.0,5,2,1,1,4,0,1,0
129286,2099,0.0,4.0,0.0,2,1,1,1,1,0,1,0
129455,3323,0.0,6.0,1.0,3,1,1,1,2,0,1,0
129699,66,0.0,6.0,1.0,5,2,1,2,3,0,1,1
129874,1835,0.0,5.0,0.0,48,32,7,4,45,0,1,2
130487,2078,0.0,0.0,0.0,2,1,1,1,1,0,1,0
130723,1760,1.0,0.0,0.0,6,3,2,1,5,0,1,0
130752,4044,1.0,4.0,0.0,6,4,2,1,5,0,1,0
131146,3887,0.0,5.0,0.0,44,20,7,3,38,0,2,4
131497,1056,0.0,0.0,0.0,62,40,18,6,59,0,3,0
131807,4401,0.0,3.0,0.0,6,4,1,1,4,0,2,0
132201,590,0.0,4.0,1.0,2,1,1,1,1,0,1,0
132624,3305,0.0,3.0,0.0,4,1,1,1,3,0,1,0
133070,3635,0.0,6.0,0.0,8,2,1,2,4,2,2,0
133836,4163,0.0,0.0,1.0,7,2,1,1,5,1,1,0
133891,2879,0.0,0.0,0.0,4,2,1,1,3,0,1,0
134698,3173,0.0,4.0,0.0,3,1,1,1,1,0,2,0
135463,13,0.0,2.0,1.0,10,1,1,2,9,0,1,0
136057,2879,0.0,7.0,1.0,4,1,1,1,2,0,2,0
136508,2664,0.0,6.0,1.0,9,1,1,2,8,0,1,0
136822,3826,0.0,0.0,0.0,4,2,1,1,3,0,1,0
136857,742,0.0,3.0,1.0,9,2,2,1,7,0,2,0
136954,2886,0.0,0.0,0.0,3,1,1,1,2,0,1,0
13715,724,0.0,4.0,0.0,5,3,2,3,4,0,1,0
137275,2242,0.0,5.0,1.0,15,9,3,1,14,0,1,0
137282,4600,0.0,0.0,0.0,2,1,1,1,1,0,1,0
137460,2916,0.0,3.0,0.0,4,2,1,2,3,0,1,0
13754,4976,0.0,6.0,0.0,14,5,1,3,12,0,1,1
138122,3609,0.0,5.0,0.0,4,2,1,1,3,0,1,0
138307,2821,0.0,5.0,0.0,11,1,1,4,8,0,2,1
138713,1833,0.0,5.0,0.0,6,3,2,1,5,0,1,0
138766,2145,0.0,3.0,1.0,7,1,1,4,6,0,1,0
138893,3472,0.0,4.0,1.0,1,1,1,1,0,0,1,0
139014,3319,0.0,0.0,0.0,29,12,3,2,25,0,4,0
139193,1726,0.0,2.0,0.0,3,3,2,1,0,0,3,0
139634,1187,0.0,0.0,0.0,4,2,2,1,3,0,1,0
139672,2856,0.0,0.0,0.0,12,2,1,3,11,0,1,0
140239,2594,0.0,0.0,0.0,25,4,2,3,23,0,1,1
140593,2537,0.0,4.0,0.0,6,3,1,2,4,0,1,1
140630,4648,0.0,4.0,0.0,2,1,1,1,1,0,1,0
141100,3022,0.0,3.0,0.0,6,2,1,1,5,0,1,0
141438,2047,0.0,3.0,0.0,16,6,4,6,15,0,1,0
142082,1892,1.0,0.0,0.0,3,1,1,1,2,0,1,0
142470,1102,0.0,2.0,0.0,72,25,7,6,61,0,2,9
142502,1203,0.0,5.0,0.0,13,7,5,1,12,0,1,0
142553,3455,0.0,0.0,0.0,3,2,1,1,2,0,1,0
142983,4143,0.0,6.0,0.0,100,71,11,23,97,0,2,1
143052,1272,0.0,7.0,0.0,13,7,5,3,12,0,1,0
143316,4756,0.0,0.0,0.0,6,1,1,3,4,0,1,1
143873,1923,0.0,7.0,0.0,14,7,1,1,13,0,1,0
144007,1895,0.0,3.0,0.0,5,1,1,1,4,0,1,0
144127,2954,0.0,0.0,1.0,5,1,1,1,4,0,1,0
144281,1816,0.0,3.0,1.0,4,1,1,2,1,1,1,1
144567,684,0.0,4.0,0.0,5,3,2,1,3,0,2,0
144630,1565,0.0,4.0,null,1,1,1,1,0,0,1,0
144666,1102,0.0,3.0,0.0,15,7,1,2,12,0,3,0
144927,4042,0.0,0.0,0.0,12,7,5,2,9,0,2,1
144956,4234,0.0,5.0,0.0,4,2,1,1,3,0,1,0
145237,4787,0.0,0.0,0.0,3,2,2,1,2,0,1,0
145739,963,0.0,4.0,0.0,6,2,1,2,5,0,1,0
145837,2721,0.0,5.0,2.0,7,2,1,4,4,0,1,2
147579,1632,0.0,4.0,1.0,3,1,1,1,2,0,1,0
147851,3473,0.0,6.0,0.0,20,13,2,2,19,0,1,0
148020,1943,0.0,4.0,1.0,5,3,3,1,3,0,2,0
148340,2482,0.0,2.0,0.0,15,4,3,3,13,0,1,1
148881,2397,0.0,4.0,0.0,22,10,4,3,20,0,1,1
148979,4465,0.0,0.0,1.0,2,1,1,2,1,0,1,0
149100,608,0.0,0.0,0.0,6,3,2,3,5,0,1,0
149710,1056,0.0,3.0,0.0,3,2,2,1,2,0,1,0
149925,2236,0.0,6.0,1.0,1,1,1,1,0,0,1,0
150041,3640,0.0,0.0,0.0,1,1,1,1,0,0,1,0
150399,2173,0.0,3.0,0.0,39,11,1,2,35,0,3,1
150756,2945,0.0,4.0,0.0,3,2,1,1,2,0,1,0
150830,547,0.0,2.0,1.0,27,18,3,3,26,0,1,0
151124,1370,0.0,0.0,null,1,1,1,1,0,0,1,0
151681,1178,0.0,0.0,0.0,9,2,1,1,8,0,1,0
152048,4173,0.0,4.0,0.0,26,17,8,2,25,0,1,0
152228,2565,0.0,2.0,0.0,4,2,1,1,3,0,1,0
152321,4049,0.0,2.0,2.0,9,2,2,1,8,0,1,0
15253,3954,0.0,3.0,1.0,2,1,1,1,1,0,1,0
152987,4282,0.0,3.0,1.0,20,7,3,1,19,0,1,0
153147,2608,0.0,2.0,0.0,3,1,1,1,2,0,1,0
15387,3567,0.0,3.0,0.0,2,1,1,1,1,0,1,0
153870,2313,0.0,0.0,0.0,5,1,1,2,4,0,1,0
153882,3828,0.0,4.0,0.0,85,35,12,10,83,0,2,0
153961,490,0.0,3.0,1.0,3,1,1,2,2,0,1,0
15415,66,0.0,0.0,1.0,7,4,1,3,6,0,1,0
154385,3938,0.0,null,null,2,2,2,1,0,0,2,0
154503,1964,1.0,0.0,0.0,6,1,1,3,5,0,1,0
154622,1102,1.0,4.0,0.0,50,33,13,6,49,0,1,0
154812,4372,0.0,0.0,0.0,3,1,1,2,2,0,1,0
155197,786,0.0,3.0,0.0,8,2,1,2,7,0,1,0
155770,187,0.0,3.0,0.0,8,4,3,2,7,0,1,0
156075,1102,0.0,4.0,1.0,16,6,3,2,15,0,1,0
156229,4848,0.0,5.0,1.0,2,1,1,1,1,0,1,0
156281,1501,0.0,2.0,0.0,11,1,1,1,10,0,1,0
157101,4137,0.0,3.0,0.0,18,7,2,4,12,0,1,5
157218,2108,0.0,4.0,0.0,3,2,1,1,2,0,1,0
157544,2680,0.0,2.0,0.0,12,2,1,1,11,0,1,0
157566,35,0.0,2.0,1.0,12,6,4,1,11,0,1,0
157586,48,0.0,4.0,0.0,8,3,1,2,7,0,1,0
157987,2546,0.0,4.0,0.0,2,1,1,1,0,0,2,0
158839,4976,0.0,3.0,0.0,48,15,3,5,43,0,1,4
159112,4976,0.0,5.0,0.0,14,6,2,1,9,0,5,0
15979,4594,0.0,6.0,0.0,10,5,3,2,8,0,1,1
159824,1725,1.0,3.0,1.0,3,1,1,1,2,0,1,0
160074,1115,0.0,2.0,0.0,18,6,4,4,17,0,1,0
160672,4756,0.0,6.0,0.0,2,1,1,1,1,0,1,0
161134,3376,0.0,3.0,1.0,24,3,2,3,22,0,1,1
161223,3022,0.0,4.0,0.0,4,1,1,1,3,0,1,0
161349,3990,0.0,6.0,0.0,8,1,1,1,7,0,1,0
161460,2669,0.0,3.0,0.0,20,11,3,1,18,0,2,0
16178,2273,0.0,6.0,0.0,11,4,2,3,8,0,1,2
162209,3828,0.0,0.0,1.0,3,1,1,1,2,0,1,0
162521,2730,0.0,6.0,0.0,3,1,1,1,2,0,1,0
1628,1861,0.0,3.0,1.0,5,1,1,2,4,0,1,0
16285,4926,0.0,4.0,0.0,1,1,1,1,0,0,1,0
163345,4818,0.0,3.0,1.0,6,2,1,1,5,0,1,0
163732,4589,0.0,3.0,1.0,2,1,1,1,1,0,1,0
16383,4987,0.0,2.0,0.0,1,1,1,1,0,0,1,0
163934,4659,0.0,3.0,0.0,14,7,5,4,13,0,1,0
16406,3477,0.0,3.0,0.0,3,1,1,2,1,0,1,1
164241,3266,1.0,0.0,0.0,2,1,1,1,1,0,1,0
164551,2664,0.0,5.0,2.0,2,2,1,1,0,0,1,1
165830,3619,0.0,0.0,2.0,2,1,1,1,1,0,1,0
166010,141,0.0,3.0,0.0,24,17,8,3,21,0,3,0
166421,4306,0.0,0.0,0.0,4,1,1,1,3,0,1,0
166905,3545,0.0,6.0,0.0,3,1,1,1,2,0,1,0
166980,1053,0.0,0.0,0.0,2,1,1,1,1,0,1,0
167484,2008,0.0,null,null,2,1,1,1,1,0,1,0
167519,1399,0.0,0.0,0.0,8,3,1,1,7,0,1,0
167579,2565,0.0,2.0,0.0,2,1,1,1,1,0,1,0
167670,3163,0.0,3.0,1.0,5,1,1,1,3,0,2,0
167912,2938,0.0,0.0,0.0,1,1,1,1,0,0,1,0
168039,3954,0.0,3.0,1.0,14,1,1,3,13,0,1,0
168271,3609,0.0,0.0,0.0,3,1,1,1,2,0,1,0
16834,4048,0.0,3.0,0.0,5,4,1,1,4,0,1,0
16847,1342,0.0,3.0,0.0,3,1,1,1,2,0,1,0
168726,2138,0.0,3.0,0.0,10,2,2,1,8,0,2,0
168837,1810,0.0,2.0,0.0,17,15,4,3,14,0,2,1
168964,326,0.0,null,null,3,1,1,2,2,0,1,0
169315,1861,0.0,3.0,0.0,1,1,1,1,0,0,1,0
169642,4282,0.0,3.0,0.0,19,10,3,3,18,0,1,0
169768,598,0.0,0.0,0.0,4,1,1,1,3,0,1,0
169998,2397,1.0,4.0,0.0,15,9,3,1,13,0,2,0
170245,2277,0.0,8.0,2.0,2,1,1,1,1,0,1,0
170311,3090,0.0,3.0,0.0,2,1,1,1,1,0,1,0
170801,2217,0.0,0.0,0.0,1,1,1,1,0,0,1,0
171216,3473,0.0,4.0,1.0,2,1,1,1,1,0,1,0
171271,606,0.0,5.0,0.0,21,13,2,2,20,0,1,0
171500,2746,0.0,3.0,0.0,4,3,2,2,0,0,3,1
171747,1094,1.0,2.0,1.0,15,6,4,3,14,0,1,0
172069,3982,0.0,4.0,0.0,2,2,1,1,1,0,1,0
172400,3670,0.0,5.0,1.0,7,2,1,5,6,0,1,0
172425,3822,0.0,4.0,1.0,6,3,1,1,5,0,1,0
172609,1742,0.0,8.0,0.0,10,3,1,3,9,0,1,0
172661,3111,0.0,4.0,0.0,40,3,2,3,37,0,1,2
172759,4762,0.0,4.0,1.0,4,3,1,1,3,0,1,0
173027,4351,0.0,2.0,1.0,7,1,1,2,5,0,1,1
173109,98,0.0,2.0,0.0,23,11,7,2,21,0,2,0
173131,227,0.0,3.0,0.0,9,3,1,2,8,0,1,0
174211,4049,0.0,5.0,0.0,6,2,1,2,4,0,1,1
174699,4976,0.0,2.0,1.0,3,1,1,1,2,0,1,0
17470,3828,0.0,0.0,0.0,12,5,4,3,6,0,1,5
174738,3576,0.0,7.0,0.0,3,1,1,2,2,0,1,0
175148,2995,0.0,3.0,0.0,4,2,2,1,2,0,2,0
175241,4772,0.0,2.0,1.0,2,1,1,1,1,0,1,0
175401,1346,0.0,3.0,1.0,2,2,1,2,1,0,1,0
175528,373,1.0,3.0,0.0,27,16,8,1,25,0,1,1
175565,4170,0.0,0.0,0.0,23,6,2,3,22,0,1,0
175809,1489,0.0,3.0,0.0,3,2,1,1,2,0,1,0
176098,3826,0.0,6.0,1.0,8,1,1,1,7,0,1,0
176544,3984,0.0,3.0,0.0,15,6,4,2,12,0,1,2
177199,4368,0.0,6.0,0.0,8,3,2,2,7,0,1,0
177776,3310,0.0,3.0,0.0,14,2,1,2,13,0,1,0
178064,2569,0.0,5.0,1.0,165,67,3,4,162,0,1,2
178309,443,0.0,5.0,2.0,9,2,1,3,7,0,1,1
178801,798,0.0,3.0,0.0,2,1,1,1,1,0,1,0
178885,897,0.0,0.0,0.0,11,5,4,2,9,0,2,0
178891,402,0.0,3.0,1.0,4,1,1,3,3,0,1,0
179057,2318,0.0,0.0,1.0,7,4,1,2,5,0,2,0
179060,4426,0.0,5.0,0.0,10,4,1,3,8,0,1,1
179250,2883,0.0,4.0,0.0,1,1,1,1,0,0,1,0
179510,1839,0.0,2.0,0.0,3,3,3,1,0,0,3,0
179551,4847,0.0,0.0,0.0,1,1,1,1,0,0,1,0
179855,3828,0.0,0.0,0.0,2,1,1,1,1,0,1,0
180218,1102,0.0,2.0,1.0,29,16,1,2,28,0,1,0
180795,3828,0.0,2.0,0.0,64,54,16,19,61,0,3,0
181575,2976,0.0,2.0,0.0,1,1,1,1,0,0,1,0
181950,3588,0.0,3.0,0.0,13,3,1,1,12,0,1,0
182076,682,0.0,4.0,0.0,3,1,1,1,2,0,1,0
182307,2608,0.0,3.0,0.0,7,2,1,1,6,0,1,0
18256,4173,0.0,0.0,0.0,61,23,7,6,45,0,1,15
182676,3098,0.0,2.0,0.0,1,1,1,1,0,0,1,0
182904,3635,0.0,0.0,0.0,7,1,1,1,3,0,4,0
182985,141,0.0,2.0,0.0,216,121,17,24,205,0,2,9
183247,3291,0.0,4.0,0.0,6,1,1,1,5,0,1,0
183573,1501,0.0,3.0,0.0,51,22,8,2,44,6,1,0
183886,3350,0.0,6.0,1.0,8,4,1,1,6,0,2,0
183938,2810,0.0,null,null,4,2,1,1,3,0,1,0
184711,4043,0.0,0.0,0.0,19,10,6,4,17,0,2,0
184790,4322,0.0,5.0,1.0,2,1,1,1,1,0,1,0
185384,1203,0.0,0.0,0.0,2,1,1,1,1,0,1,0
18565,4090,0.0,0.0,0.0,10,4,1,1,9,0,1,0
185712,4252,0.0,4.0,0.0,2,1,1,1,1,0,1,0
185766,1724,0.0,4.0,1.0,21,5,2,1,20,0,1,0
186576,963,0.0,0.0,1.0,7,2,1,2,6,0,1,0
186983,1999,1.0,3.0,0.0,12,8,1,3,10,0,2,0
187226,2140,0.0,3.0,0.0,16,6,1,3,11,0,1,4
188213,4554,0.0,0.0,0.0,8,2,2,4,7,0,1,0
188236,2856,0.0,0.0,0.0,5,1,1,1,4,0,1,0
188486,4173,0.0,5.0,1.0,9,5,1,1,8,0,1,0
188804,4739,0.0,4.0,0.0,4,1,1,1,3,0,1,0
188858,1393,0.0,5.0,2.0,26,13,8,2,24,0,2,0
188936,1370,1.0,6.0,0.0,9,3,3,2,5,0,3,1
189369,3585,1.0,6.0,1.0,21,5,2,1,19,0,2,0
190537,654,0.0,3.0,0.0,4,2,2,2,2,0,1,1
191686,4044,0.0,null,null,7,3,3,3,5,1,1,0
192888,1102,0.0,4.0,0.0,4,2,2,1,3,0,1,0
193363,503,0.0,0.0,0.0,7,6,2,1,6,0,1,0
193549,4950,0.0,3.0,0.0,2,2,1,1,0,0,2,0
193689,2020,0.0,3.0,0.0,1,1,1,1,0,0,1,0
193738,3665,0.0,3.0,0.0,21,2,1,3,16,0,4,1
193951,1056,0.0,3.0,0.0,8,3,1,2,7,0,1,0
194135,1425,0.0,4.0,0.0,3,1,1,1,2,0,1,0
194780,3093,1.0,0.0,1.0,3,2,1,1,2,0,1,0
195070,4793,0.0,0.0,1.0,2,1,1,1,1,0,1,0
195755,675,0.0,0.0,0.0,12,5,2,2,9,0,2,1
195836,3965,1.0,5.0,0.0,5,2,1,1,0,0,5,0
19710,4048,0.0,3.0,0.0,9,1,1,3,6,0,2,1
197552,4173,0.0,2.0,1.0,14,6,4,3,13,0,1,0
197602,2124,0.0,5.0,0.0,1,1,1,1,0,0,1,0
197814,1466,0.0,2.0,0.0,2,1,1,1,0,0,2,0
197955,4044,0.0,3.0,1.0,10,4,2,2,9,0,1,0
198746,3734,0.0,6.0,1.0,3,1,1,1,2,0,1,0
198827,1499,0.0,6.0,0.0,2,1,1,2,1,0,1,0
198835,66,0.0,4.0,1.0,5,1,1,1,4,0,1,0
199054,4170,0.0,5.0,0.0,1,1,1,1,0,0,1,0
199065,2238,0.0,3.0,0.0,3,2,2,2,2,0,1,0
199232,4322,0.0,2.0,0.0,1,1,1,1,0,0,1,0
199439,289,0.0,7.0,0.0,3,2,1,1,2,0,1,0
199950,2173,0.0,3.0,2.0,3,2,2,2,2,0,1,0
199995,4955,0.0,6.0,0.0,3,2,2,2,0,0,2,1
200031,1861,0.0,3.0,0.0,12,3,2,1,9,0,3,0
200140,1472,0.0,0.0,0.0,5,1,1,1,4,0,1,0
200273,3163,0.0,0.0,0.0,7,5,2,1,5,0,2,0
201001,2459,0.0,2.0,0.0,2,1,1,1,1,0,1,0
201577,4073,0.0,3.0,0.0,4,2,2,1,3,0,1,0
202043,4933,0.0,4.0,0.0,3,1,1,2,1,1,1,0
202216,1305,0.0,0.0,0.0,1,1,1,1,0,0,1,0
202239,152,0.0,0.0,0.0,4,3,1,2,0,0,1,3
202500,4726,0.0,0.0,0.0,1,1,1,1,0,0,1,0
202946,4325,0.0,3.0,0.0,4,1,1,1,3,0,1,0
20312,4039,1.0,0.0,0.0,6,3,1,1,5,0,1,0
203394,4848,0.0,4.0,0.0,12,4,1,2,10,0,2,0
203881,1840,0.0,6.0,2.0,4,2,2,2,3,0,1,0
204386,216,0.0,0.0,1.0,2,1,1,1,1,0,1,0
204559,2791,0.0,3.0,0.0,2,1,1,1,1,0,1,0
204632,4287,0.0,0.0,0.0,10,5,2,3,8,0,1,1
20468,3984,0.0,5.0,0.0,1,1,1,1,0,0,1,0
204682,3350,0.0,6.0,0.0,3,1,1,1,2,0,1,0
20473,3034,0.0,5.0,0.0,2,1,1,1,1,0,1,0
204974,2723,0.0,6.0,0.0,53,33,2,1,51,0,2,0
205115,3284,0.0,4.0,0.0,5,1,1,1,3,0,2,0
205246,1356,0.0,6.0,0.0,6,3,1,2,5,0,1,0
205248,608,0.0,5.0,2.0,18,3,2,2,17,0,1,0
205427,4864,0.0,4.0,0.0,5,2,1,1,3,0,2,0
20613,2081,1.0,7.0,0.0,11,1,1,2,10,0,1,0
206232,4992,0.0,3.0,1.0,21,8,1,2,17,0,4,0
206862,1223,0.0,2.0,0.0,9,3,1,1,7,0,1,1
206928,1310,0.0,3.0,0.0,3,2,2,1,2,0,1,0
207150,2537,0.0,0.0,0.0,2,1,1,1,1,0,1,0
207221,1301,0.0,0.0,1.0,2,1,1,1,1,0,1,0
207828,4427,0.0,4.0,0.0,2,1,1,1,1,0,1,0
208059,416,0.0,3.0,0.0,7,3,2,4,6,0,1,0
208701,1693,0.0,5.0,0.0,7,1,1,2,6,0,1,0
209133,3319,1.0,4.0,0.0,14,6,5,1,11,0,2,1
209480,1467,0.0,3.0,0.0,8,1,1,1,7,0,1,0
209884,687,0.0,0.0,0.0,13,3,3,2,9,0,2,2
210464,416,0.0,6.0,0.0,22,12,3,2,19,0,2,1
210677,3230,0.0,5.0,1.0,2,1,1,1,1,0,1,0
21093,41,1.0,6.0,0.0,25,8,2,4,22,0,1,2
211161,598,0.0,3.0,1.0,4,1,1,1,3,0,1,0
211407,3105,1.0,2.0,0.0,68,20,4,7,67,0,1,0
211592,1708,0.0,2.0,1.0,1,1,1,1,0,0,1,0
212493,4919,0.0,0.0,0.0,1,1,1,1,0,0,1,0
212748,4270,0.0,0.0,0.0,26,16,7,2,25,0,1,0
212823,2494,0.0,4.0,0.0,9,3,3,1,7,0,2,0
213504,4198,0.0,6.0,0.0,2,1,1,1,1,0,1,0
214250,4219,0.0,5.0,0.0,3,1,1,2,2,0,1,0
214440,1203,0.0,0.0,0.0,6,1,1,1,5,0,1,0
214671,1412,0.0,3.0,0.0,5,2,2,1,4,0,1,0
215329,1840,0.0,5.0,0.0,3,1,1,1,2,0,1,0
215487,4048,0.0,0.0,0.0,4,1,1,1,3,0,1,0
21557,2031,0.0,0.0,1.0,5,2,1,1,4,0,1,0
216311,2569,0.0,4.0,0.0,26,17,1,2,24,0,2,0
21714,3085,0.0,4.0,2.0,1,1,1,1,0,0,1,0
217340,2669,0.0,4.0,0.0,20,12,3,2,18,0,1,1
217355,598,0.0,3.0,0.0,16,3,2,1,14,0,2,0
217873,1393,0.0,3.0,0.0,11,6,4,2,10,0,1,0
218122,3424,0.0,3.0,2.0,2,1,1,1,1,0,1,0
21975,1833,0.0,6.0,1.0,60,17,2,7,57,0,3,0
22044,46,0.0,5.0,0.0,10,3,3,1,8,0,2,0
220505,1166,1.0,4.0,0.0,3,2,1,1,2,0,1,0
220528,4394,0.0,0.0,0.0,5,2,1,1,3,0,2,0
220585,4076,0.0,3.0,0.0,11,1,1,2,8,1,1,1
220589,3319,0.0,4.0,0.0,13,4,1,2,11,0,1,1
220693,2915,0.0,4.0,0.0,29,20,5,2,23,0,2,4
22107,861,0.0,2.0,1.0,1,1,1,1,0,0,1,0
221148,2565,0.0,0.0,0.0,25,10,2,5,20,0,1,4
22117,742,0.0,0.0,0.0,8,1,1,2,6,0,1,1
221273,4858,0.0,2.0,0.0,10,4,1,1,9,0,1,0
221806,608,0.0,4.0,0.0,9,1,1,2,8,0,1,0
222145,1978,0.0,4.0,1.0,5,1,1,1,4,0,1,0
22221,1393,0.0,3.0,0.0,168,76,16,7,160,0,3,5
222281,4420,1.0,5.0,0.0,9,5,4,1,8,0,1,0
222539,148,0.0,4.0,1.0,10,4,4,2,7,0,3,0
222571,963,0.0,3.0,1.0,4,1,1,1,3,0,1,0
222866,2193,0.0,2.0,0.0,2,1,1,1,1,0,1,0
223038,1370,0.0,0.0,0.0,21,9,3,1,17,0,4,0
223055,2608,0.0,2.0,1.0,4,3,1,2,3,0,1,0
223329,1423,0.0,3.0,1.0,2,1,1,1,1,0,1,0
223437,4480,0.0,4.0,0.0,1,1,1,1,0,0,1,0
223813,4450,0.0,3.0,0.0,5,1,1,1,4,0,1,0
22431,2128,0.0,3.0,0.0,1,1,1,1,0,0,1,0
224492,1673,0.0,6.0,0.0,2,1,1,1,0,0,1,1
224610,3147,0.0,4.0,0.0,2,1,1,1,1,0,1,0
224637,4170,0.0,0.0,1.0,7,2,1,1,5,0,2,0
224806,682,0.0,3.0,1.0,14,7,4,2,13,0,1,0
224980,1509,0.0,6.0,2.0,1,1,1,1,0,0,1,0
225028,145,0.0,5.0,0.0,2,1,1,1,1,0,1,0
225338,1353,0.0,5.0,1.0,8,2,1,1,7,0,1,0
225711,1592,0.0,3.0,1.0,6,3,2,1,5,0,1,0
226104,4325,0.0,0.0,0.0,4,1,1,2,3,0,1,0
226643,1588,0.0,0.0,0.0,4,1,1,1,3,0,1,0
227077,4150,0.0,6.0,0.0,1,1,1,1,0,0,1,0
227299,685,0.0,3.0,0.0,18,9,2,1,17,0,1,0
227572,416,0.0,4.0,0.0,21,8,2,2,20,0,1,0
22768,293,0.0,0.0,0.0,3,1,1,3,2,0,1,0
227788,551,0.0,5.0,1.0,4,1,1,1,2,0,1,1
227882,2000,0.0,4.0,1.0,7,3,1,1,6,0,1,0
229085,4760,0.0,2.0,0.0,3,1,1,2,2,0,1,0
229100,4976,0.0,4.0,0.0,2,1,1,1,1,0,1,0
229150,255,0.0,0.0,1.0,2,1,1,1,1,0,1,0
229220,4980,0.0,2.0,0.0,1,1,1,1,0,0,1,0
229290,4173,0.0,4.0,1.0,1,1,1,1,0,0,1,0
229302,3396,0.0,4.0,0.0,4,1,1,2,3,0,1,0
229373,4542,0.0,3.0,0.0,43,7,1,2,42,0,1,0
229456,685,1.0,0.0,0.0,6,3,2,1,5,0,1,0
229549,685,0.0,0.0,0.0,39,23,7,7,38,0,1,0
229647,1203,0.0,5.0,1.0,9,5,4,3,8,0,1,0
229777,1432,0.0,3.0,1.0,2,1,1,1,1,0,1,0
231491,141,0.0,2.0,0.0,2,1,1,1,1,0,1,0
231644,2497,0.0,4.0,0.0,9,6,3,2,8,0,1,0
231916,3367,0.0,5.0,0.0,2,1,1,1,1,0,1,0
232443,102,0.0,4.0,0.0,7,3,1,1,6,0,1,0
232790,2834,0.0,3.0,0.0,14,1,1,3,12,0,1,1
232813,3376,0.0,5.0,2.0,3,1,1,1,2,0,1,0
233118,962,0.0,4.0,1.0,10,2,1,4,8,0,1,1
233232,4976,0.0,0.0,0.0,19,14,5,4,17,0,2,0
233438,3432,0.0,6.0,0.0,83,59,10,13,75,0,1,7
233518,2072,0.0,3.0,0.0,1,1,1,1,0,0,1,0
233650,598,0.0,2.0,1.0,2,1,1,1,1,0,1,0
233803,1640,0.0,0.0,0.0,2,2,1,1,0,0,2,0
234014,3473,0.0,4.0,0.0,11,3,1,4,9,0,1,1
234225,2047,0.0,3.0,0.0,7,4,1,1,6,0,1,0
234254,1780,0.0,0.0,0.0,5,1,1,2,4,0,1,0
234504,4992,0.0,4.0,0.0,1,1,1,1,0,0,1,0
234555,1884,0.0,4.0,0.0,4,1,1,1,3,0,1,0
234632,4581,0.0,0.0,0.0,3,1,1,1,2,0,1,0
235146,2303,0.0,5.0,0.0,7,3,1,1,6,0,1,0
235278,1803,0.0,5.0,0.0,2,1,1,1,1,0,1,0
235454,4799,0.0,4.0,0.0,16,5,1,1,15,0,1,0
235509,2099,0.0,2.0,0.0,1,1,1,1,0,0,1,0
236191,311,0.0,0.0,1.0,1,1,1,1,0,0,1,0
236933,4818,0.0,3.0,2.0,12,7,2,1,11,0,1,0
237765,1393,1.0,4.0,0.0,122,82,16,12,116,0,1,5
238158,4756,0.0,0.0,1.0,2,1,1,1,1,0,1,0
238515,3965,0.0,3.0,0.0,3,2,1,1,2,0,1,0
239192,742,0.0,0.0,0.0,4,1,1,1,3,0,1,0
239218,4280,0.0,3.0,0.0,15,6,1,8,9,0,1,5
240336,1890,0.0,3.0,0.0,3,1,1,1,2,0,1,0
240406,962,0.0,4.0,0.0,6,3,3,2,4,0,1,1
240621,1892,0.0,3.0,1.0,5,3,3,2,4,0,1,0
240857,2664,0.0,3.0,0.0,12,5,1,2,11,0,1,0
240877,4008,0.0,4.0,0.0,2,1,1,1,1,0,1,0
241158,4775,0.0,5.0,0.0,6,1,1,3,5,0,1,0
241915,3958,0.0,0.0,0.0,117,54,13,9,113,0,1,3
241920,133,0.0,3.0,0.0,16,3,1,3,15,0,1,0
24221,2242,0.0,3.0,1.0,9,5,3,3,8,0,1,0
242318,1494,0.0,5.0,0.0,1,1,1,1,0,0,1,0
243082,1619,0.0,0.0,0.0,3,1,1,1,2,0,1,0
243114,1769,0.0,4.0,0.0,5,1,1,2,3,0,1,1
244088,3925,0.0,0.0,0.0,5,2,1,3,3,0,1,1
244177,3820,0.0,4.0,1.0,3,1,1,1,2,0,1,0
244485,4950,0.0,5.0,1.0,10,2,2,1,8,0,2,0
245343,2124,0.0,5.0,0.0,5,3,2,1,3,0,2,0
245519,4256,0.0,4.0,0.0,1,1,1,1,0,0,1,0
245934,663,0.0,4.0,0.0,7,2,1,2,6,0,1,0
246097,1264,0.0,4.0,0.0,2,1,1,1,1,0,1,0
246542,4438,0.0,3.0,0.0,10,7,1,1,9,0,1,0
246835,10,0.0,3.0,0.0,1,1,1,1,0,0,1,0
24699,4589,0.0,4.0,1.0,4,1,1,1,3,0,1,0
247398,643,0.0,0.0,0.0,18,6,2,7,17,0,1,0
247987,152,0.0,5.0,0.0,11,5,2,2,10,0,1,0
248188,643,0.0,6.0,0.0,6,3,1,1,5,0,1,0
248254,141,0.0,0.0,0.0,13,9,5,4,10,0,3,0
248400,1203,1.0,4.0,0.0,9,3,3,2,6,0,3,0
248664,3710,0.0,7.0,2.0,3,2,1,1,2,0,1,0
249007,4527,0.0,0.0,0.0,2,1,1,1,1,0,1,0
249034,4775,0.0,7.0,0.0,12,2,1,3,11,0,1,0
249544,2592,1.0,7.0,1.0,13,5,1,3,12,0,1,0
249813,3826,0.0,2.0,1.0,1,1,1,1,0,0,1,0
250043,2361,0.0,2.0,0.0,2,2,2,1,0,0,1,1
250461,2318,0.0,2.0,1.0,7,3,1,2,5,0,2,0
25087,4048,0.0,2.0,1.0,1,1,1,1,0,0,1,0
250976,2108,0.0,3.0,0.0,9,3,1,2,8,0,1,0
251113,4118,0.0,2.0,1.0,11,8,2,1,9,0,2,0
251644,4129,0.0,3.0,0.0,108,42,4,5,94,0,2,12
252178,3954,0.0,0.0,1.0,1,1,1,1,0,0,1,0
252196,474,0.0,3.0,0.0,35,21,16,2,26,0,8,1
252273,2928,0.0,4.0,0.0,12,6,1,1,11,0,1,0
252439,4660,0.0,0.0,0.0,16,5,1,3,13,0,1,2
252486,3205,0.0,0.0,0.0,2,1,1,1,1,0,1,0
252748,3396,0.0,4.0,0.0,3,2,1,1,2,0,1,0
253301,4043,0.0,6.0,0.0,10,3,3,2,8,0,2,0
253422,3635,0.0,5.0,0.0,23,8,3,2,22,0,1,0
253445,183,0.0,5.0,0.0,12,2,2,3,11,0,1,0
25348,2036,0.0,2.0,1.0,5,2,2,1,4,0,1,0
25363,4554,0.0,3.0,0.0,5,2,2,1,4,0,1,0
254172,2579,0.0,0.0,0.0,18,3,2,6,16,0,1,1
254340,2915,0.0,4.0,1.0,8,7,2,2,0,0,3,5
254478,1246,0.0,3.0,1.0,5,2,2,2,4,0,1,0
254499,4976,0.0,0.0,0.0,4,2,1,2,3,0,1,0
254707,606,1.0,6.0,0.0,35,19,8,2,32,0,3,0
255208,2124,0.0,3.0,0.0,16,5,1,4,14,0,1,1
255283,25,0.0,2.0,1.0,2,1,1,1,1,0,1,0
25554,1342,0.0,0.0,1.0,4,1,1,1,3,0,1,0
256800,3303,0.0,4.0,0.0,25,7,2,3,19,0,2,4
256803,1204,0.0,4.0,0.0,7,2,2,1,4,0,3,0
25702,3205,0.0,4.0,1.0,11,3,1,1,10,0,1,0
257251,1557,0.0,6.0,1.0,4,1,1,1,3,0,1,0
257670,2883,0.0,2.0,0.0,40,10,2,4,38,0,1,1
258628,2790,0.0,5.0,1.0,7,3,1,1,5,1,1,0
258821,1840,0.0,4.0,0.0,2,1,1,1,1,0,1,0
259032,4808,0.0,6.0,1.0,13,7,1,5,12,0,1,0
259549,166,0.0,7.0,null,12,11,1,1,11,0,1,0
259646,4047,0.0,3.0,1.0,7,2,1,1,6,0,1,0
259674,4173,0.0,0.0,0.0,55,26,6,4,53,0,1,1
259840,4787,0.0,3.0,2.0,2,1,1,1,1,0,1,0
260180,241,1.0,6.0,1.0,8,2,1,1,7,0,1,0
260424,4090,0.0,4.0,0.0,5,3,1,2,4,0,1,0
260495,4040,0.0,5.0,0.0,13,1,1,1,12,0,1,0
260497,1031,0.0,3.0,1.0,18,10,1,1,16,0,1,1
260797,3181,0.0,3.0,0.0,5,1,1,1,4,0,1,0
260832,1454,0.0,3.0,0.0,6,1,1,1,4,0,2,0
260962,1203,0.0,0.0,1.0,7,1,1,1,6,0,1,0
260996,2954,0.0,4.0,0.0,2,1,1,1,1,0,1,0
261496,1833,0.0,3.0,0.0,13,12,3,2,12,0,1,0
261520,219,0.0,3.0,1.0,4,1,1,1,2,0,2,0
261664,2313,0.0,0.0,1.0,2,1,1,2,1,0,1,0
261741,4049,0.0,7.0,1.0,2,1,1,1,1,0,1,0
261927,2173,0.0,6.0,0.0,1,1,1,1,0,0,1,0
262634,1481,0.0,3.0,0.0,11,1,1,2,10,0,1,0
26287,2596,0.0,3.0,2.0,1,1,1,1,0,0,1,0
262925,1283,0.0,3.0,0.0,10,6,4,1,9,0,1,0
263045,416,1.0,6.0,0.0,73,25,10,4,67,0,6,0
263162,3171,0.0,0.0,0.0,7,1,1,1,5,1,1,0
263181,4976,0.0,4.0,0.0,6,2,1,2,3,2,1,0
263600,2217,0.0,2.0,1.0,2,2,1,1,0,0,2,0
263798,1056,1.0,4.0,0.0,10,7,4,2,8,0,2,0
263885,625,1.0,4.0,0.0,4,2,1,1,2,0,2,0
264706,3163,0.0,2.0,0.0,1,1,1,1,0,0,1,0
264964,3306,0.0,0.0,1.0,18,1,1,2,16,0,1,1
265200,3958,0.0,4.0,0.0,37,17,5,6,32,0,1,4
265267,2255,0.0,3.0,1.0,2,1,1,1,1,0,1,0
265360,4739,0.0,2.0,0.0,1,1,1,1,0,0,1,0
265385,2916,0.0,3.0,0.0,6,1,1,1,5,0,1,0
266253,1592,0.0,0.0,0.0,2,1,1,1,1,0,1,0
266867,798,0.0,0.0,1.0,14,5,3,2,12,0,1,1
267519,738,1.0,2.0,0.0,3,1,1,1,2,0,1,0
26804,3828,0.0,3.0,0.0,24,10,5,2,23,0,1,0
268665,3766,0.0,3.0,0.0,9,7,4,2,0,0,2,7
268867,4607,0.0,0.0,1.0,26,11,3,2,24,0,1,1
26913,3826,0.0,2.0,0.0,9,2,1,1,7,0,2,0
269134,2916,0.0,3.0,0.0,4,1,1,1,3,0,1,0
26935,2394,1.0,3.0,0.0,5,1,1,1,3,0,2,0
2694,2537,1.0,4.0,0.0,11,5,3,1,8,0,3,0
269672,1020,0.0,0.0,1.0,4,1,1,1,3,0,1,0
270341,1588,0.0,6.0,1.0,11,4,1,1,10,0,1,0
270679,2583,0.0,3.0,1.0,2,1,1,1,1,0,1,0
270742,2459,1.0,3.0,0.0,51,23,6,4,49,0,2,0
27106,4847,0.0,2.0,0.0,1,1,1,1,0,0,1,0
271364,4523,1.0,4.0,0.0,32,14,3,2,29,0,3,0
271368,2124,0.0,6.0,1.0,1,1,1,1,0,0,1,0
272101,2225,0.0,3.0,1.0,1,1,1,1,0,0,1,0
27221,4282,0.0,3.0,1.0,18,8,6,2,16,0,2,0
273554,1472,0.0,0.0,1.0,5,3,1,1,4,0,1,0
274227,3350,0.0,4.0,1.0,1,1,1,1,0,0,1,0
274290,4942,0.0,4.0,1.0,1,1,1,1,0,0,1,0
274915,3163,0.0,0.0,0.0,6,1,1,1,3,0,3,0
275278,4267,0.0,0.0,0.0,64,37,3,4,54,0,5,5
275424,1916,0.0,4.0,0.0,14,7,1,1,13,0,1,0
275548,310,0.0,3.0,1.0,6,3,1,2,5,0,1,0
276029,4499,0.0,4.0,0.0,1,1,1,1,0,0,1,0
276269,2273,0.0,4.0,0.0,8,6,1,1,7,0,1,0
276483,437,0.0,5.0,0.0,8,7,2,3,6,0,2,0
277189,1356,0.0,3.0,0.0,3,2,1,1,2,0,1,0
277550,1581,0.0,6.0,0.0,18,8,1,1,13,0,5,0
277746,4731,0.0,2.0,0.0,5,1,1,1,4,0,1,0
277753,296,0.0,3.0,1.0,4,2,1,2,3,0,1,0
278356,1861,1.0,3.0,0.0,8,3,2,1,7,0,1,0
278663,1472,0.0,0.0,1.0,1,1,1,1,0,0,1,0
278737,1272,0.0,4.0,0.0,2,1,1,1,1,0,1,0
278862,4026,0.0,3.0,0.0,4,3,2,1,3,0,1,0
279012,4463,0.0,3.0,0.0,26,5,1,3,25,0,1,0
279217,3839,0.0,0.0,0.0,5,1,1,2,3,1,1,0
27962,4545,0.0,0.0,0.0,7,4,1,1,5,0,2,0
279646,523,0.0,0.0,0.0,5,1,1,1,4,0,1,0
28003,2824,0.0,4.0,0.0,2,2,2,2,1,0,1,0
280057,3541,0.0,3.0,1.0,4,1,1,3,3,0,1,0
280325,2811,1.0,3.0,0.0,2,2,2,1,0,0,2,0
280328,3376,0.0,4.0,1.0,3,2,2,2,2,0,1,0
280367,3971,0.0,3.0,0.0,4,1,1,2,3,0,1,0
280589,1841,0.0,4.0,1.0,8,3,1,3,7,0,1,0
280634,2441,0.0,6.0,0.0,7,3,2,1,6,0,1,0
28089,1031,0.0,3.0,0.0,28,9,1,3,27,0,1,0
281460,1923,0.0,4.0,1.0,13,2,1,2,10,0,1,2
28161,3288,0.0,0.0,0.0,3,1,1,1,2,0,1,0
281623,2913,0.0,5.0,0.0,3,1,1,1,2,0,1,0
281686,3854,0.0,4.0,0.0,3,1,1,2,1,0,2,0
281687,4871,0.0,3.0,1.0,7,2,1,1,6,0,1,0
282662,1923,0.0,4.0,1.0,5,1,1,2,4,0,1,0
283196,2619,0.0,0.0,0.0,10,2,2,1,7,0,1,2
283237,1133,0.0,3.0,0.0,3,1,1,1,1,0,1,1
28326,4450,0.0,5.0,0.0,1,1,1,1,0,0,1,0
283631,4976,1.0,3.0,0.0,8,4,2,3,7,0,1,0
283638,1816,0.0,3.0,1.0,18,6,2,4,16,0,2,0
283929,1659,0.0,0.0,0.0,4,2,1,1,3,0,1,0
283954,1187,0.0,0.0,0.0,2,1,1,1,1,0,1,0
285180,1274,0.0,0.0,1.0,2,1,1,2,1,0,1,0
285290,4760,0.0,2.0,1.0,8,3,2,4,5,0,1,2
285623,3484,0.0,3.0,1.0,4,1,1,3,3,0,1,0
285828,4724,0.0,0.0,0.0,5,2,1,3,4,0,1,0
285980,3105,0.0,null,null,4,2,1,1,3,0,1,0
286302,4079,0.0,0.0,1.0,3,2,1,1,2,0,1,0
287413,3734,1.0,6.0,1.0,38,23,6,3,34,0,4,0
287684,3875,1.0,5.0,0.0,2,1,1,1,0,0,2,0
287984,2834,0.0,4.0,0.0,69,57,12,2,65,0,4,0
288460,4826,0.0,4.0,1.0,2,2,2,1,0,0,2,0
288772,4322,0.0,3.0,1.0,7,4,1,2,6,0,1,0
290211,4463,0.0,4.0,0.0,4,2,1,1,3,0,1,0
290799,4048,0.0,0.0,1.0,2,1,1,1,1,0,1,0
291201,4043,1.0,3.0,0.0,7,5,3,2,5,0,2,0
291407,3898,0.0,4.0,1.0,8,2,1,2,6,0,1,1
291501,4079,0.0,3.0,0.0,3,1,1,1,0,0,3,0
291837,133,0.0,3.0,0.0,6,1,1,2,5,0,1,0
291938,3971,0.0,0.0,0.0,14,7,3,1,12,0,2,0
292040,3319,0.0,3.0,0.0,3,1,1,1,2,0,1,0
292272,2217,0.0,0.0,0.0,4,2,1,1,3,0,1,0
292674,1736,0.0,4.0,0.0,1,1,1,1,0,0,1,0
292707,1677,0.0,3.0,0.0,2,1,1,1,0,0,2,0
292723,2954,0.0,3.0,0.0,3,1,1,2,2,0,1,0
292810,3956,0.0,3.0,0.0,1,1,1,1,0,0,1,0
293342,3041,0.0,3.0,0.0,1,1,1,1,0,0,1,0
294329,2409,0.0,0.0,0.0,10,3,3,1,7,0,2,1
294860,3529,0.0,6.0,1.0,2,1,1,2,1,0,1,0
294954,3392,0.0,0.0,0.0,10,2,1,2,8,0,1,1
295009,2856,0.0,0.0,0.0,2,2,1,1,1,0,1,0
295070,4677,0.0,6.0,0.0,12,4,1,1,9,0,3,0
295445,4332,0.0,3.0,0.0,16,10,1,2,14,0,2,0
295504,145,0.0,3.0,0.0,7,6,1,1,6,0,1,0
295741,2482,0.0,3.0,0.0,17,5,3,4,15,0,2,0
295805,4864,0.0,6.0,0.0,3,2,1,1,1,0,1,1
296418,2277,0.0,4.0,1.0,4,1,1,2,3,0,1,0
296461,2545,0.0,2.0,0.0,15,6,4,3,13,1,1,0
296994,4594,0.0,3.0,0.0,13,3,2,2,10,0,3,0
297016,731,0.0,2.0,0.0,29,10,3,4,26,0,2,1
297293,4291,0.0,5.0,0.0,9,4,3,1,8,0,1,0
297519,1356,0.0,0.0,0.0,3,1,1,1,2,0,1,0
297616,3473,0.0,7.0,0.0,7,3,2,2,4,0,1,2
297621,1495,0.0,4.0,1.0,10,2,1,4,9,0,1,0
297672,1132,0.0,0.0,0.0,1,1,1,1,0,0,1,0
298148,2193,0.0,4.0,0.0,4,3,2,1,3,0,1,0
29839,1437,0.0,6.0,1.0,9,3,2,3,8,0,1,0
298542,3828,0.0,4.0,0.0,28,14,8,4,26,0,2,0
298677,4542,0.0,6.0,0.0,6,2,1,2,3,0,1,2
298730,4650,0.0,6.0,0.0,4,1,1,1,3,0,1,0
298736,4492,0.0,2.0,0.0,21,3,1,1,19,0,1,1
298936,4171,0.0,3.0,0.0,4,1,1,1,1,0,3,0
299616,215,0.0,2.0,1.0,3,1,1,1,2,0,1,0
29998,598,0.0,3.0,0.0,39,14,3,3,36,0,1,2
300233,4950,0.0,3.0,0.0,15,6,5,1,11,0,4,0
300251,621,0.0,4.0,1.0,1,1,1,1,0,0,1,0
300816,1547,0.0,3.0,0.0,6,1,1,3,4,0,1,1
300817,2208,0.0,0.0,0.0,10,2,1,1,9,0,1,0
300857,423,0.0,3.0,0.0,11,9,1,2,10,0,1,0
300881,1884,0.0,0.0,1.0,14,2,1,2,12,0,1,1
301323,1067,0.0,4.0,0.0,2,1,1,1,1,0,1,0
301717,4966,0.0,4.0,0.0,28,15,9,4,19,0,9,0
301730,1679,0.0,5.0,1.0,25,10,1,3,16,0,1,8
301962,4044,0.0,4.0,0.0,51,27,2,1,50,0,1,0
302073,3473,1.0,4.0,0.0,2,2,2,1,1,0,1,0
302442,4052,0.0,3.0,0.0,3,1,1,1,2,0,1,0
302492,2536,0.0,4.0,1.0,4,1,1,2,3,0,1,0
302533,133,0.0,3.0,0.0,13,6,1,2,11,0,1,1
302597,3271,0.0,3.0,0.0,4,1,1,1,2,0,2,0
303004,742,0.0,3.0,0.0,4,3,3,1,3,0,1,0
303026,1348,0.0,5.0,0.0,8,4,2,2,5,0,3,0
303367,861,0.0,2.0,1.0,9,2,1,2,8,0,1,0
303438,4173,0.0,5.0,0.0,75,34,8,5,63,0,1,11
305118,1162,0.0,5.0,2.0,4,2,2,2,3,0,1,0
305367,4079,0.0,4.0,0.0,4,2,1,1,2,0,2,0
306041,4808,0.0,2.0,0.0,7,2,1,2,6,0,1,0
306460,3791,0.0,3.0,1.0,3,1,1,1,2,0,1,0
306753,1281,0.0,4.0,0.0,3,1,1,1,2,0,1,0
306845,1861,0.0,3.0,0.0,8,1,1,1,7,0,1,0
307116,3910,1.0,3.0,0.0,2,2,2,1,0,0,2,0
307748,1116,0.0,3.0,0.0,4,1,1,1,3,0,1,0
308354,2318,0.0,2.0,0.0,8,2,1,3,6,0,1,1
308590,1435,0.0,0.0,0.0,7,1,1,1,6,0,1,0
308761,1966,0.0,3.0,0.0,11,5,1,3,10,0,1,0
309941,2664,0.0,3.0,0.0,11,4,1,3,10,0,1,0
31017,606,0.0,3.0,0.0,21,13,7,2,20,0,1,0
310622,588,0.0,2.0,0.0,5,1,1,1,3,0,1,1
310660,3938,0.0,2.0,1.0,4,2,1,1,3,0,1,0
310719,4042,0.0,4.0,0.0,3,2,1,2,2,0,1,0
310979,423,0.0,2.0,1.0,11,1,1,2,9,0,1,1
311084,3351,0.0,3.0,0.0,2,1,1,1,1,0,1,0
311160,1800,0.0,0.0,0.0,7,3,1,2,6,0,1,0
311294,1538,0.0,4.0,0.0,2,1,1,1,1,0,1,0
311385,1618,0.0,5.0,0.0,4,1,1,2,2,0,1,1
311652,1597,1.0,0.0,0.0,8,1,1,1,6,0,1,1
31185,1098,0.0,4.0,0.0,8,1,1,3,7,0,1,0
311986,1102,0.0,0.0,1.0,4,1,1,2,3,0,1,0
312734,2242,0.0,4.0,0.0,16,7,4,2,12,0,4,0
312906,2891,0.0,4.0,0.0,63,8,2,3,58,0,1,4
312938,606,0.0,3.0,0.0,12,1,1,2,10,0,1,1
313660,1724,0.0,0.0,0.0,7,1,1,2,6,0,1,0
313746,275,0.0,0.0,0.0,4,2,1,1,2,0,2,0
313999,4650,0.0,2.0,0.0,3,1,1,1,2,0,1,0
314112,3580,0.0,2.0,0.0,6,4,3,2,3,0,1,2
314336,2709,0.0,6.0,0.0,7,1,1,2,6,0,1,0
314568,4173,0.0,3.0,1.0,33,18,5,3,32,0,1,0
315008,4659,0.0,4.0,0.0,4,2,2,2,2,0,2,0
315461,4049,0.0,4.0,0.0,4,1,1,3,3,0,1,0
315782,4170,0.0,0.0,0.0,6,4,1,1,5,0,1,0
31640,3536,0.0,4.0,0.0,16,6,3,1,15,0,1,0
316592,3181,0.0,0.0,1.0,3,2,1,1,1,0,2,0
316783,3345,0.0,3.0,0.0,5,1,1,1,4,0,1,0
317578,1102,0.0,3.0,2.0,5,2,2,2,4,0,1,0
317755,337,0.0,4.0,0.0,12,1,1,3,10,0,1,1
318053,606,0.0,4.0,0.0,6,6,4,4,3,0,1,2
318544,2218,0.0,4.0,0.0,9,3,2,1,8,0,1,0
31859,4666,0.0,3.0,0.0,6,1,1,1,4,0,2,0
318634,2269,0.0,2.0,0.0,11,3,2,2,10,0,1,0
318923,2821,0.0,4.0,0.0,12,3,1,2,11,0,1,0
319058,4914,0.0,2.0,0.0,5,1,1,1,4,0,1,0
319160,2422,0.0,4.0,0.0,27,15,3,5,25,0,2,0
319192,1556,0.0,3.0,0.0,3,1,1,2,2,0,1,0
319357,361,0.0,3.0,0.0,2,2,1,2,0,0,1,1
319526,320,0.0,3.0,0.0,2,1,1,1,1,0,1,0
31962,4504,1.0,6.0,0.0,32,9,1,2,31,0,1,0
31974,4073,0.0,3.0,1.0,4,2,2,1,3,0,1,0
320024,1916,1.0,4.0,0.0,9,6,1,3,7,0,2,0
320041,4427,0.0,0.0,0.0,7,5,3,2,4,0,3,0
320225,1203,0.0,0.0,0.0,5,3,3,1,3,0,2,0
320271,3303,0.0,0.0,0.0,2,1,1,1,1,0,1,0
320928,2669,0.0,3.0,0.0,47,14,6,3,44,0,3,0
320955,2883,0.0,0.0,0.0,16,11,5,1,15,0,1,0
3210,4708,0.0,4.0,0.0,1,1,1,1,0,0,1,0
321194,4864,0.0,5.0,0.0,32,12,3,7,30,0,2,0
321509,1565,0.0,0.0,0.0,11,4,1,3,10,0,1,0
321907,1861,0.0,0.0,0.0,1,1,1,1,0,0,1,0
321911,4349,0.0,4.0,0.0,5,1,1,1,4,0,1,0
322047,2466,0.0,3.0,null,15,3,2,1,13,1,1,0
322316,3828,0.0,6.0,0.0,7,2,1,1,6,0,1,0
32232,2403,0.0,4.0,0.0,9,4,2,1,7,0,2,0
322337,3773,0.0,2.0,0.0,12,1,1,2,11,0,1,0
32266,4316,0.0,4.0,0.0,2,1,1,1,1,0,1,0
322728,606,0.0,3.0,0.0,33,20,8,4,32,0,1,0
322809,1890,0.0,6.0,0.0,3,1,1,2,2,0,1,0
322900,3363,0.0,0.0,0.0,12,4,1,1,10,0,2,0
323191,4281,0.0,5.0,1.0,7,1,1,2,6,0,1,0
323287,3828,0.0,3.0,0.0,8,5,4,1,7,0,1,0
323586,1719,0.0,0.0,0.0,11,3,1,2,10,0,1,0
323596,1346,0.0,3.0,0.0,15,3,1,2,11,0,2,2
323617,3826,0.0,5.0,1.0,4,2,1,1,2,0,1,1
323817,4478,0.0,0.0,1.0,10,5,4,2,7,0,3,0
324232,2856,0.0,0.0,0.0,18,3,1,3,15,0,1,2
324828,4601,0.0,2.0,0.0,6,2,2,1,5,0,1,0
325404,4173,0.0,2.0,0.0,8,4,3,4,7,0,1,0
325519,1708,0.0,0.0,0.0,16,8,1,1,15,0,1,0
326099,2664,0.0,3.0,0.0,4,2,2,2,0,0,2,2
326248,1827,0.0,2.0,0.0,3,1,1,1,2,0,1,0
326250,4744,0.0,0.0,1.0,2,1,1,1,1,0,1,0
326599,1399,0.0,3.0,1.0,4,2,1,1,3,0,1,0
326688,3469,0.0,6.0,0.0,11,2,1,3,10,0,1,0
327029,2511,0.0,0.0,0.0,9,2,2,3,6,1,1,1
327224,4993,0.0,0.0,0.0,3,2,1,3,0,0,1,2
327469,2066,0.0,0.0,0.0,9,3,1,1,8,0,1,0
327497,2036,0.0,0.0,1.0,4,1,1,2,2,0,1,1
327579,168,0.0,0.0,0.0,17,8,3,1,12,0,5,0
328356,1618,0.0,4.0,0.0,18,6,3,6,16,0,1,1
328708,1412,0.0,5.0,0.0,25,8,2,2,24,0,1,0
328815,1126,0.0,4.0,0.0,9,4,4,2,7,0,2,0
328951,1134,0.0,4.0,0.0,3,1,1,1,2,0,1,0
329030,4173,0.0,3.0,0.0,5,3,2,2,4,0,1,0
329406,390,0.0,3.0,0.0,7,2,1,2,6,0,1,0
329596,4525,0.0,3.0,0.0,8,3,1,1,5,0,3,0
329614,2459,0.0,3.0,0.0,13,6,3,3,11,0,1,1
329647,621,0.0,4.0,1.0,2,1,1,1,1,0,1,0
32980,2915,0.0,3.0,1.0,9,7,5,2,8,0,1,0
33010,4976,0.0,3.0,0.0,41,25,7,6,36,0,5,0
330453,4234,0.0,0.0,1.0,6,2,2,1,5,0,1,0
330787,4712,0.0,5.0,1.0,3,1,1,1,2,0,1,0
330891,1916,0.0,5.0,0.0,1,1,1,1,0,0,1,0
331239,1346,0.0,4.0,1.0,2,1,1,2,0,0,1,1
331724,1512,0.0,3.0,0.0,6,2,2,3,4,0,1,1
332079,2318,0.0,6.0,0.0,2,1,1,1,1,0,1,0
332336,3683,0.0,2.0,1.0,2,1,1,1,1,0,1,0
332353,145,0.0,3.0,0.0,6,2,1,2,5,0,1,0
333180,598,0.0,2.0,1.0,78,26,3,6,73,0,2,3
333871,4047,1.0,4.0,0.0,2,1,1,1,1,0,1,0
334031,4280,0.0,4.0,2.0,4,1,1,1,3,0,1,0
334056,2915,0.0,0.0,0.0,6,3,2,1,3,0,3,0
334074,4871,0.0,6.0,1.0,2,1,1,2,1,0,1,0
33425,1500,1.0,3.0,1.0,3,1,1,2,2,0,1,0
334391,3477,0.0,3.0,0.0,1,1,1,1,0,0,1,0
334493,2940,0.0,6.0,1.0,2,1,1,1,1,0,1,0
334691,1142,0.0,2.0,1.0,6,1,1,2,5,0,1,0
334919,1166,0.0,3.0,1.0,2,1,1,1,1,0,1,0
335432,2664,0.0,3.0,0.0,37,22,2,2,35,0,2,0
335446,1102,0.0,3.0,0.0,17,5,2,1,15,0,2,0
335458,4993,0.0,2.0,1.0,12,5,1,3,11,0,1,0
335549,4568,0.0,4.0,0.0,44,18,8,7,41,0,1,2
335647,508,0.0,0.0,0.0,1,1,1,1,0,0,1,0
335775,354,0.0,0.0,0.0,4,1,1,2,2,0,2,0
335812,1923,0.0,0.0,1.0,1,1,1,1,0,0,1,0
33612,2138,0.0,2.0,1.0,5,3,2,2,2,0,1,2
336357,1582,0.0,2.0,1.0,4,1,1,2,3,0,1,0
336416,4629,0.0,3.0,0.0,3,1,1,1,2,0,1,0
33659,3230,0.0,3.0,0.0,9,2,1,2,8,0,1,0
336606,1890,0.0,3.0,0.0,10,3,1,3,9,0,1,0
336842,4044,0.0,3.0,0.0,20,15,7,1,19,0,1,0
336921,1582,0.0,6.0,1.0,2,1,1,1,1,0,1,0
336928,2138,0.0,7.0,0.0,11,4,2,4,9,0,1,1
337230,3990,0.0,0.0,0.0,19,6,3,2,16,0,1,2
337433,4499,0.0,3.0,0.0,3,1,1,2,1,0,1,1
337984,3828,0.0,4.0,0.0,5,2,1,1,4,0,1,0
338123,3420,0.0,0.0,0.0,42,12,4,3,35,0,2,5
338133,1895,0.0,2.0,1.0,12,8,3,1,11,0,1,0
338190,141,0.0,4.0,0.0,50,28,11,5,45,0,5,0
338583,547,0.0,2.0,1.0,26,10,2,8,21,0,1,4
338611,2277,0.0,0.0,1.0,6,2,1,1,5,0,1,0
338938,4637,0.0,4.0,0.0,13,3,1,1,12,0,1,0
339000,861,0.0,3.0,0.0,1,1,1,1,0,0,1,0
339913,2099,0.0,0.0,0.0,12,2,1,2,11,0,1,0
340314,653,0.0,5.0,0.0,3,2,1,2,0,0,1,2
340435,4282,0.0,5.0,0.0,10,3,2,1,8,0,2,0
340642,1203,0.0,0.0,0.0,21,4,3,4,20,0,1,0
341014,404,0.0,0.0,0.0,18,6,2,3,14,0,1,3
341119,437,0.0,3.0,0.0,1,1,1,1,0,0,1,0
341187,3460,0.0,3.0,0.0,4,1,1,1,0,0,4,0
341354,951,0.0,0.0,0.0,3,1,1,1,2,0,1,0
341471,4911,0.0,0.0,0.0,4,1,1,1,2,0,1,1
341507,1861,0.0,0.0,0.0,3,1,1,1,2,0,1,0
341848,3148,0.0,6.0,0.0,15,10,3,2,14,0,1,0
343602,1407,1.0,3.0,1.0,106,33,1,6,95,0,2,9
343827,3111,0.0,0.0,0.0,2,1,1,1,1,0,1,0
344107,1056,0.0,0.0,1.0,4,2,2,1,3,0,1,0
344219,586,0.0,4.0,0.0,30,12,8,5,28,0,2,0
344276,3979,0.0,6.0,1.0,4,1,1,1,3,0,1,0
344499,1677,0.0,4.0,1.0,20,14,7,1,16,0,4,0
344575,4072,0.0,3.0,1.0,6,1,1,1,5,0,1,0
34484,643,1.0,0.0,1.0,18,10,2,3,17,0,1,0
345194,1393,0.0,3.0,0.0,31,12,7,3,24,0,2,5
345270,2545,1.0,3.0,1.0,73,13,2,1,72,0,1,0
345514,818,0.0,2.0,0.0,4,3,1,1,3,0,1,0
346191,4049,0.0,3.0,1.0,1,1,1,1,0,0,1,0
346596,1487,0.0,3.0,0.0,6,1,1,3,5,0,1,0
346702,3844,0.0,6.0,1.0,6,2,2,2,5,0,1,0
346887,1923,0.0,8.0,1.0,1,1,1,1,0,0,1,0
34802,2359,0.0,5.0,0.0,7,1,1,1,6,0,1,0
348039,602,0.0,3.0,1.0,3,1,1,1,2,0,1,0
348124,4648,1.0,2.0,1.0,4,1,1,3,3,0,1,0
348341,586,0.0,3.0,1.0,16,8,5,2,14,0,2,0
348487,1399,0.0,0.0,0.0,17,3,1,4,14,0,1,2
348693,2981,0.0,0.0,1.0,3,1,1,2,2,0,1,0
348714,4864,0.0,0.0,0.0,5,1,1,1,4,0,1,0
349045,2241,0.0,3.0,1.0,10,4,3,1,7,0,3,0
349672,4847,0.0,2.0,0.0,19,2,2,7,16,0,1,2
350295,1450,0.0,0.0,1.0,2,1,1,1,1,0,1,0
35083,2669,0.0,4.0,0.0,5,2,1,1,4,0,1,0
351102,1647,0.0,3.0,1.0,1,1,1,1,0,0,1,0
351262,4173,1.0,3.0,1.0,14,11,4,3,13,0,1,0
351644,951,0.0,5.0,0.0,2,1,1,1,1,0,1,0
351914,3347,0.0,0.0,0.0,8,3,1,1,7,0,1,0
352211,1861,0.0,3.0,0.0,6,3,1,1,4,0,2,0
352254,2537,0.0,2.0,0.0,8,3,1,2,6,0,2,0
352685,1145,0.0,5.0,0.0,3,2,1,1,2,0,1,0
352727,395,0.0,3.0,1.0,3,1,1,1,2,0,1,0
353124,3398,0.0,0.0,0.0,3,3,2,1,1,0,2,0
353626,1621,0.0,0.0,0.0,5,1,1,1,4,0,1,0
353668,2341,0.0,4.0,0.0,34,21,13,2,27,0,7,0
354472,1712,0.0,4.0,2.0,2,1,1,1,1,0,1,0
354527,1467,0.0,3.0,1.0,3,1,1,1,2,0,1,0
35505,1200,1.0,5.0,0.0,11,2,2,2,9,0,2,0
355062,4361,0.0,6.0,1.0,9,2,1,1,8,0,1,0
355443,742,0.0,0.0,0.0,5,2,1,2,2,0,1,2
355501,4463,0.0,3.0,1.0,1,1,1,1,0,0,1,0
35583,2242,0.0,5.0,0.0,2,1,1,1,1,0,1,0
355932,4363,0.0,2.0,1.0,4,1,1,1,3,0,1,0
356239,3828,0.0,6.0,0.0,5,4,2,1,4,0,1,0
356304,141,0.0,3.0,0.0,51,36,8,2,47,0,4,0
35637,4079,0.0,null,null,15,9,1,1,14,0,1,0
356450,2935,0.0,4.0,1.0,9,4,1,2,8,0,1,0
356639,861,0.0,0.0,1.0,3,1,1,1,2,0,1,0
357503,1810,0.0,3.0,0.0,68,44,13,6,67,0,1,0
357579,1360,0.0,3.0,0.0,3,1,1,1,1,0,2,0
357702,467,0.0,4.0,1.0,2,1,1,1,1,0,1,0
357840,1840,0.0,4.0,0.0,2,1,1,1,0,0,1,1
358696,13,0.0,3.0,2.0,8,3,1,1,7,0,1,0
358804,794,0.0,0.0,1.0,48,11,1,8,41,0,1,6
358955,1501,0.0,6.0,0.0,11,2,1,4,9,0,1,1
359017,321,0.0,6.0,0.0,2,1,1,1,1,0,1,0
359017,4048,0.0,6.0,0.0,3,1,1,1,2,0,1,0
359110,2397,0.0,4.0,0.0,1,1,1,1,0,0,1,0
359151,4044,0.0,3.0,0.0,12,3,2,3,11,0,1,0
359594,3753,0.0,2.0,1.0,2,1,1,1,1,0,1,0
359820,1470,0.0,4.0,1.0,18,4,2,2,16,0,1,1
36016,1102,0.0,3.0,0.0,24,10,1,2,20,0,1,3
360195,1677,0.0,0.0,0.0,3,1,1,1,2,0,1,0
360239,1698,0.0,0.0,0.0,4,2,1,1,3,0,1,0
360424,4137,0.0,4.0,0.0,4,1,1,1,3,0,1,0
361162,2505,0.0,4.0,1.0,6,1,1,2,4,0,1,1
361299,382,0.0,6.0,0.0,3,1,1,1,2,0,1,0
361357,2565,0.0,3.0,1.0,7,4,1,1,6,0,1,0
361386,4739,0.0,0.0,0.0,18,6,3,1,17,0,1,0
36159,1405,0.0,0.0,1.0,3,2,1,2,2,0,1,0
361654,1621,0.0,5.0,1.0,3,1,1,2,1,0,2,0
36169,4048,0.0,0.0,0.0,1,1,1,1,0,0,1,0
362306,1816,0.0,2.0,1.0,19,1,1,4,17,1,1,0
362383,437,0.0,3.0,null,8,4,2,1,7,0,1,0
36240,4394,0.0,3.0,1.0,3,1,1,1,1,1,1,0
362704,1370,0.0,6.0,0.0,8,4,3,3,7,0,1,0
362734,1193,0.0,4.0,1.0,3,2,1,1,2,0,1,0
363,1501,0.0,4.0,0.0,33,10,3,4,30,0,1,2
363115,4048,0.0,2.0,0.0,6,2,1,2,5,0,1,0
365560,3448,0.0,3.0,1.0,17,11,1,1,14,0,1,2
365782,4727,0.0,3.0,1.0,4,2,2,1,3,0,1,0
365885,1327,0.0,0.0,0.0,7,1,1,1,6,0,1,0
366074,4173,0.0,3.0,0.0,10,4,3,2,9,0,1,0
366167,3609,0.0,0.0,0.0,5,2,1,1,3,0,2,0
366237,2668,0.0,3.0,0.0,15,5,2,1,12,0,3,0
366347,141,0.0,3.0,0.0,9,2,1,1,7,0,2,0
366430,1557,0.0,4.0,1.0,18,8,2,3,17,0,1,0
366562,4760,0.0,0.0,1.0,11,3,2,2,9,1,1,0
366940,4659,0.0,3.0,0.0,5,2,1,1,3,0,2,0
366986,415,0.0,3.0,0.0,2,1,1,1,1,0,1,0
367410,2482,1.0,0.0,0.0,9,4,2,2,8,0,1,0
36745,2047,0.0,5.0,0.0,3,2,1,3,2,0,1,0
367469,1454,0.0,3.0,0.0,14,6,3,3,12,0,2,0
367650,742,1.0,3.0,1.0,1,1,1,1,0,0,1,0
367825,1884,0.0,4.0,1.0,23,9,3,4,21,0,1,1
368939,4339,0.0,6.0,0.0,6,2,1,2,5,0,1,0
369407,66,0.0,4.0,1.0,6,3,1,1,5,0,1,0
369683,4955,0.0,2.0,0.0,5,2,2,2,4,0,1,0
369795,3734,0.0,3.0,1.0,15,11,6,1,14,0,1,0
369805,2320,0.0,5.0,1.0,4,1,1,1,3,0,1,0
37012,4765,0.0,3.0,1.0,1,1,1,1,0,0,1,0
37066,1487,0.0,5.0,0.0,3,1,1,1,2,0,1,0
370761,1399,0.0,0.0,0.0,4,2,1,2,1,0,1,2
370963,2403,0.0,6.0,0.0,5,1,1,2,3,0,2,0
37107,4650,0.0,3.0,0.0,3,1,1,2,1,0,1,1
371321,3734,0.0,3.0,1.0,8,3,1,1,7,0,1,0
371515,1090,0.0,5.0,0.0,21,4,2,1,20,0,1,0
371734,1166,0.0,0.0,1.0,17,2,1,2,15,0,1,1
371955,2935,0.0,4.0,0.0,26,1,1,4,25,0,1,0
372514,2273,0.0,3.0,1.0,2,1,1,1,1,0,1,0
37294,2278,0.0,3.0,0.0,3,1,1,1,2,0,1,0
373007,1356,0.0,6.0,0.0,6,1,1,3,4,0,1,1
373550,1346,0.0,3.0,0.0,21,5,1,2,20,0,1,0
374048,3657,0.0,2.0,0.0,1,1,1,1,0,0,1,0
374208,1839,0.0,4.0,0.0,6,1,1,2,5,0,1,0
374428,1150,0.0,0.0,1.0,1,1,1,1,0,0,1,0
374884,534,0.0,2.0,0.0,2,1,1,2,0,0,1,1
375111,1572,0.0,5.0,0.0,8,2,2,2,7,0,1,0
375391,1677,0.0,5.0,0.0,4,2,1,2,2,0,2,0
375640,2339,1.0,0.0,0.0,10,3,3,1,7,0,3,0
376009,2031,0.0,3.0,0.0,5,2,2,1,4,0,1,0
376126,3105,0.0,3.0,2.0,82,13,2,3,75,0,6,1
376468,2359,0.0,2.0,0.0,29,9,2,6,25,0,1,3
376635,4049,0.0,4.0,1.0,10,8,3,3,7,0,3,0
377110,606,0.0,3.0,0.0,8,5,2,4,7,0,1,0
377281,1393,0.0,0.0,0.0,13,10,6,1,12,0,1,0
377683,2454,0.0,0.0,1.0,3,2,1,1,2,0,1,0
377751,3965,0.0,4.0,0.0,1,1,1,1,0,0,1,0
37784,1200,0.0,2.0,1.0,3,1,1,1,2,0,1,0
378038,1740,0.0,2.0,1.0,1,1,1,1,0,0,1,0
378261,4654,0.0,3.0,2.0,8,4,1,3,6,0,1,1
379284,4760,0.0,3.0,0.0,26,15,4,3,20,0,1,5
379490,1754,0.0,3.0,1.0,23,14,7,1,20,0,3,0
379542,4091,0.0,2.0,1.0,16,3,2,2,15,0,1,0
379551,3418,0.0,0.0,0.0,7,1,1,1,6,0,1,0
380146,3103,0.0,0.0,1.0,4,1,1,1,3,0,1,0
380482,3819,1.0,3.0,0.0,8,1,1,1,7,0,1,0
380716,145,0.0,0.0,0.0,1,1,1,1,0,0,1,0
381492,1922,0.0,5.0,0.0,5,1,1,2,4,0,1,0
381695,120,0.0,2.0,0.0,3,1,1,2,2,0,1,0
381768,2545,0.0,4.0,0.0,1,1,1,1,0,0,1,0
382388,2447,0.0,0.0,0.0,6,1,1,1,5,0,1,0
382433,1203,0.0,4.0,0.0,9,3,3,2,7,0,1,1
382720,3956,1.0,4.0,1.0,5,2,1,2,4,0,1,0
382722,4649,0.0,2.0,0.0,10,1,1,1,9,0,1,0
383492,2014,0.0,0.0,0.0,7,1,1,1,6,0,1,0
383581,3578,0.0,4.0,0.0,10,2,1,4,9,0,1,0
3837,3844,0.0,0.0,0.0,64,13,5,5,56,0,3,5
383785,2497,0.0,3.0,0.0,1,1,1,1,0,0,1,0
383825,4044,0.0,0.0,0.0,39,14,4,3,36,0,1,2
383935,3828,0.0,3.0,0.0,30,20,9,6,25,0,2,3
384006,2291,0.0,0.0,0.0,6,2,1,1,5,0,1,0
384056,3147,0.0,0.0,1.0,2,1,1,1,1,0,1,0
384437,1133,0.0,0.0,1.0,8,4,1,1,7,0,1,0
38446,742,0.0,3.0,0.0,2,1,1,1,0,0,1,1
384924,4115,0.0,4.0,1.0,3,1,1,1,2,0,1,0
385085,4079,0.0,0.0,0.0,4,1,1,1,3,0,1,0
385719,2403,0.0,4.0,0.0,4,2,1,1,3,0,1,0
385871,3319,0.0,4.0,0.0,1,1,1,1,0,0,1,0
385899,4742,0.0,0.0,0.0,8,1,1,2,7,0,1,0
386008,2915,0.0,0.0,1.0,2,1,1,1,0,0,1,1
386129,402,0.0,6.0,0.0,9,4,1,1,7,0,2,0
386179,1399,0.0,3.0,1.0,9,2,1,3,7,0,1,1
386226,594,0.0,3.0,1.0,2,1,1,1,0,0,1,1
386291,4871,0.0,3.0,1.0,4,1,1,1,3,0,1,0
386315,4879,0.0,0.0,0.0,2,1,1,1,1,0,1,0
386696,2879,0.0,4.0,0.0,6,2,2,2,4,0,1,1
387052,2592,0.0,4.0,0.0,4,1,1,1,3,0,1,0
387530,2928,0.0,5.0,1.0,1,1,1,1,0,0,1,0
387583,4044,0.0,4.0,1.0,23,10,5,2,21,0,2,0
38770,1916,0.0,3.0,0.0,6,1,1,1,4,0,2,0
387774,3108,0.0,3.0,1.0,6,2,2,3,4,0,1,1
388915,1203,0.0,2.0,0.0,6,3,2,1,4,0,2,0
389,4008,0.0,6.0,0.0,5,1,1,2,3,0,1,1
389048,2537,0.0,3.0,0.0,2,2,2,1,1,0,1,0
389465,3623,0.0,0.0,0.0,3,1,1,1,2,0,1,0
3900,2014,0.0,3.0,1.0,4,1,1,1,3,0,1,0
390032,4234,0.0,0.0,0.0,18,7,3,1,14,0,4,0
39034,2313,0.0,5.0,0.0,18,8,2,2,17,0,1,0
390464,4585,0.0,0.0,0.0,2,1,1,1,1,0,1,0
390575,127,0.0,0.0,0.0,8,4,3,1,6,0,1,1
390594,4760,0.0,0.0,0.0,3,1,1,2,2,0,1,0
39085,590,0.0,2.0,1.0,2,1,1,1,1,0,1,0
391396,41,1.0,0.0,0.0,13,5,2,2,12,0,1,0
392105,2640,0.0,3.0,0.0,23,15,3,1,19,0,4,0
392287,2047,0.0,5.0,0.0,24,7,4,1,23,0,1,0
392570,4648,0.0,2.0,0.0,4,1,1,2,3,0,1,0
392750,1556,0.0,0.0,0.0,5,4,2,1,4,0,1,0
393164,4659,0.0,2.0,0.0,22,7,3,1,18,0,4,0
393590,2709,0.0,4.0,1.0,2,1,1,1,1,0,1,0
394044,3042,0.0,3.0,0.0,3,1,1,1,2,0,1,0
394595,66,0.0,3.0,0.0,6,3,1,1,5,0,1,0
395375,951,0.0,4.0,0.0,1,1,1,1,0,0,1,0
395542,2443,0.0,3.0,1.0,1,1,1,1,0,0,1,0
395555,2680,0.0,2.0,0.0,10,3,1,2,9,0,1,0
395668,806,1.0,4.0,0.0,6,2,1,1,4,0,2,0
396574,4950,0.0,3.0,0.0,12,6,4,2,10,0,2,0
397675,3826,1.0,0.0,1.0,4,2,1,1,3,0,1,0
398259,2500,0.0,0.0,0.0,6,4,1,1,5,0,1,0
398349,4044,0.0,5.0,1.0,20,14,2,3,18,0,2,0
398349,4976,0.0,5.0,1.0,15,8,3,2,14,0,1,0
399350,1742,0.0,4.0,0.0,9,6,1,1,8,0,1,0
399554,2318,0.0,7.0,0.0,5,1,1,2,4,0,1,0
399561,1031,0.0,3.0,1.0,2,1,1,1,1,0,1,0
399671,2901,0.0,4.0,0.0,5,1,1,2,4,0,1,0
399862,2915,1.0,4.0,2.0,8,5,3,2,6,0,2,0
399890,4427,0.0,4.0,0.0,5,1,1,3,3,0,1,1
400096,323,0.0,4.0,1.0,3,1,1,1,2,0,1,0
400605,2047,0.0,3.0,0.0,6,3,2,2,5,0,1,0
40089,4506,0.0,2.0,0.0,2,1,1,1,1,0,1,0
401461,317,0.0,3.0,1.0,4,1,1,1,3,0,1,0
401661,4992,0.0,0.0,0.0,2,1,1,1,1,0,1,0
401902,20,0.0,3.0,0.0,4,2,2,1,2,0,2,0
401907,4090,0.0,3.0,0.0,26,2,1,1,24,0,2,0
401962,2900,0.0,3.0,0.0,10,3,1,3,9,0,1,0
402079,4648,0.0,3.0,0.0,3,2,2,1,2,0,1,0
402191,3211,0.0,3.0,0.0,6,1,1,1,5,0,1,0
402325,326,1.0,6.0,0.0,13,2,1,1,10,0,3,0
403105,1060,0.0,0.0,0.0,5,3,3,1,4,0,1,0
403458,2082,0.0,6.0,1.0,4,3,2,1,3,0,1,0
403461,648,0.0,2.0,0.0,1,1,1,1,0,0,1,0
403825,3898,0.0,4.0,0.0,3,1,1,1,2,0,1,0
404192,1096,0.0,0.0,1.0,8,2,1,1,7,0,1,0
404267,424,0.0,2.0,0.0,6,1,1,2,4,0,1,1
404720,4049,1.0,4.0,0.0,5,2,1,3,4,0,1,0
404781,4585,1.0,5.0,0.0,8,3,2,2,6,0,2,0
404934,3786,0.0,0.0,null,10,5,2,1,9,0,1,0
405277,2669,0.0,0.0,0.0,2,1,1,1,1,0,1,0
405353,2138,0.0,4.0,0.0,4,4,4,1,0,0,4,0
405510,2652,0.0,6.0,1.0,19,10,4,3,17,0,2,0
405795,1489,0.0,3.0,0.0,3,1,1,3,1,0,1,1
406235,1850,0.0,2.0,1.0,14,2,1,3,12,0,1,1
407043,1526,0.0,3.0,0.0,7,2,1,2,4,0,3,0
407062,1892,0.0,4.0,0.0,30,12,5,5,27,0,1,2
407698,2537,0.0,2.0,1.0,40,18,6,2,37,0,3,0
408086,1393,0.0,2.0,0.0,18,14,8,2,15,0,3,0
408353,2919,0.0,0.0,0.0,6,3,1,1,5,0,1,0
408392,1203,0.0,3.0,0.0,4,1,1,2,3,0,1,0
408572,1067,1.0,0.0,1.0,8,3,1,1,7,0,1,0
408605,3971,0.0,6.0,1.0,4,1,1,1,2,0,2,0
408656,3230,0.0,3.0,1.0,7,2,2,2,5,0,2,0
408866,1891,0.0,4.0,0.0,1,1,1,1,0,0,1,0
408945,1999,1.0,4.0,1.0,6,2,1,2,4,0,2,0
409367,3227,1.0,0.0,0.0,4,1,1,1,3,0,1,0
409619,3984,0.0,3.0,0.0,3,1,1,1,2,0,1,0
410272,1272,0.0,6.0,0.0,3,2,2,1,2,0,1,0
411839,2031,0.0,3.0,0.0,2,1,1,2,1,0,1,0
412047,3826,0.0,3.0,1.0,1,1,1,1,0,0,1,0
412106,1871,0.0,3.0,1.0,16,3,1,3,14,0,2,0
41213,4693,0.0,8.0,0.0,3,1,1,2,2,0,1,0
41252,742,0.0,5.0,0.0,5,1,1,2,3,0,1,1
412798,1355,0.0,0.0,0.0,1,1,1,1,0,0,1,0
413385,4976,0.0,3.0,0.0,28,17,5,5,19,0,3,6
413547,4577,0.0,3.0,1.0,9,4,4,1,5,0,4,0
414327,2440,0.0,3.0,0.0,3,2,1,1,2,0,1,0
414516,2915,0.0,4.0,0.0,5,2,2,1,4,0,1,0
414814,2459,0.0,5.0,0.0,10,4,2,2,8,0,2,0
41489,3689,0.0,2.0,null,18,10,6,4,10,0,8,0
415145,1618,0.0,0.0,0.0,4,1,1,1,3,0,1,0
415554,3433,0.0,6.0,0.0,4,1,1,2,3,0,1,0
415876,1900,0.0,3.0,1.0,5,2,1,1,4,0,1,0
416026,1272,0.0,3.0,0.0,4,1,1,1,3,0,1,0
416059,2173,0.0,2.0,0.0,1,1,1,1,0,0,1,0
416652,2592,0.0,4.0,1.0,36,11,4,3,35,0,1,0
416726,4305,0.0,4.0,0.0,1,1,1,1,0,0,1,0
416777,682,0.0,3.0,0.0,3,2,1,1,2,0,1,0
416917,2537,0.0,3.0,0.0,3,1,1,1,2,0,1,0
417043,2579,0.0,4.0,0.0,7,4,1,1,6,0,1,0
417357,3350,0.0,2.0,0.0,5,1,1,4,4,0,1,0
417806,412,0.0,0.0,0.0,38,26,12,3,36,0,2,0
418032,4372,0.0,0.0,1.0,2,1,1,1,1,0,1,0
418410,4044,0.0,0.0,0.0,62,37,8,8,52,0,1,9
418609,4225,0.0,3.0,0.0,3,2,1,1,2,0,1,0
419319,2217,0.0,4.0,0.0,19,11,2,4,18,0,1,0
419412,1340,0.0,0.0,null,9,4,3,2,7,0,1,1
419690,3955,0.0,0.0,0.0,10,3,1,1,8,0,1,1
420438,3536,1.0,6.0,0.0,3,1,1,1,2,0,1,0
4205,1499,0.0,3.0,0.0,1,1,1,1,0,0,1,0
420998,2562,0.0,2.0,1.0,3,2,1,1,2,0,1,0
421287,1918,0.0,4.0,1.0,12,4,2,4,10,0,1,1
421334,4760,0.0,2.0,1.0,15,9,5,1,14,0,1,0
42195,4856,0.0,3.0,1.0,7,1,1,1,6,0,1,0
422139,3602,0.0,2.0,0.0,1,1,1,1,0,0,1,0
422169,3835,0.0,0.0,1.0,4,1,1,1,3,0,1,0
422805,3968,0.0,2.0,0.0,1,1,1,1,0,0,1,0
423791,1890,0.0,3.0,0.0,15,2,1,3,14,0,1,0
424110,1000,0.0,2.0,0.0,3,1,1,2,2,0,1,0
42500,4267,0.0,4.0,0.0,9,2,1,2,8,0,1,0
42531,3701,0.0,6.0,0.0,2,1,1,1,1,0,1,0
4264,1825,0.0,0.0,0.0,4,1,1,1,3,0,1,0
42737,4322,0.0,3.0,1.0,2,1,1,2,1,0,1,0
42767,1132,0.0,2.0,1.0,2,1,1,1,1,0,1,0
43489,2066,0.0,4.0,0.0,4,1,1,2,2,0,1,1
44252,3524,0.0,6.0,0.0,3,1,1,1,2,0,1,0
44363,4346,0.0,3.0,0.0,12,6,3,2,10,0,2,0
44682,1788,0.0,3.0,1.0,2,1,1,1,1,0,1,0
4488,3455,0.0,0.0,0.0,10,2,1,2,9,0,1,0
44909,296,0.0,3.0,0.0,2,1,1,1,1,0,1,0
44931,1425,0.0,3.0,0.0,6,1,1,2,4,0,1,1
451,2124,0.0,6.0,0.0,41,5,1,1,39,0,2,0
45159,1557,0.0,0.0,1.0,4,1,1,1,3,0,1,0
45422,4864,1.0,0.0,0.0,7,1,1,1,6,0,1,0
45909,1356,0.0,4.0,1.0,1,1,1,1,0,0,1,0
461,1501,0.0,2.0,0.0,43,16,2,4,40,2,1,0
46348,2766,0.0,0.0,0.0,5,2,2,1,4,0,1,0
46410,1861,0.0,4.0,0.0,1,1,1,1,0,0,1,0
46967,1399,0.0,4.0,1.0,34,9,1,5,30,0,1,3
47071,1168,0.0,0.0,0.0,3,1,1,1,2,0,1,0
47368,4294,0.0,0.0,0.0,2,1,1,1,1,0,1,0
47600,1056,0.0,4.0,0.0,17,8,4,6,15,0,1,1
47795,4731,0.0,4.0,1.0,25,9,3,2,22,0,3,0
48225,474,0.0,3.0,1.0,20,8,7,1,16,0,4,0
48226,3578,1.0,5.0,0.0,48,11,2,5,38,0,1,9
48257,1618,0.0,6.0,0.0,164,50,7,9,150,0,4,10
48463,4444,0.0,7.0,0.0,5,2,2,1,3,0,2,0
48860,3103,0.0,5.0,0.0,11,2,1,1,9,0,2,0
49317,145,0.0,3.0,0.0,13,5,1,2,12,0,1,0
49323,3844,0.0,0.0,0.0,3,1,1,1,2,0,1,0
500,4527,0.0,0.0,0.0,11,3,1,2,10,0,1,0
50007,4618,0.0,2.0,0.0,1,1,1,1,0,0,1,0
50118,1833,0.0,4.0,0.0,14,5,2,2,12,0,1,1
50331,1200,0.0,4.0,0.0,13,2,1,1,7,0,6,0
50723,778,0.0,2.0,0.0,5,1,1,3,3,0,1,1
51000,4864,0.0,5.0,1.0,9,3,2,2,8,0,1,0
51250,2821,0.0,0.0,0.0,7,2,1,3,6,0,1,0
51317,1423,0.0,4.0,0.0,3,1,1,1,2,0,1,0
52268,3419,0.0,3.0,0.0,2,1,1,1,1,0,1,0
52912,2167,0.0,2.0,0.0,5,2,1,1,4,0,1,0
53080,4043,0.0,5.0,0.0,5,3,1,2,3,0,2,0
53905,1168,0.0,0.0,0.0,5,2,1,1,4,0,1,0
5402,1850,0.0,3.0,1.0,7,3,1,3,6,0,1,0
54365,4571,0.0,4.0,0.0,4,2,2,1,3,0,1,0
54447,4282,0.0,3.0,1.0,27,17,6,3,26,0,1,0
54682,3723,0.0,2.0,0.0,6,1,1,2,5,0,1,0
54779,121,0.0,0.0,0.0,33,15,5,3,29,0,4,0
5501,4234,0.0,0.0,1.0,5,3,2,2,4,0,1,0
559,3014,0.0,3.0,0.0,4,1,1,1,3,0,1,0
56237,1346,0.0,0.0,0.0,6,5,1,2,5,0,1,0
56374,4131,1.0,6.0,0.0,3,1,1,1,2,0,1,0
56458,3448,0.0,2.0,1.0,1,1,1,1,0,0,1,0
56696,4982,0.0,2.0,0.0,8,1,1,1,7,0,1,0
56875,2640,0.0,7.0,0.0,11,5,4,3,9,0,1,1
57255,4444,0.0,4.0,0.0,31,18,4,2,24,0,4,3
57519,551,0.0,0.0,0.0,6,2,1,1,5,0,1,0
5795,3308,0.0,0.0,0.0,5,1,1,2,3,0,1,1
58612,798,0.0,0.0,0.0,20,9,5,2,17,0,3,0
58681,4760,0.0,4.0,0.0,20,13,4,2,18,0,2,0
58750,1412,0.0,5.0,0.0,4,1,1,2,3,0,1,0
59214,3984,0.0,6.0,0.0,17,10,6,2,15,0,2,0
59224,2138,0.0,0.0,0.0,7,3,2,1,5,0,2,0
5982,152,0.0,5.0,0.0,2,1,1,1,1,0,1,0
59889,1399,0.0,4.0,0.0,3,1,1,1,2,0,1,0
60160,2026,0.0,0.0,1.0,3,1,1,1,2,0,1,0
60238,1900,0.0,0.0,1.0,3,1,1,2,2,0,1,0
60364,2482,0.0,2.0,0.0,13,2,1,4,10,0,1,2
60412,2935,0.0,3.0,0.0,5,1,1,1,4,0,1,0
60767,510,0.0,0.0,0.0,2,2,2,2,1,0,1,0
61029,1963,0.0,4.0,1.0,11,4,1,1,10,0,1,0
61230,3965,1.0,3.0,0.0,11,5,1,1,10,0,1,0
61501,3925,0.0,4.0,0.0,1,1,1,1,0,0,1,0
6205,4173,0.0,0.0,2.0,2,1,1,1,1,0,1,0
62609,2454,0.0,4.0,1.0,11,6,3,2,8,0,2,1
63149,3411,0.0,3.0,1.0,17,2,1,2,16,0,1,0
63264,437,0.0,4.0,1.0,13,2,1,1,12,0,1,0
63625,1272,0.0,5.0,0.0,39,15,7,8,38,0,1,0
63821,4992,0.0,4.0,0.0,2,1,1,1,1,0,1,0
64431,3828,1.0,4.0,0.0,28,25,7,4,19,0,5,4
64510,416,0.0,4.0,0.0,3,2,1,1,2,0,1,0
64740,2669,0.0,3.0,0.0,10,2,1,4,7,0,1,2
64809,915,0.0,5.0,1.0,89,34,4,19,80,0,1,8
6507,1830,0.0,3.0,0.0,2,2,2,1,1,0,1,0
6567,1760,0.0,0.0,0.0,7,2,1,1,6,0,1,0
65718,4693,0.0,0.0,1.0,4,2,1,1,3,0,1,0
6585,1499,0.0,3.0,0.0,6,2,1,1,4,0,1,1
65868,4571,0.0,0.0,0.0,2,1,1,1,1,0,1,0
65944,786,0.0,6.0,0.0,1,1,1,1,0,0,1,0
66139,2248,1.0,4.0,1.0,10,3,1,2,7,0,3,0
66197,3826,0.0,4.0,0.0,1,1,1,1,0,0,1,0
66810,963,0.0,2.0,1.0,5,3,1,2,4,0,1,0
67458,976,0.0,6.0,0.0,4,2,1,1,3,0,1,0
67707,3635,0.0,4.0,1.0,8,1,1,1,5,0,2,1
67932,3266,0.0,3.0,0.0,6,1,1,2,5,0,1,0
68086,4173,0.0,0.0,1.0,8,5,2,1,6,0,2,0
68411,4173,0.0,5.0,0.0,29,10,4,5,28,0,1,0
68488,1284,0.0,3.0,0.0,2,1,1,1,1,0,1,0
68770,2318,1.0,2.0,0.0,4,1,1,1,2,0,2,0
68884,4976,0.0,0.0,0.0,31,21,7,2,30,0,1,0
6902,320,0.0,3.0,0.0,1,1,1,1,0,0,1,0
69074,1679,0.0,6.0,0.0,11,8,5,2,10,0,1,0
69647,798,0.0,0.0,0.0,17,5,5,1,15,0,2,0
6982,2108,0.0,3.0,1.0,3,1,1,1,2,0,1,0
70029,3126,0.0,5.0,0.0,6,1,1,2,5,0,1,0
70231,3665,1.0,4.0,1.0,10,2,1,1,9,0,1,0
7047,3022,0.0,5.0,1.0,3,2,1,1,2,0,1,0
70923,915,0.0,0.0,0.0,10,1,1,5,7,0,1,2
7100,1193,0.0,5.0,0.0,1,1,1,1,0,0,1,0
7190,4173,0.0,2.0,0.0,13,2,1,3,10,0,1,2
71964,2397,0.0,3.0,0.0,23,6,2,3,17,0,2,4
72149,3941,0.0,4.0,0.0,3,1,1,1,2,0,1,0
72311,2417,0.0,3.0,0.0,20,7,3,2,16,0,4,0
72395,4775,1.0,2.0,0.0,49,14,1,5,48,0,1,0
72456,1923,0.0,4.0,0.0,2,1,1,1,1,0,1,0
72557,3484,0.0,4.0,0.0,30,9,2,4,27,0,1,2
73479,4336,0.0,5.0,0.0,1,1,1,1,0,0,1,0
73514,1491,0.0,4.0,1.0,2,1,1,1,1,0,1,0
73821,1203,0.0,5.0,1.0,2,1,1,1,1,0,1,0
73821,1724,0.0,5.0,1.0,1,1,1,1,0,0,1,0
74159,63,0.0,3.0,0.0,1,1,1,1,0,0,1,0
74815,2537,0.0,7.0,0.0,9,2,2,1,8,0,1,0
75212,2935,0.0,0.0,0.0,3,1,1,1,2,0,1,0
75394,121,0.0,5.0,0.0,16,9,3,2,12,0,4,0
75403,1618,0.0,7.0,1.0,16,3,3,4,15,0,1,0
75852,3828,0.0,6.0,0.0,31,19,11,6,28,0,3,0
7590,2318,0.0,6.0,0.0,2,1,1,1,1,0,1,0
76331,2014,0.0,0.0,0.0,37,24,3,4,35,0,2,0
76598,258,0.0,4.0,0.0,11,6,1,1,9,0,2,0
76683,4234,0.0,5.0,0.0,10,6,4,2,8,0,2,0
77028,145,0.0,2.0,0.0,1,1,1,1,0,0,1,0
77155,4022,0.0,4.0,0.0,5,1,1,2,4,0,1,0
77267,1923,0.0,5.0,0.0,12,5,2,1,11,0,1,0
77680,608,0.0,0.0,0.0,20,5,2,4,17,0,1,2
77904,4756,0.0,0.0,0.0,2,1,1,1,1,0,1,0
78275,1494,0.0,6.0,0.0,7,1,1,1,5,0,1,1
78753,3956,0.0,4.0,1.0,2,1,1,1,1,0,1,0
78761,4354,0.0,6.0,0.0,10,4,1,4,6,2,2,0
79347,1339,0.0,0.0,0.0,2,1,1,1,1,0,1,0
79363,3410,0.0,2.0,0.0,1,1,1,1,0,0,1,0
80297,2273,0.0,4.0,0.0,2,1,1,1,1,0,1,0
80323,2669,0.0,7.0,0.0,26,15,6,4,19,0,2,5
80437,4245,0.0,4.0,0.0,3,2,2,1,2,0,1,0
80625,4415,0.0,2.0,1.0,2,1,1,2,0,0,1,1
80843,4427,0.0,0.0,0.0,2,1,1,1,0,0,1,1
80886,1276,0.0,2.0,1.0,15,3,1,2,14,0,1,0
81154,1910,0.0,0.0,0.0,7,3,2,1,6,0,1,0
81682,4137,0.0,3.0,0.0,1,1,1,1,0,0,1,0
82041,786,0.0,2.0,0.0,3,1,1,1,2,0,1,0
82152,2066,0.0,0.0,0.0,8,4,1,1,7,0,1,0
82174,3350,0.0,0.0,0.0,2,1,1,1,1,0,1,0
82484,4850,0.0,5.0,0.0,81,43,13,2,64,0,9,8
82925,2403,0.0,5.0,0.0,59,34,2,2,58,0,1,0
83199,1892,1.0,4.0,1.0,14,6,3,1,9,0,5,0
83628,1910,0.0,2.0,0.0,18,3,1,2,15,0,1,2
83743,1435,0.0,3.0,1.0,1,1,1,1,0,0,1,0
83774,4950,0.0,4.0,1.0,16,7,2,1,13,0,3,0
83818,586,0.0,4.0,0.0,53,28,8,3,50,0,2,1
84128,1583,0.0,4.0,1.0,4,1,1,1,3,0,1,0
84622,1816,0.0,3.0,1.0,1,1,1,1,0,0,1,0
84684,1526,0.0,2.0,0.0,1,1,1,1,0,0,1,0
85927,4270,0.0,4.0,0.0,34,16,8,2,32,0,2,0
85996,4708,0.0,5.0,0.0,22,10,9,1,16,0,6,0
86001,3875,0.0,0.0,1.0,6,4,3,1,5,0,1,0
86393,3075,0.0,2.0,0.0,2,1,1,2,0,0,1,1
86646,653,0.0,7.0,1.0,4,1,1,1,3,0,1,0
86735,730,0.0,4.0,0.0,53,24,5,5,36,0,4,13
86861,1538,0.0,0.0,0.0,4,1,1,1,3,0,1,0
86872,3103,0.0,4.0,1.0,4,2,1,1,3,0,1,0
86900,2537,0.0,0.0,0.0,8,5,2,1,7,0,1,0
87064,4585,0.0,4.0,1.0,11,3,1,1,10,0,1,0
87322,4079,0.0,6.0,null,4,1,1,1,1,0,3,0
87348,424,0.0,3.0,0.0,6,1,1,1,4,0,2,0
87453,3471,0.0,6.0,0.0,1,1,1,1,0,0,1,0
87635,574,0.0,3.0,1.0,2,1,1,2,1,0,1,0
87949,4950,0.0,4.0,1.0,59,3,1,1,58,0,1,0
88112,1435,0.0,4.0,0.0,3,1,1,1,2,0,1,0
88377,1117,0.0,4.0,1.0,76,29,11,7,70,0,6,0
88613,102,0.0,3.0,2.0,8,4,2,1,7,0,1,0
88678,4730,0.0,2.0,0.0,2,1,1,1,1,0,1,0
88729,3436,0.0,5.0,1.0,3,1,1,1,2,0,1,0
89208,4480,0.0,0.0,0.0,26,16,3,3,25,0,1,0
89645,4856,0.0,2.0,0.0,17,4,1,1,16,0,1,0
89680,1816,0.0,3.0,1.0,22,11,4,2,21,0,1,0
90461,2138,0.0,4.0,0.0,5,3,3,1,4,0,1,0
90470,1168,0.0,4.0,0.0,16,7,4,1,10,0,2,4
90559,1150,0.0,4.0,0.0,8,4,4,1,4,0,4,0
90593,4044,0.0,3.0,1.0,3,1,1,1,2,0,1,0
90734,2229,0.0,7.0,0.0,3,1,1,1,2,0,1,0
90747,474,0.0,3.0,0.0,2,1,1,1,1,0,1,0
91349,1861,0.0,0.0,1.0,19,6,1,1,18,0,1,0
91855,4976,0.0,3.0,0.0,6,4,1,3,5,0,1,0
92149,1875,0.0,5.0,0.0,6,5,3,1,5,0,1,0
9216,416,1.0,0.0,0.0,7,4,3,1,6,0,1,0
92409,2102,0.0,3.0,0.0,2,1,1,1,1,0,1,0
9290,3607,0.0,0.0,2.0,13,2,2,2,11,0,2,0
93912,4219,0.0,3.0,1.0,4,1,1,1,3,0,1,0
94042,2148,0.0,0.0,0.0,3,2,1,1,2,0,1,0
94207,1102,1.0,4.0,0.0,60,12,5,3,58,0,2,0
94510,2031,0.0,3.0,0.0,6,2,1,1,5,0,1,0
94834,4050,0.0,2.0,0.0,3,1,1,2,2,0,1,0
94933,4755,0.0,4.0,0.0,2,1,1,1,1,0,1,0
95267,1679,0.0,2.0,1.0,1,1,1,1,0,0,1,0
95939,1840,0.0,6.0,0.0,8,2,1,1,6,0,2,0
96054,1126,0.0,2.0,0.0,24,9,5,3,21,0,1,2
96336,2787,0.0,0.0,1.0,4,1,1,1,3,0,1,0
96553,2128,0.0,0.0,0.0,4,2,1,2,3,0,1,0
96733,1861,0.0,0.0,0.0,1,1,1,1,0,0,1,0
9701,2273,0.0,0.0,0.0,4,2,1,1,3,0,1,0
97055,2450,0.0,3.0,0.0,4,3,1,1,3,0,1,0
97279,4469,0.0,0.0,0.0,3,1,1,1,2,0,1,0
97374,1472,0.0,3.0,0.0,16,3,1,5,13,0,2,1
97659,2273,0.0,5.0,0.0,7,2,1,1,6,0,1,0
97722,4739,0.0,6.0,0.0,7,3,2,2,6,0,1,0
97932,2869,0.0,4.0,0.0,2,1,1,1,1,0,1,0
97996,2144,0.0,5.0,0.0,18,2,1,6,16,0,1,1
98097,3236,0.0,6.0,0.0,15,4,1,3,10,0,1,4
98146,416,0.0,0.0,0.0,13,7,2,2,11,0,2,0
98149,3990,0.0,0.0,0.0,47,6,5,7,42,0,3,2
98592,3624,0.0,3.0,0.0,2,1,1,1,1,0,1,0
98850,4760,0.0,3.0,1.0,26,7,4,5,24,0,1,1
99016,1187,0.0,6.0,1.0,1,1,1,1,0,0,1,0
99941,4672,0.0,0.0,0.0,3,2,2,1,2,0,1,0
