100315,1916,0.0,5.0,1.0,3,2,1,2,2,0,1,0
101574,1489,0.0,3.0,0.0,17,9,2,1,16,0,1,0
101766,4808,0.0,2.0,0.0,2,1,1,1,1,0,1,0
102520,3578,0.0,4.0,2.0,2,1,1,1,1,0,1,0
102617,1435,0.0,0.0,1.0,18,10,2,2,17,0,1,0
102841,1892,0.0,3.0,0.0,3,1,1,1,2,0,1,0
103665,2448,1.0,3.0,1.0,3,1,1,1,2,0,1,0
103790,4607,0.0,4.0,0.0,18,4,2,3,16,0,1,1
103930,1943,0.0,2.0,1.0,7,1,1,1,6,0,1,0
104369,1999,0.0,4.0,1.0,23,5,1,3,22,0,1,0
104451,963,0.0,2.0,1.0,7,5,1,2,6,0,1,0
104686,4444,0.0,5.0,0.0,37,15,3,2,32,0,5,0
104988,3734,0.0,2.0,1.0,2,1,1,1,1,0,1,0
105054,742,0.0,0.0,0.0,1,1,1,1,0,0,1,0
105101,1557,0.0,2.0,1.0,18,7,3,3,13,0,1,4
105443,1499,1.0,4.0,0.0,8,2,2,3,5,0,1,2
105497,4747,0.0,4.0,0.0,4,1,1,1,1,0,3,0
105544,3396,0.0,6.0,1.0,7,4,1,1,6,0,1,0
105696,1618,0.0,0.0,0.0,3,2,1,1,2,0,1,0
105772,4044,0.0,3.0,0.0,109,57,12,5,102,0,1,6
106825,4760,0.0,0.0,0.0,9,6,3,2,7,0,1,1
106930,4502,0.0,3.0,0.0,7,1,1,2,6,0,1,0
107258,951,0.0,0.0,0.0,1,1,1,1,0,0,1,0
107966,1300,0.0,4.0,0.0,5,1,1,1,4,0,1,0
10919,2435,1.0,3.0,0.0,35,12,2,2,31,0,2,2
109335,4926,0.0,3.0,0.0,1,1,1,1,0,0,1,0
10943,3578,0.0,4.0,0.0,3,1,1,1,2,0,1,0
109517,3828,0.0,0.0,1.0,11,5,3,1,9,0,1,1
109692,3578,0.0,6.0,0.0,8,7,2,1,7,0,1,0
109830,3484,0.0,4.0,0.0,56,19,3,6,53,0,1,2
110249,598,0.0,0.0,1.0,5,4,3,2,4,0,1,0
110744,1892,0.0,0.0,0.0,10,2,1,2,8,0,1,1
111526,1605,0.0,4.0,0.0,6,1,1,1,5,0,1,0
111546,798,0.0,3.0,0.0,12,8,6,1,10,0,2,0
111667,4079,0.0,3.0,1.0,7,2,1,1,6,0,1,0
111693,2193,0.0,0.0,0.0,2,2,1,1,0,0,2,0
11176,3646,0.0,4.0,1.0,3,2,1,1,2,0,1,0
111954,4864,0.0,0.0,0.0,6,2,2,1,5,0,1,0
112028,2318,0.0,3.0,0.0,10,2,1,1,8,0,2,0
112321,1134,0.0,2.0,0.0,3,1,1,1,2,0,1,0
112336,4281,0.0,3.0,0.0,3,1,1,1,1,0,2,0
112766,1346,0.0,3.0,0.0,3,1,1,1,2,0,1,0
113016,1272,0.0,0.0,0.0,15,4,2,2,12,2,1,0
113159,4049,0.0,4.0,2.0,28,15,7,2,20,0,6,2
113506,2981,0.0,2.0,0.0,2,1,1,1,1,0,1,0
113880,4760,0.0,3.0,1.0,2,1,1,2,1,0,1,0
114433,2766,0.0,6.0,0.0,6,2,1,3,5,0,1,0
114780,4710,0.0,2.0,0.0,4,1,1,3,3,0,1,0
114915,3952,0.0,0.0,0.0,16,7,5,3,14,0,1,1
115482,1890,0.0,4.0,0.0,3,1,1,2,0,1,2,0
115517,2278,0.0,0.0,1.0,12,2,2,2,11,0,1,0
11561,4427,0.0,0.0,0.0,2,1,1,1,1,0,1,0
115653,4044,0.0,3.0,0.0,5,3,1,3,3,0,1,1
116082,2928,0.0,4.0,0.0,14,8,2,1,11,0,2,1
116242,4162,0.0,3.0,0.0,1,1,1,1,0,0,1,0
116752,3979,0.0,3.0,1.0,21,2,2,2,20,0,1,0
116801,66,0.0,3.0,0.0,6,2,1,2,5,0,1,0
117303,2768,0.0,3.0,0.0,11,9,5,1,9,0,2,0
117381,3773,0.0,3.0,0.0,3,1,1,1,2,0,1,0
117652,596,0.0,0.0,0.0,3,1,1,1,2,0,1,0
11787,2730,0.0,6.0,0.0,5,2,2,1,4,0,1,0
117946,3971,0.0,2.0,1.0,2,1,1,1,1,0,1,0
118514,3509,0.0,0.0,0.0,3,1,1,2,1,0,1,1
118789,3536,0.0,0.0,0.0,4,1,1,1,3,0,1,0
118998,1749,0.0,2.0,0.0,3,2,1,1,0,0,1,2
1192,2273,0.0,3.0,0.0,4,1,1,2,2,0,1,1
119533,1892,0.0,3.0,1.0,31,13,5,2,28,0,3,0
12015,1031,0.0,3.0,0.0,3,1,1,1,2,0,1,0
120430,3015,0.0,4.0,0.0,13,4,2,4,12,0,1,0
120813,2709,0.0,4.0,0.0,12,4,2,2,9,0,2,1
122407,2193,0.0,0.0,0.0,6,2,2,3,5,0,1,0
122710,4982,0.0,0.0,0.0,9,1,1,1,7,0,1,1
122804,2066,0.0,3.0,0.0,23,13,1,2,21,0,1,1
122894,10,0.0,3.0,0.0,21,8,4,3,19,0,1,1
122952,4976,0.0,6.0,0.0,6,2,1,3,5,0,1,0
12304,3990,0.0,3.0,1.0,5,2,1,1,4,0,1,0
123418,2283,0.0,5.0,2.0,2,2,1,1,0,0,2,0
123479,1022,0.0,3.0,0.0,20,13,1,4,11,0,9,0
123551,3763,0.0,3.0,0.0,9,3,1,1,7,0,2,0
124295,4234,0.0,4.0,0.0,20,12,5,1,18,0,2,0
124362,827,0.0,3.0,1.0,3,2,1,2,2,0,1,0
12453,598,1.0,3.0,1.0,50,33,3,11,49,0,1,0
125226,3105,0.0,5.0,0.0,13,2,1,2,11,0,1,1
125736,4022,0.0,0.0,0.0,10,4,2,2,7,0,3,0
126432,3637,1.0,4.0,0.0,3,1,1,2,2,0,1,0
126797,2273,0.0,3.0,0.0,6,2,2,2,5,0,1,0
127087,4648,0.0,0.0,0.0,8,4,1,1,7,0,1,0
127293,2440,1.0,3.0,0.0,1,1,1,1,0,0,1,0
127665,343,0.0,2.0,0.0,5,2,2,1,4,0,1,0
12769,2173,0.0,4.0,0.0,3,2,2,2,1,0,1,1
127857,4171,0.0,3.0,0.0,6,1,1,1,5,0,1,0
127957,3080,0.0,5.0,1.0,2,1,1,1,1,0,1,0
128547,4131,0.0,6.0,0.0,2,1,1,1,1,0,1,0
128956,4316,0.0,4.0,2.0,1,1,1,1,0,0,1,0
129264,254,0.0,0.0,0.0,1,1,1,1,0,0,1,0
129568,2565,0.0,6.0,0.0,11,7,1,1,10,0,1,0
129610,3968,0.0,3.0,0.0,7,5,4,3,4,0,3,0
129696,323,0.0,0.0,0.0,8,6,1,1,7,0,1,0
129722,2102,0.0,2.0,0.0,2,1,1,1,1,0,1,0
130092,760,0.0,4.0,1.0,5,3,2,1,3,0,2,0
130948,4858,0.0,4.0,0.0,1,1,1,1,0,0,1,0
131786,3826,0.0,2.0,0.0,7,2,2,3,6,0,1,0
132379,3826,0.0,3.0,1.0,2,1,1,1,1,0,1,0
132535,310,0.0,3.0,0.0,1,1,1,1,0,0,1,0
132877,4173,0.0,3.0,0.0,4,2,2,2,1,1,1,1
132906,685,0.0,2.0,0.0,2,2,1,2,0,0,1,1
133004,1640,0.0,4.0,1.0,7,2,2,1,6,0,1,0
133111,4760,0.0,0.0,1.0,13,2,2,2,11,0,2,0
134257,2318,0.0,6.0,1.0,3,1,1,1,2,0,1,0
13441,152,0.0,0.0,0.0,16,6,2,5,13,0,1,2
134624,1851,0.0,6.0,0.0,13,6,4,1,12,0,1,0
135052,3022,0.0,4.0,0.0,4,1,1,2,3,0,1,0
135138,4976,0.0,0.0,0.0,19,9,6,6,17,0,1,1
135255,2811,0.0,2.0,1.0,3,1,1,1,2,0,1,0
135528,3984,0.0,7.0,0.0,22,7,3,2,21,0,1,0
135780,4026,0.0,0.0,0.0,1,1,1,1,0,0,1,0
135942,951,0.0,3.0,0.0,3,1,1,1,2,0,1,0
136067,3906,0.0,0.0,0.0,2,1,1,1,1,0,1,0
136226,1472,0.0,4.0,2.0,21,8,1,2,20,0,1,0
136267,794,0.0,4.0,0.0,13,3,1,1,12,0,1,0
136368,4042,0.0,2.0,0.0,1,1,1,1,0,0,1,0
136458,2124,0.0,0.0,1.0,47,13,1,2,46,0,1,0
136464,1918,1.0,0.0,0.0,25,9,3,3,24,0,1,0
137246,2668,0.0,0.0,0.0,2,1,1,1,0,0,2,0
137600,2066,0.0,2.0,1.0,2,1,1,1,1,0,1,0
137624,3085,0.0,4.0,0.0,7,2,1,2,5,0,2,0
137720,1538,1.0,0.0,0.0,3,1,1,2,1,0,1,1
137729,2791,0.0,3.0,1.0,4,2,2,1,3,0,1,0
13804,4044,0.0,6.0,0.0,36,20,6,3,34,0,1,1
13819,515,0.0,2.0,0.0,3,1,1,2,1,0,1,1
138432,310,0.0,4.0,1.0,9,2,2,2,8,0,1,0
138720,4579,0.0,3.0,0.0,6,1,1,1,4,0,1,1
138800,48,0.0,3.0,1.0,16,5,1,2,13,2,1,0
138809,1884,0.0,6.0,1.0,3,1,1,1,2,0,1,0
139611,4042,0.0,3.0,0.0,2,1,1,1,1,0,1,0
139970,1499,0.0,4.0,0.0,9,5,3,1,8,0,1,0
140858,1760,0.0,3.0,0.0,1,1,1,1,0,0,1,0
141393,552,0.0,0.0,0.0,2,1,1,1,1,0,1,0
141575,4090,0.0,0.0,0.0,1,1,1,1,0,0,1,0
141857,1131,0.0,0.0,1.0,29,11,4,2,25,1,2,1
142298,4919,0.0,2.0,0.0,6,2,1,1,5,0,1,0
143243,3710,0.0,4.0,0.0,2,1,1,1,1,0,1,0
143267,4163,0.0,5.0,0.0,8,1,1,1,7,0,1,0
143459,121,0.0,5.0,0.0,13,3,1,2,11,0,2,0
143784,3345,0.0,0.0,0.0,7,3,2,1,6,0,1,0
144020,4860,0.0,3.0,1.0,10,3,1,1,8,0,2,0
144110,1679,0.0,5.0,0.0,32,13,5,2,27,0,5,0
144248,643,0.0,0.0,0.0,7,4,3,2,5,0,2,0
144804,606,0.0,6.0,0.0,88,58,12,7,74,0,2,12
145761,1840,0.0,3.0,0.0,2,1,1,1,1,0,1,0
146044,3152,0.0,3.0,1.0,2,1,1,1,0,0,2,0
146223,4173,0.0,5.0,0.0,20,11,4,2,19,0,1,0
146225,3143,0.0,0.0,0.0,2,2,1,1,0,0,2,0
146842,3448,0.0,4.0,0.0,17,8,1,1,16,0,1,0
147136,2668,0.0,0.0,0.0,3,2,2,1,2,0,1,0
147584,3753,0.0,7.0,1.0,10,3,2,1,8,0,2,0
147613,141,0.0,0.0,0.0,9,6,3,1,8,0,1,0
147776,3826,0.0,2.0,0.0,5,1,1,1,4,0,1,0
147824,2031,0.0,3.0,1.0,9,1,1,3,8,0,1,0
147963,835,0.0,4.0,1.0,4,2,1,1,3,0,1,0
147990,2217,0.0,0.0,0.0,2,1,1,1,1,0,1,0
148286,1760,1.0,5.0,0.0,1,1,1,1,0,0,1,0
148347,241,0.0,4.0,1.0,2,1,1,1,1,0,1,0
148466,2545,0.0,4.0,1.0,1,1,1,1,0,0,1,0
148677,4818,1.0,2.0,1.0,18,11,4,6,16,0,1,1
1487,742,0.0,3.0,0.0,1,1,1,1,0,0,1,0
148778,200,0.0,7.0,1.0,1,1,1,1,0,0,1,0
149370,3350,0.0,0.0,0.0,3,1,1,1,2,0,1,0
149522,191,0.0,3.0,2.0,10,4,3,2,8,0,2,0
149728,3870,0.0,5.0,0.0,49,25,2,5,43,0,2,4
149894,3085,0.0,0.0,0.0,21,11,3,2,15,0,2,4
150293,2565,0.0,3.0,0.0,9,1,1,3,6,0,2,1
150577,168,0.0,4.0,0.0,2,1,1,1,1,0,1,0
150777,4173,0.0,4.0,1.0,1,1,1,1,0,0,1,0
151852,3971,1.0,4.0,1.0,7,1,1,3,5,0,1,1
15271,1274,0.0,5.0,0.0,3,1,1,1,2,0,1,0
153368,3609,1.0,6.0,0.0,89,18,2,6,78,0,10,1
153877,4427,0.0,3.0,0.0,1,1,1,1,0,0,1,0
154575,3536,0.0,5.0,1.0,4,1,1,1,3,0,1,0
15486,3410,0.0,3.0,0.0,2,1,1,1,1,0,1,0
155070,3014,0.0,0.0,0.0,5,2,1,1,4,0,1,0
155763,1619,1.0,0.0,1.0,15,7,1,1,14,0,1,0
157240,2138,0.0,0.0,0.0,13,6,4,2,10,0,3,0
157257,2721,0.0,2.0,0.0,5,1,1,3,3,0,1,1
157637,773,0.0,3.0,0.0,8,4,3,2,6,0,2,0
15810,4048,0.0,2.0,0.0,5,3,1,1,4,0,1,0
158207,152,0.0,0.0,0.0,3,1,1,1,2,0,1,0
158478,4287,0.0,3.0,2.0,6,3,2,2,5,0,1,0
15876,4170,0.0,0.0,0.0,9,1,1,3,7,0,1,1
159082,145,0.0,4.0,0.0,4,2,1,2,3,0,1,0
160241,4256,0.0,3.0,0.0,2,1,1,1,0,0,2,0
160389,1895,0.0,3.0,0.0,12,4,2,1,11,0,1,0
160583,1833,1.0,5.0,1.0,21,10,3,3,20,0,1,0
160625,2257,0.0,0.0,1.0,4,1,1,3,3,0,1,0
160847,4143,1.0,6.0,1.0,4,1,1,3,3,0,1,0
161316,4976,0.0,5.0,0.0,19,9,1,1,18,0,1,0
161893,4697,0.0,7.0,0.0,4,1,1,1,3,0,1,0
162238,1703,0.0,0.0,0.0,4,2,1,2,3,0,1,0
162508,643,0.0,5.0,0.0,25,14,4,3,22,0,3,0
163161,1899,0.0,3.0,1.0,4,1,1,1,3,0,1,0
163297,2928,0.0,5.0,0.0,2,1,1,1,0,0,1,1
163340,4950,0.0,3.0,0.0,1,1,1,1,0,0,1,0
163356,818,0.0,5.0,1.0,4,2,1,1,2,0,2,0
164254,2144,0.0,0.0,0.0,5,3,2,1,4,0,1,0
164408,262,0.0,7.0,0.0,1,1,1,1,0,0,1,0
164516,4173,0.0,5.0,0.0,106,66,6,8,104,0,2,0
164752,4015,0.0,4.0,0.0,3,1,1,1,2,0,1,0
164798,4659,0.0,3.0,0.0,26,13,11,3,14,0,2,10
165165,798,0.0,6.0,1.0,11,5,5,1,8,0,3,0
16544,437,0.0,3.0,0.0,23,13,2,2,22,0,1,0
165806,219,0.0,0.0,0.0,5,3,1,1,4,0,1,0
16593,2954,0.0,4.0,1.0,3,1,1,1,2,0,1,0
166046,2952,0.0,2.0,0.0,1,1,1,1,0,0,1,0
166564,4796,1.0,5.0,0.0,6,6,3,1,0,0,6,0
166641,4079,0.0,2.0,1.0,1,1,1,1,0,0,1,0
16679,2273,0.0,0.0,0.0,2,1,1,1,1,0,1,0
167127,71,0.0,2.0,0.0,9,4,3,1,8,0,1,0
167423,3734,0.0,4.0,1.0,6,2,2,3,4,0,1,1
168117,598,0.0,0.0,1.0,13,1,1,2,10,2,1,0
168122,3844,0.0,5.0,0.0,20,9,6,1,16,0,2,2
168386,2031,0.0,2.0,1.0,11,4,1,4,7,0,1,3
168425,2248,0.0,2.0,2.0,5,1,1,2,3,0,1,1
168692,2669,0.0,6.0,0.0,1,1,1,1,0,0,1,0
168842,474,1.0,5.0,1.0,3,1,1,2,2,0,1,0
169089,3835,0.0,5.0,0.0,10,3,2,2,6,0,2,2
169598,1501,0.0,0.0,0.0,14,8,2,2,13,0,1,0
16968,4090,0.0,3.0,0.0,2,1,1,1,1,0,1,0
169700,4534,0.0,0.0,1.0,3,1,1,1,2,0,1,0
169747,121,0.0,0.0,1.0,11,6,3,3,10,0,1,0
17041,121,0.0,6.0,1.0,10,3,3,3,9,0,1,0
170970,3278,0.0,3.0,0.0,2,1,1,1,1,0,1,0
171605,1760,0.0,4.0,0.0,9,2,1,1,8,0,1,0
17189,2148,0.0,2.0,1.0,3,1,1,1,2,0,1,0
172094,1346,0.0,4.0,0.0,5,1,1,1,4,0,1,0
173575,4908,0.0,5.0,0.0,5,1,1,1,4,0,1,0
173611,897,0.0,3.0,0.0,2,1,1,1,1,0,1,0
174120,4864,0.0,5.0,0.0,2,1,1,1,1,0,1,0
174530,3502,0.0,0.0,1.0,2,1,1,1,1,0,1,0
175308,645,0.0,0.0,0.0,2,1,1,1,1,0,1,0
175599,2473,0.0,2.0,0.0,4,2,1,2,2,0,2,0
175797,1074,1.0,4.0,0.0,16,6,2,3,11,0,1,4
175958,1102,0.0,0.0,0.0,239,144,12,20,234,0,1,4
177031,2936,0.0,3.0,1.0,47,7,2,2,45,0,2,0
177062,1742,1.0,5.0,0.0,6,4,1,1,5,0,1,0
177098,2108,0.0,4.0,0.0,38,10,2,1,37,0,1,0
177145,963,0.0,3.0,1.0,11,1,1,1,10,0,1,0
177335,3828,0.0,5.0,0.0,20,7,3,3,17,0,1,2
177581,1131,0.0,5.0,1.0,7,1,1,1,6,0,1,0
177736,1760,0.0,2.0,0.0,21,8,2,2,18,0,2,1
178081,2032,0.0,4.0,0.0,9,4,1,2,6,0,3,0
178250,2403,0.0,2.0,0.0,25,15,4,1,24,0,1,0
178263,4564,0.0,0.0,1.0,5,1,1,1,4,0,1,0
178642,2273,0.0,3.0,1.0,3,1,1,1,2,0,1,0
178810,3236,0.0,0.0,0.0,3,1,1,2,2,0,1,0
178897,4760,0.0,4.0,1.0,2,1,1,1,0,0,2,0
179737,1056,0.0,3.0,0.0,8,3,3,3,6,0,1,1
179829,1760,0.0,4.0,0.0,3,3,1,1,0,0,3,0
180958,1487,0.0,6.0,1.0,7,2,1,2,6,0,1,0
181133,798,0.0,3.0,0.0,6,3,3,2,4,0,2,0
181139,1028,0.0,4.0,1.0,13,5,1,4,8,0,2,3
181625,2821,0.0,4.0,0.0,1,1,1,1,0,0,1,0
181942,3611,0.0,4.0,1.0,6,2,1,1,4,0,1,1
182030,4793,0.0,3.0,1.0,6,1,1,1,4,0,2,0
182115,4173,1.0,3.0,0.0,90,33,9,6,88,0,1,1
182122,1451,0.0,5.0,0.0,1,1,1,1,0,0,1,0
18221,4071,0.0,3.0,1.0,2,1,1,1,1,0,1,0
182289,4499,0.0,0.0,0.0,3,1,1,1,2,0,1,0
182611,1618,0.0,3.0,0.0,5,1,1,1,4,0,1,0
182857,2473,0.0,7.0,1.0,18,11,3,1,17,0,1,0
182936,1499,0.0,4.0,0.0,1,1,1,1,0,0,1,0
182952,4173,0.0,3.0,0.0,12,7,5,2,11,0,1,0
183108,2450,0.0,6.0,1.0,2,1,1,1,1,0,1,0
183224,183,0.0,5.0,1.0,3,1,1,1,1,0,2,0
183539,3080,0.0,2.0,1.0,2,1,1,1,1,0,1,0
183720,4650,0.0,0.0,0.0,3,1,1,2,0,0,2,1
184093,2318,0.0,6.0,0.0,2,1,1,1,1,0,1,0
184822,1487,0.0,6.0,0.0,3,1,1,1,2,0,1,0
185855,4755,0.0,2.0,0.0,10,1,1,3,9,0,1,0
186418,3623,0.0,2.0,0.0,13,2,2,1,12,0,1,0
186598,4992,0.0,3.0,0.0,2,1,1,1,1,0,1,0
186763,2436,0.0,4.0,0.0,14,7,4,4,12,0,2,0
186852,1556,0.0,4.0,0.0,2,1,1,1,1,0,1,0
186932,467,0.0,3.0,0.0,5,3,2,3,4,0,1,0
187751,797,0.0,4.0,0.0,3,1,1,1,2,0,1,0
18800,2459,0.0,4.0,0.0,30,15,6,3,26,0,4,0
188362,2592,0.0,0.0,0.0,6,3,3,1,5,0,1,0
188751,4993,0.0,3.0,1.0,2,1,1,1,1,0,1,0
189269,2721,0.0,0.0,0.0,26,15,2,4,25,0,1,0
189435,786,0.0,6.0,0.0,3,1,1,1,2,0,1,0
189641,1527,0.0,6.0,0.0,7,5,2,2,4,0,3,0
189971,3042,0.0,3.0,0.0,19,15,6,2,17,0,2,0
190851,2916,0.0,4.0,0.0,6,3,1,1,5,0,1,0
191038,73,0.0,3.0,0.0,13,5,4,3,11,0,1,1
191214,2565,0.0,5.0,0.0,5,2,1,1,4,0,1,0
191364,2193,0.0,0.0,0.0,4,1,1,1,3,0,1,0
191464,1393,0.0,0.0,0.0,18,11,4,2,17,0,1,0
191887,4894,0.0,4.0,2.0,6,1,1,1,5,0,1,0
19255,2936,0.0,0.0,0.0,3,1,1,1,2,0,1,0
19264,2767,0.0,3.0,0.0,16,7,4,4,13,0,1,2
193269,4444,0.0,3.0,1.0,2,2,1,1,0,0,2,0
193311,4173,1.0,0.0,0.0,9,1,1,1,8,0,1,0
193320,1565,1.0,3.0,1.0,16,3,1,5,12,0,4,0
193529,3971,0.0,3.0,0.0,18,10,1,2,16,0,1,1
194015,219,0.0,0.0,0.0,4,4,1,1,0,0,4,0
194260,63,0.0,3.0,0.0,10,3,3,3,7,0,3,0
194795,682,0.0,2.0,0.0,3,1,1,1,2,0,1,0
195019,2465,0.0,3.0,1.0,20,11,4,1,19,0,1,0
195314,2173,0.0,7.0,0.0,12,3,1,2,10,0,1,1
195692,4858,0.0,5.0,0.0,4,1,1,2,3,0,1,0
195947,4513,0.0,4.0,0.0,8,3,3,2,7,0,1,0
196108,2255,0.0,4.0,0.0,3,1,1,1,2,0,1,0
196897,3205,0.0,4.0,0.0,17,5,1,2,14,0,1,2
197337,4499,0.0,0.0,null,6,1,1,2,4,0,1,1
197376,3885,0.0,6.0,null,10,1,1,2,9,0,1,0
197509,1084,0.0,0.0,0.0,2,1,1,1,1,0,1,0
197786,926,0.0,0.0,0.0,3,1,1,2,1,0,1,1
19797,2972,0.0,3.0,1.0,20,8,5,6,17,0,1,2
198574,1340,0.0,3.0,0.0,2,1,1,1,1,0,1,0
198701,2900,0.0,0.0,0.0,3,1,1,1,2,0,1,0
198887,1073,0.0,2.0,1.0,4,1,1,2,3,0,1,0
199240,3289,0.0,2.0,0.0,4,1,1,3,2,0,1,1
199252,2562,0.0,6.0,1.0,1,1,1,1,0,0,1,0
19937,2283,0.0,0.0,0.0,13,3,2,3,12,0,1,0
199471,4186,0.0,3.0,0.0,39,9,2,2,36,0,1,2
199487,2193,0.0,4.0,1.0,6,1,1,1,5,0,1,0
200217,2482,0.0,4.0,0.0,13,8,6,3,10,0,2,1
20072,3936,0.0,3.0,1.0,15,8,4,2,14,0,1,0
201053,1272,0.0,0.0,0.0,9,4,2,2,8,0,1,0
201643,1393,0.0,0.0,0.0,5,4,4,1,4,0,1,0
201867,2629,0.0,0.0,0.0,2,1,1,1,1,0,1,0
203410,2669,0.0,0.0,0.0,21,9,1,2,20,0,1,0
204041,3392,0.0,4.0,1.0,7,3,1,2,6,0,1,0
205190,351,0.0,5.0,0.0,2,1,1,1,1,0,1,0
205483,323,0.0,4.0,1.0,3,1,1,1,2,0,1,0
20598,1827,0.0,3.0,1.0,7,2,1,3,5,0,1,1
206028,141,0.0,2.0,0.0,32,15,7,7,29,0,1,2
206058,2102,0.0,3.0,0.0,2,2,2,1,0,0,2,0
206292,3938,1.0,3.0,0.0,3,1,1,1,2,0,1,0
206461,4760,0.0,0.0,0.0,3,1,1,1,2,0,1,0
206485,574,0.0,2.0,1.0,19,6,1,5,16,0,1,2
206647,3190,0.0,0.0,0.0,12,3,1,1,8,0,4,0
207058,4926,1.0,4.0,2.0,2,1,1,1,1,0,1,0
208883,1878,0.0,3.0,0.0,8,1,1,1,6,0,2,0
208990,3472,0.0,2.0,1.0,11,6,1,4,9,0,1,1
209259,685,1.0,6.0,0.0,5,3,1,1,3,0,2,0
209395,4850,0.0,0.0,0.0,9,6,4,2,8,0,1,0
20971,1861,0.0,3.0,1.0,4,2,2,1,3,0,1,0
209914,3862,0.0,3.0,2.0,4,2,1,1,3,0,1,0
210872,2935,0.0,3.0,1.0,2,1,1,1,1,0,1,0
210881,219,0.0,4.0,0.0,15,2,1,1,13,0,2,0
210947,361,0.0,5.0,0.0,39,15,2,5,37,0,1,1
21133,1963,0.0,6.0,0.0,3,2,1,1,2,0,1,0
211410,3645,0.0,3.0,0.0,4,1,1,1,3,0,1,0
212023,2093,1.0,6.0,0.0,5,3,2,1,4,0,1,0
2121,3876,0.0,4.0,0.0,6,2,1,1,4,0,2,0
213243,1322,0.0,3.0,0.0,9,5,1,3,8,0,1,0
213661,1472,0.0,0.0,1.0,9,2,1,2,8,0,1,0
214082,2031,0.0,4.0,0.0,4,2,1,1,3,0,1,0
215150,1346,0.0,4.0,1.0,4,2,1,1,3,0,1,0
21577,4760,0.0,3.0,1.0,4,2,2,1,3,0,1,0
215844,4444,1.0,6.0,0.0,23,10,4,1,20,0,3,0
216610,4173,0.0,2.0,0.0,9,3,2,1,6,0,3,0
216731,102,0.0,5.0,0.0,6,1,1,3,5,0,1,0
21674,474,1.0,3.0,0.0,15,7,5,1,14,0,1,0
216964,1457,0.0,0.0,1.0,101,4,1,1,100,0,1,0
217611,4369,0.0,4.0,1.0,4,1,1,2,2,1,1,0
217612,2403,0.0,5.0,0.0,31,6,2,2,23,0,8,0
217779,29,0.0,3.0,0.0,10,3,1,1,9,0,1,0
218004,2294,0.0,4.0,null,4,2,1,1,3,0,1,0
218286,1536,0.0,7.0,0.0,3,1,1,1,2,0,1,0
219551,1049,0.0,6.0,1.0,1,1,1,1,0,0,1,0
220643,1501,0.0,7.0,0.0,6,3,2,3,5,0,1,0
220944,1019,0.0,0.0,0.0,2,1,1,1,0,0,1,1
22103,4042,0.0,6.0,null,2,1,1,2,1,0,1,0
221309,682,1.0,3.0,0.0,1,1,1,1,0,0,1,0
221321,2928,0.0,0.0,0.0,6,2,2,3,5,0,1,0
22135,4768,0.0,0.0,0.0,2,2,1,2,1,0,1,0
221598,4009,0.0,6.0,0.0,9,2,1,3,8,0,1,0
221896,812,0.0,2.0,0.0,2,1,1,1,1,0,1,0
222051,1742,0.0,3.0,1.0,2,1,1,1,1,0,1,0
222314,4107,1.0,5.0,0.0,134,34,10,4,127,0,5,2
222326,3828,0.0,4.0,1.0,25,19,5,2,23,0,2,0
22243,289,0.0,3.0,0.0,9,1,1,2,7,0,1,1
222500,4044,0.0,5.0,0.0,1,1,1,1,0,0,1,0
222577,3323,0.0,4.0,0.0,3,1,1,1,2,0,1,0
223509,4173,0.0,0.0,0.0,4,1,1,1,3,0,1,0
223891,2318,0.0,4.0,0.0,3,1,1,1,2,0,1,0
224010,35,0.0,0.0,1.0,28,7,2,1,27,0,1,0
224830,3727,0.0,0.0,0.0,9,1,1,3,8,0,1,0
224966,4173,0.0,0.0,0.0,1,1,1,1,0,0,1,0
225082,4848,0.0,4.0,0.0,9,4,2,1,7,0,2,0
225554,2273,0.0,3.0,0.0,4,2,1,1,3,0,1,0
225653,4438,0.0,5.0,1.0,2,1,1,1,1,0,1,0
226545,4079,0.0,3.0,0.0,7,1,1,1,6,0,1,0
226720,1943,0.0,3.0,1.0,6,2,2,1,4,0,2,0
22698,503,0.0,3.0,0.0,11,3,1,2,9,0,2,0
227094,4079,0.0,2.0,0.0,4,1,1,1,2,0,2,0
227256,3734,0.0,6.0,0.0,13,5,3,3,11,0,1,1
227267,1399,0.0,4.0,1.0,2,1,1,1,1,0,1,0
22736,3562,0.0,0.0,0.0,3,1,1,1,2,0,1,0
228409,4499,0.0,2.0,0.0,2,1,1,1,1,0,1,0
229324,4198,0.0,7.0,0.0,10,6,2,1,8,0,2,0
229932,2403,0.0,5.0,0.0,25,11,1,2,22,1,2,0
229983,2102,0.0,6.0,0.0,16,9,5,1,12,0,4,0
230057,4966,0.0,3.0,0.0,5,1,1,1,4,0,1,0
230828,2273,0.0,0.0,1.0,2,1,1,1,1,0,1,0
230833,4044,0.0,0.0,1.0,58,21,7,2,54,0,4,0
230861,3956,0.0,3.0,1.0,4,2,2,1,3,0,1,0
2309,1076,0.0,3.0,0.0,4,3,2,2,1,0,1,2
231597,67,0.0,4.0,0.0,3,1,1,2,2,0,1,0
231683,3288,0.0,3.0,0.0,10,1,1,1,6,0,3,1
231790,685,0.0,0.0,0.0,3,1,1,2,2,0,1,0
232274,2976,0.0,4.0,0.0,1,1,1,1,0,0,1,0
232546,3225,0.0,6.0,0.0,6,2,2,1,5,0,1,0
23308,4860,0.0,5.0,0.0,5,1,1,2,4,0,1,0
233822,4173,0.0,4.0,0.0,4,2,2,3,2,0,1,1
233930,2891,0.0,4.0,0.0,2,1,1,1,1,0,1,0
234256,508,0.0,4.0,0.0,4,1,1,1,2,0,2,0
234405,2229,0.0,3.0,0.0,12,8,6,2,9,0,3,0
234826,2465,0.0,0.0,0.0,10,6,2,1,9,0,1,0
234854,361,0.0,0.0,null,2,1,1,1,1,0,1,0
234992,3742,0.0,0.0,0.0,1,1,1,1,0,0,1,0
235323,1763,0.0,5.0,2.0,2,1,1,1,1,0,1,0
23559,1093,0.0,6.0,1.0,5,3,1,1,4,0,1,0
236119,2170,0.0,2.0,1.0,2,1,1,1,1,0,1,0
236320,2108,0.0,4.0,0.0,2,1,1,1,1,0,1,0
237019,2915,0.0,3.0,1.0,20,6,4,1,18,0,2,0
237148,2318,0.0,5.0,1.0,4,3,2,1,2,0,1,1
237159,3073,0.0,5.0,0.0,24,9,1,1,22,0,2,0
237160,3411,0.0,6.0,0.0,3,1,1,1,2,0,1,0
237280,73,0.0,4.0,0.0,8,3,2,3,6,0,2,0
237342,3448,0.0,0.0,2.0,1,1,1,1,0,0,1,0
23753,2649,0.0,4.0,0.0,10,6,2,1,8,0,2,0
237566,3205,0.0,3.0,0.0,8,2,1,2,6,0,2,0
23762,598,0.0,3.0,0.0,26,14,4,10,23,0,1,2
237805,414,0.0,null,null,20,8,2,2,17,0,2,1
238179,4760,1.0,2.0,0.0,13,6,5,1,9,0,4,0
238355,951,0.0,0.0,0.0,5,3,1,2,3,0,1,1
238574,742,0.0,0.0,0.0,2,1,1,1,1,0,1,0
238677,962,0.0,4.0,2.0,18,4,3,2,14,0,3,1
239740,2036,0.0,3.0,0.0,4,1,1,1,3,0,1,0
240299,1892,0.0,4.0,0.0,2,1,1,1,1,0,1,0
240328,1724,0.0,4.0,0.0,14,4,2,1,13,0,1,0
24159,2255,0.0,2.0,1.0,7,1,1,2,6,0,1,0
241639,2537,0.0,3.0,1.0,6,3,1,2,5,0,1,0
241958,798,0.0,4.0,0.0,3,1,1,1,2,0,1,0
243456,1291,0.0,3.0,0.0,3,2,1,1,2,0,1,0
243539,2775,0.0,2.0,0.0,9,3,3,2,7,0,2,0
243978,4690,1.0,4.0,0.0,4,2,1,1,2,0,1,1
244038,296,0.0,4.0,1.0,2,1,1,2,1,0,1,0
244056,2828,0.0,4.0,0.0,24,10,3,5,20,0,1,3
244526,1816,0.0,0.0,1.0,6,3,1,2,4,0,2,0
244994,2081,0.0,6.0,0.0,5,1,1,2,4,0,1,0
245259,1131,0.0,3.0,0.0,11,5,3,2,9,0,2,0
245434,598,0.0,0.0,2.0,26,4,2,2,25,0,1,0
245615,3958,0.0,4.0,0.0,3,1,1,2,2,0,1,0
246257,4494,0.0,2.0,0.0,8,3,3,2,7,0,1,0
246431,1602,0.0,2.0,1.0,2,1,1,1,1,0,1,0
246485,4744,0.0,0.0,0.0,12,4,1,3,10,0,1,1
246742,2286,0.0,2.0,0.0,3,2,1,1,2,0,1,0
247454,2869,0.0,2.0,0.0,1,1,1,1,0,0,1,0
247850,1372,0.0,4.0,1.0,4,1,1,1,3,0,1,0
248357,3734,0.0,null,null,13,4,3,2,11,1,1,0
248929,2193,0.0,0.0,1.0,6,3,3,1,4,0,2,0
249385,296,0.0,5.0,1.0,5,1,1,1,4,0,1,0
249991,682,0.0,3.0,0.0,8,2,1,3,6,0,1,1
250238,3240,0.0,4.0,1.0,9,3,2,1,8,0,1,0
250553,1352,0.0,0.0,0.0,11,7,4,2,4,0,1,6
251048,3266,1.0,2.0,0.0,6,1,1,2,5,0,1,0
251157,1839,0.0,5.0,0.0,3,1,1,1,2,0,1,0
251434,1472,0.0,3.0,1.0,1,1,1,1,0,0,1,0
252048,952,0.0,2.0,1.0,5,1,1,1,4,0,1,0
252217,3990,0.0,0.0,0.0,11,5,2,3,9,0,1,1
252366,63,0.0,0.0,0.0,15,6,3,1,13,0,1,1
252499,4760,0.0,5.0,0.0,16,6,4,4,14,0,1,1
252787,200,0.0,4.0,0.0,7,1,1,2,6,0,1,0
252861,4173,0.0,5.0,0.0,8,1,1,3,7,0,1,0
252989,168,0.0,0.0,1.0,8,7,3,4,6,0,1,1
2543,968,0.0,4.0,0.0,2,1,1,1,1,0,1,0
254667,3623,0.0,0.0,0.0,1,1,1,1,0,0,1,0
254815,4173,0.0,3.0,0.0,43,27,8,13,17,0,1,25
255232,4346,0.0,6.0,0.0,4,3,2,1,3,0,1,0
255390,4585,1.0,6.0,1.0,18,3,2,1,15,0,2,1
255729,4150,0.0,3.0,1.0,1,1,1,1,0,0,1,0
256051,4540,0.0,0.0,0.0,2,1,1,1,1,0,1,0
25638,2482,0.0,2.0,0.0,3,3,3,1,1,0,2,0
256430,2913,1.0,3.0,0.0,5,2,1,1,4,0,1,0
257053,1500,0.0,5.0,1.0,5,2,2,1,4,0,1,0
257115,4170,1.0,3.0,0.0,3,1,1,1,1,0,2,0
257750,4705,0.0,4.0,1.0,6,3,3,1,5,0,1,0
258691,414,0.0,6.0,0.0,14,9,6,1,13,0,1,0
259055,2154,0.0,0.0,0.0,5,1,1,1,4,0,1,0
259142,3826,0.0,5.0,0.0,7,3,3,2,4,0,3,0
259183,3349,0.0,6.0,0.0,213,59,1,22,207,0,1,5
259365,4659,0.0,2.0,0.0,43,7,4,9,39,0,1,3
259687,4044,0.0,2.0,0.0,12,5,2,4,11,0,1,0
259951,2879,0.0,3.0,0.0,6,1,1,1,4,0,2,0
260308,4834,0.0,3.0,0.0,9,5,1,1,7,0,1,1
260323,962,0.0,3.0,0.0,11,6,4,2,9,0,1,1
260822,3195,0.0,4.0,0.0,5,2,1,1,4,0,1,0
26098,1327,0.0,0.0,0.0,15,6,1,2,14,0,1,0
261395,3181,0.0,4.0,0.0,2,1,1,2,0,0,1,1
261763,4847,0.0,0.0,1.0,6,1,1,1,5,0,1,0
261937,3828,0.0,0.0,0.0,71,14,5,14,68,0,1,2
262431,1432,1.0,2.0,0.0,5,4,3,2,4,0,1,0
262688,654,0.0,0.0,0.0,3,1,1,1,1,0,2,0
262796,4042,1.0,4.0,2.0,10,3,2,2,8,0,1,1
263580,3828,0.0,0.0,0.0,1,1,1,1,0,0,1,0
263735,1274,0.0,4.0,0.0,2,1,1,2,0,0,1,1
263887,3687,0.0,0.0,0.0,9,3,3,1,8,0,1,0
264082,2081,0.0,0.0,0.0,2,1,1,1,1,0,1,0
264317,731,0.0,4.0,1.0,6,2,1,1,5,0,1,0
264458,168,0.0,4.0,0.0,21,12,3,1,17,0,2,2
264806,2668,0.0,0.0,0.0,5,1,1,1,4,0,1,0
265026,2639,0.0,6.0,0.0,31,17,5,2,30,0,1,0
26545,323,0.0,0.0,0.0,7,1,1,1,5,0,2,0
265629,2099,0.0,4.0,0.0,5,2,1,1,3,0,2,0
265957,4765,0.0,2.0,1.0,16,3,1,2,15,0,1,0
266205,4256,0.0,0.0,0.0,4,1,1,1,3,0,1,0
26728,3102,0.0,0.0,0.0,2,1,1,1,1,0,1,0
267976,3411,1.0,2.0,0.0,7,2,2,2,6,0,1,0
268090,3022,0.0,2.0,1.0,3,1,1,1,2,0,1,0
268101,323,0.0,4.0,0.0,4,2,1,2,3,0,1,0
269558,1200,0.0,0.0,1.0,9,2,2,1,7,0,2,0
269575,4718,0.0,0.0,1.0,31,15,5,1,29,0,1,1
269612,3687,0.0,0.0,0.0,5,1,1,2,3,0,1,1
269832,4385,0.0,6.0,null,6,2,1,1,4,0,2,0
269858,3230,0.0,2.0,1.0,2,1,1,1,1,0,1,0
270095,798,0.0,2.0,0.0,9,1,1,2,8,0,1,0
270772,1679,0.0,4.0,0.0,4,3,1,1,2,0,2,0
271080,804,0.0,4.0,0.0,1,1,1,1,0,0,1,0
271527,3941,0.0,0.0,0.0,10,5,3,3,9,0,1,0
272067,1963,0.0,3.0,1.0,16,10,4,2,15,0,1,0
272293,1451,0.0,0.0,0.0,6,3,3,1,5,0,1,0
272812,598,0.0,2.0,1.0,6,3,2,1,3,0,1,2
272833,4976,0.0,3.0,1.0,4,2,1,1,3,0,1,0
272879,168,0.0,3.0,0.0,3,1,1,2,2,0,1,0
273075,962,0.0,2.0,0.0,2,1,1,1,1,0,1,0
27313,2082,1.0,3.0,0.0,2,1,1,1,1,0,1,0
273194,2916,0.0,3.0,0.0,15,4,1,3,12,0,1,2
273260,2237,0.0,0.0,0.0,41,9,2,8,38,0,1,2
274126,1393,1.0,3.0,0.0,47,18,8,3,41,0,6,0
274493,1710,0.0,5.0,1.0,3,1,1,1,2,0,1,0
274674,2545,0.0,0.0,1.0,35,11,5,2,30,0,1,4
274986,423,0.0,4.0,0.0,2,1,1,1,1,0,1,0
275378,1407,0.0,2.0,0.0,21,15,1,1,20,0,1,0
275737,3472,0.0,6.0,1.0,7,2,1,1,6,0,1,0
275849,2149,0.0,3.0,0.0,6,2,1,2,5,0,1,0
275877,2268,0.0,5.0,0.0,10,2,1,3,9,0,1,0
276097,643,0.0,3.0,0.0,1,1,1,1,0,0,1,0
276809,2031,0.0,7.0,1.0,1,1,1,1,0,0,1,0
277016,2031,0.0,4.0,1.0,4,3,2,1,3,0,1,0
277128,1195,0.0,5.0,0.0,7,2,1,1,5,0,2,0
277326,48,1.0,4.0,0.0,11,4,2,2,8,0,1,2
277951,3898,0.0,5.0,0.0,7,1,1,1,6,0,1,0
278062,1330,0.0,4.0,0.0,12,3,1,2,10,0,1,1
27840,4394,0.0,3.0,0.0,4,3,2,4,0,0,1,3
279132,3828,0.0,6.0,1.0,1,1,1,1,0,0,1,0
280049,1102,0.0,2.0,1.0,3,1,1,1,2,0,1,0
280103,2565,0.0,4.0,0.0,14,5,1,2,12,0,1,1
280120,1816,1.0,3.0,1.0,54,18,5,4,53,0,1,0
280434,4760,0.0,3.0,0.0,5,4,4,2,0,0,2,3
280533,643,1.0,4.0,1.0,27,15,3,1,25,0,2,0
280861,4793,0.0,3.0,1.0,5,1,1,1,3,0,2,0
28108,1884,0.0,6.0,0.0,15,7,3,4,10,0,1,4
281154,2913,0.0,3.0,0.0,10,5,2,1,8,0,2,0
281272,1521,0.0,4.0,0.0,8,4,2,2,7,0,1,0
281524,4540,0.0,4.0,1.0,2,1,1,1,1,0,1,0
281524,798,0.0,4.0,1.0,3,2,2,2,0,0,2,1
281754,586,0.0,3.0,0.0,35,19,1,6,28,0,3,4
282115,1187,0.0,4.0,0.0,3,1,1,1,2,0,1,0
282180,4079,0.0,3.0,0.0,7,2,2,1,5,0,2,0
282224,649,0.0,4.0,0.0,2,1,1,1,1,0,1,0
283844,121,0.0,5.0,1.0,2,1,1,1,1,0,1,0
283981,2545,0.0,3.0,1.0,50,15,8,2,46,0,4,0
284321,3006,1.0,5.0,0.0,24,6,5,3,22,0,1,1
284544,3965,0.0,4.0,0.0,2,1,1,1,1,0,1,0
284861,1726,0.0,3.0,0.0,2,1,1,1,1,0,1,0
284915,474,0.0,5.0,0.0,18,9,5,4,17,0,1,0
285027,2217,0.0,3.0,0.0,3,2,1,1,2,0,1,0
285096,2403,0.0,5.0,0.0,32,15,1,2,31,0,1,0
286222,1049,0.0,3.0,0.0,7,2,1,2,5,0,1,1
286226,4976,0.0,6.0,0.0,17,13,6,2,15,0,2,0
28630,121,0.0,4.0,0.0,15,4,1,1,13,0,2,0
286540,2708,0.0,6.0,0.0,2,1,1,1,1,0,1,0
286819,1640,0.0,6.0,0.0,8,1,1,1,6,0,2,0
286832,1126,0.0,0.0,0.0,7,2,1,1,6,0,1,0
286872,2821,0.0,3.0,0.0,5,2,2,3,4,0,1,0
287531,361,0.0,5.0,0.0,7,4,3,1,6,0,1,0
288087,1861,0.0,0.0,0.0,3,2,1,1,2,0,1,0
288093,3826,0.0,0.0,0.0,6,1,1,1,5,0,1,0
288235,3623,0.0,3.0,0.0,1,1,1,1,0,0,1,0
28845,3635,0.0,4.0,1.0,3,2,1,2,2,0,1,0
288572,2836,0.0,5.0,0.0,3,1,1,1,2,0,1,0
288848,4270,0.0,0.0,1.0,7,4,2,1,6,0,1,0
288952,396,0.0,0.0,0.0,5,1,1,2,4,0,1,0
289085,977,0.0,6.0,0.0,11,3,1,2,9,0,2,0
289486,1708,0.0,3.0,1.0,7,2,1,2,4,0,1,2
289599,3545,0.0,3.0,1.0,8,3,1,2,5,0,3,0
290018,4129,0.0,3.0,0.0,13,9,3,1,12,0,1,0
290494,2217,0.0,0.0,0.0,26,13,1,4,25,0,1,0
290758,786,0.0,3.0,0.0,6,2,2,1,4,0,1,1
290815,4170,0.0,4.0,0.0,25,6,2,1,17,0,8,0
29134,794,0.0,4.0,0.0,2,1,1,1,1,0,1,0
291943,3220,0.0,5.0,0.0,4,1,1,1,3,0,1,0
291960,492,0.0,0.0,0.0,7,2,1,1,5,0,1,1
292414,4099,0.0,2.0,0.0,31,12,5,1,30,0,1,0
292972,2943,0.0,3.0,1.0,5,1,1,2,4,0,1,0
293129,1079,0.0,6.0,0.0,1,1,1,1,0,0,1,0
293269,534,0.0,2.0,0.0,7,3,1,1,6,0,1,0
293574,738,0.0,6.0,0.0,26,6,3,2,23,0,3,0
29421,3170,0.0,3.0,1.0,4,1,1,1,3,0,1,0
295088,4536,0.0,3.0,1.0,4,1,1,1,2,0,2,0
295286,2664,0.0,4.0,0.0,3,1,1,1,2,0,1,0
295420,3734,1.0,3.0,1.0,17,14,6,2,15,0,2,0
295460,4813,0.0,2.0,1.0,4,3,1,2,3,0,1,0
295920,2397,0.0,4.0,0.0,4,2,2,1,0,0,4,0
296070,4976,0.0,5.0,0.0,3,2,1,1,2,0,1,0
296581,798,0.0,3.0,0.0,5,1,1,2,3,0,1,1
297382,141,0.0,3.0,0.0,2,1,1,1,1,0,1,0
297966,4527,0.0,2.0,0.0,2,1,1,1,1,0,1,0
298025,3637,0.0,3.0,0.0,20,6,1,4,18,0,1,1
298223,1526,0.0,3.0,0.0,4,3,1,1,3,0,1,0
299039,3881,1.0,4.0,0.0,38,6,2,2,33,0,5,0
299049,2291,0.0,4.0,0.0,2,1,1,1,1,0,1,0
299438,4687,0.0,0.0,0.0,2,1,1,1,1,0,1,0
299485,3936,0.0,4.0,1.0,2,1,1,2,1,0,1,0
299594,3887,0.0,5.0,2.0,37,5,2,15,36,0,1,0
299915,4949,0.0,3.0,0.0,7,1,1,3,6,0,1,0
300922,4472,0.0,0.0,1.0,14,3,2,2,12,1,1,0
300944,323,0.0,5.0,0.0,24,5,1,5,19,0,1,4
300968,2664,0.0,3.0,0.0,18,5,2,3,17,0,1,0
301080,2283,0.0,2.0,0.0,3,2,1,1,2,0,1,0
301397,682,0.0,0.0,1.0,8,2,2,2,6,0,1,1
301433,534,0.0,4.0,1.0,3,2,1,2,2,0,1,0
301618,4926,0.0,0.0,0.0,13,10,8,2,11,0,1,1
302028,3271,0.0,2.0,1.0,3,1,1,1,2,0,1,0
302228,1639,0.0,3.0,0.0,4,2,1,1,2,0,2,0
302367,606,0.0,0.0,0.0,2,1,1,1,1,0,1,0
302790,793,0.0,0.0,0.0,11,2,1,3,8,1,1,1
302991,1618,1.0,3.0,0.0,4,2,2,1,3,0,1,0
303218,1356,0.0,4.0,0.0,2,1,1,1,1,0,1,0
303494,682,0.0,3.0,1.0,22,9,4,4,20,0,1,1
303563,542,0.0,0.0,1.0,3,1,1,1,2,0,1,0
30444,4361,0.0,5.0,0.0,1,1,1,1,0,0,1,0
304957,4282,0.0,3.0,1.0,50,28,6,3,49,0,1,0
305779,962,1.0,0.0,0.0,6,5,3,2,3,0,3,0
305875,250,0.0,3.0,0.0,5,3,1,1,4,0,1,0
305998,2193,0.0,3.0,0.0,5,2,1,2,4,0,1,0
306244,4919,1.0,3.0,0.0,7,4,1,1,6,0,1,0
306802,3954,0.0,0.0,0.0,2,1,1,2,1,0,1,0
306912,412,0.0,3.0,0.0,7,2,2,1,6,0,1,0
306960,3878,0.0,6.0,0.0,18,15,1,1,17,0,1,0
307265,2441,0.0,0.0,0.0,3,1,1,1,2,0,1,0
307534,4043,0.0,2.0,0.0,7,2,1,2,5,0,1,1
308173,1356,0.0,6.0,0.0,3,1,1,2,2,0,1,0
308665,3154,0.0,3.0,1.0,8,4,3,2,4,0,4,0
308860,3607,0.0,3.0,0.0,6,2,2,1,3,0,1,2
309002,515,0.0,4.0,0.0,2,1,1,1,1,0,1,0
309028,915,0.0,4.0,1.0,13,3,2,4,11,1,1,0
309657,798,0.0,4.0,0.0,4,1,1,2,2,0,1,1
309766,2482,0.0,3.0,0.0,4,2,1,2,3,0,1,0
310227,1026,0.0,0.0,0.0,3,1,1,1,2,0,1,0
310527,3304,0.0,3.0,0.0,28,7,3,9,25,0,1,2
310616,1724,0.0,4.0,0.0,3,1,1,1,2,0,1,0
31066,1487,0.0,0.0,0.0,17,3,1,1,16,0,1,0
310791,590,0.0,0.0,1.0,45,25,7,1,43,1,1,0
311104,756,1.0,4.0,0.0,5,1,1,1,4,0,1,0
311291,3910,0.0,3.0,0.0,2,1,1,1,1,0,1,0
312009,1529,0.0,3.0,0.0,3,1,1,1,2,0,1,0
312408,2403,0.0,3.0,0.0,11,7,1,2,10,0,1,0
312426,669,0.0,6.0,1.0,22,12,2,2,14,0,1,7
312482,2014,0.0,0.0,0.0,5,4,2,2,4,0,1,0
312601,1090,0.0,6.0,1.0,6,1,1,1,5,0,1,0
313070,3611,0.0,0.0,1.0,6,1,1,2,5,0,1,0
313092,915,0.0,3.0,1.0,4,1,1,1,3,0,1,0
31360,606,1.0,3.0,0.0,50,36,12,1,46,0,4,0
314182,4500,0.0,2.0,1.0,3,1,1,2,2,0,1,0
314307,63,0.0,5.0,0.0,7,4,2,2,6,0,1,0
314510,2099,0.0,4.0,0.0,7,3,2,3,6,0,1,0
314532,2721,0.0,5.0,0.0,18,10,3,2,15,0,2,1
314836,1075,0.0,3.0,0.0,18,6,1,3,16,1,1,0
314881,1451,0.0,5.0,0.0,12,1,1,1,11,0,1,0
315017,4760,0.0,0.0,0.0,9,5,3,1,8,0,1,0
315137,4044,0.0,3.0,0.0,3,1,1,1,2,0,1,0
315181,685,0.0,6.0,0.0,9,2,2,2,8,0,1,0
315268,3925,0.0,4.0,0.0,18,12,5,1,17,0,1,0
315573,4540,0.0,3.0,1.0,4,1,1,1,3,0,1,0
316530,1555,0.0,0.0,0.0,16,4,1,2,14,0,1,1
316812,3034,0.0,0.0,1.0,6,1,1,1,4,0,2,0
317555,4173,0.0,4.0,0.0,52,36,8,2,50,0,1,1
31798,3545,0.0,0.0,1.0,10,3,1,2,8,0,2,0
317989,1742,0.0,0.0,0.0,29,14,1,2,28,0,1,0
318310,1890,0.0,6.0,0.0,2,1,1,2,0,0,1,1
318677,2669,0.0,4.0,0.0,7,2,1,2,5,0,1,1
318865,2022,0.0,6.0,1.0,16,4,2,1,15,0,1,0
319145,3469,0.0,4.0,0.0,3,1,1,1,2,0,1,0
319195,3602,0.0,4.0,0.0,4,1,1,2,3,0,1,0
31930,1415,0.0,5.0,0.0,4,2,1,1,3,0,1,0
319374,4950,0.0,4.0,0.0,12,8,8,1,8,0,4,0
319824,4760,0.0,4.0,0.0,5,3,2,1,0,0,5,0
320146,2277,0.0,3.0,0.0,12,3,2,3,10,0,1,1
32026,1936,0.0,3.0,0.0,3,1,1,1,1,0,2,0
320740,508,0.0,5.0,0.0,18,11,2,1,14,0,4,0
321039,4834,0.0,0.0,0.0,32,5,1,2,30,0,2,0
321199,4363,0.0,4.0,1.0,3,1,1,1,2,0,1,0
322095,669,1.0,4.0,1.0,2,2,1,1,0,0,2,0
322127,4560,0.0,6.0,0.0,17,7,2,5,15,0,1,1
322148,1126,0.0,2.0,0.0,17,8,5,2,16,0,1,0
322208,4775,0.0,4.0,0.0,5,2,1,2,3,0,1,1
322838,963,0.0,6.0,1.0,8,7,1,1,7,0,1,0
323454,2435,0.0,3.0,0.0,1,1,1,1,0,0,1,0
32347,786,1.0,2.0,1.0,5,2,1,1,4,0,1,0
324010,2279,0.0,0.0,0.0,3,1,1,1,2,0,1,0
324570,4760,0.0,6.0,0.0,2,1,1,1,1,0,1,0
324865,3319,0.0,0.0,0.0,3,1,1,3,2,0,1,0
324970,1892,0.0,3.0,0.0,9,4,3,1,5,0,4,0
325367,4332,0.0,4.0,0.0,7,6,4,1,6,0,1,0
326336,3469,0.0,0.0,0.0,4,1,1,2,2,0,1,1
326410,2856,0.0,6.0,0.0,1,1,1,1,0,0,1,0
326575,1077,0.0,4.0,1.0,4,1,1,1,3,0,1,0
326791,3806,0.0,5.0,0.0,9,2,2,1,6,0,3,0
326948,2217,0.0,0.0,0.0,3,1,1,1,2,0,1,0
327490,4071,0.0,0.0,1.0,4,1,1,1,3,0,1,0
327631,3181,0.0,3.0,0.0,2,1,1,1,1,0,1,0
327765,3350,0.0,3.0,1.0,3,1,1,1,2,0,1,0
328071,1978,0.0,0.0,1.0,2,1,1,1,1,0,1,0
328427,3085,0.0,0.0,0.0,2,2,2,1,0,0,2,0
328754,2435,0.0,2.0,0.0,11,1,1,1,7,0,4,0
329059,3828,0.0,3.0,0.0,19,7,4,4,18,0,1,0
329395,3898,0.0,0.0,0.0,3,1,1,1,2,0,1,0
329427,4744,1.0,4.0,0.0,5,1,1,2,4,0,1,0
330593,361,0.0,3.0,0.0,11,2,1,1,9,0,1,1
330862,2403,0.0,6.0,0.0,4,2,1,2,3,0,1,0
331254,2995,0.0,3.0,0.0,3,2,1,1,1,0,2,0
33153,3828,0.0,0.0,0.0,20,7,2,3,19,0,1,0
332201,2325,0.0,7.0,1.0,2,1,1,1,1,0,1,0
332318,2435,0.0,3.0,0.0,1,1,1,1,0,0,1,0
332949,467,0.0,3.0,0.0,1,1,1,1,0,0,1,0
333376,234,0.0,2.0,0.0,8,1,1,2,6,0,1,1
333794,2193,0.0,2.0,0.0,2,1,1,2,1,0,1,0
334155,1472,1.0,3.0,0.0,29,19,1,3,26,0,3,0
334317,1487,0.0,3.0,0.0,13,7,1,2,12,0,1,0
334319,1117,0.0,2.0,0.0,4,1,1,1,3,0,1,0
334530,3585,0.0,3.0,0.0,9,1,1,2,8,0,1,0
334901,3609,0.0,3.0,0.0,42,18,1,1,36,0,6,0
335062,682,0.0,2.0,0.0,6,2,2,2,5,0,1,0
335737,3887,0.0,3.0,0.0,17,8,2,3,14,0,1,2
336017,4282,0.0,0.0,1.0,15,4,1,1,13,0,1,1
336149,2161,0.0,6.0,0.0,1,1,1,1,0,0,1,0
337081,1918,0.0,3.0,0.0,22,3,3,3,19,0,1,2
337159,2022,0.0,3.0,0.0,7,1,1,2,6,0,1,0
337356,4499,0.0,3.0,0.0,5,2,1,2,1,0,2,2
337745,316,0.0,3.0,0.0,4,1,1,2,2,0,2,0
33841,2309,0.0,3.0,0.0,5,1,1,1,4,0,1,0
338848,1084,0.0,3.0,1.0,2,1,1,1,1,0,1,0
339203,1013,0.0,6.0,1.0,2,1,1,1,1,0,1,0
339268,3051,1.0,0.0,0.0,3,1,1,1,2,0,1,0
339915,3490,0.0,0.0,1.0,13,2,1,4,11,0,1,1
34034,2928,0.0,5.0,0.0,13,5,3,2,10,0,1,2
340548,1602,0.0,2.0,0.0,6,1,1,3,5,0,1,0
340633,3878,0.0,0.0,0.0,6,4,1,1,5,0,1,0
340715,2161,0.0,4.0,0.0,1,1,1,1,0,0,1,0
34076,793,0.0,0.0,0.0,12,3,1,1,11,0,1,0
340767,3629,0.0,0.0,0.0,6,1,1,1,4,0,1,1
341045,777,0.0,3.0,1.0,6,3,3,1,3,0,3,0
341165,4173,0.0,3.0,0.0,17,6,2,1,15,0,2,0
341317,474,1.0,3.0,0.0,2,1,1,1,1,0,1,0
341843,3766,0.0,5.0,0.0,10,7,5,3,9,0,1,0
341966,361,0.0,3.0,1.0,10,6,3,3,8,0,1,1
342244,4728,0.0,5.0,0.0,1,1,1,1,0,0,1,0
342670,3236,0.0,6.0,0.0,9,1,1,3,8,0,1,0
342702,3398,0.0,4.0,0.0,1,1,1,1,0,0,1,0
343179,2482,0.0,0.0,0.0,2,1,1,1,1,0,1,0
343956,586,0.0,5.0,0.0,9,6,2,2,8,0,1,0
344144,1031,0.0,0.0,0.0,2,1,1,2,0,1,1,0
344158,474,0.0,3.0,1.0,3,1,1,1,2,0,1,0
344333,2545,1.0,2.0,1.0,37,12,6,3,34,0,2,1
344730,2341,0.0,3.0,0.0,30,12,11,1,20,0,10,0
344739,798,0.0,2.0,0.0,13,4,3,2,11,0,1,1
345030,3305,0.0,3.0,1.0,10,3,1,1,9,0,1,0
345356,4394,0.0,4.0,0.0,5,1,1,1,3,0,2,0
345427,3936,0.0,5.0,0.0,2,1,1,1,1,0,1,0
345981,4281,0.0,3.0,null,8,3,2,1,7,0,1,0
346588,2454,0.0,4.0,1.0,9,1,1,2,8,0,1,0
346645,1056,0.0,3.0,1.0,24,14,6,1,23,0,1,0
346891,112,0.0,3.0,0.0,6,1,1,2,5,0,1,0
347301,2856,0.0,2.0,0.0,8,2,1,1,7,0,1,0
347654,1944,0.0,0.0,0.0,3,1,1,1,2,0,1,0
347666,3147,0.0,0.0,1.0,2,1,1,1,1,0,1,0
347709,2684,0.0,5.0,0.0,14,8,1,1,13,0,1,0
348151,2810,0.0,3.0,1.0,5,2,1,1,4,0,1,0
348576,4217,0.0,5.0,1.0,7,1,1,3,5,0,1,1
348613,1963,0.0,4.0,1.0,31,16,5,2,28,0,2,1
34872,1500,0.0,0.0,1.0,2,1,1,1,1,0,1,0
348741,3205,0.0,5.0,2.0,38,14,3,4,34,0,1,3
348774,1892,0.0,3.0,1.0,50,39,7,2,47,0,3,0
348827,646,0.0,5.0,0.0,4,1,1,1,3,0,1,0
349050,152,0.0,5.0,0.0,5,2,2,1,4,0,1,0
349425,148,0.0,4.0,0.0,4,3,2,1,2,0,2,0
350735,962,0.0,0.0,0.0,2,1,1,1,1,0,1,0
350801,1427,0.0,0.0,null,3,1,1,1,2,0,1,0
350904,2030,0.0,null,null,5,1,1,1,4,0,1,0
350973,1467,0.0,3.0,0.0,5,1,1,2,4,0,1,0
351336,4493,0.0,2.0,1.0,3,1,1,1,1,0,1,1
35138,66,0.0,3.0,0.0,3,1,1,1,2,0,1,0
35195,4385,0.0,3.0,0.0,3,1,1,1,2,0,1,0
352603,2936,0.0,0.0,1.0,3,1,1,2,2,0,1,0
352904,141,1.0,2.0,0.0,133,99,18,19,26,0,3,104
35313,3328,0.0,5.0,2.0,2,1,1,1,1,0,1,0
353463,3319,0.0,4.0,0.0,5,2,1,1,4,0,1,0
353588,1740,0.0,6.0,1.0,2,1,1,1,1,0,1,0
35382,1472,0.0,2.0,0.0,1,1,1,1,0,0,1,0
354177,685,0.0,6.0,0.0,2,1,1,1,1,0,1,0
354252,4966,1.0,4.0,0.0,2,2,2,1,0,0,2,0
35426,1346,0.0,3.0,0.0,10,3,1,2,9,0,1,0
354353,324,0.0,3.0,1.0,6,1,1,1,5,0,1,0
354629,4268,0.0,2.0,0.0,9,2,1,2,6,0,1,2
354849,587,0.0,3.0,0.0,3,1,1,1,2,0,1,0
355202,4044,0.0,0.0,1.0,18,9,2,5,16,0,1,1
35544,4992,0.0,0.0,0.0,2,2,1,1,0,0,2,0
355464,3075,0.0,0.0,0.0,3,1,1,1,2,0,1,0
35569,588,0.0,2.0,0.0,3,1,1,2,2,0,1,0
356177,1166,0.0,3.0,0.0,3,1,1,1,2,0,1,0
356325,2217,0.0,0.0,0.0,2,1,1,1,1,0,1,0
35658,2935,0.0,3.0,0.0,1,1,1,1,0,0,1,0
35686,1131,0.0,2.0,0.0,5,2,2,3,2,0,1,2
357404,1679,0.0,4.0,1.0,18,11,2,3,16,0,1,1
35766,4649,0.0,2.0,0.0,2,1,1,1,1,0,1,0
358564,1963,0.0,4.0,0.0,24,7,1,4,23,0,1,0
358677,4043,0.0,3.0,1.0,15,6,4,1,9,0,6,0
35889,357,0.0,0.0,0.0,4,2,2,1,3,0,1,0
358989,4270,0.0,0.0,0.0,9,2,1,1,7,0,2,0
359173,4558,0.0,0.0,0.0,2,1,1,2,1,0,1,0
35980,4605,0.0,3.0,0.0,2,1,1,1,1,0,1,0
36025,2193,1.0,3.0,0.0,2,1,1,1,1,0,1,0
361856,4287,0.0,0.0,0.0,24,5,3,2,18,0,3,3
362015,4079,0.0,0.0,0.0,13,4,1,3,11,0,1,1
362020,2976,0.0,6.0,0.0,10,1,1,2,8,0,1,1
362158,3350,0.0,3.0,1.0,2,1,1,1,1,0,1,0
362293,3475,0.0,0.0,0.0,5,1,1,2,4,0,1,0
362739,4760,0.0,3.0,1.0,6,1,1,1,5,0,1,0
362881,1564,0.0,3.0,1.0,2,1,1,1,0,0,2,0
363008,2760,0.0,0.0,0.0,2,1,1,1,1,0,1,0
363216,4756,0.0,3.0,0.0,16,7,1,2,12,0,3,1
363348,3451,0.0,6.0,1.0,3,1,1,1,2,0,1,0
36343,2761,0.0,4.0,1.0,3,1,1,1,2,0,1,0
364296,148,0.0,0.0,1.0,2,1,1,2,0,0,1,1
36468,4044,0.0,6.0,0.0,29,12,5,6,26,0,1,2
364874,1679,0.0,0.0,0.0,25,14,4,3,24,0,1,0
365207,4818,0.0,0.0,0.0,1,1,1,1,0,0,1,0
366237,3936,0.0,3.0,0.0,1,1,1,1,0,0,1,0
366462,4008,0.0,7.0,0.0,10,3,1,3,9,0,1,0
366480,2642,0.0,3.0,0.0,5,2,2,1,4,0,1,0
36713,1472,0.0,0.0,0.0,2,1,1,1,1,0,1,0
367368,3878,0.0,0.0,0.0,39,25,2,2,37,0,1,1
367415,2279,0.0,2.0,0.0,3,1,1,1,2,0,1,0
367447,2284,1.0,3.0,1.0,9,1,1,2,7,0,1,1
367571,587,0.0,4.0,0.0,3,2,1,1,2,0,1,0
368776,3249,0.0,0.0,0.0,4,1,1,1,3,0,1,0
369138,4976,0.0,6.0,0.0,6,1,1,1,5,0,1,0
369205,1102,0.0,0.0,0.0,4,2,2,2,3,0,1,0
369649,2036,0.0,4.0,0.0,7,3,3,1,5,0,2,0
36980,4048,0.0,0.0,0.0,2,1,1,1,1,0,1,0
370137,4044,0.0,2.0,0.0,35,15,5,6,23,0,2,10
370283,1892,0.0,3.0,0.0,9,3,2,2,8,0,1,0
370439,4368,0.0,4.0,1.0,3,1,1,1,2,0,1,0
370465,4042,0.0,3.0,1.0,5,2,1,1,3,0,2,0
370556,4687,0.0,0.0,0.0,4,1,1,3,2,0,1,1
37076,3085,0.0,4.0,1.0,2,1,1,1,1,0,1,0
370773,3828,0.0,0.0,0.0,19,15,6,2,18,0,1,0
370963,1875,1.0,6.0,0.0,14,7,2,2,12,0,2,0
37117,2275,0.0,0.0,1.0,6,1,1,1,5,0,1,0
371513,1093,0.0,3.0,0.0,7,2,1,4,5,0,1,1
371611,574,0.0,3.0,1.0,4,2,1,1,3,0,1,0
372100,1557,0.0,0.0,1.0,9,4,3,2,8,0,1,0
37238,1145,0.0,4.0,0.0,4,2,1,1,3,0,1,0
372520,1659,1.0,6.0,0.0,16,5,1,3,14,0,1,1
372792,1710,0.0,5.0,0.0,3,1,1,2,2,0,1,0
372852,594,0.0,6.0,0.0,1,1,1,1,0,0,1,0
372985,1464,1.0,3.0,1.0,1,1,1,1,0,0,1,0
373394,4322,0.0,4.0,1.0,27,5,1,3,22,0,1,4
373959,2036,0.0,3.0,1.0,5,1,1,1,4,0,1,0
374139,3545,0.0,2.0,1.0,14,4,1,3,12,0,1,1
374353,4427,0.0,4.0,1.0,1,1,1,1,0,0,1,0
374519,443,0.0,0.0,1.0,6,2,1,1,5,0,1,0
374621,4659,1.0,0.0,1.0,2,1,1,1,1,0,1,0
374720,3828,0.0,4.0,0.0,22,12,4,2,21,0,1,0
374976,1816,0.0,2.0,0.0,4,2,2,1,2,0,2,0
375071,4648,0.0,2.0,0.0,9,3,3,3,7,0,1,1
375478,2447,0.0,0.0,1.0,7,3,3,2,6,0,1,0
375653,4642,0.0,4.0,1.0,3,1,1,1,2,0,1,0
375672,4960,0.0,3.0,0.0,13,5,2,3,12,0,1,0
375705,2277,0.0,3.0,0.0,4,1,1,1,3,0,1,0
376322,1435,0.0,2.0,1.0,3,2,1,1,2,0,1,0
377204,4325,0.0,0.0,0.0,3,2,1,1,2,0,1,0
377213,2277,0.0,3.0,1.0,9,5,3,2,8,0,1,0
377386,4368,0.0,3.0,0.0,1,1,1,1,0,0,1,0
377445,1056,0.0,3.0,2.0,22,1,1,2,21,0,1,0
377685,437,0.0,6.0,0.0,5,3,1,3,4,0,1,0
377811,3350,0.0,3.0,1.0,11,5,1,1,10,0,1,0
378073,4871,0.0,2.0,1.0,3,1,1,1,1,0,1,1
378333,437,0.0,5.0,0.0,20,12,4,6,18,0,1,1
37881,4171,0.0,4.0,2.0,7,4,2,1,0,0,7,0
380003,1647,0.0,6.0,0.0,5,2,1,1,4,0,1,0
380394,4400,0.0,3.0,0.0,4,1,1,1,3,0,1,0
380889,2162,0.0,2.0,0.0,49,18,1,1,41,0,2,6
38090,2955,0.0,5.0,1.0,5,1,1,1,4,0,1,0
381882,2708,0.0,6.0,0.0,6,4,4,2,5,0,1,0
382270,4698,0.0,2.0,0.0,2,1,1,2,1,0,1,0
382395,2447,0.0,3.0,0.0,10,5,2,3,9,0,1,0
382527,1679,0.0,3.0,1.0,16,7,2,1,15,0,1,0
382596,1760,0.0,3.0,0.0,1,1,1,1,0,0,1,0
383079,3990,0.0,3.0,0.0,4,1,1,2,3,0,1,0
384140,4607,0.0,6.0,0.0,7,4,3,2,6,0,1,0
384283,557,0.0,3.0,1.0,2,1,1,1,0,0,2,0
384489,3205,0.0,6.0,1.0,1,1,1,1,0,0,1,0
384537,508,0.0,4.0,0.0,20,9,2,3,16,0,1,3
384587,2981,0.0,2.0,0.0,3,2,1,2,2,0,1,0
384717,1764,1.0,6.0,0.0,5,1,1,1,2,0,3,0
384861,2864,0.0,4.0,0.0,4,2,1,3,1,0,1,2
384894,2639,0.0,5.0,0.0,10,6,2,1,9,0,1,0
385068,3401,0.0,0.0,0.0,12,3,2,1,8,1,3,0
385118,1742,0.0,5.0,0.0,19,7,1,2,12,0,1,6
385282,1661,0.0,6.0,0.0,21,4,2,2,20,0,1,0
38549,308,0.0,7.0,null,5,1,1,1,4,0,1,0
385749,4861,0.0,6.0,1.0,5,2,1,2,4,0,1,0
386438,4465,0.0,3.0,0.0,28,12,1,1,22,0,6,0
386550,4044,1.0,3.0,0.0,14,10,6,3,12,0,1,1
386650,3148,0.0,3.0,0.0,82,28,4,4,81,0,1,0
386901,4349,1.0,4.0,1.0,3,1,1,1,2,0,1,0
387325,3013,0.0,4.0,0.0,4,1,1,1,2,0,1,1
387556,4234,0.0,0.0,0.0,6,3,2,4,5,0,1,0
387611,4044,0.0,3.0,0.0,16,3,2,3,15,0,1,0
38808,66,0.0,2.0,0.0,13,2,1,3,10,0,1,2
388579,3152,0.0,0.0,1.0,17,6,2,2,14,0,3,0
388650,1111,0.0,5.0,1.0,1,1,1,1,0,0,1,0
38876,2592,0.0,3.0,0.0,19,4,2,3,16,0,1,2
3890,598,0.0,4.0,0.0,36,17,3,6,29,0,2,5
389516,3609,0.0,0.0,1.0,9,5,1,3,8,0,1,0
390040,4173,0.0,0.0,1.0,44,23,5,2,42,0,2,0
390378,4170,0.0,4.0,0.0,4,2,1,1,2,0,2,0
391117,1605,0.0,4.0,0.0,5,4,1,1,4,0,1,0
391315,1556,0.0,2.0,0.0,5,3,1,2,4,0,1,0
391452,98,0.0,2.0,0.0,16,10,5,3,11,0,2,3
391762,4760,1.0,5.0,0.0,4,1,1,1,3,0,1,0
392063,2136,0.0,0.0,1.0,65,27,7,2,60,0,2,3
392253,4368,0.0,4.0,0.0,3,1,1,1,2,0,1,0
392365,1618,0.0,6.0,0.0,6,3,2,3,5,0,1,0
392557,2318,0.0,0.0,0.0,2,1,1,1,1,0,1,0
392950,1346,0.0,5.0,1.0,11,1,1,5,8,0,1,2
393364,4705,0.0,4.0,1.0,2,1,1,1,0,0,2,0
393778,1899,0.0,5.0,0.0,1,1,1,1,0,0,1,0
394098,3152,0.0,3.0,0.0,7,1,1,2,5,0,1,1
394331,685,0.0,5.0,0.0,25,10,2,1,23,0,2,0
394481,1399,0.0,2.0,0.0,2,1,1,1,0,0,1,1
3947,1466,0.0,0.0,0.0,4,1,1,2,2,0,1,1
395798,1613,0.0,3.0,0.0,4,2,2,1,3,0,1,0
395803,121,0.0,4.0,0.0,1,1,1,1,0,0,1,0
395896,4687,0.0,0.0,1.0,3,1,1,1,2,0,1,0
396593,3734,0.0,4.0,1.0,32,14,4,3,28,0,2,2
396735,3205,0.0,4.0,2.0,3,1,1,1,2,0,1,0
397207,4079,1.0,5.0,0.0,5,1,1,1,1,0,4,0
397344,1890,0.0,3.0,1.0,1,1,1,1,0,0,1,0
397572,246,1.0,6.0,0.0,12,5,2,2,11,0,1,0
397677,4427,0.0,2.0,1.0,2,1,1,1,1,0,1,0
398422,354,0.0,6.0,0.0,4,2,1,1,2,0,2,0
398432,4658,0.0,4.0,1.0,2,1,1,1,1,0,1,0
398617,114,0.0,3.0,0.0,4,2,1,1,3,0,1,0
398690,1487,0.0,6.0,0.0,8,4,1,1,7,0,1,0
399178,415,0.0,3.0,0.0,5,2,1,3,4,0,1,0
399281,4420,0.0,6.0,1.0,2,2,2,2,1,0,1,0
399540,4760,0.0,4.0,0.0,9,4,3,2,7,0,1,1
399558,3588,0.0,5.0,0.0,3,1,1,1,2,0,1,0
399680,2664,0.0,7.0,0.0,37,19,1,2,34,0,3,0
399762,3271,0.0,0.0,0.0,7,1,1,3,6,0,1,0
400552,4325,0.0,3.0,0.0,16,10,3,1,14,0,2,0
401650,250,0.0,3.0,0.0,5,3,1,1,3,0,2,0
4018,4708,0.0,4.0,1.0,8,5,3,1,7,0,1,0
402378,4044,0.0,3.0,0.0,12,4,2,2,10,0,2,0
402512,1013,0.0,2.0,0.0,15,7,1,1,14,0,1,0
402718,3792,0.0,3.0,0.0,4,1,1,2,2,0,1,1
403523,2278,0.0,2.0,0.0,7,5,4,1,4,0,3,0
403799,4044,0.0,4.0,2.0,6,3,2,2,4,0,2,0
403826,3734,1.0,5.0,1.0,37,24,7,2,36,0,1,0
403845,1357,0.0,5.0,0.0,9,2,1,1,7,0,2,0
404864,758,0.0,3.0,1.0,16,7,2,2,15,0,1,0
404946,2770,0.0,5.0,0.0,10,4,3,1,8,0,2,0
405420,773,0.0,4.0,0.0,16,14,6,3,14,0,2,0
406174,3563,0.0,2.0,0.0,7,5,2,1,6,0,1,0
406632,1959,0.0,0.0,0.0,2,1,1,1,1,0,1,0
407261,1166,0.0,3.0,0.0,9,4,1,2,7,0,1,1
40793,1895,0.0,4.0,0.0,16,3,1,3,15,0,1,0
408087,1526,0.0,4.0,0.0,4,3,1,1,2,0,2,0
40841,3826,0.0,6.0,2.0,1,1,1,1,0,0,1,0
408412,3657,0.0,3.0,0.0,1,1,1,1,0,0,1,0
408482,1487,0.0,3.0,0.0,5,1,1,1,2,1,1,1
408910,4584,0.0,2.0,1.0,56,13,7,6,48,0,2,6
409835,1393,0.0,4.0,0.0,215,85,15,8,189,0,8,18
410267,2081,0.0,0.0,0.0,3,1,1,2,1,0,1,1
410267,4993,0.0,0.0,0.0,3,1,1,2,1,0,1,1
410415,1356,0.0,4.0,0.0,8,3,1,1,7,0,1,0
410576,1892,0.0,4.0,0.0,10,6,6,3,8,0,2,0
41074,2224,0.0,4.0,2.0,45,13,1,4,37,0,1,7
411523,4841,1.0,0.0,0.0,10,1,1,1,9,0,1,0
411824,4732,0.0,0.0,0.0,5,1,1,1,4,0,1,0
412225,4473,1.0,6.0,0.0,7,1,1,1,6,0,1,0
412253,2217,0.0,4.0,1.0,3,2,1,1,2,0,1,0
412424,1472,0.0,4.0,0.0,5,2,1,1,4,0,1,0
4128,586,0.0,3.0,0.0,61,22,3,2,51,0,8,2
413744,2668,0.0,3.0,0.0,3,2,1,1,1,0,2,0
413804,3614,0.0,3.0,0.0,17,5,3,2,16,0,1,0
414010,1831,0.0,0.0,0.0,2,1,1,1,1,0,1,0
414049,3910,0.0,5.0,0.0,5,1,1,3,4,0,1,0
41425,3159,0.0,0.0,0.0,3,2,1,1,1,0,2,0
414417,3537,0.0,3.0,0.0,9,3,2,2,6,0,2,1
414440,2036,0.0,6.0,1.0,1,1,1,1,0,0,1,0
4146,390,0.0,3.0,1.0,3,1,2,3,1,0,1,1
414818,1892,0.0,0.0,1.0,9,3,2,1,8,0,1,0
414930,4173,0.0,3.0,0.0,17,4,3,1,14,0,1,2
414964,2577,0.0,0.0,1.0,2,1,1,1,1,0,1,0
415125,3205,0.0,3.0,0.0,5,2,1,2,4,0,1,0
415706,1084,1.0,0.0,1.0,2,1,1,1,1,0,1,0
415975,3990,0.0,5.0,0.0,2,1,1,1,1,0,1,0
415994,3471,0.0,3.0,0.0,2,1,1,1,1,0,1,0
417188,798,0.0,2.0,0.0,6,4,2,1,3,0,3,0
417337,2954,1.0,5.0,0.0,3,1,1,1,2,0,1,0
417601,4877,0.0,4.0,1.0,2,2,2,1,0,0,2,0
417779,4919,0.0,3.0,0.0,8,2,2,2,6,0,2,0
418138,3484,0.0,0.0,0.0,4,2,1,1,3,0,1,0
418198,1760,0.0,3.0,1.0,19,11,2,1,18,0,1,0
418291,121,0.0,6.0,0.0,1,1,1,1,0,0,1,0
418450,4047,0.0,4.0,0.0,14,5,2,2,13,0,1,0
418655,2173,0.0,3.0,1.0,2,1,1,1,1,0,1,0
418930,4282,0.0,3.0,1.0,5,1,1,1,4,0,1,0
41900,4648,0.0,3.0,0.0,7,2,1,1,6,0,1,0
419214,2482,0.0,0.0,0.0,5,2,2,2,4,0,1,0
419578,4705,0.0,5.0,1.0,2,1,1,1,1,0,1,0
42015,168,0.0,6.0,2.0,9,5,1,3,8,0,1,0
420386,250,0.0,2.0,0.0,7,2,1,2,5,0,1,1
420765,4042,0.0,0.0,0.0,2,1,1,1,1,0,1,0
420845,3016,0.0,0.0,1.0,40,21,6,2,36,0,3,1
420985,2102,0.0,5.0,0.0,6,2,2,1,5,0,1,0
421189,687,0.0,4.0,1.0,1,1,1,1,0,0,1,0
42174,1748,0.0,2.0,0.0,12,4,1,2,11,0,1,0
421749,4919,0.0,2.0,0.0,6,2,2,1,4,0,2,0
422226,2403,0.0,3.0,0.0,14,10,1,3,13,0,1,0
422260,4732,0.0,3.0,0.0,5,2,1,2,4,0,1,0
422404,1890,0.0,3.0,0.0,17,2,2,5,16,0,1,0
422515,2664,0.0,4.0,2.0,6,1,1,1,4,0,2,0
422584,3828,1.0,4.0,0.0,8,2,2,3,7,0,1,0
422633,4966,0.0,0.0,0.0,9,6,3,2,8,0,1,0
423141,2583,0.0,3.0,1.0,15,3,2,2,13,0,1,1
423194,2928,0.0,4.0,1.0,11,7,4,7,6,0,1,4
42331,606,0.0,0.0,0.0,12,2,1,1,11,0,1,0
423553,1843,0.0,0.0,0.0,6,2,2,1,5,0,1,0
423598,200,0.0,2.0,1.0,4,1,1,1,3,0,1,0
423711,1861,0.0,3.0,0.0,2,1,1,1,1,0,1,0
42387,1167,0.0,3.0,1.0,3,1,1,1,2,0,1,0
424091,3640,1.0,0.0,0.0,5,2,1,2,2,0,1,2
43525,4049,0.0,5.0,1.0,3,3,3,2,0,0,2,1
43666,3022,0.0,2.0,0.0,9,4,2,3,8,0,1,0
43770,798,1.0,3.0,1.0,2,1,1,1,1,0,1,0
43977,3955,0.0,3.0,0.0,3,1,1,1,2,0,1,0
4418,908,0.0,3.0,1.0,3,2,1,2,2,0,1,0
4458,141,0.0,3.0,0.0,45,26,8,3,42,0,1,2
45783,1102,0.0,3.0,1.0,32,15,8,4,31,0,1,0
46476,685,0.0,4.0,0.0,7,2,2,1,5,0,2,0
46738,1494,0.0,0.0,0.0,12,3,2,2,11,0,1,0
47110,4850,0.0,4.0,1.0,8,4,3,4,6,0,1,1
4716,4568,0.0,2.0,0.0,58,28,12,2,56,0,1,1
47521,1522,0.0,3.0,0.0,2,1,1,1,1,0,1,0
47598,2565,0.0,0.0,0.0,11,4,1,2,8,0,1,2
47657,4966,0.0,5.0,0.0,3,1,1,3,2,0,1,0
47844,1710,1.0,4.0,0.0,7,3,2,1,5,0,2,0
47921,2869,0.0,0.0,0.0,3,1,1,1,2,0,1,0
47923,1056,1.0,4.0,0.0,3,3,1,1,1,0,2,0
48079,2482,1.0,3.0,0.0,20,5,4,2,17,0,1,2
48097,2279,0.0,0.0,0.0,38,4,2,2,36,0,2,0
48130,4966,0.0,4.0,0.0,6,1,1,3,4,0,1,1
48816,4605,0.0,2.0,0.0,2,1,1,1,1,0,1,0
49070,1322,0.0,4.0,0.0,8,2,1,2,7,0,1,0
4920,4265,0.0,0.0,0.0,23,15,5,5,22,0,1,0
49282,557,0.0,3.0,2.0,3,1,1,2,2,0,1,0
49379,630,0.0,3.0,2.0,8,4,2,3,6,0,1,1
51166,606,0.0,4.0,1.0,45,28,7,1,42,0,3,0
51572,3472,0.0,5.0,0.0,3,1,1,2,1,1,1,0
52444,1577,0.0,3.0,0.0,4,3,1,2,3,0,1,0
52473,4049,0.0,3.0,0.0,3,1,1,2,2,0,1,0
52882,4270,0.0,6.0,1.0,2,1,1,1,1,0,1,0
52982,4090,0.0,0.0,0.0,16,5,2,2,12,0,3,1
53388,4079,0.0,0.0,1.0,7,1,1,1,6,0,1,0
53898,1472,0.0,3.0,0.0,1,1,1,1,0,0,1,0
54493,621,0.0,4.0,1.0,9,1,1,4,7,0,1,1
54502,4155,0.0,2.0,0.0,8,1,1,4,7,0,1,0
5493,1467,0.0,6.0,0.0,5,2,1,1,4,0,1,0
54935,416,0.0,4.0,0.0,5,2,1,2,4,0,1,0
55060,738,0.0,4.0,0.0,2,1,1,1,1,0,1,0
55459,598,0.0,2.0,0.0,5,1,1,1,4,0,1,0
56013,4693,0.0,0.0,0.0,15,10,2,3,13,0,2,0
5634,2981,0.0,5.0,0.0,3,1,1,1,2,0,1,0
56361,4549,0.0,0.0,0.0,4,1,1,2,2,0,2,0
56468,1719,0.0,0.0,0.0,14,3,1,2,13,0,1,0
56728,742,0.0,6.0,1.0,1,1,1,1,0,0,1,0
57199,121,0.0,5.0,0.0,17,8,3,2,16,0,1,0
57229,4976,0.0,4.0,0.0,22,15,6,2,20,0,2,0
57483,120,0.0,3.0,1.0,3,1,1,1,2,0,1,0
5767,1200,0.0,0.0,0.0,2,1,1,1,0,0,2,0
57852,1784,0.0,4.0,0.0,9,2,1,1,3,0,6,0
58268,2611,0.0,0.0,0.0,5,1,1,1,4,0,1,0
58495,603,0.0,3.0,0.0,10,5,4,1,9,0,1,0
58663,2326,0.0,3.0,2.0,10,3,3,1,8,0,2,0
58878,4463,0.0,5.0,0.0,10,5,1,1,8,0,1,1
59105,4871,0.0,0.0,0.0,5,3,2,1,4,0,1,0
59166,951,0.0,2.0,0.0,4,2,1,1,3,0,1,0
5961,588,0.0,3.0,0.0,10,1,1,3,9,0,1,0
59725,4316,0.0,2.0,1.0,3,1,1,1,2,0,1,0
60132,1342,0.0,3.0,0.0,2,1,1,2,0,0,1,1
60635,4662,0.0,6.0,1.0,14,9,2,1,13,0,1,0
61064,4659,0.0,4.0,0.0,34,15,5,4,25,0,3,6
6111,4173,0.0,3.0,0.0,6,2,1,1,5,0,1,0
61185,382,0.0,3.0,1.0,5,2,2,1,4,0,1,0
61359,1102,1.0,4.0,0.0,10,8,6,4,9,0,1,0
61412,3022,0.0,0.0,1.0,1,1,1,1,0,0,1,0
61582,2140,0.0,0.0,0.0,23,7,1,1,20,0,3,0
61596,1618,0.0,4.0,2.0,11,1,1,1,10,0,1,0
61940,1353,0.0,4.0,2.0,9,1,1,1,8,0,1,0
62220,4026,0.0,5.0,0.0,7,2,1,2,6,0,1,0
62376,3173,0.0,0.0,0.0,2,1,1,1,1,0,1,0
62675,3826,0.0,4.0,1.0,1,1,1,1,0,0,1,0
62700,4955,0.0,6.0,0.0,5,1,1,1,3,0,2,0
62701,2811,0.0,2.0,0.0,1,1,1,1,0,0,1,0
62977,4394,0.0,0.0,0.0,3,1,1,1,2,0,1,0
63056,241,0.0,4.0,0.0,2,1,1,2,1,0,1,0
63615,4647,0.0,3.0,1.0,3,1,1,1,2,0,1,0
64069,1679,0.0,4.0,1.0,45,18,3,1,43,0,2,0
64464,3239,0.0,5.0,0.0,4,2,1,2,2,0,1,1
6510,4818,0.0,7.0,0.0,4,1,1,1,3,0,1,0
65352,4978,0.0,6.0,0.0,3,2,1,1,2,0,1,0
65930,575,0.0,0.0,0.0,7,1,1,2,6,0,1,0
66602,2631,0.0,0.0,0.0,2,1,1,1,1,0,1,0
66707,1852,0.0,3.0,0.0,2,1,1,1,1,0,1,0
66787,254,0.0,0.0,0.0,10,2,1,1,9,0,1,0
6679,4044,0.0,6.0,0.0,46,17,3,3,45,0,1,0
66862,23,0.0,0.0,0.0,4,1,1,2,3,0,1,0
6696,3941,0.0,3.0,1.0,3,2,1,1,2,0,1,0
67601,4079,1.0,5.0,0.0,29,11,5,1,19,0,10,0
67716,2699,0.0,0.0,0.0,11,5,3,3,3,0,1,7
68016,4090,0.0,0.0,0.0,7,1,1,3,5,0,1,1
68038,1944,1.0,6.0,0.0,11,4,3,4,9,0,1,1
68172,2102,0.0,4.0,0.0,2,1,1,1,1,0,1,0
6918,3898,0.0,3.0,1.0,6,3,2,1,5,0,1,0
69244,4173,0.0,3.0,1.0,15,9,4,6,14,0,1,0
6957,742,0.0,4.0,0.0,2,1,1,1,1,0,1,0
70238,1102,0.0,6.0,1.0,46,25,10,7,45,0,1,0
7038,3418,0.0,4.0,0.0,6,3,1,1,5,0,1,0
70533,2854,0.0,6.0,0.0,1,1,1,1,0,0,1,0
71101,1332,0.0,3.0,1.0,2,1,1,1,1,0,1,0
71296,1890,0.0,3.0,1.0,11,3,2,1,8,0,3,0
71327,1900,0.0,0.0,1.0,3,1,1,1,2,0,1,0
71474,1149,0.0,6.0,0.0,7,2,1,1,6,0,1,0
71662,2099,0.0,7.0,0.0,19,13,9,1,16,0,3,0
7181,1500,0.0,4.0,1.0,14,5,2,3,7,0,1,6
71917,4079,1.0,2.0,0.0,7,4,2,2,6,0,1,0
71982,1726,0.0,2.0,0.0,5,3,1,1,4,0,1,0
72416,1999,0.0,4.0,0.0,1,1,1,1,0,0,1,0
72548,2928,0.0,4.0,0.0,3,1,1,1,2,0,1,0
72772,3457,0.0,4.0,0.0,4,1,1,1,2,0,2,0
73292,2669,0.0,0.0,0.0,3,1,1,1,2,0,1,0
73605,2099,0.0,2.0,0.0,4,2,2,2,1,0,2,1
73678,467,0.0,3.0,0.0,12,6,3,1,10,0,2,0
73876,3420,0.0,4.0,1.0,2,1,1,2,1,0,1,0
74081,3828,0.0,5.0,0.0,1,1,1,1,0,0,1,0
7428,1833,0.0,0.0,0.0,18,10,3,3,17,0,1,0
74560,3148,0.0,0.0,0.0,72,24,5,3,69,0,2,1
75229,4525,0.0,0.0,0.0,9,3,1,2,7,1,1,0
75392,1310,0.0,3.0,1.0,2,1,1,1,1,0,1,0
75757,4643,0.0,3.0,0.0,11,2,1,2,10,0,1,0
75774,643,0.0,3.0,1.0,5,1,1,2,4,0,1,0
76201,2856,0.0,4.0,0.0,2,1,1,1,1,0,1,0
76211,721,0.0,4.0,1.0,5,3,1,1,4,0,1,0
76309,346,0.0,5.0,1.0,2,1,1,1,1,0,1,0
76803,289,0.0,3.0,1.0,5,1,1,2,4,0,1,0
77724,4258,0.0,5.0,1.0,5,1,1,1,3,1,1,0
78128,3420,0.0,4.0,0.0,11,1,1,1,10,0,1,0
78376,4864,0.0,0.0,0.0,3,1,1,2,2,0,1,0
78403,4756,0.0,0.0,0.0,11,7,2,2,8,0,3,0
78484,4282,0.0,4.0,1.0,1,1,1,1,0,0,1,0
78884,416,0.0,7.0,0.0,9,3,2,1,8,0,1,0
79012,3152,0.0,4.0,0.0,27,16,2,4,23,0,3,1
79131,3173,0.0,2.0,0.0,4,1,1,1,2,0,2,0
79272,2003,0.0,4.0,0.0,3,1,1,1,2,0,1,0
79885,4991,0.0,4.0,0.0,3,1,1,1,2,0,1,0
79993,1352,0.0,3.0,2.0,2,1,1,1,1,0,1,0
80924,4198,0.0,5.0,1.0,3,1,1,1,2,0,1,0
80969,1760,1.0,2.0,0.0,21,7,3,5,14,0,3,4
81288,3984,0.0,6.0,1.0,7,3,2,2,5,1,1,0
81349,4270,0.0,6.0,0.0,21,7,4,2,18,0,3,0
81780,2952,0.0,2.0,1.0,2,1,1,1,1,0,1,0
81803,4282,0.0,4.0,0.0,26,15,5,3,25,0,1,0
81921,3022,0.0,2.0,1.0,3,1,1,1,2,0,1,0
8237,1470,0.0,3.0,1.0,10,4,2,1,9,0,1,0
82955,4340,0.0,2.0,0.0,2,1,1,1,1,0,1,0
83149,1661,0.0,4.0,0.0,8,1,1,4,6,0,1,1
83301,4090,0.0,5.0,0.0,4,1,1,1,3,0,1,0
83528,3826,0.0,6.0,1.0,3,1,1,1,2,0,1,0
83748,2051,0.0,0.0,1.0,1,1,1,1,0,0,1,0
83966,3126,0.0,5.0,0.0,6,1,1,2,4,0,2,0
83986,742,0.0,0.0,0.0,9,1,1,2,7,1,1,0
84409,2318,1.0,5.0,0.0,7,3,1,1,6,0,1,0
84492,2149,0.0,3.0,1.0,11,3,1,2,10,0,1,0
84750,1393,0.0,0.0,0.0,3,1,1,2,1,0,1,1
84821,3763,1.0,3.0,1.0,7,2,1,2,5,0,1,1
85016,2036,0.0,5.0,1.0,2,1,1,1,0,0,2,0
85055,641,0.0,0.0,0.0,10,3,2,4,9,0,1,0
85538,2981,0.0,6.0,1.0,7,2,1,2,5,0,1,1
85598,415,0.0,0.0,1.0,9,1,1,1,6,0,3,0
85761,3855,0.0,3.0,0.0,2,1,1,1,1,0,1,0
85874,4414,0.0,0.0,0.0,22,3,1,2,21,0,1,0
86173,2552,0.0,2.0,1.0,1,1,1,1,0,0,1,0
86473,1056,0.0,3.0,0.0,7,5,3,2,6,0,1,0
86537,2361,0.0,0.0,0.0,4,1,1,1,2,0,1,1
86709,1890,0.0,3.0,0.0,7,5,1,1,6,0,1,0
86971,1090,0.0,6.0,0.0,53,22,3,9,46,0,1,6
87372,4594,0.0,3.0,0.0,9,2,1,2,8,0,1,0
87693,4270,1.0,0.0,0.0,1,1,1,1,0,0,1,0
87844,2639,0.0,0.0,0.0,8,6,3,1,6,0,2,0
87850,2361,0.0,4.0,0.0,1,1,1,1,0,0,1,0
87942,2108,0.0,3.0,1.0,11,4,1,1,10,0,1,0
88112,4087,0.0,4.0,0.0,3,1,1,1,2,0,1,0
88193,2537,0.0,2.0,0.0,4,1,1,1,3,0,1,0
8875,2253,0.0,0.0,1.0,2,1,1,1,1,0,1,0
88820,606,0.0,0.0,0.0,8,3,1,2,7,0,1,0
89448,2537,0.0,3.0,0.0,5,2,2,1,4,0,1,0
90356,3826,0.0,2.0,1.0,4,1,1,1,3,0,1,0
91459,4287,0.0,0.0,0.0,4,1,1,1,3,0,1,0
91592,2082,0.0,0.0,0.0,13,1,1,4,11,0,1,1
92202,3773,1.0,4.0,0.0,4,3,3,1,3,0,1,0
92232,4982,0.0,3.0,0.0,7,2,1,2,6,0,1,0
93140,1618,0.0,5.0,0.0,1,1,1,1,0,0,1,0
93163,2849,0.0,6.0,0.0,14,9,5,5,13,0,1,0
93185,58,0.0,2.0,0.0,1,1,1,1,0,0,1,0
93357,4693,1.0,4.0,0.0,21,10,2,2,19,0,2,0
93518,4131,0.0,4.0,2.0,13,3,1,5,9,0,1,3
93779,773,0.0,4.0,0.0,12,4,3,2,8,0,1,3
93910,424,0.0,3.0,1.0,6,4,2,2,5,0,1,0
94539,3105,0.0,3.0,1.0,47,15,5,9,46,0,1,0
94569,1780,0.0,3.0,0.0,7,1,1,1,6,0,1,0
94636,3143,0.0,6.0,0.0,15,5,1,1,13,0,2,0
94845,1890,0.0,0.0,0.0,4,2,2,2,2,0,1,1
95002,4191,0.0,2.0,0.0,8,2,1,2,5,0,1,2
95143,1936,0.0,2.0,1.0,5,1,1,1,4,0,1,0
95670,4525,0.0,4.0,0.0,7,2,1,1,5,0,2,0
95780,1726,0.0,4.0,0.0,4,1,1,1,3,0,1,0
95983,1370,0.0,5.0,1.0,3,2,1,1,0,0,3,0
96244,219,0.0,0.0,1.0,9,3,1,2,5,0,4,0
96316,467,0.0,3.0,0.0,5,1,1,1,3,0,1,1
96441,4648,0.0,2.0,0.0,1,1,1,1,0,0,1,0
96490,951,0.0,0.0,0.0,3,1,1,1,2,0,1,0
96889,4090,0.0,0.0,0.0,1,1,1,1,0,0,1,0
96893,845,1.0,4.0,0.0,5,2,1,1,4,0,1,0
97389,4173,0.0,3.0,0.0,9,6,1,1,8,0,1,0
97455,1963,0.0,3.0,1.0,42,25,6,2,40,0,2,0
97804,2745,0.0,4.0,1.0,47,7,5,7,45,0,2,0
97839,4926,0.0,4.0,0.0,24,6,6,2,22,0,2,0
98660,1760,0.0,0.0,0.0,54,14,2,8,44,0,2,8
98843,586,0.0,3.0,0.0,27,12,3,1,22,0,5,0
99262,1250,0.0,6.0,0.0,8,3,1,1,6,0,2,0
99320,951,0.0,6.0,0.0,4,2,1,1,3,0,1,0
99394,4043,0.0,3.0,0.0,9,3,2,2,6,0,1,2
99966,4871,0.0,3.0,0.0,2,1,1,2,1,0,1,0
