100245,901,0.0,2.0,0.0,3,1,1,1,2,0,1,0
100313,547,0.0,2.0,1.0,7,4,1,1,6,0,1,0
100437,3173,1.0,0.0,1.0,4,1,1,1,2,0,2,0
100503,412,0.0,0.0,0.0,4,3,3,2,3,0,1,0
100728,1370,0.0,4.0,1.0,2,2,2,2,1,0,1,0
101029,4140,0.0,5.0,0.0,6,3,1,2,5,0,1,0
101284,2537,0.0,4.0,1.0,1,1,1,1,0,0,1,0
101562,2307,0.0,2.0,1.0,7,1,1,1,6,0,1,0
101585,2459,0.0,3.0,0.0,10,8,3,1,9,0,1,0
102043,1067,0.0,6.0,1.0,1,1,1,1,0,0,1,0
102054,3473,0.0,4.0,2.0,11,5,2,3,10,0,1,0
102677,503,0.0,3.0,0.0,4,2,2,1,3,0,1,0
102798,2597,0.0,0.0,1.0,3,2,1,1,2,0,1,0
102935,4768,0.0,4.0,0.0,12,7,1,2,11,0,1,0
103829,3476,0.0,3.0,1.0,1,1,1,1,0,0,1,0
104035,4170,0.0,5.0,1.0,15,3,2,3,11,2,2,0
104340,4322,0.0,0.0,1.0,4,1,1,1,3,0,1,0
104354,4173,0.0,3.0,0.0,38,23,6,5,35,0,2,1
10505,3828,1.0,3.0,0.0,23,13,7,5,22,0,1,0
105348,1056,1.0,4.0,1.0,6,5,4,3,5,0,1,0
105354,2435,0.0,2.0,0.0,16,3,2,1,13,0,2,1
105931,2935,0.0,0.0,0.0,3,1,1,1,2,0,1,0
106365,4282,0.0,0.0,0.0,5,2,1,2,4,0,1,0
106703,2928,0.0,4.0,0.0,6,2,2,2,5,0,1,0
106833,215,0.0,0.0,1.0,1,1,1,1,0,0,1,0
107105,1840,0.0,4.0,0.0,12,9,4,2,10,0,1,1
107189,4950,0.0,4.0,0.0,4,2,1,3,1,0,1,2
107357,3687,0.0,2.0,0.0,3,1,1,1,2,0,1,0
107403,3826,0.0,2.0,0.0,9,1,1,1,8,0,1,0
107418,3549,0.0,4.0,0.0,3,1,1,1,2,0,1,0
107537,1472,0.0,2.0,0.0,4,1,1,1,3,0,1,0
107633,4976,0.0,3.0,0.0,33,12,3,6,26,0,2,5
10780,3022,0.0,0.0,0.0,10,6,2,1,9,0,1,0
107805,4305,0.0,3.0,1.0,21,7,1,2,17,0,1,3
107955,2664,0.0,4.0,0.0,11,7,1,1,10,0,1,0
108065,2501,0.0,0.0,0.0,13,2,1,3,11,0,1,1
108564,4760,0.0,3.0,1.0,1,1,1,1,0,0,1,0
108587,855,0.0,6.0,0.0,15,1,1,4,14,0,1,0
108591,3085,0.0,4.0,0.0,11,4,1,1,10,0,1,0
108947,2928,0.0,5.0,1.0,5,3,1,1,4,0,1,0
109074,1487,0.0,3.0,1.0,12,1,1,2,10,0,1,1
109148,3862,0.0,3.0,0.0,2,1,1,1,1,0,1,0
10923,4594,0.0,2.0,1.0,4,1,1,1,1,0,2,1
109363,308,0.0,3.0,0.0,2,1,1,1,1,0,1,0
109631,1798,0.0,4.0,1.0,9,5,2,2,8,0,1,0
109702,1356,0.0,3.0,0.0,1,1,1,1,0,0,1,0
109799,3205,0.0,5.0,0.0,17,10,3,2,8,0,1,8
10986,3619,0.0,3.0,0.0,2,1,1,1,1,0,1,0
109860,2273,0.0,0.0,0.0,8,2,1,3,6,0,1,1
110192,3524,0.0,0.0,1.0,2,1,1,1,1,0,1,0
110602,4043,1.0,0.0,0.0,10,5,4,2,7,0,1,2
110698,4197,0.0,4.0,0.0,2,1,1,1,1,0,1,0
110940,3291,0.0,4.0,1.0,5,1,1,1,4,0,1,0
110994,3614,0.0,7.0,0.0,3,1,1,1,2,0,1,0
111036,4850,1.0,5.0,0.0,25,16,8,2,21,0,4,0
111070,4368,0.0,5.0,0.0,2,1,1,2,1,0,1,0
111279,3839,0.0,6.0,0.0,155,22,2,16,153,0,1,1
111526,862,0.0,4.0,0.0,3,1,1,1,2,0,1,0
111930,3984,0.0,3.0,1.0,4,1,1,1,3,0,1,0
1120,2230,1.0,4.0,0.0,3,1,1,1,1,0,1,1
112136,4047,0.0,4.0,0.0,1,1,1,1,0,0,1,0
11229,4086,0.0,4.0,0.0,16,8,5,1,13,0,2,1
112921,1890,0.0,2.0,0.0,9,2,1,2,8,0,1,0
113326,2664,0.0,4.0,0.0,30,22,7,1,28,0,2,0
11350,1861,0.0,0.0,0.0,3,2,2,2,1,0,2,0
113523,4605,0.0,0.0,1.0,10,4,3,2,7,0,2,1
113614,2664,0.0,6.0,1.0,30,7,1,1,28,0,2,0
113956,1884,0.0,0.0,0.0,2,1,1,1,1,0,1,0
114269,4756,0.0,6.0,0.0,8,1,1,1,7,0,1,0
114458,2173,0.0,8.0,0.0,28,11,2,4,27,0,1,0
114482,3955,1.0,0.0,0.0,6,3,2,1,5,0,1,0
115607,2291,0.0,3.0,0.0,7,2,1,1,6,0,1,0
115777,738,0.0,0.0,0.0,1,1,1,1,0,0,1,0
115910,4107,0.0,0.0,0.0,14,9,2,4,12,0,1,1
116289,614,1.0,0.0,1.0,3,1,1,2,2,0,1,0
116372,3622,0.0,6.0,1.0,5,1,1,1,4,0,1,0
116578,2047,0.0,3.0,2.0,6,2,1,2,5,0,1,0
117200,4618,0.0,4.0,0.0,4,1,1,1,3,0,1,0
117482,3148,0.0,0.0,0.0,14,9,3,1,13,0,1,0
117590,1467,0.0,0.0,0.0,29,4,1,7,24,0,2,3
117605,4107,0.0,0.0,0.0,1,1,1,1,0,0,1,0
117920,598,0.0,3.0,1.0,5,1,1,2,3,0,1,1
118740,646,0.0,0.0,0.0,5,2,1,3,2,0,1,2
118921,3014,0.0,4.0,0.0,2,1,1,1,1,0,1,0
119076,598,0.0,7.0,0.0,2,1,1,1,1,0,1,0
11923,4427,0.0,3.0,0.0,7,1,1,2,6,0,1,0
119620,2537,0.0,0.0,0.0,3,1,1,1,2,0,1,0
119901,1166,0.0,4.0,0.0,7,3,1,1,6,0,1,0
120170,2698,0.0,3.0,0.0,11,8,1,1,10,0,1,0
120251,1816,0.0,0.0,0.0,10,3,2,1,8,0,1,1
120268,729,0.0,2.0,0.0,2,1,1,1,1,0,1,0
120372,4150,0.0,5.0,0.0,16,8,6,6,15,0,1,0
121065,3419,0.0,3.0,0.0,14,4,1,2,13,0,1,0
121102,760,0.0,4.0,0.0,15,8,3,1,14,0,1,0
12139,386,1.0,0.0,0.0,6,3,1,1,5,0,1,0
12140,3936,0.0,4.0,0.0,9,2,2,4,6,0,1,2
121932,2577,1.0,0.0,0.0,4,1,1,1,3,0,1,0
122327,1522,0.0,0.0,1.0,3,1,1,1,2,0,1,0
12238,4879,0.0,0.0,0.0,4,2,1,1,3,0,1,0
122397,1618,0.0,2.0,1.0,6,2,2,1,5,0,1,0
122746,4280,0.0,2.0,0.0,4,1,1,1,3,0,1,0
122941,3984,0.0,4.0,2.0,5,1,1,1,4,0,1,0
122950,1892,1.0,4.0,2.0,19,10,7,2,15,0,4,0
124081,4564,0.0,6.0,1.0,14,3,2,2,11,1,2,0
124643,2545,1.0,0.0,1.0,6,3,2,1,5,0,1,0
124702,4527,0.0,3.0,0.0,5,1,1,1,4,0,1,0
12488,1393,0.0,4.0,0.0,1,1,1,1,0,0,1,0
125650,1340,0.0,4.0,0.0,7,5,4,2,6,0,1,0
125752,4847,1.0,6.0,0.0,39,24,13,4,36,0,2,1
125905,4992,0.0,4.0,0.0,16,6,1,1,11,0,5,0
126048,3263,0.0,0.0,0.0,6,4,3,2,5,0,1,0
128200,3288,0.0,3.0,0.0,1,1,1,1,0,0,1,0
128338,133,0.0,2.0,0.0,13,4,1,2,11,0,2,0
128753,359,0.0,null,null,4,2,1,1,2,0,2,0
128930,740,0.0,2.0,0.0,7,5,4,4,0,0,3,4
129029,1621,0.0,0.0,0.0,2,1,1,1,0,0,2,0
129532,3580,0.0,2.0,0.0,11,4,1,1,10,0,1,0
129624,2545,0.0,2.0,1.0,19,13,6,2,18,0,1,0
129861,537,0.0,3.0,0.0,10,2,1,1,9,0,1,0
130225,2928,0.0,3.0,2.0,3,1,1,1,2,0,1,0
130980,1916,0.0,0.0,1.0,13,7,1,2,9,0,4,0
131210,3460,0.0,4.0,0.0,5,1,1,1,3,0,2,0
131240,1408,0.0,5.0,0.0,6,2,1,1,4,0,2,0
131486,4173,0.0,5.0,1.0,14,9,6,2,13,0,1,0
131633,255,0.0,5.0,0.0,6,2,1,1,5,0,1,0
131694,3022,0.0,2.0,0.0,8,4,3,1,7,0,1,0
132644,4658,0.0,6.0,0.0,1,1,1,1,0,0,1,0
132872,3475,0.0,4.0,0.0,5,3,1,1,4,0,1,0
133232,2602,0.0,4.0,0.0,1,1,1,1,0,0,1,0
133289,4394,0.0,3.0,0.0,4,1,1,1,3,0,1,0
133433,2780,0.0,3.0,2.0,9,1,1,1,8,0,1,0
133553,2744,0.0,5.0,0.0,17,9,2,5,15,0,1,1
13367,3835,0.0,5.0,0.0,9,4,3,2,7,0,1,1
133748,3912,0.0,3.0,1.0,2,1,1,1,1,0,1,0
133964,1916,0.0,6.0,0.0,3,2,1,1,1,0,2,0
134360,2275,0.0,0.0,0.0,4,2,2,1,3,0,1,0
134522,350,0.0,3.0,1.0,3,1,1,1,2,0,1,0
134757,4605,0.0,3.0,1.0,2,2,2,1,0,0,2,0
134889,296,1.0,5.0,0.0,3,1,1,1,2,0,1,0
135014,3207,0.0,3.0,0.0,3,3,3,1,0,0,3,0
135020,4558,0.0,3.0,1.0,1,1,1,1,0,0,1,0
135852,1679,0.0,4.0,1.0,6,3,1,1,5,0,1,0
136207,4438,0.0,2.0,0.0,5,2,1,2,3,0,1,1
136406,1999,1.0,4.0,0.0,4,2,1,4,3,0,1,0
136875,4048,0.0,3.0,0.0,7,3,1,2,5,0,1,1
137303,3828,0.0,5.0,0.0,13,7,4,3,12,0,1,0
137757,1910,0.0,2.0,0.0,5,1,1,2,3,0,1,1
137796,3420,0.0,0.0,0.0,7,3,2,1,6,0,1,0
137857,3955,0.0,3.0,0.0,3,2,1,2,2,0,1,0
138835,3971,0.0,2.0,1.0,4,2,2,2,3,0,1,0
138971,1557,0.0,3.0,1.0,6,2,1,3,5,0,1,0
13917,1102,0.0,0.0,0.0,42,16,3,4,41,0,1,0
139535,1031,0.0,5.0,0.0,6,1,1,2,5,0,1,0
140207,4919,0.0,6.0,0.0,7,5,2,1,6,0,1,0
14066,3347,0.0,3.0,0.0,4,1,1,1,3,0,1,0
140924,1892,0.0,0.0,0.0,7,4,3,1,4,0,3,0
140934,3835,0.0,4.0,1.0,6,2,2,1,5,0,1,0
141474,4605,0.0,5.0,0.0,16,8,8,3,9,0,5,2
142412,2138,0.0,6.0,1.0,5,3,3,1,4,0,1,0
142467,4979,0.0,6.0,0.0,5,2,1,2,3,0,1,1
143268,2348,0.0,0.0,1.0,3,1,1,1,2,0,1,0
143410,4325,0.0,0.0,0.0,5,2,2,1,4,0,1,0
143451,588,0.0,5.0,0.0,2,1,1,2,1,0,1,0
143609,3925,0.0,3.0,0.0,5,2,1,2,4,0,1,0
144204,2639,1.0,5.0,0.0,176,68,12,9,162,0,6,8
144464,4086,0.0,3.0,0.0,3,1,1,1,2,0,1,0
14448,3734,0.0,4.0,0.0,6,2,2,3,5,0,1,0
144948,1811,0.0,3.0,0.0,9,4,3,2,7,0,2,0
145330,588,0.0,3.0,0.0,4,1,1,1,3,0,1,0
146057,13,0.0,4.0,1.0,2,1,1,1,1,0,1,0
146080,606,0.0,4.0,0.0,11,3,1,1,10,0,1,0
146416,4981,0.0,5.0,1.0,13,5,2,2,10,0,2,1
14650,1393,0.0,2.0,null,41,15,6,3,39,1,1,0
14701,66,0.0,2.0,1.0,7,1,1,3,4,0,1,2
147367,4385,0.0,3.0,0.0,2,1,1,2,1,0,1,0
148277,2273,0.0,0.0,1.0,6,1,1,1,4,0,1,1
148900,1916,0.0,4.0,0.0,12,5,1,2,10,0,2,0
149266,1618,0.0,6.0,0.0,12,5,3,4,10,0,1,1
149371,4173,0.0,4.0,0.0,2,2,2,1,0,0,2,0
149488,1891,0.0,0.0,0.0,3,1,1,1,2,0,1,0
149628,1489,0.0,3.0,1.0,5,2,1,2,3,0,2,0
149868,3769,0.0,4.0,1.0,1,1,1,1,0,0,1,0
15022,2241,1.0,3.0,0.0,1,1,1,1,0,0,1,0
150561,4879,0.0,0.0,1.0,10,1,1,2,9,0,1,0
150721,95,0.0,4.0,1.0,4,1,1,1,3,0,1,0
151131,2138,0.0,0.0,0.0,8,5,5,1,6,0,1,1
151654,4076,0.0,0.0,0.0,7,2,1,2,4,0,1,2
151686,120,0.0,8.0,1.0,4,1,1,1,2,0,2,0
151692,1359,1.0,7.0,0.0,6,3,1,2,5,0,1,0
151840,4976,0.0,4.0,0.0,21,13,2,5,18,0,1,2
151997,2066,0.0,3.0,0.0,8,2,1,1,7,0,1,0
15258,3236,1.0,5.0,0.0,10,5,1,2,9,0,1,0
152871,2161,0.0,0.0,0.0,6,1,1,1,5,0,1,0
153348,1291,0.0,6.0,0.0,22,4,2,1,21,0,1,0
154941,219,0.0,3.0,1.0,10,4,1,1,9,0,1,0
155052,4071,0.0,0.0,0.0,3,1,1,1,2,0,1,0
155360,962,0.0,2.0,0.0,11,3,3,2,8,0,1,2
155464,121,0.0,2.0,0.0,5,1,1,2,4,0,1,0
155684,4545,0.0,6.0,1.0,9,4,1,1,7,0,2,0
15583,3173,0.0,3.0,1.0,2,1,1,1,1,0,1,0
156115,1370,0.0,5.0,0.0,13,3,2,2,11,0,2,0
156472,1840,0.0,5.0,0.0,3,1,1,1,2,0,1,0
156498,1602,0.0,3.0,0.0,2,1,1,1,1,0,1,0
156935,3628,0.0,5.0,1.0,6,1,1,1,5,0,1,0
157077,4049,0.0,3.0,0.0,6,2,2,2,3,0,2,1
157264,1710,1.0,4.0,1.0,6,1,1,1,4,0,1,1
15735,4641,0.0,3.0,0.0,4,1,1,1,3,0,1,0
157447,1340,0.0,3.0,0.0,32,18,4,6,27,0,4,1
157507,1285,0.0,0.0,0.0,10,1,1,1,9,0,1,0
158195,4871,0.0,4.0,1.0,2,1,1,1,1,0,1,0
158797,4687,0.0,0.0,0.0,9,1,1,1,8,0,1,0
159032,671,0.0,3.0,0.0,11,3,2,2,10,0,1,0
159211,4976,0.0,3.0,1.0,3,2,2,1,2,0,1,0
15923,3898,0.0,3.0,0.0,51,10,2,1,47,0,2,2
159419,1454,0.0,4.0,0.0,13,6,3,1,9,0,4,0
159607,3828,0.0,3.0,1.0,3,1,1,1,2,0,1,0
160106,503,0.0,0.0,1.0,13,5,1,1,10,0,3,0
160154,3839,0.0,0.0,0.0,3,1,1,1,2,0,1,0
160230,742,0.0,0.0,1.0,9,5,4,2,6,0,3,0
160246,289,0.0,7.0,1.0,3,1,1,1,2,0,1,0
160569,1346,0.0,4.0,0.0,3,1,1,1,2,0,1,0
16062,4287,0.0,4.0,0.0,7,2,1,1,6,0,1,0
160652,120,0.0,5.0,1.0,5,1,1,1,3,0,1,1
163199,3538,0.0,2.0,0.0,5,1,1,1,4,0,1,0
16378,598,0.0,0.0,0.0,7,1,1,2,6,0,1,0
164697,1892,0.0,4.0,0.0,40,22,9,6,37,0,3,0
164775,2537,0.0,0.0,0.0,6,3,3,2,3,0,3,0
164789,3828,0.0,0.0,1.0,14,10,4,5,13,0,1,0
16536,2318,0.0,2.0,0.0,2,1,1,1,1,0,1,0
165388,1760,0.0,3.0,0.0,22,11,2,1,19,0,3,0
165533,4793,0.0,3.0,1.0,4,1,1,1,3,0,1,0
165616,4145,0.0,6.0,0.0,3,1,1,1,2,0,1,0
165752,4966,0.0,0.0,1.0,4,1,1,1,3,0,1,0
166255,1340,0.0,3.0,0.0,1,1,1,1,0,0,1,0
166363,4976,0.0,2.0,0.0,12,5,2,1,11,0,1,0
166547,1049,0.0,3.0,1.0,3,1,1,1,2,0,1,0
166976,2565,0.0,0.0,1.0,7,2,1,1,6,0,1,0
166996,2791,0.0,0.0,1.0,26,9,3,2,21,0,1,4
167044,3051,0.0,3.0,0.0,13,1,1,1,11,0,1,1
16735,1816,0.0,0.0,0.0,3,1,1,1,2,0,1,0
167910,3055,0.0,2.0,0.0,1,1,1,1,0,0,1,0
168022,323,0.0,5.0,0.0,26,8,1,2,23,0,1,2
168223,1892,0.0,4.0,0.0,7,2,2,1,6,0,1,0
168365,685,0.0,0.0,0.0,12,5,1,2,11,0,1,0
168556,467,0.0,4.0,0.0,9,7,4,2,7,0,1,1
168876,3063,0.0,3.0,0.0,34,18,2,3,33,0,1,0
168896,962,0.0,3.0,0.0,27,9,4,2,25,0,1,1
169026,4760,0.0,2.0,0.0,38,17,4,1,35,0,3,0
169125,4316,0.0,3.0,1.0,7,3,3,1,5,0,2,0
169153,4420,0.0,4.0,0.0,6,5,3,1,5,0,1,0
169286,1877,0.0,3.0,2.0,16,4,1,3,15,0,1,0
169853,2294,0.0,0.0,0.0,2,1,1,1,1,0,1,0
170069,3227,0.0,0.0,0.0,2,1,1,1,1,0,1,0
170447,4090,0.0,3.0,0.0,31,18,2,2,30,0,1,0
171192,1742,0.0,0.0,0.0,4,1,1,1,3,0,1,0
171216,3925,0.0,4.0,1.0,12,5,3,1,11,0,1,0
171754,4318,0.0,6.0,1.0,19,5,1,4,18,0,1,0
171880,1840,0.0,6.0,0.0,2,1,1,1,1,0,1,0
171915,227,0.0,2.0,1.0,9,1,1,2,8,0,1,0
172116,3477,0.0,6.0,1.0,10,2,1,1,8,0,2,0
172401,2278,1.0,5.0,0.0,31,8,3,7,27,0,3,1
172581,1618,0.0,3.0,1.0,9,3,1,1,8,0,1,0
172843,1200,0.0,3.0,1.0,3,1,1,1,2,0,1,0
17289,4072,0.0,4.0,0.0,9,4,2,3,8,0,1,0
173296,1346,0.0,3.0,0.0,10,3,1,4,8,0,1,1
173396,4240,0.0,0.0,1.0,4,2,1,1,3,0,1,0
173538,3462,0.0,3.0,0.0,6,2,1,2,4,0,1,1
173621,643,0.0,2.0,0.0,18,6,2,3,13,0,1,4
173904,3828,0.0,2.0,0.0,13,6,4,2,9,0,1,3
173930,4050,0.0,0.0,1.0,2,1,1,1,1,0,1,0
174064,4687,0.0,5.0,2.0,9,6,4,1,7,0,2,0
174726,4044,0.0,3.0,0.0,46,25,9,8,42,0,1,3
174811,4648,0.0,2.0,0.0,2,1,1,2,0,0,1,1
174937,1719,0.0,0.0,0.0,3,1,1,1,2,0,1,0
175189,3545,1.0,4.0,0.0,4,2,1,1,3,0,1,0
175349,436,0.0,0.0,0.0,14,9,3,1,13,0,1,0
175563,361,0.0,0.0,0.0,4,2,1,1,3,0,1,0
175916,3230,0.0,0.0,0.0,2,1,1,1,1,0,1,0
175991,323,0.0,5.0,1.0,1,1,1,1,0,0,1,0
176459,3773,0.0,6.0,1.0,4,3,2,2,3,0,1,0
176514,2976,0.0,4.0,0.0,1,1,1,1,0,0,1,0
176797,588,0.0,3.0,0.0,3,2,1,1,2,0,1,0
176963,4988,0.0,4.0,0.0,3,1,1,2,2,0,1,0
176991,1500,0.0,6.0,0.0,4,1,1,2,2,0,1,1
176993,1353,0.0,0.0,0.0,6,1,1,4,5,0,1,0
177025,4610,1.0,4.0,0.0,1,1,1,1,0,0,1,0
177175,1923,0.0,4.0,1.0,3,2,2,1,1,0,2,0
177975,3477,0.0,0.0,0.0,3,1,1,1,2,0,1,0
178035,608,0.0,3.0,0.0,4,1,1,1,3,0,1,0
178546,1102,0.0,2.0,0.0,16,3,1,3,15,0,1,0
178816,3875,0.0,0.0,0.0,6,1,1,1,5,0,1,0
178910,4783,0.0,5.0,0.0,10,5,4,3,7,0,3,0
179488,2204,0.0,3.0,0.0,9,3,1,1,8,0,1,0
180574,1738,0.0,0.0,0.0,1,1,1,1,0,0,1,0
180672,1557,1.0,3.0,0.0,3,1,1,2,2,0,1,0
180752,1203,0.0,4.0,0.0,5,2,1,1,4,0,1,0
181222,594,0.0,2.0,0.0,3,1,1,2,2,0,1,0
181735,829,0.0,6.0,0.0,14,3,1,4,13,0,1,0
181854,962,0.0,2.0,0.0,3,1,1,1,2,0,1,0
182007,1755,0.0,2.0,0.0,1,1,1,1,0,0,1,0
182925,1340,0.0,4.0,0.0,4,1,1,2,3,0,1,0
182927,4044,0.0,3.0,0.0,2,1,1,1,1,0,1,0
18347,3424,0.0,0.0,0.0,23,7,2,1,20,0,3,0
183792,4044,0.0,3.0,0.0,4,2,1,1,3,0,1,0
183869,3968,0.0,2.0,0.0,20,4,3,7,18,0,1,1
184500,2482,0.0,4.0,0.0,2,1,1,2,1,0,1,0
184623,1272,0.0,0.0,0.0,12,3,2,7,11,0,1,0
184716,4112,0.0,2.0,1.0,2,1,1,1,1,0,1,0
185037,4079,1.0,4.0,1.0,2,1,1,1,1,0,1,0
185405,2051,0.0,3.0,0.0,4,2,1,1,2,0,2,0
185670,4044,0.0,4.0,0.0,5,2,1,2,4,0,1,0
185841,1724,0.0,0.0,1.0,7,4,2,1,6,0,1,0
185976,1346,0.0,3.0,2.0,10,1,1,3,8,0,1,1
186508,1890,0.0,5.0,0.0,3,1,1,1,2,0,1,0
187034,3622,0.0,7.0,1.0,8,4,1,1,7,0,1,0
18704,3815,0.0,0.0,0.0,11,5,4,3,10,0,1,0
187190,2820,0.0,5.0,0.0,7,4,2,2,6,0,1,0
187317,3959,0.0,4.0,1.0,4,2,1,1,3,0,1,0
187371,4976,0.0,4.0,0.0,4,3,1,2,1,0,1,2
187551,1485,0.0,0.0,0.0,38,15,2,4,35,0,3,0
187907,2664,0.0,6.0,0.0,9,6,2,1,6,0,3,0
187970,1187,0.0,4.0,0.0,1,1,1,1,0,0,1,0
188375,2569,0.0,0.0,1.0,3,3,2,1,0,0,3,0
18859,1742,0.0,4.0,0.0,8,3,1,1,7,0,1,0
188773,323,0.0,5.0,0.0,21,4,1,3,18,0,1,2
188893,1760,0.0,0.0,1.0,2,1,1,1,1,0,1,0
188949,1719,0.0,2.0,0.0,4,1,1,1,3,0,1,0
189868,3376,0.0,4.0,1.0,10,1,1,6,9,0,1,0
189915,1075,0.0,6.0,0.0,32,6,2,3,28,0,1,3
190858,1884,0.0,4.0,1.0,3,1,1,1,2,0,1,0
190918,1283,0.0,3.0,0.0,8,4,1,1,7,0,1,0
191169,4150,0.0,4.0,1.0,6,1,1,1,5,0,1,0
191404,4976,0.0,0.0,0.0,3,2,2,1,2,0,1,0
192026,1861,0.0,3.0,0.0,5,1,1,1,4,0,1,0
192164,845,0.0,3.0,0.0,58,5,2,2,54,0,4,0
192680,1816,0.0,3.0,1.0,3,1,1,3,2,0,1,0
193296,4071,0.0,5.0,0.0,5,3,1,1,4,0,1,0
193398,4044,0.0,2.0,0.0,3,2,2,2,0,0,1,2
193743,3205,0.0,0.0,0.0,12,8,2,1,3,0,1,8
193921,3462,0.0,0.0,0.0,1,1,1,1,0,0,1,0
193993,3734,0.0,3.0,0.0,4,1,1,1,3,0,1,0
194134,2051,0.0,4.0,0.0,13,2,1,3,12,0,1,0
195443,4647,1.0,4.0,0.0,5,3,1,1,4,0,1,0
19607,4499,1.0,3.0,1.0,8,2,1,4,6,0,1,1
196148,1275,0.0,3.0,0.0,4,1,1,3,2,0,1,1
196889,3230,0.0,0.0,1.0,6,1,1,1,4,0,2,0
197126,1892,0.0,6.0,0.0,20,5,3,3,18,0,2,0
19749,1425,0.0,3.0,0.0,5,1,1,1,4,0,1,0
197559,3014,0.0,3.0,0.0,4,1,1,2,2,0,1,1
19756,215,0.0,3.0,1.0,61,5,3,4,58,0,1,2
19807,4044,0.0,0.0,0.0,27,7,1,4,23,0,1,3
198577,2642,0.0,4.0,0.0,2,1,1,1,1,0,1,0
198685,3236,0.0,0.0,1.0,7,3,1,2,5,0,1,1
198957,412,0.0,5.0,0.0,6,4,2,3,5,0,1,0
199022,4173,0.0,2.0,0.0,7,2,1,1,6,0,1,0
199655,4525,0.0,0.0,0.0,11,4,2,2,9,0,2,0
19993,1141,0.0,0.0,0.0,2,1,1,1,1,0,1,0
200364,1495,0.0,3.0,0.0,2,1,1,1,1,0,1,0
200462,4071,0.0,3.0,0.0,5,1,1,1,3,0,2,0
200984,4478,0.0,2.0,1.0,2,1,1,1,0,0,1,1
201133,361,0.0,3.0,0.0,6,2,1,1,4,0,1,1
201323,793,0.0,5.0,0.0,5,2,2,1,4,0,1,0
201451,3635,0.0,0.0,1.0,75,19,3,5,65,3,1,6
201619,1000,0.0,4.0,1.0,1,1,1,1,0,0,1,0
201708,3419,0.0,3.0,1.0,3,1,1,1,2,0,1,0
20190,1262,0.0,4.0,0.0,1,1,1,1,0,0,1,0
202241,2537,0.0,0.0,0.0,3,1,1,1,2,0,1,0
20226,2193,0.0,3.0,0.0,18,9,4,4,15,0,3,0
202557,3523,0.0,4.0,1.0,4,1,1,1,3,0,1,0
202566,3865,0.0,4.0,1.0,1,1,1,1,0,0,1,0
202753,489,0.0,5.0,0.0,4,2,1,1,3,0,1,0
202939,3098,0.0,2.0,0.0,2,1,1,1,1,0,1,0
20301,2928,0.0,4.0,1.0,38,11,3,6,36,0,1,1
203463,748,0.0,6.0,1.0,1,1,1,1,0,0,1,0
203649,4976,0.0,5.0,0.0,10,7,3,2,9,0,1,0
203739,643,0.0,0.0,0.0,5,3,2,2,4,0,1,0
203856,1393,1.0,3.0,0.0,61,32,9,5,34,0,8,19
204151,684,0.0,4.0,0.0,15,5,4,1,12,0,3,0
204577,2403,0.0,5.0,0.0,45,34,3,2,42,0,3,0
205159,2482,0.0,4.0,1.0,1,1,1,1,0,0,1,0
205274,1019,0.0,0.0,0.0,20,2,1,1,18,0,2,0
205336,2173,0.0,5.0,0.0,5,5,1,2,4,0,1,0
205598,2992,0.0,3.0,1.0,8,5,2,5,6,0,1,1
205631,2173,1.0,0.0,0.0,2,2,2,1,0,0,2,0
205813,3159,0.0,2.0,0.0,5,1,1,3,3,0,1,1
206279,4044,0.0,3.0,1.0,4,4,1,1,3,0,1,0
206713,1466,0.0,0.0,1.0,2,1,1,1,0,0,2,0
206950,1742,0.0,3.0,0.0,13,4,1,2,10,0,2,1
207088,3635,0.0,3.0,1.0,5,2,1,2,4,0,1,0
207424,742,0.0,3.0,1.0,17,8,3,1,16,0,1,0
207579,4463,0.0,5.0,0.0,17,5,1,3,16,0,1,0
207671,4240,0.0,3.0,1.0,2,1,1,2,1,0,1,0
209024,416,0.0,3.0,0.0,8,2,1,2,5,0,1,2
209089,474,0.0,3.0,0.0,12,5,4,3,6,0,4,2
210383,1890,0.0,3.0,0.0,15,3,1,3,13,0,1,1
210418,2916,0.0,2.0,0.0,16,8,1,3,14,0,1,1
210576,1102,0.0,0.0,0.0,37,9,2,2,35,0,2,0
211006,4090,0.0,3.0,0.0,3,1,1,1,2,0,1,0
211194,1401,0.0,0.0,0.0,2,1,1,1,1,0,1,0
211483,2229,0.0,3.0,0.0,8,3,3,2,6,0,2,0
211761,3839,0.0,4.0,0.0,5,1,1,2,4,0,1,0
212981,3537,0.0,3.0,1.0,15,1,1,2,12,1,1,1
213025,2107,0.0,2.0,0.0,5,1,1,1,4,0,1,0
213655,1892,0.0,3.0,2.0,9,7,4,2,0,0,6,3
213667,4760,0.0,4.0,0.0,7,2,1,2,5,0,1,1
213687,3734,0.0,3.0,0.0,9,1,1,1,8,0,1,0
214436,1056,0.0,4.0,0.0,7,4,3,1,6,0,1,0
21460,1884,0.0,4.0,0.0,5,3,2,1,2,0,3,0
215228,4976,0.0,6.0,0.0,19,12,1,2,18,0,1,0
215372,598,0.0,3.0,1.0,3,1,1,1,2,0,1,0
216750,1494,0.0,4.0,1.0,2,1,1,1,1,0,1,0
217280,963,0.0,6.0,1.0,7,2,1,2,6,0,1,0
217354,606,0.0,0.0,0.0,17,8,2,3,12,0,1,4
21741,310,0.0,2.0,1.0,22,8,3,2,20,0,2,0
218110,1359,0.0,0.0,0.0,5,1,1,2,4,0,1,0
218584,4042,0.0,3.0,0.0,8,1,1,1,7,0,1,0
219218,4966,1.0,4.0,1.0,2,1,1,2,1,0,1,0
219300,4044,0.0,3.0,0.0,9,6,2,2,8,0,1,0
219348,1861,0.0,2.0,0.0,10,5,1,2,9,0,1,0
219413,4171,0.0,0.0,0.0,5,3,2,1,4,0,1,0
22021,1703,0.0,3.0,1.0,8,1,1,2,7,0,1,0
220384,2145,0.0,4.0,1.0,3,1,1,2,2,0,1,0
220609,3892,0.0,6.0,1.0,11,5,1,3,9,0,1,1
220719,20,0.0,0.0,0.0,12,7,3,5,11,0,1,0
221335,4044,0.0,4.0,0.0,23,11,3,3,21,0,2,0
221413,2569,0.0,4.0,1.0,18,9,1,1,16,0,2,0
221541,3541,0.0,3.0,1.0,3,1,1,1,2,0,1,0
22188,4460,0.0,2.0,0.0,2,1,1,1,1,0,1,0
222041,4368,0.0,3.0,0.0,3,1,1,1,2,0,1,0
222380,4129,0.0,3.0,0.0,71,35,7,12,69,0,2,0
222543,1356,0.0,3.0,0.0,3,1,1,1,2,0,1,0
22273,2928,1.0,5.0,0.0,12,2,1,1,11,0,1,0
222884,98,0.0,3.0,0.0,20,9,1,2,19,0,1,0
223008,2435,0.0,5.0,0.0,2,1,1,1,1,0,1,0
224587,102,0.0,4.0,1.0,13,4,2,2,10,0,1,2
225002,818,0.0,2.0,0.0,3,1,1,2,1,0,1,1
225761,4173,0.0,4.0,0.0,22,14,3,2,19,0,3,0
225784,1489,0.0,6.0,0.0,15,10,2,1,14,0,1,0
226007,642,0.0,2.0,0.0,10,1,1,1,9,0,1,0
226008,4585,0.0,3.0,0.0,5,2,1,2,4,0,1,0
226116,1501,0.0,0.0,0.0,9,2,1,2,8,0,1,0
226278,63,0.0,2.0,0.0,4,1,1,2,3,0,1,0
226541,2072,0.0,0.0,0.0,15,2,2,1,13,0,1,1
226542,361,0.0,0.0,0.0,12,7,2,3,10,0,1,1
226559,323,0.0,5.0,0.0,8,4,1,2,7,0,1,0
227400,4992,0.0,4.0,1.0,6,4,1,1,5,0,1,0
228103,1134,0.0,7.0,0.0,3,1,1,1,2,0,1,0
228736,3042,0.0,4.0,0.0,4,3,2,1,0,0,1,3
228897,4368,0.0,4.0,1.0,4,1,1,2,2,0,1,1
229191,2791,0.0,3.0,1.0,83,25,6,3,75,0,4,4
229522,4894,0.0,2.0,0.0,2,1,1,1,1,0,1,0
229645,4322,0.0,3.0,0.0,8,1,1,2,7,0,1,0
22974,2279,0.0,0.0,0.0,17,4,1,2,16,0,1,0
230118,4760,0.0,6.0,0.0,2,1,1,1,1,0,1,0
2304,3143,0.0,6.0,0.0,7,1,1,2,6,0,1,0
230409,4198,0.0,6.0,0.0,1,1,1,1,0,0,1,0
230607,3828,0.0,4.0,0.0,16,10,2,1,15,0,1,0
230623,1454,0.0,6.0,0.0,2,1,1,2,1,0,1,0
230649,1618,0.0,2.0,1.0,1,1,1,1,0,0,1,0
230953,4370,0.0,4.0,1.0,9,2,2,1,8,0,1,0
231266,310,0.0,2.0,1.0,3,1,1,1,2,0,1,0
231784,1944,0.0,6.0,0.0,30,8,4,1,27,0,3,0
231844,2913,0.0,0.0,0.0,5,1,1,1,4,0,1,0
232257,3240,0.0,4.0,0.0,1,1,1,1,0,0,1,0
23246,2473,0.0,0.0,0.0,1,1,1,1,0,0,1,0
233182,2700,0.0,6.0,1.0,65,26,8,6,62,2,1,0
233709,3134,0.0,3.0,0.0,2,1,1,1,1,0,1,0
233972,2078,0.0,3.0,0.0,2,1,1,1,1,0,1,0
234225,862,0.0,3.0,0.0,16,6,4,2,14,0,2,0
234709,3471,0.0,5.0,0.0,4,1,1,2,2,0,1,1
234812,4847,0.0,0.0,1.0,6,3,2,1,5,0,1,0
23490,4607,0.0,3.0,0.0,7,4,1,2,6,0,1,0
236171,3906,0.0,6.0,0.0,10,3,1,4,9,0,1,0
236242,4427,0.0,3.0,0.0,6,1,1,1,5,0,1,0
236732,1890,0.0,3.0,2.0,7,3,2,2,5,0,1,1
237243,1618,0.0,6.0,0.0,39,17,6,2,37,0,2,0
237537,586,0.0,4.0,1.0,13,9,2,2,11,0,2,0
237825,3828,0.0,0.0,0.0,7,2,2,1,4,0,1,2
237937,1102,0.0,4.0,0.0,11,10,6,3,10,0,1,0
238056,3170,0.0,3.0,0.0,7,5,2,1,5,0,2,0
238506,2664,0.0,3.0,0.0,2,2,2,1,0,0,2,0
238701,2900,0.0,5.0,1.0,4,1,1,2,2,1,1,0
238723,3266,0.0,2.0,1.0,6,1,1,1,4,0,1,1
238895,1102,0.0,4.0,0.0,2,1,1,1,1,0,1,0
239691,98,0.0,4.0,0.0,9,2,2,2,8,0,1,0
239700,4958,0.0,3.0,2.0,8,1,1,1,5,0,3,0
240037,2193,0.0,6.0,0.0,3,1,1,3,2,0,1,0
240102,2140,0.0,4.0,0.0,6,2,1,1,5,0,1,0
240200,2559,0.0,4.0,2.0,11,3,3,3,9,0,1,1
240241,897,0.0,3.0,1.0,1,1,1,1,0,0,1,0
240419,4765,0.0,3.0,0.0,8,2,2,2,7,0,1,0
240562,1679,0.0,4.0,0.0,30,10,4,9,27,0,1,2
24067,498,0.0,4.0,0.0,13,2,1,2,12,0,1,0
240899,4340,0.0,4.0,0.0,5,2,2,1,4,0,1,0
241472,3828,0.0,0.0,0.0,20,4,4,4,19,0,1,0
242603,2124,0.0,5.0,0.0,9,2,2,1,5,0,4,0
242725,574,0.0,6.0,0.0,13,7,1,2,12,0,1,0
243719,2066,0.0,2.0,0.0,1,1,1,1,0,0,1,0
244313,359,0.0,2.0,0.0,2,1,1,1,1,0,1,0
244322,2217,0.0,3.0,0.0,4,2,1,3,3,0,1,0
244347,1096,0.0,3.0,1.0,2,1,1,2,1,0,1,0
245434,4371,0.0,0.0,2.0,5,2,1,1,4,0,1,0
245713,3828,0.0,0.0,0.0,4,1,1,1,3,0,1,0
245871,4760,0.0,6.0,1.0,2,1,1,1,1,0,1,0
246146,1356,1.0,4.0,0.0,10,8,2,1,9,0,1,0
24617,4268,0.0,3.0,0.0,13,4,1,2,12,0,1,0
246175,2286,0.0,4.0,0.0,1,1,1,1,0,0,1,0
247018,2229,1.0,3.0,0.0,17,9,4,1,15,0,2,0
247310,4473,0.0,4.0,1.0,27,4,2,7,23,0,1,3
247441,742,0.0,null,null,1,1,1,1,0,0,1,0
247673,4385,0.0,0.0,0.0,2,1,1,1,1,0,1,0
248133,2000,0.0,3.0,0.0,14,3,1,3,12,0,1,1
248159,1583,0.0,6.0,0.0,15,5,2,5,14,0,1,0
248266,522,0.0,2.0,1.0,7,1,1,4,6,0,1,0
248324,3910,0.0,2.0,0.0,2,1,1,1,1,0,1,0
249407,4173,0.0,0.0,0.0,12,7,2,1,11,0,1,0
249555,437,0.0,3.0,0.0,7,2,1,2,6,0,1,0
250218,4988,0.0,0.0,0.0,5,1,1,3,4,0,1,0
250820,3473,0.0,0.0,0.0,1,1,1,1,0,0,1,0
251177,1738,0.0,3.0,0.0,14,9,1,3,9,0,1,4
251365,3102,0.0,0.0,0.0,115,56,13,8,109,1,1,4
252535,3828,1.0,4.0,0.0,2,1,1,1,1,0,1,0
252576,606,0.0,0.0,1.0,6,2,1,1,5,0,1,0
252707,3073,0.0,2.0,1.0,2,1,1,1,1,0,1,0
252822,4438,0.0,3.0,0.0,4,1,1,2,3,0,1,0
253120,2928,0.0,5.0,1.0,3,1,1,1,2,0,1,0
253250,574,0.0,6.0,0.0,5,1,1,3,4,0,1,0
253259,537,0.0,2.0,0.0,2,1,1,1,1,0,1,0
253606,1102,0.0,2.0,0.0,2,2,2,1,0,0,2,0
253774,2482,0.0,6.0,0.0,16,3,2,4,14,0,1,1
255087,508,0.0,3.0,0.0,7,3,1,2,6,0,1,0
255164,598,0.0,3.0,0.0,6,4,2,1,5,0,1,0
255403,4765,0.0,4.0,1.0,2,1,1,1,1,0,1,0
255454,1640,0.0,0.0,0.0,7,3,2,1,6,0,1,0
255901,2465,0.0,4.0,1.0,7,2,1,1,6,0,1,0
256016,3147,0.0,4.0,0.0,2,1,1,1,1,0,1,0
256218,3828,0.0,4.0,1.0,8,3,2,2,6,1,1,0
256345,3268,0.0,5.0,0.0,4,1,1,1,3,0,1,0
256347,4043,0.0,2.0,0.0,3,2,2,2,2,0,1,0
256642,4554,0.0,4.0,1.0,1,1,1,1,0,0,1,0
257179,2856,0.0,2.0,0.0,10,3,1,3,8,0,2,0
257193,1963,0.0,2.0,0.0,25,5,1,1,24,0,1,0
257549,861,0.0,0.0,1.0,8,4,2,2,6,0,1,1
25820,3635,0.0,5.0,0.0,21,8,2,5,20,0,1,0
258353,4171,0.0,5.0,1.0,6,1,1,1,3,0,3,0
258448,2138,0.0,3.0,0.0,3,1,1,2,2,0,1,0
258823,862,0.0,3.0,0.0,10,5,3,2,7,0,3,0
25959,1564,0.0,2.0,1.0,9,2,1,1,8,0,1,0
260690,1126,0.0,0.0,0.0,28,11,4,4,27,0,1,0
261103,1485,0.0,3.0,0.0,24,15,5,1,21,0,3,0
261604,4731,1.0,0.0,1.0,10,3,1,1,9,0,1,0
261901,2482,0.0,5.0,0.0,5,1,1,1,4,0,1,0
262269,412,0.0,5.0,0.0,11,4,4,2,10,0,1,0
262344,4346,0.0,3.0,1.0,54,38,9,1,52,0,2,0
262422,4949,1.0,7.0,0.0,77,57,14,13,76,0,1,0
262463,4217,0.0,4.0,0.0,9,2,1,2,5,0,4,0
263007,2579,0.0,3.0,0.0,10,4,2,3,9,0,1,0
263110,3159,0.0,0.0,0.0,9,7,3,3,8,0,1,0
263226,479,0.0,3.0,1.0,15,2,2,3,14,0,1,0
263430,806,0.0,4.0,0.0,11,5,3,2,7,0,1,3
26357,643,0.0,0.0,0.0,7,5,3,3,6,0,1,0
264514,2,0.0,2.0,0.0,2,1,1,1,1,0,1,0
266397,4370,0.0,0.0,1.0,7,1,1,3,6,0,1,0
266905,1997,0.0,0.0,0.0,3,1,1,1,2,0,1,0
267658,3445,0.0,0.0,1.0,7,2,1,1,6,0,1,0
268035,606,0.0,6.0,0.0,24,12,9,3,22,0,1,1
268202,403,0.0,3.0,1.0,7,2,1,1,5,0,2,0
268467,4585,0.0,3.0,1.0,8,2,1,2,7,0,1,0
268616,3734,0.0,4.0,1.0,178,63,10,10,173,0,5,0
269105,2973,0.0,3.0,0.0,5,1,1,1,3,0,2,0
270087,4131,0.0,4.0,1.0,5,1,1,2,4,0,1,0
270309,141,0.0,0.0,0.0,3,3,3,2,0,0,1,2
27046,35,0.0,4.0,1.0,2,1,1,2,1,0,1,0
270718,4760,0.0,3.0,0.0,4,2,2,1,2,0,2,0
270905,2093,1.0,4.0,1.0,5,2,1,2,3,0,1,1
271647,4043,0.0,6.0,0.0,2,1,1,1,1,0,1,0
272073,1500,0.0,0.0,1.0,4,3,2,1,3,0,1,0
272353,2720,0.0,4.0,null,3,1,1,1,2,0,1,0
273566,321,0.0,2.0,0.0,3,1,1,2,1,0,1,1
273806,2856,0.0,5.0,2.0,7,4,1,1,6,0,1,0
274320,3828,1.0,4.0,0.0,1,1,1,1,0,0,1,0
274415,360,0.0,6.0,0.0,5,3,1,1,4,0,1,0
274662,402,0.0,5.0,0.0,13,3,1,1,11,0,2,0
274831,935,0.0,4.0,0.0,38,3,1,2,37,0,1,0
275242,2138,0.0,2.0,0.0,35,9,4,8,14,0,6,15
275605,4705,0.0,3.0,0.0,3,1,1,1,2,0,1,0
275695,2170,0.0,0.0,0.0,2,1,1,1,1,0,1,0
276059,2954,1.0,0.0,1.0,11,6,6,4,9,0,2,0
276868,4976,0.0,4.0,0.0,17,7,3,1,14,0,3,0
277450,221,0.0,4.0,1.0,12,5,2,1,11,0,1,0
27750,1890,0.0,4.0,0.0,24,8,2,6,23,0,1,0
277965,1049,0.0,0.0,0.0,4,1,1,1,3,0,1,0
278148,4976,0.0,6.0,0.0,28,7,3,4,25,0,2,1
278709,1999,0.0,6.0,1.0,6,2,1,1,5,0,1,0
279213,2954,0.0,3.0,1.0,3,2,2,1,2,0,1,0
279282,2821,0.0,3.0,0.0,7,4,1,2,6,0,1,0
279388,3828,0.0,3.0,0.0,4,2,1,2,3,0,1,0
279434,2403,0.0,0.0,0.0,2,1,1,2,1,0,1,0
279553,4762,0.0,5.0,0.0,4,1,1,1,3,0,1,0
279811,2794,0.0,2.0,0.0,4,3,1,1,3,0,1,0
279970,4042,0.0,0.0,1.0,4,1,1,1,2,0,2,0
280656,1892,0.0,3.0,1.0,9,5,3,2,7,0,2,0
280960,4346,0.0,3.0,1.0,2,1,1,1,1,0,1,0
281313,4504,0.0,4.0,0.0,9,2,1,1,7,0,1,1
281614,35,0.0,3.0,1.0,58,25,12,1,54,0,4,0
281903,4660,0.0,4.0,1.0,3,1,1,2,2,0,1,0
281950,4044,0.0,4.0,0.0,2,1,1,1,0,0,1,1
282428,402,0.0,4.0,2.0,1,1,1,1,0,0,1,0
283175,4687,0.0,0.0,1.0,10,2,1,1,7,0,3,0
283695,661,0.0,2.0,0.0,2,1,1,1,0,0,2,0
283800,4483,0.0,3.0,0.0,5,3,2,1,1,0,4,0
284586,1183,1.0,5.0,0.0,6,3,3,2,5,0,1,0
285194,3727,0.0,2.0,0.0,9,5,1,1,8,0,1,0
285222,2068,0.0,4.0,1.0,2,1,1,1,1,0,1,0
285236,1031,0.0,5.0,0.0,24,8,1,2,21,0,1,2
285252,4040,1.0,4.0,0.0,4,3,3,2,3,0,1,0
285683,2283,0.0,6.0,0.0,5,1,1,2,4,0,1,0
285862,2981,0.0,3.0,0.0,7,1,1,1,6,0,1,0
286205,1840,0.0,4.0,1.0,49,15,4,5,42,0,6,1
286329,1639,0.0,4.0,1.0,6,4,3,1,5,0,1,0
286359,3205,0.0,5.0,0.0,13,8,2,1,4,0,1,8
286940,1916,0.0,3.0,1.0,4,2,1,1,3,0,1,0
287236,3576,0.0,3.0,0.0,4,2,1,2,3,0,1,0
287593,2403,0.0,4.0,0.0,9,6,1,4,5,0,2,2
287867,2447,0.0,5.0,0.0,10,6,3,2,9,0,1,0
288122,1895,0.0,2.0,1.0,4,1,1,2,3,0,1,0
288132,1133,0.0,3.0,0.0,7,3,1,1,6,0,1,0
288377,2031,0.0,3.0,0.0,3,1,1,1,2,0,1,0
288515,4318,0.0,3.0,0.0,3,1,1,1,2,0,1,0
288696,1500,1.0,0.0,1.0,6,2,1,2,5,0,1,0
288701,1115,0.0,2.0,1.0,3,1,1,1,2,0,1,0
289204,3230,0.0,0.0,0.0,11,3,2,2,8,0,2,1
289703,121,0.0,4.0,0.0,6,3,1,3,5,0,1,0
28990,4542,0.0,2.0,0.0,2,1,1,1,1,0,1,0
289923,3971,0.0,0.0,1.0,21,5,2,3,17,3,1,0
2900,234,0.0,3.0,1.0,3,1,1,1,1,0,2,0
290128,3609,0.0,0.0,0.0,5,3,1,1,4,0,1,0
290341,2537,0.0,3.0,0.0,10,7,2,3,9,0,1,0
290506,2971,0.0,2.0,1.0,9,1,1,2,7,0,1,1
290624,649,0.0,3.0,0.0,2,1,1,1,1,0,1,0
291072,474,0.0,4.0,0.0,5,2,2,1,2,0,3,0
291814,563,1.0,0.0,0.0,9,3,2,3,8,0,1,0
291835,2950,0.0,4.0,0.0,14,6,1,2,12,0,1,1
291881,4871,0.0,3.0,0.0,3,1,1,1,1,0,2,0
292339,1500,0.0,3.0,1.0,6,2,2,1,5,0,1,0
293107,1618,0.0,0.0,0.0,7,5,1,2,5,0,1,1
293618,219,0.0,3.0,1.0,3,1,1,1,2,0,1,0
293876,4173,0.0,7.0,0.0,22,8,3,1,21,0,1,0
29423,2981,0.0,2.0,0.0,16,5,1,3,15,0,1,0
294717,729,0.0,0.0,1.0,1,1,1,1,0,0,1,0
295185,4079,0.0,4.0,0.0,3,1,1,1,1,0,2,0
295656,4252,0.0,5.0,1.0,1,1,1,1,0,0,1,0
295799,2128,0.0,2.0,0.0,1,1,1,1,0,0,1,0
295847,4043,0.0,3.0,1.0,6,1,1,1,5,0,1,0
296010,603,0.0,0.0,0.0,5,2,1,1,2,0,3,0
296597,3520,0.0,8.0,0.0,2,1,1,1,1,0,1,0
297010,2721,0.0,3.0,0.0,19,16,2,2,17,0,2,0
297397,4705,0.0,2.0,1.0,21,6,5,1,19,0,2,0
297797,4731,0.0,3.0,0.0,14,4,2,3,13,0,1,0
298060,962,0.0,3.0,0.0,11,3,2,2,10,0,1,0
298107,4427,0.0,3.0,1.0,34,11,5,5,31,0,2,1
298427,1978,0.0,0.0,1.0,2,1,1,1,0,0,2,0
298439,698,0.0,3.0,0.0,7,5,4,1,5,0,2,0
298601,152,0.0,5.0,1.0,3,3,3,2,2,0,1,0
299038,3586,0.0,4.0,0.0,14,7,4,1,12,0,2,0
299185,2602,0.0,0.0,0.0,7,3,2,1,5,1,1,0
299622,4525,0.0,3.0,0.0,43,23,3,3,38,0,5,0
299928,4368,0.0,5.0,0.0,6,5,3,2,4,0,2,0
299945,4558,0.0,4.0,1.0,1,1,1,1,0,0,1,0
300099,2397,0.0,5.0,0.0,12,4,2,2,10,0,2,0
300159,3828,0.0,6.0,0.0,1,1,1,1,0,0,1,0
300737,2341,0.0,3.0,0.0,18,10,5,1,16,0,2,0
300889,2537,0.0,6.0,0.0,17,7,6,2,14,0,3,0
301060,4079,0.0,6.0,0.0,11,4,1,1,7,0,4,0
301906,1556,0.0,2.0,0.0,11,3,2,1,10,0,1,0
302298,1501,0.0,5.0,0.0,2,2,2,2,1,0,1,0
303064,3734,0.0,2.0,1.0,12,6,6,1,11,0,1,0
303067,3159,0.0,5.0,1.0,7,1,1,2,6,0,1,0
30311,1557,0.0,0.0,1.0,65,17,3,3,62,0,3,0
303989,3828,0.0,3.0,0.0,28,19,7,2,25,0,3,0
304023,4173,0.0,0.0,0.0,12,7,5,1,11,0,1,0
304087,310,0.0,2.0,1.0,2,1,1,2,1,0,1,0
304350,4026,0.0,0.0,0.0,20,8,5,10,19,0,1,0
304447,3291,0.0,3.0,0.0,4,2,2,1,3,0,1,0
30472,1602,0.0,4.0,0.0,11,4,2,2,9,0,2,0
305075,822,0.0,3.0,0.0,1,1,1,1,0,0,1,0
305118,4143,0.0,5.0,2.0,10,5,2,3,8,0,2,0
306039,2582,0.0,2.0,0.0,4,1,1,1,3,0,1,0
306366,2577,0.0,7.0,0.0,12,2,1,5,10,0,1,1
306647,1403,0.0,4.0,0.0,13,3,3,2,11,0,2,0
306830,2031,0.0,3.0,0.0,9,1,1,1,4,0,5,0
30759,1520,0.0,4.0,0.0,8,1,1,1,6,0,2,0
307797,718,0.0,2.0,1.0,7,2,1,1,6,0,1,0
308281,1000,0.0,3.0,0.0,5,1,1,2,4,0,1,0
30881,3205,0.0,2.0,0.0,13,2,1,4,11,0,1,1
308921,2537,0.0,3.0,1.0,2,2,1,1,0,0,2,0
309146,2031,0.0,7.0,1.0,3,1,1,1,2,0,1,0
309195,4585,0.0,4.0,null,4,1,1,1,3,0,1,0
309313,3971,0.0,0.0,1.0,14,7,3,1,12,0,2,0
30949,2082,0.0,6.0,0.0,8,2,1,1,7,0,1,0
310070,4198,0.0,0.0,0.0,2,1,1,1,1,0,1,0
310435,3284,0.0,2.0,1.0,5,1,1,1,4,0,1,0
311060,4368,0.0,5.0,0.0,22,8,3,3,19,0,3,0
311168,1353,0.0,4.0,0.0,5,2,1,1,4,0,1,0
311180,1557,0.0,2.0,1.0,3,3,2,1,0,0,3,0
311942,4976,0.0,2.0,0.0,19,14,4,1,14,0,5,0
312552,1102,0.0,5.0,1.0,3,1,1,1,2,0,1,0
312596,4044,0.0,2.0,1.0,8,1,1,2,6,0,1,1
31273,396,0.0,4.0,0.0,1,1,1,1,0,0,1,0
312732,434,0.0,3.0,0.0,1,1,1,1,0,0,1,0
31332,1736,1.0,0.0,0.0,3,1,1,1,2,0,1,0
313376,503,0.0,0.0,1.0,2,2,1,1,0,0,2,0
313722,2669,0.0,0.0,0.0,5,1,1,1,4,0,1,0
313812,731,0.0,3.0,0.0,7,1,1,3,4,0,1,2
313855,2821,0.0,0.0,1.0,1,1,1,1,0,0,1,0
313988,1200,0.0,4.0,0.0,4,1,1,1,2,0,2,0
314048,786,0.0,2.0,0.0,4,2,1,1,3,0,1,0
314173,1875,1.0,5.0,0.0,27,11,6,4,23,0,3,1
314339,4618,0.0,3.0,0.0,5,1,1,4,3,0,1,1
314545,1470,0.0,3.0,1.0,2,1,1,1,1,0,1,0
31460,3350,0.0,4.0,0.0,3,1,1,2,1,0,1,1
314668,4044,0.0,0.0,0.0,196,98,14,15,189,0,2,5
314809,4771,0.0,0.0,1.0,16,5,4,2,9,0,5,2
315001,2435,0.0,3.0,1.0,4,1,1,2,2,0,2,0
315725,4090,0.0,0.0,0.0,10,2,1,1,8,0,1,1
31682,467,0.0,4.0,1.0,2,1,1,1,1,0,1,0
317129,4966,0.0,3.0,0.0,1,1,1,1,0,0,1,0
317902,3602,0.0,4.0,0.0,1,1,1,1,0,0,1,0
318148,3179,0.0,3.0,1.0,3,1,1,1,2,0,1,0
318220,4242,0.0,4.0,1.0,3,1,1,1,2,0,1,0
318902,4783,0.0,0.0,1.0,7,1,1,2,5,0,2,0
319062,3484,0.0,3.0,1.0,21,5,2,10,20,0,1,0
319644,3792,0.0,2.0,0.0,6,1,1,3,4,0,1,1
319790,4887,0.0,3.0,1.0,1,1,1,1,0,0,1,0
320210,133,0.0,3.0,0.0,5,1,1,2,3,0,1,1
321515,962,0.0,4.0,0.0,8,1,1,1,7,0,1,0
322152,4363,0.0,4.0,1.0,2,1,1,1,1,0,1,0
32249,1679,0.0,4.0,1.0,1,1,1,1,0,0,1,0
3228,586,0.0,4.0,0.0,67,43,12,4,64,0,2,1
322853,361,1.0,6.0,0.0,39,17,2,3,34,0,4,1
322873,967,0.0,2.0,0.0,8,2,1,1,7,0,1,0
323325,1340,0.0,0.0,0.0,4,1,1,1,3,0,1,0
323482,4545,0.0,5.0,1.0,7,3,2,3,6,0,1,0
323503,4491,0.0,4.0,0.0,5,4,2,2,4,0,1,0
323741,2569,0.0,0.0,1.0,7,2,1,1,6,0,1,0
323955,742,0.0,5.0,0.0,23,11,5,1,22,0,1,0
324054,760,0.0,4.0,1.0,7,3,1,2,4,0,2,1
324454,4944,0.0,3.0,0.0,2,1,1,1,1,0,1,0
325704,3536,0.0,0.0,0.0,4,1,1,1,3,0,1,0
325743,3826,0.0,0.0,0.0,2,1,1,1,0,0,1,1
326038,3682,0.0,0.0,0.0,5,2,1,1,4,0,1,0
326659,1850,0.0,5.0,1.0,6,1,1,3,5,0,1,0
326797,2459,0.0,0.0,null,6,2,1,1,5,0,1,0
327625,1923,0.0,0.0,1.0,3,1,1,2,2,0,1,0
327667,2928,0.0,4.0,1.0,10,6,3,6,9,0,1,0
328351,4079,1.0,5.0,1.0,3,1,1,1,2,0,1,0
328513,2138,0.0,6.0,0.0,2,1,1,1,1,0,1,0
328756,547,0.0,0.0,0.0,39,16,4,3,34,0,4,1
329296,2916,0.0,3.0,0.0,7,1,1,3,5,0,1,1
329408,1272,0.0,0.0,0.0,41,28,7,4,40,0,1,0
330449,1200,0.0,0.0,0.0,14,4,3,1,13,0,1,0
330674,1885,0.0,4.0,0.0,8,2,1,1,7,0,1,0
33088,396,0.0,3.0,0.0,7,2,1,1,6,0,1,0
331088,3734,0.0,3.0,1.0,24,11,2,3,23,0,1,0
331462,1495,0.0,0.0,1.0,1,1,1,1,0,0,1,0
331907,4760,0.0,3.0,1.0,2,1,1,1,1,0,1,0
33207,602,0.0,0.0,0.0,11,4,2,3,9,0,1,1
332640,4829,0.0,2.0,0.0,1,1,1,1,0,0,1,0
333053,4282,0.0,3.0,1.0,155,78,16,3,147,3,1,4
333124,3828,0.0,0.0,0.0,1,1,1,1,0,0,1,0
333458,905,0.0,6.0,0.0,13,2,1,2,10,0,1,2
333642,66,0.0,2.0,0.0,5,1,1,2,3,1,1,0
333718,4584,0.0,4.0,1.0,4,1,1,2,2,1,1,0
334117,416,0.0,0.0,null,8,2,1,2,6,1,1,0
335337,4619,0.0,2.0,1.0,3,1,1,1,2,0,1,0
335390,4950,0.0,4.0,0.0,6,1,1,3,5,0,1,0
335582,4287,0.0,5.0,0.0,41,10,6,4,31,0,6,4
336173,4659,0.0,2.0,0.0,3,2,1,2,2,0,1,0
337156,747,0.0,5.0,1.0,2,1,1,1,1,0,1,0
337359,4764,0.0,4.0,0.0,1,1,1,1,0,0,1,0
337683,1102,0.0,6.0,0.0,24,13,3,3,23,0,1,0
338107,2273,0.0,4.0,1.0,6,1,1,1,5,0,1,0
338860,3835,0.0,0.0,0.0,3,1,1,1,2,0,1,0
33891,4427,0.0,3.0,0.0,3,2,2,1,2,0,1,0
339048,2537,0.0,0.0,0.0,7,1,1,1,5,0,1,1
339617,2403,0.0,6.0,0.0,72,34,4,4,62,0,6,4
339697,798,0.0,3.0,0.0,4,2,1,1,3,0,1,0
339765,1254,0.0,0.0,0.0,10,1,1,4,8,0,2,0
339958,2138,0.0,2.0,0.0,1,1,1,1,0,0,1,0
340494,2320,0.0,3.0,2.0,8,3,2,1,7,0,1,0
340667,2482,0.0,2.0,0.0,4,3,2,2,0,0,1,3
341161,786,0.0,2.0,0.0,16,3,2,2,15,0,1,0
341383,63,0.0,0.0,0.0,7,3,3,2,6,0,1,0
341560,1810,0.0,3.0,1.0,40,14,7,2,36,0,3,1
341608,2031,0.0,2.0,0.0,7,4,1,2,5,0,2,0
341736,3205,0.0,0.0,0.0,8,2,1,2,6,0,2,0
341767,3471,0.0,6.0,0.0,1,1,1,1,0,0,1,0
342163,3936,0.0,0.0,0.0,2,1,1,1,1,0,1,0
342383,3350,1.0,3.0,2.0,10,3,2,3,8,0,1,1
343319,4173,0.0,null,null,2,1,1,1,1,0,1,0
343514,879,0.0,3.0,1.0,3,1,1,1,2,0,1,0
343970,4527,0.0,3.0,1.0,2,1,1,1,1,0,1,0
344396,474,1.0,5.0,1.0,22,8,8,2,13,0,9,0
345233,2482,0.0,2.0,0.0,2,1,1,1,1,0,1,0
345255,2639,0.0,4.0,0.0,23,14,7,5,21,0,2,0
345488,3826,0.0,2.0,1.0,3,1,1,2,2,0,1,0
345612,3529,0.0,4.0,0.0,8,3,2,3,7,0,1,0
345801,2608,0.0,4.0,0.0,9,5,1,1,8,0,1,0
345813,3016,1.0,4.0,1.0,17,13,5,2,16,0,1,0
346370,3623,0.0,2.0,0.0,6,2,2,1,3,0,3,0
34742,161,0.0,0.0,0.0,2,1,1,1,1,0,1,0
347645,1760,0.0,0.0,0.0,7,4,3,1,5,0,2,0
348075,3839,0.0,3.0,0.0,8,3,1,1,7,0,1,0
34815,2217,0.0,3.0,0.0,15,4,3,5,11,0,1,3
348315,4170,0.0,0.0,0.0,3,2,1,2,2,0,1,0
348376,3853,0.0,5.0,0.0,6,2,2,3,5,0,1,0
348656,1134,0.0,3.0,0.0,9,2,2,2,7,0,2,0
349200,3462,0.0,2.0,0.0,4,1,1,1,3,0,1,0
349522,1501,0.0,3.0,0.0,23,5,1,1,19,2,2,0
349564,1963,0.0,4.0,null,93,51,5,4,92,0,1,0
349734,257,0.0,3.0,0.0,2,1,1,2,0,0,1,1
349746,386,0.0,0.0,0.0,2,1,1,2,1,0,1,0
350077,2928,0.0,3.0,0.0,10,7,4,1,9,0,1,0
350220,4043,0.0,5.0,0.0,9,4,3,1,5,0,4,0
350355,310,0.0,6.0,1.0,6,1,1,2,5,0,1,0
350809,4270,0.0,4.0,1.0,2,1,1,1,1,0,1,0
351241,777,0.0,4.0,0.0,13,4,2,1,11,0,2,0
351617,2459,1.0,3.0,1.0,34,14,5,7,26,0,1,7
351722,4662,0.0,null,null,6,2,1,1,5,0,1,0
352493,293,0.0,0.0,0.0,3,1,1,2,2,0,1,0
352530,3578,0.0,5.0,1.0,15,6,2,1,13,0,2,0
352578,3925,0.0,4.0,0.0,13,8,4,5,12,0,1,0
352744,2869,0.0,3.0,0.0,7,1,1,2,5,0,1,1
352800,3476,0.0,4.0,2.0,18,8,5,5,15,0,1,2
353763,3022,0.0,0.0,1.0,4,1,1,1,2,0,1,1
353993,911,0.0,6.0,0.0,15,7,3,1,13,1,1,0
354447,3938,0.0,3.0,0.0,2,1,1,1,1,0,1,0
354769,2608,0.0,3.0,0.0,6,1,1,2,5,0,1,0
355044,2158,0.0,0.0,0.0,4,2,2,2,3,0,1,0
355123,3828,0.0,2.0,0.0,2,2,2,1,1,0,1,0
355520,1752,0.0,3.0,0.0,4,1,1,1,3,0,1,0
355763,2727,0.0,2.0,0.0,12,1,1,1,10,0,1,1
355990,1944,0.0,6.0,1.0,4,3,3,2,3,0,1,0
356453,1066,0.0,0.0,null,3,1,1,1,2,0,1,0
356491,586,0.0,4.0,0.0,37,23,6,2,36,0,1,0
357299,500,0.0,0.0,2.0,4,1,1,1,3,0,1,0
357491,3822,0.0,2.0,1.0,3,1,1,1,2,0,1,0
358530,967,0.0,0.0,0.0,4,2,1,1,3,0,1,0
358852,803,0.0,0.0,0.0,41,17,3,3,39,0,2,0
358933,1098,0.0,0.0,0.0,16,4,1,2,14,0,1,1
359516,3887,0.0,0.0,0.0,8,5,2,4,7,0,1,0
360196,289,0.0,3.0,1.0,6,1,1,2,5,0,1,0
360390,740,0.0,6.0,1.0,2,1,1,1,1,0,1,0
360720,4850,0.0,5.0,1.0,1,1,1,1,0,0,1,0
360866,3971,0.0,3.0,1.0,5,5,3,2,3,0,2,0
361308,4542,0.0,0.0,0.0,1,1,1,1,0,0,1,0
361443,1393,0.0,4.0,0.0,84,38,9,10,74,0,4,6
361687,4287,0.0,0.0,1.0,2,1,1,1,1,0,1,0
362094,1348,0.0,4.0,1.0,1,1,1,1,0,0,1,0
362666,4079,0.0,0.0,0.0,4,1,1,1,0,0,4,0
362970,2170,0.0,0.0,1.0,2,1,1,1,1,0,1,0
36309,2482,0.0,2.0,0.0,10,3,2,2,9,0,1,0
36317,2397,0.0,5.0,0.0,22,9,4,2,17,0,2,3
363217,1911,0.0,3.0,0.0,2,1,1,1,1,0,1,0
363356,3091,0.0,0.0,0.0,6,4,2,3,5,0,1,0
364458,2124,0.0,0.0,0.0,1,1,1,1,0,0,1,0
364707,4173,0.0,0.0,0.0,6,2,2,1,5,0,1,0
365145,685,0.0,6.0,0.0,5,1,1,1,4,0,1,0
365488,4829,0.0,5.0,0.0,5,3,1,1,4,0,1,0
365723,4129,0.0,4.0,0.0,27,12,5,3,20,0,3,4
365832,606,0.0,3.0,0.0,3,1,1,2,2,0,1,0
366821,3578,0.0,4.0,0.0,6,4,1,1,5,0,1,0
367189,742,0.0,3.0,1.0,5,1,1,2,3,0,1,1
367736,2036,0.0,0.0,1.0,7,4,3,1,5,0,2,0
367811,2144,0.0,0.0,1.0,5,1,1,1,2,0,3,0
368971,2036,0.0,8.0,0.0,2,1,1,1,1,0,1,0
369055,794,0.0,0.0,0.0,13,7,1,2,12,0,1,0
369766,275,0.0,6.0,0.0,2,1,1,2,1,0,1,0
369797,168,0.0,5.0,1.0,2,1,1,1,1,0,1,0
369932,4044,0.0,0.0,0.0,17,1,1,3,16,0,1,0
3700,1102,0.0,5.0,0.0,15,7,3,2,14,0,1,0
370926,63,0.0,4.0,0.0,28,17,5,4,26,0,2,0
371015,3734,0.0,2.0,1.0,11,3,1,2,7,0,2,2
37102,2217,0.0,4.0,0.0,3,1,1,1,2,0,1,0
37103,2273,0.0,3.0,0.0,2,1,1,1,1,0,1,0
371741,4427,0.0,0.0,0.0,5,1,1,1,4,0,1,0
372275,2099,0.0,0.0,1.0,4,3,2,2,3,0,1,0
372472,4966,0.0,3.0,0.0,18,8,4,1,17,0,1,0
372741,1346,0.0,3.0,1.0,17,7,1,1,16,0,1,0
372774,1393,0.0,3.0,0.0,1,1,1,1,0,0,1,0
37282,3986,0.0,3.0,0.0,2,1,1,1,1,0,1,0
373073,310,0.0,4.0,0.0,3,1,1,1,2,0,1,0
373325,4860,1.0,2.0,1.0,2,1,1,2,0,0,1,1
373347,2494,0.0,2.0,0.0,4,2,1,1,3,0,1,0
373477,606,0.0,3.0,0.0,12,8,6,5,10,0,1,1
37375,3968,0.0,2.0,0.0,3,1,1,1,2,0,1,0
374653,508,0.0,3.0,0.0,5,2,1,1,3,0,2,0
375232,4648,0.0,0.0,0.0,11,6,3,1,10,0,1,0
3755,416,1.0,6.0,0.0,7,4,2,2,6,0,1,0
37558,4287,0.0,3.0,0.0,2,1,1,1,0,0,1,1
376602,2683,0.0,5.0,0.0,5,2,1,1,4,0,1,0
376675,4394,0.0,5.0,1.0,37,12,2,3,32,0,1,4
376881,4325,0.0,0.0,0.0,4,2,2,2,0,0,2,2
376975,2435,0.0,0.0,0.0,1,1,1,1,0,0,1,0
377019,390,0.0,0.0,0.0,2,2,2,1,0,0,2,0
378996,3936,0.0,4.0,1.0,2,1,1,1,1,0,1,0
379628,4048,0.0,3.0,0.0,4,1,1,2,3,0,1,0
380120,4044,0.0,3.0,0.0,16,3,1,1,14,0,1,1
380296,2613,0.0,3.0,0.0,9,2,2,1,7,0,2,0
381011,2361,0.0,5.0,0.0,3,1,1,2,2,0,1,0
381264,2684,0.0,5.0,0.0,4,2,1,1,2,0,2,0
381394,3779,0.0,2.0,0.0,4,1,1,1,3,0,1,0
381528,4090,0.0,5.0,1.0,2,1,1,1,1,0,1,0
382314,361,0.0,4.0,0.0,36,18,4,2,33,0,2,1
382383,1296,0.0,6.0,0.0,10,5,2,1,8,0,2,0
382504,4039,0.0,2.0,0.0,2,1,1,2,1,0,1,0
382531,4394,0.0,5.0,0.0,10,1,1,1,8,0,2,0
382770,203,0.0,2.0,null,4,2,1,1,3,0,1,0
382771,3220,0.0,4.0,0.0,21,9,3,1,16,0,4,1
38332,1959,0.0,3.0,0.0,5,2,2,1,3,0,2,0
383343,3955,0.0,6.0,0.0,2,1,1,1,1,0,1,0
383427,3433,0.0,3.0,0.0,7,4,4,1,5,0,2,0
383564,3432,0.0,7.0,0.0,11,2,2,4,9,0,1,1
383583,2313,0.0,0.0,0.0,7,2,1,2,6,0,1,0
383765,4140,0.0,0.0,0.0,11,7,1,1,10,0,1,0
384958,191,0.0,3.0,0.0,12,9,4,1,11,0,1,0
385123,1393,0.0,2.0,1.0,3,1,1,1,2,0,1,0
385184,2664,0.0,4.0,0.0,45,9,4,8,40,0,4,1
385242,3319,1.0,5.0,0.0,3,1,1,1,2,0,1,0
386007,3578,0.0,5.0,0.0,3,2,1,1,2,0,1,0
386245,4150,0.0,2.0,0.0,2,1,1,1,1,0,1,0
386280,1719,0.0,4.0,0.0,4,2,1,1,3,0,1,0
386597,1574,1.0,3.0,0.0,22,7,2,1,20,0,2,0
387381,4660,0.0,0.0,1.0,17,7,1,2,16,0,1,0
387561,1618,0.0,0.0,1.0,4,1,1,1,3,0,1,0
387799,1890,0.0,0.0,0.0,8,2,1,2,7,0,1,0
387909,3930,0.0,4.0,0.0,3,1,1,1,2,0,1,0
38805,2569,0.0,5.0,0.0,16,6,2,5,14,0,2,0
388112,4871,0.0,3.0,0.0,8,6,2,1,7,0,1,0
388246,1916,0.0,3.0,0.0,5,3,1,1,1,0,4,0
389088,1472,0.0,0.0,1.0,4,1,1,1,3,0,1,0
389200,474,0.0,5.0,1.0,27,12,10,3,20,0,7,0
389462,2821,0.0,3.0,0.0,9,6,4,1,8,0,1,0
389847,4143,0.0,6.0,0.0,15,8,2,2,14,0,1,0
390376,3826,0.0,3.0,0.0,7,1,1,3,5,0,1,1
390694,935,0.0,4.0,1.0,16,3,1,2,14,0,1,1
390813,515,0.0,5.0,0.0,14,8,3,2,13,0,1,0
391563,1501,0.0,4.0,0.0,79,42,8,4,69,0,4,6
391992,4607,0.0,4.0,1.0,19,2,1,1,18,0,1,0
39202,3098,0.0,6.0,0.0,2,1,1,1,1,0,1,0
39206,798,0.0,0.0,0.0,10,2,1,3,8,0,2,0
392132,1673,0.0,6.0,0.0,2,1,1,1,1,0,1,0
392224,3241,0.0,4.0,0.0,2,1,1,1,1,0,1,0
392737,1742,0.0,4.0,0.0,4,3,1,1,3,0,1,0
393058,361,0.0,4.0,1.0,2,1,1,2,1,0,1,0
393171,676,0.0,6.0,0.0,10,3,3,1,8,0,2,0
393306,4044,1.0,3.0,2.0,8,5,3,1,7,0,1,0
393512,4955,0.0,0.0,1.0,2,1,1,1,1,0,1,0
394081,1514,0.0,6.0,0.0,27,8,4,4,24,1,1,1
394239,310,0.0,0.0,0.0,18,9,5,2,16,0,2,0
394606,4494,0.0,3.0,0.0,4,2,2,1,3,0,1,0
394887,72,1.0,0.0,0.0,13,3,1,2,12,0,1,0
394927,4173,0.0,0.0,0.0,2,1,1,1,1,0,1,0
395060,4492,0.0,0.0,0.0,15,4,1,2,14,0,1,0
395731,4787,0.0,5.0,0.0,1,1,1,1,0,0,1,0
395765,1987,0.0,2.0,0.0,5,1,1,1,4,0,1,0
395805,3941,0.0,4.0,1.0,8,4,2,1,7,0,1,0
395807,2669,0.0,3.0,0.0,9,4,3,1,5,0,2,2
395941,818,0.0,4.0,1.0,2,1,1,1,1,0,1,0
396499,14,0.0,0.0,1.0,8,4,1,1,6,0,2,0
396859,3619,0.0,4.0,0.0,1,1,1,1,0,0,1,0
397413,1760,0.0,3.0,0.0,1,1,1,1,0,0,1,0
397426,1203,0.0,0.0,1.0,3,2,2,1,2,0,1,0
39771,598,0.0,0.0,1.0,1,1,1,1,0,0,1,0
398229,3363,0.0,0.0,1.0,6,3,1,1,5,0,1,0
398302,4542,0.0,2.0,0.0,3,2,1,2,0,0,1,2
398454,2579,0.0,4.0,1.0,10,5,3,2,8,0,2,0
398517,4976,0.0,6.0,0.0,3,1,1,1,2,0,1,0
398677,846,0.0,6.0,1.0,6,1,1,1,4,0,2,0
400673,1577,0.0,0.0,0.0,7,3,1,1,5,1,1,0
401106,2513,0.0,0.0,1.0,2,2,1,1,0,0,1,1
401639,4648,0.0,4.0,0.0,24,7,5,3,19,0,5,0
401804,3609,0.0,3.0,0.0,1,1,1,1,0,0,1,0
401879,3609,0.0,2.0,1.0,14,2,1,2,12,0,1,1
401943,3710,0.0,4.0,1.0,11,1,1,1,10,0,1,0
402251,4760,0.0,2.0,1.0,67,21,7,5,62,0,2,3
403009,2876,0.0,3.0,0.0,1,1,1,1,0,0,1,0
403094,2031,0.0,2.0,0.0,9,2,1,2,7,0,1,1
403144,4677,0.0,5.0,0.0,3,1,1,2,2,0,1,0
403325,2356,0.0,0.0,1.0,2,1,1,1,1,0,1,0
40340,2066,0.0,4.0,2.0,30,14,1,1,29,0,1,0
403702,1506,0.0,4.0,0.0,3,2,1,1,2,0,1,0
404015,786,0.0,6.0,1.0,7,3,1,2,6,0,1,0
404827,2361,0.0,4.0,0.0,2,1,1,1,1,0,1,0
405014,4976,0.0,0.0,0.0,33,23,5,6,32,0,1,0
405104,4848,0.0,5.0,0.0,5,1,1,1,4,0,1,0
4058,3455,0.0,5.0,0.0,4,3,1,2,3,0,1,0
405833,3893,0.0,6.0,1.0,1,1,1,1,0,0,1,0
406382,2396,0.0,3.0,1.0,15,6,1,2,14,0,1,0
40683,1126,0.0,0.0,0.0,76,31,8,8,64,0,1,11
40719,3042,0.0,4.0,0.0,1,1,1,1,0,0,1,0
407590,4818,0.0,0.0,1.0,14,6,2,1,13,0,1,0
407983,2569,0.0,5.0,0.0,38,16,1,4,32,0,1,5
407984,2711,0.0,5.0,0.0,16,7,2,3,15,0,1,0
408047,4527,1.0,6.0,0.0,1,1,1,1,0,0,1,0
408083,4044,0.0,3.0,0.0,22,4,3,2,18,0,3,1
4084,3147,0.0,4.0,1.0,1,1,1,1,0,0,1,0
408850,360,0.0,2.0,0.0,4,2,1,2,2,0,1,1
40901,3127,0.0,4.0,1.0,4,1,1,1,3,0,1,0
409509,3670,0.0,4.0,0.0,6,1,1,1,4,1,1,0
40958,4545,0.0,2.0,2.0,9,2,1,1,8,0,1,0
409725,3828,0.0,4.0,0.0,4,3,3,2,3,0,1,0
410193,1067,0.0,4.0,1.0,23,4,2,10,20,0,2,1
411037,2721,0.0,2.0,0.0,10,4,1,3,9,0,1,0
411177,1310,0.0,3.0,0.0,22,4,3,2,16,0,2,4
411612,3472,0.0,3.0,1.0,5,3,3,1,4,0,1,0
412072,1200,0.0,0.0,0.0,2,1,1,1,1,0,1,0
412140,1495,0.0,4.0,0.0,6,3,1,2,5,0,1,0
41223,3439,0.0,5.0,0.0,13,6,1,1,12,0,1,0
41293,4536,0.0,3.0,0.0,6,3,2,1,4,0,2,0
413046,4048,0.0,3.0,0.0,4,1,1,1,3,0,1,0
413646,4268,0.0,3.0,0.0,11,1,1,2,10,0,1,0
414015,4826,0.0,2.0,1.0,3,2,1,1,2,0,1,0
4148,3828,1.0,0.0,1.0,10,8,4,3,7,0,3,0
415132,1489,0.0,3.0,1.0,2,1,1,1,1,0,1,0
415246,3958,0.0,3.0,0.0,6,5,3,2,0,0,1,5
41586,2447,0.0,3.0,1.0,14,4,3,1,13,0,1,0
41589,1472,0.0,0.0,0.0,7,2,1,1,6,0,1,0
416004,4841,0.0,0.0,0.0,7,1,1,2,5,1,1,0
416257,4649,0.0,2.0,1.0,3,1,1,1,2,0,1,0
417197,2424,0.0,2.0,0.0,25,6,1,4,23,0,1,1
417237,264,0.0,3.0,0.0,4,1,1,1,3,0,1,0
417519,2026,0.0,2.0,null,8,1,1,1,6,1,1,0
417867,4605,0.0,7.0,0.0,4,1,1,2,3,0,1,0
418467,2397,1.0,3.0,0.0,14,6,2,1,10,0,1,3
418531,682,1.0,3.0,0.0,25,7,4,2,22,0,2,1
4192,4976,0.0,2.0,0.0,4,3,2,1,3,0,1,0
419205,3305,0.0,2.0,1.0,1,1,1,1,0,0,1,0
419686,2031,0.0,5.0,1.0,7,5,2,1,6,0,1,0
420059,2592,0.0,3.0,0.0,2,1,1,1,1,0,1,0
420184,4015,0.0,4.0,0.0,7,2,2,3,6,0,1,0
42044,598,0.0,4.0,1.0,14,2,2,1,12,0,2,0
420579,2138,0.0,3.0,0.0,22,9,6,3,15,0,2,5
420653,798,0.0,2.0,0.0,11,3,2,3,6,0,4,1
421413,2313,0.0,7.0,1.0,16,4,2,4,14,0,1,1
421857,3792,0.0,6.0,0.0,25,10,1,5,24,0,1,0
422161,4794,0.0,2.0,1.0,4,1,1,1,3,0,1,0
422814,4044,0.0,2.0,0.0,17,11,6,2,16,0,1,0
423618,3971,0.0,2.0,0.0,3,1,1,1,2,0,1,0
42441,1704,0.0,4.0,0.0,10,5,2,2,9,0,1,0
42661,1895,0.0,3.0,0.0,24,7,4,3,21,0,3,0
4345,436,0.0,5.0,0.0,8,2,2,2,7,0,1,0
43800,1013,0.0,5.0,1.0,14,7,4,1,12,0,2,0
44016,3828,0.0,5.0,0.0,9,7,5,3,8,0,1,0
4453,2721,0.0,5.0,1.0,14,1,1,2,13,0,1,0
44672,1412,0.0,2.0,1.0,4,1,1,1,3,0,1,0
44755,3956,0.0,3.0,0.0,2,2,2,1,0,0,2,0
45370,758,0.0,5.0,0.0,1,1,1,1,0,0,1,0
45502,4760,0.0,4.0,1.0,2,1,1,1,1,0,1,0
4584,3727,0.0,3.0,0.0,17,8,1,3,16,0,1,0
46760,3936,0.0,0.0,1.0,9,6,3,3,8,0,1,0
46854,2505,0.0,3.0,1.0,16,5,3,2,14,1,1,0
4687,4765,0.0,0.0,0.0,4,1,1,2,3,0,1,0
47315,4427,0.0,0.0,0.0,7,1,1,2,5,0,2,0
47397,1742,0.0,4.0,1.0,23,16,1,8,20,0,1,2
47881,4336,0.0,6.0,0.0,13,6,1,1,12,0,1,0
48322,2883,0.0,0.0,0.0,95,41,6,6,93,0,1,1
48581,2180,0.0,6.0,0.0,3,2,2,2,2,0,1,0
49299,3323,0.0,2.0,0.0,4,1,1,2,2,0,1,1
49433,3828,0.0,5.0,0.0,104,76,9,3,102,0,2,0
49483,946,0.0,2.0,1.0,17,2,1,2,15,0,1,1
49699,3173,0.0,3.0,1.0,13,3,2,1,10,0,1,2
50615,1067,1.0,5.0,0.0,14,4,1,3,13,0,1,0
51184,4270,0.0,0.0,0.0,7,2,1,3,6,0,1,0
51227,1738,0.0,0.0,0.0,13,3,3,2,11,0,2,0
51382,3173,0.0,5.0,1.0,15,6,2,3,9,0,6,0
51430,4793,0.0,0.0,0.0,3,1,1,1,2,0,1,0
52270,4787,0.0,3.0,0.0,6,1,1,1,5,0,1,0
5230,1346,0.0,3.0,0.0,5,4,1,2,0,0,1,4
52612,4793,0.0,0.0,1.0,2,1,1,1,1,0,1,0
52655,806,0.0,3.0,0.0,31,9,5,2,30,0,1,0
5298,2031,0.0,4.0,1.0,3,1,1,1,2,0,1,0
53156,3345,1.0,0.0,1.0,4,2,2,1,3,0,1,0
53565,1916,0.0,6.0,0.0,2,1,1,1,1,0,1,0
53643,1103,0.0,4.0,0.0,3,1,1,1,2,0,1,0
54137,4755,0.0,0.0,0.0,2,1,1,1,1,0,1,0
54236,3105,0.0,3.0,1.0,6,3,1,2,5,0,1,0
54515,4049,0.0,3.0,0.0,13,7,5,1,10,0,3,0
54803,1726,0.0,2.0,0.0,15,6,3,5,12,0,1,2
55029,941,0.0,3.0,0.0,6,4,1,1,5,0,1,0
55378,3460,0.0,2.0,0.0,10,2,1,2,9,0,1,0
55515,3236,0.0,6.0,0.0,1,1,1,1,0,0,1,0
5632,4267,0.0,4.0,0.0,19,7,3,1,15,0,4,0
56398,3766,0.0,3.0,0.0,9,3,2,3,8,0,1,0
56829,1102,0.0,0.0,0.0,9,3,3,2,8,0,1,0
56876,351,0.0,5.0,0.0,3,1,1,1,2,0,1,0
56906,3609,0.0,0.0,0.0,13,2,1,3,11,0,1,1
57262,3936,0.0,4.0,0.0,3,1,1,2,2,0,1,0
57958,4794,0.0,5.0,0.0,6,2,1,2,5,0,1,0
57974,4170,0.0,5.0,0.0,4,2,1,1,3,0,1,0
58185,3990,1.0,4.0,0.0,14,5,3,3,13,0,1,0
58771,1049,0.0,4.0,1.0,5,1,1,2,3,0,1,1
588,1892,0.0,0.0,0.0,21,8,5,1,17,0,4,0
58827,1916,1.0,6.0,1.0,5,1,1,1,4,0,1,0
59519,798,0.0,3.0,0.0,42,15,11,5,35,0,4,3
60161,3179,0.0,0.0,0.0,5,1,1,1,4,0,1,0
60671,1340,0.0,5.0,0.0,8,2,1,3,7,0,1,0
60683,742,0.0,2.0,0.0,8,1,1,2,6,0,1,1
61154,4079,0.0,6.0,1.0,4,1,1,1,1,0,3,0
61988,2811,0.0,2.0,1.0,2,1,1,1,0,0,1,1
62696,3445,0.0,2.0,0.0,18,2,1,1,15,0,2,1
63319,551,0.0,0.0,0.0,50,22,5,1,48,0,2,0
63582,25,0.0,4.0,0.0,2,1,1,1,1,0,1,0
638,191,1.0,3.0,0.0,13,8,4,2,12,0,1,0
63916,2217,0.0,3.0,0.0,2,1,1,1,1,0,1,0
64127,2266,0.0,3.0,1.0,1,1,1,1,0,0,1,0
64539,818,0.0,0.0,0.0,2,1,1,1,1,0,1,0
64576,2711,0.0,3.0,0.0,9,2,1,4,7,0,1,1
64583,4966,0.0,3.0,0.0,12,5,3,1,9,0,3,0
64764,1472,0.0,2.0,0.0,5,2,1,1,4,0,1,0
65059,3152,0.0,5.0,0.0,2,1,1,1,1,0,1,0
65914,2791,0.0,4.0,1.0,18,12,5,1,16,0,2,0
66022,3828,1.0,0.0,0.0,4,2,2,2,2,0,2,0
6632,2821,0.0,4.0,0.0,5,2,1,1,4,0,1,0
66495,3536,0.0,5.0,1.0,4,2,1,2,3,0,1,0
67498,4864,0.0,5.0,0.0,27,12,2,3,24,0,2,1
67602,625,0.0,3.0,0.0,6,1,1,1,3,2,1,0
67680,505,0.0,3.0,1.0,7,3,1,1,6,0,1,0
67864,2031,0.0,6.0,0.0,2,1,1,1,1,0,1,0
67902,4265,0.0,2.0,0.0,316,120,17,11,302,0,1,13
68092,2482,0.0,4.0,0.0,2,1,1,1,1,0,1,0
68148,2341,0.0,5.0,0.0,4,1,1,1,3,0,1,0
68480,2634,0.0,0.0,1.0,16,5,1,1,14,0,2,0
68577,1500,0.0,3.0,0.0,10,2,1,2,7,0,2,1
68890,2644,0.0,3.0,1.0,3,1,1,1,2,0,1,0
69053,3444,0.0,0.0,1.0,9,2,1,3,6,2,1,0
69062,3771,0.0,5.0,0.0,16,6,2,1,14,0,2,0
69731,897,0.0,4.0,1.0,29,15,10,3,22,0,4,3
70080,66,0.0,3.0,0.0,2,1,1,1,1,0,1,0
70090,2459,0.0,4.0,0.0,8,2,2,2,7,0,1,0
70114,4371,0.0,5.0,1.0,3,1,1,1,1,0,2,0
70125,152,0.0,0.0,0.0,7,1,1,1,4,0,3,0
70355,3769,0.0,3.0,0.0,24,7,5,2,19,0,2,3
7041,4170,0.0,4.0,0.0,3,1,1,1,2,0,1,0
71048,1899,0.0,0.0,1.0,3,1,1,1,2,0,1,0
71087,3227,0.0,4.0,0.0,4,1,1,1,3,0,1,0
71718,3225,0.0,0.0,0.0,13,5,1,2,10,0,1,2
72155,2910,0.0,4.0,0.0,3,1,1,1,2,0,1,0
72695,141,0.0,0.0,1.0,11,5,1,2,5,0,1,5
72967,3828,0.0,7.0,0.0,41,25,12,11,38,0,1,2
73470,1310,0.0,2.0,0.0,22,4,3,3,19,0,1,2
73494,1500,0.0,6.0,0.0,1,1,1,1,0,0,1,0
73581,1561,0.0,2.0,1.0,7,1,1,2,5,0,1,1
73804,2099,0.0,6.0,0.0,4,1,1,2,3,0,1,0
74275,3200,0.0,0.0,0.0,10,5,3,4,8,0,1,1
74448,1895,0.0,2.0,0.0,8,2,2,2,6,0,1,1
74486,4864,0.0,5.0,1.0,26,6,2,1,23,0,3,0
75097,2255,0.0,5.0,0.0,8,1,1,1,7,0,1,0
75780,3854,0.0,3.0,0.0,2,1,1,1,0,0,2,0
76013,3471,0.0,4.0,1.0,1,1,1,1,0,0,1,0
76231,856,0.0,0.0,1.0,6,1,1,1,5,0,1,0
76466,4775,0.0,5.0,0.0,7,3,1,3,6,0,1,0
76704,404,0.0,0.0,0.0,5,2,2,1,4,0,1,0
76717,946,0.0,4.0,0.0,4,1,1,1,3,0,1,0
76984,1677,0.0,3.0,0.0,1,1,1,1,0,0,1,0
77474,2318,0.0,0.0,0.0,2,2,2,1,0,0,2,0
77579,320,0.0,3.0,0.0,4,1,1,1,3,0,1,0
77776,3545,0.0,3.0,0.0,2,1,1,1,1,0,1,0
78373,1911,0.0,0.0,0.0,9,4,1,1,8,0,1,0
7905,1742,0.0,4.0,0.0,1,1,1,1,0,0,1,0
79137,3938,0.0,3.0,0.0,2,1,1,1,1,0,1,0
79156,4783,0.0,2.0,0.0,6,1,1,1,3,0,3,0
79277,742,0.0,3.0,0.0,10,2,1,1,9,0,1,0
79342,4717,0.0,4.0,0.0,10,2,2,3,8,0,1,1
79488,951,0.0,0.0,0.0,10,3,2,3,7,0,1,2
79556,310,0.0,0.0,1.0,6,4,3,2,5,0,1,0
79735,4079,0.0,2.0,0.0,2,1,1,1,1,0,1,0
79832,4234,0.0,6.0,0.0,3,1,1,1,2,0,1,0
80423,4534,0.0,3.0,0.0,4,1,1,1,2,0,1,1
80436,4044,0.0,3.0,0.0,9,3,3,3,8,0,1,0
80636,1451,0.0,0.0,0.0,4,1,1,1,3,0,1,0
81502,1583,0.0,3.0,0.0,4,2,1,1,3,0,1,0
8226,361,0.0,5.0,1.0,13,4,1,2,11,0,1,1
82681,2991,0.0,3.0,1.0,13,4,1,1,12,0,1,0
83005,3536,0.0,2.0,0.0,8,1,1,1,7,0,1,0
83010,3826,0.0,0.0,0.0,1,1,1,1,0,0,1,0
83011,897,0.0,3.0,0.0,8,3,2,2,7,0,1,0
8330,685,0.0,0.0,1.0,4,2,1,1,3,0,1,0
83639,2709,1.0,0.0,0.0,2,1,1,1,1,0,1,0
83722,1370,0.0,5.0,0.0,11,2,1,1,5,0,5,1
84195,4044,0.0,3.0,0.0,10,5,2,2,8,0,1,1
84773,1270,0.0,6.0,0.0,38,15,3,1,35,0,3,0
84961,1203,1.0,4.0,0.0,18,4,2,3,16,0,1,1
85269,1749,0.0,3.0,0.0,1,1,1,1,0,0,1,0
85300,200,0.0,6.0,0.0,3,2,1,1,2,0,1,0
85397,4589,0.0,0.0,0.0,2,1,1,1,1,0,1,0
85492,3105,1.0,6.0,0.0,3,1,1,2,0,0,2,1
85654,685,0.0,0.0,0.0,18,4,2,3,14,0,2,2
85735,3206,0.0,6.0,0.0,10,3,2,2,9,0,1,0
85851,508,0.0,2.0,1.0,2,1,1,2,1,0,1,0
86379,3578,0.0,2.0,1.0,2,1,1,1,1,0,1,0
86379,4760,0.0,2.0,1.0,5,2,2,1,3,0,2,0
87106,3809,0.0,3.0,0.0,3,1,1,1,2,0,1,0
8733,4044,0.0,0.0,0.0,76,41,9,2,72,0,4,0
87601,2545,0.0,4.0,0.0,14,11,3,5,12,0,1,1
87642,4270,0.0,4.0,0.0,10,6,4,1,9,0,1,0
87658,4309,0.0,3.0,0.0,5,1,1,1,4,0,1,0
88181,773,1.0,5.0,0.0,106,65,15,12,104,0,2,0
89059,2288,0.0,0.0,0.0,4,1,1,1,3,0,1,0
89292,4799,0.0,3.0,0.0,3,2,1,1,2,0,1,0
89917,1495,0.0,4.0,0.0,13,5,1,2,11,0,2,0
90208,2579,0.0,4.0,0.0,5,1,1,1,4,0,1,0
90361,15,0.0,5.0,1.0,3,2,1,1,1,0,2,0
9075,3683,0.0,4.0,1.0,18,7,4,1,16,0,2,0
9118,4173,0.0,2.0,1.0,27,20,6,1,26,0,1,0
91335,3349,0.0,5.0,0.0,3,1,1,1,2,0,1,0
9150,682,0.0,6.0,1.0,2,1,1,1,1,0,1,0
92179,4783,1.0,0.0,0.0,16,9,5,3,13,0,3,0
92241,1102,0.0,0.0,0.0,63,25,4,3,58,0,3,2
92569,798,0.0,6.0,0.0,2,1,1,1,1,0,1,0
93103,168,0.0,3.0,0.0,9,5,1,2,7,0,1,1
93160,4173,0.0,3.0,0.0,21,14,7,2,20,0,1,0
93162,4090,0.0,4.0,0.0,5,1,1,2,4,0,1,0
93239,1050,0.0,5.0,0.0,4,2,2,1,3,0,1,0
93355,3925,0.0,0.0,0.0,28,15,6,6,26,0,1,1
93428,1720,0.0,6.0,1.0,4,3,2,1,3,0,1,0
93727,3378,0.0,4.0,0.0,5,1,1,2,4,0,1,0
93812,3029,0.0,4.0,1.0,2,1,1,1,1,0,1,0
9403,3329,0.0,2.0,0.0,5,2,1,1,4,0,1,0
94064,2403,0.0,3.0,0.0,1,1,1,1,0,0,1,0
94101,467,0.0,3.0,null,3,3,3,2,1,0,2,0
94283,1861,1.0,6.0,0.0,3,2,1,2,0,0,1,2
95107,2615,0.0,3.0,1.0,6,2,1,2,5,0,1,0
95233,1470,0.0,4.0,0.0,2,1,1,1,1,0,1,0
95274,2099,0.0,5.0,0.0,3,1,1,1,2,0,1,0
95739,160,0.0,3.0,1.0,6,5,1,1,5,0,1,0
95992,4760,0.0,4.0,1.0,10,5,2,1,7,0,3,0
96130,3624,0.0,4.0,0.0,19,9,1,4,18,0,1,0
96362,3350,0.0,0.0,0.0,14,3,1,3,11,0,2,1
96380,1272,0.0,3.0,0.0,16,12,1,3,15,0,1,0
96756,4374,0.0,0.0,0.0,2,1,1,1,1,0,1,0
96967,250,0.0,5.0,0.0,3,1,1,3,1,0,1,1
97212,606,0.0,4.0,1.0,5,2,2,1,4,0,1,0
97285,1166,0.0,3.0,1.0,3,1,1,1,2,0,1,0
97372,4170,0.0,0.0,0.0,1,1,1,1,0,0,1,0
97750,3345,0.0,3.0,0.0,7,2,1,2,4,0,1,2
9783,3129,0.0,3.0,1.0,4,1,1,1,3,0,1,0
98505,4067,0.0,2.0,0.0,1,1,1,1,0,0,1,0
98551,1200,0.0,6.0,0.0,3,1,1,1,1,0,2,0
99625,4554,0.0,3.0,1.0,9,3,1,2,6,2,1,0
99881,946,0.0,0.0,2.0,38,13,3,2,35,0,3,0
