100024,416,0.0,3.0,0.0,4,2,1,1,3,0,1,0
100583,3588,0.0,0.0,0.0,13,2,1,2,10,0,3,0
100758,3148,0.0,6.0,0.0,7,4,3,1,6,0,1,0
101013,742,0.0,3.0,0.0,15,1,1,4,13,0,1,1
101017,1892,0.0,0.0,0.0,38,25,9,2,36,0,2,0
101114,963,0.0,3.0,1.0,37,14,2,2,35,0,1,1
101484,2136,0.0,4.0,0.0,3,3,1,1,0,0,2,1
101694,2821,0.0,0.0,2.0,19,14,3,1,18,0,1,0
102092,2403,0.0,5.0,0.0,19,5,1,1,18,0,1,0
102340,3134,0.0,0.0,0.0,3,1,1,1,2,0,1,0
102517,1895,0.0,6.0,null,9,6,2,1,7,0,2,0
10313,4044,0.0,2.0,0.0,39,32,10,5,13,0,1,25
103168,963,0.0,2.0,0.0,4,1,1,1,3,0,1,0
10334,960,0.0,0.0,null,2,1,1,1,1,0,1,0
103805,3915,0.0,3.0,1.0,7,3,2,1,5,0,2,0
103856,4585,1.0,6.0,1.0,2,1,1,1,1,0,1,0
103935,3392,0.0,5.0,0.0,8,3,1,2,6,1,1,0
103942,1393,1.0,3.0,0.0,1,1,1,1,0,0,1,0
104141,4073,0.0,0.0,0.0,2,1,1,1,1,0,1,0
104274,4009,0.0,0.0,0.0,1,1,1,1,0,0,1,0
104362,4659,0.0,0.0,0.0,6,3,3,2,3,1,2,0
105354,1390,0.0,2.0,0.0,7,1,1,1,5,0,1,1
105518,3753,0.0,3.0,1.0,2,1,1,1,1,0,1,0
105807,2664,1.0,5.0,1.0,27,19,3,1,25,0,2,0
106196,2709,0.0,4.0,0.0,3,1,1,2,2,0,1,0
106230,2128,0.0,0.0,0.0,5,3,3,2,3,0,2,0
106392,2175,0.0,3.0,0.0,10,4,2,2,8,0,2,0
106839,4282,0.0,3.0,0.0,108,31,3,1,107,0,1,0
107341,1963,0.0,3.0,1.0,15,2,1,2,13,1,1,0
107703,968,0.0,4.0,0.0,15,4,3,4,12,0,1,2
107771,1485,0.0,2.0,0.0,5,4,2,2,0,0,1,4
107808,3419,0.0,0.0,0.0,2,1,1,1,1,0,1,0
108161,4277,0.0,3.0,1.0,14,6,4,1,13,0,1,0
108534,3968,0.0,3.0,0.0,11,6,6,1,9,0,2,0
109696,1997,0.0,3.0,1.0,8,4,3,1,6,0,2,0
109768,320,0.0,3.0,0.0,1,1,1,1,0,0,1,0
109797,1216,0.0,3.0,1.0,8,1,1,1,6,0,2,0
110205,416,0.0,5.0,0.0,75,37,7,3,74,0,1,0
110664,588,0.0,3.0,0.0,6,1,1,2,4,0,1,1
110993,1031,0.0,3.0,0.0,6,5,1,2,0,0,1,5
111641,361,0.0,5.0,0.0,16,4,1,3,12,0,1,3
111667,1353,0.0,3.0,1.0,6,1,1,1,5,0,1,0
112016,1708,0.0,0.0,null,3,1,1,1,2,0,1,0
11202,2283,0.0,3.0,0.0,4,2,1,2,3,0,1,0
112097,2014,1.0,0.0,0.0,4,1,1,1,2,0,2,0
112101,2922,0.0,0.0,1.0,4,1,1,1,3,0,1,0
112365,3839,0.0,4.0,1.0,14,6,1,1,13,0,1,0
113095,3103,0.0,4.0,0.0,6,3,2,2,5,0,1,0
113132,4108,0.0,0.0,null,5,2,1,1,4,0,1,0
113479,4655,0.0,2.0,0.0,20,13,6,5,19,0,1,0
114164,3968,1.0,2.0,0.0,6,4,2,1,5,0,1,0
114203,1892,0.0,4.0,2.0,16,10,7,6,15,0,1,0
114916,1963,0.0,4.0,1.0,3,1,1,1,2,0,1,0
114953,4427,0.0,6.0,1.0,5,1,1,1,4,0,1,0
115169,1255,0.0,0.0,null,4,1,1,1,3,0,1,0
115178,4173,0.0,3.0,0.0,46,25,12,4,44,0,2,0
115244,698,0.0,0.0,1.0,29,17,7,1,23,0,6,0
115286,4864,0.0,6.0,0.0,7,3,2,2,5,1,1,0
115696,300,0.0,5.0,1.0,12,3,1,1,10,0,1,1
115826,1031,0.0,5.0,0.0,7,1,1,3,5,0,1,1
115947,4325,0.0,3.0,0.0,11,7,4,1,10,0,1,0
116504,718,1.0,3.0,0.0,5,1,1,1,4,0,1,0
116697,4760,0.0,3.0,0.0,10,5,3,1,8,0,2,0
117463,1890,0.0,6.0,0.0,14,7,2,2,13,0,1,0
117972,822,0.0,3.0,1.0,4,1,1,2,3,0,1,0
11802,4427,0.0,3.0,0.0,5,4,1,1,4,0,1,0
118055,2856,0.0,2.0,0.0,3,1,1,1,2,0,1,0
118554,1618,0.0,2.0,0.0,7,1,1,1,6,0,1,0
118561,2145,0.0,4.0,0.0,9,3,2,4,7,0,1,1
118747,1495,0.0,4.0,0.0,13,5,1,6,11,0,1,1
11903,3536,0.0,0.0,1.0,5,2,1,2,4,0,1,0
11912,4659,0.0,3.0,0.0,25,9,5,2,22,0,3,0
119158,646,0.0,5.0,0.0,2,1,1,1,1,0,1,0
119403,3753,0.0,4.0,0.0,3,1,1,1,2,0,1,0
119940,2279,0.0,2.0,0.0,6,1,1,1,5,0,1,0
120363,2710,0.0,6.0,0.0,1,1,1,1,0,0,1,0
120802,2138,0.0,6.0,0.0,2,1,1,2,0,0,1,1
120969,2482,0.0,3.0,0.0,22,8,6,1,18,0,4,0
122297,798,0.0,4.0,0.0,7,4,2,2,6,0,1,0
122844,361,0.0,4.0,0.0,6,3,1,1,4,0,1,1
123986,4071,0.0,3.0,0.0,11,2,1,2,9,0,2,0
124040,1102,0.0,0.0,1.0,5,3,1,1,4,0,1,0
124277,2001,1.0,0.0,0.0,1,1,1,1,0,0,1,0
124575,1565,0.0,4.0,0.0,4,1,1,1,3,0,1,0
124745,798,0.0,2.0,0.0,9,4,2,2,8,0,1,0
124824,1861,0.0,0.0,0.0,4,2,1,1,3,0,1,0
125744,1310,0.0,2.0,0.0,43,15,8,7,36,0,1,6
125849,104,0.0,3.0,1.0,3,1,1,2,2,0,1,0
126001,2940,0.0,2.0,1.0,6,1,1,1,4,0,2,0
126004,2031,0.0,3.0,1.0,2,1,1,1,1,0,1,0
126162,2448,0.0,2.0,1.0,7,1,1,1,6,0,1,0
126434,682,0.0,0.0,0.0,1,1,1,1,0,0,1,0
126793,1816,0.0,4.0,0.0,11,9,6,4,9,0,2,0
126934,2465,0.0,3.0,0.0,1,1,1,1,0,0,1,0
127020,4992,0.0,3.0,0.0,12,6,1,4,9,0,1,2
127212,2936,0.0,2.0,0.0,2,1,1,1,1,0,1,0
12723,1466,1.0,2.0,1.0,8,2,1,1,6,0,2,0
127265,4044,0.0,4.0,1.0,3,1,1,1,2,0,1,0
127493,1707,0.0,4.0,0.0,13,2,2,3,12,0,1,0
127650,742,0.0,4.0,0.0,7,1,1,2,5,0,1,1
128190,4908,0.0,4.0,2.0,7,2,1,1,3,0,4,0
128435,1062,0.0,0.0,0.0,32,5,3,2,31,0,1,0
128543,1890,0.0,3.0,0.0,9,4,2,1,7,0,1,1
129801,3839,0.0,5.0,0.0,62,30,2,5,58,0,2,2
130081,2403,0.0,5.0,0.0,13,4,1,3,8,0,2,3
130115,2196,0.0,3.0,0.0,5,2,1,2,4,0,1,0
130543,1150,1.0,3.0,1.0,1,1,1,1,0,0,1,0
130628,3136,0.0,3.0,0.0,8,1,1,4,6,0,1,1
130903,606,0.0,3.0,0.0,20,12,3,3,18,0,1,1
131225,168,0.0,4.0,1.0,6,4,1,1,5,0,1,0
131452,1347,0.0,3.0,0.0,13,3,1,2,11,0,2,0
131603,4580,0.0,6.0,1.0,6,3,2,1,5,0,1,0
131916,2775,0.0,0.0,0.0,3,2,1,1,2,0,1,0
131962,4460,0.0,3.0,0.0,10,2,2,1,8,0,1,1
132441,3621,0.0,6.0,0.0,1,1,1,1,0,0,1,0
13251,1050,0.0,2.0,0.0,3,2,2,1,1,0,2,0
132601,2537,0.0,5.0,0.0,4,2,2,1,2,0,2,0
132606,523,0.0,0.0,0.0,21,13,2,5,20,0,1,0
132820,1134,0.0,3.0,0.0,2,1,1,1,0,0,2,0
132840,354,0.0,6.0,0.0,8,3,2,1,6,0,2,0
132924,4281,0.0,4.0,0.0,4,1,1,2,3,0,1,0
133534,1494,0.0,0.0,0.0,1,1,1,1,0,0,1,0
133566,2945,0.0,6.0,0.0,5,2,2,1,4,0,1,0
133620,102,0.0,3.0,0.0,16,4,2,5,12,0,2,2
133777,1565,0.0,2.0,1.0,8,2,1,3,7,0,1,0
133777,3351,0.0,2.0,1.0,7,1,1,2,5,0,2,0
134482,4474,0.0,0.0,1.0,2,1,1,1,1,0,1,0
134584,3448,0.0,3.0,1.0,2,1,1,1,1,0,1,0
13513,2167,0.0,4.0,0.0,2,1,1,1,1,0,1,0
1352,1050,0.0,3.0,1.0,11,5,3,1,10,0,1,0
135600,1854,0.0,3.0,0.0,1,1,1,1,0,0,1,0
135751,4368,0.0,3.0,0.0,19,12,4,4,16,0,2,1
136033,1421,0.0,3.0,1.0,8,1,1,2,6,0,1,1
136321,586,1.0,0.0,0.0,5,5,2,1,0,3,2,0
136436,4536,0.0,0.0,0.0,6,1,1,1,5,0,1,0
136478,4173,0.0,3.0,0.0,17,8,3,2,16,0,1,0
136935,152,0.0,0.0,0.0,7,1,1,2,6,0,1,0
137409,2124,0.0,3.0,0.0,28,10,2,1,27,0,1,0
137956,2208,0.0,4.0,0.0,12,6,2,1,11,0,1,0
138460,1111,0.0,3.0,0.0,5,2,1,1,3,0,2,0
138675,1890,0.0,4.0,1.0,8,2,2,1,7,0,1,0
138936,1352,0.0,6.0,1.0,1,1,1,1,0,0,1,0
139550,2928,0.0,4.0,2.0,17,4,2,1,16,0,1,0
139586,4048,0.0,2.0,1.0,4,1,1,2,3,0,1,0
140142,2138,0.0,6.0,0.0,9,7,4,3,7,0,1,1
140188,390,0.0,4.0,0.0,5,4,3,2,4,0,1,0
140620,2537,0.0,3.0,0.0,5,2,1,1,4,0,1,0
140621,1203,0.0,4.0,0.0,10,5,2,1,9,0,1,0
140653,3644,0.0,0.0,0.0,6,1,1,3,4,0,1,1
140856,3912,0.0,0.0,0.0,7,2,2,1,5,0,2,0
141305,608,0.0,5.0,0.0,18,4,1,1,16,0,2,0
142225,1784,0.0,6.0,0.0,27,12,5,3,25,0,2,0
14248,3844,0.0,4.0,0.0,7,2,2,4,6,0,1,0
142497,606,0.0,0.0,0.0,7,5,4,1,6,0,1,0
14283,1131,0.0,5.0,0.0,37,14,8,4,36,0,1,0
143740,1131,0.0,3.0,1.0,4,2,2,2,3,0,1,0
143755,4926,0.0,3.0,1.0,2,1,1,1,1,0,1,0
144184,4750,0.0,0.0,1.0,13,6,5,2,12,0,1,0
144218,219,0.0,3.0,0.0,33,24,1,1,32,0,1,0
145838,1695,0.0,3.0,1.0,2,1,1,1,0,0,2,0
146214,1659,0.0,4.0,0.0,2,1,1,1,1,0,1,0
146420,3236,0.0,5.0,0.0,4,1,1,1,3,0,1,0
146465,4481,0.0,7.0,0.0,1,1,1,1,0,0,1,0
146638,1742,0.0,2.0,0.0,37,4,1,8,33,0,1,3
14676,3041,0.0,5.0,0.0,17,10,3,1,16,0,1,0
14684,3549,0.0,6.0,1.0,2,1,1,1,1,0,1,0
14718,2537,1.0,0.0,1.0,2,1,1,1,1,0,1,0
147402,3952,0.0,6.0,0.0,3,1,1,1,2,0,1,0
147402,423,0.0,6.0,0.0,3,2,1,1,2,0,1,0
147916,152,0.0,3.0,0.0,3,1,1,1,2,0,1,0
148452,2224,0.0,4.0,0.0,1,1,1,1,0,0,1,0
149649,3578,0.0,3.0,1.0,4,3,2,1,0,0,1,3
149677,1470,0.0,4.0,1.0,1,1,1,1,0,0,1,0
149928,1900,0.0,0.0,0.0,3,2,2,1,2,0,1,0
150047,1574,0.0,2.0,1.0,1,1,1,1,0,0,1,0
150358,4605,0.0,0.0,0.0,2,1,1,1,1,0,1,0
150634,643,0.0,6.0,0.0,15,4,2,1,14,0,1,0
150912,3102,0.0,0.0,0.0,3,1,1,1,2,0,1,0
150967,2684,0.0,5.0,0.0,3,3,1,2,0,0,2,1
151018,3586,0.0,4.0,0.0,4,1,1,1,3,0,1,0
151246,798,0.0,2.0,0.0,34,12,8,2,28,0,5,1
15142,121,0.0,6.0,0.0,5,2,1,1,4,0,1,0
151584,4234,0.0,4.0,1.0,10,4,3,2,9,0,1,0
151754,1968,0.0,0.0,0.0,9,1,1,1,2,0,7,0
151873,3148,0.0,6.0,0.0,4,3,2,2,3,0,1,0
152342,3159,0.0,2.0,1.0,7,2,2,1,6,0,1,0
152410,4655,0.0,4.0,0.0,11,5,3,3,10,0,1,0
152952,4044,1.0,2.0,0.0,115,78,12,27,107,0,1,7
153244,2403,0.0,4.0,0.0,2,2,1,1,0,0,2,0
154267,4491,1.0,0.0,0.0,4,2,2,1,2,0,2,0
154550,1749,0.0,3.0,1.0,3,1,1,2,2,0,1,0
154563,915,0.0,5.0,1.0,26,16,4,3,19,0,1,6
15460,1285,0.0,0.0,0.0,3,1,1,1,2,0,1,0
155164,4659,0.0,3.0,0.0,14,7,5,4,12,0,2,0
155662,3278,0.0,0.0,0.0,7,1,1,1,3,0,4,0
155734,4171,0.0,5.0,0.0,15,8,3,1,10,0,5,0
155834,66,0.0,3.0,0.0,15,3,1,2,14,0,1,0
156038,4022,0.0,5.0,0.0,23,5,3,2,21,0,2,0
156234,2217,0.0,3.0,0.0,7,1,1,1,5,0,2,0
156350,1346,0.0,3.0,1.0,20,4,1,2,17,0,1,2
156557,2795,0.0,3.0,0.0,2,2,2,1,0,0,2,0
156804,3826,0.0,3.0,1.0,5,3,2,1,4,0,1,0
156883,4267,0.0,4.0,1.0,82,45,8,2,80,0,2,0
157154,963,0.0,2.0,1.0,10,7,1,1,8,0,2,0
157583,3443,0.0,4.0,0.0,2,1,1,1,1,0,1,0
157983,4043,1.0,0.0,0.0,26,8,4,4,22,0,4,0
158387,474,0.0,5.0,1.0,8,5,4,3,6,0,2,0
158827,1204,0.0,6.0,1.0,15,6,3,3,13,0,1,1
159372,1415,0.0,3.0,0.0,14,4,3,3,12,0,1,1
159402,3356,0.0,6.0,0.0,6,1,1,1,5,0,1,0
159615,415,0.0,2.0,0.0,12,5,2,1,11,0,1,0
160495,1345,0.0,7.0,0.0,2,1,1,1,1,0,1,0
160523,2916,1.0,3.0,0.0,4,1,1,1,3,0,1,0
16061,1581,0.0,3.0,0.0,6,3,1,1,0,0,6,0
16071,1890,0.0,3.0,0.0,97,12,1,3,96,0,1,0
161434,14,0.0,0.0,0.0,8,2,2,1,6,0,2,0
161617,4043,0.0,2.0,0.0,4,2,2,1,3,0,1,0
161785,1500,0.0,5.0,0.0,3,2,2,1,2,0,1,0
161877,682,0.0,5.0,0.0,2,1,1,2,1,0,1,0
16202,2108,0.0,3.0,0.0,2,1,1,1,1,0,1,0
163573,1618,0.0,0.0,0.0,10,8,3,3,8,0,2,0
163658,2770,0.0,4.0,0.0,5,2,1,2,4,0,1,0
163683,3727,0.0,0.0,1.0,1,1,1,1,0,0,1,0
163839,1133,0.0,4.0,0.0,7,5,2,1,5,0,2,0
163945,1067,0.0,3.0,1.0,15,3,1,2,13,0,1,1
164153,1200,0.0,3.0,0.0,6,2,1,1,5,0,1,0
164179,2217,0.0,3.0,1.0,3,2,1,1,2,0,1,0
164858,310,0.0,4.0,0.0,6,2,2,1,5,0,1,0
165147,1916,0.0,6.0,0.0,3,1,1,1,1,0,2,0
165194,141,0.0,3.0,0.0,6,5,5,2,5,0,1,0
165572,1514,0.0,4.0,0.0,3,1,1,1,2,0,1,0
165768,4173,0.0,3.0,0.0,43,15,7,5,39,0,3,1
165963,3576,0.0,3.0,0.0,10,2,2,3,8,0,1,1
166105,1910,0.0,5.0,0.0,1,1,1,1,0,0,1,0
16643,2954,0.0,6.0,0.0,22,5,3,2,20,0,2,0
167276,4474,0.0,3.0,0.0,9,1,1,3,8,0,1,0
167675,758,0.0,3.0,0.0,26,8,4,2,25,0,1,0
167724,4048,0.0,2.0,0.0,5,1,1,1,4,0,1,0
167804,2397,0.0,2.0,0.0,1,1,1,1,0,0,1,0
167874,3433,0.0,3.0,0.0,1,1,1,1,0,0,1,0
168063,1963,0.0,4.0,0.0,17,2,2,2,15,0,1,1
168226,2031,0.0,4.0,0.0,6,1,1,2,5,0,1,0
168235,145,0.0,0.0,1.0,9,2,1,1,7,0,2,0
168839,742,0.0,0.0,0.0,1,1,1,1,0,0,1,0
169628,1583,0.0,3.0,0.0,8,3,2,2,6,0,2,0
169682,1861,0.0,2.0,0.0,7,2,2,2,5,0,2,0
169810,1769,0.0,4.0,0.0,19,8,1,1,17,0,2,0
170225,4044,0.0,6.0,0.0,1,1,1,1,0,0,1,0
170311,2721,1.0,3.0,0.0,21,13,3,1,20,0,1,0
170316,3006,0.0,4.0,0.0,2,1,1,1,1,0,1,0
170340,4287,0.0,0.0,0.0,1,1,1,1,0,0,1,0
170393,2403,0.0,2.0,0.0,101,37,2,4,97,0,2,2
170685,4864,1.0,0.0,0.0,15,6,2,2,12,0,2,1
170786,1340,0.0,6.0,0.0,32,18,5,6,30,0,1,1
171204,1393,0.0,8.0,0.0,14,2,2,2,12,0,2,0
171319,3103,1.0,4.0,0.0,3,1,1,1,2,0,1,0
171682,2891,1.0,0.0,1.0,6,3,2,3,5,0,1,0
172513,2545,1.0,0.0,0.0,27,3,1,4,25,0,1,1
172927,2273,0.0,3.0,0.0,6,2,1,1,5,0,1,0
173176,250,0.0,2.0,0.0,1,1,1,1,0,0,1,0
17374,4979,0.0,4.0,1.0,7,2,1,1,6,0,1,0
174330,1035,0.0,0.0,1.0,4,2,2,2,3,0,1,0
174367,1122,0.0,3.0,1.0,2,1,1,2,0,0,1,1
175055,1031,0.0,3.0,0.0,23,9,1,5,20,0,1,2
175112,1703,0.0,4.0,1.0,8,5,5,2,7,0,1,0
175940,1049,0.0,2.0,1.0,4,1,1,1,3,0,1,0
175990,1393,0.0,3.0,0.0,4,1,1,1,3,0,1,0
176248,4442,0.0,2.0,0.0,1,1,1,1,0,0,1,0
176554,3965,0.0,0.0,0.0,3,1,1,1,2,0,1,0
176732,685,0.0,5.0,0.0,8,4,2,3,4,0,2,2
17717,145,1.0,4.0,1.0,1,1,1,1,0,0,1,0
177288,4079,0.0,4.0,0.0,1,1,1,1,0,0,1,0
177367,1577,0.0,2.0,1.0,1,1,1,1,0,0,1,0
177474,2652,0.0,4.0,0.0,10,1,1,1,9,0,1,0
177514,3398,0.0,0.0,1.0,2,1,1,1,1,0,1,0
177526,4976,0.0,4.0,1.0,4,3,2,1,1,0,3,0
17773,2845,0.0,2.0,0.0,4,2,1,1,3,0,1,0
178109,1356,0.0,2.0,0.0,1,1,1,1,0,0,1,0
178702,3571,0.0,2.0,1.0,24,8,1,3,22,0,1,1
178796,860,0.0,0.0,0.0,43,21,6,5,42,0,1,0
178802,3016,0.0,4.0,0.0,30,18,8,8,26,0,1,3
17915,4057,0.0,3.0,1.0,46,8,3,2,44,0,2,0
179418,1272,0.0,3.0,0.0,12,1,1,5,9,0,1,2
17995,104,0.0,2.0,0.0,1,1,1,1,0,0,1,0
180158,219,0.0,3.0,0.0,6,2,1,2,5,0,1,0
180563,402,0.0,0.0,0.0,1,1,1,1,0,0,1,0
181827,1131,0.0,5.0,1.0,32,7,1,1,31,0,1,0
181883,1281,0.0,4.0,1.0,2,1,1,2,1,0,1,0
181921,3460,0.0,0.0,0.0,3,2,1,2,1,0,2,0
182131,4394,1.0,5.0,0.0,21,9,2,5,20,0,1,0
182427,503,1.0,4.0,0.0,29,21,6,3,27,0,2,0
182947,3578,0.0,6.0,0.0,2,1,1,1,1,0,1,0
184017,3609,0.0,6.0,0.0,22,8,1,4,20,0,1,1
184292,395,0.0,2.0,0.0,2,1,1,1,1,0,1,0
184318,2872,1.0,3.0,0.0,9,1,1,3,7,0,1,1
184925,1281,0.0,4.0,0.0,5,1,1,2,4,0,1,0
185177,3531,0.0,0.0,0.0,3,2,2,2,0,0,1,2
185204,2447,0.0,3.0,0.0,9,2,1,2,8,0,1,0
18581,4976,0.0,3.0,0.0,6,1,1,1,5,0,1,0
186138,4564,0.0,5.0,0.0,3,1,1,1,2,0,1,0
186187,1522,0.0,5.0,0.0,6,3,2,1,5,0,1,0
186260,2746,0.0,3.0,0.0,22,3,3,2,20,0,2,0
186499,4560,1.0,0.0,1.0,9,7,2,1,8,0,1,0
186506,4756,0.0,0.0,0.0,2,1,1,1,1,0,1,0
186543,2791,0.0,0.0,1.0,31,15,6,2,29,0,1,1
187283,2537,0.0,2.0,1.0,4,3,3,1,3,0,1,0
187795,2639,0.0,0.0,0.0,8,5,2,1,7,0,1,0
187884,4985,0.0,6.0,0.0,34,14,2,8,31,0,2,1
187941,3990,0.0,4.0,0.0,9,2,2,2,8,0,1,0
18818,2559,0.0,3.0,1.0,3,1,1,2,2,0,1,0
188521,3602,0.0,2.0,0.0,7,1,1,3,5,0,1,1
188654,4687,0.0,2.0,0.0,3,1,1,1,2,0,1,0
188685,3402,0.0,4.0,1.0,5,4,1,3,4,0,1,0
18949,2639,0.0,5.0,0.0,27,18,5,3,24,0,3,0
189976,3080,0.0,4.0,1.0,1,1,1,1,0,0,1,0
190030,4760,0.0,3.0,1.0,2,1,1,1,1,0,1,0
190344,4475,0.0,3.0,0.0,7,1,1,3,6,0,1,0
190563,4420,0.0,6.0,0.0,2,1,1,2,1,0,1,0
190785,323,0.0,2.0,0.0,3,1,1,1,2,0,1,0
191170,3609,0.0,4.0,0.0,5,1,1,1,4,0,1,0
191427,4287,0.0,5.0,0.0,8,6,4,1,6,0,2,0
192455,2872,0.0,3.0,0.0,11,4,4,2,7,0,1,3
192522,3484,0.0,3.0,0.0,15,5,1,6,14,0,1,0
192557,2582,0.0,6.0,1.0,21,4,2,1,18,0,3,0
192663,2721,0.0,4.0,1.0,4,2,1,2,3,0,1,0
192937,1332,0.0,3.0,1.0,21,5,1,8,20,0,1,0
193396,1884,0.0,4.0,1.0,2,1,1,1,1,0,1,0
193507,4198,0.0,6.0,0.0,6,3,2,1,5,0,1,0
193531,1487,0.0,3.0,0.0,7,1,1,2,5,0,1,1
193755,1679,0.0,5.0,1.0,3,2,2,2,2,0,1,0
19380,1892,0.0,3.0,0.0,8,5,2,1,6,0,2,0
193875,4512,1.0,4.0,0.0,8,3,1,5,5,0,1,2
194310,1724,0.0,3.0,0.0,62,16,3,3,61,0,1,0
194313,3971,0.0,6.0,0.0,4,3,1,2,3,0,1,0
194343,1068,0.0,4.0,0.0,2,2,2,1,0,0,2,0
194873,2237,0.0,0.0,1.0,23,9,1,2,22,0,1,0
194958,1890,0.0,3.0,0.0,2,1,1,2,0,0,1,1
194963,963,0.0,5.0,1.0,3,1,1,1,2,0,1,0
195015,1393,0.0,0.0,null,14,8,3,3,13,0,1,0
195097,4044,0.0,3.0,0.0,12,5,2,3,7,0,3,2
195277,3925,0.0,2.0,0.0,191,72,12,13,176,0,1,14
19562,1816,0.0,2.0,0.0,3,2,1,1,2,0,1,0
195713,2954,0.0,3.0,0.0,9,4,3,1,7,0,2,0
195855,3525,0.0,5.0,0.0,5,1,1,2,3,0,1,1
196111,2537,0.0,3.0,1.0,29,5,2,3,26,0,1,2
196649,1203,0.0,5.0,1.0,21,7,5,6,19,0,1,1
197256,1031,0.0,0.0,0.0,29,6,1,3,28,0,1,0
197352,1102,0.0,4.0,0.0,3,2,1,2,2,0,1,0
19748,4485,0.0,0.0,1.0,5,1,1,1,4,0,1,0
197756,1495,0.0,4.0,2.0,6,1,1,3,4,0,1,1
197839,1916,0.0,4.0,0.0,8,4,1,3,6,0,2,0
199257,3727,0.0,4.0,0.0,3,2,1,1,2,0,1,0
199351,1072,0.0,4.0,0.0,4,2,2,1,3,0,1,0
199405,1784,0.0,3.0,0.0,18,3,2,1,17,0,1,0
199591,4131,0.0,5.0,0.0,2,1,1,1,1,0,1,0
200027,803,0.0,0.0,1.0,46,16,7,8,45,0,1,0
200043,1425,0.0,5.0,0.0,4,1,1,2,3,0,1,0
200799,1432,0.0,0.0,0.0,3,1,1,1,2,0,1,0
200886,742,0.0,6.0,0.0,3,1,1,2,2,0,1,0
200889,3828,0.0,4.0,0.0,21,18,4,1,20,0,1,0
20096,4484,0.0,0.0,1.0,2,1,1,1,1,0,1,0
201613,503,0.0,3.0,0.0,2,1,1,2,1,0,1,0
202260,2045,0.0,0.0,0.0,3,1,1,2,2,0,1,0
20241,2928,0.0,4.0,0.0,25,9,4,5,17,0,2,6
202609,3862,0.0,0.0,1.0,7,3,1,1,6,0,1,0
203130,2397,0.0,4.0,2.0,8,3,2,3,7,0,1,0
203303,4848,0.0,4.0,1.0,7,2,1,1,6,0,1,0
203332,1890,0.0,6.0,0.0,36,6,1,3,35,0,1,0
203361,4322,1.0,3.0,1.0,8,2,1,2,7,0,1,0
203775,4090,0.0,6.0,1.0,5,2,1,1,4,0,1,0
204111,1816,0.0,4.0,1.0,2,1,1,1,1,0,1,0
204248,4710,0.0,3.0,0.0,3,2,1,1,2,0,1,0
204272,4048,0.0,3.0,0.0,12,6,1,2,6,0,2,4
204516,798,1.0,2.0,0.0,12,4,4,3,11,0,1,0
204908,3912,0.0,0.0,0.0,15,8,4,1,13,0,2,0
205128,2138,0.0,6.0,0.0,21,14,6,1,15,0,6,0
205202,2193,0.0,3.0,0.0,3,2,2,1,2,0,1,0
205451,1216,0.0,5.0,0.0,16,7,3,1,13,0,3,0
205751,3152,1.0,0.0,0.0,2,1,1,1,0,0,2,0
206452,3828,0.0,3.0,0.0,20,13,7,3,19,0,1,0
206533,3828,1.0,3.0,0.0,75,27,7,13,65,0,1,9
206753,818,0.0,6.0,0.0,8,5,2,1,7,0,1,0
207569,1393,0.0,5.0,0.0,1,1,1,1,0,0,1,0
207766,1132,0.0,6.0,0.0,3,1,1,1,2,0,1,0
208017,1183,0.0,3.0,0.0,2,1,1,1,1,0,1,0
208093,2221,0.0,3.0,0.0,4,1,1,1,3,0,1,0
208156,1340,0.0,4.0,0.0,26,9,3,2,25,0,1,0
208353,2915,0.0,0.0,0.0,1,1,1,1,0,0,1,0
20853,310,0.0,2.0,1.0,3,2,2,1,1,0,2,0
208688,2014,0.0,3.0,0.0,15,6,1,1,14,0,1,0
208859,1056,0.0,4.0,0.0,2,2,2,1,0,0,2,0
209431,2565,0.0,3.0,0.0,3,1,1,2,2,0,1,0
209751,322,0.0,3.0,0.0,2,1,1,1,1,0,1,0
20978,4877,0.0,0.0,1.0,8,2,1,2,5,0,1,2
210633,608,0.0,4.0,0.0,6,4,3,2,4,0,1,1
21076,1487,0.0,4.0,0.0,35,7,1,2,34,0,1,0
211212,2175,0.0,3.0,0.0,5,4,4,1,4,0,1,0
211562,4660,0.0,0.0,0.0,2,1,1,1,1,0,1,0
211600,818,0.0,2.0,0.0,4,3,1,1,2,0,2,0
211781,4727,0.0,3.0,0.0,6,1,1,3,5,0,1,0
211857,1895,0.0,0.0,0.0,10,3,2,1,8,1,1,0
212052,2928,0.0,4.0,0.0,4,1,1,2,3,0,1,0
212244,1403,1.0,0.0,0.0,2,1,1,1,1,0,1,0
212366,552,0.0,3.0,0.0,5,2,1,2,3,0,1,1
212766,941,0.0,3.0,1.0,1,1,1,1,0,0,1,0
212906,4083,0.0,4.0,0.0,4,1,1,1,3,0,1,0
212951,2403,0.0,0.0,0.0,8,4,1,2,6,0,2,0
213105,1393,1.0,3.0,0.0,89,45,11,8,67,0,5,17
213334,1833,0.0,4.0,1.0,5,5,3,1,2,0,3,0
213510,2639,0.0,0.0,0.0,9,6,5,2,8,0,1,0
214109,4043,0.0,2.0,0.0,11,5,4,5,10,0,1,0
214168,1619,0.0,4.0,0.0,9,3,1,1,8,0,1,0
21418,1399,0.0,5.0,1.0,11,1,1,2,10,0,1,0
214340,2273,0.0,4.0,1.0,13,1,1,5,8,0,2,3
214613,2565,0.0,0.0,0.0,4,1,1,1,2,0,1,1
214905,1892,0.0,4.0,2.0,13,4,2,1,10,1,2,0
215894,608,0.0,5.0,0.0,23,13,3,3,21,0,2,0
216133,3018,0.0,0.0,0.0,1,1,1,1,0,0,1,0
216665,2631,0.0,5.0,0.0,22,5,3,1,19,0,3,0
216847,3528,0.0,2.0,0.0,4,1,1,1,3,0,1,0
217338,2217,0.0,0.0,null,7,1,1,2,6,0,1,0
217350,2664,0.0,3.0,0.0,20,15,2,5,18,0,2,0
21746,2158,0.0,4.0,0.0,20,8,6,2,12,0,2,6
217509,2910,0.0,0.0,0.0,5,1,1,2,4,0,1,0
217571,1131,0.0,4.0,0.0,28,9,5,6,23,0,3,2
21836,3828,0.0,2.0,0.0,13,5,2,4,10,0,1,2
218388,4760,0.0,2.0,1.0,3,1,1,3,2,0,1,0
218505,542,0.0,6.0,1.0,1,1,1,1,0,0,1,0
218648,3730,0.0,2.0,0.0,2,1,1,2,0,0,1,1
218662,1910,0.0,4.0,1.0,3,1,1,1,2,0,1,0
219016,4141,0.0,0.0,0.0,8,3,1,2,7,0,1,0
219848,794,0.0,5.0,0.0,6,4,1,1,5,0,1,0
220022,2031,0.0,4.0,0.0,7,3,2,2,6,0,1,0
220659,786,0.0,2.0,1.0,17,5,1,4,13,0,3,1
220987,522,0.0,0.0,0.0,8,1,1,1,7,0,1,0
220991,4044,0.0,3.0,0.0,25,14,7,5,22,0,1,2
221629,1115,0.0,2.0,1.0,6,2,1,1,5,0,1,0
221749,3622,0.0,4.0,0.0,8,3,1,1,7,0,1,0
221963,1840,0.0,4.0,0.0,9,2,1,3,6,0,1,2
222221,742,0.0,2.0,1.0,1,1,1,1,0,0,1,0
222350,3876,0.0,3.0,0.0,6,2,1,1,5,0,1,0
223568,951,0.0,0.0,0.0,2,1,1,1,1,0,1,0
223676,323,0.0,5.0,1.0,4,2,1,3,3,0,1,0
223685,2594,0.0,0.0,0.0,14,11,6,2,11,0,1,2
224057,148,0.0,4.0,0.0,6,3,1,1,5,0,1,0
224376,2776,0.0,6.0,0.0,29,8,2,3,23,0,1,5
224516,4042,1.0,5.0,0.0,4,1,1,1,3,0,1,0
225077,2237,0.0,3.0,0.0,11,2,1,3,10,0,1,0
225304,1272,0.0,0.0,0.0,3,1,1,1,2,0,1,0
225798,786,0.0,4.0,0.0,5,1,1,2,3,0,1,1
226583,1900,0.0,3.0,1.0,18,7,1,2,16,0,2,0
226770,4143,0.0,5.0,0.0,42,34,10,2,41,0,1,0
226904,4265,0.0,3.0,0.0,20,6,4,1,19,0,1,0
227426,4149,0.0,5.0,0.0,4,1,1,1,3,0,1,0
227608,643,0.0,0.0,0.0,44,25,6,3,43,0,1,0
227815,4492,0.0,4.0,1.0,8,2,2,1,5,0,2,1
228,1393,0.0,3.0,0.0,3,2,2,1,2,0,1,0
228150,3230,0.0,2.0,1.0,1,1,1,1,0,0,1,0
228990,603,0.0,0.0,0.0,10,5,3,1,9,0,1,0
228995,13,0.0,3.0,1.0,4,1,1,1,3,0,1,0
22928,1031,0.0,0.0,0.0,22,5,1,3,21,0,1,0
230567,1830,0.0,0.0,0.0,10,5,4,2,8,0,2,0
230865,1393,0.0,6.0,0.0,33,19,8,3,31,0,1,1
230944,798,0.0,3.0,0.0,12,6,4,1,11,0,1,0
231183,4950,0.0,3.0,0.0,9,3,3,1,6,0,3,0
231484,343,0.0,7.0,0.0,26,11,4,3,23,0,3,0
23287,829,0.0,0.0,0.0,14,2,1,2,11,0,2,1
233241,594,0.0,null,null,2,1,1,1,1,0,1,0
23427,2856,0.0,0.0,1.0,51,8,1,4,46,0,1,4
234371,2915,0.0,4.0,0.0,5,4,2,1,1,0,4,0
234615,3734,0.0,2.0,1.0,6,3,2,1,5,0,1,0
234726,3191,0.0,3.0,0.0,38,17,3,2,34,0,4,0
234959,1353,0.0,3.0,0.0,2,1,1,1,0,0,1,1
234988,4043,0.0,3.0,0.0,8,6,4,1,7,0,1,0
235070,460,0.0,3.0,0.0,9,2,2,1,7,0,2,0
235396,4291,0.0,3.0,0.0,12,7,5,2,11,0,1,0
23566,1692,0.0,0.0,1.0,10,1,1,2,8,1,1,0
236228,1854,0.0,3.0,0.0,2,2,1,1,0,0,2,0
236706,4273,0.0,0.0,0.0,4,1,1,1,3,0,1,0
236763,2537,0.0,4.0,1.0,8,3,2,2,6,0,2,0
237512,474,0.0,0.0,0.0,8,5,5,1,6,0,2,0
237547,4504,0.0,2.0,0.0,4,1,1,2,2,0,1,1
237838,1393,0.0,0.0,0.0,7,2,2,1,5,0,2,0
237943,1892,0.0,4.0,1.0,3,2,2,2,0,0,2,1
238023,3502,0.0,4.0,0.0,3,1,1,1,2,0,1,0
2389,2283,0.0,0.0,0.0,5,1,1,1,4,0,1,0
239000,4958,0.0,2.0,1.0,2,1,1,1,1,0,1,0
239350,3828,0.0,0.0,1.0,5,1,1,2,4,0,1,0
240209,479,0.0,4.0,0.0,3,1,1,1,2,0,1,0
240734,2177,0.0,2.0,1.0,1,1,1,1,0,0,1,0
240934,3509,0.0,3.0,1.0,4,1,1,1,3,0,1,0
241034,190,0.0,4.0,0.0,7,1,1,1,6,0,1,0
241989,3460,0.0,7.0,0.0,3,1,1,1,2,0,1,0
242245,2305,0.0,4.0,0.0,5,2,1,3,4,0,1,0
242251,2359,0.0,0.0,1.0,8,1,1,2,6,0,1,1
242643,3191,0.0,3.0,0.0,1,1,1,1,0,0,1,0
243001,2880,0.0,2.0,1.0,3,2,1,1,2,0,1,0
243097,3159,0.0,3.0,1.0,2,1,1,1,1,0,1,0
243378,3266,0.0,6.0,1.0,6,1,1,1,4,0,2,0
243597,3206,0.0,3.0,1.0,12,6,5,3,11,0,1,0
244316,4394,0.0,6.0,1.0,1,1,1,1,0,0,1,0
244659,4173,0.0,0.0,1.0,5,4,2,1,4,0,1,0
244663,4044,0.0,7.0,0.0,103,8,2,4,102,0,1,0
244954,4527,0.0,0.0,0.0,19,8,2,2,17,0,2,0
244971,1999,0.0,3.0,1.0,1,1,1,1,0,0,1,0
244986,4044,0.0,0.0,0.0,62,9,2,3,58,0,1,3
245147,3828,0.0,3.0,0.0,1,1,1,1,0,0,1,0
245606,3471,1.0,7.0,0.0,3,1,1,1,1,0,2,0
245682,4506,0.0,2.0,0.0,7,2,2,2,5,0,1,1
245893,121,0.0,6.0,1.0,5,2,2,1,2,0,3,0
245983,4494,0.0,2.0,1.0,2,1,1,1,1,0,1,0
24638,3984,0.0,3.0,0.0,7,4,3,3,6,0,1,0
246616,594,0.0,3.0,0.0,2,1,1,1,1,0,1,0
246809,1884,0.0,3.0,1.0,2,1,1,1,1,0,1,0
246874,4525,0.0,3.0,0.0,15,8,2,1,14,0,1,0
247245,4744,0.0,0.0,0.0,7,1,1,1,6,0,1,0
247355,168,0.0,6.0,0.0,15,5,2,2,14,0,1,0
247676,326,0.0,0.0,1.0,6,1,1,1,5,0,1,0
248044,1540,0.0,3.0,0.0,7,5,4,3,0,0,1,6
24840,3623,0.0,0.0,0.0,35,20,3,2,31,0,1,3
248432,1133,0.0,4.0,1.0,15,3,1,3,13,0,2,0
248798,361,0.0,6.0,0.0,18,5,1,2,15,0,2,1
248921,4846,0.0,0.0,0.0,5,1,1,2,3,0,1,1
249550,4760,0.0,5.0,1.0,11,7,4,1,8,0,3,0
24973,1102,0.0,6.0,0.0,23,15,6,6,18,0,1,4
249817,4463,0.0,5.0,0.0,6,2,1,3,5,0,1,0
249906,58,0.0,5.0,0.0,12,2,1,4,11,0,1,0
250201,1978,0.0,0.0,1.0,6,3,1,1,5,0,1,0
250583,1393,0.0,3.0,1.0,5,1,1,3,4,0,1,0
250663,4280,0.0,5.0,0.0,38,7,1,1,36,0,2,0
250865,4403,0.0,3.0,0.0,10,4,1,3,8,0,1,1
250866,3685,0.0,2.0,0.0,4,2,1,1,3,0,1,0
251078,1760,0.0,3.0,0.0,15,9,5,2,13,0,1,1
251532,4512,1.0,3.0,0.0,10,6,1,2,8,1,1,0
251583,1102,0.0,3.0,0.0,35,13,4,5,30,0,2,3
251622,1892,0.0,3.0,0.0,24,8,3,1,21,0,3,0
252009,3734,0.0,4.0,1.0,10,2,2,2,9,0,1,0
252315,3912,0.0,4.0,0.0,11,3,3,2,10,0,1,0
25287,4044,0.0,4.0,1.0,8,3,1,1,6,0,2,0
252920,1346,1.0,3.0,0.0,11,6,1,3,10,0,1,0
252990,4850,0.0,5.0,1.0,25,10,6,2,23,0,2,0
253678,4926,0.0,4.0,0.0,2,1,1,1,1,0,1,0
254083,3851,0.0,3.0,0.0,14,8,6,1,10,0,4,0
254801,3645,0.0,7.0,1.0,2,1,1,1,1,0,1,0
254916,361,0.0,3.0,0.0,6,2,1,1,4,0,1,1
255587,372,0.0,5.0,0.0,3,1,1,1,2,0,1,0
255947,4705,0.0,2.0,0.0,1,1,1,1,0,0,1,0
255976,1501,0.0,5.0,0.0,6,1,1,2,4,0,1,1
256175,3990,0.0,4.0,0.0,4,1,1,1,3,0,1,0
256274,3965,1.0,3.0,2.0,10,5,1,2,7,0,2,1
256433,4706,0.0,7.0,1.0,3,1,1,1,2,0,1,0
256860,1016,0.0,6.0,0.0,12,5,1,3,10,0,1,1
257102,1342,0.0,5.0,1.0,10,2,2,3,9,0,1,0
257111,4173,0.0,0.0,0.0,43,14,5,5,41,0,2,0
257112,1577,0.0,5.0,0.0,10,3,1,2,8,0,1,1
257149,4044,0.0,5.0,0.0,2,1,1,1,1,0,1,0
257283,798,0.0,3.0,0.0,5,1,1,2,3,0,1,1
257284,3826,0.0,2.0,1.0,19,5,1,3,17,0,1,1
257519,1393,1.0,5.0,0.0,174,111,12,5,163,0,1,10
257747,4976,1.0,0.0,1.0,49,23,6,8,44,0,3,2
258138,2537,0.0,0.0,0.0,12,6,4,2,11,0,1,0
258223,121,0.0,5.0,1.0,27,6,4,1,26,0,1,0
258732,1399,0.0,3.0,0.0,4,1,1,1,3,0,1,0
258807,63,0.0,2.0,1.0,8,1,1,2,6,0,1,1
259157,4305,0.0,0.0,0.0,4,1,1,1,3,0,1,0
259580,381,0.0,4.0,1.0,4,1,1,2,3,0,1,0
259625,4589,0.0,3.0,0.0,2,1,1,1,1,0,1,0
259743,2313,0.0,5.0,1.0,1,1,1,1,0,0,1,0
260151,1964,0.0,2.0,0.0,15,3,3,4,13,0,2,0
260265,4662,0.0,3.0,1.0,25,8,2,2,23,0,2,0
260391,4044,0.0,3.0,0.0,5,2,2,1,4,0,1,0
26094,2173,0.0,6.0,0.0,16,11,1,3,13,0,3,0
261156,4042,0.0,3.0,0.0,1,1,1,1,0,0,1,0
261267,4536,0.0,0.0,0.0,3,1,1,2,2,0,1,0
261496,1393,0.0,3.0,0.0,7,5,3,1,6,0,1,0
261779,2051,0.0,0.0,0.0,4,1,1,1,3,0,1,0
26197,3159,0.0,4.0,0.0,4,1,1,2,2,0,1,1
262605,1514,0.0,6.0,0.0,5,2,1,1,3,0,1,1
262700,3826,0.0,4.0,1.0,3,1,1,1,2,0,1,0
262793,4049,0.0,3.0,0.0,3,1,1,2,2,0,1,0
262892,1923,0.0,4.0,1.0,4,3,3,2,3,0,1,0
26321,1892,0.0,4.0,0.0,22,15,9,2,21,0,1,0
263319,3856,0.0,3.0,0.0,1,1,1,1,0,0,1,0
264109,596,0.0,2.0,1.0,2,1,1,1,1,0,1,0
264659,4933,0.0,6.0,0.0,4,1,1,2,2,0,1,1
264980,219,0.0,2.0,0.0,13,6,1,1,12,0,1,0
265600,4368,0.0,6.0,0.0,19,13,6,2,16,0,3,0
265999,3851,0.0,2.0,0.0,11,7,5,2,8,0,3,0
266115,1407,0.0,2.0,1.0,3,1,1,1,2,0,1,0
267007,1968,0.0,3.0,1.0,4,1,1,1,3,0,1,0
267315,3005,1.0,0.0,0.0,20,5,5,2,17,0,3,0
26821,2217,1.0,3.0,0.0,1,1,1,1,0,0,1,0
268269,2108,0.0,4.0,0.0,2,1,1,1,1,0,1,0
268591,4850,0.0,4.0,0.0,3,1,1,1,2,0,1,0
268626,141,0.0,4.0,0.0,2,1,1,1,1,0,1,0
269139,3227,0.0,5.0,0.0,5,1,1,1,3,0,1,1
269199,2082,1.0,0.0,0.0,33,6,2,7,29,1,1,2
270284,1850,0.0,3.0,1.0,3,1,1,1,2,0,1,0
270391,2501,0.0,0.0,0.0,9,2,2,2,7,0,1,1
270400,4079,0.0,5.0,0.0,5,2,1,1,4,0,1,0
270825,3828,0.0,0.0,1.0,6,2,2,2,5,0,1,0
271302,361,0.0,7.0,1.0,41,10,2,3,32,8,1,0
271508,3873,0.0,4.0,0.0,7,1,1,1,6,0,1,0
271684,152,0.0,4.0,1.0,3,1,1,1,1,0,2,0
272127,773,0.0,4.0,0.0,6,2,2,1,3,0,3,0
272227,4775,0.0,4.0,0.0,4,1,1,1,3,0,1,0
272228,2173,0.0,4.0,0.0,12,6,1,3,11,0,1,0
272706,121,0.0,4.0,1.0,4,2,1,1,3,0,1,0
273917,4747,0.0,7.0,0.0,11,2,1,3,10,0,1,0
273952,2173,0.0,0.0,1.0,2,1,1,2,1,0,1,0
274377,1825,0.0,0.0,0.0,7,2,1,1,5,0,2,0
27449,2776,0.0,0.0,0.0,3,1,1,1,2,0,1,0
275176,3865,0.0,0.0,1.0,8,2,2,1,6,0,2,0
275277,3588,0.0,2.0,0.0,4,1,1,2,3,0,1,0
276457,3536,0.0,4.0,0.0,8,4,2,2,7,0,1,0
276568,4732,0.0,2.0,0.0,2,1,1,1,1,0,1,0
276913,4322,0.0,3.0,1.0,9,2,1,3,6,0,1,2
276929,2537,0.0,3.0,1.0,6,2,1,2,5,0,1,0
276986,2954,0.0,5.0,1.0,8,1,1,4,6,0,1,1
277106,2664,0.0,0.0,0.0,1,1,1,1,0,0,1,0
277121,2173,0.0,6.0,1.0,7,2,1,1,6,0,1,0
277239,1963,0.0,5.0,1.0,27,11,1,2,26,0,1,0
277463,4198,0.0,3.0,1.0,6,1,1,2,5,0,1,0
277498,3968,0.0,3.0,0.0,5,3,2,2,4,0,1,0
277716,112,0.0,0.0,1.0,5,1,1,2,4,0,1,0
277797,1948,1.0,0.0,0.0,11,8,5,4,9,0,1,1
278020,598,0.0,3.0,1.0,37,8,2,3,31,0,3,3
278189,2482,0.0,2.0,0.0,10,3,2,2,9,0,1,0
278314,4760,0.0,2.0,1.0,1,1,1,1,0,0,1,0
278710,4049,0.0,4.0,0.0,8,5,5,3,4,0,1,3
278726,4976,0.0,2.0,0.0,7,5,1,2,6,0,1,0
279432,4731,0.0,4.0,0.0,2,1,1,2,1,0,1,0
279723,4173,0.0,4.0,1.0,5,1,1,1,4,0,1,0
280267,2047,0.0,3.0,1.0,27,8,3,3,26,0,1,0
280529,2992,0.0,2.0,0.0,9,3,2,1,7,0,2,0
280957,1356,0.0,0.0,0.0,4,1,1,1,3,0,1,0
281197,412,0.0,3.0,0.0,6,3,1,1,5,0,1,0
281283,3288,0.0,4.0,0.0,5,1,1,3,2,0,2,1
281287,102,0.0,2.0,0.0,6,2,1,3,5,0,1,0
281426,2173,0.0,3.0,1.0,9,4,2,4,8,0,1,0
281980,3319,0.0,0.0,1.0,5,1,1,2,4,0,1,0
282700,1031,0.0,3.0,0.0,3,2,2,1,2,0,1,0
283018,416,0.0,6.0,0.0,1,1,1,1,0,0,1,0
28315,3925,0.0,4.0,0.0,10,1,1,3,9,0,1,0
283474,1126,1.0,2.0,0.0,31,12,4,2,30,0,1,0
283739,2981,0.0,2.0,0.0,5,1,1,3,4,0,1,0
283750,1102,1.0,4.0,0.0,9,7,3,3,8,0,1,0
284037,4585,0.0,4.0,1.0,8,2,1,1,6,0,2,0
284602,2031,0.0,6.0,0.0,4,2,1,1,3,0,1,0
284749,1340,1.0,4.0,0.0,54,25,3,1,52,0,2,0
285466,3022,0.0,0.0,1.0,3,2,1,1,2,0,1,0
285550,2217,0.0,4.0,0.0,13,2,1,3,11,0,1,1
285706,1028,0.0,6.0,0.0,17,10,1,2,15,0,2,0
285730,598,0.0,3.0,1.0,25,11,3,9,23,0,1,1
285860,812,0.0,0.0,0.0,3,1,1,1,2,0,1,0
285978,2803,0.0,0.0,0.0,6,1,1,1,5,0,1,0
286339,1102,0.0,3.0,0.0,29,19,7,2,28,0,1,0
28635,4724,0.0,3.0,0.0,8,1,1,2,7,0,1,0
286439,4928,0.0,3.0,1.0,3,1,1,3,1,0,1,1
286555,3925,0.0,4.0,2.0,33,23,9,4,31,0,1,1
286652,114,0.0,6.0,1.0,4,1,1,2,3,0,1,0
287396,4687,0.0,5.0,0.0,2,1,1,1,1,0,1,0
287574,4044,0.0,0.0,0.0,5,3,2,1,4,0,1,0
288083,4048,0.0,0.0,0.0,3,1,1,2,2,0,1,0
288660,3148,0.0,6.0,0.0,8,7,2,4,2,0,1,5
288723,4601,0.0,3.0,0.0,4,1,1,1,3,0,1,0
288952,3646,0.0,0.0,0.0,8,1,1,1,7,0,1,0
289432,4585,0.0,3.0,0.0,1,1,1,1,0,0,1,0
289757,3042,0.0,0.0,0.0,4,1,1,2,3,0,1,0
289912,396,0.0,3.0,0.0,7,1,1,1,6,0,1,0
290492,3578,0.0,3.0,0.0,15,8,2,3,14,0,1,0
290900,2031,0.0,0.0,0.0,11,2,1,4,8,0,1,2
290996,3971,0.0,2.0,0.0,3,1,1,1,2,0,1,0
291812,3205,0.0,3.0,0.0,15,9,3,1,6,0,1,8
291979,3444,0.0,6.0,1.0,8,1,1,3,7,0,1,0
292170,3793,0.0,5.0,0.0,4,1,1,1,3,0,1,0
292847,4044,0.0,0.0,0.0,2,1,1,1,1,0,1,0
293264,4926,0.0,4.0,1.0,10,6,5,5,8,0,1,1
29350,946,0.0,5.0,0.0,6,2,1,1,5,0,1,0
293621,3152,0.0,0.0,0.0,17,2,1,3,14,0,2,1
294108,3891,0.0,6.0,0.0,54,21,3,6,43,0,2,9
296569,4267,0.0,4.0,1.0,62,50,8,1,58,0,4,0
297066,2620,0.0,0.0,0.0,19,12,3,2,17,0,1,1
297327,1235,0.0,3.0,1.0,2,1,1,1,1,0,1,0
298510,1724,0.0,8.0,0.0,8,1,1,4,7,0,1,0
298670,2712,0.0,0.0,0.0,8,3,1,1,7,0,1,0
298685,2403,1.0,4.0,0.0,11,8,1,2,10,0,1,0
298981,4335,0.0,3.0,1.0,4,2,1,1,3,0,1,0
299646,1023,0.0,0.0,0.0,5,1,1,1,4,0,1,0
299725,4042,0.0,0.0,0.0,4,1,1,1,3,0,1,0
299935,4659,0.0,3.0,0.0,9,6,4,1,8,0,1,0
300403,4256,0.0,0.0,0.0,6,1,1,1,5,0,1,0
301081,2795,0.0,4.0,0.0,4,1,1,1,3,0,1,0
301306,2537,1.0,4.0,0.0,110,25,8,6,105,0,5,0
302178,1056,0.0,4.0,1.0,2,1,1,1,1,0,1,0
30268,1460,0.0,0.0,0.0,11,4,2,4,10,0,1,0
302798,1272,0.0,4.0,0.0,10,6,4,3,7,0,1,2
302939,4601,0.0,3.0,0.0,1,1,1,1,0,0,1,0
303336,4947,0.0,4.0,1.0,3,1,1,2,2,0,1,0
303641,1833,0.0,6.0,1.0,6,3,2,2,4,0,2,0
303872,3822,0.0,4.0,0.0,3,2,2,1,2,0,1,0
303980,3613,0.0,3.0,0.0,11,2,2,2,9,0,1,1
304044,4265,0.0,0.0,1.0,8,2,1,2,7,0,1,0
304090,1102,0.0,4.0,0.0,6,3,3,1,5,0,1,0
304331,4607,0.0,4.0,0.0,3,2,2,1,0,0,2,1
304589,3954,0.0,2.0,0.0,3,1,1,1,2,0,1,0
304690,1527,0.0,0.0,1.0,1,1,1,1,0,0,1,0
304731,1557,1.0,3.0,0.0,19,12,5,2,14,0,2,3
304923,1178,0.0,4.0,1.0,16,1,1,2,15,0,1,0
305067,3230,0.0,4.0,0.0,6,1,1,1,5,0,1,0
305315,4282,0.0,3.0,1.0,7,2,1,1,6,0,1,0
30537,3955,0.0,0.0,0.0,2,1,1,1,1,0,1,0
305692,2913,0.0,5.0,1.0,9,2,1,1,8,0,1,0
305721,3734,0.0,3.0,1.0,2,1,1,1,1,0,1,0
305747,3304,0.0,3.0,0.0,7,2,2,1,6,0,1,0
305773,643,0.0,6.0,0.0,9,2,1,1,8,0,1,0
306275,598,0.0,0.0,0.0,7,1,1,1,6,0,1,0
306398,3473,0.0,4.0,2.0,5,3,3,4,3,0,1,1
306885,1250,1.0,5.0,0.0,4,1,1,1,3,0,1,0
308234,200,0.0,6.0,0.0,14,4,1,1,13,0,1,0
3096,1272,0.0,0.0,0.0,16,5,1,2,15,0,1,0
309926,3566,0.0,3.0,0.0,5,1,1,3,3,0,1,1
310087,3843,0.0,2.0,1.0,7,2,2,2,5,0,1,1
310154,1131,0.0,0.0,0.0,7,5,3,1,5,0,2,0
31114,1330,0.0,0.0,0.0,3,1,1,1,2,0,1,0
311260,1520,0.0,6.0,0.0,1,1,1,1,0,0,1,0
311608,1594,0.0,4.0,0.0,10,7,2,1,9,0,1,0
311906,3319,0.0,5.0,2.0,5,3,1,1,4,0,1,0
312747,1892,0.0,4.0,0.0,9,7,1,2,8,0,1,0
312845,2511,0.0,0.0,0.0,18,5,1,2,15,0,1,2
312923,320,0.0,4.0,1.0,3,3,3,3,1,0,1,1
313008,3230,0.0,2.0,0.0,4,1,1,1,3,0,1,0
313456,1884,1.0,3.0,1.0,3,1,1,1,2,0,1,0
313855,467,0.0,0.0,1.0,4,1,1,2,2,0,1,1
314844,297,0.0,2.0,1.0,8,2,2,2,6,0,1,1
315079,3525,0.0,0.0,0.0,2,1,1,1,1,0,1,0
315316,2031,0.0,5.0,0.0,3,1,1,1,2,0,1,0
315381,4871,0.0,3.0,0.0,3,1,1,1,2,0,1,0
315508,953,1.0,4.0,0.0,5,2,2,2,4,0,1,0
315596,915,0.0,2.0,0.0,5,1,1,1,4,0,1,0
3166,3936,0.0,2.0,1.0,5,1,1,1,4,0,1,0
317421,2099,0.0,0.0,0.0,2,1,1,1,1,0,1,0
317455,2279,0.0,0.0,0.0,10,6,4,1,9,0,1,0
318048,2048,0.0,3.0,0.0,7,2,1,1,5,0,1,1
318107,4585,1.0,4.0,0.0,4,1,1,1,3,0,1,0
318263,4933,0.0,3.0,0.0,9,6,1,2,6,0,1,2
318444,1102,0.0,5.0,0.0,59,28,6,3,57,0,2,0
319414,1892,0.0,3.0,0.0,22,10,7,3,16,0,6,0
319683,416,0.0,0.0,0.0,63,49,8,1,59,0,1,3
320012,1272,0.0,0.0,0.0,7,1,1,2,5,0,1,1
32028,1013,0.0,5.0,0.0,2,1,1,1,0,0,2,0
320474,2545,0.0,0.0,1.0,31,9,4,5,28,2,1,0
320606,3826,0.0,4.0,0.0,1,1,1,1,0,0,1,0
320636,1305,0.0,2.0,1.0,13,9,5,1,12,0,1,0
320735,4760,0.0,0.0,0.0,2,1,1,1,1,0,1,0
321100,3912,1.0,4.0,0.0,5,2,1,2,4,0,1,0
321158,4050,0.0,2.0,0.0,14,1,1,2,13,0,1,0
32137,2149,0.0,3.0,1.0,12,3,1,3,11,0,1,0
321730,3558,0.0,6.0,1.0,9,2,1,3,7,1,1,0
322190,4048,0.0,3.0,2.0,3,1,1,1,2,0,1,0
322573,2767,0.0,2.0,0.0,5,1,1,1,4,0,1,0
322846,4173,0.0,5.0,0.0,4,2,2,2,2,0,2,0
322970,3350,0.0,0.0,0.0,2,2,2,1,0,0,2,0
323116,2435,0.0,2.0,1.0,5,2,1,1,3,0,2,0
323161,3629,0.0,3.0,0.0,1,1,1,1,0,0,1,0
323189,1742,0.0,3.0,0.0,11,4,1,1,10,0,1,0
323197,4756,0.0,4.0,2.0,2,1,1,1,1,0,1,0
3234,2226,0.0,2.0,1.0,8,3,1,2,5,0,2,1
323982,3618,1.0,5.0,0.0,15,3,1,7,12,0,2,1
324309,4044,0.0,6.0,0.0,51,21,6,5,48,0,1,2
324982,3166,0.0,6.0,0.0,3,1,1,1,2,0,1,0
325010,2026,0.0,6.0,1.0,4,1,1,2,2,0,1,1
325401,4760,0.0,3.0,1.0,5,1,1,1,4,0,1,0
325798,1434,0.0,4.0,0.0,3,2,1,1,2,0,1,0
326104,4173,0.0,0.0,0.0,19,9,3,1,18,0,1,0
326156,3289,0.0,6.0,0.0,7,2,1,1,6,0,1,0
326806,3910,0.0,3.0,0.0,2,1,1,2,0,0,1,1
326942,412,0.0,0.0,0.0,3,1,1,1,2,0,1,0
32711,2664,0.0,4.0,1.0,8,7,3,1,7,0,1,0
327353,1719,0.0,2.0,0.0,1,1,1,1,0,0,1,0
327586,2108,0.0,4.0,0.0,1,1,1,1,0,0,1,0
327786,4316,0.0,5.0,0.0,6,1,1,1,5,0,1,0
328000,4638,0.0,4.0,null,3,1,1,1,0,0,3,0
328167,4745,0.0,4.0,1.0,7,2,1,1,6,0,1,0
328678,2403,0.0,6.0,0.0,5,3,2,2,4,0,1,0
328920,1993,0.0,3.0,0.0,2,1,1,1,1,0,1,0
329582,3609,0.0,4.0,2.0,6,4,1,2,5,0,1,0
329913,1352,0.0,3.0,0.0,7,2,2,1,5,0,2,0
330227,1460,0.0,0.0,0.0,8,3,1,1,6,1,1,0
330613,614,0.0,2.0,0.0,5,1,1,1,4,0,1,0
330834,35,0.0,3.0,0.0,11,1,1,2,10,0,1,0
331064,4043,0.0,2.0,0.0,3,2,2,2,2,0,1,0
331435,4585,0.0,3.0,0.0,1,1,1,1,0,0,1,0
331487,1283,0.0,2.0,0.0,10,4,2,4,8,0,1,1
331964,1784,1.0,6.0,0.0,5,2,2,1,4,0,1,0
331999,474,0.0,4.0,1.0,4,3,3,2,3,0,1,0
332011,2403,0.0,5.0,0.0,11,5,2,2,9,0,2,0
332111,310,0.0,2.0,1.0,2,1,1,1,1,0,1,0
332148,669,0.0,0.0,0.0,3,2,1,1,2,0,1,0
332151,3484,0.0,4.0,0.0,60,24,3,2,56,0,3,1
333225,1487,0.0,3.0,1.0,5,1,1,2,4,0,1,0
333870,3683,0.0,0.0,0.0,2,1,1,1,0,0,2,0
33390,3609,0.0,5.0,0.0,23,9,2,3,21,0,2,0
333972,121,0.0,6.0,1.0,5,3,2,1,3,0,2,0
334489,3828,0.0,4.0,0.0,3,1,1,2,1,0,1,1
334967,614,0.0,3.0,1.0,2,1,1,1,1,0,1,0
3350,4198,0.0,6.0,1.0,3,1,1,1,2,0,1,0
335234,1890,0.0,3.0,0.0,2,2,1,1,0,0,1,1
335488,2313,0.0,7.0,0.0,7,2,1,2,6,0,1,0
336016,2928,0.0,3.0,0.0,15,6,3,1,13,0,2,0
336720,4079,0.0,4.0,1.0,3,1,1,2,1,0,1,1
336731,2915,0.0,5.0,0.0,22,7,3,5,17,0,3,2
337433,4542,0.0,3.0,0.0,6,3,2,2,5,0,1,0
337434,1840,0.0,5.0,0.0,8,1,1,1,6,0,2,0
337568,2684,0.0,4.0,1.0,3,2,1,1,2,0,1,0
337579,1022,0.0,6.0,0.0,4,1,1,1,2,0,2,0
33762,66,0.0,3.0,0.0,2,1,1,1,1,0,1,0
337704,404,0.0,4.0,0.0,4,1,1,1,3,0,1,0
340284,1719,0.0,5.0,0.0,4,1,1,1,3,0,1,0
340439,2144,0.0,0.0,0.0,7,1,1,1,5,1,1,0
34061,2173,0.0,3.0,1.0,21,10,2,4,19,0,2,0
340862,1028,0.0,4.0,1.0,11,5,1,1,10,0,1,0
340926,3682,0.0,6.0,0.0,6,1,1,1,5,0,1,0
340981,2550,0.0,2.0,0.0,6,3,1,2,4,0,2,0
341563,786,0.0,3.0,2.0,3,2,1,1,2,0,1,0
341704,798,0.0,5.0,0.0,2,1,1,1,1,0,1,0
341875,2755,0.0,5.0,null,1,1,1,1,0,0,1,0
342212,3042,0.0,6.0,0.0,8,6,5,2,7,0,1,0
343347,4708,0.0,6.0,2.0,10,5,3,4,9,0,1,0
34348,1133,1.0,0.0,0.0,8,3,3,2,6,0,1,1
344016,1084,0.0,6.0,0.0,3,1,1,1,2,0,1,0
345217,3480,0.0,0.0,0.0,4,1,1,1,3,0,1,0
345791,4270,0.0,0.0,0.0,2,1,1,1,1,0,1,0
346272,4966,0.0,3.0,0.0,7,4,2,1,5,0,2,0
346929,2317,0.0,3.0,1.0,5,2,1,1,4,0,1,0
347631,3854,0.0,3.0,1.0,1,1,1,1,0,0,1,0
347858,898,0.0,5.0,0.0,2,1,1,1,1,0,1,0
348155,4044,0.0,0.0,0.0,8,6,4,1,7,0,1,0
348337,3887,1.0,6.0,0.0,1,1,1,1,0,0,1,0
348607,1910,0.0,0.0,0.0,5,1,1,1,4,0,1,0
348620,2193,0.0,0.0,1.0,4,1,1,1,2,0,1,1
349786,2473,0.0,0.0,0.0,1,1,1,1,0,0,1,0
349835,2277,0.0,4.0,1.0,2,1,1,1,1,0,1,0
350617,2537,0.0,3.0,0.0,4,1,1,1,2,1,1,0
351008,2745,0.0,3.0,0.0,12,2,1,3,10,0,1,1
351163,3500,0.0,4.0,1.0,15,1,1,7,13,0,1,1
351337,3269,0.0,0.0,0.0,1,1,1,1,0,0,1,0
351475,3826,0.0,2.0,0.0,1,1,1,1,0,0,1,0
351530,1833,0.0,4.0,0.0,12,5,2,1,9,0,2,1
351604,2031,0.0,4.0,0.0,32,11,4,4,24,0,3,5
351762,2273,0.0,4.0,0.0,3,1,1,1,2,0,1,0
352334,3886,0.0,2.0,0.0,2,1,1,1,1,0,1,0
353084,4848,0.0,4.0,0.0,6,1,1,1,5,0,1,0
353289,1692,0.0,3.0,0.0,2,1,1,1,1,0,1,0
353634,94,0.0,3.0,0.0,4,2,1,3,3,0,1,0
353951,1495,0.0,4.0,0.0,11,7,2,2,10,0,1,0
354240,3263,0.0,4.0,1.0,3,2,2,1,2,0,1,0
354466,1464,0.0,8.0,0.0,36,9,1,3,33,0,3,0
354779,4256,0.0,0.0,1.0,10,3,3,3,8,0,2,0
355220,3525,0.0,6.0,1.0,12,2,1,2,11,0,1,0
355422,1968,0.0,0.0,1.0,8,3,3,1,7,0,1,0
355666,748,0.0,3.0,1.0,3,2,1,2,2,0,1,0
356602,4818,0.0,2.0,1.0,10,6,2,1,9,0,1,0
357323,794,0.0,4.0,0.0,1,1,1,1,0,0,1,0
357617,2138,1.0,6.0,2.0,7,4,3,2,6,0,1,0
35771,3578,0.0,3.0,1.0,8,1,1,1,7,0,1,0
357908,4173,1.0,0.0,0.0,21,18,5,5,20,0,1,0
35830,4474,0.0,4.0,0.0,2,1,1,1,1,0,1,0
358498,598,1.0,2.0,1.0,5,3,3,2,4,0,1,0
359021,3819,0.0,2.0,1.0,10,4,2,2,9,0,1,0
359453,2020,0.0,2.0,0.0,4,1,1,2,3,0,1,0
359453,2036,0.0,2.0,0.0,2,1,1,1,1,0,1,0
359870,2278,0.0,0.0,0.0,12,3,3,2,8,2,2,0
360325,862,0.0,3.0,0.0,28,20,8,5,20,0,8,0
360624,4427,1.0,3.0,1.0,3,1,1,2,2,0,1,0
361786,4469,0.0,4.0,1.0,5,1,1,1,4,0,1,0
362594,1067,1.0,4.0,1.0,4,1,1,1,3,0,1,0
363072,1359,0.0,4.0,0.0,3,1,1,2,2,0,1,0
363535,2698,0.0,3.0,0.0,17,3,1,6,16,0,1,0
363819,3955,0.0,3.0,1.0,8,4,1,1,7,0,1,0
364125,1592,0.0,3.0,null,1,1,1,1,0,0,1,0
364427,2482,0.0,0.0,0.0,1,1,1,1,0,0,1,0
364602,429,1.0,2.0,0.0,4,1,1,1,3,0,1,0
364703,3828,0.0,5.0,0.0,52,22,10,5,45,0,7,0
364865,3161,0.0,6.0,0.0,4,2,2,2,3,0,1,0
364913,1760,0.0,3.0,0.0,58,28,3,8,45,0,4,9
365431,547,0.0,6.0,1.0,8,5,2,2,5,0,1,2
365832,547,1.0,3.0,0.0,23,14,3,1,22,0,1,0
366406,630,0.0,4.0,0.0,2,1,1,1,1,0,1,0
366489,3959,0.0,0.0,0.0,5,1,1,1,2,0,2,1
366688,4171,0.0,6.0,0.0,2,1,1,1,1,0,1,0
366838,402,0.0,3.0,0.0,4,1,1,1,3,0,1,0
367110,4282,0.0,2.0,1.0,16,3,2,3,15,0,1,0
368154,4145,0.0,0.0,1.0,12,2,2,3,11,0,1,0
36843,326,0.0,3.0,1.0,7,2,1,1,5,0,2,0
368478,2031,0.0,6.0,0.0,3,1,1,1,2,0,1,0
368520,2709,0.0,4.0,0.0,2,1,1,2,1,0,1,0
368652,4605,0.0,6.0,0.0,4,1,1,1,3,0,1,0
370058,2465,0.0,3.0,1.0,4,1,1,1,3,0,1,0
370705,323,0.0,3.0,0.0,5,1,1,2,3,0,1,1
3711,4203,0.0,3.0,1.0,5,2,1,2,4,0,1,0
371387,3828,0.0,0.0,0.0,3,3,2,3,0,0,1,2
371691,4186,0.0,0.0,0.0,12,5,1,4,11,0,1,0
37170,141,0.0,4.0,1.0,3,2,2,1,2,0,1,0
371732,4534,0.0,3.0,0.0,3,1,1,1,2,0,1,0
372030,3536,0.0,3.0,0.0,1,1,1,1,0,0,1,0
372046,4043,0.0,2.0,1.0,5,2,1,2,4,0,1,0
372049,2872,0.0,4.0,0.0,38,24,5,3,35,0,2,1
372147,293,0.0,3.0,0.0,1,1,1,1,0,0,1,0
372420,1659,0.0,3.0,1.0,7,2,1,2,6,0,1,0
372811,3163,0.0,4.0,0.0,2,1,1,1,1,0,1,0
372827,3762,0.0,0.0,0.0,7,3,2,1,5,0,2,0
373188,606,0.0,4.0,0.0,3,1,1,1,2,0,1,0
373794,4585,0.0,0.0,0.0,1,1,1,1,0,0,1,0
374545,3667,0.0,4.0,0.0,6,3,1,1,4,0,2,0
37476,962,0.0,6.0,0.0,9,7,6,2,4,0,5,0
375540,326,0.0,0.0,0.0,15,2,1,1,13,0,2,0
375727,3936,0.0,0.0,0.0,15,4,2,2,13,0,1,1
376146,2145,0.0,3.0,0.0,7,1,1,1,5,0,1,1
376220,3159,1.0,5.0,0.0,5,2,1,2,4,0,1,0
376862,2143,0.0,2.0,1.0,3,1,1,2,2,0,1,0
376882,121,0.0,3.0,0.0,5,2,2,1,4,0,1,0
376939,4841,0.0,3.0,0.0,2,1,1,2,0,0,1,1
376953,3472,0.0,3.0,1.0,7,4,1,1,6,0,1,0
377179,2821,0.0,3.0,0.0,7,2,2,2,6,0,1,0
378201,4871,0.0,3.0,1.0,5,2,1,1,4,0,1,0
378276,4090,0.0,3.0,0.0,10,5,1,3,9,0,1,0
379523,1840,0.0,0.0,0.0,3,1,1,1,2,0,1,0
37962,1833,0.0,3.0,1.0,8,6,2,1,7,0,1,0
379804,2786,0.0,5.0,1.0,2,2,2,2,1,0,1,0
379885,3578,0.0,4.0,0.0,10,3,2,2,7,0,1,2
380990,3072,0.0,0.0,0.0,5,1,1,1,4,0,1,0
381053,4648,0.0,3.0,0.0,3,1,1,1,2,0,1,0
381614,415,0.0,0.0,1.0,3,1,1,1,2,0,1,0
381947,4794,0.0,4.0,0.0,11,4,1,2,10,0,1,0
382048,4949,0.0,6.0,0.0,98,67,14,6,93,0,5,0
382618,1274,0.0,4.0,1.0,5,1,1,1,4,0,1,0
383324,317,0.0,2.0,0.0,13,2,2,1,11,0,1,1
383515,3577,0.0,0.0,0.0,2,1,1,1,1,0,1,0
384352,3906,0.0,0.0,1.0,12,7,2,1,11,0,1,0
384366,778,0.0,4.0,0.0,4,1,1,1,3,0,1,0
385305,1203,0.0,3.0,0.0,6,1,1,2,4,0,1,1
385421,2883,0.0,3.0,0.0,4,1,1,1,3,0,1,0
385856,1049,0.0,0.0,1.0,1,1,1,1,0,0,1,0
385973,1272,0.0,0.0,0.0,40,9,2,7,29,0,2,9
386192,2140,0.0,5.0,0.0,17,9,1,1,16,0,1,0
386220,3519,0.0,3.0,1.0,2,1,1,1,1,0,1,0
38653,3445,0.0,4.0,1.0,2,1,1,1,1,0,1,0
387072,3766,0.0,3.0,0.0,8,5,3,1,5,0,3,0
387222,2403,0.0,5.0,1.0,19,11,1,1,17,0,2,0
387237,2403,0.0,0.0,1.0,3,2,2,1,2,0,1,0
387429,4829,0.0,0.0,1.0,4,1,1,1,3,0,1,0
387896,4394,0.0,4.0,0.0,4,1,1,1,2,0,2,0
387946,2928,0.0,5.0,1.0,7,2,2,3,5,0,1,1
388061,901,0.0,2.0,0.0,3,2,2,1,2,0,1,0
388358,3524,0.0,0.0,1.0,2,2,2,1,0,0,2,0
388418,547,0.0,2.0,1.0,12,9,2,4,10,0,1,1
388435,3734,0.0,0.0,1.0,8,2,2,1,7,0,1,0
388486,2031,0.0,5.0,1.0,32,5,1,7,29,0,1,2
388713,4911,0.0,0.0,0.0,6,3,3,1,4,0,2,0
388857,3301,0.0,6.0,1.0,16,2,2,1,14,0,2,0
389136,4048,0.0,4.0,0.0,7,3,1,2,6,0,1,0
389409,882,0.0,7.0,0.0,6,1,1,3,4,0,1,1
389716,2128,0.0,3.0,0.0,3,1,1,1,2,0,1,0
389914,598,0.0,3.0,1.0,1,1,1,1,0,0,1,0
390137,2608,0.0,2.0,1.0,1,1,1,1,0,0,1,0
390345,4745,0.0,4.0,0.0,2,1,1,1,1,0,1,0
391137,4368,0.0,7.0,2.0,7,2,2,2,6,0,1,0
391234,684,0.0,0.0,0.0,12,6,3,1,10,0,2,0
391373,1742,0.0,7.0,0.0,13,11,1,1,12,0,1,0
391410,1892,0.0,4.0,0.0,3,2,1,1,0,0,1,2
391494,1555,0.0,4.0,0.0,5,1,1,3,4,0,1,0
393230,1594,0.0,2.0,1.0,26,3,3,1,24,0,1,1
393493,3968,0.0,0.0,0.0,1,1,1,1,0,0,1,0
393578,4718,0.0,0.0,0.0,11,5,1,2,10,0,1,0
394060,296,0.0,4.0,0.0,17,10,7,3,14,0,3,0
394136,2869,0.0,2.0,1.0,2,2,1,2,1,0,1,0
394270,2872,0.0,5.0,1.0,18,4,4,1,12,0,6,0
39476,114,0.0,3.0,0.0,3,1,1,3,2,0,1,0
394782,4171,0.0,5.0,0.0,5,1,1,1,2,0,3,0
394937,3524,0.0,2.0,1.0,11,4,2,1,10,0,1,0
395341,1470,0.0,0.0,0.0,4,1,1,1,2,0,1,1
395461,4568,0.0,4.0,0.0,1,1,1,1,0,0,1,0
395546,1056,1.0,4.0,0.0,31,20,10,2,24,0,7,0
395722,2102,0.0,3.0,0.0,21,7,2,2,13,0,8,0
396243,4044,0.0,2.0,0.0,51,30,4,2,50,0,1,0
396346,3055,0.0,0.0,0.0,11,2,2,1,8,0,2,1
396961,4385,0.0,0.0,0.0,1,1,1,1,0,0,1,0
397156,386,0.0,0.0,0.0,2,2,2,1,0,0,2,0
397423,3420,0.0,5.0,0.0,21,9,4,2,16,0,4,1
397426,4864,0.0,0.0,1.0,6,2,1,1,4,0,2,0
398095,4325,0.0,4.0,0.0,2,1,1,2,1,0,1,0
398374,63,0.0,0.0,1.0,1,1,1,1,0,0,1,0
39872,1501,0.0,3.0,0.0,6,3,1,3,5,0,1,0
398940,2583,0.0,0.0,1.0,12,4,3,1,11,0,1,0
399144,1861,1.0,0.0,1.0,5,1,1,2,3,0,1,1
399168,2565,1.0,4.0,0.0,24,11,2,4,21,0,3,0
399246,2278,0.0,6.0,0.0,3,1,1,1,2,0,1,0
399376,3410,0.0,0.0,0.0,4,2,1,1,3,0,1,0
399414,3936,0.0,0.0,1.0,1,1,1,1,0,0,1,0
399488,1470,0.0,5.0,0.0,5,1,1,1,3,0,1,1
399631,1618,0.0,0.0,0.0,12,9,3,4,9,0,3,0
39973,4043,0.0,2.0,0.0,7,4,3,2,6,0,1,0
39974,1892,0.0,4.0,2.0,37,21,9,7,33,0,3,1
400364,1833,0.0,0.0,0.0,20,10,2,1,18,0,2,0
40037,1451,0.0,0.0,1.0,5,2,2,2,3,0,1,1
400450,4368,0.0,4.0,0.0,62,25,6,3,53,0,5,4
400450,773,1.0,4.0,0.0,69,35,13,6,65,0,4,0
400485,663,0.0,5.0,1.0,2,1,1,1,1,0,1,0
400513,2217,0.0,5.0,0.0,5,3,1,1,4,0,1,0
400678,2537,0.0,3.0,0.0,2,1,1,1,1,0,1,0
400883,1352,0.0,4.0,0.0,74,18,8,2,68,0,6,0
400893,3075,0.0,3.0,0.0,5,2,1,1,4,0,1,0
401710,4871,0.0,2.0,1.0,1,1,1,1,0,0,1,0
402042,3683,0.0,3.0,0.0,6,2,2,2,5,0,1,0
402761,1514,0.0,0.0,0.0,2,1,1,1,1,0,1,0
402961,4145,0.0,3.0,0.0,17,7,1,4,10,0,1,6
402974,2579,0.0,4.0,1.0,10,3,1,1,9,0,1,0
403634,219,0.0,5.0,0.0,5,1,1,2,4,0,1,0
403678,2193,0.0,5.0,0.0,10,5,5,1,6,0,4,0
403835,2194,0.0,4.0,0.0,1,1,1,1,0,0,1,0
404802,2869,0.0,2.0,0.0,4,2,1,1,3,0,1,0
405012,4794,0.0,0.0,1.0,5,1,1,1,4,0,1,0
405195,4076,0.0,4.0,0.0,6,2,1,1,4,0,1,1
405655,2031,0.0,4.0,0.0,6,2,1,2,4,1,1,0
406077,4438,0.0,0.0,null,9,5,1,3,8,0,1,0
406652,608,0.0,4.0,0.0,7,3,3,2,5,0,2,0
406702,4186,0.0,4.0,0.0,7,3,1,1,5,0,1,1
406735,1541,1.0,2.0,1.0,3,1,1,1,2,0,1,0
407601,2928,0.0,0.0,0.0,5,1,1,1,3,0,2,0
407820,773,0.0,4.0,0.0,4,2,2,2,0,0,2,2
408153,4444,0.0,0.0,0.0,55,34,8,2,46,0,9,0
408988,1487,0.0,4.0,0.0,3,2,1,1,2,0,1,0
409499,1166,0.0,0.0,1.0,1,1,1,1,0,0,1,0
409658,2537,0.0,0.0,0.0,15,8,5,1,14,0,1,0
410056,4718,1.0,5.0,0.0,3,1,1,2,2,0,1,0
410221,2273,0.0,3.0,0.0,5,1,1,2,4,0,1,0
410318,2639,1.0,4.0,0.0,28,15,7,4,24,0,2,2
410609,4648,0.0,3.0,0.0,10,2,2,2,9,0,1,0
410694,817,0.0,4.0,2.0,1,1,1,1,0,0,1,0
411324,2765,0.0,3.0,1.0,2,1,1,1,1,0,1,0
411394,302,0.0,2.0,0.0,5,4,1,1,0,0,5,0
41163,1861,0.0,0.0,0.0,35,11,4,4,32,0,1,2
411726,310,0.0,0.0,1.0,6,2,2,1,4,0,2,0
411843,4535,0.0,4.0,0.0,2,1,1,2,1,0,1,0
412131,2403,0.0,4.0,0.0,2,2,1,1,0,0,2,0
412915,4090,0.0,0.0,0.0,14,6,2,4,11,0,1,2
41312,4474,0.0,3.0,0.0,32,2,1,6,30,0,2,0
413213,652,1.0,4.0,0.0,20,4,2,3,18,0,2,0
413685,4491,0.0,5.0,0.0,4,1,1,1,3,0,1,0
414005,4919,0.0,3.0,1.0,1,1,1,1,0,0,1,0
414151,598,1.0,3.0,0.0,27,8,3,2,26,0,1,0
414553,3327,0.0,0.0,0.0,12,1,1,2,11,0,1,0
41460,946,1.0,5.0,1.0,5,3,1,3,2,0,2,1
414899,1708,0.0,0.0,0.0,1,1,1,1,0,0,1,0
415054,742,0.0,4.0,0.0,4,1,1,2,2,0,1,1
415418,1719,0.0,4.0,0.0,5,3,1,1,4,0,1,0
415641,4976,0.0,3.0,1.0,11,4,3,2,8,0,1,2
415798,685,0.0,4.0,2.0,12,5,2,2,11,0,1,0
41581,551,0.0,0.0,0.0,7,4,2,1,6,0,1,0
415825,3536,0.0,3.0,0.0,2,1,1,1,1,0,1,0
415912,4282,0.0,4.0,1.0,86,61,10,7,84,0,2,0
416436,4966,0.0,4.0,0.0,2,1,1,1,1,0,1,0
41692,4157,0.0,2.0,1.0,2,1,1,1,1,0,1,0
417427,1816,0.0,3.0,1.0,82,26,7,4,69,0,4,9
417866,976,0.0,6.0,0.0,3,2,1,1,2,0,1,0
418226,941,1.0,5.0,0.0,1,1,1,1,0,0,1,0
419154,2954,0.0,3.0,0.0,57,10,9,10,51,0,5,1
41919,189,0.0,3.0,0.0,6,1,1,2,4,0,1,1
420294,4173,0.0,3.0,null,3,1,1,1,2,0,1,0
421324,102,0.0,3.0,0.0,16,5,3,4,15,0,1,0
421836,63,0.0,3.0,1.0,16,4,2,4,15,0,1,0
421867,1298,0.0,3.0,0.0,22,11,2,1,19,0,3,0
421876,3941,0.0,5.0,1.0,1,1,1,1,0,0,1,0
421991,4219,0.0,4.0,0.0,10,3,2,2,9,0,1,0
422051,4015,0.0,0.0,0.0,9,5,4,2,6,0,3,0
422418,685,1.0,6.0,0.0,5,2,2,1,4,0,1,0
422705,2981,0.0,2.0,1.0,5,1,1,2,3,0,1,1
422767,1618,1.0,6.0,0.0,3,1,1,2,2,0,1,0
423179,4090,0.0,4.0,0.0,19,5,2,2,18,0,1,0
423369,3420,0.0,0.0,0.0,17,7,4,2,14,0,3,0
42345,4649,0.0,0.0,0.0,2,1,1,1,1,0,1,0
423623,1203,0.0,4.0,1.0,4,2,1,1,3,0,1,0
423934,1892,0.0,2.0,0.0,4,1,1,1,3,0,1,0
424064,1346,0.0,4.0,1.0,11,3,1,3,10,0,1,0
424064,587,0.0,4.0,1.0,5,1,1,2,3,0,1,1
42949,3826,0.0,4.0,0.0,3,1,1,1,2,0,1,0
43001,3152,0.0,0.0,0.0,2,1,1,1,1,0,1,0
43297,386,0.0,2.0,0.0,8,2,2,1,7,0,1,0
4331,3399,0.0,3.0,1.0,2,1,1,1,1,0,1,0
43419,1512,0.0,0.0,0.0,21,11,1,3,19,0,2,0
43530,3609,0.0,4.0,0.0,5,1,1,2,3,1,1,0
44643,3558,0.0,3.0,0.0,7,1,1,1,5,0,2,0
44762,3195,0.0,4.0,1.0,2,1,1,1,1,0,1,0
44763,3839,0.0,4.0,0.0,20,12,2,2,17,0,1,2
44991,4173,0.0,3.0,1.0,14,6,4,4,12,0,1,1
45086,1679,0.0,4.0,0.0,17,13,5,3,8,0,2,7
45091,1494,0.0,3.0,0.0,15,10,4,3,14,0,1,0
45257,1272,0.0,0.0,1.0,7,4,2,1,6,0,1,0
45517,3205,0.0,0.0,0.0,2,1,1,1,1,0,1,0
46092,4009,0.0,6.0,0.0,4,2,1,1,3,0,1,0
47069,141,0.0,2.0,0.0,47,28,7,5,42,0,1,4
47086,2052,0.0,3.0,1.0,12,1,1,2,11,0,1,0
47240,3102,0.0,3.0,0.0,46,36,12,6,43,0,1,2
47342,4860,0.0,3.0,1.0,7,3,1,1,5,0,2,0
4736,1968,0.0,2.0,0.0,3,1,1,1,2,0,1,0
47699,1884,0.0,0.0,0.0,7,2,2,2,5,1,1,0
4778,4760,0.0,3.0,0.0,16,5,3,1,15,0,1,0
47892,4877,0.0,4.0,1.0,6,3,2,1,4,0,2,0
47981,4444,0.0,3.0,0.0,7,4,3,1,5,0,2,0
4803,2161,0.0,4.0,0.0,5,1,1,2,3,0,1,1
48301,3022,0.0,2.0,1.0,5,2,2,2,4,0,1,0
48874,2217,0.0,0.0,0.0,10,1,1,3,8,0,1,1
48951,474,0.0,0.0,0.0,1,1,1,1,0,0,1,0
49038,2856,0.0,0.0,0.0,7,3,1,3,4,0,1,2
49764,3851,0.0,6.0,0.0,5,2,2,3,4,0,1,0
49860,2452,0.0,0.0,0.0,1,1,1,1,0,0,1,0
49919,569,1.0,2.0,1.0,2,1,1,1,0,0,1,1
49959,4919,0.0,3.0,0.0,13,2,1,4,11,0,1,1
50549,2939,0.0,4.0,0.0,16,5,2,2,15,0,1,0
50575,189,0.0,6.0,0.0,10,1,1,4,6,0,1,3
50585,4558,0.0,3.0,0.0,7,1,1,1,5,0,2,0
50640,1565,0.0,5.0,0.0,3,2,1,1,2,0,1,0
50670,4048,0.0,3.0,0.0,2,1,1,1,1,0,1,0
51260,436,1.0,0.0,0.0,3,1,1,1,2,0,1,0
51487,3541,0.0,0.0,0.0,5,2,1,1,4,0,1,0
52071,1102,0.0,3.0,1.0,44,19,8,5,43,0,1,0
52631,2565,0.0,3.0,0.0,13,5,1,5,12,0,1,0
53030,2072,0.0,3.0,1.0,11,6,1,1,10,0,1,0
53297,145,1.0,0.0,0.0,5,3,1,1,3,0,2,0
53664,1500,0.0,7.0,0.0,9,1,1,3,7,0,1,1
53916,4258,0.0,0.0,0.0,5,3,1,1,4,0,1,0
54002,1102,0.0,3.0,0.0,19,3,2,3,17,0,2,0
54686,590,0.0,4.0,1.0,16,6,4,1,14,0,2,0
54745,1526,0.0,2.0,0.0,10,2,2,2,9,0,1,0
54877,1486,0.0,6.0,1.0,8,1,1,2,7,0,1,0
55717,2935,0.0,7.0,1.0,9,5,1,2,7,0,1,1
55868,358,0.0,3.0,0.0,10,1,1,1,7,0,3,0
5611,148,0.0,4.0,1.0,2,1,1,1,1,0,1,0
5613,606,0.0,3.0,0.0,20,12,5,4,17,0,3,0
56707,1892,0.0,4.0,0.0,22,9,4,3,17,0,2,3
57431,1200,0.0,3.0,0.0,2,1,1,1,1,0,1,0
58068,4047,0.0,4.0,0.0,5,1,1,1,4,0,1,0
58387,310,1.0,2.0,1.0,8,1,1,2,6,1,1,0
58532,374,0.0,3.0,0.0,5,1,1,1,4,0,1,0
58627,141,0.0,3.0,0.0,3,1,1,1,2,0,1,0
58872,1247,0.0,0.0,1.0,2,1,1,2,1,0,1,0
58877,4282,0.0,3.0,1.0,32,18,7,2,30,0,2,0
598,1425,0.0,4.0,1.0,7,3,1,1,5,0,2,0
59815,1704,0.0,5.0,1.0,13,6,4,1,12,0,1,0
59835,1639,0.0,0.0,0.0,12,2,1,3,11,0,1,0
59979,4571,0.0,4.0,1.0,6,3,1,2,5,0,1,0
60098,2225,0.0,5.0,0.0,31,19,4,2,29,0,1,1
60454,3628,1.0,4.0,0.0,2,1,1,1,1,0,1,0
60496,72,0.0,0.0,0.0,2,1,1,1,1,0,1,0
60668,4760,0.0,2.0,1.0,6,3,3,3,5,0,1,0
60710,13,0.0,4.0,1.0,8,1,1,2,6,0,1,1
60881,897,0.0,0.0,1.0,1,1,1,1,0,0,1,0
61,4589,0.0,0.0,1.0,2,1,1,2,1,0,1,0
61178,4465,1.0,3.0,0.0,12,4,1,1,7,0,5,0
61624,4044,0.0,2.0,0.0,47,25,5,2,45,0,2,0
6175,2277,0.0,6.0,0.0,2,1,1,1,1,0,1,0
61776,2403,0.0,0.0,1.0,59,19,2,12,56,0,1,2
61898,4659,1.0,2.0,0.0,36,13,7,6,28,0,2,6
6191,1608,0.0,0.0,0.0,2,1,1,1,1,0,1,0
62626,2721,0.0,0.0,1.0,54,16,2,2,53,0,1,0
62709,2482,0.0,2.0,0.0,22,11,7,4,19,0,1,2
6291,653,0.0,3.0,0.0,1,1,1,1,0,0,1,0
63366,4198,0.0,5.0,0.0,4,2,1,1,3,0,1,0
63407,4079,0.0,3.0,1.0,1,1,1,1,0,0,1,0
63596,4173,0.0,3.0,0.0,11,4,2,3,9,0,1,1
63663,3016,0.0,4.0,0.0,48,22,9,6,40,0,2,6
63725,1346,0.0,4.0,1.0,2,1,1,1,1,0,1,0
6400,3771,0.0,5.0,0.0,3,1,1,1,2,0,1,0
6448,587,0.0,4.0,0.0,3,1,1,2,2,0,1,0
64673,4044,0.0,2.0,0.0,22,8,2,1,21,0,1,0
64938,168,0.0,3.0,1.0,8,4,3,1,5,0,3,0
65050,2008,0.0,5.0,0.0,3,1,1,1,2,0,1,0
65702,3111,0.0,5.0,1.0,2,1,1,1,1,0,1,0
65820,2537,0.0,3.0,0.0,3,1,1,1,2,0,1,0
65919,4170,0.0,2.0,0.0,2,2,1,1,0,0,2,0
65983,3173,0.0,2.0,0.0,1,1,1,1,0,0,1,0
6644,2436,0.0,0.0,1.0,35,16,8,7,33,0,2,0
66468,4860,0.0,4.0,2.0,6,2,1,1,4,0,2,0
66783,603,0.0,2.0,0.0,7,3,3,2,4,0,3,0
66831,415,0.0,2.0,1.0,2,1,1,1,1,0,1,0
67623,1719,0.0,0.0,1.0,2,1,1,1,0,0,2,0
67681,3016,0.0,2.0,1.0,6,4,3,1,5,0,1,0
67733,1708,0.0,3.0,0.0,17,6,1,4,15,0,1,1
67863,2828,0.0,6.0,0.0,14,3,1,2,13,0,1,0
68193,4958,0.0,2.0,0.0,4,2,2,2,1,0,1,2
68639,3828,0.0,5.0,0.0,173,78,17,8,166,0,5,2
68992,3152,0.0,3.0,1.0,13,5,2,4,12,0,1,0
69298,3958,0.0,6.0,0.0,5,1,1,1,4,0,1,0
70355,806,0.0,3.0,0.0,14,7,3,3,13,0,1,0
70598,1833,0.0,0.0,0.0,53,18,9,6,49,0,2,2
70883,760,0.0,3.0,0.0,7,3,1,1,5,0,2,0
70915,862,0.0,4.0,0.0,38,9,2,1,33,0,5,0
70935,2055,0.0,3.0,1.0,5,1,1,1,4,0,1,0
71182,1875,0.0,6.0,0.0,3,3,2,1,0,0,3,0
71337,3640,0.0,0.0,0.0,15,2,1,3,14,0,1,0
71635,2545,0.0,4.0,0.0,1,1,1,1,0,0,1,0
71870,4097,0.0,6.0,1.0,9,3,2,1,7,0,2,0
7200,4649,0.0,4.0,1.0,7,1,1,1,5,0,2,0
72137,3952,0.0,6.0,0.0,22,7,2,3,18,0,1,3
72148,3828,1.0,0.0,0.0,10,3,3,5,9,0,1,0
72196,4090,0.0,0.0,0.0,5,4,1,1,4,0,1,0
72430,4079,0.0,3.0,0.0,20,5,2,3,14,0,4,2
7304,3578,0.0,3.0,0.0,8,3,1,2,6,0,1,1
73342,2149,0.0,3.0,0.0,8,2,1,1,7,0,1,0
73476,1487,0.0,0.0,0.0,11,5,1,2,10,0,1,0
73680,3578,1.0,3.0,0.0,16,3,1,2,14,0,1,1
74112,4270,0.0,4.0,0.0,19,9,5,3,16,0,1,2
74854,4958,0.0,2.0,0.0,4,2,1,1,3,0,1,0
75684,98,0.0,0.0,1.0,3,1,1,1,2,0,1,0
75907,4129,0.0,0.0,0.0,16,14,6,2,13,0,2,1
76356,2203,0.0,0.0,0.0,2,1,1,1,1,0,1,0
76553,804,0.0,0.0,0.0,1,1,1,1,0,0,1,0
76582,168,0.0,4.0,0.0,4,3,2,3,2,0,1,1
77260,1538,0.0,6.0,0.0,1,1,1,1,0,0,1,0
78305,2928,0.0,0.0,1.0,12,5,2,1,11,0,1,0
78311,653,0.0,0.0,null,9,1,1,2,8,0,1,0
78465,1346,0.0,3.0,0.0,30,11,1,8,25,0,1,4
78864,2128,0.0,3.0,0.0,10,1,1,5,8,0,1,1
79168,2303,0.0,5.0,2.0,64,22,1,11,60,0,1,3
80074,1103,0.0,3.0,0.0,8,2,1,1,7,0,1,0
8011,1102,0.0,2.0,0.0,234,133,22,21,218,0,2,14
80316,4258,0.0,6.0,1.0,12,5,2,3,11,0,1,0
80500,4724,0.0,3.0,1.0,4,1,1,1,3,0,1,0
80575,254,0.0,6.0,1.0,5,2,1,1,4,0,1,0
80707,2537,0.0,3.0,0.0,6,5,2,3,5,0,1,0
81370,4647,0.0,2.0,0.0,4,1,1,1,3,0,1,0
81642,2936,0.0,2.0,0.0,4,1,1,1,3,0,1,0
82080,4731,0.0,0.0,0.0,2,1,1,1,1,0,1,0
82212,606,0.0,4.0,0.0,6,4,2,1,5,0,1,0
82261,2026,0.0,6.0,0.0,2,1,1,1,1,0,1,0
82599,3815,0.0,4.0,1.0,25,8,2,2,24,0,1,0
83624,2505,0.0,3.0,1.0,6,2,2,2,5,0,1,0
83952,1393,0.0,5.0,0.0,25,9,7,2,17,0,2,6
84293,3148,0.0,4.0,0.0,6,1,1,3,5,0,1,0
84507,154,0.0,2.0,0.0,5,3,1,1,4,0,1,0
84599,2760,0.0,2.0,0.0,4,1,1,1,3,0,1,0
85419,2869,0.0,0.0,1.0,1,1,1,1,0,0,1,0
86365,1500,0.0,2.0,1.0,9,5,3,2,8,0,1,0
86609,1861,0.0,3.0,0.0,1,1,1,1,0,0,1,0
87176,598,0.0,0.0,1.0,15,7,3,1,12,2,1,0
87699,4044,0.0,0.0,0.0,41,21,4,1,39,0,2,0
87790,3766,0.0,0.0,1.0,2,1,1,1,1,0,1,0
87901,4191,0.0,0.0,0.0,11,4,1,2,7,2,1,1
88373,938,0.0,3.0,0.0,1,1,1,1,0,0,1,0
88591,2173,1.0,0.0,0.0,6,4,1,2,5,0,1,0
8919,1840,0.0,3.0,0.0,2,1,1,1,1,0,1,0
89556,598,0.0,4.0,0.0,10,3,2,3,9,0,1,0
89721,1911,0.0,5.0,0.0,9,1,1,1,8,0,1,0
89734,2904,0.0,0.0,1.0,2,1,1,1,1,0,1,0
90130,293,0.0,3.0,0.0,3,1,1,1,1,0,2,0
90560,3378,0.0,4.0,1.0,4,1,1,1,3,0,1,0
90984,3349,0.0,2.0,0.0,27,9,2,5,21,0,2,4
9160,3952,0.0,5.0,0.0,6,3,2,1,5,0,1,0
9260,4143,0.0,0.0,0.0,1,1,1,1,0,0,1,0
92756,354,0.0,6.0,0.0,5,1,1,1,2,0,3,0
9372,1235,0.0,2.0,1.0,4,1,1,1,3,0,1,0
9389,1704,1.0,4.0,0.0,4,1,1,2,2,0,1,1
93919,1840,0.0,5.0,0.0,8,6,2,1,6,0,2,0
94705,1203,0.0,0.0,0.0,36,5,3,1,29,0,7,0
95030,1102,0.0,6.0,0.0,46,28,11,6,45,0,1,0
95256,4976,0.0,3.0,0.0,7,3,2,3,6,0,1,0
95351,503,0.0,3.0,0.0,6,4,2,1,4,0,2,0
95371,346,0.0,0.0,0.0,5,2,2,2,4,0,1,0
95413,798,0.0,0.0,0.0,14,7,6,1,9,0,5,0
95482,575,0.0,3.0,0.0,2,1,1,1,1,0,1,0
96170,4351,0.0,4.0,1.0,3,2,2,1,2,0,1,0
96265,598,0.0,0.0,1.0,3,1,1,1,2,0,1,0
9636,738,0.0,0.0,0.0,5,1,1,1,3,0,1,1
96421,3163,0.0,0.0,1.0,6,2,1,1,2,0,4,0
96559,4048,0.0,0.0,1.0,3,2,1,1,2,0,1,0
97171,3828,0.0,3.0,0.0,19,15,6,3,17,0,2,0
97629,3571,0.0,0.0,1.0,22,6,2,2,21,0,1,0
97729,2138,0.0,4.0,0.0,1,1,1,1,0,0,1,0
97934,4826,0.0,4.0,2.0,2,1,1,1,1,0,1,0
97979,2515,0.0,2.0,0.0,7,1,1,1,4,0,3,0
98182,234,0.0,0.0,0.0,4,1,1,1,3,0,1,0
99814,1948,0.0,5.0,0.0,10,5,3,2,9,0,1,0
