100166,2482,0.0,0.0,1.0,8,2,2,3,7,0,1,0
100196,1102,0.0,4.0,1.0,63,19,6,7,61,0,2,0
100502,3780,0.0,2.0,0.0,4,1,1,1,2,0,1,1
100527,4369,0.0,3.0,1.0,5,1,1,2,4,0,1,0
100588,4282,0.0,2.0,1.0,17,13,4,7,11,0,2,4
100681,4394,0.0,4.0,0.0,4,2,2,1,2,0,2,0
100720,2768,0.0,2.0,1.0,37,7,6,2,33,0,3,1
101126,2082,1.0,5.0,0.0,18,5,1,1,16,1,1,0
101219,786,0.0,2.0,1.0,4,2,1,1,2,0,2,0
101301,1742,0.0,5.0,0.0,1,1,1,1,0,0,1,0
101380,241,1.0,2.0,0.0,2,1,1,1,1,0,1,0
102445,3828,0.0,4.0,0.0,35,25,9,2,33,0,1,1
102511,2403,0.0,4.0,0.0,8,3,1,2,6,0,2,0
102736,4818,0.0,2.0,1.0,28,11,5,7,20,0,5,3
10325,46,0.0,7.0,1.0,8,4,1,1,6,0,2,0
103389,4043,0.0,3.0,1.0,9,5,3,3,8,0,1,0
103668,1808,0.0,4.0,0.0,2,1,1,1,1,0,1,0
103815,862,0.0,4.0,1.0,24,12,5,1,19,0,5,0
103982,3955,0.0,4.0,0.0,22,12,2,1,20,0,2,0
104450,1585,0.0,6.0,0.0,7,4,3,1,6,0,1,0
10451,1393,0.0,3.0,0.0,31,20,7,5,30,0,1,0
10499,3938,0.0,3.0,0.0,3,1,1,1,1,0,1,1
105284,2537,0.0,3.0,1.0,9,2,2,1,5,0,4,0
106024,1892,0.0,3.0,0.0,12,3,3,2,7,0,4,1
106451,2275,0.0,4.0,1.0,2,1,1,1,0,0,2,0
106576,1145,0.0,0.0,0.0,13,6,5,3,12,0,1,0
106863,1393,0.0,5.0,1.0,23,17,11,1,20,0,3,0
107088,963,0.0,5.0,0.0,4,1,1,2,2,0,1,1
107921,1619,0.0,0.0,0.0,2,1,1,1,1,0,1,0
107938,412,0.0,3.0,0.0,61,24,11,2,55,0,3,3
107983,4850,0.0,6.0,0.0,1,1,1,1,0,0,1,0
108476,2236,0.0,4.0,0.0,1,1,1,1,0,0,1,0
108552,2453,0.0,0.0,0.0,12,6,3,1,11,0,1,0
108606,2217,0.0,2.0,0.0,6,1,1,2,4,0,1,1
108975,300,0.0,2.0,1.0,7,1,1,1,6,0,1,0
109072,1346,1.0,4.0,2.0,14,6,1,2,13,0,1,0
109823,66,0.0,6.0,0.0,5,1,1,1,2,0,3,0
110011,66,0.0,6.0,0.0,3,1,1,1,2,0,1,0
11019,3513,0.0,3.0,null,5,1,1,1,3,0,2,0
110208,433,0.0,2.0,0.0,1,1,1,1,0,0,1,0
110253,3578,0.0,4.0,1.0,1,1,1,1,0,0,1,0
110345,946,0.0,3.0,1.0,4,2,2,2,3,0,1,0
110905,4282,0.0,2.0,1.0,11,3,1,2,9,0,1,1
112060,2928,0.0,4.0,0.0,5,2,1,2,4,0,1,0
112731,1166,0.0,3.0,0.0,5,2,2,1,4,0,1,0
112867,1031,0.0,4.0,1.0,1,1,1,1,0,0,1,0
112902,148,0.0,5.0,0.0,3,1,1,1,1,0,2,0
113068,2711,0.0,5.0,1.0,103,9,2,5,102,0,1,0
114018,4966,0.0,4.0,2.0,7,2,2,2,5,0,2,0
114053,2916,0.0,6.0,0.0,3,1,1,1,2,0,1,0
114173,4173,0.0,2.0,0.0,5,3,1,2,3,0,2,0
114279,102,0.0,4.0,2.0,16,2,2,3,14,0,2,0
114299,1096,0.0,4.0,0.0,4,1,1,2,3,0,1,0
11437,275,0.0,0.0,0.0,5,2,2,1,3,0,1,1
114464,4950,0.0,0.0,1.0,2,1,1,1,1,0,1,0
114614,1502,0.0,4.0,0.0,4,1,1,2,3,0,1,0
114841,4005,0.0,0.0,1.0,3,1,1,1,2,0,1,0
11502,3152,0.0,0.0,1.0,9,3,1,1,6,1,2,0
115307,3152,1.0,3.0,0.0,1,1,1,1,0,0,1,0
116139,4078,0.0,2.0,0.0,5,2,1,1,4,0,1,0
116943,2348,0.0,5.0,1.0,3,1,1,1,2,0,1,0
117120,3826,0.0,3.0,1.0,6,1,1,1,5,0,1,0
117447,1890,0.0,3.0,0.0,9,1,1,1,8,0,1,0
117462,4724,0.0,3.0,0.0,2,2,1,1,1,0,1,0
117495,4403,0.0,null,null,5,2,1,1,4,0,1,0
117938,4474,0.0,3.0,0.0,2,1,1,1,0,0,1,1
118798,289,0.0,0.0,0.0,4,1,1,3,3,0,1,0
119054,2954,0.0,4.0,0.0,8,5,3,3,7,0,1,0
119146,4186,0.0,6.0,0.0,2,1,1,1,1,0,1,0
119545,4765,0.0,3.0,1.0,7,3,1,3,4,0,1,2
120,4966,0.0,4.0,0.0,2,2,2,1,0,0,2,0
120044,120,0.0,4.0,1.0,2,1,1,1,1,0,1,0
120416,2403,0.0,4.0,0.0,11,6,2,3,7,0,4,0
120620,4044,0.0,4.0,1.0,21,10,4,2,19,0,1,1
120641,685,0.0,0.0,0.0,2,1,1,1,1,0,1,0
120663,361,0.0,6.0,0.0,28,4,1,6,23,1,1,3
120679,415,0.0,2.0,0.0,3,1,1,1,2,0,1,0
120834,4976,0.0,0.0,0.0,11,3,2,4,7,0,1,3
120868,386,0.0,3.0,0.0,13,3,1,3,10,0,1,2
120958,1502,0.0,7.0,1.0,11,6,4,1,10,0,1,0
121021,3323,0.0,6.0,0.0,1,1,1,1,0,0,1,0
121256,4496,0.0,3.0,1.0,1,1,1,1,0,0,1,0
121382,2745,0.0,3.0,0.0,5,1,1,1,4,0,1,0
121465,1592,0.0,2.0,1.0,5,1,1,3,3,0,1,1
121978,2938,0.0,4.0,0.0,2,1,1,1,1,0,1,0
122,1102,0.0,3.0,0.0,4,3,3,3,3,0,1,0
122001,3934,0.0,5.0,1.0,3,1,1,2,2,0,1,0
122004,2403,1.0,3.0,0.0,18,10,2,2,11,0,6,1
122037,3536,0.0,2.0,0.0,12,3,1,4,11,0,1,0
122303,1582,0.0,3.0,0.0,9,1,1,1,8,0,1,0
12231,152,0.0,4.0,0.0,5,1,1,2,3,0,1,1
12258,3080,0.0,3.0,1.0,10,3,2,2,8,0,2,0
122628,4871,0.0,2.0,0.0,10,5,2,2,8,0,2,0
122818,3819,0.0,4.0,0.0,35,4,2,3,31,0,2,2
122907,1577,0.0,3.0,0.0,3,1,1,2,2,0,1,0
12316,2313,0.0,3.0,0.0,11,5,2,2,9,0,1,1
123256,3236,0.0,4.0,0.0,3,2,1,1,2,0,1,0
123308,2273,0.0,0.0,0.0,3,2,1,2,1,0,1,1
123339,1437,0.0,0.0,0.0,5,2,1,2,4,0,1,0
123403,2565,0.0,0.0,0.0,1,1,1,1,0,0,1,0
123793,2031,1.0,4.0,0.0,4,3,3,2,2,0,1,1
1238,798,0.0,3.0,0.0,7,3,3,3,5,0,1,1
124249,606,0.0,2.0,0.0,3,1,1,1,2,0,1,0
124728,3990,0.0,3.0,1.0,5,1,1,2,4,0,1,0
124850,1168,0.0,4.0,0.0,12,6,4,1,10,0,2,0
125005,4639,0.0,2.0,0.0,5,1,1,1,4,0,1,0
12512,989,0.0,0.0,0.0,6,1,1,2,3,0,2,1
125357,1340,0.0,4.0,1.0,31,12,6,2,27,0,4,0
12542,718,1.0,5.0,0.0,2,1,1,1,1,0,1,0
125990,3484,0.0,0.0,0.0,15,5,2,6,12,0,1,2
126183,4979,0.0,0.0,0.0,25,11,2,3,23,0,2,0
126400,3955,0.0,0.0,0.0,1,1,1,1,0,0,1,0
12687,1514,0.0,3.0,1.0,2,1,1,1,1,0,1,0
126947,4438,0.0,3.0,0.0,13,4,1,4,11,0,1,1
126971,3541,0.0,3.0,null,6,1,1,2,5,0,1,0
128176,3886,0.0,2.0,0.0,1,1,1,1,0,0,1,0
12864,598,0.0,3.0,1.0,6,2,1,2,5,0,1,0
128719,1487,0.0,6.0,0.0,17,2,1,4,16,0,1,0
128845,2928,0.0,4.0,1.0,11,5,3,2,6,0,1,4
129098,4472,0.0,0.0,0.0,4,1,1,3,2,1,1,0
129478,817,0.0,0.0,null,3,1,1,1,2,0,1,0
129894,2639,0.0,0.0,0.0,22,11,7,1,21,0,1,0
129901,3152,0.0,3.0,0.0,4,1,1,1,2,0,1,1
130345,1754,0.0,2.0,0.0,18,12,6,1,17,0,1,0
130646,951,0.0,5.0,0.0,2,1,1,2,1,0,1,0
130657,1472,0.0,3.0,1.0,1,1,1,1,0,0,1,0
132068,2278,1.0,3.0,0.0,3,1,1,1,2,0,1,0
132265,3159,0.0,3.0,0.0,12,7,3,2,9,0,3,0
13232,1833,0.0,6.0,2.0,8,4,1,3,7,0,1,0
13261,3205,0.0,2.0,1.0,12,9,3,3,1,0,1,10
132784,508,0.0,0.0,0.0,2,1,1,1,1,0,1,0
132874,3129,0.0,3.0,0.0,10,3,1,2,8,0,1,1
132916,1719,0.0,3.0,0.0,1,1,1,1,0,0,1,0
133997,3419,0.0,0.0,0.0,12,4,1,2,11,0,1,0
134077,2403,0.0,0.0,0.0,12,5,2,1,11,0,1,0
134140,4768,0.0,0.0,0.0,23,15,1,3,22,0,1,0
134733,3585,0.0,0.0,0.0,28,7,2,6,26,0,1,1
1354,2669,0.0,2.0,0.0,3,1,1,1,2,0,1,0
13556,1168,0.0,4.0,0.0,36,17,9,1,28,0,7,1
135798,3912,0.0,3.0,1.0,4,1,1,2,2,0,2,0
135842,200,0.0,5.0,0.0,5,2,1,2,4,0,1,0
136261,586,0.0,0.0,0.0,23,9,1,5,18,0,2,3
137155,2273,0.0,4.0,1.0,16,1,1,1,15,0,1,0
137778,1393,0.0,3.0,0.0,11,4,2,2,10,0,1,0
137871,3432,0.0,6.0,0.0,76,50,8,11,70,0,2,4
138013,3898,0.0,6.0,0.0,3,1,1,1,2,0,1,0
138251,4648,0.0,3.0,0.0,22,5,2,2,19,0,2,1
138280,4480,0.0,4.0,0.0,31,21,4,5,30,0,1,0
138372,3925,0.0,4.0,0.0,7,4,2,2,6,0,1,0
138419,350,0.0,5.0,0.0,15,3,2,2,13,0,1,1
138434,4042,0.0,3.0,2.0,9,2,1,1,8,0,1,0
138506,2424,0.0,5.0,1.0,7,2,1,1,6,0,1,0
139351,3190,0.0,6.0,0.0,4,1,1,1,2,0,2,0
139826,2217,0.0,2.0,0.0,14,3,2,5,11,0,1,2
139862,3085,0.0,2.0,0.0,5,2,1,1,4,0,1,0
139937,747,0.0,0.0,0.0,3,2,1,1,2,0,1,0
140197,3779,0.0,0.0,1.0,7,1,1,1,6,0,1,0
140535,3471,0.0,0.0,0.0,3,1,1,1,2,0,1,0
140663,4933,0.0,3.0,0.0,8,3,1,1,7,0,1,0
141869,4044,0.0,5.0,0.0,9,3,2,2,7,0,1,1
142182,2193,0.0,5.0,0.0,11,5,2,2,8,0,2,1
142717,798,0.0,6.0,0.0,11,1,1,1,9,0,1,1
142897,3205,0.0,4.0,0.0,18,7,1,4,15,0,1,2
143206,3593,0.0,0.0,0.0,2,1,1,1,1,0,1,0
143660,2579,0.0,6.0,1.0,1,1,1,1,0,0,1,0
143751,2279,0.0,0.0,0.0,3,1,1,2,2,0,1,0
143839,3635,0.0,0.0,0.0,2,1,1,1,1,0,1,0
144742,4525,0.0,0.0,0.0,19,12,3,1,13,0,6,0
144885,2173,0.0,4.0,0.0,2,2,2,1,0,0,2,0
145010,4765,0.0,7.0,0.0,8,2,2,2,7,0,1,0
145123,4966,0.0,3.0,0.0,2,2,2,1,0,0,2,0
145262,2935,0.0,4.0,1.0,2,1,1,1,1,0,1,0
145578,3433,0.0,4.0,2.0,7,1,1,1,3,0,4,0
14562,168,0.0,0.0,0.0,3,1,1,2,2,0,1,0
146189,2082,0.0,0.0,0.0,16,6,2,3,15,0,1,0
146256,4322,0.0,3.0,0.0,2,1,1,1,1,0,1,0
146401,343,0.0,5.0,0.0,24,9,6,1,22,0,2,0
146414,2891,0.0,5.0,1.0,26,3,1,3,23,0,3,0
146564,1308,0.0,2.0,1.0,1,1,1,1,0,0,1,0
146827,1760,0.0,3.0,0.0,12,6,2,1,10,0,2,0
146980,503,0.0,0.0,0.0,2,1,1,1,1,0,1,0
147093,3826,0.0,2.0,1.0,4,1,1,3,3,0,1,0
147742,3734,0.0,3.0,1.0,22,13,6,3,20,0,2,0
148332,4850,0.0,5.0,0.0,36,23,12,4,32,0,4,0
148958,2318,0.0,3.0,0.0,3,1,1,1,2,0,1,0
150675,96,0.0,5.0,0.0,11,6,1,1,7,0,3,1
151038,3460,0.0,5.0,0.0,5,1,1,1,3,0,2,0
151124,4858,0.0,0.0,null,1,1,1,1,0,0,1,0
151251,2403,0.0,5.0,0.0,4,1,1,1,2,0,2,0
151285,2720,0.0,2.0,0.0,11,3,2,1,10,0,1,0
151627,4638,0.0,3.0,0.0,5,4,1,1,1,0,4,0
151808,2545,0.0,0.0,1.0,16,12,3,6,3,0,1,12
151874,1077,0.0,3.0,0.0,8,3,1,1,6,0,2,0
15315,117,0.0,2.0,0.0,8,2,1,4,7,0,1,0
153212,2271,0.0,2.0,1.0,16,4,1,3,14,0,1,1
153806,3655,0.0,2.0,0.0,5,1,1,2,3,0,1,1
154166,3433,0.0,3.0,0.0,7,2,1,1,6,0,1,0
154645,3159,0.0,2.0,0.0,32,13,4,2,29,0,3,0
155460,2397,0.0,4.0,0.0,17,12,5,2,16,0,1,0
156036,441,0.0,6.0,1.0,6,2,2,1,5,0,1,0
156064,4322,0.0,5.0,0.0,1,1,1,1,0,0,1,0
156110,321,0.0,3.0,0.0,9,2,1,2,7,0,1,1
156294,3460,0.0,0.0,0.0,6,1,1,2,3,1,1,1
15638,3624,0.0,3.0,2.0,5,3,1,1,4,0,1,0
156392,2360,0.0,3.0,0.0,14,3,1,2,12,0,2,0
15654,4976,0.0,3.0,0.0,3,1,1,1,2,0,1,0
157747,4992,0.0,3.0,0.0,1,1,1,1,0,0,1,0
157817,3536,0.0,4.0,0.0,5,3,2,1,2,0,3,0
158513,2891,0.0,5.0,0.0,8,3,1,2,7,0,1,0
158644,4605,0.0,3.0,0.0,1,1,1,1,0,0,1,0
159046,4044,0.0,6.0,1.0,4,1,1,2,2,0,1,1
159052,4079,0.0,2.0,0.0,5,2,1,1,3,0,2,0
159055,2236,0.0,4.0,0.0,1,1,1,1,0,0,1,0
159106,2160,0.0,0.0,0.0,4,1,1,1,3,0,1,0
159380,3472,0.0,5.0,0.0,14,6,2,3,13,0,1,0
159589,4742,0.0,4.0,1.0,7,2,1,3,6,0,1,0
159632,4662,0.0,5.0,1.0,6,1,1,1,5,0,1,0
160083,4861,0.0,6.0,1.0,4,1,1,2,3,0,1,0
160619,2036,0.0,3.0,1.0,5,3,2,1,4,0,1,0
161361,3984,0.0,5.0,1.0,1,1,1,1,0,0,1,0
161644,4370,0.0,2.0,1.0,2,1,1,1,1,0,1,0
162757,2175,0.0,0.0,0.0,13,6,1,2,12,0,1,0
165318,4894,0.0,3.0,0.0,2,1,1,1,1,0,1,0
165498,3862,0.0,0.0,1.0,2,1,1,1,1,0,1,0
165677,2821,0.0,4.0,1.0,8,2,2,4,6,1,1,0
166363,786,1.0,2.0,0.0,2,1,1,1,1,0,1,0
166476,3376,0.0,2.0,1.0,16,4,1,4,11,0,1,4
166497,4779,0.0,5.0,0.0,8,1,1,1,7,0,1,0
16693,676,0.0,2.0,1.0,6,1,1,2,5,0,1,0
167232,4785,0.0,5.0,1.0,7,2,1,3,5,0,2,0
16756,1719,0.0,0.0,0.0,2,1,1,1,1,0,1,0
167902,4585,0.0,5.0,1.0,11,4,4,1,10,0,1,0
168005,3205,0.0,4.0,0.0,22,8,2,3,13,0,1,8
168107,4131,0.0,4.0,0.0,11,2,1,7,10,0,1,0
168466,598,0.0,3.0,1.0,11,1,1,2,10,0,1,0
168473,2047,0.0,0.0,0.0,3,1,1,2,1,0,1,1
169145,2128,0.0,6.0,0.0,4,2,2,1,3,0,1,0
169313,3271,0.0,4.0,0.0,2,1,1,2,0,0,1,1
169363,250,0.0,3.0,0.0,7,2,1,3,5,0,1,1
169877,951,0.0,3.0,0.0,3,1,1,1,2,0,1,0
170330,4596,0.0,0.0,0.0,2,1,1,1,1,0,1,0
170593,3323,0.0,3.0,2.0,4,1,1,1,3,0,1,0
170918,643,0.0,2.0,0.0,27,11,4,2,26,0,1,0
171245,3828,0.0,5.0,0.0,100,68,23,12,88,0,2,10
171259,786,0.0,3.0,0.0,5,2,1,2,4,0,1,0
171268,1356,0.0,5.0,0.0,1,1,1,1,0,0,1,0
173207,2255,0.0,4.0,2.0,5,2,1,1,4,0,1,0
173216,4539,0.0,2.0,0.0,2,1,1,1,1,0,1,0
173290,2273,0.0,3.0,0.0,4,1,1,2,2,0,1,1
173464,742,0.0,0.0,0.0,3,2,2,2,2,0,1,0
173574,2664,0.0,0.0,1.0,10,8,3,2,9,0,1,0
173600,598,0.0,3.0,1.0,6,4,3,2,5,0,1,0
173874,2196,0.0,2.0,0.0,3,2,1,1,2,0,1,0
174307,1102,0.0,2.0,0.0,14,9,1,4,13,0,1,0
174443,1342,0.0,2.0,0.0,10,2,1,1,9,0,1,0
174466,1916,1.0,0.0,0.0,7,4,1,2,6,0,1,0
174659,3376,0.0,3.0,1.0,1,1,1,1,0,0,1,0
174828,2136,0.0,4.0,1.0,24,8,2,8,22,0,1,1
174940,2709,0.0,3.0,1.0,2,1,1,1,1,0,1,0
175124,4976,0.0,3.0,0.0,25,7,3,3,23,0,2,0
175339,4607,0.0,4.0,2.0,14,4,1,1,13,0,1,0
1762,1511,0.0,6.0,0.0,23,7,1,4,22,0,1,0
176330,2821,0.0,0.0,1.0,13,1,1,1,12,0,1,0
176422,2051,0.0,3.0,0.0,1,1,1,1,0,0,1,0
177016,4282,0.0,3.0,1.0,25,8,5,4,20,0,1,4
177185,4047,0.0,4.0,1.0,4,2,2,1,2,0,2,0
177295,2450,0.0,4.0,1.0,6,1,1,1,4,0,2,0
177661,2217,1.0,2.0,0.0,6,2,2,3,4,0,2,0
177832,1379,0.0,4.0,2.0,2,1,1,2,1,0,1,0
178275,2482,0.0,3.0,0.0,2,1,1,1,1,0,1,0
178622,3042,0.0,3.0,0.0,6,1,1,3,4,1,1,0
178650,1742,0.0,4.0,0.0,6,2,1,1,5,0,1,0
179244,586,0.0,4.0,1.0,39,27,7,2,37,0,2,0
17972,1512,0.0,0.0,0.0,12,5,1,3,10,0,2,0
180433,2790,0.0,3.0,1.0,4,1,1,1,3,0,1,0
180781,3477,0.0,3.0,0.0,1,1,1,1,0,0,1,0
181796,2459,0.0,2.0,0.0,23,9,5,3,22,0,1,0
182638,3345,0.0,0.0,1.0,9,2,2,1,7,0,2,0
182935,1187,0.0,0.0,0.0,7,4,3,1,6,0,1,0
183255,598,0.0,3.0,0.0,3,2,2,1,2,0,1,0
183929,4558,0.0,4.0,0.0,9,2,1,3,8,0,1,0
183970,2273,0.0,3.0,0.0,3,1,1,3,1,0,1,1
184110,1346,0.0,0.0,0.0,5,1,1,1,3,0,1,1
184349,2030,0.0,0.0,1.0,14,5,1,1,12,0,2,0
184370,4040,0.0,6.0,1.0,2,1,1,1,1,0,1,0
185006,2856,0.0,0.0,1.0,4,1,1,2,3,0,1,0
18525,1272,0.0,6.0,0.0,9,5,4,2,8,0,1,0
18532,3979,0.0,4.0,0.0,17,3,3,2,16,0,1,0
185548,3345,0.0,0.0,1.0,4,1,1,1,1,0,3,0
185783,1963,0.0,5.0,1.0,10,5,2,2,9,0,1,0
186152,2403,0.0,0.0,0.0,18,11,4,1,16,0,2,0
186187,4938,0.0,5.0,0.0,2,1,1,1,1,0,1,0
186560,3844,0.0,6.0,0.0,13,7,5,2,11,0,1,1
187077,1760,0.0,0.0,0.0,15,7,1,3,12,0,1,2
187757,4760,0.0,3.0,1.0,3,1,1,1,1,0,2,0
187931,361,0.0,0.0,0.0,19,3,1,4,14,0,1,4
188177,522,0.0,6.0,0.0,7,2,2,4,5,0,1,1
188949,1911,0.0,2.0,0.0,2,1,1,1,1,0,1,0
189376,1710,0.0,4.0,0.0,1,1,1,1,0,0,1,0
189960,459,0.0,6.0,0.0,4,1,1,2,2,0,2,0
19014,2845,0.0,2.0,1.0,5,2,1,1,4,0,1,0
190941,370,0.0,0.0,0.0,13,4,1,1,12,0,1,0
191273,2699,0.0,0.0,0.0,15,8,1,1,13,0,2,0
192327,4710,1.0,3.0,0.0,4,1,1,2,2,0,1,1
192573,3769,0.0,0.0,0.0,1,1,1,1,0,0,1,0
192587,4993,0.0,3.0,0.0,2,1,1,1,1,0,1,0
192617,4044,0.0,0.0,0.0,23,12,7,2,22,0,1,0
193427,3984,1.0,5.0,0.0,25,16,6,3,23,0,2,0
193647,1514,0.0,0.0,0.0,6,1,1,1,5,0,1,0
193728,2928,0.0,0.0,0.0,11,7,2,2,10,0,1,0
193861,4760,0.0,4.0,0.0,2,2,2,1,0,0,2,0
193917,2108,0.0,0.0,1.0,3,1,1,1,2,0,1,0
193919,4049,0.0,3.0,0.0,8,4,2,2,6,0,1,1
194348,4280,0.0,4.0,0.0,5,1,1,2,3,0,1,1
194852,3510,0.0,2.0,1.0,3,1,1,2,2,0,1,0
194906,2810,0.0,3.0,0.0,7,3,1,1,5,0,1,1
195119,4976,0.0,2.0,0.0,15,6,3,4,14,0,1,0
195196,4044,0.0,0.0,0.0,8,3,1,1,7,0,1,0
195389,3693,0.0,2.0,0.0,15,1,1,3,13,0,1,1
195454,3098,1.0,0.0,0.0,8,4,2,2,6,1,1,0
195723,1944,0.0,5.0,0.0,13,4,2,1,11,0,2,0
195772,4173,0.0,3.0,1.0,14,1,1,2,13,0,1,0
19618,4044,0.0,4.0,0.0,2,2,1,1,0,0,2,0
196309,941,0.0,3.0,1.0,3,1,1,1,1,0,1,1
196737,437,0.0,4.0,0.0,16,9,3,6,11,0,1,4
197452,2721,0.0,3.0,0.0,58,15,2,7,55,0,1,2
198215,3323,1.0,2.0,0.0,5,1,1,3,4,0,1,0
198394,1618,0.0,4.0,1.0,4,2,2,3,2,0,1,1
198516,2597,0.0,0.0,0.0,11,3,1,2,9,0,1,1
19869,1833,0.0,0.0,0.0,15,11,2,4,14,0,1,0
198846,1193,0.0,0.0,0.0,2,1,1,1,1,0,1,0
199026,3469,0.0,null,null,9,2,1,1,8,0,1,0
1991,1679,0.0,6.0,0.0,19,10,2,2,17,0,2,0
199201,606,0.0,3.0,0.0,4,1,1,2,3,0,1,0
199391,3161,0.0,4.0,0.0,42,21,7,8,40,0,1,1
199545,1035,0.0,2.0,0.0,7,4,4,1,6,0,1,0
199749,2173,0.0,3.0,1.0,4,1,1,1,2,0,2,0
199892,4073,0.0,5.0,1.0,7,2,2,2,6,0,1,0
199923,212,0.0,4.0,0.0,3,1,1,1,2,0,1,0
200314,3826,0.0,6.0,1.0,12,1,1,1,11,0,1,0
201004,1749,1.0,2.0,0.0,6,5,5,2,5,0,1,0
201233,326,0.0,3.0,0.0,8,1,1,3,5,0,2,1
201373,643,0.0,4.0,0.0,10,3,2,1,8,0,2,0
201864,3607,0.0,3.0,1.0,2,1,1,1,1,0,1,0
202063,2794,0.0,0.0,0.0,6,2,1,3,5,0,1,0
202076,66,0.0,4.0,1.0,5,3,2,1,4,0,1,0
202189,4335,0.0,4.0,0.0,10,4,1,1,9,0,1,0
202544,2876,0.0,2.0,0.0,14,6,1,2,11,0,1,2
202826,1484,0.0,2.0,0.0,9,2,2,1,8,0,1,0
202904,3484,0.0,4.0,0.0,5,2,2,1,3,0,2,0
202936,3912,0.0,4.0,0.0,3,1,1,3,2,0,1,0
203301,4811,0.0,5.0,0.0,10,1,1,3,9,0,1,0
204065,1310,0.0,5.0,0.0,9,5,4,1,7,0,2,0
204567,2565,0.0,0.0,0.0,8,4,1,1,6,0,1,1
204981,3828,0.0,3.0,0.0,41,21,7,4,38,0,2,1
205083,3502,0.0,0.0,0.0,9,2,2,1,7,0,2,0
205436,4163,0.0,0.0,0.0,7,2,1,3,5,0,1,1
2058,2093,0.0,3.0,1.0,9,2,2,3,8,0,1,0
205903,4492,0.0,4.0,0.0,2,1,1,1,1,0,1,0
205927,4861,0.0,0.0,0.0,5,1,1,1,4,0,1,0
20594,2051,0.0,0.0,1.0,4,1,1,1,3,0,1,0
20628,3734,0.0,0.0,0.0,4,1,1,2,3,0,1,0
206555,3152,0.0,2.0,1.0,4,1,1,2,3,0,1,0
206905,4090,0.0,2.0,0.0,20,3,1,4,19,0,1,0
206982,1346,0.0,3.0,1.0,7,4,1,1,6,0,1,0
207092,2124,0.0,3.0,0.0,7,3,1,1,6,0,1,0
207340,4090,0.0,0.0,0.0,3,1,1,1,2,0,1,0
20764,3635,0.0,2.0,0.0,5,2,1,2,3,0,1,1
207648,714,0.0,2.0,0.0,3,2,1,2,0,0,1,2
207758,1557,0.0,4.0,1.0,15,8,3,2,13,0,2,0
20831,4043,0.0,2.0,0.0,7,5,4,2,5,0,1,1
208519,3826,1.0,2.0,0.0,5,1,1,1,4,0,1,0
209303,191,0.0,0.0,1.0,1,1,1,1,0,0,1,0
209614,3531,0.0,3.0,0.0,8,2,2,1,6,0,2,0
210227,4129,0.0,3.0,0.0,3,1,1,1,1,0,2,0
210326,598,1.0,3.0,1.0,26,5,2,2,24,0,1,1
210552,3159,0.0,3.0,1.0,36,11,5,2,34,0,2,0
210607,4099,0.0,5.0,0.0,12,2,1,2,9,0,1,2
210632,2699,1.0,0.0,0.0,8,5,2,3,2,0,1,5
210926,1132,1.0,0.0,0.0,2,1,1,1,1,0,1,0
211141,4090,0.0,4.0,0.0,1,1,1,1,0,0,1,0
211204,4950,0.0,7.0,0.0,7,3,3,2,6,0,1,0
211251,4463,0.0,6.0,1.0,1,1,1,1,0,0,1,0
211530,13,0.0,3.0,0.0,3,1,1,1,2,0,1,0
212149,740,0.0,4.0,1.0,8,2,1,1,7,0,1,0
212696,4756,0.0,5.0,0.0,2,1,1,1,1,0,1,0
212787,4756,1.0,0.0,0.0,20,6,2,2,18,0,2,0
212798,503,0.0,4.0,0.0,4,2,1,1,2,0,2,0
213199,4219,0.0,0.0,0.0,12,8,2,1,10,0,2,0
214387,2099,0.0,5.0,0.0,7,5,4,3,5,0,1,1
214974,4394,0.0,0.0,0.0,6,1,1,1,5,0,1,0
215049,3971,0.0,4.0,0.0,5,1,1,2,4,0,1,0
215159,3609,0.0,5.0,0.0,3,1,1,1,2,0,1,0
215162,4230,0.0,0.0,0.0,2,1,1,1,1,0,1,0
215632,4316,0.0,5.0,1.0,2,1,1,1,1,0,1,0
216162,1501,0.0,4.0,0.0,12,7,5,4,11,0,1,0
216586,1703,0.0,4.0,1.0,2,1,1,1,1,0,1,0
2170,963,0.0,0.0,0.0,6,2,2,1,5,0,1,0
21737,3910,0.0,3.0,0.0,7,6,2,1,6,0,1,0
217790,804,0.0,5.0,0.0,4,1,1,1,3,0,1,0
217968,4143,0.0,7.0,0.0,27,17,4,1,22,0,1,4
218456,3930,0.0,5.0,0.0,7,5,4,2,6,0,1,0
220365,1679,0.0,3.0,0.0,53,29,3,5,49,0,1,3
220588,3473,0.0,0.0,0.0,10,6,1,1,9,0,1,0
220695,2403,0.0,0.0,0.0,24,9,2,2,19,4,1,0
220862,2312,0.0,6.0,1.0,10,2,1,3,8,0,1,1
221652,798,0.0,3.0,0.0,2,1,1,1,1,0,1,0
222648,1203,0.0,null,null,44,13,5,1,40,0,4,0
222650,1425,1.0,2.0,1.0,3,1,1,1,2,0,1,0
222719,1514,0.0,6.0,0.0,10,4,1,1,8,0,1,1
223210,2683,0.0,7.0,0.0,25,3,3,3,22,2,1,0
223496,262,0.0,5.0,0.0,11,3,1,3,8,0,2,1
224344,598,0.0,2.0,1.0,29,13,3,6,23,0,1,5
224386,3170,0.0,3.0,0.0,7,6,3,2,6,0,1,0
224523,4536,0.0,4.0,1.0,2,1,1,1,1,0,1,0
225321,3205,0.0,4.0,1.0,2,1,1,1,1,0,1,0
2254,2278,0.0,0.0,0.0,3,1,1,2,2,0,1,0
225459,2193,0.0,0.0,0.0,5,3,2,1,4,0,1,0
225662,3578,0.0,2.0,1.0,2,1,1,1,1,0,1,0
22586,2138,0.0,2.0,0.0,20,11,2,2,16,0,1,3
226157,4607,0.0,4.0,0.0,1,1,1,1,0,0,1,0
226823,1963,0.0,4.0,0.0,5,1,1,2,4,0,1,0
226845,510,0.0,0.0,2.0,3,1,1,1,2,0,1,0
226868,2128,0.0,0.0,0.0,4,2,2,2,2,0,1,1
227143,3173,0.0,2.0,0.0,19,6,5,3,15,0,1,3
227172,3844,0.0,0.0,0.0,29,14,7,3,25,0,4,0
227432,1500,0.0,4.0,0.0,20,10,2,4,16,1,1,2
227461,4793,1.0,4.0,1.0,2,1,1,1,1,0,1,0
227462,1346,0.0,4.0,0.0,26,7,1,5,25,0,1,0
227618,4415,0.0,2.0,1.0,2,1,1,1,1,0,1,0
227737,4173,0.0,3.0,2.0,29,2,2,2,27,0,1,1
228015,1592,0.0,2.0,0.0,7,3,1,1,6,0,1,0
228219,2805,0.0,5.0,0.0,5,1,1,2,3,0,1,1
229158,4173,0.0,3.0,0.0,58,27,6,7,55,0,1,2
22984,4173,0.0,3.0,0.0,12,4,2,1,11,0,1,0
230046,1401,0.0,3.0,0.0,1,1,1,1,0,0,1,0
230053,4966,0.0,4.0,0.0,1,1,1,1,0,0,1,0
230209,3152,1.0,4.0,0.0,12,2,1,2,11,0,1,0
231094,3314,0.0,3.0,0.0,5,3,1,3,4,0,1,0
231213,798,0.0,0.0,1.0,8,6,3,2,7,0,1,0
231491,2721,0.0,2.0,0.0,2,1,1,1,1,0,1,0
232583,1861,0.0,0.0,0.0,5,1,1,2,3,0,1,1
232771,639,0.0,2.0,1.0,2,1,1,1,1,0,1,0
232957,2618,0.0,3.0,0.0,5,2,1,2,4,0,1,0
232979,3875,0.0,6.0,1.0,7,1,1,1,6,0,1,0
233051,1810,1.0,3.0,0.0,30,14,7,3,28,0,1,1
233142,1983,0.0,0.0,0.0,16,7,2,2,15,0,1,0
233426,1346,1.0,3.0,0.0,5,3,1,3,1,0,1,3
233694,2189,0.0,4.0,1.0,9,1,1,1,8,0,1,0
233741,2128,0.0,0.0,0.0,22,5,3,3,18,0,2,2
233886,1890,0.0,0.0,1.0,4,1,1,1,3,0,1,0
234216,2482,0.0,4.0,0.0,13,8,6,1,10,0,3,0
234474,4976,0.0,3.0,0.0,4,1,1,1,3,0,1,0
235214,3828,0.0,3.0,0.0,26,16,6,3,24,0,2,0
235415,1056,0.0,3.0,0.0,4,2,2,2,3,0,1,0
23547,2709,0.0,3.0,0.0,3,1,1,1,2,0,1,0
235506,4173,1.0,3.0,0.0,23,18,6,3,21,0,1,1
235524,2721,0.0,2.0,1.0,20,7,1,2,18,1,1,0
23578,1964,0.0,3.0,0.0,10,6,4,2,9,0,1,0
23595,3536,0.0,5.0,0.0,12,4,1,2,11,0,1,0
236076,4771,0.0,0.0,0.0,1,1,1,1,0,0,1,0
236366,2413,0.0,6.0,0.0,7,5,3,2,5,0,2,0
236857,4171,0.0,3.0,2.0,4,2,1,1,3,0,1,0
236869,2020,0.0,null,null,3,1,1,1,2,0,1,0
236901,1346,0.0,4.0,0.0,31,6,1,2,25,0,4,2
23721,1393,0.0,0.0,0.0,16,11,6,3,14,0,1,1
237212,4427,0.0,0.0,0.0,3,2,2,1,1,0,2,0
237407,4433,0.0,3.0,0.0,2,1,1,1,1,0,1,0
238959,962,0.0,7.0,1.0,23,8,3,10,21,0,1,1
239077,2454,0.0,0.0,0.0,2,1,1,1,1,0,1,0
239441,502,0.0,3.0,0.0,1,1,1,1,0,0,1,0
239623,1134,0.0,5.0,0.0,2,1,1,1,1,0,1,0
240282,4173,0.0,3.0,0.0,12,1,1,3,10,0,1,1
240289,4112,0.0,6.0,1.0,3,1,1,1,2,0,1,0
241040,2436,0.0,4.0,2.0,80,43,8,9,78,0,1,1
241092,2273,0.0,4.0,0.0,4,2,1,2,3,0,1,0
241214,1013,0.0,0.0,0.0,4,1,1,1,3,0,1,0
241218,3345,0.0,3.0,1.0,2,1,1,1,1,0,1,0
241246,4649,0.0,4.0,1.0,7,1,1,1,6,0,1,0
24134,2579,0.0,3.0,0.0,34,9,2,5,33,0,1,0
24151,4140,0.0,0.0,0.0,7,4,1,1,6,0,1,0
241945,3399,0.0,2.0,0.0,5,1,1,2,3,0,1,1
242319,1500,0.0,3.0,0.0,3,1,1,2,2,0,1,0
242411,798,0.0,4.0,0.0,3,1,1,1,2,0,1,0
242494,41,0.0,2.0,0.0,1,1,1,1,0,0,1,0
242550,3335,0.0,3.0,1.0,4,1,1,1,3,0,1,0
243189,1393,0.0,4.0,2.0,1,1,1,1,0,0,1,0
243381,598,0.0,2.0,1.0,14,9,3,1,13,0,1,0
243702,4765,0.0,6.0,0.0,22,2,1,3,20,0,1,1
24389,2271,0.0,2.0,1.0,5,1,1,3,4,0,1,0
244006,4282,0.0,3.0,1.0,6,1,1,2,4,0,1,1
244550,160,0.0,0.0,1.0,8,4,2,2,6,0,2,0
244911,1760,0.0,4.0,0.0,13,6,2,3,11,0,2,0
245391,4660,0.0,0.0,0.0,8,1,1,4,7,0,1,0
245660,4079,0.0,4.0,0.0,1,1,1,1,0,0,1,0
245810,3098,0.0,3.0,1.0,3,1,1,1,2,0,1,0
245899,2872,1.0,5.0,0.0,1,1,1,1,0,0,1,0
245966,1892,0.0,3.0,1.0,41,19,9,1,40,0,1,0
246623,1200,0.0,4.0,1.0,3,1,1,1,2,0,1,0
246755,1502,0.0,4.0,0.0,33,6,2,2,30,0,3,0
246906,603,0.0,0.0,0.0,1,1,1,1,0,0,1,0
246908,1760,0.0,0.0,0.0,23,10,2,6,22,0,1,0
2470,747,0.0,3.0,0.0,6,1,1,1,5,0,1,0
247528,1846,0.0,4.0,0.0,2,1,1,1,1,0,1,0
24766,4744,0.0,0.0,1.0,12,2,1,3,10,0,2,0
247744,3484,0.0,3.0,1.0,3,1,1,1,2,0,1,0
247750,4662,0.0,3.0,1.0,2,1,1,1,1,0,1,0
247798,1332,0.0,6.0,1.0,21,2,1,7,19,1,1,0
24817,4374,0.0,0.0,0.0,7,1,1,2,6,0,1,0
249201,2793,0.0,3.0,0.0,3,1,1,1,2,0,1,0
249862,4850,1.0,3.0,0.0,5,5,4,3,3,0,1,1
251937,608,0.0,0.0,0.0,1,1,1,1,0,0,1,0
25217,98,0.0,3.0,0.0,3,2,2,1,2,0,1,0
252336,66,0.0,4.0,1.0,15,4,3,2,14,0,1,0
252428,4891,0.0,4.0,1.0,3,1,1,1,2,0,1,0
252579,46,0.0,6.0,0.0,4,1,1,2,3,0,1,0
25279,1166,0.0,4.0,1.0,3,1,1,1,2,0,1,0
252817,3319,0.0,3.0,1.0,5,1,1,2,4,0,1,0
252824,1877,0.0,4.0,0.0,7,1,1,3,4,0,2,1
252825,4173,0.0,0.0,0.0,5,2,2,3,4,0,1,0
253424,4826,0.0,0.0,1.0,23,7,2,4,19,0,2,2
253710,4580,0.0,5.0,1.0,1,1,1,1,0,0,1,0
253872,2173,0.0,0.0,1.0,11,6,1,2,9,0,2,0
253912,2318,0.0,4.0,0.0,1,1,1,1,0,0,1,0
253935,3853,0.0,5.0,0.0,10,1,1,2,9,0,1,0
254089,3472,0.0,2.0,1.0,2,2,2,1,0,0,2,0
254542,66,0.0,0.0,null,2,1,1,2,1,0,1,0
254709,215,1.0,0.0,0.0,4,2,1,1,3,0,1,0
254757,1092,0.0,6.0,0.0,11,5,1,1,10,0,1,0
255705,2318,0.0,0.0,0.0,2,1,1,1,1,0,1,0
25635,1074,0.0,4.0,2.0,5,4,2,1,0,0,5,0
25657,4760,0.0,0.0,0.0,23,6,2,2,18,1,1,3
25662,1486,0.0,0.0,0.0,6,1,1,1,4,0,1,1
256631,1411,0.0,0.0,0.0,12,1,1,1,10,0,2,0
256650,4519,0.0,5.0,0.0,4,3,1,1,3,0,1,0
257011,1116,0.0,2.0,0.0,2,1,1,1,1,0,1,0
257011,962,1.0,2.0,0.0,9,4,4,1,5,0,3,1
257050,4605,0.0,3.0,0.0,17,5,3,4,13,0,2,2
257194,141,0.0,3.0,0.0,6,5,2,2,3,0,2,1
257431,4296,0.0,4.0,0.0,12,2,1,2,11,0,1,0
258006,2880,0.0,2.0,0.0,1,1,1,1,0,0,1,0
258228,700,0.0,3.0,1.0,5,2,2,1,3,1,1,0
258615,2466,0.0,5.0,1.0,4,1,1,1,3,0,1,0
258807,4048,0.0,2.0,1.0,5,1,1,2,3,0,2,0
259171,2664,0.0,4.0,0.0,11,6,2,1,10,0,1,0
259686,1067,0.0,4.0,0.0,14,3,1,5,12,0,1,1
259986,4585,0.0,7.0,1.0,11,5,4,2,9,0,2,0
260297,443,0.0,4.0,1.0,2,1,1,1,1,0,1,0
260970,2173,0.0,5.0,0.0,6,1,1,1,4,0,2,0
260976,3266,0.0,0.0,0.0,6,1,1,1,5,0,1,0
261340,2502,0.0,2.0,1.0,4,1,1,1,3,0,1,0
261837,742,0.0,0.0,0.0,3,1,1,1,1,0,2,0
262125,946,0.0,5.0,1.0,45,25,3,8,44,0,1,0
262155,993,0.0,0.0,0.0,3,1,1,1,2,0,1,0
262683,3828,0.0,0.0,0.0,176,75,17,21,164,0,1,11
262832,3014,0.0,3.0,0.0,8,2,1,3,7,0,1,0
263565,4044,0.0,2.0,0.0,2,1,1,2,1,0,1,0
263984,4976,0.0,4.0,0.0,8,5,1,1,6,0,1,1
264226,474,0.0,0.0,2.0,6,3,2,2,5,0,1,0
264251,2482,0.0,2.0,0.0,6,2,2,2,4,0,2,0
264301,4847,0.0,0.0,0.0,13,5,4,1,11,0,2,0
264929,3484,0.0,4.0,1.0,11,3,2,2,10,0,1,0
264962,639,0.0,4.0,0.0,4,2,1,1,3,0,1,0
265053,1102,0.0,3.0,0.0,4,3,2,1,3,0,1,0
26506,2828,0.0,5.0,0.0,1,1,1,1,0,0,1,0
265140,4173,0.0,3.0,0.0,14,6,2,1,13,0,1,0
26534,4708,0.0,0.0,0.0,2,1,1,2,1,0,1,0
265521,742,0.0,0.0,0.0,15,3,3,1,13,0,1,1
265562,3327,0.0,4.0,1.0,5,1,1,1,4,0,1,0
265566,2954,0.0,3.0,2.0,14,4,1,1,11,0,3,0
265638,557,0.0,4.0,0.0,2,1,1,1,1,0,1,0
266184,3578,0.0,6.0,0.0,2,1,1,1,1,0,1,0
266340,4976,0.0,3.0,1.0,3,3,3,1,2,0,1,0
266563,1393,1.0,3.0,0.0,12,4,3,3,10,0,1,1
266580,4594,0.0,0.0,0.0,5,1,1,1,3,0,1,1
266711,1831,0.0,3.0,2.0,2,1,1,1,1,0,1,0
266737,598,0.0,3.0,1.0,6,2,1,1,5,0,1,0
26770,3828,0.0,0.0,0.0,6,2,2,3,5,0,1,0
267928,416,0.0,0.0,0.0,5,2,1,1,4,0,1,0
268263,1846,1.0,0.0,1.0,3,1,1,1,2,0,1,0
268354,2149,0.0,2.0,0.0,2,1,1,1,0,0,1,1
268431,4579,0.0,2.0,0.0,5,1,1,1,4,0,1,0
268556,1833,0.0,0.0,0.0,11,8,3,1,10,0,1,0
269692,3875,1.0,4.0,0.0,13,4,2,5,11,0,1,1
269921,777,0.0,3.0,1.0,6,2,2,1,4,0,2,0
270050,1890,0.0,3.0,0.0,15,2,2,3,14,0,1,0
270367,4022,0.0,4.0,0.0,12,3,2,6,10,0,1,1
270467,2939,0.0,5.0,0.0,18,7,3,2,16,0,2,0
270871,1399,1.0,0.0,1.0,8,1,1,1,7,0,1,0
271026,2828,0.0,3.0,0.0,3,1,1,1,2,0,1,0
271039,586,0.0,3.0,0.0,4,3,1,2,0,0,3,1
271531,2915,0.0,0.0,0.0,2,1,1,1,1,0,1,0
271622,547,0.0,3.0,1.0,3,1,1,3,2,0,1,0
272534,3152,0.0,0.0,1.0,9,1,1,1,7,0,2,0
272546,4062,0.0,0.0,0.0,14,3,1,3,13,0,1,0
272743,114,0.0,0.0,0.0,28,7,4,3,26,1,1,0
272829,2450,0.0,3.0,0.0,4,1,1,1,3,0,1,0
27297,643,0.0,3.0,1.0,2,1,1,1,1,0,1,0
273139,1310,0.0,0.0,0.0,44,17,8,5,43,0,1,0
273761,3828,0.0,0.0,0.0,14,5,2,3,13,0,1,0
273804,360,0.0,2.0,0.0,1,1,1,1,0,0,1,0
276898,3828,0.0,0.0,0.0,16,7,2,2,15,0,1,0
277126,1332,0.0,3.0,0.0,34,6,2,3,30,0,1,3
277324,4050,0.0,4.0,0.0,2,1,1,1,1,0,1,0
277385,4287,0.0,5.0,0.0,2,1,1,1,1,0,1,0
277517,474,0.0,0.0,1.0,3,3,2,2,2,0,1,0
277830,66,0.0,6.0,0.0,1,1,1,1,0,0,1,0
278073,3826,0.0,5.0,0.0,3,1,1,2,2,0,1,0
278689,687,0.0,4.0,0.0,2,1,1,1,1,0,1,0
278907,3793,0.0,5.0,0.0,7,4,1,1,6,0,1,0
27896,1538,0.0,4.0,0.0,1,1,1,1,0,0,1,0
279276,1472,0.0,3.0,1.0,8,4,1,2,6,1,1,0
279438,366,0.0,3.0,1.0,5,1,1,2,4,0,1,0
280291,4234,0.0,0.0,0.0,10,5,4,2,6,0,4,0
280642,4048,0.0,2.0,1.0,6,1,1,1,5,0,1,0
280791,320,0.0,3.0,0.0,1,1,1,1,0,0,1,0
280852,2876,0.0,0.0,0.0,8,5,1,2,0,0,7,1
281961,4474,0.0,0.0,1.0,2,1,1,1,1,0,1,0
282706,2545,0.0,3.0,0.0,4,3,3,1,3,0,1,0
283261,4648,0.0,2.0,0.0,1,1,1,1,0,0,1,0
283991,2303,0.0,0.0,0.0,34,15,1,5,32,0,2,0
284023,2435,0.0,5.0,0.0,2,1,1,1,1,0,1,0
284148,310,0.0,2.0,0.0,5,1,1,1,4,0,1,0
284195,129,0.0,0.0,1.0,6,1,1,2,5,0,1,0
284452,4659,0.0,3.0,0.0,3,2,1,1,1,0,2,0
284822,4710,0.0,4.0,1.0,6,2,2,1,5,0,1,0
285162,2537,0.0,6.0,0.0,2,1,1,1,1,0,1,0
285201,3345,0.0,6.0,0.0,6,1,1,2,4,0,1,1
285410,3984,0.0,3.0,0.0,7,4,1,3,2,0,1,4
286046,682,0.0,2.0,1.0,4,1,1,2,3,0,1,0
286598,3619,0.0,4.0,0.0,5,2,2,3,4,0,1,0
286867,2173,0.0,6.0,0.0,8,2,2,2,6,0,2,0
287001,2537,0.0,4.0,0.0,11,3,3,1,9,0,2,0
287120,66,0.0,3.0,0.0,2,1,1,1,1,0,1,0
287150,4475,0.0,4.0,0.0,7,2,1,1,6,0,1,0
288061,2193,0.0,3.0,0.0,4,2,1,1,3,0,1,0
288410,3990,0.0,5.0,0.0,9,5,4,2,8,0,1,0
288633,2952,0.0,0.0,1.0,5,1,1,1,4,0,1,0
288840,4287,0.0,0.0,0.0,23,8,2,3,19,0,2,2
289568,1223,0.0,4.0,0.0,4,3,1,1,3,0,1,0
289856,1031,0.0,4.0,1.0,3,1,1,1,2,0,1,0
290195,1514,0.0,0.0,0.0,5,2,1,1,4,0,1,0
290272,4607,0.0,5.0,1.0,15,9,3,1,14,0,1,0
290303,598,0.0,3.0,1.0,4,1,1,1,3,0,1,0
291634,4818,0.0,3.0,0.0,4,3,2,1,3,0,1,0
291764,3460,0.0,0.0,0.0,6,1,1,1,4,0,2,0
291839,2255,0.0,2.0,0.0,4,2,1,1,3,0,1,0
293151,2799,1.0,4.0,0.0,4,1,1,1,3,0,1,0
293202,2187,0.0,3.0,0.0,11,7,2,1,10,0,1,0
293365,4718,0.0,5.0,0.0,4,2,1,2,3,0,1,0
293453,941,0.0,0.0,0.0,31,4,1,7,29,0,1,1
293857,3108,0.0,6.0,1.0,5,1,1,1,4,0,1,0
294190,4992,1.0,0.0,0.0,5,2,1,1,2,0,3,0
294217,3545,0.0,0.0,0.0,7,1,1,3,5,0,1,1
294486,2720,0.0,3.0,0.0,2,1,1,1,1,0,1,0
294805,4131,0.0,4.0,1.0,5,1,1,2,3,0,1,1
294824,794,0.0,4.0,0.0,12,7,1,1,11,0,1,0
294895,608,0.0,4.0,0.0,1,1,1,1,0,0,1,0
295009,2879,0.0,0.0,0.0,2,1,1,1,1,0,1,0
295185,2305,1.0,4.0,0.0,2,1,1,1,1,0,1,0
295943,3828,0.0,0.0,0.0,15,3,2,2,14,0,1,0
295944,354,0.0,3.0,1.0,2,1,1,2,1,0,1,0
297343,2138,0.0,3.0,0.0,3,1,1,2,2,0,1,0
297699,246,0.0,4.0,0.0,27,16,3,1,26,0,1,0
298338,1102,0.0,3.0,0.0,10,6,1,2,9,0,1,0
298449,3958,0.0,0.0,1.0,8,7,4,4,0,0,1,7
298472,127,0.0,2.0,0.0,11,4,2,2,9,0,2,0
298563,2730,0.0,6.0,1.0,6,2,2,1,4,1,1,0
298937,2745,0.0,3.0,0.0,1,1,1,1,0,0,1,0
299013,4976,0.0,2.0,0.0,2,1,1,1,1,0,1,0
29953,1574,0.0,5.0,1.0,1,1,1,1,0,0,1,0
300475,215,0.0,2.0,1.0,15,5,4,1,12,0,3,0
300660,3350,0.0,3.0,0.0,8,1,1,2,7,0,1,0
300758,4073,0.0,0.0,1.0,7,1,1,2,6,0,1,0
301096,3609,0.0,4.0,0.0,8,3,1,3,6,0,1,1
301363,3075,0.0,0.0,1.0,1,1,1,1,0,0,1,0
301404,2869,0.0,2.0,0.0,4,2,1,2,2,1,1,0
301731,293,0.0,0.0,0.0,12,2,1,2,11,0,1,0
302212,1056,0.0,0.0,0.0,2,2,1,2,0,0,1,1
30222,4818,0.0,2.0,0.0,13,2,2,3,11,0,1,1
302444,3640,0.0,0.0,0.0,4,1,1,1,3,0,1,0
3026,3546,0.0,0.0,0.0,17,7,3,1,15,0,2,0
30276,3925,0.0,3.0,0.0,7,3,3,3,6,0,1,0
302789,621,0.0,2.0,1.0,6,2,1,1,5,0,1,0
302850,1346,0.0,3.0,1.0,6,3,1,2,5,0,1,0
303597,2545,0.0,0.0,1.0,82,18,4,2,78,0,3,1
303883,3268,0.0,0.0,0.0,2,1,1,1,1,0,1,0
30403,3545,0.0,2.0,0.0,4,1,1,1,3,0,1,0
304067,1166,0.0,2.0,1.0,2,1,1,1,1,0,1,0
304080,4173,0.0,3.0,1.0,21,1,1,4,19,0,1,1
304689,2031,0.0,5.0,0.0,12,4,1,3,11,0,1,0
305292,415,0.0,2.0,0.0,6,2,1,2,5,0,1,0
305574,756,0.0,0.0,1.0,1,1,1,1,0,0,1,0
305587,2284,0.0,0.0,1.0,6,2,2,1,5,0,1,0
305744,503,0.0,3.0,0.0,7,5,1,1,6,0,1,0
30580,1816,0.0,2.0,1.0,17,3,3,1,15,0,2,0
305829,738,0.0,0.0,0.0,4,3,1,2,3,0,1,0
305939,661,0.0,6.0,0.0,5,3,1,1,4,0,1,0
306011,4170,0.0,4.0,1.0,9,2,1,2,7,0,2,0
306787,3979,0.0,3.0,1.0,6,2,1,3,5,0,1,0
307087,4352,0.0,2.0,0.0,3,1,1,1,2,0,1,0
307273,191,0.0,3.0,0.0,4,2,2,2,3,0,1,0
307352,1557,1.0,4.0,0.0,37,17,7,2,26,0,6,5
307488,3163,0.0,0.0,1.0,7,2,1,2,5,0,1,1
30771,747,0.0,0.0,0.0,14,3,1,4,13,0,1,0
307738,639,0.0,3.0,0.0,4,1,1,1,3,0,1,0
307781,4518,0.0,3.0,0.0,1,1,1,1,0,0,1,0
307787,962,0.0,4.0,0.0,6,3,2,1,5,0,1,0
308557,1875,0.0,0.0,0.0,2,1,1,1,1,0,1,0
308576,1840,0.0,4.0,1.0,4,1,1,1,3,0,1,0
308803,4173,1.0,3.0,0.0,128,46,7,11,119,0,1,8
30995,2372,0.0,6.0,0.0,8,7,2,2,7,0,1,0
310316,2229,1.0,4.0,0.0,24,9,5,8,17,0,3,4
310538,676,0.0,0.0,1.0,4,2,1,1,3,0,1,0
310583,1521,0.0,4.0,0.0,22,11,2,4,19,0,1,2
310696,1861,0.0,null,null,26,4,3,2,22,1,3,0
311634,2066,0.0,5.0,0.0,5,2,1,1,4,0,1,0
311672,4079,0.0,5.0,0.0,16,4,3,1,15,0,1,0
312126,773,0.0,3.0,0.0,6,4,3,1,5,0,1,0
312729,1968,0.0,2.0,0.0,1,1,1,1,0,0,1,0
312836,2448,0.0,0.0,0.0,6,1,1,1,5,0,1,0
312837,1916,0.0,4.0,1.0,8,2,1,2,6,0,1,1
3131,4048,0.0,0.0,1.0,4,1,1,2,3,0,1,0
31310,3042,0.0,3.0,2.0,27,19,13,3,26,0,1,0
31329,3925,0.0,3.0,0.0,18,3,2,5,15,0,1,2
313503,1659,0.0,0.0,1.0,4,2,1,1,3,0,1,0
314445,4173,0.0,3.0,0.0,5,4,4,2,0,0,1,4
314566,3085,0.0,4.0,0.0,9,2,1,3,7,0,1,1
314838,2799,0.0,6.0,0.0,2,1,1,2,0,0,1,1
314948,3968,0.0,3.0,1.0,1,1,1,1,0,0,1,0
315117,23,0.0,4.0,1.0,3,1,1,1,2,0,1,0
315173,4966,0.0,6.0,1.0,11,7,6,2,7,0,4,0
315212,2429,0.0,2.0,0.0,6,2,2,1,5,0,1,0
315834,3826,0.0,2.0,0.0,1,1,1,1,0,0,1,0
315865,1916,0.0,4.0,0.0,11,2,1,2,10,0,1,0
316486,777,1.0,4.0,0.0,12,5,4,1,11,0,1,0
316780,4044,0.0,0.0,0.0,28,14,3,4,25,0,1,2
317204,4976,0.0,0.0,0.0,56,36,7,1,55,0,1,0
317424,4571,0.0,6.0,0.0,3,2,2,1,2,0,1,0
317641,2124,0.0,6.0,0.0,4,2,1,1,3,0,1,0
318944,3839,0.0,4.0,1.0,84,20,2,3,79,0,1,4
319142,3537,0.0,0.0,1.0,7,2,2,4,6,0,1,0
319154,2435,0.0,3.0,0.0,3,2,1,2,0,0,1,2
319156,2738,0.0,3.0,0.0,6,2,1,1,5,0,1,0
319160,2032,0.0,4.0,0.0,6,2,2,1,5,0,1,0
319240,4850,1.0,0.0,0.0,3,1,1,1,2,0,1,0
319981,215,0.0,2.0,1.0,2,1,1,1,1,0,1,0
320084,323,0.0,0.0,0.0,23,4,1,1,21,0,2,0
320384,1031,0.0,4.0,0.0,14,8,1,2,12,0,2,0
320421,4947,0.0,4.0,2.0,10,7,2,2,9,0,1,0
320440,773,0.0,4.0,0.0,5,1,1,1,3,0,1,1
320507,1203,0.0,4.0,1.0,6,4,3,1,5,0,1,0
320984,522,0.0,2.0,1.0,4,1,1,1,3,0,1,0
321093,1659,0.0,2.0,0.0,6,1,1,1,4,0,1,1
322034,3629,0.0,0.0,0.0,2,1,1,1,1,0,1,0
322099,2939,0.0,0.0,0.0,4,1,1,1,3,0,1,0
322446,1076,0.0,4.0,0.0,16,9,6,1,13,0,3,0
3225,2928,0.0,4.0,2.0,15,9,4,1,14,0,1,0
322566,1945,0.0,3.0,0.0,4,1,1,1,3,0,1,0
322673,2537,0.0,2.0,0.0,2,1,1,1,1,0,1,0
322856,3054,0.0,3.0,0.0,9,3,2,1,7,0,2,0
323292,684,0.0,4.0,0.0,19,6,4,6,18,0,1,0
323739,3111,0.0,4.0,0.0,3,1,1,2,2,0,1,0
323743,4170,0.0,4.0,0.0,47,6,1,2,38,0,6,3
323894,4739,0.0,0.0,0.0,15,5,2,2,11,0,1,3
324034,3105,0.0,3.0,0.0,11,9,3,1,10,0,1,0
324310,2273,0.0,3.0,0.0,10,2,1,1,9,0,1,0
324774,168,0.0,3.0,0.0,8,7,2,1,3,0,5,0
325093,643,0.0,0.0,0.0,3,1,1,2,1,0,1,1
325157,4044,0.0,0.0,0.0,26,17,7,2,22,0,4,0
325162,1719,0.0,7.0,0.0,2,1,1,1,1,0,1,0
325587,3419,0.0,0.0,1.0,10,1,1,2,9,0,1,0
325988,1895,0.0,3.0,0.0,9,5,2,1,8,0,1,0
326180,4539,0.0,0.0,1.0,9,1,1,2,7,1,1,0
326387,3398,0.0,3.0,0.0,11,6,2,2,10,0,1,0
32707,1483,0.0,4.0,1.0,8,4,2,2,7,0,1,0
327190,1495,0.0,2.0,0.0,16,4,1,3,15,0,1,0
327312,4173,0.0,4.0,2.0,12,5,4,5,9,0,1,2
32732,4052,0.0,4.0,0.0,9,3,2,2,6,0,3,0
32742,4388,0.0,2.0,0.0,3,2,1,1,2,0,1,0
327542,3990,0.0,0.0,0.0,2,1,1,2,1,0,1,0
328105,3623,0.0,4.0,0.0,3,1,1,2,2,0,1,0
328246,1495,0.0,5.0,2.0,10,4,1,1,9,0,1,0
328671,2138,0.0,3.0,0.0,9,4,1,4,6,0,2,1
329579,2810,0.0,5.0,1.0,11,1,1,1,10,0,1,0
329947,2915,0.0,4.0,1.0,22,13,4,3,20,0,1,1
330811,4976,0.0,4.0,0.0,4,2,2,3,3,0,1,0
330879,4768,0.0,0.0,1.0,8,5,1,2,7,0,1,0
331312,1738,0.0,3.0,1.0,3,1,1,1,2,0,1,0
331826,4642,0.0,4.0,0.0,3,3,3,1,0,0,3,0
331962,361,0.0,0.0,0.0,2,1,1,1,1,0,1,0
332774,4420,0.0,4.0,0.0,1,1,1,1,0,0,1,0
333230,2051,0.0,3.0,1.0,2,1,1,1,1,0,1,0
333351,3206,0.0,3.0,0.0,7,1,1,1,6,0,1,0
333583,10,0.0,4.0,0.0,6,2,2,1,5,0,1,0
33360,4850,0.0,0.0,2.0,5,2,1,1,4,0,1,0
333747,1643,0.0,3.0,1.0,12,1,1,2,10,0,1,1
334489,1618,0.0,4.0,0.0,6,3,2,2,4,0,1,1
334875,4992,0.0,3.0,0.0,1,1,1,1,0,0,1,0
335148,1346,0.0,4.0,0.0,17,2,1,3,15,0,1,1
33586,3640,0.0,0.0,0.0,17,8,1,3,15,0,1,1
336071,2318,0.0,0.0,1.0,3,1,1,1,2,0,1,0
336536,2641,0.0,4.0,2.0,3,1,1,1,2,0,1,0
33704,4385,0.0,5.0,1.0,2,1,1,1,1,0,1,0
337441,2664,0.0,2.0,0.0,26,10,1,4,19,0,3,4
337877,3456,0.0,4.0,0.0,2,1,1,1,1,0,1,0
33799,2608,0.0,2.0,1.0,8,1,1,1,6,0,2,0
338626,4234,0.0,5.0,0.0,69,28,6,3,68,0,1,0
338745,2039,0.0,8.0,1.0,2,1,1,1,1,0,1,0
338798,4405,0.0,6.0,0.0,28,19,5,1,27,0,1,0
339332,2238,0.0,3.0,0.0,8,4,4,1,7,0,1,0
339338,1054,0.0,6.0,0.0,1,1,1,1,0,0,1,0
339861,4942,0.0,4.0,0.0,10,1,1,1,9,0,1,0
340392,742,0.0,2.0,1.0,3,1,1,1,1,0,1,1
340520,1357,0.0,3.0,0.0,44,17,8,1,38,0,6,0
340564,474,0.0,4.0,2.0,14,7,2,2,13,0,1,0
341286,2668,0.0,4.0,0.0,11,1,1,1,9,0,2,0
341305,4048,0.0,2.0,0.0,6,2,1,1,5,0,1,0
341537,3828,0.0,6.0,0.0,42,37,13,5,41,0,1,0
34176,3906,0.0,6.0,0.0,39,20,6,9,36,0,1,2
341766,1910,0.0,4.0,0.0,2,1,1,1,1,0,1,0
341775,1103,0.0,0.0,0.0,4,1,1,1,3,0,1,0
341801,2562,0.0,8.0,1.0,2,1,1,1,1,0,1,0
34233,4525,0.0,0.0,0.0,31,18,4,3,24,0,6,1
342361,492,0.0,2.0,1.0,3,1,1,2,2,0,1,0
342486,1500,0.0,3.0,1.0,2,1,1,1,1,0,1,0
343424,4048,0.0,3.0,0.0,8,1,1,2,6,0,2,0
343720,4504,0.0,0.0,1.0,7,1,1,1,6,0,1,0
343861,2869,0.0,3.0,0.0,1,1,1,1,0,0,1,0
343867,4847,0.0,4.0,0.0,100,46,11,12,97,0,3,0
344272,2273,0.0,3.0,0.0,7,1,1,1,6,0,1,0
344374,3609,0.0,3.0,1.0,1,1,1,1,0,0,1,0
344713,1393,0.0,3.0,0.0,10,7,1,1,9,0,1,0
345015,2459,0.0,2.0,0.0,7,2,1,1,6,0,1,0
345049,2746,0.0,4.0,1.0,3,1,1,1,2,0,1,0
345138,2791,0.0,4.0,1.0,36,9,3,6,29,0,4,3
345583,2529,0.0,3.0,1.0,2,1,1,1,1,0,1,0
345726,3200,0.0,0.0,0.0,2,1,1,1,1,0,1,0
345922,3623,0.0,3.0,0.0,1,1,1,1,0,0,1,0
346466,1541,0.0,3.0,1.0,3,1,1,1,2,0,1,0
346618,4173,0.0,3.0,0.0,61,38,9,1,58,0,3,0
346730,4076,0.0,4.0,0.0,7,1,1,2,5,1,1,0
346858,2640,0.0,0.0,0.0,16,10,8,2,8,0,8,0
347183,3111,0.0,3.0,1.0,1,1,1,1,0,0,1,0
34725,4860,0.0,3.0,1.0,3,1,1,1,2,0,1,0
347290,1742,0.0,5.0,1.0,4,2,1,2,2,0,1,1
347740,773,1.0,4.0,0.0,40,13,8,11,34,0,1,5
347859,58,0.0,0.0,1.0,2,1,1,1,1,0,1,0
347929,2072,0.0,0.0,0.0,4,1,1,2,3,0,1,0
347973,2537,0.0,2.0,0.0,7,4,1,1,6,0,1,0
348040,4438,0.0,3.0,0.0,16,8,1,3,15,0,1,0
349194,2869,0.0,2.0,1.0,5,2,1,1,4,0,1,0
349401,3159,0.0,2.0,1.0,6,5,3,2,5,0,1,0
349665,588,0.0,0.0,0.0,24,4,1,3,20,0,1,3
35000,4747,0.0,3.0,0.0,11,3,2,1,8,0,3,0
351441,1526,0.0,0.0,0.0,4,1,1,1,2,0,2,0
351566,252,0.0,3.0,0.0,3,1,1,1,2,0,1,0
35188,416,0.0,2.0,0.0,100,41,8,6,90,0,2,8
352242,1892,0.0,6.0,0.0,11,4,3,1,10,0,1,0
352714,4282,0.0,0.0,1.0,29,27,8,4,28,0,1,0
352768,3843,0.0,6.0,0.0,23,9,3,2,18,0,1,4
353604,2608,0.0,2.0,0.0,3,2,1,1,2,0,1,0
353656,4090,0.0,3.0,0.0,4,1,1,1,2,0,1,1
353705,1216,0.0,4.0,2.0,14,4,2,1,13,0,1,0
353723,2436,0.0,3.0,1.0,42,26,9,2,39,0,3,0
354241,4352,0.0,5.0,0.0,8,1,1,4,7,0,1,0
355140,1803,0.0,4.0,2.0,3,1,1,1,2,0,1,0
355192,3159,0.0,2.0,1.0,13,5,2,5,9,0,1,3
355326,1126,0.0,0.0,0.0,10,8,5,1,9,0,1,0
355330,1489,0.0,3.0,1.0,6,2,1,1,5,0,1,0
355570,415,0.0,3.0,0.0,8,1,1,4,7,0,1,0
356466,4173,0.0,0.0,0.0,2,2,2,2,1,0,1,0
356874,1740,0.0,3.0,0.0,4,1,1,1,3,0,1,0
357297,586,0.0,4.0,1.0,45,29,6,7,43,0,2,0
357495,4554,0.0,3.0,1.0,6,2,2,3,5,0,1,0
357554,4400,0.0,4.0,1.0,2,1,1,1,1,0,1,0
359030,2981,0.0,3.0,0.0,8,4,3,1,7,0,1,0
359117,4950,0.0,4.0,0.0,3,2,2,2,2,0,1,0
359274,1193,0.0,0.0,0.0,9,1,1,1,8,0,1,0
359811,4177,0.0,7.0,1.0,3,1,1,1,2,0,1,0
359900,4083,0.0,3.0,0.0,13,2,1,1,12,0,1,0
360073,4841,1.0,0.0,0.0,3,1,1,1,2,0,1,0
360182,4992,0.0,0.0,1.0,20,8,1,2,16,0,4,0
360260,71,0.0,null,null,1,1,1,1,0,0,1,0
360501,3825,0.0,3.0,0.0,6,1,1,3,5,0,1,0
360940,653,0.0,2.0,0.0,3,1,1,1,1,0,2,0
361450,1816,0.0,0.0,1.0,11,1,1,2,10,0,1,0
361537,4022,0.0,4.0,2.0,2,1,1,1,1,0,1,0
361850,2954,1.0,3.0,1.0,6,2,2,2,5,0,1,0
362532,2277,0.0,3.0,1.0,16,2,2,5,15,0,1,0
362845,3249,0.0,4.0,0.0,3,1,1,1,2,0,1,0
363376,1102,0.0,5.0,0.0,1,1,1,1,0,0,1,0
364256,4871,0.0,4.0,0.0,1,1,1,1,0,0,1,0
364742,4044,0.0,3.0,0.0,25,18,6,4,24,0,1,0
364902,4494,0.0,0.0,0.0,15,6,4,2,12,0,3,0
365195,361,0.0,4.0,0.0,7,2,1,3,4,0,1,2
365878,1102,0.0,0.0,0.0,13,9,4,1,12,0,1,0
366124,2158,0.0,0.0,0.0,7,1,1,1,6,0,1,0
366224,3528,1.0,3.0,0.0,15,14,6,3,14,0,1,0
366232,2869,0.0,3.0,1.0,3,1,1,2,2,0,1,0
36677,3072,0.0,4.0,0.0,7,3,1,2,6,0,1,0
366791,2849,1.0,6.0,0.0,164,70,14,3,160,0,4,0
367259,1884,0.0,5.0,0.0,1,1,1,1,0,0,1,0
367290,2684,0.0,5.0,0.0,8,1,1,2,5,0,2,1
367511,4655,0.0,4.0,1.0,8,3,2,1,7,0,1,0
367854,4044,0.0,0.0,0.0,4,1,1,3,2,0,1,1
368075,3906,0.0,6.0,0.0,5,1,1,2,4,0,1,0
36809,2669,0.0,5.0,2.0,18,5,4,3,15,0,2,1
368234,4607,0.0,6.0,0.0,21,10,2,5,20,0,1,0
368410,4475,0.0,0.0,0.0,3,1,1,3,1,0,1,1
368529,1910,0.0,2.0,0.0,4,1,1,1,3,0,1,0
368815,625,0.0,0.0,1.0,11,5,1,2,9,1,1,0
368968,3854,0.0,4.0,0.0,2,2,2,1,0,0,2,0
369025,4535,0.0,4.0,0.0,2,1,1,1,1,0,1,0
369051,1102,0.0,2.0,0.0,24,21,7,9,4,0,3,17
369081,2970,0.0,3.0,0.0,9,1,1,3,7,0,1,1
369119,773,0.0,4.0,0.0,42,29,14,5,41,0,1,0
369478,2403,0.0,0.0,null,21,12,1,2,20,0,1,0
369516,1613,0.0,2.0,0.0,13,1,1,2,12,0,1,0
370386,1102,0.0,0.0,1.0,2,2,2,1,0,0,2,0
370598,4245,0.0,5.0,0.0,2,1,1,1,1,0,1,0
370611,2217,0.0,2.0,0.0,6,5,1,1,0,0,1,5
370957,467,0.0,4.0,0.0,1,1,1,1,0,0,1,0
3715,3734,0.0,2.0,0.0,6,1,1,2,5,0,1,0
371528,1324,0.0,3.0,0.0,2,1,1,1,1,0,1,0
371755,4322,0.0,4.0,0.0,5,2,1,1,4,0,1,0
372772,4282,0.0,2.0,1.0,5,1,1,2,3,1,1,0
37301,993,0.0,4.0,1.0,14,3,1,3,13,0,1,0
373063,1749,0.0,0.0,1.0,4,2,2,2,3,0,1,0
373191,436,0.0,3.0,0.0,10,3,2,2,9,0,1,0
373515,4322,0.0,3.0,0.0,2,1,1,2,1,0,1,0
373677,4589,0.0,3.0,1.0,2,1,1,1,1,0,1,0
373733,3399,0.0,3.0,0.0,4,1,1,1,3,0,1,0
373913,2128,0.0,3.0,1.0,4,1,1,1,3,0,1,0
373925,1661,0.0,4.0,0.0,7,2,2,2,5,0,1,1
374121,4760,1.0,3.0,1.0,6,1,1,1,4,0,2,0
374464,669,1.0,5.0,1.0,86,31,3,16,83,0,1,2
374502,66,1.0,3.0,1.0,10,2,1,1,9,0,1,0
375141,4079,0.0,0.0,0.0,7,1,1,1,5,0,2,0
375501,3734,0.0,3.0,1.0,4,2,1,1,3,0,1,0
375544,2766,0.0,3.0,0.0,3,2,2,1,2,0,1,0
375580,1719,0.0,0.0,0.0,4,1,1,2,2,0,1,1
375580,4499,0.0,0.0,0.0,6,1,1,2,4,0,1,1
375894,790,1.0,5.0,0.0,4,1,1,1,3,0,1,0
376426,4655,0.0,2.0,0.0,4,2,2,2,3,0,1,0
376703,1031,1.0,2.0,0.0,37,7,1,1,34,0,1,2
377318,3365,0.0,0.0,0.0,2,1,1,1,1,0,1,0
377965,1742,0.0,3.0,0.0,2,2,1,1,0,0,2,0
378491,104,0.0,0.0,0.0,2,1,1,1,1,0,1,0
378543,4044,0.0,6.0,0.0,125,88,11,20,124,0,1,0
378792,2872,0.0,0.0,0.0,11,2,1,1,10,0,1,0
378880,416,0.0,4.0,0.0,7,2,1,1,6,0,1,0
379382,4234,0.0,5.0,0.0,8,6,3,2,5,0,3,0
379659,2856,0.0,5.0,0.0,24,9,1,5,23,0,1,0
379723,3206,0.0,5.0,0.0,2,1,1,1,1,0,1,0
379983,4044,0.0,3.0,0.0,20,11,2,1,18,0,2,0
380042,3420,0.0,0.0,1.0,33,10,7,3,31,0,2,0
380092,361,0.0,6.0,1.0,5,2,2,2,3,0,1,1
38031,2269,0.0,3.0,0.0,13,4,3,2,11,0,2,0
380752,2066,0.0,3.0,1.0,7,2,1,1,6,0,1,0
38088,2217,0.0,3.0,1.0,3,1,1,1,2,0,1,0
381414,3623,0.0,3.0,0.0,4,3,3,1,3,0,1,0
381459,2721,0.0,0.0,0.0,10,8,3,4,0,0,1,9
381504,574,0.0,2.0,1.0,15,3,1,2,13,0,1,1
381852,4042,1.0,3.0,0.0,3,2,1,2,2,0,1,0
382047,215,0.0,2.0,1.0,5,1,1,1,4,0,1,0
382141,4933,0.0,3.0,1.0,1,1,1,1,0,0,1,0
382174,862,0.0,4.0,0.0,20,11,6,2,18,0,2,0
38226,2669,0.0,0.0,2.0,15,6,2,2,14,0,1,0
382425,2273,0.0,6.0,0.0,5,3,1,1,4,0,1,0
382566,1861,0.0,0.0,0.0,2,1,1,1,1,0,1,0
383083,4976,0.0,0.0,0.0,4,2,2,1,3,0,1,0
383221,4724,0.0,2.0,0.0,6,1,1,2,3,0,1,2
383518,3205,0.0,5.0,0.0,5,3,1,2,4,0,1,0
383642,4090,0.0,5.0,0.0,5,2,1,2,4,0,1,0
383711,2746,0.0,0.0,0.0,5,1,1,1,4,0,1,0
383873,1621,0.0,5.0,0.0,5,1,1,2,2,0,3,0
383913,293,0.0,6.0,0.0,2,1,1,1,1,0,1,0
384070,4170,0.0,5.0,2.0,15,4,1,2,11,0,4,0
384129,51,0.0,3.0,0.0,4,2,2,2,3,0,1,0
384168,1726,0.0,0.0,0.0,4,1,1,2,2,0,1,1
384445,190,0.0,7.0,0.0,3,1,1,1,2,0,1,0
384547,1495,0.0,4.0,0.0,34,10,2,6,30,0,1,3
38502,598,0.0,3.0,0.0,8,6,3,1,7,0,1,0
385063,1502,0.0,4.0,0.0,11,5,3,2,10,0,1,0
385107,437,0.0,5.0,0.0,16,11,3,2,15,0,1,0
385362,1370,0.0,5.0,0.0,16,8,4,1,15,0,1,0
385364,3578,0.0,4.0,1.0,13,6,3,1,12,0,1,0
385428,3173,0.0,0.0,0.0,4,2,1,2,3,0,1,0
385582,3460,0.0,0.0,0.0,4,1,1,1,3,0,1,0
385763,2435,0.0,3.0,0.0,8,3,1,1,6,0,1,1
386203,1890,0.0,3.0,1.0,20,3,1,1,19,0,1,0
386395,3288,0.0,4.0,0.0,2,1,1,1,1,0,1,0
38640,1810,0.0,5.0,1.0,34,22,10,5,32,0,2,0
387563,1203,0.0,5.0,0.0,9,3,2,4,8,0,1,0
388030,3933,0.0,0.0,1.0,7,2,2,1,3,0,4,0
38851,4856,0.0,3.0,0.0,4,3,1,1,3,0,1,0
388580,2645,0.0,3.0,0.0,17,3,2,1,16,0,1,0
38896,2051,0.0,4.0,2.0,2,1,1,1,1,0,1,0
3891,534,0.0,0.0,0.0,18,5,1,2,15,0,3,0
389256,1890,0.0,3.0,0.0,9,4,3,3,8,0,1,0
389303,3734,0.0,0.0,0.0,2,2,1,1,0,0,1,1
389383,3614,0.0,7.0,0.0,2,1,1,2,1,0,1,0
389890,2721,0.0,3.0,0.0,15,5,1,3,13,0,2,0
389975,598,0.0,4.0,1.0,8,2,2,3,7,0,1,0
390377,2928,0.0,4.0,0.0,4,3,3,2,3,0,1,0
390510,1494,0.0,0.0,1.0,1,1,1,1,0,0,1,0
390548,2450,0.0,0.0,0.0,4,2,1,3,2,0,1,1
39135,1787,0.0,3.0,0.0,1,1,1,1,0,0,1,0
39161,3662,1.0,0.0,0.0,9,4,2,1,8,0,1,0
391913,4282,0.0,3.0,0.0,4,2,1,1,3,0,1,0
392492,1816,0.0,7.0,1.0,7,1,1,3,5,0,1,1
392861,58,0.0,4.0,0.0,4,1,1,3,3,0,1,0
392879,1102,0.0,5.0,0.0,27,14,7,2,25,0,2,0
393144,4044,1.0,0.0,0.0,48,28,9,5,46,0,2,0
393349,323,0.0,3.0,0.0,7,1,1,1,6,0,1,0
393626,3345,0.0,3.0,0.0,5,2,1,1,4,0,1,0
393993,4850,0.0,5.0,0.0,11,6,2,1,10,0,1,0
394328,63,0.0,6.0,0.0,4,1,1,2,3,0,1,0
395069,2537,0.0,3.0,0.0,4,3,1,1,3,0,1,0
395235,2711,0.0,3.0,0.0,11,2,1,2,10,0,1,0
395409,4442,0.0,4.0,0.0,2,1,1,1,1,0,1,0
395460,1679,0.0,3.0,0.0,1,1,1,1,0,0,1,0
396022,3614,0.0,3.0,1.0,7,5,4,1,6,0,1,0
396263,1131,1.0,0.0,0.0,12,6,4,3,9,0,3,0
39710,1597,0.0,3.0,0.0,16,4,1,2,15,0,1,0
397238,2124,0.0,3.0,0.0,5,2,1,2,4,0,1,0
397678,4600,0.0,6.0,0.0,8,3,3,2,6,0,2,0
398300,1310,0.0,2.0,0.0,8,5,4,1,7,0,1,0
398342,1131,1.0,5.0,0.0,4,3,2,1,3,0,1,0
398374,2856,0.0,0.0,1.0,2,1,1,1,1,0,1,0
399084,4760,0.0,3.0,0.0,1,1,1,1,0,0,1,0
399708,1602,0.0,2.0,0.0,5,3,2,1,4,0,1,0
400277,4067,0.0,3.0,0.0,22,4,3,3,18,0,2,2
40089,3968,0.0,2.0,0.0,11,5,4,3,6,0,5,0
400927,1050,0.0,2.0,1.0,1,1,1,1,0,0,1,0
401021,4659,0.0,3.0,2.0,15,11,7,2,14,0,1,0
401103,4718,1.0,5.0,0.0,1,1,1,1,0,0,1,0
401156,4170,0.0,0.0,0.0,14,6,1,3,12,0,2,0
401206,4847,0.0,5.0,0.0,17,8,4,1,12,0,5,0
401483,2744,0.0,5.0,0.0,16,9,6,2,9,0,4,3
401492,2318,0.0,0.0,0.0,16,6,3,3,12,0,2,2
401527,3525,0.0,3.0,0.0,5,2,1,1,4,0,1,0
401623,2141,0.0,4.0,2.0,4,3,1,1,1,0,3,0
401698,1556,0.0,0.0,0.0,13,2,2,3,11,0,2,0
401755,4173,0.0,4.0,0.0,6,2,1,2,4,0,1,1
401869,361,0.0,0.0,0.0,1,1,1,1,0,0,1,0
402078,2294,0.0,4.0,1.0,11,1,1,2,9,0,1,1
402550,4361,0.0,5.0,1.0,3,1,1,1,2,0,1,0
402599,1346,1.0,3.0,0.0,9,5,1,2,3,0,1,5
402694,1271,0.0,5.0,0.0,5,2,2,3,3,0,1,1
402816,4043,0.0,3.0,0.0,21,9,2,3,18,0,3,0
402861,2173,0.0,4.0,0.0,5,2,2,1,3,0,2,0
402927,4040,0.0,0.0,null,5,1,1,1,4,0,1,0
402962,215,0.0,4.0,0.0,4,3,1,1,3,0,1,0
403179,2655,0.0,3.0,0.0,2,1,1,2,1,0,1,0
403571,1506,0.0,3.0,2.0,3,1,1,1,2,0,1,0
403829,3955,0.0,3.0,0.0,5,3,2,2,4,0,1,0
404161,1124,0.0,6.0,0.0,3,1,1,1,2,0,1,0
404363,4438,0.0,0.0,0.0,9,2,1,1,8,0,1,0
404705,4966,0.0,3.0,1.0,1,1,1,1,0,0,1,0
405704,1760,0.0,4.0,1.0,1,1,1,1,0,0,1,0
406264,1704,0.0,0.0,0.0,17,13,3,1,16,0,1,0
406752,3126,1.0,6.0,0.0,1,1,1,1,0,0,1,0
406773,4267,0.0,4.0,0.0,11,7,5,3,10,0,1,0
407372,4976,0.0,3.0,0.0,22,8,3,5,20,0,1,1
407395,2173,0.0,5.0,0.0,3,1,1,2,0,0,2,1
407402,2031,0.0,3.0,1.0,11,6,1,2,9,0,1,1
407444,4044,0.0,4.0,0.0,20,11,5,2,17,0,1,2
407685,606,0.0,0.0,null,16,7,4,2,14,1,1,0
408131,639,1.0,3.0,1.0,4,1,1,1,3,0,1,0
408134,685,0.0,4.0,0.0,5,1,1,1,4,0,1,0
408288,960,0.0,2.0,1.0,11,4,1,1,10,0,1,0
408548,4658,0.0,2.0,1.0,2,1,1,1,1,0,1,0
408801,322,0.0,3.0,0.0,2,1,1,1,1,0,1,0
408806,1999,0.0,4.0,0.0,66,21,1,4,64,0,2,0
409111,3990,0.0,0.0,1.0,6,1,1,1,5,0,1,0
409313,4756,0.0,0.0,0.0,38,13,1,2,37,0,1,0
409497,4504,0.0,3.0,2.0,9,4,1,4,8,0,1,0
409746,4267,0.0,4.0,1.0,10,4,2,1,5,0,5,0
409897,4371,0.0,0.0,0.0,4,1,1,1,3,0,1,0
410168,2928,0.0,4.0,0.0,18,9,2,1,17,0,1,0
410616,3873,0.0,3.0,0.0,14,3,1,2,10,0,1,3
410908,2664,0.0,5.0,2.0,5,1,1,1,4,0,1,0
411232,4049,0.0,0.0,0.0,4,2,1,2,3,0,1,0
411256,1084,0.0,5.0,0.0,2,1,1,1,1,0,1,0
412099,2712,0.0,5.0,0.0,4,3,1,1,3,0,1,0
412330,4022,0.0,4.0,0.0,10,3,1,3,9,0,1,0
413238,4335,0.0,null,null,1,1,1,1,0,0,1,0
413493,4316,0.0,3.0,0.0,5,1,1,1,4,0,1,0
413811,4325,0.0,4.0,0.0,4,1,1,1,3,0,1,0
413861,2545,0.0,3.0,0.0,5,1,1,3,3,0,1,1
414011,3683,0.0,3.0,1.0,8,2,1,1,7,0,1,0
414187,3635,0.0,5.0,1.0,11,6,1,2,9,0,2,0
414212,1724,0.0,0.0,1.0,8,3,1,1,5,0,3,0
414351,4115,0.0,0.0,0.0,4,1,1,1,3,0,1,0
415089,1454,0.0,3.0,0.0,1,1,1,1,0,0,1,0
415163,2569,0.0,0.0,0.0,40,10,1,5,33,0,5,2
415709,2193,1.0,2.0,1.0,2,1,1,1,1,0,1,0
415886,96,0.0,5.0,0.0,9,5,2,1,8,0,1,0
416149,4270,0.0,4.0,1.0,109,49,13,6,102,0,5,2
416152,3826,0.0,0.0,1.0,1,1,1,1,0,0,1,0
416189,4048,0.0,7.0,0.0,12,3,1,1,10,0,1,1
416968,4658,0.0,2.0,1.0,10,5,1,2,9,0,1,0
417832,3689,0.0,3.0,0.0,3,1,1,1,2,0,1,0
417856,1102,0.0,0.0,0.0,27,7,1,2,26,0,1,0
418044,1890,0.0,5.0,0.0,7,2,1,1,6,0,1,0
418358,663,0.0,4.0,2.0,5,1,1,2,4,0,1,0
418383,4044,0.0,4.0,0.0,16,6,4,1,15,0,1,0
418416,2138,0.0,3.0,0.0,18,10,5,3,16,0,2,0
418569,1964,0.0,4.0,1.0,23,7,4,3,20,0,3,0
418756,2537,0.0,4.0,0.0,2,1,1,1,1,0,1,0
419012,3092,0.0,3.0,0.0,25,15,1,1,23,0,2,0
419385,643,0.0,3.0,0.0,17,11,3,1,16,0,1,0
41957,1944,0.0,5.0,0.0,5,2,1,2,4,0,1,0
419755,4928,0.0,2.0,0.0,5,2,1,3,4,0,1,0
419999,3667,0.0,6.0,0.0,4,1,1,2,2,0,2,0
42005,3163,0.0,0.0,1.0,6,2,1,1,4,0,2,0
421671,4044,0.0,3.0,0.0,21,15,6,7,19,0,1,1
421890,1618,0.0,3.0,2.0,7,4,2,1,5,0,2,0
422060,3230,0.0,3.0,1.0,2,1,1,1,1,0,1,0
422073,4173,0.0,3.0,0.0,42,12,5,3,40,0,2,0
422303,2821,0.0,3.0,0.0,12,3,2,2,11,0,1,0
422441,1495,0.0,4.0,1.0,115,49,2,4,112,0,1,2
422493,2178,0.0,5.0,0.0,10,1,1,2,9,0,1,0
422847,2099,0.0,3.0,0.0,2,1,1,1,1,0,1,0
422890,1890,0.0,5.0,0.0,11,3,1,2,9,0,1,1
423087,3173,0.0,6.0,0.0,11,1,1,2,9,1,1,0
423472,963,1.0,3.0,0.0,10,6,2,1,8,0,2,0
423802,4170,0.0,4.0,0.0,11,3,2,3,9,0,2,0
424170,4268,0.0,0.0,1.0,25,3,1,5,24,0,1,0
42783,2954,0.0,4.0,1.0,29,6,5,4,28,0,1,0
4307,323,0.0,0.0,1.0,7,2,1,2,5,0,2,0
43771,145,0.0,4.0,0.0,7,7,1,1,6,0,1,0
43874,1816,0.0,4.0,1.0,3,3,3,1,0,0,3,0
44356,1248,0.0,0.0,0.0,8,1,1,3,5,0,1,2
44583,3319,0.0,5.0,0.0,2,1,1,1,1,0,1,0
44770,740,0.0,3.0,0.0,2,1,1,2,1,0,1,0
45225,168,0.0,4.0,1.0,21,11,3,1,19,0,2,0
45615,794,0.0,3.0,0.0,8,6,1,1,7,0,1,0
45699,4044,0.0,3.0,0.0,8,1,1,2,6,0,1,1
45927,4325,0.0,4.0,2.0,2,1,1,1,0,0,1,1
46216,361,0.0,0.0,0.0,11,8,1,1,9,0,1,1
46261,3484,0.0,6.0,1.0,2,1,1,1,1,0,1,0
47082,4950,0.0,3.0,0.0,3,1,1,1,2,0,1,0
48065,396,0.0,3.0,0.0,1,1,1,1,0,0,1,0
48212,2776,0.0,0.0,0.0,5,1,1,1,4,0,1,0
48461,3191,0.0,3.0,0.0,1,1,1,1,0,0,1,0
48484,2450,0.0,2.0,0.0,5,2,1,1,4,0,1,0
48554,189,0.0,4.0,0.0,4,3,2,1,3,0,1,0
48793,467,0.0,3.0,0.0,8,3,3,3,7,0,1,0
49004,1102,0.0,4.0,0.0,10,4,3,3,5,0,1,4
4907,742,0.0,0.0,1.0,3,1,1,1,2,0,1,0
49187,3936,0.0,2.0,1.0,3,1,1,1,2,0,1,0
49395,3350,0.0,3.0,null,4,1,1,1,3,0,1,0
49968,4785,0.0,3.0,0.0,3,1,1,1,2,0,1,0
500,4048,0.0,0.0,0.0,5,1,1,2,3,0,1,1
50136,1565,0.0,0.0,0.0,15,5,2,2,14,0,1,0
50318,2318,0.0,0.0,1.0,4,1,1,1,3,0,1,0
50658,1346,1.0,0.0,0.0,6,2,1,4,5,0,1,0
50860,3284,0.0,3.0,1.0,2,1,1,1,1,0,1,0
51562,547,0.0,4.0,0.0,17,10,2,2,16,0,1,0
51955,2928,0.0,4.0,0.0,10,9,4,1,9,0,1,0
52079,1090,0.0,3.0,1.0,9,4,1,1,8,0,1,0
5282,1816,0.0,2.0,1.0,11,3,1,4,10,0,1,0
53188,3402,0.0,0.0,null,2,1,1,1,1,0,1,0
53636,3528,0.0,2.0,0.0,36,22,6,3,32,0,4,0
53791,1102,0.0,4.0,0.0,6,5,4,1,5,0,1,0
53851,1117,0.0,3.0,1.0,2,1,1,1,1,0,1,0
53934,2767,0.0,3.0,0.0,3,1,1,2,2,0,1,0
54032,911,0.0,4.0,0.0,8,4,2,1,7,0,1,0
54886,3954,0.0,5.0,0.0,4,1,1,1,3,0,1,0
55038,861,0.0,5.0,0.0,5,1,2,1,3,1,1,0
55532,1131,0.0,2.0,1.0,23,9,3,2,22,0,1,0
56043,1330,0.0,6.0,1.0,10,5,1,2,9,0,1,0
56149,1346,0.0,0.0,1.0,3,1,1,1,2,0,1,0
56868,361,1.0,0.0,0.0,4,2,1,2,3,0,1,0
56985,2397,1.0,0.0,0.0,2,1,1,2,1,0,1,0
57332,2594,0.0,5.0,0.0,15,10,2,3,13,0,2,0
5736,4079,0.0,4.0,1.0,2,1,1,1,1,0,1,0
57753,2681,0.0,3.0,0.0,5,2,1,1,4,0,1,0
58152,742,0.0,4.0,0.0,6,2,1,2,5,0,1,0
58436,4933,0.0,2.0,0.0,5,2,1,2,4,0,1,0
58938,4079,0.0,0.0,0.0,8,5,1,1,5,0,3,0
59158,2273,0.0,5.0,1.0,5,2,1,3,3,0,1,1
5962,293,0.0,3.0,0.0,6,1,1,2,4,0,1,1
60915,590,0.0,4.0,2.0,10,2,1,2,8,0,1,1
61272,2928,0.0,5.0,1.0,21,9,5,2,19,0,2,0
61281,416,0.0,5.0,0.0,27,15,3,3,24,0,2,1
61440,361,0.0,3.0,0.0,4,1,1,1,3,0,1,0
6195,4265,0.0,0.0,0.0,24,18,6,3,23,0,1,0
62163,2217,0.0,0.0,0.0,3,1,1,1,1,0,2,0
62198,2099,0.0,0.0,0.0,2,1,1,1,1,0,1,0
62356,4568,1.0,0.0,0.0,6,2,1,1,3,0,3,0
62558,3671,0.0,4.0,0.0,8,6,3,1,6,0,2,0
62805,654,0.0,4.0,0.0,7,5,1,3,6,0,1,0
62861,1526,0.0,4.0,null,4,2,1,1,2,0,2,0
62894,4760,0.0,4.0,1.0,5,2,2,3,4,0,1,0
63337,1370,0.0,0.0,2.0,3,1,1,1,2,0,1,0
63666,3609,0.0,3.0,1.0,9,4,1,1,7,0,2,0
64322,4768,1.0,4.0,0.0,1,1,1,1,0,0,1,0
64389,3230,0.0,4.0,1.0,4,1,1,2,3,0,1,0
64477,798,0.0,2.0,0.0,7,4,3,1,6,0,1,0
65472,1621,0.0,0.0,0.0,8,1,1,2,6,0,2,0
65881,1840,0.0,4.0,0.0,5,1,1,1,4,0,1,0
66096,2234,0.0,4.0,2.0,6,1,1,1,5,0,1,0
66118,4270,0.0,5.0,0.0,2,1,1,1,1,0,1,0
66352,1760,0.0,6.0,0.0,3,2,1,1,2,0,1,0
6646,3828,0.0,2.0,0.0,251,98,8,4,247,0,2,2
66747,804,0.0,3.0,2.0,12,4,2,4,11,0,1,0
66888,4864,0.0,0.0,1.0,34,7,2,2,31,1,2,0
67356,977,0.0,0.0,0.0,7,3,1,1,4,0,3,0
67384,4765,0.0,3.0,0.0,4,1,1,1,2,0,2,0
67559,4836,0.0,6.0,0.0,53,25,3,3,51,0,2,0
6804,2537,0.0,2.0,1.0,9,3,2,1,6,0,3,0
68204,4269,0.0,2.0,1.0,1,1,1,1,0,0,1,0
6936,3971,0.0,2.0,1.0,6,2,2,2,4,1,1,0
69669,2232,0.0,0.0,1.0,2,1,1,1,1,0,1,0
69818,4049,0.0,3.0,0.0,36,10,3,9,31,0,2,3
7047,4783,0.0,5.0,1.0,2,1,1,1,1,0,1,0
70936,606,0.0,3.0,0.0,22,9,4,3,21,0,1,0
70938,826,1.0,3.0,0.0,3,1,1,1,2,0,1,0
71758,4494,0.0,3.0,0.0,3,1,1,2,1,0,1,1
72708,3826,0.0,3.0,1.0,4,1,1,1,3,0,1,0
72726,946,0.0,4.0,0.0,10,4,3,1,6,0,4,0
72874,588,0.0,4.0,1.0,12,1,1,3,9,0,1,2
73224,275,0.0,3.0,0.0,9,2,2,1,5,0,2,2
73743,2361,0.0,3.0,0.0,4,2,1,1,3,0,1,0
7447,4589,0.0,4.0,0.0,15,6,1,3,14,0,1,0
74861,3168,0.0,0.0,0.0,2,1,1,1,1,0,1,0
75356,4750,0.0,4.0,1.0,12,7,4,2,10,0,1,1
75396,1831,0.0,4.0,1.0,2,1,1,1,1,0,1,0
75409,4368,0.0,7.0,1.0,4,1,1,2,3,0,1,0
75545,3828,0.0,3.0,1.0,5,3,3,2,4,0,1,0
75944,1522,0.0,4.0,0.0,4,2,2,2,2,0,1,1
7601,3826,0.0,2.0,0.0,5,1,1,1,3,0,2,0
76316,3502,0.0,0.0,1.0,3,1,1,1,2,0,1,0
76342,742,0.0,4.0,0.0,17,3,3,1,16,0,1,0
76370,1448,0.0,4.0,2.0,3,1,1,1,1,0,1,1
7648,4826,0.0,3.0,1.0,3,1,1,1,2,0,1,0
77086,4282,0.0,2.0,0.0,30,15,5,4,29,0,1,0
77291,2928,0.0,4.0,0.0,26,4,2,1,25,0,1,0
7769,4049,0.0,4.0,1.0,6,1,1,1,5,0,1,0
77976,2928,0.0,5.0,1.0,6,3,1,1,5,0,1,0
78119,4171,0.0,3.0,2.0,9,3,1,1,7,0,2,0
78120,1843,1.0,6.0,0.0,24,16,8,2,21,0,1,2
78208,2857,0.0,3.0,0.0,3,1,1,1,0,0,3,0
78731,4756,0.0,0.0,1.0,15,6,1,1,13,0,2,0
78851,503,1.0,3.0,1.0,3,1,1,2,2,0,1,0
7898,1816,0.0,2.0,1.0,12,7,4,2,9,0,2,1
78997,2679,0.0,2.0,0.0,2,1,1,1,1,0,1,0
79033,2124,0.0,0.0,0.0,5,1,1,1,4,0,1,0
79072,842,0.0,0.0,0.0,5,2,2,2,3,0,2,0
79173,4871,0.0,3.0,1.0,3,1,1,1,2,0,1,0
79187,682,1.0,2.0,0.0,5,2,2,2,3,0,1,1
79193,1840,0.0,4.0,0.0,3,1,1,1,2,0,1,0
7947,2031,0.0,3.0,1.0,6,3,1,1,4,0,2,0
79547,2669,0.0,4.0,0.0,5,3,3,2,3,0,2,0
79697,2325,0.0,5.0,2.0,1,1,1,1,0,0,1,0
80135,2505,0.0,6.0,0.0,5,1,1,2,4,0,1,0
80427,1143,0.0,5.0,0.0,6,4,1,1,5,0,1,0
81128,2711,0.0,3.0,0.0,5,2,2,3,3,0,1,1
8138,4141,0.0,0.0,1.0,2,1,1,1,1,0,1,0
81467,535,0.0,0.0,0.0,5,2,1,2,4,0,1,0
81699,1131,1.0,4.0,0.0,21,9,5,3,20,0,1,0
82177,4282,1.0,3.0,1.0,39,30,7,5,38,0,1,0
83326,4513,0.0,5.0,0.0,2,1,1,2,1,0,1,0
83351,2537,0.0,3.0,1.0,10,7,3,3,8,0,1,1
8412,2430,0.0,4.0,1.0,10,5,3,1,9,0,1,0
84529,3148,0.0,6.0,0.0,4,2,1,1,3,0,1,0
84680,2895,0.0,3.0,1.0,7,3,1,2,6,0,1,0
84781,432,0.0,0.0,0.0,5,1,1,2,4,0,1,0
84801,4992,0.0,4.0,0.0,2,1,1,1,1,0,1,0
85056,742,0.0,2.0,0.0,2,1,1,2,0,0,1,1
85116,3152,0.0,6.0,1.0,8,5,2,1,6,0,2,0
8514,4659,0.0,4.0,0.0,4,1,1,1,3,0,1,0
85579,3402,0.0,5.0,1.0,11,3,1,2,9,0,1,1
85756,215,0.0,2.0,1.0,4,1,1,1,3,0,1,0
86368,3516,0.0,4.0,0.0,1,1,1,1,0,0,1,0
86531,2664,0.0,4.0,0.0,16,12,1,2,15,0,1,0
8659,3460,0.0,3.0,0.0,5,1,1,1,3,0,2,0
86659,1454,0.0,2.0,1.0,36,14,2,1,35,0,1,0
86676,1097,0.0,6.0,0.0,15,3,3,1,14,0,1,0
86762,2006,0.0,6.0,0.0,1,1,1,1,0,0,1,0
86829,1272,0.0,0.0,1.0,6,2,2,2,4,0,1,1
87101,2821,0.0,0.0,0.0,2,1,1,1,1,0,1,0
87227,2864,0.0,4.0,1.0,22,4,1,1,21,0,1,0
87369,4760,0.0,3.0,1.0,7,6,4,2,4,0,3,0
87548,1521,0.0,0.0,0.0,6,3,1,1,5,0,1,0
877,2569,0.0,6.0,1.0,4,1,1,1,3,0,1,0
88207,3319,0.0,4.0,2.0,4,2,2,1,3,0,1,0
8827,1013,0.0,5.0,0.0,8,2,2,5,7,0,1,0
88473,1594,0.0,5.0,0.0,17,3,2,1,15,0,2,0
88983,168,0.0,4.0,1.0,5,3,2,1,4,0,1,0
89459,416,0.0,5.0,0.0,2,1,1,1,1,0,1,0
89758,598,0.0,2.0,0.0,5,2,1,3,4,0,1,0
90017,386,0.0,4.0,0.0,2,1,1,1,1,0,1,0
90083,4270,0.0,4.0,1.0,28,16,7,6,22,0,1,5
90105,4483,0.0,2.0,0.0,1,1,1,1,0,0,1,0
90171,3893,0.0,5.0,0.0,4,2,1,1,3,0,1,0
90585,3562,0.0,0.0,0.0,13,3,3,1,11,0,1,1
91074,3887,0.0,6.0,0.0,13,2,1,3,9,0,1,3
91237,2403,0.0,6.0,1.0,1,1,1,1,0,0,1,0
91320,2138,0.0,5.0,0.0,2,1,1,1,1,0,1,0
91566,187,0.0,4.0,0.0,2,1,1,1,1,0,1,0
92491,1019,0.0,0.0,1.0,7,1,1,1,6,0,1,0
92803,804,0.0,4.0,2.0,2,1,1,1,1,0,1,0
92848,574,0.0,4.0,0.0,5,1,1,2,4,0,1,0
93521,10,0.0,4.0,0.0,7,3,1,1,6,0,1,0
94242,4966,0.0,0.0,0.0,1,1,1,1,0,0,1,0
95706,2193,1.0,2.0,1.0,6,2,1,1,5,0,1,0
95765,121,0.0,4.0,1.0,8,5,3,2,7,0,1,0
96287,4687,0.0,3.0,1.0,5,3,1,1,4,0,1,0
96871,3323,0.0,3.0,1.0,4,1,1,1,3,0,1,0
96902,3205,0.0,4.0,0.0,12,4,2,2,11,0,1,0
97358,1618,1.0,4.0,1.0,2,2,1,2,1,0,1,0
97834,3701,0.0,3.0,0.0,4,1,1,1,3,0,1,0
98400,729,0.0,0.0,0.0,4,1,1,1,3,0,1,0
98504,598,0.0,0.0,1.0,1,1,1,1,0,0,1,0
98681,1489,0.0,5.0,0.0,12,5,1,1,10,0,2,0
98942,1854,0.0,2.0,0.0,1,1,1,1,0,0,1,0
99323,2592,0.0,2.0,1.0,25,10,6,3,19,0,1,5
99430,594,0.0,3.0,0.0,13,9,6,2,11,0,1,1
9985,4316,0.0,3.0,1.0,3,1,1,1,2,0,1,0
