100089,2469,0.0,2.0,1.0,4,2,1,1,3,0,1,0
100325,4976,0.0,4.0,0.0,5,3,3,2,4,0,1,0
100450,1049,0.0,6.0,0.0,5,1,1,2,4,0,1,0
100482,1487,0.0,3.0,0.0,21,5,1,1,20,0,1,0
101227,598,0.0,8.0,2.0,15,2,2,2,14,0,1,0
102089,3159,0.0,0.0,0.0,4,2,2,1,2,0,2,0
102358,1203,0.0,7.0,1.0,19,11,3,1,17,0,2,0
102923,467,0.0,3.0,0.0,1,1,1,1,0,0,1,0
102948,3828,0.0,0.0,0.0,2,2,2,2,0,0,1,1
103250,416,0.0,2.0,1.0,56,19,4,2,53,2,1,0
103313,4791,0.0,0.0,0.0,16,2,2,2,14,0,1,1
103704,1015,0.0,7.0,0.0,2,2,2,1,0,0,2,0
104060,2928,0.0,3.0,0.0,10,4,2,3,9,0,1,0
104231,10,0.0,4.0,1.0,8,4,3,1,7,0,1,0
104432,1910,0.0,0.0,0.0,2,1,1,1,1,0,1,0
104479,4760,1.0,3.0,0.0,65,14,2,5,63,0,2,0
10449,1018,0.0,4.0,0.0,5,2,2,2,4,0,1,0
104511,3014,0.0,2.0,1.0,4,1,1,1,3,0,1,0
104643,3284,0.0,0.0,1.0,1,1,1,1,0,0,1,0
104863,4802,0.0,6.0,1.0,6,2,2,1,4,0,2,0
104982,4444,0.0,6.0,1.0,57,34,7,2,51,0,6,0
105072,2014,0.0,3.0,0.0,1,1,1,1,0,0,1,0
105253,1255,0.0,null,null,4,1,1,1,3,0,1,0
105614,2482,1.0,3.0,0.0,8,4,4,4,6,0,1,1
105697,2565,0.0,2.0,0.0,1,1,1,1,0,0,1,0
10634,2981,0.0,2.0,1.0,1,1,1,1,0,0,1,0
106524,2545,0.0,4.0,1.0,36,20,4,5,35,0,1,0
10656,2608,0.0,2.0,0.0,12,3,1,2,10,0,2,0
106589,3734,0.0,3.0,1.0,10,5,2,1,9,0,1,0
106847,1204,0.0,5.0,1.0,2,1,1,1,1,0,1,0
106880,114,1.0,4.0,0.0,31,5,3,4,29,0,2,0
107390,2313,0.0,6.0,1.0,7,2,2,3,6,0,1,0
107620,4976,0.0,3.0,1.0,6,4,4,2,5,0,1,0
107646,2047,1.0,0.0,0.0,22,8,5,2,17,0,2,3
107733,3529,0.0,5.0,0.0,7,1,1,2,5,1,1,0
108006,1079,1.0,2.0,0.0,5,2,1,1,4,0,1,0
108175,4220,0.0,3.0,1.0,2,1,1,1,0,0,2,0
108212,2047,0.0,2.0,0.0,10,4,2,2,9,0,1,0
108543,1506,0.0,4.0,0.0,3,2,1,1,2,0,1,0
109138,682,0.0,2.0,0.0,7,4,2,3,5,0,1,1
109759,2669,0.0,2.0,1.0,8,3,3,2,7,0,1,0
111152,608,0.0,6.0,1.0,15,5,2,1,14,0,1,0
111187,2278,1.0,4.0,0.0,17,8,5,2,12,0,5,0
111304,4830,0.0,2.0,0.0,9,1,1,2,7,0,1,1
111677,121,0.0,6.0,0.0,16,6,1,2,14,0,2,0
112155,3828,0.0,0.0,0.0,200,135,17,16,188,0,2,10
112477,3161,0.0,0.0,0.0,1,1,1,1,0,0,1,0
112599,1538,0.0,2.0,0.0,9,2,1,1,8,0,1,0
112600,2273,0.0,5.0,0.0,1,1,1,1,0,0,1,0
112625,361,0.0,3.0,0.0,3,1,1,2,1,0,1,1
11297,3345,0.0,0.0,0.0,8,1,1,1,7,0,1,0
113356,1983,0.0,3.0,1.0,6,2,1,1,5,0,1,0
113669,104,0.0,0.0,0.0,4,1,1,1,3,0,1,0
114128,786,0.0,3.0,0.0,18,6,2,3,17,0,1,0
114410,2284,0.0,0.0,1.0,11,3,1,2,10,0,1,0
114511,2066,0.0,6.0,0.0,4,2,1,2,3,0,1,0
114534,1557,0.0,2.0,1.0,2,1,1,2,1,0,1,0
11466,2318,0.0,8.0,2.0,5,1,1,1,4,0,1,0
114707,3614,0.0,6.0,1.0,22,3,3,4,20,0,2,0
114852,437,0.0,4.0,0.0,3,1,1,1,2,0,1,0
115095,794,0.0,4.0,0.0,7,4,1,1,6,0,1,0
115822,3609,0.0,6.0,0.0,12,4,2,2,11,0,1,0
115860,3875,0.0,0.0,0.0,13,10,1,1,12,0,1,0
115988,2161,0.0,6.0,0.0,3,1,1,1,2,0,1,0
117168,4442,0.0,0.0,1.0,4,2,1,2,3,0,1,0
117728,946,1.0,4.0,1.0,8,4,1,1,7,0,1,0
117732,4659,0.0,2.0,0.0,11,5,3,2,9,0,2,0
117912,4705,0.0,2.0,0.0,12,6,5,1,11,0,1,0
118336,3085,0.0,3.0,0.0,5,2,2,1,4,0,1,0
118515,2099,0.0,4.0,0.0,4,1,1,1,3,0,1,0
118684,250,0.0,3.0,0.0,33,8,1,8,28,0,3,2
118721,2036,0.0,3.0,1.0,3,1,1,1,2,0,1,0
119019,4765,0.0,6.0,0.0,7,1,1,2,6,0,1,0
119100,1514,0.0,5.0,0.0,2,1,1,1,0,0,2,0
119288,3191,0.0,4.0,0.0,10,2,1,2,9,0,1,0
119361,1840,0.0,3.0,1.0,1,1,1,1,0,0,1,0
119533,3614,0.0,3.0,1.0,3,1,1,1,2,0,1,0
119807,606,0.0,4.0,0.0,8,3,2,2,7,0,1,0
12009,2051,0.0,3.0,0.0,6,2,1,2,4,0,1,1
120271,2537,0.0,5.0,0.0,4,2,1,1,2,0,2,0
120616,4173,0.0,3.0,0.0,30,21,9,3,25,0,2,3
12112,2277,0.0,3.0,0.0,14,3,2,2,13,0,1,0
121981,1647,0.0,5.0,0.0,3,1,1,1,2,0,1,0
122241,2066,0.0,4.0,1.0,4,2,1,2,3,0,1,0
122257,3635,0.0,3.0,0.0,7,2,1,1,5,0,1,1
122782,2424,0.0,0.0,0.0,5,1,1,4,4,0,1,0
122861,2459,0.0,3.0,0.0,3,1,1,1,2,0,1,0
123275,3710,0.0,4.0,0.0,7,1,1,1,6,0,1,0
123653,4760,1.0,0.0,0.0,2,2,2,1,0,0,2,0
12368,145,0.0,3.0,1.0,18,2,1,2,17,0,1,0
124035,3173,0.0,0.0,0.0,1,1,1,1,0,0,1,0
124136,2608,0.0,0.0,0.0,2,1,1,1,1,0,1,0
124441,4966,0.0,0.0,0.0,5,3,2,2,2,2,1,0
125167,3887,1.0,4.0,0.0,63,22,6,9,61,0,2,0
12517,1017,0.0,4.0,0.0,8,1,1,3,7,0,1,0
125201,4240,0.0,3.0,1.0,3,2,1,2,2,0,1,0
125468,594,0.0,0.0,0.0,4,1,1,1,3,0,1,0
125687,2448,0.0,4.0,1.0,3,1,1,1,1,0,2,0
125700,3472,0.0,3.0,1.0,2,1,1,1,1,0,1,0
125772,296,0.0,0.0,0.0,2,2,1,1,0,0,2,0
125969,625,0.0,6.0,0.0,4,3,1,1,3,0,1,0
12608,3419,0.0,0.0,null,5,2,1,1,4,0,1,0
126120,742,0.0,4.0,1.0,2,1,1,1,1,0,1,0
126143,3236,0.0,2.0,1.0,3,1,1,2,2,0,1,0
126346,4718,0.0,4.0,1.0,11,5,3,2,8,0,3,0
126434,4768,0.0,0.0,0.0,1,1,1,1,0,0,1,0
12676,4417,0.0,0.0,1.0,2,1,1,1,1,0,1,0
127177,4499,0.0,3.0,0.0,5,2,2,1,3,0,2,0
128035,1291,0.0,4.0,0.0,5,1,1,1,4,0,1,0
128122,3602,0.0,3.0,0.0,8,4,1,1,6,0,2,0
128606,2604,0.0,5.0,0.0,6,2,1,1,4,0,2,0
128787,3406,0.0,4.0,0.0,11,2,3,2,8,1,2,0
12890,145,0.0,0.0,0.0,1,1,1,1,0,0,1,0
129128,606,0.0,3.0,0.0,61,31,12,13,54,0,2,5
130155,2022,0.0,3.0,0.0,6,2,1,1,5,0,1,0
130436,4950,0.0,5.0,0.0,3,2,1,2,2,0,1,0
130575,960,1.0,2.0,0.0,6,3,1,2,5,0,1,0
130629,3173,0.0,0.0,0.0,39,11,1,4,37,0,1,1
13063,3524,0.0,0.0,1.0,7,3,1,1,5,0,2,0
131178,2683,0.0,4.0,1.0,10,2,1,1,9,0,1,0
131726,4976,0.0,3.0,0.0,49,19,5,9,41,0,1,7
131882,2482,0.0,3.0,0.0,13,5,3,2,10,0,3,0
132010,4230,0.0,2.0,0.0,4,1,1,1,3,0,1,0
132409,4280,0.0,4.0,0.0,7,3,1,2,6,0,1,0
132711,963,0.0,2.0,1.0,8,2,1,1,7,0,1,0
132864,639,0.0,4.0,0.0,5,1,1,1,4,0,1,0
133416,2318,0.0,6.0,0.0,9,3,2,5,8,0,1,0
133823,4234,0.0,0.0,0.0,28,10,5,2,24,0,4,0
134194,1056,0.0,3.0,0.0,33,14,4,3,29,0,3,1
134218,3853,0.0,5.0,0.0,90,50,10,3,81,0,2,7
134646,4605,0.0,0.0,0.0,7,1,1,4,5,0,1,1
134937,2031,0.0,3.0,0.0,3,1,1,1,1,0,2,0
13495,1487,0.0,0.0,0.0,17,1,1,3,16,0,1,0
135068,4044,0.0,2.0,0.0,13,9,4,4,12,0,1,0
135081,2148,0.0,3.0,1.0,5,1,1,1,3,0,1,1
135115,66,0.0,4.0,1.0,10,2,1,1,8,0,2,0
135466,1499,0.0,3.0,0.0,32,12,9,3,29,0,3,0
135779,810,0.0,3.0,0.0,2,1,1,1,1,0,1,0
136278,4090,0.0,4.0,1.0,7,2,1,2,6,0,1,0
136334,2915,0.0,4.0,0.0,8,4,2,2,6,0,2,0
137169,2608,0.0,3.0,0.0,3,1,1,2,2,0,1,0
137660,1511,0.0,6.0,null,1,1,1,1,0,0,1,0
137707,606,0.0,3.0,0.0,37,16,3,3,33,0,2,2
138085,35,0.0,2.0,1.0,9,5,2,1,8,0,1,0
139240,4171,0.0,5.0,0.0,13,4,3,1,9,0,4,0
139309,4818,0.0,3.0,2.0,3,1,1,1,2,0,1,0
139452,2582,0.0,2.0,0.0,3,2,1,2,0,0,1,2
140605,4057,0.0,3.0,1.0,2,1,1,1,1,0,1,0
141026,2928,1.0,3.0,2.0,39,26,6,4,38,0,1,0
141202,4150,0.0,2.0,1.0,5,1,1,2,4,0,1,0
141343,4765,0.0,2.0,1.0,4,2,1,1,3,0,1,0
141715,2283,0.0,5.0,0.0,3,2,1,1,2,0,1,0
14175,4173,0.0,3.0,0.0,28,8,3,7,27,0,1,0
141954,862,0.0,4.0,1.0,11,2,1,1,10,0,1,0
14196,4850,0.0,5.0,0.0,44,23,5,4,43,0,1,0
142191,3163,0.0,6.0,1.0,7,1,1,1,5,0,2,0
142401,4976,0.0,3.0,0.0,11,4,2,1,10,0,1,0
142803,3022,0.0,4.0,1.0,2,2,2,1,1,0,1,0
143034,2436,0.0,5.0,0.0,16,8,5,1,13,0,3,0
143225,1760,0.0,6.0,1.0,7,4,1,1,5,0,2,0
143349,2475,0.0,0.0,1.0,5,1,1,1,4,0,1,0
143913,4049,0.0,3.0,1.0,3,1,1,2,2,0,1,0
144024,145,0.0,4.0,0.0,4,1,1,2,3,0,1,0
144219,697,0.0,3.0,0.0,7,1,1,1,6,0,1,0
144273,1435,0.0,5.0,1.0,3,1,1,1,2,0,1,0
144443,2397,0.0,4.0,0.0,7,4,3,1,5,0,2,0
144777,4444,0.0,5.0,0.0,4,3,2,1,3,0,1,0
145000,4049,0.0,3.0,0.0,20,8,4,4,17,0,1,2
145104,4871,0.0,2.0,1.0,7,4,4,1,6,0,1,0
145273,2099,0.0,3.0,1.0,2,1,1,1,1,0,1,0
14533,685,0.0,2.0,0.0,18,4,2,2,16,0,1,1
14589,2284,0.0,0.0,1.0,10,2,1,1,9,0,1,0
145987,2664,1.0,4.0,0.0,44,22,2,2,42,0,1,1
146724,3614,0.0,5.0,1.0,2,1,1,2,1,0,1,0
147914,322,0.0,2.0,0.0,4,1,1,2,2,0,1,1
148112,3828,0.0,3.0,0.0,10,5,3,6,7,0,1,2
148117,3266,0.0,0.0,1.0,4,1,1,1,3,0,1,0
148441,4763,0.0,0.0,0.0,5,1,1,1,4,0,1,0
14864,3152,0.0,4.0,0.0,4,1,1,2,3,0,1,0
149654,3554,0.0,3.0,1.0,3,1,1,1,2,0,1,0
149899,3476,0.0,3.0,0.0,8,4,3,1,4,0,4,0
150497,1454,0.0,3.0,0.0,2,1,1,2,0,0,1,1
150501,316,0.0,2.0,1.0,6,1,1,1,5,0,1,0
150701,4492,0.0,3.0,0.0,14,5,1,4,11,0,1,2
151040,3938,0.0,3.0,0.0,1,1,1,1,0,0,1,0
151265,4607,0.0,6.0,2.0,4,3,1,1,3,0,1,0
15205,2668,1.0,3.0,0.0,5,3,2,1,4,0,1,0
152441,2786,0.0,2.0,1.0,3,1,1,1,2,0,1,0
152447,2436,0.0,4.0,0.0,32,11,7,1,30,0,2,0
153495,4322,0.0,2.0,0.0,7,1,1,1,6,0,1,0
153867,4760,0.0,0.0,0.0,7,2,2,1,5,0,2,0
154047,2954,0.0,3.0,2.0,6,4,3,3,1,0,2,3
154411,3578,0.0,0.0,0.0,16,5,2,1,15,0,1,0
154695,1499,0.0,5.0,1.0,1,1,1,1,0,0,1,0
154813,13,0.0,2.0,1.0,5,1,1,1,4,0,1,0
154974,2787,0.0,3.0,1.0,6,2,2,1,4,1,1,0
155129,750,1.0,3.0,1.0,4,1,1,2,3,0,1,0
155296,2099,0.0,3.0,0.0,1,1,1,1,0,0,1,0
155429,1310,0.0,2.0,0.0,5,4,3,1,2,0,3,0
155923,1031,0.0,3.0,0.0,4,2,1,2,0,0,1,3
156094,798,0.0,3.0,0.0,11,3,2,2,9,0,1,1
156565,3105,0.0,3.0,0.0,29,18,4,5,26,0,2,1
156630,3794,0.0,2.0,null,5,1,1,1,4,0,1,0
156692,976,0.0,3.0,0.0,1,1,1,1,0,0,1,0
156787,1131,0.0,5.0,0.0,24,7,2,2,22,0,2,0
157313,1102,0.0,2.0,0.0,8,2,1,1,7,0,1,0
157482,1500,0.0,2.0,0.0,29,1,1,6,26,0,1,2
157998,4325,0.0,4.0,0.0,2,1,1,1,1,0,1,0
158403,3420,0.0,3.0,0.0,5,4,3,1,3,0,2,0
15854,3843,0.0,3.0,0.0,3,1,1,1,2,0,1,0
159023,1742,0.0,3.0,1.0,14,4,1,1,13,0,1,0
159118,2857,0.0,7.0,0.0,17,2,2,5,12,0,4,1
159971,3828,0.0,2.0,0.0,27,17,2,3,25,0,1,1
16001,1592,0.0,4.0,0.0,4,1,1,1,3,0,1,0
160037,1521,0.0,null,null,33,23,3,1,32,0,1,0
160198,2124,0.0,5.0,1.0,31,20,1,4,30,0,1,0
160363,2435,0.0,0.0,0.0,2,1,1,1,1,0,1,0
160769,4793,0.0,0.0,1.0,7,1,1,1,6,0,1,0
160862,1526,0.0,3.0,0.0,3,2,2,1,2,0,1,0
161005,946,0.0,4.0,1.0,21,16,4,2,18,0,3,0
161523,1134,0.0,0.0,0.0,1,1,1,1,0,0,1,0
161908,3484,0.0,6.0,0.0,1,1,1,1,0,0,1,0
161970,4841,0.0,3.0,1.0,5,2,1,1,4,0,1,0
162138,2180,0.0,3.0,1.0,4,2,2,1,3,0,1,0
162154,4950,0.0,5.0,0.0,1,1,1,1,0,0,1,0
162390,4605,1.0,3.0,0.0,5,1,1,2,4,0,1,0
162648,1494,0.0,0.0,0.0,10,2,1,3,7,0,2,1
162854,310,0.0,2.0,0.0,3,1,1,1,2,0,1,0
162869,4287,0.0,0.0,0.0,11,5,2,2,10,0,1,0
162896,3173,0.0,4.0,null,3,1,1,1,0,1,2,0
163053,4847,1.0,3.0,0.0,25,8,5,4,21,0,1,3
163089,3828,0.0,3.0,0.0,46,21,6,3,45,0,1,0
163177,2220,0.0,6.0,0.0,4,1,1,1,3,0,1,0
163392,1910,0.0,2.0,0.0,14,6,4,2,13,0,1,0
163647,2864,0.0,5.0,1.0,12,5,1,2,11,0,1,0
163748,2318,1.0,2.0,0.0,15,5,1,3,12,0,1,2
163875,1102,0.0,3.0,0.0,35,25,10,2,24,0,1,10
164366,314,0.0,0.0,1.0,5,4,3,1,4,0,1,0
164443,598,0.0,0.0,0.0,9,7,3,1,8,0,1,0
164612,3828,0.0,6.0,0.0,5,1,1,2,4,0,1,0
164836,3538,0.0,3.0,0.0,2,1,1,1,0,0,2,0
165012,278,0.0,4.0,1.0,1,1,1,1,0,0,1,0
165693,1833,0.0,4.0,1.0,6,6,1,2,4,0,2,0
16657,1760,0.0,4.0,1.0,6,4,1,1,4,0,2,0
166931,1500,0.0,6.0,1.0,18,11,4,2,10,1,1,6
167575,742,0.0,6.0,0.0,3,1,1,1,2,0,1,0
167963,760,0.0,2.0,0.0,5,1,1,1,4,0,1,0
168400,1028,0.0,5.0,0.0,4,3,1,1,3,0,1,0
168479,4173,0.0,0.0,0.0,21,12,3,2,16,0,1,4
169083,4966,0.0,4.0,0.0,17,10,7,1,13,0,4,0
169303,2277,0.0,0.0,1.0,15,9,3,1,14,0,1,0
170173,416,0.0,5.0,1.0,64,38,9,1,58,0,6,0
170227,4044,0.0,2.0,0.0,6,2,2,1,5,0,1,0
170260,10,1.0,5.0,0.0,31,18,3,1,28,0,1,2
170439,2217,0.0,3.0,0.0,18,7,1,2,16,0,1,1
170510,3274,0.0,3.0,0.0,8,1,1,1,4,0,4,0
170547,2273,0.0,3.0,0.0,5,2,1,1,4,0,1,0
171163,915,0.0,0.0,0.0,7,2,2,1,6,0,1,0
171250,3952,0.0,7.0,0.0,7,1,1,3,6,0,1,0
171852,1318,0.0,4.0,0.0,4,4,3,2,0,0,3,1
171974,4976,0.0,0.0,0.0,1,1,1,1,0,0,1,0
172203,2891,0.0,4.0,0.0,15,7,2,2,13,0,2,0
172349,2537,0.0,5.0,0.0,4,2,2,1,2,0,1,1
172355,3828,0.0,4.0,0.0,6,3,3,2,5,0,1,0
172545,361,0.0,6.0,1.0,24,10,1,3,20,0,2,2
172571,1526,0.0,3.0,0.0,10,2,1,3,9,0,1,0
172652,3399,0.0,4.0,0.0,7,3,1,2,6,0,1,0
173461,798,0.0,2.0,0.0,5,1,1,2,3,0,1,1
173542,3524,0.0,0.0,1.0,4,1,1,2,3,0,1,0
1737,2026,0.0,0.0,0.0,8,1,1,3,6,0,2,0
174148,121,0.0,4.0,1.0,41,22,9,5,40,0,1,0
174999,2048,0.0,2.0,1.0,5,3,1,1,4,0,1,0
176037,3328,0.0,5.0,2.0,6,1,1,1,2,0,3,1
176395,2138,1.0,4.0,0.0,2,2,2,2,1,0,1,0
176601,1923,0.0,2.0,0.0,2,1,1,1,1,0,1,0
176779,24,0.0,5.0,1.0,4,1,1,2,3,0,1,0
177780,200,0.0,2.0,0.0,5,1,1,2,4,0,1,0
178044,4044,0.0,3.0,0.0,24,13,3,2,22,0,1,1
178368,1760,0.0,6.0,0.0,6,2,1,2,5,0,1,0
179006,423,0.0,3.0,2.0,3,1,1,1,2,0,1,0
179048,3828,1.0,3.0,0.0,2,1,1,1,1,0,1,0
179077,437,0.0,3.0,0.0,9,2,2,1,7,0,2,0
17918,4198,0.0,0.0,0.0,5,1,1,1,4,0,1,0
179517,3103,0.0,0.0,null,8,3,1,1,7,0,1,0
179783,4659,0.0,4.0,0.0,9,3,2,2,6,0,2,1
179788,2928,0.0,3.0,1.0,2,1,1,1,1,0,1,0
180144,1393,0.0,6.0,0.0,5,3,2,1,4,0,1,0
180187,2721,0.0,4.0,0.0,9,4,2,2,8,0,1,0
180222,3163,0.0,3.0,1.0,8,2,1,1,5,0,3,0
180549,4090,0.0,0.0,0.0,6,1,1,1,5,0,1,0
180680,1168,0.0,3.0,0.0,4,1,1,1,3,0,1,0
180680,3227,0.0,3.0,0.0,2,1,1,1,1,0,1,0
18096,1816,0.0,0.0,0.0,11,2,1,2,8,0,1,2
181489,4335,0.0,4.0,2.0,11,3,1,1,9,0,2,0
181634,4729,0.0,2.0,0.0,13,7,3,3,0,0,1,12
181772,1760,1.0,4.0,0.0,25,18,2,2,24,0,1,0
181855,798,0.0,4.0,0.0,2,1,1,1,1,0,1,0
181868,760,0.0,3.0,0.0,3,1,1,1,2,0,1,0
182023,835,0.0,4.0,1.0,3,1,1,1,2,0,1,0
182343,1749,0.0,4.0,0.0,9,6,5,1,8,0,1,0
182368,437,0.0,4.0,0.0,30,21,4,4,25,0,2,3
182467,2537,0.0,4.0,0.0,5,2,1,1,4,0,1,0
182567,684,0.0,0.0,0.0,8,7,3,2,6,0,2,0
182707,35,0.0,0.0,0.0,6,1,1,1,5,0,1,0
182772,511,0.0,3.0,0.0,10,2,1,2,8,0,1,1
183125,1742,0.0,2.0,0.0,8,6,1,3,5,0,1,2
183138,4351,0.0,0.0,0.0,7,2,2,1,5,0,2,0
183527,2128,1.0,3.0,0.0,5,3,2,1,3,0,2,0
183793,1972,0.0,4.0,1.0,2,1,1,1,1,0,1,0
184035,2193,0.0,6.0,0.0,2,1,1,1,1,0,1,0
184193,4966,0.0,3.0,0.0,1,1,1,1,0,0,1,0
184351,4818,0.0,3.0,1.0,38,18,8,2,37,0,1,0
184365,10,0.0,0.0,0.0,8,5,2,1,7,0,1,0
184444,1495,0.0,3.0,1.0,6,1,1,1,5,0,1,0
184474,1512,0.0,7.0,0.0,67,30,3,3,61,5,1,0
184752,1494,0.0,5.0,0.0,12,5,2,2,11,0,1,0
184860,2422,0.0,6.0,0.0,9,2,1,1,8,0,1,0
185442,4201,0.0,3.0,1.0,6,1,1,1,4,0,1,1
185689,1808,0.0,5.0,0.0,7,3,2,3,6,0,1,0
185695,2860,0.0,0.0,0.0,2,1,1,1,1,0,1,0
185974,4287,0.0,0.0,0.0,3,2,2,1,1,0,2,0
186034,3967,0.0,2.0,1.0,15,4,2,1,12,0,2,1
186785,3173,0.0,0.0,0.0,13,1,1,2,10,0,3,0
186849,1642,0.0,7.0,0.0,8,3,2,2,7,0,1,0
186945,1522,0.0,0.0,0.0,12,4,2,2,9,0,1,2
187083,2810,0.0,0.0,0.0,7,1,1,2,5,0,1,1
187323,24,0.0,3.0,1.0,4,2,1,2,3,0,1,0
187521,104,0.0,3.0,0.0,3,1,1,1,2,0,1,0
187581,2565,0.0,0.0,0.0,32,18,2,6,31,0,1,0
187604,1570,0.0,3.0,0.0,2,1,1,2,1,0,1,0
189068,1346,0.0,6.0,0.0,17,4,1,3,14,0,1,2
189329,2935,0.0,4.0,1.0,3,1,1,1,2,0,1,0
189382,2608,0.0,2.0,0.0,3,1,1,1,2,0,1,0
189583,4864,0.0,5.0,1.0,2,1,1,1,1,0,1,0
189866,4864,0.0,0.0,0.0,1,1,1,1,0,0,1,0
190057,216,0.0,0.0,0.0,3,1,1,1,1,0,1,1
19110,127,0.0,3.0,null,3,2,2,1,2,0,1,0
191363,773,0.0,5.0,0.0,1,1,1,1,0,0,1,0
191540,66,0.0,6.0,1.0,1,1,1,1,0,0,1,0
191794,4309,0.0,5.0,0.0,5,1,1,4,4,0,1,0
192110,927,0.0,2.0,0.0,1,1,1,1,0,0,1,0
192277,758,0.0,4.0,1.0,2,1,1,1,1,0,1,0
192996,3055,0.0,6.0,0.0,5,1,1,1,4,0,1,0
193074,4950,0.0,4.0,1.0,12,7,3,6,11,0,1,0
193095,798,0.0,5.0,0.0,1,1,1,1,0,0,1,0
193608,4173,0.0,0.0,0.0,24,19,6,9,23,0,1,0
195632,114,0.0,2.0,0.0,5,2,2,1,4,0,1,0
196281,3538,1.0,2.0,0.0,4,1,1,2,3,0,1,0
196327,4090,0.0,5.0,0.0,2,1,1,1,0,0,1,1
196365,1749,0.0,5.0,0.0,3,2,1,1,2,0,1,0
196609,4249,0.0,0.0,0.0,11,7,1,1,10,0,1,0
197525,148,0.0,3.0,1.0,3,2,1,1,1,0,2,0
197720,3323,0.0,4.0,0.0,8,3,1,1,7,0,1,0
197756,4818,0.0,4.0,2.0,1,1,1,1,0,0,1,0
198126,133,0.0,7.0,0.0,8,2,1,2,6,0,1,1
198682,2768,0.0,4.0,1.0,11,8,3,2,10,0,1,0
19872,1467,0.0,2.0,0.0,2,1,1,2,1,0,1,0
198851,1489,0.0,5.0,0.0,2,1,1,1,1,0,1,0
199812,4731,0.0,0.0,0.0,3,1,1,1,2,0,1,0
199890,1506,0.0,2.0,1.0,4,2,2,2,1,0,2,1
200208,951,1.0,0.0,0.0,5,2,1,1,4,0,1,0
200658,1521,0.0,6.0,0.0,2,1,1,1,1,0,1,0
200776,3420,0.0,0.0,0.0,17,7,4,3,13,0,1,3
200811,2055,0.0,4.0,0.0,4,1,1,2,2,0,1,1
200877,3578,0.0,4.0,0.0,22,4,2,4,17,0,1,4
200955,3828,1.0,0.0,0.0,1,1,1,1,0,0,1,0
200958,4475,0.0,0.0,0.0,3,1,1,1,2,0,1,0
201183,4976,0.0,2.0,0.0,4,3,2,1,3,0,1,0
201191,301,0.0,2.0,1.0,6,1,1,1,5,0,1,0
201613,4325,0.0,3.0,0.0,4,1,1,2,2,0,2,0
202100,1861,1.0,0.0,0.0,2,1,1,2,0,0,1,1
202346,4966,0.0,4.0,0.0,3,3,3,1,0,0,2,1
202885,1831,0.0,0.0,2.0,2,1,1,1,1,0,1,0
202927,4270,0.0,4.0,0.0,2,1,1,1,1,0,1,0
202936,2242,0.0,4.0,0.0,18,11,5,1,17,0,1,0
203070,3239,0.0,6.0,1.0,4,1,1,2,3,0,1,0
203221,3163,0.0,3.0,0.0,21,7,2,1,18,0,3,0
203664,4701,0.0,2.0,1.0,3,1,1,2,2,0,1,0
204261,4050,0.0,3.0,1.0,6,2,1,2,4,0,1,1
204751,1142,0.0,0.0,1.0,10,2,1,1,9,0,1,0
204768,4554,0.0,0.0,1.0,6,1,1,2,4,0,1,1
204982,1861,0.0,0.0,0.0,6,1,1,1,4,0,2,0
205084,4067,0.0,3.0,1.0,8,2,1,1,7,0,1,0
205614,1166,0.0,4.0,0.0,1,1,1,1,0,0,1,0
206189,4015,0.0,0.0,1.0,6,1,1,2,4,0,1,1
206438,1352,0.0,2.0,0.0,3,1,1,3,0,0,1,2
206489,1944,0.0,0.0,0.0,6,1,1,1,5,0,1,0
206517,4871,0.0,0.0,0.0,9,2,1,2,7,0,2,0
206845,4659,0.0,6.0,0.0,8,3,2,1,7,0,1,0
20696,794,0.0,3.0,1.0,2,1,1,1,1,0,1,0
207780,3088,0.0,5.0,0.0,4,1,1,1,3,0,1,0
208137,323,0.0,3.0,1.0,9,2,1,1,8,0,1,0
208698,3085,0.0,3.0,0.0,5,2,1,2,3,0,1,1
208800,4650,0.0,0.0,0.0,2,1,1,1,1,0,1,0
208895,1310,0.0,3.0,1.0,8,3,3,2,6,0,1,1
208992,2052,0.0,4.0,0.0,6,3,2,2,3,0,1,2
209078,1102,0.0,0.0,0.0,21,9,5,4,18,0,1,2
209113,4090,0.0,5.0,1.0,8,1,1,3,7,0,1,0
209419,2891,0.0,null,null,8,1,1,2,7,0,1,0
209877,3460,0.0,5.0,0.0,7,1,1,1,6,0,1,0
209959,534,0.0,4.0,0.0,15,8,1,2,14,0,1,0
209977,4349,0.0,0.0,0.0,5,2,1,1,3,0,2,0
210052,793,0.0,6.0,1.0,2,1,1,1,1,0,1,0
21012,2565,0.0,3.0,0.0,11,4,1,1,10,0,1,0
210591,4976,0.0,4.0,1.0,46,24,10,3,44,0,2,0
210743,2440,0.0,4.0,0.0,15,9,7,4,12,0,2,1
211405,258,0.0,5.0,1.0,12,3,1,1,11,0,1,0
211500,1899,0.0,2.0,0.0,4,2,1,3,3,0,1,0
211603,2279,0.0,2.0,0.0,12,9,4,2,11,0,1,0
211693,2795,0.0,4.0,2.0,9,5,4,1,6,0,3,0
211833,3734,1.0,6.0,1.0,3,2,2,3,1,0,1,1
211893,3898,0.0,3.0,0.0,3,1,1,1,2,0,1,0
211893,4197,0.0,3.0,0.0,5,1,1,1,4,0,1,0
212705,2217,1.0,4.0,0.0,7,4,2,3,6,0,1,0
213332,121,0.0,4.0,1.0,2,1,1,1,1,0,1,0
213515,1062,0.0,6.0,1.0,16,5,1,3,15,0,1,0
213609,3230,0.0,3.0,1.0,11,2,1,4,10,0,1,0
213895,661,0.0,4.0,0.0,12,3,1,1,11,0,1,0
21488,3701,0.0,0.0,1.0,2,1,1,1,1,0,1,0
21492,2565,0.0,0.0,1.0,2,1,1,1,1,0,1,0
214988,588,0.0,2.0,0.0,5,1,1,1,4,0,1,0
215341,4316,0.0,7.0,0.0,2,1,1,1,1,0,1,0
215690,2193,0.0,4.0,0.0,4,1,1,1,3,0,1,0
216515,4173,0.0,5.0,0.0,11,9,4,2,10,0,1,0
216586,1787,0.0,4.0,1.0,2,1,1,1,1,0,1,0
216995,2441,0.0,3.0,0.0,4,2,1,1,3,0,1,0
217046,4438,0.0,6.0,0.0,3,1,1,1,2,0,1,0
217084,132,0.0,5.0,0.0,3,2,1,1,2,0,1,0
217229,1487,0.0,0.0,0.0,11,7,1,3,9,0,1,1
217257,2031,0.0,0.0,0.0,13,6,2,1,12,0,1,0
218043,4177,0.0,5.0,1.0,6,3,2,1,4,0,2,0
218194,1512,0.0,6.0,1.0,15,7,1,1,13,0,2,0
218249,2173,0.0,0.0,0.0,24,5,1,4,20,0,1,3
219591,1833,0.0,3.0,0.0,5,2,1,1,4,0,1,0
219726,1310,0.0,3.0,0.0,27,9,5,1,24,0,3,0
219730,239,0.0,0.0,0.0,7,2,1,1,6,0,1,0
219777,4775,0.0,4.0,0.0,3,1,1,1,2,0,1,0
219782,1712,0.0,5.0,0.0,3,1,1,1,2,0,1,0
219798,2273,0.0,4.0,1.0,9,3,1,1,8,0,1,0
220064,2608,0.0,0.0,1.0,10,3,1,1,9,0,1,0
220455,3205,0.0,3.0,0.0,1,1,1,1,0,0,1,0
221093,2711,0.0,6.0,0.0,1,1,1,1,0,0,1,0
221233,2482,0.0,3.0,0.0,4,2,2,1,3,0,1,0
22156,3327,0.0,4.0,0.0,5,1,1,1,4,0,1,0
221692,4234,1.0,6.0,1.0,95,58,8,8,91,0,4,0
221942,4730,0.0,4.0,0.0,1,1,1,1,0,0,1,0
221946,416,0.0,0.0,0.0,10,5,1,2,9,0,1,0
221949,2217,0.0,5.0,1.0,4,1,1,2,3,0,1,0
222203,467,0.0,4.0,2.0,6,3,3,1,5,0,1,0
222372,3835,0.0,0.0,0.0,5,1,1,1,4,0,1,0
222546,3609,0.0,2.0,0.0,11,7,1,1,10,0,1,0
223363,3835,1.0,4.0,0.0,12,7,2,1,10,0,2,0
223407,1346,1.0,3.0,0.0,3,2,1,2,2,0,1,0
22343,1760,0.0,0.0,0.0,6,2,1,2,3,0,1,2
223540,2939,0.0,3.0,1.0,20,3,1,3,19,0,1,0
22361,2447,0.0,3.0,1.0,12,2,1,3,9,2,1,0
223611,474,0.0,3.0,2.0,2,1,1,1,1,0,1,0
224498,3734,0.0,0.0,0.0,17,9,5,2,16,0,1,0
224864,1708,0.0,6.0,0.0,13,6,2,4,12,0,1,0
22492,3173,0.0,0.0,0.0,2,1,1,1,1,0,1,0
225119,3585,0.0,5.0,0.0,12,10,1,1,11,0,1,0
225140,4044,0.0,2.0,0.0,8,2,2,1,5,0,2,1
225144,2935,0.0,3.0,1.0,1,1,1,1,0,0,1,0
225172,4966,0.0,4.0,0.0,4,2,2,1,3,0,1,0
225768,663,0.0,5.0,0.0,12,5,3,3,11,0,1,0
225970,1854,0.0,3.0,1.0,5,1,1,3,4,0,1,0
226184,35,0.0,3.0,null,3,1,1,2,2,0,1,0
226651,4137,0.0,0.0,2.0,8,2,1,1,7,0,1,0
226786,2138,0.0,3.0,1.0,37,18,8,1,33,0,4,0
227361,4090,0.0,5.0,0.0,35,13,2,3,34,0,1,0
227428,1816,0.0,2.0,1.0,2,1,1,2,1,0,1,0
227582,467,0.0,3.0,0.0,9,3,2,1,7,0,2,0
228140,3689,0.0,4.0,0.0,1,1,1,1,0,0,1,0
228216,2273,0.0,3.0,1.0,1,1,1,1,0,0,1,0
228471,4976,0.0,3.0,0.0,9,4,3,2,8,0,1,0
228524,598,0.0,2.0,1.0,32,20,4,7,30,0,1,1
228606,643,0.0,4.0,0.0,2,2,2,1,0,0,2,0
228710,1203,0.0,0.0,0.0,4,2,1,1,3,0,1,0
229021,3239,0.0,0.0,0.0,4,1,1,2,2,0,1,1
22928,4083,0.0,0.0,0.0,3,1,1,1,2,0,1,0
229387,314,0.0,0.0,1.0,3,1,1,1,2,0,1,0
229975,1200,0.0,3.0,1.0,2,1,1,1,1,0,1,0
230752,1487,0.0,0.0,0.0,2,1,1,1,1,0,1,0
230921,1487,0.0,6.0,0.0,12,5,2,4,11,0,1,0
231019,790,0.0,0.0,0.0,11,6,4,6,9,0,2,0
231128,4933,0.0,3.0,2.0,1,1,1,1,0,0,1,0
231186,4864,0.0,0.0,0.0,3,1,1,1,2,0,1,0
231363,3411,0.0,5.0,0.0,2,1,1,1,1,0,1,0
231712,4765,0.0,4.0,0.0,1,1,1,1,0,0,1,0
231714,1102,0.0,3.0,0.0,7,3,2,2,5,0,2,0
231894,798,0.0,0.0,0.0,53,16,8,2,50,0,3,0
231982,1272,0.0,6.0,1.0,13,4,2,2,11,1,1,0
232686,4577,0.0,3.0,0.0,4,1,1,2,3,0,1,0
23302,1557,0.0,5.0,1.0,10,6,4,3,9,0,1,0
233515,643,0.0,5.0,0.0,12,8,2,3,11,0,1,0
233690,2977,0.0,3.0,0.0,4,1,1,1,3,0,1,0
233796,1393,0.0,6.0,0.0,19,3,2,3,18,0,1,0
233903,2278,0.0,2.0,0.0,7,4,3,1,6,0,1,0
234654,3734,0.0,4.0,1.0,3,1,1,1,1,0,2,0
234756,3471,0.0,6.0,0.0,6,2,1,3,5,0,1,0
235393,3910,0.0,0.0,0.0,6,2,2,2,5,0,1,0
235463,2954,0.0,3.0,0.0,9,5,2,2,6,0,2,1
236084,4273,0.0,4.0,0.0,1,1,1,1,0,0,1,0
236153,4860,0.0,3.0,1.0,4,1,1,1,3,0,1,0
236172,598,0.0,2.0,0.0,1,1,1,1,0,0,1,0
236511,4705,0.0,0.0,0.0,14,6,1,1,10,0,4,0
236740,133,0.0,4.0,1.0,26,15,1,1,25,0,1,0
237062,4712,0.0,3.0,0.0,8,3,2,1,7,0,1,0
23715,4049,0.0,4.0,0.0,2,2,2,1,0,0,2,0
237566,786,1.0,3.0,0.0,3,1,1,1,2,0,1,0
238303,2631,0.0,3.0,0.0,48,17,9,9,43,0,4,1
238343,598,0.0,4.0,1.0,4,1,1,1,3,0,1,0
239370,784,0.0,2.0,0.0,13,5,4,6,12,0,1,0
240486,4173,0.0,3.0,0.0,2,1,1,1,0,0,1,1
240742,4048,0.0,0.0,0.0,3,2,1,1,2,0,1,0
240821,3323,1.0,2.0,0.0,13,4,1,1,10,0,3,0
240992,963,0.0,6.0,0.0,1,1,1,1,0,0,1,0
24105,1895,1.0,0.0,0.0,7,2,1,1,6,0,1,0
241099,3152,0.0,4.0,1.0,5,2,1,3,4,0,1,0
241465,1900,1.0,0.0,1.0,2,1,1,1,1,0,1,0
241780,4267,0.0,4.0,0.0,1,1,1,1,0,0,1,0
241950,4173,0.0,6.0,0.0,6,5,2,1,5,0,1,0
242077,3898,0.0,6.0,0.0,4,1,1,1,3,0,1,0
242089,246,0.0,4.0,0.0,1,1,1,1,0,0,1,0
242349,1077,0.0,5.0,0.0,7,2,1,1,5,0,1,1
242604,4040,0.0,4.0,0.0,10,7,3,1,8,0,2,0
243231,2014,0.0,3.0,0.0,13,2,1,2,12,0,1,0
243342,3350,0.0,5.0,0.0,15,4,2,5,13,0,1,1
243721,4282,0.0,2.0,1.0,36,17,4,2,34,0,2,0
244228,2791,0.0,0.0,0.0,4,2,2,1,3,0,1,0
244246,1102,0.0,3.0,0.0,13,7,5,2,12,0,1,0
244274,4976,0.0,0.0,0.0,41,26,8,4,38,0,3,0
244607,1618,0.0,4.0,null,5,2,1,2,4,0,1,0
244681,4220,0.0,7.0,2.0,14,2,1,1,11,0,3,0
245930,3984,1.0,6.0,0.0,27,17,7,2,20,0,7,0
246136,2900,0.0,3.0,0.0,14,1,1,6,12,0,1,1
246456,4919,0.0,4.0,0.0,4,1,1,1,3,0,1,0
247168,3537,0.0,0.0,1.0,7,1,1,1,6,0,1,0
24721,2760,0.0,0.0,0.0,1,1,1,1,0,0,1,0
247663,1353,0.0,3.0,1.0,6,3,2,1,5,0,1,0
247862,2229,0.0,3.0,0.0,16,8,6,3,14,0,2,0
247895,598,1.0,6.0,0.0,15,1,1,1,14,0,1,0
248021,2,0.0,4.0,1.0,10,5,3,1,8,0,2,0
248176,3578,0.0,3.0,0.0,4,2,1,2,3,0,1,0
248463,2565,0.0,3.0,0.0,5,2,1,1,4,0,1,0
248856,322,0.0,3.0,null,2,1,1,2,1,0,1,0
248922,1692,0.0,3.0,0.0,7,4,1,1,6,0,1,0
24977,4394,0.0,3.0,0.0,11,4,1,4,10,0,1,0
249794,2849,0.0,5.0,0.0,82,36,12,10,80,0,1,1
250407,1116,0.0,4.0,0.0,2,2,1,1,0,0,2,0
250511,4368,0.0,0.0,0.0,4,2,2,1,2,0,2,0
250696,3828,0.0,6.0,1.0,4,2,2,2,3,0,1,0
250813,1102,0.0,3.0,0.0,7,3,2,3,4,0,1,2
250819,4091,0.0,0.0,0.0,9,5,1,2,8,0,1,0
251000,3898,0.0,5.0,0.0,4,1,1,1,2,0,2,0
251139,1557,0.0,3.0,1.0,3,2,2,1,2,0,1,0
251354,474,0.0,5.0,1.0,2,1,1,2,1,0,1,0
251605,4558,0.0,3.0,1.0,2,1,1,1,1,0,1,0
251787,3420,1.0,0.0,0.0,6,3,1,1,5,0,1,0
251894,3577,0.0,4.0,1.0,1,1,1,1,0,0,1,0
252144,2824,0.0,4.0,0.0,3,1,1,1,2,0,1,0
252341,4131,0.0,2.0,0.0,18,2,1,4,15,0,2,1
252959,4950,0.0,2.0,1.0,12,4,3,4,11,0,1,0
253060,2173,0.0,4.0,1.0,2,1,1,1,1,0,1,0
253124,3473,0.0,6.0,0.0,14,6,2,2,11,0,2,1
253210,3675,0.0,6.0,0.0,1,1,1,1,0,0,1,0
253702,2511,0.0,0.0,0.0,4,1,1,1,2,0,1,1
253884,2066,0.0,2.0,0.0,11,5,1,2,10,0,1,0
253888,1704,0.0,4.0,0.0,11,7,1,4,10,0,1,0
254013,1399,0.0,5.0,1.0,21,9,2,3,20,0,1,0
254096,3016,1.0,2.0,1.0,3,2,2,2,2,0,1,0
254161,4394,0.0,0.0,0.0,4,3,1,1,3,0,1,0
254309,1556,1.0,0.0,0.0,9,3,3,1,8,0,1,0
254967,2569,0.0,6.0,0.0,5,1,1,2,4,0,1,0
255030,598,0.0,2.0,1.0,29,15,1,8,22,0,1,6
255438,1923,0.0,6.0,1.0,5,2,1,1,4,0,1,0
255798,3236,0.0,3.0,0.0,2,1,1,1,1,0,1,0
256113,1742,0.0,3.0,1.0,6,2,1,1,4,0,2,0
256123,797,0.0,0.0,0.0,5,4,1,1,4,0,1,0
256430,1705,0.0,3.0,0.0,8,6,2,1,7,0,1,0
256941,4659,0.0,3.0,0.0,13,4,2,3,12,0,1,0
257826,2205,0.0,3.0,1.0,2,2,1,1,0,0,2,0
257983,3274,0.0,3.0,0.0,4,1,1,1,1,0,3,0
258055,794,0.0,4.0,1.0,10,6,1,3,9,0,1,0
258089,63,0.0,3.0,0.0,17,6,3,2,12,3,2,0
259159,1013,0.0,6.0,1.0,3,2,2,1,2,0,1,0
259270,4829,0.0,4.0,1.0,2,1,1,1,1,0,1,0
259291,4558,0.0,2.0,0.0,8,3,1,2,7,0,1,0
259511,4394,1.0,4.0,0.0,3,1,1,2,1,0,1,1
259921,4062,0.0,0.0,0.0,7,1,1,2,6,0,1,0
261475,1703,0.0,4.0,0.0,1,1,1,1,0,0,1,0
261882,2928,0.0,4.0,0.0,4,2,1,1,3,0,1,0
261940,2537,0.0,3.0,0.0,4,1,1,1,3,0,1,0
261948,2709,0.0,6.0,0.0,3,1,1,1,2,0,1,0
262354,3529,0.0,5.0,0.0,34,16,6,5,28,0,2,4
262588,2618,0.0,4.0,0.0,4,2,1,2,3,0,1,0
262694,2768,0.0,4.0,1.0,3,2,2,2,1,0,2,0
263036,3828,0.0,null,null,4,2,1,2,3,0,1,0
263331,1470,0.0,4.0,1.0,3,1,1,3,2,0,1,0
263636,4280,0.0,3.0,0.0,5,2,1,2,4,0,1,0
26483,653,0.0,2.0,1.0,23,6,5,2,19,0,4,0
265055,4043,1.0,3.0,0.0,5,2,1,2,4,0,1,0
265125,4585,0.0,4.0,1.0,12,8,5,3,10,0,2,0
265494,1346,0.0,0.0,0.0,9,3,1,3,8,0,1,0
265982,4858,1.0,5.0,0.0,2,1,1,2,0,0,1,1
26652,1892,0.0,3.0,0.0,11,5,3,1,6,0,5,0
266552,731,0.0,4.0,0.0,12,4,1,2,11,0,1,0
267034,4234,0.0,6.0,0.0,11,4,4,2,7,0,4,0
267754,1340,1.0,0.0,0.0,3,1,1,1,2,0,1,0
267855,2424,0.0,6.0,0.0,12,4,1,3,11,0,1,0
267984,742,0.0,3.0,1.0,5,1,1,1,4,0,1,0
26802,4536,0.0,0.0,0.0,5,1,1,1,4,0,1,0
268284,2592,0.0,0.0,1.0,19,12,5,1,16,0,3,0
268454,275,0.0,4.0,0.0,4,2,2,2,3,0,1,0
268463,951,0.0,2.0,0.0,6,2,1,1,5,0,1,0
268925,2273,0.0,4.0,0.0,3,1,1,1,2,0,1,0
268932,4966,0.0,0.0,0.0,6,1,1,2,5,0,1,0
268994,1102,0.0,0.0,1.0,27,4,3,2,26,0,1,0
269029,1900,0.0,5.0,1.0,8,2,1,1,6,0,2,0
269098,3609,0.0,3.0,0.0,11,5,1,3,9,0,1,1
269109,3022,0.0,2.0,1.0,7,5,2,3,6,0,1,0
26934,474,0.0,3.0,1.0,4,1,1,1,2,0,1,1
269781,747,0.0,0.0,0.0,5,1,1,1,4,0,1,0
269876,3420,0.0,0.0,0.0,5,2,2,3,4,0,1,0
270382,4049,0.0,2.0,0.0,1,1,1,1,0,0,1,0
2713,718,1.0,0.0,0.0,29,11,3,2,25,0,2,2
271896,3152,1.0,4.0,1.0,21,11,2,2,17,0,3,1
272375,437,0.0,0.0,0.0,16,4,2,9,14,0,1,1
272427,2099,0.0,3.0,0.0,2,1,1,1,1,0,1,0
27264,4282,0.0,3.0,0.0,113,26,4,3,104,0,8,1
272691,3350,0.0,4.0,1.0,10,1,1,2,9,0,1,0
272838,4605,1.0,3.0,0.0,3,1,1,2,2,0,1,0
273062,1054,0.0,0.0,0.0,40,8,1,4,39,0,1,0
273536,4083,0.0,4.0,1.0,1,1,1,1,0,0,1,0
274429,4044,0.0,6.0,0.0,6,1,1,1,5,0,1,0
274483,2664,0.0,3.0,0.0,17,8,3,2,15,0,2,0
274572,189,0.0,null,null,21,6,4,1,18,1,2,0
274885,2721,0.0,5.0,1.0,9,5,2,3,7,0,2,0
276462,4829,0.0,0.0,0.0,3,1,1,1,2,0,1,0
276892,3614,0.0,0.0,0.0,24,5,5,4,21,0,1,2
277020,3683,0.0,3.0,1.0,1,1,1,1,0,0,1,0
277020,3936,0.0,3.0,1.0,1,1,1,1,0,0,1,0
277211,4116,0.0,2.0,1.0,23,8,2,1,21,0,2,0
277247,3205,0.0,6.0,0.0,5,1,1,2,4,0,1,0
277462,1760,0.0,3.0,0.0,14,3,1,3,12,0,2,0
278079,2505,0.0,3.0,0.0,3,1,1,1,2,0,1,0
278127,437,0.0,2.0,0.0,49,19,2,4,47,0,1,1
278306,3271,0.0,4.0,0.0,4,1,1,1,3,0,1,0
278507,3623,0.0,0.0,0.0,2,1,1,1,1,0,1,0
278595,1890,0.0,3.0,0.0,8,1,1,3,6,0,1,1
279038,3614,0.0,4.0,0.0,14,4,3,4,12,0,1,1
279070,1642,0.0,0.0,0.0,2,1,1,1,1,0,1,0
279288,2883,0.0,6.0,0.0,5,1,1,1,4,0,1,0
280189,1472,0.0,3.0,0.0,7,3,1,1,6,0,1,0
280488,2436,0.0,4.0,0.0,8,2,1,1,7,0,1,0
28060,4322,0.0,3.0,0.0,2,1,1,1,1,0,1,0
280629,222,0.0,0.0,1.0,8,2,1,3,7,0,1,0
280946,2545,0.0,4.0,0.0,5,2,2,1,4,0,1,0
28104,2994,0.0,7.0,0.0,3,1,1,1,2,0,1,0
281101,3771,0.0,4.0,0.0,3,1,1,1,2,0,1,0
28153,1495,0.0,0.0,0.0,1,1,1,1,0,0,1,0
281538,141,0.0,3.0,1.0,1,1,1,1,0,0,1,0
281843,416,0.0,3.0,0.0,54,32,8,1,50,0,4,0
281851,29,0.0,0.0,1.0,6,1,1,1,5,0,1,0
2821,219,0.0,0.0,0.0,4,3,1,1,3,0,1,0
282185,2108,0.0,2.0,1.0,5,1,1,2,4,0,1,0
282456,2652,0.0,0.0,0.0,5,2,1,1,4,0,1,0
282554,2664,0.0,3.0,0.0,1,1,1,1,0,0,1,0
282927,778,0.0,4.0,0.0,1,1,1,1,0,0,1,0
283569,1203,0.0,3.0,0.0,32,19,7,2,26,0,1,5
283998,361,0.0,6.0,0.0,19,3,2,5,16,0,1,2
284277,301,1.0,3.0,0.0,2,1,1,1,0,0,2,0
285372,1131,0.0,2.0,0.0,8,5,2,2,7,0,1,0
285928,1997,0.0,5.0,0.0,4,1,1,1,3,0,1,0
286030,3472,0.0,3.0,1.0,19,2,1,2,18,0,1,0
286144,3205,0.0,4.0,1.0,14,8,2,1,5,0,1,8
286407,278,0.0,3.0,0.0,15,7,2,1,13,0,1,1
286419,685,0.0,5.0,0.0,4,2,1,1,2,0,2,0
286960,14,1.0,3.0,0.0,3,3,3,1,0,0,3,0
287330,3318,0.0,0.0,0.0,5,3,1,1,4,0,1,0
287682,1738,0.0,5.0,1.0,3,1,1,1,2,0,1,0
287964,4044,0.0,3.0,0.0,11,3,2,2,8,2,1,0
288008,3274,0.0,0.0,0.0,4,1,1,1,2,0,2,0
28843,2608,0.0,0.0,1.0,3,1,1,1,2,0,1,0
288488,1360,0.0,6.0,0.0,7,3,1,1,6,0,1,0
28853,4079,0.0,0.0,0.0,6,1,1,1,3,0,3,0
288571,4444,0.0,6.0,1.0,4,3,1,1,3,0,1,0
288613,326,0.0,3.0,0.0,2,1,1,1,1,0,1,0
289544,2775,0.0,4.0,0.0,80,29,11,6,74,0,3,3
289819,4585,0.0,0.0,0.0,1,1,1,1,0,0,1,0
289912,390,0.0,3.0,0.0,3,1,1,1,2,0,1,0
290113,1134,0.0,0.0,0.0,2,1,1,1,1,0,1,0
290317,1936,0.0,3.0,0.0,1,1,1,1,0,0,1,0
290510,2127,0.0,0.0,0.0,8,1,1,1,7,0,1,0
291072,3091,0.0,4.0,0.0,3,2,2,1,2,0,1,0
291382,2954,0.0,3.0,2.0,2,1,1,1,1,0,1,0
291583,4950,0.0,7.0,0.0,3,2,1,1,1,0,2,0
291670,1353,0.0,3.0,1.0,3,1,1,1,2,0,1,0
291695,2928,0.0,0.0,0.0,5,3,2,1,4,0,1,0
292399,3839,0.0,0.0,0.0,28,6,2,1,26,0,2,0
293047,4026,0.0,0.0,1.0,6,3,2,1,5,0,1,0
29328,4072,0.0,3.0,0.0,9,4,2,1,8,0,1,0
293729,1875,0.0,4.0,0.0,3,1,1,1,2,0,1,0
293836,2278,1.0,3.0,0.0,7,3,1,2,5,0,2,0
294192,598,0.0,3.0,1.0,24,12,3,2,23,0,1,0
294469,3163,0.0,4.0,1.0,8,2,2,1,5,0,3,0
294821,4605,0.0,2.0,0.0,19,10,5,3,18,0,1,0
295180,1013,0.0,0.0,0.0,14,8,3,4,13,0,1,0
295796,1093,0.0,0.0,1.0,7,4,1,3,6,0,1,0
296138,3828,0.0,2.0,0.0,15,7,7,1,14,0,1,0
296154,3683,0.0,5.0,0.0,1,1,1,1,0,0,1,0
296181,2397,0.0,4.0,1.0,8,3,2,2,6,0,2,0
296194,1407,0.0,0.0,1.0,20,11,1,2,17,0,2,1
296500,4067,0.0,2.0,0.0,6,2,2,3,5,0,1,0
29683,2403,0.0,4.0,0.0,18,6,1,3,17,0,1,0
297706,3623,0.0,5.0,0.0,8,7,1,1,7,0,1,0
297777,2569,0.0,0.0,0.0,7,2,1,2,5,0,1,1
299313,1203,0.0,4.0,0.0,13,4,4,2,12,0,1,0
299761,2124,0.0,3.0,1.0,2,1,1,1,1,0,1,0
299899,1298,0.0,0.0,1.0,6,1,1,1,5,0,1,0
300151,3016,0.0,4.0,2.0,2,2,2,1,0,0,2,0
300633,2099,1.0,0.0,0.0,9,3,2,3,7,0,2,0
300853,2869,0.0,3.0,0.0,2,1,1,1,1,0,1,0
300899,2915,0.0,4.0,1.0,7,3,3,1,6,0,1,0
301735,3022,0.0,3.0,1.0,4,3,2,2,3,0,1,0
3023,4512,0.0,0.0,0.0,2,1,1,1,1,0,1,0
302783,1833,0.0,5.0,0.0,2,1,1,1,1,0,1,0
302817,598,0.0,3.0,0.0,16,9,3,1,15,0,1,0
302909,4950,0.0,3.0,0.0,13,9,7,3,12,0,1,0
302913,503,0.0,0.0,1.0,11,4,1,1,10,0,1,0
303265,958,0.0,7.0,0.0,76,23,1,17,73,0,2,1
303570,1346,0.0,4.0,1.0,6,3,1,3,5,0,1,0
303849,3181,0.0,3.0,1.0,13,2,1,2,12,0,1,0
303955,4131,0.0,0.0,0.0,5,1,1,2,4,0,1,0
304085,2189,0.0,3.0,0.0,4,1,1,2,3,0,1,0
30431,3159,0.0,4.0,1.0,4,2,1,1,3,0,1,0
304356,4044,0.0,3.0,0.0,124,59,13,1,123,0,1,0
30461,682,0.0,7.0,1.0,8,3,3,1,6,0,2,0
304925,598,0.0,2.0,1.0,2,1,1,2,1,0,1,0
305134,3629,0.0,0.0,0.0,6,2,1,1,5,0,1,0
305344,2516,0.0,3.0,0.0,1,1,1,1,0,0,1,0
305360,861,0.0,2.0,0.0,9,2,1,1,8,0,1,0
305802,3828,0.0,0.0,0.0,2,1,1,1,1,0,1,0
306522,3614,0.0,4.0,0.0,8,4,3,2,7,0,1,0
306571,1411,0.0,3.0,0.0,7,1,1,2,6,0,1,0
306595,361,0.0,2.0,0.0,9,3,2,1,6,0,1,2
306884,4585,0.0,3.0,1.0,3,1,1,1,2,0,1,0
306943,1978,1.0,2.0,1.0,5,2,1,1,4,0,1,0
307954,4173,0.0,0.0,0.0,6,1,1,3,5,0,1,0
308337,1978,0.0,3.0,1.0,5,2,2,1,4,0,1,0
308456,1892,0.0,3.0,0.0,11,8,5,4,10,0,1,0
308475,2664,0.0,3.0,0.0,11,5,1,4,10,0,1,0
308658,4871,0.0,4.0,0.0,3,1,1,1,2,0,1,0
308866,2403,0.0,3.0,0.0,11,8,2,2,10,0,1,0
308972,2173,0.0,3.0,0.0,11,9,2,3,10,0,1,0
309039,4733,0.0,0.0,0.0,1,1,1,1,0,0,1,0
309757,3345,0.0,3.0,0.0,2,1,1,1,1,0,1,0
30979,1791,0.0,3.0,0.0,18,2,2,2,17,0,1,0
310146,1556,0.0,3.0,0.0,8,4,2,1,6,0,2,0
310276,4115,0.0,6.0,2.0,13,5,2,3,10,0,3,0
310950,1133,0.0,0.0,1.0,6,1,1,2,5,0,1,0
311439,3614,0.0,3.0,0.0,3,1,1,1,2,0,1,0
311512,4230,0.0,3.0,0.0,6,1,1,1,5,0,1,0
311524,2036,0.0,5.0,0.0,3,1,1,1,2,0,1,0
311563,4048,0.0,3.0,1.0,1,1,1,1,0,0,1,0
313044,4571,0.0,5.0,0.0,2,1,1,1,1,0,1,0
313360,3986,0.0,3.0,1.0,2,1,1,1,1,0,1,0
313406,361,0.0,6.0,0.0,31,9,2,4,25,0,2,4
313526,1346,0.0,4.0,0.0,10,5,1,4,7,0,1,2
313649,1495,0.0,6.0,0.0,16,5,3,1,15,0,1,0
313917,1899,0.0,3.0,0.0,28,12,6,3,16,0,10,2
31396,2441,0.0,4.0,0.0,5,2,1,1,4,0,1,0
314244,4050,0.0,0.0,null,3,2,2,1,2,0,1,0
31448,4005,0.0,6.0,1.0,4,1,1,1,3,0,1,0
314917,1168,0.0,4.0,0.0,1,1,1,1,0,0,1,0
315126,1810,0.0,3.0,1.0,15,3,2,5,13,0,1,1
315283,4724,1.0,2.0,1.0,4,1,1,2,3,0,1,0
315421,2669,1.0,0.0,0.0,7,5,4,3,5,0,2,0
315838,3574,0.0,2.0,0.0,9,3,1,4,8,0,1,0
315894,1195,0.0,4.0,0.0,21,10,1,3,18,0,2,1
315920,3979,0.0,7.0,0.0,10,1,1,3,9,0,1,0
315928,4708,0.0,0.0,0.0,3,2,2,3,0,0,1,2
316008,4658,0.0,3.0,1.0,3,1,1,2,2,0,1,0
316085,1618,0.0,0.0,0.0,5,1,1,2,4,0,1,0
316110,1102,0.0,3.0,1.0,131,3,2,2,129,0,1,1
316244,4966,0.0,3.0,1.0,4,1,1,3,2,0,1,1
316303,534,0.0,3.0,0.0,19,9,1,2,15,0,3,1
316387,3173,0.0,3.0,1.0,8,4,1,1,7,0,1,0
316402,4270,0.0,0.0,0.0,14,7,4,2,12,0,2,0
31686,923,0.0,3.0,0.0,7,3,1,3,6,0,1,0
317212,2583,0.0,0.0,0.0,2,1,1,2,0,0,1,1
317764,2664,0.0,0.0,0.0,1,1,1,1,0,0,1,0
31875,4647,0.0,2.0,0.0,5,2,1,1,4,0,1,0
318993,4394,1.0,6.0,0.0,12,6,1,3,10,0,2,0
319382,4711,0.0,0.0,1.0,2,1,1,1,1,0,1,0
319532,1892,0.0,6.0,0.0,7,2,2,1,6,0,1,0
319809,1285,0.0,3.0,0.0,3,1,1,1,2,0,1,0
319879,2569,0.0,3.0,0.0,24,9,3,2,19,0,3,2
320034,4494,0.0,3.0,0.0,1,1,1,1,0,0,1,0
320234,4115,0.0,0.0,0.0,3,2,1,1,2,0,1,0
320357,2014,0.0,4.0,0.0,9,5,2,3,7,0,1,1
321106,4504,1.0,0.0,0.0,6,1,1,1,5,0,1,0
321666,2036,0.0,2.0,1.0,8,2,2,2,7,0,1,0
321769,297,0.0,2.0,1.0,11,2,2,1,10,0,1,0
321884,4976,0.0,3.0,0.0,7,3,1,3,5,0,1,1
322821,3835,0.0,5.0,0.0,2,2,2,2,1,0,1,0
322991,1024,0.0,0.0,0.0,6,1,1,3,4,0,1,1
323995,1892,0.0,0.0,0.0,50,13,8,7,47,0,3,0
324072,2036,0.0,3.0,1.0,2,1,1,1,1,0,1,0
324118,1677,0.0,8.0,0.0,13,3,3,1,9,0,4,0
324435,354,0.0,6.0,0.0,14,3,2,1,11,0,3,0
324659,2128,0.0,4.0,0.0,29,17,12,4,26,0,1,2
325198,4282,0.0,0.0,1.0,18,13,9,2,14,0,3,1
325292,1454,1.0,4.0,0.0,4,2,2,2,1,0,1,2
325346,4427,0.0,2.0,1.0,2,1,1,1,1,0,1,0
325452,4234,0.0,6.0,1.0,35,13,4,7,30,0,3,2
325456,1246,0.0,3.0,1.0,16,6,3,3,15,0,1,0
325984,4170,0.0,4.0,0.0,7,2,1,2,6,0,1,0
326183,4282,1.0,0.0,1.0,5,2,1,3,4,0,1,0
32619,3171,0.0,4.0,0.0,6,1,1,1,4,0,1,1
326783,3828,0.0,3.0,0.0,19,16,6,4,16,0,1,2
326806,3269,0.0,3.0,0.0,2,1,1,2,0,0,1,1
327645,4985,0.0,6.0,1.0,4,1,1,1,2,0,2,0
328037,4335,0.0,6.0,1.0,3,1,1,1,2,0,1,0
328117,3161,0.0,7.0,0.0,103,35,7,20,94,0,1,8
328610,265,0.0,3.0,0.0,4,2,1,1,3,0,1,0
329550,3245,0.0,4.0,1.0,2,2,1,1,1,0,1,0
329615,1892,0.0,4.0,2.0,9,5,3,1,7,0,2,0
329924,1102,0.0,6.0,0.0,23,11,6,6,13,0,1,9
329936,2515,0.0,5.0,0.0,4,1,1,1,2,0,1,1
329958,4480,0.0,0.0,0.0,7,3,1,1,6,0,1,0
330442,4044,0.0,6.0,0.0,6,2,2,1,4,0,2,0
330578,4140,0.0,3.0,0.0,19,12,2,4,18,0,1,0
330710,1618,1.0,0.0,0.0,34,21,5,2,33,0,1,0
331473,1891,0.0,5.0,1.0,11,1,1,1,9,0,2,0
331510,1546,0.0,0.0,1.0,6,1,1,4,5,0,1,0
331784,3022,0.0,3.0,1.0,3,1,1,1,2,0,1,0
331807,361,0.0,0.0,1.0,13,7,1,1,12,0,1,0
331878,2273,0.0,0.0,0.0,12,1,1,5,10,0,1,1
332974,3727,0.0,2.0,1.0,6,2,1,3,4,0,1,1
33299,1760,0.0,0.0,0.0,1,1,1,1,0,0,1,0
333028,4760,0.0,4.0,1.0,7,3,2,1,5,0,2,0
333055,4325,0.0,2.0,1.0,1,1,1,1,0,0,1,0
333583,742,0.0,4.0,0.0,7,3,1,1,6,0,1,0
335217,1102,0.0,3.0,0.0,19,9,6,2,13,0,5,1
336607,215,0.0,0.0,null,3,2,1,1,2,0,1,0
337241,2217,0.0,3.0,0.0,4,1,1,1,3,0,1,0
338398,2537,0.0,0.0,0.0,2,1,1,1,1,0,1,0
339150,1405,0.0,0.0,1.0,7,1,1,1,6,0,1,0
339224,2972,0.0,2.0,1.0,8,1,1,3,6,0,1,1
339324,3154,0.0,0.0,0.0,4,2,1,1,3,0,1,0
339989,3986,0.0,0.0,0.0,1,1,1,1,0,0,1,0
340209,424,0.0,0.0,0.0,2,1,1,2,1,0,1,0
340309,63,0.0,2.0,0.0,10,7,6,1,9,0,1,0
340959,1543,0.0,3.0,0.0,4,1,1,1,3,0,1,0
341358,2746,0.0,3.0,0.0,1,1,1,1,0,0,1,0
341669,2140,0.0,3.0,0.0,7,5,1,2,6,0,1,0
342618,1203,0.0,3.0,0.0,12,1,1,2,11,0,1,0
34301,4569,0.0,0.0,1.0,13,3,2,2,10,0,3,0
343036,778,0.0,0.0,0.0,1,1,1,1,0,0,1,0
343054,4044,1.0,0.0,0.0,59,36,8,7,57,0,1,1
343469,110,0.0,5.0,1.0,3,1,1,2,2,0,1,0
344085,3965,0.0,2.0,0.0,3,1,1,1,2,0,1,0
344248,798,0.0,3.0,1.0,5,1,1,2,3,0,1,1
344536,1356,0.0,0.0,0.0,10,4,3,3,9,0,1,0
345154,1102,0.0,2.0,0.0,99,28,7,5,98,0,1,0
345244,1443,0.0,2.0,1.0,1,1,1,1,0,0,1,0
345714,361,0.0,0.0,0.0,6,1,1,3,5,0,1,0
345787,1884,0.0,5.0,1.0,1,1,1,1,0,0,1,0
345978,2128,0.0,4.0,0.0,1,1,1,1,0,0,1,0
345992,1875,0.0,5.0,1.0,3,3,3,1,0,0,3,0
346114,3828,0.0,4.0,0.0,8,5,4,3,1,0,2,5
346302,4143,0.0,0.0,0.0,10,3,3,2,8,0,1,1
346446,4950,0.0,2.0,1.0,8,5,4,2,6,0,2,0
346593,2664,0.0,3.0,2.0,25,14,2,1,22,0,3,0
347493,4718,0.0,3.0,0.0,4,3,2,2,3,0,1,0
347837,3545,0.0,6.0,0.0,1,1,1,1,0,0,1,0
34803,1062,0.0,4.0,1.0,10,5,2,1,9,0,1,0
34808,4079,0.0,5.0,1.0,4,1,1,1,3,0,1,0
348143,3460,0.0,4.0,1.0,2,1,1,1,1,0,1,0
348236,4427,0.0,5.0,0.0,2,1,1,1,1,0,1,0
348248,148,0.0,4.0,1.0,4,1,1,2,3,0,1,0
348390,4400,0.0,5.0,0.0,5,1,1,1,3,0,1,1
34845,4325,0.0,4.0,1.0,30,11,6,4,27,0,1,2
348518,4768,0.0,3.0,0.0,28,10,1,4,26,1,1,0
348549,4049,0.0,4.0,0.0,6,3,3,2,5,0,1,0
349353,2856,0.0,0.0,0.0,4,1,1,1,3,0,1,0
349685,1959,0.0,0.0,0.0,9,5,4,3,8,0,1,0
349795,1092,0.0,4.0,1.0,2,1,1,1,1,0,1,0
349901,1500,0.0,0.0,0.0,18,4,1,2,17,0,1,0
349972,1346,1.0,4.0,1.0,8,3,1,4,6,0,1,1
350285,1485,1.0,6.0,0.0,10,4,1,5,9,0,1,0
350357,2883,0.0,5.0,0.0,2,1,1,2,0,0,1,1
350719,818,0.0,0.0,0.0,2,1,1,1,1,0,1,0
3520,2811,0.0,2.0,1.0,1,1,1,1,0,0,1,0
352244,4336,0.0,3.0,0.0,18,5,1,2,17,0,1,0
352304,4322,0.0,7.0,0.0,4,2,1,1,3,0,1,0
352741,3622,1.0,4.0,1.0,1,1,1,1,0,0,1,0
352961,3734,0.0,4.0,1.0,12,6,2,1,11,0,1,0
353067,145,0.0,0.0,0.0,6,1,1,5,5,0,1,0
353451,66,0.0,4.0,0.0,8,1,1,2,7,0,1,0
353488,2278,0.0,2.0,0.0,4,1,1,1,3,0,1,0
354678,1833,0.0,5.0,0.0,29,12,4,3,22,0,3,4
355390,4009,0.0,0.0,0.0,8,4,2,2,6,0,2,0
356183,1412,0.0,4.0,0.0,4,1,1,1,2,0,2,0
35623,1359,0.0,0.0,0.0,7,1,1,3,6,0,1,0
356710,1679,1.0,4.0,0.0,10,6,2,2,9,0,1,0
356712,322,0.0,2.0,0.0,34,15,7,5,29,0,3,2
356972,1618,0.0,3.0,0.0,14,6,3,2,12,0,2,0
357118,2482,1.0,2.0,0.0,3,1,1,1,2,0,1,0
357417,1123,0.0,3.0,0.0,3,1,1,1,2,0,1,0
358527,58,0.0,2.0,1.0,5,2,1,1,4,0,1,0
358563,4747,0.0,2.0,0.0,1,1,1,1,0,0,1,0
358697,1892,0.0,5.0,0.0,2,1,1,1,1,0,1,0
358797,786,0.0,3.0,0.0,9,1,1,1,8,0,1,0
361271,3971,1.0,4.0,1.0,3,1,1,2,2,0,1,0
361334,742,0.0,5.0,1.0,1,1,1,1,0,0,1,0
361622,4349,0.0,5.0,0.0,9,3,1,1,7,0,2,0
361694,3828,1.0,0.0,0.0,2,2,2,1,0,0,2,0
362084,639,1.0,4.0,0.0,2,1,1,1,0,0,2,0
362888,798,0.0,0.0,0.0,2,2,1,2,1,0,1,0
363077,2273,0.0,2.0,1.0,16,1,1,4,14,0,1,1
364467,4650,0.0,2.0,null,1,1,1,1,0,0,1,0
364511,3402,0.0,3.0,0.0,24,11,1,1,23,0,1,0
364827,1892,0.0,4.0,0.0,4,2,2,1,2,0,2,0
365105,962,0.0,3.0,0.0,14,5,5,1,11,0,3,0
36527,1923,0.0,5.0,0.0,3,1,1,1,2,0,1,0
365531,793,0.0,6.0,0.0,14,8,2,6,13,0,1,0
365959,3906,0.0,2.0,0.0,26,5,3,4,25,0,1,0
366457,3835,0.0,6.0,0.0,13,9,3,2,12,0,1,0
366614,3080,0.0,3.0,1.0,14,5,2,2,13,0,1,0
366639,3276,0.0,0.0,0.0,11,1,1,3,9,0,1,1
366680,1272,0.0,3.0,1.0,7,1,1,1,6,0,1,0
367439,1827,0.0,2.0,0.0,1,1,1,1,0,0,1,0
36748,2031,0.0,2.0,1.0,6,4,3,2,3,1,2,0
367800,1122,0.0,3.0,0.0,9,1,1,4,7,0,1,1
368213,4708,0.0,3.0,0.0,3,1,1,1,2,0,1,0
368285,4044,0.0,3.0,1.0,48,17,5,3,42,0,1,5
368738,1861,0.0,2.0,0.0,8,3,2,4,6,0,1,1
369040,946,0.0,0.0,0.0,7,4,2,2,6,0,1,0
369498,1272,0.0,7.0,0.0,9,1,1,1,8,0,1,0
369826,756,0.0,2.0,1.0,3,1,1,1,2,0,1,0
370321,3148,0.0,4.0,0.0,10,2,1,2,8,0,1,1
370416,4976,0.0,0.0,0.0,7,6,3,5,0,0,1,6
370820,1841,0.0,4.0,0.0,12,8,4,3,10,0,1,1
371088,1999,0.0,3.0,0.0,15,7,1,3,12,0,1,2
371854,1494,0.0,0.0,1.0,3,2,1,1,2,0,1,0
372028,4919,0.0,3.0,1.0,4,2,1,1,3,0,1,0
372060,1393,0.0,4.0,0.0,5,4,4,4,3,1,1,0
372068,4648,0.0,3.0,1.0,1,1,1,1,0,0,1,0
372616,3528,0.0,0.0,0.0,8,5,1,1,7,0,1,0
372716,3093,0.0,4.0,0.0,3,1,1,1,2,0,1,0
373469,590,0.0,0.0,1.0,9,4,3,1,8,0,1,0
373602,2268,0.0,7.0,2.0,5,1,1,1,4,0,1,0
373664,1102,0.0,3.0,0.0,5,2,1,1,3,0,2,0
373824,731,0.0,5.0,0.0,2,1,1,1,1,0,1,0
374096,2173,0.0,3.0,0.0,31,8,1,1,23,0,8,0
37412,141,0.0,4.0,null,2,1,1,2,1,0,1,0
37428,4950,0.0,5.0,0.0,30,4,3,2,28,0,2,0
374296,2224,0.0,4.0,0.0,6,3,1,1,4,0,2,0
374298,3734,0.0,null,null,23,15,5,1,22,0,1,0
37437,2273,0.0,3.0,0.0,8,3,1,4,6,0,1,1
374457,4708,0.0,4.0,1.0,1,1,1,1,0,0,1,0
375194,3925,0.0,5.0,0.0,33,23,7,7,32,0,1,0
375510,1353,0.0,2.0,1.0,12,1,1,6,10,0,1,1
375578,289,0.0,3.0,0.0,8,1,1,3,7,0,1,0
375625,1330,0.0,4.0,0.0,2,1,1,1,1,0,1,0
375803,4966,0.0,5.0,0.0,2,2,2,1,0,0,2,0
376074,148,0.0,4.0,0.0,26,5,4,6,24,0,1,1
376308,2883,0.0,3.0,0.0,5,2,1,1,4,0,1,0
376952,698,0.0,2.0,0.0,3,1,1,1,2,0,1,0
377287,2318,0.0,4.0,0.0,3,3,1,2,2,0,1,0
377387,2459,0.0,4.0,0.0,20,9,4,6,19,0,1,0
377558,323,0.0,0.0,0.0,6,1,1,2,5,0,1,0
377742,2341,0.0,4.0,0.0,4,2,1,1,2,0,2,0
377867,1019,0.0,3.0,null,7,1,1,1,6,0,1,0
378219,1679,0.0,0.0,2.0,14,9,2,1,13,0,1,0
378492,4196,0.0,0.0,0.0,9,3,3,1,6,0,3,0
378611,437,0.0,2.0,0.0,13,5,2,4,10,0,1,2
379397,598,0.0,3.0,1.0,29,16,4,8,28,0,1,0
379501,4950,0.0,4.0,0.0,5,1,1,1,4,0,1,0
379671,2122,0.0,0.0,0.0,9,1,1,3,7,0,1,1
379711,4760,0.0,3.0,1.0,72,17,6,8,56,0,4,12
3798,2108,0.0,4.0,0.0,1,1,1,1,0,0,1,0
379921,1485,0.0,3.0,0.0,67,23,4,3,60,0,3,4
380016,2928,0.0,5.0,1.0,3,1,1,1,2,0,1,0
380021,361,0.0,3.0,1.0,49,21,3,4,44,0,1,4
381122,3022,0.0,3.0,1.0,2,1,1,1,1,0,1,0
381402,985,0.0,3.0,1.0,1,1,1,1,0,0,1,0
38152,3148,0.0,6.0,0.0,8,2,2,2,6,0,1,1
381718,3968,0.0,3.0,0.0,7,1,1,1,6,0,1,0
382161,1487,0.0,5.0,1.0,1,1,1,1,0,0,1,0
382674,2173,0.0,6.0,0.0,5,2,1,1,4,0,1,0
38274,1393,0.0,4.0,0.0,1,1,1,1,0,0,1,0
382758,2318,0.0,4.0,0.0,2,1,1,1,1,0,1,0
383015,738,0.0,0.0,0.0,4,2,2,1,3,0,1,0
38307,4026,1.0,0.0,0.0,17,5,3,2,16,0,1,0
383091,1910,1.0,0.0,0.0,3,1,1,1,2,0,1,0
383857,639,0.0,0.0,1.0,2,1,1,1,1,0,1,0
383989,219,0.0,4.0,1.0,2,1,1,1,1,0,1,0
383989,3609,0.0,4.0,1.0,4,2,1,1,2,0,2,0
384081,2928,0.0,0.0,0.0,1,1,1,1,0,0,1,0
384156,3828,0.0,3.0,0.0,14,6,6,2,12,0,1,1
38418,1102,0.0,2.0,0.0,7,3,1,3,6,0,1,0
384251,4173,0.0,4.0,0.0,38,27,8,9,34,0,1,3
384962,1481,0.0,4.0,0.0,14,6,2,3,13,0,1,0
385143,4607,0.0,3.0,1.0,4,2,1,2,3,0,1,0
385574,3936,0.0,2.0,2.0,15,6,3,5,12,0,1,2
385861,4483,0.0,2.0,1.0,4,1,1,3,3,0,1,0
386491,2904,0.0,4.0,1.0,2,1,1,1,1,0,1,0
386574,4500,0.0,0.0,0.0,2,1,1,1,0,0,2,0
38689,361,0.0,3.0,1.0,6,1,1,2,5,0,1,0
386984,4756,0.0,0.0,0.0,3,1,1,2,2,0,1,0
387020,4049,0.0,3.0,0.0,4,1,1,2,3,0,1,0
387113,1393,0.0,5.0,0.0,13,7,5,2,12,0,1,0
388472,1049,0.0,2.0,0.0,5,1,1,1,4,0,1,0
388773,4049,0.0,3.0,0.0,3,1,1,1,2,0,1,0
388912,4783,0.0,4.0,2.0,15,4,3,1,9,1,5,0
389459,1203,0.0,5.0,1.0,5,2,2,1,3,0,2,0
389865,191,0.0,2.0,0.0,2,1,1,2,0,0,1,1
389883,4938,0.0,2.0,0.0,1,1,1,1,0,0,1,0
390007,4647,0.0,0.0,null,2,1,1,1,1,0,1,0
390016,2093,0.0,6.0,1.0,4,2,1,1,3,0,1,0
390036,467,0.0,3.0,1.0,4,3,1,1,3,0,1,0
390098,4198,0.0,4.0,0.0,8,1,1,2,6,0,2,0
390548,2869,0.0,0.0,0.0,2,1,1,2,1,0,1,0
390877,3753,0.0,4.0,1.0,1,1,1,1,0,0,1,0
391834,2513,0.0,2.0,0.0,10,3,1,1,9,0,1,0
39203,3613,1.0,6.0,0.0,6,1,1,2,4,1,1,0
392583,514,0.0,0.0,1.0,7,1,1,2,6,0,1,0
393154,742,0.0,6.0,1.0,4,1,1,2,3,0,1,0
393849,2318,0.0,0.0,0.0,1,1,1,1,0,0,1,0
394029,3959,0.0,4.0,1.0,15,6,2,1,14,0,1,0
394124,1305,1.0,0.0,1.0,3,1,1,1,2,0,1,0
394202,4950,0.0,4.0,0.0,14,9,9,1,12,0,2,0
394469,4170,0.0,5.0,0.0,14,3,1,3,11,0,3,0
394471,3968,0.0,0.0,0.0,17,8,4,1,14,0,3,0
394650,1538,0.0,3.0,1.0,1,1,1,1,0,0,1,0
394658,4605,0.0,0.0,0.0,6,2,2,1,5,0,1,0
395284,4641,0.0,4.0,1.0,4,1,1,2,3,0,1,0
395469,1890,0.0,3.0,0.0,27,18,3,2,26,0,1,0
395522,2645,0.0,0.0,0.0,3,1,1,1,2,0,1,0
395688,2278,0.0,2.0,0.0,3,1,1,1,2,0,1,0
395987,1050,0.0,0.0,1.0,3,1,1,2,1,1,1,0
396444,1861,0.0,4.0,0.0,1,1,1,1,0,0,1,0
396903,2138,0.0,5.0,0.0,27,9,3,6,22,0,2,3
397238,2821,0.0,3.0,0.0,2,1,1,1,1,0,1,0
397414,4040,0.0,3.0,0.0,3,1,1,1,2,0,1,0
397789,259,0.0,3.0,1.0,4,2,1,1,2,0,2,0
398500,4043,1.0,5.0,0.0,4,3,2,3,3,0,1,0
398739,594,0.0,3.0,0.0,2,1,1,1,1,0,1,0
398780,1013,0.0,5.0,0.0,7,3,2,1,6,0,1,0
399236,1722,0.0,0.0,0.0,5,1,1,1,4,0,1,0
399255,1679,0.0,null,null,7,5,3,2,6,0,1,0
399443,378,0.0,4.0,0.0,5,3,1,2,4,0,1,0
399614,606,0.0,3.0,0.0,37,8,2,4,35,0,1,1
400067,598,0.0,4.0,1.0,32,14,7,12,24,0,1,7
400208,3828,0.0,4.0,0.0,3,1,1,1,2,0,1,0
40036,2273,0.0,0.0,0.0,5,2,1,1,3,0,2,0
401075,1122,0.0,6.0,0.0,9,2,1,1,8,0,1,0
401090,4966,0.0,0.0,0.0,1,1,1,1,0,0,1,0
401452,1944,0.0,6.0,0.0,14,7,4,2,12,0,2,0
401551,4444,0.0,5.0,2.0,4,3,2,1,3,0,1,0
401580,1742,0.0,0.0,0.0,4,1,1,1,3,0,1,0
401643,3460,0.0,3.0,1.0,4,1,1,1,2,0,2,0
401768,1762,0.0,3.0,1.0,8,2,2,2,7,0,1,0
402318,4082,0.0,0.0,0.0,1,1,1,1,0,0,1,0
402499,3593,0.0,4.0,0.0,5,4,2,1,4,0,1,0
402502,1500,0.0,4.0,1.0,1,1,1,1,0,0,1,0
402567,4976,0.0,0.0,0.0,29,16,2,11,28,0,1,0
402705,2824,0.0,3.0,0.0,10,3,2,1,9,0,1,0
403060,3105,0.0,3.0,0.0,5,2,1,1,3,0,2,0
40322,1451,0.0,6.0,0.0,2,1,1,2,0,0,1,1
405390,412,1.0,0.0,0.0,15,11,5,4,14,0,1,0
405586,1900,0.0,5.0,0.0,5,1,1,2,3,0,1,1
405660,4196,0.0,3.0,1.0,8,1,1,1,6,0,2,0
406360,1892,0.0,0.0,0.0,8,5,2,1,7,0,1,0
406566,3826,0.0,2.0,1.0,9,2,1,4,5,0,2,2
406765,4394,0.0,4.0,1.0,7,2,1,2,6,0,1,0
406864,3990,0.0,0.0,0.0,2,1,1,1,1,0,1,0
407426,4357,0.0,4.0,2.0,4,1,1,3,3,0,1,0
407742,4926,0.0,3.0,2.0,9,5,5,3,8,0,1,0
407861,3828,0.0,2.0,0.0,42,7,4,3,39,0,2,1
407927,3773,0.0,0.0,1.0,16,5,3,2,14,0,1,1
407979,3609,0.0,3.0,0.0,6,1,1,1,5,0,1,0
408040,133,0.0,4.0,1.0,3,1,1,1,2,0,1,0
408180,742,0.0,5.0,0.0,1,1,1,1,0,0,1,0
408203,3727,0.0,3.0,1.0,9,3,1,1,8,0,1,0
40823,1122,0.0,4.0,0.0,3,1,1,1,2,0,1,0
408316,4173,0.0,5.0,1.0,3,1,1,1,2,0,1,0
408560,3968,0.0,6.0,0.0,9,3,1,4,8,0,1,0
408566,2579,0.0,5.0,0.0,7,2,2,6,6,0,1,0
408773,3925,0.0,4.0,0.0,6,3,2,1,5,0,1,0
409534,10,0.0,3.0,0.0,1,1,1,1,0,0,1,0
409540,1272,0.0,5.0,0.0,4,3,1,2,3,0,1,0
409577,1062,0.0,4.0,0.0,19,7,4,2,17,0,2,0
409764,2582,0.0,0.0,0.0,4,1,1,1,3,0,1,0
41078,3966,0.0,3.0,0.0,5,1,1,1,4,0,1,0
411187,3513,0.0,0.0,0.0,7,3,2,2,6,0,1,0
411317,1283,0.0,0.0,0.0,6,2,2,2,4,1,1,0
411561,2545,0.0,2.0,0.0,84,27,10,10,79,0,1,4
411610,587,1.0,5.0,0.0,1,1,1,1,0,0,1,0
411814,1884,0.0,2.0,1.0,11,1,1,3,9,0,1,1
412662,4793,0.0,2.0,1.0,4,1,1,1,3,0,1,0
412809,2537,0.0,5.0,0.0,3,1,1,1,2,0,1,0
412861,3854,1.0,4.0,0.0,14,4,3,1,12,0,2,0
412898,2821,0.0,4.0,0.0,2,1,1,1,1,0,1,0
413272,4794,0.0,4.0,2.0,21,2,1,3,20,0,1,0
413487,1667,0.0,7.0,1.0,6,3,2,1,5,0,1,0
413543,3839,0.0,6.0,1.0,7,1,1,2,5,1,1,0
413968,2273,0.0,7.0,1.0,2,1,1,1,1,0,1,0
414179,3734,0.0,2.0,1.0,24,13,4,1,23,0,1,0
414190,4534,0.0,4.0,0.0,2,2,2,2,1,0,1,0
414263,4659,0.0,2.0,0.0,19,6,4,2,14,0,2,3
414788,4427,0.0,4.0,1.0,14,5,2,2,13,0,1,0
414985,3609,0.0,5.0,0.0,44,29,2,8,40,0,1,3
415830,4309,0.0,3.0,0.0,6,1,1,3,4,0,1,1
416244,1948,0.0,4.0,0.0,3,3,2,1,0,0,3,0
416526,4760,0.0,4.0,1.0,3,1,1,1,2,0,1,0
416904,437,0.0,5.0,0.0,5,3,1,1,4,0,1,0
418301,2768,0.0,2.0,0.0,24,7,1,3,22,0,1,1
419261,4648,0.0,3.0,0.0,1,1,1,1,0,0,1,0
419547,3240,0.0,0.0,0.0,2,1,1,2,1,0,1,0
419646,2081,0.0,2.0,0.0,3,1,1,1,2,0,1,0
420272,861,0.0,3.0,1.0,9,1,1,3,8,0,1,0
420299,141,0.0,3.0,0.0,18,10,6,4,15,0,1,2
420431,2397,0.0,4.0,0.0,5,3,2,2,4,0,1,0
420659,2559,0.0,4.0,0.0,5,1,1,2,4,0,1,0
421091,3291,0.0,3.0,0.0,3,1,1,1,2,0,1,0
422680,4950,0.0,0.0,1.0,9,1,1,3,7,0,1,1
422967,4044,0.0,5.0,0.0,44,23,4,3,36,0,1,7
423477,4427,0.0,6.0,1.0,1,1,1,1,0,0,1,0
423675,3444,0.0,0.0,0.0,10,1,1,5,7,0,1,2
42899,3839,0.0,7.0,0.0,60,21,2,11,55,0,2,3
43020,4427,0.0,5.0,1.0,13,7,2,2,11,0,1,1
43116,1066,0.0,3.0,0.0,4,1,1,2,3,0,1,0
43627,1393,1.0,3.0,0.0,79,46,14,11,70,0,1,8
44294,2286,0.0,3.0,0.0,2,1,1,2,1,0,1,0
44521,729,0.0,3.0,0.0,8,3,2,1,4,0,1,3
44614,3051,0.0,3.0,1.0,2,1,1,1,1,0,1,0
45180,1399,0.0,3.0,0.0,17,4,2,2,16,0,1,0
45713,951,0.0,3.0,0.0,5,1,1,1,4,0,1,0
4585,2639,0.0,0.0,0.0,25,12,4,2,22,0,3,0
46147,4044,0.0,2.0,1.0,13,5,3,1,12,0,1,0
46172,3599,0.0,3.0,0.0,50,25,8,6,48,0,1,1
46400,4718,0.0,0.0,null,25,9,5,1,21,0,1,3
46708,4043,0.0,3.0,0.0,11,4,4,2,9,0,2,0
46855,4173,0.0,2.0,0.0,21,4,1,4,19,0,2,0
47118,2755,1.0,3.0,1.0,5,1,1,2,3,0,1,1
47284,3878,0.0,4.0,0.0,13,3,1,4,9,0,2,2
47609,3190,0.0,0.0,1.0,8,1,1,1,6,0,2,0
48009,3350,0.0,5.0,1.0,4,2,1,2,2,0,1,1
48522,1000,0.0,0.0,0.0,3,2,1,1,1,0,2,0
49213,4090,0.0,4.0,1.0,8,1,1,3,6,0,1,1
49735,2596,1.0,5.0,1.0,11,3,3,2,9,0,1,1
49880,2545,0.0,3.0,1.0,28,9,6,1,23,0,5,0
49886,1850,0.0,3.0,1.0,19,8,5,1,16,0,3,0
5009,1987,0.0,3.0,1.0,1,1,1,1,0,0,1,0
50554,4705,0.0,2.0,0.0,4,1,1,1,3,0,1,0
50675,4687,0.0,4.0,0.0,6,1,1,1,5,0,1,0
50956,963,0.0,5.0,0.0,8,6,1,1,6,0,2,0
50967,3955,0.0,3.0,0.0,5,2,1,1,4,0,1,0
5097,2294,1.0,5.0,1.0,42,7,2,6,39,0,2,1
51316,897,0.0,5.0,0.0,9,2,1,3,7,0,1,1
51829,4137,0.0,3.0,0.0,4,1,1,1,3,0,1,0
5230,1470,0.0,3.0,0.0,2,1,1,2,0,0,1,1
52603,437,0.0,3.0,0.0,11,2,1,2,9,0,1,1
52825,3925,0.0,6.0,0.0,1,1,1,1,0,0,1,0
52864,3955,0.0,4.0,0.0,8,4,3,2,7,0,1,0
52936,66,0.0,4.0,0.0,4,1,1,1,2,0,2,0
53207,522,0.0,4.0,1.0,8,2,2,1,7,0,1,0
53219,4281,0.0,5.0,0.0,7,1,1,3,5,0,1,1
53299,3954,0.0,2.0,0.0,4,1,1,2,3,0,1,0
53635,2026,0.0,2.0,1.0,12,3,1,1,10,0,1,1
53762,2500,0.0,3.0,0.0,2,1,1,2,0,0,1,1
54645,1393,0.0,3.0,0.0,10,4,1,1,7,0,3,0
5476,423,0.0,0.0,0.0,5,3,1,1,4,0,1,0
5486,2954,0.0,3.0,0.0,4,4,2,1,0,0,4,0
54861,4402,1.0,0.0,0.0,7,4,4,3,5,0,2,0
55117,3472,1.0,4.0,1.0,7,1,1,1,6,0,1,0
55154,2664,0.0,3.0,0.0,4,2,1,2,2,0,1,1
555,954,0.0,3.0,0.0,11,6,1,1,9,0,2,0
5563,2592,0.0,4.0,0.0,7,1,1,1,6,0,1,0
5580,1642,0.0,6.0,0.0,7,1,1,3,5,0,1,1
55858,323,0.0,6.0,0.0,3,2,1,1,2,0,1,0
55914,4558,0.0,4.0,0.0,6,4,2,1,5,0,1,0
56054,685,0.0,4.0,0.0,9,4,1,1,8,0,1,0
56759,4043,0.0,2.0,0.0,37,14,7,3,31,0,2,4
57390,756,0.0,2.0,0.0,6,2,1,1,5,0,1,0
57521,1102,1.0,2.0,0.0,86,45,12,11,71,0,1,14
57565,51,0.0,0.0,0.0,3,1,1,1,2,0,1,0
57738,4417,0.0,0.0,1.0,4,1,1,1,3,0,1,0
57938,1145,0.0,5.0,2.0,15,4,1,2,13,0,1,1
58306,459,0.0,0.0,0.0,15,3,1,2,14,0,1,0
58592,2935,0.0,3.0,0.0,1,1,1,1,0,0,1,0
60093,4258,0.0,6.0,0.0,1,1,1,1,0,0,1,0
60097,3484,0.0,0.0,1.0,2,1,1,1,1,0,1,0
61962,574,0.0,3.0,1.0,5,1,1,1,4,0,1,0
62101,2981,0.0,0.0,0.0,1,1,1,1,0,0,1,0
62148,2545,0.0,6.0,0.0,14,4,3,1,13,0,1,0
62413,2435,0.0,0.0,0.0,2,1,1,1,1,0,1,0
62450,1451,0.0,3.0,0.0,5,4,2,1,4,0,1,0
64648,2031,0.0,4.0,1.0,1,1,1,1,0,0,1,0
65049,3853,0.0,6.0,0.0,33,13,4,3,30,0,1,2
65458,3578,0.0,3.0,0.0,29,7,2,5,26,0,2,1
65822,2537,0.0,3.0,1.0,5,2,1,2,4,0,1,0
65952,2278,1.0,3.0,0.0,17,4,3,7,14,0,2,1
65964,4173,0.0,3.0,0.0,63,34,11,5,61,1,1,0
6640,2403,0.0,3.0,1.0,9,4,1,1,7,0,2,0
67006,547,0.0,0.0,1.0,19,9,2,4,18,0,1,0
67184,234,0.0,0.0,0.0,3,1,1,1,1,0,2,0
67236,3363,0.0,3.0,1.0,1,1,1,1,0,0,1,0
67472,4558,0.0,4.0,0.0,6,1,1,2,5,0,1,0
67821,1673,0.0,2.0,1.0,10,3,2,4,7,0,1,2
67823,4173,1.0,3.0,0.0,20,9,3,6,17,0,1,2
68500,4044,0.0,0.0,0.0,6,5,3,1,5,0,1,0
6961,1031,0.0,5.0,0.0,1,1,1,1,0,0,1,0
6999,219,1.0,3.0,0.0,4,2,1,1,3,0,1,0
70218,1659,0.0,0.0,0.0,5,2,1,2,4,0,1,0
70485,4760,0.0,0.0,0.0,1,1,1,1,0,0,1,0
71283,4607,0.0,5.0,0.0,8,3,1,3,7,0,1,0
71317,1407,0.0,4.0,0.0,14,2,1,2,13,0,1,0
72774,3399,0.0,2.0,0.0,3,1,1,1,2,0,1,0
73601,4966,0.0,5.0,0.0,1,1,1,1,0,0,1,0
73933,4234,0.0,4.0,0.0,8,6,3,1,7,0,1,0
74618,4044,0.0,4.0,0.0,6,2,1,2,5,0,1,0
75288,3310,0.0,4.0,1.0,3,1,1,2,2,0,1,0
76154,4744,0.0,6.0,0.0,2,1,1,1,1,0,1,0
76355,794,1.0,8.0,0.0,5,2,1,1,4,0,1,0
76521,687,0.0,3.0,0.0,6,1,1,2,5,0,1,0
7661,1738,0.0,0.0,null,11,1,1,4,9,0,1,1
76631,3484,0.0,3.0,1.0,1,1,1,1,0,0,1,0
76919,416,0.0,0.0,0.0,1,1,1,1,0,0,1,0
77363,1726,0.0,4.0,0.0,6,1,1,4,3,0,1,2
77522,203,0.0,0.0,1.0,2,1,1,1,1,0,1,0
77552,1892,0.0,3.0,0.0,11,8,4,3,9,0,2,0
77561,1890,0.0,3.0,0.0,11,1,1,4,10,0,1,0
77608,3828,0.0,0.0,0.0,7,1,1,1,6,0,1,0
77760,1555,0.0,7.0,1.0,9,3,1,1,8,0,1,0
77897,4877,1.0,2.0,1.0,4,2,1,1,2,0,2,0
78026,588,0.0,4.0,1.0,1,1,1,1,0,0,1,0
7893,4976,1.0,2.0,0.0,44,30,10,4,41,0,3,0
79261,1477,0.0,0.0,0.0,1,1,1,1,0,0,1,0
79850,4173,0.0,null,null,23,12,8,2,20,1,1,1
79861,2221,0.0,3.0,1.0,2,1,1,1,1,0,1,0
80093,790,0.0,6.0,0.0,1,1,1,1,0,0,1,0
80123,4954,0.0,3.0,0.0,10,3,2,1,8,0,1,1
8041,4090,0.0,2.0,1.0,1,1,1,1,0,0,1,0
80531,2180,0.0,2.0,null,45,15,6,1,40,0,5,0
80769,2436,0.0,0.0,0.0,46,17,7,2,40,0,6,0
80779,4585,0.0,3.0,0.0,2,1,1,1,1,0,1,0
80806,2799,0.0,0.0,0.0,8,1,1,2,7,0,1,0
814,1412,0.0,6.0,1.0,1,1,1,1,0,0,1,0
81771,2746,0.0,2.0,0.0,2,1,1,2,1,0,1,0
82095,46,0.0,5.0,0.0,14,9,2,1,13,0,1,0
83350,730,1.0,2.0,0.0,6,3,3,1,5,0,1,0
83394,3952,0.0,0.0,0.0,6,3,3,1,4,0,2,0
83516,4760,0.0,3.0,0.0,13,8,5,3,12,0,1,0
8352,1963,0.0,5.0,1.0,1,1,1,1,0,0,1,0
8386,4044,0.0,0.0,0.0,2,2,2,1,0,0,2,0
84094,1221,0.0,4.0,0.0,185,56,5,8,167,0,9,9
84252,3981,0.0,3.0,2.0,14,4,1,1,13,0,1,0
84709,794,0.0,4.0,0.0,20,12,1,2,18,0,2,0
8553,416,0.0,4.0,0.0,1,1,1,1,0,0,1,0
85690,2,0.0,6.0,0.0,3,1,1,1,2,0,1,0
85839,2954,0.0,4.0,1.0,4,2,1,2,3,0,1,0
86190,1639,0.0,4.0,0.0,5,1,1,1,4,0,1,0
86413,2582,0.0,0.0,0.0,5,5,1,2,4,0,1,0
86546,4044,0.0,3.0,0.0,96,45,6,4,92,0,1,3
86619,436,0.0,3.0,0.0,5,2,1,1,4,0,1,0
87050,2435,0.0,2.0,1.0,2,1,1,2,1,0,1,0
87284,4173,0.0,5.0,0.0,11,5,4,2,10,0,1,0
87286,4118,0.0,5.0,1.0,3,1,1,1,2,0,1,0
87460,3314,0.0,5.0,0.0,13,2,1,1,12,0,1,0
87802,2173,0.0,0.0,0.0,10,6,2,3,8,0,1,1
88123,685,1.0,4.0,1.0,14,3,1,2,13,0,1,0
88147,3936,0.0,3.0,1.0,2,1,1,1,1,0,1,0
88674,3418,0.0,5.0,1.0,5,1,1,1,4,0,1,0
88779,742,0.0,3.0,0.0,40,11,6,6,37,0,1,2
89632,437,0.0,3.0,0.0,30,17,1,1,25,0,2,3
90023,1487,0.0,3.0,0.0,5,3,1,1,4,0,1,0
90877,3105,0.0,3.0,0.0,3,2,2,1,2,0,1,0
9227,22,0.0,6.0,0.0,8,1,1,1,3,0,5,0
92816,1810,0.0,3.0,0.0,17,5,3,7,16,0,1,0
92948,2401,0.0,6.0,0.0,14,5,1,2,12,1,1,0
93314,2537,0.0,3.0,1.0,6,4,2,1,5,0,1,0
93776,2630,0.0,0.0,0.0,1,1,1,1,0,0,1,0
94108,3968,0.0,2.0,0.0,2,1,1,2,1,0,1,0
94512,1393,0.0,3.0,0.0,20,11,6,1,18,0,2,0
94810,4659,0.0,4.0,0.0,14,7,5,3,8,0,6,0
95000,4731,0.0,4.0,1.0,6,2,2,1,5,0,1,0
95483,1210,0.0,0.0,1.0,7,2,2,2,4,0,1,2
95641,742,0.0,4.0,0.0,5,1,1,4,4,0,1,0
9579,3103,0.0,0.0,0.0,8,1,1,4,6,0,1,1
95869,246,0.0,0.0,1.0,3,2,1,1,2,0,1,0
96132,3472,0.0,0.0,0.0,7,2,1,2,6,0,1,0
96251,3585,1.0,5.0,0.0,34,20,2,4,33,0,1,0
96723,2776,0.0,3.0,0.0,5,1,1,3,3,0,1,1
97092,3685,0.0,5.0,0.0,7,2,1,2,6,0,1,0
97223,4242,0.0,6.0,1.0,3,1,1,1,1,0,2,0
97650,2640,0.0,4.0,0.0,12,5,4,2,10,0,2,0
98111,1703,0.0,4.0,0.0,3,1,1,1,2,0,1,0
9821,4848,0.0,0.0,1.0,6,2,1,2,5,0,1,0
98354,4794,0.0,3.0,1.0,4,2,1,2,3,0,1,0
9907,742,0.0,0.0,0.0,9,2,2,1,8,0,1,0
99170,598,0.0,3.0,0.0,5,1,1,1,4,0,1,0
99209,1103,0.0,2.0,0.0,5,2,1,1,4,0,1,0
99469,416,0.0,4.0,0.0,48,27,9,4,39,0,3,6
9966,508,0.0,0.0,0.0,4,2,1,1,3,0,1,0
99776,326,0.0,0.0,0.0,6,1,1,1,5,0,1,0
