100061,3349,0.0,3.0,0.0,7,1,1,1,5,0,1,1
100162,296,0.0,3.0,0.0,6,1,1,5,4,0,1,1
100202,1540,0.0,4.0,0.0,17,6,2,3,16,0,1,0
10074,588,0.0,2.0,0.0,6,2,1,2,4,0,1,1
10118,2217,0.0,4.0,1.0,3,1,1,1,2,0,1,0
101282,1296,0.0,3.0,0.0,22,6,1,1,21,0,1,0
101938,3898,0.0,0.0,1.0,10,2,1,2,8,0,2,0
102183,2669,0.0,3.0,0.0,2,1,1,1,1,0,1,0
102193,4049,0.0,4.0,0.0,13,4,4,3,12,0,1,0
102467,2403,0.0,3.0,0.0,8,6,1,1,7,0,1,0
102600,4765,0.0,6.0,0.0,2,1,1,2,0,0,1,1
10273,3734,0.0,3.0,1.0,3,3,2,3,2,0,1,0
102978,798,0.0,3.0,0.0,4,2,2,2,3,0,1,0
103324,4079,0.0,5.0,0.0,2,1,1,1,0,0,2,0
103571,1916,0.0,3.0,1.0,1,1,1,1,0,0,1,0
103577,1283,0.0,3.0,0.0,2,1,1,2,0,0,1,1
103921,2000,0.0,3.0,1.0,8,3,1,2,5,0,1,2
104506,3402,0.0,4.0,0.0,4,1,1,1,3,0,1,0
104709,4708,0.0,3.0,1.0,7,1,1,2,5,0,1,1
105050,3323,1.0,5.0,2.0,20,10,1,2,19,0,1,0
105254,3016,0.0,5.0,0.0,13,5,5,1,12,0,1,0
105478,1541,0.0,3.0,1.0,13,3,1,4,10,0,1,2
10569,643,0.0,3.0,1.0,2,1,1,1,1,0,1,0
105876,2710,1.0,4.0,1.0,1,1,1,1,0,0,1,0
106650,145,0.0,1.0,0.0,13,6,1,3,9,0,2,2
106664,66,0.0,3.0,1.0,1,1,1,1,0,0,1,0
106818,3635,1.0,3.0,0.0,9,1,1,2,7,0,1,1
106949,1810,1.0,6.0,0.0,95,40,11,5,94,0,1,0
107229,962,0.0,3.0,0.0,5,3,2,1,4,0,1,0
107596,2318,0.0,2.0,0.0,1,1,1,1,0,0,1,0
107678,412,1.0,4.0,0.0,18,13,4,3,13,0,5,0
108003,1096,0.0,4.0,1.0,6,1,1,1,5,0,1,0
10850,2448,0.0,0.0,0.0,1,1,1,1,0,0,1,0
109202,2031,0.0,4.0,0.0,7,2,1,1,5,0,1,1
10974,4465,1.0,4.0,0.0,29,12,2,4,22,0,5,2
110055,3828,0.0,0.0,1.0,10,9,4,1,9,0,1,0
110312,2620,0.0,2.0,0.0,10,5,3,1,9,0,1,0
110676,154,0.0,3.0,1.0,3,1,1,1,2,0,1,0
110814,1195,0.0,0.0,0.0,23,4,1,5,21,0,1,1
110841,1425,0.0,5.0,1.0,18,7,2,1,17,0,1,0
110971,3323,0.0,3.0,1.0,2,1,1,2,0,0,1,1
111051,606,0.0,4.0,0.0,35,29,9,4,32,0,2,1
111161,141,0.0,2.0,0.0,19,6,4,1,17,0,2,0
111460,798,0.0,3.0,0.0,10,7,6,2,8,0,2,0
111725,361,0.0,5.0,1.0,3,1,1,1,2,0,1,0
111868,4129,1.0,0.0,0.0,65,26,3,5,56,0,3,6
111879,2664,0.0,0.0,0.0,6,1,1,2,4,0,1,1
111918,2592,0.0,0.0,0.0,8,4,1,2,7,0,1,0
112132,4549,0.0,3.0,1.0,8,2,2,1,7,0,1,0
113399,3873,0.0,3.0,1.0,11,1,1,1,10,0,1,0
113489,1216,0.0,0.0,1.0,3,1,1,1,2,0,1,0
114489,3127,0.0,3.0,0.0,12,1,1,5,10,0,2,0
114498,4698,1.0,3.0,1.0,1,1,1,1,0,0,1,0
114542,3574,0.0,6.0,0.0,16,3,1,2,15,0,1,0
114678,474,0.0,6.0,0.0,2,1,1,1,1,0,1,0
114779,3563,1.0,2.0,0.0,1,1,1,1,0,0,1,0
115173,424,0.0,2.0,0.0,1,1,1,1,0,0,1,0
115401,798,0.0,3.0,0.0,3,2,2,1,2,0,1,0
115537,4480,0.0,4.0,2.0,5,2,2,1,4,0,1,0
115741,2856,0.0,2.0,0.0,3,1,1,1,2,0,1,0
116373,2954,0.0,5.0,1.0,19,8,4,2,12,0,7,0
116384,3839,0.0,2.0,0.0,41,23,2,3,36,0,2,3
116393,2828,0.0,0.0,0.0,7,1,1,2,6,0,1,0
116450,3809,0.0,5.0,0.0,16,5,3,5,14,0,1,1
116648,639,0.0,2.0,1.0,10,1,1,2,7,1,1,1
116661,2257,0.0,4.0,0.0,7,1,1,2,5,0,1,1
116766,1916,0.0,6.0,0.0,28,9,2,4,24,0,2,2
117223,2629,1.0,6.0,0.0,17,4,2,4,15,0,2,0
117319,2553,0.0,0.0,0.0,2,1,1,1,1,0,1,0
117576,141,0.0,5.0,1.0,14,11,4,6,12,0,1,1
117676,3828,0.0,6.0,0.0,28,15,6,7,27,0,1,0
118121,361,0.0,3.0,0.0,5,3,1,1,3,0,1,1
118484,4829,0.0,4.0,0.0,6,1,1,2,5,0,1,0
118571,3878,0.0,4.0,1.0,8,1,1,1,6,0,1,1
118761,1203,0.0,5.0,0.0,21,9,6,7,19,0,1,1
119054,1703,0.0,4.0,0.0,4,2,2,1,3,0,1,0
119324,2273,0.0,0.0,0.0,7,1,1,1,6,0,1,0
11938,977,0.0,0.0,0.0,3,2,1,1,2,0,1,0
119411,2031,0.0,3.0,1.0,11,2,1,2,9,0,1,1
119874,2883,0.0,6.0,0.0,14,11,4,1,12,0,2,0
120067,4488,0.0,3.0,0.0,2,1,1,1,1,0,1,0
120583,3822,0.0,0.0,0.0,2,1,1,1,1,0,1,0
120587,2097,0.0,5.0,1.0,18,5,1,2,16,0,1,1
120707,4614,0.0,5.0,0.0,6,3,2,1,4,0,2,0
120760,133,0.0,2.0,0.0,59,23,2,4,58,0,1,0
121022,3159,0.0,4.0,0.0,3,1,1,2,2,0,1,0
121347,4433,0.0,6.0,0.0,2,1,1,1,1,0,1,0
121459,4220,0.0,3.0,2.0,14,5,1,2,10,0,4,0
1216,3828,0.0,3.0,1.0,72,25,1,4,71,0,1,0
12190,2768,0.0,0.0,1.0,6,5,4,4,5,0,1,0
122196,204,0.0,5.0,0.0,10,3,1,3,8,0,2,0
122709,66,0.0,0.0,1.0,14,4,2,1,12,0,1,1
123228,1310,0.0,0.0,0.0,6,2,2,2,5,0,1,0
124116,3635,0.0,3.0,0.0,1,1,1,1,0,0,1,0
124283,1679,0.0,0.0,0.0,6,5,2,1,5,0,1,0
125186,1484,0.0,5.0,1.0,12,4,2,6,11,0,1,0
125395,1943,0.0,3.0,0.0,6,1,1,2,5,0,1,0
125773,522,0.0,2.0,1.0,2,1,1,2,1,0,1,0
126275,915,0.0,3.0,0.0,31,7,3,3,30,0,1,0
126446,1111,0.0,0.0,0.0,2,1,1,1,1,0,1,0
126474,4966,1.0,6.0,1.0,14,3,2,4,13,0,1,0
126832,3734,0.0,3.0,1.0,15,4,2,3,14,0,1,0
126905,416,1.0,3.0,0.0,3,2,2,1,2,0,1,0
127072,2217,0.0,4.0,0.0,21,7,1,4,19,0,1,1
12745,2849,0.0,5.0,0.0,5,4,4,1,4,0,1,0
127461,145,0.0,0.0,0.0,16,2,1,2,15,0,1,0
12757,437,0.0,5.0,0.0,8,5,3,3,5,0,3,0
127648,1117,0.0,3.0,0.0,2,1,1,1,1,0,1,0
127976,4219,0.0,3.0,0.0,5,3,1,1,3,0,2,0
128058,3784,0.0,2.0,0.0,2,1,1,1,0,0,1,1
128205,4992,0.0,3.0,0.0,1,1,1,1,0,0,1,0
128264,2361,0.0,3.0,2.0,1,1,1,1,0,0,1,0
128886,954,0.0,3.0,0.0,11,6,2,2,8,0,2,1
129339,2278,0.0,0.0,0.0,4,2,2,2,2,0,1,1
129550,396,0.0,6.0,0.0,9,3,1,1,8,0,1,0
130285,3826,1.0,4.0,1.0,4,1,1,1,2,0,2,0
130336,1487,0.0,5.0,0.0,16,5,1,1,15,0,1,0
130644,1703,0.0,4.0,0.0,1,1,1,1,0,0,1,0
131256,4198,0.0,0.0,1.0,6,2,1,1,5,0,1,0
131321,4558,0.0,3.0,0.0,6,1,1,1,5,0,1,0
131841,4942,1.0,0.0,1.0,2,1,1,1,1,0,1,0
131993,1501,0.0,3.0,0.0,19,10,4,3,18,0,1,0
132095,4768,0.0,3.0,0.0,7,5,2,2,6,0,1,0
132472,3635,0.0,5.0,0.0,9,2,1,1,7,0,2,0
133071,2876,0.0,3.0,0.0,4,1,1,1,3,0,1,0
133150,1884,1.0,3.0,0.0,1,1,1,1,0,0,1,0
133737,3635,0.0,3.0,0.0,5,2,1,1,4,0,1,0
134507,1506,0.0,0.0,1.0,4,3,1,1,3,0,1,0
134632,4966,0.0,4.0,0.0,3,1,1,3,2,0,1,0
134808,323,0.0,2.0,1.0,3,1,1,1,2,0,1,0
135148,3828,0.0,7.0,0.0,1,1,1,1,0,0,1,0
135924,1555,0.0,2.0,1.0,1,1,1,1,0,0,1,0
135949,1810,0.0,5.0,0.0,5,4,3,2,4,0,1,0
137274,416,1.0,4.0,1.0,2,1,1,1,1,0,1,0
13781,4282,1.0,2.0,1.0,65,39,8,3,57,0,4,4
138194,3108,0.0,5.0,1.0,2,1,1,1,0,0,1,1
138456,4605,0.0,0.0,1.0,17,5,4,2,11,0,2,4
138558,968,1.0,0.0,1.0,1,1,1,1,0,0,1,0
138566,1916,0.0,6.0,0.0,4,3,1,1,3,0,1,0
138676,4234,0.0,6.0,0.0,9,4,3,3,6,0,1,2
138864,2031,0.0,2.0,0.0,10,4,2,2,8,0,1,1
139490,2173,0.0,4.0,0.0,5,4,1,3,0,0,1,4
139813,3958,0.0,0.0,0.0,36,22,5,3,28,0,1,7
140047,1840,0.0,0.0,0.0,1,1,1,1,0,0,1,0
140056,606,0.0,0.0,0.0,25,11,3,4,24,0,1,0
140266,4518,0.0,2.0,1.0,7,3,2,2,6,0,1,0
140293,1618,0.0,4.0,1.0,5,3,1,1,4,0,1,0
140374,3462,0.0,2.0,0.0,10,5,2,3,9,0,1,0
140429,3080,0.0,3.0,1.0,14,4,2,2,13,0,1,0
140562,606,0.0,0.0,0.0,138,81,12,3,134,0,4,0
140899,2031,0.0,3.0,0.0,9,3,1,1,7,0,2,0
141248,1833,0.0,3.0,0.0,6,2,1,2,5,0,1,0
141486,1501,0.0,5.0,0.0,13,9,3,2,11,0,2,0
141632,1719,0.0,4.0,0.0,20,6,2,1,17,0,3,0
1418,3588,0.0,4.0,0.0,11,1,1,1,10,0,1,0
141906,4783,0.0,4.0,0.0,17,4,2,3,14,0,3,0
14214,1618,0.0,3.0,1.0,2,1,1,1,1,0,1,0
142775,2099,1.0,0.0,0.0,4,2,2,1,2,0,2,0
14303,557,0.0,5.0,1.0,12,3,3,2,10,0,2,0
143193,2562,0.0,2.0,1.0,1,1,1,1,0,0,1,0
143265,1437,0.0,6.0,0.0,14,5,1,2,12,0,1,1
143323,346,0.0,4.0,2.0,7,3,2,1,5,0,2,0
143454,1900,0.0,3.0,1.0,10,5,1,2,7,0,2,1
143950,2465,0.0,0.0,null,6,1,1,2,4,0,1,1
144026,553,0.0,2.0,1.0,3,1,1,1,2,0,1,0
144223,4026,0.0,4.0,0.0,7,4,4,6,5,0,1,1
144697,3623,0.0,3.0,1.0,4,1,1,2,3,0,1,0
144858,2529,0.0,5.0,0.0,5,1,1,1,3,0,2,0
144946,67,0.0,2.0,0.0,5,3,2,1,4,0,1,0
145076,412,1.0,6.0,0.0,22,11,5,1,20,0,2,0
145451,121,0.0,6.0,0.0,5,3,1,2,4,0,1,0
145711,2313,0.0,0.0,2.0,3,1,1,1,2,0,1,0
145759,598,0.0,4.0,0.0,5,4,2,2,4,0,1,0
145969,2047,0.0,4.0,2.0,1,1,1,1,0,0,1,0
146814,941,0.0,4.0,0.0,15,7,2,6,13,0,1,1
147026,3537,0.0,5.0,0.0,21,4,2,2,16,0,3,2
147240,3310,0.0,5.0,0.0,3,1,1,2,2,0,1,0
147728,1434,0.0,5.0,0.0,4,1,1,1,3,0,1,0
148057,187,0.0,5.0,0.0,6,5,3,3,4,0,2,0
148450,3236,0.0,5.0,0.0,24,4,1,2,23,0,1,0
148919,4450,0.0,5.0,0.0,15,4,2,2,13,0,1,1
148936,1833,0.0,4.0,0.0,9,6,1,1,8,0,1,0
149411,1943,0.0,3.0,1.0,3,1,1,1,2,0,1,0
150030,141,1.0,2.0,0.0,451,108,19,13,406,0,9,36
150717,293,0.0,4.0,2.0,6,1,1,1,5,0,1,0
150969,67,0.0,8.0,0.0,2,1,1,2,1,0,1,0
151137,3826,0.0,4.0,0.0,5,3,1,1,4,0,1,0
151392,1762,1.0,3.0,1.0,4,1,1,1,2,0,2,0
151866,951,0.0,7.0,0.0,3,1,1,1,1,0,1,1
151950,412,0.0,3.0,0.0,11,2,1,6,10,0,1,0
151980,227,0.0,6.0,0.0,3,1,1,1,2,0,1,0
152303,4044,0.0,2.0,0.0,9,2,1,1,8,0,1,0
15239,2537,0.0,3.0,0.0,1,1,1,1,0,0,1,0
152396,839,0.0,5.0,1.0,10,5,1,1,9,0,1,0
152591,2991,0.0,4.0,0.0,2,1,1,1,1,0,1,0
15267,4879,0.0,4.0,1.0,10,4,2,2,9,0,1,0
153600,2872,0.0,4.0,0.0,13,7,4,1,10,0,3,0
153629,66,0.0,3.0,0.0,3,1,1,1,2,0,1,0
153817,4871,0.0,3.0,0.0,3,1,1,1,2,0,1,0
154968,2161,0.0,0.0,0.0,2,1,1,1,1,0,1,0
155304,3646,0.0,3.0,1.0,1,1,1,1,0,0,1,0
155357,3990,0.0,4.0,0.0,5,1,1,2,4,0,1,0
155478,3955,0.0,6.0,0.0,11,4,1,2,10,0,1,0
155776,3022,0.0,3.0,1.0,10,3,1,2,9,0,1,0
155916,4536,0.0,2.0,1.0,2,1,1,1,1,0,1,0
155967,4524,0.0,3.0,0.0,14,7,2,2,12,0,1,1
156353,3168,0.0,4.0,1.0,3,2,1,1,2,0,1,0
156546,742,0.0,5.0,0.0,1,1,1,1,0,0,1,0
156945,4662,0.0,3.0,0.0,6,3,2,1,5,0,1,0
157289,1760,0.0,5.0,1.0,4,1,1,2,0,0,3,1
157567,2217,0.0,3.0,0.0,5,1,1,1,4,0,1,0
158459,1890,0.0,5.0,0.0,2,1,1,1,0,0,1,1
158823,3195,0.0,3.0,0.0,1,1,1,1,0,0,1,0
159518,1878,0.0,0.0,1.0,3,1,1,1,2,0,1,0
159661,1495,0.0,5.0,1.0,9,1,1,2,7,0,1,1
160383,3463,0.0,4.0,0.0,4,3,2,1,3,0,1,0
160508,4308,0.0,4.0,1.0,22,11,3,1,18,0,2,2
160663,121,0.0,5.0,0.0,1,1,1,1,0,0,1,0
160726,1272,0.0,0.0,1.0,10,2,2,2,8,1,1,0
162482,3471,0.0,3.0,0.0,3,1,1,1,2,0,1,0
163019,2031,0.0,3.0,0.0,4,2,1,1,3,0,1,0
163152,4976,1.0,4.0,2.0,10,4,2,3,8,0,1,1
163358,4745,0.0,0.0,1.0,2,1,1,1,1,0,1,0
163441,2789,0.0,6.0,0.0,7,2,2,1,5,0,2,0
163634,1324,0.0,4.0,0.0,10,4,3,2,9,0,1,0
164050,2569,0.0,3.0,0.0,1,1,1,1,0,0,1,0
164819,4659,0.0,4.0,0.0,5,1,1,1,4,0,1,0
165345,187,0.0,4.0,0.0,1,1,1,1,0,0,1,0
165581,219,0.0,4.0,1.0,7,1,1,2,5,0,2,0
165689,1031,0.0,4.0,1.0,5,1,1,1,4,0,1,0
16576,4729,0.0,3.0,1.0,18,7,6,3,16,0,1,1
165820,4760,0.0,2.0,1.0,3,1,1,1,1,0,2,0
166356,3828,0.0,3.0,0.0,6,3,1,1,5,0,1,0
166605,4658,0.0,3.0,0.0,5,2,1,2,4,0,1,0
166621,1485,0.0,3.0,0.0,10,4,2,1,9,0,1,0
166684,2273,0.0,3.0,0.0,16,6,1,3,15,0,1,0
167398,2031,0.0,2.0,0.0,9,1,1,2,8,0,1,0
167443,141,0.0,3.0,0.0,27,21,8,1,25,0,1,1
16754,1840,0.0,5.0,1.0,2,1,1,1,1,0,1,0
167814,4818,0.0,4.0,0.0,7,5,2,1,6,0,1,0
168188,3166,0.0,3.0,1.0,9,2,1,3,7,0,1,1
168368,2789,0.0,6.0,0.0,7,2,2,1,5,0,2,0
168501,2565,0.0,3.0,0.0,3,1,1,1,2,0,1,0
169179,2148,0.0,5.0,1.0,3,2,1,1,2,0,1,0
169274,2217,0.0,5.0,0.0,16,2,1,5,9,0,3,4
169448,962,0.0,6.0,0.0,2,1,1,1,1,0,1,0
169989,3734,0.0,3.0,0.0,7,4,1,1,6,0,1,0
170460,2242,0.0,5.0,0.0,24,14,6,3,22,0,2,0
170580,317,0.0,0.0,1.0,11,1,1,2,9,1,1,0
170802,4919,0.0,5.0,1.0,11,3,1,1,9,0,1,1
170841,4417,0.0,2.0,1.0,3,1,1,1,2,0,1,0
171978,3898,0.0,3.0,0.0,7,3,1,1,6,0,1,0
173024,1272,0.0,6.0,0.0,17,5,3,6,16,0,1,0
173958,1488,0.0,0.0,1.0,7,1,1,2,6,0,1,0
17424,4090,0.0,0.0,0.0,10,1,1,2,8,0,1,1
174311,4044,0.0,3.0,2.0,12,4,1,1,11,0,1,0
174431,2036,0.0,0.0,1.0,7,2,2,1,5,0,2,0
174525,2545,0.0,3.0,0.0,1,1,1,1,0,0,1,0
174814,4659,0.0,4.0,0.0,24,14,6,4,23,0,1,0
175601,1964,0.0,3.0,1.0,7,2,2,1,6,0,1,0
175799,1827,0.0,0.0,0.0,24,5,1,2,22,0,1,1
176071,190,1.0,5.0,0.0,2,1,1,1,1,0,1,0
176260,4427,0.0,0.0,1.0,7,2,1,1,5,0,2,0
176549,2569,0.0,4.0,0.0,2,2,1,1,0,0,2,0
177428,798,0.0,3.0,0.0,9,3,2,1,7,0,2,0
178008,1310,0.0,3.0,0.0,12,8,7,2,10,0,2,0
178207,1074,1.0,3.0,0.0,2,2,2,1,0,0,2,0
178508,3826,0.0,6.0,1.0,12,5,2,1,10,0,2,0
17906,2447,0.0,0.0,1.0,5,2,2,1,3,0,2,0
179339,606,0.0,4.0,0.0,48,34,10,7,47,0,1,0
179680,3319,0.0,5.0,1.0,2,1,1,1,1,0,1,0
180819,2935,0.0,4.0,0.0,4,1,1,1,3,0,1,0
180986,323,0.0,3.0,1.0,10,2,1,2,9,0,1,0
181097,2143,0.0,3.0,0.0,16,3,1,1,15,0,1,0
181209,3545,0.0,4.0,0.0,5,2,1,1,3,0,2,0
181340,2459,0.0,5.0,0.0,12,5,4,4,7,0,1,4
181378,790,0.0,3.0,0.0,18,12,6,2,17,0,1,0
181669,4043,0.0,5.0,0.0,23,13,9,3,18,0,1,4
181821,574,0.0,6.0,0.0,11,6,1,1,10,0,1,0
182143,1816,0.0,2.0,1.0,21,9,2,2,19,0,1,1
18217,4942,0.0,0.0,1.0,3,1,1,1,2,0,1,0
182307,4048,0.0,3.0,0.0,9,2,1,1,8,0,1,0
182645,1861,0.0,3.0,0.0,4,2,1,1,3,0,1,0
183536,793,0.0,0.0,1.0,1,1,1,1,0,0,1,0
183754,2669,0.0,3.0,0.0,16,4,2,1,14,0,2,0
183961,2436,0.0,0.0,0.0,11,9,6,1,9,0,2,0
184125,2882,0.0,6.0,0.0,11,8,2,1,10,0,1,0
184194,4419,0.0,3.0,0.0,3,2,2,1,1,0,2,0
184263,1090,1.0,2.0,1.0,1,1,1,1,0,0,1,0
184390,2780,0.0,3.0,2.0,4,2,1,1,3,0,1,0
184422,1100,0.0,6.0,0.0,6,1,1,3,5,0,1,0
184599,424,0.0,4.0,0.0,7,3,2,1,6,0,1,0
184774,4864,0.0,5.0,1.0,8,1,1,2,5,0,2,1
184818,2413,1.0,5.0,0.0,16,6,3,1,13,0,3,0
185776,1501,0.0,0.0,0.0,5,1,1,2,3,0,1,1
185898,148,0.0,4.0,0.0,11,5,4,2,8,0,3,0
185936,1555,0.0,0.0,0.0,7,1,1,5,5,0,1,1
186132,437,0.0,5.0,0.0,48,13,1,6,47,0,1,0
186172,2318,0.0,0.0,1.0,16,2,2,2,13,0,2,1
186370,4950,0.0,3.0,0.0,5,4,2,1,1,0,4,0
186424,4282,0.0,2.0,1.0,85,38,11,3,82,0,2,1
186659,2869,0.0,2.0,0.0,3,1,1,1,2,0,1,0
18783,1557,0.0,3.0,1.0,6,1,1,1,4,0,2,0
187958,4044,0.0,2.0,0.0,13,6,2,1,12,0,1,0
18799,2082,0.0,0.0,0.0,4,1,1,2,3,0,1,0
188005,2313,0.0,4.0,0.0,2,1,1,2,1,0,1,0
188145,3734,0.0,0.0,1.0,1,1,1,1,0,0,1,0
188251,1167,0.0,0.0,0.0,6,2,2,1,3,0,2,1
188807,951,0.0,2.0,0.0,2,1,1,1,1,0,1,0
189061,2283,0.0,5.0,2.0,8,3,1,4,7,0,1,0
189740,2669,0.0,0.0,0.0,11,7,4,1,10,0,1,0
190008,102,0.0,3.0,0.0,12,2,1,3,10,0,1,1
190977,2122,0.0,2.0,0.0,5,1,1,1,4,0,1,0
191077,4431,0.0,3.0,0.0,15,6,1,6,14,0,1,0
191103,416,0.0,3.0,0.0,4,1,1,1,3,0,1,0
192176,191,0.0,0.0,0.0,9,4,2,1,8,0,1,0
192743,2594,0.0,3.0,0.0,2,1,1,1,1,0,1,0
19303,4976,0.0,6.0,0.0,4,2,2,1,3,0,1,0
193527,3763,1.0,3.0,0.0,3,2,1,2,2,0,1,0
193766,3163,0.0,4.0,0.0,5,1,1,1,4,0,1,0
193881,1890,0.0,4.0,0.0,15,7,3,5,12,0,1,2
194628,152,0.0,0.0,1.0,5,1,1,2,3,0,2,0
195079,3828,0.0,6.0,1.0,7,1,1,1,6,0,1,0
195268,503,0.0,4.0,0.0,6,1,1,2,4,0,1,1
19560,1628,0.0,5.0,0.0,18,9,1,4,17,0,1,0
196329,4765,0.0,3.0,0.0,13,1,1,5,11,0,1,1
196722,4079,0.0,0.0,0.0,6,1,1,1,3,0,2,1
196954,3472,0.0,3.0,0.0,6,3,1,3,5,0,1,0
197041,4976,0.0,3.0,1.0,18,14,5,1,17,0,1,0
197168,1892,0.0,4.0,2.0,2,1,1,2,1,0,1,0
197894,3022,0.0,5.0,0.0,4,1,1,1,3,0,1,0
19802,3936,0.0,3.0,1.0,2,1,1,1,1,0,1,0
198473,4173,0.0,0.0,0.0,8,1,1,3,7,0,1,0
198695,1102,0.0,0.0,1.0,2,1,1,1,1,0,1,0
198728,1916,0.0,6.0,0.0,42,11,1,1,34,0,8,0
198899,2698,0.0,6.0,0.0,13,7,2,2,10,0,1,2
19890,3971,0.0,2.0,0.0,3,1,1,1,2,0,1,0
199009,4891,0.0,4.0,0.0,7,5,1,1,6,0,1,0
19948,3828,1.0,6.0,0.0,177,111,29,15,167,0,1,9
199524,141,1.0,3.0,0.0,17,11,5,2,15,0,1,1
199712,4245,0.0,4.0,0.0,2,1,1,1,1,0,1,0
199738,1393,1.0,0.0,0.0,7,2,2,3,5,0,1,1
200279,2435,0.0,3.0,0.0,3,1,1,2,2,0,1,0
20046,2928,0.0,4.0,0.0,16,6,4,7,15,0,1,0
201167,685,1.0,5.0,0.0,1,1,1,1,0,0,1,0
201396,2105,0.0,3.0,0.0,6,2,1,2,5,0,1,0
201648,1102,0.0,3.0,0.0,4,2,2,2,3,0,1,0
201793,1840,0.0,3.0,2.0,4,1,1,2,3,0,1,0
201932,4818,0.0,3.0,1.0,6,2,1,1,5,0,1,0
20259,1495,0.0,5.0,0.0,40,13,2,10,39,0,1,0
202827,742,0.0,3.0,0.0,9,4,2,1,8,0,1,0
20285,4465,0.0,5.0,0.0,4,1,1,2,2,0,1,1
203024,1936,0.0,0.0,0.0,1,1,1,1,0,0,1,0
20334,4079,0.0,4.0,0.0,1,1,1,1,0,0,1,0
203404,4336,0.0,0.0,1.0,4,3,1,2,3,0,1,0
204098,2698,1.0,3.0,0.0,77,23,2,5,73,0,3,1
204324,1884,0.0,6.0,1.0,12,8,2,1,9,0,3,0
204485,4044,0.0,3.0,0.0,78,51,10,10,73,0,2,3
204808,4760,0.0,0.0,1.0,8,1,1,2,7,0,1,0
206064,4062,0.0,5.0,0.0,17,11,2,3,16,0,1,0
206621,2482,1.0,2.0,0.0,20,6,5,1,17,0,3,0
206826,1679,0.0,6.0,0.0,9,6,3,2,8,0,1,0
206849,317,0.0,8.0,0.0,16,6,3,3,15,0,1,0
207422,1704,0.0,4.0,0.0,3,1,1,1,2,0,1,0
207476,4137,0.0,3.0,0.0,9,3,2,1,7,0,1,1
207580,1514,0.0,4.0,0.0,4,1,1,2,3,0,1,0
207602,4044,0.0,3.0,0.0,32,20,3,1,31,0,1,0
207635,4044,0.0,3.0,0.0,64,34,8,17,56,0,1,7
207697,4525,0.0,7.0,0.0,65,27,5,6,59,0,6,0
2088,1056,0.0,3.0,0.0,5,2,2,2,4,0,1,0
209075,4282,0.0,2.0,1.0,85,53,13,8,80,0,1,4
209570,4049,0.0,3.0,0.0,3,1,1,1,2,0,1,0
209627,2318,0.0,3.0,0.0,9,3,2,1,7,0,2,0
209658,1487,0.0,3.0,2.0,11,1,1,1,9,0,2,0
209974,1661,0.0,5.0,1.0,1,1,1,1,0,0,1,0
209984,1679,1.0,4.0,2.0,27,15,4,3,21,0,1,5
211436,1963,0.0,5.0,0.0,2,1,1,1,1,0,1,0
211532,1423,0.0,6.0,1.0,2,1,1,2,1,0,1,0
211880,1489,0.0,3.0,0.0,4,1,1,1,3,0,1,0
211906,4083,0.0,4.0,0.0,3,1,1,1,2,0,1,0
212359,1393,0.0,4.0,0.0,13,11,6,4,12,0,1,0
212983,4048,0.0,2.0,0.0,4,3,1,1,3,0,1,0
21343,2014,0.0,0.0,0.0,1,1,1,1,0,0,1,0
213761,4050,0.0,0.0,1.0,3,1,1,1,2,0,1,0
213848,424,0.0,2.0,0.0,11,5,3,1,10,0,1,0
214113,3723,0.0,0.0,null,9,3,1,1,8,0,1,0
21413,2031,0.0,4.0,1.0,3,1,1,1,2,0,1,0
214338,1916,0.0,7.0,0.0,2,1,1,1,1,0,1,0
214915,1247,0.0,0.0,0.0,6,1,1,1,5,0,1,0
215165,1270,0.0,4.0,1.0,6,1,1,1,5,0,1,0
215458,1200,1.0,4.0,1.0,10,1,1,1,7,0,3,0
2156,4431,0.0,3.0,0.0,6,2,1,4,5,0,1,0
215675,2981,0.0,3.0,0.0,4,1,1,1,3,0,1,0
215867,1514,0.0,6.0,1.0,1,1,1,1,0,0,1,0
216263,1816,0.0,2.0,1.0,1,1,1,1,0,0,1,0
216307,3173,0.0,6.0,0.0,19,2,1,3,13,0,5,1
216458,2173,0.0,6.0,1.0,9,4,1,1,7,0,2,0
216497,4083,0.0,4.0,0.0,1,1,1,1,0,0,1,0
216866,1673,0.0,3.0,0.0,2,1,1,1,1,0,1,0
21690,587,1.0,4.0,1.0,2,1,1,1,1,0,1,0
217079,1131,0.0,4.0,1.0,23,12,6,1,21,0,2,0
217113,4282,0.0,2.0,1.0,4,1,1,2,3,0,1,0
217318,3843,0.0,0.0,1.0,13,5,3,1,12,0,1,0
217397,4584,0.0,0.0,1.0,2,1,1,1,1,0,1,0
217405,2793,0.0,0.0,1.0,7,2,1,1,6,0,1,0
21760,1056,0.0,3.0,0.0,4,2,2,2,1,0,2,1
217640,3571,0.0,3.0,0.0,22,15,2,4,19,0,1,2
217731,643,1.0,5.0,0.0,58,49,14,3,55,0,3,0
218394,1890,0.0,6.0,1.0,23,13,4,6,21,0,1,1
218521,4955,0.0,0.0,0.0,13,7,4,1,10,0,3,0
218744,3411,0.0,6.0,0.0,2,1,1,1,0,0,2,0
218769,4871,0.0,2.0,1.0,3,1,1,2,0,0,1,2
219899,2173,0.0,4.0,0.0,5,4,1,1,4,0,1,0
219998,598,0.0,4.0,0.0,10,2,2,2,9,0,1,0
220200,4044,1.0,0.0,0.0,21,7,5,4,19,0,1,1
220471,1501,0.0,3.0,0.0,2,1,1,1,1,0,1,0
221517,3826,0.0,0.0,1.0,1,1,1,1,0,0,1,0
221840,148,0.0,3.0,0.0,18,6,3,2,14,0,4,0
222459,1166,0.0,0.0,1.0,6,1,1,1,5,0,1,0
222471,437,0.0,4.0,1.0,8,2,1,1,7,0,1,0
222479,4605,0.0,0.0,0.0,35,5,5,1,31,0,4,0
222577,2448,0.0,4.0,0.0,10,2,2,1,8,0,2,0
222788,4044,0.0,2.0,0.0,9,1,1,2,8,0,1,0
223282,4394,1.0,6.0,0.0,1,1,1,1,0,0,1,0
22396,1393,0.0,3.0,0.0,7,5,3,1,6,0,1,0
223997,1464,0.0,0.0,1.0,1,1,1,1,0,0,1,0
224272,1485,0.0,3.0,0.0,13,8,3,3,8,0,5,0
224472,4374,0.0,5.0,0.0,11,2,2,2,9,0,2,0
224619,3635,0.0,0.0,1.0,14,6,3,2,13,0,1,0
224844,1689,0.0,3.0,0.0,2,1,1,1,1,0,1,0
224899,2255,0.0,2.0,1.0,3,1,1,2,2,0,1,0
225060,1310,0.0,0.0,0.0,10,6,4,4,7,0,1,2
225076,2167,0.0,0.0,0.0,1,1,1,1,0,0,1,0
225720,3166,0.0,0.0,0.0,23,8,4,2,21,0,2,0
225783,4173,0.0,3.0,0.0,16,12,7,2,15,0,1,0
225920,570,1.0,0.0,1.0,22,12,6,4,21,0,1,0
226072,3828,0.0,2.0,1.0,18,2,2,4,15,0,2,1
226246,66,0.0,6.0,0.0,9,3,1,1,8,0,1,0
226259,962,0.0,6.0,0.0,5,3,3,1,4,0,1,0
22646,1918,0.0,5.0,0.0,2,1,1,1,1,0,1,0
226558,1895,0.0,3.0,1.0,33,7,2,1,31,0,2,0
226919,2196,0.0,4.0,0.0,1,1,1,1,0,0,1,0
227132,4926,0.0,4.0,1.0,21,10,8,7,15,0,1,5
227147,742,0.0,0.0,0.0,1,1,1,1,0,0,1,0
227513,1760,0.0,3.0,0.0,35,19,2,1,30,0,5,0
227791,3472,1.0,0.0,0.0,2,1,1,1,1,0,1,0
227802,1740,0.0,0.0,1.0,2,1,1,1,1,0,1,0
227827,246,0.0,0.0,0.0,5,1,1,2,3,1,1,0
228830,3303,0.0,3.0,0.0,5,1,1,2,4,0,1,0
229165,1840,0.0,4.0,0.0,4,1,1,1,3,0,1,0
229419,3578,0.0,3.0,2.0,2,1,1,1,1,0,1,0
229936,4115,0.0,2.0,1.0,5,1,1,1,3,0,1,1
229983,3159,0.0,6.0,0.0,6,4,3,1,4,0,2,0
230681,594,0.0,0.0,1.0,2,1,1,1,1,0,1,0
230761,1226,0.0,4.0,1.0,4,1,1,1,3,0,1,0
230851,2328,0.0,5.0,0.0,13,5,1,2,10,0,2,1
230900,3682,0.0,0.0,0.0,6,1,1,1,4,0,1,1
230940,3319,0.0,4.0,1.0,3,1,1,1,2,0,1,0
231782,4463,0.0,3.0,0.0,9,3,1,2,8,0,1,0
232339,10,0.0,4.0,0.0,5,1,1,1,3,0,1,1
232420,3284,0.0,4.0,1.0,4,1,1,2,3,0,1,0
232564,310,0.0,2.0,1.0,13,6,3,4,7,0,1,5
232987,1216,0.0,3.0,0.0,1,1,1,1,0,0,1,0
233424,2124,0.0,5.0,0.0,2,1,1,1,0,0,1,1
233681,1618,0.0,0.0,1.0,34,13,3,1,31,0,3,0
233951,3982,1.0,4.0,0.0,3,2,1,2,2,0,1,0
234011,547,0.0,4.0,0.0,4,1,1,2,3,0,1,0
234477,4472,0.0,3.0,0.0,7,1,1,1,6,0,1,0
235275,2454,0.0,4.0,0.0,8,1,1,2,7,0,1,0
235327,1972,0.0,7.0,0.0,1,1,1,1,0,0,1,0
235592,2821,0.0,6.0,1.0,33,9,4,3,30,0,2,1
235893,1310,0.0,3.0,0.0,17,10,6,4,16,0,1,0
236114,3763,0.0,5.0,1.0,4,1,1,1,3,0,1,0
236432,1749,0.0,3.0,2.0,3,1,1,1,2,0,1,0
236580,416,1.0,3.0,0.0,21,15,2,3,17,0,2,2
236909,653,0.0,4.0,1.0,5,3,3,1,4,0,1,0
23728,227,0.0,0.0,1.0,10,3,1,4,8,1,1,0
237534,534,0.0,3.0,0.0,8,2,1,1,6,0,2,0
237564,3227,0.0,5.0,0.0,5,1,1,1,3,0,1,1
237750,1090,0.0,3.0,1.0,5,1,1,1,4,0,1,0
237849,2916,0.0,2.0,0.0,3,1,1,1,2,0,1,0
23803,2469,0.0,4.0,0.0,8,2,1,2,7,0,1,0
238121,236,0.0,2.0,0.0,1,1,1,1,0,0,1,0
238146,2217,0.0,6.0,0.0,2,1,1,1,1,0,1,0
238292,4444,0.0,4.0,0.0,10,4,1,2,8,0,2,0
238510,1472,0.0,3.0,0.0,2,1,1,1,0,0,1,1
238589,2981,1.0,3.0,0.0,11,6,2,2,10,0,1,0
238763,4605,0.0,3.0,1.0,60,29,10,2,56,0,4,0
239320,10,0.0,0.0,1.0,27,5,1,5,26,0,1,0
239524,4564,0.0,3.0,0.0,1,1,1,1,0,0,1,0
240170,4287,1.0,3.0,1.0,14,5,3,1,12,0,2,0
240378,2608,0.0,5.0,0.0,3,2,1,1,2,0,1,0
240691,4325,0.0,3.0,0.0,18,3,1,5,15,0,1,2
241134,3502,0.0,6.0,1.0,3,1,1,2,2,0,1,0
241314,4072,1.0,4.0,1.0,3,1,1,3,2,0,1,0
241918,1346,0.0,5.0,0.0,2,1,1,1,1,0,1,0
241972,1272,0.0,0.0,0.0,4,1,1,1,3,0,1,0
242401,682,0.0,3.0,0.0,3,1,1,2,2,0,1,0
24250,4256,0.0,4.0,0.0,5,1,1,3,3,0,1,1
242511,4636,0.0,3.0,0.0,14,6,2,1,11,0,3,0
24267,1861,0.0,4.0,0.0,8,3,2,1,6,0,2,0
242909,1968,0.0,4.0,0.0,1,1,1,1,0,0,1,0
242909,3727,0.0,4.0,0.0,1,1,1,1,0,0,1,0
243032,3073,0.0,3.0,1.0,4,1,1,1,2,0,2,0
243041,4173,0.0,5.0,0.0,14,6,2,2,13,0,1,0
243400,2618,0.0,3.0,1.0,14,3,3,1,11,0,3,0
243956,358,0.0,3.0,0.0,2,1,1,2,1,0,1,0
244680,1399,0.0,5.0,0.0,5,2,1,2,4,0,1,0
245148,4137,0.0,5.0,0.0,3,2,1,2,2,0,1,0
245365,3574,0.0,0.0,0.0,20,9,2,5,16,0,1,3
245453,1816,0.0,4.0,0.0,6,1,1,2,4,0,1,1
245813,1464,0.0,0.0,0.0,5,1,1,2,3,0,1,1
246106,3734,0.0,4.0,0.0,14,7,2,2,11,0,1,2
246302,3230,0.0,4.0,0.0,17,6,3,2,12,0,3,2
247013,4043,1.0,3.0,1.0,2,1,1,1,1,0,1,0
247053,3897,0.0,2.0,1.0,4,1,1,1,3,0,1,0
247169,1142,0.0,0.0,1.0,7,3,1,1,6,0,1,0
247382,4044,0.0,3.0,0.0,21,7,4,3,17,0,1,3
247695,2141,0.0,5.0,0.0,3,1,1,1,2,0,1,0
248006,1346,0.0,3.0,1.0,273,14,1,3,264,0,2,7
248575,2935,0.0,0.0,0.0,15,1,1,3,13,0,1,1
248668,1499,0.0,3.0,0.0,1,1,1,1,0,0,1,0
249892,1585,0.0,0.0,0.0,19,6,6,3,14,0,3,2
250472,4394,0.0,6.0,0.0,7,2,1,1,6,0,1,0
25051,3350,0.0,3.0,0.0,1,1,1,1,0,0,1,0
250876,219,0.0,2.0,1.0,9,2,1,1,7,0,2,0
25102,2136,0.0,4.0,2.0,17,1,1,6,15,0,1,1
251508,2193,0.0,4.0,1.0,4,2,2,1,2,0,2,0
2519,2403,0.0,6.0,0.0,26,14,3,1,24,0,2,0
252106,4760,0.0,0.0,0.0,5,4,2,1,4,0,1,0
252530,121,0.0,4.0,0.0,29,15,8,3,27,0,2,0
252760,1187,0.0,5.0,1.0,4,2,1,1,3,0,1,0
252778,1062,0.0,5.0,1.0,28,10,4,2,25,0,3,0
253412,1115,0.0,2.0,1.0,5,2,1,3,4,0,1,0
253549,3152,0.0,4.0,0.0,3,1,1,1,2,0,1,0
253920,2278,0.0,2.0,0.0,16,7,5,3,15,0,1,0
254503,3828,0.0,2.0,0.0,12,1,1,1,11,0,1,0
254986,2339,0.0,5.0,0.0,6,2,2,2,3,0,2,1
25533,1884,0.0,4.0,1.0,2,1,1,2,1,0,1,0
255626,372,0.0,7.0,0.0,2,1,1,1,1,0,1,0
256589,498,0.0,6.0,0.0,29,7,2,1,25,0,4,0
256631,3577,0.0,0.0,0.0,5,1,1,1,4,0,1,0
257060,1514,0.0,3.0,0.0,6,1,1,1,5,0,1,0
257095,2609,0.0,2.0,0.0,12,3,1,4,10,0,1,1
257581,3675,1.0,4.0,0.0,13,5,2,2,9,0,3,1
25774,3148,0.0,4.0,1.0,5,2,1,2,3,1,1,0
258109,1342,0.0,0.0,0.0,2,1,1,1,1,0,1,0
258465,2537,0.0,4.0,0.0,5,2,1,1,4,0,1,0
258813,1538,0.0,0.0,1.0,21,4,1,1,17,0,4,0
259505,4789,0.0,3.0,1.0,16,1,1,2,15,0,1,0
259927,4115,0.0,0.0,1.0,7,1,1,1,6,0,1,0
260345,3623,1.0,2.0,0.0,26,10,4,5,24,0,1,1
261254,357,0.0,3.0,0.0,2,1,1,1,1,0,1,0
263202,4141,0.0,4.0,0.0,11,3,1,1,9,1,1,0
263812,1272,1.0,6.0,0.0,18,9,5,4,17,0,1,0
264193,2910,0.0,5.0,0.0,8,4,4,1,7,0,1,0
264319,4040,0.0,0.0,0.0,3,1,1,2,2,0,1,0
264881,3266,1.0,3.0,0.0,1,1,1,1,0,0,1,0
265175,1659,0.0,0.0,1.0,8,5,1,1,7,0,1,0
265763,551,0.0,4.0,0.0,14,8,4,1,11,0,3,0
266044,941,0.0,5.0,1.0,7,2,1,1,6,0,1,0
266503,798,0.0,0.0,0.0,4,2,1,1,3,0,1,0
266554,66,0.0,6.0,0.0,4,2,2,1,2,0,2,0
266556,3828,1.0,3.0,0.0,11,8,2,1,9,0,2,0
266598,1704,0.0,2.0,0.0,5,1,1,1,4,0,1,0
266980,2845,0.0,0.0,0.0,10,1,1,2,8,0,1,1
267238,1056,0.0,4.0,2.0,3,2,2,2,2,0,1,0
267370,141,0.0,0.0,0.0,4,1,1,1,2,0,2,0
267440,2637,0.0,2.0,1.0,7,1,1,1,5,0,1,1
267528,4268,0.0,0.0,0.0,7,4,1,2,6,0,1,0
267725,4976,0.0,4.0,0.0,16,4,3,2,14,0,1,1
267886,24,0.0,3.0,1.0,2,1,1,2,0,1,1,0
268012,416,0.0,0.0,0.0,3,1,1,1,2,0,1,0
268348,897,0.0,5.0,1.0,23,20,9,1,22,0,1,0
268989,963,0.0,5.0,1.0,15,5,2,3,14,0,1,0
269093,4697,0.0,3.0,0.0,11,8,3,1,8,0,3,0
269316,3319,0.0,4.0,1.0,6,2,2,2,5,0,1,0
269363,323,0.0,4.0,0.0,1,1,1,1,0,0,1,0
269457,2821,0.0,6.0,0.0,3,2,1,2,2,0,1,0
26948,1020,0.0,0.0,0.0,8,1,1,4,7,0,1,0
269783,3291,0.0,3.0,null,1,1,1,1,0,0,1,0
270,588,0.0,5.0,1.0,2,1,1,1,1,0,1,0
270140,4444,0.0,5.0,0.0,4,2,2,2,1,0,2,1
27020,4499,0.0,2.0,1.0,13,2,1,3,11,0,1,1
270434,1605,0.0,2.0,2.0,1,1,1,1,0,0,1,0
271229,3936,0.0,4.0,1.0,2,1,1,1,1,0,1,0
271344,1500,0.0,3.0,1.0,13,6,1,1,12,0,1,0
271616,4504,0.0,0.0,0.0,13,9,2,1,12,0,1,0
271738,1840,0.0,4.0,0.0,1,1,1,1,0,0,1,0
271934,4940,0.0,3.0,0.0,2,1,1,1,1,0,1,0
272161,4818,1.0,3.0,0.0,20,12,4,1,18,0,2,0
272330,2721,0.0,3.0,1.0,3,1,1,1,2,0,1,0
272772,4659,0.0,0.0,1.0,21,8,4,2,18,0,3,0
273578,3853,1.0,0.0,0.0,29,12,3,3,27,0,2,0
274720,685,0.0,0.0,0.0,3,1,1,1,2,0,1,0
274796,1895,1.0,3.0,0.0,3,2,2,1,2,0,1,0
275152,4585,0.0,0.0,0.0,1,1,1,1,0,0,1,0
275345,798,0.0,3.0,0.0,10,4,3,1,9,0,1,0
275613,2981,0.0,7.0,0.0,5,1,1,2,4,0,1,0
275626,2361,0.0,3.0,0.0,12,2,2,2,11,0,1,0
276089,535,0.0,3.0,0.0,1,1,1,1,0,0,1,0
276324,1659,0.0,0.0,0.0,5,1,1,1,4,0,1,0
276368,4760,0.0,3.0,1.0,6,3,2,1,3,0,3,0
276466,4044,0.0,3.0,0.0,5,1,1,2,4,0,1,0
276631,1659,0.0,5.0,0.0,11,1,1,2,7,0,3,1
276812,2727,0.0,4.0,0.0,7,1,1,1,5,0,1,1
2772,1272,0.0,0.0,0.0,12,4,1,2,10,0,2,0
277229,4026,0.0,5.0,0.0,5,1,1,1,4,0,1,0
277261,2545,0.0,2.0,1.0,47,10,2,1,46,0,1,0
277842,3828,0.0,4.0,2.0,15,5,5,2,13,0,2,0
27796,3191,0.0,2.0,0.0,6,4,1,5,1,0,1,4
278717,4079,0.0,0.0,0.0,5,4,1,1,4,0,1,0
278811,1067,1.0,4.0,1.0,9,2,1,2,8,0,1,0
27984,503,0.0,4.0,1.0,2,1,1,1,1,0,1,0
279911,416,0.0,6.0,0.0,50,25,9,4,45,0,1,4
279977,200,0.0,0.0,null,2,1,1,1,1,0,1,0
280317,2582,0.0,3.0,0.0,34,12,2,5,31,0,1,2
280334,4090,0.0,0.0,0.0,5,3,1,1,4,0,1,0
280649,2361,0.0,3.0,0.0,12,8,6,2,8,0,4,0
28079,4170,0.0,0.0,0.0,10,6,2,2,9,0,1,0
280905,4499,0.0,0.0,0.0,10,1,1,2,9,0,1,0
281261,3545,0.0,3.0,1.0,3,1,1,1,2,0,1,0
281685,1803,0.0,4.0,0.0,7,2,2,3,5,0,2,0
281957,361,0.0,4.0,0.0,29,15,1,1,28,0,1,0
28215,66,0.0,4.0,2.0,8,3,1,1,7,0,1,0
282319,2124,0.0,3.0,2.0,21,9,3,3,20,0,1,0
282454,1443,0.0,0.0,1.0,4,1,1,1,2,1,1,0
282662,4022,0.0,4.0,1.0,8,2,1,2,7,0,1,0
282719,1102,0.0,4.0,0.0,2,2,1,1,0,0,1,1
283132,826,0.0,3.0,1.0,3,1,1,1,2,0,1,0
283240,2693,0.0,4.0,0.0,9,4,2,1,7,0,2,0
283422,4044,1.0,0.0,0.0,2,1,1,1,1,0,1,0
283928,2988,0.0,2.0,1.0,5,2,1,2,4,0,1,0
284018,396,0.0,2.0,0.0,6,1,1,2,5,0,1,0
284248,1131,0.0,0.0,0.0,13,2,1,2,11,0,1,1
284437,1049,0.0,2.0,0.0,2,1,1,1,1,0,1,0
284613,1489,0.0,0.0,null,2,1,1,2,0,0,1,1
284719,4282,0.0,5.0,0.0,47,31,10,2,45,0,2,0
284788,1134,0.0,4.0,1.0,6,2,1,1,4,0,2,0
285364,2138,0.0,3.0,0.0,1,1,1,1,0,0,1,0
28588,1500,0.0,3.0,1.0,6,1,1,2,5,0,1,0
286422,258,0.0,4.0,0.0,3,1,1,1,2,0,1,0
286846,1916,0.0,0.0,0.0,2,1,1,2,1,0,1,0
287129,3826,0.0,4.0,0.0,5,1,1,2,3,0,1,1
287163,1899,0.0,6.0,1.0,1,1,1,1,0,0,1,0
288287,4648,0.0,2.0,0.0,2,1,1,1,1,0,1,0
288507,4170,0.0,5.0,1.0,2,2,1,2,1,0,1,0
288513,4818,0.0,2.0,1.0,70,18,11,5,62,0,8,0
28861,3819,0.0,null,null,17,6,3,4,15,0,1,1
289759,1284,0.0,6.0,0.0,7,1,1,2,5,0,1,1
289928,2167,0.0,6.0,0.0,14,5,1,5,11,0,1,2
290029,4585,0.0,4.0,1.0,10,4,4,3,9,0,1,0
290226,1581,0.0,4.0,0.0,7,2,1,1,4,0,3,0
290288,598,0.0,2.0,1.0,2,1,1,1,1,0,1,0
290390,643,0.0,0.0,0.0,28,18,5,3,25,0,3,0
290846,302,0.0,5.0,1.0,48,6,1,1,39,0,9,0
290964,250,0.0,0.0,0.0,7,4,1,1,5,0,2,0
291165,1203,0.0,5.0,0.0,6,2,2,2,4,0,2,0
29117,588,0.0,5.0,0.0,2,1,1,1,1,0,1,0
291527,547,0.0,3.0,0.0,2,1,1,1,0,0,1,1
291707,2108,1.0,4.0,0.0,3,1,1,1,2,0,1,0
291756,2900,0.0,0.0,0.0,5,2,2,1,4,0,1,0
291767,4173,0.0,2.0,0.0,33,27,9,10,28,0,1,4
291967,2236,0.0,4.0,1.0,3,1,1,1,1,0,1,1
292558,66,0.0,3.0,1.0,6,2,1,1,5,0,1,0
29274,1851,0.0,3.0,0.0,1,1,1,1,0,0,1,0
292817,4525,0.0,4.0,0.0,11,4,1,4,5,0,3,3
292879,3623,0.0,2.0,0.0,5,2,1,1,4,0,1,0
293082,13,0.0,3.0,0.0,20,5,3,2,17,0,2,1
293177,311,0.0,0.0,1.0,4,2,1,1,3,0,1,0
293425,3925,0.0,5.0,0.0,15,6,2,2,14,0,1,0
293688,862,0.0,4.0,0.0,15,4,4,3,14,0,1,0
293858,1679,0.0,3.0,0.0,1,1,1,1,0,0,1,0
293959,1572,0.0,0.0,0.0,24,9,2,5,22,0,2,0
294085,826,0.0,3.0,0.0,1,1,1,1,0,0,1,0
294341,2361,0.0,0.0,0.0,3,2,2,3,0,0,1,2
295158,4760,0.0,4.0,0.0,47,22,7,8,43,0,1,3
295202,2891,0.0,4.0,0.0,29,13,1,9,24,0,2,3
295234,3984,1.0,0.0,0.0,9,5,2,2,8,0,1,0
295434,4763,0.0,6.0,0.0,8,2,1,3,7,0,1,0
295531,3472,0.0,0.0,null,2,1,1,1,1,0,1,0
295639,4170,0.0,5.0,0.0,8,3,2,1,6,0,2,0
296270,594,0.0,0.0,0.0,1,1,1,1,0,0,1,0
296287,2403,1.0,4.0,0.0,51,30,2,5,50,0,1,0
296402,1708,0.0,4.0,0.0,42,2,1,1,39,0,3,0
296431,4048,0.0,0.0,0.0,4,1,1,1,3,0,1,0
296460,4960,0.0,3.0,0.0,8,3,3,1,7,0,1,0
296493,1356,0.0,4.0,0.0,10,2,1,2,9,0,1,0
296988,3304,0.0,4.0,0.0,12,1,1,3,11,0,1,0
29709,3363,0.0,3.0,0.0,1,1,1,1,0,0,1,0
297607,2047,0.0,2.0,0.0,2,1,1,1,1,0,1,0
297618,3828,0.0,0.0,0.0,18,4,3,2,15,0,1,2
297990,4048,0.0,0.0,0.0,2,1,1,1,1,0,1,0
298674,1434,0.0,null,null,3,1,1,1,2,0,1,0
298870,3889,0.0,3.0,0.0,3,1,1,2,2,0,1,0
298894,1890,0.0,5.0,0.0,9,2,1,4,8,0,1,0
298933,4512,0.0,4.0,1.0,20,8,1,1,18,0,2,0
299091,1892,0.0,4.0,0.0,3,1,1,1,1,0,2,0
299170,1557,0.0,5.0,1.0,4,1,1,1,2,0,1,1
299392,416,0.0,3.0,0.0,3,1,1,2,2,0,1,0
300175,1393,0.0,3.0,1.0,4,1,1,1,3,0,1,0
300723,343,0.0,4.0,0.0,1,1,1,1,0,0,1,0
3008,742,0.0,6.0,0.0,1,1,1,1,0,0,1,0
300870,4658,0.0,6.0,0.0,3,1,1,1,2,0,1,0
300996,4267,0.0,5.0,0.0,31,13,6,2,27,0,4,0
301097,1487,0.0,4.0,1.0,7,3,2,2,6,0,1,0
301499,1102,0.0,5.0,0.0,14,8,5,3,13,0,1,0
30161,1494,0.0,0.0,0.0,15,2,2,2,13,0,2,0
30184,4525,0.0,4.0,2.0,21,12,1,1,19,0,2,0
301942,2459,0.0,3.0,0.0,7,2,2,2,4,1,1,1
302032,10,0.0,5.0,0.0,1,1,1,1,0,0,1,0
302194,1900,0.0,0.0,1.0,5,1,1,1,4,0,1,0
302247,1134,0.0,0.0,0.0,6,1,1,2,4,0,1,1
302453,962,0.0,6.0,0.0,2,1,1,1,1,0,1,0
30282,63,0.0,2.0,0.0,27,4,3,7,25,0,1,1
302998,2592,0.0,4.0,0.0,8,4,4,1,6,0,2,0
30315,747,0.0,5.0,1.0,2,1,1,1,1,0,1,0
303380,673,0.0,0.0,0.0,4,1,1,1,3,0,1,0
303706,3160,0.0,4.0,0.0,6,2,2,2,5,0,1,0
304084,4659,0.0,5.0,0.0,7,5,3,1,5,0,2,0
304642,1342,0.0,4.0,0.0,18,4,3,2,16,0,1,1
304878,1248,0.0,2.0,0.0,3,1,1,2,2,0,1,0
304922,4044,0.0,6.0,0.0,26,7,3,3,20,0,1,5
305190,4705,0.0,0.0,0.0,8,2,2,3,4,0,1,3
30522,4079,0.0,null,null,7,1,1,1,3,0,4,0
305297,598,0.0,3.0,0.0,2,1,1,1,1,0,1,0
305373,1399,0.0,5.0,1.0,53,16,2,7,51,0,2,0
305895,1679,0.0,3.0,1.0,11,6,3,3,9,0,2,0
305930,3693,0.0,5.0,null,3,1,1,1,2,0,1,0
307109,2454,0.0,6.0,0.0,7,3,3,3,5,0,1,1
307621,2473,0.0,4.0,0.0,12,3,1,1,10,0,2,0
308039,3014,0.0,3.0,0.0,15,3,1,3,13,0,1,1
308115,4978,0.0,3.0,1.0,2,1,1,1,1,0,1,0
308250,2403,0.0,0.0,0.0,12,5,1,2,11,0,1,0
308797,416,0.0,0.0,0.0,1,1,1,1,0,0,1,0
308828,1618,0.0,3.0,1.0,9,4,2,1,8,0,1,0
308864,4173,0.0,0.0,0.0,3,2,1,1,2,0,1,0
309510,2465,0.0,2.0,1.0,10,4,1,2,9,0,1,0
310109,4950,0.0,5.0,2.0,34,14,7,4,29,0,5,0
310236,962,0.0,3.0,0.0,3,2,2,2,2,0,1,0
310362,778,0.0,3.0,1.0,4,2,1,1,2,0,2,0
310922,4659,0.0,3.0,1.0,9,5,3,2,7,0,2,0
310954,4830,0.0,6.0,0.0,12,5,1,3,11,0,1,0
311300,1831,0.0,3.0,0.0,3,1,1,1,2,0,1,0
311417,1963,0.0,3.0,0.0,2,1,1,1,1,0,1,0
311800,643,0.0,3.0,0.0,5,3,2,2,4,0,1,0
311964,4420,0.0,6.0,0.0,3,2,1,3,0,0,1,2
312107,4368,0.0,3.0,0.0,5,1,1,3,3,0,1,1
313294,963,1.0,4.0,0.0,13,3,2,2,11,0,2,0
313495,2450,0.0,4.0,0.0,7,6,2,1,6,0,1,0
313569,4282,0.0,2.0,1.0,5,3,2,1,4,0,1,0
314072,2916,0.0,3.0,0.0,11,8,1,1,10,0,1,0
314381,2138,0.0,3.0,0.0,12,9,2,3,2,0,1,9
314478,3637,0.0,0.0,null,16,3,1,3,14,0,2,0
315036,4170,0.0,3.0,0.0,6,1,1,2,4,0,2,0
315386,4829,0.0,3.0,1.0,20,2,1,1,19,0,1,0
316744,4534,0.0,4.0,1.0,19,13,11,1,18,0,1,0
317209,2318,0.0,3.0,0.0,9,4,3,1,7,0,2,0
317438,4373,0.0,4.0,1.0,2,2,2,2,1,0,1,0
317843,2093,0.0,6.0,0.0,6,1,1,1,5,0,1,0
317947,602,1.0,0.0,1.0,11,3,1,1,9,0,1,1
318453,3614,0.0,4.0,0.0,11,9,7,3,7,0,3,1
31853,548,0.0,3.0,0.0,21,9,1,3,16,0,1,4
31871,4261,0.0,4.0,0.0,11,6,2,2,9,0,1,1
319008,234,1.0,3.0,0.0,20,1,1,3,18,0,2,0
319029,826,1.0,5.0,1.0,3,1,1,1,2,0,1,0
319160,166,0.0,4.0,0.0,45,28,1,1,44,0,1,0
319638,2173,0.0,0.0,0.0,13,7,1,1,12,0,1,0
319680,4305,0.0,4.0,0.0,1,1,1,1,0,0,1,0
319757,3537,0.0,4.0,1.0,13,3,2,3,12,0,1,0
319909,4385,0.0,2.0,0.0,7,2,1,1,6,0,1,0
320215,798,0.0,3.0,0.0,3,1,1,1,2,0,1,0
320355,4818,0.0,5.0,0.0,20,13,7,1,18,0,2,0
320385,2459,0.0,2.0,0.0,12,5,5,1,8,0,4,0
320499,2928,0.0,5.0,0.0,11,6,3,5,9,0,2,0
320993,1056,0.0,4.0,0.0,13,11,7,2,11,0,2,0
321354,951,0.0,null,null,2,1,1,1,1,0,1,0
321653,4536,0.0,4.0,1.0,5,2,1,2,4,0,1,0
321707,4732,0.0,3.0,1.0,10,3,2,1,9,0,1,0
321824,3828,0.0,5.0,0.0,2,1,1,1,1,0,1,0
321959,1708,0.0,4.0,1.0,9,4,2,1,8,0,1,0
322278,2269,0.0,4.0,0.0,6,2,1,2,5,0,1,0
322346,1500,0.0,0.0,1.0,17,3,3,1,15,0,1,1
322576,293,0.0,4.0,0.0,7,2,1,1,6,0,1,0
322640,4339,0.0,0.0,0.0,4,1,1,1,3,0,1,0
322948,3936,0.0,0.0,1.0,9,1,1,2,8,0,1,0
323315,2397,0.0,3.0,2.0,12,3,2,2,10,0,2,0
323333,2579,0.0,0.0,1.0,12,4,2,1,10,0,2,0
324056,2051,0.0,3.0,0.0,2,2,1,1,0,0,2,0
325397,3828,0.0,3.0,0.0,2,1,1,1,1,0,1,0
325525,1552,0.0,3.0,0.0,9,1,1,1,8,0,1,0
325576,1557,0.0,4.0,0.0,20,12,6,1,18,0,2,0
326354,3477,0.0,3.0,1.0,10,2,1,1,9,0,1,0
326579,4282,0.0,3.0,1.0,93,39,9,4,89,0,2,2
326891,1470,0.0,3.0,0.0,10,1,1,4,9,0,1,0
327199,738,0.0,3.0,0.0,7,3,3,3,4,0,1,2
327349,4829,0.0,2.0,0.0,5,2,1,2,4,0,1,0
327762,1346,0.0,3.0,0.0,9,3,1,3,5,0,2,2
328670,3159,0.0,3.0,0.0,21,5,3,2,17,0,4,0
328765,1749,0.0,6.0,2.0,19,10,6,2,15,0,4,0
328803,1552,0.0,4.0,0.0,3,1,1,1,2,0,1,0
328906,4648,1.0,2.0,0.0,3,1,1,1,2,0,1,0
329061,1408,0.0,4.0,1.0,4,3,1,1,2,0,2,0
329144,2397,0.0,4.0,1.0,24,6,4,3,21,0,3,0
329325,1610,0.0,3.0,1.0,4,1,1,1,3,0,1,0
329680,2592,0.0,2.0,0.0,1,1,1,1,0,0,1,0
329728,534,1.0,3.0,1.0,1,1,1,1,0,0,1,0
329943,4071,0.0,3.0,1.0,4,1,1,2,3,0,1,0
330036,3578,0.0,5.0,0.0,6,1,1,2,5,0,1,0
330109,3803,0.0,5.0,0.0,1,1,1,1,0,0,1,0
330524,2138,0.0,5.0,0.0,3,3,3,2,1,0,2,0
331003,4871,0.0,2.0,1.0,9,1,1,4,6,0,1,2
331103,2569,0.0,0.0,0.0,4,4,2,1,0,0,4,0
331201,742,0.0,3.0,0.0,3,2,1,2,2,0,1,0
33134,4577,0.0,4.0,1.0,3,1,1,1,2,0,1,0
331647,4793,0.0,3.0,1.0,3,1,1,1,2,0,1,0
33228,2709,0.0,4.0,0.0,6,1,1,1,5,0,1,0
332476,4071,0.0,6.0,1.0,3,1,1,1,2,0,1,0
333131,96,0.0,5.0,1.0,17,9,1,1,12,0,5,0
333517,63,0.0,3.0,0.0,1,1,1,1,0,0,1,0
333948,824,0.0,0.0,0.0,3,3,1,1,0,0,3,0
334589,1477,0.0,3.0,0.0,14,3,1,1,13,0,1,0
33467,1892,0.0,4.0,0.0,8,3,3,1,7,0,1,0
334835,4173,0.0,3.0,0.0,2,1,1,2,0,0,1,1
334857,1483,0.0,2.0,0.0,8,3,3,4,7,0,1,0
335155,4043,0.0,6.0,0.0,17,5,3,8,15,0,2,0
335543,1250,0.0,6.0,0.0,15,5,1,2,11,0,4,0
335852,598,0.0,4.0,1.0,8,7,3,1,7,0,1,0
335972,786,0.0,0.0,0.0,10,4,2,2,8,0,2,0
336534,1429,0.0,0.0,2.0,6,2,2,3,5,0,1,0
336588,3588,0.0,4.0,0.0,5,1,1,1,1,0,4,0
336730,4287,0.0,3.0,2.0,5,4,3,1,4,0,1,0
337295,4735,0.0,0.0,0.0,13,3,2,1,12,0,1,0
337462,416,0.0,0.0,0.0,7,4,3,2,6,0,1,0
337622,4976,0.0,3.0,0.0,71,34,6,10,68,0,1,2
337635,3206,0.0,5.0,1.0,4,1,1,1,3,0,1,0
337678,2537,0.0,0.0,0.0,32,20,5,2,27,0,5,0
337798,4268,0.0,4.0,0.0,5,2,1,3,4,0,1,0
338094,2915,0.0,4.0,1.0,4,3,1,1,3,0,1,0
338205,3734,0.0,2.0,0.0,4,3,2,2,0,0,1,3
338917,1487,0.0,3.0,0.0,30,11,1,4,26,0,1,3
338975,1892,0.0,4.0,0.0,4,3,3,1,0,0,1,3
339076,3955,0.0,4.0,0.0,9,2,2,2,8,0,1,0
339473,3954,0.0,0.0,1.0,4,1,1,1,3,0,1,0
339614,2266,0.0,6.0,1.0,15,3,1,3,14,0,1,0
33976,4444,0.0,3.0,1.0,1,1,1,1,0,0,1,0
339848,2482,0.0,3.0,0.0,7,3,1,4,5,0,1,1
339855,4369,0.0,5.0,0.0,26,7,4,4,23,0,3,0
341381,416,0.0,6.0,0.0,26,9,3,3,22,0,4,0
341435,2317,0.0,2.0,1.0,3,1,1,2,1,0,1,1
341928,2273,0.0,4.0,0.0,3,1,1,1,2,0,1,0
343251,2459,0.0,4.0,2.0,1,1,1,1,0,0,1,0
343345,4760,0.0,4.0,0.0,7,3,2,1,6,0,1,0
343498,685,0.0,0.0,0.0,22,6,1,1,21,0,1,0
343949,1892,0.0,0.0,0.0,27,7,2,1,24,2,1,0
344044,2318,0.0,0.0,0.0,1,1,1,1,0,0,1,0
344370,4760,0.0,3.0,0.0,6,2,1,1,5,0,1,0
344667,4985,1.0,4.0,0.0,14,9,3,2,12,0,2,0
345333,646,0.0,3.0,1.0,14,2,1,5,12,0,1,1
345819,2565,0.0,6.0,0.0,11,5,1,1,10,0,1,0
346844,4267,0.0,4.0,0.0,9,8,2,2,7,0,2,0
347219,120,0.0,4.0,0.0,4,1,1,1,3,0,1,0
347400,1432,0.0,0.0,1.0,10,1,1,3,9,0,1,0
347783,14,0.0,4.0,2.0,10,1,1,2,8,0,2,0
34801,760,0.0,0.0,0.0,9,4,1,1,8,0,1,0
348317,806,0.0,0.0,0.0,6,3,2,3,5,0,1,0
348741,4906,0.0,5.0,2.0,9,4,1,1,8,0,1,0
34910,2700,0.0,6.0,0.0,12,6,3,2,11,0,1,0
350262,1403,0.0,3.0,0.0,3,1,1,1,2,0,1,0
350703,3828,0.0,5.0,0.0,3,1,1,1,2,0,1,0
350938,1923,0.0,0.0,0.0,1,1,1,1,0,0,1,0
351134,474,1.0,3.0,0.0,71,20,15,3,55,1,4,11
351662,3013,0.0,null,null,2,1,1,1,1,0,1,0
351707,3629,1.0,6.0,0.0,5,3,1,1,4,0,1,0
35173,606,1.0,2.0,0.0,8,3,2,3,7,0,1,0
35194,4173,0.0,0.0,0.0,24,14,2,2,23,0,1,0
352347,685,0.0,4.0,0.0,3,1,1,1,2,0,1,0
352600,3828,0.0,3.0,0.0,11,4,1,1,10,0,1,0
352847,3986,0.0,3.0,0.0,5,1,1,3,4,0,1,0
353074,1073,0.0,2.0,1.0,2,1,1,1,1,0,1,0
353109,2766,0.0,0.0,0.0,7,2,2,3,6,0,1,0
353387,742,0.0,0.0,0.0,4,2,1,1,3,0,1,0
354175,1760,0.0,0.0,1.0,3,2,1,1,2,0,1,0
354652,3345,0.0,3.0,1.0,4,3,2,2,3,0,1,0
355128,1272,0.0,3.0,0.0,36,17,5,6,34,0,1,1
355158,1375,0.0,3.0,1.0,19,11,4,1,17,0,2,0
355198,798,0.0,3.0,0.0,18,10,7,3,16,0,1,1
355252,296,0.0,4.0,0.0,1,1,1,1,0,0,1,0
355535,1551,0.0,3.0,1.0,4,2,1,2,3,0,1,0
356274,731,0.0,3.0,1.0,5,2,1,1,4,0,1,0
356395,4802,0.0,4.0,0.0,7,1,1,1,6,0,1,0
356553,2217,0.0,2.0,0.0,19,6,2,3,17,0,1,1
356892,1283,0.0,0.0,0.0,13,6,4,1,11,0,2,0
358099,3484,0.0,3.0,0.0,8,1,1,4,6,0,1,1
358844,4271,0.0,3.0,0.0,2,1,1,1,1,0,1,0
359004,4368,0.0,4.0,1.0,10,5,1,3,6,0,1,3
359012,1679,0.0,4.0,1.0,22,13,3,3,21,0,1,0
359050,522,0.0,0.0,1.0,3,1,1,1,2,0,1,0
359346,4198,0.0,3.0,0.0,2,1,1,2,1,0,1,0
359467,1582,0.0,0.0,0.0,13,7,2,3,12,0,1,0
36000,621,1.0,0.0,0.0,5,1,1,1,4,0,1,0
360148,4976,0.0,0.0,0.0,8,3,1,2,6,1,1,0
36071,4170,0.0,0.0,1.0,11,3,1,1,10,0,1,0
360924,2860,1.0,2.0,0.0,4,1,1,1,3,0,1,0
361045,2459,0.0,3.0,0.0,2,1,1,1,1,0,1,0
361431,1393,0.0,4.0,0.0,4,1,1,3,3,0,1,0
361474,4841,0.0,3.0,0.0,10,4,2,1,9,0,1,0
362307,2066,0.0,4.0,0.0,2,1,1,1,1,0,1,0
362438,569,0.0,4.0,0.0,3,2,2,1,1,0,2,0
362991,2448,0.0,0.0,0.0,2,1,1,2,0,0,1,1
36307,3016,1.0,3.0,0.0,35,14,6,4,16,0,7,12
363196,742,0.0,0.0,0.0,1,1,1,1,0,0,1,0
3632,145,0.0,0.0,1.0,1,1,1,1,0,0,1,0
36371,4926,0.0,4.0,0.0,25,13,7,5,22,0,1,2
363715,1346,0.0,6.0,1.0,2,1,1,1,1,0,1,0
363896,1966,0.0,0.0,0.0,7,6,3,1,6,0,1,0
36390,300,0.0,6.0,1.0,4,2,1,1,3,0,1,0
36408,2217,0.0,0.0,0.0,2,1,1,1,1,0,1,0
364291,4859,1.0,6.0,0.0,2,1,1,1,0,0,2,0
36447,2393,0.0,0.0,0.0,1,1,1,1,0,0,1,0
364546,1890,0.0,4.0,0.0,8,3,1,2,6,1,1,0
364656,747,0.0,2.0,null,3,1,1,3,1,0,1,1
364690,3350,0.0,5.0,1.0,3,1,1,2,2,0,1,0
364696,4049,0.0,4.0,1.0,5,2,1,1,3,0,1,1
364848,1944,0.0,0.0,1.0,18,10,3,1,16,0,2,0
365221,361,0.0,6.0,0.0,3,1,1,1,1,0,1,1
365388,3898,0.0,0.0,1.0,7,5,1,1,6,0,1,0
365470,778,0.0,0.0,0.0,4,1,1,1,3,0,1,0
365542,606,0.0,4.0,1.0,18,2,2,1,17,0,1,0
365554,4322,0.0,4.0,0.0,7,2,1,2,6,0,1,0
365651,503,0.0,4.0,0.0,3,1,1,1,2,0,1,0
365731,1679,0.0,4.0,0.0,6,2,2,2,5,0,1,0
366181,1704,0.0,0.0,0.0,46,20,5,4,36,0,3,7
366361,685,0.0,5.0,1.0,4,2,1,1,3,0,1,0
367017,2928,0.0,4.0,0.0,11,8,6,3,3,0,1,7
367656,2175,0.0,2.0,0.0,4,1,1,1,3,0,1,0
367665,278,0.0,3.0,0.0,1,1,1,1,0,0,1,0
367749,3105,0.0,2.0,0.0,3,2,2,2,2,0,1,0
368097,4191,0.0,6.0,0.0,20,8,1,6,17,0,2,1
369003,2273,0.0,0.0,2.0,10,3,1,1,9,0,1,0
369250,669,0.0,6.0,1.0,2,1,1,1,1,0,1,0
369324,1102,0.0,3.0,0.0,31,12,3,6,24,0,1,6
370582,4738,0.0,3.0,0.0,13,5,2,2,11,0,1,1
371183,2620,0.0,5.0,0.0,4,1,1,1,3,0,1,0
37176,1618,0.0,5.0,0.0,6,1,1,1,5,0,1,0
371849,1964,0.0,0.0,1.0,9,4,4,1,5,1,3,0
372313,4616,0.0,4.0,1.0,1,1,1,1,0,0,1,0
372939,1115,1.0,2.0,1.0,9,2,1,5,8,0,1,0
374071,3956,0.0,3.0,0.0,3,1,1,1,2,0,1,0
37445,1131,0.0,4.0,0.0,37,9,3,4,34,0,1,2
374570,4571,0.0,5.0,0.0,1,1,1,1,0,0,1,0
374640,3923,0.0,2.0,0.0,1,1,1,1,0,0,1,0
374792,2471,0.0,5.0,0.0,2,1,1,2,1,0,1,0
374819,798,0.0,3.0,0.0,5,3,3,2,4,0,1,0
374820,4115,0.0,2.0,0.0,2,1,1,1,0,0,1,1
375319,4847,0.0,3.0,0.0,10,5,3,1,9,0,1,0
376517,2579,0.0,6.0,1.0,14,3,1,2,13,0,1,0
376595,4787,0.0,3.0,0.0,1,1,1,1,0,0,1,0
377578,382,0.0,3.0,0.0,14,5,3,1,13,0,1,0
378083,102,0.0,0.0,0.0,4,2,1,1,3,0,1,0
37912,1487,0.0,0.0,0.0,6,2,1,2,4,0,1,1
379422,1102,0.0,5.0,0.0,15,10,4,5,13,0,1,1
379611,4348,0.0,0.0,0.0,8,2,1,3,6,0,1,1
379736,4850,0.0,0.0,0.0,5,2,2,1,4,0,1,0
379786,3105,0.0,3.0,1.0,7,4,2,2,6,0,1,0
379987,4848,0.0,4.0,0.0,9,5,1,1,7,0,2,0
380558,1500,0.0,4.0,1.0,1,1,1,1,0,0,1,0
38137,4282,0.0,3.0,0.0,13,8,2,1,12,0,1,0
382171,1102,0.0,3.0,0.0,13,4,3,2,8,0,1,4
382261,778,0.0,3.0,0.0,3,1,1,1,2,0,1,0
382398,4659,0.0,0.0,0.0,105,28,7,4,93,0,1,11
382463,2193,0.0,2.0,0.0,1,1,1,1,0,0,1,0
382927,596,0.0,0.0,1.0,1,1,1,1,0,0,1,0
382942,951,0.0,0.0,2.0,2,1,1,1,1,0,1,0
383097,474,0.0,3.0,0.0,8,3,3,1,7,0,1,0
383318,1736,0.0,7.0,0.0,6,1,1,2,4,0,1,1
384222,4361,0.0,6.0,0.0,4,2,1,1,3,0,1,0
38428,3159,0.0,0.0,0.0,11,5,3,2,7,0,4,0
384628,3541,0.0,3.0,1.0,9,1,1,2,8,0,1,0
384765,1574,0.0,3.0,0.0,3,1,1,1,1,0,2,0
38488,1166,0.0,0.0,1.0,8,1,1,1,7,0,1,0
385044,1472,0.0,0.0,0.0,5,2,1,1,4,0,1,0
385537,1948,0.0,3.0,0.0,1,1,1,1,0,0,1,0
38555,586,0.0,4.0,0.0,2,2,2,2,0,0,1,1
385666,4480,0.0,0.0,0.0,3,1,1,2,2,0,1,0
385781,4173,0.0,3.0,1.0,1,1,1,1,0,0,1,0
385957,120,0.0,3.0,0.0,19,10,4,1,16,0,3,0
385990,2343,0.0,6.0,1.0,2,1,1,1,1,0,1,0
386181,467,0.0,5.0,1.0,4,2,1,2,3,0,1,0
386197,778,0.0,4.0,0.0,6,1,1,2,4,0,1,1
386204,1846,0.0,3.0,1.0,3,1,1,1,2,0,1,0
386298,1526,0.0,7.0,0.0,1,1,1,1,0,0,1,0
38639,3075,0.0,3.0,0.0,8,1,1,4,7,0,1,0
386625,2204,0.0,3.0,0.0,2,1,1,1,1,0,1,0
387159,786,0.0,3.0,0.0,19,4,2,2,18,0,1,0
387248,2569,0.0,4.0,0.0,24,10,1,1,23,0,1,0
387877,2803,0.0,4.0,0.0,3,1,1,2,2,0,1,0
38822,1346,0.0,3.0,0.0,3,2,1,2,2,0,1,0
388447,4091,0.0,2.0,1.0,5,1,1,1,4,0,1,0
38847,3614,0.0,5.0,0.0,5,2,1,1,4,0,1,0
38929,1892,0.0,3.0,0.0,1,1,1,1,0,0,1,0
389908,3828,0.0,5.0,0.0,30,15,8,2,26,0,4,0
390006,4708,0.0,4.0,0.0,2,1,1,1,1,0,1,0
390079,4600,0.0,4.0,0.0,1,1,1,1,0,0,1,0
391235,1495,0.0,5.0,1.0,7,3,1,1,6,0,1,0
39130,2559,0.0,3.0,0.0,12,6,6,1,11,0,1,0
391457,2592,0.0,4.0,0.0,1,1,1,1,0,0,1,0
39154,4642,1.0,4.0,0.0,18,9,4,2,15,0,3,0
392412,3424,0.0,4.0,1.0,54,4,2,2,50,0,2,2
392532,639,0.0,2.0,1.0,8,2,1,2,7,0,1,0
392669,1618,0.0,3.0,0.0,5,2,2,2,4,0,1,0
392787,1330,0.0,4.0,0.0,13,2,2,9,11,0,1,1
393441,1574,0.0,3.0,0.0,9,6,1,1,6,0,3,0
393612,938,0.0,6.0,0.0,10,3,1,3,8,0,1,1
39394,1499,1.0,3.0,0.0,33,10,5,4,27,0,3,3
394189,1760,0.0,3.0,0.0,5,3,2,1,4,0,1,0
394496,1145,0.0,8.0,0.0,4,1,1,1,3,0,1,0
394501,588,0.0,3.0,1.0,2,1,1,1,1,0,1,0
394740,598,0.0,2.0,0.0,3,1,1,1,2,0,1,0
394825,3365,0.0,3.0,1.0,4,2,1,1,3,0,1,0
395059,361,0.0,0.0,1.0,18,4,1,4,15,1,1,1
39527,1103,0.0,4.0,0.0,2,2,2,1,0,0,2,0
395811,1618,0.0,3.0,0.0,29,11,3,1,27,0,2,0
396266,1788,0.0,2.0,0.0,15,3,2,2,14,0,1,0
396331,2105,0.0,4.0,1.0,3,1,1,2,2,0,1,0
396382,2482,0.0,3.0,0.0,4,3,2,3,2,0,1,1
396521,2266,0.0,6.0,0.0,5,2,1,1,4,0,1,0
396591,3629,0.0,6.0,0.0,5,2,1,1,4,0,1,0
397250,606,0.0,4.0,0.0,12,4,2,5,11,0,1,0
397451,310,0.0,4.0,0.0,3,2,2,1,2,0,1,0
397922,2138,0.0,0.0,0.0,2,1,1,2,1,0,1,0
398053,3154,0.0,0.0,0.0,4,1,1,2,3,0,1,0
398145,2313,0.0,3.0,1.0,4,1,1,2,3,0,1,0
398833,219,0.0,3.0,0.0,12,5,1,2,10,0,2,0
39907,10,0.0,0.0,0.0,2,1,1,1,1,0,1,0
399665,2592,0.0,3.0,0.0,4,1,1,1,3,0,1,0
400149,1808,0.0,0.0,0.0,3,2,1,1,2,0,1,0
400275,4287,0.0,4.0,0.0,15,8,6,3,14,0,1,0
400855,4129,0.0,2.0,0.0,33,19,3,5,31,0,2,0
401097,3289,0.0,7.0,1.0,17,8,2,2,14,0,1,2
401631,1738,0.0,2.0,0.0,21,7,2,1,19,0,2,0
402365,1098,0.0,0.0,0.0,10,2,1,1,9,0,1,0
402388,1377,0.0,3.0,0.0,2,1,1,1,1,0,1,0
402817,1071,0.0,3.0,0.0,15,3,1,4,14,0,1,0
402939,98,0.0,2.0,0.0,8,1,1,3,6,0,1,1
403818,2482,0.0,2.0,1.0,15,6,3,2,14,0,1,0
404704,3585,0.0,5.0,0.0,27,10,1,6,26,0,1,0
405058,1506,0.0,4.0,0.0,3,2,1,1,2,0,1,0
405112,2537,0.0,4.0,0.0,7,1,1,2,6,0,1,0
405641,1102,1.0,4.0,0.0,34,21,10,6,33,0,1,0
40567,2241,0.0,0.0,1.0,6,1,1,1,4,0,2,0
405845,310,0.0,6.0,0.0,4,1,1,1,3,0,1,0
405956,3701,1.0,6.0,0.0,9,2,1,2,8,0,1,0
406938,1076,0.0,4.0,0.0,5,1,1,2,2,0,1,2
407239,133,0.0,3.0,0.0,24,6,1,6,21,0,1,2
407717,3167,0.0,0.0,0.0,26,6,4,6,24,0,1,1
409360,1500,1.0,3.0,1.0,5,2,1,2,4,0,1,0
409721,1031,0.0,4.0,1.0,147,6,1,3,145,0,2,0
409739,2699,0.0,2.0,0.0,8,2,2,1,6,0,2,0
409795,1074,0.0,6.0,0.0,4,2,1,1,2,0,2,0
410256,2795,0.0,3.0,0.0,8,4,3,1,5,0,3,0
410569,1561,0.0,2.0,0.0,9,2,1,2,8,0,1,0
410796,2081,0.0,3.0,0.0,2,1,1,1,1,0,1,0
411091,4536,0.0,2.0,null,2,1,1,1,1,0,1,0
411160,4871,0.0,3.0,0.0,1,1,1,1,0,0,1,0
41120,2108,0.0,4.0,1.0,2,1,1,2,1,0,1,0
411324,4371,0.0,3.0,1.0,2,1,1,1,1,0,1,0
412043,3640,0.0,6.0,0.0,6,2,1,1,5,0,1,0
412329,4848,0.0,5.0,1.0,5,2,2,1,4,0,1,0
412378,587,0.0,0.0,0.0,6,1,1,1,4,0,2,0
412454,4044,0.0,6.0,0.0,19,7,2,3,18,0,1,0
412611,2926,0.0,5.0,1.0,5,1,1,3,4,0,1,0
412999,742,0.0,0.0,0.0,1,1,1,1,0,0,1,0
413312,416,0.0,2.0,0.0,39,20,6,3,37,0,2,0
41354,4818,0.0,3.0,0.0,8,6,2,1,7,0,1,0
414547,4864,0.0,4.0,1.0,4,1,1,1,3,0,1,0
41484,361,0.0,5.0,0.0,24,8,2,1,22,0,1,1
414907,2066,1.0,7.0,0.0,11,3,1,3,9,0,1,1
415723,2587,0.0,6.0,0.0,2,1,1,1,1,0,1,0
415861,437,0.0,5.0,0.0,3,3,1,1,0,0,2,1
4169,4992,0.0,3.0,0.0,51,19,1,3,46,0,5,0
417028,2068,0.0,2.0,0.0,8,2,1,2,7,0,1,0
417215,3574,0.0,3.0,0.0,4,1,1,2,1,0,1,2
417231,2149,0.0,5.0,0.0,3,1,1,1,2,0,1,0
417236,2608,0.0,6.0,1.0,3,1,1,1,2,0,1,0
41739,3726,0.0,3.0,0.0,2,1,1,1,1,0,1,0
417532,1978,0.0,3.0,0.0,7,1,1,2,5,0,1,1
417919,2856,0.0,6.0,0.0,2,1,1,1,1,0,1,0
418045,4371,0.0,5.0,0.0,4,2,1,1,3,0,1,0
418123,1166,0.0,0.0,1.0,3,1,1,1,2,0,1,0
418165,141,0.0,3.0,0.0,11,9,5,4,5,0,1,5
418174,3971,0.0,4.0,1.0,3,1,1,1,2,0,1,0
418862,1557,0.0,0.0,1.0,3,1,1,1,2,0,1,0
419212,1272,1.0,0.0,0.0,22,7,2,4,21,0,1,0
419236,3205,0.0,3.0,0.0,8,1,1,1,6,1,1,0
419791,4129,0.0,3.0,0.0,11,7,2,3,5,0,5,1
419927,4385,0.0,6.0,0.0,3,1,1,1,2,0,1,0
42020,4739,0.0,5.0,2.0,11,1,1,1,10,0,1,0
420638,2436,0.0,0.0,1.0,5,1,1,3,4,0,1,0
42066,4760,0.0,2.0,0.0,3,1,1,1,2,0,1,0
420768,2313,0.0,3.0,0.0,3,1,1,2,2,0,1,0
421046,1890,0.0,5.0,0.0,7,1,1,3,6,0,1,0
422062,2608,0.0,3.0,1.0,1,1,1,1,0,0,1,0
422460,1514,0.0,6.0,0.0,2,1,1,1,1,0,1,0
42252,1394,0.0,4.0,0.0,4,1,1,1,3,0,1,0
42256,1486,0.0,6.0,1.0,4,2,2,1,3,0,1,0
423153,3990,0.0,4.0,0.0,14,5,3,3,12,0,2,0
42363,3955,0.0,3.0,0.0,3,1,1,1,2,0,1,0
423660,1900,0.0,0.0,0.0,4,3,2,2,3,0,1,0
42460,4267,0.0,3.0,0.0,14,11,4,1,12,0,2,0
42661,4073,0.0,3.0,0.0,4,1,1,1,3,0,1,0
42706,4850,0.0,4.0,0.0,12,10,7,4,6,0,1,5
42830,3022,0.0,3.0,0.0,1,1,1,1,0,0,1,0
42912,639,0.0,3.0,1.0,2,1,1,1,1,0,1,0
42995,4735,0.0,3.0,1.0,7,3,1,1,5,0,1,1
43470,598,0.0,3.0,0.0,2,1,1,1,1,0,1,0
43572,777,1.0,3.0,0.0,2,1,1,2,1,0,1,0
43612,4427,0.0,5.0,0.0,3,1,1,3,2,0,1,0
442,3080,0.0,2.0,0.0,7,2,2,4,3,0,1,3
44492,2031,0.0,2.0,0.0,4,1,1,1,3,0,1,0
44612,3163,0.0,0.0,1.0,9,1,1,2,6,0,3,0
45114,4150,0.0,3.0,1.0,2,1,1,1,1,0,1,0
45482,756,0.0,5.0,0.0,8,2,1,2,6,0,1,1
4550,1978,0.0,0.0,0.0,4,2,1,1,3,0,1,0
45616,1060,0.0,4.0,0.0,4,1,1,2,2,0,1,1
46066,1851,0.0,5.0,0.0,4,4,3,2,3,0,1,0
46221,1760,0.0,0.0,0.0,15,10,4,1,12,0,1,2
46292,2158,0.0,3.0,0.0,2,1,1,1,1,0,1,0
46324,669,0.0,6.0,0.0,25,10,2,9,18,0,2,5
46587,1910,0.0,4.0,null,2,1,1,1,1,0,1,0
46771,350,0.0,0.0,0.0,5,1,1,1,4,0,1,0
47676,2821,0.0,6.0,1.0,6,3,2,2,4,0,2,0
48266,1102,0.0,3.0,0.0,40,19,3,7,37,0,1,2
486,361,0.0,6.0,0.0,7,1,1,1,6,0,1,0
48600,3828,0.0,4.0,0.0,31,18,11,6,29,0,1,1
49169,3655,0.0,3.0,1.0,3,1,1,1,2,0,1,0
50393,1710,0.0,0.0,1.0,4,1,1,3,3,0,1,0
50513,2217,0.0,6.0,0.0,2,1,1,1,1,0,1,0
50587,4050,0.0,5.0,1.0,2,1,1,1,1,0,1,0
50688,1679,0.0,4.0,0.0,16,11,2,1,14,0,2,0
50773,2108,0.0,4.0,0.0,14,5,2,2,10,0,4,0
51061,685,0.0,5.0,0.0,5,3,2,3,4,0,1,0
51124,2278,0.0,2.0,0.0,2,1,1,1,1,0,1,0
51289,1375,0.0,3.0,0.0,55,14,8,4,48,3,3,1
51450,2403,1.0,0.0,0.0,5,4,1,1,4,0,1,0
51970,4614,0.0,3.0,0.0,2,1,1,2,1,0,1,0
51996,3898,0.0,5.0,1.0,3,1,1,2,2,0,1,0
52004,1816,0.0,3.0,0.0,17,12,6,1,16,0,1,0
52045,66,0.0,4.0,0.0,5,1,1,2,4,0,1,0
52140,2709,0.0,0.0,0.0,12,2,2,2,9,0,3,0
52588,4073,0.0,0.0,0.0,7,3,3,1,5,0,2,0
52688,3148,1.0,7.0,0.0,33,12,2,3,28,0,3,2
5306,1481,0.0,2.0,1.0,6,1,1,2,4,0,1,1
53236,2579,0.0,3.0,1.0,2,2,2,2,0,0,1,1
54054,1379,0.0,6.0,1.0,9,2,2,2,7,0,2,0
54074,4708,0.0,3.0,0.0,3,3,3,1,0,0,3,0
54270,1102,0.0,4.0,0.0,10,7,2,3,9,0,1,0
54718,4157,0.0,3.0,1.0,3,1,1,1,2,0,1,0
54744,2928,0.0,5.0,0.0,1,1,1,1,0,0,1,0
54856,1878,0.0,3.0,2.0,3,1,1,1,1,0,2,0
54940,1102,0.0,4.0,0.0,2,1,1,2,0,0,1,1
55010,2284,0.0,0.0,1.0,10,4,1,3,9,0,1,0
55466,2229,0.0,3.0,0.0,2,1,1,1,1,0,1,0
56417,1679,0.0,0.0,0.0,58,13,4,3,55,0,3,0
56853,3865,0.0,3.0,0.0,2,1,1,1,1,0,1,0
56965,2537,0.0,6.0,0.0,10,6,3,1,8,0,2,0
57465,4976,1.0,0.0,0.0,23,12,7,2,21,0,2,0
57494,4083,0.0,5.0,1.0,9,3,2,3,8,0,1,0
57879,3990,0.0,3.0,0.0,18,5,4,2,16,0,2,0
58367,2596,0.0,6.0,1.0,14,4,4,2,12,0,2,0
58821,2546,0.0,6.0,0.0,2,1,1,1,1,0,1,0
58841,3971,0.0,6.0,1.0,38,9,3,2,36,0,1,1
58902,1499,0.0,3.0,0.0,3,1,1,2,2,0,1,0
58910,4170,0.0,0.0,0.0,10,3,1,1,8,0,2,0
58977,1816,0.0,0.0,1.0,5,2,1,2,4,0,1,0
58996,4642,0.0,4.0,2.0,5,2,1,4,4,0,1,0
59371,4090,0.0,0.0,0.0,8,4,1,1,7,0,1,0
59406,1978,0.0,3.0,0.0,13,7,1,3,12,0,1,0
59520,1019,0.0,3.0,1.0,2,1,1,1,1,0,1,0
5966,4444,0.0,6.0,0.0,15,4,3,4,14,0,1,0
59944,1470,0.0,3.0,1.0,8,1,1,2,6,0,1,1
59953,742,0.0,3.0,0.0,27,5,4,2,26,0,1,0
60794,2217,0.0,3.0,0.0,67,26,2,4,66,0,1,0
61372,2943,0.0,2.0,1.0,27,6,1,1,26,0,1,0
61851,2981,0.0,3.0,0.0,5,1,1,2,3,0,1,1
6317,3181,0.0,3.0,0.0,4,2,1,1,3,0,1,0
63221,2397,0.0,3.0,0.0,2,1,1,1,1,0,1,0
63606,3230,0.0,5.0,1.0,5,2,1,2,4,0,1,0
65016,2217,0.0,2.0,0.0,7,1,1,2,6,0,1,0
65270,4871,0.0,3.0,0.0,5,2,1,1,4,0,1,0
6544,1283,0.0,0.0,0.0,5,2,2,1,4,0,1,0
65489,1749,0.0,3.0,0.0,5,4,1,1,4,0,1,0
66013,2810,0.0,4.0,1.0,15,4,2,2,11,0,2,2
66051,3105,0.0,4.0,0.0,10,5,3,3,9,0,1,0
66809,4219,0.0,3.0,1.0,10,5,2,1,9,0,1,0
67098,2810,0.0,4.0,1.0,1,1,1,1,0,0,1,0
67369,777,0.0,3.0,0.0,12,6,2,1,11,0,1,0
675,508,0.0,3.0,1.0,3,2,1,1,2,0,1,0
679,4693,0.0,0.0,1.0,2,1,1,2,1,0,1,0
68164,4170,0.0,5.0,1.0,4,1,1,2,3,0,1,0
68194,3290,0.0,3.0,0.0,5,1,1,1,3,0,1,1
68728,1501,0.0,6.0,0.0,2,1,1,1,1,0,1,0
68986,2082,1.0,2.0,0.0,10,6,4,1,9,0,1,0
69475,798,1.0,6.0,0.0,6,2,2,2,4,0,2,0
70066,276,0.0,3.0,0.0,5,1,1,1,4,0,1,0
71031,3971,0.0,3.0,0.0,5,3,1,1,4,0,1,0
71257,4729,0.0,2.0,1.0,31,12,6,5,28,0,2,1
71263,4919,0.0,5.0,0.0,1,1,1,1,0,0,1,0
71318,4793,0.0,2.0,0.0,3,1,1,2,1,0,2,0
71374,1103,0.0,0.0,0.0,4,1,1,1,3,0,1,0
71815,2640,0.0,3.0,1.0,3,2,2,2,2,0,1,0
72155,3780,1.0,4.0,0.0,2,2,1,1,0,0,2,0
7239,3958,0.0,3.0,0.0,74,18,9,2,65,6,3,0
72468,4966,0.0,5.0,0.0,9,4,3,2,8,0,1,0
72481,3320,0.0,2.0,0.0,3,1,1,2,2,0,1,0
72645,323,0.0,6.0,0.0,6,1,1,1,5,0,1,0
72714,1049,0.0,4.0,0.0,5,1,1,2,3,0,1,1
72855,4933,1.0,3.0,0.0,14,5,1,7,11,0,1,2
73396,4687,0.0,0.0,1.0,6,1,1,1,4,0,2,0
74429,4540,0.0,7.0,0.0,6,2,1,1,5,0,1,0
7568,255,0.0,3.0,0.0,5,3,1,3,4,0,1,0
76107,4044,0.0,3.0,0.0,22,6,3,1,21,0,1,0
7639,2068,0.0,3.0,0.0,8,5,2,1,7,0,1,0
76514,2031,0.0,6.0,1.0,2,1,1,2,1,0,1,0
76690,13,0.0,0.0,0.0,6,2,1,1,5,0,1,0
7670,2793,0.0,3.0,0.0,6,1,1,2,5,0,1,0
76701,3955,0.0,3.0,0.0,10,3,1,3,8,0,2,0
77400,4744,0.0,0.0,0.0,12,4,3,3,10,0,2,0
77730,742,0.0,5.0,0.0,8,6,2,1,7,0,1,0
77993,1393,0.0,4.0,0.0,4,1,1,1,3,0,1,0
78034,1454,0.0,4.0,0.0,19,9,4,2,17,0,1,1
78381,4718,0.0,5.0,0.0,1,1,1,1,0,0,1,0
78497,3578,0.0,3.0,0.0,8,4,2,2,5,0,3,0
78922,4826,0.0,3.0,0.0,2,1,1,1,1,0,1,0
79281,598,0.0,4.0,0.0,7,1,1,1,6,0,1,0
79390,3986,0.0,3.0,0.0,2,1,1,1,1,0,1,0
80049,1379,0.0,0.0,0.0,14,8,4,4,9,0,4,1
80359,2014,0.0,5.0,0.0,4,1,1,1,2,0,2,0
80509,1679,1.0,3.0,0.0,1,1,1,1,0,0,1,0
80551,296,0.0,4.0,2.0,3,1,1,2,2,0,1,0
80783,1500,0.0,3.0,0.0,4,1,1,1,3,0,1,0
80819,1501,0.0,6.0,0.0,32,18,7,5,28,0,1,3
80959,4708,0.0,3.0,0.0,11,4,4,3,4,0,3,4
81273,4705,0.0,2.0,0.0,2,1,1,1,1,0,1,0
81452,3954,0.0,3.0,1.0,3,1,1,1,2,0,1,0
81483,219,1.0,4.0,1.0,6,4,1,1,5,0,1,0
82006,443,0.0,3.0,0.0,16,8,1,3,15,0,1,0
82134,1892,0.0,5.0,0.0,17,7,3,2,15,0,2,0
82199,3990,0.0,5.0,0.0,10,4,2,3,7,0,3,0
8255,2173,0.0,4.0,0.0,8,4,1,1,7,0,1,0
8259,3173,0.0,0.0,1.0,3,1,1,1,1,0,2,0
82719,4966,0.0,4.0,0.0,5,3,2,3,4,0,1,0
83206,1892,0.0,0.0,0.0,5,2,1,2,2,0,3,0
8332,4659,0.0,4.0,1.0,3,2,2,1,1,0,2,0
83375,10,0.0,5.0,0.0,6,2,1,2,5,0,1,0
83489,1204,0.0,2.0,0.0,10,1,1,1,9,0,1,0
83630,1472,0.0,0.0,1.0,17,7,1,1,16,0,1,0
84265,963,0.0,7.0,0.0,19,5,2,4,17,0,1,1
84352,66,0.0,4.0,1.0,4,2,1,1,3,0,1,0
84594,2639,0.0,6.0,1.0,52,18,7,4,49,0,3,0
85267,1427,0.0,0.0,0.0,4,1,1,1,3,0,1,0
8530,120,0.0,2.0,0.0,5,1,1,1,3,0,2,0
85463,1555,0.0,2.0,0.0,1,1,1,1,0,0,1,0
85463,4724,0.0,2.0,0.0,3,1,1,1,2,0,1,0
85480,2630,0.0,6.0,0.0,25,3,2,3,21,0,2,2
85759,1854,0.0,3.0,0.0,5,1,1,2,4,0,1,0
86107,1574,0.0,3.0,1.0,7,2,2,1,6,0,1,0
86118,534,0.0,2.0,0.0,7,3,1,2,6,0,1,0
86424,684,0.0,4.0,0.0,4,2,1,1,3,0,1,0
86503,614,0.0,0.0,1.0,2,1,1,1,1,0,1,0
86853,4044,0.0,0.0,0.0,25,11,3,1,21,2,2,0
87104,3898,0.0,4.0,0.0,4,2,1,2,3,0,1,0
87338,4090,0.0,0.0,2.0,15,7,1,2,14,0,1,0
87520,2102,0.0,3.0,0.0,7,1,1,2,6,0,1,0
87636,1742,0.0,4.0,1.0,26,7,1,4,25,0,1,0
88076,3828,0.0,3.0,0.0,12,5,2,1,11,0,1,0
88082,3392,0.0,3.0,1.0,4,1,1,1,3,0,1,0
88194,1098,0.0,6.0,0.0,5,1,1,1,4,0,1,0
89449,3828,0.0,3.0,0.0,24,12,4,1,23,0,1,0
89505,2102,0.0,4.0,0.0,4,2,1,1,2,0,2,0
89512,1393,0.0,3.0,0.0,2,2,1,1,0,0,2,0
89589,756,0.0,2.0,0.0,3,2,1,1,2,0,1,0
89626,2910,1.0,6.0,0.0,6,1,1,2,5,0,1,0
90403,1692,0.0,4.0,0.0,7,5,1,1,6,0,1,0
90406,3727,0.0,3.0,0.0,20,4,1,3,18,0,2,0
90484,3173,0.0,0.0,1.0,12,2,1,2,5,0,6,1
90695,4659,0.0,3.0,0.0,7,5,3,1,6,0,1,0
9073,1861,0.0,3.0,1.0,20,12,3,2,18,0,2,0
90958,3619,0.0,0.0,0.0,4,2,1,1,3,0,1,0
9266,962,0.0,3.0,0.0,2,1,1,1,1,0,1,0
92945,372,1.0,7.0,0.0,12,5,1,2,10,0,2,0
92952,1145,0.0,4.0,2.0,23,6,1,5,21,0,1,1
93332,310,0.0,0.0,null,5,4,3,1,4,0,1,0
94465,1923,0.0,4.0,0.0,6,1,1,3,5,0,1,0
95271,2204,0.0,0.0,0.0,11,1,1,2,10,0,1,0
95984,1116,0.0,3.0,1.0,3,1,1,1,2,0,1,0
96417,2459,0.0,4.0,2.0,3,2,2,1,2,0,1,0
96560,2154,0.0,5.0,1.0,10,3,2,1,8,0,2,0
96843,4171,0.0,0.0,0.0,8,3,2,1,6,0,2,0
97074,1704,0.0,3.0,0.0,26,6,3,3,25,0,1,0
98269,4022,0.0,5.0,0.0,2,1,1,1,1,0,1,0
98573,1346,0.0,3.0,0.0,9,1,1,1,8,0,1,0
98699,133,0.0,4.0,1.0,10,1,1,4,8,0,1,1
98856,1827,0.0,0.0,0.0,12,3,1,5,11,0,1,0
99622,1470,0.0,4.0,0.0,6,1,1,1,5,0,1,0
99734,2138,0.0,3.0,0.0,11,2,2,2,9,0,1,1
99846,3152,0.0,0.0,1.0,8,5,1,1,7,0,1,0
