100395,4230,0.0,2.0,0.0,3,1,1,1,2,0,1,0
100965,1203,0.0,4.0,2.0,4,3,2,3,3,0,1,0
101333,2991,0.0,2.0,1.0,5,1,1,2,4,0,1,0
101575,2916,0.0,3.0,1.0,1,1,1,1,0,0,1,0
101831,3524,0.0,3.0,0.0,3,1,1,1,2,0,1,0
102316,4217,0.0,7.0,0.0,8,3,2,3,6,0,1,1
102440,747,0.0,3.0,0.0,3,1,1,1,2,0,1,0
102527,2482,0.0,6.0,1.0,5,2,2,1,4,0,1,0
102710,804,0.0,3.0,0.0,2,1,1,1,1,0,1,0
103002,4282,0.0,3.0,0.0,4,4,4,1,2,0,2,0
103240,2608,0.0,4.0,1.0,1,1,1,1,0,0,1,0
103484,3350,0.0,5.0,0.0,8,2,1,1,7,0,1,0
104144,2107,0.0,4.0,0.0,12,7,2,1,11,0,1,0
104661,4252,0.0,3.0,1.0,8,3,1,3,7,0,1,0
104711,3480,0.0,4.0,0.0,6,2,2,1,5,0,1,0
104919,2786,0.0,6.0,0.0,2,1,1,1,1,0,1,0
105439,145,0.0,2.0,0.0,22,5,1,2,19,0,2,1
105639,946,0.0,0.0,1.0,9,2,1,2,8,0,1,0
105884,3968,0.0,2.0,0.0,5,2,2,3,3,0,1,1
105897,2161,0.0,2.0,0.0,7,2,1,1,6,0,1,0
106111,2173,1.0,0.0,1.0,10,3,1,1,7,0,3,0
106603,1102,0.0,4.0,1.0,5,3,1,2,4,0,1,0
106724,4618,0.0,4.0,1.0,4,1,1,2,3,0,1,0
106763,1884,0.0,4.0,0.0,1,1,1,1,0,0,1,0
106775,3577,0.0,4.0,1.0,10,4,1,3,8,0,1,1
106913,219,0.0,0.0,0.0,18,6,3,1,15,0,2,1
107292,2915,0.0,5.0,1.0,1,1,1,1,0,0,1,0
107757,3865,0.0,2.0,0.0,8,5,5,2,5,0,3,0
10791,4079,0.0,null,null,7,1,1,1,3,0,4,0
107966,4871,0.0,4.0,0.0,6,4,3,1,5,0,1,0
108026,4071,0.0,2.0,1.0,8,1,1,2,6,0,1,1
108827,1200,0.0,6.0,1.0,21,2,1,1,19,0,2,0
109233,191,1.0,3.0,0.0,1,1,1,1,0,0,1,0
10979,1615,0.0,3.0,1.0,15,9,3,1,11,0,4,0
110245,2217,0.0,2.0,0.0,12,4,1,1,11,0,1,0
110250,302,0.0,0.0,0.0,3,1,1,1,0,0,3,0
110491,4504,0.0,0.0,1.0,47,12,1,6,43,0,1,3
111384,3875,0.0,4.0,0.0,4,1,1,1,3,0,1,0
111835,3163,0.0,2.0,1.0,9,1,1,3,6,0,3,0
112187,3602,0.0,0.0,0.0,5,2,1,1,4,0,1,0
112211,4850,0.0,0.0,null,12,4,2,2,9,0,1,2
112621,4775,0.0,5.0,0.0,4,1,1,2,3,0,1,0
113184,3828,0.0,4.0,0.0,9,8,5,3,0,0,1,8
113189,1840,0.0,5.0,0.0,10,3,1,2,9,0,1,0
113364,2413,0.0,4.0,1.0,13,7,3,3,12,0,1,0
113494,361,0.0,8.0,0.0,20,8,1,2,19,0,1,0
113985,4976,0.0,2.0,0.0,23,12,3,3,20,2,1,0
11439,4039,0.0,2.0,0.0,3,3,2,1,0,0,3,0
114568,2911,0.0,0.0,1.0,5,2,2,1,4,0,1,0
114685,4871,0.0,5.0,1.0,9,1,1,1,8,0,1,0
114770,3828,0.0,3.0,0.0,47,38,15,3,46,0,1,0
114926,4760,0.0,4.0,1.0,31,8,6,3,28,0,3,0
114987,3323,0.0,3.0,0.0,4,1,1,1,3,0,1,0
115555,1466,0.0,2.0,0.0,8,1,1,3,6,0,1,1
115820,3472,0.0,4.0,0.0,15,7,2,4,13,0,1,1
115870,4426,0.0,4.0,0.0,8,2,1,2,7,0,1,0
116811,3433,0.0,4.0,0.0,9,3,3,1,7,0,1,1
117000,1997,0.0,6.0,1.0,3,2,2,1,2,0,1,0
117126,3350,0.0,0.0,0.0,1,1,1,1,0,0,1,0
117231,3825,0.0,7.0,1.0,42,27,16,1,32,0,10,0
117602,829,0.0,6.0,0.0,1,1,1,1,0,0,1,0
117880,2891,1.0,5.0,0.0,4,1,1,1,3,0,1,0
117910,2669,0.0,3.0,1.0,1,1,1,1,0,0,1,0
118056,1738,0.0,3.0,0.0,4,1,1,1,2,0,2,0
118535,219,0.0,4.0,0.0,5,2,1,1,4,0,1,0
11925,1487,0.0,3.0,1.0,4,1,1,2,3,0,1,0
119935,2562,0.0,3.0,0.0,2,1,1,1,1,0,1,0
119939,4090,1.0,2.0,0.0,2,1,1,1,1,0,1,0
120041,2108,0.0,0.0,1.0,5,1,1,2,4,0,1,0
120264,2217,0.0,2.0,0.0,1,1,1,1,0,0,1,0
12106,3319,0.0,3.0,0.0,2,1,1,1,1,0,1,0
122575,1840,0.0,5.0,0.0,2,1,1,1,1,0,1,0
123346,606,0.0,2.0,0.0,44,5,1,5,42,0,1,1
12356,4765,0.0,2.0,1.0,7,1,1,1,5,0,2,0
123640,4280,0.0,5.0,0.0,16,6,1,4,9,0,1,6
123708,3323,0.0,0.0,0.0,5,3,1,2,4,0,1,0
124014,4701,0.0,3.0,0.0,3,1,1,3,2,0,1,0
124267,4043,1.0,3.0,0.0,42,15,6,2,34,0,2,6
124793,2238,0.0,5.0,0.0,5,5,2,2,2,0,3,0
125710,2273,0.0,4.0,0.0,22,2,1,2,20,0,1,1
125801,1031,0.0,4.0,0.0,3,2,1,1,2,0,1,0
127205,798,0.0,6.0,0.0,1,1,1,1,0,0,1,0
127254,4079,0.0,5.0,2.0,5,1,1,2,4,0,1,0
127604,2081,0.0,6.0,0.0,11,7,1,1,10,0,1,0
127781,2664,0.0,3.0,0.0,4,4,2,1,0,0,4,0
128224,1467,0.0,0.0,1.0,2,1,1,1,1,0,1,0
128281,522,0.0,0.0,0.0,3,1,1,2,2,0,1,0
128394,4760,0.0,3.0,0.0,14,7,2,2,10,0,1,3
128414,4760,0.0,0.0,0.0,4,2,1,2,2,0,1,1
128442,4048,0.0,2.0,0.0,6,1,1,1,3,0,2,1
128481,1892,1.0,5.0,0.0,6,2,2,1,4,0,2,0
128917,923,0.0,5.0,0.0,10,6,4,1,9,0,1,0
129090,2066,0.0,3.0,0.0,2,1,1,1,1,0,1,0
129347,3622,0.0,5.0,1.0,3,1,1,1,2,0,1,0
129592,236,1.0,4.0,0.0,1,1,1,1,0,0,1,0
129723,3835,0.0,5.0,1.0,5,2,2,1,4,0,1,0
129995,414,0.0,4.0,0.0,8,5,1,1,6,0,2,0
130907,4394,0.0,3.0,0.0,7,1,1,1,6,0,1,0
13155,1840,0.0,6.0,0.0,3,1,1,2,2,0,1,0
131768,3502,0.0,6.0,0.0,6,2,2,1,5,0,1,0
131769,4919,0.0,6.0,0.0,1,1,1,1,0,0,1,0
13184,3500,0.0,6.0,1.0,3,1,1,1,2,0,1,0
132496,3856,0.0,4.0,0.0,6,2,1,1,3,0,3,0
132508,537,0.0,3.0,1.0,3,1,1,1,2,0,1,0
133165,361,0.0,0.0,0.0,24,5,1,4,20,0,1,3
133367,1013,0.0,5.0,1.0,3,1,1,1,1,0,2,0
133727,415,0.0,3.0,0.0,3,1,1,1,2,0,1,0
134142,4280,0.0,2.0,0.0,6,1,1,2,4,0,1,1
134242,1485,0.0,5.0,0.0,6,4,2,1,5,0,1,0
134330,3640,0.0,0.0,0.0,3,2,2,1,1,0,2,0
134536,3227,0.0,3.0,0.0,6,1,1,2,4,0,1,1
134575,829,0.0,3.0,0.0,2,1,1,2,0,0,1,1
134798,1816,0.0,0.0,0.0,10,2,1,2,8,0,2,0
135120,4568,0.0,3.0,0.0,2,1,1,1,1,0,1,0
13605,219,1.0,0.0,0.0,12,4,1,1,10,0,2,0
13616,2173,0.0,4.0,2.0,5,4,1,1,4,0,1,0
137477,606,0.0,3.0,0.0,18,15,3,2,17,0,1,0
138213,1618,0.0,4.0,1.0,2,1,1,1,1,0,1,0
138307,3152,0.0,5.0,0.0,11,2,1,3,8,0,1,2
138718,2699,0.0,6.0,0.0,7,4,2,2,2,0,3,2
139335,2821,0.0,0.0,1.0,22,3,1,3,21,0,1,0
139644,4976,0.0,2.0,0.0,3,1,1,2,2,0,1,0
139979,2926,0.0,2.0,1.0,1,1,1,1,0,0,1,0
140813,1742,0.0,0.0,2.0,4,2,1,3,1,0,1,2
141127,4491,0.0,0.0,0.0,6,2,1,2,4,0,2,0
141292,941,0.0,5.0,1.0,5,1,1,1,4,0,1,0
141296,685,0.0,0.0,0.0,5,1,1,2,4,0,1,0
141357,1131,0.0,3.0,0.0,7,4,2,2,6,0,1,0
141619,2008,0.0,3.0,1.0,2,1,1,1,1,0,1,0
141841,951,0.0,3.0,0.0,7,2,1,1,6,0,1,0
142893,4926,0.0,3.0,0.0,1,1,1,1,0,0,1,0
143534,66,0.0,2.0,1.0,1,1,1,1,0,0,1,0
143584,2448,0.0,0.0,1.0,2,1,1,2,1,0,1,0
143603,4589,0.0,2.0,0.0,3,1,1,2,2,0,1,0
14446,257,0.0,4.0,0.0,6,1,1,2,5,0,1,0
145018,4667,0.0,6.0,1.0,1,1,1,1,0,0,1,0
145235,570,0.0,6.0,1.0,2,1,1,1,1,0,1,0
145721,1918,1.0,4.0,0.0,29,9,2,6,22,0,1,6
145888,2537,0.0,2.0,0.0,10,4,3,3,8,0,2,0
145928,1272,0.0,0.0,0.0,7,1,1,1,6,0,1,0
146096,3828,0.0,4.0,0.0,9,6,5,2,8,0,1,0
146939,423,0.0,6.0,0.0,4,1,1,1,3,0,1,0
147307,3105,0.0,3.0,0.0,27,11,3,4,25,0,2,0
147344,2556,0.0,6.0,0.0,30,5,4,3,23,0,2,5
147560,1489,0.0,2.0,0.0,8,2,1,2,7,0,1,0
147710,148,0.0,3.0,0.0,6,5,5,1,5,0,1,0
147861,1923,0.0,3.0,0.0,16,5,1,3,15,0,1,0
148107,2473,0.0,2.0,0.0,29,12,6,1,26,0,3,0
148281,1923,0.0,0.0,0.0,12,7,2,3,9,0,3,0
148333,2901,0.0,6.0,0.0,15,7,1,1,14,0,1,0
148479,3472,0.0,5.0,0.0,3,1,1,1,2,0,1,0
148560,1016,0.0,2.0,0.0,5,1,1,1,4,0,1,0
148734,2118,0.0,0.0,0.0,5,1,1,1,4,0,1,0
148798,4760,0.0,3.0,0.0,6,1,1,2,4,1,1,0
14894,861,0.0,3.0,0.0,10,5,1,4,9,0,1,0
149447,2916,0.0,2.0,0.0,10,3,1,1,8,0,2,0
149909,2401,0.0,0.0,1.0,3,1,1,1,2,0,1,0
149973,4519,1.0,4.0,1.0,4,1,1,1,3,0,1,0
15002,198,0.0,0.0,0.0,2,1,1,1,1,0,1,0
150180,4966,0.0,3.0,1.0,1,1,1,1,0,0,1,0
150982,1861,1.0,3.0,0.0,12,3,1,3,9,0,3,0
151037,786,0.0,2.0,0.0,15,8,4,2,12,0,2,1
151118,1840,0.0,4.0,0.0,2,1,1,1,1,0,1,0
152385,3016,0.0,3.0,0.0,9,7,4,2,8,0,1,0
152469,412,0.0,4.0,1.0,3,1,1,1,2,0,1,0
152704,1049,0.0,0.0,1.0,26,1,1,3,23,0,2,1
152800,1340,0.0,4.0,1.0,5,2,2,1,4,0,1,0
152855,2078,0.0,4.0,0.0,15,6,2,1,12,0,2,1
152858,1467,0.0,3.0,0.0,4,1,1,1,3,0,1,0
152873,649,0.0,3.0,0.0,2,1,1,1,1,0,1,0
152887,4336,0.0,2.0,0.0,2,2,1,2,1,0,1,0
153441,4913,0.0,2.0,0.0,2,1,1,1,1,0,1,0
153710,1028,0.0,4.0,0.0,9,6,1,1,8,0,1,0
153741,1557,0.0,5.0,0.0,4,1,1,1,3,0,1,0
153837,1911,0.0,0.0,0.0,7,3,2,3,4,0,1,2
154127,2664,0.0,0.0,0.0,31,19,1,1,29,0,2,0
154749,3609,0.0,0.0,0.0,23,5,2,1,21,0,2,0
155013,3727,0.0,2.0,0.0,47,11,1,8,45,0,1,1
155124,3080,0.0,4.0,0.0,3,1,1,1,2,0,1,0
155527,1276,0.0,4.0,2.0,12,3,1,3,10,0,1,1
155527,3971,0.0,4.0,2.0,8,3,1,2,6,0,2,0
155617,3734,0.0,3.0,0.0,1,1,1,1,0,0,1,0
155817,2397,0.0,0.0,0.0,8,4,3,2,7,0,1,0
155879,2318,0.0,8.0,0.0,4,1,1,1,3,0,1,0
155938,1760,0.0,3.0,1.0,17,13,2,2,14,0,3,0
156214,4463,0.0,4.0,1.0,22,5,1,2,21,0,1,0
157235,2124,0.0,3.0,0.0,5,1,1,2,4,0,1,0
158215,742,0.0,0.0,0.0,7,5,3,1,6,0,1,0
158480,4659,0.0,3.0,0.0,4,4,3,1,0,0,4,0
158500,2273,0.0,3.0,0.0,7,1,1,1,5,0,2,0
158669,168,0.0,0.0,0.0,1,1,1,1,0,0,1,0
158693,4527,0.0,5.0,0.0,9,3,1,2,7,1,1,0
15889,1892,0.0,3.0,1.0,3,3,2,1,0,0,3,0
160269,4173,0.0,0.0,0.0,20,7,2,4,19,0,1,0
160511,1132,0.0,0.0,0.0,2,1,1,1,1,0,1,0
160590,2217,0.0,0.0,2.0,4,1,1,3,3,0,1,0
160887,3865,0.0,4.0,1.0,1,1,1,1,0,0,1,0
160911,3968,0.0,3.0,0.0,2,1,1,1,1,0,1,0
16105,4473,0.0,6.0,0.0,1,1,1,1,0,0,1,0
161285,3288,0.0,3.0,1.0,1,1,1,1,0,0,1,0
161329,24,0.0,2.0,0.0,10,1,1,3,8,0,1,1
161649,4847,0.0,4.0,0.0,24,14,6,4,18,0,1,5
161979,1557,0.0,2.0,1.0,22,10,5,2,20,0,1,1
161986,4048,0.0,0.0,0.0,6,1,1,3,5,0,1,0
16206,120,0.0,0.0,0.0,2,1,1,1,0,0,2,0
162190,2108,0.0,2.0,1.0,22,1,1,8,21,0,1,0
162408,2922,0.0,3.0,1.0,2,1,1,1,1,0,1,0
162691,3941,0.0,2.0,1.0,16,5,2,2,15,0,1,0
162721,3472,0.0,5.0,0.0,2,1,1,1,1,0,1,0
162736,4287,0.0,7.0,1.0,1,1,1,1,0,0,1,0
162930,2954,0.0,4.0,0.0,6,4,2,1,5,0,1,0
16328,2161,0.0,6.0,1.0,5,1,1,1,4,0,1,0
163638,2935,0.0,4.0,1.0,18,3,1,2,17,0,1,0
164455,2786,0.0,2.0,0.0,1,1,1,1,0,0,1,0
164978,3200,0.0,4.0,0.0,10,8,4,1,9,0,1,0
165360,4090,0.0,2.0,0.0,15,1,1,2,14,0,1,0
165922,3742,0.0,2.0,0.0,2,1,1,1,1,0,1,0
166109,2118,0.0,6.0,1.0,2,1,1,1,1,0,1,0
166615,4015,0.0,5.0,1.0,4,2,2,1,3,0,1,0
166903,3609,0.0,6.0,0.0,20,10,1,4,18,0,2,0
166919,4960,0.0,3.0,0.0,20,8,5,2,18,0,2,0
167052,4760,0.0,3.0,1.0,2,1,1,1,1,0,1,0
167398,1474,0.0,2.0,0.0,3,1,1,1,2,0,1,0
168283,1689,0.0,0.0,0.0,8,5,5,1,0,0,8,0
168817,323,0.0,4.0,0.0,1,1,1,1,0,0,1,0
169553,4826,0.0,2.0,0.0,1,1,1,1,0,0,1,0
169605,4818,0.0,0.0,0.0,18,6,3,4,15,0,1,2
169680,2447,0.0,0.0,0.0,3,1,1,2,2,0,1,0
169712,1618,0.0,4.0,0.0,4,2,1,2,3,0,1,0
170138,215,0.0,2.0,0.0,1,1,1,1,0,0,1,0
170140,2273,0.0,4.0,1.0,8,3,1,3,5,0,1,2
170381,3968,0.0,3.0,1.0,3,1,1,2,1,0,1,1
170431,4044,0.0,4.0,0.0,1,1,1,1,0,0,1,0
170938,598,1.0,0.0,1.0,10,1,1,2,8,0,1,1
170967,2991,0.0,3.0,0.0,2,1,1,1,1,0,1,0
171057,3502,0.0,0.0,0.0,3,1,1,2,2,0,1,0
171160,1346,1.0,5.0,0.0,2,1,1,1,1,0,1,0
171359,2482,0.0,2.0,0.0,15,3,2,3,13,0,1,1
171383,3291,0.0,3.0,0.0,2,1,1,1,1,0,1,0
171837,141,0.0,4.0,2.0,42,30,9,2,41,0,1,0
17210,1098,0.0,6.0,0.0,9,4,1,1,7,0,2,0
172150,10,0.0,5.0,0.0,12,6,2,1,11,0,1,0
172173,2664,1.0,3.0,0.0,28,15,2,3,27,0,1,0
172327,3163,0.0,3.0,1.0,4,1,1,2,1,0,3,0
172567,1514,0.0,7.0,1.0,6,2,1,1,5,0,1,0
172663,2031,0.0,3.0,2.0,9,5,3,1,8,0,1,0
173118,2511,0.0,0.0,1.0,11,3,2,2,10,0,1,0
173366,3609,0.0,5.0,0.0,11,7,1,1,10,0,1,0
173467,1916,0.0,0.0,0.0,6,2,1,1,4,0,2,0
17348,437,0.0,3.0,0.0,48,19,4,9,43,0,1,4
173691,1787,0.0,5.0,0.0,5,2,1,1,4,0,1,0
173858,2537,0.0,0.0,0.0,2,1,1,1,1,0,1,0
174523,361,0.0,3.0,0.0,9,3,1,1,8,0,1,0
174537,778,0.0,0.0,0.0,3,1,1,2,2,0,1,0
174682,1275,0.0,2.0,0.0,4,1,1,1,3,0,1,0
174793,4173,0.0,3.0,2.0,117,66,12,9,113,0,2,2
174968,293,0.0,2.0,0.0,3,2,1,1,2,0,1,0
175042,2856,0.0,2.0,1.0,4,1,1,2,2,0,1,1
175075,4173,0.0,4.0,0.0,18,10,2,4,16,0,2,0
175830,361,0.0,5.0,1.0,4,1,1,2,3,0,1,0
176336,2664,0.0,6.0,0.0,13,7,3,1,11,0,2,0
176624,1131,0.0,5.0,0.0,7,1,1,1,6,0,1,0
176953,63,0.0,3.0,0.0,2,1,1,1,1,0,1,0
17714,4775,0.0,6.0,0.0,10,2,1,2,9,0,1,0
177420,3105,0.0,3.0,0.0,30,10,4,5,29,0,1,0
177928,2556,0.0,0.0,0.0,4,2,2,2,3,0,1,0
178273,2928,0.0,0.0,1.0,5,1,1,2,3,0,1,1
178562,2273,0.0,0.0,0.0,36,9,1,7,32,0,1,3
178574,262,0.0,3.0,0.0,19,2,1,3,17,0,1,1
178902,3734,1.0,6.0,1.0,3,1,1,1,1,0,2,0
179161,4950,0.0,4.0,1.0,26,1,1,1,25,0,1,0
179195,3350,0.0,0.0,0.0,5,3,1,1,4,0,1,0
180260,1500,0.0,5.0,1.0,15,6,1,2,14,0,1,0
180549,855,0.0,0.0,0.0,5,1,1,1,4,0,1,0
180817,102,0.0,3.0,1.0,3,2,1,2,1,0,1,1
181248,2124,0.0,3.0,0.0,3,2,1,1,2,0,1,0
182354,963,0.0,3.0,1.0,1,1,1,1,0,0,1,0
182426,4662,0.0,3.0,0.0,6,3,2,1,5,0,1,0
182689,2928,0.0,4.0,0.0,14,4,2,3,8,0,2,4
182760,3682,0.0,3.0,0.0,1,1,1,1,0,0,1,0
182964,4760,0.0,3.0,1.0,1,1,1,1,0,0,1,0
183154,3990,0.0,0.0,0.0,11,4,2,2,10,0,1,0
183321,3734,0.0,3.0,0.0,1,1,1,1,0,0,1,0
183574,4966,0.0,3.0,0.0,6,4,3,1,4,0,2,0
183711,1318,0.0,4.0,2.0,9,2,1,3,6,0,1,2
183736,731,0.0,3.0,1.0,15,11,1,2,13,0,2,0
184055,1661,0.0,3.0,0.0,1,1,1,1,0,0,1,0
184353,2284,0.0,3.0,0.0,13,1,1,2,12,0,1,0
18451,2403,0.0,6.0,0.0,36,17,1,1,34,0,2,0
184588,1484,0.0,0.0,0.0,3,1,1,1,2,0,1,0
18510,4444,0.0,5.0,0.0,22,9,3,2,19,0,3,0
185266,2070,0.0,3.0,0.0,4,1,1,2,3,0,1,0
18667,3363,0.0,3.0,0.0,9,1,1,3,7,0,1,1
18684,783,0.0,3.0,0.0,4,1,1,2,3,0,1,0
186847,1895,0.0,5.0,0.0,4,3,2,2,3,0,1,0
186880,643,0.0,3.0,0.0,11,7,3,1,10,0,1,0
187106,1281,0.0,5.0,0.0,2,1,1,1,1,0,1,0
187444,1916,0.0,5.0,1.0,3,1,1,1,2,0,1,0
187455,3662,1.0,3.0,0.0,21,3,3,3,19,0,2,0
187727,4730,0.0,6.0,1.0,6,2,2,2,5,0,1,0
188012,714,0.0,5.0,0.0,1,1,1,1,0,0,1,0
188176,4173,0.0,3.0,0.0,34,17,7,8,29,0,1,4
188217,3105,0.0,4.0,1.0,35,28,3,3,33,0,1,1
18836,1346,0.0,0.0,0.0,13,3,1,3,11,0,1,1
188857,1833,0.0,4.0,1.0,21,10,4,2,19,0,2,0
189221,2545,0.0,2.0,1.0,1,1,1,1,0,0,1,0
189605,2935,0.0,5.0,0.0,4,2,2,4,3,0,1,0
189886,361,0.0,4.0,0.0,23,14,3,2,21,0,1,1
189944,2242,0.0,4.0,0.0,16,14,3,2,9,0,2,5
190217,2752,0.0,3.0,1.0,3,2,1,2,0,0,2,1
190515,3578,0.0,5.0,2.0,13,5,2,2,11,0,2,0
190991,1861,0.0,4.0,1.0,20,6,1,1,15,0,5,0
191534,3306,0.0,5.0,1.0,17,9,3,2,15,0,1,1
192098,4642,0.0,0.0,0.0,1,1,1,1,0,0,1,0
192334,3472,0.0,5.0,0.0,2,1,1,1,0,0,1,1
1924,534,0.0,4.0,1.0,8,1,1,2,6,0,1,1
192428,3726,0.0,3.0,1.0,2,1,1,1,1,0,1,0
192695,2482,0.0,3.0,0.0,20,6,4,6,16,0,2,2
192809,4118,0.0,0.0,0.0,1,1,1,1,0,0,1,0
193214,2217,0.0,3.0,0.0,12,3,1,3,10,0,2,0
193489,3819,0.0,0.0,0.0,1,1,1,1,0,0,1,0
193889,4871,0.0,0.0,null,1,1,1,1,0,0,1,0
194177,4783,0.0,5.0,0.0,3,1,1,1,2,0,1,0
194542,4267,0.0,4.0,0.0,63,35,6,3,61,0,2,0
194947,606,0.0,5.0,1.0,16,11,5,2,15,0,1,0
195238,594,0.0,3.0,0.0,6,2,1,1,4,0,2,0
195458,3828,0.0,6.0,0.0,15,10,2,4,14,0,1,0
195984,4585,0.0,0.0,0.0,8,4,2,2,7,0,1,0
196008,361,0.0,4.0,1.0,12,7,3,1,10,0,1,1
196314,3500,0.0,6.0,1.0,8,2,1,1,7,0,1,0
196316,687,0.0,2.0,1.0,4,1,1,1,3,0,1,0
196663,2459,0.0,6.0,0.0,24,10,4,7,23,0,1,0
19741,3301,0.0,6.0,1.0,9,2,2,1,8,0,1,0
197630,1959,0.0,2.0,0.0,2,1,1,1,1,0,1,0
198,350,0.0,4.0,0.0,2,1,1,1,1,0,1,0
198063,4143,0.0,4.0,1.0,33,17,7,1,30,0,3,0
1987,102,0.0,4.0,2.0,2,1,1,1,1,0,1,0
198877,2537,0.0,6.0,0.0,15,10,4,3,13,0,1,1
200576,1116,0.0,4.0,0.0,1,1,1,1,0,0,1,0
200931,4705,0.0,4.0,0.0,4,2,1,2,2,0,1,1
201404,1618,0.0,6.0,1.0,9,1,1,2,7,0,1,1
201820,4760,0.0,0.0,0.0,26,7,3,2,23,0,2,1
202166,4287,0.0,3.0,0.0,83,27,5,3,73,0,9,1
202252,2047,0.0,0.0,0.0,4,3,1,1,3,0,1,0
202286,479,0.0,3.0,1.0,1,1,1,1,0,0,1,0
202550,1520,0.0,0.0,0.0,5,1,1,1,4,0,1,0
202657,3672,0.0,3.0,0.0,5,3,1,1,4,0,1,0
20275,2099,0.0,4.0,0.0,6,2,1,1,4,0,2,0
202754,4173,0.0,3.0,0.0,5,4,2,1,4,0,1,0
20371,3402,0.0,3.0,0.0,3,2,1,2,2,0,1,0
204552,4433,0.0,0.0,0.0,4,1,1,1,3,0,1,0
205779,4906,1.0,5.0,0.0,9,1,1,4,7,0,1,1
205780,4475,0.0,3.0,0.0,18,9,2,3,16,0,2,0
206482,2579,0.0,0.0,2.0,4,1,1,1,3,0,1,0
207291,1726,0.0,3.0,0.0,4,1,1,2,2,0,1,1
208511,2592,1.0,3.0,0.0,2,1,1,2,1,0,1,0
208753,547,0.0,4.0,0.0,3,2,1,2,2,0,1,0
208796,4871,0.0,3.0,1.0,1,1,1,1,0,0,1,0
208835,535,0.0,6.0,0.0,14,5,2,1,12,0,2,0
209414,927,0.0,3.0,0.0,24,13,2,1,22,0,1,1
20967,1489,0.0,2.0,1.0,5,3,1,1,4,0,1,0
21002,3103,0.0,5.0,0.0,2,1,1,1,1,0,1,0
210723,2562,0.0,6.0,0.0,2,1,1,1,1,0,1,0
210764,2869,0.0,0.0,1.0,9,1,1,1,8,0,1,0
210847,1134,1.0,2.0,0.0,14,4,4,1,12,0,2,0
210994,4829,0.0,6.0,0.0,19,4,1,2,18,0,1,0
212194,4420,0.0,3.0,0.0,1,1,1,1,0,0,1,0
212247,1520,0.0,6.0,0.0,7,2,1,1,5,0,2,0
212387,2669,0.0,4.0,1.0,1,1,1,1,0,0,1,0
212602,2217,0.0,0.0,0.0,13,3,1,5,12,0,1,0
212894,35,0.0,3.0,0.0,4,1,1,1,2,0,1,1
213255,1407,0.0,3.0,1.0,5,2,1,1,3,0,2,0
213346,2047,0.0,4.0,1.0,4,1,1,1,3,0,1,0
213677,3828,0.0,3.0,0.0,2,1,1,1,1,0,1,0
213779,2795,0.0,3.0,2.0,3,2,2,2,1,0,1,1
213999,4659,1.0,3.0,1.0,28,11,5,4,24,0,3,1
214129,2886,0.0,4.0,0.0,4,1,1,1,3,0,1,0
214367,4072,0.0,0.0,0.0,10,2,2,3,8,0,2,0
21467,3828,0.0,2.0,0.0,36,12,4,2,34,0,1,1
215401,740,0.0,0.0,1.0,2,1,1,1,1,0,1,0
215419,3629,0.0,2.0,0.0,13,3,1,4,12,0,1,0
21585,2397,0.0,0.0,0.0,6,1,1,1,5,0,1,0
216032,1026,0.0,2.0,0.0,31,6,3,5,29,0,1,1
216407,2795,0.0,3.0,0.0,7,3,3,2,5,0,2,0
216601,3578,0.0,4.0,0.0,2,2,2,1,0,0,2,0
216662,1500,0.0,4.0,0.0,1,1,1,1,0,0,1,0
217106,2928,0.0,5.0,1.0,4,2,1,1,3,0,1,0
217349,1760,0.0,4.0,0.0,2,1,1,1,0,0,2,0
217532,2031,0.0,3.0,0.0,6,4,2,1,4,0,1,1
217666,4196,0.0,6.0,0.0,5,2,1,1,4,0,1,0
217849,4438,0.0,2.0,0.0,11,2,1,3,9,0,1,1
218078,4280,0.0,3.0,0.0,2,2,1,1,0,0,2,0
218271,1115,0.0,3.0,1.0,12,9,4,2,11,0,1,0
218549,2102,0.0,3.0,0.0,22,10,4,1,19,0,3,0
218690,824,0.0,2.0,1.0,3,1,1,1,2,0,1,0
218960,4173,0.0,0.0,0.0,3,2,2,1,2,0,1,0
221104,1472,1.0,0.0,null,16,3,1,2,15,0,1,0
221113,4444,1.0,0.0,1.0,9,1,1,1,5,0,4,0
221589,2066,0.0,3.0,0.0,58,15,1,3,56,0,1,1
221796,2031,0.0,3.0,1.0,12,3,1,1,11,0,1,0
221990,2770,0.0,0.0,0.0,28,12,6,1,25,0,3,0
222100,4499,0.0,7.0,0.0,3,2,1,2,2,0,1,0
222150,598,0.0,3.0,1.0,11,4,1,3,10,0,1,0
222172,2138,0.0,2.0,0.0,4,1,1,1,3,0,1,0
222544,3451,0.0,2.0,1.0,1,1,1,1,0,0,1,0
222598,1618,0.0,4.0,0.0,3,1,1,2,2,0,1,0
224502,1761,0.0,4.0,0.0,5,1,1,3,4,0,1,0
224758,1346,0.0,4.0,0.0,3,2,1,1,2,0,1,0
224988,416,0.0,0.0,1.0,1,1,1,1,0,0,1,0
225230,1511,0.0,6.0,0.0,22,6,1,3,19,0,2,1
225338,310,0.0,5.0,1.0,3,1,1,1,2,0,1,0
225957,1162,0.0,4.0,0.0,31,15,3,3,28,0,3,0
226107,1291,0.0,6.0,0.0,23,4,2,4,19,0,2,2
226232,3159,0.0,3.0,0.0,2,1,1,1,1,0,1,0
226369,2403,0.0,4.0,0.0,14,10,2,3,12,0,2,0
226688,3585,0.0,6.0,0.0,24,9,2,3,23,0,1,0
227076,3170,0.0,0.0,0.0,9,5,4,1,6,0,3,0
227171,786,0.0,3.0,0.0,1,1,1,1,0,0,1,0
227528,606,0.0,4.0,0.0,2,1,1,1,1,0,1,0
227866,2318,0.0,3.0,0.0,4,2,2,1,2,0,2,0
227980,1203,0.0,4.0,1.0,19,11,5,2,17,1,1,0
228049,2039,0.0,5.0,0.0,1,1,1,1,0,0,1,0
228451,2173,0.0,0.0,1.0,37,13,2,2,34,0,3,0
228783,3191,0.0,2.0,0.0,8,2,1,2,6,0,2,0
229991,3599,0.0,0.0,0.0,6,2,1,2,4,0,1,1
230089,3578,0.0,3.0,0.0,7,6,3,3,6,0,1,0
230336,3578,0.0,3.0,0.0,7,5,1,1,6,0,1,0
230414,1592,0.0,0.0,1.0,17,2,1,4,13,0,2,2
230590,361,0.0,4.0,0.0,2,1,1,1,1,0,1,0
231327,2361,0.0,4.0,0.0,3,1,1,1,2,0,1,0
231385,1751,0.0,2.0,1.0,23,15,5,2,11,0,5,7
231558,946,0.0,0.0,0.0,5,4,2,1,1,0,4,0
232374,2543,0.0,3.0,0.0,7,3,1,1,6,0,1,0
232380,1831,0.0,0.0,0.0,4,1,1,1,3,0,1,0
232627,2170,0.0,2.0,1.0,5,1,1,1,4,0,1,0
23331,4173,0.0,4.0,1.0,10,2,1,3,9,0,1,0
234621,3925,0.0,3.0,0.0,44,31,11,2,42,0,2,0
23510,1708,0.0,4.0,0.0,1,1,1,1,0,0,1,0
235374,3022,0.0,2.0,0.0,2,1,1,1,1,0,1,0
235471,2582,0.0,3.0,0.0,11,3,2,3,10,0,1,0
236129,3865,0.0,4.0,0.0,12,5,5,1,7,0,5,0
237031,877,0.0,4.0,1.0,6,1,1,2,3,0,2,1
23705,2821,0.0,6.0,1.0,11,1,1,2,10,0,1,0
237510,4648,0.0,6.0,1.0,3,1,1,2,2,0,1,0
238251,2669,1.0,0.0,0.0,4,4,3,2,3,0,1,0
238273,2928,0.0,4.0,1.0,27,14,5,5,23,0,1,3
23840,145,0.0,3.0,0.0,4,3,1,1,3,0,1,0
238466,4287,0.0,0.0,0.0,2,1,1,1,1,0,1,0
23858,2124,0.0,4.0,0.0,12,6,2,3,11,0,1,0
238628,1703,0.0,4.0,0.0,1,1,1,1,0,0,1,0
238743,1008,0.0,2.0,0.0,4,1,1,1,2,0,1,1
238899,1978,0.0,8.0,1.0,4,1,1,1,2,0,1,1
239123,3191,0.0,4.0,0.0,2,1,1,1,1,0,1,0
239255,4589,0.0,3.0,0.0,11,5,1,2,10,0,1,0
239622,2669,0.0,2.0,0.0,13,3,1,2,11,0,1,1
239760,4848,0.0,0.0,1.0,1,1,1,1,0,0,1,0
239765,3323,0.0,5.0,1.0,5,2,1,3,4,0,1,0
240088,63,0.0,3.0,0.0,12,2,2,2,11,0,1,0
240618,4949,0.0,5.0,0.0,6,1,1,1,5,0,1,0
240844,1840,0.0,5.0,0.0,5,3,1,1,4,0,1,0
241695,4794,0.0,3.0,0.0,4,2,1,1,3,0,1,0
241715,1102,0.0,4.0,0.0,6,2,1,3,4,0,1,1
241787,3472,0.0,0.0,1.0,4,2,1,1,2,0,1,1
242153,3054,1.0,6.0,0.0,14,3,2,2,13,0,1,0
242195,2664,0.0,5.0,0.0,41,31,3,2,37,0,4,0
243185,3148,1.0,4.0,0.0,37,21,5,10,23,0,3,11
243464,2569,0.0,3.0,0.0,6,2,1,1,4,0,2,0
244069,4394,0.0,6.0,0.0,1,1,1,1,0,0,1,0
244324,3930,0.0,5.0,2.0,3,1,1,1,2,0,1,0
244349,4659,0.0,6.0,0.0,18,6,3,3,12,0,4,2
244486,1816,0.0,6.0,1.0,1,1,1,1,0,0,1,0
244816,4594,0.0,6.0,0.0,40,15,6,3,39,0,1,0
24510,729,0.0,3.0,0.0,2,1,1,1,0,0,1,1
245831,1384,0.0,4.0,0.0,1,1,1,1,0,0,1,0
245898,1978,0.0,3.0,0.0,6,3,1,1,5,0,1,0
246407,685,0.0,4.0,0.0,11,5,2,1,10,0,1,0
246594,4280,0.0,4.0,0.0,18,8,1,2,16,0,1,1
247483,4427,0.0,2.0,1.0,1,1,1,1,0,0,1,0
247546,2821,0.0,3.0,1.0,5,2,2,1,3,0,2,0
247848,1749,0.0,5.0,1.0,9,5,3,4,8,0,1,0
248190,2698,0.0,3.0,0.0,6,3,1,2,5,0,1,0
249168,3225,0.0,0.0,0.0,3,1,1,2,2,0,1,0
249354,1013,0.0,0.0,0.0,5,1,1,2,3,0,1,1
249460,10,0.0,3.0,0.0,18,7,4,2,15,0,1,2
250097,4129,0.0,0.0,0.0,13,8,2,3,4,0,3,6
250507,3448,0.0,3.0,0.0,6,1,1,2,5,0,1,0
250670,1878,0.0,2.0,0.0,2,1,1,2,1,0,1,0
251444,4374,0.0,6.0,0.0,1,1,1,1,0,0,1,0
251626,1464,0.0,7.0,1.0,5,3,1,2,3,0,1,1
252641,915,0.0,4.0,0.0,12,4,1,4,11,0,1,0
252849,121,0.0,5.0,1.0,9,5,3,3,7,0,2,0
253092,4687,0.0,2.0,0.0,7,2,1,1,6,0,1,0
253105,4438,0.0,4.0,0.0,7,2,1,3,6,0,1,0
254213,2031,0.0,2.0,null,4,1,1,2,3,0,1,0
254304,3609,0.0,5.0,1.0,4,4,2,1,1,0,3,0
25442,3419,0.0,0.0,0.0,1,1,1,1,0,0,1,0
254533,1370,0.0,4.0,1.0,2,1,1,1,0,0,2,0
25460,3742,0.0,4.0,0.0,8,5,1,1,7,0,1,0
255221,4270,0.0,0.0,1.0,15,5,2,4,11,0,1,3
25553,3990,0.0,0.0,0.0,2,1,1,1,1,0,1,0
25569,3402,0.0,3.0,0.0,4,3,1,2,3,0,1,0
256109,3865,0.0,3.0,1.0,2,1,1,1,1,0,1,0
256202,3623,0.0,5.0,0.0,8,3,1,2,6,0,2,0
256469,1393,0.0,4.0,0.0,6,3,3,1,5,0,1,0
256793,102,0.0,3.0,0.0,3,1,1,2,2,0,1,0
257258,3484,0.0,5.0,1.0,2,1,1,1,1,0,1,0
257390,4042,0.0,5.0,0.0,4,1,1,2,3,0,1,0
257685,3683,0.0,3.0,1.0,7,2,1,2,6,0,1,0
257801,4325,1.0,3.0,0.0,1,1,1,1,0,0,1,0
257812,361,0.0,2.0,null,2,1,1,1,1,0,1,0
258018,2273,0.0,3.0,0.0,3,2,1,1,2,0,1,0
258123,587,0.0,0.0,0.0,14,1,1,2,13,0,1,0
259216,4818,0.0,2.0,1.0,14,6,4,1,13,0,1,0
259752,4785,0.0,0.0,0.0,11,4,3,4,10,0,1,0
259961,2537,0.0,2.0,1.0,6,3,2,1,4,0,2,0
26011,4444,0.0,3.0,1.0,11,5,4,3,9,0,2,0
26034,2026,0.0,0.0,1.0,2,1,1,1,1,0,1,0
26092,2746,0.0,0.0,0.0,9,2,2,2,7,0,2,0
260952,3878,0.0,4.0,1.0,8,2,1,1,6,0,2,0
26116,1628,0.0,0.0,0.0,11,2,2,2,7,0,2,2
261187,508,0.0,2.0,null,7,1,1,2,5,0,2,0
261212,4170,0.0,0.0,0.0,6,2,1,2,4,0,2,0
261228,4468,0.0,6.0,1.0,12,2,1,2,11,0,1,0
261330,1203,0.0,0.0,0.0,8,2,2,2,7,0,1,0
261440,1808,0.0,5.0,1.0,15,5,1,1,14,0,1,0
261758,4536,1.0,6.0,0.0,9,1,1,1,8,0,1,0
261939,3971,0.0,5.0,0.0,5,5,2,2,4,0,1,0
262212,1522,0.0,2.0,0.0,2,1,1,1,1,0,1,0
262375,3168,0.0,3.0,1.0,4,2,2,2,3,0,1,0
26284,4234,0.0,4.0,1.0,24,14,6,2,20,0,4,0
263869,897,0.0,3.0,0.0,1,1,1,1,0,0,1,0
26452,4170,0.0,4.0,0.0,42,7,1,6,41,0,1,0
265119,1608,0.0,5.0,1.0,6,4,2,1,4,0,2,0
265338,1272,0.0,0.0,0.0,11,5,1,1,8,2,1,0
265997,2745,0.0,3.0,1.0,6,2,2,2,5,0,1,0
266278,4171,0.0,5.0,1.0,13,7,2,2,11,0,1,1
266547,4648,0.0,4.0,1.0,7,6,4,2,2,0,4,1
266549,2140,0.0,6.0,0.0,4,2,1,1,1,0,3,0
266789,3822,0.0,3.0,0.0,5,1,1,1,4,0,1,0
26690,3828,0.0,3.0,0.0,3,2,2,1,1,0,1,1
267165,4641,0.0,3.0,0.0,4,1,1,1,3,0,1,0
267618,963,1.0,4.0,0.0,4,1,1,1,3,0,1,0
26789,4282,0.0,4.0,0.0,35,26,6,2,33,0,2,0
268000,2579,0.0,3.0,0.0,10,4,3,3,8,0,1,1
268194,2312,0.0,0.0,1.0,25,5,1,4,22,0,1,2
268638,2002,0.0,4.0,0.0,2,1,1,1,1,0,1,0
268750,1056,0.0,4.0,1.0,10,2,2,2,7,0,3,0
268838,4858,0.0,3.0,1.0,11,5,1,1,10,0,1,0
269080,2768,1.0,3.0,0.0,13,11,4,1,12,0,1,0
269389,1895,0.0,4.0,1.0,2,1,1,2,1,0,1,0
270222,1892,0.0,0.0,0.0,26,9,4,1,22,0,4,0
270432,359,0.0,null,null,17,13,2,2,16,0,1,0
270595,3941,0.0,2.0,1.0,4,1,1,1,3,0,1,0
270657,479,0.0,2.0,0.0,2,1,1,1,1,0,1,0
27076,2361,0.0,3.0,0.0,4,1,1,4,2,0,1,1
270884,467,1.0,0.0,0.0,58,35,8,4,47,0,5,6
271081,1102,0.0,3.0,1.0,4,2,1,2,3,0,1,0
271135,3578,0.0,4.0,0.0,3,2,1,1,2,0,1,0
271261,3245,0.0,0.0,0.0,2,2,1,1,0,0,2,0
272279,1200,0.0,7.0,0.0,3,1,1,1,2,0,1,0
272287,2341,0.0,5.0,1.0,4,1,1,1,3,0,1,0
272297,1511,0.0,5.0,0.0,3,2,1,1,2,0,1,0
272492,3016,0.0,3.0,1.0,5,2,2,1,4,0,1,0
272821,3828,1.0,4.0,1.0,2,1,1,1,1,0,1,0
27294,1588,0.0,0.0,0.0,3,2,2,2,2,0,1,0
27337,1102,1.0,3.0,0.0,16,13,9,5,15,0,1,0
273579,3432,1.0,0.0,0.0,74,37,6,2,69,0,5,0
27393,121,1.0,3.0,2.0,7,1,1,3,5,0,1,1
274079,2928,0.0,3.0,1.0,12,7,2,1,11,0,1,0
274537,2482,1.0,0.0,0.0,73,16,10,10,55,0,2,16
274773,1964,0.0,6.0,0.0,33,6,4,3,31,0,1,1
27542,742,0.0,6.0,0.0,3,1,1,1,2,0,1,0
276001,598,0.0,3.0,1.0,14,5,3,5,13,0,1,0
276115,3955,0.0,3.0,0.0,10,3,1,2,9,0,1,0
276171,3016,0.0,3.0,1.0,51,35,10,4,46,0,5,0
276252,4287,0.0,4.0,0.0,15,3,3,2,14,0,1,0
276830,1916,0.0,3.0,0.0,1,1,1,1,0,0,1,0
277158,3305,0.0,2.0,0.0,2,1,1,1,1,0,1,0
277342,310,0.0,3.0,0.0,2,2,2,1,0,0,2,0
277456,326,0.0,0.0,2.0,5,2,2,1,3,0,2,0
277617,4594,0.0,0.0,1.0,3,1,1,1,2,0,1,0
27774,1472,0.0,2.0,0.0,8,2,1,4,6,0,1,1
277816,3971,1.0,3.0,1.0,7,3,2,2,5,1,1,0
277925,4765,0.0,2.0,0.0,6,2,1,1,5,0,1,0
277991,3936,0.0,3.0,0.0,6,2,1,2,4,1,1,0
278555,4687,0.0,2.0,0.0,4,1,1,1,3,0,1,0
278653,4771,0.0,2.0,1.0,5,2,2,1,3,0,2,0
278757,2935,0.0,6.0,0.0,1,1,1,1,0,0,1,0
278787,794,0.0,3.0,1.0,2,1,1,2,1,0,1,0
279003,3936,0.0,3.0,0.0,1,1,1,1,0,0,1,0
279274,760,0.0,5.0,0.0,5,3,1,1,3,0,2,0
279689,3990,0.0,6.0,0.0,8,3,2,2,7,0,1,0
279967,4614,1.0,4.0,0.0,1,1,1,1,0,0,1,0
280030,963,0.0,6.0,0.0,2,1,1,1,1,0,1,0
280580,1486,0.0,0.0,1.0,1,1,1,1,0,0,1,0
280610,3319,0.0,0.0,0.0,4,1,1,3,3,0,1,0
280770,2840,0.0,3.0,0.0,7,1,1,2,6,0,1,0
280952,1884,0.0,4.0,0.0,7,1,1,2,6,0,1,0
281193,3042,0.0,6.0,0.0,53,24,9,3,50,0,3,0
281253,2608,0.0,3.0,0.0,1,1,1,1,0,0,1,0
281938,817,0.0,2.0,0.0,5,1,1,1,4,0,1,0
282413,962,0.0,3.0,0.0,9,2,2,1,7,0,2,0
282490,4545,0.0,3.0,0.0,9,6,1,3,8,0,1,0
282924,4976,0.0,2.0,0.0,12,4,4,3,10,0,1,1
282992,3878,0.0,3.0,1.0,4,2,1,2,3,0,1,0
284215,104,0.0,4.0,2.0,8,3,2,1,7,0,1,0
284555,1978,1.0,2.0,1.0,12,3,1,4,9,0,1,2
284714,685,0.0,0.0,0.0,20,6,1,4,18,0,2,0
284983,3753,0.0,3.0,0.0,2,1,1,1,1,0,1,0
284991,1892,0.0,4.0,1.0,11,2,1,1,9,0,1,1
285038,547,0.0,4.0,1.0,9,5,2,2,8,0,1,0
285745,4926,0.0,4.0,0.0,34,17,12,5,33,0,1,0
286091,606,0.0,3.0,0.0,10,7,2,4,9,0,1,0
286381,1235,0.0,3.0,null,4,1,1,2,3,0,1,0
286422,2102,0.0,4.0,0.0,2,1,1,1,1,0,1,0
28654,2669,0.0,4.0,0.0,1,1,1,1,0,0,1,0
28654,4926,0.0,4.0,0.0,7,4,4,1,6,0,1,0
287079,868,0.0,0.0,1.0,2,2,2,1,0,0,2,0
287696,1487,0.0,4.0,0.0,2,1,1,1,1,0,1,0
287760,4170,0.0,5.0,1.0,7,2,1,2,6,0,1,0
288443,1555,0.0,0.0,0.0,12,1,1,4,10,0,1,1
288483,1459,0.0,4.0,0.0,5,1,1,1,4,0,1,0
288699,4044,0.0,4.0,0.0,14,3,1,1,11,0,1,2
288833,2821,0.0,0.0,1.0,3,2,1,2,0,0,1,2
288906,4542,0.0,2.0,1.0,6,1,1,3,4,0,1,1
289028,148,0.0,5.0,2.0,3,1,1,1,2,0,1,0
289469,2928,0.0,3.0,1.0,13,7,4,1,7,1,5,0
289513,3822,0.0,5.0,1.0,4,3,1,1,2,0,2,0
289643,2752,0.0,3.0,0.0,3,1,1,1,2,0,1,0
28965,1755,0.0,0.0,0.0,2,1,1,1,1,0,1,0
289803,2447,1.0,0.0,0.0,11,1,1,2,10,0,1,0
290202,2448,0.0,3.0,1.0,7,1,1,2,6,0,1,0
290225,3469,0.0,4.0,0.0,7,4,1,1,6,0,1,0
290371,4294,0.0,5.0,1.0,2,1,1,1,1,0,1,0
290964,322,0.0,0.0,0.0,8,4,3,1,6,0,2,0
291024,4025,0.0,6.0,0.0,5,2,2,1,3,0,2,0
291141,2641,0.0,2.0,0.0,3,1,1,1,1,0,1,1
291199,412,0.0,4.0,0.0,8,2,2,3,7,0,1,0
291351,2639,0.0,6.0,0.0,3,1,1,1,2,0,1,0
291782,1448,0.0,3.0,0.0,16,2,1,7,14,0,2,0
291844,2173,0.0,3.0,1.0,2,1,1,1,0,0,2,0
29202,2006,0.0,4.0,0.0,2,1,1,1,1,0,1,0
292281,2935,0.0,4.0,0.0,9,4,2,3,7,0,2,0
292363,2278,0.0,4.0,1.0,5,1,1,2,4,0,1,0
292648,598,0.0,0.0,1.0,16,8,3,3,15,0,1,0
292859,4050,0.0,0.0,1.0,1,1,1,1,0,0,1,0
293160,738,0.0,5.0,2.0,30,16,2,1,28,0,2,0
29324,1708,0.0,0.0,1.0,8,3,1,1,6,0,2,0
293263,4325,0.0,0.0,null,13,6,2,2,12,0,1,0
293547,1017,0.0,5.0,1.0,10,2,1,4,8,0,1,1
294094,4170,1.0,0.0,0.0,15,4,1,2,9,0,2,4
294224,416,0.0,6.0,1.0,5,2,1,4,4,0,1,0
294397,2511,0.0,3.0,0.0,11,5,2,3,10,0,1,0
294587,588,0.0,0.0,1.0,4,1,1,1,3,0,1,0
294627,4394,0.0,4.0,0.0,1,1,1,1,0,0,1,0
295212,200,0.0,4.0,1.0,3,1,1,2,1,0,1,1
295246,2175,0.0,4.0,0.0,2,1,1,1,1,0,1,0
295952,1500,0.0,4.0,1.0,8,1,1,2,6,0,1,1
296135,3057,0.0,0.0,0.0,5,2,2,1,4,0,1,0
296782,1031,0.0,5.0,0.0,16,10,1,3,15,0,1,0
29709,4442,0.0,3.0,0.0,2,1,1,1,1,0,1,0
297230,2403,0.0,3.0,0.0,187,67,7,3,182,0,5,0
297330,2441,0.0,5.0,0.0,6,1,1,2,4,0,1,1
298032,4044,0.0,3.0,0.0,208,97,13,1,205,0,3,0
298424,4525,1.0,3.0,0.0,13,10,1,2,11,0,1,1
298611,1102,0.0,0.0,1.0,4,2,1,1,3,0,1,0
299244,4848,0.0,0.0,1.0,7,1,1,4,6,0,1,0
299301,2664,0.0,4.0,0.0,39,29,2,3,38,0,1,0
300227,3274,0.0,3.0,1.0,3,2,2,2,2,0,1,0
30048,1639,0.0,5.0,0.0,8,2,2,1,6,0,2,0
30088,3979,0.0,4.0,0.0,5,1,1,1,4,0,1,0
300946,4394,0.0,3.0,0.0,8,2,1,1,6,0,2,0
301288,547,1.0,5.0,1.0,4,2,1,1,3,0,1,0
301504,2318,0.0,4.0,0.0,1,1,1,1,0,0,1,0
301629,4818,0.0,4.0,0.0,16,8,6,2,11,0,5,0
301633,2465,0.0,3.0,0.0,3,2,1,1,2,0,1,0
301900,3205,1.0,6.0,0.0,28,11,2,1,19,0,1,8
302358,4850,0.0,0.0,0.0,17,11,5,1,16,0,1,0
302542,1467,0.0,4.0,0.0,1,1,1,1,0,0,1,0
302811,3968,1.0,3.0,0.0,15,3,3,2,13,0,2,0
302928,2294,0.0,4.0,1.0,3,2,2,2,2,0,1,0
30308,1115,0.0,2.0,1.0,1,1,1,1,0,0,1,0
30328,2435,0.0,2.0,0.0,3,2,1,1,2,0,1,0
303543,4848,0.0,0.0,0.0,3,1,1,1,2,0,1,0
303638,3912,0.0,3.0,1.0,5,1,1,1,4,0,1,0
303697,3410,0.0,0.0,0.0,8,2,2,4,5,0,1,2
303818,2915,1.0,7.0,0.0,2,1,1,1,1,0,1,0
304885,2981,0.0,6.0,0.0,9,2,1,1,8,0,1,0
304926,4818,0.0,3.0,1.0,3,1,1,1,2,0,1,0
30505,2721,0.0,7.0,0.0,18,7,1,4,13,0,1,4
305176,4258,0.0,7.0,0.0,9,1,1,2,8,0,1,0
305760,1102,1.0,6.0,0.0,106,49,6,10,101,0,3,2
306043,2138,0.0,6.0,1.0,2,1,1,1,1,0,1,0
306401,2746,0.0,2.0,0.0,4,1,1,1,3,0,1,0
307124,2006,0.0,8.0,1.0,7,1,1,1,5,0,1,1
307280,2537,0.0,5.0,1.0,3,2,1,1,2,0,1,0
30735,3392,0.0,3.0,0.0,4,2,1,1,3,0,1,0
307616,1212,0.0,3.0,0.0,2,1,1,2,1,0,1,0
308097,320,0.0,3.0,0.0,2,1,1,1,1,0,1,0
308151,2582,0.0,3.0,0.0,4,1,1,3,2,0,1,1
308899,2482,0.0,3.0,0.0,7,5,5,2,5,0,2,0
309521,189,0.0,5.0,0.0,6,2,1,2,5,0,1,0
311533,1640,0.0,4.0,1.0,5,2,1,2,4,0,1,0
312743,2155,0.0,3.0,1.0,8,2,1,1,7,0,1,0
312936,4871,0.0,3.0,1.0,5,2,1,1,3,0,2,0
313131,804,0.0,0.0,0.0,3,1,1,1,2,0,1,0
313173,296,1.0,0.0,0.0,4,1,1,1,2,0,2,0
313476,3545,0.0,3.0,0.0,2,1,1,1,1,0,1,0
313937,372,0.0,0.0,1.0,11,2,2,1,9,0,1,1
314174,908,0.0,3.0,1.0,2,1,1,1,1,0,1,0
314347,742,0.0,0.0,0.0,1,1,1,1,0,0,1,0
314433,3108,0.0,0.0,1.0,5,1,1,1,4,0,1,0
314579,4173,0.0,3.0,0.0,4,2,1,1,3,0,1,0
314775,2124,0.0,5.0,0.0,26,16,1,3,25,0,1,0
3148,3206,0.0,3.0,0.0,8,3,2,1,7,0,1,0
315009,3134,0.0,5.0,0.0,2,1,1,1,1,0,1,0
315150,685,0.0,0.0,0.0,5,3,2,2,4,0,1,0
315223,4079,0.0,3.0,0.0,18,7,3,1,14,0,4,0
315706,1487,0.0,4.0,2.0,9,1,1,2,8,0,1,0
315921,3378,0.0,6.0,1.0,6,2,1,1,5,0,1,0
315932,798,0.0,3.0,0.0,1,1,1,1,0,0,1,0
316022,3200,0.0,5.0,1.0,6,1,1,2,5,0,1,0
316053,2928,0.0,0.0,2.0,11,5,2,2,10,0,1,0
316323,2099,0.0,0.0,null,6,1,1,1,5,0,1,0
316435,361,0.0,6.0,0.0,4,2,1,1,3,0,1,0
316593,1102,0.0,4.0,0.0,14,8,3,5,13,0,1,0
317065,598,0.0,0.0,1.0,12,2,1,2,9,0,1,2
317148,3536,0.0,3.0,1.0,10,4,2,1,9,0,1,0
317258,4976,0.0,0.0,0.0,9,3,2,1,8,0,1,0
317507,3227,0.0,5.0,1.0,7,1,1,2,6,0,1,0
317742,4976,0.0,0.0,0.0,2,1,1,1,1,0,1,0
317885,1978,0.0,3.0,0.0,7,2,1,3,5,0,1,1
317922,2193,0.0,2.0,0.0,4,1,1,2,3,0,1,0
318381,4170,0.0,5.0,0.0,13,5,2,2,11,0,2,0
318396,145,0.0,4.0,0.0,6,4,1,1,5,0,1,0
318479,4049,0.0,3.0,1.0,2,1,1,1,1,0,1,0
318581,4444,1.0,4.0,0.0,27,10,1,2,25,0,2,0
318613,2537,0.0,0.0,1.0,2,1,1,1,1,0,1,0
318708,4079,0.0,3.0,1.0,2,1,1,1,1,0,1,0
320367,1784,0.0,4.0,1.0,16,3,3,1,13,0,3,0
320407,3753,0.0,3.0,0.0,2,1,1,1,1,0,1,0
320497,3828,0.0,3.0,0.0,67,42,13,3,65,0,2,0
320682,598,0.0,2.0,1.0,3,2,1,1,2,0,1,0
320735,4369,0.0,0.0,0.0,1,1,1,1,0,0,1,0
320754,2511,0.0,0.0,0.0,3,1,1,1,2,0,1,0
320807,3074,0.0,3.0,1.0,2,2,1,1,0,0,2,0
320810,3545,0.0,6.0,1.0,2,1,1,1,1,0,1,0
321122,2328,0.0,2.0,0.0,2,1,1,1,1,0,1,0
321192,2348,0.0,0.0,0.0,5,1,1,1,4,0,1,0
322046,1502,0.0,3.0,0.0,6,1,1,2,4,0,1,1
322056,141,1.0,4.0,0.0,19,12,5,4,18,0,1,0
322111,4282,0.0,4.0,0.0,3,1,1,1,2,0,1,0
322878,1310,0.0,3.0,0.0,14,3,2,2,13,0,1,0
32293,1356,0.0,4.0,1.0,5,2,1,1,3,0,2,0
323098,3588,0.0,4.0,0.0,11,5,1,1,8,0,3,0
323311,1460,0.0,4.0,0.0,16,4,1,3,12,0,2,2
323427,4173,0.0,3.0,0.0,12,1,1,4,11,0,1,0
323429,4727,0.0,3.0,1.0,3,2,1,1,2,0,1,0
323982,4170,0.0,5.0,0.0,16,4,1,6,13,0,2,1
32422,4173,0.0,3.0,0.0,4,3,2,1,3,0,1,0
324875,625,1.0,8.0,0.0,4,2,1,1,3,0,1,0
325223,2031,0.0,0.0,0.0,2,1,1,1,1,0,1,0
325801,4957,0.0,4.0,1.0,17,9,3,4,16,0,1,0
325969,414,0.0,5.0,0.0,32,19,4,5,25,0,1,6
326068,3205,0.0,4.0,0.0,29,8,2,4,19,0,1,9
326222,1833,0.0,3.0,1.0,7,5,1,2,6,0,1,0
326545,1166,0.0,2.0,0.0,24,6,3,4,19,0,2,3
326586,3350,0.0,2.0,1.0,1,1,1,1,0,0,1,0
327179,1810,0.0,0.0,0.0,55,23,7,1,52,1,2,0
327316,2126,0.0,4.0,0.0,4,1,1,1,3,0,1,0
327354,2066,0.0,0.0,1.0,2,1,1,1,1,0,1,0
327475,2145,0.0,4.0,0.0,10,3,2,1,9,0,1,0
327689,4101,0.0,3.0,1.0,13,3,1,2,12,0,1,0
327862,685,0.0,0.0,0.0,5,1,1,2,4,0,1,0
327949,437,0.0,3.0,0.0,13,9,4,6,11,0,2,0
328083,1840,0.0,0.0,1.0,3,1,1,1,2,0,1,0
328658,4648,1.0,3.0,0.0,6,3,1,1,5,0,1,0
32879,3236,0.0,3.0,0.0,7,2,1,3,5,0,1,1
32903,3433,0.0,2.0,0.0,5,1,1,2,2,0,2,1
329044,3055,0.0,3.0,0.0,1,1,1,1,0,0,1,0
329051,1131,0.0,3.0,0.0,11,2,2,3,9,0,1,1
329355,4431,0.0,4.0,1.0,2,1,1,1,1,0,1,0
329632,67,0.0,3.0,0.0,1,1,1,1,0,0,1,0
329640,3820,0.0,0.0,0.0,1,1,1,1,0,0,1,0
329731,639,0.0,3.0,1.0,2,1,1,1,1,0,1,0
329801,682,0.0,0.0,0.0,2,2,2,2,1,0,1,0
330098,4044,0.0,0.0,0.0,6,2,2,2,5,0,1,0
330142,846,0.0,3.0,0.0,4,1,1,1,3,0,1,0
330395,1679,0.0,0.0,0.0,13,7,3,1,11,0,2,0
330624,829,0.0,3.0,0.0,6,1,1,1,5,0,1,0
330864,2320,0.0,0.0,0.0,5,1,1,1,4,0,1,0
331072,598,0.0,3.0,1.0,32,11,3,1,31,0,1,0
331606,4976,0.0,2.0,0.0,5,2,2,2,4,0,1,0
332363,361,0.0,3.0,0.0,9,2,1,1,7,0,1,1
332434,1916,0.0,4.0,1.0,6,3,1,1,5,0,1,0
332844,3990,0.0,4.0,0.0,6,3,2,2,5,0,1,0
332946,2928,0.0,0.0,0.0,5,1,1,1,4,0,1,0
333354,4048,0.0,4.0,1.0,15,8,1,1,13,0,2,0
333407,1724,0.0,0.0,2.0,1,1,1,1,0,0,1,0
335335,2730,0.0,3.0,0.0,6,1,1,1,5,0,1,0
33536,4196,0.0,3.0,1.0,8,1,1,1,7,0,1,0
335456,4525,0.0,3.0,0.0,15,3,3,3,12,0,2,1
335463,390,0.0,3.0,0.0,2,1,1,2,0,0,1,1
335817,1495,0.0,3.0,0.0,10,2,1,3,7,0,1,2
33592,3022,0.0,2.0,1.0,11,4,1,1,9,0,2,0
336167,598,0.0,3.0,null,15,9,3,1,13,1,1,0
336584,1900,0.0,0.0,0.0,6,1,1,2,4,0,2,0
336951,168,0.0,4.0,0.0,4,2,1,3,2,0,1,1
337129,423,0.0,2.0,0.0,12,4,1,3,11,0,1,0
337348,4050,0.0,5.0,1.0,6,1,1,2,4,0,1,1
338442,3154,0.0,3.0,0.0,12,3,2,4,9,0,1,2
338467,2217,0.0,0.0,0.0,33,13,3,1,30,0,3,0
338497,2767,1.0,2.0,0.0,3,1,1,1,2,0,1,0
338609,643,0.0,3.0,0.0,15,7,4,2,13,0,2,0
339815,4280,0.0,4.0,0.0,2,1,1,1,0,0,1,1
339924,3578,0.0,3.0,0.0,20,7,2,5,15,0,1,4
340065,4177,0.0,0.0,0.0,6,1,1,2,4,0,1,1
340228,1356,0.0,3.0,0.0,4,1,1,1,3,0,1,0
34054,2895,0.0,5.0,0.0,19,10,6,4,13,0,1,5
340850,4170,0.0,0.0,0.0,11,4,1,1,10,0,1,0
341690,2664,0.0,4.0,0.0,19,6,3,1,17,0,2,0
341737,1827,0.0,4.0,0.0,12,3,2,5,11,0,1,0
342285,145,0.0,0.0,0.0,11,4,1,1,9,0,1,1
342464,141,0.0,6.0,0.0,30,4,3,7,27,0,1,2
343407,4050,0.0,4.0,0.0,2,1,1,1,1,0,1,0
343435,1978,0.0,3.0,1.0,3,1,1,1,2,0,1,0
343469,216,0.0,5.0,1.0,1,1,1,1,0,0,1,0
34370,1477,0.0,0.0,2.0,6,4,3,1,5,0,1,0
343966,4976,0.0,0.0,0.0,12,6,1,3,10,0,1,1
344477,1074,1.0,4.0,1.0,16,8,1,1,14,0,1,1
344540,4976,0.0,0.0,0.0,2,1,1,1,1,0,1,0
345127,598,0.0,4.0,0.0,8,3,2,1,6,0,2,0
345139,598,0.0,3.0,1.0,13,6,2,1,11,0,2,0
345536,1487,0.0,3.0,1.0,14,4,1,3,12,0,1,1
345748,408,0.0,3.0,0.0,3,1,1,1,2,0,1,0
345812,2126,0.0,3.0,1.0,3,1,1,1,2,0,1,0
345987,3954,0.0,3.0,1.0,3,1,1,1,2,0,1,0
346636,2698,0.0,3.0,0.0,7,3,1,3,6,0,1,0
347241,742,0.0,3.0,0.0,35,17,8,2,32,0,2,1
347545,2273,0.0,4.0,0.0,16,6,1,2,14,0,1,1
347635,4280,0.0,3.0,0.0,22,7,1,5,21,0,1,0
34802,1639,0.0,5.0,0.0,7,1,1,1,6,0,1,0
348097,927,0.0,6.0,1.0,1,1,1,1,0,0,1,0
348490,168,0.0,4.0,1.0,1,1,1,1,0,0,1,0
349371,141,1.0,2.0,0.0,76,30,13,7,70,0,1,5
349635,4140,0.0,4.0,0.0,2,2,1,1,0,0,2,0
350077,1487,0.0,3.0,0.0,6,3,1,1,5,0,1,0
350416,682,0.0,3.0,0.0,1,1,1,1,0,0,1,0
350487,3473,0.0,5.0,2.0,13,4,2,1,12,0,1,0
350544,1679,0.0,4.0,0.0,10,6,3,1,9,0,1,0
35102,390,0.0,4.0,0.0,10,6,4,2,8,0,2,0
351353,4659,0.0,4.0,0.0,1,1,1,1,0,0,1,0
351462,13,1.0,3.0,0.0,2,1,1,1,1,0,1,0
351506,219,0.0,0.0,0.0,7,1,1,1,6,0,1,0
351572,2278,0.0,3.0,0.0,3,1,1,2,2,0,1,0
351611,4072,0.0,3.0,1.0,2,1,1,2,1,0,1,0
351739,790,0.0,4.0,0.0,14,4,2,5,13,0,1,0
352036,1090,0.0,7.0,0.0,10,2,1,4,8,0,1,1
352174,2031,0.0,3.0,1.0,5,3,1,1,4,0,1,0
352422,596,0.0,5.0,1.0,3,1,1,1,2,0,1,0
352601,2445,0.0,3.0,0.0,2,1,1,1,1,0,1,0
352679,3955,0.0,4.0,0.0,1,1,1,1,0,0,1,0
352849,4911,0.0,3.0,1.0,6,3,2,1,3,0,3,0
353088,989,0.0,3.0,null,2,1,1,1,1,0,1,0
353495,4756,0.0,4.0,0.0,9,4,3,1,5,0,4,0
353657,682,0.0,0.0,0.0,6,5,3,1,5,0,1,0
353920,2277,0.0,2.0,1.0,6,1,1,1,5,0,1,0
354287,4981,0.0,2.0,1.0,4,2,2,1,3,0,1,0
35553,4474,0.0,3.0,0.0,10,4,1,1,8,0,1,1
356041,897,0.0,0.0,0.0,2,1,1,2,0,0,1,1
356502,4039,0.0,2.0,0.0,1,1,1,1,0,0,1,0
356526,2634,0.0,5.0,1.0,51,25,9,1,49,0,2,0
356571,1854,0.0,2.0,1.0,3,1,1,2,2,0,1,0
356767,3984,0.0,0.0,0.0,15,6,3,3,14,0,1,0
356902,66,0.0,3.0,1.0,3,1,1,1,2,0,1,0
357038,3006,0.0,7.0,1.0,3,1,1,1,2,0,1,0
357222,4363,0.0,3.0,0.0,4,1,1,1,3,0,1,0
357529,3628,0.0,3.0,0.0,3,1,1,2,2,0,1,0
357885,608,0.0,3.0,0.0,6,1,1,2,5,0,1,0
358096,4708,0.0,3.0,0.0,2,1,1,1,1,0,1,0
358901,1683,0.0,2.0,1.0,3,1,1,1,2,0,1,0
359478,643,0.0,3.0,0.0,2,1,1,1,1,0,1,0
359990,1283,0.0,3.0,0.0,5,4,3,1,4,0,1,0
360175,661,0.0,2.0,0.0,6,1,1,2,5,0,1,0
360841,1749,0.0,3.0,1.0,6,2,2,3,5,0,1,0
360851,1968,0.0,0.0,0.0,5,1,1,1,4,0,1,0
361028,4438,0.0,4.0,1.0,2,1,1,1,1,0,1,0
361140,293,0.0,3.0,0.0,7,2,1,3,6,0,1,0
361157,121,0.0,3.0,0.0,4,2,1,1,3,0,1,0
361218,4731,0.0,3.0,0.0,5,4,2,1,4,0,1,0
361329,2721,0.0,0.0,0.0,6,2,1,2,5,0,1,0
361761,2916,0.0,0.0,0.0,5,1,1,1,4,0,1,0
362380,4744,0.0,3.0,0.0,3,1,1,1,2,0,1,0
362806,4659,0.0,4.0,0.0,6,4,2,1,5,0,1,0
362859,879,0.0,4.0,0.0,5,2,1,1,4,0,1,0
362906,827,0.0,4.0,2.0,4,1,1,1,3,0,1,0
363416,2895,0.0,4.0,0.0,7,2,2,2,4,0,2,1
363447,3558,0.0,6.0,0.0,4,1,1,1,3,0,1,0
363566,3887,0.0,3.0,0.0,23,8,3,1,22,0,1,0
363647,2108,0.0,3.0,1.0,4,1,1,2,3,0,1,0
363758,3734,0.0,0.0,1.0,32,12,5,7,31,0,1,0
363970,515,0.0,3.0,0.0,56,22,6,4,51,0,3,2
364126,467,0.0,null,null,20,5,2,5,19,0,1,0
364130,4836,0.0,0.0,0.0,39,20,5,6,29,0,1,9
364235,2173,0.0,4.0,0.0,1,1,1,1,0,0,1,0
364371,2721,0.0,3.0,0.0,23,3,2,6,20,0,1,2
365195,2217,0.0,4.0,0.0,7,1,1,4,5,0,1,1
365259,952,0.0,3.0,1.0,3,1,1,1,2,0,1,0
365794,66,0.0,0.0,1.0,7,4,1,3,5,0,1,1
365915,2127,0.0,6.0,0.0,7,3,1,1,6,0,1,0
366224,3828,0.0,3.0,0.0,77,63,23,13,71,0,1,5
366645,4558,0.0,3.0,0.0,17,8,3,1,15,0,2,0
367025,3809,0.0,0.0,1.0,8,3,2,4,7,0,1,0
367726,2935,0.0,6.0,0.0,1,1,1,1,0,0,1,0
368967,4270,0.0,2.0,2.0,11,6,4,2,10,0,1,0
369355,2441,0.0,0.0,0.0,4,1,1,3,3,0,1,0
369451,1200,0.0,3.0,0.0,3,1,1,1,0,0,3,0
369514,829,0.0,4.0,0.0,3,1,1,1,2,0,1,0
369992,3898,0.0,4.0,0.0,16,11,2,1,15,0,1,0
370069,2047,0.0,0.0,0.0,16,6,2,5,15,0,1,0
370227,4277,0.0,4.0,0.0,6,1,1,2,5,0,1,0
370928,2684,0.0,5.0,1.0,6,4,3,1,4,0,2,0
37121,1489,0.0,6.0,1.0,2,1,1,1,1,0,1,0
371614,4079,0.0,6.0,0.0,3,1,1,2,2,0,1,0
3723,4025,0.0,7.0,1.0,10,1,1,2,9,0,1,0
372976,2856,0.0,0.0,0.0,5,1,1,2,3,0,1,1
373112,2641,0.0,3.0,1.0,1,1,1,1,0,0,1,0
37328,2545,0.0,7.0,0.0,16,11,6,2,13,0,3,0
373365,4933,0.0,2.0,0.0,11,9,1,1,9,0,1,1
374356,4221,0.0,0.0,0.0,2,1,1,1,1,0,1,0
374594,522,0.0,2.0,1.0,2,1,1,2,1,0,1,0
374812,3828,0.0,0.0,0.0,5,2,2,2,3,1,1,0
374849,2811,0.0,3.0,1.0,4,2,2,1,2,0,2,0
375257,3955,0.0,3.0,0.0,3,1,1,2,2,0,1,0
375421,3826,0.0,2.0,1.0,5,1,1,1,3,0,1,1
375935,608,0.0,6.0,0.0,31,18,5,1,30,0,1,0
376119,2954,0.0,4.0,0.0,3,1,1,1,2,0,1,0
376205,4394,0.0,3.0,0.0,3,2,2,1,2,0,1,0
376981,2073,0.0,2.0,0.0,7,1,1,1,6,0,1,0
377295,4040,0.0,7.0,1.0,3,1,1,1,2,0,1,0
377431,1028,0.0,4.0,0.0,14,9,1,3,13,0,1,0
377670,168,0.0,6.0,0.0,10,5,2,1,7,0,3,0
37827,548,0.0,4.0,1.0,2,1,1,1,1,0,1,0
378471,4340,0.0,5.0,0.0,8,4,2,2,7,0,1,0
378526,4385,0.0,0.0,0.0,1,1,1,1,0,0,1,0
378995,2569,0.0,0.0,0.0,5,2,2,1,3,0,2,0
379088,2447,0.0,3.0,0.0,5,3,1,1,4,0,1,0
379190,4173,0.0,7.0,0.0,25,23,11,2,24,0,1,0
380146,1923,0.0,0.0,1.0,3,1,1,2,2,0,1,0
380343,1892,0.0,0.0,0.0,7,3,2,3,5,1,1,0
380529,170,0.0,3.0,1.0,19,4,1,7,14,0,5,0
38195,630,1.0,2.0,1.0,10,9,6,2,6,0,2,2
382392,1500,1.0,4.0,1.0,14,1,1,5,13,0,1,0
382529,141,0.0,3.0,0.0,6,4,2,3,5,0,1,0
382724,953,0.0,0.0,0.0,4,2,2,3,1,0,1,2
382740,4745,0.0,4.0,0.0,6,1,1,1,2,0,4,0
38289,63,0.0,0.0,1.0,20,4,3,3,18,0,1,1
383752,1916,0.0,4.0,2.0,3,2,1,2,2,0,1,0
38400,951,0.0,3.0,0.0,2,1,1,2,0,0,1,1
38473,803,0.0,0.0,0.0,2,1,1,1,1,0,1,0
384903,467,0.0,3.0,2.0,10,2,1,2,9,0,1,0
385063,381,0.0,4.0,0.0,4,2,1,1,3,0,1,0
385144,133,0.0,2.0,0.0,4,1,1,1,3,0,1,0
386003,145,0.0,2.0,1.0,1,1,1,1,0,0,1,0
386145,3955,0.0,3.0,0.0,1,1,1,1,0,0,1,0
386255,3173,0.0,3.0,0.0,7,2,1,1,4,0,3,0
386403,4850,0.0,5.0,1.0,65,29,8,3,63,0,2,0
38696,2680,0.0,3.0,0.0,4,1,1,2,3,0,1,0
387287,4744,0.0,3.0,0.0,5,1,1,1,4,0,1,0
387341,3080,0.0,3.0,1.0,3,2,1,2,2,0,1,0
387547,3912,0.0,6.0,0.0,8,2,1,3,6,0,1,1
387653,1833,0.0,0.0,0.0,106,40,1,6,105,0,1,0
387723,574,0.0,5.0,0.0,4,1,1,1,3,0,1,0
387870,4044,0.0,0.0,1.0,24,18,8,3,19,0,4,1
388365,4966,0.0,3.0,0.0,5,3,2,1,3,0,2,0
389785,3986,0.0,0.0,1.0,5,1,1,1,4,0,1,0
389867,489,0.0,3.0,0.0,2,1,1,1,1,0,1,0
390075,4847,0.0,3.0,0.0,37,22,7,2,34,0,2,1
390664,3635,0.0,4.0,1.0,4,1,1,1,3,0,1,0
390804,2562,0.0,6.0,2.0,19,2,2,10,17,0,1,1
391285,4170,1.0,4.0,0.0,4,2,1,1,0,0,4,0
391631,4775,0.0,4.0,0.0,17,7,1,3,15,0,1,1
392096,1749,0.0,3.0,1.0,1,1,1,1,0,0,1,0
392136,4992,0.0,4.0,0.0,13,3,1,2,10,0,3,0
394144,3906,0.0,4.0,0.0,128,63,14,14,127,0,1,0
394678,649,0.0,4.0,1.0,9,5,1,2,8,0,1,0
395062,1272,0.0,3.0,0.0,21,5,4,1,19,0,1,1
395649,3365,0.0,2.0,1.0,6,1,1,1,5,0,1,0
395665,1263,0.0,0.0,0.0,9,3,1,1,5,0,4,0
396004,2432,0.0,5.0,1.0,8,5,4,1,5,0,3,0
396238,4048,0.0,3.0,1.0,1,1,1,1,0,0,1,0
397052,4049,0.0,3.0,0.0,5,1,1,1,4,0,1,0
397090,4687,0.0,0.0,0.0,9,5,1,1,8,0,1,0
397665,3609,0.0,0.0,0.0,3,1,1,1,2,0,1,0
397911,4044,0.0,0.0,null,29,18,7,2,27,1,1,0
39800,1968,0.0,2.0,0.0,7,1,1,1,5,0,2,0
398158,1861,0.0,5.0,0.0,11,4,3,2,8,0,2,1
39862,415,0.0,0.0,0.0,15,5,3,1,14,0,1,0
398888,630,1.0,3.0,0.0,4,3,2,2,2,0,1,1
399010,1679,1.0,4.0,0.0,32,17,3,5,30,0,2,0
399034,1875,0.0,6.0,0.0,8,6,2,1,7,0,1,0
399222,1999,1.0,0.0,2.0,7,3,1,3,4,0,1,2
399616,1102,0.0,2.0,0.0,8,1,1,1,6,0,2,0
399669,1840,0.0,5.0,2.0,4,1,1,1,2,0,2,0
399924,1393,0.0,2.0,0.0,8,5,3,3,5,0,1,2
399945,121,0.0,6.0,0.0,29,15,2,3,28,0,1,0
400548,3545,0.0,4.0,1.0,3,1,1,1,2,0,1,0
400554,359,0.0,7.0,1.0,3,2,1,1,2,0,1,0
400679,4173,0.0,4.0,0.0,3,2,2,1,2,0,1,0
401022,293,1.0,3.0,0.0,7,1,1,1,6,0,1,0
401789,479,0.0,4.0,0.0,2,1,1,1,1,0,1,0
402,2869,0.0,4.0,0.0,2,1,1,1,1,0,1,0
402199,3350,1.0,0.0,0.0,2,1,1,2,0,0,1,1
40343,2031,1.0,0.0,0.0,2,1,1,1,1,0,1,0
403809,1093,0.0,3.0,1.0,23,7,3,4,21,0,1,1
404424,2834,0.0,2.0,0.0,114,84,13,12,109,0,1,4
40582,66,0.0,2.0,0.0,1,1,1,1,0,0,1,0
405862,4282,1.0,2.0,1.0,49,31,12,4,48,0,1,0
406244,121,0.0,4.0,0.0,28,10,2,4,27,0,1,0
40634,3936,0.0,3.0,0.0,3,1,1,1,2,0,1,0
406593,3525,0.0,5.0,0.0,3,1,1,1,2,0,1,0
406914,13,0.0,2.0,0.0,48,6,2,2,46,0,2,0
407893,872,0.0,4.0,1.0,2,1,1,1,1,0,1,0
409391,2173,0.0,0.0,0.0,12,2,1,2,9,0,2,1
409961,2590,0.0,3.0,0.0,13,8,4,1,9,0,4,0
410623,2283,0.0,2.0,0.0,6,4,1,2,5,0,1,0
410685,1833,0.0,5.0,1.0,50,14,2,1,45,0,5,0
411102,3161,0.0,6.0,0.0,15,3,3,3,11,0,2,2
412069,4600,0.0,6.0,0.0,19,9,3,1,18,0,1,0
412092,4048,0.0,2.0,0.0,6,2,1,1,5,0,1,0
412556,1056,0.0,2.0,1.0,12,10,6,3,10,0,2,0
412698,1833,0.0,6.0,1.0,15,10,6,3,14,0,1,0
412854,2928,0.0,0.0,1.0,2,1,1,1,1,0,1,0
413081,4966,0.0,4.0,0.0,6,3,2,2,3,0,1,2
413523,941,0.0,4.0,1.0,23,7,2,7,21,0,1,1
413580,141,0.0,3.0,1.0,55,35,4,4,52,0,3,0
413669,3665,0.0,3.0,1.0,10,3,2,1,9,0,1,0
413859,2014,0.0,2.0,0.0,12,2,1,4,10,0,1,1
414037,1203,0.0,4.0,0.0,14,6,3,2,13,0,1,0
414317,4044,0.0,3.0,0.0,1,1,1,1,0,0,1,0
414640,3828,0.0,4.0,1.0,11,4,2,1,10,0,1,0
415406,3687,0.0,0.0,null,4,1,1,1,3,0,1,0
415459,1944,0.0,6.0,0.0,3,1,1,1,2,0,1,0
415607,3828,0.0,4.0,2.0,11,8,2,3,10,0,1,0
415874,241,0.0,3.0,0.0,4,1,1,1,3,0,1,0
416077,4525,0.0,3.0,0.0,22,8,2,3,18,0,3,1
416389,2790,0.0,0.0,1.0,9,2,1,2,8,0,1,0
416472,738,0.0,5.0,1.0,2,1,1,1,1,0,1,0
41654,1552,0.0,4.0,0.0,3,1,1,1,2,0,1,0
41665,350,0.0,3.0,0.0,2,1,1,1,1,0,1,0
417224,3350,0.0,3.0,1.0,3,1,1,1,2,0,1,0
41781,4155,0.0,2.0,1.0,3,1,1,2,2,0,1,0
418067,3689,0.0,3.0,0.0,9,3,2,5,8,0,1,0
418341,1393,1.0,4.0,0.0,45,30,11,2,41,0,4,0
418566,3063,0.0,3.0,0.0,7,6,4,3,6,0,1,0
41895,3291,0.0,4.0,0.0,7,2,1,2,6,0,1,0
419308,2255,0.0,6.0,1.0,2,1,1,1,1,0,1,0
419333,3974,0.0,6.0,0.0,6,3,1,1,5,0,1,0
419572,3528,0.0,0.0,0.0,4,1,1,2,2,0,1,1
419834,310,0.0,6.0,1.0,33,4,3,7,31,0,1,1
420684,4468,0.0,3.0,0.0,3,1,1,1,2,0,1,0
420779,141,0.0,2.0,0.0,13,5,4,4,12,0,1,0
421184,2869,0.0,2.0,0.0,5,1,1,1,3,0,1,1
421396,4173,0.0,3.0,0.0,5,3,2,1,4,0,1,0
421821,1423,0.0,4.0,1.0,5,1,1,2,4,0,1,0
422166,2928,1.0,0.0,0.0,15,6,3,2,12,0,2,1
422883,3105,0.0,6.0,0.0,16,13,2,2,14,0,2,0
422934,643,0.0,6.0,0.0,4,3,2,1,3,0,1,0
423342,2397,0.0,5.0,0.0,14,6,4,4,11,0,1,2
42338,1918,0.0,3.0,1.0,8,3,1,3,7,0,1,0
42366,2143,1.0,3.0,1.0,1,1,1,1,0,0,1,0
43032,102,0.0,3.0,0.0,27,4,2,3,25,0,2,0
43393,3015,0.0,3.0,0.0,4,1,1,1,3,0,1,0
4363,4048,0.0,0.0,0.0,11,1,1,2,9,1,1,0
43722,2459,0.0,4.0,0.0,8,5,3,1,7,0,1,0
43801,1861,0.0,0.0,0.0,10,4,1,3,6,0,4,0
44128,3152,1.0,7.0,0.0,7,2,1,1,6,0,1,0
44342,1451,0.0,0.0,0.0,2,1,1,1,1,0,1,0
44754,3191,0.0,3.0,0.0,2,1,1,1,0,0,1,1
4522,4325,0.0,4.0,0.0,9,5,1,1,8,0,1,0
45357,872,0.0,0.0,0.0,3,1,1,1,2,0,1,0
45500,2149,0.0,3.0,0.0,9,2,1,2,7,0,1,1
45900,2662,0.0,6.0,1.0,21,8,1,2,20,0,1,0
45963,4044,0.0,3.0,1.0,16,2,1,2,14,0,1,1
46426,4043,1.0,5.0,0.0,2,1,1,1,1,0,1,0
46443,861,0.0,3.0,1.0,7,1,1,2,5,0,1,1
47176,4374,0.0,5.0,1.0,5,1,1,2,4,0,1,0
47268,514,0.0,4.0,0.0,3,2,1,1,2,0,1,0
47341,938,0.0,5.0,1.0,16,7,3,3,15,0,1,0
47439,4739,0.0,0.0,0.0,9,1,1,1,8,0,1,0
47579,2669,0.0,3.0,1.0,29,9,3,4,26,0,1,2
48864,2099,0.0,4.0,0.0,5,4,1,1,4,0,1,0
48867,4039,0.0,2.0,0.0,3,1,1,1,2,0,1,0
49009,2014,0.0,0.0,1.0,4,2,1,1,2,0,1,1
49095,310,0.0,0.0,1.0,14,8,5,2,13,0,1,0
49155,3085,0.0,4.0,0.0,13,3,1,3,9,0,1,3
49433,4783,0.0,5.0,0.0,6,1,1,1,5,0,1,0
49538,4427,0.0,3.0,1.0,13,2,1,5,11,0,1,1
49860,2108,0.0,0.0,0.0,5,3,2,2,4,0,1,0
50075,2746,0.0,2.0,0.0,7,2,1,1,6,0,1,0
5069,2669,0.0,0.0,1.0,1,1,1,1,0,0,1,0
50706,3826,0.0,2.0,0.0,1,1,1,1,0,0,1,0
51199,3472,0.0,0.0,1.0,10,1,1,3,9,0,1,0
51605,3227,0.0,4.0,0.0,3,1,1,1,2,0,1,0
51657,1489,0.0,6.0,1.0,2,1,1,1,0,0,2,0
51997,3650,1.0,4.0,0.0,8,5,1,1,7,0,1,0
52,4044,0.0,0.0,1.0,32,21,9,4,25,0,1,6
52197,2007,0.0,3.0,0.0,2,2,2,1,0,0,2,0
52569,133,0.0,3.0,0.0,4,2,1,1,3,0,1,0
52906,66,0.0,0.0,0.0,2,1,1,1,1,0,1,0
5324,4585,0.0,3.0,0.0,2,1,1,1,0,0,1,1
53825,4120,0.0,0.0,0.0,16,2,1,2,15,0,1,0
54065,1939,0.0,2.0,0.0,3,2,1,1,2,0,1,0
54951,1900,0.0,3.0,0.0,3,1,1,1,2,0,1,0
55306,594,0.0,null,null,20,8,6,2,18,0,2,0
55457,3160,0.0,0.0,0.0,20,7,3,3,17,0,1,2
55493,1892,0.0,4.0,0.0,40,18,5,3,37,0,3,0
55608,361,1.0,6.0,0.0,11,2,1,1,9,0,1,1
55783,952,0.0,4.0,2.0,5,2,2,1,3,0,2,0
56138,4173,0.0,6.0,0.0,15,2,1,2,14,0,1,0
56187,1447,0.0,4.0,0.0,26,2,2,2,23,0,1,2
56229,1923,0.0,6.0,0.0,3,2,2,1,2,0,1,0
56317,1470,0.0,2.0,0.0,3,1,1,1,2,0,1,0
57564,4005,0.0,null,null,5,1,1,2,4,0,1,0
57694,316,0.0,2.0,1.0,5,2,1,1,3,0,2,0
57848,1659,0.0,6.0,0.0,5,1,1,2,4,0,1,0
58483,2988,0.0,5.0,0.0,2,1,1,1,1,0,1,0
58593,2664,0.0,3.0,0.0,7,3,1,1,5,0,2,0
58622,1719,0.0,3.0,0.0,3,1,1,1,1,0,2,0
58900,4760,0.0,0.0,0.0,13,4,1,1,12,0,1,0
60058,4394,0.0,4.0,0.0,1,1,1,1,0,0,1,0
60489,2556,0.0,4.0,1.0,2,1,1,2,0,0,1,1
60597,219,0.0,4.0,0.0,4,1,1,2,2,0,2,0
61360,3828,0.0,4.0,0.0,10,2,2,3,7,0,1,2
61375,1056,0.0,4.0,1.0,47,20,9,3,40,0,7,0
61857,2194,0.0,3.0,0.0,4,2,1,1,3,0,1,0
61883,738,0.0,3.0,0.0,3,2,2,2,2,0,1,0
62139,2579,0.0,5.0,0.0,2,1,1,1,1,0,1,0
62158,1190,0.0,3.0,1.0,38,23,8,1,35,0,3,0
62263,1659,0.0,4.0,0.0,8,3,1,1,5,0,3,0
62280,2695,0.0,0.0,0.0,6,1,1,1,5,0,1,0
63262,3828,0.0,5.0,0.0,7,7,4,4,6,0,1,0
6370,1187,0.0,3.0,0.0,6,2,1,1,5,0,1,0
63802,323,0.0,4.0,1.0,2,1,1,1,0,0,1,1
63890,1467,0.0,3.0,0.0,4,1,1,1,3,0,1,0
6394,2072,0.0,2.0,0.0,3,1,1,2,2,0,1,0
64245,1923,0.0,6.0,1.0,9,4,2,2,8,0,1,0
64452,4282,1.0,3.0,1.0,31,19,11,2,30,0,1,0
64558,804,0.0,8.0,1.0,2,1,1,1,0,0,1,1
64612,1203,0.0,4.0,0.0,7,3,2,2,6,0,1,0
65281,1200,0.0,5.0,1.0,12,3,1,2,10,0,2,0
66079,1273,0.0,3.0,0.0,1,1,1,1,0,0,1,0
66780,3323,0.0,3.0,1.0,7,2,1,1,6,0,1,0
66797,2459,0.0,3.0,0.0,14,9,2,2,11,0,1,2
67398,503,1.0,3.0,0.0,13,7,2,5,11,0,1,1
67585,1892,0.0,2.0,0.0,38,22,7,1,31,0,7,0
67691,1102,0.0,4.0,1.0,13,10,4,1,12,0,1,0
68276,4282,0.0,3.0,0.0,1,1,1,1,0,0,1,0
68799,2205,0.0,2.0,0.0,2,1,1,2,0,0,1,1
68824,798,0.0,4.0,1.0,2,2,2,2,0,0,1,1
69242,1724,0.0,3.0,0.0,8,2,2,1,7,0,1,0
69926,682,0.0,3.0,0.0,1,1,1,1,0,0,1,0
70303,361,0.0,4.0,0.0,9,6,2,1,7,0,1,1
71141,2821,0.0,6.0,1.0,1,1,1,1,0,0,1,0
71259,1093,0.0,7.0,0.0,14,3,1,1,12,0,2,0
71318,842,0.0,2.0,0.0,17,8,4,2,9,0,8,0
71363,200,0.0,5.0,0.0,2,1,1,1,1,0,1,0
71816,2031,0.0,4.0,0.0,10,4,1,1,9,0,1,0
72144,4079,0.0,7.0,0.0,1,1,1,1,0,0,1,0
72493,1557,0.0,3.0,0.0,5,3,1,1,3,0,2,0
72819,606,0.0,3.0,0.0,80,42,6,1,79,0,1,0
72829,4976,1.0,3.0,0.0,6,2,1,3,4,0,1,1
73333,4976,0.0,5.0,0.0,2,1,1,1,1,0,1,0
73462,2099,0.0,5.0,1.0,46,16,8,6,44,0,2,0
73590,1102,0.0,4.0,0.0,170,50,3,3,159,0,2,9
7408,2273,0.0,5.0,0.0,2,1,1,1,1,0,1,0
74440,586,1.0,4.0,0.0,119,42,5,6,108,0,5,6
75182,3152,0.0,6.0,0.0,30,6,1,4,20,0,6,4
76479,3965,0.0,7.0,1.0,8,1,1,1,7,0,1,0
7734,3444,0.0,0.0,1.0,3,1,1,1,2,0,1,0
77458,2070,0.0,3.0,null,11,3,1,3,10,0,1,0
77598,3536,0.0,3.0,0.0,3,1,1,1,2,0,1,0
77729,4209,0.0,2.0,0.0,2,1,1,1,1,0,1,0
77993,855,0.0,4.0,0.0,7,1,1,2,6,0,1,0
78077,2138,0.0,3.0,1.0,1,1,1,1,0,0,1,0
78831,1679,1.0,5.0,0.0,43,13,5,8,38,0,3,2
78836,3968,0.0,4.0,1.0,3,1,1,1,2,0,1,0
78848,1102,0.0,3.0,0.0,9,5,2,4,8,0,1,0
79932,4394,1.0,5.0,0.0,18,8,1,2,17,0,1,0
80064,1356,0.0,4.0,1.0,15,5,1,3,13,0,1,1
80113,798,0.0,3.0,0.0,52,21,11,3,47,0,5,0
80715,4605,1.0,4.0,0.0,11,4,4,1,7,0,4,0
80817,474,0.0,4.0,0.0,22,12,10,1,14,0,8,0
80938,3473,0.0,2.0,0.0,5,1,1,1,4,0,1,0
81006,1111,0.0,6.0,0.0,7,1,1,1,6,0,1,0
81046,598,0.0,2.0,null,9,4,2,1,8,0,1,0
81243,4325,0.0,0.0,2.0,4,2,1,2,3,0,1,0
81334,467,0.0,2.0,1.0,11,5,2,4,9,0,1,1
82039,3108,0.0,0.0,0.0,5,1,1,1,4,0,1,0
82774,3578,0.0,4.0,0.0,2,1,1,1,1,0,1,0
82821,4483,0.0,6.0,0.0,1,1,1,1,0,0,1,0
83200,4698,0.0,0.0,0.0,9,4,3,1,7,0,2,0
83464,3022,0.0,0.0,null,6,4,3,1,3,0,3,0
83826,4818,0.0,2.0,1.0,32,16,7,8,31,0,1,0
84664,4079,0.0,0.0,0.0,2,1,1,1,1,0,1,0
85147,1968,0.0,2.0,0.0,5,3,3,1,3,0,2,0
86017,3263,0.0,3.0,0.0,33,16,6,3,31,0,2,0
86154,2714,0.0,4.0,1.0,5,1,1,1,4,0,1,0
86363,2318,0.0,4.0,0.0,6,3,1,1,5,0,1,0
8652,4090,0.0,4.0,1.0,2,1,1,1,1,0,1,0
86929,1760,0.0,3.0,0.0,2,1,1,1,1,0,1,0
8704,1485,0.0,4.0,0.0,29,15,5,2,24,0,5,0
87390,3955,0.0,3.0,0.0,2,1,1,1,1,0,1,0
87481,4850,0.0,5.0,0.0,7,3,3,2,4,0,3,0
87625,1890,0.0,6.0,0.0,1,1,1,1,0,0,1,0
87657,1565,1.0,4.0,1.0,3,2,1,1,2,0,1,0
88334,860,0.0,3.0,0.0,6,3,2,1,5,0,1,0
88735,2834,0.0,0.0,null,47,26,9,7,37,0,2,8
89315,3619,0.0,3.0,0.0,4,2,2,1,3,0,1,0
8934,908,0.0,4.0,0.0,3,2,1,1,2,0,1,0
89637,1379,0.0,6.0,0.0,3,1,1,1,2,0,1,0
9013,794,0.0,4.0,0.0,4,1,1,4,2,0,1,1
90211,4044,0.0,3.0,1.0,3,1,1,1,2,0,1,0
90274,2537,0.0,0.0,0.0,30,6,4,3,26,2,2,0
91136,738,0.0,2.0,0.0,4,1,1,1,2,0,2,0
91266,13,0.0,0.0,null,16,3,1,1,15,0,1,0
91980,3912,0.0,0.0,0.0,4,2,2,1,2,0,2,0
92012,500,1.0,3.0,0.0,8,1,1,1,7,0,1,0
9210,3541,0.0,3.0,0.0,1,1,1,1,0,0,1,0
92436,2273,0.0,4.0,1.0,11,3,1,3,10,0,1,0
92562,4512,0.0,3.0,0.0,4,4,2,1,0,0,3,1
92785,3609,0.0,6.0,0.0,21,6,1,1,19,0,1,1
93083,361,0.0,4.0,0.0,10,2,1,3,8,0,1,1
93345,4336,0.0,0.0,0.0,5,4,1,1,4,0,1,0
9393,4864,1.0,0.0,1.0,2,1,1,1,1,0,1,0
94136,1978,0.0,3.0,0.0,6,1,1,1,5,0,1,0
94413,4044,1.0,2.0,0.0,21,10,6,8,9,0,2,10
95330,4145,0.0,3.0,0.0,10,2,1,3,8,0,1,1
95667,121,0.0,6.0,0.0,32,13,2,5,30,0,1,1
95775,2895,0.0,0.0,1.0,11,4,3,1,9,0,1,1
96139,2173,0.0,7.0,1.0,1,1,1,1,0,0,1,0
96245,4616,0.0,6.0,0.0,4,1,1,2,3,0,1,0
96539,3420,0.0,2.0,0.0,16,3,3,2,15,0,1,0
97047,2435,0.0,4.0,1.0,1,1,1,1,0,0,1,0
97732,1116,0.0,5.0,0.0,12,3,2,2,9,0,3,0
97885,798,0.0,8.0,0.0,34,11,6,4,32,0,2,0
98176,4783,0.0,0.0,0.0,3,1,1,2,2,0,1,0
98272,4985,0.0,3.0,1.0,7,4,1,1,6,0,1,0
99062,3090,0.0,2.0,0.0,10,3,2,2,8,0,1,1
99182,4976,1.0,4.0,1.0,92,44,9,16,87,0,1,4
