100362,2971,0.0,2.0,null,5,1,1,1,4,0,1,0
100555,4864,0.0,0.0,0.0,4,1,1,1,3,0,1,0
100615,2124,0.0,4.0,0.0,25,22,2,5,24,0,1,0
100642,159,0.0,3.0,2.0,6,2,2,3,5,0,1,0
100768,2537,0.0,4.0,1.0,5,3,2,3,4,0,1,0
101279,2668,0.0,2.0,0.0,2,1,1,1,0,0,1,1
101346,1102,0.0,3.0,0.0,4,2,2,1,3,0,1,0
10170,2545,0.0,0.0,1.0,1,1,1,1,0,0,1,0
101800,2545,0.0,3.0,1.0,48,19,10,3,46,0,2,0
101810,3630,0.0,5.0,0.0,35,21,2,7,34,0,1,0
102159,643,0.0,0.0,0.0,2,1,1,1,1,0,1,0
102846,1133,0.0,2.0,0.0,9,3,2,2,7,0,2,0
103047,3585,0.0,4.0,0.0,29,9,2,2,24,0,2,3
103501,2769,0.0,4.0,0.0,2,1,1,1,1,0,1,0
104219,3971,0.0,4.0,0.0,3,1,1,1,2,0,1,0
104640,3984,0.0,4.0,0.0,5,2,1,2,4,0,1,0
104804,2791,0.0,2.0,1.0,11,3,1,2,9,0,1,1
10490,2318,0.0,null,null,2,1,1,1,1,0,1,0
105130,1939,0.0,3.0,0.0,6,3,2,2,3,0,3,0
105766,689,0.0,0.0,1.0,5,1,1,1,4,0,1,0
106331,3168,1.0,2.0,1.0,14,5,2,3,11,0,1,2
106785,3779,0.0,2.0,null,5,2,1,2,4,0,1,0
107078,2664,0.0,5.0,0.0,4,3,2,2,1,0,3,0
107242,2680,0.0,4.0,0.0,3,1,1,3,1,0,1,1
107253,2318,0.0,5.0,1.0,2,1,1,1,1,0,1,0
108622,386,0.0,5.0,0.0,4,3,1,1,0,0,4,0
108713,514,0.0,4.0,0.0,9,5,2,1,8,0,1,0
108790,798,0.0,0.0,0.0,2,1,1,1,1,0,1,0
109049,3176,0.0,4.0,0.0,2,1,1,1,1,0,1,0
109281,2562,0.0,6.0,0.0,3,1,1,1,2,0,1,0
109465,933,0.0,0.0,0.0,2,1,1,1,1,0,1,0
109761,1816,0.0,4.0,0.0,2,1,1,1,1,0,1,0
110190,4950,0.0,3.0,0.0,2,1,1,1,1,0,1,0
110278,2879,0.0,2.0,0.0,4,1,1,2,2,0,2,0
110357,4848,0.0,0.0,0.0,6,1,1,2,5,0,1,0
110547,3623,0.0,0.0,0.0,6,1,1,2,4,1,1,0
110738,3529,0.0,0.0,0.0,2,2,2,1,1,0,1,0
111232,1272,0.0,0.0,0.0,10,9,4,1,9,0,1,0
11144,1514,0.0,6.0,1.0,1,1,1,1,0,0,1,0
111483,2273,0.0,4.0,0.0,6,1,1,2,4,0,1,1
111509,684,0.0,0.0,0.0,5,3,1,1,4,0,1,0
111810,2545,0.0,0.0,0.0,107,41,12,5,102,0,3,2
111919,3129,0.0,2.0,1.0,7,3,1,1,6,0,1,0
11231,4015,0.0,6.0,1.0,2,1,1,1,1,0,1,0
112667,2592,0.0,3.0,1.0,7,4,2,2,6,0,1,0
112875,4584,0.0,0.0,0.0,8,2,1,1,7,0,1,0
113497,314,0.0,0.0,0.0,18,7,4,2,15,0,1,2
11361,2608,0.0,0.0,1.0,7,2,1,1,6,0,1,0
113739,4281,0.0,3.0,0.0,4,1,1,1,3,0,1,0
113745,4756,0.0,5.0,0.0,7,4,1,3,6,0,1,0
11392,2145,0.0,3.0,0.0,2,1,1,1,1,0,1,0
114075,639,0.0,0.0,1.0,7,1,1,1,6,0,1,0
114564,3376,0.0,4.0,0.0,14,7,1,4,13,0,1,0
115176,4534,1.0,2.0,0.0,9,6,5,2,8,0,1,0
115451,868,0.0,4.0,0.0,1,1,1,1,0,0,1,0
115884,2482,0.0,2.0,0.0,3,1,1,2,1,0,1,1
116468,1203,0.0,5.0,0.0,11,5,4,2,8,0,3,0
116651,3971,0.0,2.0,0.0,11,4,1,3,8,0,1,2
116713,1281,0.0,4.0,2.0,2,1,1,1,1,0,1,0
116779,3376,0.0,2.0,0.0,12,7,1,2,11,0,1,0
117196,2002,0.0,3.0,0.0,4,1,1,1,3,0,1,0
117595,1049,0.0,6.0,0.0,21,4,3,3,16,0,3,2
11814,3105,0.0,2.0,0.0,1,1,1,1,0,0,1,0
118538,190,0.0,0.0,0.0,3,1,1,1,2,0,1,0
118577,2767,0.0,4.0,0.0,3,1,1,1,2,0,1,0
11872,682,0.0,2.0,0.0,9,3,2,4,7,0,1,1
118748,1102,0.0,5.0,0.0,31,23,9,3,26,0,4,1
118949,3191,0.0,0.0,0.0,2,1,1,1,1,0,1,0
119093,2565,0.0,2.0,0.0,4,1,1,1,3,0,1,0
119690,1840,1.0,5.0,0.0,2,2,1,1,1,0,1,0
119697,1487,0.0,3.0,0.0,21,5,1,5,17,0,1,3
119756,2325,0.0,0.0,0.0,5,3,1,2,4,0,1,0
120488,219,0.0,2.0,1.0,10,2,1,1,8,0,2,0
120851,3905,0.0,0.0,0.0,1,1,1,1,0,0,1,0
121612,715,0.0,0.0,0.0,23,13,3,2,22,0,1,0
122840,794,0.0,4.0,0.0,3,2,1,1,2,0,1,0
123082,2193,0.0,2.0,0.0,2,1,1,1,1,0,1,0
123206,3609,0.0,3.0,0.0,3,1,1,2,1,0,2,0
123220,3662,0.0,4.0,1.0,14,5,4,1,13,0,1,0
123488,3956,1.0,0.0,0.0,25,18,12,3,8,0,5,12
124097,3624,0.0,0.0,1.0,7,2,1,3,6,0,1,0
125038,215,0.0,3.0,0.0,1,1,1,1,0,0,1,0
125365,951,0.0,3.0,0.0,1,1,1,1,0,0,1,0
125507,1049,0.0,0.0,0.0,4,1,1,2,2,0,1,1
1257,2721,0.0,5.0,0.0,5,1,1,2,4,0,1,0
125755,1464,0.0,0.0,0.0,11,3,1,1,10,0,1,0
125793,1487,0.0,3.0,0.0,23,10,1,2,21,0,1,1
126034,3350,0.0,3.0,1.0,2,1,1,1,1,0,1,0
126044,2768,0.0,5.0,0.0,5,2,1,1,4,0,1,0
126316,297,0.0,3.0,0.0,1,1,1,1,0,0,1,0
126383,124,0.0,3.0,1.0,5,1,1,1,4,0,1,0
126413,2242,0.0,5.0,1.0,3,2,2,1,1,0,2,0
126702,1346,0.0,4.0,0.0,9,4,1,4,8,0,1,0
127857,4760,1.0,3.0,0.0,15,6,2,1,12,0,1,2
128402,2030,0.0,0.0,1.0,4,1,1,2,3,0,1,0
128837,586,0.0,5.0,0.0,7,5,1,1,5,0,2,0
128861,2275,0.0,0.0,1.0,4,2,1,1,3,0,1,0
129122,3410,0.0,4.0,0.0,4,2,1,2,3,0,1,0
129412,2602,0.0,4.0,0.0,7,4,3,2,4,0,2,1
130516,1401,0.0,3.0,0.0,12,5,2,2,10,0,1,1
130676,2138,0.0,3.0,0.0,5,2,1,2,4,0,1,0
130740,606,0.0,5.0,0.0,3,2,1,1,2,0,1,0
130836,4955,0.0,3.0,0.0,3,1,1,1,2,0,1,0
131422,437,0.0,4.0,0.0,3,1,1,1,2,0,1,0
131505,4966,0.0,4.0,0.0,4,3,1,1,3,0,1,0
131793,4847,0.0,3.0,0.0,2,1,1,1,1,0,1,0
132012,4605,0.0,4.0,0.0,6,1,1,1,5,0,1,0
132110,4450,0.0,0.0,0.0,13,3,2,4,11,0,1,1
132240,2138,0.0,4.0,2.0,4,1,1,2,3,0,1,0
132540,4173,1.0,3.0,0.0,2,1,1,1,1,0,1,0
132573,4950,1.0,4.0,0.0,2,1,1,2,0,0,1,1
133232,1495,0.0,4.0,0.0,20,9,3,1,18,0,2,0
133800,1653,0.0,6.0,1.0,28,6,3,2,27,0,1,0
133846,4539,0.0,2.0,0.0,10,2,1,3,7,1,1,1
134047,1102,0.0,6.0,1.0,1,1,1,1,0,0,1,0
134279,4571,0.0,3.0,0.0,6,1,1,3,5,0,1,0
134309,4919,0.0,3.0,0.0,18,6,5,2,14,0,3,1
134499,1071,0.0,4.0,0.0,8,2,2,2,6,0,1,1
134634,1491,0.0,0.0,0.0,1,1,1,1,0,0,1,0
134818,2066,0.0,3.0,0.0,9,4,1,2,8,0,1,0
13532,3892,0.0,3.0,2.0,3,2,1,2,2,0,1,0
135536,606,0.0,5.0,0.0,14,9,5,3,4,0,1,9
135719,4765,0.0,2.0,0.0,5,1,1,3,3,0,1,1
135735,2403,0.0,4.0,1.0,19,12,2,2,17,0,2,0
136249,2482,0.0,3.0,0.0,11,5,4,3,7,0,3,1
137084,2193,0.0,6.0,0.0,3,1,1,2,2,0,1,0
137471,1102,0.0,0.0,0.0,2,1,1,1,1,0,1,0
137480,4864,0.0,0.0,0.0,15,8,3,2,13,0,2,0
137493,684,0.0,7.0,0.0,12,3,1,6,11,0,1,0
137541,3585,0.0,4.0,1.0,27,13,2,5,23,0,1,3
137768,3355,0.0,0.0,0.0,7,2,2,3,6,0,1,0
13780,4079,0.0,4.0,0.0,3,1,1,1,1,0,2,0
137910,2765,0.0,3.0,0.0,9,2,1,2,8,0,1,0
13816,2138,0.0,2.0,0.0,4,1,1,3,3,0,1,0
138243,1102,0.0,4.0,1.0,6,4,4,1,4,0,2,0
138884,1056,0.0,3.0,0.0,17,10,3,2,16,0,1,0
139073,1618,0.0,5.0,0.0,4,1,1,2,3,0,1,0
139159,923,0.0,3.0,0.0,28,12,6,3,27,0,1,0
13977,2454,0.0,3.0,0.0,2,1,1,1,1,0,1,0
140185,2970,0.0,6.0,0.0,5,1,1,1,3,0,1,1
140659,4846,0.0,4.0,0.0,1,1,1,1,0,0,1,0
140847,2662,0.0,6.0,1.0,1,1,1,1,0,0,1,0
140900,503,0.0,7.0,0.0,1,1,1,1,0,0,1,0
141023,4966,0.0,4.0,0.0,2,1,1,1,1,0,1,0
141111,3448,0.0,3.0,0.0,2,1,1,1,1,0,1,0
141265,2536,0.0,3.0,0.0,4,1,1,1,3,0,1,0
1413,2664,0.0,6.0,0.0,30,18,2,2,27,0,2,1
141907,3609,0.0,6.0,0.0,15,10,1,1,14,0,1,0
142353,219,0.0,4.0,0.0,18,5,1,7,15,0,1,2
143070,4043,0.0,3.0,0.0,13,8,5,3,11,0,2,0
143196,191,0.0,3.0,0.0,1,1,1,1,0,0,1,0
143416,66,0.0,3.0,1.0,10,2,1,1,9,0,1,0
143583,3108,0.0,6.0,0.0,2,1,1,1,1,0,1,0
143634,1768,0.0,3.0,1.0,2,1,1,1,1,0,1,0
143681,1378,0.0,4.0,1.0,3,1,1,2,1,0,1,1
143898,3990,0.0,3.0,0.0,4,1,1,1,3,0,1,0
144150,2952,0.0,4.0,1.0,1,1,1,1,0,0,1,0
144225,2482,0.0,2.0,null,3,1,1,2,1,1,1,0
144454,1875,1.0,6.0,0.0,19,9,3,1,16,0,3,0
144729,2918,0.0,3.0,1.0,4,1,1,1,3,0,1,0
144839,4402,0.0,6.0,0.0,11,6,2,4,8,0,3,0
145028,588,1.0,2.0,0.0,11,1,1,1,8,0,2,1
145477,1470,0.0,3.0,0.0,2,1,1,1,1,0,1,0
145953,1346,0.0,3.0,0.0,2,1,1,1,1,0,1,0
146271,148,0.0,3.0,0.0,12,4,3,2,10,0,2,0
146854,2928,0.0,4.0,0.0,1,1,1,1,0,0,1,0
146910,2052,0.0,0.0,0.0,19,2,1,2,17,0,1,1
146975,2224,0.0,3.0,0.0,12,4,1,2,10,0,1,1
147314,3289,0.0,4.0,1.0,25,9,5,2,23,0,2,0
147366,4346,0.0,2.0,0.0,4,2,1,1,3,0,1,0
147692,794,0.0,6.0,0.0,15,11,2,3,14,0,1,0
147772,2981,0.0,2.0,0.0,9,1,1,2,7,0,1,1
147807,786,0.0,2.0,0.0,10,3,1,4,9,0,1,0
147954,4044,1.0,3.0,0.0,115,78,13,13,110,0,1,4
148164,1565,0.0,3.0,1.0,12,3,1,1,8,0,4,0
148289,4140,0.0,4.0,0.0,20,16,2,5,19,0,1,0
148571,2454,0.0,0.0,0.0,4,1,1,1,2,0,2,0
14871,416,0.0,5.0,1.0,8,4,3,2,6,1,1,0
148877,3266,0.0,4.0,0.0,3,1,1,1,2,0,1,0
149015,4372,0.0,2.0,1.0,1,1,1,1,0,0,1,0
149102,3476,0.0,4.0,0.0,5,2,1,3,4,0,1,0
149428,4280,0.0,2.0,0.0,5,4,1,4,0,0,2,3
150307,2936,0.0,3.0,0.0,3,1,1,2,1,0,1,1
150340,2904,0.0,3.0,0.0,4,2,1,2,1,0,1,2
150483,4659,0.0,3.0,0.0,5,3,1,1,3,0,2,0
150776,1500,0.0,3.0,1.0,17,7,2,1,15,0,1,1
150893,2397,0.0,4.0,0.0,38,16,4,2,34,0,1,3
150981,3349,0.0,6.0,0.0,105,18,2,23,97,0,1,7
151351,1816,0.0,3.0,0.0,4,1,1,1,3,0,1,0
151465,594,0.0,6.0,0.0,1,1,1,1,0,0,1,0
151479,2582,0.0,2.0,1.0,9,4,2,1,8,0,1,0
151490,3839,0.0,4.0,1.0,16,11,2,3,15,0,1,0
151665,1520,0.0,0.0,0.0,8,1,1,2,6,0,1,1
151671,323,0.0,6.0,2.0,7,1,1,3,5,0,1,1
15199,4072,1.0,0.0,0.0,15,5,2,1,12,0,2,1
152108,4049,0.0,5.0,0.0,2,1,1,1,1,0,1,0
152194,1650,0.0,2.0,1.0,12,2,2,1,9,0,3,0
152382,2721,0.0,3.0,0.0,6,4,1,1,5,0,1,0
152527,1102,0.0,2.0,0.0,12,4,1,3,9,0,1,2
15258,1223,0.0,5.0,0.0,5,2,1,1,4,0,1,0
15291,2565,0.0,3.0,1.0,6,4,1,2,5,0,1,0
153142,1031,0.0,4.0,1.0,5,1,1,1,4,0,1,0
153395,2582,0.0,0.0,1.0,2,1,1,1,0,0,1,1
153662,1968,0.0,2.0,1.0,2,1,1,1,1,0,1,0
153762,4919,0.0,6.0,0.0,20,8,5,1,16,0,3,1
153978,3152,0.0,0.0,0.0,3,1,1,1,2,0,1,0
15426,1978,0.0,0.0,0.0,2,1,1,2,1,0,1,0
154450,3444,0.0,3.0,0.0,31,3,2,3,30,0,1,0
154454,1679,1.0,3.0,0.0,17,4,3,2,15,1,1,0
154935,639,0.0,4.0,1.0,3,1,1,1,2,0,1,0
155352,2608,0.0,0.0,0.0,8,1,1,3,6,0,1,1
155412,2447,0.0,0.0,0.0,2,1,1,1,1,0,1,0
155423,2138,1.0,0.0,0.0,2,1,1,1,1,0,1,0
155424,3986,0.0,3.0,1.0,1,1,1,1,0,0,1,0
155439,611,0.0,5.0,0.0,19,10,1,1,17,0,2,0
15548,2273,1.0,0.0,0.0,7,4,1,1,6,0,1,0
155672,4968,0.0,3.0,0.0,5,1,1,2,4,0,1,0
15629,3014,0.0,3.0,0.0,6,2,1,1,5,0,1,0
15756,608,0.0,5.0,0.0,16,5,2,4,15,0,1,0
158423,1618,0.0,5.0,0.0,30,13,4,6,29,0,1,0
158539,1483,0.0,6.0,0.0,3,1,1,1,2,0,1,0
158607,1056,0.0,4.0,0.0,11,5,3,3,10,0,1,0
15902,2630,0.0,6.0,1.0,3,1,1,1,2,0,1,0
159121,2217,0.0,3.0,2.0,1,1,1,1,0,0,1,0
159254,2313,0.0,3.0,1.0,9,4,2,2,7,0,1,1
159307,587,0.0,5.0,0.0,2,1,1,1,1,0,1,0
159318,534,0.0,6.0,0.0,1,1,1,1,0,0,1,0
159955,4044,0.0,2.0,0.0,12,4,2,2,11,0,1,0
160026,3828,1.0,3.0,0.0,28,22,11,5,27,0,1,0
160361,1557,0.0,2.0,1.0,22,1,1,3,21,0,1,0
160654,1983,0.0,0.0,0.0,2,1,1,1,1,0,1,0
160792,1923,0.0,3.0,1.0,4,2,2,1,3,0,1,0
161704,3266,0.0,3.0,1.0,2,1,1,1,1,0,1,0
161937,4394,0.0,6.0,0.0,4,2,1,2,3,0,1,0
162078,1538,0.0,2.0,0.0,18,6,1,2,12,0,1,5
162118,2,0.0,4.0,0.0,4,1,1,2,2,0,1,1
162388,2981,0.0,3.0,0.0,19,5,2,4,16,0,1,2
162575,594,0.0,2.0,0.0,45,15,6,3,42,0,3,0
163267,927,0.0,2.0,1.0,11,2,1,1,10,0,1,0
163477,2594,1.0,5.0,1.0,37,30,10,7,36,0,1,0
164165,3982,0.0,6.0,1.0,5,1,1,2,4,0,1,0
164297,2435,0.0,2.0,0.0,28,7,3,2,25,0,3,0
164436,2031,0.0,4.0,0.0,1,1,1,1,0,0,1,0
165350,4601,0.0,5.0,0.0,6,3,3,1,3,0,3,0
16540,416,0.0,0.0,0.0,3,3,1,2,2,0,1,0
165566,48,0.0,3.0,1.0,6,3,1,1,5,0,1,0
165891,1272,0.0,6.0,0.0,1,1,1,1,0,0,1,0
165904,1022,0.0,0.0,0.0,8,5,1,1,6,0,2,0
165934,3828,0.0,3.0,0.0,9,3,3,4,7,0,1,1
166153,2102,0.0,2.0,2.0,2,1,1,1,0,0,1,1
166433,3022,0.0,0.0,0.0,3,1,1,1,2,0,1,0
166493,4976,0.0,3.0,null,5,2,1,2,4,0,1,0
166824,4981,0.0,0.0,1.0,3,1,1,2,2,0,1,0
167045,343,0.0,4.0,0.0,13,3,3,3,12,0,1,0
167234,3170,0.0,2.0,0.0,30,10,2,1,28,0,2,0
167521,786,0.0,2.0,0.0,11,3,1,2,10,0,1,0
167609,2935,0.0,3.0,0.0,3,1,1,1,2,0,1,0
167738,2916,0.0,3.0,1.0,9,3,1,2,8,0,1,0
167859,2108,0.0,4.0,1.0,6,1,1,1,5,0,1,0
16868,3828,0.0,0.0,2.0,96,81,19,14,93,0,3,0
168707,4976,0.0,4.0,2.0,19,7,3,1,16,0,3,0
169461,1784,0.0,6.0,0.0,3,3,2,1,1,0,2,0
170109,1454,0.0,0.0,0.0,7,2,2,1,6,0,1,0
170482,311,0.0,2.0,1.0,14,6,4,1,8,0,6,0
171743,4847,0.0,4.0,0.0,3,1,1,1,2,0,1,0
172330,2565,1.0,4.0,1.0,4,1,1,1,3,0,1,0
172675,3955,0.0,2.0,0.0,2,1,1,2,0,0,1,1
172734,2158,0.0,3.0,2.0,6,3,1,2,5,0,1,0
172970,1103,0.0,3.0,0.0,10,4,1,2,9,0,1,0
17322,4078,0.0,3.0,2.0,3,1,1,1,2,0,1,0
173439,3753,0.0,2.0,1.0,4,1,1,1,3,0,1,0
173585,3693,0.0,5.0,1.0,6,1,1,4,5,0,1,0
173956,606,0.0,2.0,0.0,19,9,4,2,18,0,1,0
174444,2821,0.0,null,null,20,2,2,4,15,0,2,3
174793,2273,0.0,3.0,2.0,3,1,1,1,2,0,1,0
174848,731,0.0,4.0,0.0,11,1,1,3,9,1,1,0
175132,3289,0.0,4.0,0.0,5,2,1,2,4,0,1,0
17515,4044,1.0,3.0,0.0,41,20,7,11,32,0,1,8
175273,2275,0.0,3.0,0.0,3,1,1,1,2,0,1,0
175415,4847,1.0,5.0,0.0,4,3,2,3,2,0,2,0
175587,598,0.0,2.0,1.0,37,15,5,5,34,0,1,2
175909,2149,0.0,3.0,1.0,8,1,1,1,7,0,1,0
176155,2876,0.0,3.0,0.0,23,11,2,4,19,0,3,1
176563,4270,0.0,2.0,0.0,5,2,2,2,4,0,1,0
176611,1310,0.0,0.0,1.0,4,1,1,1,3,0,1,0
176900,3828,0.0,3.0,1.0,30,22,6,5,28,0,2,0
177595,3323,0.0,3.0,1.0,4,1,1,2,3,0,1,0
177682,2810,0.0,4.0,2.0,3,1,1,1,2,0,1,0
177881,1520,0.0,0.0,0.0,8,2,1,2,7,0,1,0
177890,156,0.0,0.0,null,2,1,1,1,1,0,1,0
177972,4044,0.0,3.0,0.0,18,5,3,2,17,0,1,0
178068,4044,0.0,5.0,1.0,3,3,2,2,2,0,1,0
17842,1760,0.0,3.0,0.0,3,2,1,1,2,0,1,0
178706,3955,0.0,0.0,0.0,11,7,4,2,9,1,1,0
178928,4112,0.0,5.0,0.0,5,3,1,1,3,0,2,0
179444,3609,0.0,5.0,1.0,6,1,1,1,5,0,1,0
179811,2459,0.0,3.0,0.0,8,1,1,1,7,0,1,0
179861,4744,0.0,2.0,1.0,3,2,2,1,2,0,1,0
179947,1049,0.0,2.0,1.0,6,1,1,1,5,0,1,0
180343,606,0.0,3.0,0.0,55,33,9,4,49,0,2,4
180382,4534,0.0,0.0,0.0,5,2,2,1,4,0,1,0
180767,2954,0.0,3.0,0.0,3,1,1,1,2,0,1,0
181183,4618,0.0,6.0,0.0,9,1,1,3,7,0,1,1
18203,3286,0.0,3.0,1.0,6,1,1,1,5,0,1,0
182788,608,0.0,0.0,0.0,8,5,2,1,7,0,1,0
183918,3541,0.0,0.0,0.0,1,1,1,1,0,0,1,0
184220,3826,0.0,2.0,1.0,6,2,1,1,4,0,2,0
184294,4992,0.0,3.0,0.0,5,1,1,1,4,0,1,0
184338,4966,0.0,4.0,0.0,3,1,1,1,2,0,1,0
184356,4744,0.0,2.0,0.0,7,2,2,1,4,0,3,0
184633,1347,0.0,3.0,0.0,5,1,1,1,4,0,1,0
185280,3865,0.0,3.0,0.0,6,1,1,1,4,0,2,0
185384,3898,0.0,0.0,0.0,2,1,1,1,1,0,1,0
185801,1496,0.0,4.0,0.0,7,2,1,1,6,0,1,0
185941,120,0.0,null,null,8,1,1,1,3,0,5,0
186878,1557,1.0,4.0,1.0,24,15,6,3,19,0,5,0
187014,2915,0.0,0.0,0.0,2,2,2,1,0,0,2,0
187180,798,0.0,2.0,0.0,42,10,6,6,38,0,1,3
18733,1760,0.0,3.0,0.0,2,1,1,1,1,0,1,0
187640,4186,0.0,3.0,1.0,14,4,1,2,13,0,1,0
187810,2918,0.0,3.0,0.0,6,1,1,1,4,0,1,1
187815,4705,0.0,2.0,0.0,2,1,1,1,0,0,2,0
187995,1122,0.0,5.0,1.0,2,1,1,1,1,0,1,0
188033,2565,0.0,4.0,0.0,18,12,2,1,16,1,1,0
18870,2836,0.0,7.0,0.0,7,1,1,2,6,0,1,0
188717,1102,0.0,3.0,0.0,21,8,3,4,19,0,1,1
188856,897,0.0,0.0,0.0,2,1,1,1,1,0,1,0
189031,798,0.0,0.0,1.0,4,2,2,2,3,0,1,0
189433,2082,0.0,0.0,0.0,45,21,4,11,41,0,1,3
189913,1102,0.0,3.0,0.0,8,2,1,3,7,0,1,0
190223,133,0.0,3.0,0.0,4,1,1,1,3,0,1,0
190833,4196,0.0,3.0,1.0,3,1,1,1,2,0,1,0
1913,4427,0.0,0.0,0.0,1,1,1,1,0,0,1,0
191728,1724,0.0,0.0,0.0,1,1,1,1,0,0,1,0
191943,4385,0.0,0.0,0.0,14,4,2,1,12,0,2,0
192909,41,0.0,6.0,1.0,4,1,1,2,2,0,1,1
192988,1200,0.0,3.0,0.0,3,1,1,1,1,0,2,0
193380,4499,0.0,0.0,0.0,4,1,1,2,3,0,1,0
193677,1342,0.0,2.0,1.0,3,1,1,2,2,0,1,0
193801,2710,0.0,4.0,1.0,4,2,1,1,2,0,2,0
193941,4049,0.0,3.0,1.0,2,1,1,1,1,0,1,0
193988,141,0.0,6.0,0.0,9,4,1,2,5,0,4,0
194199,4137,0.0,3.0,1.0,2,1,1,1,1,0,1,0
19437,4504,0.0,4.0,1.0,1,1,1,1,0,0,1,0
194422,1749,0.0,3.0,1.0,19,11,8,1,16,0,3,0
19447,1520,0.0,3.0,0.0,5,1,1,1,4,0,1,0
194588,472,0.0,3.0,0.0,10,3,1,1,8,0,2,0
194878,2900,1.0,5.0,1.0,4,1,1,1,3,0,1,0
195325,4829,0.0,3.0,0.0,3,1,1,2,1,0,1,1
195518,3734,0.0,3.0,0.0,27,16,3,1,26,0,1,0
195596,1851,0.0,3.0,0.0,11,3,2,1,10,0,1,0
195646,3545,0.0,5.0,1.0,4,1,1,1,3,0,1,0
19595,3984,0.0,6.0,0.0,6,4,3,2,4,0,2,0
196025,4648,0.0,3.0,1.0,3,1,1,1,2,0,1,0
196531,4687,0.0,2.0,1.0,5,1,1,1,4,0,1,0
196562,4249,0.0,2.0,1.0,4,1,1,2,3,0,1,0
196853,740,0.0,5.0,1.0,8,1,1,6,7,0,1,0
197003,4282,0.0,3.0,1.0,29,17,7,2,26,0,3,0
197584,4173,0.0,3.0,0.0,19,13,3,3,18,0,1,0
197761,112,0.0,4.0,1.0,6,3,3,1,5,0,1,0
19788,653,0.0,2.0,1.0,1,1,1,1,0,0,1,0
197903,2003,0.0,4.0,1.0,2,1,1,1,1,0,1,0
198093,3974,0.0,3.0,0.0,5,1,1,3,4,0,1,0
198481,653,0.0,2.0,1.0,10,2,2,2,7,0,1,2
198681,1102,0.0,4.0,0.0,15,11,1,2,14,0,1,0
198852,2664,0.0,2.0,1.0,23,9,3,1,22,0,1,0
199094,1922,0.0,4.0,1.0,6,2,1,1,5,0,1,0
199221,4280,0.0,3.0,0.0,66,23,1,10,59,0,2,5
200626,1724,0.0,5.0,0.0,5,3,1,1,4,0,1,0
200883,2821,0.0,4.0,0.0,5,1,1,2,4,0,1,0
201024,586,0.0,5.0,1.0,8,4,1,2,7,0,1,0
201421,3159,0.0,0.0,1.0,12,6,3,1,11,0,1,0
201477,3127,0.0,0.0,0.0,4,1,1,2,3,0,1,0
201767,4170,0.0,4.0,0.0,11,5,1,1,9,0,1,1
202661,946,0.0,5.0,0.0,7,4,2,2,6,0,1,0
202792,133,0.0,3.0,0.0,4,3,1,1,3,0,1,0
203098,3484,1.0,3.0,1.0,19,7,2,5,18,0,1,0
20316,416,0.0,2.0,0.0,4,1,1,1,2,0,1,1
203206,3825,0.0,0.0,1.0,23,11,2,3,19,0,3,1
20370,3910,1.0,0.0,1.0,8,1,1,2,7,0,1,0
203765,633,0.0,4.0,0.0,5,1,1,2,4,0,1,0
203861,1270,0.0,5.0,0.0,2,1,1,1,1,0,1,0
204174,3516,0.0,5.0,0.0,11,3,2,1,10,0,1,0
204755,4705,0.0,2.0,0.0,4,1,1,2,2,0,1,1
204815,1543,0.0,0.0,0.0,4,2,1,2,3,0,1,0
205645,3622,0.0,6.0,1.0,5,3,1,1,4,0,1,0
205799,2742,0.0,2.0,1.0,2,1,1,1,1,0,1,0
206525,946,0.0,0.0,1.0,26,11,4,1,25,0,1,0
206878,1162,0.0,4.0,0.0,11,7,4,1,9,0,1,1
207235,2916,0.0,0.0,0.0,7,1,1,1,5,0,2,0
207769,1613,0.0,2.0,0.0,4,1,1,1,3,0,1,0
208136,2159,0.0,6.0,0.0,6,4,2,1,5,0,1,0
208385,2339,0.0,4.0,0.0,8,5,4,1,3,0,5,0
208512,2138,0.0,3.0,0.0,1,1,1,1,0,0,1,0
209163,606,0.0,3.0,0.0,114,84,16,10,113,0,1,0
209741,621,0.0,3.0,0.0,2,1,1,1,1,0,1,0
210231,3828,0.0,0.0,1.0,18,2,2,6,15,0,1,2
210453,3971,0.0,4.0,0.0,7,3,3,4,6,0,1,0
210748,395,0.0,4.0,0.0,3,1,1,1,2,0,1,0
210775,643,0.0,6.0,1.0,8,1,1,2,7,0,1,0
210794,4976,0.0,0.0,0.0,2,1,1,1,1,0,1,0
211276,730,0.0,3.0,0.0,11,5,2,3,10,0,1,0
211642,361,0.0,4.0,0.0,10,3,1,1,7,0,1,2
211970,1451,0.0,3.0,0.0,2,1,1,1,0,0,1,1
212055,1102,0.0,3.0,0.0,125,79,15,19,124,0,1,0
212082,148,0.0,4.0,0.0,10,3,3,3,8,0,1,1
212413,183,0.0,4.0,2.0,5,2,1,1,4,0,1,0
212421,2856,0.0,3.0,0.0,8,2,1,3,7,0,1,0
212514,4186,0.0,4.0,2.0,5,1,1,1,4,0,1,0
212569,4268,0.0,3.0,0.0,5,1,1,1,4,0,1,0
213081,227,0.0,0.0,0.0,2,1,1,1,1,0,1,0
214252,1102,0.0,4.0,1.0,82,6,3,1,81,0,1,0
21510,4744,0.0,0.0,0.0,23,9,3,3,21,0,1,1
215447,4919,0.0,4.0,1.0,3,1,1,1,2,0,1,0
215587,2140,1.0,6.0,0.0,34,5,1,6,31,0,1,2
215828,4760,0.0,4.0,0.0,9,4,2,1,7,0,2,0
21602,4442,0.0,0.0,1.0,6,4,4,1,3,0,3,0
216249,2435,0.0,7.0,0.0,10,3,1,1,9,0,1,0
216291,3365,1.0,6.0,0.0,6,3,2,1,3,0,3,0
216395,1356,0.0,4.0,0.0,4,1,1,1,3,0,1,0
216526,2031,0.0,4.0,1.0,11,3,1,1,9,0,2,0
217246,2432,0.0,4.0,0.0,12,3,2,3,10,0,1,1
217323,3577,0.0,4.0,0.0,6,4,1,3,5,0,1,0
217462,1346,0.0,4.0,0.0,5,2,1,1,2,2,1,0
217551,818,0.0,0.0,0.0,4,3,1,2,3,0,1,0
217695,1124,0.0,4.0,1.0,4,1,1,1,3,0,1,0
217770,1861,0.0,0.0,null,4,1,1,4,2,0,1,1
217956,1346,0.0,4.0,1.0,6,4,1,2,5,0,1,0
217993,2669,0.0,6.0,0.0,3,2,2,2,2,0,1,0
218580,3839,0.0,0.0,0.0,37,18,3,2,36,0,1,0
218980,1489,0.0,0.0,0.0,1,1,1,1,0,0,1,0
21985,1679,0.0,5.0,2.0,16,10,2,1,15,0,1,0
220389,1031,0.0,2.0,0.0,5,2,1,2,0,0,3,2
220464,608,0.0,4.0,1.0,15,7,4,1,13,0,1,1
221133,606,0.0,4.0,1.0,10,6,4,5,9,0,1,0
221228,4173,0.0,5.0,1.0,6,3,2,1,5,0,1,0
22154,2746,0.0,3.0,0.0,5,1,1,3,3,0,1,1
221584,2435,0.0,2.0,1.0,2,1,1,2,1,0,1,0
221838,3472,0.0,2.0,1.0,5,1,1,2,3,0,1,1
222398,4079,0.0,5.0,2.0,1,1,1,1,0,0,1,0
222403,798,0.0,3.0,0.0,8,5,3,1,7,0,1,0
222604,2869,0.0,2.0,1.0,3,2,1,2,2,0,1,0
222984,1963,0.0,4.0,0.0,83,26,6,2,79,2,2,0
223238,4744,0.0,4.0,1.0,1,1,1,1,0,0,1,0
22325,885,0.0,2.0,0.0,4,2,1,1,3,0,1,0
223335,4043,0.0,2.0,0.0,8,1,1,4,7,0,1,0
223529,817,0.0,0.0,0.0,4,1,1,1,3,0,1,0
224323,1310,0.0,0.0,0.0,11,5,5,2,10,0,1,0
225204,3623,0.0,0.0,1.0,4,1,1,1,3,0,1,0
225634,1833,1.0,4.0,0.0,1,1,1,1,0,0,1,0
225724,794,0.0,4.0,0.0,4,1,1,1,3,0,1,0
226077,3578,0.0,4.0,1.0,10,5,2,3,9,0,1,0
226819,1486,0.0,5.0,0.0,7,4,1,1,6,0,1,0
227008,3042,0.0,3.0,0.0,26,12,6,2,24,0,2,0
227219,4654,0.0,3.0,0.0,3,1,1,1,2,0,1,0
227354,3103,0.0,3.0,0.0,9,4,3,1,7,0,2,0
228396,1594,0.0,3.0,0.0,3,1,1,1,2,0,1,0
229400,2900,0.0,2.0,1.0,3,1,1,1,2,0,1,0
229981,1142,0.0,3.0,1.0,1,1,1,1,0,0,1,0
230022,3609,0.0,4.0,0.0,22,5,1,4,20,0,1,1
230199,2525,0.0,8.0,0.0,9,1,1,1,7,0,1,1
230638,346,0.0,5.0,0.0,21,2,1,4,20,0,1,0
230707,3225,0.0,0.0,0.0,5,3,1,1,4,0,1,0
230810,2435,0.0,4.0,0.0,2,1,1,1,1,0,1,0
232374,1978,0.0,3.0,0.0,4,2,1,1,2,0,2,0
232535,4876,0.0,8.0,1.0,5,2,1,2,2,0,2,1
232535,4903,0.0,8.0,1.0,9,6,2,2,8,0,1,0
233069,4368,0.0,0.0,0.0,14,8,3,1,10,0,4,0
233491,4942,0.0,0.0,0.0,5,1,1,2,3,0,1,1
23596,4474,0.0,3.0,0.0,3,1,1,1,2,0,1,0
235964,2470,0.0,3.0,1.0,4,1,1,1,3,0,1,0
236225,310,0.0,3.0,0.0,1,1,1,1,0,0,1,0
236403,1500,0.0,0.0,1.0,1,1,1,1,0,0,1,0
236581,2430,0.0,7.0,0.0,1,1,1,1,0,0,1,0
236705,3472,0.0,6.0,1.0,4,2,1,1,3,0,1,0
237568,1123,0.0,0.0,1.0,19,3,1,4,16,0,1,2
237816,4659,0.0,3.0,0.0,9,4,2,3,8,0,1,0
23847,1049,0.0,7.0,0.0,1,1,1,1,0,0,1,0
239010,4079,0.0,4.0,2.0,6,3,1,1,4,0,2,0
239113,1102,0.0,3.0,0.0,12,4,1,2,8,0,2,2
239526,2565,0.0,0.0,1.0,17,6,1,4,16,0,1,0
239558,2928,0.0,4.0,0.0,13,8,4,1,12,0,1,0
239710,4322,0.0,3.0,0.0,16,4,1,4,14,0,1,1
240317,4687,0.0,4.0,1.0,2,1,1,1,1,0,1,0
240695,4617,0.0,0.0,0.0,4,1,1,2,3,0,1,0
240857,2273,0.0,3.0,0.0,9,2,1,3,6,0,1,2
241074,1103,0.0,2.0,0.0,6,4,1,3,5,0,1,0
241290,246,0.0,0.0,0.0,3,2,1,2,0,0,1,2
241399,606,0.0,4.0,2.0,3,3,3,2,2,0,1,0
241628,4976,0.0,2.0,1.0,1,1,1,1,0,0,1,0
241838,4508,0.0,6.0,0.0,3,1,1,1,1,0,2,0
242079,1861,0.0,0.0,0.0,7,1,1,3,6,0,1,0
242220,4988,0.0,3.0,0.0,3,1,1,1,2,0,1,0
242370,4173,0.0,0.0,1.0,5,1,1,2,4,0,1,0
242551,2203,0.0,0.0,2.0,22,12,5,1,20,0,2,0
242607,1488,0.0,4.0,0.0,2,1,1,1,1,0,1,0
243260,4044,0.0,4.0,1.0,1,1,1,1,0,0,1,0
243466,2900,0.0,0.0,0.0,7,3,3,2,6,0,1,0
243898,1203,0.0,0.0,0.0,7,2,2,3,6,0,1,0
244008,3984,0.0,6.0,0.0,6,4,4,2,4,0,2,0
244139,2928,0.0,5.0,0.0,13,10,8,3,11,0,2,0
245913,608,1.0,6.0,0.0,10,7,4,2,8,0,1,1
246652,1102,0.0,4.0,0.0,48,16,5,2,46,0,2,0
246703,3163,0.0,6.0,1.0,16,2,1,1,13,0,3,0
247070,1679,0.0,0.0,0.0,6,4,3,1,5,0,1,0
247106,2482,0.0,2.0,0.0,8,1,1,4,7,0,1,0
247112,2403,0.0,5.0,0.0,2,2,1,1,0,0,2,0
247457,1628,0.0,4.0,0.0,5,1,1,1,4,0,1,0
247884,4191,0.0,3.0,0.0,2,1,1,1,1,0,1,0
247941,1022,1.0,0.0,0.0,18,7,1,3,14,0,4,0
247948,1342,0.0,0.0,0.0,8,3,1,1,7,0,1,0
247997,4368,0.0,3.0,0.0,8,4,2,1,7,0,1,0
248008,3629,0.0,0.0,1.0,67,8,2,3,62,0,1,4
248441,1840,0.0,6.0,0.0,3,1,1,1,1,0,2,0
248469,2284,0.0,6.0,0.0,5,1,1,1,4,0,1,0
248819,4797,0.0,3.0,0.0,3,1,1,2,2,0,1,0
24883,4760,0.0,2.0,0.0,3,2,1,2,1,0,2,0
250306,2447,0.0,2.0,0.0,4,3,2,1,3,0,1,0
250606,4864,0.0,2.0,0.0,4,2,1,2,3,0,1,0
250906,663,0.0,4.0,0.0,3,2,1,1,2,0,1,0
251351,148,0.0,0.0,1.0,16,5,5,1,14,1,1,0
252061,2178,1.0,3.0,0.0,8,2,1,1,7,0,1,0
25235,798,0.0,3.0,0.0,4,2,2,2,3,0,1,0
253147,3898,0.0,3.0,1.0,3,1,1,1,2,0,1,0
254005,4705,0.0,2.0,0.0,4,2,2,1,2,0,2,0
254009,3734,0.0,3.0,0.0,20,10,3,2,19,0,1,0
254055,2007,0.0,3.0,1.0,2,1,1,1,1,0,1,0
25417,2821,0.0,0.0,0.0,7,1,1,1,5,0,1,1
25492,1056,0.0,3.0,1.0,23,11,8,5,11,0,3,9
255174,4048,0.0,2.0,0.0,3,1,1,1,2,0,1,0
25519,1102,0.0,4.0,0.0,42,24,8,7,36,0,3,3
255309,416,0.0,3.0,1.0,7,2,1,1,6,0,1,0
256338,3828,0.0,2.0,0.0,1,1,1,1,0,0,1,0
257283,2669,0.0,3.0,0.0,27,5,2,3,24,0,1,2
2577,2582,0.0,2.0,1.0,8,4,1,1,7,0,1,0
257920,2900,0.0,0.0,0.0,5,1,1,2,4,0,1,0
258013,2288,0.0,4.0,0.0,5,1,1,2,3,0,1,1
25804,4282,0.0,3.0,1.0,19,6,4,1,14,0,5,0
258046,4894,0.0,2.0,1.0,2,1,1,1,1,0,1,0
258057,191,0.0,3.0,0.0,8,1,1,3,6,0,1,1
258191,3828,0.0,3.0,0.0,9,5,2,5,8,0,1,0
258873,598,0.0,3.0,1.0,5,2,1,1,4,0,1,0
258945,606,0.0,4.0,0.0,29,15,7,5,28,0,1,0
258961,4536,0.0,3.0,0.0,1,1,1,1,0,0,1,0
25904,4042,0.0,3.0,1.0,2,1,1,1,1,0,1,0
259206,4955,0.0,3.0,0.0,2,1,1,1,0,0,2,0
26008,4173,0.0,0.0,0.0,23,11,1,2,22,0,1,0
26067,1501,0.0,8.0,0.0,17,4,3,3,16,0,1,0
261064,1203,0.0,5.0,0.0,7,1,1,1,6,0,1,0
261718,3662,0.0,4.0,0.0,2,1,1,2,1,0,1,0
261886,818,0.0,3.0,1.0,1,1,1,1,0,0,1,0
262027,2167,0.0,6.0,0.0,14,4,1,1,13,0,1,0
263404,3934,0.0,4.0,0.0,3,2,1,2,2,0,1,0
263504,822,0.0,2.0,0.0,1,1,1,1,0,0,1,0
263603,4976,0.0,3.0,0.0,13,3,3,4,11,0,1,1
263629,4026,0.0,6.0,0.0,5,1,1,1,4,0,1,0
263641,1839,0.0,4.0,0.0,6,2,2,1,5,0,1,0
264154,2318,0.0,null,null,2,1,1,1,1,0,1,0
264186,2565,0.0,5.0,1.0,4,1,1,1,3,0,1,0
264644,1825,0.0,0.0,1.0,20,8,2,5,18,0,1,1
264678,4659,0.0,0.0,0.0,3,3,2,2,1,0,2,0
264796,2436,1.0,4.0,0.0,76,48,12,1,75,0,1,0
265087,4057,0.0,3.0,0.0,16,7,4,2,15,0,1,0
265295,2602,1.0,3.0,1.0,5,2,1,1,4,0,1,0
265600,1000,0.0,6.0,0.0,5,3,2,1,4,0,1,0
265642,1102,0.0,4.0,0.0,20,3,1,2,19,0,1,0
265789,289,0.0,0.0,1.0,8,3,1,1,7,0,1,0
266464,359,0.0,3.0,0.0,11,2,2,1,9,0,2,0
266530,2140,0.0,0.0,0.0,14,6,1,2,13,0,1,0
267151,3473,0.0,4.0,0.0,9,5,2,1,7,0,2,0
267172,4442,0.0,5.0,1.0,1,1,1,1,0,0,1,0
267355,1918,0.0,7.0,0.0,6,6,2,3,0,0,1,5
268083,2403,0.0,0.0,0.0,68,37,2,5,62,0,1,5
268300,4388,0.0,4.0,1.0,8,2,1,1,7,0,1,0
268311,1084,0.0,3.0,1.0,4,1,1,1,3,0,1,0
268341,803,0.0,4.0,0.0,92,42,8,5,89,0,1,2
268494,1816,0.0,3.0,1.0,3,1,1,2,2,0,1,0
269308,3828,1.0,0.0,0.0,6,1,1,5,4,0,1,1
269314,608,0.0,0.0,0.0,3,2,1,1,2,0,1,0
269320,2138,0.0,3.0,2.0,1,1,1,1,0,0,1,0
26962,4067,0.0,2.0,0.0,18,8,5,3,16,0,1,1
269853,4465,0.0,3.0,0.0,3,2,1,1,0,0,3,0
269934,2036,0.0,2.0,1.0,3,1,1,2,1,0,1,1
269963,2108,0.0,0.0,0.0,2,1,1,1,1,0,1,0
271434,1841,0.0,3.0,0.0,5,2,1,2,4,0,1,0
271634,682,0.0,7.0,0.0,18,11,4,1,17,0,1,0
271781,3152,0.0,4.0,0.0,8,2,1,3,7,0,1,0
271818,4048,0.0,7.0,1.0,3,1,1,1,2,0,1,0
271923,2775,0.0,3.0,0.0,2,1,1,2,1,0,1,0
272323,4864,0.0,5.0,0.0,12,5,1,2,11,0,1,0
272712,4256,0.0,4.0,1.0,24,13,7,6,21,0,1,2
272726,4125,0.0,2.0,0.0,10,6,4,3,5,0,1,4
272792,4855,0.0,5.0,0.0,13,5,1,1,12,0,1,0
272970,2273,0.0,7.0,1.0,14,1,1,2,12,0,2,0
2730,3472,0.0,6.0,0.0,2,1,1,1,1,0,1,0
273334,3432,0.0,0.0,0.0,14,4,3,8,12,0,1,1
273438,3105,0.0,2.0,1.0,5,2,1,2,4,0,1,0
274127,503,0.0,6.0,0.0,12,3,2,3,11,0,1,0
274222,415,0.0,4.0,1.0,3,2,1,1,2,0,1,0
274317,121,0.0,4.0,0.0,21,9,4,3,19,0,2,0
274390,598,0.0,3.0,0.0,21,5,2,2,20,0,1,0
274555,4618,0.0,3.0,0.0,5,1,1,1,4,0,1,0
274567,366,0.0,0.0,0.0,13,1,1,1,12,0,1,0
274730,4173,0.0,0.0,0.0,15,8,3,1,14,0,1,0
275010,4047,0.0,3.0,0.0,4,1,1,1,3,0,1,0
275104,239,0.0,6.0,0.0,6,1,1,1,5,0,1,0
27523,731,0.0,3.0,0.0,9,2,1,3,6,0,1,2
275609,1721,0.0,3.0,1.0,1,1,1,1,0,0,1,0
27566,1031,0.0,4.0,0.0,1,1,1,1,0,0,1,0
275800,2730,0.0,7.0,1.0,23,5,2,2,21,0,2,0
276332,829,0.0,5.0,0.0,15,7,3,3,14,0,1,0
276394,2821,0.0,3.0,1.0,5,2,2,2,4,0,1,0
276602,588,0.0,4.0,0.0,4,1,1,1,3,0,1,0
276885,3022,0.0,2.0,1.0,3,2,2,1,2,0,1,0
277846,1283,0.0,0.0,1.0,1,1,1,1,0,0,1,0
278397,1892,0.0,3.0,2.0,9,1,1,2,7,0,1,1
278597,4425,0.0,3.0,0.0,8,1,1,2,6,0,1,1
2795,4129,0.0,4.0,0.0,6,3,3,2,5,0,1,0
279959,1861,0.0,5.0,1.0,1,1,1,1,0,0,1,0
280762,2403,1.0,0.0,0.0,18,8,1,4,16,0,2,0
281406,4942,0.0,6.0,0.0,5,1,1,1,3,0,1,1
281748,4926,1.0,3.0,0.0,105,24,17,3,104,0,1,0
281782,2273,0.0,3.0,0.0,9,2,1,2,7,0,1,1
28190,738,0.0,2.0,0.0,4,2,1,1,3,0,1,0
282109,606,0.0,3.0,0.0,10,6,3,3,4,0,1,5
282365,1102,0.0,3.0,0.0,106,56,18,6,101,0,1,4
28244,685,0.0,0.0,0.0,5,2,1,1,4,0,1,0
28265,2303,0.0,3.0,0.0,32,21,1,1,31,0,1,0
28283,4044,0.0,2.0,1.0,10,4,2,2,8,0,2,0
282832,1467,0.0,2.0,0.0,9,3,1,3,7,0,1,1
283088,4371,0.0,3.0,1.0,7,2,1,1,3,0,4,0
283117,1816,1.0,3.0,1.0,7,2,1,4,6,0,1,0
283634,2255,0.0,3.0,2.0,1,1,1,1,0,0,1,0
283742,1437,0.0,0.0,0.0,1,1,1,1,0,0,1,0
283991,1203,1.0,0.0,0.0,13,7,5,4,10,0,3,0
284345,1890,0.0,0.0,0.0,3,1,1,2,2,0,1,0
284653,3822,0.0,2.0,0.0,2,2,1,2,1,0,1,0
28583,402,0.0,4.0,0.0,13,8,2,4,11,0,2,0
286424,3484,1.0,3.0,1.0,6,2,1,1,5,0,1,0
286551,2537,0.0,3.0,0.0,3,2,2,1,2,0,1,0
286621,2565,0.0,0.0,0.0,11,5,1,1,10,0,1,0
287151,786,1.0,5.0,0.0,9,3,2,2,8,0,1,0
287317,1412,0.0,6.0,0.0,10,2,1,2,9,0,1,0
288019,2313,0.0,0.0,0.0,2,1,1,1,0,0,1,1
288693,1755,0.0,2.0,0.0,4,3,1,1,3,0,1,0
28890,3230,0.0,2.0,0.0,11,2,1,4,10,0,1,0
28900,1145,0.0,5.0,1.0,2,1,1,1,1,0,1,0
2895,2545,0.0,0.0,0.0,13,9,4,1,12,0,1,0
289735,1134,0.0,2.0,0.0,7,3,3,2,6,0,1,0
290250,4760,0.0,2.0,1.0,1,1,1,1,0,0,1,0
290573,246,0.0,3.0,0.0,4,1,1,1,3,0,1,0
290608,1557,0.0,3.0,0.0,18,6,2,5,14,0,1,3
291759,2543,0.0,3.0,1.0,48,17,1,2,42,0,2,4
292382,2928,0.0,6.0,0.0,5,2,1,1,4,0,1,0
292518,606,0.0,5.0,0.0,37,31,10,7,34,0,1,2
292544,326,0.0,0.0,0.0,4,1,1,2,2,0,1,1
292639,4871,0.0,3.0,1.0,7,3,3,1,6,0,1,0
292683,3396,0.0,3.0,0.0,8,1,1,3,7,0,1,0
292929,606,0.0,6.0,0.0,3,1,1,1,2,0,1,0
293034,793,0.0,0.0,1.0,36,5,1,1,34,0,1,1
293837,219,0.0,2.0,0.0,10,2,1,1,8,0,2,0
293925,4044,0.0,5.0,0.0,1,1,1,1,0,0,1,0
294435,4873,0.0,5.0,1.0,5,2,1,1,4,0,1,0
294484,598,0.0,3.0,1.0,6,1,1,1,3,0,2,1
294709,2721,0.0,0.0,0.0,5,1,1,1,4,0,1,0
295229,4739,0.0,0.0,0.0,2,1,1,1,1,0,1,0
295312,1318,0.0,6.0,0.0,5,1,1,1,4,0,1,0
295430,508,0.0,0.0,0.0,11,6,1,2,9,0,1,1
295672,4797,0.0,0.0,0.0,5,2,1,1,4,0,1,0
295911,3667,0.0,0.0,0.0,7,4,1,1,5,0,2,0
296008,1552,0.0,5.0,0.0,2,1,1,1,0,0,1,1
296232,3642,0.0,3.0,0.0,10,5,3,1,9,0,1,0
296472,2403,0.0,4.0,0.0,18,12,1,1,16,0,2,0
29671,663,0.0,5.0,0.0,125,18,3,3,115,0,2,8
2969,3839,0.0,3.0,0.0,144,48,4,3,142,0,2,0
296950,1892,0.0,3.0,0.0,6,3,2,2,1,0,5,0
297007,2482,0.0,3.0,0.0,2,1,1,1,1,0,1,0
297114,3154,0.0,3.0,0.0,10,3,2,1,8,0,2,0
297134,4976,0.0,0.0,0.0,29,15,7,9,28,0,1,0
297152,1618,0.0,3.0,1.0,32,7,1,3,28,0,2,2
297159,1791,0.0,3.0,1.0,10,4,3,1,9,0,1,0
297316,4760,0.0,2.0,1.0,3,1,1,1,1,0,2,0
29738,4043,1.0,3.0,0.0,4,1,1,3,3,0,1,0
297694,4858,0.0,4.0,0.0,4,1,1,3,3,0,1,0
297782,3484,0.0,3.0,0.0,6,2,1,2,2,0,1,3
297931,4067,0.0,0.0,0.0,8,2,2,2,6,0,1,1
297939,2631,0.0,4.0,0.0,17,11,4,1,15,0,2,0
298865,4022,0.0,6.0,0.0,3,1,1,1,2,0,1,0
298895,4170,0.0,5.0,0.0,15,4,1,1,13,0,2,0
299181,227,0.0,6.0,1.0,6,1,1,2,5,0,1,0
299202,1899,0.0,3.0,0.0,27,15,6,1,26,0,1,0
299227,3195,0.0,4.0,0.0,4,3,1,1,3,0,1,0
299412,3152,0.0,4.0,1.0,6,2,1,2,5,0,1,0
299764,2537,0.0,7.0,0.0,3,1,1,1,2,0,1,0
300561,1457,0.0,2.0,0.0,9,2,1,2,8,0,1,0
300701,4811,0.0,0.0,0.0,3,2,2,1,2,0,1,0
300746,3345,0.0,3.0,1.0,3,1,1,1,2,0,1,0
301029,742,0.0,8.0,0.0,10,1,1,1,7,0,2,1
301033,4305,0.0,6.0,0.0,13,5,3,2,10,1,2,0
301061,4444,0.0,2.0,0.0,7,2,1,3,6,0,1,0
301083,361,0.0,0.0,0.0,9,3,2,2,5,3,1,0
301110,606,0.0,3.0,1.0,45,22,9,4,39,0,6,0
30132,2435,0.0,4.0,0.0,14,5,1,1,13,0,1,0
301614,2720,0.0,3.0,1.0,2,1,1,1,1,0,1,0
301847,1588,0.0,0.0,0.0,4,1,1,3,3,0,1,0
302074,3159,0.0,3.0,1.0,9,5,4,1,6,0,3,0
302135,684,0.0,0.0,null,4,3,2,1,3,0,1,0
302385,4131,0.0,6.0,0.0,2,1,1,1,1,0,1,0
302537,4988,0.0,2.0,1.0,7,1,1,2,6,0,1,0
303380,3828,0.0,0.0,0.0,2,1,1,1,1,0,1,0
303488,2954,0.0,4.0,0.0,2,1,1,1,1,0,1,0
30356,4078,0.0,3.0,0.0,3,1,1,1,2,0,1,0
303798,4687,0.0,4.0,0.0,5,1,1,1,4,0,1,0
304384,1126,1.0,4.0,0.0,9,3,3,1,8,0,1,0
304707,630,0.0,3.0,1.0,65,28,9,8,54,0,6,5
304823,2780,0.0,2.0,0.0,5,1,1,1,4,0,1,0
304896,2592,0.0,0.0,0.0,2,1,1,1,0,0,1,1
305050,4765,0.0,2.0,1.0,18,3,2,3,17,0,1,0
305118,4926,0.0,5.0,2.0,4,3,3,1,3,0,1,0
305336,3263,0.0,3.0,0.0,13,2,1,2,11,0,1,1
305590,4534,0.0,3.0,0.0,18,4,3,1,17,0,1,0
306278,2278,0.0,3.0,0.0,8,2,2,3,7,0,1,0
3064,4976,0.0,0.0,0.0,16,7,4,3,15,0,1,0
307919,4992,0.0,3.0,1.0,7,3,1,2,6,0,1,0
308147,1875,0.0,0.0,1.0,6,2,2,1,3,0,3,0
308237,1742,0.0,0.0,0.0,1,1,1,1,0,0,1,0
308394,2138,0.0,0.0,0.0,8,2,2,2,5,0,1,2
308560,4864,0.0,4.0,1.0,15,11,3,3,14,0,1,0
308682,3990,0.0,2.0,0.0,1,1,1,1,0,0,1,0
309058,643,0.0,4.0,0.0,23,20,8,2,22,0,1,0
309535,4659,0.0,5.0,1.0,5,3,2,1,3,0,2,0
30959,4745,0.0,5.0,1.0,1,1,1,1,0,0,1,0
309672,4173,0.0,0.0,0.0,2,1,1,1,1,0,1,0
309741,1588,0.0,3.0,0.0,6,3,2,1,5,0,1,0
309771,3841,0.0,4.0,0.0,4,1,1,1,3,0,1,0
309850,2026,0.0,4.0,0.0,2,1,1,1,1,0,1,0
310129,1434,0.0,0.0,null,2,2,1,1,0,0,2,0
310195,2108,0.0,0.0,0.0,1,1,1,1,0,0,1,0
310766,4818,0.0,0.0,1.0,10,2,2,2,9,0,1,0
31091,962,0.0,3.0,0.0,1,1,1,1,0,0,1,0
311954,3291,0.0,0.0,0.0,5,1,1,2,4,0,1,0
312119,3152,0.0,3.0,1.0,5,2,1,1,3,0,2,0
31343,1342,0.0,0.0,0.0,14,2,1,3,13,0,1,0
313531,1892,0.0,4.0,1.0,2,2,2,1,1,0,1,0
314655,2592,0.0,3.0,0.0,3,1,1,1,2,0,1,0
314670,606,1.0,3.0,0.0,20,12,9,3,19,0,1,0
31474,4760,0.0,5.0,0.0,22,7,5,4,15,0,7,0
3150,4605,0.0,0.0,0.0,9,3,1,2,7,0,2,0
315038,1500,0.0,3.0,1.0,4,2,1,1,3,0,1,0
315060,2066,0.0,3.0,0.0,10,5,1,5,9,0,1,0
315150,2320,0.0,0.0,0.0,5,1,1,1,4,0,1,0
315753,1810,0.0,3.0,0.0,38,23,7,2,37,0,1,0
316447,4408,0.0,6.0,1.0,5,1,1,1,4,0,1,0
31651,4368,0.0,5.0,1.0,5,3,2,1,3,0,2,0
316681,4658,0.0,2.0,1.0,7,2,1,2,6,0,1,0
317932,4131,0.0,6.0,0.0,1,1,1,1,0,0,1,0
318004,3875,0.0,0.0,0.0,5,2,2,1,4,0,1,0
318004,4879,0.0,0.0,0.0,1,1,1,1,0,0,1,0
318548,2477,0.0,0.0,0.0,74,38,11,2,72,0,1,1
318949,2954,0.0,4.0,0.0,3,1,1,1,1,0,2,0
319609,731,0.0,3.0,0.0,7,4,1,1,5,0,2,0
319675,1102,0.0,3.0,0.0,21,8,1,2,20,0,1,0
320217,3085,0.0,3.0,0.0,25,15,8,3,22,0,2,1
320416,2631,0.0,6.0,0.0,2,1,1,1,1,0,1,0
320437,1346,0.0,0.0,0.0,19,9,1,6,18,0,1,0
320607,2318,0.0,4.0,0.0,3,1,1,1,2,0,1,0
320825,4535,0.0,null,null,11,2,2,2,9,1,1,0
320994,2436,0.0,0.0,0.0,17,4,2,4,13,0,1,3
321076,3062,1.0,5.0,0.0,1,1,1,1,0,0,1,0
321170,1393,0.0,5.0,1.0,47,26,11,2,31,0,5,11
321862,1944,0.0,6.0,0.0,10,6,3,1,9,0,1,0
321863,4170,0.0,4.0,1.0,10,3,1,1,8,0,2,0
322059,227,0.0,0.0,0.0,9,3,1,1,8,0,1,0
322190,798,0.0,3.0,2.0,1,1,1,1,0,0,1,0
32271,3171,0.0,6.0,0.0,4,1,1,1,2,0,1,1
322910,642,0.0,3.0,0.0,7,2,2,1,6,0,1,0
322931,4282,0.0,3.0,1.0,4,1,1,1,3,0,1,0
323106,1840,0.0,4.0,0.0,4,3,3,2,3,0,1,0
323276,2099,0.0,0.0,null,8,2,2,4,7,0,1,0
323517,3885,1.0,4.0,1.0,2,2,2,1,1,0,1,0
323626,1577,0.0,0.0,0.0,2,1,1,1,1,0,1,0
323891,685,0.0,3.0,0.0,2,1,1,2,0,0,1,1
324945,1944,0.0,5.0,0.0,4,1,1,1,3,0,1,0
325226,35,0.0,2.0,1.0,3,1,1,1,2,0,1,0
325230,396,0.0,4.0,0.0,2,1,1,1,1,0,1,0
32659,1123,0.0,4.0,0.0,4,2,1,2,3,0,1,0
32674,3727,0.0,0.0,0.0,8,3,1,4,6,0,1,1
327008,2824,0.0,4.0,0.0,9,7,2,1,8,0,1,0
327021,897,0.0,3.0,0.0,1,1,1,1,0,0,1,0
327134,2273,0.0,5.0,0.0,5,1,1,1,3,0,1,1
327672,2138,0.0,3.0,2.0,5,1,1,3,4,0,1,0
327964,812,0.0,3.0,0.0,4,1,1,2,3,0,1,0
328498,205,0.0,6.0,0.0,4,2,2,1,3,0,1,0
328668,1466,0.0,3.0,0.0,7,2,1,1,5,0,2,0
328744,1618,0.0,3.0,0.0,8,2,1,1,7,0,1,0
328760,66,1.0,2.0,0.0,3,2,1,2,1,0,1,1
329191,2811,0.0,3.0,1.0,3,1,1,2,1,0,1,1
329511,1370,0.0,0.0,1.0,3,2,1,1,2,0,1,0
330270,4049,0.0,3.0,0.0,5,4,2,2,4,0,1,0
330481,3085,0.0,4.0,1.0,2,1,1,1,1,0,1,0
330484,3319,0.0,4.0,0.0,1,1,1,1,0,0,1,0
330812,4143,0.0,0.0,0.0,33,19,11,4,28,0,2,3
33093,1679,0.0,3.0,0.0,12,3,2,2,10,0,1,1
331008,682,0.0,2.0,0.0,3,2,2,3,1,0,1,1
331264,2821,0.0,6.0,1.0,5,1,1,2,4,0,1,0
331658,4492,0.0,3.0,0.0,18,4,1,1,15,0,1,2
332620,3085,0.0,3.0,0.0,23,15,10,1,21,0,2,0
332982,4382,0.0,5.0,0.0,8,3,1,1,7,0,1,0
333584,1102,0.0,3.0,0.0,4,1,1,4,3,0,1,0
333777,4388,0.0,4.0,1.0,5,2,1,1,4,0,1,0
333808,3472,0.0,2.0,0.0,4,1,1,1,3,0,1,0
333953,3971,0.0,3.0,1.0,3,1,1,1,2,0,1,0
334896,4950,0.0,4.0,0.0,1,1,1,1,0,0,1,0
334947,4325,1.0,3.0,0.0,6,3,3,2,5,0,1,0
335342,2284,0.0,2.0,0.0,7,1,1,1,6,0,1,0
335489,826,0.0,3.0,1.0,2,1,1,1,1,0,1,0
33580,1235,0.0,3.0,1.0,1,1,1,1,0,0,1,0
335926,1346,0.0,0.0,2.0,14,6,1,3,13,0,1,0
336404,4760,0.0,4.0,1.0,2,1,1,1,1,0,1,0
336427,4710,0.0,2.0,0.0,7,1,1,2,6,0,1,0
337188,4705,0.0,3.0,0.0,7,4,2,1,5,0,2,0
337574,3682,0.0,3.0,0.0,5,2,1,1,3,0,1,1
337604,4282,0.0,3.0,1.0,12,7,4,1,11,0,1,0
338465,4577,0.0,2.0,0.0,2,1,1,1,0,0,1,1
33989,4594,0.0,3.0,0.0,9,2,2,1,8,0,1,0
339973,3085,1.0,0.0,1.0,24,10,4,3,21,0,3,0
340068,2255,1.0,5.0,1.0,4,1,1,3,3,0,1,0
340338,4394,0.0,4.0,1.0,10,3,1,2,8,0,1,1
340430,66,0.0,2.0,1.0,2,1,1,1,0,0,1,1
34120,4015,0.0,6.0,1.0,2,1,1,1,1,0,1,0
341244,1719,0.0,4.0,1.0,5,2,1,2,2,0,3,0
341271,3205,0.0,5.0,0.0,5,1,1,2,4,0,1,0
341545,4287,0.0,3.0,0.0,2,2,2,2,0,0,1,1
341655,13,0.0,0.0,1.0,11,2,1,1,10,0,1,0
341740,1704,0.0,5.0,0.0,5,3,2,1,2,0,2,1
341863,1707,0.0,2.0,1.0,6,2,1,1,4,0,2,0
34215,4044,0.0,0.0,0.0,4,1,1,1,2,1,1,0
342329,1370,0.0,4.0,1.0,4,2,1,1,3,0,1,0
342388,4500,0.0,2.0,0.0,4,2,2,1,3,0,1,0
342657,4523,0.0,5.0,0.0,20,12,2,3,15,0,5,0
342781,4271,1.0,0.0,0.0,11,5,1,1,10,0,1,0
342784,145,0.0,3.0,0.0,13,7,1,2,12,0,1,0
342973,2193,0.0,0.0,0.0,2,1,1,1,1,0,1,0
34378,3828,0.0,4.0,0.0,11,4,2,2,9,0,2,0
344375,4906,0.0,7.0,0.0,7,2,1,1,6,0,1,0
344385,1892,0.0,4.0,0.0,17,7,4,1,15,0,2,0
344958,3828,0.0,5.0,0.0,5,1,1,3,4,0,1,0
345358,2403,0.0,4.0,2.0,22,15,2,3,21,0,1,0
345569,2810,0.0,6.0,1.0,5,1,1,2,4,0,1,0
346003,1203,0.0,4.0,1.0,6,1,1,1,5,0,1,0
346290,2981,0.0,3.0,0.0,6,1,1,2,5,0,1,0
346481,1884,0.0,4.0,0.0,5,1,1,1,4,0,1,0
346888,219,0.0,0.0,null,3,2,1,1,1,0,2,0
347047,4496,0.0,0.0,0.0,9,2,1,3,6,0,3,0
347276,2273,0.0,3.0,0.0,7,2,1,2,6,0,1,0
347608,574,0.0,6.0,1.0,11,6,2,2,10,0,1,0
348038,4860,0.0,3.0,0.0,11,4,1,1,9,0,2,0
348111,1203,0.0,0.0,0.0,11,4,3,1,10,0,1,0
34826,2242,0.0,3.0,0.0,2,1,1,1,1,0,1,0
348724,4499,1.0,0.0,0.0,3,1,1,1,2,0,1,0
348766,3734,0.0,3.0,0.0,9,2,1,1,8,0,1,0
348772,4536,0.0,0.0,0.0,2,1,1,1,0,0,2,0
349184,547,0.0,4.0,1.0,36,12,3,2,30,0,1,5
349699,3181,0.0,4.0,2.0,7,2,1,1,6,0,1,0
349927,2128,0.0,4.0,0.0,10,5,4,2,7,2,1,0
350035,845,0.0,4.0,1.0,4,1,1,1,3,0,1,0
350743,4499,0.0,3.0,1.0,3,1,1,1,2,0,1,0
351040,4585,0.0,4.0,1.0,12,1,1,1,10,0,1,1
35107,2138,0.0,5.0,0.0,4,3,3,3,3,0,1,0
351085,3936,0.0,6.0,0.0,3,1,1,2,2,0,1,0
351749,4173,0.0,4.0,0.0,23,17,6,6,21,0,1,1
351829,608,0.0,5.0,0.0,25,8,2,2,23,0,1,1
351858,66,0.0,3.0,0.0,26,8,2,3,24,0,2,0
351991,3105,0.0,3.0,0.0,33,17,2,4,30,2,1,0
352582,2397,0.0,0.0,0.0,8,2,1,4,7,0,1,0
352834,3230,0.0,6.0,1.0,2,1,1,1,1,0,1,0
352931,1399,0.0,0.0,0.0,1,1,1,1,0,0,1,0
353259,2217,0.0,3.0,0.0,5,3,1,1,4,0,1,0
353346,586,0.0,5.0,0.0,56,30,8,4,52,0,3,1
35348,3513,0.0,3.0,0.0,1,1,1,1,0,0,1,0
353631,1491,0.0,3.0,0.0,2,1,1,1,1,0,1,0
353659,1708,0.0,0.0,null,3,3,1,1,2,0,1,0
354392,877,0.0,4.0,0.0,2,1,1,1,1,0,1,0
354571,4173,0.0,3.0,0.0,11,7,2,1,10,0,1,0
354945,4504,0.0,3.0,0.0,31,15,2,1,30,0,1,0
354955,2646,1.0,3.0,0.0,2,1,1,1,1,0,1,0
355081,669,0.0,0.0,0.0,9,5,2,1,4,0,1,4
355184,3828,0.0,0.0,0.0,11,1,1,2,10,0,1,0
355185,552,0.0,5.0,0.0,13,3,2,2,12,0,1,0
355975,219,0.0,3.0,0.0,3,1,1,1,1,0,2,0
35621,4705,0.0,0.0,0.0,5,1,1,1,4,0,1,0
356402,3889,0.0,3.0,0.0,2,1,1,1,1,0,1,0
356596,2273,0.0,7.0,0.0,21,4,1,2,18,0,2,1
357346,4760,0.0,3.0,1.0,17,6,3,1,15,0,2,0
357402,4976,0.0,3.0,0.0,15,1,1,2,12,0,2,1
35755,3609,0.0,0.0,0.0,3,1,1,1,2,0,1,0
357619,2108,0.0,2.0,1.0,7,1,1,2,5,0,1,1
357958,2173,1.0,4.0,1.0,5,2,1,2,4,0,1,0
358180,1212,0.0,6.0,1.0,9,2,1,2,7,0,1,1
358219,2608,0.0,3.0,1.0,11,2,1,3,10,0,1,0
358228,168,0.0,3.0,2.0,5,1,1,2,3,0,1,1
358689,1495,0.0,7.0,0.0,2,2,1,1,0,0,2,0
358782,2051,0.0,3.0,0.0,4,1,1,1,3,0,1,0
359306,2981,0.0,0.0,0.0,5,3,2,3,4,0,1,0
35954,4649,0.0,2.0,1.0,7,1,1,1,6,0,1,0
359715,1103,0.0,3.0,1.0,2,1,1,1,1,0,1,0
359947,2138,0.0,0.0,null,6,1,1,2,5,0,1,0
360227,3271,0.0,4.0,1.0,7,2,1,2,5,0,2,0
360283,1310,0.0,0.0,0.0,16,8,8,3,13,0,1,2
360332,786,0.0,3.0,0.0,18,6,3,4,16,0,2,0
360398,1618,0.0,0.0,1.0,7,1,1,4,4,1,1,1
360421,1618,0.0,0.0,0.0,1,1,1,1,0,0,1,0
361065,4361,0.0,4.0,0.0,12,3,2,2,9,0,2,1
361167,4079,0.0,4.0,null,4,1,1,1,3,0,1,0
361524,361,1.0,5.0,0.0,10,7,2,4,5,0,1,4
361717,1892,0.0,4.0,0.0,14,8,5,4,7,0,5,2
361866,2318,0.0,0.0,0.0,5,2,1,2,4,0,1,0
362610,1884,0.0,3.0,2.0,2,1,1,1,1,0,1,0
362931,3376,0.0,0.0,0.0,3,1,1,2,2,0,1,0
363996,4129,0.0,3.0,0.0,44,19,9,3,34,0,4,6
364227,2161,0.0,0.0,1.0,3,1,1,1,2,0,1,0
364431,4744,0.0,2.0,1.0,10,3,2,1,8,0,1,1
364738,1594,0.0,3.0,0.0,1,1,1,1,0,0,1,0
364855,2767,0.0,2.0,0.0,23,6,4,1,22,0,1,0
365027,3968,0.0,3.0,1.0,1,1,1,1,0,0,1,0
365081,2303,0.0,3.0,1.0,13,3,1,3,11,0,1,1
365101,4040,0.0,0.0,1.0,3,1,1,1,2,0,1,0
365645,4282,0.0,2.0,1.0,8,7,5,3,7,0,1,0
365694,258,0.0,6.0,1.0,25,5,1,1,24,0,1,0
365992,4044,0.0,2.0,0.0,28,11,4,2,26,0,2,0
366052,302,0.0,0.0,0.0,10,5,1,1,8,0,2,0
366056,4173,0.0,0.0,0.0,3,2,2,2,0,0,1,2
366527,4765,0.0,2.0,0.0,6,3,2,1,4,0,2,0
366752,1489,0.0,5.0,1.0,3,1,1,1,2,0,1,0
366758,1724,0.0,4.0,0.0,2,1,1,1,0,0,1,1
366866,2193,0.0,0.0,0.0,5,1,1,1,4,0,1,0
367002,4919,0.0,3.0,0.0,3,2,2,2,1,0,1,1
367459,1968,0.0,3.0,0.0,3,1,1,1,2,0,1,0
368105,2236,0.0,3.0,1.0,4,1,1,1,3,0,1,0
368892,3938,0.0,5.0,1.0,13,3,3,6,11,0,1,1
369235,246,0.0,6.0,1.0,6,1,1,2,5,0,1,0
369730,4083,0.0,5.0,0.0,14,4,3,4,12,0,1,1
369802,4992,0.0,4.0,2.0,6,2,1,1,4,0,2,0
370137,2217,0.0,2.0,0.0,4,1,1,3,0,0,1,3
370494,839,0.0,0.0,0.0,14,4,2,3,13,0,1,0
370949,3971,0.0,3.0,1.0,5,3,1,2,4,0,1,0
371446,4722,0.0,5.0,1.0,2,1,1,1,1,0,1,0
371500,588,0.0,4.0,2.0,17,6,1,4,16,0,1,0
371559,1963,0.0,4.0,1.0,12,4,2,2,11,0,1,0
371580,4026,1.0,6.0,1.0,2,1,1,1,0,0,1,1
371806,2537,0.0,5.0,1.0,2,1,1,2,0,0,1,1
371904,1900,0.0,0.0,null,6,2,1,1,5,0,1,0
372275,968,0.0,0.0,1.0,7,4,2,1,6,0,1,0
373360,66,0.0,3.0,0.0,12,5,1,1,10,0,1,1
373442,310,0.0,2.0,0.0,7,2,1,1,6,0,1,0
374647,563,0.0,3.0,1.0,5,2,2,1,4,0,1,0
374925,3263,0.0,3.0,0.0,10,3,1,2,9,0,1,0
374994,2051,0.0,0.0,0.0,2,1,1,1,1,0,1,0
375021,4864,0.0,0.0,0.0,9,6,2,1,8,0,1,0
375086,3971,0.0,0.0,1.0,1,1,1,1,0,0,1,0
375403,3854,0.0,0.0,2.0,2,1,1,1,1,0,1,0
375548,3955,0.0,0.0,1.0,8,4,1,1,7,0,1,0
376156,605,0.0,3.0,0.0,4,2,1,1,3,0,1,0
376224,3350,0.0,4.0,0.0,1,1,1,1,0,0,1,0
376790,3990,0.0,3.0,0.0,139,44,4,17,134,0,1,4
376852,4171,0.0,4.0,0.0,5,2,1,1,2,0,3,0
377082,1968,0.0,2.0,1.0,1,1,1,1,0,0,1,0
377160,2102,0.0,6.0,1.0,8,4,2,1,5,0,3,0
377910,3236,0.0,5.0,2.0,11,2,1,2,9,0,1,1
37828,1557,0.0,4.0,1.0,4,1,1,2,3,0,1,0
378350,1895,1.0,5.0,0.0,16,5,3,1,11,0,5,0
378587,2721,0.0,4.0,0.0,31,19,2,2,30,0,1,0
378951,1833,0.0,4.0,0.0,13,7,3,2,10,0,3,0
379271,4044,0.0,2.0,0.0,45,28,12,7,39,0,1,5
379410,3578,0.0,4.0,2.0,18,3,2,2,16,0,1,1
37970,1703,0.0,5.0,1.0,2,1,1,2,1,0,1,0
379882,2869,0.0,2.0,0.0,4,1,1,1,3,0,1,0
380566,862,0.0,3.0,1.0,7,6,4,2,2,0,5,0
381649,2786,1.0,2.0,1.0,1,1,1,1,0,0,1,0
38175,2217,0.0,3.0,0.0,2,1,1,1,1,0,1,0
381769,742,0.0,3.0,0.0,5,1,1,1,4,0,1,0
38207,4659,0.0,2.0,0.0,17,10,5,2,14,0,1,2
38217,1131,0.0,5.0,1.0,8,2,1,1,6,0,2,0
382219,2879,0.0,0.0,1.0,7,1,1,3,6,0,1,0
3827,4525,0.0,3.0,0.0,3,1,1,2,2,0,1,0
382787,2794,0.0,3.0,0.0,6,2,2,1,5,0,1,0
382888,606,0.0,0.0,0.0,19,4,1,1,18,0,1,0
382919,4171,0.0,0.0,0.0,3,1,1,1,2,0,1,0
383469,588,0.0,4.0,2.0,6,2,1,1,5,0,1,0
383485,3986,0.0,2.0,1.0,3,1,1,2,2,0,1,0
383757,3092,0.0,6.0,0.0,12,6,2,3,6,0,1,5
384633,1421,0.0,3.0,0.0,3,1,1,2,2,0,1,0
384640,1628,0.0,3.0,0.0,12,3,1,4,11,0,1,0
385295,3258,1.0,0.0,0.0,10,4,2,3,8,0,2,0
385688,4196,0.0,2.0,0.0,6,3,2,1,4,0,2,0
385791,1760,0.0,3.0,0.0,23,15,1,1,21,0,2,0
386306,2148,0.0,4.0,0.0,4,1,1,1,3,0,1,0
386590,3828,0.0,4.0,1.0,2,1,1,1,0,0,2,0
387108,2320,0.0,0.0,1.0,8,2,1,1,7,0,1,0
387120,3828,0.0,2.0,1.0,2,1,1,1,1,0,1,0
387340,350,0.0,3.0,0.0,6,1,1,1,5,0,1,0
387469,4499,0.0,5.0,1.0,2,1,1,2,1,0,1,0
388036,2273,0.0,5.0,0.0,3,2,1,1,2,0,1,0
388107,2099,0.0,4.0,0.0,3,1,1,1,2,0,1,0
388270,643,0.0,4.0,1.0,4,2,1,1,2,0,2,0
388432,747,0.0,0.0,1.0,4,3,1,1,3,0,1,0
38864,4727,0.0,2.0,1.0,20,5,3,2,19,0,1,0
388877,4427,0.0,4.0,1.0,11,5,3,3,7,0,4,0
388899,3205,0.0,3.0,1.0,2,1,1,2,1,0,1,0
389362,3471,0.0,6.0,0.0,4,2,1,1,3,0,1,0
389629,107,0.0,4.0,0.0,23,12,3,5,20,0,1,2
389947,575,1.0,3.0,0.0,1,1,1,1,0,0,1,0
390446,649,0.0,6.0,0.0,3,1,1,1,2,0,1,0
390637,1031,0.0,0.0,0.0,40,4,1,2,36,1,2,1
390724,508,0.0,3.0,0.0,4,1,1,2,3,0,1,0
390836,1308,0.0,2.0,1.0,7,2,1,1,6,0,1,0
390870,4394,0.0,5.0,1.0,8,3,1,2,6,0,2,0
391123,951,0.0,2.0,0.0,1,1,1,1,0,0,1,0
391576,3881,0.0,0.0,0.0,4,1,1,1,3,0,1,0
391701,1557,1.0,5.0,1.0,105,40,8,8,97,0,2,6
391852,522,0.0,0.0,0.0,3,1,1,1,2,0,1,0
391866,1472,0.0,0.0,0.0,5,1,1,1,3,0,2,0
392605,2102,1.0,3.0,0.0,1,1,1,1,0,0,1,0
393158,2821,0.0,3.0,1.0,2,1,1,2,1,0,1,0
393416,3406,0.0,0.0,0.0,3,1,1,1,1,0,2,0
393470,2952,0.0,2.0,1.0,1,1,1,1,0,0,1,0
394243,3964,0.0,8.0,1.0,6,3,1,1,5,0,1,0
394579,3841,0.0,3.0,0.0,9,3,1,1,8,0,1,0
394699,508,0.0,6.0,0.0,12,8,1,1,11,0,1,0
39482,1850,0.0,5.0,1.0,2,1,1,1,1,0,1,0
395015,3954,0.0,3.0,0.0,5,1,1,1,4,0,1,0
395288,1346,0.0,5.0,1.0,14,3,1,2,12,0,2,0
39534,2929,1.0,4.0,0.0,3,1,1,1,2,0,1,0
395633,3734,0.0,3.0,0.0,15,3,1,3,14,0,1,0
395753,4966,0.0,4.0,0.0,1,1,1,1,0,0,1,0
396175,4659,0.0,3.0,1.0,17,9,4,2,12,0,4,1
3963,1618,0.0,3.0,0.0,9,1,1,2,7,0,1,1
398100,2916,0.0,2.0,0.0,2,1,1,1,1,0,1,0
398541,1102,0.0,5.0,0.0,61,40,15,4,60,0,1,0
39863,1412,0.0,0.0,0.0,22,12,1,4,19,0,1,2
398698,1892,0.0,3.0,0.0,12,5,2,4,8,0,3,1
399218,3080,0.0,3.0,1.0,15,5,2,2,14,0,1,0
399437,798,0.0,3.0,0.0,20,9,7,2,18,0,1,1
400034,2217,0.0,3.0,0.0,8,2,1,2,7,0,1,0
400235,141,0.0,0.0,0.0,1,1,1,1,0,0,1,0
400457,3955,0.0,3.0,0.0,3,1,1,1,2,0,1,0
400667,2644,0.0,4.0,1.0,2,1,1,1,1,0,1,0
400782,4659,0.0,5.0,0.0,2,1,1,1,1,0,1,0
401341,1892,0.0,3.0,0.0,83,27,7,2,78,0,5,0
401418,897,0.0,3.0,0.0,4,1,1,1,3,0,1,0
401567,1502,0.0,3.0,1.0,3,1,1,1,2,0,1,0
401614,3727,0.0,3.0,1.0,7,3,1,1,5,0,1,1
401819,2545,0.0,2.0,1.0,53,7,5,1,49,0,2,2
401912,2664,0.0,3.0,0.0,14,7,3,1,12,0,2,0
403095,3828,0.0,6.0,0.0,473,174,10,36,422,0,1,50
403159,2592,0.0,4.0,1.0,2,1,1,1,1,0,1,0
403178,2721,0.0,3.0,0.0,29,14,1,1,27,0,1,1
403300,1131,1.0,2.0,0.0,102,20,6,4,95,0,3,4
403413,1861,0.0,0.0,0.0,5,3,2,2,4,0,1,0
403484,1346,0.0,4.0,1.0,7,2,1,2,6,0,1,0
403834,323,0.0,6.0,0.0,2,1,1,2,0,0,1,1
404500,3456,0.0,6.0,0.0,3,1,1,2,2,0,1,0
405154,1551,0.0,5.0,0.0,6,4,1,1,5,0,1,0
405422,1900,0.0,3.0,0.0,8,2,2,1,7,0,1,0
405439,2981,0.0,0.0,0.0,8,1,1,1,7,0,1,0
405484,4048,0.0,3.0,0.0,6,2,1,1,4,0,2,0
405561,4850,0.0,5.0,0.0,6,2,2,1,2,0,4,0
405718,1884,0.0,2.0,0.0,4,1,1,1,3,0,1,0
406397,3016,0.0,4.0,0.0,23,10,4,3,17,0,6,0
406491,2167,0.0,6.0,0.0,2,1,1,1,1,0,1,0
406821,4322,1.0,3.0,0.0,7,3,1,1,6,0,1,0
406917,1833,0.0,6.0,1.0,13,5,1,2,12,0,1,0
406996,2128,0.0,3.0,0.0,3,2,2,1,1,0,2,0
407202,4987,0.0,0.0,0.0,4,1,1,1,3,0,1,0
407263,3510,0.0,0.0,1.0,5,2,2,2,4,0,1,0
408006,4234,0.0,6.0,0.0,3,2,2,1,2,0,1,0
408638,2916,0.0,3.0,1.0,1,1,1,1,0,0,1,0
409394,416,0.0,0.0,0.0,8,6,2,1,7,0,1,0
409459,3623,1.0,3.0,1.0,6,5,1,1,5,0,1,0
409615,4760,0.0,0.0,0.0,2,1,1,1,0,0,1,1
409920,423,0.0,3.0,0.0,3,1,1,1,2,0,1,0
409976,3163,0.0,3.0,1.0,1,1,1,1,0,0,1,0
410011,2928,0.0,5.0,0.0,6,2,2,1,5,0,1,0
410068,4044,0.0,2.0,0.0,9,3,3,1,8,0,1,0
410207,2099,1.0,7.0,0.0,1,1,1,1,0,0,1,0
410271,1895,0.0,3.0,1.0,7,1,1,1,6,0,1,0
410292,4044,0.0,2.0,1.0,4,1,1,2,3,0,1,0
41044,2928,0.0,4.0,0.0,4,1,1,1,3,0,1,0
410477,4015,0.0,5.0,0.0,12,7,3,1,11,0,1,0
410682,4044,0.0,0.0,0.0,11,7,3,1,10,0,1,0
411029,1390,0.0,0.0,0.0,4,1,1,1,3,0,1,0
411496,4976,0.0,4.0,0.0,87,36,8,5,80,0,5,2
411569,1031,0.0,4.0,0.0,38,8,1,2,35,0,2,1
411626,588,0.0,4.0,0.0,1,1,1,1,0,0,1,0
411925,1760,0.0,0.0,0.0,50,23,3,13,48,0,2,0
412035,293,0.0,3.0,1.0,10,3,1,3,9,0,1,0
412415,3230,0.0,6.0,1.0,5,1,1,2,3,1,1,0
412483,1608,0.0,3.0,0.0,3,1,1,2,2,0,1,0
412613,2124,0.0,null,null,15,5,1,2,14,0,1,0
412618,2849,0.0,5.0,0.0,81,36,11,5,77,0,4,0
412832,2856,0.0,5.0,0.0,9,2,1,3,8,0,1,0
413595,1393,0.0,3.0,0.0,88,41,12,21,76,0,1,11
413724,1892,0.0,4.0,0.0,84,23,10,8,75,0,9,0
414131,3667,0.0,5.0,0.0,12,2,1,1,10,0,2,0
414547,3349,0.0,4.0,1.0,4,2,1,1,3,0,1,0
414550,1884,0.0,2.0,0.0,8,2,2,1,7,0,1,0
415167,3828,0.0,8.0,2.0,17,11,3,4,16,0,1,0
415259,1359,0.0,2.0,0.0,7,5,1,1,5,0,2,0
415535,4048,0.0,4.0,0.0,13,4,1,1,8,0,5,0
415604,4605,0.0,0.0,0.0,3,2,2,2,2,0,1,0
415624,625,0.0,3.0,1.0,28,10,1,3,26,1,1,0
415652,1126,0.0,0.0,0.0,21,13,5,4,17,0,1,3
415852,3392,0.0,3.0,0.0,3,1,1,3,2,0,1,0
416063,897,0.0,4.0,0.0,3,3,2,1,0,0,3,0
416372,1619,0.0,2.0,0.0,3,1,1,1,2,0,1,0
416838,3288,0.0,3.0,0.0,4,1,1,1,3,0,1,0
417671,598,0.0,3.0,0.0,18,12,3,4,16,0,1,1
417711,4655,0.0,6.0,1.0,8,3,2,1,7,0,1,0
418057,3301,0.0,0.0,1.0,2,1,1,1,1,0,1,0
418158,3323,1.0,4.0,1.0,1,1,1,1,0,0,1,0
418175,4950,0.0,3.0,1.0,15,1,1,2,13,0,2,0
418390,2511,0.0,2.0,0.0,1,1,1,1,0,0,1,0
418713,3609,0.0,3.0,0.0,4,1,1,1,2,0,1,1
419224,4324,0.0,4.0,0.0,2,2,1,1,0,0,2,0
41941,1031,0.0,4.0,0.0,40,4,1,1,38,0,1,1
419480,2403,0.0,4.0,0.0,1,1,1,1,0,0,1,0
41950,2162,0.0,2.0,1.0,8,1,1,5,7,0,1,0
41982,1910,0.0,5.0,0.0,3,1,1,1,2,0,1,0
420033,3878,0.0,0.0,0.0,12,4,1,2,11,0,1,0
42025,1348,0.0,0.0,0.0,6,4,1,1,5,0,1,0
420327,66,0.0,3.0,0.0,5,3,2,1,4,0,1,0
420353,4818,1.0,3.0,1.0,211,44,13,5,198,0,4,9
420889,4173,0.0,3.0,0.0,11,5,3,4,10,0,1,0
421646,3734,0.0,0.0,1.0,17,1,1,2,16,0,1,0
42175,806,1.0,3.0,0.0,4,1,1,1,3,0,1,0
421870,2031,0.0,2.0,1.0,2,1,1,1,1,0,1,0
42201,1861,0.0,3.0,0.0,4,3,2,3,1,0,2,1
422122,2303,0.0,0.0,0.0,17,5,1,4,13,0,2,2
422684,685,0.0,5.0,0.0,1,1,1,1,0,0,1,0
422809,684,0.0,5.0,0.0,1,1,1,1,0,0,1,0
423477,2031,0.0,6.0,1.0,1,1,1,1,0,0,1,0
424085,4394,0.0,7.0,0.0,2,1,1,1,1,0,1,0
42521,145,0.0,3.0,0.0,3,2,1,1,2,0,1,0
42630,643,0.0,4.0,0.0,7,3,1,2,5,0,1,1
43445,2149,0.0,0.0,0.0,17,2,1,5,16,0,1,0
43496,606,0.0,0.0,0.0,2,1,1,2,0,0,1,1
43564,4760,0.0,3.0,0.0,5,2,1,1,4,0,1,0
43641,3936,0.0,4.0,0.0,3,2,2,1,0,0,2,1
44033,4950,0.0,3.0,0.0,6,2,2,2,5,0,1,0
44242,588,0.0,3.0,0.0,2,1,1,1,1,0,1,0
44323,1499,0.0,2.0,0.0,16,5,2,1,15,0,1,0
45015,1760,0.0,7.0,0.0,4,1,1,1,3,0,1,0
45083,1963,0.0,5.0,0.0,86,18,2,3,84,0,2,0
45478,4705,0.0,2.0,0.0,4,1,1,3,2,0,1,1
45967,2189,0.0,0.0,0.0,4,1,1,1,3,0,1,0
46150,3473,0.0,4.0,0.0,19,7,2,2,14,0,4,1
46255,3143,0.0,6.0,1.0,28,9,2,1,20,0,7,1
46973,500,0.0,6.0,1.0,4,1,1,2,3,0,1,0
47135,4504,0.0,0.0,1.0,6,3,1,2,5,0,1,0
47369,2664,0.0,4.0,0.0,2,2,1,1,0,0,2,0
47440,3363,0.0,6.0,0.0,1,1,1,1,0,0,1,0
48980,586,0.0,4.0,1.0,215,38,7,1,205,0,10,0
49127,4282,0.0,3.0,1.0,78,28,5,4,76,0,2,0
49699,2108,0.0,3.0,1.0,3,1,1,1,2,0,1,0
49702,203,0.0,3.0,0.0,2,1,1,1,0,0,1,1
49758,2684,0.0,5.0,0.0,19,9,1,1,16,0,3,0
49978,2140,0.0,6.0,0.0,13,8,1,2,12,0,1,0
50623,1346,1.0,4.0,0.0,3,2,1,2,2,0,1,0
50656,4382,0.0,5.0,1.0,4,2,1,1,3,0,1,0
5091,4760,0.0,5.0,0.0,9,2,1,1,7,0,2,0
51105,625,0.0,6.0,0.0,3,1,1,1,2,0,1,0
5135,2888,0.0,4.0,1.0,13,1,1,1,12,0,1,0
51522,606,0.0,5.0,0.0,5,3,3,1,4,0,1,0
51608,2537,0.0,3.0,0.0,1,1,1,1,0,0,1,0
51636,4474,0.0,2.0,0.0,20,4,1,4,17,0,1,2
52307,1393,0.0,3.0,0.0,11,5,3,4,10,0,1,0
52370,2821,0.0,0.0,1.0,13,8,2,1,12,0,1,0
52706,598,0.0,4.0,1.0,4,1,1,1,3,0,1,0
5336,4705,0.0,3.0,0.0,3,1,1,2,1,0,1,1
53657,4871,0.0,4.0,1.0,11,4,1,2,9,0,1,1
53693,2275,0.0,4.0,1.0,2,1,1,1,1,0,1,0
53724,3541,0.0,3.0,1.0,5,4,1,1,4,0,1,0
53923,4022,0.0,7.0,0.0,2,1,1,1,1,0,1,0
54241,2746,0.0,3.0,1.0,2,1,1,1,1,0,1,0
54452,104,0.0,3.0,0.0,3,2,1,2,2,0,1,0
54595,1340,0.0,6.0,0.0,21,14,4,2,18,0,1,2
54737,2565,1.0,5.0,0.0,256,69,3,13,249,0,6,1
55277,4427,0.0,3.0,1.0,13,1,1,3,11,0,1,1
55361,3609,0.0,0.0,0.0,5,1,1,1,3,0,1,1
554,102,0.0,4.0,0.0,3,1,1,1,2,0,1,0
55449,2761,0.0,4.0,1.0,5,3,1,1,4,0,1,0
56359,2051,1.0,0.0,0.0,4,1,1,1,3,0,1,0
56532,3828,0.0,5.0,0.0,12,5,3,5,10,0,1,1
5709,4325,0.0,5.0,1.0,11,3,1,1,10,0,1,0
57203,14,0.0,3.0,2.0,14,5,2,1,12,0,1,1
57269,1123,0.0,4.0,0.0,12,2,2,3,11,0,1,0
57914,2279,0.0,2.0,0.0,2,1,1,1,1,0,1,0
58383,798,0.0,3.0,0.0,7,3,3,2,5,0,1,1
59048,2821,0.0,2.0,0.0,1,1,1,1,0,0,1,0
59240,1485,0.0,6.0,0.0,1,1,1,1,0,0,1,0
59655,1102,0.0,3.0,0.0,9,4,4,2,8,0,1,0
60016,2608,0.0,0.0,1.0,2,1,1,1,1,0,1,0
60121,598,0.0,3.0,0.0,36,22,5,2,34,0,2,0
6122,1816,0.0,0.0,0.0,14,7,2,2,13,0,1,0
61433,4131,0.0,3.0,1.0,1,1,1,1,0,0,1,0
61550,4219,0.0,2.0,0.0,1,1,1,1,0,0,1,0
61804,3635,0.0,5.0,0.0,9,4,1,1,8,0,1,0
61832,3407,0.0,0.0,0.0,3,1,1,2,2,0,1,0
62545,1724,0.0,2.0,0.0,18,7,3,3,16,0,2,0
62552,2537,0.0,0.0,null,1,1,1,1,0,0,1,0
62722,3826,0.0,4.0,1.0,1,1,1,1,0,0,1,0
62993,3163,0.0,4.0,1.0,3,1,1,1,1,0,2,0
63084,1062,0.0,6.0,0.0,4,2,1,1,3,0,1,0
63213,1916,0.0,6.0,1.0,1,1,1,1,0,0,1,0
63241,4450,0.0,5.0,0.0,11,2,2,4,8,0,1,2
63488,1285,0.0,3.0,1.0,4,2,1,1,3,0,1,0
64094,4072,0.0,0.0,1.0,7,3,1,1,6,0,1,0
64312,3473,0.0,0.0,0.0,4,1,1,3,2,0,1,1
647,2505,0.0,4.0,1.0,2,1,1,2,1,0,1,0
64705,3200,0.0,3.0,0.0,3,1,1,1,2,0,1,0
65240,2026,0.0,3.0,1.0,6,1,1,1,5,0,1,0
65538,2450,0.0,6.0,1.0,4,2,1,1,3,0,1,0
6556,1481,0.0,0.0,0.0,3,1,1,1,2,0,1,0
6590,1659,0.0,0.0,0.0,7,1,1,2,6,0,1,0
66378,472,1.0,5.0,0.0,7,1,1,2,5,0,2,0
66884,360,1.0,6.0,1.0,2,1,1,1,0,0,2,0
66938,4605,0.0,0.0,1.0,6,2,2,1,5,0,1,0
67179,4594,0.0,3.0,1.0,4,1,1,1,3,0,1,0
67180,1272,0.0,5.0,0.0,34,12,4,3,32,0,2,0
67251,1692,0.0,3.0,0.0,8,3,1,3,6,0,1,1
67860,2020,0.0,4.0,1.0,4,2,1,1,3,0,1,0
67885,1393,0.0,5.0,0.0,16,10,5,6,15,0,1,0
67889,4044,0.0,3.0,0.0,33,13,4,4,32,0,1,0
68233,418,0.0,5.0,0.0,5,3,2,1,4,0,1,0
68315,537,0.0,5.0,1.0,2,1,1,1,1,0,1,0
68555,1393,0.0,3.0,2.0,2,1,1,1,0,0,1,1
68612,2217,0.0,2.0,0.0,6,3,2,1,5,0,1,0
68617,3828,1.0,3.0,0.0,25,14,5,8,24,0,1,0
68860,4048,0.0,2.0,1.0,5,1,1,2,4,0,1,0
69082,2727,0.0,0.0,0.0,9,2,2,2,6,0,1,2
69317,747,0.0,3.0,0.0,5,1,1,1,3,0,1,1
69625,241,0.0,0.0,1.0,5,1,1,1,4,0,1,0
69716,1346,0.0,5.0,0.0,55,15,2,8,44,0,2,9
70281,1900,0.0,2.0,1.0,6,1,1,3,2,1,1,2
70332,1803,0.0,4.0,0.0,6,2,2,2,4,0,2,0
70363,2795,0.0,4.0,0.0,6,4,3,1,5,0,1,0
71049,4011,0.0,4.0,1.0,4,2,1,1,3,0,1,0
71198,4173,0.0,3.0,1.0,49,29,8,6,42,0,2,5
71206,115,0.0,3.0,1.0,5,3,2,3,4,0,1,0
71295,66,0.0,6.0,0.0,3,1,1,1,2,0,1,0
72042,437,0.0,6.0,0.0,17,11,3,2,16,0,1,0
7220,3319,0.0,3.0,2.0,7,1,1,3,6,0,1,0
72701,3954,0.0,3.0,1.0,2,1,1,1,1,0,1,0
73090,350,0.0,3.0,0.0,12,1,1,1,11,0,1,0
73118,3828,1.0,6.0,0.0,45,30,14,8,41,0,4,0
73156,1959,0.0,3.0,0.0,6,4,3,2,4,0,1,1
73366,3734,1.0,4.0,0.0,11,6,4,3,8,0,1,2
73391,416,1.0,0.0,0.0,9,5,2,2,4,0,2,3
73575,2537,0.0,5.0,0.0,5,3,2,1,3,0,2,0
73842,1472,0.0,0.0,0.0,1,1,1,1,0,0,1,0
74046,2465,0.0,7.0,0.0,3,1,1,2,2,0,1,0
74188,3538,1.0,2.0,1.0,5,3,2,2,4,0,1,0
74650,3205,0.0,7.0,0.0,10,8,2,1,1,0,1,8
74758,1049,0.0,3.0,1.0,1,1,1,1,0,0,1,0
74910,4976,0.0,3.0,0.0,7,4,1,1,6,0,1,0
75347,508,0.0,3.0,0.0,4,1,1,2,3,0,1,0
75378,2278,0.0,5.0,0.0,3,2,1,1,2,0,1,0
76572,598,0.0,2.0,1.0,5,2,2,1,4,0,1,0
76803,1673,0.0,3.0,1.0,3,1,1,2,2,0,1,0
7693,503,0.0,0.0,0.0,12,3,1,2,11,0,1,0
77249,3367,0.0,0.0,0.0,10,5,3,2,6,0,4,0
77369,798,0.0,0.0,1.0,9,4,4,2,8,0,1,0
77446,4976,1.0,3.0,0.0,5,3,3,1,2,0,3,0
77542,2447,0.0,0.0,0.0,9,4,1,1,8,0,1,0
78683,4718,0.0,4.0,0.0,6,3,1,1,5,0,1,0
78761,1487,0.0,6.0,0.0,6,4,1,3,3,2,1,0
7884,4248,0.0,3.0,0.0,9,1,1,3,8,0,1,0
78846,4693,0.0,0.0,0.0,147,63,3,11,143,0,1,3
79221,4659,1.0,3.0,0.0,8,4,2,1,7,0,1,0
79955,551,0.0,4.0,0.0,22,3,2,1,21,0,1,0
80613,2880,0.0,2.0,0.0,5,1,1,1,4,0,1,0
80682,685,0.0,0.0,1.0,1,1,1,1,0,0,1,0
80718,3477,0.0,0.0,1.0,13,5,2,3,12,0,1,0
80979,4388,0.0,0.0,0.0,4,2,2,1,3,0,1,0
81187,2313,0.0,4.0,1.0,2,2,2,1,0,0,2,0
81377,1049,0.0,2.0,1.0,6,1,1,1,4,0,1,1
81527,1816,0.0,0.0,1.0,4,3,3,2,3,0,1,0
81528,4042,0.0,4.0,0.0,14,2,1,2,12,0,1,1
83261,1760,0.0,3.0,0.0,7,6,2,3,3,0,4,0
83272,3382,0.0,4.0,1.0,2,1,1,1,1,0,1,0
84396,2237,0.0,0.0,1.0,2,2,2,1,1,0,1,0
84452,3898,0.0,6.0,0.0,4,1,1,1,3,0,1,0
84463,4760,0.0,4.0,0.0,3,1,1,1,2,0,1,0
84941,1693,0.0,6.0,0.0,9,2,1,1,8,0,1,0
85465,4966,0.0,7.0,1.0,4,3,2,3,0,0,2,2
85550,1618,0.0,5.0,0.0,5,1,1,1,4,0,1,0
86812,1056,0.0,3.0,0.0,5,3,2,3,0,0,2,3
87575,3898,0.0,6.0,0.0,8,1,1,3,7,0,1,0
87595,914,0.0,0.0,0.0,7,3,1,1,6,0,1,0
87665,4658,0.0,2.0,1.0,7,2,1,1,6,0,1,0
87894,3786,1.0,7.0,0.0,6,3,1,3,5,0,1,0
87935,3734,1.0,3.0,1.0,33,9,5,2,20,0,7,6
87941,1724,0.0,3.0,0.0,2,1,1,1,1,0,1,0
88065,4760,0.0,3.0,0.0,12,1,1,4,11,0,1,0
88099,786,0.0,3.0,0.0,5,3,2,1,4,0,1,0
88522,4090,0.0,4.0,0.0,8,2,1,2,7,0,1,0
88545,729,0.0,3.0,0.0,32,8,7,4,26,0,5,1
88546,1310,0.0,3.0,0.0,2,1,1,2,1,0,1,0
88915,2193,1.0,2.0,0.0,25,13,7,2,23,0,2,0
89092,3623,0.0,5.0,0.0,3,2,1,1,2,0,1,0
8942,1840,0.0,4.0,0.0,3,1,1,1,2,0,1,0
89459,2217,0.0,5.0,0.0,4,2,1,2,3,0,1,0
89775,1103,0.0,4.0,2.0,1,1,1,1,0,0,1,0
90239,4173,0.0,2.0,0.0,3,1,1,1,2,0,1,0
90448,66,0.0,2.0,0.0,13,2,1,1,12,0,1,0
91190,4044,0.0,0.0,0.0,17,4,1,2,14,0,3,0
91786,2031,0.0,4.0,1.0,9,2,1,2,7,0,1,1
91987,4710,0.0,3.0,0.0,1,1,1,1,0,0,1,0
92156,168,0.0,4.0,0.0,5,2,1,1,4,0,1,0
92385,3979,0.0,2.0,1.0,5,1,1,3,4,0,1,0
92416,2876,0.0,0.0,0.0,6,2,1,2,5,0,1,0
92542,1755,0.0,5.0,0.0,1,1,1,1,0,0,1,0
92867,2776,0.0,2.0,0.0,3,1,1,1,2,0,1,0
94270,4048,0.0,6.0,0.0,1,1,1,1,0,0,1,0
94329,4718,0.0,5.0,0.0,23,10,3,4,22,0,1,0
94683,4465,0.0,3.0,0.0,24,16,2,1,21,0,3,0
94715,297,0.0,6.0,0.0,2,1,1,1,1,0,1,0
94875,4932,0.0,0.0,0.0,15,4,2,3,14,0,1,0
95993,2545,0.0,7.0,0.0,11,5,2,2,10,0,1,0
96148,1494,0.0,6.0,1.0,1,1,1,1,0,0,1,0
96284,2883,0.0,3.0,0.0,3,1,1,2,2,0,1,0
96404,361,0.0,2.0,0.0,10,2,1,2,8,0,2,0
96680,1489,0.0,2.0,0.0,2,1,1,2,1,0,1,0
97505,3524,0.0,3.0,0.0,2,1,1,1,1,0,1,0
97530,168,0.0,3.0,0.0,9,4,2,2,8,0,1,0
9774,4173,0.0,3.0,0.0,16,14,5,3,15,0,1,0
98462,4044,0.0,2.0,1.0,5,1,1,1,4,0,1,0
98586,730,0.0,3.0,0.0,14,10,3,3,13,0,1,0
98774,4976,0.0,2.0,0.0,50,22,5,4,49,0,1,0
99050,1628,0.0,5.0,0.0,6,2,2,1,5,0,1,0
99530,1310,0.0,2.0,0.0,17,4,4,3,16,0,1,0
99556,3971,0.0,2.0,1.0,4,1,1,1,3,0,1,0
99900,2642,0.0,3.0,0.0,19,3,1,1,18,0,1,0
99924,2597,0.0,3.0,0.0,4,1,1,1,3,0,1,0
