100187,4450,0.0,3.0,0.0,1,1,1,1,0,0,1,0
100252,1708,0.0,0.0,0.0,5,1,1,2,3,0,1,1
100488,1673,0.0,3.0,0.0,2,1,1,1,1,0,1,0
100663,4005,0.0,0.0,0.0,1,1,1,1,0,0,1,0
101030,1602,0.0,0.0,1.0,1,1,1,1,0,0,1,0
101427,972,0.0,4.0,0.0,8,1,1,2,5,0,3,0
101637,1102,0.0,3.0,1.0,5,5,4,2,1,0,4,0
102928,1892,0.0,4.0,1.0,6,3,2,1,5,0,1,0
102964,2928,0.0,3.0,1.0,24,12,3,4,23,0,1,0
103055,2108,0.0,4.0,0.0,4,1,1,2,3,0,1,0
103106,760,0.0,3.0,0.0,3,1,1,2,2,0,1,0
103340,66,0.0,4.0,1.0,4,1,1,1,3,0,1,0
103453,4764,0.0,5.0,1.0,5,2,2,2,4,0,1,0
103757,1272,0.0,0.0,0.0,4,1,1,2,2,0,1,1
105089,2639,0.0,5.0,0.0,1,1,1,1,0,0,1,0
10522,2138,0.0,2.0,0.0,7,1,1,2,5,0,1,1
105457,4992,0.0,5.0,1.0,6,2,1,1,5,0,1,0
105516,2537,0.0,0.0,0.0,5,1,1,3,3,0,1,1
105521,684,0.0,4.0,0.0,34,13,5,3,32,0,2,0
106452,2482,0.0,0.0,0.0,3,3,2,2,0,0,2,1
106662,437,0.0,3.0,0.0,13,5,1,2,12,0,1,0
106849,1020,0.0,0.0,0.0,3,1,1,1,2,0,1,0
106890,4955,0.0,3.0,0.0,2,1,1,1,1,0,1,0
106960,798,0.0,3.0,0.0,1,1,1,1,0,0,1,0
107105,2242,0.0,4.0,0.0,6,3,2,1,4,0,2,0
107643,166,0.0,2.0,1.0,18,12,1,2,17,0,1,0
107726,4702,0.0,2.0,1.0,2,1,1,1,1,0,1,0
107740,4335,0.0,3.0,0.0,9,2,2,2,6,0,1,2
107834,4568,0.0,3.0,0.0,3,1,1,1,2,0,1,0
108069,4217,0.0,0.0,1.0,3,1,1,1,0,0,3,0
108306,2482,0.0,3.0,1.0,3,1,1,2,1,0,1,1
108572,742,0.0,0.0,2.0,8,4,2,1,7,0,1,0
108950,2482,0.0,0.0,0.0,6,3,2,2,5,0,1,0
109210,3460,0.0,2.0,0.0,9,3,1,1,7,0,2,0
109399,416,0.0,5.0,0.0,22,4,3,6,20,0,1,1
109872,3152,0.0,6.0,0.0,28,9,1,1,25,0,3,0
110023,4049,0.0,3.0,0.0,9,3,1,1,8,0,1,0
110512,3941,0.0,0.0,1.0,27,8,2,8,26,0,1,0
110774,4580,0.0,5.0,1.0,26,13,5,2,19,0,7,0
111001,423,0.0,0.0,0.0,4,1,1,2,2,0,1,1
111096,2273,0.0,0.0,0.0,3,1,1,1,2,0,1,0
111289,1520,0.0,5.0,0.0,3,1,1,2,2,0,1,0
112694,1031,0.0,3.0,0.0,2,1,1,1,0,0,2,0
112746,2173,0.0,5.0,0.0,3,2,2,2,0,0,2,1
112950,643,0.0,4.0,0.0,33,25,5,3,32,0,1,0
112960,1583,1.0,3.0,0.0,30,19,3,8,29,0,1,0
112981,1203,0.0,0.0,0.0,9,5,2,2,8,0,1,0
11324,416,0.0,4.0,0.0,14,7,4,3,12,0,1,1
113671,798,0.0,5.0,0.0,7,1,1,1,6,0,1,0
113939,4043,1.0,3.0,1.0,10,5,2,1,7,0,2,1
114400,168,1.0,4.0,0.0,15,5,1,3,14,0,1,0
11462,1017,0.0,2.0,0.0,14,2,1,3,12,0,1,1
114706,608,0.0,7.0,0.0,38,9,2,3,35,0,2,1
114868,2435,0.0,0.0,0.0,3,1,1,2,2,0,1,0
114900,3990,0.0,0.0,0.0,36,16,5,5,29,0,3,4
115783,3629,0.0,3.0,1.0,12,3,3,1,10,0,2,0
116586,2273,0.0,5.0,0.0,3,2,1,2,2,0,1,0
1169,4760,0.0,0.0,1.0,8,1,1,3,7,0,1,0
117327,3619,0.0,0.0,0.0,10,1,1,2,9,0,1,0
117639,2318,0.0,0.0,0.0,3,1,1,1,2,0,1,0
11788,946,0.0,4.0,0.0,13,5,1,2,11,0,2,0
1179,3230,0.0,3.0,0.0,3,1,1,2,1,0,1,1
118309,4173,0.0,0.0,0.0,7,1,1,3,6,0,1,0
118513,2318,0.0,4.0,0.0,16,4,1,2,14,0,1,1
119393,1310,0.0,2.0,0.0,7,4,2,1,6,0,1,0
119632,3536,0.0,4.0,0.0,2,1,1,1,1,0,1,0
12070,2545,0.0,2.0,1.0,11,6,5,6,5,0,1,5
120775,3420,0.0,0.0,1.0,4,2,1,1,3,0,1,0
12098,1854,1.0,4.0,0.0,10,5,1,1,9,0,1,0
121576,1393,0.0,3.0,0.0,4,2,2,1,3,0,1,0
121601,1090,0.0,0.0,0.0,1,1,1,1,0,0,1,0
121674,3828,1.0,4.0,0.0,53,14,6,6,46,0,1,6
121809,3022,0.0,3.0,0.0,6,1,1,1,5,0,1,0
121982,3819,0.0,2.0,0.0,3,1,1,1,2,0,1,0
12200,3734,0.0,2.0,1.0,9,2,2,3,8,0,1,0
122085,23,0.0,3.0,0.0,5,4,1,1,4,0,1,0
122189,3822,0.0,0.0,0.0,1,1,1,1,0,0,1,0
12299,2639,1.0,4.0,2.0,25,9,7,4,22,0,2,1
123960,2318,0.0,0.0,0.0,9,4,1,2,8,0,1,0
124130,3051,0.0,4.0,1.0,3,1,1,1,2,0,1,0
124386,684,0.0,6.0,0.0,4,2,1,2,2,0,2,0
124548,3163,0.0,3.0,1.0,9,5,3,1,7,0,2,0
124645,3940,0.0,3.0,0.0,4,1,1,1,3,0,1,0
125153,1754,0.0,5.0,0.0,1,1,1,1,0,0,1,0
125441,4049,0.0,3.0,1.0,8,3,1,1,7,0,1,0
126978,1526,0.0,4.0,0.0,13,7,5,1,12,0,1,0
126979,1755,0.0,2.0,0.0,1,1,1,1,0,0,1,0
127177,1978,0.0,3.0,0.0,1,1,1,1,0,0,1,0
127387,4040,0.0,3.0,0.0,1,1,1,1,0,0,1,0
127926,3906,0.0,4.0,1.0,2,1,1,1,1,0,1,0
128104,1916,0.0,0.0,0.0,8,2,1,3,5,0,3,0
128389,2138,0.0,3.0,0.0,3,1,1,2,2,0,1,0
128416,4947,0.0,3.0,0.0,6,5,3,1,5,0,1,0
128485,3609,0.0,6.0,0.0,1,1,1,1,0,0,1,0
128602,1861,0.0,0.0,1.0,8,3,1,2,7,0,1,0
128626,2459,0.0,3.0,0.0,11,6,2,1,10,0,1,0
128696,4048,0.0,2.0,1.0,5,1,1,2,3,0,2,0
129255,3538,0.0,0.0,0.0,4,1,1,2,2,0,2,0
129285,4836,0.0,0.0,0.0,2,1,1,2,0,0,1,1
129500,3668,0.0,0.0,0.0,3,1,1,1,2,0,1,0
129612,4525,0.0,3.0,0.0,6,5,2,1,0,0,6,0
129836,4287,0.0,4.0,0.0,3,1,1,1,2,0,1,0
130101,524,0.0,0.0,0.0,13,5,2,1,11,0,2,0
130356,2415,0.0,0.0,0.0,2,1,1,1,0,0,1,1
130585,1890,0.0,6.0,0.0,25,5,1,5,23,0,1,1
131105,4099,0.0,4.0,0.0,3,3,2,1,1,0,2,0
131115,1494,0.0,0.0,0.0,2,1,1,1,1,0,1,0
131353,3828,0.0,6.0,0.0,1,1,1,1,0,0,1,0
131677,1131,0.0,3.0,0.0,11,2,2,3,8,0,2,1
132164,1102,0.0,3.0,0.0,3,1,1,1,2,0,1,0
132559,3889,0.0,5.0,1.0,7,1,1,4,6,0,1,0
133002,2793,0.0,2.0,1.0,2,1,1,1,0,0,1,1
133167,1090,1.0,0.0,0.0,1,1,1,1,0,0,1,0
133263,1031,0.0,3.0,0.0,2,2,2,2,0,0,1,1
133338,4170,0.0,0.0,1.0,5,2,1,2,4,0,1,0
133658,4950,1.0,4.0,0.0,3,2,2,2,1,0,2,0
133696,3578,0.0,3.0,1.0,2,1,1,2,0,0,1,1
133849,1031,0.0,0.0,0.0,5,1,1,1,3,0,2,0
133940,1890,0.0,6.0,0.0,18,13,2,1,16,0,2,0
13407,4607,0.0,4.0,0.0,8,4,1,2,7,0,1,0
134659,1501,0.0,3.0,0.0,40,14,3,4,39,0,1,0
135382,2318,0.0,0.0,0.0,8,1,1,1,7,0,1,0
135486,1763,0.0,0.0,0.0,3,1,1,2,2,0,1,0
136081,4982,0.0,0.0,0.0,6,3,1,2,3,0,2,1
13611,2592,0.0,5.0,0.0,5,1,1,2,3,0,2,0
136689,1049,0.0,2.0,1.0,1,1,1,1,0,0,1,0
136949,1272,0.0,5.0,0.0,9,2,2,2,8,0,1,0
137363,1353,0.0,2.0,1.0,4,1,1,1,3,0,1,0
137414,219,1.0,3.0,0.0,3,1,1,1,1,0,2,0
137741,4325,0.0,2.0,0.0,2,1,1,1,1,0,1,0
137779,4813,0.0,6.0,0.0,4,1,1,1,3,0,1,0
137893,2397,0.0,4.0,2.0,28,7,3,4,26,0,2,0
137905,3389,0.0,4.0,0.0,1,1,1,1,0,0,1,0
138694,3734,0.0,4.0,1.0,17,11,7,3,15,0,1,1
138761,962,0.0,3.0,0.0,6,4,2,1,3,0,3,0
138805,606,0.0,3.0,2.0,4,2,2,1,2,0,2,0
139117,296,0.0,4.0,0.0,7,6,4,3,6,0,1,0
13927,2154,0.0,0.0,0.0,1,1,1,1,0,0,1,0
140598,4966,0.0,4.0,1.0,1,1,1,1,0,0,1,0
140643,1923,0.0,0.0,1.0,10,4,1,1,9,0,1,0
14083,2148,0.0,2.0,1.0,7,1,1,1,6,0,1,0
14087,2537,0.0,4.0,1.0,2,1,1,1,0,0,1,1
141340,2545,0.0,3.0,1.0,61,29,9,13,60,0,1,0
141995,293,0.0,3.0,1.0,7,1,1,2,6,0,1,0
142357,2721,1.0,4.0,1.0,15,7,2,2,12,0,3,0
142510,3284,1.0,4.0,0.0,1,1,1,1,0,0,1,0
142618,1963,0.0,4.0,1.0,28,9,1,3,27,0,1,0
142710,4500,0.0,3.0,0.0,3,1,1,1,2,0,1,0
143030,2545,0.0,2.0,1.0,14,7,3,2,11,0,1,2
14308,3619,0.0,4.0,1.0,6,2,1,2,5,0,1,0
143080,3898,0.0,0.0,0.0,4,1,1,1,2,0,2,0
143111,862,0.0,4.0,1.0,19,11,10,1,18,0,1,0
14327,4385,0.0,0.0,null,7,5,2,1,6,0,1,0
143275,415,0.0,3.0,0.0,4,2,2,2,2,0,2,0
143553,1618,0.0,3.0,0.0,7,3,1,1,6,0,1,0
143610,1050,0.0,2.0,1.0,6,1,1,4,4,1,1,0
143614,4316,0.0,3.0,0.0,2,1,1,1,1,0,1,0
144042,2031,0.0,3.0,1.0,2,1,1,1,1,0,1,0
144058,2403,1.0,0.0,0.0,51,23,1,1,46,0,5,0
144092,4993,0.0,3.0,0.0,3,1,1,1,2,0,1,0
144481,2745,0.0,0.0,0.0,8,6,5,2,7,0,1,0
144916,4305,0.0,3.0,0.0,5,2,1,2,4,0,1,0
145200,3022,0.0,2.0,1.0,5,3,1,1,4,0,1,0
146101,4079,0.0,2.0,0.0,9,3,1,1,7,0,2,0
146272,1816,0.0,null,null,43,22,4,4,40,2,1,0
147794,2014,0.0,5.0,0.0,2,1,1,1,1,0,1,0
148754,2992,1.0,4.0,1.0,15,4,2,1,12,0,3,0
150101,3862,0.0,3.0,1.0,4,1,1,1,3,0,1,0
150684,2397,0.0,4.0,2.0,12,9,3,1,10,0,2,0
150709,2435,1.0,4.0,0.0,2,1,1,1,1,0,1,0
151114,1182,0.0,3.0,1.0,11,1,1,2,8,0,3,0
151452,606,0.0,3.0,0.0,13,8,2,3,12,0,1,0
151958,2124,0.0,4.0,0.0,28,10,1,4,24,0,4,0
15221,3870,1.0,6.0,0.0,9,6,2,1,8,0,1,0
152261,361,0.0,3.0,0.0,6,1,1,1,4,0,1,1
152842,2721,0.0,3.0,0.0,39,19,5,3,37,0,2,0
152906,1760,0.0,5.0,0.0,5,3,2,1,1,0,4,0
152934,4040,0.0,3.0,1.0,9,3,1,1,8,0,1,0
153050,265,0.0,0.0,0.0,14,3,1,1,12,0,2,0
153249,1910,0.0,4.0,1.0,6,1,1,1,5,0,1,0
153392,3472,0.0,2.0,0.0,3,2,1,1,2,0,1,0
153757,4173,1.0,4.0,0.0,1,1,1,1,0,0,1,0
1540,3402,0.0,4.0,0.0,14,6,1,1,13,0,1,0
154366,275,0.0,6.0,1.0,6,2,2,4,5,0,1,0
154399,3111,0.0,3.0,0.0,8,4,3,1,6,0,2,0
154657,4408,0.0,6.0,0.0,10,2,1,1,9,0,1,0
155039,4173,0.0,3.0,1.0,68,9,4,7,61,0,1,6
155229,2582,0.0,0.0,0.0,9,6,2,1,8,0,1,0
155290,4438,0.0,3.0,1.0,1,1,1,1,0,0,1,0
156116,3092,1.0,3.0,0.0,2,1,1,1,1,0,1,0
156187,1494,0.0,6.0,1.0,3,1,1,2,1,0,1,1
156663,4607,0.0,6.0,0.0,28,10,3,2,25,0,3,0
156828,606,0.0,3.0,1.0,6,3,2,1,5,0,1,0
157009,4071,0.0,0.0,0.0,2,1,1,1,1,0,1,0
157013,1892,0.0,4.0,1.0,9,2,1,2,8,0,1,0
157514,4536,0.0,3.0,0.0,3,1,1,1,2,0,1,0
157541,92,0.0,0.0,0.0,8,2,1,3,7,0,1,0
157896,4647,0.0,2.0,0.0,5,2,1,1,4,0,1,0
158331,1840,0.0,0.0,0.0,9,2,2,1,6,0,3,0
158552,2615,0.0,2.0,0.0,2,1,1,1,1,0,1,0
158704,323,0.0,6.0,1.0,6,1,1,2,5,0,1,0
159335,2124,0.0,2.0,0.0,6,3,1,3,5,0,1,0
160035,535,0.0,2.0,0.0,12,2,1,1,9,0,1,2
161680,219,0.0,3.0,0.0,2,1,1,2,1,0,1,0
161860,2891,0.0,4.0,0.0,2,1,1,1,1,0,1,0
162207,2140,0.0,4.0,0.0,1,1,1,1,0,0,1,0
1626,4196,0.0,2.0,1.0,6,1,1,1,5,0,1,0
162746,3319,1.0,5.0,2.0,4,2,1,2,3,0,1,0
162881,2140,0.0,0.0,0.0,1,1,1,1,0,0,1,0
163278,2515,0.0,0.0,1.0,7,2,1,1,6,0,1,0
163514,605,0.0,0.0,0.0,7,2,1,1,6,0,1,0
163912,498,0.0,null,null,30,7,1,6,28,0,1,1
164097,747,0.0,0.0,0.0,8,1,1,1,7,0,1,0
164711,2031,0.0,2.0,0.0,26,4,3,4,20,0,2,4
164759,4545,0.0,6.0,0.0,6,3,1,1,5,0,1,0
165144,2537,0.0,2.0,0.0,20,9,3,1,19,0,1,0
165171,1900,0.0,0.0,0.0,6,3,3,1,5,0,1,0
165597,3965,0.0,4.0,1.0,8,1,1,2,7,0,1,0
165982,4173,1.0,6.0,0.0,24,19,5,5,23,0,1,0
166221,2360,0.0,3.0,1.0,17,2,2,4,16,0,1,0
166362,1760,0.0,6.0,0.0,3,1,1,1,2,0,1,0
16671,2361,0.0,4.0,0.0,1,1,1,1,0,0,1,0
16675,2971,0.0,2.0,1.0,5,1,1,1,4,0,1,0
166889,3173,0.0,3.0,0.0,9,4,1,2,5,0,4,0
167767,3961,0.0,4.0,0.0,5,1,1,2,4,0,1,0
168234,472,0.0,3.0,0.0,8,1,1,1,7,0,1,0
16833,2537,0.0,2.0,0.0,4,1,1,2,2,0,1,1
169653,4170,0.0,0.0,0.0,3,1,1,1,2,0,1,0
170213,3990,0.0,5.0,0.0,3,2,2,1,2,0,1,0
170372,4525,0.0,4.0,0.0,2,1,1,2,1,0,1,0
170590,4368,0.0,3.0,0.0,6,2,1,1,5,0,1,0
17111,141,0.0,2.0,0.0,114,45,16,10,102,0,2,10
171238,3609,0.0,6.0,0.0,2,1,1,1,1,0,1,0
171483,2669,0.0,3.0,0.0,36,13,6,3,32,2,2,0
171786,3304,0.0,3.0,1.0,1,1,1,1,0,0,1,0
171845,252,0.0,4.0,0.0,9,2,1,2,7,0,2,0
1720,3462,0.0,0.0,0.0,8,3,1,3,6,0,1,1
172115,403,0.0,6.0,1.0,19,4,1,1,16,1,2,0
172125,3513,0.0,0.0,0.0,10,2,1,4,9,0,1,0
17251,773,0.0,3.0,0.0,10,2,1,2,9,0,1,0
172540,1900,0.0,0.0,0.0,7,3,3,1,6,0,1,0
17256,4976,0.0,2.0,0.0,14,3,2,1,11,0,1,2
172871,2913,0.0,3.0,0.0,4,1,1,1,3,0,1,0
172934,4079,0.0,2.0,0.0,3,3,1,1,0,0,3,0
173235,1978,0.0,3.0,1.0,11,4,1,1,9,0,2,0
173712,4976,0.0,3.0,1.0,5,1,1,2,3,0,1,1
173761,2721,0.0,3.0,1.0,28,9,1,2,27,0,1,0
173763,168,0.0,4.0,2.0,28,19,4,5,25,0,3,0
174389,1346,0.0,5.0,1.0,7,2,1,2,6,0,1,0
175070,2669,0.0,3.0,0.0,8,3,2,1,7,0,1,0
175200,508,0.0,3.0,0.0,18,6,1,1,15,0,2,1
175214,1840,1.0,6.0,0.0,2,1,1,1,1,0,1,0
175458,3822,0.0,0.0,1.0,46,6,1,9,39,0,2,5
175532,3291,0.0,4.0,0.0,8,1,1,2,7,0,1,0
175873,2981,0.0,0.0,2.0,2,1,1,1,1,0,1,0
175918,3578,0.0,0.0,0.0,4,3,1,3,0,0,1,3
176191,2562,0.0,7.0,1.0,2,1,1,1,1,0,1,0
17628,3839,0.0,3.0,0.0,6,3,2,1,5,0,1,0
176344,3828,0.0,0.0,0.0,9,1,1,2,7,0,1,1
176462,2669,0.0,2.0,0.0,6,2,2,1,5,0,1,0
176563,4043,1.0,2.0,0.0,22,13,6,3,18,0,2,2
17692,3432,1.0,6.0,0.0,15,10,2,3,13,0,1,1
176940,437,0.0,4.0,0.0,6,1,1,3,4,0,1,1
177205,3159,0.0,0.0,1.0,5,2,1,1,4,0,1,0
177458,4322,0.0,2.0,1.0,1,1,1,1,0,0,1,0
177550,1435,0.0,0.0,0.0,1,1,1,1,0,0,1,0
178097,437,0.0,2.0,0.0,69,27,3,8,64,0,1,4
17817,1226,0.0,4.0,1.0,3,1,1,1,2,0,1,0
178890,742,0.0,6.0,0.0,4,1,1,1,3,0,1,0
179262,4354,0.0,0.0,1.0,2,1,1,1,1,0,1,0
179266,4234,0.0,4.0,0.0,12,6,3,1,10,0,2,0
179886,141,1.0,0.0,0.0,13,2,1,1,12,0,1,0
179945,1963,0.0,3.0,1.0,15,5,3,3,14,0,1,0
180106,606,0.0,0.0,0.0,20,12,5,2,16,0,1,3
180621,4687,0.0,7.0,0.0,7,2,1,1,4,0,3,0
181028,2994,0.0,2.0,0.0,63,35,1,7,49,0,1,13
181042,3635,0.0,6.0,1.0,2,1,1,1,1,0,1,0
181433,2886,0.0,4.0,2.0,3,1,1,1,1,0,1,1
181683,606,0.0,0.0,0.0,7,6,4,2,4,0,1,2
182284,4079,0.0,3.0,0.0,5,1,1,2,2,0,3,0
182337,684,0.0,3.0,0.0,4,1,1,3,3,0,1,0
182746,1346,1.0,4.0,0.0,31,5,1,1,29,0,2,0
182891,66,0.0,0.0,0.0,7,1,1,1,6,0,1,0
182999,1102,0.0,null,null,2,1,1,1,1,0,1,0
183559,1487,0.0,5.0,0.0,5,2,1,3,4,0,1,0
183640,3784,0.0,0.0,1.0,18,5,5,1,17,0,1,0
184263,4584,0.0,2.0,1.0,1,1,1,1,0,0,1,0
184352,3484,0.0,2.0,1.0,4,1,1,1,2,0,2,0
185030,3701,0.0,7.0,0.0,14,7,2,1,11,0,1,2
185077,4950,0.0,5.0,0.0,11,3,3,1,9,0,2,0
18510,2639,0.0,5.0,0.0,5,3,2,2,3,0,2,0
185424,2471,0.0,2.0,0.0,5,1,1,3,4,0,1,0
185564,10,0.0,5.0,1.0,9,4,1,2,8,0,1,0
186725,4818,0.0,4.0,1.0,23,10,3,3,20,0,1,2
186921,13,0.0,4.0,1.0,6,2,1,1,5,0,1,0
187159,3925,0.0,0.0,0.0,8,5,4,4,7,0,1,0
187234,320,0.0,4.0,1.0,7,1,1,2,6,0,1,0
187624,941,0.0,5.0,1.0,3,1,1,1,2,0,1,0
187818,4976,0.0,3.0,0.0,1,1,1,1,0,0,1,0
18830,4044,0.0,3.0,0.0,10,9,4,3,9,0,1,0
188513,649,0.0,0.0,0.0,11,2,1,4,9,0,1,1
189104,862,0.0,3.0,0.0,4,4,2,1,0,0,4,0
189497,3635,0.0,6.0,1.0,4,1,1,1,3,0,1,0
189767,2465,0.0,2.0,1.0,1,1,1,1,0,0,1,0
190337,472,0.0,0.0,0.0,3,1,1,1,2,0,1,0
190577,63,0.0,3.0,0.0,7,4,2,2,6,0,1,0
191045,141,0.0,0.0,null,191,125,19,7,187,0,4,0
191189,3619,0.0,4.0,0.0,7,2,1,1,6,0,1,0
191192,2448,1.0,0.0,1.0,20,13,3,2,17,0,3,0
191461,437,0.0,3.0,0.0,5,1,1,3,3,0,1,1
19175,2450,0.0,2.0,0.0,2,1,1,1,1,0,1,0
19203,4744,0.0,3.0,0.0,8,1,1,3,7,0,1,0
19206,4940,0.0,3.0,0.0,12,6,1,1,11,0,1,0
192504,3971,0.0,0.0,1.0,9,1,1,2,8,0,1,0
193105,416,0.0,6.0,0.0,29,12,4,3,28,0,1,0
193510,4540,0.0,2.0,null,14,2,1,1,13,0,1,0
193561,4705,0.0,4.0,0.0,9,4,2,4,4,0,1,4
193741,2221,0.0,4.0,0.0,6,2,1,2,5,0,1,0
194190,4044,0.0,0.0,0.0,4,1,1,1,3,0,1,0
194521,1494,0.0,0.0,1.0,2,1,1,1,1,0,1,0
194925,4234,1.0,4.0,0.0,4,3,3,1,1,0,3,0
19505,963,0.0,2.0,0.0,4,3,1,1,3,0,1,0
195182,3593,0.0,0.0,1.0,1,1,1,1,0,0,1,0
195839,1203,0.0,0.0,1.0,5,3,3,2,4,0,1,0
196208,1719,0.0,3.0,0.0,2,1,1,1,1,0,1,0
196270,1983,0.0,6.0,1.0,6,1,1,1,4,0,2,0
196284,2124,0.0,4.0,0.0,4,1,1,2,3,0,1,0
197249,2031,0.0,3.0,0.0,4,2,1,1,3,0,1,0
197414,563,0.0,2.0,0.0,5,1,1,2,3,0,1,1
197532,4042,0.0,0.0,0.0,19,3,2,2,17,0,1,1
197640,2318,0.0,4.0,0.0,3,1,1,1,2,0,1,0
198063,4444,0.0,4.0,1.0,30,11,3,2,25,0,4,1
198268,684,0.0,5.0,0.0,8,4,1,1,7,0,1,0
198709,403,0.0,4.0,1.0,21,4,1,5,19,0,2,0
198774,4536,0.0,0.0,0.0,2,1,1,1,1,0,1,0
198855,4196,0.0,0.0,0.0,6,1,1,2,5,0,1,0
199078,4702,0.0,0.0,0.0,13,7,4,1,11,0,1,1
19975,4170,0.0,4.0,0.0,13,4,1,2,10,0,3,0
19995,1102,0.0,0.0,0.0,15,9,4,2,14,0,1,0
200087,4427,0.0,5.0,1.0,18,9,2,2,17,0,1,0
200221,904,0.0,0.0,0.0,12,7,2,2,9,2,1,0
200249,293,0.0,3.0,0.0,7,2,1,1,5,0,1,1
200667,2565,0.0,4.0,0.0,3,2,2,1,2,0,1,0
20086,2170,0.0,2.0,0.0,2,1,1,2,1,0,1,0
202400,2602,0.0,2.0,0.0,2,1,1,1,0,0,1,1
202441,1833,0.0,4.0,0.0,48,24,5,1,45,0,3,0
203116,4926,0.0,4.0,1.0,3,1,1,2,2,0,1,0
203492,2031,1.0,0.0,1.0,4,1,1,1,3,0,1,0
20386,255,0.0,3.0,0.0,8,1,1,1,7,0,1,0
2039,4650,0.0,2.0,1.0,1,1,1,1,0,0,1,0
203918,4282,0.0,3.0,0.0,2,1,1,1,1,0,1,0
204731,1501,0.0,3.0,0.0,65,25,9,6,57,0,1,7
20484,1102,0.0,2.0,0.0,10,4,2,4,8,0,1,1
20548,1749,0.0,4.0,0.0,29,5,3,7,27,0,2,0
205682,3689,0.0,3.0,1.0,33,15,4,1,30,0,3,0
205818,793,0.0,5.0,0.0,7,3,1,4,6,0,1,0
206034,1017,0.0,3.0,1.0,3,1,1,1,2,0,1,0
206056,2126,0.0,3.0,1.0,3,1,1,1,2,0,1,0
206309,3159,0.0,0.0,0.0,24,12,5,3,19,0,5,0
206598,3734,0.0,0.0,0.0,2,1,1,2,1,0,1,0
20753,3938,0.0,2.0,1.0,7,3,2,1,6,0,1,0
207784,2537,0.0,4.0,0.0,2,1,1,1,1,0,1,0
207853,4698,0.0,3.0,1.0,1,1,1,1,0,0,1,0
207892,4760,0.0,6.0,0.0,5,1,1,2,3,0,1,1
207906,2273,0.0,5.0,0.0,4,2,1,3,3,0,1,0
208143,2224,0.0,4.0,0.0,1,1,1,1,0,0,1,0
208204,4697,0.0,4.0,0.0,5,2,1,1,4,0,1,0
208383,1833,0.0,6.0,0.0,73,27,2,1,71,0,2,0
208444,4760,0.0,0.0,0.0,11,3,1,1,10,0,1,0
209203,3016,0.0,4.0,0.0,14,9,6,2,13,0,1,0
209225,1588,0.0,4.0,0.0,2,2,2,1,0,0,2,0
209646,1235,0.0,0.0,1.0,6,3,1,1,5,0,1,0
209651,742,0.0,6.0,0.0,3,1,1,2,1,0,1,1
210602,1892,0.0,4.0,1.0,32,17,6,4,31,0,1,0
210649,2217,0.0,2.0,0.0,6,3,2,2,5,0,1,0
210823,3154,0.0,4.0,1.0,5,3,2,1,2,0,3,0
211157,1618,0.0,5.0,0.0,3,2,2,2,2,0,1,0
211159,402,0.0,0.0,0.0,2,1,1,1,1,0,1,0
211245,2699,0.0,6.0,0.0,4,1,1,1,3,0,1,0
2115,2634,0.0,4.0,1.0,9,3,1,2,7,0,1,1
212407,222,0.0,4.0,1.0,1,1,1,1,0,0,1,0
21243,3961,0.0,4.0,1.0,5,2,2,1,3,0,2,0
212441,2277,0.0,3.0,0.0,6,1,1,1,5,0,1,0
212630,4042,0.0,4.0,0.0,5,1,1,1,4,0,1,0
212874,4985,0.0,0.0,0.0,11,5,2,3,10,0,1,0
213609,58,0.0,3.0,1.0,7,2,2,2,6,0,1,0
213901,2669,0.0,3.0,0.0,6,2,2,2,3,0,1,2
214247,2821,0.0,3.0,1.0,2,1,1,1,1,0,1,0
21434,4848,0.0,5.0,0.0,4,1,1,1,3,0,1,0
214480,590,0.0,3.0,0.0,68,12,4,2,67,0,1,0
214585,4280,0.0,2.0,0.0,6,2,1,3,3,0,1,2
214764,1103,0.0,6.0,0.0,3,1,1,1,2,0,1,0
215406,3628,0.0,3.0,0.0,2,1,1,1,1,0,1,0
215543,1724,0.0,4.0,1.0,10,3,1,2,9,0,1,0
215558,1581,0.0,3.0,0.0,13,6,1,1,8,0,5,0
215569,2193,0.0,0.0,0.0,4,1,1,1,2,0,1,1
216091,4610,0.0,4.0,0.0,4,1,1,1,3,0,1,0
2165,35,0.0,4.0,1.0,9,2,1,2,8,0,1,0
216835,3236,0.0,4.0,0.0,5,2,1,1,4,0,1,0
216936,3085,0.0,2.0,1.0,3,1,1,1,2,0,1,0
216959,3683,0.0,6.0,0.0,14,5,1,2,11,0,2,1
217026,2699,0.0,5.0,0.0,40,21,5,5,35,0,5,0
217705,1056,0.0,4.0,2.0,8,3,3,3,7,0,1,0
217796,4835,0.0,0.0,0.0,6,3,1,2,5,0,1,0
217907,2768,0.0,2.0,0.0,13,4,2,6,9,0,1,3
218119,1102,0.0,0.0,1.0,6,3,3,3,5,0,1,0
21818,2445,0.0,3.0,1.0,15,1,1,2,14,0,1,0
218438,1861,0.0,3.0,0.0,3,1,1,1,2,0,1,0
218999,2935,0.0,4.0,1.0,7,4,2,2,6,0,1,0
219196,1300,0.0,6.0,0.0,8,4,2,1,7,0,1,0
219404,2066,0.0,3.0,0.0,3,1,1,1,2,0,1,0
219667,145,0.0,4.0,0.0,7,2,1,1,5,0,2,0
220960,2124,0.0,8.0,0.0,16,2,1,2,13,2,1,0
221228,608,0.0,5.0,1.0,8,6,4,1,6,0,2,0
221356,4848,0.0,5.0,0.0,13,8,1,2,12,0,1,0
221617,4394,1.0,5.0,0.0,4,2,1,1,3,0,1,0
221787,1760,0.0,3.0,0.0,13,7,2,1,9,0,4,0
221885,4687,0.0,4.0,1.0,8,1,1,2,7,0,1,0
222613,1719,0.0,3.0,0.0,4,1,1,1,3,0,1,0
223018,1640,0.0,0.0,0.0,4,1,1,1,3,0,1,0
223131,3484,0.0,6.0,0.0,1,1,1,1,0,0,1,0
223557,897,0.0,3.0,0.0,3,1,1,1,2,0,1,0
224219,508,0.0,4.0,2.0,2,1,1,1,0,0,2,0
224242,3073,0.0,2.0,0.0,16,2,1,1,10,0,6,0
224743,1134,0.0,0.0,0.0,7,4,2,1,6,0,1,0
224873,4427,0.0,3.0,1.0,13,9,3,2,12,0,1,0
224885,3940,0.0,6.0,1.0,13,2,1,4,10,0,1,2
225324,2810,0.0,3.0,2.0,9,3,1,1,8,0,1,0
225397,1339,0.0,7.0,0.0,11,4,2,1,10,0,1,0
225718,416,0.0,4.0,0.0,17,6,4,4,15,0,1,1
225998,4170,0.0,3.0,0.0,7,1,1,3,5,0,2,0
226035,4519,0.0,5.0,1.0,3,1,1,1,2,0,1,0
226463,317,0.0,2.0,0.0,1,1,1,1,0,0,1,0
227437,4536,0.0,0.0,0.0,7,4,1,2,5,0,2,0
227467,798,0.0,0.0,0.0,4,2,2,1,3,0,1,0
227890,786,1.0,8.0,0.0,33,16,3,2,31,0,2,0
228108,4296,0.0,5.0,0.0,4,1,1,1,3,0,1,0
228189,4818,0.0,3.0,1.0,1,1,1,1,0,0,1,0
229226,4044,0.0,2.0,0.0,3,1,1,2,2,0,1,0
229640,3955,0.0,0.0,1.0,6,2,1,1,4,0,2,0
229712,1840,0.0,5.0,0.0,6,2,1,2,5,0,1,0
229889,66,0.0,5.0,0.0,1,1,1,1,0,0,1,0
230569,4949,0.0,7.0,0.0,12,8,6,5,11,0,1,0
230574,3022,0.0,3.0,0.0,3,1,1,1,2,0,1,0
23070,25,0.0,3.0,1.0,3,1,1,1,2,0,1,0
23084,467,0.0,3.0,1.0,1,1,1,1,0,0,1,0
230874,4585,0.0,5.0,0.0,3,2,2,1,2,0,1,0
231383,3042,0.0,4.0,1.0,2,1,1,1,1,0,1,0
231756,35,0.0,4.0,1.0,2,1,1,2,0,0,1,1
231800,2193,0.0,4.0,0.0,3,1,1,1,2,0,1,0
232050,20,0.0,3.0,1.0,2,1,1,1,1,0,1,0
232151,3990,0.0,4.0,0.0,8,1,1,1,7,0,1,0
232264,4049,0.0,4.0,2.0,8,3,3,1,6,0,2,0
232452,1875,0.0,0.0,1.0,38,11,4,2,37,0,1,0
232654,259,0.0,0.0,0.0,4,1,1,1,3,0,1,0
232923,3578,0.0,3.0,1.0,3,1,1,1,2,0,1,0
233074,3376,0.0,2.0,1.0,11,2,2,1,10,0,1,0
233090,2883,0.0,4.0,0.0,10,7,3,1,8,0,1,1
233509,24,0.0,5.0,1.0,1,1,1,1,0,0,1,0
233662,1522,0.0,3.0,0.0,4,2,1,2,3,0,1,0
233760,474,0.0,7.0,1.0,3,1,1,1,2,0,1,0
233888,951,1.0,3.0,1.0,4,1,1,1,3,0,1,0
234035,2637,0.0,3.0,1.0,8,3,2,1,6,0,2,0
234660,3809,0.0,3.0,0.0,1,1,1,1,0,0,1,0
234745,2684,0.0,null,null,2,1,1,1,1,0,1,0
235170,1999,0.0,4.0,1.0,7,2,1,2,5,0,1,1
235773,1892,0.0,4.0,0.0,1,1,1,1,0,0,1,0
235938,2008,0.0,2.0,0.0,6,2,1,3,4,0,1,1
236103,1892,0.0,4.0,0.0,9,3,2,1,8,0,1,0
236484,3545,0.0,4.0,1.0,16,4,1,2,11,0,1,4
236650,4787,0.0,0.0,0.0,2,1,1,1,1,0,1,0
237559,3562,0.0,2.0,0.0,2,1,1,1,1,0,1,0
237820,588,0.0,3.0,0.0,1,1,1,1,0,0,1,0
238245,685,0.0,6.0,0.0,4,1,1,2,3,0,1,0
238520,1346,0.0,3.0,0.0,7,4,1,2,6,0,1,0
238677,2242,0.0,4.0,2.0,15,8,3,3,13,0,1,1
239477,2738,0.0,6.0,0.0,1,1,1,1,0,0,1,0
240194,4170,0.0,5.0,0.0,4,3,2,1,3,0,1,0
240342,3420,0.0,4.0,0.0,8,2,2,1,6,0,2,0
240379,3220,0.0,5.0,0.0,4,2,1,1,3,0,1,0
240707,3683,0.0,3.0,1.0,3,1,1,1,2,0,1,0
240843,152,0.0,3.0,0.0,1,1,1,1,0,0,1,0
241175,1538,0.0,3.0,0.0,11,4,1,2,10,0,1,0
241424,1346,0.0,4.0,0.0,2,2,1,2,1,0,1,0
241528,1143,0.0,4.0,0.0,8,2,1,2,7,0,1,0
241544,4374,0.0,0.0,1.0,2,1,1,1,1,0,1,0
241659,63,0.0,7.0,0.0,9,3,2,2,8,0,1,0
24177,4760,0.0,2.0,0.0,11,3,1,2,10,0,1,0
24206,2537,0.0,4.0,0.0,1,1,1,1,0,0,1,0
242060,1393,1.0,3.0,0.0,15,9,3,2,13,0,2,0
242420,845,0.0,5.0,0.0,1,1,1,1,0,0,1,0
242852,359,0.0,3.0,0.0,8,3,1,1,7,0,1,0
242981,4438,0.0,0.0,0.0,11,5,1,1,9,0,1,1
243129,1721,0.0,7.0,0.0,27,1,1,2,25,0,1,1
243162,1561,0.0,0.0,0.0,6,2,1,1,5,0,1,0
243209,4048,0.0,4.0,1.0,3,1,1,1,2,0,1,0
24323,3828,0.0,4.0,0.0,75,42,11,3,69,0,4,2
243495,2482,0.0,3.0,0.0,17,3,2,5,13,0,2,2
243687,3004,0.0,0.0,1.0,8,5,1,1,7,0,1,0
244250,3545,0.0,5.0,0.0,3,1,1,1,2,0,1,0
244819,3609,0.0,5.0,0.0,2,1,1,1,1,0,1,0
244880,860,0.0,6.0,0.0,2,1,1,1,1,0,1,0
244949,862,0.0,4.0,0.0,34,15,8,2,27,0,6,1
245101,1704,0.0,0.0,0.0,17,11,2,2,14,0,2,1
245370,189,0.0,4.0,0.0,60,27,3,6,56,0,2,2
246253,608,0.0,0.0,0.0,1,1,1,1,0,0,1,0
246662,1272,0.0,0.0,0.0,33,2,2,5,31,0,2,0
247130,4760,0.0,3.0,1.0,4,1,1,2,3,0,1,0
247459,3205,0.0,0.0,0.0,4,2,1,1,2,0,2,0
247471,1352,0.0,3.0,1.0,7,4,1,1,6,0,1,0
247697,2360,0.0,3.0,0.0,7,1,1,1,4,0,2,1
248067,241,0.0,7.0,1.0,6,3,1,1,5,0,1,0
248082,3938,0.0,0.0,0.0,1,1,1,1,0,0,1,0
248969,4116,0.0,0.0,1.0,19,1,1,2,18,0,1,0
249089,4340,0.0,5.0,1.0,4,1,1,2,3,0,1,0
249396,1839,0.0,6.0,1.0,4,3,3,1,3,0,1,0
249410,2537,0.0,0.0,1.0,3,2,1,1,2,0,1,0
249665,4044,0.0,3.0,0.0,53,25,5,7,44,0,2,7
250100,3445,0.0,3.0,1.0,2,1,1,1,1,0,1,0
2503,3956,0.0,5.0,1.0,11,3,2,3,10,0,1,0
250340,598,0.0,3.0,1.0,34,11,3,2,32,0,2,0
250512,66,0.0,5.0,0.0,5,3,1,2,4,0,1,0
25094,4044,0.0,0.0,0.0,8,2,1,2,7,0,1,0
251954,3376,0.0,7.0,0.0,9,2,1,2,8,0,1,0
252423,4525,0.0,6.0,1.0,11,6,1,2,9,0,2,0
252524,606,0.0,3.0,0.0,5,1,1,1,4,0,1,0
252695,698,1.0,6.0,0.0,53,21,5,8,48,0,3,2
253343,63,0.0,0.0,0.0,5,3,2,1,4,0,1,0
253746,3682,0.0,4.0,0.0,1,1,1,1,0,0,1,0
253795,438,1.0,0.0,0.0,9,1,1,1,8,0,1,0
254272,2318,0.0,4.0,0.0,6,2,1,1,5,0,1,0
254306,3822,0.0,3.0,1.0,1,1,1,1,0,0,1,0
254409,4265,0.0,0.0,0.0,13,6,4,5,12,0,1,0
254526,1900,0.0,0.0,1.0,6,3,3,1,5,0,1,0
254554,2695,1.0,4.0,1.0,9,3,1,1,8,0,1,0
254566,1661,0.0,0.0,1.0,14,3,1,2,12,1,1,0
254862,2828,0.0,0.0,0.0,15,10,2,2,14,0,1,0
254930,2326,0.0,3.0,0.0,3,1,1,2,1,0,1,1
255801,2108,0.0,3.0,0.0,9,1,1,2,8,0,1,0
256510,1203,0.0,6.0,0.0,30,11,2,3,25,0,2,3
256882,1467,0.0,4.0,0.0,5,3,1,1,4,0,1,0
256949,1885,0.0,3.0,1.0,4,1,1,1,3,0,1,0
258037,3545,0.0,5.0,1.0,2,1,1,2,1,0,1,0
258080,1451,0.0,5.0,0.0,55,8,2,1,48,0,2,5
258635,4282,0.0,2.0,1.0,3,2,2,1,2,0,1,0
258766,3898,0.0,3.0,0.0,4,2,1,1,3,0,1,0
258791,4173,0.0,0.0,0.0,6,2,2,1,5,0,1,0
258993,4346,0.0,4.0,0.0,3,1,1,1,1,0,2,0
25900,3288,0.0,4.0,0.0,3,1,1,1,1,0,2,0
259837,3614,1.0,4.0,1.0,21,4,2,2,17,0,2,2
260195,4090,0.0,3.0,1.0,10,1,1,2,9,0,1,0
260804,2935,0.0,3.0,0.0,5,1,1,1,3,0,1,1
261188,2562,0.0,2.0,1.0,1,1,1,1,0,0,1,0
261319,4760,0.0,2.0,1.0,11,3,1,1,10,0,1,0
261336,3968,1.0,5.0,0.0,58,19,8,3,53,0,5,0
261459,588,1.0,3.0,0.0,3,1,1,1,1,0,1,1
261496,4368,0.0,3.0,0.0,5,3,3,3,4,0,1,0
261631,1102,0.0,6.0,0.0,48,33,10,5,47,0,1,0
261669,4170,0.0,4.0,1.0,29,5,1,1,27,0,2,0
261879,1861,0.0,4.0,2.0,5,3,2,1,3,0,2,0
261998,798,0.0,3.0,0.0,12,5,4,1,8,0,4,0
262037,2140,0.0,8.0,0.0,9,2,1,3,8,0,1,0
262185,2328,0.0,4.0,0.0,4,1,1,1,3,0,1,0
262622,685,0.0,6.0,1.0,2,1,1,1,1,0,1,0
262724,3286,0.0,8.0,1.0,10,1,1,2,8,0,2,0
263418,3958,0.0,4.0,0.0,45,18,9,5,44,0,1,0
263715,426,0.0,0.0,1.0,2,1,1,1,1,0,1,0
264056,3288,0.0,4.0,0.0,1,1,1,1,0,0,1,0
264156,2236,0.0,0.0,0.0,1,1,1,1,0,0,1,0
264262,2055,0.0,5.0,0.0,1,1,1,1,0,0,1,0
264271,4131,0.0,2.0,1.0,6,1,1,2,4,0,2,0
264273,3578,0.0,4.0,0.0,52,8,2,6,50,0,2,0
26442,2954,0.0,3.0,0.0,1,1,1,1,0,0,1,0
264605,2447,0.0,4.0,1.0,6,2,2,3,5,0,1,0
264749,1451,0.0,2.0,1.0,8,4,2,1,7,0,1,0
265066,4504,0.0,0.0,0.0,28,12,1,3,26,0,2,0
265778,4697,0.0,3.0,0.0,7,1,1,1,5,0,1,1
265841,1102,1.0,4.0,1.0,21,12,2,1,20,0,1,0
265847,1412,0.0,6.0,0.0,19,11,4,4,16,0,1,2
266632,3635,0.0,6.0,1.0,2,1,1,1,1,0,1,0
26689,3965,0.0,5.0,1.0,2,1,1,1,1,0,1,0
26691,1454,0.0,4.0,1.0,7,4,1,1,6,0,1,0
267279,272,0.0,4.0,1.0,13,4,2,4,12,0,1,0
267462,3623,0.0,3.0,0.0,3,1,1,1,2,0,1,0
267709,437,0.0,5.0,0.0,7,2,2,2,6,0,1,0
267944,1501,0.0,4.0,1.0,3,1,1,1,2,0,1,0
268280,219,0.0,0.0,0.0,3,1,1,1,0,0,2,1
268322,4394,1.0,3.0,0.0,4,1,1,1,3,0,1,0
268823,467,0.0,3.0,0.0,32,9,5,6,29,0,2,1
268826,4829,0.0,3.0,1.0,2,1,1,2,0,0,1,1
269432,1666,0.0,5.0,0.0,10,4,4,1,9,0,1,0
269558,4011,0.0,0.0,1.0,15,5,2,3,12,0,1,2
269902,2511,0.0,2.0,1.0,6,1,1,1,5,0,1,0
27002,3766,0.0,4.0,2.0,2,1,1,2,1,0,1,0
270100,2915,0.0,4.0,0.0,17,11,6,4,14,0,2,1
270301,4270,0.0,5.0,0.0,32,18,7,3,22,0,2,8
270568,4950,1.0,4.0,0.0,6,4,4,1,5,0,1,0
271093,3191,0.0,2.0,0.0,7,2,1,1,5,0,2,0
271511,2994,0.0,2.0,0.0,3,2,1,1,2,0,1,0
271603,960,0.0,3.0,0.0,7,1,1,1,5,0,1,1
271724,2465,0.0,2.0,1.0,3,1,1,2,1,0,1,1
272130,4585,0.0,0.0,0.0,4,1,1,1,3,0,1,0
27241,2047,0.0,5.0,1.0,4,1,1,1,3,0,1,0
272521,4947,0.0,7.0,0.0,12,2,1,1,11,0,1,0
272570,278,0.0,5.0,1.0,18,11,2,3,17,0,1,0
272579,3205,0.0,0.0,1.0,13,9,2,1,4,0,1,8
272621,1840,0.0,0.0,1.0,3,1,1,1,2,0,1,0
272685,2928,0.0,4.0,0.0,10,3,1,1,8,0,2,0
272920,4850,0.0,5.0,0.0,11,6,5,3,9,0,2,0
27325,2795,0.0,6.0,0.0,2,1,1,1,1,0,1,0
274526,1145,0.0,4.0,1.0,12,6,1,1,11,0,1,0
274622,66,0.0,5.0,0.0,1,1,1,1,0,0,1,0
275020,1840,0.0,5.0,0.0,16,8,5,2,12,0,4,0
275138,1618,0.0,5.0,0.0,44,10,4,4,41,0,3,0
275514,4270,1.0,4.0,1.0,9,4,3,2,7,0,2,0
275561,2592,0.0,0.0,1.0,5,2,1,1,4,0,1,0
275980,1742,0.0,4.0,0.0,6,3,1,1,5,0,1,0
275984,1486,0.0,0.0,1.0,6,1,1,2,5,0,1,0
275988,2000,0.0,3.0,0.0,5,1,1,1,4,0,1,0
276434,2565,0.0,7.0,1.0,3,1,1,1,2,0,1,0
276475,346,0.0,4.0,0.0,14,4,2,1,13,0,1,0
276771,4044,0.0,4.0,0.0,40,15,2,3,35,0,1,4
277588,3925,0.0,0.0,0.0,6,2,1,1,5,0,1,0
277847,1457,0.0,2.0,1.0,20,6,1,2,18,0,1,1
277869,1457,0.0,3.0,2.0,24,7,1,4,21,0,1,2
278312,2597,0.0,3.0,0.0,5,1,1,4,4,0,1,0
278590,4474,0.0,0.0,0.0,7,2,1,2,6,0,1,0
278995,786,0.0,0.0,0.0,4,3,2,2,3,0,1,0
279075,4048,0.0,3.0,0.0,16,12,1,1,15,0,1,0
279179,2022,0.0,2.0,0.0,15,5,2,4,14,0,1,0
279184,4427,1.0,5.0,0.0,5,1,1,3,4,0,1,0
27927,1330,0.0,5.0,1.0,3,1,1,1,2,0,1,0
279878,606,0.0,4.0,0.0,4,2,1,2,2,0,2,0
280717,1884,0.0,4.0,0.0,3,1,1,3,2,0,1,0
280898,3016,0.0,5.0,0.0,1,1,1,1,0,0,1,0
281152,1056,0.0,0.0,0.0,8,7,4,2,7,0,1,0
281164,4173,0.0,3.0,0.0,18,6,3,6,16,0,1,1
281653,3968,0.0,3.0,0.0,2,1,1,1,1,0,1,0
281859,1495,0.0,4.0,2.0,2,1,1,2,1,0,1,0
281956,4394,0.0,0.0,0.0,2,1,1,1,1,0,1,0
28201,4281,0.0,0.0,1.0,7,2,1,2,6,0,1,0
282351,3607,0.0,3.0,1.0,1,1,1,1,0,0,1,0
28250,300,0.0,3.0,1.0,17,11,7,2,16,0,1,0
282609,2124,0.0,2.0,1.0,26,11,2,8,24,0,1,1
283190,4463,0.0,3.0,0.0,8,1,1,3,7,0,1,0
283639,4618,0.0,4.0,1.0,11,1,1,2,9,0,1,1
283799,309,0.0,0.0,0.0,4,1,1,2,3,0,1,0
283832,4173,0.0,4.0,1.0,4,2,2,2,3,0,1,0
283846,2236,0.0,4.0,0.0,1,1,1,1,0,0,1,0
284420,2220,0.0,5.0,0.0,2,1,1,1,1,0,1,0
284846,1618,0.0,3.0,0.0,45,24,4,2,42,0,3,0
285513,3472,0.0,4.0,0.0,1,1,1,1,0,0,1,0
285658,3350,0.0,2.0,0.0,10,4,1,3,6,0,1,3
285734,4605,0.0,0.0,0.0,7,4,3,1,4,0,3,0
285866,915,0.0,7.0,1.0,9,2,2,3,8,0,1,0
286053,962,0.0,0.0,0.0,2,1,1,1,1,0,1,0
286059,4107,0.0,5.0,0.0,16,6,3,5,15,0,1,0
286486,1502,0.0,0.0,1.0,3,1,1,2,2,0,1,0
286865,2821,0.0,4.0,0.0,6,1,1,1,5,0,1,0
28709,2403,0.0,3.0,0.0,1,1,1,1,0,0,1,0
287103,1557,0.0,4.0,0.0,36,14,7,2,32,0,4,0
287270,1890,0.0,4.0,0.0,3,1,1,2,2,0,1,0
287483,4049,0.0,5.0,1.0,1,1,1,1,0,0,1,0
288713,3578,0.0,4.0,1.0,13,4,2,3,11,0,2,0
288838,962,0.0,3.0,0.0,10,4,3,4,8,0,1,1
288946,2608,0.0,3.0,0.0,5,1,1,1,4,0,1,0
28899,4718,0.0,4.0,1.0,12,9,4,1,11,0,1,0
289708,575,0.0,5.0,1.0,3,1,1,1,2,0,1,0
289802,4949,0.0,0.0,null,9,2,2,1,8,0,1,0
289985,1916,0.0,6.0,0.0,4,1,1,1,3,0,1,0
290074,2397,0.0,5.0,0.0,2,1,1,1,1,0,1,0
290157,145,0.0,3.0,1.0,1,1,1,1,0,0,1,0
290431,4444,0.0,3.0,0.0,26,11,2,4,19,0,1,6
290627,3828,0.0,7.0,1.0,32,14,4,4,30,0,2,0
292008,4083,0.0,4.0,0.0,5,2,1,1,4,0,1,0
29211,361,0.0,5.0,0.0,11,7,3,1,9,0,2,0
292254,2752,0.0,3.0,1.0,6,2,1,1,5,0,1,0
292885,1340,0.0,3.0,0.0,101,36,7,5,89,0,3,9
293017,1944,0.0,4.0,1.0,3,2,2,1,1,0,2,0
293300,474,0.0,4.0,0.0,1,1,1,1,0,0,1,0
293305,3967,0.0,6.0,1.0,11,2,2,1,9,0,2,0
293477,2108,0.0,2.0,0.0,18,6,4,3,17,0,1,0
293482,3990,0.0,0.0,0.0,50,38,10,3,47,0,2,1
293724,1096,0.0,3.0,1.0,7,1,1,2,5,0,1,1
293983,1784,0.0,4.0,0.0,4,1,1,1,1,0,3,0
2941,3635,0.0,8.0,1.0,14,3,2,1,12,0,2,0
294344,2193,0.0,4.0,0.0,4,1,1,1,3,0,1,0
294348,412,0.0,0.0,0.0,19,14,7,3,16,0,1,2
294730,2737,0.0,null,null,25,12,1,8,24,0,1,0
294930,2537,0.0,2.0,1.0,10,2,1,1,8,0,2,0
294964,4394,0.0,3.0,2.0,7,3,1,1,6,0,1,0
295106,3622,0.0,2.0,0.0,3,1,1,1,2,0,1,0
295622,1520,0.0,6.0,0.0,6,1,1,1,5,0,1,0
295773,2981,0.0,3.0,0.0,5,2,1,1,4,0,1,0
295930,4882,0.0,5.0,0.0,4,2,1,1,3,0,1,0
296053,1618,0.0,4.0,0.0,3,2,1,1,2,0,1,0
296072,437,0.0,2.0,1.0,15,8,2,1,14,0,1,0
296183,481,0.0,7.0,0.0,3,1,1,1,2,0,1,0
29693,2669,0.0,3.0,0.0,8,6,3,1,7,0,1,0
296944,3578,0.0,6.0,0.0,5,3,1,1,4,0,1,0
297094,4044,0.0,0.0,0.0,42,17,4,3,41,0,1,0
297108,508,0.0,3.0,0.0,3,1,1,1,2,0,1,0
297613,66,0.0,3.0,0.0,7,3,2,2,5,0,1,1
297706,963,0.0,5.0,0.0,4,1,1,2,3,0,1,0
298152,4705,0.0,6.0,0.0,3,1,1,1,2,0,1,0
29820,1102,0.0,2.0,0.0,18,11,2,1,17,0,1,0
298362,3828,0.0,3.0,0.0,13,5,3,3,12,0,1,0
298784,254,0.0,2.0,0.0,1,1,1,1,0,0,1,0
298855,1895,0.0,3.0,0.0,3,3,3,1,0,0,3,0
299464,4976,0.0,4.0,0.0,16,12,6,2,15,0,1,0
300293,2994,0.0,0.0,0.0,3,1,1,1,2,0,1,0
300299,4484,0.0,4.0,0.0,6,3,1,1,5,0,1,0
300638,219,0.0,4.0,0.0,3,1,1,1,1,0,2,0
30092,4594,0.0,2.0,0.0,7,3,1,1,6,0,1,0
301010,3484,0.0,4.0,0.0,19,3,2,3,17,0,2,0
301278,4735,0.0,3.0,0.0,6,3,2,1,5,0,1,0
30136,4270,0.0,5.0,0.0,4,1,1,1,3,0,1,0
301366,3350,0.0,0.0,0.0,3,1,1,2,1,0,1,1
30138,3828,0.0,0.0,0.0,55,31,9,5,54,0,1,0
302102,1272,1.0,7.0,0.0,39,14,4,3,37,1,1,0
302785,963,0.0,5.0,0.0,2,2,2,1,0,0,2,0
302845,3933,0.0,0.0,0.0,2,1,1,1,1,0,1,0
303116,798,0.0,4.0,1.0,3,1,1,1,2,0,1,0
303156,2273,0.0,4.0,0.0,8,1,1,1,7,0,1,0
303191,1678,0.0,2.0,0.0,3,2,2,2,1,0,2,0
303270,4848,0.0,6.0,0.0,6,1,1,2,5,0,1,0
303381,1102,0.0,5.0,0.0,38,25,1,7,36,0,2,0
303728,121,0.0,0.0,0.0,3,1,1,1,2,0,1,0
303734,2516,0.0,4.0,0.0,39,21,1,1,37,0,2,0
304126,415,0.0,5.0,0.0,3,2,2,1,2,0,1,0
304336,2397,0.0,4.0,0.0,5,3,3,2,3,0,2,0
304406,4871,1.0,2.0,0.0,1,1,1,1,0,0,1,0
30463,1557,0.0,0.0,0.0,10,1,1,1,9,0,1,0
304668,361,0.0,0.0,1.0,4,3,1,1,3,0,1,0
304856,2124,0.0,5.0,0.0,4,2,1,1,3,0,1,0
305037,2545,1.0,4.0,0.0,7,3,2,1,6,0,1,0
305281,2138,0.0,2.0,0.0,5,2,2,1,4,0,1,0
305433,4871,0.0,2.0,0.0,2,1,1,1,1,0,1,0
306174,4580,0.0,7.0,0.0,7,2,2,2,6,0,1,0
306276,3646,0.0,3.0,1.0,3,1,1,1,2,0,1,0
306333,1708,0.0,0.0,0.0,12,5,1,2,11,0,1,0
306341,4280,0.0,4.0,0.0,4,1,1,1,3,0,1,0
306718,2497,1.0,3.0,1.0,24,8,1,2,22,0,1,1
306892,234,0.0,4.0,0.0,5,2,1,3,3,0,2,0
307291,1884,0.0,4.0,0.0,1,1,1,1,0,0,1,0
307517,2592,0.0,null,null,2,1,1,1,1,0,1,0
307635,3828,0.0,5.0,0.0,59,46,11,9,58,0,1,0
308647,608,0.0,5.0,0.0,64,27,5,3,59,0,4,1
308828,2108,0.0,3.0,1.0,7,1,1,2,6,0,1,0
309461,4768,0.0,3.0,0.0,24,15,2,1,23,0,1,0
309483,1076,0.0,4.0,0.0,5,1,1,1,4,0,1,0
309619,798,0.0,5.0,0.0,1,1,1,1,0,0,1,0
309955,1054,0.0,4.0,0.0,12,4,1,4,10,0,1,1
31012,798,0.0,2.0,0.0,22,4,3,2,20,0,1,1
310304,798,0.0,4.0,0.0,6,2,2,3,5,0,1,0
310483,2187,0.0,2.0,0.0,33,15,2,6,25,0,1,7
310613,66,0.0,2.0,0.0,4,1,1,2,2,0,2,0
310867,3329,0.0,0.0,null,2,1,1,1,1,0,1,0
312214,2562,0.0,3.0,1.0,4,1,1,2,2,0,1,1
312336,1235,0.0,2.0,1.0,5,1,1,2,4,0,1,0
31241,3897,0.0,3.0,0.0,11,2,1,1,10,0,1,0
312757,366,0.0,3.0,0.0,8,2,1,1,7,0,1,0
312955,1910,0.0,0.0,0.0,3,1,1,1,2,0,1,0
313051,2939,0.0,4.0,0.0,16,3,2,3,14,0,1,1
313346,2786,0.0,3.0,1.0,1,1,1,1,0,0,1,0
313618,786,0.0,6.0,0.0,3,2,1,2,1,0,1,1
313848,4976,0.0,5.0,0.0,1,1,1,1,0,0,1,0
314189,2435,1.0,3.0,0.0,4,2,1,1,2,0,2,0
314508,4427,0.0,0.0,1.0,18,5,1,3,14,2,2,0
314747,3160,0.0,5.0,1.0,4,1,1,2,3,0,1,0
314905,1884,0.0,2.0,1.0,6,3,2,3,4,0,1,1
315726,4173,0.0,3.0,0.0,5,3,3,3,2,0,2,1
316036,4985,1.0,0.0,0.0,3,2,2,1,2,0,1,0
316415,2537,0.0,3.0,1.0,7,2,1,2,5,0,2,0
316422,1791,0.0,3.0,0.0,12,1,1,2,10,0,1,1
316798,742,0.0,4.0,1.0,5,1,1,1,4,0,1,0
31686,897,0.0,3.0,0.0,17,5,1,4,15,0,1,1
316972,2448,0.0,7.0,0.0,4,1,1,1,2,0,2,0
318029,2891,0.0,4.0,1.0,10,5,1,2,9,0,1,0
318301,4504,0.0,2.0,0.0,16,9,1,1,15,0,1,0
319507,1890,0.0,5.0,1.0,3,3,1,2,2,0,1,0
319721,2066,0.0,0.0,0.0,1,1,1,1,0,0,1,0
320135,3161,0.0,5.0,0.0,29,16,5,4,26,0,3,0
320506,3444,0.0,3.0,0.0,8,2,1,3,6,0,1,1
320964,4427,0.0,0.0,1.0,2,1,1,1,1,0,1,0
321371,3484,0.0,5.0,0.0,6,3,1,1,5,0,1,0
32171,3472,0.0,0.0,1.0,4,1,1,1,3,0,1,0
322348,1203,0.0,4.0,0.0,2,1,1,1,1,0,1,0
322364,4245,0.0,2.0,1.0,3,2,1,1,2,0,1,0
322399,777,1.0,3.0,0.0,1,1,1,1,0,0,1,0
32278,2397,0.0,4.0,0.0,2,2,2,2,1,0,1,0
32352,310,0.0,5.0,1.0,3,1,1,1,2,0,1,0
323539,4420,0.0,6.0,0.0,1,1,1,1,0,0,1,0
323773,882,0.0,6.0,0.0,2,1,1,1,1,0,1,0
323848,2821,0.0,3.0,0.0,14,7,4,1,12,0,1,1
323959,1102,0.0,4.0,0.0,4,3,1,1,3,0,1,0
32418,2693,0.0,3.0,0.0,6,2,2,1,3,0,2,1
324211,4015,0.0,4.0,1.0,5,2,1,1,4,0,1,0
324466,3623,0.0,3.0,0.0,5,2,1,2,4,0,1,0
324769,3476,1.0,5.0,1.0,37,20,9,1,35,0,2,0
325308,4818,0.0,3.0,0.0,29,3,2,4,28,0,1,0
32549,1089,0.0,2.0,2.0,4,1,1,1,3,0,1,0
325715,3444,0.0,2.0,1.0,5,1,1,2,4,0,1,0
32584,1884,1.0,3.0,0.0,2,1,1,1,1,0,1,0
326118,4760,0.0,0.0,1.0,45,9,5,3,43,0,1,1
326617,1281,0.0,5.0,0.0,4,1,1,1,3,0,1,0
326840,2571,0.0,0.0,0.0,2,1,1,1,1,0,1,0
326880,2767,0.0,4.0,0.0,6,2,1,1,5,0,1,0
326898,4976,0.0,3.0,0.0,3,2,1,2,2,0,1,0
32700,4087,0.0,3.0,1.0,4,1,1,2,3,0,1,0
327304,1892,0.0,4.0,null,13,7,4,1,8,2,3,0
327703,4705,0.0,2.0,1.0,1,1,1,1,0,0,1,0
328156,3016,1.0,4.0,0.0,42,33,6,2,17,0,8,17
328383,2760,0.0,0.0,0.0,4,1,1,1,2,0,2,0
328473,2138,0.0,5.0,0.0,2,2,2,1,0,0,2,0
328561,503,0.0,0.0,0.0,57,22,6,3,54,0,3,0
328625,2255,0.0,2.0,1.0,4,2,1,1,3,0,1,0
328645,170,0.0,3.0,0.0,7,1,1,2,5,0,1,1
328746,3955,0.0,3.0,0.0,3,2,1,1,0,0,1,2
32926,4173,0.0,0.0,0.0,55,25,6,6,47,0,2,6
329716,2915,0.0,0.0,1.0,7,2,2,1,6,0,1,0
330166,2138,0.0,0.0,0.0,30,5,4,1,29,0,1,0
330179,3171,0.0,4.0,1.0,6,1,1,1,5,0,1,0
330242,1890,0.0,5.0,0.0,8,4,2,3,7,0,1,0
330246,3016,0.0,null,null,85,41,12,6,81,0,4,0
331593,3828,0.0,4.0,0.0,26,12,4,3,25,0,1,0
331729,2217,0.0,5.0,0.0,3,2,1,2,2,0,1,0
331999,3683,0.0,4.0,1.0,13,7,1,1,12,0,1,0
332161,3889,0.0,3.0,1.0,9,2,2,2,7,0,2,0
332248,4836,0.0,2.0,1.0,33,16,4,2,31,0,2,0
332791,437,0.0,4.0,1.0,27,17,2,1,26,0,1,0
333136,1782,0.0,0.0,0.0,1,1,1,1,0,0,1,0
333377,2255,0.0,3.0,1.0,2,1,1,1,1,0,1,0
333479,15,0.0,4.0,0.0,10,3,2,1,9,0,1,0
33354,434,0.0,0.0,0.0,12,5,1,1,10,0,1,1
333559,3809,0.0,0.0,0.0,13,3,3,1,12,0,1,0
334084,423,1.0,0.0,0.0,3,1,1,1,2,0,1,0
334382,3323,0.0,3.0,1.0,6,1,1,1,5,0,1,0
334437,1784,0.0,0.0,0.0,5,1,1,1,2,0,3,0
335027,1393,1.0,5.0,0.0,15,5,4,2,14,0,1,0
335078,2099,0.0,5.0,0.0,4,2,2,1,2,0,2,0
335124,643,0.0,4.0,0.0,1,1,1,1,0,0,1,0
335520,4545,0.0,0.0,1.0,13,4,1,3,12,0,1,0
335556,897,0.0,4.0,1.0,4,1,1,1,3,0,1,0
335917,2273,0.0,3.0,1.0,22,9,1,1,21,0,1,0
336644,4523,0.0,0.0,1.0,26,11,4,1,21,0,5,0
336942,4727,0.0,3.0,0.0,2,1,1,1,1,0,1,0
336981,748,0.0,3.0,1.0,6,2,1,1,5,0,1,0
337080,4976,0.0,5.0,0.0,5,1,1,2,4,0,1,0
337170,574,0.0,5.0,1.0,2,1,1,1,1,0,1,0
337170,985,0.0,5.0,1.0,6,1,1,2,5,0,1,0
337682,1281,0.0,4.0,0.0,8,3,2,3,7,0,1,0
338824,1346,0.0,4.0,1.0,3,1,1,2,1,0,1,1
339241,3018,0.0,0.0,0.0,1,1,1,1,0,0,1,0
339672,4044,0.0,2.0,0.0,23,15,4,1,22,0,1,0
34007,503,0.0,3.0,0.0,6,3,1,1,5,0,1,0
340608,104,0.0,5.0,1.0,1,1,1,1,0,0,1,0
34116,1123,1.0,3.0,0.0,6,2,1,1,5,0,1,0
34137,643,0.0,2.0,0.0,2,1,1,1,1,0,1,0
341390,4589,0.0,6.0,0.0,4,1,1,1,3,0,1,0
341771,361,0.0,7.0,0.0,21,8,2,2,18,0,1,2
342573,1131,0.0,3.0,1.0,24,11,2,1,23,0,1,0
342875,2454,0.0,3.0,0.0,1,1,1,1,0,0,1,0
343140,3828,0.0,5.0,0.0,11,5,3,1,8,0,3,0
343160,416,0.0,4.0,0.0,18,5,2,1,15,0,3,0
343698,4558,1.0,3.0,0.0,3,1,1,2,2,0,1,0
343775,198,0.0,3.0,0.0,2,1,1,1,1,0,1,0
34384,2217,0.0,4.0,0.0,16,7,2,3,14,0,1,1
344259,219,0.0,null,null,3,1,1,1,2,0,1,0
34455,1379,0.0,5.0,0.0,3,1,1,2,2,0,1,0
344582,35,0.0,6.0,1.0,2,1,1,1,1,0,1,0
344657,4500,0.0,7.0,0.0,8,4,1,1,6,0,2,0
344718,4755,0.0,3.0,1.0,2,1,1,1,1,0,1,0
344794,682,0.0,4.0,0.0,6,2,2,1,4,0,2,0
344975,1102,0.0,5.0,0.0,22,12,8,1,21,0,1,0
34534,654,0.0,0.0,0.0,8,4,2,1,6,0,2,0
345529,1487,0.0,6.0,0.0,3,1,1,1,2,0,1,0
346051,2482,0.0,2.0,0.0,4,2,2,1,3,0,1,0
346072,3562,0.0,0.0,0.0,10,5,3,1,9,0,1,0
346595,669,0.0,3.0,0.0,1,1,1,1,0,0,1,0
346613,1203,0.0,5.0,0.0,24,10,4,2,22,0,2,0
34695,4044,0.0,5.0,0.0,39,21,7,3,32,0,3,4
347170,4173,0.0,3.0,0.0,13,4,2,3,12,0,1,0
347360,337,0.0,6.0,0.0,1,1,1,1,0,0,1,0
347702,4760,0.0,2.0,1.0,7,2,1,2,5,0,1,1
347738,4705,0.0,2.0,1.0,11,5,2,1,9,0,2,0
347742,2138,0.0,3.0,0.0,15,5,2,2,13,0,2,0
347851,310,0.0,7.0,null,7,2,1,1,5,0,2,0
348460,2102,0.0,0.0,0.0,3,2,2,1,1,0,2,0
348516,4270,1.0,4.0,0.0,15,9,4,3,14,0,1,0
349191,1678,0.0,4.0,1.0,15,9,3,1,14,0,1,0
349342,1851,0.0,4.0,0.0,19,12,6,1,16,0,3,0
349522,2160,1.0,3.0,0.0,9,3,1,1,8,0,1,0
34962,4173,0.0,3.0,0.0,11,4,3,3,10,0,1,0
349668,3013,0.0,4.0,0.0,7,4,1,2,5,0,1,1
350363,2928,0.0,0.0,2.0,7,4,3,1,6,0,1,0
350509,3022,0.0,0.0,0.0,2,1,1,1,0,0,1,1
350519,1062,0.0,4.0,1.0,13,3,1,2,11,1,1,0
350538,1203,0.0,0.0,0.0,9,2,1,1,8,0,1,0
350889,1346,0.0,0.0,1.0,7,1,1,1,6,0,1,0
350992,643,0.0,0.0,0.0,13,6,3,2,12,0,1,0
350995,1895,0.0,3.0,1.0,8,4,1,2,7,0,1,0
351189,1407,1.0,4.0,1.0,35,21,1,3,30,0,2,3
351278,2082,0.0,0.0,0.0,1,1,1,1,0,0,1,0
35148,740,0.0,4.0,1.0,3,2,2,2,2,0,1,0
351883,2821,0.0,4.0,1.0,9,1,1,1,8,0,1,0
352822,4394,1.0,5.0,0.0,1,1,1,1,0,0,1,0
353163,3080,0.0,2.0,0.0,2,1,1,1,1,0,1,0
35323,3826,0.0,2.0,0.0,2,1,1,2,0,0,1,1
353298,1200,0.0,5.0,0.0,10,1,1,1,8,0,2,0
353980,1884,0.0,3.0,1.0,1,1,1,1,0,0,1,0
354063,3063,0.0,2.0,0.0,15,12,2,3,14,0,1,0
354098,2459,0.0,4.0,0.0,4,1,1,1,3,0,1,0
354604,4426,0.0,6.0,0.0,4,1,1,3,3,0,1,0
354887,1248,0.0,5.0,0.0,2,1,1,1,1,0,1,0
355215,1922,0.0,2.0,1.0,4,2,2,1,3,0,1,0
355472,3191,0.0,0.0,1.0,4,2,1,1,3,0,1,0
355641,1102,0.0,4.0,0.0,10,3,2,3,9,0,1,0
355813,1393,0.0,5.0,0.0,1,1,1,1,0,0,1,0
356065,1481,0.0,5.0,0.0,8,1,1,2,7,0,1,0
356752,3163,0.0,2.0,1.0,4,1,1,1,1,0,3,0
356869,2435,0.0,0.0,0.0,6,1,1,4,5,0,1,0
356913,3103,0.0,0.0,1.0,3,2,1,2,2,0,1,0
35707,2031,0.0,3.0,1.0,8,3,1,3,7,0,1,0
357092,1538,0.0,0.0,0.0,1,1,1,1,0,0,1,0
357851,4760,0.0,4.0,0.0,37,18,3,4,34,0,2,1
357975,1923,0.0,4.0,0.0,1,1,1,1,0,0,1,0
358231,3472,0.0,0.0,0.0,1,1,1,1,0,0,1,0
3583,3820,1.0,4.0,0.0,10,1,1,1,8,0,2,0
358412,3319,0.0,4.0,1.0,5,2,2,2,4,0,1,0
358824,1393,0.0,0.0,0.0,2,1,1,1,1,0,1,0
358948,2313,0.0,4.0,0.0,9,4,2,4,8,0,1,0
359176,2173,1.0,3.0,0.0,11,5,1,3,10,0,1,0
359374,804,0.0,4.0,0.0,10,6,5,1,6,0,3,1
359674,4763,0.0,3.0,0.0,7,2,1,2,6,0,1,0
359897,3965,0.0,3.0,0.0,10,4,1,1,8,0,2,0
360129,4234,0.0,0.0,0.0,8,1,1,2,7,0,1,0
360308,2730,0.0,3.0,0.0,3,1,1,1,2,0,1,0
360606,2255,0.0,3.0,0.0,3,1,1,1,2,0,1,0
360623,2928,0.0,5.0,0.0,32,15,6,7,28,0,3,1
36073,598,0.0,0.0,1.0,22,2,1,5,18,0,1,3
36092,1102,0.0,2.0,0.0,25,12,3,3,24,0,1,0
361283,2654,0.0,5.0,0.0,46,20,5,6,42,0,4,0
361948,4083,0.0,2.0,0.0,6,1,1,2,5,0,1,0
362000,1322,1.0,5.0,2.0,11,3,1,3,9,0,2,0
362045,4287,0.0,0.0,0.0,4,3,3,2,2,0,2,0
362190,3018,0.0,4.0,0.0,1,1,1,1,0,0,1,0
362255,3650,0.0,4.0,0.0,1,1,1,1,0,0,1,0
362397,4268,0.0,3.0,0.0,2,1,1,1,1,0,1,0
362766,212,0.0,4.0,0.0,3,1,1,2,0,0,2,1
363185,2173,0.0,4.0,0.0,6,2,2,2,5,0,1,0
364503,4667,0.0,2.0,0.0,5,2,1,1,4,0,1,0
364591,3536,0.0,4.0,1.0,2,1,1,2,1,0,1,0
364773,4859,0.0,2.0,1.0,5,3,1,1,3,0,2,0
365132,1126,0.0,2.0,0.0,12,7,2,2,8,0,1,3
366349,2318,0.0,0.0,0.0,2,1,1,1,1,0,1,0
366896,3042,0.0,4.0,0.0,17,7,5,1,13,0,4,0
367144,4394,1.0,4.0,2.0,3,1,1,1,1,0,1,1
367234,4450,0.0,6.0,1.0,10,4,3,3,9,0,1,0
367820,606,0.0,3.0,1.0,34,27,3,1,32,0,1,1
367888,104,0.0,0.0,0.0,2,1,1,1,1,0,1,0
368438,503,0.0,4.0,0.0,4,2,1,1,3,0,1,0
3685,2669,1.0,3.0,0.0,4,2,2,2,3,0,1,0
368535,191,0.0,2.0,1.0,1,1,1,1,0,0,1,0
368899,3006,1.0,4.0,1.0,31,10,3,1,28,0,3,0
368962,649,0.0,0.0,0.0,5,2,1,1,4,0,1,0
369251,4993,0.0,2.0,1.0,2,1,1,2,0,0,1,1
369746,2821,0.0,4.0,0.0,8,5,3,1,6,0,2,0
369960,3734,0.0,0.0,1.0,18,7,7,1,17,0,1,0
37006,4745,0.0,6.0,0.0,6,2,1,2,4,0,1,1
370295,3826,0.0,2.0,1.0,7,1,1,1,6,0,1,0
370443,654,0.0,3.0,1.0,2,1,1,2,0,0,1,1
370944,198,0.0,2.0,0.0,1,1,1,1,0,0,1,0
370960,1318,0.0,0.0,1.0,7,4,2,4,4,0,1,2
371110,2981,0.0,0.0,0.0,18,9,2,3,17,0,1,0
37186,2031,0.0,2.0,1.0,10,3,2,1,8,0,2,0
37188,159,0.0,4.0,0.0,15,8,5,2,12,0,3,0
372123,1487,0.0,0.0,0.0,6,1,1,1,5,0,1,0
372148,2328,0.0,4.0,0.0,8,5,1,2,7,0,1,0
372262,3042,0.0,4.0,0.0,2,2,2,1,0,0,2,0
372403,2891,0.0,4.0,0.0,18,7,1,2,15,0,3,0
372429,1659,0.0,0.0,1.0,2,1,1,1,1,0,1,0
372451,323,0.0,6.0,0.0,4,2,1,2,3,0,1,0
372802,4394,0.0,3.0,0.0,15,8,2,2,14,0,1,0
373114,503,0.0,4.0,2.0,12,5,2,4,9,0,3,0
373154,4877,0.0,4.0,0.0,4,1,1,1,3,0,1,0
37318,4554,1.0,7.0,1.0,8,2,1,2,6,0,1,1
373436,3154,0.0,2.0,1.0,4,2,2,1,2,0,2,0
373648,1210,0.0,5.0,1.0,3,1,1,1,2,0,1,0
373847,2099,0.0,4.0,1.0,2,2,2,1,1,0,1,0
373919,3566,1.0,4.0,1.0,3,3,3,1,0,0,3,0
374793,1149,0.0,3.0,0.0,6,4,1,1,5,0,1,0
375021,685,0.0,0.0,0.0,7,5,1,1,6,0,1,0
375371,257,0.0,5.0,0.0,3,1,1,1,2,0,1,0
375500,168,0.0,2.0,1.0,5,2,1,2,4,0,1,0
37580,2511,0.0,3.0,0.0,4,1,1,1,3,0,1,0
376000,3334,0.0,2.0,1.0,2,1,1,2,1,0,1,0
376351,3815,0.0,3.0,0.0,3,1,1,3,1,0,1,1
376371,4760,0.0,2.0,1.0,4,1,1,1,3,0,1,0
376679,2669,0.0,0.0,0.0,1,1,1,1,0,0,1,0
376826,4705,0.0,6.0,0.0,3,1,1,1,2,0,1,0
376845,3958,1.0,3.0,0.0,31,17,9,5,25,0,5,1
377049,2832,0.0,5.0,1.0,3,1,1,2,1,0,1,1
37706,951,0.0,3.0,0.0,8,2,1,2,7,0,1,0
377166,4687,0.0,4.0,0.0,3,2,1,1,2,0,1,0
377186,198,0.0,2.0,0.0,5,2,2,1,3,0,2,0
377330,3136,0.0,6.0,0.0,2,1,1,1,1,0,1,0
377759,219,0.0,3.0,1.0,5,1,1,2,3,0,1,1
377765,4921,0.0,2.0,0.0,6,4,1,2,5,0,1,0
378034,1399,0.0,4.0,1.0,5,2,1,3,4,0,1,0
378186,1102,1.0,3.0,0.0,57,38,9,4,47,0,4,6
379146,1203,0.0,4.0,0.0,10,4,3,1,8,0,1,1
379400,3826,0.0,2.0,1.0,17,3,1,4,16,0,1,0
380128,4129,0.0,3.0,0.0,23,11,6,2,22,0,1,0
38044,2008,0.0,3.0,0.0,2,1,1,1,1,0,1,0
381028,4894,0.0,5.0,1.0,2,1,1,1,1,0,1,0
381901,4009,0.0,0.0,0.0,3,1,1,1,2,0,1,0
382008,3160,0.0,4.0,0.0,1,1,1,1,0,0,1,0
38217,4349,0.0,5.0,1.0,3,1,1,1,1,0,2,0
38323,1861,0.0,3.0,0.0,4,2,1,1,3,0,1,0
383498,1966,0.0,3.0,1.0,2,1,1,1,1,0,1,0
383532,4062,0.0,6.0,0.0,7,3,1,2,6,0,1,0
383946,649,0.0,7.0,0.0,17,2,1,6,15,0,1,1
384101,1472,0.0,3.0,0.0,18,6,1,1,15,0,3,0
384306,121,0.0,4.0,2.0,57,25,7,6,51,1,5,0
384836,2664,0.0,3.0,0.0,25,12,2,1,23,0,2,0
385377,4760,0.0,0.0,0.0,14,4,2,1,13,0,1,0
385509,2926,0.0,4.0,0.0,17,5,1,3,15,0,1,1
385893,794,0.0,3.0,0.0,21,8,1,2,19,0,1,1
386098,4976,0.0,4.0,2.0,1,1,1,1,0,0,1,0
386583,2720,0.0,3.0,1.0,5,1,1,1,3,1,1,0
387839,4173,0.0,3.0,0.0,84,51,11,20,73,0,1,10
388250,3022,0.0,2.0,1.0,4,2,1,1,3,0,1,0
38883,2108,0.0,0.0,0.0,8,1,1,1,7,0,1,0
388937,4480,0.0,0.0,2.0,3,1,1,1,2,0,1,0
388957,1435,0.0,2.0,1.0,3,2,1,2,2,0,1,0
38949,1487,0.0,0.0,0.0,2,1,1,1,1,0,1,0
389669,152,0.0,5.0,1.0,2,1,1,2,1,0,1,0
39104,1618,0.0,0.0,1.0,1,1,1,1,0,0,1,0
39112,1356,0.0,0.0,0.0,9,1,1,2,7,0,1,1
391124,1840,0.0,4.0,0.0,4,4,2,1,0,0,4,0
391149,4976,0.0,0.0,0.0,30,16,3,2,28,0,2,0
39116,1096,0.0,3.0,1.0,2,1,1,1,1,0,1,0
391245,215,0.0,0.0,1.0,9,2,1,1,8,0,1,0
39152,2237,0.0,6.0,1.0,16,2,1,3,15,0,1,0
39152,4394,0.0,6.0,1.0,14,6,1,1,13,0,1,0
39162,1272,1.0,4.0,0.0,11,3,3,4,10,0,1,0
391986,2436,0.0,3.0,0.0,25,8,5,1,23,0,2,0
392171,3436,0.0,3.0,1.0,3,2,1,2,2,0,1,0
392235,3979,0.0,4.0,1.0,7,4,2,3,6,0,1,0
392840,4282,0.0,4.0,1.0,24,15,7,4,22,0,1,1
393013,2928,0.0,0.0,0.0,1,1,1,1,0,0,1,0
393075,1619,0.0,3.0,0.0,6,1,1,2,4,0,1,1
393641,4525,1.0,5.0,0.0,12,6,2,1,10,0,2,0
393719,3971,0.0,3.0,1.0,2,1,1,2,1,0,1,0
394252,489,0.0,4.0,0.0,8,2,2,4,7,0,1,0
394451,3351,0.0,4.0,0.0,1,1,1,1,0,0,1,0
394804,941,0.0,4.0,1.0,2,1,1,1,1,0,1,0
395104,2562,0.0,4.0,1.0,2,1,1,1,1,0,1,0
395151,3420,0.0,3.0,0.0,4,2,2,1,3,0,1,0
395251,4129,0.0,3.0,0.0,36,17,5,5,34,0,1,1
395274,2562,0.0,2.0,0.0,4,1,1,1,3,0,1,0
39560,4919,0.0,4.0,0.0,13,7,4,1,11,0,2,0
395612,2721,0.0,2.0,0.0,26,12,2,1,24,0,2,0
396129,773,0.0,4.0,0.0,321,75,26,2,314,0,6,1
39649,4044,0.0,2.0,0.0,68,36,9,2,66,0,1,1
396584,3460,0.0,0.0,0.0,18,2,1,1,16,0,2,0
396639,1467,0.0,3.0,0.0,4,2,1,2,3,0,1,0
396932,685,0.0,2.0,0.0,7,2,1,1,6,0,1,0
397725,1470,0.0,3.0,0.0,7,2,1,1,6,0,1,0
398090,3341,0.0,0.0,0.0,18,6,2,2,16,0,2,0
398247,1831,0.0,4.0,1.0,2,1,1,1,1,0,1,0
398377,2303,0.0,2.0,1.0,1,1,1,1,0,0,1,0
39903,3529,0.0,5.0,2.0,12,5,4,3,10,0,1,1
399219,4377,0.0,0.0,1.0,5,2,1,1,4,0,1,0
399322,777,0.0,4.0,1.0,4,1,1,1,3,0,1,0
399338,1359,0.0,2.0,0.0,1,1,1,1,0,0,1,0
399385,1133,0.0,4.0,0.0,14,8,4,1,13,0,1,0
399581,1749,0.0,0.0,0.0,6,3,2,1,5,0,1,0
399720,1272,0.0,0.0,0.0,2,1,1,1,1,0,1,0
400445,2653,0.0,4.0,1.0,2,1,1,1,1,0,1,0
400476,3399,0.0,null,null,5,1,1,2,4,0,1,0
400871,4771,0.0,0.0,1.0,3,2,1,1,2,0,1,0
401503,1272,1.0,6.0,0.0,14,6,3,6,11,0,1,2
402050,3990,0.0,0.0,0.0,1,1,1,1,0,0,1,0
402130,3936,0.0,2.0,1.0,2,1,1,1,1,0,1,0
402166,3878,0.0,7.0,0.0,8,4,1,1,7,0,1,0
402206,4173,0.0,0.0,0.0,5,3,2,2,4,0,1,0
402399,3319,0.0,4.0,0.0,7,1,1,1,6,0,1,0
402554,1501,0.0,3.0,0.0,1,1,1,1,0,0,1,0
402871,3828,1.0,4.0,0.0,68,36,11,4,62,0,4,2
403768,4864,1.0,4.0,0.0,35,4,3,2,30,0,5,0
404339,2124,0.0,4.0,0.0,6,2,1,1,4,0,2,0
404403,1910,0.0,3.0,0.0,2,1,1,1,1,0,1,0
405301,4149,0.0,4.0,1.0,5,1,1,1,4,0,1,0
405475,268,0.0,0.0,0.0,11,3,2,5,6,0,2,3
405581,2138,0.0,0.0,0.0,3,1,1,2,2,0,1,0
405685,1102,0.0,4.0,0.0,59,47,13,5,55,0,4,0
405686,3828,0.0,4.0,0.0,44,26,6,2,42,0,2,0
405758,4708,0.0,4.0,0.0,53,14,5,5,49,0,1,3
405901,1489,0.0,2.0,0.0,5,1,1,1,4,0,1,0
40597,4438,0.0,3.0,1.0,1,1,1,1,0,0,1,0
406880,236,0.0,2.0,0.0,1,1,1,1,0,0,1,0
407105,1618,0.0,2.0,1.0,5,3,2,2,4,0,1,0
407339,1816,0.0,2.0,1.0,10,2,2,1,8,0,1,1
407571,4282,0.0,2.0,1.0,20,14,6,2,17,0,3,0
407663,3792,0.0,0.0,1.0,4,2,1,1,3,0,1,0
407670,1833,0.0,3.0,0.0,1,1,1,1,0,0,1,0
407728,4596,0.0,null,null,33,18,6,3,28,0,1,4
407867,1340,0.0,5.0,0.0,12,4,3,6,10,0,2,0
408477,1742,0.0,3.0,1.0,56,13,1,2,52,0,3,1
409039,4678,0.0,7.0,0.0,2,1,1,1,1,0,1,0
409084,2664,0.0,6.0,0.0,11,5,1,1,9,0,2,0
409108,3609,0.0,3.0,0.0,2,2,1,1,0,0,2,0
409498,2821,0.0,4.0,1.0,1,1,1,1,0,0,1,0
409607,963,0.0,3.0,1.0,3,2,1,1,2,0,1,0
410045,3472,0.0,4.0,2.0,3,1,1,2,2,0,1,0
41094,3134,0.0,3.0,0.0,4,2,2,1,2,0,2,0
410965,3085,0.0,4.0,2.0,21,14,10,2,16,0,5,0
411203,4044,0.0,3.0,1.0,14,5,3,3,13,0,1,0
411226,1393,1.0,6.0,0.0,210,89,11,11,184,0,1,25
412557,3898,0.0,2.0,1.0,1,1,1,1,0,0,1,0
412656,786,0.0,2.0,0.0,5,1,1,1,4,0,1,0
412753,1049,0.0,3.0,0.0,3,1,1,1,2,0,1,0
412795,1695,0.0,3.0,0.0,2,1,1,1,1,0,1,0
41329,2217,0.0,4.0,0.0,2,1,1,1,1,0,1,0
413321,3828,0.0,4.0,0.0,7,4,2,2,4,0,3,0
413393,145,0.0,0.0,0.0,3,1,1,1,2,0,1,0
413467,2821,0.0,4.0,1.0,4,1,1,2,3,0,1,0
413677,2891,0.0,4.0,0.0,5,1,1,1,4,0,1,0
413696,2936,0.0,5.0,0.0,2,1,1,1,0,0,2,0
41381,4173,0.0,3.0,0.0,47,18,5,6,42,0,1,4
414288,4648,0.0,2.0,1.0,2,1,1,1,1,0,1,0
414461,4712,0.0,3.0,1.0,2,1,1,1,1,0,1,0
414922,682,0.0,0.0,0.0,9,1,1,4,6,0,1,2
415032,4170,0.0,0.0,0.0,2,1,1,1,1,0,1,0
415038,2320,0.0,0.0,0.0,1,1,1,1,0,0,1,0
415762,778,0.0,3.0,0.0,6,2,1,1,5,0,1,0
416029,2550,0.0,2.0,1.0,2,1,1,1,1,0,1,0
416984,4325,0.0,0.0,0.0,3,1,1,2,2,0,1,0
417147,2328,0.0,0.0,1.0,3,1,1,1,2,0,1,0
417549,2003,0.0,4.0,0.0,2,1,1,1,1,0,1,0
4176,1643,0.0,4.0,0.0,17,1,1,4,15,0,1,1
417804,4221,0.0,0.0,0.0,1,1,1,1,0,0,1,0
418135,2273,0.0,2.0,0.0,2,1,1,1,0,0,1,1
418583,2856,0.0,5.0,0.0,12,4,1,4,11,0,1,0
418585,3828,0.0,3.0,0.0,1,1,1,1,0,0,1,0
418704,4048,0.0,4.0,0.0,7,1,1,1,6,0,1,0
418897,4394,0.0,5.0,0.0,3,2,2,1,2,0,1,0
418941,605,0.0,6.0,0.0,3,1,1,2,2,0,1,0
418977,1272,0.0,0.0,0.0,10,4,2,2,9,0,1,0
41898,1488,0.0,2.0,1.0,2,1,1,1,1,0,1,0
419208,4491,0.0,6.0,1.0,3,1,1,1,2,0,1,0
419264,3734,0.0,null,null,10,2,2,2,8,1,1,0
419547,586,0.0,0.0,0.0,30,24,10,4,27,0,3,0
419560,1810,0.0,3.0,0.0,90,49,14,5,88,0,2,0
42020,608,0.0,5.0,2.0,42,5,2,1,38,0,4,0
420309,323,0.0,6.0,0.0,16,7,2,4,13,0,1,2
420794,4864,0.0,4.0,0.0,17,8,1,3,16,0,1,0
420843,642,0.0,3.0,0.0,7,1,1,2,6,0,1,0
420954,416,0.0,3.0,0.0,2,1,1,2,1,0,1,0
421103,1679,0.0,4.0,0.0,24,11,2,2,23,0,1,0
421135,2465,0.0,3.0,1.0,79,15,1,1,78,0,1,0
421357,360,0.0,2.0,0.0,2,1,1,1,1,0,1,0
421752,643,0.0,3.0,0.0,23,11,1,5,18,0,1,4
422183,4750,0.0,3.0,0.0,6,2,2,1,5,0,1,0
422292,1133,0.0,3.0,0.0,5,3,1,1,4,0,1,0
422421,4760,0.0,3.0,0.0,6,3,1,2,5,0,1,0
422963,1056,0.0,4.0,0.0,5,2,1,2,3,0,2,0
42308,4756,0.0,5.0,0.0,10,4,1,1,5,0,5,0
429,1090,0.0,null,null,2,1,1,1,1,0,1,0
43192,1379,0.0,0.0,0.0,5,5,5,1,0,0,5,0
43490,2193,0.0,0.0,0.0,9,5,5,2,6,0,3,0
43726,3898,0.0,0.0,0.0,2,1,1,1,1,0,1,0
43736,1332,0.0,5.0,0.0,1,1,1,1,0,0,1,0
43830,2755,0.0,2.0,0.0,8,2,1,1,6,0,1,1
44041,1808,0.0,7.0,0.0,6,4,1,1,5,0,1,0
44212,1489,0.0,2.0,0.0,9,2,1,1,7,0,2,0
44616,2435,1.0,3.0,0.0,3,2,1,1,0,0,3,0
44673,4976,1.0,0.0,0.0,40,20,4,6,39,0,1,0
44917,2721,0.0,0.0,1.0,3,1,1,1,2,0,1,0
45148,4950,0.0,0.0,1.0,1,1,1,1,0,0,1,0
45149,1131,0.0,2.0,0.0,17,8,7,4,15,0,1,1
45965,4847,0.0,2.0,0.0,73,45,9,2,72,0,1,0
46672,4933,0.0,5.0,0.0,2,1,1,1,1,0,1,0
46682,4605,0.0,2.0,0.0,22,6,6,5,16,0,1,5
46762,3041,0.0,5.0,0.0,1,1,1,1,0,0,1,0
47196,2935,0.0,3.0,0.0,5,1,1,1,4,0,1,0
47242,310,0.0,0.0,1.0,21,3,2,4,17,0,2,2
47542,1487,0.0,2.0,1.0,8,1,1,2,6,0,1,1
47556,1310,0.0,4.0,0.0,4,1,1,1,3,0,1,0
47765,4079,0.0,3.0,null,5,2,1,2,4,0,1,0
47795,14,0.0,4.0,1.0,6,3,2,2,5,0,1,0
47915,1875,0.0,5.0,0.0,1,1,1,1,0,0,1,0
48184,4526,0.0,0.0,0.0,15,1,1,3,14,0,1,0
48822,1102,0.0,3.0,1.0,8,6,2,1,7,0,1,0
49172,588,0.0,3.0,1.0,1,1,1,1,0,0,1,0
49404,3444,0.0,0.0,1.0,5,1,1,2,4,0,1,0
51310,1310,0.0,3.0,0.0,4,2,2,1,3,0,1,0
51317,586,0.0,4.0,0.0,4,1,1,2,3,0,1,0
51544,3022,0.0,0.0,0.0,15,7,2,1,14,0,1,0
51863,3629,0.0,4.0,0.0,3,1,1,1,1,0,1,1
52069,606,0.0,4.0,0.0,33,23,6,2,32,0,1,0
52188,262,0.0,6.0,1.0,5,1,1,1,4,0,1,0
52496,1126,0.0,0.0,0.0,11,5,3,2,10,0,1,0
52717,3345,0.0,0.0,0.0,11,4,2,2,10,0,1,0
54099,1190,0.0,4.0,0.0,51,24,6,3,47,0,4,0
54644,4966,0.0,0.0,0.0,2,1,1,2,1,0,1,0
54721,503,0.0,3.0,1.0,5,2,1,1,4,0,1,0
5481,1102,1.0,4.0,0.0,14,9,5,2,9,0,1,4
55025,415,0.0,3.0,0.0,2,1,1,2,1,0,1,0
5510,66,0.0,3.0,1.0,2,1,1,1,1,0,1,0
55123,684,0.0,3.0,1.0,7,3,2,1,6,0,1,0
55697,2795,0.0,0.0,0.0,19,12,7,2,16,0,3,0
55804,3022,0.0,3.0,0.0,19,12,4,2,17,0,1,1
5606,682,0.0,2.0,1.0,6,1,1,1,5,0,1,0
56381,141,0.0,3.0,0.0,7,2,2,1,6,0,1,0
56750,2273,0.0,6.0,1.0,6,1,1,2,5,0,1,0
57133,740,1.0,2.0,1.0,6,2,2,3,4,0,1,1
57811,3472,0.0,0.0,1.0,10,2,1,3,8,0,1,1
58178,3826,0.0,2.0,0.0,11,2,1,2,10,0,1,0
58262,1618,0.0,0.0,0.0,7,2,1,4,5,0,1,1
58659,1832,0.0,5.0,1.0,9,1,1,1,7,0,2,0
5892,4659,0.0,3.0,0.0,15,9,5,2,14,0,1,0
59140,216,0.0,0.0,0.0,23,8,2,3,22,0,1,0
59478,700,0.0,3.0,1.0,2,1,1,1,1,0,1,0
59908,2699,0.0,5.0,0.0,14,7,3,2,10,0,4,0
6,1356,0.0,4.0,0.0,4,1,1,3,2,0,1,1
60128,4043,0.0,3.0,0.0,5,1,1,1,4,0,1,0
60287,317,0.0,3.0,0.0,1,1,1,1,0,0,1,0
60344,798,1.0,2.0,null,15,9,6,2,14,0,1,0
60937,4385,0.0,6.0,0.0,12,4,2,4,11,0,1,0
61231,2273,0.0,6.0,0.0,6,2,1,1,5,0,1,0
61459,4760,0.0,3.0,0.0,17,8,5,3,12,0,3,2
61643,403,0.0,4.0,1.0,6,1,1,3,5,0,1,0
61865,2928,0.0,3.0,1.0,9,7,3,2,7,0,2,0
62100,1013,0.0,5.0,1.0,2,1,1,1,1,0,1,0
62257,3578,0.0,0.0,0.0,8,2,1,1,7,0,1,0
62504,1020,0.0,3.0,0.0,1,1,1,1,0,0,1,0
62781,3163,0.0,0.0,1.0,2,1,1,1,0,0,2,0
63194,1356,0.0,4.0,0.0,6,2,2,1,5,0,1,0
64073,4855,0.0,6.0,0.0,4,2,1,1,3,0,1,0
64265,643,0.0,0.0,0.0,25,16,4,3,22,0,3,0
64414,4048,0.0,0.0,1.0,2,1,1,1,1,0,1,0
64617,4595,0.0,6.0,1.0,4,1,1,1,3,0,1,0
64696,2417,0.0,4.0,2.0,14,4,3,1,12,0,2,0
64901,3828,0.0,0.0,0.0,22,3,2,7,20,0,1,1
6600,4727,0.0,2.0,1.0,10,3,1,2,9,0,1,0
66221,760,1.0,4.0,0.0,1,1,1,1,0,0,1,0
66523,4605,0.0,2.0,1.0,4,1,1,1,3,0,1,0
6656,2537,0.0,3.0,0.0,11,2,2,4,9,0,1,1
66840,4072,0.0,0.0,1.0,5,1,1,1,4,0,1,0
66875,1661,0.0,0.0,0.0,4,1,1,2,3,0,1,0
66881,4482,0.0,6.0,0.0,3,1,1,1,2,0,1,0
67544,1911,0.0,4.0,0.0,23,6,1,3,19,0,2,2
6798,323,0.0,5.0,1.0,2,1,1,1,1,0,1,0
68057,416,0.0,6.0,0.0,17,15,3,2,15,0,2,0
68896,3955,0.0,2.0,1.0,8,4,3,1,7,0,1,0
68975,4198,0.0,0.0,0.0,1,1,1,1,0,0,1,0
69296,2273,0.0,4.0,1.0,5,2,1,2,4,0,1,0
69520,1487,0.0,0.0,0.0,9,3,1,3,8,0,1,0
69553,2669,0.0,3.0,0.0,12,5,2,4,10,0,1,1
69705,4499,0.0,0.0,0.0,1,1,1,1,0,0,1,0
69849,3484,0.0,4.0,1.0,7,1,1,3,4,0,1,2
69935,1851,1.0,2.0,0.0,6,4,2,1,5,0,1,0
70014,437,1.0,4.0,0.0,7,5,3,3,6,0,1,0
70119,4368,0.0,3.0,0.0,12,10,3,2,11,0,1,0
70734,3152,1.0,0.0,0.0,21,4,1,2,18,0,3,0
71076,3057,0.0,6.0,0.0,3,2,1,1,2,0,1,0
71421,3828,0.0,6.0,0.0,229,133,20,21,222,0,7,0
7202,1393,0.0,4.0,0.0,38,18,7,5,36,0,2,0
72084,2545,0.0,2.0,1.0,3,1,1,1,2,0,1,0
7266,416,0.0,4.0,0.0,32,19,6,4,31,0,1,0
73140,586,0.0,5.0,0.0,52,24,6,10,51,0,1,0
73340,3163,0.0,7.0,1.0,3,1,1,1,0,2,1,0
74045,1833,0.0,3.0,0.0,3,1,1,1,2,0,1,0
74122,3885,0.0,3.0,0.0,5,3,2,1,4,0,1,0
74125,1840,0.0,0.0,0.0,2,1,1,1,1,0,1,0
74140,2795,0.0,4.0,0.0,5,2,2,2,3,0,2,0
74357,2031,0.0,2.0,0.0,3,1,1,1,2,0,1,0
74640,3227,0.0,3.0,1.0,3,1,1,2,1,0,1,1
74790,2099,0.0,4.0,0.0,2,1,1,1,0,0,2,0
7510,4273,0.0,6.0,1.0,5,1,1,1,4,0,1,0
75715,4039,0.0,3.0,0.0,7,2,2,1,6,0,1,0
76067,239,0.0,6.0,0.0,10,3,1,2,9,0,1,0
76110,2312,0.0,4.0,0.0,2,1,1,1,1,0,1,0
76739,1816,0.0,4.0,0.0,22,8,6,3,21,0,1,0
77840,1346,0.0,4.0,1.0,16,5,1,4,12,0,1,3
78232,2545,0.0,0.0,1.0,20,12,3,4,11,0,1,8
78489,951,0.0,3.0,0.0,1,1,1,1,0,0,1,0
78565,4654,0.0,3.0,1.0,12,3,1,2,11,0,1,0
78993,13,0.0,7.0,1.0,8,1,1,4,7,0,1,0
79559,4173,0.0,4.0,0.0,11,4,2,3,7,0,1,3
79740,3955,0.0,0.0,0.0,13,6,2,1,10,0,3,0
79857,4491,0.0,4.0,0.0,9,2,1,2,7,0,2,0
79897,1861,0.0,4.0,0.0,2,1,1,2,0,0,1,1
805,2036,0.0,2.0,1.0,7,1,1,1,6,0,1,0
80678,323,0.0,3.0,0.0,2,1,1,1,1,0,1,0
80800,1020,0.0,0.0,1.0,4,2,1,1,3,0,1,0
8093,4765,0.0,4.0,0.0,4,1,1,2,2,0,1,1
81175,3828,0.0,3.0,0.0,15,8,4,5,13,0,1,1
81509,2320,1.0,4.0,2.0,5,2,1,1,4,0,1,0
81518,3378,1.0,4.0,1.0,7,3,1,1,5,0,2,0
81831,1943,0.0,3.0,1.0,6,2,2,1,5,0,1,0
81841,4585,0.0,3.0,0.0,13,4,2,1,11,0,1,1
82103,3593,0.0,4.0,1.0,5,2,2,2,3,0,1,1
82638,63,0.0,3.0,0.0,7,2,1,3,5,0,1,1
82721,1964,0.0,2.0,0.0,3,3,3,1,0,0,3,0
82940,1415,0.0,2.0,0.0,3,2,1,1,2,0,1,0
84257,4282,0.0,3.0,1.0,12,11,7,2,11,0,1,0
84456,3152,0.0,6.0,1.0,9,5,1,2,7,0,1,1
84666,2579,0.0,4.0,1.0,7,4,1,2,6,0,1,0
84893,1816,0.0,3.0,0.0,12,5,2,2,11,0,1,0
85419,1193,1.0,0.0,1.0,3,1,1,2,2,0,1,0
85704,1487,0.0,6.0,0.0,7,4,1,2,6,0,1,0
85784,2031,0.0,2.0,1.0,16,4,1,2,15,0,1,0
85811,2766,0.0,6.0,1.0,9,3,1,1,8,0,1,0
8587,1552,0.0,6.0,0.0,10,2,1,2,9,0,1,0
85908,3163,0.0,2.0,1.0,22,8,4,1,16,0,6,0
85943,3828,1.0,3.0,0.0,4,4,4,3,0,0,1,3
86458,3889,0.0,0.0,2.0,5,2,1,1,4,0,1,0
87078,4718,0.0,2.0,0.0,4,1,1,1,3,0,1,0
87221,2459,0.0,5.0,1.0,4,1,1,3,3,0,1,0
87459,2436,0.0,4.0,2.0,8,4,4,2,4,0,3,1
8829,2102,0.0,0.0,null,7,3,1,1,5,0,2,0
88574,4894,0.0,3.0,0.0,3,1,1,1,2,0,1,0
88796,3828,0.0,7.0,0.0,11,7,5,1,9,0,2,0
89103,3347,0.0,5.0,0.0,3,1,1,1,2,0,1,0
89311,2108,0.0,5.0,0.0,13,4,3,3,12,0,1,0
90315,4044,0.0,3.0,0.0,33,22,7,5,30,0,1,2
90688,2026,0.0,3.0,1.0,13,2,2,2,11,1,1,0
90728,4048,0.0,0.0,0.0,6,3,1,1,5,0,1,0
91096,3734,0.0,3.0,1.0,2,1,1,1,1,0,1,0
91586,2279,0.0,4.0,0.0,1,1,1,1,0,0,1,0
91944,4173,0.0,3.0,0.0,7,5,1,2,6,0,1,0
91977,3822,0.0,2.0,0.0,2,1,1,1,1,0,1,0
92420,606,0.0,2.0,0.0,9,6,5,3,8,0,1,0
93292,3936,0.0,0.0,1.0,9,3,2,2,6,0,1,2
93510,429,0.0,5.0,1.0,1,1,1,1,0,0,1,0
94186,472,0.0,2.0,0.0,3,1,1,1,2,0,1,0
96265,603,1.0,0.0,1.0,16,10,5,2,15,0,1,0
96292,3898,0.0,4.0,0.0,3,1,1,1,0,0,2,1
96371,614,0.0,3.0,0.0,20,12,3,1,19,0,1,0
96414,606,0.0,2.0,0.0,32,17,4,3,30,1,1,0
96772,3136,0.0,4.0,0.0,4,2,1,2,3,0,1,0
96786,2913,0.0,3.0,1.0,11,7,5,2,7,0,4,0
97310,1712,0.0,4.0,0.0,2,1,1,1,1,0,1,0
97444,3284,0.0,3.0,0.0,2,1,1,1,1,0,1,0
97659,4444,0.0,5.0,0.0,32,10,3,3,25,0,7,0
98244,1272,0.0,3.0,0.0,17,3,2,5,16,0,1,0
98387,590,0.0,6.0,0.0,2,1,1,1,1,0,1,0
98859,3828,0.0,3.0,0.0,13,5,3,2,9,0,2,2
99270,4392,0.0,2.0,1.0,5,1,1,2,4,0,1,0
