100471,1056,0.0,4.0,0.0,7,1,1,2,6,0,1,0
100545,4115,0.0,0.0,1.0,6,1,1,1,4,1,1,0
100633,161,0.0,0.0,0.0,5,1,1,2,4,0,1,0
100768,2928,0.0,4.0,1.0,2,1,1,1,1,0,1,0
101059,608,0.0,0.0,0.0,16,5,1,1,13,0,1,2
101073,2473,0.0,2.0,1.0,6,2,1,1,5,0,1,0
101135,586,0.0,3.0,0.0,158,89,18,20,141,0,2,15
101209,3105,1.0,2.0,0.0,30,7,2,5,28,0,1,1
101263,250,0.0,3.0,0.0,2,1,1,1,1,0,1,0
101277,3734,0.0,3.0,0.0,48,24,6,4,45,0,3,0
101423,3925,0.0,3.0,0.0,69,30,10,4,60,0,1,8
101509,2081,0.0,3.0,0.0,4,1,1,1,3,0,1,0
101628,3835,0.0,4.0,0.0,15,3,1,1,14,0,1,0
101983,1318,1.0,4.0,0.0,9,2,1,4,8,0,1,0
10222,4079,0.0,4.0,0.0,30,1,1,1,26,0,4,0
102585,4526,0.0,7.0,1.0,4,1,1,2,3,0,1,0
103091,1742,0.0,0.0,0.0,27,10,1,4,25,0,1,1
103100,4793,0.0,0.0,1.0,6,4,1,1,5,0,1,0
103353,606,0.0,3.0,0.0,2,1,1,1,1,0,1,0
103611,1272,0.0,6.0,0.0,78,31,5,9,67,0,1,10
103771,416,0.0,6.0,0.0,2,2,2,1,0,0,2,0
104003,1425,0.0,5.0,0.0,7,1,1,2,6,0,1,0
104284,66,0.0,3.0,0.0,1,1,1,1,0,0,1,0
104936,503,0.0,4.0,0.0,3,2,1,1,2,0,1,0
105020,606,0.0,0.0,0.0,22,11,3,2,20,1,1,0
105452,2326,0.0,4.0,1.0,5,2,1,1,4,0,1,0
105490,4616,0.0,null,null,10,1,1,2,8,0,2,0
105684,1816,0.0,4.0,1.0,3,1,1,1,2,0,1,0
10587,3958,1.0,4.0,0.0,13,6,5,4,12,0,1,0
106172,4022,0.0,2.0,0.0,11,6,2,1,10,0,1,0
106184,1642,0.0,6.0,0.0,2,1,1,1,1,0,1,0
106192,2630,0.0,3.0,0.0,6,1,1,2,5,0,1,0
106307,718,0.0,6.0,0.0,8,2,2,1,6,0,2,0
106504,1131,0.0,4.0,0.0,16,3,3,2,11,0,3,2
10653,4887,0.0,2.0,0.0,4,1,1,3,3,0,1,0
106541,132,0.0,3.0,0.0,4,1,1,2,3,0,1,0
107189,4992,0.0,4.0,0.0,3,1,1,2,1,0,1,1
107600,1661,0.0,3.0,1.0,13,3,2,2,11,0,1,1
108097,4044,0.0,6.0,0.0,72,34,8,9,52,0,3,17
108225,1200,0.0,3.0,1.0,9,1,1,1,7,0,2,0
108239,508,0.0,3.0,0.0,12,7,1,1,5,0,7,0
108645,2537,1.0,2.0,0.0,3,3,2,2,1,0,2,0
108884,3979,0.0,5.0,0.0,5,1,1,2,4,0,1,0
109076,2664,0.0,3.0,0.0,14,6,2,4,12,0,2,0
110213,2014,0.0,4.0,0.0,2,1,1,1,1,0,1,0
110417,3675,0.0,0.0,0.0,13,4,3,1,10,0,3,0
110483,2537,0.0,5.0,0.0,2,1,1,1,0,0,2,0
110580,3472,0.0,2.0,1.0,7,2,2,2,6,0,1,0
110671,1049,0.0,4.0,1.0,7,2,1,1,6,0,1,0
110762,1102,0.0,0.0,0.0,110,71,2,7,106,0,3,1
110798,2465,0.0,4.0,1.0,8,3,2,1,6,0,2,0
110976,159,0.0,5.0,0.0,3,1,1,1,2,0,1,0
111045,661,0.0,2.0,0.0,4,1,1,1,2,0,2,0
111142,35,0.0,2.0,1.0,4,4,2,1,0,0,1,3
11120,4044,0.0,6.0,1.0,9,2,1,2,8,0,1,0
1115,148,0.0,3.0,0.0,2,1,1,1,1,0,1,0
111838,361,0.0,4.0,1.0,2,1,1,2,1,0,1,0
112019,962,0.0,2.0,0.0,3,1,1,1,2,0,1,0
11202,2066,0.0,3.0,0.0,20,9,1,4,17,0,1,2
11215,2821,0.0,4.0,2.0,5,1,1,1,4,0,1,0
112380,4090,0.0,3.0,1.0,8,2,1,3,7,0,1,0
112561,1602,0.0,6.0,0.0,3,1,1,1,2,0,1,0
112684,3093,0.0,4.0,0.0,3,1,1,1,2,0,1,0
113043,145,0.0,3.0,1.0,7,3,1,3,6,0,1,0
113666,4605,0.0,3.0,1.0,3,2,2,1,2,0,1,0
113849,684,0.0,3.0,0.0,7,4,2,1,4,0,3,0
114394,4061,1.0,6.0,0.0,7,1,1,1,6,0,1,0
114638,842,0.0,0.0,0.0,10,2,2,1,9,0,1,0
114733,946,0.0,0.0,0.0,12,4,2,5,11,0,1,0
114757,532,0.0,3.0,1.0,5,1,1,3,3,0,1,1
114858,1056,0.0,4.0,0.0,5,3,3,3,4,0,1,0
11500,4605,0.0,2.0,0.0,13,6,3,2,11,0,2,0
115026,98,0.0,2.0,0.0,3,2,2,2,2,0,1,0
115394,4641,0.0,0.0,0.0,10,2,2,3,7,0,2,1
115695,3469,0.0,3.0,1.0,3,1,1,1,2,0,1,0
115767,1520,0.0,0.0,0.0,3,1,1,1,2,0,1,0
116761,2193,0.0,3.0,0.0,8,4,4,1,6,0,2,0
116795,132,0.0,2.0,0.0,2,1,1,1,1,0,1,0
116830,2217,0.0,0.0,0.0,5,1,1,2,3,0,1,1
116857,121,0.0,4.0,0.0,18,10,4,2,15,0,3,0
116989,4044,0.0,3.0,0.0,7,3,2,1,6,0,1,0
117048,4022,0.0,0.0,1.0,4,1,1,1,3,0,1,0
117290,3971,0.0,3.0,1.0,8,1,1,1,7,0,1,0
118113,534,0.0,5.0,2.0,2,1,1,1,1,0,1,0
11812,3672,0.0,4.0,0.0,2,1,1,2,1,0,1,0
118509,1963,0.0,0.0,1.0,9,6,1,2,8,0,1,0
118532,2108,0.0,2.0,0.0,6,1,1,2,5,0,1,0
118577,1346,0.0,4.0,0.0,6,3,1,2,4,0,1,1
118598,2436,0.0,5.0,0.0,13,5,2,2,10,0,1,2
119096,3580,0.0,6.0,0.0,3,1,1,1,1,0,1,1
119154,1884,0.0,0.0,1.0,2,2,2,1,0,0,2,0
119424,1491,0.0,3.0,1.0,3,1,1,1,2,0,1,0
120042,4090,0.0,0.0,0.0,24,20,1,2,23,0,1,0
120114,1263,0.0,6.0,0.0,2,1,1,1,1,0,1,0
120125,3623,0.0,2.0,0.0,13,2,1,4,12,0,1,0
120132,4090,0.0,0.0,0.0,10,4,1,1,9,0,1,0
12029,586,0.0,4.0,1.0,24,8,1,2,22,0,2,0
120374,4568,0.0,5.0,0.0,13,4,3,3,11,0,1,1
120642,4580,0.0,6.0,1.0,7,2,2,2,5,0,2,0
121118,1352,0.0,6.0,0.0,3,3,3,1,0,0,3,0
121148,2099,1.0,5.0,2.0,13,3,3,3,11,0,2,0
121444,1346,0.0,0.0,0.0,2,1,1,2,0,0,1,1
121724,1283,0.0,3.0,0.0,7,2,2,2,5,0,2,0
121756,4129,0.0,3.0,2.0,7,4,1,4,4,0,1,2
121851,2072,0.0,2.0,0.0,3,1,1,1,2,0,1,0
122039,598,0.0,3.0,1.0,21,9,3,4,14,0,2,5
122129,2291,0.0,0.0,0.0,6,3,2,1,4,0,2,0
122254,3645,0.0,5.0,1.0,23,12,5,3,20,0,1,2
122823,4090,0.0,3.0,0.0,6,1,1,3,5,0,1,0
124085,2821,0.0,6.0,0.0,2,1,1,1,1,0,1,0
124286,897,0.0,4.0,1.0,4,3,3,1,3,0,1,0
124388,2913,0.0,3.0,0.0,5,1,1,1,3,0,1,1
125185,817,0.0,3.0,0.0,6,2,1,2,4,0,2,0
125278,2099,0.0,7.0,0.0,1,1,1,1,0,0,1,0
125467,1916,1.0,5.0,1.0,29,11,2,2,28,0,1,0
125548,3111,0.0,2.0,0.0,7,3,3,1,6,0,1,0
125931,3168,0.0,4.0,0.0,15,11,3,1,14,0,1,0
125992,2307,0.0,3.0,0.0,2,1,1,1,1,0,1,0
126050,3161,0.0,0.0,0.0,15,4,3,3,14,0,1,0
126353,2543,0.0,4.0,1.0,4,2,1,1,3,0,1,0
12693,4373,1.0,6.0,0.0,9,2,1,3,7,0,1,1
127145,4662,0.0,3.0,0.0,13,5,1,2,12,0,1,0
127373,3173,0.0,3.0,1.0,3,1,1,1,1,0,2,0
127476,3207,0.0,2.0,0.0,2,1,1,1,1,0,1,0
127588,2217,1.0,4.0,0.0,2,1,1,1,1,0,1,0
128082,2954,1.0,0.0,1.0,27,7,6,2,21,0,1,5
128189,2273,0.0,0.0,0.0,2,1,1,1,1,0,1,0
128501,2313,0.0,5.0,1.0,3,1,1,1,2,0,1,0
129235,2124,0.0,0.0,0.0,12,7,2,1,10,0,2,0
129712,1131,0.0,3.0,1.0,25,13,5,1,23,0,2,0
130601,3484,0.0,4.0,1.0,8,5,2,4,7,0,1,0
131153,1487,0.0,0.0,1.0,7,1,1,1,6,0,1,0
131163,534,0.0,0.0,0.0,3,2,1,1,2,0,1,0
131176,4648,0.0,2.0,0.0,4,3,2,1,3,0,1,0
131580,3828,0.0,2.0,0.0,14,1,1,5,12,0,1,1
131776,4044,0.0,4.0,0.0,3,1,1,1,2,0,1,0
132327,4871,0.0,3.0,0.0,4,1,1,1,3,0,1,0
132358,398,0.0,5.0,1.0,4,1,1,1,3,0,1,0
132916,293,0.0,3.0,0.0,4,1,1,1,3,0,1,0
133090,121,0.0,5.0,0.0,4,3,3,3,3,0,1,0
133102,2144,0.0,4.0,0.0,9,2,1,2,8,0,1,0
133505,1602,0.0,3.0,0.0,2,1,1,1,1,0,1,0
133533,4044,1.0,3.0,0.0,109,55,11,11,107,0,2,0
133912,1581,0.0,2.0,0.0,7,3,1,2,5,0,2,0
134010,1892,0.0,4.0,1.0,20,12,7,2,16,0,4,0
13475,98,0.0,2.0,0.0,2,1,1,2,0,0,1,1
13478,2872,0.0,5.0,1.0,5,2,2,3,3,0,1,1
134921,1145,1.0,4.0,0.0,12,4,1,2,10,0,2,0
135328,1677,0.0,4.0,1.0,7,5,1,2,6,0,1,0
13565,1407,0.0,3.0,1.0,12,5,1,2,10,0,2,0
135862,127,0.0,0.0,0.0,4,1,1,1,3,0,1,0
135916,4705,0.0,0.0,0.0,6,1,1,1,5,0,1,0
136036,66,0.0,3.0,0.0,1,1,1,1,0,0,1,0
136393,3984,0.0,0.0,0.0,29,13,8,4,28,0,1,0
136486,760,0.0,0.0,null,4,1,1,1,3,0,1,0
136555,474,0.0,4.0,2.0,2,1,1,1,1,0,1,0
136748,4394,0.0,4.0,2.0,2,2,2,1,0,0,2,0
136794,1472,0.0,3.0,1.0,2,1,1,1,1,0,1,0
137126,2099,0.0,0.0,0.0,3,1,1,2,2,0,1,0
137693,1102,0.0,2.0,0.0,59,15,5,5,55,0,2,2
13770,2482,0.0,3.0,1.0,8,2,2,4,5,0,2,1
137901,4955,0.0,2.0,0.0,1,1,1,1,0,0,1,0
138255,361,0.0,0.0,0.0,46,7,2,7,38,0,1,7
138407,3623,0.0,3.0,1.0,1,1,1,1,0,0,1,0
138473,4079,0.0,3.0,1.0,2,1,1,1,1,0,1,0
139537,1346,0.0,5.0,1.0,52,18,1,11,50,0,1,1
139563,3734,0.0,2.0,1.0,15,7,4,1,12,0,3,0
139820,742,0.0,0.0,0.0,3,1,1,1,2,0,1,0
140792,3266,0.0,5.0,0.0,3,1,1,1,2,0,1,0
141259,2611,0.0,0.0,0.0,4,1,1,1,2,0,1,1
141296,946,0.0,0.0,0.0,3,1,1,2,2,0,1,0
141764,4322,0.0,3.0,0.0,2,1,1,1,1,0,1,0
143141,2856,0.0,3.0,0.0,4,3,1,1,3,0,1,0
143150,798,0.0,3.0,0.0,1,1,1,1,0,0,1,0
143779,3433,0.0,6.0,1.0,5,1,1,2,4,0,1,0
144525,1966,0.0,2.0,0.0,5,1,1,1,4,0,1,0
144726,1861,0.0,0.0,1.0,29,9,2,1,27,0,2,0
14475,4558,0.0,6.0,0.0,3,1,1,2,2,0,1,0
145656,3345,0.0,3.0,0.0,8,3,2,1,6,0,1,1
146255,2981,0.0,3.0,0.0,1,1,1,1,0,0,1,0
146759,587,1.0,4.0,0.0,12,7,3,1,10,0,2,0
147114,3462,0.0,3.0,1.0,4,1,1,1,3,0,1,0
147128,1522,0.0,5.0,0.0,5,2,1,1,4,0,1,0
147619,1911,1.0,5.0,0.0,4,2,1,1,3,0,1,0
147994,4659,0.0,2.0,0.0,33,12,5,4,24,0,2,7
148045,1861,0.0,3.0,0.0,6,1,1,2,4,0,1,1
148203,2161,0.0,5.0,0.0,6,3,2,3,5,0,1,0
148294,2217,0.0,0.0,0.0,6,4,1,1,5,0,1,0
148492,1356,0.0,3.0,0.0,21,2,1,1,19,0,1,1
14908,1827,0.0,4.0,0.0,18,6,1,2,17,0,1,0
149363,4926,0.0,4.0,0.0,4,3,3,2,0,0,1,3
149771,3408,0.0,3.0,0.0,3,2,1,1,2,0,1,0
15135,2081,0.0,4.0,1.0,9,4,1,2,8,0,1,0
151474,324,0.0,5.0,2.0,3,1,1,1,2,0,1,0
15165,3910,0.0,5.0,0.0,14,4,3,6,13,0,1,0
151683,2435,1.0,3.0,0.0,1,1,1,1,0,0,1,0
15190,510,0.0,4.0,0.0,5,1,1,2,4,0,1,0
152421,1703,0.0,5.0,1.0,11,2,2,1,9,0,2,0
152482,293,0.0,4.0,2.0,14,5,1,1,13,0,1,0
152845,590,0.0,0.0,1.0,3,2,2,2,2,0,1,0
153218,2664,0.0,0.0,0.0,11,5,1,3,9,0,2,0
154495,2435,0.0,2.0,0.0,3,2,1,1,2,0,1,0
154671,3839,0.0,6.0,0.0,2,1,1,1,1,0,1,0
154706,2545,0.0,3.0,1.0,29,16,7,2,26,0,3,0
15473,1126,0.0,2.0,0.0,27,12,7,8,24,0,1,2
155010,2883,0.0,5.0,1.0,5,3,1,2,3,0,1,1
15597,3159,0.0,2.0,0.0,7,2,2,1,6,0,1,0
155978,4394,0.0,5.0,0.0,7,3,1,3,5,0,1,1
156321,963,0.0,2.0,1.0,15,4,1,2,14,0,1,0
156403,4388,0.0,2.0,1.0,2,1,1,1,1,0,1,0
156495,4648,0.0,2.0,0.0,7,1,1,2,5,0,1,1
156556,1810,0.0,4.0,1.0,63,47,15,1,62,0,1,0
156584,4687,0.0,3.0,2.0,4,1,1,1,3,0,1,0
156771,685,1.0,5.0,0.0,6,4,2,2,5,0,1,0
157057,1536,0.0,3.0,0.0,4,1,1,2,3,0,1,0
157100,3925,0.0,3.0,0.0,11,8,3,1,10,0,1,0
157442,2985,0.0,null,null,3,2,1,1,2,0,1,0
157993,3073,0.0,3.0,0.0,4,1,1,1,3,0,1,0
158439,4513,0.0,4.0,0.0,12,5,4,3,10,0,2,0
158728,1056,0.0,3.0,0.0,12,8,7,3,10,0,2,0
158957,4373,0.0,3.0,1.0,5,2,1,3,0,0,2,3
159144,1487,0.0,0.0,1.0,3,1,1,2,2,0,1,0
160281,219,0.0,2.0,1.0,3,1,1,1,2,0,1,0
160438,588,0.0,0.0,1.0,5,1,1,1,4,0,1,0
160474,588,0.0,4.0,1.0,3,1,1,1,2,0,1,0
160673,2241,0.0,2.0,0.0,13,4,2,1,11,0,2,0
161030,2482,0.0,0.0,0.0,7,2,1,3,3,0,1,3
1613,66,0.0,0.0,1.0,8,1,1,1,6,0,2,0
16138,503,0.0,0.0,1.0,9,7,3,1,8,0,1,0
161411,649,0.0,6.0,0.0,6,3,1,2,5,0,1,0
162035,3619,0.0,4.0,2.0,3,1,1,1,2,0,1,0
162683,4933,0.0,3.0,0.0,43,16,1,4,42,0,1,0
162728,4744,0.0,3.0,0.0,6,2,1,2,4,0,2,0
162910,2066,0.0,5.0,1.0,2,1,1,2,1,0,1,0
163056,2545,0.0,4.0,1.0,20,14,6,1,19,0,1,0
163729,219,0.0,3.0,0.0,9,6,1,1,8,0,1,0
163877,3271,0.0,4.0,1.0,6,1,1,1,4,0,2,0
16391,1923,0.0,4.0,0.0,2,1,1,1,1,0,1,0
164313,1472,1.0,2.0,0.0,3,1,1,1,2,0,1,0
164606,3906,0.0,3.0,0.0,3,3,3,1,2,0,1,0
164734,1999,0.0,3.0,0.0,17,6,1,1,15,0,2,0
16474,4687,0.0,7.0,0.0,6,1,1,1,3,0,3,0
164784,437,0.0,4.0,0.0,28,8,2,3,25,0,3,0
165173,46,0.0,4.0,0.0,4,1,1,1,3,0,1,0
165419,3875,0.0,3.0,0.0,2,1,1,1,1,0,1,0
165462,412,0.0,0.0,0.0,19,16,8,1,18,0,1,0
165555,58,0.0,4.0,0.0,1,1,1,1,0,0,1,0
165654,3176,0.0,5.0,0.0,4,3,1,1,3,0,1,0
16580,4336,0.0,6.0,1.0,7,2,1,2,6,0,1,0
166110,2134,0.0,0.0,1.0,12,2,1,2,10,1,1,0
167209,3667,0.0,0.0,0.0,2,1,1,1,1,0,1,0
167311,3826,1.0,0.0,1.0,12,1,1,2,11,0,1,0
167384,4926,0.0,3.0,0.0,15,9,8,2,14,0,1,0
167545,1246,0.0,4.0,1.0,1,1,1,1,0,0,1,0
167566,2928,0.0,5.0,0.0,5,1,1,2,3,0,1,1
168142,460,0.0,3.0,0.0,1,1,1,1,0,0,1,0
168191,2954,0.0,4.0,1.0,4,2,2,1,0,0,4,0
168582,798,0.0,3.0,0.0,1,1,1,1,0,0,1,0
168701,2242,1.0,4.0,1.0,18,8,5,1,12,0,6,0
169199,2294,0.0,5.0,0.0,4,2,1,1,3,0,1,0
169367,1056,0.0,4.0,2.0,8,5,5,4,7,0,1,0
169635,3828,0.0,6.0,0.0,14,6,4,2,13,0,1,0
169910,1485,0.0,4.0,0.0,38,10,4,6,28,0,3,7
17008,2954,0.0,0.0,0.0,4,1,1,2,3,0,1,0
170590,132,0.0,3.0,0.0,3,3,1,2,0,0,2,1
170662,1049,0.0,2.0,1.0,2,1,1,2,0,0,1,1
170709,4173,0.0,3.0,0.0,12,7,4,6,10,0,1,1
171691,4306,0.0,0.0,0.0,5,1,1,2,3,0,1,1
172208,4382,0.0,5.0,1.0,5,1,1,2,4,0,1,0
172435,1494,0.0,6.0,0.0,4,3,2,1,3,0,1,0
172768,2026,0.0,2.0,1.0,2,1,1,1,1,0,1,0
173321,359,0.0,7.0,1.0,4,2,1,1,2,0,2,0
173333,293,0.0,3.0,0.0,15,3,1,1,14,0,1,0
174060,817,0.0,0.0,1.0,5,1,1,2,4,0,1,0
174395,962,0.0,3.0,0.0,6,5,4,1,5,0,1,0
174923,4542,0.0,3.0,0.0,5,1,1,2,3,0,1,1
174977,2562,0.0,0.0,1.0,2,1,1,2,1,0,1,0
175080,747,0.0,6.0,1.0,2,1,1,1,0,0,1,1
175172,3635,0.0,0.0,1.0,6,1,1,2,5,0,1,0
1756,1393,0.0,4.0,0.0,45,27,9,3,40,0,1,4
175718,262,0.0,2.0,0.0,1,1,1,1,0,0,1,0
175968,4171,0.0,5.0,0.0,1,1,1,1,0,0,1,0
176578,841,0.0,0.0,0.0,2,1,1,1,1,0,1,0
176816,4540,0.0,3.0,1.0,1,1,1,1,0,0,1,0
176929,323,0.0,3.0,0.0,11,2,1,1,10,0,1,0
177374,606,0.0,3.0,0.0,24,23,8,3,22,0,2,0
177537,2051,0.0,4.0,0.0,6,4,1,2,5,0,1,0
177796,1017,0.0,3.0,0.0,2,1,1,1,1,0,1,0
178167,4943,0.0,5.0,1.0,22,17,5,1,19,0,3,0
178573,4760,0.0,6.0,1.0,2,1,1,1,1,0,1,0
17897,3826,0.0,3.0,0.0,6,1,1,1,5,0,1,0
179140,3022,0.0,3.0,1.0,7,3,2,1,6,0,1,0
179147,2669,0.0,3.0,0.0,4,2,1,1,3,0,1,0
179193,1875,0.0,4.0,1.0,3,1,1,2,2,0,1,0
179251,1102,0.0,0.0,0.0,9,3,2,3,7,0,1,1
179509,2217,0.0,2.0,0.0,1,1,1,1,0,0,1,0
179886,1892,0.0,0.0,0.0,10,5,3,4,8,0,2,0
18103,1861,1.0,0.0,0.0,4,2,1,1,3,0,1,0
181043,98,0.0,3.0,0.0,11,3,3,1,8,0,3,0
181597,98,0.0,3.0,1.0,1,1,1,1,0,0,1,0
182174,2278,1.0,2.0,0.0,1,1,1,1,0,0,1,0
182223,2447,0.0,3.0,1.0,8,4,2,2,6,1,1,0
182377,3288,0.0,5.0,0.0,2,1,1,1,1,0,1,0
182575,3971,0.0,3.0,0.0,2,1,1,1,1,0,1,0
182845,2036,0.0,0.0,0.0,4,2,2,1,3,0,1,0
183031,66,0.0,3.0,0.0,1,1,1,1,0,0,1,0
183451,1900,0.0,0.0,0.0,4,2,2,1,3,0,1,0
184333,3398,0.0,3.0,0.0,1,1,1,1,0,0,1,0
184402,3054,0.0,7.0,1.0,27,6,2,2,26,0,1,0
184440,3578,0.0,3.0,0.0,5,1,1,2,4,0,1,0
184682,1944,0.0,6.0,0.0,8,1,1,4,7,0,1,0
184714,4071,0.0,3.0,0.0,1,1,1,1,0,0,1,0
184729,276,0.0,3.0,1.0,2,1,1,1,1,0,1,0
184971,2664,0.0,4.0,0.0,4,1,1,1,3,0,1,0
18501,492,0.0,2.0,0.0,2,1,1,1,1,0,1,0
185353,4351,0.0,2.0,1.0,4,1,1,2,2,0,1,1
185380,2565,0.0,3.0,0.0,5,2,1,2,4,0,1,0
18557,3979,0.0,2.0,1.0,9,3,2,1,8,0,1,0
185583,2477,0.0,4.0,0.0,34,23,10,2,31,0,3,0
18589,3971,1.0,3.0,1.0,9,3,1,1,7,0,2,0
185922,4794,0.0,3.0,1.0,6,1,1,1,5,0,1,0
18602,13,0.0,0.0,0.0,18,3,2,2,14,0,4,0
186044,1491,0.0,0.0,1.0,7,1,1,1,6,0,1,0
186873,1056,0.0,5.0,0.0,10,9,2,3,1,0,4,5
187062,4585,0.0,3.0,0.0,7,3,1,1,6,0,1,0
187098,2217,0.0,0.0,0.0,5,2,1,1,3,0,2,0
187332,1892,0.0,3.0,0.0,33,12,6,2,30,0,3,0
187576,2273,0.0,4.0,0.0,4,2,1,1,3,0,1,0
187647,4346,0.0,3.0,1.0,7,4,2,2,6,0,1,0
187663,1393,0.0,3.0,0.0,28,6,4,12,25,0,2,1
188781,3925,0.0,5.0,0.0,73,31,9,9,61,0,1,11
188895,3173,0.0,0.0,1.0,10,2,1,1,9,0,1,0
188906,4818,0.0,2.0,1.0,10,2,2,5,8,0,1,1
188985,102,0.0,0.0,0.0,9,2,1,2,8,0,1,0
189666,2173,0.0,6.0,0.0,33,13,1,2,32,0,1,0
189895,2403,0.0,4.0,0.0,3,3,1,1,0,0,3,0
190161,2745,0.0,3.0,1.0,7,2,2,1,6,0,1,0
190179,3619,0.0,4.0,0.0,7,1,1,2,6,0,1,0
190624,4911,0.0,2.0,0.0,2,1,1,1,0,0,2,0
190791,309,0.0,4.0,0.0,16,5,1,3,14,0,1,1
190799,1724,0.0,4.0,1.0,2,1,1,1,1,0,1,0
19100,2935,0.0,0.0,0.0,9,4,2,2,8,0,1,0
191499,4499,0.0,3.0,0.0,15,8,2,2,14,0,1,0
19153,2928,0.0,5.0,1.0,5,2,1,1,4,0,1,0
191637,2669,0.0,2.0,0.0,11,6,3,1,9,0,1,1
191786,3418,0.0,3.0,1.0,10,3,2,1,8,1,1,0
192039,1611,0.0,0.0,0.0,4,2,1,1,3,0,1,0
192123,259,0.0,6.0,0.0,4,1,1,1,3,0,1,0
192798,2047,0.0,5.0,0.0,24,10,2,1,22,0,2,0
192819,598,0.0,2.0,1.0,1,1,1,1,0,0,1,0
19310,1978,0.0,0.0,1.0,3,1,1,1,2,0,1,0
193696,1679,0.0,4.0,0.0,17,11,3,1,16,0,1,0
193722,2780,0.0,0.0,0.0,4,2,1,1,3,0,1,0
193847,3578,0.0,6.0,0.0,9,4,2,4,8,0,1,0
193959,66,0.0,2.0,1.0,2,1,1,1,1,0,1,0
194209,684,0.0,0.0,0.0,2,1,1,1,1,0,1,0
194258,798,0.0,6.0,0.0,10,2,1,1,7,0,3,0
194473,2482,0.0,3.0,0.0,7,4,4,1,5,0,2,0
194702,4739,0.0,0.0,0.0,5,1,1,2,3,0,1,1
195041,2895,0.0,2.0,1.0,15,2,1,2,14,0,1,0
195110,4173,0.0,0.0,0.0,3,2,2,1,2,0,1,0
195202,1749,0.0,4.0,0.0,4,2,1,1,1,0,3,0
195710,1067,0.0,4.0,1.0,3,1,1,1,1,0,1,1
195890,3013,0.0,0.0,0.0,2,1,1,2,0,0,1,1
197192,320,0.0,0.0,1.0,4,3,2,1,3,0,1,0
197401,4282,0.0,0.0,1.0,2,1,1,1,1,0,1,0
197425,747,0.0,6.0,0.0,4,3,1,2,1,0,2,1
197590,1538,1.0,3.0,1.0,14,2,1,2,13,0,1,0
198220,4234,1.0,4.0,0.0,34,23,7,5,30,0,3,1
199930,3693,0.0,3.0,1.0,7,2,1,2,5,0,1,1
200677,3500,0.0,0.0,0.0,40,19,4,2,39,0,1,0
200713,2669,0.0,2.0,0.0,28,18,6,4,26,0,2,0
200953,2102,0.0,5.0,0.0,10,5,4,1,9,0,1,0
201234,4496,1.0,2.0,0.0,1,1,1,1,0,0,1,0
201339,212,0.0,4.0,0.0,27,12,4,1,24,0,3,0
201399,2477,0.0,0.0,0.0,50,16,5,2,46,0,2,2
202020,4760,0.0,3.0,1.0,12,3,1,2,11,0,1,0
202491,4101,0.0,2.0,0.0,6,1,1,3,4,0,1,1
202531,1049,0.0,4.0,1.0,7,4,3,2,5,0,1,1
202710,1332,0.0,3.0,1.0,2,1,1,1,1,0,1,0
203580,1618,0.0,3.0,1.0,18,5,1,3,12,0,4,2
203676,3588,0.0,2.0,1.0,2,1,1,1,1,0,1,0
203783,1168,0.0,6.0,0.0,8,1,1,3,7,0,1,0
20428,4294,0.0,5.0,1.0,4,1,1,1,3,0,1,0
204346,798,0.0,3.0,0.0,6,1,1,2,5,0,1,0
204694,4079,0.0,5.0,1.0,3,1,1,1,2,0,1,0
205039,4368,0.0,4.0,0.0,8,4,3,2,2,0,4,2
205175,3578,0.0,3.0,0.0,22,9,1,3,20,0,1,1
205301,2047,0.0,4.0,0.0,1,1,1,1,0,0,1,0
205439,326,0.0,6.0,0.0,4,2,1,1,3,0,1,0
205514,2031,0.0,2.0,1.0,8,3,1,2,7,0,1,0
205976,2273,0.0,3.0,0.0,10,1,1,3,8,0,1,1
206508,2273,0.0,3.0,0.0,10,2,1,4,7,0,1,2
206535,4042,0.0,6.0,0.0,5,1,1,1,4,0,1,0
206695,4976,0.0,3.0,0.0,5,2,2,2,3,0,1,1
207021,4727,0.0,3.0,0.0,6,1,1,2,5,0,1,0
207258,1561,0.0,0.0,0.0,10,3,1,2,7,0,1,2
207318,437,0.0,4.0,0.0,41,14,2,4,31,0,1,9
20749,3476,0.0,4.0,0.0,2,1,1,2,1,0,1,0
20860,4966,0.0,4.0,1.0,2,1,1,1,1,0,1,0
208606,1661,0.0,4.0,1.0,5,1,1,1,4,0,1,0
208970,1618,0.0,3.0,0.0,3,2,1,1,2,0,1,0
209319,2429,0.0,2.0,0.0,10,2,2,1,8,0,2,0
209360,132,0.0,4.0,0.0,5,1,1,1,4,0,1,0
210250,1272,0.0,3.0,0.0,2,1,1,1,1,0,1,0
210325,1495,0.0,6.0,0.0,1,1,1,1,0,0,1,0
210613,2194,0.0,2.0,1.0,4,1,1,1,3,0,1,0
2108,4008,0.0,null,null,8,3,1,1,7,0,1,0
211458,1926,0.0,4.0,0.0,1,1,1,1,0,0,1,0
211539,1892,0.0,4.0,0.0,1,1,1,1,0,0,1,0
211684,4368,0.0,0.0,0.0,22,4,2,3,16,0,6,0
211705,2928,0.0,3.0,0.0,8,3,1,1,4,0,1,3
211746,4044,0.0,3.0,0.0,71,36,6,9,57,0,2,12
212254,2537,0.0,0.0,0.0,2,1,1,1,1,0,1,0
212642,3839,0.0,2.0,1.0,7,3,1,4,6,0,1,0
21369,2047,0.0,4.0,0.0,5,1,1,1,4,0,1,0
213792,4125,0.0,4.0,0.0,5,4,1,2,4,0,1,0
21407,2620,0.0,0.0,0.0,6,1,1,2,4,0,1,1
214245,2273,0.0,3.0,0.0,3,1,1,1,2,0,1,0
214828,2629,0.0,6.0,0.0,1,1,1,1,0,0,1,0
215073,2031,0.0,4.0,2.0,1,1,1,1,0,0,1,0
215131,1861,1.0,3.0,0.0,19,9,1,2,17,0,2,0
215363,4793,0.0,2.0,0.0,6,1,1,1,5,0,1,0
215622,1488,0.0,3.0,1.0,2,1,1,1,1,0,1,0
215964,1310,0.0,0.0,0.0,1,1,1,1,0,0,1,0
216030,2435,0.0,4.0,0.0,2,2,2,1,0,0,2,0
216056,4648,0.0,3.0,0.0,4,2,2,1,2,0,2,0
21637,3448,0.0,3.0,0.0,2,1,1,1,1,0,1,0
21647,3893,0.0,4.0,1.0,23,4,1,3,22,0,1,0
216954,1816,1.0,7.0,0.0,17,7,3,1,16,0,1,0
2172,2537,0.0,null,null,7,4,3,1,5,0,2,0
217491,4718,0.0,6.0,0.0,14,8,3,3,12,0,2,0
218518,1963,0.0,3.0,0.0,13,4,1,3,11,0,1,1
218876,2721,0.0,5.0,0.0,17,4,1,3,16,0,1,0
219218,3462,1.0,4.0,1.0,2,2,1,1,0,0,2,0
219544,219,0.0,3.0,2.0,4,2,1,1,2,0,2,0
219564,508,0.0,0.0,null,4,1,1,2,2,0,2,0
220146,3936,0.0,4.0,1.0,12,1,1,1,8,0,4,0
220235,4750,0.0,5.0,1.0,10,5,4,2,9,0,1,0
221196,2709,0.0,0.0,0.0,3,1,1,1,2,0,1,0
221222,4976,0.0,4.0,null,31,11,5,3,26,0,3,2
22173,3979,0.0,2.0,1.0,18,3,2,5,17,0,1,0
221870,4648,0.0,4.0,0.0,5,1,1,2,4,0,1,0
222309,2003,0.0,0.0,0.0,1,1,1,1,0,0,1,0
222392,3734,0.0,3.0,0.0,4,2,2,1,2,0,2,0
222919,4099,0.0,0.0,0.0,2,1,1,1,1,0,1,0
223268,1890,1.0,4.0,0.0,21,9,2,7,14,0,1,6
224313,4090,0.0,3.0,0.0,5,1,1,3,4,0,1,0
226504,168,0.0,5.0,0.0,2,1,1,1,1,0,1,0
226533,1749,0.0,5.0,0.0,5,1,1,1,4,0,1,0
226813,323,0.0,5.0,0.0,6,1,1,1,5,0,1,0
227049,3014,0.0,3.0,0.0,6,1,1,3,5,0,1,0
227202,4499,0.0,4.0,0.0,2,2,1,2,0,0,1,1
227718,3016,0.0,3.0,1.0,4,1,1,2,3,0,1,0
227784,2746,0.0,6.0,0.0,14,7,3,3,13,0,1,0
228436,2482,0.0,0.0,0.0,7,3,2,1,6,0,1,0
228921,2505,1.0,4.0,0.0,6,1,1,2,5,0,1,0
229081,2440,0.0,4.0,0.0,5,1,1,2,3,0,1,1
229863,4818,0.0,6.0,0.0,8,2,2,2,5,0,1,2
230351,594,0.0,6.0,1.0,3,1,1,1,2,0,1,0
230374,1093,0.0,6.0,0.0,4,1,1,1,3,0,1,0
23082,63,0.0,2.0,0.0,9,3,2,3,7,0,1,1
231190,3543,0.0,5.0,1.0,9,4,3,4,8,0,1,0
231308,3327,0.0,6.0,0.0,4,1,1,1,3,0,1,0
231659,1443,0.0,4.0,1.0,22,11,5,1,19,0,3,0
23166,4605,0.0,0.0,0.0,4,1,1,2,3,0,1,0
231748,3578,0.0,4.0,0.0,4,2,1,1,3,0,1,0
23181,1346,0.0,3.0,0.0,6,3,1,1,5,0,1,0
231965,2403,0.0,8.0,1.0,8,2,2,2,6,0,2,0
232321,2915,0.0,3.0,1.0,8,2,2,1,7,0,1,0
23250,4043,0.0,3.0,0.0,10,5,2,1,7,0,3,0
23266,4209,1.0,6.0,1.0,12,6,4,2,10,0,1,1
23294,4871,0.0,0.0,0.0,4,2,1,2,3,0,1,0
233219,2609,0.0,0.0,1.0,8,2,1,1,7,0,1,0
234371,1679,0.0,4.0,0.0,9,6,3,2,8,0,1,0
234875,3350,0.0,0.0,0.0,7,5,1,1,6,0,1,0
234934,1200,0.0,4.0,0.0,4,1,1,1,2,0,2,0
235004,66,0.0,2.0,0.0,2,1,1,1,1,0,1,0
235411,3936,0.0,2.0,0.0,4,3,2,1,3,0,1,0
236557,2339,0.0,4.0,0.0,6,1,1,2,3,0,1,2
237335,1639,0.0,6.0,0.0,3,1,1,1,2,0,1,0
237513,121,1.0,6.0,0.0,2,2,2,2,1,0,1,0
237749,4141,0.0,0.0,1.0,4,1,1,1,3,0,1,0
237759,2031,0.0,4.0,1.0,7,3,2,2,6,0,1,0
237829,3529,0.0,5.0,0.0,5,5,5,1,4,0,1,0
238077,361,0.0,5.0,0.0,8,3,1,3,7,0,1,0
2381,4044,0.0,0.0,0.0,58,26,3,3,55,2,1,0
238324,3979,0.0,4.0,1.0,3,1,1,1,2,0,1,0
238632,3239,0.0,5.0,0.0,23,10,1,2,19,0,2,2
238735,4450,0.0,6.0,0.0,2,1,1,1,1,0,1,0
239005,481,0.0,0.0,0.0,4,3,2,2,3,0,1,0
239064,3428,0.0,3.0,0.0,21,8,3,1,18,0,3,0
239223,1618,0.0,3.0,0.0,20,8,4,1,19,0,1,0
239252,4871,0.0,2.0,1.0,1,1,1,1,0,0,1,0
239826,4955,0.0,3.0,0.0,2,1,1,1,1,0,1,0
240050,4718,0.0,0.0,0.0,10,5,5,1,9,0,1,0
240088,756,0.0,3.0,0.0,10,3,1,2,8,1,1,0
240235,4478,0.0,6.0,1.0,2,1,1,1,1,0,1,0
24030,3580,0.0,3.0,1.0,7,4,2,1,6,0,1,0
240399,219,0.0,0.0,0.0,10,5,1,2,8,0,2,0
240446,3734,0.0,2.0,0.0,4,2,2,1,2,0,2,0
240551,3578,0.0,0.0,0.0,26,16,3,2,20,0,1,5
240659,1673,0.0,3.0,1.0,4,1,1,1,3,0,1,0
241059,3956,0.0,3.0,0.0,6,2,2,3,5,0,1,0
241127,121,0.0,4.0,0.0,2,1,1,1,1,0,1,0
241802,2278,1.0,0.0,0.0,2,1,1,1,1,0,1,0
242224,2318,0.0,0.0,0.0,7,3,1,1,6,0,1,0
242547,547,1.0,0.0,1.0,27,6,2,2,26,0,1,0
242839,3200,0.0,3.0,0.0,62,14,4,9,59,0,1,2
242936,152,0.0,6.0,0.0,6,1,1,2,5,0,1,0
243249,2436,0.0,6.0,1.0,6,1,1,3,5,0,1,0
243263,2939,0.0,4.0,0.0,12,3,1,1,11,0,1,0
243962,1970,0.0,2.0,1.0,2,1,1,1,1,0,1,0
24422,1861,1.0,3.0,0.0,3,1,1,1,2,0,1,0
244290,574,0.0,0.0,0.0,21,10,1,3,18,0,1,2
244610,4346,0.0,2.0,0.0,7,2,2,1,6,0,1,0
244633,3607,0.0,3.0,0.0,17,11,3,1,15,0,2,0
244729,2891,0.0,0.0,0.0,2,1,1,1,1,0,1,0
24514,323,0.0,5.0,1.0,5,1,1,2,4,0,1,0
245414,3828,0.0,3.0,0.0,12,8,3,3,11,0,1,0
245498,1500,0.0,6.0,1.0,5,2,1,2,4,0,1,0
245796,1102,0.0,4.0,0.0,25,6,4,6,23,0,2,0
246068,204,0.0,6.0,1.0,12,3,1,1,10,0,2,0
246328,145,0.0,6.0,0.0,4,2,1,2,3,0,1,0
24639,794,1.0,5.0,1.0,2,1,1,1,1,0,1,0
246823,2608,0.0,0.0,0.0,2,1,1,1,1,0,1,0
247022,1923,0.0,6.0,0.0,4,1,1,1,3,0,1,0
247114,4444,0.0,7.0,0.0,1,1,1,1,0,0,1,0
247454,4617,0.0,2.0,0.0,8,2,2,2,7,0,1,0
247681,1494,0.0,0.0,0.0,4,1,1,2,3,0,1,0
247685,437,0.0,4.0,2.0,1,1,1,1,0,0,1,0
247696,750,1.0,2.0,0.0,5,1,1,1,4,0,1,0
248336,962,0.0,0.0,0.0,2,1,1,1,1,0,1,0
248424,4015,0.0,4.0,0.0,4,1,1,1,3,0,1,0
248523,4173,0.0,0.0,1.0,7,4,3,1,5,1,1,0
248957,2926,0.0,5.0,1.0,22,6,1,5,21,0,1,0
249199,1013,0.0,5.0,0.0,6,4,2,2,5,0,1,0
249449,963,0.0,6.0,0.0,5,1,1,1,3,0,2,0
249636,255,0.0,4.0,0.0,6,1,1,1,5,0,1,0
249864,4976,0.0,3.0,0.0,16,5,2,3,15,0,1,0
25094,606,0.0,0.0,0.0,10,2,2,2,9,0,1,0
251412,4760,0.0,3.0,0.0,3,1,1,1,2,0,1,0
251693,641,0.0,0.0,0.0,19,13,1,2,16,1,2,0
251927,2313,0.0,3.0,0.0,4,1,1,4,2,0,1,1
253503,4864,0.0,0.0,0.0,3,2,1,1,2,0,1,0
253778,4079,0.0,4.0,0.0,11,4,2,1,8,0,3,0
254108,4589,0.0,4.0,2.0,7,2,1,1,5,0,1,1
254201,602,0.0,3.0,0.0,3,1,1,1,1,0,2,0
254380,4993,0.0,2.0,0.0,6,2,1,3,4,0,1,1
254897,2217,0.0,3.0,0.0,8,1,1,2,7,0,1,0
256267,1703,0.0,0.0,0.0,3,1,1,1,2,0,1,0
256575,606,0.0,3.0,0.0,7,1,1,1,6,0,1,0
256632,3971,0.0,0.0,0.0,3,1,1,1,2,0,1,0
257353,798,0.0,3.0,0.0,12,8,7,2,9,0,3,0
258057,4044,0.0,3.0,0.0,16,8,4,6,13,0,1,2
258105,66,0.0,2.0,1.0,8,1,1,4,5,0,1,2
258713,4173,0.0,6.0,0.0,8,6,4,2,7,0,1,0
258875,474,0.0,2.0,1.0,2,1,1,1,1,0,1,0
259369,3828,0.0,2.0,0.0,1,1,1,1,0,0,1,0
25947,1487,0.0,4.0,0.0,54,13,1,1,53,0,1,0
259835,1556,0.0,2.0,0.0,1,1,1,1,0,0,1,0
260996,4718,0.0,4.0,0.0,1,1,1,1,0,0,1,0
26103,257,0.0,5.0,0.0,3,1,1,1,2,0,1,0
261314,301,0.0,3.0,2.0,10,1,1,1,8,0,2,0
262158,3230,0.0,3.0,1.0,14,7,3,3,6,0,1,7
262793,1504,0.0,3.0,0.0,5,3,1,1,4,0,1,0
263315,1283,0.0,3.0,0.0,4,2,2,1,2,0,1,1
26384,2124,0.0,0.0,0.0,35,16,1,7,34,0,1,0
264223,1200,0.0,3.0,0.0,4,1,1,1,2,0,2,0
265568,3291,1.0,0.0,0.0,7,2,2,1,5,0,2,0
266135,1890,0.0,4.0,0.0,5,3,2,2,4,0,1,0
266243,2318,0.0,0.0,1.0,4,1,1,1,3,0,1,0
266775,3971,0.0,3.0,0.0,3,1,1,1,2,0,1,0
266830,4850,0.0,0.0,1.0,1,1,1,1,0,0,1,0
266899,4173,0.0,0.0,0.0,2,1,1,1,1,0,1,0
267011,4760,0.0,3.0,1.0,12,7,4,4,7,0,2,3
26707,2652,0.0,4.0,0.0,32,18,7,8,29,0,2,1
267099,1500,0.0,3.0,0.0,5,2,1,1,4,0,1,0
267332,71,0.0,0.0,1.0,25,12,3,3,23,0,1,1
267465,4687,0.0,0.0,0.0,3,1,1,1,2,0,1,0
267582,4374,0.0,4.0,0.0,16,12,4,2,15,0,1,0
267688,1704,0.0,3.0,0.0,7,3,1,3,6,0,1,0
267880,4648,0.0,0.0,0.0,3,1,1,2,1,0,1,1
267974,1514,0.0,6.0,0.0,2,1,1,1,1,0,1,0
2680,1394,0.0,6.0,0.0,9,4,1,6,6,0,1,2
268058,1923,0.0,0.0,0.0,4,3,2,1,3,0,1,0
268326,1145,0.0,5.0,1.0,17,1,1,1,16,0,1,0
268364,4519,0.0,4.0,0.0,4,1,1,1,3,0,1,0
268936,416,0.0,5.0,2.0,34,4,3,2,31,0,2,1
269042,2721,1.0,2.0,0.0,46,13,2,3,42,0,2,2
269559,437,0.0,0.0,1.0,2,1,1,1,1,0,1,0
270027,4698,0.0,4.0,0.0,8,3,2,2,5,0,2,1
270088,360,0.0,2.0,0.0,1,1,1,1,0,0,1,0
270162,760,0.0,4.0,0.0,5,1,1,1,4,0,1,0
270308,4993,0.0,3.0,0.0,1,1,1,1,0,0,1,0
270332,4282,0.0,5.0,2.0,11,2,2,2,9,0,1,1
270516,3433,0.0,0.0,0.0,13,10,6,2,12,0,1,0
271085,309,0.0,3.0,0.0,1,1,1,1,0,0,1,0
271261,3448,0.0,0.0,0.0,5,4,2,1,0,0,1,4
271832,1084,0.0,5.0,0.0,4,1,1,1,3,0,1,0
272209,8,0.0,0.0,0.0,8,2,2,1,7,0,1,0
272260,3791,0.0,2.0,1.0,1,1,1,1,0,0,1,0
27285,4605,0.0,7.0,0.0,8,3,2,4,6,0,1,1
272886,1810,0.0,2.0,1.0,14,8,4,3,13,0,1,0
273024,390,0.0,4.0,0.0,4,2,1,1,3,0,1,0
273368,742,0.0,6.0,0.0,6,4,4,1,5,0,1,0
273395,10,0.0,5.0,0.0,22,10,3,1,21,0,1,0
273667,4270,0.0,0.0,2.0,5,1,1,2,2,0,2,1
273775,3607,0.0,3.0,0.0,5,1,1,1,4,0,1,0
274248,1318,0.0,4.0,0.0,12,2,2,3,11,0,1,0
274354,4173,1.0,4.0,0.0,251,116,11,11,234,0,3,14
274408,4585,0.0,3.0,0.0,1,1,1,1,0,0,1,0
274739,2821,0.0,4.0,0.0,4,3,1,2,3,0,1,0
274818,3525,0.0,4.0,1.0,7,2,1,2,5,0,1,1
274953,535,0.0,0.0,0.0,1,1,1,1,0,0,1,0
275002,23,0.0,0.0,0.0,19,3,1,2,18,0,1,0
275538,4427,0.0,5.0,1.0,7,4,1,4,2,0,1,4
275792,4585,0.0,4.0,1.0,2,1,1,1,1,0,1,0
275994,423,0.0,3.0,0.0,9,3,1,2,8,0,1,0
276576,598,0.0,0.0,1.0,7,4,3,2,6,0,1,0
27692,3291,0.0,0.0,0.0,4,1,1,2,3,0,1,0
277079,643,0.0,3.0,0.0,1,1,1,1,0,0,1,0
277170,3150,0.0,0.0,0.0,4,2,1,2,3,0,1,0
277487,4687,0.0,3.0,0.0,4,1,1,1,3,0,1,0
277726,1679,0.0,3.0,2.0,2,1,1,1,1,0,1,0
277867,2928,0.0,5.0,0.0,4,1,1,1,2,0,1,1
278854,2435,1.0,3.0,0.0,18,6,1,2,15,0,3,0
279297,2159,0.0,6.0,0.0,15,6,3,1,14,0,1,0
280179,2669,0.0,3.0,0.0,3,1,1,1,2,0,1,0
280181,1084,0.0,0.0,1.0,10,1,1,1,8,0,2,0
280279,3828,0.0,3.0,0.0,9,8,4,3,8,0,1,0
280293,145,0.0,0.0,1.0,8,6,1,1,7,0,1,0
281048,2891,0.0,4.0,0.0,2,2,1,1,1,0,1,0
281099,4170,1.0,3.0,0.0,17,4,2,3,15,1,1,0
281275,1556,0.0,2.0,1.0,8,3,3,1,7,0,1,0
281597,4305,0.0,2.0,0.0,3,2,1,1,2,0,1,0
281643,1978,0.0,3.0,1.0,13,2,1,1,11,0,2,0
282011,1760,0.0,5.0,0.0,2,1,1,2,1,0,1,0
282239,437,0.0,6.0,1.0,1,1,1,1,0,0,1,0
282706,4871,0.0,3.0,0.0,2,1,1,1,0,0,2,0
282838,2755,0.0,6.0,0.0,2,1,1,1,1,0,1,0
283168,4044,0.0,3.0,1.0,43,19,8,1,41,0,2,0
283319,1248,0.0,2.0,1.0,4,1,1,1,3,0,1,0
284325,1679,1.0,4.0,0.0,3,2,2,1,2,0,1,0
28434,2217,0.0,3.0,0.0,5,1,1,1,4,0,1,0
284496,4221,0.0,3.0,0.0,17,3,1,1,15,0,1,1
284770,2698,0.0,4.0,0.0,4,1,1,1,3,0,1,0
284793,2810,0.0,6.0,0.0,5,2,1,1,4,0,1,0
284966,3466,0.0,6.0,0.0,4,1,1,1,3,0,1,0
285200,4287,0.0,4.0,0.0,9,4,2,1,8,0,1,0
285507,2217,0.0,6.0,0.0,2,1,1,1,1,0,1,0
285522,2273,0.0,6.0,0.0,17,4,1,3,14,0,1,2
285586,3304,0.0,3.0,0.0,3,1,1,3,2,0,1,0
285905,977,0.0,3.0,1.0,9,6,3,1,6,0,3,0
285990,3826,0.0,4.0,1.0,4,1,1,1,3,0,1,0
286350,71,0.0,6.0,0.0,35,19,4,3,34,0,1,0
286951,219,0.0,4.0,0.0,4,3,1,2,3,0,1,0
287,1678,0.0,3.0,0.0,3,1,1,2,2,0,1,0
287024,1704,0.0,0.0,0.0,13,3,1,3,12,0,1,0
287409,2820,0.0,6.0,0.0,20,4,2,5,16,0,1,3
287726,1621,0.0,6.0,1.0,2,1,1,1,1,0,1,0
28819,684,0.0,4.0,0.0,8,3,2,2,4,0,3,1
288643,2916,1.0,5.0,0.0,16,5,1,3,12,0,1,3
288694,4605,0.0,4.0,0.0,5,1,1,2,4,0,1,0
289740,598,0.0,3.0,1.0,5,1,1,1,4,0,1,0
28975,2424,0.0,4.0,0.0,6,2,1,3,4,0,1,1
290330,3843,0.0,null,null,5,1,1,1,4,0,1,0
291401,4339,0.0,3.0,0.0,1,1,1,1,0,0,1,0
291411,436,1.0,3.0,0.0,8,3,2,1,6,0,2,0
29149,191,0.0,4.0,0.0,1,1,1,1,0,0,1,0
291593,3563,0.0,4.0,0.0,2,1,1,1,0,0,2,0
292407,2341,0.0,0.0,0.0,3,1,1,1,2,0,1,0
292420,71,0.0,2.0,0.0,4,1,1,1,3,0,1,0
2928,3288,0.0,3.0,0.0,4,1,1,2,2,0,1,1
292820,1031,0.0,3.0,0.0,6,1,1,1,4,0,2,0
293073,3940,0.0,4.0,0.0,7,2,1,1,6,0,1,0
293092,3990,0.0,5.0,2.0,18,10,4,3,17,0,1,0
293210,474,1.0,0.0,0.0,30,20,11,1,25,0,5,0
293284,951,0.0,0.0,1.0,2,1,1,1,1,0,1,0
293342,4731,0.0,3.0,0.0,1,1,1,1,0,0,1,0
293781,10,0.0,5.0,1.0,9,2,2,1,8,0,1,0
294476,2954,0.0,3.0,1.0,15,3,3,2,13,0,1,1
294975,1411,0.0,3.0,1.0,4,1,1,1,3,0,1,0
295060,2664,0.0,3.0,1.0,42,26,2,1,40,0,2,0
295074,1102,0.0,4.0,0.0,6,5,3,2,4,0,1,1
295143,2669,0.0,2.0,0.0,3,1,1,1,2,0,1,0
295310,2134,0.0,4.0,2.0,3,1,1,1,2,0,1,0
295413,1679,0.0,4.0,1.0,7,2,2,3,6,0,1,0
295524,4039,0.0,3.0,0.0,2,1,1,1,1,0,1,0
295758,1963,0.0,0.0,1.0,3,1,1,2,1,0,1,1
296660,588,0.0,4.0,0.0,1,1,1,1,0,0,1,0
296795,4039,0.0,3.0,0.0,1,1,1,1,0,0,1,0
296813,3912,0.0,5.0,0.0,14,3,2,2,11,0,2,1
296918,3936,0.0,5.0,1.0,8,3,2,2,5,1,2,0
296960,1661,0.0,4.0,2.0,2,1,1,2,0,0,1,1
297041,1096,0.0,4.0,0.0,3,3,1,1,0,0,3,0
297415,742,0.0,3.0,0.0,2,1,1,1,1,0,1,0
298625,2,0.0,3.0,0.0,12,5,3,1,11,0,1,0
29872,408,0.0,2.0,1.0,5,1,1,1,3,0,1,1
298985,3984,0.0,6.0,0.0,6,1,1,1,5,0,1,0
299274,1487,0.0,7.0,0.0,44,11,1,5,39,0,2,3
299428,4049,0.0,4.0,0.0,36,16,5,7,35,0,1,0
299477,2435,0.0,4.0,0.0,1,1,1,1,0,0,1,0
299712,3236,0.0,2.0,0.0,40,16,1,1,39,0,1,0
299760,4287,0.0,0.0,0.0,52,18,6,3,45,0,6,1
300570,2824,0.0,4.0,1.0,2,1,1,1,1,0,1,0
301256,742,0.0,3.0,0.0,5,2,2,1,3,0,2,0
301803,1875,0.0,4.0,0.0,24,14,4,3,22,0,1,1
301831,4083,0.0,4.0,0.0,9,3,1,4,7,0,2,0
302266,3225,0.0,0.0,1.0,7,2,1,1,6,0,1,0
302783,4444,0.0,5.0,0.0,2,1,1,1,1,0,1,0
302916,293,0.0,2.0,0.0,11,1,1,2,9,0,2,0
303207,3968,0.0,2.0,0.0,34,6,5,3,32,1,1,0
303466,145,0.0,0.0,0.0,1,1,1,1,0,0,1,0
303967,3166,0.0,3.0,0.0,12,4,1,3,10,0,1,1
304099,1408,0.0,2.0,0.0,2,1,1,1,1,0,1,0
305306,1000,0.0,3.0,0.0,4,1,1,1,3,0,1,0
305734,608,0.0,5.0,0.0,4,1,1,2,2,0,1,1
305912,2277,0.0,2.0,1.0,1,1,1,1,0,0,1,0
306470,4659,0.0,3.0,0.0,14,4,4,1,10,0,4,0
306481,2006,0.0,4.0,1.0,3,1,1,1,2,0,1,0
306820,4427,0.0,4.0,0.0,8,3,2,3,7,0,1,0
307029,3954,0.0,3.0,1.0,7,1,1,3,6,0,1,0
307198,437,0.0,3.0,0.0,8,3,1,1,7,0,1,0
307439,2138,1.0,2.0,0.0,4,1,1,1,3,0,1,0
307464,4760,0.0,3.0,1.0,1,1,1,1,0,0,1,0
3075,649,0.0,6.0,0.0,6,2,1,2,5,0,1,0
307557,4173,0.0,4.0,1.0,1,1,1,1,0,0,1,0
307700,1022,0.0,0.0,0.0,19,9,1,3,15,0,2,2
308240,1678,0.0,3.0,0.0,10,2,2,1,8,0,2,0
308406,1679,0.0,3.0,2.0,15,11,4,3,14,0,1,0
308580,1330,0.0,3.0,1.0,1,1,1,1,0,0,1,0
30859,2709,0.0,3.0,0.0,9,1,1,2,7,0,1,1
308889,1760,0.0,4.0,0.0,4,4,2,1,0,0,4,0
308939,219,0.0,3.0,0.0,4,1,1,1,2,0,2,0
308963,793,0.0,8.0,0.0,16,2,2,3,12,1,1,2
309324,1754,0.0,2.0,0.0,27,10,5,3,24,0,1,2
309358,1203,0.0,4.0,0.0,4,1,1,1,3,0,1,0
30938,2537,0.0,2.0,0.0,5,3,1,1,3,0,1,1
309533,4162,0.0,3.0,0.0,3,1,1,1,2,0,1,0
309821,3982,0.0,3.0,0.0,8,3,1,3,7,0,1,0
31035,2026,0.0,6.0,1.0,1,1,1,1,0,0,1,0
31097,1093,0.0,6.0,0.0,10,2,1,1,9,0,1,0
31123,66,1.0,5.0,0.0,7,3,1,1,6,0,1,0
311444,1719,0.0,5.0,0.0,1,1,1,1,0,0,1,0
311517,2824,0.0,4.0,0.0,3,1,1,1,2,0,1,0
311630,58,0.0,3.0,1.0,2,1,1,1,1,0,1,0
312231,4976,0.0,0.0,1.0,1,1,1,1,0,0,1,0
312638,1310,0.0,4.0,0.0,4,1,1,2,2,0,1,1
312772,2221,0.0,5.0,1.0,1,1,1,1,0,0,1,0
312958,1102,0.0,4.0,0.0,1,1,1,1,0,0,1,0
313563,1200,0.0,7.0,0.0,2,1,1,1,0,0,2,0
313585,3828,0.0,5.0,1.0,4,1,1,2,3,0,1,0
313598,3984,0.0,4.0,0.0,32,13,7,4,29,1,2,0
314311,1031,0.0,4.0,0.0,6,3,1,1,5,0,1,0
315006,2061,0.0,2.0,1.0,7,2,1,3,5,0,1,1
31504,1393,1.0,0.0,0.0,8,6,2,1,7,0,1,0
315177,1724,0.0,0.0,0.0,6,3,1,1,5,0,1,0
315181,3500,0.0,6.0,0.0,3,1,1,1,2,0,1,0
315278,4491,1.0,0.0,0.0,5,2,1,2,3,0,2,0
315410,4472,0.0,3.0,1.0,13,3,1,1,12,0,1,0
316059,1763,0.0,2.0,0.0,2,1,1,1,1,0,1,0
316533,1056,0.0,4.0,0.0,14,8,4,3,10,0,3,1
316854,492,0.0,3.0,1.0,1,1,1,1,0,0,1,0
317184,2864,0.0,5.0,0.0,42,9,2,1,39,0,2,1
317366,4745,0.0,3.0,0.0,6,3,1,2,4,0,2,0
317406,2981,1.0,0.0,0.0,11,2,1,2,8,0,1,2
317448,2890,0.0,0.0,0.0,4,2,1,1,3,0,1,0
317623,1393,0.0,4.0,0.0,48,13,9,2,46,0,2,0
317645,3529,0.0,5.0,1.0,3,1,1,2,2,0,1,0
317754,1393,0.0,3.0,0.0,10,3,3,3,9,0,1,0
31836,2278,0.0,3.0,0.0,1,1,1,1,0,0,1,0
318371,4729,0.0,3.0,0.0,3,1,1,2,1,0,1,1
318607,3105,0.0,2.0,0.0,9,3,1,3,8,0,1,0
319041,2099,0.0,6.0,0.0,3,2,2,2,2,0,1,0
319061,4850,0.0,4.0,0.0,5,3,3,3,4,0,1,0
319728,4427,1.0,4.0,0.0,2,1,1,1,1,0,1,0
320371,4171,0.0,4.0,0.0,8,4,2,2,5,0,3,0
320916,2787,0.0,6.0,0.0,1,1,1,1,0,0,1,0
321049,3585,0.0,0.0,0.0,32,16,2,2,31,0,1,0
321480,66,0.0,6.0,0.0,5,2,2,1,4,0,1,0
321489,3072,0.0,3.0,0.0,9,1,1,1,7,0,1,1
321585,4079,0.0,6.0,0.0,2,1,1,1,1,0,1,0
321595,826,0.0,3.0,1.0,4,1,1,1,3,0,1,0
321694,598,0.0,2.0,1.0,3,1,1,1,2,0,1,0
321889,4783,0.0,5.0,1.0,2,1,1,1,1,0,1,0
322468,372,0.0,3.0,0.0,9,1,1,2,7,0,1,1
322641,1429,0.0,3.0,0.0,10,2,1,5,9,0,1,0
323036,1145,0.0,3.0,1.0,4,2,1,2,3,0,1,0
323367,4368,0.0,4.0,1.0,9,1,1,3,7,0,2,0
323581,862,0.0,0.0,null,8,6,2,1,7,0,1,0
32397,1435,0.0,0.0,0.0,5,1,1,3,4,0,1,0
324419,3828,0.0,0.0,0.0,6,5,5,1,5,0,1,0
324452,2709,0.0,0.0,1.0,6,2,2,1,5,0,1,0
325541,3609,0.0,2.0,0.0,9,3,1,1,8,0,1,0
325945,3284,0.0,3.0,1.0,3,1,1,1,2,0,1,0
326011,2883,0.0,4.0,0.0,1,1,1,1,0,0,1,0
326170,4385,0.0,6.0,0.0,7,3,2,2,6,0,1,0
326259,1719,0.0,4.0,0.0,3,1,1,1,1,0,2,0
326290,1117,0.0,0.0,0.0,4,1,1,1,3,0,1,0
326335,1102,0.0,4.0,0.0,3,2,2,1,2,0,1,0
327090,2273,0.0,4.0,0.0,2,1,1,2,0,0,1,1
327778,3839,0.0,6.0,0.0,9,2,1,2,8,0,1,0
32785,4568,0.0,8.0,0.0,40,24,7,13,35,0,5,0
328138,603,0.0,3.0,1.0,1,1,1,1,0,0,1,0
328397,4009,0.0,6.0,0.0,17,6,3,1,12,0,1,4
328584,1705,0.0,3.0,0.0,2,1,1,1,1,0,1,0
328907,437,0.0,4.0,0.0,5,1,1,2,4,0,1,0
329882,1890,0.0,7.0,0.0,11,3,2,5,10,0,1,0
330479,3205,0.0,5.0,2.0,1,1,1,1,0,0,1,0
331037,3460,0.0,2.0,0.0,3,1,1,1,2,0,1,0
331037,649,0.0,2.0,0.0,10,2,1,1,9,0,1,0
33107,2108,0.0,3.0,0.0,6,3,2,1,5,0,1,0
331415,2403,0.0,5.0,0.0,2,2,1,1,1,0,1,0
331866,606,0.0,2.0,0.0,8,2,2,2,7,0,1,0
332047,2828,0.0,0.0,0.0,10,6,2,1,9,0,1,0
332537,2328,0.0,2.0,0.0,2,1,1,1,1,0,1,0
3328,1703,0.0,4.0,null,8,5,4,1,5,0,3,0
33305,3319,0.0,0.0,0.0,7,2,1,1,6,0,1,0
333253,1667,0.0,4.0,0.0,8,4,2,1,7,0,1,0
333634,2537,0.0,0.0,0.0,2,1,1,1,1,0,1,0
334420,1056,0.0,6.0,0.0,6,2,1,2,5,0,1,0
334634,4173,0.0,5.0,0.0,3,1,1,1,2,0,1,0
335229,4842,0.0,3.0,0.0,7,2,1,1,6,0,1,0
335457,3971,0.0,0.0,0.0,4,1,1,1,3,0,1,0
335571,2565,0.0,5.0,0.0,7,1,1,5,5,0,1,1
336288,2277,0.0,4.0,1.0,4,1,1,1,3,0,1,0
336476,649,0.0,7.0,0.0,8,2,1,2,7,0,1,0
33667,1677,0.0,3.0,0.0,11,4,2,1,7,0,4,0
336720,4571,0.0,4.0,1.0,5,2,1,2,3,0,1,1
337468,1724,0.0,4.0,0.0,6,5,1,1,5,0,1,0
337895,1854,0.0,2.0,0.0,3,1,1,1,1,0,1,1
338002,1270,0.0,5.0,0.0,13,5,3,1,11,0,1,1
338176,4738,0.0,5.0,1.0,1,1,1,1,0,0,1,0
338721,2173,0.0,6.0,1.0,33,12,4,3,25,0,7,1
339322,1399,0.0,3.0,0.0,3,1,1,1,2,0,1,0
339402,1393,0.0,3.0,1.0,260,168,20,16,228,0,1,31
340151,3159,0.0,4.0,0.0,15,6,4,3,13,0,2,0
341606,3875,0.0,5.0,1.0,2,1,1,1,1,0,1,0
341661,2361,0.0,4.0,0.0,3,1,1,1,2,0,1,0
341770,141,0.0,2.0,0.0,5,2,2,1,4,0,1,0
341921,4221,0.0,0.0,0.0,22,7,1,2,20,0,1,1
342039,1370,0.0,0.0,0.0,4,2,2,1,3,0,1,0
342067,1749,0.0,6.0,0.0,4,2,2,2,2,0,2,0
342205,4173,0.0,3.0,0.0,29,25,10,4,26,0,3,0
342571,2824,0.0,5.0,0.0,1,1,1,1,0,0,1,0
342755,3236,0.0,3.0,0.0,4,1,1,2,3,0,1,0
343171,4427,0.0,2.0,1.0,5,2,1,2,4,0,1,0
343607,3828,0.0,5.0,1.0,2,1,1,2,1,0,1,0
344158,4287,0.0,3.0,1.0,2,1,1,1,0,0,2,0
346348,4738,0.0,7.0,0.0,6,1,1,1,5,0,1,0
34644,4044,0.0,5.0,0.0,6,4,4,2,5,0,1,0
346812,4985,0.0,5.0,0.0,10,6,2,2,9,0,1,0
346818,1643,0.0,6.0,0.0,2,1,1,2,1,0,1,0
346874,3016,0.0,2.0,1.0,3,1,1,1,2,0,1,0
347114,436,0.0,6.0,0.0,6,1,1,1,5,0,1,0
347114,927,0.0,6.0,0.0,4,2,2,1,2,0,2,0
349033,1494,0.0,5.0,0.0,19,7,3,2,18,0,1,0
349308,1618,0.0,0.0,1.0,7,5,2,1,6,0,1,0
349657,361,0.0,0.0,1.0,19,7,1,4,16,0,1,2
350463,4947,0.0,3.0,0.0,8,5,1,1,7,0,1,0
351063,1412,0.0,0.0,0.0,10,3,2,2,9,0,1,0
351166,1679,0.0,4.0,1.0,8,3,1,4,4,0,3,1
35135,1124,0.0,4.0,0.0,5,2,1,1,3,0,2,0
351884,503,0.0,7.0,0.0,1,1,1,1,0,0,1,0
352026,4858,0.0,4.0,1.0,15,5,1,1,13,0,2,0
35216,3383,0.0,3.0,0.0,3,1,1,2,2,0,1,0
3523,1162,0.0,0.0,1.0,9,3,3,3,7,0,1,1
352428,10,0.0,3.0,0.0,8,3,1,2,7,0,1,0
352941,1762,0.0,0.0,1.0,3,1,1,1,2,0,1,0
353147,215,0.0,0.0,null,12,10,5,3,11,0,1,0
353593,4281,0.0,0.0,1.0,2,1,1,1,1,0,1,0
35383,3471,0.0,7.0,1.0,1,1,1,1,0,0,1,0
353996,4992,0.0,5.0,1.0,2,1,1,1,1,0,1,0
3544,2582,0.0,0.0,0.0,5,2,1,1,4,0,1,0
354456,806,0.0,5.0,1.0,10,5,2,2,9,0,1,0
354556,3578,0.0,3.0,1.0,3,2,1,1,2,0,1,0
354731,2108,0.0,2.0,1.0,6,3,2,1,5,0,1,0
355120,748,0.0,0.0,0.0,1,1,1,1,0,0,1,0
356540,2537,0.0,3.0,0.0,6,3,2,1,3,0,3,0
356611,2711,0.0,0.0,0.0,22,7,3,5,15,0,1,6
356994,1272,0.0,4.0,0.0,27,2,1,4,25,0,2,0
357477,821,0.0,5.0,0.0,3,2,1,1,2,0,1,0
35785,1056,0.0,3.0,0.0,30,14,11,2,27,0,3,0
358315,2031,0.0,3.0,0.0,2,1,1,1,1,0,1,0
358977,1673,0.0,3.0,1.0,6,2,1,1,5,0,1,0
359409,1403,0.0,5.0,0.0,21,2,1,5,19,0,1,1
359437,46,0.0,3.0,2.0,2,1,1,1,1,0,1,0
359594,250,0.0,2.0,1.0,8,3,1,2,6,0,1,1
360173,4818,0.0,0.0,1.0,12,2,1,1,11,0,1,0
360463,2454,0.0,4.0,1.0,7,2,1,1,6,0,1,0
360933,104,0.0,2.0,0.0,3,1,1,1,2,0,1,0
361045,3734,0.0,3.0,0.0,7,5,3,3,6,0,1,0
361147,114,0.0,5.0,0.0,20,10,3,3,19,0,1,0
361178,3683,0.0,3.0,0.0,12,1,1,3,10,0,1,1
361228,1831,0.0,0.0,0.0,3,1,1,1,2,0,1,0
361321,3448,0.0,4.0,1.0,7,1,1,2,5,0,1,1
36143,962,0.0,2.0,0.0,4,3,2,3,1,0,1,2
361939,120,0.0,3.0,0.0,3,1,1,1,1,0,2,0
362091,1911,0.0,3.0,0.0,5,2,1,1,4,0,1,0
362393,4545,0.0,7.0,1.0,7,1,1,3,5,0,1,1
362562,357,0.0,2.0,0.0,2,1,1,1,1,0,1,0
362768,2051,0.0,3.0,1.0,1,1,1,1,0,0,1,0
362805,4659,0.0,5.0,2.0,5,3,3,1,4,0,1,0
362846,2562,0.0,2.0,1.0,3,1,1,1,2,0,1,0
362946,4992,0.0,3.0,0.0,11,2,1,2,10,0,1,0
363633,2639,1.0,0.0,1.0,21,13,3,2,17,0,4,0
363809,2193,0.0,0.0,1.0,5,1,1,1,4,0,1,0
364638,3205,0.0,0.0,2.0,3,2,1,1,2,0,1,0
364760,4463,0.0,3.0,0.0,15,4,1,2,14,0,1,0
365149,3851,0.0,2.0,0.0,20,7,4,1,16,0,4,0
365318,3356,0.0,3.0,2.0,91,23,7,6,87,0,4,0
365559,1102,0.0,3.0,0.0,61,40,4,7,60,0,1,0
366626,4536,0.0,2.0,1.0,2,2,2,1,0,0,2,0
367874,4957,0.0,4.0,0.0,56,26,9,3,50,0,6,0
36813,3986,0.0,3.0,0.0,3,1,1,1,2,0,1,0
36840,474,0.0,4.0,0.0,3,1,1,2,1,0,1,1
368806,818,0.0,0.0,0.0,2,2,1,1,0,0,2,0
369422,682,0.0,3.0,0.0,31,15,5,3,29,0,2,0
369426,4992,0.0,0.0,0.0,10,6,1,1,8,0,2,0
369745,3103,0.0,2.0,1.0,2,1,1,2,1,0,1,0
369873,3967,0.0,0.0,0.0,15,5,3,5,13,0,1,1
369908,1679,0.0,4.0,0.0,32,16,3,2,28,0,3,1
370044,2099,0.0,4.0,0.0,9,2,2,1,8,0,1,0
370223,4847,0.0,4.0,0.0,9,8,6,2,8,0,1,0
370362,2318,0.0,5.0,1.0,2,1,1,1,1,0,1,0
370538,778,0.0,0.0,0.0,4,1,1,1,3,0,1,0
371431,2565,0.0,5.0,0.0,4,1,1,2,3,0,1,0
372202,1067,0.0,6.0,1.0,1,1,1,1,0,0,1,0
372361,2569,0.0,5.0,2.0,6,1,1,5,4,0,1,1
372398,606,0.0,2.0,0.0,6,4,2,3,4,0,1,1
372501,4008,0.0,4.0,0.0,4,1,1,3,3,0,1,0
372848,4472,0.0,4.0,0.0,2,1,1,1,1,0,1,0
373221,4197,0.0,0.0,0.0,9,2,1,2,7,0,2,0
373804,537,0.0,0.0,1.0,3,1,1,1,2,0,1,0
37382,3469,0.0,3.0,1.0,16,6,1,1,15,0,1,0
373931,1131,0.0,5.0,0.0,1,1,1,1,0,0,1,0
374052,4558,0.0,0.0,0.0,3,1,1,1,2,0,1,0
37412,3828,0.0,4.0,null,75,37,12,3,69,0,2,4
374978,1500,0.0,3.0,0.0,3,1,1,3,2,0,1,0
376691,682,0.0,6.0,0.0,2,1,1,1,1,0,1,0
377351,951,0.0,3.0,0.0,5,4,2,1,4,0,1,0
378727,2565,0.0,5.0,0.0,3,2,1,1,2,0,1,0
378994,2051,0.0,3.0,0.0,1,1,1,1,0,0,1,0
379488,3320,0.0,2.0,1.0,31,2,1,1,30,0,1,0
380009,3835,0.0,6.0,0.0,13,7,2,1,12,0,1,0
38066,1223,0.0,2.0,0.0,2,1,1,1,1,0,1,0
381050,2136,0.0,0.0,1.0,15,11,7,2,14,0,1,0
381139,2268,0.0,0.0,0.0,5,1,1,2,4,0,1,0
381462,2808,1.0,0.0,1.0,5,1,1,2,4,0,1,0
381905,4527,0.0,4.0,0.0,7,1,1,3,6,0,1,0
382124,3161,0.0,8.0,0.0,50,33,9,3,48,0,2,0
382521,4744,0.0,2.0,1.0,2,2,1,2,1,0,1,0
382581,3323,1.0,4.0,0.0,4,1,1,2,3,0,1,0
383031,2318,0.0,0.0,null,4,1,1,1,3,0,1,0
38314,1899,0.0,4.0,0.0,19,11,6,1,14,0,5,0
383421,4034,0.0,3.0,0.0,25,15,11,2,22,0,3,0
383469,1203,0.0,4.0,2.0,2,1,1,1,1,0,1,0
383627,2688,0.0,6.0,1.0,17,3,2,2,15,0,1,1
384410,2928,0.0,4.0,1.0,7,2,1,1,6,0,1,0
384564,2821,0.0,4.0,1.0,3,1,1,1,2,0,1,0
385239,1488,0.0,2.0,0.0,6,2,2,3,5,0,1,0
385390,121,0.0,3.0,0.0,4,1,1,2,3,0,1,0
385654,515,0.0,4.0,0.0,4,1,1,1,3,0,1,0
386512,1618,0.0,3.0,1.0,8,2,1,2,7,0,1,0
386778,4860,0.0,4.0,1.0,3,2,1,1,1,0,2,0
387058,23,0.0,0.0,0.0,15,1,1,3,13,0,1,1
387352,3734,0.0,4.0,1.0,32,18,5,2,31,0,1,0
387528,3637,0.0,2.0,0.0,15,6,1,2,10,0,1,4
388479,3915,0.0,5.0,2.0,3,1,1,1,2,0,1,0
388891,361,0.0,0.0,1.0,13,6,3,1,11,0,1,1
388910,4382,0.0,4.0,0.0,5,2,1,1,4,0,1,0
389365,2639,0.0,6.0,0.0,24,8,4,1,22,0,2,0
389862,3609,0.0,4.0,0.0,5,1,1,1,4,0,1,0
390036,3984,0.0,3.0,1.0,7,1,1,2,5,0,1,1
390131,3941,0.0,5.0,0.0,4,3,2,3,2,0,1,1
390643,423,0.0,3.0,0.0,2,1,1,1,1,0,1,0
390734,2565,0.0,0.0,0.0,6,1,1,1,5,0,1,0
390767,4864,0.0,6.0,0.0,6,2,1,1,5,0,1,0
391134,1090,1.0,6.0,0.0,2,1,1,1,1,0,1,0
391239,1132,0.0,0.0,0.0,3,1,1,1,2,0,1,0
391426,361,0.0,0.0,0.0,4,2,1,1,3,0,1,0
392155,326,0.0,0.0,1.0,6,2,1,1,5,0,1,0
39249,3635,0.0,4.0,1.0,6,3,1,3,4,0,2,0
392856,962,0.0,4.0,0.0,6,2,1,1,5,0,1,0
393398,215,0.0,5.0,0.0,2,1,1,1,1,0,1,0
393495,1067,0.0,6.0,0.0,3,2,1,2,2,0,1,0
393841,682,0.0,3.0,0.0,4,1,1,2,2,0,1,1
393927,1126,0.0,2.0,0.0,15,4,2,5,12,0,1,2
394061,926,0.0,4.0,1.0,5,2,2,1,3,0,2,0
39494,4744,0.0,0.0,0.0,3,1,1,1,2,0,1,0
395065,2173,0.0,2.0,1.0,1,1,1,1,0,0,1,0
395081,3826,0.0,2.0,1.0,1,1,1,1,0,0,1,0
39582,4976,0.0,4.0,1.0,6,2,2,2,5,0,1,0
396169,4044,0.0,5.0,0.0,8,6,4,1,7,0,1,0
396488,4492,0.0,4.0,0.0,2,1,1,1,1,0,1,0
396656,954,0.0,0.0,0.0,2,1,1,1,0,0,2,0
396699,437,0.0,3.0,0.0,7,5,1,2,5,0,1,1
397267,310,0.0,0.0,1.0,5,1,1,1,4,0,1,0
397407,4718,0.0,0.0,0.0,5,1,1,1,3,0,2,0
397514,2744,1.0,5.0,0.0,23,13,5,4,21,0,2,0
398476,1472,0.0,4.0,0.0,1,1,1,1,0,0,1,0
398765,2273,0.0,4.0,0.0,4,1,1,1,3,0,1,0
398903,1760,0.0,4.0,0.0,21,5,1,1,19,0,2,0
39903,1875,0.0,5.0,2.0,25,18,7,8,22,1,1,1
399217,1526,0.0,0.0,0.0,2,1,1,1,1,0,1,0
399266,4131,0.0,4.0,0.0,72,14,2,2,71,0,1,0
399588,2537,1.0,2.0,0.0,7,4,2,2,5,0,2,0
39973,2608,0.0,2.0,0.0,3,2,1,2,2,0,1,0
39975,3578,0.0,3.0,0.0,13,6,1,1,12,0,1,0
400252,3635,0.0,5.0,0.0,6,2,2,1,4,0,2,0
400271,4648,0.0,0.0,0.0,12,1,2,2,10,1,1,0
400602,3853,1.0,0.0,0.0,11,4,3,3,10,0,1,0
400642,3623,0.0,3.0,0.0,6,2,2,1,4,0,2,0
400774,552,0.0,3.0,0.0,10,1,1,1,9,0,1,0
401029,2582,0.0,2.0,0.0,8,4,2,2,4,0,1,3
401048,4648,0.0,2.0,0.0,8,8,2,1,0,0,8,0
401082,3291,0.0,2.0,0.0,5,1,1,1,4,0,1,0
401168,1346,0.0,4.0,2.0,2,1,1,1,1,0,1,0
401369,2002,0.0,4.0,0.0,2,1,1,1,1,0,1,0
401377,598,0.0,3.0,0.0,10,1,1,5,9,0,1,0
401927,3855,0.0,3.0,0.0,12,3,1,1,11,0,1,0
402394,1195,0.0,4.0,1.0,19,2,1,2,18,0,1,0
402489,654,0.0,0.0,1.0,5,2,1,1,4,0,1,0
403049,1272,0.0,0.0,1.0,5,1,1,2,3,0,1,1
403129,361,0.0,0.0,0.0,5,1,1,1,4,0,1,0
403387,1494,0.0,4.0,1.0,16,8,2,3,11,0,2,3
403977,4847,0.0,4.0,0.0,15,10,8,2,14,0,1,0
404773,4605,0.0,4.0,0.0,5,2,2,2,3,0,1,1
40506,3578,0.0,3.0,0.0,12,6,1,1,11,0,1,0
405159,4847,1.0,5.0,0.0,18,10,4,1,17,0,1,0
405531,4818,0.0,2.0,1.0,3,1,1,1,2,0,1,0
405767,2313,0.0,3.0,0.0,3,2,2,1,2,0,1,0
406013,1707,0.0,4.0,1.0,6,1,1,1,4,0,1,1
406763,2784,0.0,3.0,0.0,4,1,1,1,3,0,1,0
40682,3826,0.0,6.0,1.0,5,1,1,1,3,0,2,0
407127,4234,0.0,4.0,0.0,4,2,1,1,3,0,1,0
407600,2236,0.0,6.0,0.0,8,3,3,1,6,0,1,1
407672,3820,0.0,0.0,0.0,1,1,1,1,0,0,1,0
408334,4196,0.0,2.0,1.0,8,1,1,2,7,0,1,0
408448,2140,0.0,3.0,0.0,25,13,1,1,20,0,3,2
408651,2765,0.0,4.0,1.0,3,2,1,1,2,0,1,0
410029,2173,0.0,3.0,1.0,6,3,1,1,5,0,1,0
410460,4115,0.0,6.0,0.0,2,1,1,1,1,0,1,0
410540,4861,0.0,5.0,0.0,10,3,1,4,9,0,1,0
410576,1679,1.0,4.0,0.0,1,1,1,1,0,0,1,0
410646,777,0.0,2.0,0.0,8,3,2,3,7,0,1,0
410662,3159,0.0,2.0,0.0,24,3,3,2,23,0,1,0
411303,3825,0.0,3.0,0.0,3,2,1,1,2,0,1,0
412162,63,0.0,3.0,1.0,7,3,3,1,6,0,1,0
412260,4090,0.0,4.0,0.0,3,1,1,2,1,0,1,1
412937,4938,0.0,0.0,1.0,2,1,1,2,1,0,1,0
413694,1357,0.0,3.0,1.0,2,1,1,1,1,0,1,0
414069,2102,0.0,3.0,1.0,2,1,1,1,1,0,1,0
414402,4500,0.0,4.0,0.0,6,2,1,1,4,0,2,0
415139,962,0.0,3.0,0.0,10,4,2,6,6,0,1,3
415388,3622,0.0,6.0,1.0,1,1,1,1,0,0,1,0
415481,2991,0.0,3.0,0.0,2,1,1,1,1,0,1,0
416366,685,0.0,6.0,0.0,6,4,2,2,5,0,1,0
416645,3240,0.0,2.0,0.0,4,1,1,2,1,0,3,0
416783,1840,0.0,6.0,1.0,2,1,1,1,0,0,2,0
416843,1724,0.0,7.0,0.0,14,5,2,2,13,0,1,0
416984,1892,0.0,0.0,0.0,22,16,6,2,20,0,2,0
417178,1340,0.0,2.0,0.0,62,40,4,1,56,0,3,3
417322,1093,0.0,0.0,1.0,5,1,1,2,3,0,1,1
417452,4871,0.0,3.0,0.0,2,1,1,2,1,0,1,0
417498,1330,0.0,3.0,0.0,5,1,1,1,3,0,1,1
417601,1922,0.0,4.0,1.0,1,1,1,1,0,0,1,0
417699,4173,0.0,4.0,0.0,3,3,3,2,1,0,2,0
41780,4542,0.0,0.0,0.0,8,1,1,2,7,0,1,0
417813,1142,0.0,5.0,1.0,9,2,2,1,8,0,1,0
417838,1103,0.0,0.0,0.0,3,2,1,1,2,0,1,0
418020,1835,0.0,3.0,0.0,87,55,10,9,78,0,1,8
418552,3622,0.0,6.0,1.0,3,1,1,1,2,0,1,0
419222,4499,0.0,0.0,0.0,23,10,2,1,21,0,1,1
419303,2608,0.0,3.0,1.0,1,1,1,1,0,0,1,0
419640,3854,0.0,3.0,0.0,2,2,2,1,0,0,2,0
420237,4468,0.0,3.0,0.0,4,2,2,1,3,0,1,0
420357,1574,0.0,6.0,1.0,2,1,1,1,0,0,2,0
420423,2447,0.0,0.0,0.0,3,1,1,1,1,0,2,0
420625,3794,1.0,4.0,1.0,3,1,1,1,2,0,1,0
420741,1999,0.0,4.0,0.0,7,3,1,3,6,0,1,0
420924,92,0.0,2.0,0.0,3,2,1,1,2,0,1,0
421316,2318,0.0,2.0,0.0,4,2,1,1,3,0,1,0
421559,141,0.0,0.0,0.0,4,2,1,1,3,0,1,0
421842,2641,0.0,3.0,0.0,2,1,1,1,1,0,1,0
422070,3476,0.0,0.0,0.0,3,3,3,2,1,0,2,0
422592,4976,0.0,0.0,0.0,1,1,1,1,0,0,1,0
42275,2294,0.0,6.0,2.0,10,5,2,1,8,0,2,0
422812,1509,0.0,2.0,0.0,5,1,1,1,4,0,1,0
422861,322,0.0,7.0,0.0,6,1,1,3,5,0,1,0
42296,4760,1.0,3.0,1.0,41,12,6,1,37,0,3,1
423257,4394,0.0,4.0,1.0,6,2,1,1,5,0,1,0
42462,3236,0.0,4.0,0.0,23,6,1,10,22,0,1,0
42588,1892,0.0,0.0,0.0,5,3,3,2,3,0,1,1
42628,3609,0.0,0.0,0.0,22,7,1,4,21,0,1,0
4337,4585,0.0,4.0,1.0,16,3,1,1,15,0,1,0
4348,1283,0.0,5.0,0.0,5,2,2,2,3,0,2,0
43480,1346,0.0,5.0,0.0,1,1,1,1,0,0,1,0
4366,296,0.0,6.0,0.0,7,3,1,3,6,0,1,0
43844,1425,0.0,3.0,0.0,6,1,1,3,4,0,1,1
44296,793,0.0,0.0,1.0,14,6,2,4,12,0,1,1
44658,2102,0.0,2.0,0.0,26,15,6,2,24,0,2,0
44849,4427,0.0,4.0,1.0,2,1,1,1,1,0,1,0
45600,2954,0.0,3.0,2.0,9,2,1,3,8,0,1,0
45679,133,0.0,0.0,0.0,19,8,1,3,14,0,1,4
45876,3828,0.0,6.0,0.0,37,16,7,2,28,0,2,7
45988,3766,0.0,2.0,0.0,10,3,3,2,9,0,1,0
46130,2047,0.0,0.0,0.0,4,2,1,2,3,0,1,0
47062,1738,0.0,0.0,0.0,10,4,1,2,9,0,1,0
47411,1477,0.0,2.0,0.0,5,3,1,1,4,0,1,0
47513,1132,0.0,7.0,1.0,3,1,1,2,2,0,1,0
48550,1840,0.0,5.0,1.0,3,1,1,1,2,0,1,0
48582,4173,0.0,4.0,0.0,28,16,5,1,27,0,1,0
48880,1000,0.0,4.0,2.0,6,1,1,1,5,0,1,0
49114,3588,0.0,6.0,0.0,1,1,1,1,0,0,1,0
49366,1141,0.0,0.0,0.0,13,4,4,4,11,0,1,1
49439,4605,0.0,2.0,0.0,4,1,1,3,2,0,1,1
4965,3853,0.0,3.0,0.0,20,8,2,3,18,0,1,1
50415,1557,0.0,6.0,1.0,81,43,11,16,76,0,1,4
50924,4385,0.0,6.0,0.0,19,14,3,1,17,0,2,0
51136,1816,0.0,3.0,1.0,31,3,2,1,30,0,1,0
51465,1760,0.0,3.0,0.0,24,13,3,3,21,0,2,1
51839,2879,0.0,5.0,0.0,3,2,1,1,1,0,2,0
5194,1056,0.0,4.0,0.0,6,2,2,1,4,0,2,0
51990,361,0.0,2.0,1.0,3,2,1,1,0,0,3,0
52035,1738,0.0,2.0,0.0,7,5,3,3,0,0,2,5
52134,2072,0.0,3.0,0.0,2,1,1,2,1,0,1,0
52647,145,0.0,2.0,2.0,10,7,1,1,9,0,1,0
53002,3968,0.0,4.0,0.0,1,1,1,1,0,0,1,0
53167,3191,0.0,3.0,0.0,7,2,1,2,6,0,1,0
53641,1102,0.0,3.0,1.0,3,3,2,2,2,0,1,0
53762,1522,0.0,3.0,0.0,7,3,2,4,4,0,1,2
54599,168,0.0,6.0,0.0,2,1,1,1,1,0,1,0
54658,1900,0.0,2.0,1.0,7,1,1,1,6,0,1,0
55289,1916,0.0,4.0,0.0,3,2,1,2,2,0,1,0
55319,3693,0.0,0.0,1.0,6,1,1,1,5,0,1,0
55667,3826,0.0,2.0,0.0,4,2,1,1,3,0,1,0
55868,2217,0.0,3.0,0.0,3,1,1,1,2,0,1,0
56098,1310,0.0,3.0,0.0,6,2,2,2,3,0,3,0
56261,3835,0.0,5.0,0.0,2,1,1,1,1,0,1,0
56393,682,0.0,0.0,0.0,6,2,2,1,5,0,1,0
5643,3205,0.0,4.0,0.0,14,4,1,2,13,0,1,0
56635,4966,0.0,4.0,0.0,11,5,4,2,8,0,3,0
56646,4150,0.0,4.0,0.0,1,1,1,1,0,0,1,0
5795,3225,0.0,0.0,0.0,3,1,1,2,1,0,1,1
58161,2173,0.0,4.0,0.0,10,6,1,2,9,0,1,0
58268,868,0.0,0.0,0.0,8,3,3,1,6,0,2,0
58528,3727,0.0,2.0,0.0,8,1,1,2,7,0,1,0
58588,2278,0.0,3.0,0.0,7,1,1,2,6,0,1,0
58697,3460,0.0,3.0,0.0,3,1,1,1,2,0,1,0
58914,2459,0.0,3.0,0.0,14,8,4,2,12,0,2,0
59365,1015,0.0,4.0,0.0,6,4,3,5,1,0,2,3
5987,4536,0.0,0.0,0.0,2,1,1,1,1,0,1,0
6041,4405,0.0,2.0,1.0,3,1,1,1,2,0,1,0
60432,2031,0.0,2.0,1.0,13,3,1,1,12,0,1,0
60595,1487,0.0,3.0,0.0,16,5,1,4,13,0,1,2
60684,2482,0.0,2.0,0.0,4,2,2,1,2,0,2,0
61051,412,0.0,0.0,2.0,14,6,4,3,13,0,1,0
62950,4877,0.0,6.0,1.0,5,2,1,1,3,0,2,0
62974,2954,0.0,4.0,0.0,10,2,2,1,9,0,1,0
63089,2397,0.0,4.0,1.0,8,3,2,2,7,0,1,0
63101,1760,0.0,5.0,0.0,11,3,1,2,8,0,3,0
63613,2217,0.0,0.0,0.0,40,6,1,4,38,0,2,0
63867,508,0.0,5.0,1.0,2,1,1,1,1,0,1,0
64612,4234,0.0,4.0,0.0,3,2,1,1,2,0,1,0
6462,4173,0.0,4.0,0.0,12,5,2,1,11,0,1,0
64822,1435,0.0,5.0,0.0,7,2,2,2,5,0,1,1
64829,1760,0.0,0.0,0.0,19,8,2,2,17,0,2,0
64879,4427,0.0,3.0,1.0,5,2,2,3,4,0,1,0
66776,4427,0.0,0.0,0.0,3,1,1,1,0,0,2,1
67738,4818,0.0,0.0,0.0,9,4,3,1,8,0,1,0
67783,3536,0.0,2.0,0.0,33,6,1,1,32,0,1,0
6943,3152,0.0,3.0,0.0,3,1,1,1,2,0,1,0
69487,3856,0.0,4.0,0.0,4,1,1,1,3,0,1,0
69867,760,0.0,0.0,0.0,2,2,1,1,0,0,2,0
70099,3448,0.0,5.0,0.0,3,1,1,1,2,0,1,0
70173,2482,0.0,2.0,0.0,9,3,1,1,7,0,2,0
70370,3586,0.0,0.0,1.0,19,11,4,3,7,0,1,11
70844,467,0.0,0.0,0.0,1,1,1,1,0,0,1,0
71169,4090,0.0,0.0,0.0,5,2,1,1,4,0,1,0
7123,4173,0.0,5.0,0.0,1,1,1,1,0,0,1,0
71236,4841,0.0,0.0,0.0,3,1,1,1,2,0,1,0
71429,2700,0.0,6.0,0.0,43,26,8,4,39,0,4,0
71684,3288,0.0,0.0,0.0,8,2,1,5,6,0,1,1
717,1749,0.0,3.0,0.0,3,1,1,1,2,0,1,0
71731,2684,0.0,0.0,0.0,3,1,1,2,1,0,1,1
71899,1557,0.0,4.0,1.0,21,8,1,3,20,0,1,0
72620,3181,1.0,4.0,0.0,7,2,1,1,5,0,2,0
72662,415,1.0,6.0,0.0,21,8,3,3,19,0,2,0
72764,962,0.0,0.0,1.0,2,1,1,1,1,0,1,0
72797,4718,0.0,4.0,0.0,4,1,1,2,3,0,1,0
73176,4427,0.0,2.0,1.0,14,2,1,5,12,0,1,1
7318,4950,0.0,3.0,2.0,4,1,1,1,3,0,1,0
74166,845,0.0,0.0,0.0,1,1,1,1,0,0,1,0
7423,1884,0.0,0.0,0.0,1,1,1,1,0,0,1,0
74253,66,0.0,7.0,0.0,3,3,3,1,1,0,2,0
74275,1393,0.0,0.0,0.0,20,7,2,6,17,0,1,2
74354,3984,0.0,4.0,0.0,1,1,1,1,0,0,1,0
74490,3524,0.0,2.0,0.0,8,2,1,1,6,0,1,1
75254,1968,0.0,4.0,1.0,2,1,1,1,1,0,1,0
75290,2791,0.0,2.0,1.0,21,7,2,1,20,0,1,0
75782,798,0.0,3.0,0.0,13,6,4,3,10,0,3,0
76423,4760,0.0,0.0,0.0,12,1,1,2,10,1,1,0
76915,3103,0.0,2.0,1.0,3,2,1,1,2,0,1,0
77078,3323,0.0,5.0,1.0,2,1,1,1,1,0,1,0
7732,2545,0.0,3.0,0.0,2,1,1,1,1,0,1,0
77518,2318,0.0,null,null,6,3,1,1,5,0,1,0
77814,2730,0.0,3.0,1.0,10,2,1,2,9,0,1,0
780,3473,0.0,3.0,0.0,1,1,1,1,0,0,1,0
78011,941,0.0,5.0,1.0,14,8,3,1,12,0,1,1
78358,1710,0.0,0.0,0.0,6,3,1,2,5,0,1,0
78690,742,0.0,5.0,0.0,3,2,2,1,2,0,1,0
78833,1594,0.0,4.0,0.0,5,1,1,1,3,0,1,1
79283,3971,0.0,4.0,0.0,10,4,2,4,7,0,1,2
79295,66,0.0,6.0,0.0,1,1,1,1,0,0,1,0
79860,3906,1.0,5.0,0.0,44,39,9,3,42,0,2,0
79862,2047,1.0,3.0,0.0,67,26,6,3,63,0,3,1
79998,2505,0.0,0.0,0.0,3,2,1,1,2,0,1,0
80216,740,0.0,6.0,1.0,14,5,3,1,12,0,2,0
80443,4044,0.0,3.0,0.0,10,3,2,2,9,0,1,0
80475,4322,0.0,2.0,0.0,8,5,1,1,7,0,1,0
81143,1861,0.0,2.0,2.0,31,7,2,1,26,0,5,0
81388,3607,0.0,5.0,0.0,2,1,1,1,1,0,1,0
81820,4545,1.0,0.0,0.0,9,4,1,2,8,0,1,0
81833,2709,0.0,0.0,0.0,7,2,1,1,6,0,1,0
82642,2105,0.0,0.0,0.0,9,2,1,2,8,0,1,0
82844,474,1.0,3.0,0.0,12,5,4,1,10,0,2,0
831,3828,0.0,3.0,0.0,2,1,1,1,1,0,1,0
8342,4005,0.0,6.0,0.0,2,1,1,1,1,0,1,0
83477,4282,1.0,3.0,1.0,16,9,4,3,15,0,1,0
83480,4072,0.0,3.0,1.0,14,2,2,2,12,0,1,1
84305,3266,0.0,3.0,1.0,1,1,1,1,0,0,1,0
8465,1166,0.0,0.0,1.0,6,4,2,2,5,0,1,0
8505,3578,0.0,0.0,2.0,3,1,1,1,2,0,1,0
85861,4005,0.0,5.0,1.0,4,2,1,1,2,0,2,0
86045,1708,0.0,2.0,0.0,5,2,1,1,4,0,1,0
86217,412,0.0,0.0,0.0,13,8,8,2,12,0,1,0
86244,1556,0.0,5.0,1.0,4,1,1,1,3,0,1,0
87240,4976,0.0,3.0,0.0,50,27,9,6,47,0,3,0
87603,423,0.0,3.0,0.0,6,1,1,2,4,0,1,1
88445,2537,0.0,6.0,0.0,4,2,2,2,3,0,1,0
88762,3609,0.0,6.0,0.0,4,3,1,2,0,0,1,3
89235,4322,0.0,3.0,0.0,1,1,1,1,0,0,1,0
89394,4368,0.0,0.0,1.0,38,12,2,1,35,0,3,0
89405,4933,0.0,2.0,0.0,8,1,1,1,7,0,1,0
89622,361,0.0,6.0,0.0,1,1,1,1,0,0,1,0
89695,4745,0.0,0.0,1.0,18,5,1,1,16,0,2,0
89815,798,0.0,0.0,0.0,3,2,1,2,2,0,1,0
89897,3936,0.0,3.0,0.0,4,2,2,2,3,0,1,0
90311,1892,1.0,3.0,1.0,2,2,1,2,0,0,1,1
90526,4044,0.0,0.0,0.0,3,1,1,1,1,0,2,0
90568,3271,0.0,6.0,0.0,4,1,1,1,2,0,2,0
91238,4919,0.0,4.0,0.0,8,6,4,1,6,0,2,0
91250,2954,0.0,3.0,1.0,29,14,10,2,27,0,2,0
91331,1760,0.0,3.0,0.0,19,10,1,4,16,0,1,2
91466,4076,0.0,5.0,0.0,5,1,1,2,4,0,1,0
91571,1618,0.0,6.0,0.0,4,1,1,3,2,0,1,1
91978,2786,0.0,2.0,1.0,5,2,2,2,4,0,1,0
92192,4025,0.0,3.0,0.0,3,1,1,1,2,0,1,0
92333,954,0.0,6.0,1.0,5,1,1,1,3,0,2,0
92579,2721,0.0,3.0,1.0,10,4,1,1,9,0,1,0
9259,3350,0.0,3.0,1.0,4,1,1,3,2,0,1,1
92667,2856,0.0,0.0,1.0,13,6,1,1,12,0,1,0
92859,4472,0.0,7.0,0.0,5,1,1,1,4,0,1,0
92878,1840,0.0,6.0,1.0,2,1,1,1,0,0,2,0
92884,1272,0.0,0.0,0.0,10,4,2,5,9,0,1,0
93158,2036,0.0,2.0,1.0,3,1,1,1,2,0,1,0
94084,2217,0.0,6.0,0.0,4,2,1,2,3,0,1,0
94293,4044,0.0,4.0,0.0,5,2,2,1,3,0,2,0
95058,786,0.0,6.0,0.0,18,6,3,6,17,0,1,0
95505,145,0.0,0.0,1.0,5,1,1,3,3,0,1,1
95689,1916,0.0,7.0,0.0,5,1,1,2,3,0,1,1
9575,323,0.0,4.0,1.0,13,1,1,3,11,0,1,1
95782,1956,0.0,2.0,0.0,1,1,1,1,0,0,1,0
95923,702,0.0,0.0,1.0,6,1,1,1,5,0,1,0
96162,2447,0.0,4.0,1.0,16,7,2,1,14,0,2,0
96244,2277,0.0,0.0,1.0,5,3,2,1,4,0,1,0
96764,1679,0.0,4.0,0.0,1,1,1,1,0,0,1,0
97239,503,1.0,4.0,0.0,13,5,2,1,8,0,5,0
97307,1916,0.0,0.0,0.0,6,3,2,1,4,0,2,0
97457,606,0.0,4.0,1.0,19,13,2,3,17,0,1,1
97666,66,0.0,4.0,1.0,2,1,1,1,1,0,1,0
97725,4371,0.0,4.0,0.0,4,1,1,1,2,0,2,0
97831,1704,0.0,4.0,1.0,2,1,1,1,1,0,1,0
9848,2821,0.0,2.0,1.0,8,2,1,3,7,0,1,0
98543,4427,0.0,0.0,1.0,12,4,2,3,9,0,1,2
98647,4793,0.0,0.0,0.0,1,1,1,1,0,0,1,0
98702,2500,1.0,5.0,1.0,1,1,1,1,0,0,1,0
98794,1840,0.0,4.0,2.0,2,1,1,1,1,0,1,0
98877,4048,0.0,2.0,null,1,1,1,1,0,0,1,0
98970,3501,0.0,3.0,0.0,2,2,1,1,0,0,2,0
99604,2795,0.0,4.0,1.0,1,1,1,1,0,0,1,0
