100105,547,0.0,3.0,1.0,11,2,1,3,10,0,1,0
100704,1963,0.0,3.0,0.0,27,11,1,1,26,0,1,0
101040,1621,0.0,2.0,0.0,5,1,1,1,4,0,1,0
101082,1892,0.0,0.0,0.0,13,5,3,3,11,0,1,1
101717,4847,0.0,3.0,1.0,6,3,3,1,3,0,3,0
10203,3990,1.0,3.0,0.0,3,1,1,1,2,0,1,0
102096,2318,0.0,6.0,0.0,9,2,2,1,7,0,1,1
102213,3163,0.0,2.0,1.0,6,1,1,1,3,0,3,0
102336,598,0.0,4.0,0.0,1,1,1,1,0,0,1,0
102564,3472,0.0,3.0,1.0,3,1,1,1,2,0,1,0
102663,1833,0.0,6.0,0.0,8,3,1,2,7,0,1,0
102674,467,0.0,0.0,1.0,8,2,2,2,6,0,2,0
102834,4659,0.0,3.0,1.0,9,4,2,1,8,0,1,0
10315,1588,0.0,5.0,1.0,4,1,1,1,3,0,1,0
103430,467,0.0,4.0,0.0,4,3,3,1,1,0,3,0
103968,4044,0.0,0.0,0.0,70,49,10,3,67,2,1,0
104012,2173,0.0,0.0,0.0,19,8,2,5,18,0,1,0
104051,4860,0.0,2.0,1.0,2,1,1,1,1,0,1,0
104189,121,0.0,6.0,0.0,52,26,7,1,46,0,6,0
104322,4705,0.0,2.0,0.0,17,6,4,2,15,0,2,0
104504,1467,0.0,2.0,0.0,5,1,1,2,4,0,1,0
104996,4234,0.0,5.0,0.0,12,8,6,5,11,0,1,0
105218,3042,0.0,0.0,1.0,3,1,1,1,0,0,3,0
105257,3665,0.0,3.0,1.0,16,3,1,3,15,0,1,0
105796,1618,0.0,0.0,1.0,3,1,1,1,2,0,1,0
106208,1895,0.0,5.0,0.0,6,2,2,2,4,0,2,0
106478,4968,0.0,6.0,0.0,2,2,1,1,0,0,2,0
106899,2273,0.0,3.0,0.0,4,1,1,1,3,0,1,0
10708,4787,0.0,2.0,0.0,3,1,1,1,2,0,1,0
107362,200,0.0,0.0,0.0,2,1,1,2,0,0,1,1
107581,3657,0.0,3.0,1.0,1,1,1,1,0,0,1,0
107944,102,0.0,0.0,0.0,14,2,1,6,11,0,1,2
10797,1310,0.0,4.0,0.0,2,1,1,1,0,0,2,0
108089,3355,0.0,3.0,0.0,8,3,2,3,6,0,2,0
108654,2435,0.0,3.0,0.0,10,3,1,3,8,0,2,0
109081,4265,0.0,0.0,0.0,34,18,7,9,32,0,2,0
109164,1056,0.0,0.0,0.0,15,10,7,1,8,0,7,0
109188,1760,0.0,0.0,0.0,16,5,1,2,12,0,1,3
109520,426,0.0,6.0,0.0,1,1,1,1,0,0,1,0
110214,3147,0.0,3.0,0.0,2,1,1,2,1,0,1,0
1104,3363,0.0,2.0,0.0,3,1,1,1,2,0,1,0
111734,2721,0.0,0.0,1.0,4,1,1,2,3,0,1,0
111933,412,1.0,4.0,0.0,96,62,11,1,92,0,4,0
112118,935,0.0,3.0,0.0,1,1,1,1,0,0,1,0
112138,4173,0.0,3.0,1.0,2,1,1,1,1,0,1,0
112613,3826,0.0,2.0,1.0,2,1,1,1,1,0,1,0
11268,1852,0.0,4.0,0.0,1,1,1,1,0,0,1,0
113296,390,0.0,4.0,1.0,5,1,1,1,4,0,1,0
113546,4760,1.0,0.0,1.0,53,12,4,17,52,0,1,0
113613,3619,0.0,0.0,0.0,5,2,1,1,4,0,1,0
114023,574,0.0,5.0,1.0,33,13,1,3,32,0,1,0
114593,361,0.0,4.0,0.0,14,8,5,3,11,0,2,1
115383,1742,0.0,0.0,0.0,3,1,1,1,2,0,1,0
115680,2821,0.0,4.0,1.0,10,1,1,1,7,0,3,0
116012,3308,0.0,3.0,1.0,7,3,1,2,5,0,2,0
116027,4847,0.0,4.0,0.0,156,58,11,13,146,0,2,8
116199,2173,0.0,5.0,1.0,10,3,1,1,9,0,1,0
116551,2325,0.0,4.0,1.0,2,1,1,1,1,0,1,0
116662,4079,0.0,0.0,1.0,7,3,2,1,6,0,1,0
11672,1356,0.0,4.0,0.0,2,1,1,1,1,0,1,0
116916,1861,0.0,2.0,0.0,1,1,1,1,0,0,1,0
117046,1356,0.0,7.0,0.0,7,1,1,3,6,0,1,0
117352,2047,0.0,0.0,0.0,10,4,1,2,9,0,1,0
117553,1861,0.0,4.0,2.0,5,2,2,1,4,0,1,0
117748,1963,0.0,4.0,0.0,29,9,4,4,22,0,1,6
118229,1487,0.0,4.0,0.0,3,1,1,1,2,0,1,0
118244,575,0.0,4.0,0.0,5,1,1,1,4,0,1,0
118371,1102,0.0,3.0,0.0,9,3,2,2,8,0,1,0
118432,2821,0.0,6.0,0.0,6,1,1,2,4,0,1,1
118626,1092,0.0,6.0,1.0,30,1,1,3,28,0,1,1
119035,1760,0.0,4.0,0.0,4,2,2,1,2,0,2,0
119192,1916,0.0,3.0,1.0,7,2,1,1,4,0,3,0
119489,803,0.0,5.0,0.0,68,47,8,4,65,0,3,0
119794,2229,0.0,3.0,0.0,20,5,4,1,15,0,5,0
120156,2318,0.0,5.0,0.0,8,3,2,1,7,0,1,0
120701,4173,0.0,2.0,0.0,1,1,1,1,0,0,1,0
120842,1296,0.0,0.0,0.0,6,4,1,1,5,0,1,0
12142,351,0.0,2.0,1.0,3,1,1,1,2,0,1,0
121504,4087,0.0,4.0,0.0,9,6,1,3,8,0,1,0
121712,1581,1.0,3.0,0.0,6,4,1,2,2,0,2,2
122156,1816,0.0,3.0,0.0,8,3,3,3,6,0,1,1
122922,594,0.0,2.0,0.0,5,1,1,1,4,0,1,0
123605,1618,0.0,3.0,0.0,6,3,2,1,5,0,1,0
12397,2913,0.0,0.0,1.0,15,5,1,1,14,0,1,0
124952,2435,0.0,0.0,1.0,11,2,1,2,10,0,1,0
12529,4282,0.0,3.0,1.0,35,23,9,2,34,0,1,0
125514,2124,0.0,null,null,7,2,1,1,6,0,1,0
125638,239,0.0,7.0,0.0,2,1,1,1,1,0,1,0
125912,3085,0.0,3.0,0.0,3,2,2,1,2,0,1,0
126457,354,0.0,5.0,0.0,4,3,2,1,2,0,2,0
126534,1846,0.0,3.0,0.0,4,1,1,1,3,0,1,0
126535,2721,0.0,6.0,1.0,28,18,2,2,27,0,1,0
126746,4818,0.0,2.0,1.0,19,6,2,2,18,0,1,0
127370,346,0.0,7.0,1.0,8,1,1,2,6,1,1,0
127499,786,0.0,3.0,0.0,11,3,3,2,10,0,1,0
127617,4607,0.0,3.0,0.0,6,4,2,1,4,0,1,1
127767,639,0.0,null,null,6,2,1,2,5,0,1,0
127960,798,0.0,2.0,0.0,1,1,1,1,0,0,1,0
128141,1597,0.0,7.0,1.0,23,10,3,2,20,2,1,0
128308,1721,0.0,6.0,0.0,9,2,1,2,8,0,1,0
128494,3074,0.0,2.0,0.0,4,2,1,1,3,0,1,0
128640,4589,0.0,0.0,0.0,3,2,1,2,0,0,1,2
129149,2786,0.0,0.0,1.0,1,1,1,1,0,0,1,0
129576,4173,0.0,0.0,0.0,28,1,1,6,25,0,1,2
129893,3609,1.0,0.0,1.0,18,8,1,3,16,0,2,0
129944,897,0.0,2.0,1.0,12,2,2,2,10,0,1,1
130937,4735,0.0,4.0,1.0,11,4,2,5,9,0,2,0
13118,429,0.0,6.0,1.0,19,6,1,5,18,0,1,0
132167,2277,0.0,5.0,0.0,1,1,1,1,0,0,1,0
132286,4048,0.0,0.0,0.0,7,1,1,2,6,0,1,0
132325,4270,0.0,4.0,0.0,10,5,2,1,9,0,1,0
132413,3734,0.0,2.0,1.0,46,22,7,4,45,0,1,0
132597,4022,0.0,6.0,0.0,10,4,1,2,9,0,1,0
133506,1068,0.0,5.0,0.0,15,1,1,1,14,0,1,0
134747,1345,0.0,0.0,0.0,2,1,1,1,1,0,1,0
135149,4504,0.0,0.0,0.0,3,1,1,1,2,0,1,0
135309,4336,0.0,6.0,0.0,5,1,1,2,4,0,1,0
136124,4659,0.0,3.0,1.0,6,3,1,2,5,0,1,0
136135,3925,0.0,4.0,0.0,36,11,9,12,29,0,1,6
136360,542,0.0,0.0,0.0,3,1,1,1,2,0,1,0
136483,4287,0.0,0.0,1.0,10,6,5,1,6,0,4,0
136654,3828,0.0,5.0,2.0,8,5,2,2,7,0,1,0
136998,3323,0.0,3.0,0.0,4,1,1,1,3,0,1,0
137052,1162,0.0,6.0,0.0,5,3,2,1,4,0,1,0
137218,337,0.0,4.0,0.0,6,1,1,1,5,0,1,0
137234,3022,0.0,2.0,1.0,6,1,1,2,4,0,1,1
137548,962,0.0,5.0,0.0,27,8,5,1,24,0,3,0
137721,3898,0.0,0.0,0.0,3,1,1,1,2,0,1,0
138004,4267,0.0,4.0,0.0,41,22,7,2,37,0,4,0
138013,4173,0.0,6.0,0.0,20,8,6,2,19,0,1,0
138587,63,0.0,3.0,0.0,4,1,1,2,3,0,1,0
139060,2869,0.0,0.0,1.0,3,2,1,1,2,0,1,0
139341,1959,0.0,0.0,0.0,2,1,1,1,1,0,1,0
139538,2608,0.0,3.0,0.0,2,1,1,1,1,0,1,0
140157,4022,0.0,5.0,2.0,8,2,1,2,7,0,1,0
140184,1892,0.0,0.0,1.0,5,1,1,1,4,0,1,0
140559,2039,0.0,0.0,0.0,9,2,1,3,7,0,2,0
141445,2173,0.0,5.0,0.0,26,13,2,6,16,0,4,6
141554,4731,0.0,4.0,1.0,5,4,2,1,2,0,3,0
141847,1467,0.0,7.0,1.0,9,1,1,4,8,0,1,0
1424,643,0.0,0.0,0.0,6,3,2,2,5,0,1,0
142742,2138,0.0,3.0,0.0,7,1,1,1,5,0,2,0
143041,594,0.0,6.0,0.0,4,2,2,1,2,0,2,0
143494,4564,0.0,5.0,1.0,4,1,1,1,3,0,1,0
143556,1618,0.0,3.0,1.0,4,1,1,1,3,0,1,0
143959,3614,0.0,4.0,2.0,13,4,2,2,12,0,1,0
14404,960,0.0,4.0,1.0,11,1,1,2,9,0,1,1
144104,3284,0.0,3.0,1.0,5,1,1,2,4,0,1,0
144295,4049,0.0,3.0,0.0,2,1,1,2,0,0,1,1
144810,296,0.0,6.0,0.0,8,4,1,3,5,0,3,0
145446,3102,0.0,3.0,0.0,60,29,9,9,47,0,1,12
145568,714,0.0,6.0,1.0,2,1,1,1,1,0,1,0
145653,1291,1.0,3.0,0.0,2,1,1,1,1,0,1,0
146232,2473,0.0,2.0,1.0,4,1,1,1,3,0,1,0
146288,3350,1.0,3.0,0.0,6,2,1,3,5,0,1,0
14632,3689,0.0,3.0,0.0,33,16,7,2,28,0,5,0
146601,4705,0.0,2.0,0.0,2,1,1,1,1,0,1,0
1468,1272,0.0,6.0,0.0,21,9,6,5,19,0,1,1
146982,4044,0.0,2.0,1.0,11,3,1,2,10,0,1,0
148171,3734,0.0,4.0,0.0,7,3,1,2,3,0,1,3
148214,3640,0.0,5.0,0.0,1,1,1,1,0,0,1,0
148355,4760,0.0,3.0,1.0,10,3,2,2,8,0,2,0
148409,4950,0.0,3.0,1.0,7,3,1,2,5,0,2,0
148442,2014,0.0,0.0,0.0,6,3,2,2,5,0,1,0
148455,1056,0.0,0.0,0.0,18,4,3,5,17,0,1,0
148632,1272,0.0,3.0,0.0,15,5,1,1,14,0,1,0
148784,1900,0.0,0.0,0.0,6,2,1,2,4,0,1,1
149117,4826,0.0,5.0,0.0,2,1,1,1,1,0,1,0
149399,361,0.0,5.0,1.0,39,22,5,2,34,0,4,1
149412,3016,0.0,3.0,0.0,8,2,1,2,6,0,1,1
149432,684,0.0,3.0,0.0,12,7,1,1,11,0,1,0
149525,66,0.0,2.0,0.0,1,1,1,1,0,0,1,0
14958,3628,0.0,6.0,0.0,2,1,1,1,1,0,1,0
14965,2161,0.0,3.0,0.0,2,1,1,1,1,0,1,0
150508,4322,0.0,4.0,1.0,4,3,1,1,3,0,1,0
150848,2441,0.0,4.0,0.0,3,1,1,1,2,0,1,0
151064,3893,1.0,0.0,0.0,2,1,1,1,1,0,1,0
151124,503,0.0,0.0,null,1,1,1,1,0,0,1,0
151258,1511,0.0,0.0,0.0,14,1,1,1,12,1,1,0
151514,4659,0.0,4.0,1.0,10,4,2,1,8,0,2,0
152174,3784,0.0,2.0,0.0,4,1,1,2,3,0,1,0
152520,1472,0.0,0.0,1.0,28,9,1,2,25,2,1,0
15272,2031,0.0,2.0,1.0,3,1,1,1,2,0,1,0
152987,2193,0.0,3.0,1.0,1,1,1,1,0,0,1,0
153250,2003,0.0,4.0,0.0,3,1,1,1,2,0,1,0
153885,467,0.0,3.0,0.0,6,5,3,1,0,0,4,2
154309,1411,0.0,0.0,null,2,1,1,1,0,0,2,0
154310,4173,0.0,2.0,1.0,3,2,2,2,2,0,1,0
154540,806,0.0,4.0,1.0,6,3,1,2,4,0,1,1
155165,203,0.0,3.0,0.0,8,1,1,1,7,0,1,0
155426,862,0.0,3.0,0.0,15,8,2,2,11,0,4,0
155628,3853,0.0,6.0,0.0,1,1,1,1,0,0,1,0
155812,1500,0.0,0.0,1.0,2,1,1,1,1,0,1,0
156468,598,0.0,3.0,0.0,10,2,2,1,9,0,1,0
156961,3323,0.0,4.0,0.0,39,11,1,2,38,0,1,0
157556,2653,0.0,4.0,0.0,2,1,1,1,1,0,1,0
157581,1884,0.0,2.0,1.0,2,1,1,1,1,0,1,0
1577,2217,0.0,6.0,0.0,15,1,1,4,13,1,1,0
158198,4793,0.0,2.0,1.0,3,1,1,1,2,0,1,0
158659,2454,0.0,0.0,0.0,6,1,1,1,5,0,1,0
158733,412,0.0,6.0,0.0,12,4,4,4,8,0,1,3
160146,3662,0.0,4.0,2.0,9,6,2,1,8,0,1,0
16017,1892,0.0,4.0,0.0,15,6,2,3,13,0,2,0
16021,1340,0.0,0.0,0.0,24,14,6,3,23,0,1,0
160435,4506,0.0,5.0,0.0,3,1,1,1,2,0,1,0
160543,4173,1.0,4.0,0.0,17,9,4,5,15,0,1,1
160646,1808,0.0,6.0,0.0,6,2,1,1,5,0,1,0
160819,3345,0.0,0.0,1.0,7,1,1,2,6,0,1,0
161306,1760,0.0,5.0,1.0,6,1,1,2,3,0,2,1
161553,1131,0.0,3.0,0.0,17,4,4,2,14,0,1,2
161588,3621,0.0,0.0,0.0,2,1,1,1,1,0,1,0
161657,133,0.0,3.0,0.0,8,4,1,1,7,0,1,0
161900,4280,0.0,3.0,0.0,7,3,1,1,6,0,1,0
162047,2537,0.0,5.0,0.0,2,1,1,1,1,0,1,0
163118,2775,0.0,4.0,0.0,3,1,1,2,2,0,1,0
163298,1673,0.0,null,null,2,1,1,1,1,0,1,0
163543,4316,0.0,3.0,1.0,2,1,1,1,1,0,1,0
16374,4475,0.0,3.0,0.0,1,1,1,1,0,0,1,0
163875,1760,0.0,3.0,0.0,11,6,1,3,8,0,3,0
164242,4504,0.0,0.0,0.0,6,1,1,2,4,1,1,0
16449,4043,1.0,2.0,0.0,4,2,2,4,1,0,1,2
164518,2567,0.0,6.0,0.0,8,2,1,1,7,0,1,0
164724,684,0.0,3.0,1.0,29,8,3,3,26,0,3,0
164889,4717,0.0,0.0,1.0,2,1,1,1,1,0,1,0
165621,4385,0.0,0.0,0.0,22,6,2,5,20,0,1,1
165749,1900,0.0,3.0,1.0,1,1,1,1,0,0,1,0
166197,2459,0.0,6.0,0.0,9,6,2,1,8,0,1,0
167163,4601,0.0,3.0,1.0,2,1,1,1,1,0,1,0
167170,1916,0.0,3.0,1.0,7,5,1,1,6,0,1,0
167257,2879,0.0,3.0,0.0,2,1,1,1,0,0,2,0
167286,4942,1.0,4.0,0.0,2,1,1,1,1,0,1,0
167527,4793,0.0,2.0,1.0,8,2,1,1,7,0,1,0
167658,3460,0.0,3.0,1.0,4,1,1,1,3,0,1,0
167697,361,0.0,0.0,0.0,4,3,2,2,0,0,1,3
168077,1692,0.0,0.0,0.0,2,1,1,1,1,0,1,0
168086,798,0.0,6.0,0.0,1,1,1,1,0,0,1,0
168168,2353,0.0,0.0,0.0,8,1,1,1,6,0,1,1
168201,862,0.0,0.0,0.0,10,6,2,2,6,0,4,0
168259,1899,1.0,3.0,0.0,34,15,11,1,32,0,1,1
168540,1875,0.0,null,null,3,2,2,1,2,0,1,0
16860,215,0.0,2.0,0.0,3,2,2,1,2,0,1,0
168674,1803,0.0,3.0,1.0,3,1,1,1,2,0,1,0
168794,1679,0.0,3.0,1.0,21,11,3,1,20,0,1,0
169043,2026,0.0,2.0,1.0,5,1,1,1,4,0,1,0
1692,2872,0.0,4.0,0.0,11,5,4,3,10,0,1,0
169256,3022,0.0,3.0,1.0,8,1,1,3,7,0,1,0
169446,3205,0.0,4.0,1.0,11,8,2,1,2,0,1,8
169589,2721,1.0,3.0,0.0,69,31,3,12,65,0,1,3
170182,4009,0.0,6.0,1.0,7,3,2,2,6,0,1,0
17039,1703,1.0,4.0,1.0,7,2,2,3,4,0,1,2
171132,219,0.0,7.0,0.0,6,3,1,1,4,1,1,0
171361,3873,0.0,3.0,0.0,16,7,2,1,13,0,1,2
171500,3558,0.0,3.0,0.0,6,2,1,1,5,0,1,0
171658,1248,0.0,7.0,0.0,3,1,1,1,2,0,1,0
172222,748,0.0,3.0,0.0,5,2,1,2,3,0,1,1
172321,4049,0.0,5.0,0.0,16,3,2,5,13,0,1,2
17247,2537,0.0,2.0,0.0,6,3,3,1,3,0,3,0
172951,3570,0.0,4.0,0.0,4,2,1,1,3,0,1,0
173489,3609,0.0,3.0,0.0,2,2,1,1,0,0,2,0
173557,4474,0.0,3.0,0.0,8,3,1,2,7,0,1,0
17376,1875,0.0,5.0,0.0,17,11,7,3,14,0,3,0
173996,1900,0.0,3.0,1.0,1,1,1,1,0,0,1,0
174356,3614,0.0,5.0,0.0,1,1,1,1,0,0,1,0
174445,1892,0.0,3.0,0.0,2,2,2,2,0,0,1,1
174465,2569,0.0,3.0,0.0,14,10,1,2,11,0,1,2
174485,4265,0.0,5.0,0.0,149,86,16,13,143,0,4,2
174583,323,0.0,3.0,0.0,17,3,2,1,15,0,2,0
174874,2313,0.0,3.0,0.0,30,6,2,6,23,0,2,5
174899,2856,1.0,3.0,1.0,15,3,1,3,14,0,1,0
175112,2824,0.0,4.0,1.0,5,3,2,2,4,0,1,0
175245,3938,0.0,2.0,0.0,2,1,1,1,1,0,1,0
175296,685,0.0,5.0,1.0,16,6,3,1,14,0,2,0
176100,2900,0.0,0.0,0.0,3,1,1,1,1,0,1,1
176461,1102,0.0,0.0,null,11,6,3,3,10,0,1,0
17739,3578,0.0,4.0,1.0,13,5,2,1,12,0,1,0
177438,2821,0.0,2.0,0.0,2,1,1,1,1,0,1,0
177642,4678,0.0,5.0,1.0,9,1,1,2,7,0,2,0
177652,806,0.0,4.0,0.0,7,3,1,2,6,0,1,0
178196,684,1.0,3.0,0.0,31,8,5,4,25,0,3,3
178746,3080,0.0,0.0,1.0,6,3,2,2,5,0,1,0
178811,1742,0.0,2.0,1.0,13,2,1,2,12,0,1,0
178986,4131,0.0,0.0,0.0,2,1,1,2,0,0,1,1
179231,606,0.0,0.0,0.0,55,26,8,4,54,0,1,0
179273,3862,0.0,4.0,1.0,1,1,1,1,0,0,1,0
179639,1501,0.0,0.0,0.0,14,5,3,1,13,0,1,0
180126,4336,0.0,6.0,1.0,1,1,1,1,0,0,1,0
180211,4760,0.0,3.0,0.0,3,2,2,2,1,0,2,0
18049,366,0.0,3.0,0.0,3,1,1,1,2,0,1,0
181520,3769,0.0,3.0,1.0,6,2,2,1,4,0,2,0
181539,4818,0.0,3.0,0.0,1,1,1,1,0,0,1,0
181848,2845,0.0,7.0,0.0,4,2,1,2,1,0,3,0
182248,4072,0.0,5.0,0.0,22,2,2,6,20,0,1,1
182470,1500,0.0,4.0,0.0,2,2,1,2,0,0,1,1
183379,4318,0.0,3.0,0.0,6,1,1,1,5,0,1,0
183426,806,0.0,3.0,0.0,18,6,3,1,16,0,2,0
18346,1454,0.0,4.0,0.0,7,1,1,3,5,0,1,1
183634,2068,0.0,3.0,1.0,1,1,1,1,0,0,1,0
18375,4282,0.0,2.0,1.0,24,10,7,4,20,0,4,0
184037,3734,0.0,3.0,1.0,13,6,2,3,9,0,3,1
184122,437,0.0,4.0,0.0,1,1,1,1,0,0,1,0
184150,114,0.0,3.0,0.0,47,19,2,5,37,0,2,8
184348,2698,0.0,5.0,0.0,30,14,1,3,21,0,1,8
184601,1393,0.0,5.0,0.0,37,19,5,5,35,0,2,0
185160,4836,0.0,0.0,0.0,82,20,6,5,79,0,1,2
18548,2821,0.0,4.0,0.0,5,2,1,1,4,0,1,0
185851,4871,0.0,0.0,0.0,16,7,5,1,12,0,4,0
18588,255,0.0,3.0,0.0,3,2,1,1,2,0,1,0
186116,66,0.0,6.0,0.0,2,1,1,1,1,0,1,0
186193,1890,0.0,0.0,0.0,25,6,3,8,23,0,1,1
186242,598,0.0,3.0,0.0,2,1,1,1,1,0,1,0
186435,10,0.0,0.0,1.0,5,2,2,1,4,0,1,0
186593,4744,0.0,2.0,1.0,3,1,1,2,1,0,1,1
186699,10,0.0,6.0,0.0,24,15,6,4,23,0,1,0
186886,2891,0.0,4.0,0.0,3,2,1,2,1,0,1,1
187319,3609,0.0,2.0,0.0,5,1,1,1,4,0,1,0
187506,594,0.0,0.0,0.0,1,1,1,1,0,0,1,0
187995,3041,0.0,5.0,1.0,13,8,2,1,12,0,1,0
188844,1724,0.0,6.0,0.0,1,1,1,1,0,0,1,0
188910,1861,0.0,0.0,1.0,5,2,1,1,4,0,1,0
189083,3554,0.0,3.0,1.0,2,1,1,1,1,0,1,0
189296,742,0.0,2.0,1.0,16,4,2,2,14,0,1,1
189558,1412,0.0,0.0,0.0,3,1,1,1,2,0,1,0
189899,3206,0.0,2.0,0.0,4,1,1,2,2,0,1,1
19012,3523,0.0,3.0,0.0,3,2,2,3,2,0,1,0
190272,2167,0.0,6.0,0.0,10,4,1,1,9,0,1,0
190729,3516,0.0,3.0,0.0,4,1,1,1,3,0,1,0
191244,1090,0.0,3.0,0.0,2,1,1,1,1,0,1,0
191594,4864,1.0,5.0,0.0,27,7,2,1,25,0,2,0
192423,4605,0.0,0.0,0.0,4,1,1,1,3,0,1,0
192490,3828,0.0,5.0,0.0,5,2,2,1,3,0,2,0
192774,3402,0.0,5.0,0.0,14,5,1,2,13,0,1,0
192906,3956,0.0,4.0,0.0,13,10,6,2,11,0,2,0
192985,4764,0.0,0.0,0.0,15,3,1,5,12,0,1,2
193664,2047,0.0,0.0,0.0,8,5,4,1,5,0,3,0
194248,3828,0.0,0.0,1.0,20,11,7,2,19,0,1,0
195256,3958,0.0,5.0,0.0,22,10,3,4,20,0,2,0
195326,4914,0.0,4.0,0.0,2,1,1,1,1,0,1,0
195514,4783,0.0,6.0,1.0,3,1,1,1,2,0,1,0
195631,2436,0.0,3.0,0.0,2,2,2,1,0,0,1,1
195728,4049,0.0,4.0,1.0,4,3,1,2,1,0,1,2
195767,361,0.0,0.0,1.0,4,3,2,2,3,0,1,0
19751,2051,0.0,2.0,0.0,1,1,1,1,0,0,1,0
197976,1117,0.0,0.0,0.0,2,1,1,1,1,0,1,0
198307,1102,0.0,6.0,0.0,10,10,5,4,6,0,1,3
198407,2031,0.0,2.0,0.0,3,1,1,1,2,0,1,0
199040,1514,0.0,5.0,0.0,2,1,1,1,1,0,1,0
199290,2669,0.0,4.0,2.0,12,8,4,1,10,0,2,0
19938,3350,0.0,0.0,0.0,6,3,1,1,5,0,1,0
200147,1708,0.0,0.0,0.0,11,5,1,2,7,0,1,3
200882,3734,0.0,0.0,1.0,15,3,1,2,13,0,1,1
201377,412,1.0,2.0,0.0,1,1,1,1,0,0,1,0
201599,121,0.0,6.0,0.0,3,1,1,1,2,0,1,0
201683,4475,0.0,0.0,0.0,7,1,1,2,6,0,1,0
201964,2149,0.0,7.0,0.0,14,3,1,3,12,0,1,1
201989,3826,0.0,3.0,1.0,2,1,1,1,1,0,1,0
202311,1588,0.0,5.0,1.0,12,3,2,3,10,0,1,1
202355,1851,0.0,0.0,null,4,2,1,1,3,0,1,0
202816,1084,0.0,4.0,0.0,2,1,1,1,1,0,1,0
203245,3018,0.0,0.0,0.0,1,1,1,1,0,0,1,0
203354,3990,0.0,6.0,null,11,5,2,3,10,0,1,0
203508,4648,0.0,0.0,0.0,5,1,1,2,3,0,1,1
203519,4976,0.0,2.0,0.0,19,11,4,4,16,0,1,2
203635,66,0.0,3.0,0.0,1,1,1,1,0,0,1,0
203783,41,0.0,6.0,0.0,5,1,1,4,4,0,1,0
203916,1332,0.0,4.0,0.0,22,8,2,6,15,0,1,6
203992,4368,0.0,3.0,1.0,7,4,2,3,5,1,1,0
204016,2326,0.0,4.0,0.0,9,3,3,2,7,0,2,0
204588,1810,0.0,0.0,0.0,13,9,5,1,12,0,1,0
204626,2313,1.0,5.0,0.0,7,2,2,1,4,0,3,0
204856,4818,0.0,4.0,0.0,2,1,1,1,1,0,1,0
20501,1916,0.0,5.0,1.0,3,1,1,1,2,0,1,0
205073,4659,0.0,5.0,0.0,5,1,1,2,4,0,1,0
205183,1923,0.0,5.0,0.0,9,4,1,1,7,0,2,0
20519,4926,0.0,4.0,0.0,2,1,1,1,1,0,1,0
205283,166,0.0,3.0,0.0,23,15,1,3,18,0,5,0
205463,1916,0.0,4.0,1.0,4,1,1,1,3,0,1,0
205619,3936,0.0,4.0,1.0,5,1,1,1,3,1,1,0
206013,1764,1.0,4.0,1.0,3,1,1,1,2,0,1,0
206406,4282,0.0,0.0,0.0,2,1,1,1,1,0,1,0
206910,4687,0.0,0.0,1.0,2,1,1,1,1,0,1,0
206947,1892,0.0,3.0,0.0,10,3,2,1,9,0,1,0
207031,3828,0.0,5.0,0.0,35,27,9,7,34,0,1,0
207113,1886,0.0,3.0,0.0,7,2,1,2,6,0,1,0
207253,71,1.0,0.0,0.0,31,11,3,2,30,0,1,0
208025,13,0.0,4.0,0.0,12,2,1,1,8,0,4,0
208073,4413,0.0,0.0,0.0,4,2,1,2,3,0,1,0
208122,1271,0.0,0.0,0.0,4,1,1,2,3,0,1,0
208460,675,0.0,4.0,1.0,4,3,2,2,3,0,1,0
20872,3471,0.0,6.0,0.0,7,1,1,2,6,0,1,0
2089,4155,0.0,2.0,0.0,5,1,1,2,4,0,1,0
208977,1760,0.0,3.0,1.0,3,2,2,1,2,0,1,0
20927,2031,0.0,2.0,1.0,13,6,3,4,11,0,1,1
209450,2738,0.0,0.0,2.0,1,1,1,1,0,0,1,0
209792,2791,0.0,7.0,0.0,8,7,3,2,7,0,1,0
209842,3734,0.0,2.0,0.0,23,3,2,3,21,0,1,1
209855,1875,0.0,5.0,0.0,3,1,1,1,1,0,2,0
21048,2173,0.0,5.0,1.0,13,3,1,2,11,0,2,0
210704,3828,0.0,4.0,0.0,4,1,1,2,2,0,1,1
210753,663,0.0,4.0,0.0,14,6,1,1,13,0,1,0
211206,200,0.0,0.0,0.0,3,1,1,1,2,0,1,0
211521,1861,1.0,4.0,0.0,1,1,1,1,0,0,1,0
211580,474,0.0,3.0,0.0,2,1,1,1,1,0,1,0
211927,3910,0.0,0.0,0.0,4,1,1,3,3,0,1,0
211928,2565,0.0,3.0,0.0,5,1,1,1,4,0,1,0
21233,1811,0.0,6.0,0.0,6,1,1,1,4,0,1,1
212696,3855,0.0,5.0,0.0,18,5,1,3,16,0,1,1
213090,4326,0.0,3.0,1.0,7,2,1,2,6,0,1,0
213314,2313,1.0,3.0,0.0,3,1,1,1,2,0,1,0
213455,1557,0.0,4.0,1.0,7,4,1,2,6,0,1,0
213640,2277,0.0,3.0,1.0,2,2,1,1,0,0,2,0
213727,4044,1.0,3.0,0.0,13,7,2,5,12,0,1,0
213863,1346,0.0,3.0,0.0,47,3,1,2,44,0,1,2
213966,98,0.0,2.0,0.0,1,1,1,1,0,0,1,0
214570,3958,0.0,6.0,0.0,52,11,5,2,47,0,2,3
214829,3345,0.0,3.0,0.0,1,1,1,1,0,0,1,0
214855,219,0.0,0.0,1.0,3,2,1,1,2,0,1,0
214876,3349,0.0,0.0,0.0,29,6,1,17,27,0,1,1
215031,3828,0.0,3.0,0.0,14,7,4,2,11,2,1,0
215168,4754,0.0,5.0,0.0,17,6,4,3,16,0,1,0
215384,2795,0.0,3.0,0.0,12,4,4,6,11,0,1,0
215480,1117,0.0,3.0,0.0,3,2,1,1,2,0,1,0
2155,718,0.0,3.0,1.0,7,1,1,1,5,0,1,1
215653,3826,0.0,3.0,1.0,1,1,1,1,0,0,1,0
215718,3753,0.0,4.0,0.0,1,1,1,1,0,0,1,0
215756,4687,0.0,3.0,0.0,3,1,1,2,2,0,1,0
21611,467,0.0,4.0,0.0,13,5,2,4,12,0,1,0
216190,4871,0.0,2.0,1.0,4,3,1,1,3,0,1,0
216503,3578,0.0,4.0,0.0,14,7,1,1,13,0,1,0
217550,1485,0.0,3.0,0.0,14,11,2,2,13,0,1,0
218146,4933,0.0,0.0,1.0,9,4,2,1,8,0,1,0
218745,4589,0.0,5.0,0.0,2,1,1,1,1,0,1,0
218757,2552,0.0,3.0,0.0,29,3,1,5,25,0,2,2
218909,1557,0.0,0.0,0.0,14,8,3,2,13,0,1,0
218910,4168,0.0,4.0,1.0,5,1,1,2,4,0,1,0
219311,2138,0.0,3.0,0.0,12,4,3,4,11,0,1,0
219802,1738,0.0,3.0,1.0,11,4,1,2,10,0,1,0
22028,1327,0.0,2.0,1.0,14,1,1,7,12,0,1,1
220974,4450,0.0,4.0,0.0,7,1,1,1,6,0,1,0
221889,806,0.0,3.0,0.0,3,1,1,1,2,0,1,0
222178,2537,0.0,0.0,0.0,18,12,7,1,10,0,8,0
222394,361,0.0,2.0,0.0,2,1,1,1,1,0,1,0
222602,2664,0.0,2.0,0.0,14,4,1,3,12,0,2,0
222651,798,0.0,2.0,0.0,9,4,3,2,8,0,1,0
22285,2791,0.0,3.0,2.0,11,5,1,1,10,0,1,0
222964,698,0.0,4.0,0.0,3,1,1,1,2,0,1,0
223276,2193,0.0,3.0,1.0,6,2,2,2,5,0,1,0
2234,1090,0.0,4.0,0.0,8,4,3,2,7,0,1,0
223448,152,1.0,2.0,0.0,30,10,3,4,25,0,2,3
223887,191,0.0,4.0,0.0,4,1,1,1,3,0,1,0
223954,2537,0.0,3.0,0.0,6,3,1,1,5,0,1,0
224785,3460,0.0,2.0,0.0,3,1,1,1,2,0,1,0
22546,2193,0.0,5.0,1.0,9,5,3,1,8,0,1,0
225525,3263,0.0,6.0,0.0,26,14,8,2,22,0,4,0
225734,1067,0.0,4.0,1.0,3,2,1,1,2,0,1,0
225784,2344,0.0,6.0,0.0,5,2,1,1,4,0,1,0
225804,2872,0.0,5.0,2.0,11,5,5,3,9,0,1,1
225952,4044,0.0,4.0,1.0,10,5,1,4,3,0,1,6
226098,606,0.0,5.0,null,1,1,1,1,0,0,1,0
226139,1895,0.0,3.0,0.0,3,2,2,1,2,0,1,0
226617,1752,0.0,3.0,0.0,3,2,1,1,2,0,1,0
226782,4991,0.0,3.0,1.0,2,1,1,1,1,0,1,0
226948,682,0.0,0.0,0.0,13,10,3,2,12,0,1,0
226961,2824,0.0,5.0,0.0,3,1,1,1,2,0,1,0
227184,323,0.0,5.0,0.0,4,1,1,2,2,0,1,1
227638,2545,0.0,6.0,1.0,30,11,4,4,25,0,2,3
227668,1679,0.0,3.0,0.0,15,7,3,2,13,0,2,0
227779,2220,0.0,3.0,0.0,7,1,1,4,6,0,1,0
227899,4650,0.0,0.0,0.0,2,1,1,1,1,0,1,0
22806,3826,0.0,3.0,1.0,9,4,1,1,8,0,1,0
228359,4729,0.0,2.0,1.0,50,19,3,6,49,0,1,0
228957,4850,0.0,0.0,0.0,9,4,4,2,8,0,1,0
229001,2721,0.0,3.0,0.0,48,31,1,1,47,0,1,0
229135,10,0.0,5.0,1.0,16,7,3,1,15,0,1,0
229138,1134,0.0,4.0,1.0,2,1,1,2,1,0,1,0
229524,901,0.0,3.0,0.0,2,1,1,1,1,0,1,0
229544,437,0.0,3.0,0.0,5,2,2,1,4,0,1,0
229694,1102,0.0,3.0,0.0,11,7,1,1,7,0,2,2
229806,2891,0.0,5.0,null,17,6,2,2,13,0,2,2
23090,598,0.0,2.0,0.0,9,2,1,2,8,0,1,0
230929,3968,1.0,3.0,0.0,10,5,4,2,8,0,2,0
231048,2154,0.0,0.0,0.0,4,1,1,2,2,0,1,1
231059,4966,0.0,3.0,1.0,1,1,1,1,0,0,1,0
231264,946,0.0,4.0,1.0,6,2,2,3,5,0,1,0
2326,3170,0.0,0.0,0.0,5,2,1,1,4,0,1,0
23261,4639,0.0,6.0,0.0,2,1,1,1,1,0,1,0
232661,1195,0.0,4.0,0.0,23,8,2,1,21,0,2,0
232662,3954,0.0,3.0,1.0,2,1,1,2,1,0,1,0
232802,862,0.0,3.0,1.0,4,1,1,1,3,0,1,0
232811,3148,0.0,4.0,0.0,6,3,2,2,5,0,1,0
232910,4811,0.0,6.0,1.0,2,1,1,1,1,0,1,0
23292,1162,0.0,0.0,0.0,7,4,4,1,6,0,1,0
233133,4043,1.0,2.0,0.0,18,7,3,2,14,0,4,0
233276,10,0.0,0.0,null,8,1,1,2,6,0,1,1
233505,2445,0.0,0.0,0.0,3,2,1,1,2,0,1,0
23365,3288,0.0,4.0,0.0,9,7,3,1,7,0,2,0
234012,673,0.0,0.0,1.0,4,1,1,1,3,0,1,0
234606,1816,0.0,0.0,1.0,4,1,1,2,3,0,1,0
23507,4382,0.0,5.0,1.0,6,1,1,1,4,0,1,1
235506,4269,0.0,3.0,0.0,7,6,1,1,0,0,4,3
235539,4610,0.0,6.0,0.0,13,1,1,1,11,0,2,0
235583,1131,0.0,3.0,2.0,11,3,1,3,9,0,1,1
235633,1031,0.0,2.0,1.0,3,2,1,1,2,0,1,0
235814,2482,0.0,0.0,1.0,2,1,1,1,1,0,1,0
236110,1833,0.0,3.0,1.0,30,12,2,4,28,0,1,1
236142,2158,0.0,4.0,2.0,4,3,3,2,3,0,1,0
236465,1585,0.0,5.0,0.0,4,3,2,1,3,0,1,0
236679,4209,1.0,4.0,0.0,3,1,1,1,2,0,1,0
237068,4480,0.0,4.0,1.0,25,10,2,2,24,0,1,0
237088,3484,0.0,6.0,1.0,27,7,1,5,25,0,1,1
237126,2901,0.0,3.0,1.0,13,5,2,1,10,2,1,0
237213,3472,0.0,0.0,1.0,2,1,1,1,1,0,1,0
237834,2268,0.0,4.0,0.0,4,1,1,1,3,0,1,0
237901,1226,0.0,0.0,1.0,5,1,1,1,4,0,1,0
238545,4747,0.0,3.0,0.0,3,1,1,1,2,0,1,0
238802,3671,0.0,5.0,0.0,3,2,1,1,2,0,1,0
238879,2537,0.0,7.0,2.0,2,1,1,1,1,0,1,0
239650,4654,0.0,3.0,0.0,1,1,1,1,0,0,1,0
2397,2221,0.0,4.0,0.0,8,3,1,2,7,0,1,0
240435,1948,0.0,0.0,1.0,3,1,1,1,2,0,1,0
240641,2294,0.0,5.0,0.0,7,5,2,1,6,0,1,0
240672,812,0.0,6.0,1.0,3,1,1,2,2,0,1,0
241282,523,0.0,4.0,0.0,28,10,1,2,24,0,3,1
241306,2537,0.0,4.0,0.0,14,10,5,1,13,0,1,0
241320,1187,0.0,5.0,0.0,4,2,1,1,3,0,1,0
241614,1464,0.0,6.0,0.0,8,2,1,2,6,0,1,1
241867,4960,0.0,4.0,1.0,8,2,1,1,7,0,1,0
242041,1833,0.0,3.0,0.0,5,2,1,2,4,0,1,0
242958,2746,0.0,0.0,0.0,1,1,1,1,0,0,1,0
243359,4039,0.0,0.0,0.0,13,3,1,2,12,0,1,0
243427,1283,0.0,4.0,1.0,15,5,2,2,13,0,1,1
243457,115,0.0,2.0,1.0,4,1,1,1,3,0,1,0
243643,2436,1.0,4.0,0.0,22,9,5,1,20,0,1,1
243974,2454,0.0,0.0,0.0,12,6,2,3,8,0,1,3
244284,4282,0.0,5.0,0.0,29,18,4,5,22,0,1,6
244713,4438,0.0,4.0,0.0,1,1,1,1,0,0,1,0
244850,1512,1.0,4.0,1.0,86,30,1,4,68,0,6,12
245004,3207,0.0,3.0,0.0,4,2,1,1,3,0,1,0
245857,4589,0.0,0.0,0.0,4,1,1,1,3,0,1,0
246154,1526,0.0,0.0,null,2,1,1,1,1,0,1,0
246411,1132,0.0,3.0,1.0,11,2,1,3,10,0,1,0
246758,4042,0.0,3.0,0.0,2,1,1,1,1,0,1,0
246849,66,0.0,0.0,1.0,2,1,1,1,1,0,1,0
246870,2108,0.0,3.0,0.0,4,2,1,1,3,0,1,0
247227,2281,0.0,2.0,0.0,3,1,1,1,2,0,1,0
247753,1659,0.0,6.0,1.0,22,15,1,2,21,0,1,0
248016,2424,0.0,3.0,1.0,16,1,1,1,15,0,1,0
248546,3168,0.0,0.0,1.0,5,1,1,1,4,0,1,0
249449,2221,0.0,6.0,0.0,3,1,1,1,2,0,1,0
249716,826,0.0,0.0,null,2,1,1,1,1,0,1,0
249743,1511,0.0,7.0,0.0,6,4,1,4,0,0,1,5
250088,1918,0.0,3.0,0.0,6,3,2,2,4,0,1,1
250161,1704,0.0,0.0,0.0,2,1,1,1,1,0,1,0
250402,1076,0.0,6.0,1.0,12,4,2,2,10,0,1,1
250780,1555,0.0,5.0,0.0,4,1,1,1,3,0,1,0
251460,598,0.0,0.0,0.0,1,1,1,1,0,0,1,0
251500,1784,0.0,4.0,1.0,3,1,1,1,2,0,1,0
251901,777,0.0,4.0,0.0,33,12,4,3,30,0,2,1
252319,1263,0.0,0.0,0.0,9,1,1,2,8,0,1,0
252420,3618,0.0,0.0,0.0,6,3,2,1,5,0,1,0
252493,962,0.0,4.0,0.0,9,4,3,2,6,0,3,0
25287,3500,0.0,4.0,1.0,2,1,1,1,1,0,1,0
252972,4525,0.0,3.0,0.0,55,24,3,5,52,0,2,1
253440,915,0.0,3.0,0.0,4,1,1,2,3,0,1,0
253714,4079,0.0,4.0,0.0,4,2,1,1,3,0,1,0
253810,1203,0.0,5.0,0.0,3,2,2,3,2,0,1,0
254437,798,0.0,3.0,0.0,13,4,2,4,12,0,1,0
254932,2014,0.0,5.0,1.0,14,6,2,3,13,0,1,0
255321,3578,0.0,5.0,0.0,2,1,1,1,1,0,1,0
255762,3629,0.0,0.0,0.0,9,5,3,2,8,0,1,0
256320,2217,0.0,6.0,0.0,3,2,1,1,2,0,1,0
25663,4173,0.0,4.0,1.0,12,8,6,4,11,0,1,0
256999,3889,0.0,4.0,0.0,6,1,1,3,5,0,1,0
257197,2273,0.0,0.0,0.0,2,1,1,1,0,0,1,1
257239,4775,0.0,4.0,2.0,6,1,1,1,5,0,1,0
257555,4687,0.0,3.0,0.0,9,3,1,1,7,0,2,0
258086,2360,0.0,0.0,0.0,5,1,1,1,4,0,1,0
260144,141,0.0,3.0,2.0,4,3,3,2,0,0,1,3
26044,4728,0.0,4.0,0.0,2,1,1,1,1,0,1,0
26112,3098,0.0,3.0,0.0,2,1,1,1,1,0,1,0
261233,1131,0.0,0.0,0.0,46,15,4,4,41,0,3,2
261270,4040,0.0,3.0,1.0,12,2,1,2,11,0,1,0
261361,3173,0.0,3.0,1.0,4,1,1,1,1,0,3,0
261825,1520,0.0,3.0,0.0,3,1,1,1,2,0,1,0
26185,1798,0.0,3.0,1.0,13,2,2,1,11,0,1,1
262091,2072,0.0,2.0,0.0,5,1,1,2,4,0,1,0
262419,4220,0.0,3.0,0.0,3,1,1,1,2,0,1,0
262428,3160,0.0,7.0,1.0,6,3,2,2,5,0,1,0
262448,4480,0.0,3.0,0.0,21,11,2,2,20,0,1,0
262744,4504,0.0,2.0,0.0,8,4,2,1,7,0,1,0
262842,4659,0.0,0.0,0.0,11,5,4,2,10,0,1,0
263315,2482,0.0,3.0,0.0,3,1,1,1,1,0,1,1
263584,3057,0.0,0.0,1.0,39,22,2,1,37,0,2,0
26376,1760,0.0,4.0,0.0,12,7,1,1,11,0,1,0
264297,35,0.0,3.0,1.0,7,4,2,2,6,0,1,0
264331,1621,0.0,0.0,1.0,5,1,1,1,4,0,1,0
264352,908,0.0,2.0,1.0,2,1,1,1,1,0,1,0
264357,3392,0.0,6.0,1.0,2,1,1,1,1,0,1,0
26450,4950,0.0,3.0,1.0,2,1,1,1,1,0,1,0
264556,1520,1.0,0.0,0.0,6,1,1,2,2,0,3,1
264680,2664,0.0,6.0,0.0,20,18,1,2,19,0,1,0
264825,168,0.0,3.0,0.0,11,6,2,2,9,0,2,0
265039,4525,0.0,3.0,1.0,4,2,1,1,0,0,4,0
265119,2565,0.0,5.0,1.0,4,1,1,1,3,0,1,0
265327,3936,0.0,3.0,0.0,7,2,2,1,6,0,1,0
26612,2482,1.0,0.0,0.0,7,3,3,3,6,0,1,0
266170,10,0.0,5.0,0.0,10,8,3,1,9,0,1,0
266743,4408,0.0,4.0,0.0,1,1,1,1,0,0,1,0
267049,2608,0.0,3.0,1.0,11,3,1,2,10,0,1,0
267180,4571,0.0,0.0,0.0,6,4,2,2,4,0,2,0
26824,729,0.0,3.0,0.0,1,1,1,1,0,0,1,0
268266,4894,0.0,2.0,0.0,2,1,1,2,0,0,1,1
268728,4659,0.0,0.0,0.0,4,2,2,1,3,0,1,0
270012,3828,0.0,0.0,1.0,22,9,6,2,21,0,1,0
271497,3885,0.0,7.0,1.0,14,3,1,2,13,0,1,0
271739,1346,0.0,2.0,0.0,7,2,1,3,4,0,1,2
271831,4044,0.0,0.0,0.0,3,3,2,1,0,0,3,0
272626,1890,0.0,4.0,0.0,54,19,4,2,49,3,2,0
272864,1884,0.0,5.0,1.0,1,1,1,1,0,0,1,0
272952,1556,0.0,4.0,0.0,8,2,2,2,7,0,1,0
272968,361,0.0,4.0,0.0,4,2,1,2,3,0,1,0
273332,2721,0.0,6.0,0.0,4,2,1,1,3,0,1,0
273391,1760,0.0,3.0,0.0,5,3,1,1,4,0,1,0
273495,2977,0.0,4.0,1.0,5,2,1,1,4,0,1,0
274067,1393,0.0,3.0,0.0,18,13,7,6,17,0,1,0
274084,747,0.0,2.0,0.0,6,1,1,1,5,0,1,0
274147,2556,0.0,2.0,0.0,7,3,1,1,5,0,2,0
274166,1102,0.0,7.0,0.0,16,4,1,4,15,0,1,0
274288,2149,0.0,3.0,0.0,3,1,1,1,2,0,1,0
274403,1966,0.0,2.0,0.0,16,6,3,2,14,0,1,1
274452,1200,0.0,2.0,0.0,12,2,1,1,9,0,3,0
274681,1927,0.0,2.0,0.0,3,1,1,1,2,0,1,0
275092,2579,0.0,0.0,0.0,3,1,1,2,1,0,1,1
275498,1916,0.0,3.0,0.0,7,3,1,2,6,0,1,0
275722,4177,0.0,5.0,1.0,4,1,1,1,3,0,1,0
27653,946,0.0,0.0,1.0,18,4,2,1,15,0,1,2
276795,2639,0.0,5.0,0.0,155,69,14,4,133,0,8,14
277118,3954,0.0,3.0,1.0,11,1,1,3,9,0,1,1
277275,437,0.0,3.0,0.0,18,11,3,4,17,0,1,0
277672,1916,0.0,0.0,0.0,11,3,1,1,10,0,1,0
27768,412,0.0,3.0,0.0,7,3,2,2,5,0,1,1
277932,1509,0.0,4.0,2.0,4,2,1,1,2,0,2,0
278392,4818,0.0,3.0,0.0,8,5,2,1,6,0,2,0
278526,2173,0.0,3.0,0.0,8,2,1,2,7,0,1,0
278979,246,0.0,0.0,1.0,6,1,1,2,4,1,1,0
279061,2031,0.0,2.0,1.0,1,1,1,1,0,0,1,0
279140,4048,0.0,7.0,1.0,3,1,1,1,1,0,2,0
279790,1103,0.0,0.0,0.0,1,1,1,1,0,0,1,0
279871,900,0.0,4.0,0.0,1,1,1,1,0,0,1,0
279997,574,0.0,null,null,5,1,1,1,4,0,1,0
280977,4079,0.0,6.0,0.0,7,1,1,2,6,0,1,0
281335,26,0.0,5.0,1.0,34,14,3,5,32,0,2,0
28140,4129,0.0,2.0,0.0,135,24,3,3,134,0,1,0
281727,1698,0.0,6.0,1.0,2,1,1,1,1,0,1,0
281872,1861,0.0,3.0,0.0,9,6,2,1,6,0,3,0
281950,2435,1.0,4.0,0.0,1,1,1,1,0,0,1,0
282207,3635,0.0,6.0,1.0,13,8,3,3,12,0,1,0
282302,3159,0.0,3.0,0.0,4,1,1,2,2,0,1,1
282312,4234,0.0,4.0,1.0,5,1,1,2,4,0,1,0
282783,4073,0.0,3.0,0.0,3,1,1,1,2,0,1,0
283213,598,0.0,3.0,1.0,3,2,1,3,2,0,1,0
283712,4985,0.0,5.0,0.0,2,1,1,1,1,0,1,0
283877,3108,0.0,4.0,2.0,4,2,2,1,3,0,1,0
283883,2397,0.0,5.0,0.0,9,2,2,1,8,0,1,0
284810,1892,0.0,4.0,0.0,10,8,4,4,7,0,1,2
285119,798,0.0,0.0,0.0,5,2,2,2,4,0,1,0
285137,590,0.0,4.0,1.0,8,2,1,2,7,0,1,0
285445,4474,0.0,3.0,0.0,2,1,1,1,1,0,1,0
285704,3623,0.0,0.0,0.0,9,4,2,2,7,1,1,0
285991,1619,0.0,0.0,0.0,7,3,1,1,6,0,1,0
286123,2991,0.0,4.0,2.0,3,1,1,1,2,0,1,0
286428,3463,0.0,6.0,0.0,59,19,5,6,56,0,1,2
286484,1619,0.0,5.0,0.0,2,1,1,1,1,0,1,0
286597,3351,0.0,6.0,0.0,2,1,1,2,1,0,1,0
286613,2273,0.0,4.0,0.0,4,2,1,1,3,0,1,0
286655,2879,0.0,3.0,0.0,8,1,1,2,7,0,1,0
286929,4636,0.0,4.0,1.0,2,1,1,1,1,0,1,0
287096,4388,0.0,4.0,1.0,6,1,1,2,4,0,2,0
287171,1310,0.0,2.0,0.0,3,1,1,1,2,0,1,0
287343,2482,0.0,3.0,0.0,7,5,5,2,4,0,3,0
287441,1724,0.0,5.0,0.0,5,3,1,1,4,0,1,0
287486,2452,0.0,2.0,1.0,7,2,2,3,6,0,1,0
287581,2639,0.0,0.0,0.0,65,30,9,5,62,0,3,0
28788,2645,1.0,0.0,0.0,8,1,1,1,6,0,1,1
288027,2066,0.0,3.0,0.0,9,3,2,3,8,0,1,0
288184,1861,0.0,5.0,0.0,2,1,1,2,1,0,1,0
288318,2025,0.0,6.0,0.0,2,1,1,1,1,0,1,0
288548,4871,0.0,2.0,1.0,2,2,1,1,0,0,2,0
289140,402,0.0,6.0,1.0,2,1,1,1,1,0,1,0
289431,643,0.0,0.0,0.0,1,1,1,1,0,0,1,0
289934,3327,0.0,2.0,0.0,9,1,1,2,7,0,1,1
29011,2303,0.0,3.0,0.0,10,8,1,1,9,0,1,0
290336,4173,0.0,0.0,0.0,2,1,1,1,1,0,1,0
290716,3571,0.0,4.0,0.0,13,5,1,2,10,0,3,0
29192,2821,0.0,3.0,0.0,20,2,1,1,19,0,1,0
292017,24,0.0,4.0,0.0,7,1,1,1,6,0,1,0
292495,2821,0.0,null,null,8,1,1,2,6,0,1,1
292656,1884,0.0,0.0,2.0,2,2,1,1,0,0,2,0
292920,1892,0.0,4.0,0.0,23,7,3,2,20,0,2,1
292956,1677,0.0,6.0,0.0,21,10,6,1,20,0,1,0
29311,643,0.0,0.0,1.0,2,1,1,1,1,0,1,0
293142,361,0.0,6.0,1.0,19,7,3,3,18,0,1,0
293695,4220,0.0,6.0,0.0,4,2,1,1,3,0,1,0
293696,2709,0.0,0.0,1.0,9,2,1,1,7,0,1,1
293719,1394,0.0,3.0,1.0,12,6,1,1,11,0,1,0
294901,4071,0.0,3.0,1.0,4,2,1,1,2,0,2,0
295044,1056,0.0,4.0,0.0,4,2,1,1,3,0,1,0
295228,3727,0.0,3.0,0.0,5,1,1,1,4,0,1,0
295274,4659,0.0,5.0,0.0,3,2,2,2,2,0,1,0
295587,1190,1.0,4.0,0.0,4,1,1,1,3,0,1,0
295759,4173,0.0,6.0,0.0,20,11,5,3,18,0,1,1
29582,4678,0.0,4.0,0.0,2,1,1,1,1,0,1,0
296869,685,0.0,3.0,1.0,8,4,2,1,7,0,1,0
297229,2765,0.0,4.0,0.0,10,1,1,2,8,0,1,1
298082,4693,0.0,6.0,0.0,10,7,2,3,9,0,1,0
298298,2529,0.0,3.0,0.0,4,1,1,1,3,0,1,0
298554,4840,0.0,0.0,0.0,1,1,1,1,0,0,1,0
298742,2031,0.0,2.0,0.0,6,3,1,3,5,0,1,0
299957,322,0.0,3.0,0.0,15,6,5,1,13,0,2,0
300375,2459,0.0,0.0,0.0,34,7,4,3,32,0,2,0
301162,2173,0.0,4.0,0.0,4,3,1,1,0,0,1,3
303093,4129,0.0,3.0,0.0,17,10,2,3,11,0,1,5
303533,372,0.0,6.0,0.0,5,2,1,1,4,0,1,0
303615,4760,0.0,0.0,0.0,8,2,2,1,5,0,3,0
304060,3968,0.0,0.0,0.0,3,2,2,2,1,0,1,1
304337,4043,0.0,4.0,0.0,23,7,4,1,14,0,4,5
304490,1892,1.0,4.0,1.0,53,20,11,4,51,0,2,0
304503,2361,0.0,3.0,0.0,2,2,2,1,0,0,2,0
305054,121,0.0,0.0,0.0,22,10,1,2,20,0,1,1
305285,1760,0.0,0.0,1.0,17,5,2,3,12,0,3,2
305459,1749,1.0,3.0,0.0,19,10,7,1,11,0,8,0
30645,3263,0.0,3.0,0.0,5,3,2,2,4,0,1,0
306686,2891,0.0,4.0,1.0,18,7,3,5,15,0,1,2
306708,4705,0.0,3.0,0.0,21,11,4,1,16,0,5,0
306853,1916,1.0,2.0,1.0,1,1,1,1,0,0,1,0
307281,1305,0.0,0.0,0.0,2,1,1,1,1,0,1,0
30744,3086,0.0,6.0,0.0,2,1,1,1,1,0,1,0
307528,2669,0.0,5.0,1.0,4,2,2,2,3,0,1,0
307579,2545,1.0,4.0,1.0,32,10,5,4,30,0,2,0
307838,4987,0.0,2.0,1.0,6,3,3,1,3,0,3,0
307883,783,0.0,0.0,0.0,3,1,1,1,0,0,2,1
308098,2639,0.0,5.0,0.0,2,1,1,1,1,0,1,0
309018,3734,0.0,2.0,1.0,2,1,1,1,1,0,1,0
309397,4643,0.0,3.0,1.0,1,1,1,1,0,0,1,0
309547,2760,1.0,6.0,0.0,16,9,5,1,14,0,2,0
30957,963,0.0,6.0,1.0,4,2,1,1,3,0,1,0
309618,2928,0.0,5.0,1.0,18,12,6,3,17,0,1,0
309763,416,0.0,3.0,0.0,25,21,4,1,24,0,1,0
309959,3889,0.0,4.0,0.0,8,2,1,1,7,0,1,0
310034,606,0.0,4.0,0.0,4,3,2,1,3,0,1,0
310246,425,0.0,5.0,1.0,6,2,2,3,5,0,1,0
310425,4861,0.0,7.0,1.0,41,5,1,7,38,0,1,2
310632,2634,0.0,4.0,2.0,1,1,1,1,0,0,1,0
311006,3609,0.0,0.0,0.0,21,12,1,1,20,0,1,0
31122,4280,0.0,3.0,1.0,8,3,1,2,7,0,1,0
311362,1721,0.0,7.0,1.0,3,1,1,1,2,0,1,0
311537,2935,0.0,5.0,0.0,2,1,1,2,1,0,1,0
311872,2669,0.0,4.0,0.0,11,2,2,2,10,0,1,0
31243,2313,0.0,2.0,0.0,15,7,2,3,13,0,1,1
312686,3828,0.0,5.0,2.0,24,6,2,3,22,0,2,0
313117,3418,0.0,5.0,0.0,3,1,1,1,2,0,1,0
313427,3828,1.0,4.0,0.0,65,49,14,16,63,0,2,0
313550,590,0.0,0.0,1.0,5,2,2,1,4,0,1,0
31361,4079,0.0,4.0,1.0,3,1,1,1,2,0,1,0
313621,4427,0.0,3.0,1.0,2,1,1,2,1,0,1,0
313826,3645,0.0,3.0,1.0,8,1,1,1,6,1,1,0
314041,3628,0.0,4.0,0.0,7,4,1,1,6,0,1,0
314079,2112,0.0,4.0,0.0,14,3,2,2,11,0,2,1
314081,4876,0.0,3.0,0.0,7,4,1,2,6,0,1,0
314231,1619,0.0,0.0,1.0,10,5,1,1,9,0,1,0
314236,698,0.0,2.0,2.0,57,18,6,3,46,0,5,6
3145,4336,0.0,6.0,0.0,6,1,1,1,4,0,2,0
314752,1526,0.0,3.0,1.0,4,2,1,2,2,0,2,0
315158,1346,0.0,4.0,1.0,4,1,1,2,3,0,1,0
315461,897,0.0,4.0,0.0,9,5,3,3,7,0,2,0
316800,4616,0.0,3.0,0.0,5,2,2,2,2,0,2,1
316836,2189,0.0,4.0,0.0,6,2,1,1,4,0,2,0
317069,3609,0.0,5.0,0.0,5,1,1,2,4,0,1,0
317256,3168,0.0,4.0,0.0,2,1,1,1,1,0,1,0
317597,547,1.0,null,null,11,6,2,2,10,0,1,0
318458,2217,0.0,3.0,0.0,3,1,1,2,1,0,1,1
318498,608,0.0,0.0,0.0,26,6,1,2,20,0,1,5
318624,4871,0.0,0.0,0.0,8,5,2,1,6,0,2,0
318752,2664,0.0,0.0,0.0,7,3,1,2,5,0,1,1
318900,3111,0.0,4.0,0.0,3,1,1,1,2,0,1,0
319156,1594,0.0,3.0,0.0,5,2,1,2,4,0,1,0
319333,4826,0.0,2.0,1.0,3,1,1,1,2,0,1,0
319371,2341,0.0,0.0,0.0,2,1,1,1,1,0,1,0
319493,434,0.0,3.0,0.0,5,2,1,1,4,0,1,0
319599,1247,1.0,0.0,0.0,47,12,1,4,45,0,1,1
319914,20,0.0,3.0,0.0,13,6,1,1,12,0,1,0
319978,1673,0.0,6.0,1.0,7,1,1,1,6,0,1,0
32031,361,0.0,0.0,1.0,6,4,2,1,5,0,1,0
320513,2537,0.0,3.0,0.0,7,1,1,1,6,0,1,0
320663,66,0.0,3.0,0.0,7,3,2,1,6,0,1,0
320897,255,0.0,5.0,1.0,6,3,1,1,5,0,1,0
32092,10,0.0,3.0,0.0,23,4,1,3,21,0,1,1
321196,3925,0.0,4.0,0.0,33,16,7,2,31,0,2,0
32155,4040,0.0,4.0,0.0,11,5,4,3,8,0,2,1
321618,652,0.0,4.0,0.0,13,2,1,1,12,0,1,0
32163,3971,0.0,2.0,1.0,4,1,1,2,3,0,1,0
321794,2936,0.0,0.0,1.0,1,1,1,1,0,0,1,0
321838,1472,0.0,2.0,0.0,15,2,1,2,14,0,1,0
321873,1472,0.0,6.0,1.0,3,1,1,1,2,0,1,0
322432,1661,0.0,3.0,0.0,40,14,2,1,39,0,1,0
322802,474,1.0,0.0,1.0,45,23,13,4,38,0,7,0
3230,2459,0.0,2.0,0.0,9,6,2,3,8,0,1,0
323234,4950,0.0,5.0,0.0,8,3,2,2,7,0,1,0
323306,2273,0.0,0.0,0.0,4,1,1,1,3,0,1,0
323388,4044,0.0,3.0,0.0,26,14,9,2,22,0,2,2
32418,824,0.0,3.0,0.0,10,2,1,2,8,0,2,0
324260,794,0.0,5.0,1.0,1,1,1,1,0,0,1,0
324516,3682,0.0,5.0,1.0,8,3,1,3,5,0,1,2
324564,2465,0.0,3.0,1.0,7,4,2,1,5,1,1,0
324577,3828,0.0,3.0,0.0,4,1,1,1,2,1,1,0
325372,2766,0.0,0.0,null,4,2,1,2,3,0,1,0
325468,606,0.0,3.0,0.0,12,3,2,3,11,0,1,0
325571,423,0.0,4.0,0.0,2,1,1,1,1,0,1,0
325658,219,0.0,4.0,0.0,7,6,1,1,4,0,3,0
325782,1944,0.0,5.0,0.0,4,1,1,1,3,0,1,0
325878,1102,0.0,2.0,0.0,17,7,4,2,13,0,4,0
326338,976,0.0,3.0,0.0,2,1,1,1,1,0,1,0
326826,1719,0.0,0.0,0.0,5,2,1,1,4,0,1,0
326853,3418,0.0,4.0,1.0,3,2,1,1,2,0,1,0
327277,3826,0.0,2.0,0.0,2,1,1,2,0,0,1,1
32732,2915,0.0,4.0,0.0,4,2,1,2,3,0,1,0
327692,2482,0.0,6.0,0.0,3,1,1,1,2,0,1,0
327776,234,1.0,4.0,0.0,8,2,1,1,7,0,1,0
327936,2695,0.0,4.0,0.0,9,4,2,1,7,0,2,0
328025,1760,0.0,2.0,0.0,24,12,1,2,20,0,2,2
328752,2313,0.0,6.0,0.0,2,1,1,2,1,0,1,0
329559,4465,0.0,0.0,0.0,15,11,1,1,12,0,3,0
329565,1472,0.0,3.0,0.0,29,11,1,1,26,0,2,1
33015,4966,0.0,3.0,0.0,6,2,1,2,5,0,1,0
330819,594,0.0,3.0,0.0,3,1,1,1,2,0,1,0
330850,1892,1.0,5.0,0.0,18,5,3,2,15,0,3,0
331400,2318,0.0,3.0,1.0,1,1,1,1,0,0,1,0
331667,145,0.0,3.0,0.0,10,2,1,2,8,0,2,0
332201,3734,0.0,7.0,1.0,1,1,1,1,0,0,1,0
332597,3971,0.0,3.0,0.0,10,5,2,3,8,0,1,1
332646,2592,0.0,2.0,1.0,3,1,1,1,2,0,1,0
332841,1760,0.0,4.0,0.0,24,10,2,2,20,0,4,0
333759,221,0.0,4.0,0.0,3,1,1,1,2,0,1,0
336155,1661,0.0,0.0,0.0,1,1,1,1,0,0,1,0
336158,1900,0.0,3.0,1.0,5,1,1,1,4,0,1,0
33618,742,0.0,3.0,0.0,6,1,1,2,4,0,1,1
336316,1203,0.0,0.0,0.0,8,3,2,3,7,0,1,0
336383,4173,0.0,6.0,0.0,1,1,1,1,0,0,1,0
336390,1489,0.0,5.0,0.0,3,1,1,1,2,0,1,0
337040,2709,0.0,3.0,1.0,13,2,1,2,9,3,1,0
337507,798,0.0,3.0,0.0,31,16,8,2,27,0,4,0
337612,3826,0.0,2.0,0.0,11,4,1,4,8,0,1,2
338266,505,0.0,3.0,0.0,8,2,1,1,7,0,1,0
33838,4090,0.0,3.0,0.0,18,11,1,2,17,0,1,0
33849,4783,0.0,4.0,1.0,14,4,2,3,11,0,3,0
338637,3979,0.0,4.0,0.0,30,13,3,2,28,0,2,0
338744,3092,0.0,6.0,0.0,16,8,1,3,15,0,1,0
338803,1963,0.0,3.0,1.0,24,8,3,2,22,0,2,0
338943,3844,0.0,6.0,0.0,25,10,4,4,24,0,1,0
339704,2525,0.0,7.0,1.0,6,4,1,1,5,0,1,0
340061,2036,0.0,2.0,1.0,1,1,1,1,0,0,1,0
340216,1425,0.0,2.0,1.0,3,1,1,1,2,0,1,0
340571,685,0.0,6.0,2.0,4,1,1,1,3,0,1,0
340679,4033,0.0,0.0,0.0,7,1,1,4,5,0,1,1
340709,1502,0.0,3.0,1.0,9,5,2,1,8,0,1,0
341159,4545,0.0,0.0,0.0,18,4,1,5,13,0,1,4
341897,2981,0.0,0.0,0.0,3,2,2,1,2,0,1,0
341927,3520,1.0,5.0,0.0,5,2,1,1,4,0,1,0
342419,4871,0.0,0.0,0.0,2,1,1,1,1,0,1,0
342619,598,0.0,3.0,null,57,2,2,2,56,0,1,0
342841,1203,0.0,5.0,0.0,9,5,2,1,8,0,1,0
344577,296,0.0,4.0,0.0,3,2,2,2,2,0,1,0
34462,1923,0.0,4.0,1.0,3,1,1,1,2,0,1,0
344884,1890,0.0,4.0,0.0,2,1,1,2,0,0,1,1
345221,1485,0.0,5.0,1.0,2,1,1,1,0,0,2,0
345237,685,0.0,0.0,0.0,3,1,1,1,2,0,1,0
345434,102,0.0,4.0,0.0,8,1,1,1,7,0,1,0
345895,1884,0.0,0.0,0.0,8,2,1,2,6,0,1,1
345970,938,0.0,5.0,0.0,2,1,1,1,1,0,1,0
346564,4705,0.0,4.0,0.0,10,5,4,1,8,0,2,0
346890,804,0.0,3.0,1.0,2,1,1,1,1,0,1,0
34736,598,0.0,4.0,1.0,41,16,4,2,39,0,1,1
347388,4864,0.0,5.0,1.0,12,7,2,2,10,0,1,1
347476,2545,1.0,5.0,1.0,109,54,10,8,108,0,1,0
347773,71,1.0,0.0,1.0,5,1,1,2,4,0,1,0
347799,4950,0.0,4.0,1.0,7,4,3,5,2,0,1,4
347969,4708,0.0,6.0,0.0,4,2,2,3,1,0,2,1
348194,2052,0.0,3.0,1.0,3,1,1,1,2,0,1,0
348555,2981,0.0,0.0,0.0,6,1,1,1,5,0,1,0
34883,3574,0.0,0.0,0.0,23,3,1,1,22,0,1,0
348873,2397,0.0,0.0,null,4,4,3,1,0,0,4,0
349575,4745,0.0,0.0,0.0,4,1,1,2,3,0,1,0
350539,598,0.0,3.0,0.0,12,5,3,2,11,0,1,0
35064,262,0.0,2.0,0.0,2,1,1,1,1,0,1,0
350702,3990,0.0,0.0,0.0,4,1,1,1,3,0,1,0
351203,3500,0.0,3.0,1.0,12,6,3,2,11,0,1,0
351222,2099,0.0,5.0,0.0,12,4,2,1,10,0,2,0
351502,2128,0.0,4.0,1.0,1,1,1,1,0,0,1,0
351520,416,0.0,2.0,1.0,9,2,1,4,7,0,1,1
351863,3971,0.0,3.0,0.0,9,2,1,1,7,0,2,0
35191,2981,0.0,3.0,0.0,3,2,2,1,2,0,1,0
351915,1049,0.0,2.0,0.0,2,1,1,1,1,0,1,0
352034,4044,0.0,0.0,0.0,24,13,5,5,22,0,1,1
352231,963,0.0,3.0,0.0,4,1,1,2,2,0,2,0
353007,66,0.0,5.0,1.0,3,1,1,1,2,0,1,0
353243,4861,0.0,0.0,1.0,5,4,1,1,4,0,1,0
35339,3734,0.0,4.0,0.0,7,1,1,2,6,0,1,0
353492,361,0.0,0.0,0.0,5,3,1,2,3,0,1,1
353835,58,0.0,6.0,1.0,5,1,1,1,4,0,1,0
354021,1833,0.0,3.0,0.0,1,1,1,1,0,0,1,0
354519,2939,0.0,4.0,0.0,2,1,1,2,0,0,1,1
355318,2066,0.0,0.0,0.0,7,3,2,2,5,0,2,0
356043,1963,0.0,3.0,1.0,10,8,2,4,9,0,1,0
356135,687,0.0,5.0,0.0,4,1,1,1,3,0,1,0
356484,4118,0.0,6.0,1.0,2,1,1,2,1,0,1,0
357163,4976,1.0,0.0,0.0,5,4,3,1,4,0,1,0
357305,10,0.0,4.0,0.0,2,1,1,1,1,0,1,0
357345,783,1.0,3.0,0.0,5,1,1,2,3,0,1,1
357568,4783,0.0,0.0,1.0,8,3,2,2,4,0,4,0
357809,2128,0.0,3.0,0.0,9,2,1,2,7,0,1,1
358682,3826,0.0,0.0,0.0,6,1,1,1,5,0,1,0
35992,1486,0.0,0.0,1.0,24,9,2,8,22,0,2,0
359966,3335,0.0,6.0,0.0,5,3,1,2,4,0,1,0
360832,3876,0.0,4.0,0.0,4,1,1,1,3,0,1,0
361046,361,0.0,0.0,0.0,8,1,1,1,7,0,1,0
361108,216,0.0,5.0,0.0,8,4,2,3,6,1,1,0
361410,748,0.0,3.0,1.0,4,3,1,2,0,0,1,3
362054,4836,1.0,2.0,0.0,49,20,9,11,40,0,3,6
362095,2883,0.0,4.0,0.0,14,7,1,2,12,0,2,0
362616,1271,0.0,4.0,1.0,3,1,1,1,2,0,1,0
362696,2014,0.0,5.0,0.0,1,1,1,1,0,0,1,0
362778,798,0.0,6.0,0.0,4,2,1,1,3,0,1,0
362814,1477,0.0,4.0,1.0,8,2,2,2,7,0,1,0
362945,3563,0.0,6.0,0.0,7,1,1,2,5,0,1,1
363130,1268,0.0,3.0,1.0,1,1,1,1,0,0,1,0
363417,3173,0.0,4.0,1.0,1,1,1,1,0,0,1,0
363929,3828,0.0,6.0,0.0,3,1,1,2,2,0,1,0
364127,1408,0.0,2.0,0.0,10,5,1,1,9,0,1,0
364220,141,0.0,3.0,0.0,7,3,2,1,5,0,2,0
36432,4558,0.0,6.0,0.0,3,1,1,1,2,0,1,0
364607,2569,0.0,3.0,0.0,2,2,1,1,0,0,2,0
365083,2278,0.0,3.0,0.0,4,1,1,1,3,0,1,0
365200,2448,0.0,2.0,0.0,1,1,1,1,0,0,1,0
365864,4976,0.0,0.0,1.0,11,6,3,1,10,0,1,0
366128,4073,0.0,4.0,0.0,11,2,2,3,8,0,1,2
366272,2565,0.0,0.0,0.0,36,14,1,2,34,0,2,0
366651,2,0.0,3.0,0.0,8,1,1,2,7,0,1,0
366877,608,0.0,5.0,1.0,17,3,1,4,16,0,1,0
367076,3990,0.0,4.0,0.0,1,1,1,1,0,0,1,0
36720,4325,0.0,3.0,1.0,2,1,1,1,1,0,1,0
36723,296,0.0,7.0,0.0,3,2,2,2,2,0,1,0
367629,2482,0.0,3.0,0.0,2,1,1,1,1,0,1,0
367788,4073,0.0,3.0,2.0,2,1,1,1,1,0,1,0
367925,3159,0.0,3.0,0.0,1,1,1,1,0,0,1,0
367926,2051,0.0,0.0,0.0,2,1,1,1,1,0,1,0
368429,4760,0.0,2.0,1.0,6,1,1,2,5,0,1,0
368595,4864,0.0,0.0,0.0,12,4,1,1,9,0,2,1
368677,3044,0.0,4.0,2.0,2,2,2,1,0,0,2,0
369111,4022,0.0,3.0,0.0,6,3,2,2,5,0,1,0
36917,1502,0.0,3.0,0.0,4,1,1,1,3,0,1,0
369867,3444,0.0,3.0,1.0,41,1,1,3,40,0,1,0
369946,818,0.0,0.0,1.0,4,1,1,1,3,0,1,0
369971,4073,0.0,3.0,0.0,3,1,1,1,2,0,1,0
370260,4932,0.0,4.0,0.0,8,3,3,1,6,0,2,0
370788,3784,0.0,3.0,0.0,1,1,1,1,0,0,1,0
370888,1740,0.0,3.0,1.0,12,5,1,1,11,0,1,0
371059,4044,0.0,0.0,0.0,41,15,2,2,40,0,1,0
371219,2935,0.0,3.0,1.0,2,1,1,1,1,0,1,0
37141,4073,0.0,6.0,0.0,2,1,1,2,1,0,1,0
372647,1916,0.0,4.0,0.0,28,10,1,2,25,0,3,0
372985,2545,0.0,3.0,1.0,28,18,4,2,25,0,3,0
373301,3578,0.0,3.0,0.0,9,1,1,2,7,1,1,0
374469,2031,0.0,0.0,1.0,2,1,1,1,1,0,1,0
375098,3335,0.0,0.0,0.0,1,1,1,1,0,0,1,0
37511,879,0.0,0.0,0.0,2,1,1,1,1,0,1,0
375167,4760,0.0,6.0,1.0,11,3,3,4,10,0,1,0
375994,63,0.0,3.0,0.0,71,43,11,2,67,3,1,0
376035,121,0.0,0.0,0.0,25,8,2,1,23,0,2,0
376084,4605,0.0,4.0,1.0,5,1,1,2,4,0,1,0
376110,4871,0.0,6.0,0.0,2,1,1,1,1,0,1,0
376561,2821,0.0,0.0,0.0,2,1,1,1,0,0,1,1
376597,275,0.0,0.0,0.0,5,2,2,2,4,0,1,0
376886,2954,0.0,4.0,1.0,26,12,8,4,24,0,2,0
376949,1013,0.0,4.0,0.0,7,3,2,1,6,0,1,0
377313,1049,0.0,4.0,1.0,3,2,2,1,2,0,1,0
377401,2790,0.0,0.0,1.0,24,3,2,2,21,0,3,0
377445,1346,0.0,3.0,2.0,6,2,1,1,5,0,1,0
377644,1742,0.0,3.0,1.0,7,4,1,1,6,0,1,0
377670,3570,0.0,6.0,0.0,6,3,3,1,4,0,2,0
377694,2141,0.0,5.0,1.0,9,3,1,2,7,0,1,1
378313,168,0.0,0.0,1.0,1,1,1,1,0,0,1,0
378329,4090,0.0,3.0,0.0,11,3,1,1,10,0,1,0
378370,3954,0.0,3.0,1.0,2,1,1,2,1,0,1,0
378474,361,0.0,3.0,0.0,8,5,2,2,7,0,1,0
378712,4322,0.0,0.0,1.0,2,1,1,1,1,0,1,0
378735,4905,0.0,0.0,0.0,1,1,1,1,0,0,1,0
37882,1346,0.0,4.0,1.0,9,5,1,2,8,0,1,0
378881,3990,0.0,4.0,0.0,4,1,1,3,1,0,1,2
379107,3623,0.0,3.0,0.0,1,1,1,1,0,0,1,0
379548,2217,0.0,3.0,0.0,7,3,1,2,6,0,1,0
379631,2928,1.0,4.0,1.0,2,2,2,2,1,0,1,0
379905,1707,1.0,3.0,1.0,10,4,2,1,7,0,3,0
380139,4864,0.0,5.0,0.0,13,9,2,1,12,0,1,0
380215,2167,0.0,5.0,1.0,3,1,1,2,2,0,1,0
380631,1310,0.0,4.0,0.0,7,3,3,2,5,0,1,1
38133,588,0.0,2.0,0.0,1,1,1,1,0,0,1,0
381730,4219,0.0,4.0,1.0,1,1,1,1,0,0,1,0
38192,2273,0.0,4.0,0.0,15,3,1,3,14,0,1,0
382049,2869,0.0,6.0,1.0,19,5,1,4,15,0,4,0
382605,141,0.0,3.0,0.0,4,4,4,2,1,0,1,2
382928,2845,1.0,2.0,0.0,4,2,1,1,3,0,1,0
383031,66,0.0,0.0,null,6,3,1,2,5,0,1,0
383356,2465,0.0,2.0,1.0,11,2,1,1,8,0,1,2
383921,2138,0.0,5.0,0.0,4,3,2,1,3,0,1,0
384009,2537,0.0,3.0,0.0,15,8,3,1,14,0,1,0
384155,2447,0.0,6.0,0.0,4,3,1,1,3,0,1,0
384662,2669,0.0,4.0,0.0,4,2,1,2,2,0,2,0
384821,3005,0.0,4.0,0.0,19,13,5,2,16,0,1,2
38559,3925,0.0,3.0,0.0,59,17,7,7,56,0,3,0
38606,2511,0.0,0.0,0.0,2,1,1,1,1,0,1,0
386440,2459,0.0,3.0,0.0,19,6,4,3,18,0,1,0
386646,168,0.0,4.0,0.0,6,2,2,3,5,0,1,0
387149,998,0.0,6.0,0.0,2,1,1,1,0,0,2,0
387431,2217,0.0,0.0,0.0,14,4,1,3,11,0,1,2
389083,1272,0.0,0.0,0.0,27,21,10,5,26,0,1,0
389528,4705,0.0,3.0,0.0,6,2,1,1,5,0,1,0
389876,2545,0.0,3.0,0.0,39,15,6,2,37,0,2,0
390209,2180,0.0,0.0,1.0,19,6,3,1,15,0,4,0
390241,2313,0.0,7.0,0.0,8,5,2,1,6,0,2,0
390266,586,0.0,4.0,0.0,25,13,4,2,24,0,1,0
390431,951,0.0,4.0,0.0,3,1,1,2,1,0,1,1
390511,3607,0.0,5.0,1.0,11,1,1,2,10,0,1,0
390630,1618,0.0,5.0,0.0,7,4,2,4,6,0,1,0
390924,219,0.0,4.0,0.0,2,1,1,1,1,0,1,0
391462,4198,0.0,4.0,0.0,2,1,1,1,1,0,1,0
391652,3954,0.0,2.0,1.0,2,1,1,1,1,0,1,0
391693,3623,0.0,0.0,0.0,7,1,1,1,6,0,1,0
391938,1443,0.0,2.0,1.0,20,6,2,2,19,0,1,0
392426,1393,0.0,4.0,0.0,1,1,1,1,0,0,1,0
392669,4042,0.0,3.0,0.0,5,2,1,1,4,0,1,0
392763,2415,0.0,2.0,0.0,1,1,1,1,0,0,1,0
393167,4601,0.0,5.0,0.0,1,1,1,1,0,0,1,0
393392,3954,0.0,0.0,0.0,2,1,1,1,1,0,1,0
393527,1097,0.0,2.0,1.0,3,1,1,1,2,0,1,0
393540,3345,0.0,2.0,0.0,5,2,2,1,4,0,1,0
394055,323,0.0,3.0,0.0,4,1,1,2,3,0,1,0
394204,3329,0.0,2.0,0.0,4,2,1,2,3,0,1,0
394737,3288,0.0,0.0,0.0,1,1,1,1,0,0,1,0
395475,4966,0.0,3.0,1.0,4,1,1,1,3,0,1,0
395493,3472,0.0,2.0,1.0,10,5,1,1,8,0,1,1
395629,4171,0.0,4.0,0.0,7,2,2,1,4,0,3,0
395844,4270,0.0,3.0,0.0,12,6,4,2,10,0,1,1
39601,861,0.0,3.0,1.0,4,1,1,1,3,0,1,0
396045,4044,1.0,7.0,0.0,7,6,4,1,6,0,1,0
396047,803,0.0,7.0,0.0,123,42,9,7,121,0,2,0
396069,3111,0.0,3.0,0.0,1,1,1,1,0,0,1,0
396101,4394,1.0,3.0,1.0,15,4,1,1,13,0,2,0
397,323,0.0,4.0,0.0,6,3,1,1,5,0,1,0
397056,2828,0.0,4.0,0.0,12,3,3,3,9,0,1,2
397115,2158,0.0,2.0,0.0,9,3,1,1,8,0,1,0
397431,1501,0.0,2.0,0.0,3,1,1,1,2,0,1,0
397631,4472,0.0,0.0,0.0,4,1,1,1,3,0,1,0
397634,951,0.0,3.0,0.0,4,1,1,1,3,0,1,0
398056,2136,1.0,2.0,1.0,30,14,5,1,26,0,4,0
398175,2669,0.0,0.0,1.0,3,1,1,1,2,0,1,0
39867,3500,0.0,3.0,0.0,1,1,1,1,0,0,1,0
398770,2303,0.0,4.0,0.0,20,10,1,4,19,0,1,0
398937,845,0.0,4.0,0.0,14,1,1,1,13,0,1,0
399240,145,0.0,3.0,0.0,6,3,1,1,5,0,1,0
39959,3578,0.0,4.0,0.0,4,2,2,1,3,0,1,0
399850,426,0.0,5.0,0.0,9,4,2,3,8,0,1,0
400059,2569,0.0,3.0,0.0,42,13,1,9,34,0,2,6
400128,1963,0.0,5.0,1.0,23,11,3,2,22,0,1,0
400375,4394,0.0,0.0,0.0,2,1,1,1,1,0,1,0
400852,4368,0.0,4.0,1.0,8,3,2,1,6,0,1,1
401126,359,0.0,4.0,1.0,4,2,2,1,2,0,2,0
401230,1999,0.0,4.0,0.0,4,2,1,3,3,0,1,0
40130,3954,0.0,3.0,0.0,4,1,1,1,2,0,2,0
401368,534,0.0,5.0,0.0,8,4,1,2,7,0,1,0
401465,1704,0.0,0.0,0.0,4,2,1,3,3,0,1,0
402241,3073,1.0,3.0,1.0,4,3,1,1,3,0,1,0
402460,3092,0.0,2.0,0.0,11,7,1,4,9,0,1,1
403072,3878,0.0,2.0,0.0,58,13,2,5,52,0,1,5
403492,4173,0.0,3.0,0.0,11,8,1,2,9,0,1,1
403757,1892,0.0,4.0,0.0,4,2,2,1,3,0,1,0
403990,1102,0.0,2.0,0.0,132,91,22,11,131,0,1,0
404250,437,0.0,5.0,2.0,93,37,2,6,70,2,1,20
40434,4270,0.0,3.0,2.0,26,15,7,3,24,0,2,0
404442,4458,0.0,4.0,0.0,4,1,1,1,3,0,1,0
40522,4044,0.0,3.0,1.0,5,1,1,1,4,0,1,0
405281,1272,0.0,0.0,0.0,26,13,5,4,24,0,2,0
405286,4648,0.0,3.0,0.0,2,1,1,1,1,0,1,0
405531,1816,1.0,2.0,1.0,14,8,3,1,12,0,2,0
405735,141,0.0,0.0,0.0,9,4,4,3,5,0,2,2
405798,3042,0.0,0.0,0.0,6,5,3,1,5,0,1,0
405977,4043,0.0,2.0,0.0,8,2,1,2,4,0,2,2
4062,293,0.0,0.0,0.0,3,1,1,1,2,0,1,0
406479,4224,0.0,0.0,0.0,2,1,1,1,1,0,1,0
40663,4942,0.0,2.0,1.0,5,1,1,1,4,0,1,0
406674,3628,0.0,5.0,0.0,3,1,1,2,2,0,1,0
406785,4322,1.0,4.0,1.0,4,1,1,1,3,0,1,0
406929,1200,0.0,0.0,0.0,3,1,1,1,1,0,2,0
407201,1494,0.0,0.0,0.0,11,5,2,1,10,0,1,0
407285,1788,0.0,3.0,0.0,3,2,1,2,2,0,1,0
40752,2257,0.0,3.0,0.0,3,2,1,2,0,0,1,2
407639,4308,0.0,6.0,0.0,5,1,1,1,3,0,1,1
407838,2289,0.0,3.0,0.0,12,2,1,4,9,0,1,2
407839,1134,0.0,4.0,0.0,9,6,5,1,4,0,5,0
408063,3471,0.0,6.0,0.0,10,1,1,2,9,0,1,0
408407,1861,0.0,0.0,null,3,2,1,2,2,0,1,0
408786,2791,0.0,2.0,1.0,2,1,1,1,0,0,1,1
408790,3609,0.0,3.0,0.0,1,1,1,1,0,0,1,0
409113,1346,0.0,4.0,0.0,7,2,1,2,3,0,1,3
409370,3585,0.0,3.0,0.0,4,1,1,2,3,0,1,0
409390,4783,0.0,5.0,0.0,34,10,7,4,29,0,5,0
409555,748,0.0,6.0,1.0,2,1,1,1,1,0,1,0
410545,2565,0.0,0.0,0.0,11,5,1,3,8,0,1,2
411382,1724,0.0,3.0,0.0,3,1,1,1,2,0,1,0
411908,946,0.0,5.0,0.0,5,2,1,1,4,0,1,0
412124,608,0.0,5.0,1.0,6,1,1,2,5,0,1,0
41239,1963,0.0,3.0,0.0,1,1,1,1,0,0,1,0
412867,4982,0.0,0.0,1.0,2,1,1,1,1,0,1,0
412955,3227,0.0,6.0,0.0,4,1,1,1,3,0,1,0
414403,2278,0.0,3.0,0.0,1,1,1,1,0,0,1,0
414719,1760,0.0,2.0,0.0,14,9,3,1,9,0,5,0
414778,598,0.0,5.0,1.0,7,2,1,1,6,0,1,0
415033,614,0.0,3.0,1.0,2,1,1,1,1,0,1,0
415660,3230,0.0,3.0,0.0,5,2,1,2,3,1,1,0
416118,2834,0.0,4.0,1.0,6,3,2,2,5,0,1,0
416243,4601,0.0,3.0,0.0,13,3,2,1,12,0,1,0
41633,3822,0.0,3.0,0.0,11,3,1,2,9,0,1,1
416788,3291,0.0,2.0,0.0,5,1,1,1,4,0,1,0
417472,4504,0.0,6.0,1.0,9,2,2,1,8,0,1,0
417645,1742,0.0,3.0,0.0,12,5,1,4,10,0,2,0
41799,1056,0.0,4.0,1.0,18,10,5,1,17,0,1,0
418370,152,0.0,5.0,0.0,2,1,1,1,1,0,1,0
418533,3599,0.0,3.0,0.0,1,1,1,1,0,0,1,0
418578,4864,0.0,5.0,0.0,7,2,2,2,6,0,1,0
418845,1102,0.0,4.0,0.0,2,1,1,1,1,0,1,0
419110,1203,0.0,0.0,0.0,9,4,4,2,8,0,1,0
419559,1964,0.0,2.0,0.0,12,4,3,3,8,0,1,3
41956,1166,0.0,6.0,0.0,5,1,1,1,3,0,1,1
419637,1911,0.0,0.0,1.0,6,4,1,1,5,0,1,0
419743,3271,0.0,4.0,0.0,3,1,1,2,2,0,1,0
419877,4742,0.0,3.0,0.0,2,1,1,2,1,0,1,0
420694,219,0.0,3.0,0.0,15,8,1,1,14,0,1,0
421123,4976,0.0,2.0,0.0,13,5,1,2,12,0,1,0
421307,3105,0.0,2.0,0.0,2,1,1,1,1,0,1,0
421781,598,0.0,3.0,1.0,2,2,2,2,1,0,1,0
42222,927,0.0,3.0,0.0,4,1,1,1,3,0,1,0
422427,2583,0.0,7.0,0.0,14,4,2,2,12,0,2,0
422723,4090,0.0,0.0,1.0,3,1,1,2,2,0,1,0
422739,1704,0.0,6.0,0.0,3,2,1,1,1,0,2,0
42304,1923,0.0,3.0,0.0,5,3,2,2,4,0,1,0
423230,3057,0.0,0.0,0.0,2,1,1,1,1,0,1,0
423253,2664,0.0,2.0,0.0,7,1,1,1,6,0,1,0
423424,1470,0.0,0.0,0.0,1,1,1,1,0,0,1,0
423815,293,0.0,3.0,0.0,18,5,1,4,16,0,1,1
423972,1200,0.0,5.0,1.0,6,1,1,1,5,0,1,0
43202,2047,0.0,3.0,0.0,60,23,4,3,52,0,2,6
43504,4919,0.0,0.0,0.0,3,1,1,1,2,0,1,0
44036,3728,0.0,4.0,0.0,2,1,1,1,1,0,1,0
44494,1659,0.0,4.0,0.0,1,1,1,1,0,0,1,0
44800,1749,0.0,0.0,0.0,4,1,1,1,3,0,1,0
45408,1013,0.0,7.0,1.0,9,3,1,1,8,0,1,0
45488,1895,0.0,2.0,0.0,4,2,2,1,3,0,1,0
45489,2167,0.0,5.0,0.0,2,1,1,1,1,0,1,0
45860,3971,0.0,4.0,0.0,1,1,1,1,0,0,1,0
46864,1263,0.0,5.0,0.0,4,1,1,1,3,0,1,0
4768,1079,0.0,0.0,0.0,2,1,1,1,1,0,1,0
47702,3536,0.0,7.0,0.0,3,1,1,1,2,0,1,0
48162,4145,0.0,7.0,0.0,18,3,1,5,14,0,1,3
485,2545,0.0,0.0,1.0,1,1,1,1,0,0,1,0
49018,246,0.0,6.0,0.0,10,1,1,3,8,0,2,0
49212,402,0.0,2.0,1.0,3,1,1,2,2,0,1,0
50278,1204,0.0,6.0,1.0,4,1,1,1,3,0,1,0
50416,1487,0.0,4.0,0.0,14,3,1,1,12,0,2,0
50423,2565,0.0,0.0,0.0,36,23,1,1,32,0,4,0
50773,4765,0.0,4.0,0.0,6,2,1,2,5,0,1,0
50912,2020,0.0,4.0,0.0,2,1,1,1,1,0,1,0
51039,66,0.0,5.0,0.0,1,1,1,1,0,0,1,0
51297,1708,0.0,3.0,0.0,12,3,1,1,9,0,2,1
51312,3971,0.0,3.0,1.0,2,1,1,1,1,0,1,0
51397,1393,0.0,6.0,1.0,15,8,2,2,14,0,1,0
51649,2273,0.0,3.0,0.0,23,5,1,5,21,0,1,1
52779,2721,0.0,3.0,0.0,18,6,1,2,16,1,1,0
52848,783,0.0,2.0,0.0,4,2,2,2,3,0,1,0
53152,2099,0.0,5.0,0.0,2,1,1,1,1,0,1,0
53518,2511,0.0,3.0,0.0,4,1,1,1,3,0,1,0
53639,148,0.0,0.0,0.0,3,1,1,1,0,0,3,0
54783,3085,1.0,3.0,0.0,13,6,1,1,11,0,2,0
54939,1721,0.0,0.0,1.0,4,1,1,1,3,0,1,0
54950,3319,0.0,3.0,1.0,18,11,4,8,11,0,1,6
55126,1659,0.0,2.0,0.0,2,1,1,1,1,0,1,0
55668,310,0.0,2.0,1.0,4,2,2,2,3,0,1,0
56516,2273,0.0,3.0,0.0,3,1,1,1,2,0,1,0
56522,2072,0.0,5.0,0.0,2,1,1,1,1,0,1,0
56907,4797,0.0,5.0,1.0,5,2,1,1,4,0,1,0
57319,396,0.0,3.0,1.0,3,1,1,2,2,0,1,0
57794,4818,0.0,2.0,1.0,11,2,2,2,9,0,1,1
57867,1318,0.0,3.0,0.0,37,12,3,5,31,0,2,4
57998,2108,0.0,4.0,0.0,10,3,1,2,8,1,1,0
58254,4282,0.0,0.0,0.0,4,4,2,2,3,0,1,0
58440,2447,0.0,3.0,0.0,8,4,3,2,5,0,2,1
58593,1742,0.0,3.0,0.0,6,4,1,1,5,0,1,0
58645,2746,0.0,3.0,0.0,4,1,1,2,3,0,1,0
58734,4162,0.0,3.0,0.0,4,1,1,2,3,0,1,0
58893,1712,0.0,3.0,0.0,1,1,1,1,0,0,1,0
59148,4207,0.0,0.0,0.0,15,1,1,8,13,0,1,1
59578,1272,0.0,6.0,0.0,13,8,1,1,12,0,1,0
6028,148,0.0,6.0,2.0,23,12,9,1,19,0,4,0
60415,4949,0.0,5.0,0.0,18,11,5,2,15,1,1,1
60553,3419,0.0,3.0,0.0,13,7,1,3,10,0,1,2
60646,121,0.0,6.0,0.0,2,1,1,1,1,0,1,0
60745,2318,0.0,3.0,1.0,2,1,1,1,1,0,1,0
60861,1330,0.0,2.0,0.0,12,2,1,2,11,0,1,0
61202,3181,0.0,2.0,0.0,1,1,1,1,0,0,1,0
6149,1031,1.0,0.0,1.0,9,3,1,1,8,0,1,0
6158,1762,0.0,3.0,1.0,3,1,1,1,2,0,1,0
6173,326,0.0,0.0,1.0,6,1,1,2,4,0,1,1
62290,962,0.0,4.0,0.0,8,1,1,2,6,0,2,0
62659,2422,0.0,3.0,0.0,10,3,1,1,7,0,1,2
63254,547,0.0,3.0,1.0,14,7,2,2,12,0,1,1
63690,1310,0.0,4.0,1.0,9,1,1,1,8,0,1,0
6402,3528,0.0,0.0,1.0,61,27,7,5,56,0,1,4
64527,1512,0.0,3.0,0.0,4,3,2,3,3,0,1,0
64603,1895,0.0,3.0,0.0,2,1,1,1,1,0,1,0
64618,3085,0.0,3.0,0.0,11,3,3,2,10,0,1,0
64671,4564,0.0,4.0,0.0,5,1,1,3,3,0,1,1
64852,2935,0.0,5.0,0.0,6,3,1,3,5,0,1,0
65027,4472,0.0,5.0,0.0,2,1,1,2,1,0,1,0
65036,474,1.0,3.0,0.0,39,21,18,6,28,0,2,9
65546,4170,1.0,5.0,0.0,2,1,1,1,1,0,1,0
65604,1892,0.0,3.0,0.0,2,1,1,1,1,0,1,0
66081,361,0.0,3.0,1.0,8,3,1,1,7,0,1,0
66137,1356,0.0,0.0,1.0,3,2,1,1,2,0,1,0
66235,2608,0.0,4.0,1.0,3,1,1,2,2,0,1,0
6656,2193,0.0,3.0,0.0,10,6,3,3,9,0,1,0
67528,2055,0.0,0.0,0.0,19,5,3,7,14,0,1,4
67904,2052,0.0,3.0,1.0,3,1,1,1,2,0,1,0
67957,643,0.0,6.0,0.0,28,23,7,2,27,0,1,0
68013,2217,0.0,2.0,0.0,3,1,1,1,2,0,1,0
68375,2229,1.0,0.0,0.0,1,1,1,1,0,0,1,0
68886,3771,0.0,2.0,0.0,2,1,1,1,1,0,1,0
69493,4950,0.0,4.0,0.0,26,10,5,2,25,0,1,0
69671,4659,0.0,0.0,0.0,13,7,7,3,11,0,1,1
69791,4044,0.0,0.0,0.0,55,16,4,8,54,0,1,0
69815,1704,0.0,3.0,0.0,23,6,3,5,20,0,2,1
70423,4026,1.0,0.0,1.0,2,1,1,1,1,0,1,0
70715,1355,0.0,3.0,1.0,3,1,1,1,2,0,1,0
70871,98,0.0,6.0,0.0,2,1,1,2,1,0,1,0
71167,3828,1.0,4.0,0.0,4,2,2,2,2,0,1,1
7119,1492,0.0,3.0,0.0,7,2,1,1,6,0,1,0
71378,3105,1.0,2.0,0.0,271,56,6,9,218,0,5,48
71487,1056,0.0,3.0,0.0,3,2,1,1,2,0,1,0
72055,3828,0.0,0.0,0.0,5,1,1,3,2,0,1,2
72222,4525,0.0,0.0,0.0,22,13,1,2,21,0,1,0
72338,2872,0.0,4.0,0.0,77,22,19,4,75,0,2,0
72591,2277,0.0,3.0,0.0,3,1,1,1,2,0,1,0
72930,4044,0.0,3.0,0.0,15,10,5,3,14,0,1,0
73124,1072,0.0,4.0,0.0,3,1,1,1,2,0,1,0
734,2217,0.0,0.0,0.0,5,2,1,1,4,0,1,0
73474,4325,0.0,0.0,0.0,7,2,1,4,6,0,1,0
73984,1339,0.0,3.0,2.0,8,1,1,2,5,0,3,0
74304,361,0.0,5.0,0.0,3,1,1,1,2,0,1,0
7463,1093,0.0,0.0,1.0,18,6,2,2,16,0,1,1
75204,2149,0.0,0.0,0.0,7,2,1,3,6,0,1,0
75401,1726,0.0,2.0,0.0,2,1,1,2,0,0,1,1
75497,1031,0.0,6.0,0.0,4,2,1,2,3,0,1,0
75533,145,0.0,0.0,0.0,3,1,1,1,2,0,1,0
75796,1667,0.0,5.0,0.0,13,5,3,1,11,0,2,0
7589,4044,0.0,0.0,0.0,58,33,5,1,56,0,2,0
76394,3148,0.0,6.0,1.0,2,1,1,1,1,0,1,0
76990,949,0.0,7.0,0.0,30,20,7,5,29,0,1,0
77337,798,0.0,2.0,0.0,41,8,6,2,38,0,3,0
77622,1963,0.0,3.0,0.0,7,3,1,1,6,0,1,0
779,3580,0.0,4.0,0.0,5,2,2,3,2,0,1,2
78553,962,0.0,2.0,0.0,6,2,1,3,5,0,1,0
79479,1459,0.0,0.0,0.0,7,4,2,1,6,0,1,0
79734,4585,0.0,6.0,1.0,8,1,1,3,7,0,1,0
80152,4336,0.0,6.0,0.0,3,1,1,1,2,0,1,0
80277,1526,0.0,5.0,0.0,5,2,2,1,3,0,2,0
80353,962,0.0,4.0,0.0,19,4,1,2,17,0,1,1
80420,3256,0.0,4.0,0.0,3,1,1,1,2,0,1,0
80741,3057,0.0,4.0,1.0,2,2,2,1,1,0,1,0
80992,1123,0.0,0.0,0.0,1,1,1,1,0,0,1,0
81228,1808,0.0,5.0,0.0,3,1,1,1,2,0,1,0
8194,2630,0.0,4.0,0.0,4,1,1,1,3,0,1,0
82246,4947,0.0,5.0,1.0,3,2,1,1,1,0,2,0
82588,1393,0.0,0.0,0.0,5,2,1,3,4,0,1,0
82660,606,0.0,6.0,1.0,3,1,1,2,0,0,1,2
8322,3323,1.0,0.0,1.0,9,3,1,4,8,0,1,0
83561,3085,0.0,4.0,1.0,1,1,1,1,0,0,1,0
85104,989,0.0,0.0,1.0,8,2,2,1,6,0,1,1
85122,4794,0.0,3.0,0.0,2,1,1,1,1,0,1,0
85281,3623,0.0,3.0,0.0,5,3,2,1,4,0,1,0
8576,1145,0.0,4.0,1.0,2,1,1,1,1,0,1,0
8578,597,0.0,5.0,0.0,16,6,2,5,14,0,1,1
86135,2529,0.0,4.0,1.0,2,1,1,1,1,0,1,0
86642,3239,0.0,2.0,0.0,21,8,2,1,18,0,2,1
87331,4976,0.0,0.0,0.0,18,14,7,2,17,0,1,0
87508,2872,0.0,4.0,1.0,14,6,5,4,12,1,1,0
88157,1541,0.0,4.0,0.0,12,5,2,2,10,0,1,1
88190,3266,1.0,0.0,0.0,2,1,1,1,1,0,1,0
88298,1035,0.0,5.0,1.0,6,3,3,2,4,0,2,0
88917,2060,0.0,4.0,1.0,5,2,1,1,3,0,1,1
89004,1472,0.0,3.0,0.0,6,2,1,1,5,0,1,0
89262,2752,0.0,3.0,0.0,5,2,1,2,4,0,1,0
89529,4196,0.0,0.0,0.0,3,1,1,1,2,0,1,0
89568,1900,0.0,8.0,0.0,5,1,1,1,4,0,1,0
89617,2791,0.0,3.0,1.0,13,1,1,2,12,0,1,0
89716,4771,0.0,0.0,0.0,3,1,1,2,2,0,1,0
90049,3475,0.0,6.0,0.0,6,4,1,1,5,0,1,0
90071,2856,0.0,3.0,0.0,2,2,1,1,1,0,1,0
90240,2447,0.0,3.0,0.0,2,1,1,1,1,0,1,0
90412,590,0.0,0.0,1.0,9,4,3,2,7,0,2,0
90644,3693,0.0,0.0,1.0,5,2,1,1,3,1,1,0
91170,1742,0.0,5.0,0.0,7,1,1,2,6,0,1,0
9139,1483,0.0,7.0,1.0,6,2,1,2,5,0,1,0
91421,4270,0.0,3.0,0.0,3,2,1,1,1,0,2,0
91491,3930,0.0,3.0,1.0,6,2,1,2,4,0,1,1
91868,2217,0.0,0.0,1.0,7,3,1,1,6,0,1,0
92356,4325,0.0,0.0,0.0,2,1,1,1,0,0,2,0
92606,532,0.0,4.0,0.0,3,1,1,1,2,0,1,0
92764,1117,0.0,4.0,0.0,5,2,1,1,4,0,1,0
93035,3650,0.0,5.0,0.0,5,1,1,2,4,0,1,0
93340,1487,0.0,0.0,0.0,25,3,1,7,23,0,1,1
93852,4361,0.0,4.0,0.0,10,1,1,2,7,0,2,1
93939,4589,0.0,3.0,0.0,1,1,1,1,0,0,1,0
9456,1526,0.0,3.0,0.0,2,1,1,2,1,0,1,0
94650,4864,1.0,4.0,0.0,3,1,1,1,2,0,1,0
94984,3350,0.0,2.0,1.0,14,1,1,2,13,0,1,0
95396,1496,0.0,5.0,0.0,6,2,1,1,5,0,1,0
96187,4727,0.0,2.0,1.0,2,1,1,1,1,0,1,0
96306,4171,0.0,5.0,2.0,14,3,2,2,10,0,4,0
9661,4763,0.0,3.0,0.0,6,1,1,1,4,0,1,1
96641,2022,0.0,3.0,0.0,3,1,1,1,2,0,1,0
96820,4760,0.0,3.0,2.0,14,6,5,1,9,0,1,4
97830,4083,0.0,6.0,0.0,11,2,1,4,10,0,1,0
97836,1632,0.0,4.0,0.0,7,1,1,3,6,0,1,0
9825,4405,0.0,3.0,0.0,9,2,2,3,8,0,1,0
98388,1049,0.0,3.0,1.0,5,1,1,1,3,1,1,0
98607,1495,0.0,0.0,0.0,13,7,2,3,12,0,1,0
98806,4050,0.0,2.0,1.0,4,1,1,2,3,0,1,0
99064,1884,0.0,0.0,1.0,6,2,1,4,4,0,1,1
99310,2954,0.0,0.0,0.0,10,2,2,1,8,0,2,0
99314,1749,0.0,4.0,0.0,15,7,6,4,12,0,1,2
99532,4955,0.0,2.0,1.0,6,2,2,2,5,0,1,0
9960,946,0.0,2.0,1.0,10,3,3,3,9,0,1,0
99717,1850,0.0,2.0,1.0,6,1,1,1,5,0,1,0
99733,4450,0.0,0.0,0.0,20,9,4,2,18,0,1,1
