100269,2824,0.0,4.0,0.0,4,2,1,2,3,0,1,0
100566,4605,0.0,0.0,0.0,1,1,1,1,0,0,1,0
100743,1310,0.0,0.0,0.0,13,11,8,3,0,0,3,10
100885,490,0.0,5.0,0.0,11,3,2,2,8,0,2,1
100921,4760,0.0,0.0,1.0,3,1,1,2,2,0,1,0
101264,2721,0.0,4.0,1.0,3,1,1,1,1,0,2,0
101732,3578,0.0,4.0,0.0,6,3,2,1,4,0,2,0
101762,2879,0.0,5.0,1.0,8,5,2,1,7,0,1,0
101808,4950,0.0,3.0,0.0,3,2,2,1,2,0,1,0
101907,1495,0.0,3.0,0.0,68,13,2,6,65,0,1,2
101940,2664,0.0,4.0,1.0,2,1,1,1,0,0,2,0
102342,4744,0.0,4.0,1.0,25,3,1,2,24,0,1,0
102348,4917,0.0,6.0,0.0,1,1,1,1,0,0,1,0
102587,4649,0.0,2.0,1.0,7,1,1,1,6,0,1,0
10328,2791,0.0,3.0,0.0,3,2,1,2,2,0,1,0
103930,1408,0.0,2.0,1.0,10,4,1,1,9,0,1,0
103988,2014,0.0,5.0,0.0,12,5,1,4,11,0,1,0
104110,697,0.0,3.0,0.0,4,1,1,1,3,0,1,0
104176,2161,0.0,7.0,1.0,5,3,2,1,4,0,1,0
104203,4968,0.0,7.0,0.0,9,2,1,1,7,0,2,0
104487,3173,0.0,0.0,0.0,4,2,1,1,0,0,4,0
104651,2217,1.0,5.0,0.0,3,1,1,2,1,0,1,1
105202,503,0.0,3.0,0.0,6,2,1,3,4,0,1,1
105224,3941,0.0,7.0,0.0,4,1,1,1,3,0,1,0
105315,817,0.0,3.0,0.0,6,1,1,2,5,0,1,0
105472,4908,0.0,4.0,0.0,64,31,1,5,54,0,8,2
10588,2579,0.0,4.0,1.0,5,3,2,1,4,0,1,0
106068,3990,0.0,2.0,0.0,2,1,1,1,1,0,1,0
106902,3545,0.0,6.0,0.0,2,1,1,1,1,0,1,0
107110,2454,0.0,5.0,0.0,5,1,1,1,4,0,1,0
10745,3230,0.0,0.0,1.0,2,1,1,1,1,0,1,0
107683,3236,0.0,4.0,0.0,2,1,1,1,0,0,1,1
107684,1679,0.0,3.0,0.0,19,11,3,5,17,0,1,1
107698,4793,0.0,0.0,1.0,4,1,1,1,3,0,1,0
107806,1472,0.0,0.0,1.0,3,1,1,1,2,0,1,0
108082,2791,0.0,0.0,0.0,3,2,1,1,2,0,1,0
108111,2348,0.0,3.0,0.0,7,1,1,2,6,0,1,0
108290,4605,0.0,0.0,0.0,12,6,4,1,10,0,2,0
108305,3545,0.0,6.0,1.0,16,7,1,1,14,0,2,0
108470,1190,0.0,2.0,1.0,3,1,1,1,2,0,1,0
108542,2592,0.0,null,null,1,1,1,1,0,0,1,0
10860,13,0.0,3.0,0.0,5,1,1,1,3,0,1,1
108765,2178,0.0,3.0,1.0,8,5,1,1,7,0,1,0
109012,2565,0.0,0.0,0.0,25,14,2,1,23,0,2,0
109095,2609,0.0,4.0,1.0,3,2,1,1,1,0,2,0
109535,4450,0.0,4.0,0.0,37,13,5,2,34,0,2,1
109597,3925,1.0,3.0,0.0,24,7,5,1,22,0,2,0
109773,1884,0.0,0.0,0.0,7,3,1,1,6,0,1,0
110101,2108,1.0,2.0,1.0,4,2,2,1,3,0,1,0
11051,3828,0.0,0.0,0.0,6,2,1,2,4,0,1,1
110603,4678,0.0,2.0,1.0,2,1,1,1,1,0,1,0
110719,3828,1.0,0.0,2.0,31,23,8,11,30,0,1,0
110824,63,0.0,6.0,0.0,5,2,2,1,4,0,1,0
111275,3536,0.0,3.0,1.0,12,5,2,3,11,0,1,0
111328,4976,0.0,0.0,0.0,9,1,1,1,8,0,1,0
111571,361,0.0,3.0,0.0,19,9,2,2,18,0,1,0
112,1923,0.0,5.0,0.0,9,4,2,1,8,0,1,0
112200,1250,0.0,5.0,0.0,2,2,1,1,0,0,2,0
112964,742,0.0,5.0,0.0,2,1,1,1,1,0,1,0
113263,2505,0.0,4.0,1.0,11,3,1,2,9,0,1,1
1136,1713,0.0,4.0,1.0,169,44,6,1,161,0,1,7
113970,790,0.0,3.0,0.0,55,40,15,6,49,0,1,5
113976,590,0.0,5.0,1.0,5,4,1,1,4,0,1,0
114058,598,0.0,3.0,1.0,1,1,1,1,0,0,1,0
114648,1742,0.0,4.0,0.0,22,13,1,2,20,0,1,1
114771,3828,1.0,3.0,0.0,8,1,1,3,7,0,1,0
114825,4173,0.0,3.0,0.0,27,18,4,5,26,0,1,0
115092,962,0.0,0.0,0.0,19,4,2,1,17,0,2,0
116491,1393,0.0,0.0,null,1,1,1,1,0,0,1,0
116906,2284,0.0,5.0,0.0,2,1,1,1,1,0,1,0
117493,1861,0.0,4.0,0.0,1,1,1,1,0,0,1,0
117899,205,0.0,0.0,0.0,6,2,1,1,5,0,1,0
118257,2567,0.0,3.0,1.0,36,23,5,5,35,0,1,0
118376,3502,0.0,3.0,0.0,1,1,1,1,0,0,1,0
118620,1031,0.0,4.0,0.0,14,4,1,2,13,0,1,0
118701,1203,0.0,3.0,1.0,2,1,1,1,1,0,1,0
119191,2886,0.0,0.0,1.0,4,3,2,1,3,0,1,0
119514,606,0.0,4.0,1.0,14,8,1,1,13,0,1,0
119541,3484,0.0,4.0,0.0,1,1,1,1,0,0,1,0
119674,2359,0.0,2.0,0.0,2,1,1,1,1,0,1,0
119846,4048,0.0,2.0,null,3,2,1,1,1,0,2,0
120174,1357,0.0,4.0,1.0,22,12,2,3,18,0,4,0
120372,4256,0.0,5.0,0.0,7,3,3,2,5,0,2,0
120470,2669,0.0,4.0,1.0,18,11,5,3,17,0,1,0
120696,2545,0.0,0.0,0.0,2,1,1,1,0,0,1,1
120901,2273,0.0,4.0,1.0,8,1,1,2,7,0,1,0
120969,1346,0.0,3.0,0.0,26,9,1,6,18,0,1,7
121305,3500,0.0,0.0,0.0,4,1,1,3,3,0,1,0
122184,639,1.0,2.0,1.0,11,2,1,1,7,0,4,0
122200,4173,0.0,2.0,0.0,8,6,4,2,7,0,1,0
122412,2537,0.0,4.0,0.0,9,4,1,1,8,0,1,0
122436,191,1.0,3.0,0.0,28,11,4,4,21,0,2,5
122578,3826,1.0,5.0,1.0,3,2,1,1,0,1,2,0
122580,429,0.0,4.0,0.0,4,2,1,1,3,0,1,0
122718,1963,0.0,3.0,0.0,17,9,2,2,16,0,1,0
123243,671,0.0,4.0,1.0,4,1,1,1,3,0,1,0
123517,1502,0.0,4.0,0.0,2,1,1,1,1,0,1,0
123579,416,0.0,6.0,0.0,22,10,1,2,20,0,2,0
123624,2318,0.0,4.0,0.0,2,2,1,1,1,0,1,0
123963,4659,0.0,4.0,0.0,1,1,1,1,0,0,1,0
124450,3460,0.0,3.0,0.0,2,1,1,1,1,0,1,0
124900,1892,0.0,4.0,0.0,11,3,3,2,8,0,2,1
125419,1283,0.0,2.0,0.0,2,1,1,1,1,0,1,0
125743,1102,0.0,0.0,0.0,35,10,5,3,32,0,1,2
126342,1923,0.0,5.0,0.0,3,1,1,1,2,0,1,0
126819,408,0.0,3.0,1.0,4,1,1,1,3,0,1,0
126949,804,0.0,4.0,0.0,4,1,1,1,3,0,1,0
126987,3350,0.0,6.0,0.0,3,1,1,1,2,0,1,0
127327,2403,0.0,3.0,0.0,4,2,1,1,2,0,2,0
127426,66,0.0,2.0,1.0,5,2,2,2,4,0,1,0
127542,2415,0.0,3.0,0.0,2,1,1,1,1,0,1,0
127818,4140,0.0,3.0,0.0,28,11,1,6,19,0,1,8
127866,4585,0.0,0.0,0.0,3,1,1,1,2,0,1,0
127964,1495,0.0,4.0,0.0,34,8,2,2,33,0,1,0
128082,4966,0.0,0.0,1.0,9,3,3,2,6,0,2,1
128213,4976,0.0,3.0,0.0,44,22,3,6,41,0,1,2
128560,968,0.0,3.0,1.0,1,1,1,1,0,0,1,0
12913,268,1.0,6.0,1.0,33,17,8,2,30,0,3,0
129207,4738,0.0,5.0,0.0,17,7,5,4,16,0,1,0
129225,4417,0.0,0.0,1.0,2,1,1,1,1,0,1,0
129262,2435,0.0,3.0,0.0,1,1,1,1,0,0,1,0
129278,323,0.0,0.0,0.0,4,2,1,1,3,0,1,0
129603,2242,0.0,4.0,0.0,14,7,4,1,12,0,1,1
130388,786,0.0,2.0,1.0,9,2,1,6,8,0,1,0
130586,3323,1.0,4.0,0.0,10,7,1,1,9,0,1,0
130688,3854,0.0,3.0,0.0,6,2,2,1,5,0,1,0
132218,598,0.0,3.0,1.0,11,2,1,2,7,0,2,2
132959,2712,0.0,5.0,0.0,6,1,1,1,5,0,1,0
133096,3350,0.0,3.0,0.0,12,6,2,3,11,0,1,0
133538,2916,1.0,3.0,0.0,2,1,1,1,1,0,1,0
133782,2537,0.0,3.0,0.0,5,1,1,1,3,0,1,1
133873,1677,0.0,4.0,0.0,45,19,6,8,38,0,3,4
134118,4564,0.0,2.0,0.0,8,2,1,4,5,0,1,2
134470,4864,0.0,5.0,0.0,6,2,1,1,5,0,1,0
134793,606,0.0,0.0,1.0,21,11,5,2,19,0,2,0
135035,2954,0.0,4.0,0.0,5,1,1,2,3,0,2,0
135093,4589,0.0,2.0,1.0,2,1,1,1,1,0,1,0
13548,4848,0.0,6.0,0.0,2,1,1,2,0,0,1,1
135508,2403,0.0,3.0,0.0,79,32,2,2,76,0,3,0
136352,747,0.0,3.0,0.0,5,1,1,1,4,0,1,0
13652,1116,1.0,3.0,1.0,3,1,1,1,2,0,1,0
13667,4079,0.0,0.0,2.0,11,2,1,1,5,0,6,0
137127,4731,0.0,2.0,1.0,11,4,2,2,10,0,1,0
137421,3350,0.0,0.0,0.0,4,1,1,1,3,0,1,0
137606,2565,0.0,5.0,0.0,2,1,1,1,1,0,1,0
138096,4871,0.0,0.0,0.0,3,1,1,1,2,0,1,0
138117,1679,0.0,3.0,0.0,30,8,3,1,29,0,1,0
138144,4474,0.0,3.0,0.0,6,2,1,2,4,0,1,1
138981,1963,0.0,3.0,1.0,18,6,2,4,13,0,1,4
139180,914,1.0,6.0,0.0,14,8,1,1,11,0,3,0
139255,3200,1.0,3.0,0.0,43,28,9,3,40,0,3,0
139772,2537,0.0,4.0,1.0,7,2,1,1,6,0,1,0
140209,897,0.0,3.0,0.0,6,1,1,2,5,0,1,0
140213,1892,1.0,3.0,0.0,9,4,3,1,4,0,5,0
140482,3682,0.0,2.0,1.0,10,2,1,2,8,0,1,1
140888,3080,0.0,4.0,1.0,1,1,1,1,0,0,1,0
141298,2784,0.0,0.0,1.0,25,2,2,3,18,0,7,0
141551,962,0.0,6.0,1.0,1,1,1,1,0,0,1,0
141644,2709,0.0,0.0,0.0,2,1,1,1,1,0,1,0
1419,2072,0.0,4.0,0.0,2,1,1,2,1,0,1,0
142907,3971,0.0,2.0,1.0,3,1,1,1,2,0,1,0
14385,4558,0.0,2.0,0.0,3,1,1,1,1,0,2,0
14391,1987,0.0,3.0,1.0,2,1,1,1,1,0,1,0
144189,2684,0.0,6.0,0.0,2,1,1,1,1,0,1,0
144484,4170,0.0,0.0,0.0,1,1,1,1,0,0,1,0
14449,1020,1.0,6.0,1.0,18,6,3,2,13,0,2,3
144863,1892,0.0,4.0,0.0,7,4,4,1,6,0,1,0
145071,3630,0.0,4.0,1.0,31,14,1,3,20,0,1,10
145794,3990,0.0,4.0,0.0,7,2,1,3,6,0,1,0
146441,1760,1.0,4.0,0.0,14,6,2,1,12,0,2,0
146856,2108,0.0,3.0,0.0,6,2,1,1,3,0,1,2
147235,2721,0.0,4.0,0.0,9,3,1,2,7,0,1,1
147337,682,1.0,4.0,0.0,9,4,3,1,6,0,1,2
147527,3206,0.0,5.0,1.0,6,1,1,2,4,0,1,1
14777,4919,0.0,2.0,0.0,2,1,1,1,1,0,1,0
148055,1200,0.0,0.0,0.0,13,1,1,1,8,0,4,1
148343,4718,0.0,5.0,0.0,5,3,3,2,4,0,1,0
148528,3593,0.0,5.0,1.0,16,2,1,2,14,0,1,1
149764,669,0.0,0.0,0.0,44,14,1,2,43,0,1,0
149792,359,0.0,2.0,0.0,7,3,2,2,6,0,1,0
149922,2935,0.0,2.0,1.0,4,1,1,1,2,0,1,1
150287,2794,0.0,0.0,2.0,31,9,5,5,27,0,4,0
150766,4836,0.0,2.0,0.0,7,3,1,1,6,0,1,0
150817,4256,0.0,4.0,0.0,21,11,5,1,19,0,1,1
150838,4181,0.0,2.0,1.0,5,1,1,1,4,0,1,0
15084,4871,0.0,3.0,0.0,14,8,2,2,11,0,2,1
151153,3828,0.0,0.0,1.0,8,2,2,2,7,0,1,0
151308,3545,0.0,5.0,0.0,18,3,1,2,14,3,1,0
151351,4818,0.0,3.0,0.0,7,2,1,2,5,0,1,1
151456,1103,0.0,6.0,0.0,3,3,3,2,2,0,1,0
151572,2173,0.0,5.0,0.0,7,4,2,1,5,0,2,0
152285,293,0.0,5.0,0.0,4,2,1,1,3,0,1,0
15241,4403,0.0,4.0,0.0,3,1,1,1,0,0,3,0
15303,3872,0.0,0.0,0.0,2,1,1,1,1,0,1,0
153361,1501,0.0,5.0,0.0,83,43,9,2,80,0,3,0
153897,3906,0.0,0.0,0.0,11,3,1,1,10,0,1,0
154185,4196,0.0,2.0,0.0,8,3,1,1,6,0,1,1
154213,2011,0.0,5.0,1.0,8,1,1,2,6,0,1,1
154429,1850,0.0,2.0,1.0,6,4,3,3,3,0,3,0
154449,2441,0.0,5.0,1.0,6,5,1,1,5,0,1,0
154551,2138,0.0,3.0,0.0,3,2,2,1,2,0,1,0
155103,3853,0.0,5.0,0.0,2,1,1,1,1,0,1,0
155375,2821,0.0,3.0,0.0,5,2,1,1,4,0,1,0
155377,3148,0.0,6.0,0.0,5,1,1,1,3,0,1,1
155679,3191,0.0,2.0,0.0,11,4,1,3,9,0,2,0
155966,1512,0.0,3.0,0.0,1,1,1,1,0,0,1,0
156031,1131,0.0,3.0,0.0,18,8,3,3,17,0,1,0
156193,2193,0.0,2.0,null,2,1,1,1,1,0,1,0
156680,1272,1.0,2.0,1.0,5,2,1,2,4,0,1,0
156839,3828,1.0,6.0,0.0,60,35,8,10,57,0,1,2
157199,2273,0.0,7.0,1.0,3,1,1,1,2,0,1,0
158620,505,0.0,3.0,0.0,9,4,2,2,7,0,2,0
159000,2134,0.0,0.0,0.0,6,1,1,1,5,0,1,0
159280,596,0.0,0.0,1.0,5,2,2,1,4,0,1,0
159287,3256,0.0,3.0,0.0,5,1,1,1,2,0,3,0
159327,4044,0.0,0.0,0.0,99,49,8,7,97,0,2,0
159865,2343,1.0,4.0,0.0,4,1,1,1,3,0,1,0
159888,2401,0.0,5.0,1.0,4,2,2,2,3,0,1,0
159890,4860,0.0,5.0,0.0,3,1,1,2,2,0,1,0
160279,4554,0.0,0.0,1.0,6,5,3,1,4,0,2,0
160425,2397,1.0,4.0,0.0,34,16,2,6,31,0,1,2
161799,798,0.0,3.0,0.0,5,2,2,2,4,0,1,0
161833,4525,0.0,5.0,0.0,12,3,1,3,9,0,2,1
161958,1936,0.0,3.0,0.0,1,1,1,1,0,0,1,0
162339,2099,0.0,3.0,0.0,2,1,1,1,1,0,1,0
162486,343,0.0,3.0,0.0,64,12,8,1,57,0,7,0
1625,2559,0.0,4.0,0.0,4,1,1,2,3,0,1,0
163531,2511,0.0,4.0,1.0,2,1,1,1,1,0,1,0
163969,1918,0.0,4.0,0.0,3,2,1,1,2,0,1,0
164436,2397,0.0,4.0,0.0,7,3,1,2,6,0,1,0
165029,3524,0.0,5.0,0.0,5,1,1,2,4,0,1,0
16533,4403,0.0,3.0,1.0,4,1,1,2,3,0,1,0
165440,3323,0.0,5.0,2.0,7,4,1,1,6,0,1,0
16692,4044,0.0,4.0,0.0,13,7,2,1,11,0,2,0
167308,4993,0.0,2.0,1.0,10,1,1,2,9,0,1,0
167413,2060,0.0,0.0,0.0,6,1,1,1,5,0,1,0
167632,2482,0.0,3.0,0.0,14,2,1,3,13,0,1,0
167784,320,0.0,3.0,0.0,1,1,1,1,0,0,1,0
167831,1250,0.0,6.0,2.0,25,9,3,1,21,0,4,0
169241,653,0.0,2.0,1.0,7,1,1,2,6,0,1,0
17021,4585,0.0,4.0,2.0,2,1,1,2,1,0,1,0
170305,1399,0.0,4.0,1.0,32,8,2,4,28,0,2,2
171240,2810,0.0,7.0,1.0,5,1,1,1,4,0,1,0
171522,1049,0.0,6.0,1.0,6,1,1,1,5,0,1,0
171948,4760,0.0,3.0,1.0,3,1,1,1,2,0,1,0
172201,3990,0.0,4.0,1.0,1,1,1,1,0,0,1,0
172645,1393,0.0,3.0,0.0,19,12,5,2,18,0,1,0
173119,1502,1.0,3.0,1.0,8,2,2,1,6,0,2,0
173355,598,0.0,3.0,0.0,6,2,1,1,5,0,1,0
173715,3990,0.0,6.0,0.0,4,1,1,2,3,0,1,0
173866,2879,0.0,3.0,0.0,9,3,1,1,8,0,1,0
173889,2193,0.0,5.0,0.0,3,2,2,1,2,0,1,0
173901,4818,0.0,3.0,1.0,12,5,3,4,9,0,1,2
174099,3968,0.0,0.0,0.0,4,1,1,1,3,0,1,0
17420,156,0.0,4.0,0.0,7,1,1,1,5,0,1,1
174265,2413,0.0,4.0,0.0,4,1,1,2,3,0,1,0
174502,3828,0.0,3.0,0.0,3,1,1,1,2,0,1,0
174756,437,0.0,3.0,0.0,9,8,1,1,8,0,1,0
175512,3819,0.0,2.0,0.0,2,1,1,1,1,0,1,0
175696,2669,1.0,5.0,0.0,18,9,4,3,17,0,1,0
175837,4325,0.0,0.0,0.0,1,1,1,1,0,0,1,0
176129,3753,0.0,4.0,0.0,2,1,1,1,1,0,1,0
177654,798,0.0,2.0,0.0,6,4,2,2,4,0,2,0
177897,259,0.0,2.0,1.0,4,3,1,2,0,0,1,3
178016,4406,1.0,4.0,0.0,19,5,2,1,16,0,3,0
178940,2424,0.0,2.0,1.0,17,5,1,6,15,0,1,1
179263,141,0.0,3.0,1.0,8,1,1,3,6,0,1,1
18002,1379,0.0,4.0,0.0,12,5,4,4,11,0,1,0
181528,3484,0.0,5.0,0.0,28,9,2,3,21,0,1,6
181544,1195,0.0,0.0,0.0,7,2,1,1,6,0,1,0
18164,3159,0.0,3.0,0.0,2,2,2,1,0,0,2,0
181909,2649,0.0,0.0,0.0,2,1,1,1,1,0,1,0
182137,10,0.0,0.0,0.0,2,1,1,1,1,0,1,0
182260,4554,0.0,5.0,0.0,4,1,1,3,3,0,1,0
182265,3263,1.0,3.0,0.0,1,1,1,1,0,0,1,0
18249,1056,0.0,4.0,0.0,6,5,4,1,5,0,1,0
18275,2711,0.0,3.0,0.0,4,2,1,1,2,0,1,1
183024,133,0.0,6.0,0.0,3,2,1,1,2,0,1,0
183050,4048,1.0,3.0,0.0,9,1,1,2,7,0,2,0
18396,4976,0.0,3.0,1.0,3,1,1,1,2,0,1,0
184089,2036,0.0,3.0,1.0,11,5,3,1,8,0,3,0
184148,1102,0.0,4.0,0.0,10,5,2,3,8,0,2,0
18442,3345,0.0,3.0,0.0,6,2,1,1,4,0,1,1
184486,2217,0.0,5.0,0.0,1,1,1,1,0,0,1,0
18455,152,0.0,6.0,2.0,4,1,1,1,3,0,1,0
184712,415,0.0,3.0,0.0,2,1,1,1,1,0,1,0
184775,2022,0.0,6.0,0.0,8,1,1,3,7,0,1,0
184994,4760,0.0,3.0,0.0,10,2,1,1,9,0,1,0
185044,3965,0.0,3.0,0.0,14,9,1,1,10,0,4,0
185120,3473,0.0,5.0,0.0,15,5,1,2,13,0,2,0
185209,590,0.0,3.0,1.0,9,1,1,4,7,0,1,1
18553,3828,0.0,4.0,0.0,106,50,8,10,104,0,2,0
185597,598,0.0,4.0,1.0,18,15,3,1,17,0,1,0
185896,4325,0.0,4.0,0.0,20,7,4,2,17,0,3,0
185936,3578,0.0,0.0,0.0,16,5,1,5,11,0,2,3
186071,2744,0.0,5.0,0.0,4,2,2,1,2,0,2,0
186494,4270,0.0,5.0,0.0,3,1,1,1,1,0,2,0
186602,4982,0.0,3.0,0.0,6,2,2,1,2,0,4,0
186703,161,0.0,7.0,0.0,13,5,1,2,10,0,1,2
186862,4864,0.0,6.0,1.0,4,3,2,2,3,0,1,0
18747,606,0.0,3.0,0.0,2,1,1,1,0,0,2,0
187772,4438,0.0,3.0,0.0,10,4,1,1,8,0,1,1
188234,323,1.0,5.0,0.0,8,3,1,2,7,0,1,0
188559,4044,0.0,3.0,0.0,4,1,1,1,3,0,1,0
188661,1892,0.0,3.0,0.0,6,4,2,1,0,0,4,2
189089,1911,0.0,0.0,0.0,4,1,1,3,3,0,1,0
189391,2767,0.0,0.0,0.0,7,2,1,2,6,0,1,0
189801,3095,0.0,0.0,1.0,9,3,3,1,8,0,1,0
190223,1547,0.0,3.0,0.0,35,11,8,2,30,0,5,0
190321,1713,0.0,4.0,0.0,3,2,1,2,2,0,1,0
190823,2161,0.0,6.0,1.0,12,2,2,4,11,0,1,0
190935,66,0.0,0.0,1.0,9,2,2,1,8,0,1,0
191183,1056,0.0,4.0,0.0,2,1,1,1,1,0,1,0
191224,4976,0.0,6.0,0.0,14,7,4,4,10,0,1,3
191234,1557,1.0,3.0,1.0,2,1,1,1,1,0,1,0
191445,4171,0.0,4.0,0.0,7,2,1,1,3,0,4,0
192151,4981,0.0,0.0,0.0,3,2,1,1,2,0,1,0
192332,3085,0.0,0.0,0.0,1,1,1,1,0,0,1,0
19239,1470,0.0,0.0,1.0,1,1,1,1,0,0,1,0
193257,2173,0.0,6.0,1.0,11,5,1,1,10,0,1,0
193432,2173,0.0,3.0,0.0,46,20,1,3,41,0,1,4
193712,3954,0.0,2.0,1.0,4,1,1,2,3,0,1,0
194104,2592,0.0,4.0,0.0,3,1,1,1,2,0,1,0
194121,4267,0.0,3.0,0.0,3,3,2,1,0,0,3,0
194260,2217,0.0,3.0,0.0,8,2,2,2,4,0,2,2
194872,3195,0.0,5.0,0.0,4,1,1,1,2,0,2,0
195003,1968,0.0,3.0,1.0,5,2,2,1,4,0,1,0
195781,1371,0.0,2.0,1.0,5,1,1,3,4,0,1,0
195804,1483,0.0,0.0,0.0,2,1,1,1,1,0,1,0
195989,4727,0.0,0.0,0.0,8,2,2,2,7,0,1,0
196420,4847,0.0,3.0,0.0,45,31,9,10,41,0,1,3
196450,3105,0.0,4.0,0.0,2,2,2,2,1,0,1,0
196544,4277,0.0,3.0,1.0,6,2,1,1,5,0,1,0
197161,1318,0.0,3.0,1.0,4,1,1,2,3,0,1,0
197498,2068,0.0,0.0,0.0,2,1,1,1,1,0,1,0
199516,4605,0.0,3.0,0.0,11,3,1,2,9,0,1,1
200222,4765,0.0,5.0,0.0,1,1,1,1,0,0,1,0
200550,1472,0.0,3.0,1.0,6,5,1,1,5,0,1,0
200717,1090,0.0,3.0,0.0,7,3,1,3,6,0,1,0
200830,3205,0.0,6.0,0.0,26,8,2,3,9,0,1,16
200876,1618,0.0,4.0,0.0,14,5,1,2,13,0,1,0
200885,4043,1.0,0.0,0.0,3,1,1,1,2,0,1,0
201907,1861,0.0,2.0,0.0,1,1,1,1,0,0,1,0
203009,1102,0.0,0.0,0.0,20,7,2,6,19,0,1,0
203090,1710,0.0,4.0,0.0,6,2,1,1,5,0,1,0
203233,1193,0.0,3.0,1.0,2,1,1,1,1,0,1,0
203795,2664,0.0,3.0,1.0,3,1,1,1,2,0,1,0
203799,1833,0.0,4.0,2.0,25,12,2,2,24,0,1,0
204228,2138,0.0,2.0,0.0,38,15,2,9,30,0,2,6
204298,738,0.0,4.0,0.0,28,11,5,2,27,0,1,0
204492,1500,0.0,0.0,0.0,2,1,1,2,0,0,1,1
205069,4760,0.0,4.0,1.0,5,1,1,2,4,0,1,0
20521,4420,0.0,0.0,1.0,1,1,1,1,0,0,1,0
205635,4354,0.0,3.0,0.0,5,1,1,2,4,0,1,0
206449,3148,0.0,0.0,0.0,42,21,5,6,38,0,2,2
206452,4765,0.0,3.0,0.0,10,3,1,2,9,0,1,0
206892,4744,1.0,5.0,1.0,13,7,2,1,12,0,1,0
206897,4191,0.0,6.0,0.0,2,1,1,1,1,0,1,0
20705,2138,0.0,3.0,0.0,14,7,2,5,10,0,1,3
207349,2954,0.0,3.0,0.0,3,1,1,3,1,0,1,1
20828,3578,0.0,3.0,0.0,7,1,1,2,5,0,1,1
208713,3457,0.0,4.0,1.0,8,1,1,1,7,0,1,0
208959,227,1.0,3.0,0.0,9,5,1,3,8,0,1,0
209214,1978,0.0,3.0,1.0,8,1,1,1,7,0,1,0
209739,3086,0.0,6.0,0.0,4,1,1,1,3,0,1,0
209901,3528,0.0,3.0,0.0,21,11,6,5,20,0,1,0
210345,4687,0.0,5.0,0.0,10,2,1,2,8,0,2,0
210534,2026,0.0,2.0,1.0,2,1,1,1,1,0,1,0
210901,1056,0.0,5.0,1.0,11,1,1,1,10,0,1,0
211043,4079,0.0,2.0,0.0,19,7,1,2,15,0,3,1
211307,4427,0.0,3.0,1.0,6,2,1,3,5,0,1,0
211513,4282,0.0,3.0,0.0,23,17,4,2,22,0,1,0
211733,4325,0.0,3.0,1.0,11,5,2,3,10,0,1,0
21224,3163,0.0,0.0,1.0,4,1,1,1,2,0,2,0
212669,2158,0.0,4.0,0.0,1,1,1,1,0,0,1,0
212814,2596,0.0,0.0,0.0,10,1,1,1,9,0,1,0
212990,2313,0.0,4.0,0.0,4,1,1,1,3,0,1,0
213358,4090,0.0,0.0,0.0,17,5,1,6,14,0,1,2
213365,4976,0.0,4.0,0.0,5,4,3,1,4,0,1,0
213794,598,0.0,3.0,1.0,14,6,3,2,13,0,1,0
214097,4191,0.0,3.0,1.0,4,1,1,1,3,0,1,0
214407,4708,0.0,3.0,0.0,1,1,1,1,0,0,1,0
214444,2915,0.0,3.0,0.0,1,1,1,1,0,0,1,0
215143,4933,0.0,3.0,0.0,13,9,1,5,9,0,1,3
215744,2435,0.0,2.0,0.0,4,3,1,1,3,0,1,0
215882,1272,0.0,5.0,0.0,61,39,7,9,60,0,1,0
216161,4469,0.0,2.0,0.0,13,6,1,3,7,0,1,5
216602,1013,0.0,5.0,0.0,12,5,1,2,7,0,4,1
217719,747,0.0,4.0,0.0,4,1,1,1,3,0,1,0
21795,3607,0.0,3.0,1.0,15,3,1,2,13,0,2,0
218365,1454,0.0,3.0,0.0,3,1,1,1,1,0,2,0
218530,4642,0.0,3.0,1.0,5,2,1,1,3,0,2,0
218573,2662,0.0,4.0,0.0,5,1,1,2,4,0,1,0
218817,2501,0.0,4.0,0.0,21,12,4,1,16,0,5,0
219230,1760,0.0,3.0,0.0,3,1,1,1,2,0,1,0
21925,4240,0.0,0.0,0.0,7,4,1,1,5,0,1,1
219285,4280,0.0,3.0,0.0,5,4,1,1,4,0,1,0
220320,3363,0.0,2.0,0.0,8,2,1,1,7,0,1,0
220340,503,1.0,3.0,1.0,5,3,1,1,4,0,1,0
22068,1583,0.0,3.0,0.0,3,2,1,2,2,0,1,0
220888,4048,0.0,5.0,0.0,10,3,1,1,7,0,2,1
220952,189,0.0,3.0,0.0,7,1,1,2,5,0,1,1
221133,1056,0.0,4.0,1.0,29,20,9,5,28,0,1,0
221259,1878,0.0,3.0,0.0,10,1,1,1,8,0,2,0
221303,2566,0.0,2.0,1.0,3,1,1,1,2,0,1,0
221343,2640,0.0,4.0,0.0,29,16,11,3,27,0,2,0
221624,241,0.0,4.0,1.0,7,1,1,1,6,0,1,0
221653,13,0.0,0.0,0.0,6,2,1,1,5,0,1,0
221856,396,0.0,5.0,1.0,1,1,1,1,0,0,1,0
222060,1077,0.0,0.0,0.0,6,3,2,1,5,0,1,0
222127,121,0.0,4.0,1.0,1,1,1,1,0,0,1,0
222425,2208,0.0,5.0,1.0,32,14,3,4,29,0,1,2
223166,4536,0.0,0.0,0.0,17,4,2,5,13,0,3,1
223389,4771,0.0,4.0,0.0,7,3,2,1,5,0,2,0
223577,35,0.0,4.0,2.0,8,5,2,3,7,0,1,0
224025,3820,0.0,3.0,0.0,2,1,1,1,1,0,1,0
224476,2173,0.0,0.0,0.0,3,2,1,1,2,0,1,0
224952,4765,0.0,0.0,null,10,2,1,2,9,0,1,0
225063,25,0.0,2.0,0.0,1,1,1,1,0,0,1,0
225674,3536,0.0,0.0,0.0,4,1,1,2,3,0,1,0
226091,4738,0.0,0.0,1.0,10,2,1,2,9,0,1,0
226180,3667,0.0,6.0,0.0,6,1,1,3,5,0,1,0
226848,4976,0.0,0.0,0.0,2,1,1,1,1,0,1,0
226877,4427,0.0,2.0,1.0,1,1,1,1,0,0,1,0
227006,4282,0.0,5.0,0.0,6,2,1,1,5,0,1,0
227181,3622,0.0,0.0,0.0,4,1,1,1,3,0,1,0
227272,4605,0.0,0.0,0.0,9,3,3,2,7,0,1,1
228027,773,0.0,3.0,0.0,53,26,12,4,47,0,1,5
228119,161,0.0,6.0,1.0,16,5,2,1,15,0,1,0
228421,1895,0.0,3.0,0.0,3,1,1,1,2,0,1,0
229115,2904,0.0,4.0,0.0,1,1,1,1,0,0,1,0
2294,1861,0.0,3.0,0.0,8,4,1,2,7,0,1,0
229419,2928,0.0,3.0,2.0,4,4,1,1,0,0,4,0
229772,4760,0.0,4.0,0.0,3,1,1,1,2,0,1,0
230107,2459,0.0,3.0,0.0,1,1,1,1,0,0,1,0
230377,598,0.0,4.0,0.0,2,1,1,2,0,0,1,1
230777,3150,0.0,5.0,0.0,5,3,1,1,4,0,1,0
230847,3349,0.0,0.0,0.0,38,28,1,5,37,0,1,0
23143,42,0.0,5.0,0.0,8,6,4,3,7,0,1,0
232294,4504,0.0,6.0,0.0,12,4,1,1,11,0,1,0
233068,715,0.0,0.0,0.0,9,2,1,2,6,0,1,2
233300,4659,0.0,3.0,1.0,31,15,7,7,29,0,2,0
233396,4903,0.0,0.0,0.0,2,1,1,1,1,0,1,0
233717,3578,0.0,4.0,0.0,1,1,1,1,0,0,1,0
234287,4605,0.0,2.0,0.0,5,2,2,3,4,0,1,0
234560,4042,0.0,4.0,1.0,3,1,1,1,2,0,1,0
235434,3323,0.0,5.0,1.0,1,1,1,1,0,0,1,0
235653,1527,0.0,3.0,0.0,2,1,1,1,1,0,1,0
23569,985,0.0,5.0,1.0,15,9,3,2,14,0,1,0
236595,4499,0.0,0.0,0.0,4,1,1,1,2,0,1,1
236725,4427,0.0,0.0,1.0,2,1,1,1,1,0,1,0
23692,10,0.0,3.0,0.0,4,1,1,1,3,0,1,0
237017,798,0.0,3.0,1.0,4,1,1,1,3,0,1,0
237251,3418,0.0,0.0,1.0,5,3,1,1,4,0,1,0
237759,963,0.0,4.0,1.0,2,1,1,1,1,0,1,0
237824,2669,0.0,3.0,0.0,1,1,1,1,0,0,1,0
237879,2824,0.0,5.0,0.0,4,1,1,3,2,0,1,1
23816,360,0.0,0.0,1.0,1,1,1,1,0,0,1,0
238164,2537,0.0,3.0,1.0,3,1,1,1,2,0,1,0
238277,127,0.0,0.0,0.0,5,1,1,1,4,0,1,0
238465,1861,0.0,6.0,0.0,5,4,2,1,4,0,1,0
238491,2320,0.0,0.0,0.0,1,1,1,1,0,0,1,0
238823,4648,0.0,2.0,0.0,1,1,1,1,0,0,1,0
238870,2072,0.0,5.0,0.0,13,4,1,1,12,0,1,0
239420,535,0.0,4.0,0.0,5,3,1,1,4,0,1,0
240006,4585,0.0,4.0,0.0,6,5,3,2,4,0,2,0
240071,2000,1.0,6.0,0.0,1,1,1,1,0,0,1,0
240098,4607,0.0,4.0,0.0,3,1,1,1,2,0,1,0
240387,1056,0.0,5.0,0.0,3,2,1,1,2,0,1,0
240729,4756,0.0,4.0,0.0,13,5,1,1,10,0,2,1
240877,1810,0.0,4.0,0.0,26,11,5,2,25,0,1,0
241020,3350,0.0,4.0,2.0,1,1,1,1,0,0,1,0
241549,2278,0.0,2.0,0.0,18,8,4,2,16,0,1,1
24208,2545,0.0,3.0,1.0,6,3,2,4,5,0,1,0
242082,3347,0.0,4.0,1.0,4,1,1,1,3,0,1,0
242367,2784,0.0,0.0,0.0,5,1,1,1,4,0,1,0
24260,1111,0.0,2.0,0.0,4,1,1,2,2,0,1,1
243028,3376,0.0,3.0,1.0,2,1,1,1,1,0,1,0
243281,2318,0.0,4.0,1.0,17,4,2,4,15,0,1,1
243521,1833,0.0,3.0,1.0,19,9,1,1,18,0,1,0
243581,2443,0.0,6.0,0.0,6,4,1,1,5,0,1,0
244121,1948,0.0,4.0,0.0,20,8,2,4,16,0,1,3
244301,1393,0.0,4.0,2.0,9,7,6,1,8,0,1,0
244495,4090,0.0,0.0,0.0,9,2,1,2,8,0,1,0
245043,3911,0.0,0.0,0.0,7,4,2,1,6,0,1,0
245321,3578,0.0,3.0,0.0,5,2,2,2,4,0,1,0
245660,1031,0.0,4.0,0.0,6,2,1,3,4,0,1,1
245731,2869,0.0,4.0,0.0,8,3,2,4,6,0,1,1
245875,1780,0.0,0.0,0.0,5,3,2,1,4,0,1,0
246102,1840,0.0,0.0,0.0,6,5,3,1,0,0,3,3
246943,3163,0.0,2.0,1.0,1,1,1,1,0,0,1,0
247506,2511,0.0,4.0,1.0,7,1,1,1,6,0,1,0
248138,1126,0.0,6.0,0.0,13,4,2,2,11,0,1,1
248342,4850,0.0,5.0,0.0,17,8,6,3,15,0,2,0
248768,2108,0.0,3.0,1.0,2,1,1,1,1,0,1,0
249784,4536,0.0,0.0,0.0,3,1,1,1,2,0,1,0
249807,492,0.0,4.0,1.0,4,1,1,1,3,0,1,0
25030,760,0.0,2.0,1.0,4,1,1,1,3,0,1,0
251326,2403,0.0,3.0,0.0,15,9,2,2,9,0,1,5
251554,4042,0.0,0.0,0.0,6,1,1,3,5,0,1,0
251567,2565,0.0,6.0,0.0,3,1,1,1,2,0,1,0
251939,1346,0.0,5.0,1.0,35,9,1,6,34,0,1,0
2520,4605,0.0,3.0,0.0,21,9,7,2,19,0,2,0
252291,2834,0.0,0.0,0.0,87,73,11,2,84,0,3,0
252978,4605,0.0,3.0,0.0,3,2,2,1,2,0,1,0
253021,415,0.0,0.0,0.0,1,1,1,1,0,0,1,0
253277,2275,0.0,5.0,0.0,4,1,1,1,3,0,1,0
253415,4171,0.0,4.0,1.0,5,2,1,1,4,0,1,0
253742,1760,1.0,0.0,0.0,3,1,1,1,2,0,1,0
254119,794,0.0,4.0,0.0,7,1,1,2,5,0,1,1
254134,296,0.0,3.0,0.0,5,5,5,2,4,0,1,0
254266,66,0.0,3.0,0.0,3,2,1,1,2,0,1,0
254838,1911,1.0,2.0,0.0,12,2,1,1,11,0,1,0
255221,3828,0.0,0.0,1.0,14,4,3,5,11,0,1,2
255595,1102,0.0,5.0,0.0,8,3,1,1,7,0,1,0
255621,4818,0.0,0.0,1.0,32,23,10,5,28,0,4,0
255640,4985,0.0,4.0,null,10,2,1,1,9,0,1,0
255832,1703,1.0,0.0,0.0,3,1,1,1,2,0,1,0
256111,588,0.0,3.0,0.0,6,1,1,1,5,0,1,0
256422,2691,0.0,0.0,0.0,3,1,1,1,2,0,1,0
257190,3411,1.0,5.0,0.0,2,1,1,2,0,0,1,1
257564,594,0.0,4.0,1.0,1,1,1,1,0,0,1,0
258078,794,0.0,6.0,1.0,3,1,1,2,2,0,1,0
258118,2424,0.0,3.0,0.0,2,2,1,1,1,0,1,0
258277,1291,0.0,3.0,0.0,16,3,2,3,14,0,1,1
258554,4042,0.0,0.0,0.0,3,1,1,2,2,0,1,0
258822,4220,0.0,3.0,0.0,14,8,2,1,12,0,2,0
259745,4950,0.0,0.0,0.0,2,1,1,1,1,0,1,0
260051,4976,0.0,3.0,0.0,29,8,4,6,28,0,1,0
260158,4512,0.0,5.0,0.0,1,1,1,1,0,0,1,0
260303,4871,0.0,3.0,1.0,1,1,1,1,0,0,1,0
260365,1031,0.0,3.0,1.0,1,1,1,1,0,0,1,0
260812,3588,0.0,3.0,0.0,22,9,1,2,19,0,3,0
260840,1356,0.0,0.0,0.0,9,1,1,2,7,1,1,0
260905,2273,0.0,4.0,0.0,2,1,1,1,1,0,1,0
261314,3982,0.0,3.0,2.0,3,1,1,1,2,0,1,0
261616,2664,0.0,3.0,2.0,2,1,1,1,1,0,1,0
261617,4173,0.0,4.0,1.0,13,5,5,2,12,0,1,0
261795,1485,0.0,3.0,0.0,1,1,1,1,0,0,1,0
261800,4903,0.0,0.0,0.0,2,1,1,1,1,0,1,0
261851,1582,0.0,3.0,1.0,6,2,2,2,5,0,1,0
262230,4049,0.0,3.0,0.0,18,8,4,3,9,0,3,6
262244,4949,1.0,0.0,0.0,39,19,6,7,38,0,1,0
262748,2543,0.0,0.0,0.0,4,2,1,1,3,0,1,0
262836,4057,0.0,0.0,null,3,1,1,1,2,0,1,0
262886,503,0.0,4.0,0.0,6,3,2,1,5,0,1,0
263437,1997,0.0,6.0,1.0,22,6,2,2,19,0,2,1
263489,1494,0.0,0.0,1.0,6,1,1,2,5,0,1,0
263844,1854,0.0,0.0,0.0,2,1,1,1,1,0,1,0
263869,4616,0.0,3.0,0.0,3,2,1,1,0,0,2,1
264054,3472,0.0,4.0,1.0,1,1,1,1,0,0,1,0
264731,914,0.0,0.0,0.0,4,1,1,1,3,0,1,0
264735,3088,0.0,0.0,1.0,7,2,1,1,5,0,2,0
265505,2305,0.0,4.0,0.0,4,2,1,1,3,0,1,0
26615,2217,0.0,3.0,2.0,6,4,1,1,4,0,2,0
266666,3460,0.0,0.0,0.0,2,1,1,1,0,0,2,0
266785,3990,0.0,0.0,0.0,17,10,5,2,16,0,1,0
266788,2091,0.0,0.0,0.0,1,1,1,1,0,0,1,0
266881,3163,0.0,5.0,1.0,3,1,1,1,0,0,3,0
266941,4607,0.0,4.0,0.0,1,1,1,1,0,0,1,0
267129,598,0.0,3.0,0.0,18,10,3,3,16,0,1,1
267460,2417,0.0,2.0,0.0,3,1,1,1,2,0,1,0
267498,1918,1.0,0.0,0.0,27,11,3,4,24,0,1,2
267739,152,0.0,3.0,1.0,5,2,1,1,3,0,2,0
267960,2026,0.0,0.0,1.0,4,1,1,2,3,0,1,0
268069,66,0.0,4.0,1.0,1,1,1,1,0,0,1,0
268154,3159,0.0,3.0,0.0,8,5,2,2,7,0,1,0
268728,4143,0.0,0.0,0.0,8,5,1,1,7,0,1,0
268742,4043,0.0,3.0,0.0,17,3,2,5,15,0,1,1
269052,4950,0.0,4.0,1.0,4,2,2,4,0,0,1,3
269076,4491,0.0,4.0,0.0,2,1,1,1,1,0,1,0
269425,962,0.0,2.0,0.0,9,1,1,4,8,0,1,0
270144,1049,0.0,4.0,1.0,2,1,1,1,1,0,1,0
270159,4368,0.0,4.0,1.0,2,2,1,1,0,0,2,0
270326,3954,0.0,0.0,1.0,3,1,1,1,2,0,1,0
271046,976,1.0,3.0,0.0,3,2,1,1,0,0,3,0
271282,1102,0.0,3.0,0.0,41,27,10,6,39,0,1,1
271301,2767,0.0,3.0,1.0,2,1,1,1,1,0,1,0
271439,2821,0.0,0.0,0.0,9,2,2,1,7,0,2,0
271536,2415,0.0,5.0,0.0,7,1,1,1,6,0,1,0
271549,2272,0.0,5.0,0.0,2,1,1,1,1,0,1,0
271660,4933,0.0,2.0,0.0,3,2,1,1,2,0,1,0
271957,3022,0.0,2.0,1.0,17,9,3,1,15,0,1,1
27200,1760,0.0,6.0,0.0,2,1,1,1,1,0,1,0
272452,2928,0.0,0.0,0.0,11,2,1,1,10,0,1,0
272782,598,0.0,3.0,1.0,2,1,1,1,1,0,1,0
272805,1346,0.0,6.0,1.0,3,2,1,1,0,0,3,0
272876,2328,0.0,6.0,0.0,2,1,1,1,1,0,1,0
272882,2883,0.0,2.0,0.0,7,6,4,2,0,0,1,6
27387,2014,0.0,6.0,0.0,2,1,1,1,1,0,1,0
274164,742,0.0,0.0,0.0,2,1,1,1,1,0,1,0
27428,2981,0.0,0.0,0.0,6,4,3,1,5,0,1,0
274863,1356,1.0,3.0,0.0,3,1,1,1,2,0,1,0
274960,4727,0.0,3.0,0.0,6,2,2,1,4,0,2,0
275940,4976,0.0,3.0,0.0,16,7,1,3,9,0,2,5
276251,1056,0.0,3.0,1.0,3,2,2,1,1,0,2,0
276569,2808,0.0,2.0,1.0,10,1,1,2,9,0,1,0
276971,4760,0.0,4.0,0.0,19,6,2,3,18,0,1,0
277076,798,0.0,2.0,0.0,20,8,6,3,17,2,1,0
277238,4919,0.0,0.0,0.0,4,1,1,3,3,0,1,0
277330,3974,0.0,0.0,0.0,6,2,1,1,3,0,1,2
278391,121,0.0,0.0,0.0,5,2,2,3,4,0,1,0
278627,747,0.0,4.0,0.0,12,1,1,2,10,0,1,1
278834,2294,0.0,2.0,0.0,4,1,1,2,3,0,1,0
279007,1346,0.0,5.0,0.0,15,3,1,3,13,0,1,1
280057,4044,0.0,3.0,1.0,14,5,2,1,13,0,1,0
280466,3105,0.0,0.0,0.0,14,5,2,2,12,0,2,0
280518,1659,0.0,0.0,0.0,2,1,1,2,0,0,1,1
281026,3350,0.0,3.0,0.0,7,4,1,1,6,0,1,0
281037,4585,0.0,7.0,0.0,4,1,1,1,3,0,1,0
28161,4687,0.0,0.0,0.0,4,1,1,1,3,0,1,0
281677,1352,0.0,0.0,1.0,4,1,1,1,3,0,1,0
282520,3160,0.0,3.0,2.0,3,2,2,1,1,0,2,0
282694,4643,0.0,3.0,0.0,2,2,1,1,0,0,2,0
283914,1016,0.0,0.0,1.0,3,2,1,1,2,0,1,0
284207,2273,0.0,3.0,1.0,7,1,1,1,5,0,2,0
284343,1667,0.0,5.0,0.0,35,7,2,1,32,0,1,2
284472,129,0.0,0.0,0.0,3,1,1,1,2,0,1,0
284651,4492,0.0,5.0,0.0,12,6,3,1,11,0,1,0
28479,1487,0.0,4.0,0.0,8,2,1,2,7,0,1,0
284806,2821,0.0,3.0,1.0,4,1,1,2,2,0,1,1
284975,3041,0.0,5.0,0.0,3,1,1,1,2,0,1,0
285779,2313,0.0,4.0,0.0,12,4,2,2,10,0,2,0
285788,4976,0.0,0.0,0.0,1,1,1,1,0,0,1,0
285835,2105,0.0,5.0,1.0,1,1,1,1,0,0,1,0
286692,1310,0.0,3.0,0.0,2,2,1,1,0,0,2,0
28690,902,0.0,6.0,2.0,10,1,1,5,9,0,1,0
287632,4760,0.0,3.0,0.0,9,6,3,3,8,0,1,0
287674,1710,0.0,2.0,2.0,27,4,1,1,23,0,4,0
288050,3734,0.0,4.0,1.0,7,1,1,1,6,0,1,0
28848,4170,0.0,3.0,0.0,2,1,1,1,1,0,1,0
288639,503,0.0,0.0,0.0,15,5,2,1,14,0,1,0
289371,4163,0.0,6.0,0.0,1,1,1,1,0,0,1,0
289662,4472,0.0,3.0,1.0,14,3,2,2,13,0,1,0
290244,4536,0.0,2.0,0.0,1,1,1,1,0,0,1,0
290315,798,0.0,3.0,1.0,1,1,1,1,0,0,1,0
29044,1760,0.0,2.0,0.0,1,1,1,1,0,0,1,0
290791,2639,0.0,0.0,0.0,18,7,4,2,15,0,3,0
290864,4933,0.0,3.0,0.0,7,4,1,4,6,0,1,0
291698,1810,0.0,5.0,0.0,11,7,2,1,9,0,2,0
292535,4744,0.0,2.0,0.0,7,5,1,1,6,0,1,0
292569,4354,0.0,2.0,0.0,3,2,1,2,2,0,1,0
292610,4718,0.0,4.0,0.0,8,3,2,1,5,0,3,0
292966,1752,0.0,3.0,0.0,6,1,1,3,5,0,1,0
294478,3843,0.0,0.0,0.0,4,1,1,1,3,0,1,0
294498,2928,0.0,4.0,0.0,17,7,3,4,14,0,1,2
294759,4768,0.0,6.0,0.0,7,1,1,2,5,0,1,1
294825,4485,0.0,4.0,1.0,13,3,1,4,11,0,1,1
29486,2795,0.0,3.0,0.0,3,1,1,1,2,0,1,0
295048,1742,0.0,3.0,0.0,19,12,1,3,17,0,2,0
295294,2277,0.0,4.0,1.0,3,1,1,1,2,0,1,0
29539,1667,0.0,6.0,0.0,6,2,2,4,5,0,1,0
29583,3881,0.0,3.0,0.0,3,2,2,2,1,0,2,0
2960,114,0.0,3.0,1.0,5,2,2,2,4,0,1,0
296467,1526,0.0,2.0,null,1,1,1,1,0,0,1,0
296848,3105,0.0,3.0,0.0,20,14,2,2,19,0,1,0
29701,2124,0.0,6.0,0.0,147,65,3,8,127,0,2,18
297306,4173,0.0,2.0,0.0,13,2,1,1,12,0,1,0
297406,1884,0.0,3.0,1.0,7,2,1,2,5,0,1,1
298056,2099,0.0,6.0,0.0,2,1,1,1,1,0,1,0
298269,3350,0.0,5.0,0.0,20,5,1,3,17,0,1,2
29879,3451,0.0,7.0,1.0,2,1,1,1,1,0,1,0
299512,2537,0.0,3.0,1.0,5,1,1,1,3,0,1,1
29997,537,0.0,3.0,1.0,2,1,1,1,1,0,1,0
299980,4086,0.0,6.0,0.0,6,1,1,1,5,0,1,0
300293,3628,0.0,0.0,0.0,1,1,1,1,0,0,1,0
300331,2031,0.0,3.0,1.0,1,1,1,1,0,0,1,0
300539,1470,0.0,4.0,1.0,18,2,1,2,17,0,1,0
300625,2031,0.0,3.0,0.0,5,2,1,1,3,1,1,0
300892,2684,1.0,5.0,1.0,2,1,1,2,1,0,1,0
301195,1892,0.0,0.0,0.0,3,3,1,1,0,0,3,0
301380,4847,1.0,0.0,0.0,27,24,13,4,25,0,1,1
301720,547,0.0,2.0,1.0,4,1,1,1,3,0,1,0
301987,2592,0.0,3.0,0.0,20,3,3,3,17,0,3,0
30205,4826,0.0,3.0,1.0,7,2,1,1,6,0,1,0
302256,1890,0.0,6.0,0.0,1,1,1,1,0,0,1,0
302568,1494,0.0,5.0,1.0,1,1,1,1,0,0,1,0
303011,4480,0.0,3.0,0.0,14,7,1,3,11,0,1,2
303054,2499,0.0,6.0,0.0,4,2,1,1,2,0,2,0
303553,2436,0.0,4.0,0.0,3,2,2,3,2,0,1,0
303673,2099,0.0,3.0,0.0,2,1,1,1,1,0,1,0
304107,4282,0.0,2.0,0.0,1,1,1,1,0,0,1,0
30424,3828,0.0,5.0,0.0,19,5,2,4,15,0,1,3
304501,4044,0.0,2.0,0.0,2,1,1,1,1,0,1,0
305252,3152,0.0,7.0,1.0,4,2,1,2,3,0,1,0
305908,35,0.0,3.0,0.0,20,8,7,1,19,0,1,0
306278,1895,0.0,3.0,0.0,4,2,2,2,3,0,1,0
306426,4731,0.0,4.0,1.0,4,3,2,1,3,0,1,0
306793,3220,0.0,0.0,null,5,1,1,1,4,0,1,0
307222,2565,0.0,4.0,0.0,1,1,1,1,0,0,1,0
307334,121,1.0,5.0,0.0,2,1,1,1,1,0,1,0
308137,2173,0.0,5.0,2.0,9,5,1,2,7,0,2,0
30818,4444,0.0,4.0,0.0,49,26,9,1,45,0,4,0
308366,4835,0.0,4.0,1.0,3,1,1,1,2,0,1,0
308829,4463,0.0,3.0,1.0,39,7,1,6,37,0,1,1
308919,1346,0.0,4.0,0.0,4,3,1,1,3,0,1,0
309357,4947,0.0,0.0,1.0,8,5,2,2,7,0,1,0
309371,915,0.0,3.0,0.0,15,9,4,3,13,0,2,0
31012,1472,0.0,2.0,0.0,28,5,1,3,24,0,2,2
310346,962,0.0,5.0,0.0,10,6,3,1,8,0,2,0
311030,4137,0.0,0.0,0.0,21,5,1,5,20,0,1,0
311114,4919,0.0,3.0,0.0,2,1,1,1,1,0,1,0
311523,1283,0.0,2.0,0.0,1,1,1,1,0,0,1,0
311689,4368,0.0,3.0,1.0,6,1,1,1,4,0,1,1
312022,3984,0.0,7.0,0.0,13,3,3,5,9,0,2,2
312141,563,0.0,2.0,0.0,5,1,1,1,4,0,1,0
312151,67,0.0,0.0,0.0,2,1,1,1,1,0,1,0
312359,2745,0.0,3.0,1.0,6,2,1,2,5,0,1,0
312541,1703,0.0,3.0,0.0,10,1,1,1,8,0,2,0
312640,1679,0.0,4.0,1.0,11,7,3,2,10,0,1,0
31271,3828,0.0,2.0,0.0,15,6,2,1,14,0,1,0
313120,311,0.0,6.0,0.0,4,1,1,1,3,0,1,0
313218,4427,0.0,2.0,1.0,11,2,1,2,9,0,1,1
313799,98,0.0,2.0,0.0,2,2,2,1,0,0,2,0
313902,4992,0.0,3.0,2.0,8,1,1,1,7,0,1,0
313998,4829,0.0,4.0,0.0,10,4,1,3,8,0,1,1
314468,1738,0.0,2.0,0.0,16,9,3,4,13,0,1,2
314722,3075,0.0,6.0,1.0,1,1,1,1,0,0,1,0
315007,3828,0.0,3.0,0.0,83,28,14,8,80,0,3,0
315053,1494,0.0,6.0,0.0,4,1,1,2,3,0,1,0
315569,1353,0.0,4.0,0.0,2,1,1,1,0,0,1,1
315748,4173,0.0,4.0,0.0,13,6,1,1,12,0,1,0
315956,3701,0.0,3.0,0.0,2,1,1,1,1,0,1,0
316396,492,0.0,3.0,0.0,1,1,1,1,0,0,1,0
31650,4173,1.0,0.0,2.0,12,9,4,4,11,0,1,0
316603,4600,0.0,4.0,1.0,6,1,1,3,5,0,1,0
316664,1816,0.0,0.0,0.0,5,3,3,1,4,0,1,0
3169,946,0.0,5.0,1.0,47,23,4,3,45,0,2,0
317407,2344,0.0,3.0,1.0,5,1,1,1,4,0,1,0
317441,3365,0.0,4.0,1.0,2,1,1,1,1,0,1,0
318152,3406,0.0,0.0,0.0,2,2,1,1,0,0,2,0
318652,1079,0.0,3.0,0.0,4,1,1,2,3,0,1,0
318757,4976,0.0,0.0,0.0,14,9,4,1,12,1,1,0
31890,742,0.0,2.0,0.0,1,1,1,1,0,0,1,0
318932,3765,0.0,0.0,0.0,2,1,1,1,0,0,1,1
318947,4150,0.0,3.0,1.0,5,1,1,1,4,0,1,0
319260,2217,0.0,0.0,0.0,12,3,1,2,10,0,2,0
319393,1764,0.0,6.0,1.0,1,1,1,1,0,0,1,0
31968,227,0.0,0.0,0.0,11,5,3,2,9,0,2,0
319875,4662,0.0,3.0,0.0,18,10,2,3,17,0,1,0
320037,1203,0.0,5.0,0.0,7,3,2,2,5,0,2,0
320059,4044,0.0,4.0,1.0,34,16,5,4,29,0,3,2
320104,1784,0.0,4.0,0.0,25,16,7,6,23,0,2,0
320156,98,0.0,7.0,0.0,5,4,3,2,4,0,1,0
32016,3102,0.0,4.0,0.0,15,6,4,1,14,0,1,0
320235,2928,0.0,4.0,1.0,3,1,1,1,1,0,2,0
320301,4976,0.0,2.0,0.0,68,39,8,4,66,0,2,0
320533,817,0.0,3.0,1.0,2,1,1,2,1,0,1,0
320602,4173,0.0,3.0,2.0,4,1,1,1,3,0,1,0
320856,2397,0.0,3.0,0.0,1,1,1,1,0,0,1,0
320922,1356,0.0,4.0,1.0,9,3,2,2,7,0,1,1
320949,10,0.0,6.0,0.0,6,2,1,4,3,0,1,2
321796,2318,1.0,4.0,1.0,5,3,1,1,3,0,2,0
322156,4277,0.0,3.0,1.0,2,1,1,1,1,0,1,0
322208,3472,0.0,4.0,0.0,3,1,1,2,1,0,1,1
322238,3173,0.0,6.0,0.0,1,1,1,1,0,0,1,0
322365,1861,0.0,6.0,1.0,2,1,1,1,1,0,1,0
322431,94,0.0,6.0,0.0,5,1,1,2,4,0,1,0
322445,3826,0.0,3.0,0.0,11,1,1,5,9,0,1,1
322605,1840,0.0,4.0,1.0,4,2,2,1,3,0,1,0
322662,2791,0.0,3.0,0.0,26,14,6,3,24,0,1,1
322718,2288,1.0,6.0,0.0,6,2,1,1,5,0,1,0
322885,2326,0.0,3.0,0.0,2,1,1,1,1,0,1,0
32324,3685,0.0,0.0,0.0,4,1,1,2,3,0,1,0
323268,3350,0.0,4.0,0.0,11,6,2,1,10,0,1,0
323308,1816,0.0,0.0,0.0,8,2,2,3,6,0,1,1
32348,4394,0.0,6.0,0.0,20,9,2,2,17,0,1,2
324296,3230,0.0,4.0,0.0,9,2,1,2,8,0,1,0
3262,4554,0.0,3.0,1.0,2,1,1,1,1,0,1,0
326216,4585,0.0,0.0,0.0,27,4,1,6,26,0,1,0
326270,3545,0.0,4.0,1.0,3,2,1,1,2,0,1,0
326436,1692,1.0,4.0,0.0,5,3,1,1,3,0,1,1
327785,2545,0.0,3.0,1.0,21,15,4,1,19,0,2,0
328058,598,0.0,2.0,1.0,4,1,1,1,3,0,1,0
328108,586,0.0,4.0,0.0,8,4,1,1,6,0,2,0
32875,1664,0.0,3.0,0.0,2,1,1,1,1,0,1,0
328859,2786,0.0,2.0,0.0,11,4,2,1,10,0,1,0
329797,4173,0.0,4.0,0.0,14,6,4,8,11,0,1,2
330128,1115,1.0,7.0,1.0,2,1,1,1,1,0,1,0
330302,2403,0.0,6.0,1.0,17,11,1,3,16,0,1,0
33045,3828,0.0,5.0,0.0,61,25,12,2,57,0,2,2
331534,2482,0.0,2.0,0.0,23,8,7,4,21,0,1,1
332142,1346,0.0,4.0,0.0,15,5,1,3,13,0,2,0
33226,4141,0.0,4.0,0.0,3,1,1,1,2,0,1,0
332938,4966,0.0,3.0,0.0,4,1,1,1,3,0,1,0
333032,3839,0.0,0.0,0.0,10,1,1,2,9,0,1,0
333087,786,0.0,2.0,0.0,3,2,2,2,0,0,1,2
33355,4658,0.0,6.0,1.0,3,1,1,1,1,0,2,0
333583,773,0.0,4.0,0.0,53,29,10,1,49,0,4,0
333825,794,0.0,3.0,0.0,16,7,2,1,15,0,1,0
334019,3545,0.0,3.0,0.0,4,1,1,1,3,0,1,0
334322,2569,0.0,5.0,0.0,3,1,1,1,2,0,1,0
334375,1131,0.0,4.0,0.0,23,12,4,5,18,0,1,4
334376,4585,1.0,5.0,0.0,1,1,1,1,0,0,1,0
334556,3500,0.0,null,null,11,4,1,2,10,0,1,0
334650,4793,0.0,0.0,1.0,2,1,1,1,1,0,1,0
334825,2138,0.0,3.0,0.0,11,8,3,1,9,0,2,0
334889,547,0.0,3.0,1.0,18,12,2,1,16,0,1,1
335177,3472,0.0,2.0,1.0,2,1,1,1,1,0,1,0
335614,1346,0.0,3.0,0.0,21,5,1,3,17,0,1,3
335791,2127,0.0,4.0,1.0,5,1,1,1,4,0,1,0
336255,4173,0.0,6.0,0.0,6,2,2,3,4,0,1,1
336359,3284,0.0,2.0,1.0,4,2,2,1,2,0,2,0
336433,3154,0.0,3.0,1.0,9,2,2,3,8,0,1,0
336514,4468,0.0,6.0,1.0,4,1,1,1,3,0,1,0
336646,2422,0.0,4.0,1.0,6,3,3,1,4,0,2,0
337117,3971,0.0,0.0,1.0,8,2,2,2,5,0,1,2
339278,2988,0.0,3.0,0.0,2,1,1,1,0,0,1,1
339356,4186,0.0,2.0,0.0,27,7,1,5,21,0,1,5
339814,1749,0.0,3.0,1.0,6,2,1,2,4,0,1,1
339825,361,0.0,0.0,0.0,12,5,1,2,8,0,2,2
33985,685,0.0,0.0,0.0,9,6,3,1,8,0,1,0
339868,2093,0.0,2.0,0.0,6,2,2,1,5,0,1,0
340277,4361,0.0,3.0,0.0,2,1,1,1,1,0,1,0
341143,2020,0.0,0.0,1.0,12,2,1,1,11,0,1,0
341152,3472,0.0,3.0,1.0,6,2,1,3,5,0,1,0
341590,3971,0.0,3.0,0.0,1,1,1,1,0,0,1,0
342046,1168,0.0,3.0,2.0,3,1,1,1,2,0,1,0
342576,2031,0.0,3.0,0.0,6,1,1,2,5,0,1,0
342656,1619,0.0,6.0,0.0,13,4,1,1,12,0,1,0
343039,4468,0.0,6.0,1.0,4,1,1,1,3,0,1,0
344291,1501,0.0,6.0,0.0,10,5,3,5,8,0,1,1
344474,4525,0.0,3.0,0.0,25,18,3,4,18,0,6,1
344580,4394,0.0,6.0,0.0,8,3,2,3,6,0,2,0
344615,4044,0.0,2.0,0.0,7,4,1,1,6,0,1,0
34477,3955,0.0,0.0,0.0,5,2,1,1,4,0,1,0
34505,3562,0.0,6.0,0.0,11,6,3,2,8,0,3,0
345076,13,0.0,3.0,1.0,4,1,1,2,2,0,1,1
345095,1963,0.0,0.0,1.0,22,14,1,3,21,0,1,0
345191,2170,0.0,2.0,1.0,5,2,1,2,4,0,1,0
34543,3236,0.0,3.0,0.0,3,1,1,1,2,0,1,0
346034,4044,0.0,3.0,0.0,62,30,4,3,60,0,2,0
346139,3152,0.0,5.0,1.0,21,10,1,2,18,0,1,2
346286,1342,0.0,0.0,0.0,9,2,2,2,7,0,1,1
346521,4339,0.0,0.0,0.0,5,1,1,1,4,0,1,0
346526,3828,0.0,0.0,0.0,13,4,2,1,12,0,1,0
346666,2099,0.0,2.0,0.0,10,2,2,2,9,0,1,0
346757,2582,0.0,3.0,1.0,5,2,1,2,4,0,1,0
346834,1056,0.0,0.0,0.0,8,3,2,2,6,0,1,1
347224,4659,0.0,3.0,1.0,16,6,4,2,13,0,3,0
347359,1355,0.0,0.0,0.0,14,2,2,6,13,0,1,0
347540,1411,0.0,3.0,0.0,24,4,2,1,13,0,10,1
347551,4044,0.0,3.0,0.0,53,29,8,4,50,0,3,0
347647,4044,0.0,2.0,0.0,14,8,4,1,11,0,1,2
347904,2772,0.0,4.0,0.0,31,12,5,1,24,0,7,0
348649,2131,0.0,6.0,0.0,10,1,1,1,9,0,1,0
34891,3826,0.0,2.0,1.0,5,2,1,2,3,1,1,0
350129,3828,1.0,0.0,0.0,5,4,3,1,3,0,2,0
350149,4198,0.0,0.0,1.0,3,1,1,1,2,0,1,0
350251,2318,0.0,3.0,1.0,7,5,1,2,6,0,1,0
350621,3898,0.0,5.0,0.0,4,1,1,2,2,0,1,1
351051,1203,0.0,3.0,1.0,10,6,4,1,7,0,3,0
351977,2565,0.0,0.0,0.0,2,1,1,1,1,0,1,0
352148,756,0.0,2.0,0.0,19,4,2,3,17,1,1,0
352150,2847,0.0,5.0,1.0,10,1,1,2,9,0,1,0
352812,4049,1.0,0.0,0.0,1,1,1,1,0,0,1,0
353286,4043,0.0,5.0,0.0,20,12,6,2,13,0,7,0
353482,729,0.0,2.0,0.0,1,1,1,1,0,0,1,0
354483,4388,0.0,3.0,1.0,4,2,1,1,3,0,1,0
355711,2664,0.0,0.0,1.0,18,9,1,1,17,0,1,0
35636,66,0.0,3.0,1.0,13,6,1,1,12,0,1,0
35660,1713,0.0,2.0,0.0,4,1,1,1,3,0,1,0
356700,1122,0.0,4.0,1.0,6,2,1,2,3,0,1,2
356904,586,0.0,4.0,0.0,19,12,5,1,18,0,1,0
356997,4942,0.0,0.0,1.0,3,1,1,1,2,0,1,0
357302,1500,0.0,4.0,0.0,9,3,2,1,8,0,1,0
357316,4760,0.0,0.0,1.0,3,1,1,2,2,0,1,0
357946,4265,0.0,2.0,null,42,28,11,4,31,0,4,7
357966,2361,0.0,3.0,0.0,5,1,1,1,4,0,1,0
358693,1710,0.0,4.0,0.0,7,3,1,2,6,0,1,0
358790,2026,0.0,0.0,1.0,8,2,1,1,5,0,1,2
358941,4750,0.0,3.0,1.0,3,2,1,3,1,0,1,1
359083,2039,0.0,6.0,0.0,3,1,1,1,2,0,1,0
359189,4044,0.0,3.0,0.0,33,18,3,3,31,0,1,1
359216,4976,0.0,3.0,0.0,14,8,5,2,13,0,1,0
359224,685,0.0,5.0,1.0,1,1,1,1,0,0,1,0
359236,3574,0.0,0.0,0.0,7,2,1,1,6,0,1,0
359450,3433,0.0,3.0,0.0,1,1,1,1,0,0,1,0
359700,2403,0.0,4.0,0.0,4,4,3,2,2,0,2,0
359724,3042,0.0,4.0,0.0,26,11,5,9,24,0,2,0
360222,293,0.0,0.0,0.0,7,3,1,2,5,1,1,0
360277,1056,0.0,4.0,0.0,7,4,4,2,4,0,3,0
360818,1412,0.0,4.0,0.0,9,5,2,1,8,0,1,0
360834,361,0.0,4.0,0.0,3,2,2,2,2,0,1,0
360845,625,0.0,4.0,0.0,4,1,1,1,3,0,1,0
361558,4787,0.0,4.0,0.0,3,1,1,2,1,0,1,1
361779,1885,0.0,3.0,0.0,15,7,2,2,12,0,3,0
361998,257,0.0,2.0,0.0,2,1,1,2,1,0,1,0
362834,227,0.0,3.0,0.0,2,1,1,1,1,0,1,0
363135,1031,0.0,4.0,0.0,31,1,1,1,30,0,1,0
363723,3968,0.0,3.0,1.0,5,1,1,1,4,0,1,0
363848,4173,1.0,4.0,0.0,2,2,2,2,1,0,1,0
364061,66,0.0,6.0,0.0,7,3,1,1,6,0,1,0
364124,4420,0.0,5.0,0.0,2,1,1,1,1,0,1,0
364461,386,0.0,5.0,0.0,7,3,2,1,6,0,1,0
364554,2167,0.0,7.0,0.0,4,1,1,1,3,0,1,0
36459,4760,0.0,3.0,0.0,7,2,1,2,4,2,1,0
36474,3826,0.0,3.0,1.0,1,1,1,1,0,0,1,0
364784,1816,0.0,2.0,0.0,10,7,2,1,9,0,1,0
364905,3472,0.0,2.0,1.0,3,1,1,1,2,0,1,0
364983,3941,0.0,4.0,1.0,3,2,2,1,1,0,2,0
365839,58,0.0,3.0,1.0,3,1,1,1,2,0,1,0
367193,2714,1.0,5.0,0.0,9,2,1,2,6,0,3,0
367537,4594,0.0,4.0,0.0,3,1,1,1,2,0,1,0
367742,121,0.0,4.0,0.0,16,9,7,1,13,0,3,0
368073,1213,0.0,0.0,0.0,8,3,1,1,7,0,1,0
36853,946,0.0,4.0,0.0,8,4,2,1,7,0,1,0
368602,1825,0.0,6.0,0.0,1,1,1,1,0,0,1,0
36871,4976,0.0,3.0,0.0,4,3,1,1,3,0,1,0
368760,4150,0.0,0.0,1.0,1,1,1,1,0,0,1,0
368852,2545,0.0,0.0,1.0,7,2,1,1,6,0,1,0
369040,3160,0.0,0.0,0.0,4,2,2,2,3,0,1,0
369061,2619,0.0,3.0,0.0,4,2,1,2,3,0,1,0
369874,63,0.0,0.0,2.0,2,1,1,1,1,0,1,0
370036,3536,0.0,4.0,1.0,14,9,2,2,13,0,1,0
370242,4394,0.0,6.0,1.0,3,1,1,1,1,0,2,0
370322,2745,0.0,0.0,1.0,6,1,1,1,4,0,1,1
370603,4316,0.0,2.0,0.0,2,1,1,1,1,0,1,0
371035,3570,0.0,4.0,2.0,5,2,1,1,4,0,1,0
371589,760,0.0,3.0,1.0,5,1,1,1,4,0,1,0
371679,1357,0.0,3.0,0.0,2,1,1,1,1,0,1,0
372053,3828,0.0,3.0,0.0,66,20,9,7,51,0,4,11
372744,1661,0.0,0.0,0.0,3,1,1,1,1,0,2,0
372889,1504,0.0,3.0,2.0,1,1,1,1,0,0,1,0
373113,4170,0.0,6.0,1.0,7,1,1,2,5,0,1,1
373254,2545,0.0,4.0,1.0,21,10,6,2,20,0,1,0
373917,4305,0.0,0.0,0.0,11,6,4,1,9,0,2,0
374098,4499,0.0,2.0,0.0,6,1,1,2,5,0,1,0
374428,1948,0.0,0.0,1.0,1,1,1,1,0,0,1,0
374438,2403,0.0,2.0,0.0,22,12,2,1,20,0,2,0
37474,4558,0.0,2.0,0.0,1,1,1,1,0,0,1,0
37512,2608,0.0,3.0,1.0,2,1,1,1,1,0,1,0
375190,205,0.0,4.0,0.0,33,16,3,1,32,0,1,0
375760,4305,0.0,4.0,0.0,7,3,2,2,6,0,1,0
375959,3148,0.0,6.0,0.0,13,7,4,2,12,0,1,0
376541,826,0.0,3.0,1.0,2,1,1,2,1,0,1,0
376626,3016,0.0,2.0,1.0,2,2,2,1,1,0,1,0
376858,1131,0.0,4.0,1.0,11,3,3,1,10,0,1,0
376982,300,0.0,3.0,0.0,1,1,1,1,0,0,1,0
377142,1704,0.0,3.0,0.0,17,10,5,4,15,0,2,0
377247,3965,0.0,2.0,1.0,5,3,1,1,4,0,1,0
377279,1340,0.0,3.0,0.0,13,8,2,3,11,0,1,1
378144,1840,0.0,6.0,0.0,2,1,1,1,1,0,1,0
378254,1272,0.0,6.0,0.0,39,24,8,8,38,0,1,0
379069,4173,0.0,0.0,0.0,41,19,5,4,39,0,1,1
379547,861,0.0,6.0,0.0,4,2,1,2,3,0,1,0
379691,4209,0.0,0.0,1.0,7,1,1,4,5,1,1,0
379725,3929,0.0,6.0,0.0,6,3,1,1,4,0,2,0
379734,2811,0.0,2.0,0.0,5,2,2,2,3,0,1,1
380002,1451,0.0,3.0,0.0,8,2,1,2,7,0,1,0
380405,3619,0.0,4.0,1.0,1,1,1,1,0,0,1,0
380698,3828,0.0,3.0,0.0,21,13,7,4,14,1,2,4
381873,350,0.0,3.0,1.0,5,1,1,3,4,0,1,0
382023,3460,0.0,6.0,1.0,6,1,1,1,4,0,2,0
38224,4564,0.0,4.0,0.0,5,1,1,2,4,0,1,0
382684,416,0.0,5.0,0.0,11,4,1,2,10,0,1,0
382715,590,1.0,3.0,1.0,1,1,1,1,0,0,1,0
382834,812,0.0,4.0,1.0,3,1,1,2,2,0,1,0
382917,1168,0.0,6.0,0.0,3,1,1,1,2,0,1,0
383145,1724,0.0,3.0,1.0,3,2,1,1,2,0,1,0
383225,4079,0.0,2.0,0.0,3,1,1,1,2,0,1,0
383300,3543,0.0,4.0,0.0,11,6,1,3,10,0,1,0
383473,3990,0.0,4.0,0.0,20,6,2,2,19,0,1,0
3836,3160,0.0,4.0,1.0,18,5,3,4,17,0,1,0
384039,598,0.0,3.0,1.0,10,5,2,2,9,0,1,0
38416,4403,0.0,4.0,1.0,4,2,1,1,3,0,1,0
384440,985,0.0,0.0,0.0,3,1,1,1,2,0,1,0
384747,1538,0.0,6.0,0.0,1,1,1,1,0,0,1,0
384814,145,0.0,0.0,0.0,1,1,1,1,0,0,1,0
38495,1787,1.0,4.0,2.0,4,2,1,1,3,0,1,0
385116,1131,0.0,2.0,1.0,5,1,1,2,4,0,1,0
385774,1089,0.0,0.0,0.0,3,1,1,1,2,0,1,0
385915,2036,0.0,6.0,1.0,4,1,1,1,2,0,1,1
386110,3500,0.0,3.0,1.0,1,1,1,1,0,0,1,0
386539,1661,0.0,5.0,1.0,1,1,1,1,0,0,1,0
386551,3477,0.0,4.0,0.0,3,1,1,1,1,0,1,1
386708,1892,0.0,3.0,0.0,1,1,1,1,0,0,1,0
386821,1895,0.0,3.0,0.0,4,3,3,1,3,0,1,0
386854,2698,0.0,3.0,0.0,2,1,1,1,1,0,1,0
388182,4444,0.0,4.0,1.0,1,1,1,1,0,0,1,0
388800,4296,0.0,5.0,1.0,2,2,2,1,0,0,2,0
388863,2696,0.0,4.0,0.0,2,1,1,2,1,0,1,0
389359,1618,0.0,6.0,0.0,8,3,1,1,7,0,1,0
389445,2031,1.0,0.0,0.0,4,1,1,2,2,0,2,0
389519,1875,0.0,0.0,0.0,2,1,1,1,1,0,1,0
389688,3055,0.0,2.0,0.0,3,1,1,1,2,0,1,0
390218,1892,0.0,4.0,0.0,187,57,11,2,184,0,3,0
390394,4040,0.0,2.0,0.0,18,5,3,4,12,0,1,5
390580,3236,0.0,3.0,0.0,6,2,1,1,5,0,1,0
390800,4087,1.0,0.0,2.0,9,4,1,1,8,0,1,0
391213,3571,0.0,0.0,0.0,3,2,2,2,2,0,1,0
39186,684,0.0,6.0,0.0,10,3,2,2,8,0,2,0
391947,3319,0.0,0.0,0.0,2,1,1,1,1,0,1,0
392163,3771,0.0,0.0,0.0,2,1,1,1,1,0,1,0
392591,3042,0.0,4.0,2.0,29,6,5,1,22,0,7,0
392789,3828,0.0,5.0,1.0,25,10,4,2,19,0,3,3
392903,511,0.0,3.0,0.0,6,3,1,1,5,0,1,0
39308,3323,0.0,4.0,2.0,1,1,1,1,0,0,1,0
393111,2217,0.0,3.0,0.0,11,2,1,3,9,0,1,1
393258,2091,0.0,0.0,1.0,32,9,2,2,24,0,8,0
393600,2102,0.0,3.0,0.0,2,1,1,2,0,0,1,1
39404,2099,0.0,5.0,0.0,3,1,1,1,2,0,1,0
394716,4394,0.0,3.0,1.0,8,4,1,1,7,0,1,0
39569,3822,0.0,4.0,0.0,3,2,1,2,0,0,2,1
396191,818,0.0,4.0,1.0,12,7,1,3,9,0,2,1
39648,127,0.0,2.0,0.0,6,4,3,1,5,0,1,0
396502,4444,1.0,3.0,0.0,16,7,2,1,13,0,3,0
396808,3080,0.0,5.0,1.0,1,1,1,1,0,0,1,0
397139,2569,0.0,3.0,0.0,30,6,2,4,26,0,3,1
39728,2136,0.0,3.0,1.0,11,6,4,4,7,0,1,3
397413,1916,0.0,3.0,0.0,2,1,1,1,0,0,2,0
398230,2450,0.0,3.0,0.0,20,5,1,3,18,0,2,0
39826,3578,0.0,2.0,0.0,5,2,1,1,3,0,2,0
398335,3022,0.0,3.0,0.0,9,2,2,2,7,0,1,1
398484,606,0.0,3.0,0.0,40,25,8,1,36,0,3,1
398649,2149,0.0,3.0,0.0,5,3,1,2,1,0,1,3
398699,3085,0.0,3.0,0.0,11,2,1,2,9,0,1,1
39916,2393,0.0,4.0,0.0,4,2,2,1,3,0,1,0
399332,3085,0.0,0.0,0.0,2,2,2,1,0,0,2,0
399471,3640,0.0,4.0,1.0,11,2,1,3,10,0,1,0
400077,4871,0.0,2.0,0.0,22,5,4,3,20,0,1,1
400146,4228,0.0,4.0,1.0,48,23,3,2,44,0,4,0
400178,2217,0.0,4.0,2.0,5,1,1,3,4,0,1,0
400631,227,0.0,5.0,0.0,7,2,1,1,6,0,1,0
400742,590,0.0,5.0,1.0,4,3,3,1,3,0,1,0
401,2397,0.0,0.0,0.0,1,1,1,1,0,0,1,0
401532,1074,0.0,5.0,0.0,5,2,2,2,4,0,1,0
402406,2435,0.0,0.0,1.0,3,1,1,1,1,0,2,0
403039,3954,0.0,2.0,0.0,4,1,1,1,3,0,1,0
403780,63,0.0,3.0,0.0,13,3,2,3,10,0,1,2
403846,2537,0.0,3.0,0.0,4,1,1,1,3,0,1,0
404050,4079,0.0,3.0,0.0,2,2,1,1,0,0,2,0
404187,2099,1.0,6.0,0.0,5,4,1,1,4,0,1,0
404895,4940,0.0,5.0,0.0,57,14,1,2,55,0,2,0
404944,2556,0.0,0.0,0.0,6,1,1,1,5,0,1,0
404974,4082,0.0,0.0,1.0,3,1,1,2,2,0,1,0
405443,3022,0.0,0.0,0.0,3,1,1,1,2,0,1,0
405812,4044,0.0,6.0,0.0,21,6,3,2,20,0,1,0
406018,1963,0.0,5.0,1.0,22,8,1,1,21,0,1,0
406175,2099,0.0,3.0,0.0,10,3,2,1,8,0,2,0
406313,2217,0.0,4.0,0.0,7,2,1,2,6,0,1,0
406554,3160,0.0,0.0,1.0,2,1,1,1,1,0,1,0
407650,1131,0.0,2.0,0.0,36,14,5,1,34,0,2,0
407710,1166,0.0,6.0,0.0,3,1,1,2,1,0,1,1
407746,4585,0.0,5.0,1.0,2,1,1,1,1,0,1,0
407889,254,0.0,0.0,0.0,2,1,1,1,1,0,1,0
408128,777,0.0,4.0,0.0,4,2,2,1,2,0,2,0
408271,4940,0.0,5.0,0.0,40,15,1,3,37,0,1,2
408369,3085,0.0,5.0,1.0,2,1,1,1,1,0,1,0
40925,2403,0.0,3.0,0.0,1,1,1,1,0,0,1,0
409373,1102,0.0,3.0,0.0,19,12,3,4,17,0,1,1
409976,1923,0.0,3.0,1.0,2,1,1,1,1,0,1,0
410086,423,0.0,3.0,1.0,3,1,1,1,2,0,1,0
410209,4079,0.0,3.0,0.0,6,1,1,1,5,0,1,0
410215,2752,0.0,4.0,1.0,4,1,1,2,3,0,1,0
410332,1875,0.0,5.0,0.0,32,16,6,7,28,0,1,3
410630,2124,0.0,0.0,0.0,4,3,1,3,0,0,1,3
410959,1760,0.0,4.0,2.0,4,2,1,2,3,0,1,0
411087,1574,0.0,2.0,0.0,1,1,1,1,0,0,1,0
411836,4584,0.0,0.0,1.0,4,2,1,2,3,0,1,0
411963,608,0.0,0.0,0.0,30,17,6,2,26,0,4,0
412045,687,0.0,3.0,1.0,6,1,1,1,5,0,1,0
41217,1056,0.0,4.0,1.0,1,1,1,1,0,0,1,0
412293,1102,0.0,3.0,1.0,2,1,1,1,1,0,1,0
412328,4491,0.0,0.0,0.0,3,1,1,2,1,0,1,1
412361,1861,0.0,3.0,0.0,14,6,1,2,12,0,2,0
413143,2567,0.0,0.0,1.0,7,4,1,1,6,0,1,0
413736,4009,0.0,0.0,1.0,25,10,1,7,24,0,1,0
414012,2099,0.0,2.0,0.0,12,2,1,3,11,0,1,0
414146,3080,0.0,6.0,1.0,6,1,1,2,5,0,1,0
415285,4043,0.0,2.0,0.0,7,3,3,3,5,0,1,1
415291,3057,0.0,2.0,0.0,11,1,1,1,9,0,2,0
415814,3941,0.0,4.0,1.0,4,1,1,3,2,0,1,1
416552,359,0.0,4.0,1.0,29,16,2,1,28,0,1,0
41659,3159,0.0,3.0,0.0,29,11,5,1,28,0,1,0
416810,4775,0.0,0.0,0.0,24,8,3,3,22,0,2,0
417446,4976,0.0,4.0,2.0,20,14,5,3,17,0,2,1
418081,1466,0.0,0.0,0.0,1,1,1,1,0,0,1,0
418107,4079,0.0,6.0,0.0,4,1,1,1,2,0,2,0
418614,2031,0.0,2.0,1.0,5,1,1,3,3,0,1,1
418654,4186,0.0,6.0,0.0,8,5,1,1,7,0,1,0
419123,1102,0.0,3.0,0.0,6,2,2,1,5,0,1,0
419509,1742,0.0,5.0,0.0,1,1,1,1,0,0,1,0
419784,1102,0.0,4.0,0.0,6,1,1,1,5,0,1,0
420109,2988,0.0,4.0,0.0,1,1,1,1,0,0,1,0
420231,2138,0.0,3.0,0.0,1,1,1,1,0,0,1,0
420576,2291,0.0,3.0,0.0,2,1,1,1,1,0,1,0
420850,4090,0.0,4.0,1.0,5,2,1,2,4,0,1,0
420935,3328,0.0,4.0,2.0,9,4,2,2,8,0,1,0
42109,4475,0.0,3.0,0.0,5,2,1,1,4,0,1,0
421911,1810,0.0,4.0,2.0,22,13,5,4,21,0,1,0
422109,3207,0.0,2.0,0.0,7,1,1,1,6,0,1,0
422173,1272,1.0,3.0,1.0,1,1,1,1,0,0,1,0
423102,2928,1.0,6.0,0.0,11,5,3,2,6,0,1,4
423241,3835,0.0,4.0,2.0,4,3,2,1,2,0,2,0
423255,2454,0.0,6.0,0.0,10,1,1,1,4,0,6,0
423482,2448,0.0,5.0,1.0,2,1,1,1,1,0,1,0
423489,1166,0.0,3.0,1.0,2,1,1,1,1,0,1,0
423661,3635,0.0,0.0,1.0,4,3,1,1,3,0,1,0
423715,2790,0.0,6.0,0.0,9,4,1,1,7,0,2,0
423949,2876,0.0,5.0,0.0,3,1,1,2,1,0,1,1
42564,2158,0.0,3.0,0.0,2,1,1,1,1,0,1,0
42681,1501,0.0,0.0,0.0,33,16,8,5,27,0,1,5
43197,1861,0.0,4.0,0.0,1,1,1,1,0,0,1,0
43343,588,1.0,4.0,0.0,9,1,1,2,7,0,1,1
44191,98,0.0,2.0,0.0,1,1,1,1,0,0,1,0
44589,378,1.0,5.0,0.0,5,1,1,1,3,0,1,1
44622,4585,0.0,3.0,1.0,30,10,3,3,29,0,1,0
4474,3630,0.0,6.0,0.0,11,5,2,3,9,0,1,1
44803,3085,0.0,3.0,1.0,9,7,4,1,6,0,2,1
45352,1833,0.0,7.0,1.0,12,5,4,5,11,0,1,0
45804,3350,0.0,5.0,1.0,7,3,1,1,6,0,1,0
4623,682,0.0,0.0,0.0,20,9,4,1,17,0,1,2
46523,4513,0.0,3.0,1.0,18,7,6,1,16,0,2,0
46822,4848,0.0,3.0,0.0,5,4,1,1,4,0,1,0
47297,2565,0.0,6.0,0.0,3,1,1,1,2,0,1,0
47562,102,0.0,3.0,0.0,29,4,2,5,27,0,1,1
47782,1263,0.0,4.0,1.0,42,9,1,3,34,0,5,3
47890,4708,1.0,4.0,0.0,13,6,4,3,11,0,2,0
48196,4457,0.0,5.0,0.0,4,1,1,2,3,0,1,0
4831,760,0.0,0.0,0.0,17,5,1,2,14,2,1,0
48363,606,1.0,5.0,0.0,18,14,7,1,17,0,1,0
48841,1555,0.0,6.0,0.0,5,1,1,1,4,0,1,0
49031,2525,0.0,2.0,1.0,7,3,1,1,6,0,1,0
49604,2138,0.0,3.0,0.0,48,19,8,1,44,0,4,0
49851,2318,0.0,5.0,1.0,1,1,1,1,0,0,1,0
49956,1840,0.0,0.0,1.0,5,1,1,1,4,0,1,0
51157,643,0.0,4.0,0.0,30,19,3,4,29,0,1,0
51336,3968,0.0,3.0,0.0,36,16,7,1,33,0,3,0
51504,4601,0.0,0.0,0.0,2,1,1,1,1,0,1,0
51787,4394,0.0,0.0,0.0,12,4,1,2,11,0,1,0
52215,2359,0.0,3.0,0.0,8,3,1,1,7,0,1,0
52627,1102,0.0,0.0,0.0,11,2,1,2,10,0,1,0
5296,2546,0.0,6.0,1.0,3,1,1,1,2,0,1,0
5324,4818,0.0,3.0,0.0,2,1,1,1,0,0,1,1
53309,4760,0.0,3.0,0.0,5,2,1,1,4,0,1,0
5338,2582,0.0,5.0,0.0,11,5,1,1,10,0,1,0
53485,63,0.0,3.0,0.0,130,76,12,4,124,3,3,0
53774,4273,0.0,0.0,0.0,2,2,2,1,0,0,2,0
54301,2821,0.0,0.0,0.0,12,1,1,1,11,0,1,0
54726,503,0.0,6.0,1.0,6,2,1,1,4,0,1,1
54788,1393,0.0,3.0,0.0,42,24,15,5,38,0,3,1
55195,4585,0.0,6.0,1.0,14,6,2,1,12,0,2,0
55403,2928,0.0,0.0,0.0,6,1,1,1,4,0,1,1
5564,2427,0.0,4.0,1.0,13,2,1,2,12,0,1,0
55884,3828,0.0,5.0,1.0,7,6,2,1,6,0,1,0
55991,2545,0.0,3.0,0.0,2,1,1,2,0,0,1,1
56009,1131,0.0,3.0,0.0,3,3,1,1,2,0,1,0
56156,3635,1.0,0.0,1.0,28,15,3,1,26,0,1,1
5631,2712,0.0,4.0,1.0,8,2,1,1,7,0,1,0
5660,1031,1.0,0.0,0.0,9,3,1,3,8,0,1,0
57077,361,1.0,2.0,0.0,7,2,1,4,4,0,1,2
57089,2565,0.0,0.0,0.0,11,5,1,1,10,0,1,0
57904,3108,0.0,4.0,0.0,3,1,1,1,1,0,2,0
58076,2991,0.0,5.0,1.0,5,1,1,1,4,0,1,0
58672,1500,0.0,2.0,1.0,8,2,1,1,7,0,1,0
58679,3545,0.0,0.0,0.0,2,1,1,1,1,0,1,0
58841,3080,0.0,6.0,1.0,8,4,2,4,2,0,1,5
58844,3200,0.0,3.0,0.0,9,4,3,1,8,0,1,0
59018,673,0.0,3.0,1.0,1,1,1,1,0,0,1,0
59317,2448,0.0,3.0,1.0,7,3,1,1,6,0,1,0
60070,3635,0.0,3.0,0.0,2,1,1,1,1,0,1,0
60787,1963,0.0,0.0,0.0,37,9,2,3,36,0,1,0
60934,1736,0.0,0.0,0.0,11,5,1,2,10,0,1,0
61571,2229,1.0,3.0,0.0,6,2,2,1,4,0,2,0
61890,989,0.0,4.0,0.0,2,1,1,1,1,0,1,0
61913,2482,0.0,3.0,0.0,6,1,1,1,4,0,2,0
62664,10,0.0,3.0,0.0,25,14,6,2,22,0,2,1
62903,3304,0.0,4.0,0.0,2,1,1,1,1,0,1,0
63128,503,0.0,3.0,1.0,11,4,1,2,9,0,1,1
63258,2598,0.0,3.0,0.0,2,1,1,1,1,0,1,0
63338,1760,0.0,4.0,0.0,4,1,1,1,3,0,1,0
64025,1167,1.0,8.0,0.0,4,1,1,1,3,0,1,0
64136,1602,0.0,3.0,0.0,1,1,1,1,0,0,1,0
64289,4829,0.0,4.0,0.0,2,1,1,1,1,0,1,0
64349,121,0.0,5.0,0.0,16,9,5,3,15,0,1,0
64866,3734,0.0,0.0,0.0,3,2,2,2,2,0,1,0
65208,3105,1.0,2.0,1.0,23,16,2,2,21,0,2,0
65282,2318,0.0,0.0,1.0,2,1,1,1,1,0,1,0
65774,219,0.0,0.0,0.0,20,8,1,2,19,0,1,0
66450,418,0.0,6.0,1.0,4,2,1,1,3,0,1,0
66890,1272,0.0,4.0,0.0,9,5,4,3,6,0,3,0
67171,1216,0.0,0.0,1.0,4,1,1,2,2,0,2,0
68008,337,0.0,5.0,0.0,3,1,1,1,2,0,1,0
68140,1407,0.0,4.0,0.0,5,1,1,1,4,0,1,0
6827,2900,0.0,2.0,0.0,4,2,2,1,3,0,1,0
68462,2031,0.0,3.0,1.0,5,3,3,2,4,0,1,0
6849,2007,0.0,3.0,0.0,7,1,1,2,5,0,2,0
6901,4173,0.0,0.0,0.0,52,34,7,13,51,0,1,0
69583,1056,0.0,3.0,0.0,6,3,3,3,5,0,1,0
69621,1710,1.0,3.0,0.0,6,4,2,2,4,0,2,0
69642,2900,0.0,0.0,0.0,4,2,2,1,3,0,1,0
69773,4871,0.0,4.0,0.0,3,3,2,1,0,0,3,0
70021,479,1.0,0.0,0.0,1,1,1,1,0,0,1,0
70219,3753,0.0,3.0,1.0,3,1,1,1,2,0,1,0
70497,121,0.0,0.0,0.0,10,4,3,3,7,0,2,1
70885,2118,0.0,3.0,0.0,2,1,1,1,1,0,1,0
70948,2140,0.0,3.0,0.0,56,31,1,2,52,0,2,2
71003,1487,0.0,3.0,0.0,5,1,1,1,4,0,1,0
71251,748,0.0,3.0,1.0,4,1,1,1,3,0,1,0
71290,2505,0.0,3.0,0.0,31,9,1,8,27,0,1,3
7142,191,0.0,4.0,2.0,6,3,2,1,5,0,1,0
7151,4261,0.0,3.0,0.0,1,1,1,1,0,0,1,0
7154,2099,0.0,5.0,1.0,1,1,1,1,0,0,1,0
71785,437,0.0,0.0,0.0,14,8,2,2,11,0,1,2
71850,1352,0.0,6.0,0.0,14,10,4,3,10,0,1,3
71867,1102,1.0,3.0,0.0,21,15,6,2,19,0,2,0
72848,4173,0.0,0.0,0.0,50,23,8,11,48,0,1,1
72926,1712,0.0,3.0,0.0,11,1,1,2,9,0,1,1
72983,4280,0.0,3.0,0.0,36,15,1,9,31,0,1,4
72996,3794,0.0,0.0,0.0,8,1,1,1,7,0,1,0
73087,3022,0.0,0.0,1.0,5,1,1,1,3,0,2,0
73897,606,0.0,4.0,0.0,5,3,3,1,4,0,1,0
74768,4240,0.0,0.0,1.0,5,3,1,2,4,0,1,0
74799,897,0.0,2.0,0.0,2,1,1,2,0,0,1,1
74884,3710,0.0,3.0,1.0,4,1,1,1,3,0,1,0
75231,4197,0.0,0.0,0.0,7,2,2,1,5,0,2,0
75409,4659,0.0,7.0,1.0,8,6,4,2,7,0,1,0
75683,121,0.0,6.0,0.0,6,5,2,1,5,0,1,0
75775,3288,0.0,4.0,0.0,4,1,1,2,3,0,1,0
76046,3098,0.0,5.0,0.0,4,3,3,1,3,0,1,0
76232,4262,0.0,3.0,0.0,5,1,1,1,4,0,1,0
7721,643,0.0,6.0,0.0,1,1,1,1,0,0,1,0
77554,429,0.0,3.0,1.0,2,1,1,1,1,0,1,0
77728,3057,0.0,0.0,0.0,1,1,1,1,0,0,1,0
77737,4976,0.0,5.0,0.0,24,7,2,5,18,0,2,4
77940,1470,0.0,0.0,1.0,3,1,1,1,2,0,1,0
78510,535,0.0,2.0,1.0,2,1,1,2,1,0,1,0
78770,4560,0.0,2.0,0.0,10,4,2,1,6,0,4,0
78785,1964,0.0,3.0,1.0,66,13,7,4,63,0,1,2
79910,1892,0.0,3.0,1.0,4,4,1,1,1,0,2,1
80078,4044,0.0,4.0,2.0,40,25,10,10,38,0,1,1
80246,2273,0.0,0.0,0.0,4,2,1,1,3,0,1,0
8079,1102,0.0,3.0,1.0,13,6,1,3,12,0,1,0
81063,1890,0.0,3.0,0.0,14,9,1,4,11,0,1,2
81346,412,0.0,3.0,0.0,8,2,2,2,7,0,1,0
81379,2436,0.0,3.0,0.0,2,1,1,1,1,0,1,0
81700,3956,0.0,0.0,0.0,7,5,3,1,6,0,1,0
8223,4976,0.0,0.0,0.0,23,8,4,2,21,0,2,0
82516,2860,0.0,0.0,0.0,6,2,2,1,4,0,2,0
82561,1760,0.0,2.0,0.0,22,8,2,3,19,0,3,0
82716,3363,0.0,7.0,1.0,6,1,1,2,5,0,1,0
82864,1923,0.0,0.0,1.0,3,2,1,1,2,0,1,0
82959,798,0.0,3.0,0.0,2,1,1,1,1,0,1,0
83546,1281,0.0,5.0,0.0,1,1,1,1,0,0,1,0
83958,3349,0.0,0.0,0.0,3,2,1,2,2,0,1,0
84003,1861,1.0,3.0,0.0,10,4,1,1,8,0,2,0
84235,2138,0.0,3.0,2.0,15,4,2,1,12,0,3,0
84366,4942,0.0,2.0,0.0,7,1,1,1,6,0,1,0
85428,3236,0.0,0.0,0.0,7,4,1,1,6,0,1,0
85492,1618,1.0,6.0,0.0,15,2,2,2,12,0,2,1
85526,1049,0.0,2.0,1.0,6,1,1,2,3,1,1,1
86132,3734,1.0,0.0,1.0,10,5,3,2,8,1,1,0
8638,3018,0.0,3.0,0.0,14,5,3,3,13,0,1,0
86828,1399,0.0,3.0,1.0,13,4,1,3,12,0,1,0
86990,3271,0.0,6.0,0.0,4,1,1,1,3,0,1,0
87482,1827,0.0,6.0,0.0,1,1,1,1,0,0,1,0
87744,4629,0.0,3.0,0.0,5,2,2,3,2,0,1,2
87804,2629,0.0,3.0,0.0,3,1,1,1,2,0,1,0
88411,4322,0.0,2.0,0.0,14,2,1,5,12,0,1,1
89333,4745,0.0,5.0,0.0,6,2,1,1,5,0,1,0
89837,2791,0.0,0.0,0.0,4,1,1,1,3,0,1,0
90124,4840,0.0,5.0,0.0,7,3,2,1,6,0,1,0
90129,1810,0.0,4.0,0.0,4,1,1,3,3,0,1,0
9045,1892,1.0,4.0,0.0,9,4,4,4,7,0,2,0
90844,4090,0.0,6.0,1.0,30,13,2,8,25,0,4,1
91207,3629,0.0,0.0,0.0,6,2,2,2,4,0,1,1
91260,1131,0.0,0.0,0.0,2,1,1,2,1,0,1,0
91286,606,0.0,4.0,0.0,17,8,3,2,16,0,1,0
91409,2700,0.0,5.0,0.0,4,3,3,2,2,0,2,0
91501,4282,0.0,2.0,1.0,24,21,9,1,23,0,1,0
91919,1895,0.0,4.0,0.0,6,1,1,1,5,0,1,0
92233,2828,0.0,5.0,0.0,20,10,2,2,13,0,2,5
92403,3230,0.0,6.0,0.0,25,7,3,4,18,0,1,6
92798,1485,0.0,0.0,0.0,2,2,2,1,0,0,2,0
93124,2883,0.0,5.0,1.0,15,3,1,1,14,0,1,0
93207,361,0.0,2.0,1.0,4,1,1,2,3,0,1,0
93447,4605,0.0,2.0,0.0,8,2,2,2,7,0,1,0
93752,3819,1.0,0.0,0.0,5,3,2,2,4,0,1,0
93833,219,0.0,4.0,1.0,4,1,1,1,2,0,2,0
9384,1102,0.0,3.0,0.0,8,4,1,2,7,0,1,0
9423,4022,0.0,5.0,1.0,2,1,1,1,1,0,1,0
94510,1346,1.0,3.0,0.0,6,2,1,1,5,0,1,0
94520,4690,0.0,0.0,1.0,9,2,1,2,7,0,2,0
946,1487,1.0,4.0,0.0,5,3,1,2,4,0,1,0
94880,1704,0.0,4.0,0.0,7,1,1,2,6,0,1,0
95201,66,0.0,2.0,1.0,9,1,1,3,7,0,1,1
95481,4468,0.0,2.0,1.0,4,1,1,1,3,0,1,0
95501,4568,0.0,6.0,0.0,13,5,2,1,12,0,1,0
95591,4472,0.0,5.0,0.0,5,1,1,1,4,0,1,0
96218,1710,1.0,3.0,2.0,7,2,1,2,5,0,2,0
96621,643,0.0,0.0,0.0,2,1,1,2,0,0,1,1
96808,718,0.0,6.0,0.0,5,1,1,3,4,0,1,0
96990,323,0.0,0.0,0.0,15,3,1,3,12,0,1,2
97046,4642,0.0,4.0,0.0,2,1,1,2,1,0,1,0
97215,4659,0.0,3.0,0.0,27,17,10,1,22,0,5,0
98971,1922,0.0,7.0,0.0,10,2,1,4,8,0,1,1
98975,4043,0.0,3.0,0.0,2,1,1,1,1,0,1,0
99154,2454,0.0,4.0,0.0,8,4,3,1,7,0,1,0
99569,2545,0.0,5.0,1.0,6,3,1,2,5,0,1,0
99631,3472,0.0,2.0,1.0,2,1,1,1,1,0,1,0
