100308,1692,0.0,0.0,0.0,6,1,1,1,5,0,1,0
100743,4504,0.0,0.0,0.0,2,1,1,1,1,0,1,0
101070,1514,0.0,5.0,0.0,4,1,1,1,2,0,2,0
101091,4618,0.0,3.0,0.0,1,1,1,1,0,0,1,0
101674,1808,0.0,4.0,0.0,1,1,1,1,0,0,1,0
101713,4607,0.0,0.0,0.0,30,6,2,10,28,0,1,1
101789,606,0.0,3.0,0.0,8,4,2,1,6,0,2,0
102019,2642,0.0,3.0,0.0,5,4,2,2,4,0,1,0
102288,4523,0.0,4.0,0.0,3,1,1,1,2,0,1,0
102399,3828,0.0,4.0,null,7,3,3,3,6,0,1,0
102449,1890,0.0,3.0,0.0,17,10,3,3,15,0,1,1
102469,1056,0.0,0.0,0.0,37,18,10,8,32,0,2,3
102640,3578,0.0,3.0,1.0,4,3,1,1,3,0,1,0
103734,2108,0.0,6.0,0.0,2,1,1,1,1,0,1,0
104066,2403,0.0,6.0,1.0,15,9,2,2,13,0,2,0
104122,4536,0.0,0.0,0.0,1,1,1,1,0,0,1,0
104274,1840,0.0,0.0,0.0,1,1,1,1,0,0,1,0
104694,308,0.0,4.0,1.0,13,3,1,1,11,1,1,0
104802,4469,0.0,6.0,0.0,8,1,1,4,6,0,1,1
104922,1861,0.0,3.0,0.0,1,1,1,1,0,0,1,0
105562,962,0.0,0.0,0.0,32,18,9,8,30,0,1,1
106033,4171,0.0,4.0,0.0,4,1,1,2,3,0,1,0
106104,2422,0.0,2.0,0.0,23,18,8,1,22,0,1,0
106729,1541,0.0,0.0,1.0,3,1,1,1,2,0,1,0
106883,826,0.0,4.0,0.0,4,1,1,2,3,0,1,0
107226,2511,0.0,3.0,0.0,8,6,1,2,7,0,1,0
107422,2217,0.0,4.0,0.0,13,8,1,4,12,0,1,0
107499,4044,1.0,3.0,0.0,10,9,5,1,8,0,1,1
107624,669,0.0,4.0,0.0,15,11,3,4,14,0,1,0
10834,2662,0.0,2.0,0.0,10,3,1,1,9,0,1,0
108436,3402,0.0,4.0,1.0,13,7,1,5,9,0,1,3
10855,4850,0.0,0.0,0.0,12,9,2,1,11,0,1,0
108661,2856,1.0,0.0,1.0,20,5,1,2,18,0,2,0
109136,4265,0.0,3.0,0.0,49,23,8,4,48,0,1,0
109394,4847,0.0,2.0,0.0,23,15,10,2,22,0,1,0
109917,308,0.0,3.0,1.0,9,3,1,4,7,0,1,1
110113,73,0.0,3.0,0.0,3,2,2,2,1,0,2,0
110139,2278,0.0,4.0,0.0,1,1,1,1,0,0,1,0
110181,3160,0.0,0.0,null,1,1,1,1,0,0,1,0
110221,4287,0.0,3.0,0.0,3,1,1,3,1,0,1,1
111311,3826,0.0,4.0,1.0,6,1,1,1,5,0,1,0
111436,3163,0.0,4.0,0.0,7,1,1,1,1,0,6,0
111996,4861,0.0,3.0,0.0,2,1,1,2,1,0,1,0
112006,2936,0.0,3.0,0.0,4,2,2,4,3,0,1,0
112546,4976,0.0,3.0,0.0,18,10,5,3,15,0,2,1
112953,372,0.0,4.0,0.0,10,3,1,5,7,0,1,2
113079,4693,0.0,6.0,0.0,296,165,5,23,294,0,1,1
114422,747,0.0,4.0,1.0,6,1,1,1,5,0,1,0
115273,3448,0.0,0.0,0.0,1,1,1,1,0,0,1,0
115560,1425,0.0,0.0,1.0,1,1,1,1,0,0,1,0
115896,3288,0.0,4.0,1.0,3,1,1,1,2,0,1,0
115924,4926,0.0,4.0,1.0,40,22,14,2,38,0,2,0
116924,729,0.0,0.0,0.0,4,1,1,1,3,0,1,0
117204,1353,0.0,3.0,1.0,7,2,2,3,6,0,1,0
11733,1816,0.0,4.0,1.0,5,4,3,1,4,0,1,0
117600,3878,0.0,0.0,0.0,5,1,1,2,4,0,1,0
117918,2173,0.0,3.0,0.0,6,3,2,2,4,0,1,1
117959,1861,0.0,0.0,0.0,2,1,1,1,1,0,1,0
118310,3891,0.0,0.0,0.0,4,3,1,1,3,0,1,0
118312,2577,0.0,4.0,0.0,17,3,1,2,15,0,1,1
119900,262,0.0,6.0,0.0,6,1,1,1,3,0,2,1
120344,2082,0.0,5.0,0.0,14,3,1,6,10,0,1,3
121201,3460,0.0,3.0,0.0,4,1,1,1,3,0,1,0
121308,4760,0.0,3.0,0.0,15,5,2,1,13,0,1,1
121436,1840,0.0,6.0,1.0,4,1,1,1,3,0,1,0
12145,4589,0.0,3.0,1.0,5,2,1,2,4,0,1,0
121544,1285,0.0,5.0,1.0,3,1,1,1,2,0,1,0
12158,4287,0.0,3.0,0.0,2,1,1,1,1,0,1,0
121656,4282,0.0,4.0,1.0,185,147,18,11,184,0,1,0
121921,4472,0.0,5.0,1.0,3,1,1,1,2,0,1,0
122185,1875,0.0,3.0,0.0,7,1,1,2,6,0,1,0
122643,1501,0.0,0.0,0.0,32,10,3,3,31,0,1,0
12270,2341,0.0,4.0,1.0,9,4,4,1,6,0,3,0
122977,320,0.0,3.0,0.0,1,1,1,1,0,0,1,0
12300,4234,0.0,6.0,0.0,4,2,1,3,3,0,1,0
123643,3925,0.0,0.0,0.0,40,26,7,6,39,0,1,0
123761,3347,0.0,4.0,2.0,4,1,1,1,3,0,1,0
12390,2954,0.0,3.0,0.0,6,2,2,2,4,0,2,0
125336,3460,0.0,3.0,0.0,2,1,1,1,1,0,1,0
125726,2217,0.0,2.0,0.0,13,1,1,2,11,0,1,1
125942,1122,0.0,0.0,0.0,1,1,1,1,0,0,1,0
126015,2954,0.0,0.0,0.0,19,9,8,3,13,0,6,0
126336,4325,0.0,5.0,1.0,35,9,4,6,30,0,2,3
126965,3419,0.0,6.0,0.0,7,3,1,2,6,0,1,0
127041,4687,0.0,3.0,1.0,5,2,1,1,4,0,1,0
127150,4950,0.0,4.0,1.0,2,1,1,1,1,0,1,0
127247,3207,0.0,0.0,1.0,6,3,1,1,4,0,2,0
127720,3984,0.0,6.0,0.0,22,15,7,1,16,0,1,5
127857,798,0.0,3.0,0.0,4,2,2,3,3,0,1,0
128352,1840,1.0,0.0,0.0,2,1,1,1,1,0,1,0
128447,4992,1.0,0.0,null,16,2,1,1,14,0,2,0
128474,606,0.0,3.0,0.0,44,34,12,5,41,0,2,1
128477,4141,0.0,0.0,1.0,9,1,1,1,8,0,1,0
128678,1134,0.0,6.0,0.0,1,1,1,1,0,0,1,0
129642,2273,0.0,6.0,0.0,4,1,1,2,3,0,1,0
12994,1673,0.0,2.0,0.0,8,1,1,2,6,0,1,1
130302,2303,0.0,0.0,0.0,22,5,1,2,19,0,3,0
130427,4234,0.0,0.0,1.0,5,3,3,1,3,0,2,0
130892,1051,0.0,6.0,0.0,6,2,1,1,5,0,1,0
131032,3022,0.0,2.0,1.0,1,1,1,1,0,0,1,0
131258,946,0.0,0.0,0.0,22,13,4,2,21,0,1,0
131544,2026,0.0,5.0,1.0,2,1,1,1,1,0,1,0
132176,3828,0.0,2.0,0.0,13,6,3,6,11,0,1,1
132204,3571,1.0,3.0,0.0,26,6,1,4,25,0,1,0
132520,1504,0.0,0.0,0.0,1,1,1,1,0,0,1,0
132976,4564,0.0,5.0,0.0,2,1,1,1,1,0,1,0
133097,3578,0.0,0.0,0.0,18,6,2,2,17,0,1,0
133275,1760,0.0,3.0,0.0,15,3,1,4,13,0,2,0
133494,4982,0.0,6.0,1.0,4,2,2,2,3,0,1,0
133600,1000,0.0,0.0,0.0,6,1,1,2,5,0,1,0
133793,2318,0.0,5.0,0.0,9,3,2,1,8,0,1,0
134122,2928,0.0,4.0,0.0,8,6,3,4,0,0,1,7
13441,1835,0.0,0.0,0.0,87,57,12,11,78,0,1,8
134744,4265,0.0,0.0,0.0,5,4,3,1,4,0,1,0
135038,2154,0.0,0.0,null,1,1,1,1,0,0,1,0
135226,3968,0.0,2.0,0.0,14,1,1,3,12,0,1,1
13558,1978,0.0,3.0,null,8,2,1,2,6,1,1,0
135667,2339,0.0,3.0,0.0,10,6,3,2,7,0,3,0
13608,3887,0.0,5.0,0.0,8,4,2,3,5,0,2,1
136397,2193,0.0,4.0,0.0,2,1,1,1,0,1,1,0
136464,3571,0.0,0.0,0.0,5,2,1,1,4,0,1,0
136572,3161,0.0,0.0,0.0,7,2,2,3,6,0,1,0
136622,1854,0.0,2.0,0.0,2,1,1,1,1,0,1,0
136848,4262,0.0,3.0,0.0,4,1,1,1,3,0,1,0
137099,1760,0.0,3.0,0.0,6,4,1,3,2,0,1,3
137101,3732,0.0,3.0,0.0,6,1,1,1,5,0,1,0
137123,1273,0.0,2.0,0.0,5,2,1,1,4,0,1,0
137317,2454,0.0,0.0,1.0,2,1,1,1,1,0,1,0
138354,2730,0.0,0.0,0.0,9,4,1,1,8,0,1,0
13856,412,0.0,3.0,0.0,14,7,4,2,13,0,1,0
138561,4149,0.0,6.0,0.0,4,1,1,1,3,0,1,0
138648,4368,0.0,0.0,0.0,3,1,1,1,2,0,1,0
139139,2273,0.0,5.0,0.0,22,5,1,5,17,0,1,4
139222,1742,0.0,4.0,0.0,1,1,1,1,0,0,1,0
140081,1911,1.0,4.0,0.0,6,2,1,1,4,0,2,0
140346,2664,0.0,5.0,0.0,1,1,1,1,0,0,1,0
140402,2482,0.0,2.0,0.0,14,7,6,1,13,0,1,0
141015,402,0.0,0.0,0.0,6,5,1,1,5,0,1,0
14105,309,0.0,2.0,0.0,3,1,1,1,2,0,1,0
141816,1123,0.0,0.0,1.0,10,3,1,2,8,0,1,1
141894,3147,0.0,4.0,1.0,2,1,1,1,1,0,1,0
142283,3306,0.0,3.0,0.0,6,3,2,1,5,0,1,0
142575,797,0.0,4.0,1.0,4,1,1,1,2,0,1,1
14300,361,0.0,4.0,0.0,1,1,1,1,0,0,1,0
143133,1557,0.0,3.0,0.0,23,2,2,10,22,0,1,0
143466,4847,0.0,6.0,0.0,10,2,2,6,7,0,1,2
143585,4724,0.0,0.0,0.0,10,3,1,4,8,0,1,1
143953,3826,0.0,2.0,0.0,3,2,1,1,2,0,1,0
144249,4265,0.0,0.0,0.0,30,23,8,4,27,0,1,2
144450,4173,0.0,2.0,0.0,71,38,12,13,66,0,1,4
145192,1393,0.0,3.0,0.0,8,3,3,1,5,0,3,0
14595,152,0.0,0.0,0.0,8,3,1,1,7,0,1,0
146090,1861,0.0,0.0,0.0,7,5,1,1,6,0,1,0
146949,4871,0.0,3.0,1.0,8,5,4,1,7,0,1,0
147031,786,0.0,6.0,0.0,5,2,1,2,4,0,1,0
14734,3016,0.0,2.0,1.0,18,17,8,3,17,0,1,0
147552,4705,0.0,2.0,0.0,3,1,1,1,2,0,1,0
147607,3173,0.0,4.0,0.0,8,5,1,1,0,0,7,1
147915,3554,0.0,4.0,0.0,3,1,1,2,2,0,1,0
147940,3933,0.0,2.0,0.0,5,1,1,1,4,0,1,0
148293,1679,0.0,0.0,0.0,19,13,2,1,17,0,2,0
148425,2721,0.0,4.0,1.0,7,5,1,1,6,0,1,0
148693,3091,0.0,0.0,0.0,4,1,1,1,3,0,1,0
14877,1272,0.0,6.0,0.0,8,5,4,2,7,0,1,0
149079,2448,0.0,3.0,1.0,5,1,1,2,4,0,1,0
149081,4263,0.0,6.0,0.0,2,2,1,1,0,0,2,0
149588,412,0.0,3.0,0.0,6,2,2,2,4,0,1,1
149593,2565,0.0,2.0,0.0,1,1,1,1,0,0,1,0
150290,3701,0.0,6.0,0.0,3,2,1,1,2,0,1,0
150384,4504,0.0,3.0,1.0,22,12,1,1,21,0,1,0
150881,1742,0.0,8.0,0.0,18,11,1,1,17,0,1,0
151504,4687,0.0,4.0,0.0,10,2,1,1,9,0,1,0
151550,3828,0.0,3.0,0.0,25,11,4,3,23,0,2,0
151772,1816,0.0,3.0,1.0,8,1,1,2,7,0,1,0
152112,1454,0.0,4.0,1.0,2,1,1,1,1,0,1,0
152147,4090,0.0,3.0,0.0,9,2,1,2,8,0,1,0
152180,467,0.0,3.0,0.0,14,6,3,1,13,0,1,0
15222,1816,1.0,7.0,0.0,16,11,5,1,13,0,2,1
152348,2545,0.0,2.0,1.0,16,5,3,1,15,0,1,0
153079,4742,0.0,3.0,0.0,13,3,1,2,11,0,1,1
15314,503,0.0,3.0,1.0,12,6,2,1,9,0,3,0
153180,4756,0.0,6.0,0.0,3,1,1,2,2,0,1,0
153522,1703,0.0,5.0,0.0,2,1,1,2,1,0,1,0
153566,786,1.0,2.0,0.0,2,2,1,2,1,0,1,0
154021,4173,0.0,0.0,0.0,17,11,4,4,15,1,1,0
154654,2318,0.0,4.0,0.0,19,5,1,4,15,0,1,3
154676,4976,0.0,0.0,1.0,14,6,2,2,13,0,1,0
15502,3316,0.0,3.0,1.0,2,1,1,1,1,0,1,0
155167,3941,0.0,5.0,0.0,18,9,4,3,17,0,1,0
155388,2459,0.0,2.0,0.0,1,1,1,1,0,0,1,0
155536,4173,0.0,4.0,0.0,100,66,8,14,99,0,1,0
15572,1890,0.0,0.0,0.0,15,7,2,1,14,0,1,0
155777,219,0.0,4.0,0.0,3,1,1,1,2,0,1,0
155888,2981,0.0,3.0,0.0,27,3,2,5,25,0,1,1
155950,4173,1.0,0.0,0.0,3,3,2,2,0,0,2,1
15597,682,0.0,2.0,0.0,8,4,4,2,7,0,1,0
156032,2325,0.0,4.0,1.0,2,1,1,1,1,0,1,0
156324,3828,0.0,4.0,0.0,24,13,8,2,20,3,1,0
156644,682,0.0,3.0,0.0,34,12,4,5,33,0,1,0
157415,424,0.0,2.0,1.0,4,1,1,1,2,0,1,1
158293,2981,0.0,3.0,0.0,1,1,1,1,0,0,1,0
158444,1653,0.0,2.0,0.0,5,1,1,1,4,0,1,0
15895,1103,0.0,2.0,0.0,3,1,1,1,2,0,1,0
159331,1964,1.0,4.0,0.0,10,5,4,2,9,0,1,0
160247,4525,0.0,0.0,0.0,25,18,3,1,24,0,1,0
160556,1861,0.0,3.0,0.0,3,2,1,2,2,0,1,0
161258,2238,1.0,3.0,2.0,4,1,1,1,3,0,1,0
161535,643,0.0,0.0,0.0,3,1,1,2,2,0,1,0
161656,1895,0.0,6.0,0.0,6,3,1,1,4,0,2,0
161715,4871,0.0,3.0,1.0,11,6,4,1,10,0,1,0
161977,2032,0.0,3.0,1.0,15,7,1,1,14,0,1,0
162063,2569,0.0,0.0,0.0,4,2,1,2,3,0,1,0
162369,4491,0.0,0.0,null,11,3,1,1,9,0,2,0
162813,141,0.0,2.0,0.0,11,8,7,6,3,0,3,5
163111,1816,0.0,2.0,1.0,11,5,2,1,9,0,1,1
163142,1102,0.0,3.0,0.0,33,8,2,2,32,0,1,0
164178,414,0.0,0.0,0.0,8,3,3,4,6,0,1,1
164324,1944,1.0,5.0,0.0,15,8,5,2,13,0,1,1
1646,2303,0.0,3.0,0.0,37,21,1,2,36,0,1,0
164712,2592,0.0,3.0,1.0,1,1,1,1,0,0,1,0
164788,3319,0.0,0.0,1.0,2,1,1,1,1,0,1,0
164939,1538,0.0,2.0,1.0,4,2,1,1,3,0,1,0
165064,4129,0.0,3.0,0.0,7,3,3,2,4,0,3,0
165593,861,0.0,3.0,1.0,4,1,1,1,3,0,1,0
16566,4079,0.0,0.0,0.0,2,1,1,1,1,0,1,0
166489,2002,0.0,4.0,0.0,5,1,1,1,3,0,2,0
166794,608,0.0,5.0,1.0,5,3,3,1,3,0,2,0
16730,4596,0.0,3.0,1.0,3,3,3,1,0,0,3,0
167582,643,0.0,3.0,0.0,36,20,7,2,33,2,1,0
16782,1356,0.0,4.0,2.0,9,1,1,1,7,0,2,0
169152,3984,0.0,2.0,0.0,8,1,1,3,7,0,1,0
170089,4280,0.0,0.0,0.0,7,2,1,2,5,0,2,0
170091,4368,0.0,3.0,0.0,4,3,2,1,3,0,1,0
170708,4043,0.0,4.0,0.0,3,1,1,1,2,0,1,0
170927,3905,0.0,6.0,0.0,4,2,1,1,3,0,1,0
171278,4287,0.0,4.0,1.0,15,8,2,2,11,0,2,2
171590,2138,1.0,0.0,0.0,8,2,1,2,7,0,1,0
171725,3073,0.0,4.0,1.0,5,1,1,2,4,0,1,0
171727,4049,0.0,3.0,0.0,2,1,1,1,1,0,1,0
171759,4173,0.0,0.0,0.0,13,9,3,4,12,0,1,0
171770,514,0.0,4.0,0.0,10,3,1,1,7,0,3,0
17182,2562,0.0,4.0,1.0,1,1,1,1,0,0,1,0
172019,112,0.0,4.0,1.0,4,2,1,1,3,0,1,0
172230,152,0.0,7.0,0.0,26,15,3,4,24,0,1,1
172302,66,0.0,3.0,0.0,7,3,1,1,6,0,1,0
172311,219,0.0,3.0,null,6,3,1,1,4,0,2,0
172494,4744,0.0,2.0,1.0,3,1,1,2,2,0,1,0
172519,23,0.0,3.0,0.0,3,1,1,1,2,0,1,0
172751,2648,0.0,0.0,1.0,4,1,1,1,2,1,1,0
173681,3152,1.0,0.0,2.0,2,1,1,2,1,0,1,0
174700,4783,0.0,6.0,0.0,14,2,1,5,11,0,1,2
17500,63,0.0,0.0,0.0,4,2,2,3,0,0,1,3
175576,639,0.0,0.0,1.0,4,1,1,1,3,0,1,0
175897,121,0.0,0.0,0.0,7,1,1,2,6,0,1,0
175970,4090,0.0,0.0,0.0,2,1,1,1,0,0,1,1
176150,3519,0.0,3.0,1.0,8,2,1,1,7,0,1,0
176177,2482,0.0,3.0,1.0,1,1,1,1,0,0,1,0
176218,1393,0.0,5.0,0.0,1,1,1,1,0,0,1,0
176375,1346,1.0,4.0,1.0,8,6,1,1,7,0,1,0
176639,1650,0.0,0.0,0.0,4,1,1,1,3,0,1,0
177193,1833,0.0,5.0,1.0,19,14,1,1,17,0,2,0
177277,2149,0.0,0.0,0.0,25,3,1,7,24,0,1,0
177860,219,0.0,3.0,0.0,3,1,1,1,2,0,1,0
177894,1246,0.0,4.0,1.0,4,1,1,1,3,0,1,0
178204,1093,0.0,0.0,0.0,3,1,1,1,2,0,1,0
178267,4079,0.0,0.0,0.0,3,1,1,1,2,0,1,0
178849,4008,0.0,5.0,0.0,7,1,1,2,5,0,1,1
178906,102,1.0,3.0,0.0,23,5,3,9,22,0,1,0
17934,2255,0.0,2.0,1.0,3,1,1,1,2,0,1,0
179523,10,0.0,3.0,1.0,12,6,2,1,10,0,2,0
179710,4079,0.0,6.0,0.0,15,5,2,1,7,0,8,0
179786,4173,0.0,3.0,2.0,32,12,3,2,31,0,1,0
179963,2273,0.0,0.0,1.0,5,1,1,1,4,0,1,0
180284,598,0.0,3.0,1.0,30,8,2,2,27,2,1,0
180802,2447,0.0,3.0,0.0,1,1,1,1,0,0,1,0
181536,2565,0.0,2.0,0.0,4,1,1,1,3,0,1,0
182194,4008,0.0,4.0,1.0,2,1,1,2,0,0,1,1
182417,976,0.0,3.0,1.0,9,1,1,2,7,0,1,1
182557,4043,0.0,2.0,0.0,4,1,1,1,3,0,1,0
182813,2869,0.0,3.0,0.0,8,4,2,1,6,0,2,0
183216,323,0.0,0.0,0.0,1,1,1,1,0,0,1,0
183222,4848,0.0,4.0,0.0,2,1,1,2,1,0,1,0
18329,770,0.0,3.0,0.0,5,1,1,1,4,0,1,0
183384,3191,0.0,3.0,0.0,2,1,1,1,1,0,1,0
183406,4388,0.0,3.0,1.0,1,1,1,1,0,0,1,0
183508,684,0.0,4.0,0.0,9,4,3,1,6,0,3,0
183701,4220,0.0,0.0,0.0,5,1,1,2,3,0,2,0
183890,3345,0.0,0.0,0.0,3,2,2,1,2,0,1,0
18392,534,0.0,3.0,1.0,26,10,1,3,24,0,1,1
184274,4732,0.0,4.0,0.0,4,1,1,1,3,0,1,0
184377,3041,0.0,0.0,0.0,6,2,1,3,5,0,1,0
184947,4650,0.0,2.0,0.0,1,1,1,1,0,0,1,0
185068,2138,0.0,3.0,0.0,15,5,3,2,12,0,2,1
185219,2313,1.0,5.0,0.0,3,1,1,2,2,0,1,0
185333,1923,0.0,3.0,0.0,23,4,2,2,21,0,2,0
185457,4756,1.0,3.0,0.0,6,2,1,1,5,0,1,0
186301,3476,0.0,5.0,0.0,9,4,4,3,7,0,1,1
186393,309,1.0,2.0,0.0,11,1,1,1,10,0,1,0
186995,2730,0.0,3.0,0.0,2,1,1,1,0,0,1,1
187058,3288,0.0,0.0,0.0,1,1,1,1,0,0,1,0
187059,3766,0.0,3.0,0.0,11,4,3,3,10,0,1,0
187113,2709,0.0,3.0,0.0,5,1,1,2,4,0,1,0
187941,4277,0.0,4.0,0.0,5,1,1,3,4,0,1,0
188199,685,0.0,3.0,0.0,2,1,1,1,0,0,2,0
188276,2138,1.0,3.0,0.0,13,5,2,4,11,0,2,0
188450,3376,0.0,7.0,0.0,2,1,1,1,1,0,1,0
188700,4585,0.0,6.0,0.0,10,3,2,1,8,0,2,0
189252,2318,0.0,0.0,0.0,2,1,1,1,1,0,1,0
189269,4771,0.0,0.0,0.0,5,2,2,1,4,0,1,0
189806,3968,0.0,3.0,0.0,3,2,2,1,1,0,2,0
189861,1102,0.0,3.0,0.0,5,3,2,1,4,0,1,0
190192,4322,0.0,6.0,0.0,2,2,2,1,1,0,1,0
190828,3819,0.0,3.0,1.0,16,4,1,3,14,1,1,0
19141,2856,0.0,0.0,0.0,4,1,1,1,3,0,1,0
19148,643,0.0,0.0,0.0,17,5,4,1,14,0,1,2
191663,898,0.0,0.0,0.0,4,2,2,1,3,0,1,0
192036,121,0.0,4.0,2.0,7,3,2,1,5,0,2,0
192239,3345,1.0,6.0,0.0,5,1,1,2,3,0,2,0
192502,1888,0.0,0.0,0.0,1,1,1,1,0,0,1,0
192685,2824,0.0,5.0,0.0,8,3,2,1,6,0,1,1
193389,1346,0.0,3.0,0.0,23,10,1,3,22,0,1,0
193740,3955,0.0,2.0,0.0,3,1,1,2,2,0,1,0
1942,4992,0.0,3.0,1.0,1,1,1,1,0,0,1,0
194881,2565,0.0,5.0,0.0,1,1,1,1,0,0,1,0
195025,1936,0.0,2.0,0.0,3,2,1,2,2,0,1,0
19503,1754,0.0,2.0,0.0,100,57,12,5,97,0,3,0
195385,4042,0.0,4.0,0.0,7,4,2,1,5,0,2,0
195937,2138,0.0,6.0,0.0,17,7,4,5,15,0,2,0
195971,3734,0.0,3.0,1.0,101,44,8,3,100,0,1,0
196099,3828,0.0,3.0,1.0,3,1,1,3,2,0,1,0
196594,2684,0.0,4.0,2.0,7,3,3,1,6,0,1,0
19681,2730,0.0,3.0,0.0,18,4,1,6,13,0,1,4
198503,1346,0.0,4.0,1.0,12,3,1,6,10,0,1,1
19883,3955,0.0,2.0,0.0,2,1,1,1,1,0,1,0
199072,2952,0.0,4.0,0.0,1,1,1,1,0,0,1,0
199479,2271,0.0,4.0,0.0,4,2,1,1,3,0,1,0
200597,747,0.0,2.0,0.0,6,1,1,3,5,0,1,0
200903,4163,0.0,6.0,0.0,3,1,1,1,2,0,1,0
200922,2640,0.0,4.0,1.0,6,2,2,1,5,0,1,0
201722,1760,0.0,5.0,0.0,8,1,1,3,4,0,4,0
202870,2936,0.0,0.0,1.0,6,1,1,1,4,1,1,0
202941,1501,0.0,3.0,0.0,22,14,2,3,21,0,1,0
203029,3828,0.0,4.0,0.0,31,20,5,5,13,0,2,16
203177,784,1.0,3.0,0.0,9,6,4,3,7,0,1,1
203211,67,0.0,2.0,0.0,6,2,2,1,4,0,2,0
204943,877,0.0,2.0,0.0,4,1,1,1,1,0,3,0
205257,3323,0.0,6.0,0.0,35,8,1,3,34,0,1,0
205400,1270,0.0,0.0,1.0,3,1,1,1,2,0,1,0
205592,3562,0.0,4.0,0.0,14,5,1,4,12,0,2,0
205771,3734,0.0,0.0,1.0,29,13,4,2,26,0,2,1
206115,2124,0.0,3.0,0.0,36,22,2,3,34,0,2,0
206123,361,0.0,6.0,0.0,24,6,2,1,22,0,1,1
206161,323,0.0,7.0,0.0,27,4,1,3,22,0,1,4
206271,1501,0.0,3.0,0.0,36,10,3,4,35,0,1,0
206355,1892,0.0,3.0,2.0,9,4,2,2,5,0,4,0
206504,4829,0.0,3.0,0.0,7,1,1,1,5,0,1,1
20756,1861,0.0,3.0,0.0,5,1,1,1,4,0,1,0
207581,935,0.0,4.0,1.0,8,3,1,2,7,0,1,0
208329,2569,0.0,0.0,0.0,5,3,2,1,1,0,4,0
209124,3734,0.0,4.0,1.0,27,18,6,3,26,0,1,0
209553,4186,0.0,3.0,1.0,14,4,1,4,13,0,1,0
209561,1752,0.0,0.0,null,9,2,1,2,5,0,4,0
209714,412,0.0,0.0,0.0,5,2,2,2,4,0,1,0
210031,2459,0.0,3.0,0.0,28,3,2,5,26,0,1,1
210070,161,0.0,5.0,0.0,7,1,1,2,6,0,1,0
210110,1890,0.0,3.0,0.0,6,5,1,2,4,0,1,1
210135,1305,0.0,2.0,0.0,10,2,2,2,8,0,2,0
210148,3163,0.0,3.0,1.0,1,1,1,1,0,0,1,0
210413,946,0.0,5.0,0.0,7,2,1,3,6,0,1,0
210674,2099,0.0,2.0,0.0,4,1,1,1,3,0,1,0
210727,3116,0.0,4.0,1.0,5,1,1,3,3,0,1,1
210966,1840,0.0,0.0,0.0,4,1,1,1,3,0,1,0
211775,4468,0.0,3.0,1.0,2,1,1,1,1,0,1,0
212841,4585,0.0,3.0,1.0,10,3,1,2,8,0,1,1
213039,1832,0.0,4.0,0.0,12,1,1,1,11,0,1,0
213265,748,0.0,7.0,0.0,3,2,1,1,2,0,1,0
213382,4976,0.0,4.0,0.0,10,3,2,2,6,0,2,2
213681,742,0.0,3.0,0.0,1,1,1,1,0,0,1,0
214141,1031,0.0,4.0,1.0,6,2,1,1,5,0,1,0
214842,1272,0.0,0.0,0.0,4,1,1,1,3,0,1,0
215385,1102,0.0,4.0,1.0,7,6,4,2,6,0,1,0
216223,4173,0.0,4.0,1.0,7,3,2,3,5,0,1,1
216238,1520,0.0,0.0,0.0,2,1,1,1,1,0,1,0
216334,3971,0.0,2.0,1.0,9,3,2,1,8,0,1,0
216942,3609,0.0,0.0,1.0,2,1,1,1,1,0,1,0
217012,1875,0.0,0.0,0.0,78,35,10,15,76,0,2,0
217017,1056,0.0,4.0,0.0,9,6,4,2,7,0,2,0
21717,4083,0.0,5.0,1.0,11,3,2,4,10,0,1,0
217204,3941,0.0,0.0,1.0,4,2,1,2,3,0,1,0
217625,361,0.0,0.0,0.0,4,2,2,1,2,0,1,1
217639,1892,0.0,4.0,1.0,18,10,4,1,16,0,2,0
217921,4744,0.0,0.0,0.0,6,2,1,3,5,0,1,0
218419,2031,0.0,0.0,0.0,3,2,2,2,0,0,2,1
219120,630,0.0,3.0,0.0,2,1,1,1,1,0,1,0
219349,3420,0.0,4.0,1.0,8,4,4,2,7,0,1,0
219436,3472,0.0,2.0,0.0,4,1,1,1,3,0,1,0
219525,1910,0.0,3.0,0.0,1,1,1,1,0,0,1,0
219768,234,0.0,2.0,0.0,9,4,1,1,8,0,1,0
219830,804,0.0,7.0,1.0,4,1,1,2,3,0,1,0
22036,4072,0.0,0.0,0.0,31,7,4,2,27,1,3,0
22038,3016,0.0,0.0,1.0,18,11,3,1,17,0,1,0
22047,1203,1.0,4.0,0.0,4,3,3,2,3,0,1,0
220507,3473,0.0,0.0,0.0,13,6,3,3,12,0,1,0
220623,4950,0.0,3.0,0.0,2,1,1,1,1,0,1,0
221726,311,0.0,0.0,0.0,5,1,1,1,4,0,1,0
221993,2247,0.0,6.0,0.0,5,2,1,1,4,0,1,0
222321,590,0.0,3.0,0.0,4,2,1,1,3,0,1,0
222406,148,0.0,0.0,0.0,7,4,2,1,6,0,1,0
223088,4966,0.0,3.0,1.0,4,1,1,1,3,0,1,0
223841,4589,0.0,3.0,0.0,2,1,1,1,1,0,1,0
224011,4316,0.0,3.0,1.0,1,1,1,1,0,0,1,0
224073,3635,0.0,4.0,0.0,5,2,1,1,4,0,1,0
224294,4655,0.0,2.0,0.0,44,18,4,2,39,0,1,4
224830,1133,0.0,0.0,0.0,35,9,3,5,34,0,1,0
225018,2565,0.0,3.0,0.0,1,1,1,1,0,0,1,0
225185,1203,0.0,4.0,0.0,2,1,1,1,1,0,1,0
225583,3693,0.0,0.0,0.0,2,1,1,1,1,0,1,0
225864,4534,0.0,0.0,0.0,11,8,5,1,5,0,6,0
225897,1968,0.0,3.0,1.0,2,1,1,1,1,0,1,0
226004,4484,0.0,4.0,0.0,11,4,1,1,10,0,1,0
226083,2047,0.0,6.0,1.0,5,2,2,3,3,0,1,1
227654,15,0.0,5.0,1.0,7,2,2,1,6,0,1,0
227670,2403,0.0,0.0,0.0,2,1,1,2,1,0,1,0
229384,2217,0.0,6.0,0.0,4,1,1,1,3,0,1,0
22943,4992,0.0,4.0,0.0,10,4,1,1,9,0,1,0
229844,3843,0.0,5.0,0.0,2,1,1,1,1,0,1,0
229850,1353,0.0,3.0,0.0,7,1,1,2,5,0,1,1
23024,684,0.0,5.0,0.0,3,1,1,1,2,0,1,0
23045,310,0.0,2.0,0.0,7,2,2,1,6,0,1,0
231755,3981,0.0,0.0,0.0,1,1,1,1,0,0,1,0
231800,557,0.0,4.0,0.0,13,9,4,2,12,0,1,0
232457,4268,0.0,3.0,0.0,13,5,1,3,11,0,1,1
232502,145,0.0,2.0,0.0,10,3,1,3,8,0,2,0
232580,1203,0.0,5.0,0.0,2,1,1,1,1,0,1,0
232653,3256,0.0,5.0,0.0,3,1,1,1,2,0,1,0
232694,2454,0.0,2.0,1.0,2,1,1,2,1,0,1,0
232697,474,0.0,3.0,1.0,7,3,1,1,6,0,1,0
233345,3476,0.0,4.0,1.0,33,17,8,3,31,0,2,0
233568,1359,0.0,2.0,0.0,5,1,1,1,3,0,1,1
233925,547,1.0,0.0,1.0,20,10,3,2,16,3,1,0
234068,4976,0.0,2.0,0.0,4,2,2,3,3,0,1,0
234202,3541,0.0,3.0,1.0,7,2,1,2,6,0,1,0
23446,2482,0.0,4.0,0.0,2,2,2,1,0,0,2,0
234727,474,0.0,0.0,0.0,1,1,1,1,0,0,1,0
234789,4711,0.0,3.0,0.0,2,1,1,1,1,0,1,0
234829,1378,0.0,0.0,null,6,2,1,3,5,0,1,0
235099,4492,0.0,3.0,0.0,5,2,1,1,4,0,1,0
235164,2592,0.0,3.0,1.0,2,1,1,1,1,0,1,0
235337,547,0.0,0.0,0.0,7,1,1,1,6,0,1,0
235540,4420,0.0,0.0,0.0,12,3,3,2,9,0,2,1
236690,2289,0.0,5.0,1.0,15,4,2,1,13,0,2,0
236773,2482,0.0,2.0,0.0,20,5,4,3,18,0,2,0
237524,1520,0.0,3.0,0.0,7,2,2,1,6,0,1,0
238253,3266,0.0,6.0,0.0,2,1,1,1,0,0,1,1
238592,3323,0.0,5.0,0.0,1,1,1,1,0,0,1,0
238694,4756,0.0,0.0,1.0,3,1,1,1,2,0,1,0
238731,3734,0.0,3.0,0.0,5,2,1,2,3,0,2,0
23936,2915,0.0,3.0,1.0,11,6,2,1,9,0,2,0
239599,3319,0.0,3.0,0.0,13,6,5,1,10,0,3,0
240223,66,0.0,4.0,1.0,2,1,1,1,0,0,1,1
240330,3288,0.0,3.0,0.0,1,1,1,1,0,0,1,0
241363,1049,0.0,4.0,0.0,4,1,1,1,3,0,1,0
241409,3910,0.0,5.0,0.0,4,1,1,2,3,0,1,0
241593,1861,1.0,2.0,0.0,5,3,2,3,4,0,1,0
242772,4985,0.0,0.0,1.0,9,2,2,2,6,0,1,2
242836,2221,0.0,4.0,1.0,10,1,1,3,8,0,1,1
242852,630,0.0,3.0,0.0,11,4,4,3,9,0,1,1
242948,3878,0.0,3.0,0.0,4,1,1,1,3,0,1,0
24296,2149,0.0,0.0,0.0,2,2,1,2,0,0,1,1
242976,2856,0.0,5.0,1.0,1,1,1,1,0,0,1,0
244005,3990,0.0,0.0,0.0,12,3,3,3,10,0,1,1
244133,4325,0.0,4.0,0.0,3,1,1,1,2,0,1,0
244524,1102,0.0,3.0,0.0,3,3,2,2,2,0,1,0
244652,2913,0.0,2.0,0.0,9,2,1,2,8,0,1,0
244737,4525,0.0,6.0,0.0,42,20,2,1,38,0,4,0
245022,2482,0.0,0.0,0.0,27,5,3,5,26,0,1,0
245365,3103,0.0,0.0,0.0,11,4,3,3,8,0,1,2
245729,3576,0.0,3.0,0.0,1,1,1,1,0,0,1,0
246065,310,0.0,5.0,1.0,11,5,1,2,10,0,1,0
246663,2569,0.0,0.0,null,29,10,1,2,26,0,3,0
246780,4425,0.0,0.0,0.0,4,1,1,1,3,0,1,0
246797,1393,0.0,3.0,0.0,78,51,14,6,73,0,1,4
24685,1262,0.0,4.0,1.0,2,1,1,2,1,0,1,0
246925,2721,0.0,0.0,1.0,13,2,1,2,11,0,2,0
247298,4976,0.0,2.0,0.0,8,5,3,6,1,0,2,5
247335,675,0.0,3.0,1.0,5,1,1,2,4,0,1,0
247688,3955,0.0,3.0,0.0,5,2,1,1,4,0,1,0
248127,3284,0.0,3.0,1.0,5,1,1,1,4,0,1,0
248130,4992,0.0,3.0,0.0,4,3,1,1,3,0,1,0
24869,4079,0.0,3.0,0.0,6,2,1,2,5,0,1,0
248739,1448,0.0,0.0,0.0,3,2,2,2,1,0,2,0
249183,4992,1.0,4.0,1.0,10,2,1,1,8,1,1,0
249240,373,0.0,4.0,1.0,55,28,9,4,48,0,7,0
249762,4049,0.0,4.0,0.0,7,2,2,3,4,0,1,2
250170,4760,0.0,2.0,1.0,11,6,3,3,10,0,1,0
250288,390,0.0,4.0,0.0,8,5,2,2,6,0,2,0
251228,946,0.0,4.0,1.0,21,14,3,3,20,0,1,0
251665,2138,0.0,2.0,0.0,5,2,2,3,4,0,1,0
251702,4170,1.0,5.0,0.0,11,4,1,1,9,0,2,0
251857,112,0.0,0.0,0.0,4,1,1,1,3,0,1,0
251934,1102,0.0,2.0,0.0,4,1,1,1,3,0,1,0
252520,3455,0.0,5.0,0.0,2,1,1,1,1,0,1,0
252837,2193,0.0,3.0,0.0,4,2,1,1,3,0,1,0
252975,2562,0.0,2.0,0.0,6,3,2,5,2,0,1,3
253025,1816,0.0,3.0,1.0,6,2,2,1,5,0,1,0
253268,2891,1.0,4.0,0.0,4,2,1,1,3,0,1,0
254080,4173,0.0,0.0,0.0,19,10,6,1,18,0,1,0
25436,2935,0.0,3.0,0.0,11,1,1,1,10,0,1,0
254799,2653,0.0,0.0,0.0,16,9,1,3,14,0,1,1
255071,3163,0.0,6.0,0.0,6,1,1,1,2,0,4,0
255287,4368,0.0,4.0,0.0,33,13,4,4,29,0,1,3
255526,1661,0.0,0.0,0.0,3,2,1,1,2,0,1,0
256030,20,0.0,3.0,0.0,12,7,2,3,11,0,1,0
256860,3006,0.0,6.0,0.0,4,1,1,1,3,0,1,0
256897,1983,0.0,0.0,0.0,2,1,1,1,1,0,1,0
256990,3693,0.0,2.0,1.0,4,1,1,1,2,0,1,1
257085,4444,0.0,5.0,1.0,6,2,2,1,2,0,4,0
257252,1738,0.0,3.0,1.0,2,1,1,1,0,0,1,1
258097,4729,0.0,2.0,0.0,19,12,4,2,18,0,1,0
25823,4071,0.0,0.0,1.0,3,1,1,2,2,0,1,0
258253,904,0.0,2.0,0.0,6,5,1,1,5,0,1,0
258461,3979,0.0,0.0,null,2,1,1,1,1,0,1,0
25869,2066,0.0,5.0,1.0,16,7,2,4,15,0,1,0
258903,1499,0.0,4.0,0.0,5,1,1,2,3,0,1,1
258906,2592,0.0,2.0,1.0,14,5,4,2,13,0,1,0
259281,3159,0.0,2.0,0.0,8,2,2,4,7,0,1,0
259498,219,0.0,3.0,0.0,9,1,1,4,6,1,2,0
259675,1216,0.0,0.0,0.0,4,1,1,1,3,0,1,0
25971,2977,1.0,4.0,0.0,5,1,1,1,4,0,1,0
260247,1810,0.0,3.0,0.0,8,5,3,1,7,0,1,0
260610,4755,0.0,3.0,1.0,2,1,1,1,1,0,1,0
261544,4044,0.0,3.0,0.0,7,4,3,2,6,0,1,0
262044,1049,0.0,2.0,1.0,6,1,1,1,5,0,1,0
262222,1193,0.0,2.0,1.0,5,1,1,2,4,0,1,0
262288,1131,0.0,0.0,0.0,36,9,3,3,33,0,1,2
262517,66,0.0,4.0,0.0,4,2,1,1,3,0,1,0
262676,574,0.0,0.0,1.0,4,1,1,2,3,0,1,0
262920,3828,1.0,4.0,0.0,13,5,5,4,12,0,1,0
263104,3828,0.0,4.0,0.0,11,6,6,6,8,0,1,2
263338,798,0.0,3.0,0.0,7,3,2,3,5,0,1,1
263645,1500,0.0,2.0,1.0,3,1,1,1,2,0,1,0
263800,4906,0.0,0.0,0.0,5,1,1,2,3,0,1,1
263841,718,0.0,4.0,0.0,2,1,1,1,1,0,1,0
264023,326,0.0,4.0,0.0,16,3,3,2,12,0,3,1
265427,4523,0.0,0.0,0.0,5,2,2,1,1,0,4,0
265783,3623,0.0,2.0,0.0,2,1,1,1,1,0,1,0
266116,4976,0.0,2.0,0.0,18,7,5,2,14,0,3,1
26676,2847,0.0,0.0,1.0,2,1,1,1,1,0,1,0
266761,1679,0.0,0.0,0.0,30,14,4,3,28,0,2,0
26721,219,0.0,6.0,0.0,6,2,1,1,4,0,2,0
26743,3968,0.0,4.0,1.0,1,1,1,1,0,0,1,0
267739,3687,0.0,3.0,1.0,7,3,2,1,5,0,2,0
267866,4444,0.0,3.0,0.0,4,4,2,2,3,0,1,0
268125,4775,0.0,0.0,0.0,11,9,1,4,10,0,1,0
268329,4427,0.0,2.0,1.0,5,1,1,1,4,0,1,0
268392,63,0.0,0.0,0.0,12,11,3,2,10,0,2,0
269154,1203,0.0,2.0,1.0,22,11,7,2,20,0,2,0
269196,1892,0.0,4.0,0.0,60,26,10,3,55,0,5,0
269287,2045,0.0,3.0,0.0,3,1,1,2,2,0,1,0
269302,1049,0.0,6.0,0.0,14,1,1,4,13,0,1,0
269558,4760,0.0,0.0,1.0,8,1,1,1,6,0,2,0
270206,121,0.0,5.0,0.0,18,9,2,2,16,0,2,0
270277,1330,0.0,3.0,0.0,1,1,1,1,0,0,1,0
270561,3828,0.0,3.0,0.0,5,2,1,1,4,0,1,0
272564,4363,0.0,3.0,1.0,3,2,1,2,2,0,1,0
272994,4808,0.0,0.0,1.0,1,1,1,1,0,0,1,0
273462,2099,0.0,6.0,0.0,2,1,1,1,1,0,1,0
273746,1918,0.0,3.0,0.0,12,8,3,1,11,0,1,0
273764,621,0.0,3.0,1.0,3,1,1,1,2,0,1,0
274134,2890,0.0,5.0,1.0,8,1,1,1,7,0,1,0
274246,250,0.0,3.0,0.0,8,1,1,5,6,0,1,1
275173,4048,0.0,0.0,0.0,3,1,1,1,2,0,1,0
276062,1890,0.0,3.0,1.0,11,3,1,1,10,0,1,0
276107,4724,0.0,6.0,0.0,4,1,1,3,3,0,1,0
276673,2145,0.0,4.0,0.0,4,1,1,2,2,0,2,0
277000,3363,0.0,0.0,0.0,2,1,1,2,0,0,1,1
277053,1910,0.0,3.0,0.0,8,3,3,1,7,0,1,0
277106,3173,0.0,0.0,0.0,3,1,1,2,1,0,2,0
277333,1936,0.0,2.0,0.0,2,1,1,2,1,0,1,0
277409,2173,0.0,6.0,1.0,5,3,1,2,2,0,2,1
277908,4958,0.0,3.0,0.0,9,1,1,1,6,0,3,0
278358,3645,0.0,3.0,0.0,5,1,1,1,4,0,1,0
278568,2031,0.0,2.0,0.0,9,3,2,2,8,0,1,0
279687,4173,0.0,5.0,0.0,12,6,1,1,11,0,1,0
279893,2093,0.0,0.0,0.0,9,3,2,1,8,0,1,0
280200,2662,0.0,0.0,1.0,4,1,1,2,3,0,1,0
280374,962,0.0,0.0,0.0,2,1,1,1,1,0,1,0
2806,359,0.0,2.0,0.0,27,7,2,1,25,0,2,0
280638,437,0.0,3.0,0.0,2,1,1,2,1,0,1,0
281031,1679,0.0,4.0,1.0,6,1,1,1,5,0,1,0
281307,798,0.0,3.0,0.0,2,1,1,1,1,0,1,0
28214,4444,0.0,3.0,1.0,36,11,3,3,28,0,3,5
282492,4267,0.0,4.0,1.0,3,1,1,1,2,0,1,0
282534,4173,0.0,4.0,0.0,95,61,5,4,90,0,2,3
28260,1495,0.0,0.0,1.0,3,1,1,2,2,0,1,0
282723,2273,0.0,5.0,null,3,1,1,1,2,0,1,0
28291,4326,0.0,2.0,0.0,5,1,1,1,4,0,1,0
283389,2954,1.0,5.0,2.0,10,6,4,3,8,0,1,1
283551,3602,0.0,0.0,0.0,42,9,1,9,35,0,1,6
283848,742,0.0,2.0,0.0,1,1,1,1,0,0,1,0
283969,798,0.0,2.0,0.0,16,7,4,2,12,1,1,2
284316,1810,0.0,4.0,0.0,23,12,7,4,21,0,2,0
285711,3622,0.0,4.0,0.0,4,2,1,1,3,0,1,0
286232,4760,0.0,3.0,1.0,4,1,1,1,2,0,2,0
286266,3955,0.0,2.0,1.0,4,1,1,1,3,0,1,0
286388,4826,0.0,3.0,0.0,2,1,1,1,1,0,1,0
286946,1833,0.0,3.0,0.0,12,3,2,1,9,0,3,0
287619,2138,0.0,4.0,0.0,5,4,4,2,1,0,4,0
288468,2955,0.0,4.0,0.0,10,4,1,2,8,0,1,1
288935,1861,0.0,2.0,0.0,5,1,1,2,4,0,1,0
288950,3578,1.0,4.0,2.0,1,1,1,1,0,0,1,0
288984,1695,0.0,3.0,0.0,2,1,1,2,1,0,1,0
289432,4048,0.0,3.0,0.0,1,1,1,1,0,0,1,0
289559,2766,0.0,0.0,0.0,15,4,4,3,11,0,4,0
289973,2883,0.0,4.0,0.0,1,1,1,1,0,0,1,0
291019,1923,0.0,0.0,0.0,9,4,3,1,8,0,1,0
291112,574,0.0,6.0,1.0,10,7,1,1,9,0,1,0
291441,4336,0.0,0.0,0.0,10,3,1,2,9,0,1,0
291744,25,0.0,4.0,0.0,13,2,2,1,12,0,1,0
291890,2031,0.0,0.0,0.0,7,3,2,1,6,0,1,0
291937,1346,1.0,3.0,0.0,2,1,1,1,1,0,1,0
291979,4860,0.0,6.0,1.0,4,1,1,2,2,0,1,1
292269,310,0.0,3.0,1.0,5,2,2,1,4,0,1,0
292527,1485,1.0,3.0,0.0,3,3,2,2,2,0,1,0
292749,3968,0.0,2.0,0.0,1,1,1,1,0,0,1,0
292787,3075,0.0,0.0,0.0,8,3,1,1,7,0,1,0
292928,209,0.0,3.0,1.0,5,2,1,1,3,0,1,1
293242,2669,0.0,4.0,0.0,19,4,2,3,14,0,2,3
29353,1679,1.0,4.0,0.0,5,3,2,2,4,0,1,0
293767,3941,0.0,5.0,0.0,4,1,1,1,3,0,1,0
293847,3941,0.0,4.0,1.0,14,3,1,6,11,0,1,2
29416,3402,0.0,3.0,0.0,3,1,1,1,2,0,1,0
29452,1102,0.0,3.0,0.0,86,40,4,10,80,0,1,5
294735,3323,0.0,4.0,0.0,1,1,1,1,0,0,1,0
295075,2582,0.0,3.0,0.0,40,14,5,6,35,0,1,4
295718,2403,0.0,0.0,0.0,41,22,2,2,38,0,3,0
296050,4363,0.0,4.0,1.0,2,1,1,1,1,0,1,0
296532,3936,0.0,0.0,1.0,4,1,1,3,3,0,1,0
297239,1692,0.0,4.0,1.0,3,1,1,2,2,0,1,0
29724,2505,0.0,3.0,0.0,1,1,1,1,0,0,1,0
29728,1481,0.0,0.0,1.0,2,1,1,1,1,0,1,0
29774,2879,0.0,4.0,0.0,3,1,1,1,1,0,2,0
297775,798,0.0,5.0,0.0,2,1,1,1,1,0,1,0
29889,66,1.0,2.0,0.0,3,1,1,1,2,0,1,0
299278,2888,0.0,0.0,0.0,10,1,1,2,6,0,3,1
299458,2664,0.0,6.0,0.0,26,16,4,1,20,0,6,0
299853,2217,0.0,0.0,0.0,7,1,1,2,5,0,1,1
300263,4756,0.0,0.0,0.0,3,1,1,1,2,0,1,0
30045,2360,0.0,4.0,0.0,5,1,1,1,3,0,2,0
300574,121,0.0,6.0,0.0,40,28,9,1,37,0,2,1
300883,2669,0.0,3.0,0.0,5,3,2,1,4,0,1,0
301508,1602,0.0,4.0,0.0,3,1,1,1,2,0,1,0
301686,4659,0.0,0.0,0.0,1,1,1,1,0,0,1,0
302071,901,0.0,7.0,1.0,2,1,1,1,1,0,1,0
302231,4143,1.0,6.0,0.0,117,63,15,14,114,0,1,2
302517,3635,0.0,0.0,1.0,4,1,1,2,2,0,1,1
302683,121,0.0,0.0,0.0,19,3,2,1,18,0,1,0
30295,1150,0.0,0.0,0.0,2,1,1,1,1,0,1,0
302974,2273,0.0,5.0,0.0,6,1,1,3,5,0,1,0
303142,3444,0.0,0.0,1.0,5,1,1,2,3,0,1,1
303545,2505,0.0,0.0,1.0,8,2,2,2,6,0,2,0
304268,1102,0.0,3.0,0.0,10,7,3,2,9,0,1,0
304330,66,0.0,2.0,0.0,3,1,1,1,2,0,1,0
304654,4115,0.0,6.0,0.0,4,3,3,1,2,0,2,0
304720,3549,0.0,4.0,1.0,7,2,1,2,6,0,1,0
30487,1892,0.0,3.0,0.0,66,27,4,1,57,0,5,4
304897,3734,0.0,3.0,1.0,14,6,2,1,13,0,1,0
305249,4976,0.0,0.0,0.0,17,11,3,5,15,0,2,0
306293,1833,0.0,4.0,0.0,9,4,2,3,7,0,2,0
306322,2553,0.0,6.0,0.0,9,6,2,1,8,0,1,0
307336,4044,0.0,0.0,0.0,53,29,2,1,51,0,2,0
307506,3806,0.0,6.0,1.0,4,2,1,1,2,0,2,0
307620,4463,0.0,3.0,0.0,30,6,1,1,29,0,1,0
308360,4860,0.0,2.0,1.0,2,1,1,1,1,0,1,0
308721,2318,0.0,0.0,0.0,7,3,1,2,5,0,1,1
308936,2138,0.0,0.0,0.0,6,4,3,2,5,0,1,0
309429,523,0.0,6.0,0.0,13,4,1,1,12,0,1,0
309846,3609,0.0,0.0,0.0,3,1,1,1,2,0,1,0
310123,2237,0.0,2.0,0.0,8,1,1,3,6,0,1,1
310242,4171,0.0,4.0,0.0,3,1,1,1,1,0,2,0
310283,590,0.0,2.0,1.0,24,9,3,1,23,0,1,0
310501,977,0.0,6.0,1.0,10,5,1,1,7,0,1,2
310632,1399,0.0,4.0,2.0,2,1,1,1,0,0,1,1
311046,4976,0.0,3.0,0.0,11,3,2,2,7,0,2,2
311780,1102,0.0,0.0,0.0,16,15,7,4,9,0,1,6
31186,4427,0.0,4.0,1.0,4,1,1,3,3,0,1,0
311958,4658,0.0,3.0,1.0,4,2,1,2,3,0,1,0
312029,4607,0.0,3.0,1.0,6,3,1,1,3,0,1,2
312150,2569,0.0,3.0,0.0,100,47,3,4,95,0,5,0
312412,1514,0.0,0.0,0.0,1,1,1,1,0,0,1,0
313212,1102,0.0,6.0,0.0,9,2,2,2,7,0,1,1
313586,645,0.0,5.0,1.0,8,1,1,3,6,0,1,1
31415,2269,0.0,3.0,1.0,2,1,1,1,1,0,1,0
314931,1102,0.0,4.0,0.0,16,9,5,1,15,0,1,0
315356,357,0.0,2.0,0.0,9,4,3,1,7,1,1,0
315377,1861,1.0,3.0,0.0,6,3,1,1,5,0,1,0
315427,4198,0.0,0.0,0.0,7,1,1,1,6,0,1,0
315622,3022,0.0,3.0,1.0,1,1,1,1,0,0,1,0
315679,1565,0.0,3.0,0.0,9,2,1,1,8,0,1,0
315706,2447,0.0,4.0,2.0,9,2,1,1,7,0,2,0
316308,4173,0.0,4.0,0.0,4,2,2,2,3,0,1,0
316349,2883,0.0,4.0,0.0,8,3,1,1,7,0,1,0
316514,4044,1.0,0.0,0.0,37,24,6,4,35,0,1,1
316814,3734,1.0,0.0,1.0,40,20,7,2,34,0,6,0
317099,4044,0.0,0.0,0.0,65,31,6,4,63,0,1,1
317583,2318,0.0,3.0,0.0,1,1,1,1,0,0,1,0
317736,4234,0.0,5.0,0.0,57,32,9,1,52,0,5,0
317964,2482,0.0,3.0,0.0,6,1,1,1,5,0,1,0
318087,4463,0.0,3.0,0.0,9,5,2,2,8,0,1,0
318199,3013,0.0,3.0,0.0,6,1,1,3,4,0,1,1
318199,4536,0.0,3.0,0.0,4,1,1,1,2,0,2,0
318768,1618,0.0,3.0,0.0,22,7,4,2,20,0,1,1
318979,3205,0.0,3.0,0.0,8,1,1,1,7,0,1,0
319037,1890,0.0,5.0,null,5,3,2,1,4,0,1,0
319129,1610,0.0,3.0,1.0,6,2,2,1,4,0,2,0
31926,946,1.0,5.0,1.0,4,2,1,1,3,0,1,0
319499,2273,0.0,6.0,0.0,4,2,1,1,3,0,1,0
3198,3682,0.0,6.0,0.0,2,1,1,1,1,0,1,0
319952,2669,0.0,3.0,0.0,7,3,3,1,6,0,1,0
320598,4115,0.0,6.0,0.0,22,2,2,2,21,0,1,0
320650,4267,1.0,4.0,0.0,3,3,2,2,0,0,2,1
320769,3893,0.0,4.0,1.0,17,10,1,2,16,0,1,0
321396,3968,0.0,3.0,2.0,2,1,1,1,1,0,1,0
321545,2273,1.0,3.0,0.0,5,1,1,3,3,0,1,1
321841,2282,0.0,3.0,0.0,5,1,1,2,4,0,1,0
322049,4596,0.0,3.0,0.0,2,1,1,2,1,0,1,0
322575,2217,0.0,0.0,0.0,12,3,1,4,11,0,1,0
322752,3607,0.0,4.0,0.0,21,5,2,3,19,0,2,0
323004,4361,0.0,6.0,1.0,2,1,1,1,1,0,1,0
323692,1890,0.0,3.0,0.0,31,12,3,6,30,0,1,0
323794,2992,0.0,4.0,0.0,2,1,1,1,1,0,1,0
324253,4209,0.0,2.0,0.0,1,1,1,1,0,0,1,0
324937,3374,0.0,5.0,0.0,11,3,1,1,10,0,1,0
324944,2954,0.0,3.0,0.0,1,1,1,1,0,0,1,0
325122,3399,0.0,3.0,1.0,2,1,1,1,1,0,1,0
325126,4979,0.0,2.0,0.0,6,2,1,1,5,0,1,0
326101,2821,0.0,3.0,0.0,3,1,1,2,2,0,1,0
326421,148,0.0,6.0,0.0,13,9,9,1,10,0,3,0
326458,721,0.0,6.0,0.0,7,4,1,1,6,0,1,0
327629,1679,0.0,4.0,0.0,9,5,2,1,8,0,1,0
328015,2936,0.0,2.0,1.0,3,2,1,1,2,0,1,0
328102,4427,0.0,3.0,1.0,3,2,1,1,2,0,1,0
328318,1487,0.0,3.0,0.0,8,1,1,2,6,0,1,1
328357,4042,0.0,3.0,1.0,6,3,3,1,3,0,3,0
329000,4044,0.0,2.0,0.0,59,12,7,4,58,0,1,0
329430,437,0.0,4.0,0.0,17,6,1,1,16,0,1,0
330486,908,0.0,3.0,1.0,8,1,1,1,7,0,1,0
331048,234,0.0,2.0,0.0,2,1,1,2,0,0,1,1
331345,437,0.0,3.0,0.0,39,11,3,3,37,0,2,0
332460,2403,0.0,4.0,2.0,2,1,1,2,1,0,1,0
332547,1495,0.0,0.0,0.0,17,7,2,7,12,0,1,4
332824,2341,0.0,4.0,0.0,2,1,1,2,1,0,1,0
332951,2684,0.0,6.0,0.0,6,4,1,1,5,0,1,0
333272,4245,0.0,4.0,0.0,3,1,1,2,2,0,1,0
333422,3727,0.0,4.0,0.0,3,1,1,1,2,0,1,0
333691,3865,0.0,3.0,1.0,3,1,1,1,2,0,1,0
333742,3284,0.0,2.0,1.0,5,1,1,3,4,0,1,0
333771,4506,0.0,0.0,0.0,3,1,1,2,2,0,1,0
333915,2031,0.0,0.0,1.0,5,1,1,1,4,0,1,0
334274,4173,0.0,6.0,0.0,9,5,2,4,8,0,1,0
3343,1102,0.0,0.0,0.0,13,7,2,3,11,0,1,1
334562,3173,0.0,6.0,0.0,5,1,1,2,3,0,2,0
334804,3671,0.0,3.0,1.0,10,4,2,2,9,0,1,0
334941,1944,0.0,3.0,0.0,37,9,5,2,33,0,2,2
335249,523,0.0,5.0,0.0,7,1,1,2,6,0,1,0
335486,4261,0.0,4.0,1.0,8,4,2,2,6,0,2,0
335683,8,0.0,3.0,0.0,7,1,1,3,2,0,4,1
336111,4173,0.0,3.0,0.0,6,3,2,1,5,0,1,0
336431,747,0.0,5.0,1.0,6,1,1,2,5,0,1,0
336972,3826,0.0,3.0,0.0,6,2,1,2,3,1,1,1
3371,4043,0.0,6.0,1.0,17,5,4,5,15,0,2,0
337317,3971,0.0,0.0,1.0,7,1,1,2,6,0,1,0
337409,3022,0.0,2.0,0.0,10,1,1,2,8,0,2,0
337986,1102,0.0,4.0,0.0,6,4,3,2,4,0,2,0
339118,1710,0.0,4.0,1.0,5,1,1,1,4,0,1,0
339282,1923,0.0,4.0,0.0,4,1,1,2,3,0,1,0
339320,2138,0.0,3.0,1.0,2,1,1,1,1,0,1,0
339981,1102,0.0,3.0,0.0,39,21,11,5,37,0,2,0
340374,4049,0.0,3.0,0.0,9,2,1,2,8,0,1,0
340414,4049,0.0,2.0,1.0,8,4,2,1,7,0,1,0
340512,293,0.0,3.0,0.0,4,1,1,1,3,0,1,0
34097,2193,0.0,6.0,0.0,4,2,1,1,3,0,1,0
341127,1978,0.0,2.0,1.0,4,1,1,3,2,0,1,1
34179,2860,0.0,3.0,0.0,3,1,1,1,2,0,1,0
342005,1840,0.0,5.0,0.0,6,1,1,2,5,0,1,0
342254,4173,0.0,5.0,0.0,1,1,1,1,0,0,1,0
342367,2031,0.0,0.0,0.0,25,6,1,6,24,0,1,0
342778,4044,0.0,3.0,0.0,224,80,11,8,212,0,2,10
342904,1346,0.0,3.0,0.0,3,2,1,1,2,0,1,0
343361,2138,0.0,3.0,0.0,6,3,3,1,3,0,3,0
343438,2872,0.0,0.0,0.0,3,1,1,1,2,0,1,0
343487,361,0.0,4.0,1.0,1,1,1,1,0,0,1,0
343844,3004,0.0,4.0,0.0,7,5,4,2,4,0,1,2
344070,4949,0.0,4.0,0.0,68,28,8,8,63,0,2,3
344664,141,0.0,3.0,0.0,3,1,1,1,2,0,1,0
34467,121,0.0,5.0,0.0,3,1,1,1,2,0,1,0
345246,323,0.0,3.0,0.0,18,7,1,6,17,0,1,0
345555,738,0.0,7.0,0.0,1,1,1,1,0,0,1,0
345866,4394,0.0,0.0,0.0,13,1,1,3,10,0,1,2
3463,2856,0.0,3.0,0.0,9,1,1,1,7,0,2,0
346464,4882,0.0,6.0,0.0,5,1,1,2,4,0,1,0
347065,2060,0.0,0.0,0.0,10,1,1,1,8,0,2,0
347095,1512,0.0,6.0,0.0,18,9,2,4,17,0,1,0
347801,669,0.0,5.0,0.0,27,24,3,3,25,0,2,0
348255,1346,0.0,4.0,0.0,4,1,1,1,3,0,1,0
348262,4308,1.0,3.0,0.0,2,1,1,1,1,0,1,0
349016,2278,0.0,3.0,0.0,3,2,1,2,2,0,1,0
34921,1102,0.0,4.0,0.0,13,10,7,4,12,0,1,0
349391,4413,0.0,0.0,1.0,21,7,2,2,20,0,1,0
349998,4368,1.0,0.0,0.0,7,2,1,1,5,0,2,0
3502,1310,0.0,4.0,0.0,10,7,6,1,8,0,2,0
351358,798,0.0,3.0,0.0,1,1,1,1,0,0,1,0
351606,1067,0.0,6.0,1.0,3,1,1,1,2,0,1,0
351866,4558,0.0,3.0,0.0,3,1,1,1,2,0,1,0
352231,4475,0.0,3.0,0.0,5,1,1,2,4,0,1,0
352445,358,0.0,4.0,0.0,21,3,1,5,19,0,1,1
35254,4659,0.0,3.0,0.0,9,4,2,4,8,0,1,0
352548,4173,0.0,0.0,0.0,29,19,7,8,27,0,1,1
3527,968,0.0,3.0,0.0,4,2,1,1,3,0,1,0
352923,3173,0.0,3.0,1.0,10,3,1,4,9,0,1,0
353314,219,0.0,4.0,1.0,5,1,1,1,3,0,2,0
353558,2565,0.0,4.0,0.0,1,1,1,1,0,0,1,0
353624,1393,0.0,3.0,0.0,4,2,1,1,2,0,2,0
35387,3126,0.0,0.0,0.0,6,3,2,1,4,0,2,0
354857,2482,1.0,2.0,0.0,5,2,2,3,4,0,1,0
356127,4044,0.0,6.0,0.0,39,20,4,7,38,0,1,0
356345,3640,0.0,2.0,0.0,9,5,2,2,8,0,1,0
356417,4269,0.0,4.0,0.0,11,6,2,3,9,0,2,0
357573,1340,0.0,7.0,0.0,4,2,2,3,3,0,1,0
357849,132,0.0,4.0,0.0,1,1,1,1,0,0,1,0
357875,1281,0.0,3.0,2.0,7,1,1,1,6,0,1,0
357889,2138,0.0,2.0,0.0,12,6,2,1,9,0,1,2
357926,3536,0.0,3.0,0.0,7,3,1,1,6,0,1,0
358055,557,0.0,3.0,1.0,35,14,4,4,34,0,1,0
358162,1102,0.0,4.0,1.0,75,28,8,4,74,0,1,0
358224,386,0.0,5.0,0.0,19,4,2,1,15,0,4,0
358279,4950,1.0,4.0,0.0,1,1,1,1,0,0,1,0
358380,4549,0.0,2.0,0.0,1,1,1,1,0,0,1,0
358791,1574,0.0,3.0,0.0,9,2,1,1,7,0,1,1
358807,3173,0.0,4.0,0.0,7,4,1,1,4,0,3,0
358812,4112,0.0,4.0,1.0,2,1,1,1,1,0,1,0
358827,2721,0.0,4.0,0.0,5,1,1,2,3,0,1,1
35907,597,0.0,6.0,0.0,3,2,1,1,2,0,1,0
359137,3968,0.0,3.0,0.0,1,1,1,1,0,0,1,0
359651,2709,0.0,3.0,0.0,6,1,1,1,5,0,1,0
359720,3614,0.0,4.0,1.0,22,13,13,4,19,0,3,0
359795,1833,0.0,0.0,0.0,11,7,1,1,10,0,1,0
359968,756,0.0,2.0,0.0,14,2,1,1,13,0,1,0
359978,643,0.0,5.0,0.0,4,3,3,2,1,0,3,0
360026,4125,0.0,3.0,0.0,10,4,2,2,7,0,2,1
360533,1526,0.0,2.0,0.0,23,10,6,3,20,0,1,2
360568,1978,0.0,0.0,0.0,2,1,1,1,1,0,1,0
360649,145,0.0,3.0,1.0,2,1,1,1,1,0,1,0
360789,1200,0.0,4.0,1.0,21,10,5,1,16,0,4,1
361159,326,0.0,4.0,0.0,8,1,1,2,6,1,1,0
361550,3912,0.0,5.0,0.0,12,3,2,3,6,0,5,1
361663,2872,0.0,5.0,0.0,5,1,1,1,4,0,1,0
361688,4280,0.0,2.0,0.0,14,1,1,4,13,0,1,0
361707,2869,1.0,8.0,1.0,21,5,1,3,20,0,1,0
361752,4765,1.0,5.0,1.0,7,2,1,4,6,0,1,0
361983,3968,0.0,2.0,0.0,1,1,1,1,0,0,1,0
362172,2545,0.0,6.0,1.0,34,2,1,3,31,0,1,2
362202,1854,0.0,2.0,0.0,2,1,1,1,1,0,1,0
362419,1226,0.0,3.0,0.0,1,1,1,1,0,0,1,0
363087,962,0.0,2.0,0.0,4,3,3,2,2,0,2,0
364115,1923,0.0,4.0,0.0,34,9,2,3,31,0,1,2
364793,503,0.0,3.0,1.0,4,1,1,1,2,0,2,0
364882,3148,0.0,3.0,0.0,8,7,4,2,3,0,2,3
36516,2217,0.0,3.0,0.0,10,1,1,3,8,0,1,1
365468,2709,0.0,5.0,0.0,5,1,1,1,4,0,1,0
365644,1056,0.0,4.0,0.0,29,15,10,2,25,0,3,1
365952,1203,0.0,0.0,1.0,8,4,2,2,7,0,1,0
366061,1272,0.0,3.0,0.0,6,1,1,2,4,0,1,1
366905,4513,0.0,3.0,0.0,2,1,1,1,0,0,2,0
368333,2935,0.0,3.0,0.0,7,2,2,4,6,0,1,0
368355,3152,0.0,3.0,0.0,28,7,1,3,24,1,2,1
368402,4044,0.0,3.0,0.0,26,7,3,2,25,0,1,0
368738,2721,0.0,2.0,0.0,8,1,1,3,6,0,1,1
369573,798,0.0,3.0,0.0,5,3,3,2,4,0,1,0
369676,3734,1.0,0.0,1.0,2,1,1,1,0,1,1,0
369820,424,0.0,3.0,0.0,5,1,1,1,4,0,1,0
370765,685,0.0,6.0,1.0,8,3,1,1,5,0,3,0
370966,1619,0.0,2.0,1.0,8,1,1,5,7,0,1,0
371020,1704,0.0,0.0,1.0,1,1,1,1,0,0,1,0
371096,1840,0.0,0.0,0.0,1,1,1,1,0,0,1,0
371247,1875,1.0,6.0,0.0,40,23,8,2,38,0,2,0
371281,4370,1.0,0.0,0.0,4,1,1,1,3,0,1,0
37183,1911,0.0,0.0,1.0,19,6,1,2,18,0,1,0
371934,4265,0.0,4.0,0.0,68,42,12,7,65,0,3,0
371947,2641,0.0,4.0,1.0,5,1,1,1,4,0,1,0
372469,2073,0.0,6.0,0.0,1,1,1,1,0,0,1,0
372688,423,0.0,0.0,0.0,1,1,1,1,0,0,1,0
373050,1468,0.0,2.0,0.0,2,1,1,1,1,0,1,0
373222,1472,0.0,3.0,0.0,19,9,1,2,14,0,1,4
37335,4976,0.0,2.0,0.0,3,1,1,3,1,0,1,1
373404,4270,0.0,4.0,0.0,8,5,4,1,6,0,2,0
373557,254,0.0,2.0,1.0,29,8,2,2,26,0,1,2
374140,4794,0.0,0.0,1.0,8,2,1,1,7,0,1,0
37421,1056,0.0,5.0,0.0,91,28,10,4,77,0,5,9
374237,2847,0.0,3.0,1.0,7,4,1,2,5,0,1,1
374281,424,0.0,4.0,0.0,1,1,1,1,0,0,1,0
374454,3578,0.0,0.0,0.0,6,2,2,2,5,0,1,0
374636,3734,0.0,2.0,1.0,22,11,5,1,21,0,1,0
374937,2883,0.0,0.0,0.0,6,2,1,1,4,0,2,0
374969,3402,0.0,3.0,0.0,2,1,1,1,0,0,1,1
375735,4718,0.0,2.0,0.0,3,1,1,2,2,0,1,0
375736,3469,0.0,3.0,0.0,3,1,1,2,2,0,1,0
376967,1060,0.0,3.0,0.0,2,1,1,1,1,0,1,0
377742,685,0.0,4.0,0.0,5,2,1,1,3,0,2,0
37781,742,0.0,4.0,0.0,3,1,1,1,2,0,1,0
379289,2928,1.0,3.0,0.0,14,6,2,1,13,0,1,0
379293,1659,0.0,3.0,1.0,9,3,1,3,8,0,1,0
379589,594,0.0,4.0,1.0,4,1,1,1,3,0,1,0
379833,1327,0.0,0.0,1.0,3,2,1,1,2,0,1,0
380094,3054,0.0,4.0,1.0,4,1,1,1,3,0,1,0
380750,4911,0.0,4.0,0.0,5,4,3,1,4,0,1,0
380844,3041,0.0,4.0,0.0,17,5,1,1,16,0,1,0
380937,1749,0.0,4.0,0.0,2,2,1,1,0,0,2,0
380963,1923,0.0,7.0,0.0,2,1,1,1,1,0,1,0
380988,962,0.0,3.0,0.0,8,4,3,1,7,0,1,0
381094,2102,0.0,3.0,0.0,1,1,1,1,0,0,1,0
381503,2026,0.0,6.0,1.0,19,3,2,3,16,0,1,2
381561,437,0.0,3.0,1.0,3,3,2,2,2,0,1,0
381700,472,0.0,2.0,0.0,3,1,1,1,2,0,1,0
381706,4079,0.0,0.0,0.0,2,1,1,1,1,0,1,0
382269,4280,0.0,5.0,1.0,6,2,1,1,4,0,1,1
382514,2525,0.0,4.0,1.0,4,2,1,1,3,0,1,0
38361,1810,0.0,0.0,0.0,10,6,4,1,9,0,1,0
384016,1760,0.0,3.0,0.0,13,3,3,1,10,0,3,0
384050,3622,0.0,4.0,0.0,14,6,1,2,12,0,1,1
384150,412,0.0,4.0,0.0,19,12,3,1,15,0,1,3
38436,2565,0.0,4.0,1.0,19,7,3,5,17,0,1,1
384899,1719,0.0,0.0,0.0,4,1,1,1,1,0,3,0
385675,4826,0.0,3.0,0.0,6,2,2,1,5,0,1,0
385721,643,0.0,8.0,1.0,7,1,1,2,6,0,1,0
386040,1661,0.0,3.0,1.0,4,1,1,1,3,0,1,0
386122,4879,0.0,6.0,0.0,6,2,1,1,5,0,1,0
386294,2592,0.0,6.0,1.0,1,1,1,1,0,0,1,0
38649,1594,0.0,4.0,1.0,2,1,1,1,1,0,1,0
386846,1755,0.0,6.0,0.0,4,2,2,1,2,0,2,0
387276,2273,0.0,4.0,0.0,10,2,1,3,8,0,1,1
387539,1122,0.0,5.0,0.0,8,1,1,2,5,0,1,2
387863,1526,0.0,4.0,0.0,4,3,2,1,3,0,1,0
38792,4783,0.0,4.0,0.0,4,1,1,1,3,0,1,0
387949,3080,0.0,2.0,1.0,8,2,1,1,7,0,1,0
388054,4906,0.0,3.0,0.0,7,1,1,4,6,0,1,0
388170,747,0.0,0.0,null,12,2,1,1,10,1,1,0
38906,4765,0.0,3.0,0.0,2,1,1,1,1,0,1,0
389607,4500,0.0,3.0,1.0,4,1,1,1,2,0,2,0
389697,1470,0.0,3.0,1.0,4,2,1,1,3,0,1,0
389913,1997,0.0,0.0,0.0,9,2,1,2,7,0,1,1
390083,2821,0.0,4.0,0.0,2,1,1,1,0,0,1,1
390284,794,0.0,3.0,0.0,45,13,2,3,39,0,1,5
390472,4043,0.0,6.0,0.0,9,7,2,2,8,0,1,0
391079,1393,0.0,3.0,0.0,15,4,2,2,13,0,1,1
391602,3826,0.0,2.0,1.0,4,1,1,1,3,0,1,0
391648,2879,0.0,6.0,1.0,12,3,1,2,11,0,1,0
391829,4268,0.0,3.0,0.0,5,2,1,1,4,0,1,0
391884,3578,0.0,3.0,1.0,15,6,2,1,13,0,2,0
392071,2537,0.0,6.0,0.0,6,5,3,3,5,0,1,0
392142,653,0.0,4.0,1.0,57,28,7,3,53,0,3,1
392440,3289,0.0,0.0,1.0,2,1,1,1,1,0,1,0
392561,630,0.0,4.0,1.0,63,31,11,4,53,0,3,7
392644,3826,0.0,6.0,0.0,1,1,1,1,0,0,1,0
392716,4079,0.0,3.0,0.0,7,2,1,1,5,0,2,0
393180,1677,0.0,0.0,0.0,26,17,4,3,24,0,1,1
393190,4642,1.0,3.0,0.0,43,14,6,2,34,0,4,5
393460,102,0.0,4.0,1.0,12,2,1,1,11,0,1,0
39445,2482,0.0,2.0,0.0,2,1,1,1,1,0,1,0
394603,3159,0.0,0.0,1.0,11,6,3,1,8,0,3,0
395012,2278,0.0,3.0,0.0,3,1,1,1,2,0,1,0
395020,4394,0.0,0.0,0.0,5,2,1,2,3,0,1,1
395340,2709,0.0,6.0,0.0,5,1,1,1,4,0,1,0
39551,415,0.0,3.0,1.0,1,1,1,1,0,0,1,0
39758,1472,0.0,6.0,1.0,9,3,1,2,5,0,2,2
39781,653,0.0,3.0,0.0,1,1,1,1,0,0,1,0
398003,4044,0.0,2.0,0.0,18,6,4,3,15,0,1,2
398884,1360,0.0,0.0,0.0,4,2,2,1,3,0,1,0
399124,2108,0.0,4.0,1.0,5,1,1,2,3,0,1,1
39929,1079,0.0,2.0,0.0,1,1,1,1,0,0,1,0
399320,1923,0.0,3.0,0.0,1,1,1,1,0,0,1,0
399589,4427,0.0,3.0,1.0,2,1,1,1,1,0,1,0
399693,3545,0.0,4.0,0.0,3,1,1,1,2,0,1,0
399927,382,0.0,5.0,0.0,5,2,2,1,4,0,1,0
400559,817,0.0,0.0,0.0,2,1,1,1,1,0,1,0
401199,1840,0.0,0.0,0.0,1,1,1,1,0,0,1,0
401420,2828,0.0,4.0,0.0,22,17,5,4,20,0,2,0
401502,2790,0.0,0.0,0.0,12,3,2,3,10,1,1,0
401785,4648,0.0,2.0,0.0,23,12,1,2,21,0,2,0
401882,4643,0.0,5.0,0.0,8,5,2,2,5,0,3,0
402007,1602,0.0,3.0,1.0,3,1,1,1,2,0,1,0
402103,2664,0.0,6.0,0.0,34,18,1,2,33,0,1,0
402276,3473,0.0,3.0,0.0,14,3,1,6,12,0,1,1
402291,3624,0.0,5.0,0.0,4,2,1,1,2,0,2,0
402498,2318,0.0,7.0,0.0,7,4,1,1,6,0,1,0
402505,1749,0.0,4.0,0.0,6,3,3,2,4,0,2,0
402685,4796,0.0,0.0,1.0,10,2,1,1,5,0,5,0
402704,3350,0.0,3.0,0.0,2,1,1,1,1,0,1,0
403071,4589,0.0,0.0,0.0,7,4,2,1,6,0,1,0
403204,1557,0.0,4.0,0.0,14,9,3,2,12,0,1,1
404327,437,0.0,3.0,0.0,5,1,1,2,4,0,1,0
405407,4394,0.0,6.0,0.0,2,1,1,1,1,0,1,0
405434,2161,0.0,4.0,1.0,1,1,1,1,0,0,1,0
405537,1911,0.0,6.0,1.0,1,1,1,1,0,0,1,0
405569,4745,1.0,4.0,0.0,6,2,1,4,5,0,1,0
405857,1810,0.0,3.0,0.0,47,39,9,6,45,0,2,0
405884,1405,0.0,0.0,0.0,1,1,1,1,0,0,1,0
406145,467,0.0,4.0,1.0,2,1,1,1,1,0,1,0
406364,311,0.0,5.0,0.0,3,1,1,1,2,0,1,0
406987,4607,0.0,2.0,1.0,11,6,1,2,10,0,1,0
407037,4044,0.0,0.0,0.0,85,35,6,4,82,0,1,2
407065,26,0.0,4.0,0.0,9,3,1,1,8,0,1,0
407113,2447,0.0,3.0,0.0,11,6,1,2,7,0,1,3
407399,1816,0.0,0.0,0.0,2,1,1,1,1,0,1,0
407412,4747,0.0,2.0,1.0,1,1,1,1,0,0,1,0
408170,4534,0.0,0.0,null,5,1,1,3,4,0,1,0
408293,2915,0.0,0.0,0.0,16,11,4,1,15,0,1,0
408459,4056,0.0,4.0,0.0,1,1,1,1,0,0,1,0
408775,2026,0.0,5.0,1.0,33,12,6,2,31,0,2,0
409044,3301,0.0,4.0,1.0,5,1,1,1,4,0,1,0
409190,1050,0.0,0.0,1.0,5,3,2,1,4,0,1,0
409299,4405,0.0,4.0,1.0,8,3,2,1,6,0,2,0
409454,2473,0.0,3.0,1.0,9,3,1,1,8,0,1,0
409577,4545,0.0,4.0,0.0,7,1,1,3,6,0,1,0
409649,2217,0.0,0.0,0.0,4,2,2,2,3,0,1,0
409914,3881,0.0,4.0,1.0,11,7,1,1,9,0,2,0
410115,1031,0.0,3.0,1.0,20,4,1,2,18,0,2,0
410156,4044,0.0,3.0,0.0,114,30,6,5,107,0,6,1
411010,3541,0.0,0.0,0.0,6,1,1,1,5,0,1,0
411933,1102,0.0,4.0,1.0,4,1,1,1,3,0,1,0
412048,4048,0.0,0.0,1.0,3,1,1,1,2,0,1,0
413172,747,0.0,0.0,0.0,3,1,1,1,2,0,1,0
413705,2435,1.0,3.0,1.0,12,5,2,1,10,0,2,0
413730,4079,0.0,2.0,0.0,2,1,1,1,1,0,1,0
413961,794,0.0,0.0,0.0,34,10,1,3,32,0,2,0
414502,4785,0.0,0.0,1.0,14,2,1,2,13,0,1,0
414560,145,0.0,4.0,1.0,15,4,1,9,14,0,1,0
414770,1963,0.0,0.0,0.0,9,7,4,2,8,0,1,0
414804,4760,0.0,3.0,0.0,19,9,4,1,14,0,5,0
415009,643,0.0,0.0,0.0,6,3,2,1,5,0,1,0
41515,141,0.0,2.0,0.0,7,1,1,2,5,0,1,1
415160,2173,0.0,3.0,1.0,11,3,1,3,6,0,2,3
415485,1923,0.0,0.0,1.0,4,1,1,1,3,0,1,0
415786,4267,0.0,4.0,0.0,24,17,7,3,22,0,2,0
415833,4150,0.0,2.0,1.0,3,1,1,1,2,0,1,0
416270,1514,0.0,5.0,0.0,2,1,1,2,1,0,1,0
416909,3392,0.0,4.0,0.0,2,1,1,1,1,0,1,0
417239,2730,0.0,3.0,0.0,3,1,1,1,2,0,1,0
417320,4835,0.0,3.0,0.0,1,1,1,1,0,0,1,0
417332,3933,0.0,0.0,1.0,5,1,1,2,4,0,1,0
417571,3828,0.0,3.0,0.0,25,13,6,1,24,0,1,0
417992,3396,0.0,0.0,0.0,5,2,1,1,4,0,1,0
418031,3971,0.0,2.0,1.0,2,1,1,1,1,0,1,0
418079,2273,0.0,3.0,1.0,2,1,1,1,1,0,1,0
41833,2217,0.0,0.0,0.0,1,1,1,1,0,0,1,0
418467,1276,0.0,3.0,0.0,50,9,1,3,48,0,1,1
418547,3537,0.0,0.0,0.0,6,3,2,1,2,0,4,0
418673,2900,0.0,3.0,2.0,4,1,1,1,3,0,1,0
418815,4249,0.0,6.0,0.0,2,1,1,1,1,0,1,0
418858,310,0.0,0.0,1.0,9,4,2,1,7,0,2,0
418937,1742,0.0,3.0,1.0,3,1,1,2,2,0,1,0
419077,4325,0.0,3.0,0.0,4,1,1,2,3,0,1,0
419249,4220,0.0,0.0,0.0,7,1,1,2,6,0,1,0
419399,4760,0.0,0.0,0.0,5,1,1,1,3,0,2,0
419642,3006,0.0,0.0,0.0,3,2,1,1,1,0,2,0
420330,4926,0.0,4.0,1.0,2,1,1,1,1,0,1,0
420617,3885,0.0,3.0,1.0,4,1,1,1,3,0,1,0
421426,4022,0.0,5.0,0.0,21,5,1,5,18,0,1,2
422328,3310,0.0,3.0,0.0,2,1,1,1,1,0,1,0
42240,3225,0.0,0.0,0.0,4,2,1,1,3,0,1,0
422433,3376,0.0,5.0,0.0,1,1,1,1,0,0,1,0
422491,2926,0.0,4.0,1.0,4,1,1,1,3,0,1,0
422582,4173,0.0,0.0,0.0,10,3,3,2,8,0,1,1
422819,310,0.0,2.0,0.0,6,1,1,3,5,0,1,0
423006,4368,0.0,4.0,1.0,44,18,4,2,36,0,4,4
423594,4079,0.0,3.0,1.0,3,1,1,1,1,0,2,0
423684,4950,0.0,3.0,2.0,14,2,2,2,12,0,2,0
424026,4659,0.0,0.0,0.0,11,4,3,1,10,0,1,0
42541,1726,0.0,3.0,0.0,1,1,1,1,0,0,1,0
42643,2436,0.0,4.0,2.0,41,22,7,3,36,0,5,0
42790,361,0.0,3.0,0.0,2,1,1,1,1,0,1,0
43266,4408,0.0,4.0,0.0,5,1,1,1,4,0,1,0
43273,1679,0.0,3.0,0.0,11,7,2,1,10,0,1,0
43321,3828,0.0,0.0,0.0,102,38,6,13,99,0,3,0
43343,2669,0.0,4.0,0.0,9,6,3,2,8,0,1,0
43353,2482,0.0,4.0,1.0,11,3,3,2,7,0,3,1
43851,3288,0.0,4.0,0.0,3,1,1,1,2,0,1,0
44981,4491,0.0,4.0,0.0,2,1,1,2,1,0,1,0
4505,3578,0.0,0.0,1.0,6,3,2,1,5,0,1,0
45057,4760,0.0,5.0,1.0,8,4,3,2,7,0,1,0
46076,1910,0.0,3.0,0.0,22,15,6,1,20,0,2,0
4640,3085,0.0,4.0,0.0,4,1,1,1,3,0,1,0
46404,219,0.0,3.0,0.0,7,1,1,1,5,0,2,0
46445,598,0.0,2.0,1.0,5,1,1,1,4,0,1,0
46460,3609,0.0,5.0,2.0,10,3,1,1,8,0,2,0
46753,1956,0.0,3.0,0.0,4,2,1,1,3,0,1,0
47559,3734,0.0,6.0,0.0,1,1,1,1,0,0,1,0
47734,4545,0.0,6.0,0.0,7,2,2,1,6,0,1,0
47986,1555,0.0,4.0,0.0,3,1,1,1,1,0,1,1
50122,141,0.0,3.0,0.0,6,2,1,1,5,0,1,0
50233,1742,0.0,6.0,0.0,10,5,1,2,9,0,1,0
50419,129,0.0,6.0,0.0,4,1,1,2,3,0,1,0
50526,2403,0.0,3.0,0.0,12,7,4,2,9,0,3,0
50530,962,0.0,2.0,0.0,2,2,2,2,1,0,1,0
51065,152,0.0,4.0,0.0,12,2,2,1,11,0,1,0
51116,1200,0.0,4.0,0.0,2,1,1,1,0,0,2,0
51576,1911,0.0,6.0,1.0,7,4,1,1,6,0,1,0
51709,4043,0.0,2.0,1.0,11,7,4,3,5,0,2,4
5176,2318,0.0,6.0,1.0,2,1,1,1,1,0,1,0
51849,4361,0.0,0.0,0.0,2,1,1,1,1,0,1,0
52011,114,0.0,3.0,0.0,13,4,4,3,10,0,1,2
52745,1103,0.0,0.0,0.0,1,1,1,1,0,0,1,0
52920,310,0.0,0.0,0.0,1,1,1,1,0,0,1,0
5352,4427,0.0,0.0,1.0,7,2,2,4,6,0,1,0
53917,2664,0.0,3.0,0.0,13,7,1,3,12,0,1,0
54298,724,0.0,6.0,0.0,11,4,1,1,10,0,1,0
54855,1840,0.0,4.0,0.0,2,1,1,1,1,0,1,0
54913,4091,0.0,3.0,0.0,6,1,1,1,4,0,2,0
55303,643,0.0,3.0,0.0,5,1,1,1,4,0,1,0
55484,326,0.0,2.0,1.0,11,2,1,2,10,0,1,0
55563,416,0.0,0.0,0.0,3,1,1,1,2,0,1,0
56178,2140,0.0,6.0,0.0,8,2,1,1,6,0,2,0
5674,972,0.0,5.0,1.0,3,1,1,2,2,0,1,0
5687,2876,0.0,3.0,0.0,4,2,1,2,3,0,1,0
56909,1016,0.0,6.0,0.0,13,4,2,2,12,0,1,0
57433,429,0.0,3.0,0.0,4,2,1,4,2,0,1,1
58338,3410,1.0,6.0,1.0,2,1,1,2,1,0,1,0
58738,3906,0.0,2.0,0.0,11,1,1,3,9,0,1,1
59092,3878,1.0,5.0,0.0,3,1,1,1,1,0,2,0
59360,1592,0.0,2.0,0.0,4,3,2,2,3,0,1,0
59610,4072,0.0,2.0,0.0,12,2,2,2,11,0,1,0
59680,4270,0.0,4.0,0.0,11,6,3,2,8,0,3,0
59729,4864,0.0,6.0,0.0,8,2,1,2,7,0,1,0
5997,4044,0.0,4.0,1.0,30,9,4,3,29,0,1,0
60180,3433,0.0,5.0,2.0,4,1,1,1,3,0,1,0
60622,4234,0.0,0.0,0.0,13,7,3,1,10,0,3,0
60630,1283,0.0,0.0,0.0,6,5,2,2,4,0,2,0
61196,1500,0.0,3.0,0.0,44,12,2,5,37,0,3,4
61457,1346,0.0,4.0,1.0,7,6,1,2,6,0,1,0
6148,3655,0.0,0.0,0.0,5,4,1,1,4,0,1,0
61685,1923,0.0,6.0,1.0,2,1,1,1,1,0,1,0
61735,3041,0.0,0.0,0.0,14,5,2,1,12,0,2,0
62078,141,0.0,2.0,0.0,2,1,1,1,1,0,1,0
62258,4090,0.0,3.0,0.0,6,2,1,1,5,0,1,0
62393,4305,0.0,2.0,0.0,4,1,1,1,3,0,1,0
62535,2193,1.0,3.0,1.0,5,2,1,1,4,0,1,0
6254,962,0.0,5.0,0.0,16,8,5,4,15,0,1,0
62669,2154,0.0,5.0,1.0,7,3,1,1,5,0,2,0
62713,4848,0.0,0.0,0.0,29,4,2,5,26,0,2,1
62868,532,0.0,4.0,1.0,19,8,3,5,18,0,1,0
63276,4605,0.0,6.0,1.0,1,1,1,1,0,0,1,0
6370,1168,0.0,3.0,0.0,8,1,1,2,7,0,1,0
63844,2108,0.0,0.0,1.0,1,1,1,1,0,0,1,0
63933,3915,0.0,3.0,1.0,5,3,3,1,4,0,1,0
64309,2397,0.0,3.0,0.0,30,16,5,2,28,0,2,0
65433,246,0.0,5.0,0.0,5,1,1,3,3,0,1,1
65914,63,0.0,4.0,1.0,9,3,3,2,8,0,1,0
66214,2935,0.0,2.0,0.0,5,1,1,2,4,0,1,0
66675,4943,0.0,5.0,0.0,39,22,4,2,34,0,4,1
67053,317,0.0,null,null,4,2,2,2,3,0,1,0
67394,4042,0.0,4.0,0.0,2,1,1,1,1,0,1,0
67655,4371,0.0,2.0,1.0,5,2,1,1,4,0,1,0
6790,1895,0.0,0.0,0.0,20,9,6,1,14,0,6,0
680,4950,0.0,3.0,2.0,5,4,2,2,3,0,2,0
68604,1884,0.0,4.0,1.0,4,3,1,2,3,0,1,0
68847,1346,0.0,2.0,1.0,22,7,1,4,19,0,2,1
68968,3657,0.0,2.0,1.0,2,1,1,1,1,0,1,0
69084,1605,0.0,3.0,1.0,7,2,1,1,6,0,1,0
69168,1322,0.0,4.0,0.0,7,2,1,2,5,0,2,0
69226,2022,1.0,3.0,0.0,5,3,1,1,4,0,1,0
69713,2031,0.0,5.0,0.0,4,2,2,1,2,0,2,0
70155,4044,0.0,0.0,0.0,23,14,3,2,22,0,1,0
71248,127,0.0,2.0,0.0,11,4,3,1,10,0,1,0
71396,121,1.0,5.0,0.0,34,15,5,1,30,0,4,0
7142,3828,0.0,4.0,2.0,18,6,3,3,15,0,3,0
71424,1618,0.0,5.0,0.0,5,2,2,1,3,0,2,0
71535,3191,0.0,6.0,0.0,1,1,1,1,0,0,1,0
71833,4318,0.0,7.0,0.0,14,3,2,4,12,0,2,0
72138,1143,0.0,0.0,0.0,8,2,1,3,7,0,1,0
72420,2730,0.0,3.0,0.0,2,1,1,2,0,0,1,1
72483,4525,1.0,5.0,0.0,64,29,1,2,60,0,4,0
72640,3472,0.0,7.0,1.0,3,1,1,1,2,0,1,0
72936,3809,0.0,0.0,1.0,15,2,2,2,11,0,4,0
73558,1916,0.0,5.0,1.0,17,7,3,4,13,0,2,2
73583,361,0.0,6.0,1.0,28,7,1,3,25,0,1,2
73974,824,1.0,0.0,0.0,7,2,1,2,5,0,1,1
74053,2854,0.0,3.0,1.0,6,1,1,2,5,0,1,0
74423,1501,0.0,3.0,0.0,8,3,1,4,4,0,1,3
74973,1116,0.0,6.0,0.0,14,5,3,1,12,0,2,0
75147,4234,0.0,0.0,1.0,13,3,1,4,10,0,1,2
75650,1203,1.0,5.0,1.0,8,3,3,1,6,0,1,1
75655,4425,0.0,5.0,0.0,3,1,1,1,2,0,1,0
75683,1840,1.0,6.0,0.0,2,1,1,1,1,0,1,0
75873,1407,0.0,6.0,0.0,5,3,1,1,4,0,1,0
76103,4976,0.0,4.0,0.0,4,2,2,2,3,0,1,0
77317,598,0.0,2.0,1.0,7,4,3,3,6,0,1,0
77697,4976,0.0,6.0,0.0,4,1,1,1,3,0,1,0
77770,2447,0.0,0.0,0.0,11,8,1,1,9,0,2,0
78404,3959,0.0,3.0,0.0,7,1,1,1,4,0,3,0
78480,152,0.0,4.0,0.0,3,1,1,2,2,0,1,0
78682,4249,0.0,0.0,0.0,4,2,1,1,3,0,1,0
79096,1332,0.0,3.0,2.0,12,5,2,1,11,0,1,0
79101,3822,0.0,2.0,0.0,16,9,2,2,14,0,1,1
79570,1892,0.0,4.0,0.0,12,8,5,2,11,0,1,0
79657,361,0.0,6.0,1.0,2,1,1,1,1,0,1,0
79702,1997,0.0,6.0,1.0,2,1,1,1,1,0,1,0
79821,4747,0.0,0.0,0.0,2,1,1,1,1,0,1,0
80702,2664,0.0,3.0,0.0,16,1,1,1,14,0,2,0
8081,4519,0.0,4.0,1.0,6,1,1,1,5,0,1,0
81708,4976,0.0,5.0,0.0,8,3,3,3,7,0,1,0
818,3291,0.0,0.0,0.0,3,1,1,1,2,0,1,0
82157,3022,0.0,3.0,1.0,11,2,2,3,10,0,1,0
82354,2102,1.0,3.0,0.0,22,9,4,3,19,0,2,1
82478,3578,0.0,3.0,0.0,2,1,1,1,1,0,1,0
82910,3181,0.0,0.0,0.0,4,1,1,3,3,0,1,0
83074,1487,0.0,0.0,0.0,17,5,1,1,16,0,1,0
83141,4818,0.0,0.0,1.0,16,11,7,3,12,0,4,0
83205,4864,0.0,4.0,1.0,3,1,1,1,2,0,1,0
83482,2776,0.0,0.0,0.0,12,3,3,2,9,0,2,1
84024,1370,0.0,6.0,0.0,2,1,1,1,0,0,2,0
84774,4485,0.0,2.0,null,3,1,1,1,2,0,1,0
84906,3822,0.0,3.0,0.0,2,1,1,1,1,0,1,0
8523,3323,1.0,3.0,1.0,15,5,1,2,14,0,1,0
85472,3080,0.0,2.0,1.0,8,3,2,1,6,0,2,0
8582,4090,0.0,0.0,0.0,49,22,1,11,45,0,1,3
85832,4137,0.0,2.0,0.0,7,1,1,1,6,0,1,0
86170,747,0.0,3.0,0.0,16,6,1,3,14,0,1,1
86330,2556,0.0,0.0,0.0,10,4,3,3,9,0,1,0
86387,2138,0.0,6.0,0.0,11,3,2,1,9,0,2,0
8668,2099,0.0,5.0,0.0,7,2,2,2,4,0,1,2
86810,2469,0.0,0.0,0.0,13,3,2,3,10,0,1,2
86998,2031,0.0,3.0,1.0,6,4,2,1,5,0,1,0
87810,4864,0.0,5.0,0.0,15,5,2,1,12,0,3,0
87968,4335,0.0,7.0,0.0,5,2,1,1,4,0,1,0
88516,4735,0.0,4.0,1.0,5,3,1,1,4,0,1,0
88593,1123,0.0,3.0,0.0,2,1,1,1,1,0,1,0
89630,1102,0.0,2.0,0.0,15,5,2,2,13,0,1,1
8990,3462,0.0,0.0,0.0,2,1,1,1,1,0,1,0
90645,687,0.0,3.0,0.0,2,1,1,1,0,0,1,1
90666,4040,0.0,3.0,1.0,3,1,1,2,2,0,1,0
90993,2744,0.0,4.0,0.0,4,2,2,3,3,0,1,0
91180,3645,0.0,5.0,1.0,25,9,3,2,17,0,5,3
91583,1923,0.0,3.0,0.0,3,1,1,1,2,0,1,0
91767,3588,0.0,0.0,0.0,7,2,1,1,5,0,2,0
9213,2454,0.0,5.0,0.0,2,1,1,1,0,0,1,1
92238,4394,0.0,0.0,0.0,4,2,1,1,3,0,1,0
92844,3545,0.0,4.0,0.0,5,2,1,1,4,0,1,0
92857,3013,0.0,2.0,0.0,11,4,1,1,8,0,1,2
93069,3236,0.0,2.0,0.0,2,1,1,1,1,0,1,0
93099,1060,0.0,4.0,0.0,2,1,1,2,1,0,1,0
93186,4504,0.0,5.0,2.0,6,2,1,1,5,0,1,0
93261,598,0.0,3.0,0.0,3,2,1,1,2,0,1,0
93495,2158,0.0,0.0,0.0,16,9,9,1,11,0,5,0
93649,2821,0.0,5.0,1.0,12,2,2,2,10,0,2,0
93891,3839,0.0,3.0,2.0,7,4,2,3,4,0,2,1
9395,3477,0.0,0.0,0.0,2,1,1,2,1,0,1,0
94101,4042,0.0,3.0,null,4,2,1,2,3,0,1,0
94422,3168,0.0,3.0,1.0,4,2,1,2,3,0,1,0
94631,1738,0.0,4.0,1.0,12,3,2,4,11,0,1,0
95152,161,0.0,4.0,1.0,14,4,2,4,11,0,2,1
95382,293,1.0,4.0,0.0,6,4,2,1,5,0,1,0
95390,343,0.0,0.0,0.0,12,4,4,3,8,0,2,2
95754,3971,0.0,4.0,0.0,4,1,1,2,3,0,1,0
9658,459,0.0,3.0,1.0,8,1,1,2,7,0,1,0
96931,4427,0.0,3.0,1.0,1,1,1,1,0,0,1,0
9706,2700,0.0,6.0,1.0,28,15,4,2,27,0,1,0
97324,2571,0.0,0.0,0.0,3,1,1,1,2,0,1,0
98041,2879,0.0,6.0,0.0,3,1,1,1,2,0,1,0
98506,1875,0.0,0.0,1.0,5,3,1,1,4,0,1,0
98526,1352,0.0,0.0,0.0,4,1,1,1,3,0,1,0
98863,1393,1.0,5.0,1.0,1,1,1,1,0,0,1,0
99572,2006,0.0,6.0,1.0,4,1,1,1,3,0,1,0
99734,4960,0.0,3.0,0.0,4,2,2,1,3,0,1,0
