100372,2465,0.0,3.0,0.0,3,2,2,2,2,0,1,0
100481,4558,0.0,2.0,0.0,3,1,1,2,1,0,1,1
100559,2562,0.0,4.0,0.0,1,1,1,1,0,0,1,0
101041,3263,0.0,6.0,1.0,7,1,1,2,6,0,1,0
101305,1679,0.0,6.0,0.0,7,4,4,1,3,0,4,0
101640,415,0.0,2.0,0.0,18,5,4,2,14,0,2,2
101714,1895,0.0,2.0,0.0,3,1,1,1,2,0,1,0
102197,252,0.0,4.0,1.0,3,2,1,1,2,0,1,0
102520,606,0.0,4.0,2.0,35,13,3,3,31,0,1,3
103233,66,1.0,0.0,0.0,8,4,2,1,6,0,2,0
103428,2217,0.0,3.0,0.0,12,4,1,3,8,0,1,3
103877,4336,0.0,6.0,2.0,8,3,1,4,4,0,1,3
104176,1412,0.0,7.0,1.0,3,1,1,1,2,0,1,0
104532,4830,1.0,4.0,1.0,4,2,1,2,2,0,1,1
104931,361,0.0,2.0,0.0,22,8,1,2,18,0,1,3
105523,3734,0.0,3.0,0.0,65,25,7,8,58,0,1,6
106267,685,0.0,0.0,1.0,3,1,1,1,2,0,1,0
106312,3925,0.0,5.0,0.0,27,13,3,4,26,0,1,0
106407,586,0.0,3.0,0.0,1,1,1,1,0,0,1,0
106594,740,0.0,7.0,1.0,10,4,1,2,8,1,1,0
106936,606,0.0,3.0,0.0,14,7,4,4,13,0,1,0
107086,1423,0.0,0.0,0.0,3,1,1,2,2,0,1,0
107693,227,0.0,6.0,0.0,6,1,1,2,4,1,1,0
107821,4044,0.0,2.0,0.0,42,16,5,5,38,0,1,3
108148,3629,0.0,5.0,0.0,21,12,1,1,20,0,1,0
1084,4346,0.0,4.0,1.0,16,8,4,1,15,0,1,0
108581,2450,0.0,4.0,1.0,8,1,1,1,7,0,1,0
109298,1618,0.0,6.0,0.0,7,4,1,1,6,0,1,0
10961,1067,1.0,3.0,0.0,2,1,1,1,1,0,1,0
109709,1963,0.0,4.0,1.0,61,27,1,2,58,0,1,2
10974,2693,0.0,4.0,0.0,15,4,2,2,13,0,2,0
110302,4268,0.0,0.0,0.0,24,10,3,8,21,0,1,2
110319,1407,0.0,4.0,1.0,3,2,1,1,2,0,1,0
11033,4090,0.0,3.0,0.0,5,1,1,3,3,0,1,1
11038,2273,0.0,3.0,0.0,36,9,1,4,34,0,1,1
110395,2082,1.0,0.0,0.0,8,4,1,2,7,0,1,0
110509,4847,0.0,7.0,0.0,53,36,9,13,36,0,1,16
110653,2565,0.0,0.0,0.0,7,2,1,3,6,0,1,0
110709,3545,0.0,5.0,1.0,9,6,1,1,8,0,1,0
111446,3241,0.0,5.0,0.0,8,1,1,2,6,0,2,0
11164,4818,0.0,0.0,0.0,65,24,8,12,63,0,2,0
112002,4173,1.0,4.0,0.0,5,4,3,3,4,0,1,0
112002,962,0.0,4.0,0.0,2,1,1,1,1,0,1,0
112233,586,1.0,4.0,2.0,128,68,12,6,85,0,2,41
112245,1407,0.0,2.0,1.0,49,18,1,4,45,0,2,2
112727,4118,0.0,3.0,0.0,7,2,1,1,6,0,1,0
112941,1911,0.0,6.0,0.0,4,2,2,1,2,1,1,0
113158,3291,0.0,3.0,1.0,2,1,1,1,0,0,2,0
113236,4933,0.0,0.0,0.0,5,1,1,2,3,0,1,1
113648,4245,0.0,5.0,1.0,3,1,1,1,2,0,1,0
114514,3614,0.0,0.0,0.0,1,1,1,1,0,0,1,0
114566,145,0.0,3.0,0.0,5,4,1,1,4,0,1,0
114680,960,0.0,0.0,0.0,11,6,1,2,9,0,2,0
114903,4850,0.0,5.0,0.0,5,5,4,1,0,0,4,1
115017,4140,0.0,4.0,2.0,26,8,2,1,23,0,3,0
11526,2328,0.0,6.0,1.0,4,1,1,1,2,0,2,0
115418,2799,0.0,0.0,0.0,2,1,1,1,1,0,1,0
115902,2913,0.0,0.0,0.0,8,3,3,1,6,1,1,0
116148,1892,0.0,0.0,0.0,35,23,8,2,31,0,4,0
11656,1500,0.0,6.0,1.0,13,4,2,4,12,0,1,0
116861,2145,0.0,5.0,1.0,7,1,1,1,6,0,1,0
117072,3341,0.0,0.0,0.0,7,1,1,3,5,0,1,1
117566,1090,0.0,3.0,0.0,22,1,1,2,21,0,1,0
117658,3912,0.0,4.0,0.0,4,1,1,1,3,0,1,0
118466,63,0.0,3.0,0.0,7,1,1,2,6,0,1,0
118754,685,0.0,4.0,0.0,7,1,1,1,6,0,1,0
119033,1840,0.0,6.0,0.0,2,1,1,1,1,0,1,0
119653,4195,0.0,4.0,1.0,3,1,1,1,2,0,1,0
119904,685,0.0,4.0,0.0,29,10,2,3,26,0,1,2
119984,3411,1.0,3.0,0.0,10,3,1,2,8,0,2,0
12033,2193,0.0,2.0,0.0,2,1,1,1,1,0,1,0
120532,3356,0.0,5.0,0.0,5,3,1,2,4,0,1,0
120981,794,0.0,0.0,0.0,4,3,1,1,3,0,1,0
121013,2266,0.0,3.0,1.0,20,3,1,2,18,0,1,1
121016,2203,0.0,0.0,0.0,3,1,1,1,2,0,1,0
12120,4976,0.0,2.0,0.0,1,1,1,1,0,0,1,0
121717,3839,0.0,0.0,0.0,22,6,2,1,20,0,2,0
121794,2545,0.0,2.0,0.0,13,6,3,2,11,0,2,0
121863,4143,0.0,4.0,0.0,1,1,1,1,0,0,1,0
122281,4947,1.0,0.0,1.0,16,4,2,3,14,0,1,1
122401,4173,0.0,2.0,0.0,2,1,1,1,1,0,1,0
122658,1760,1.0,5.0,0.0,6,1,1,1,4,0,2,0
12290,3990,0.0,3.0,1.0,2,1,1,1,1,0,1,0
122987,503,0.0,0.0,1.0,7,5,2,1,6,0,1,0
123583,1712,0.0,2.0,1.0,8,1,1,3,6,0,1,1
123896,4026,0.0,3.0,0.0,1,1,1,1,0,0,1,0
12431,4705,0.0,0.0,0.0,1,1,1,1,0,0,1,0
124446,4864,0.0,0.0,0.0,2,1,1,1,1,0,1,0
124741,2545,0.0,2.0,1.0,38,14,5,4,35,2,1,0
124873,390,0.0,3.0,0.0,8,4,3,1,7,0,1,0
125597,4966,1.0,3.0,0.0,1,1,1,1,0,0,1,0
125620,1477,0.0,5.0,0.0,3,2,1,2,2,0,1,0
12591,316,0.0,3.0,1.0,3,1,1,1,2,0,1,0
126113,1755,0.0,0.0,0.0,2,1,1,1,0,0,2,0
126329,1875,0.0,5.0,0.0,1,1,1,1,0,0,1,0
126839,4173,0.0,0.0,0.0,33,16,4,4,31,1,1,0
127335,4372,0.0,0.0,0.0,8,2,2,1,5,0,1,2
127579,4648,0.0,0.0,0.0,4,1,1,1,3,0,1,0
12760,1997,0.0,0.0,0.0,8,5,4,1,6,0,2,0
127642,548,0.0,4.0,1.0,16,6,1,6,15,0,1,0
127780,742,0.0,2.0,0.0,9,4,2,1,8,0,1,0
129026,1495,0.0,3.0,0.0,16,6,1,3,13,0,1,2
129115,503,0.0,3.0,1.0,32,4,1,3,29,0,1,2
129123,1102,0.0,7.0,0.0,23,15,1,3,22,0,1,0
129464,1661,0.0,6.0,0.0,3,1,1,1,2,0,1,0
129862,1359,0.0,null,null,2,1,1,1,1,0,1,0
129877,1861,0.0,4.0,0.0,2,1,1,1,1,0,1,0
13056,3578,0.0,4.0,0.0,4,2,1,1,3,0,1,0
131529,2928,0.0,5.0,0.0,4,1,1,1,2,1,1,0
131643,1051,0.0,2.0,0.0,2,1,1,1,0,0,1,1
132071,3318,1.0,6.0,0.0,42,9,4,3,32,0,5,5
132368,962,0.0,2.0,0.0,5,2,1,1,3,0,1,1
132427,3143,0.0,0.0,1.0,12,7,1,2,9,0,1,2
132467,3727,0.0,4.0,0.0,8,5,1,1,7,0,1,0
132643,2891,0.0,4.0,0.0,11,3,1,3,10,0,1,0
132966,112,0.0,3.0,0.0,2,1,1,1,1,0,1,0
133044,946,0.0,0.0,0.0,8,2,1,4,5,0,2,1
133060,3784,0.0,2.0,0.0,5,1,1,1,4,0,1,0
133447,1892,0.0,0.0,0.0,21,4,3,1,19,0,2,0
133498,2353,0.0,5.0,1.0,6,1,1,1,5,0,1,0
133564,4525,0.0,4.0,0.0,2,1,1,1,1,0,1,0
134168,4044,0.0,3.0,0.0,5,1,1,2,4,0,1,0
134207,2217,0.0,0.0,1.0,4,1,1,2,2,0,1,1
134269,2283,0.0,3.0,0.0,4,1,1,1,2,0,1,1
13442,721,0.0,3.0,1.0,9,1,1,1,8,0,1,0
134840,3734,0.0,3.0,0.0,19,4,2,5,17,0,1,1
134889,2193,0.0,5.0,0.0,3,1,1,1,2,0,1,0
135095,3655,0.0,3.0,0.0,3,1,1,1,2,0,1,0
135226,1760,0.0,2.0,0.0,24,5,2,3,18,0,3,3
135235,3734,0.0,5.0,0.0,3,2,2,1,2,0,1,0
135309,2149,0.0,6.0,0.0,7,3,1,2,6,0,1,0
135478,1565,0.0,3.0,0.0,26,9,1,6,25,0,1,0
1361,4654,0.0,0.0,null,4,1,1,1,3,0,1,0
136236,3433,0.0,4.0,1.0,3,1,1,1,2,0,1,0
137379,946,0.0,0.0,null,21,11,3,1,20,0,1,0
137668,4173,1.0,4.0,0.0,59,18,8,7,56,0,1,2
137873,897,0.0,0.0,0.0,6,3,1,1,5,0,1,0
137938,2824,0.0,5.0,2.0,8,5,2,4,7,0,1,0
138889,2579,0.0,4.0,1.0,8,2,1,2,7,0,1,0
138965,4840,0.0,5.0,0.0,7,3,2,2,5,0,1,1
139157,1346,0.0,3.0,0.0,16,1,1,2,14,0,1,1
139254,968,0.0,3.0,1.0,7,2,1,3,5,0,1,1
139539,2569,0.0,0.0,0.0,1,1,1,1,0,0,1,0
139564,323,0.0,6.0,0.0,12,5,1,2,9,0,1,2
139645,2217,0.0,2.0,0.0,2,1,1,2,0,0,1,1
139695,2036,0.0,3.0,1.0,1,1,1,1,0,0,1,0
139696,4858,0.0,4.0,1.0,2,1,1,1,1,0,1,0
13998,2569,0.0,4.0,1.0,2,2,1,1,0,0,2,0
14012,3954,0.0,0.0,1.0,2,1,1,1,1,0,1,0
140142,2482,1.0,6.0,0.0,12,6,4,6,9,0,1,2
140319,4388,1.0,5.0,0.0,2,2,1,1,0,0,2,0
140492,1412,0.0,3.0,0.0,5,2,2,3,3,0,1,1
140860,738,0.0,0.0,0.0,4,1,1,1,3,0,1,0
1410,1900,0.0,3.0,0.0,5,2,2,1,4,0,1,0
141062,4048,0.0,4.0,0.0,1,1,1,1,0,0,1,0
141356,3536,0.0,5.0,0.0,11,2,2,1,10,0,1,0
141399,1769,0.0,2.0,0.0,1,1,1,1,0,0,1,0
141548,2108,0.0,3.0,0.0,14,5,3,2,13,0,1,0
142374,1561,0.0,3.0,0.0,8,1,1,1,7,0,1,0
143124,598,0.0,4.0,1.0,7,3,2,1,6,0,1,0
143411,3936,0.0,0.0,1.0,2,1,1,1,1,0,1,0
143557,1346,1.0,4.0,0.0,18,6,1,3,13,0,2,3
143687,1500,0.0,2.0,1.0,2,1,1,1,1,0,1,0
143812,4976,0.0,0.0,1.0,15,10,4,1,13,0,2,0
143855,2565,0.0,7.0,0.0,7,3,1,2,6,0,1,0
1439,4976,0.0,2.0,0.0,14,7,3,1,13,0,1,0
14426,1393,1.0,5.0,0.0,6,3,2,2,5,0,1,0
144304,1102,0.0,4.0,0.0,16,10,4,1,15,0,1,0
144538,1659,0.0,0.0,0.0,4,2,1,1,3,0,1,0
14458,3055,0.0,3.0,1.0,4,1,1,1,3,0,1,0
144603,2403,0.0,6.0,0.0,3,3,1,1,0,0,3,0
145500,3319,0.0,4.0,2.0,2,1,1,1,1,0,1,0
145503,2583,0.0,3.0,0.0,4,2,1,2,2,0,2,0
145608,4992,0.0,0.0,1.0,7,4,1,1,6,0,1,0
14586,2124,0.0,4.0,1.0,9,7,2,3,8,0,1,0
145861,2808,0.0,3.0,1.0,2,1,1,1,1,0,1,0
146015,3723,0.0,2.0,0.0,5,3,1,2,3,0,2,0
146105,1474,0.0,2.0,null,4,1,1,1,3,0,1,0
146127,3451,1.0,4.0,0.0,4,1,1,1,2,0,2,0
146708,4079,0.0,2.0,0.0,10,2,1,3,9,0,1,0
146877,1861,0.0,3.0,0.0,7,2,1,1,6,0,1,0
147285,3057,0.0,0.0,0.0,7,5,3,2,6,0,1,0
147602,1437,0.0,5.0,1.0,3,1,1,1,2,0,1,0
148025,1124,0.0,3.0,0.0,3,1,1,1,2,0,1,0
148733,3236,0.0,3.0,0.0,9,4,1,1,7,0,2,0
14957,4427,0.0,4.0,0.0,23,15,5,3,22,0,1,0
149803,3055,0.0,3.0,2.0,5,1,1,1,4,0,1,0
150041,3057,0.0,0.0,0.0,10,5,4,4,9,0,1,0
150351,3545,0.0,3.0,1.0,13,9,1,1,11,0,2,0
150398,416,0.0,6.0,0.0,13,6,1,2,12,0,1,0
150544,3984,0.0,6.0,0.0,20,15,5,2,19,0,1,0
150941,2891,0.0,3.0,1.0,15,5,1,2,14,0,1,0
150964,4258,0.0,0.0,1.0,6,1,1,2,5,0,1,0
151941,3085,0.0,4.0,0.0,13,4,2,4,12,0,1,0
151989,429,0.0,3.0,1.0,1,1,1,1,0,0,1,0
152060,3398,0.0,4.0,0.0,5,1,1,1,2,0,2,1
152129,4512,0.0,4.0,0.0,12,9,1,1,11,0,1,0
15216,2217,0.0,0.0,1.0,16,4,1,3,15,0,1,0
15218,4468,0.0,3.0,1.0,1,1,1,1,0,0,1,0
152663,2356,0.0,7.0,0.0,2,1,1,1,1,0,1,0
152803,4891,0.0,0.0,0.0,4,1,1,1,3,0,1,0
153970,2193,0.0,0.0,0.0,4,2,1,1,3,0,1,0
154122,3080,0.0,2.0,1.0,4,1,1,2,3,0,1,0
15428,510,0.0,4.0,0.0,14,2,1,2,13,0,1,0
15442,2742,0.0,4.0,1.0,30,6,4,1,28,0,2,0
154515,3016,1.0,0.0,1.0,69,44,10,6,66,0,3,0
154549,3828,0.0,5.0,0.0,21,13,7,4,19,0,2,0
155135,2099,0.0,0.0,0.0,5,2,2,2,4,0,1,0
155172,3098,0.0,2.0,null,2,1,1,1,1,0,1,0
155288,1667,0.0,0.0,0.0,22,14,7,3,21,0,1,0
155431,3853,0.0,0.0,0.0,9,4,2,2,8,0,1,0
155915,3826,0.0,0.0,null,2,1,1,1,1,0,1,0
156296,3843,0.0,6.0,0.0,4,1,1,3,2,0,1,1
157097,3105,0.0,3.0,0.0,41,12,3,2,36,0,5,0
157593,4282,0.0,3.0,1.0,60,21,7,7,58,0,1,1
157963,682,1.0,3.0,1.0,3,1,1,1,2,0,1,0
158405,3074,0.0,3.0,0.0,25,6,4,1,21,0,4,0
158412,3576,0.0,4.0,1.0,3,1,1,1,2,0,1,0
158659,152,0.0,0.0,0.0,1,1,1,1,0,0,1,0
158678,4992,0.0,4.0,1.0,12,5,1,1,5,0,2,5
158963,4744,0.0,3.0,0.0,13,3,1,2,11,0,1,1
159582,1530,0.0,3.0,0.0,4,1,1,1,3,0,1,0
159960,790,0.0,2.0,0.0,13,6,4,4,11,0,1,1
161438,350,0.0,3.0,0.0,1,1,1,1,0,0,1,0
161530,4427,0.0,4.0,1.0,2,1,1,1,1,0,1,0
161684,3105,0.0,0.0,1.0,3,1,1,1,2,0,1,0
162091,1673,0.0,2.0,1.0,7,2,2,1,6,0,1,0
162296,4438,0.0,4.0,0.0,6,1,1,2,5,0,1,0
162311,1760,0.0,5.0,0.0,2,1,1,1,1,0,1,0
162831,2082,0.0,0.0,0.0,16,4,2,3,15,0,1,0
162914,1187,0.0,3.0,1.0,4,2,1,1,3,0,1,0
163474,4044,0.0,3.0,0.0,6,2,1,1,5,0,1,0
164007,3955,0.0,3.0,0.0,6,1,1,2,5,0,1,0
164304,2639,0.0,6.0,0.0,31,21,9,3,28,0,3,0
16501,4508,1.0,4.0,0.0,2,1,1,1,1,0,1,0
165363,415,0.0,0.0,0.0,2,1,1,1,1,0,1,0
165545,4648,1.0,2.0,0.0,26,9,2,2,22,0,4,0
165812,1640,0.0,6.0,1.0,11,2,2,1,9,0,2,0
165865,4234,0.0,4.0,1.0,1,1,1,1,0,0,1,0
166166,2608,0.0,2.0,1.0,3,1,1,2,2,0,1,0
166663,4044,0.0,0.0,0.0,4,1,1,2,3,0,1,0
167406,3227,0.0,5.0,1.0,7,1,1,2,5,0,1,1
167455,500,0.0,7.0,1.0,19,3,2,4,18,0,1,0
167826,2229,0.0,2.0,0.0,23,5,3,2,20,0,1,2
167865,346,0.0,5.0,1.0,6,3,2,2,5,0,1,0
167969,4864,0.0,0.0,0.0,16,11,2,2,14,0,2,0
168065,1963,0.0,4.0,0.0,13,4,1,2,12,0,1,0
168195,234,0.0,2.0,0.0,6,1,1,2,4,0,1,1
168342,191,0.0,3.0,1.0,4,2,2,1,2,0,2,0
168551,4433,0.0,3.0,0.0,3,1,1,1,2,0,1,0
168921,2929,1.0,0.0,0.0,7,2,1,1,6,0,1,0
16912,4424,1.0,3.0,1.0,15,8,3,3,13,0,1,1
170321,2755,0.0,6.0,1.0,12,4,3,1,10,0,2,0
170330,2409,0.0,0.0,0.0,2,1,1,1,1,0,1,0
170882,1162,1.0,4.0,0.0,20,11,5,3,17,0,3,0
171327,1574,0.0,2.0,0.0,7,4,1,1,6,0,1,0
171474,3472,0.0,2.0,1.0,2,1,1,1,1,0,1,0
171561,4605,1.0,3.0,0.0,8,3,3,1,7,0,1,0
171604,1342,0.0,3.0,0.0,27,6,2,2,25,0,2,0
171978,1618,0.0,3.0,0.0,3,1,1,1,2,0,1,0
172731,3271,0.0,4.0,0.0,2,1,1,1,1,0,1,0
172948,3628,0.0,0.0,2.0,1,1,1,1,0,0,1,0
173402,3042,1.0,4.0,0.0,14,7,6,1,9,0,5,0
173654,4234,0.0,0.0,0.0,1,1,1,1,0,0,1,0
173758,3241,0.0,3.0,1.0,1,1,1,1,0,0,1,0
173942,3022,0.0,0.0,0.0,4,2,1,1,3,0,1,0
17396,323,0.0,5.0,0.0,18,4,1,5,16,0,1,1
174091,4926,0.0,3.0,0.0,18,6,5,4,16,0,1,1
174136,4048,0.0,3.0,0.0,5,2,1,2,4,0,1,0
174637,1939,0.0,3.0,0.0,5,3,1,1,4,0,1,0
174844,2891,0.0,0.0,1.0,28,7,1,1,27,0,1,0
176153,804,0.0,4.0,1.0,15,6,5,1,12,0,3,0
176206,2915,1.0,3.0,0.0,1,1,1,1,0,0,1,0
176643,3163,0.0,2.0,1.0,6,5,2,1,5,0,1,0
176726,3734,0.0,2.0,0.0,6,3,2,2,1,0,2,3
176746,2020,0.0,5.0,0.0,2,1,1,1,1,0,1,0
177304,643,0.0,3.0,0.0,11,4,3,3,10,0,1,0
177414,4049,0.0,4.0,0.0,3,1,1,1,2,0,1,0
177416,1810,1.0,3.0,0.0,24,16,6,4,23,0,1,0
177535,1892,0.0,7.0,0.0,10,5,3,2,8,0,2,0
177794,3828,0.0,5.0,0.0,31,22,8,4,29,0,2,0
178340,1565,0.0,0.0,0.0,23,4,2,4,22,0,1,0
179330,915,0.0,4.0,0.0,18,12,4,5,17,0,1,0
179775,3878,0.0,6.0,0.0,58,16,1,7,55,0,2,1
181691,1738,0.0,6.0,0.0,7,4,3,2,6,0,1,0
181800,1102,1.0,4.0,0.0,15,6,1,6,14,0,1,0
18199,3898,0.0,4.0,1.0,8,1,1,3,6,0,1,1
182142,3085,0.0,0.0,1.0,11,6,2,2,10,0,1,0
182173,4079,0.0,2.0,1.0,3,1,1,1,2,0,1,0
182529,1833,0.0,0.0,0.0,71,20,6,1,66,0,3,2
182799,1884,0.0,3.0,1.0,38,5,3,15,34,0,1,3
183371,827,0.0,3.0,1.0,4,1,1,2,3,0,1,0
183430,3723,0.0,0.0,null,1,1,1,1,0,0,1,0
183551,547,0.0,4.0,1.0,49,6,2,19,47,0,1,1
183639,219,0.0,3.0,0.0,7,1,1,3,5,0,1,1
183806,4864,0.0,5.0,0.0,12,7,1,1,9,0,3,0
183820,503,0.0,4.0,1.0,6,3,2,1,5,0,1,0
184397,1123,0.0,5.0,0.0,8,2,1,2,7,0,1,0
184416,4062,1.0,3.0,1.0,5,1,1,1,4,0,1,0
185420,4871,0.0,2.0,1.0,3,1,1,2,2,0,1,0
185657,275,0.0,3.0,0.0,3,1,1,1,2,0,1,0
185874,2313,0.0,6.0,0.0,2,1,1,1,1,0,1,0
186417,596,0.0,6.0,1.0,7,1,1,1,6,0,1,0
186504,2954,1.0,3.0,0.0,2,1,1,2,0,1,1,0
186557,1116,0.0,0.0,0.0,2,1,1,1,1,0,1,0
186984,4170,0.0,4.0,1.0,4,1,1,2,3,0,1,0
187073,3374,0.0,0.0,0.0,6,2,1,2,5,0,1,0
187143,3635,0.0,0.0,0.0,8,1,1,3,6,0,1,1
18721,829,0.0,6.0,0.0,22,15,3,3,20,0,1,1
187247,2746,0.0,7.0,1.0,11,5,3,1,8,0,3,0
188214,1679,0.0,5.0,1.0,8,3,3,4,6,0,2,0
188584,2447,1.0,0.0,0.0,1,1,1,1,0,0,1,0
188756,1556,0.0,3.0,0.0,2,1,1,1,1,0,1,0
189687,4950,0.0,3.0,1.0,4,2,2,3,2,0,1,1
190960,1200,0.0,0.0,1.0,6,1,1,1,2,0,4,0
191031,2099,0.0,2.0,0.0,1,1,1,1,0,0,1,0
19109,2545,0.0,3.0,0.0,2,1,1,1,1,0,1,0
191121,2031,0.0,4.0,1.0,10,4,2,1,8,0,2,0
191548,2577,0.0,0.0,1.0,13,4,3,2,10,0,2,1
192366,1987,0.0,2.0,1.0,2,1,1,1,1,0,1,0
192557,1712,0.0,6.0,1.0,3,1,1,2,2,0,1,0
193049,2473,0.0,0.0,0.0,8,3,3,1,7,0,1,0
193516,742,0.0,2.0,1.0,5,1,1,2,3,0,1,1
194389,361,0.0,0.0,0.0,15,1,1,2,14,0,1,0
194468,2031,0.0,6.0,0.0,13,1,1,2,12,0,1,0
194490,4090,0.0,5.0,0.0,16,8,1,1,15,0,1,0
19600,2435,0.0,3.0,1.0,16,3,3,6,14,0,2,0
196057,1659,0.0,0.0,1.0,6,2,1,2,4,0,1,1
196285,121,0.0,0.0,0.0,14,7,4,1,12,0,1,1
196396,416,0.0,4.0,0.0,4,2,1,1,2,0,2,0
196751,606,0.0,0.0,0.0,3,1,1,1,2,0,1,0
197167,2277,0.0,0.0,1.0,5,1,1,2,4,0,1,0
197323,3624,1.0,0.0,0.0,7,2,1,4,6,0,1,0
197495,740,0.0,2.0,1.0,6,1,1,1,5,0,1,0
19753,1890,0.0,6.0,0.0,5,1,1,3,4,0,1,0
198330,1352,0.0,2.0,1.0,6,1,1,1,5,0,1,0
1984,1695,0.0,0.0,0.0,13,3,2,2,11,0,1,1
198632,3577,0.0,0.0,0.0,2,1,1,1,1,0,1,0
198947,4949,0.0,2.0,0.0,19,17,9,2,18,0,1,0
198952,1592,1.0,3.0,0.0,11,4,2,1,9,0,2,0
200276,1618,0.0,3.0,0.0,1,1,1,1,0,0,1,0
200300,2565,0.0,2.0,0.0,3,1,1,1,2,0,1,0
200432,4234,0.0,0.0,0.0,3,1,1,1,2,0,1,0
200613,598,0.0,0.0,0.0,11,3,2,4,10,0,1,0
200909,1263,0.0,4.0,0.0,7,3,1,2,5,0,2,0
201506,598,0.0,4.0,0.0,7,2,2,5,6,0,1,0
201899,1899,0.0,0.0,0.0,6,2,1,1,5,0,1,0
201925,3734,0.0,3.0,1.0,7,6,2,1,6,0,1,0
202056,786,0.0,3.0,0.0,11,4,2,2,9,0,1,1
202160,63,0.0,5.0,0.0,55,14,6,14,52,0,3,0
202496,4768,0.0,5.0,1.0,2,1,1,1,1,0,1,0
202527,4976,0.0,0.0,0.0,21,12,3,2,18,0,3,0
202683,3614,0.0,4.0,0.0,2,1,1,1,0,0,1,1
202741,4648,0.0,0.0,0.0,12,3,3,2,9,0,3,0
203464,1499,0.0,4.0,0.0,11,5,3,3,9,0,2,0
203517,3006,0.0,7.0,1.0,10,1,1,3,8,0,1,1
203911,1487,0.0,0.0,0.0,1,1,1,1,0,0,1,0
203985,124,0.0,6.0,0.0,9,1,1,1,5,0,4,0
204119,2031,0.0,6.0,0.0,10,5,2,1,9,0,1,0
204860,1407,0.0,2.0,1.0,77,41,1,3,71,0,2,4
204991,326,0.0,2.0,1.0,9,4,2,2,7,0,2,0
205276,1755,0.0,3.0,0.0,2,1,1,1,1,0,1,0
205305,3954,0.0,3.0,0.0,3,1,1,1,2,0,1,0
205410,1597,0.0,6.0,1.0,6,1,1,2,5,0,1,0
205681,3734,0.0,3.0,1.0,14,3,1,2,13,0,1,0
205768,4659,0.0,3.0,0.0,10,5,2,2,8,0,2,0
205925,1923,1.0,4.0,0.0,10,5,3,2,4,0,6,0
20629,1708,0.0,3.0,0.0,13,3,1,2,11,0,1,1
206537,3361,0.0,6.0,1.0,95,13,4,16,94,0,1,0
206824,4942,0.0,4.0,0.0,12,2,2,1,11,0,1,0
207142,2977,1.0,4.0,0.0,3,1,1,1,2,0,1,0
207306,3350,0.0,6.0,0.0,3,1,1,2,2,0,1,0
20731,4173,0.0,3.0,0.0,9,5,2,3,7,0,1,1
207574,4491,0.0,4.0,0.0,3,1,1,1,2,0,1,0
20764,2775,0.0,2.0,0.0,1,1,1,1,0,0,1,0
207789,3835,0.0,4.0,0.0,24,16,4,2,23,0,1,0
20786,1427,1.0,2.0,0.0,33,17,7,2,31,0,2,0
208200,3925,0.0,0.0,0.0,11,4,3,2,8,0,1,2
20854,1050,0.0,4.0,0.0,5,2,2,1,4,0,1,0
208639,684,0.0,5.0,1.0,3,2,2,1,1,0,2,0
208682,3843,0.0,2.0,0.0,2,1,1,1,1,0,1,0
209041,3753,0.0,0.0,1.0,3,1,1,2,2,0,1,0
209679,4659,0.0,6.0,0.0,3,2,1,1,2,0,1,0
210679,4659,1.0,0.0,0.0,3,1,1,1,2,0,1,0
210740,2824,1.0,3.0,0.0,2,1,1,1,1,0,1,0
210784,3266,0.0,3.0,0.0,2,1,1,1,1,0,1,0
211143,3885,0.0,3.0,0.0,17,5,4,1,15,0,2,0
211494,3635,0.0,7.0,0.0,1,1,1,1,0,0,1,0
211639,1944,0.0,0.0,0.0,2,1,1,1,1,0,1,0
212134,2447,0.0,4.0,1.0,33,10,2,2,32,0,1,0
212188,2545,0.0,0.0,1.0,3,1,1,1,2,0,1,0
212789,4281,0.0,2.0,0.0,3,1,1,1,2,0,1,0
212902,4687,1.0,6.0,0.0,3,2,1,1,2,0,1,0
212909,2669,0.0,0.0,0.0,8,4,3,3,7,0,1,0
213804,1978,0.0,2.0,1.0,2,1,1,1,1,0,1,0
214188,2429,0.0,0.0,0.0,3,1,1,1,2,0,1,0
214234,1673,0.0,0.0,0.0,6,3,1,1,5,0,1,0
214437,4171,0.0,5.0,1.0,3,2,2,1,2,0,1,0
214740,960,0.0,4.0,0.0,3,1,1,1,2,0,1,0
214811,4794,0.0,2.0,0.0,7,2,2,1,6,0,1,0
21513,2899,0.0,5.0,1.0,2,1,1,1,1,0,1,0
21520,152,0.0,6.0,0.0,13,5,2,4,12,0,1,0
215236,3956,0.0,3.0,1.0,8,3,1,3,7,0,1,0
215373,4044,0.0,2.0,0.0,40,24,9,3,39,0,1,0
215374,4143,0.0,8.0,1.0,62,29,7,8,56,0,1,5
215774,2318,0.0,2.0,0.0,1,1,1,1,0,0,1,0
215831,4829,0.0,2.0,0.0,3,1,1,2,2,0,1,0
215860,1760,1.0,4.0,0.0,15,3,1,2,10,0,2,3
215882,2856,0.0,5.0,0.0,7,3,1,3,6,0,1,0
216009,3029,0.0,2.0,0.0,1,1,1,1,0,0,1,0
216014,2465,0.0,0.0,0.0,3,1,1,1,2,0,1,0
216671,2583,0.0,3.0,0.0,5,3,3,1,4,0,1,0
216710,3828,0.0,5.0,0.0,23,12,9,7,20,0,2,1
217032,415,0.0,0.0,1.0,2,1,1,1,1,0,1,0
217069,2928,0.0,6.0,1.0,9,3,1,1,8,0,1,0
21709,4480,0.0,4.0,0.0,24,8,2,2,23,0,1,0
217180,1538,0.0,3.0,0.0,8,2,1,4,6,0,1,1
217401,145,0.0,6.0,0.0,2,1,1,1,1,0,1,0
217479,2014,0.0,4.0,0.0,14,4,1,6,12,0,1,1
217781,902,0.0,5.0,1.0,6,1,1,1,5,0,1,0
217838,649,0.0,5.0,0.0,15,5,1,4,14,0,1,0
218265,4090,0.0,6.0,0.0,1,1,1,1,0,0,1,0
218343,4198,0.0,5.0,0.0,5,3,1,1,4,0,1,0
218732,2869,1.0,3.0,1.0,1,1,1,1,0,0,1,0
219691,729,0.0,2.0,0.0,2,1,1,2,0,0,1,1
220522,3347,0.0,3.0,0.0,8,4,2,1,7,0,1,0
220638,1964,0.0,2.0,0.0,32,7,5,5,29,0,2,1
220691,598,0.0,2.0,1.0,5,1,1,2,3,0,1,1
220795,598,0.0,3.0,0.0,9,3,2,2,5,0,1,3
220837,3578,0.0,3.0,1.0,8,4,2,4,6,0,1,1
221042,2099,0.0,5.0,0.0,5,1,1,2,3,0,1,1
221687,2879,0.0,5.0,0.0,5,1,1,1,4,0,1,0
221773,687,0.0,4.0,0.0,1,1,1,1,0,0,1,0
221860,1487,0.0,0.0,0.0,17,3,1,1,16,0,1,0
222558,946,0.0,4.0,1.0,10,6,3,1,6,0,4,0
222572,121,0.0,5.0,0.0,16,11,6,2,12,0,4,0
222970,1661,0.0,4.0,0.0,4,1,1,1,3,0,1,0
222980,1911,0.0,6.0,0.0,2,1,1,2,0,0,1,1
22332,2307,0.0,0.0,0.0,1,1,1,1,0,0,1,0
223404,297,0.0,0.0,1.0,2,1,1,1,1,0,1,0
223956,2644,0.0,4.0,1.0,24,7,2,2,21,0,1,2
224460,2727,0.0,0.0,0.0,23,12,3,2,21,0,2,0
225217,259,1.0,6.0,1.0,23,10,4,1,20,0,3,0
225314,474,0.0,4.0,0.0,9,4,3,2,7,0,2,0
225490,4976,0.0,3.0,0.0,6,5,1,1,5,0,1,0
226142,3966,0.0,0.0,0.0,2,1,1,1,1,0,1,0
22634,250,0.0,3.0,1.0,6,1,1,2,4,0,1,1
22672,3085,0.0,3.0,0.0,7,4,3,1,6,0,1,0
226855,3013,0.0,2.0,0.0,2,1,1,1,1,0,1,0
227111,3127,0.0,6.0,1.0,2,1,1,1,1,0,1,0
22744,4267,0.0,4.0,0.0,11,4,3,2,10,0,1,0
227744,1093,0.0,3.0,1.0,11,10,3,2,10,0,1,0
227751,4044,0.0,2.0,0.0,35,16,7,2,32,0,3,0
228267,4173,0.0,4.0,0.0,297,51,14,14,288,0,1,8
228586,275,0.0,3.0,0.0,10,2,1,2,8,0,1,1
228596,301,0.0,3.0,0.0,7,2,1,1,5,0,2,0
228864,2409,0.0,5.0,0.0,34,15,6,1,29,0,5,0
228895,653,0.0,2.0,0.0,8,1,1,1,7,0,1,0
229465,742,0.0,0.0,0.0,4,3,2,1,3,0,1,0
229998,4173,0.0,0.0,0.0,4,3,3,2,3,0,1,0
230379,1068,0.0,0.0,0.0,5,2,1,1,4,0,1,0
230419,2318,0.0,4.0,0.0,1,1,1,1,0,0,1,0
230642,4048,0.0,2.0,null,6,1,1,1,3,0,3,0
23073,3347,0.0,3.0,0.0,8,2,1,2,7,0,1,0
230733,1719,0.0,2.0,0.0,2,1,1,1,0,0,2,0
230919,4044,0.0,3.0,0.0,141,55,10,10,139,0,2,0
231684,154,0.0,2.0,1.0,3,1,1,1,2,0,1,0
23194,121,0.0,4.0,0.0,11,4,2,3,10,0,1,0
232063,1090,0.0,0.0,0.0,13,2,1,4,11,0,1,1
232133,1964,0.0,3.0,0.0,3,3,3,1,0,0,3,0
232660,1432,0.0,3.0,0.0,15,7,3,1,12,0,3,0
232726,586,0.0,4.0,0.0,34,23,8,2,29,0,5,0
233355,804,0.0,5.0,2.0,4,2,1,1,3,0,1,0
233584,3828,0.0,0.0,0.0,3,3,3,2,0,0,2,1
234179,4756,0.0,7.0,0.0,3,1,1,3,0,0,1,2
234564,1068,0.0,5.0,1.0,3,1,1,1,2,0,1,0
235321,2482,0.0,2.0,0.0,7,2,2,2,6,0,1,0
235473,798,0.0,5.0,0.0,1,1,1,1,0,0,1,0
235844,4335,0.0,0.0,0.0,7,2,2,2,5,0,2,0
236216,3585,0.0,5.0,0.0,38,16,2,6,31,0,1,6
236313,1754,0.0,0.0,0.0,8,2,2,2,7,0,1,0
236482,2879,0.0,0.0,0.0,5,1,1,2,4,0,1,0
23660,1393,1.0,4.0,0.0,30,22,8,1,29,0,1,0
236704,962,0.0,4.0,0.0,2,1,1,1,1,0,1,0
236750,4079,0.0,3.0,0.0,2,1,1,1,1,0,1,0
2368,4966,0.0,3.0,0.0,2,1,1,1,0,0,2,0
236934,643,0.0,6.0,0.0,4,2,1,1,3,0,1,0
237299,3828,1.0,5.0,0.0,36,30,9,5,34,0,2,0
237434,3152,0.0,6.0,1.0,13,6,1,6,12,0,1,0
237957,1272,0.0,6.0,1.0,2,1,1,1,1,0,1,0
238105,104,0.0,0.0,0.0,1,1,1,1,0,0,1,0
238252,633,0.0,3.0,0.0,2,1,1,1,1,0,1,0
23834,3578,0.0,4.0,0.0,3,1,1,1,2,0,1,0
238552,4468,0.0,7.0,0.0,2,1,1,1,1,0,1,0
238943,1399,0.0,4.0,0.0,18,9,1,1,16,0,2,0
239042,2102,0.0,3.0,1.0,7,2,2,2,5,0,2,0
239042,4992,1.0,3.0,1.0,3,1,1,1,2,0,1,0
239130,4287,0.0,0.0,1.0,2,1,1,1,1,0,1,0
23922,4270,0.0,0.0,0.0,3,1,1,2,2,0,1,0
239435,2664,0.0,0.0,0.0,16,9,1,1,11,0,5,0
239599,3956,0.0,3.0,0.0,4,1,1,1,3,0,1,0
239670,2047,0.0,5.0,0.0,7,3,1,3,6,0,1,0
239773,4747,0.0,0.0,0.0,3,1,1,1,2,0,1,0
240135,2313,0.0,3.0,1.0,9,3,2,1,7,0,2,0
241525,3990,0.0,5.0,0.0,9,5,1,3,5,0,1,3
241768,4287,0.0,3.0,0.0,6,2,1,1,3,0,1,2
242257,1760,0.0,5.0,0.0,1,1,1,1,0,0,1,0
242569,4465,0.0,3.0,0.0,5,3,1,3,2,0,1,2
242687,3305,0.0,2.0,1.0,5,1,1,1,4,0,1,0
243163,2537,0.0,0.0,1.0,2,1,1,1,1,0,1,0
243228,4919,0.0,0.0,1.0,3,1,1,1,2,0,1,0
243240,4073,0.0,2.0,0.0,6,1,1,1,4,0,1,1
24363,3143,0.0,0.0,0.0,1,1,1,1,0,0,1,0
243793,3356,0.0,6.0,1.0,5,1,1,1,4,0,1,0
243793,4873,0.0,6.0,1.0,3,1,1,1,2,0,1,0
245305,4090,0.0,3.0,0.0,5,2,1,1,4,0,1,0
245318,3822,0.0,0.0,0.0,3,1,1,2,2,0,1,0
245407,3578,0.0,2.0,1.0,2,1,1,1,1,0,1,0
245502,2081,0.0,6.0,0.0,1,1,1,1,0,0,1,0
245552,3984,0.0,5.0,1.0,3,1,1,1,2,0,1,0
245687,2036,0.0,4.0,2.0,6,1,1,1,5,0,1,0
245708,3734,0.0,0.0,1.0,5,2,2,2,3,0,1,1
246527,598,0.0,0.0,1.0,3,2,2,2,0,0,2,1
246534,2545,0.0,3.0,1.0,1,1,1,1,0,0,1,0
246575,3893,0.0,0.0,1.0,1,1,1,1,0,0,1,0
24688,3792,0.0,5.0,0.0,1,1,1,1,0,0,1,0
24703,2693,0.0,2.0,1.0,5,1,1,2,3,0,1,1
247196,2403,0.0,7.0,0.0,7,3,1,1,6,0,1,0
247295,2880,0.0,3.0,0.0,1,1,1,1,0,0,1,0
247526,1583,0.0,4.0,0.0,31,16,4,7,28,0,2,1
247995,1346,0.0,3.0,1.0,32,10,1,5,30,0,1,1
248095,4871,0.0,4.0,1.0,3,2,1,1,2,0,1,0
248248,1500,0.0,3.0,1.0,3,1,1,1,2,0,1,0
248356,4771,1.0,2.0,0.0,18,6,3,3,13,0,4,1
248564,4417,0.0,6.0,0.0,16,4,2,3,15,0,1,0
248621,1270,0.0,0.0,0.0,10,6,1,2,9,0,1,0
24925,4478,0.0,2.0,0.0,2,1,1,1,1,0,1,0
249319,2203,0.0,5.0,2.0,2,1,1,1,1,0,1,0
249361,3628,0.0,0.0,0.0,10,1,1,1,9,0,1,0
249455,625,0.0,0.0,0.0,17,2,1,4,16,0,1,0
249708,3510,1.0,4.0,0.0,12,1,1,1,10,0,1,1
249911,2397,0.0,4.0,0.0,10,2,1,1,8,0,2,0
250382,2928,0.0,4.0,1.0,8,3,2,1,7,0,1,0
250700,2173,0.0,6.0,0.0,11,1,1,3,10,0,1,0
250813,3839,0.0,3.0,0.0,2,1,1,1,0,0,1,1
250983,2721,0.0,3.0,0.0,15,6,1,2,13,0,1,1
251702,3828,0.0,5.0,0.0,63,29,9,1,58,0,5,0
251943,861,0.0,3.0,1.0,4,2,1,2,2,0,1,1
252157,263,0.0,2.0,1.0,4,1,1,2,2,0,1,1
252729,786,0.0,2.0,0.0,13,5,2,4,6,0,1,6
253414,1272,0.0,2.0,1.0,6,2,1,3,5,0,1,0
253743,724,0.0,5.0,0.0,3,2,1,1,2,0,1,0
253858,1538,0.0,3.0,0.0,2,1,1,2,1,0,1,0
2539,915,0.0,4.0,0.0,8,2,2,1,7,0,1,0
254052,2397,0.0,4.0,1.0,6,2,2,2,5,0,1,0
254101,1878,1.0,0.0,0.0,3,1,1,2,1,0,2,0
254517,323,0.0,2.0,1.0,10,1,1,2,9,0,1,0
254663,4985,0.0,4.0,0.0,6,2,1,2,5,0,1,0
254671,2579,0.0,6.0,0.0,23,6,3,3,22,0,1,0
255045,4173,0.0,3.0,0.0,21,13,3,3,16,0,1,4
25507,4728,0.0,0.0,1.0,17,5,3,2,15,0,2,0
255103,3898,0.0,5.0,1.0,2,1,1,1,1,0,1,0
255273,3088,0.0,0.0,0.0,6,1,1,1,5,0,1,0
255332,778,0.0,0.0,0.0,1,1,1,1,0,0,1,0
25546,3734,0.0,2.0,1.0,13,6,5,4,10,1,1,1
255597,1840,0.0,6.0,0.0,2,1,1,1,1,0,1,0
255828,2981,0.0,4.0,0.0,5,2,2,2,3,0,1,1
255907,4687,0.0,4.0,0.0,2,1,1,1,1,0,1,0
256352,4265,0.0,3.0,0.0,2,1,1,1,1,0,1,0
256667,361,1.0,0.0,1.0,22,11,4,1,17,0,1,4
256793,747,0.0,3.0,0.0,2,1,1,1,1,0,1,0
25698,1704,0.0,3.0,1.0,5,3,2,1,4,0,1,0
257285,423,0.0,2.0,0.0,3,2,1,1,2,0,1,0
257585,15,0.0,4.0,0.0,3,1,1,1,2,0,1,0
257613,2031,0.0,0.0,1.0,9,3,1,2,8,0,1,0
257931,293,0.0,0.0,1.0,4,1,1,1,3,0,1,0
258004,1861,0.0,4.0,0.0,2,1,1,1,1,0,1,0
258122,926,0.0,6.0,1.0,5,3,2,1,3,0,2,0
258401,161,0.0,3.0,1.0,47,8,1,15,45,0,1,1
258443,1489,0.0,2.0,1.0,4,1,1,3,3,0,1,0
258583,2303,0.0,6.0,0.0,15,6,1,2,14,0,1,0
259027,4173,0.0,5.0,0.0,59,25,5,11,52,0,1,6
259168,4783,0.0,5.0,0.0,5,3,3,1,4,0,1,0
259329,684,0.0,6.0,1.0,11,3,2,2,9,0,2,0
259526,3936,0.0,3.0,1.0,4,2,1,2,1,0,2,1
259843,3288,0.0,4.0,2.0,6,2,1,1,4,0,2,0
260867,3835,0.0,3.0,0.0,8,3,1,1,7,0,1,0
26112,1448,0.0,3.0,0.0,4,1,1,1,3,0,1,0
261530,4170,1.0,3.0,0.0,21,5,3,1,18,0,3,0
26171,586,0.0,5.0,0.0,19,15,8,4,18,0,1,0
26235,4282,0.0,6.0,1.0,30,4,1,2,29,0,1,0
262703,515,0.0,3.0,0.0,5,2,1,1,4,0,1,0
262824,2193,0.0,3.0,1.0,4,2,1,1,3,0,1,0
26288,1890,0.0,3.0,0.0,7,2,1,1,5,0,2,0
262931,3609,0.0,0.0,1.0,4,1,1,1,3,0,1,0
263255,606,0.0,3.0,0.0,16,11,7,4,15,0,1,0
263982,3460,1.0,6.0,1.0,2,1,1,1,0,0,2,0
264010,1719,0.0,4.0,0.0,2,1,1,1,1,0,1,0
264174,1551,0.0,5.0,1.0,4,2,1,2,3,0,1,0
2645,3965,0.0,3.0,1.0,10,8,1,1,9,0,1,0
264600,1884,0.0,2.0,0.0,7,2,1,1,6,0,1,0
264702,2565,0.0,4.0,0.0,11,6,1,1,10,0,1,0
264742,1203,0.0,0.0,1.0,30,16,9,3,26,0,2,2
264821,2108,0.0,3.0,1.0,5,1,1,3,4,0,1,0
265410,2565,0.0,2.0,1.0,5,1,1,1,4,0,1,0
26553,4724,0.0,3.0,0.0,9,4,1,2,8,0,1,0
266262,2403,0.0,3.0,0.0,26,11,4,2,22,0,4,0
266265,598,1.0,4.0,1.0,1,1,1,1,0,0,1,0
266523,3541,0.0,0.0,1.0,8,3,1,1,6,1,1,0
266525,4789,0.0,4.0,2.0,3,1,1,1,2,0,1,0
266526,742,0.0,3.0,0.0,3,1,1,1,1,0,2,0
266616,1884,0.0,3.0,1.0,2,1,1,2,1,0,1,0
26687,2745,0.0,0.0,0.0,16,6,3,1,15,0,1,0
266892,606,0.0,3.0,1.0,2,1,1,2,1,0,1,0
267319,1168,0.0,3.0,2.0,13,5,3,4,11,0,1,1
267715,2448,0.0,4.0,1.0,6,2,1,1,5,0,1,0
267973,3828,0.0,0.0,1.0,14,11,7,5,13,0,1,0
269642,2403,0.0,3.0,0.0,23,10,1,1,22,0,1,0
269917,1679,0.0,4.0,0.0,7,5,3,2,6,0,1,0
270066,4492,0.0,3.0,1.0,2,1,1,1,1,0,1,0
270322,1132,0.0,2.0,1.0,6,2,2,1,5,0,1,0
271368,4760,0.0,6.0,1.0,6,4,1,1,5,0,1,0
271629,3898,0.0,0.0,null,2,1,1,1,1,0,1,0
271908,3288,0.0,3.0,0.0,2,1,1,1,0,0,1,1
271911,1760,0.0,0.0,1.0,2,1,1,1,1,0,1,0
272059,3955,0.0,2.0,0.0,9,2,1,3,7,0,2,0
272815,1352,0.0,4.0,1.0,8,5,1,1,7,0,1,0
272902,4124,0.0,4.0,0.0,10,1,1,4,8,0,1,1
272903,4044,0.0,0.0,0.0,4,1,1,2,3,0,1,0
273737,2613,0.0,3.0,0.0,4,2,1,1,3,0,1,0
273882,3152,1.0,3.0,0.0,6,3,1,1,4,0,2,0
273897,3126,0.0,0.0,0.0,6,1,1,1,5,0,1,0
274478,3683,0.0,3.0,1.0,7,3,1,3,6,0,1,0
275317,2108,0.0,0.0,0.0,1,1,1,1,0,0,1,0
275966,2318,0.0,0.0,1.0,4,1,1,1,3,0,1,0
276176,492,0.0,3.0,0.0,16,8,1,1,15,0,1,0
276227,2954,0.0,2.0,0.0,12,3,2,2,10,0,1,1
276745,730,0.0,0.0,0.0,3,3,2,1,0,0,3,0
276802,648,0.0,3.0,1.0,1,1,1,1,0,0,1,0
276915,4325,1.0,2.0,0.0,1,1,1,1,0,0,1,0
276968,1077,0.0,7.0,1.0,6,1,1,3,4,0,1,1
277060,1487,0.0,4.0,1.0,6,2,1,3,5,0,1,0
277336,3520,0.0,5.0,0.0,2,1,1,1,1,0,1,0
277370,1425,0.0,3.0,0.0,7,1,1,1,6,0,1,0
27744,646,0.0,0.0,0.0,6,1,1,1,5,0,1,0
278484,1247,0.0,3.0,0.0,4,2,2,2,2,0,2,0
278784,141,1.0,3.0,0.0,15,7,5,4,13,0,2,0
278977,1353,0.0,2.0,0.0,6,1,1,2,5,0,1,0
279557,4071,0.0,6.0,1.0,2,1,1,1,1,0,1,0
279867,1854,0.0,3.0,0.0,4,2,1,1,3,0,1,0
280832,1077,0.0,3.0,0.0,2,1,1,1,1,0,1,0
280849,2326,0.0,0.0,0.0,3,1,1,1,2,0,1,0
280968,4976,0.0,4.0,0.0,38,17,5,3,37,0,1,0
281024,608,0.0,6.0,0.0,25,12,2,2,23,0,2,0
281846,3163,0.0,5.0,1.0,10,2,1,1,7,0,3,0
282241,4658,0.0,3.0,1.0,6,3,1,2,5,0,1,0
282334,542,0.0,3.0,1.0,7,4,1,1,6,0,1,0
282347,1485,0.0,6.0,0.0,5,3,1,1,4,0,1,0
282351,2127,0.0,3.0,1.0,2,1,1,1,0,0,2,0
282522,4760,0.0,3.0,1.0,5,1,1,1,4,0,1,0
282614,2244,0.0,0.0,0.0,19,8,3,1,17,0,2,0
283574,1861,0.0,0.0,0.0,1,1,1,1,0,0,1,0
284032,2032,0.0,6.0,0.0,3,1,1,1,2,0,1,0
284747,1704,0.0,0.0,0.0,6,2,1,2,5,0,1,0
284803,3319,0.0,5.0,1.0,7,2,2,1,6,0,1,0
285225,4818,0.0,2.0,1.0,2,2,1,2,1,0,1,0
28536,588,0.0,3.0,2.0,9,3,1,1,7,0,1,1
285686,586,0.0,5.0,1.0,6,4,2,2,4,0,2,0
285741,685,0.0,4.0,1.0,1,1,1,1,0,0,1,0
285905,4966,0.0,3.0,1.0,5,1,1,1,3,0,1,1
286006,594,0.0,2.0,0.0,7,1,1,3,5,0,1,1
286059,3828,0.0,5.0,0.0,12,3,1,3,11,0,1,0
286223,2810,0.0,2.0,2.0,3,1,1,1,2,0,1,0
286385,2175,0.0,0.0,1.0,8,4,2,1,7,0,1,0
286482,2579,0.0,5.0,0.0,2,1,1,1,1,0,1,0
286490,3628,0.0,3.0,0.0,2,1,1,1,1,0,1,0
286682,4048,0.0,5.0,0.0,6,1,1,2,4,0,1,1
286790,1840,0.0,4.0,0.0,13,4,2,2,12,0,1,0
286815,2537,0.0,6.0,0.0,2,1,1,1,1,0,1,0
287129,3843,0.0,4.0,0.0,5,3,2,1,4,0,1,0
287177,3828,0.0,0.0,0.0,15,7,6,4,13,0,1,1
287292,1760,0.0,3.0,0.0,9,3,1,3,8,0,1,0
287351,963,0.0,6.0,1.0,6,1,1,2,3,0,3,0
287588,168,0.0,3.0,0.0,10,4,2,2,9,0,1,0
288274,3022,0.0,2.0,1.0,1,1,1,1,0,0,1,0
288422,361,1.0,0.0,0.0,11,3,2,2,10,0,1,0
289010,2780,0.0,3.0,0.0,2,1,1,1,1,0,1,0
289041,1013,0.0,4.0,0.0,3,1,1,1,2,0,1,0
289379,320,0.0,3.0,1.0,2,1,1,1,1,0,1,0
289668,946,0.0,4.0,0.0,19,6,2,2,17,0,1,1
289775,4775,0.0,0.0,null,7,3,1,2,6,0,1,0
289933,4756,0.0,4.0,0.0,4,2,1,1,2,0,2,0
290718,4976,0.0,6.0,0.0,44,21,9,3,37,0,1,6
291458,3580,0.0,3.0,1.0,12,5,3,1,11,0,1,0
291919,4976,1.0,0.0,0.0,4,3,2,1,3,0,1,0
292008,3159,0.0,4.0,0.0,1,1,1,1,0,0,1,0
292321,4040,0.0,0.0,1.0,3,1,1,1,2,0,1,0
292840,3984,0.0,0.0,0.0,4,3,3,2,3,0,1,0
293275,301,0.0,0.0,0.0,4,1,1,1,3,0,1,0
293856,4203,0.0,4.0,1.0,13,5,3,2,12,0,1,0
293954,1583,0.0,0.0,0.0,2,1,1,1,1,0,1,0
294952,3650,0.0,3.0,0.0,16,3,1,2,14,0,1,1
294988,606,0.0,3.0,0.0,20,11,2,4,15,0,1,4
294999,1892,0.0,0.0,0.0,4,2,2,1,3,0,1,0
295156,3619,0.0,6.0,0.0,4,2,2,1,3,0,1,0
295165,586,0.0,5.0,0.0,51,30,13,4,46,0,3,2
295666,2430,0.0,6.0,1.0,13,6,3,2,10,0,2,1
295825,1900,0.0,2.0,0.0,3,1,1,1,0,0,3,0
295916,797,0.0,0.0,0.0,4,1,1,1,3,0,1,0
295998,4420,0.0,5.0,1.0,11,6,6,2,6,0,5,0
296982,3537,0.0,4.0,1.0,6,2,1,2,5,0,1,0
297163,1514,0.0,6.0,1.0,10,2,1,2,9,0,1,0
297215,829,0.0,6.0,0.0,26,14,2,7,24,0,2,0
29729,1840,0.0,5.0,0.0,1,1,1,1,0,0,1,0
297608,3528,0.0,0.0,0.0,3,2,1,1,2,0,1,0
297660,102,0.0,4.0,0.0,4,2,1,2,2,0,1,1
297854,219,0.0,5.0,0.0,7,5,1,1,5,0,2,0
298281,2828,0.0,3.0,0.0,2,1,1,1,1,0,1,0
298290,4173,0.0,0.0,0.0,118,38,7,9,111,0,2,5
298299,1102,0.0,4.0,2.0,19,9,4,6,18,0,1,0
298728,120,0.0,2.0,0.0,9,1,1,2,8,0,1,0
298957,4966,0.0,3.0,0.0,3,2,1,2,2,0,1,0
299079,1884,0.0,3.0,1.0,12,3,1,6,9,0,1,2
299657,2273,0.0,0.0,1.0,25,4,2,5,22,0,1,2
300244,3968,0.0,3.0,0.0,22,11,8,1,19,0,3,0
300864,4048,0.0,3.0,0.0,9,5,1,3,7,0,2,0
300877,1816,0.0,0.0,1.0,3,1,1,1,2,0,1,0
301322,2721,0.0,5.0,0.0,12,4,1,1,11,0,1,0
301462,4648,0.0,2.0,0.0,9,5,3,1,7,0,2,0
302329,145,0.0,5.0,0.0,3,1,1,1,2,0,1,0
302435,4048,0.0,0.0,0.0,6,3,1,1,5,0,1,0
302550,98,0.0,2.0,0.0,16,4,3,1,11,0,4,1
303087,1749,0.0,4.0,0.0,9,8,6,2,0,0,4,5
303628,2339,0.0,7.0,0.0,7,3,1,2,4,0,3,0
30378,1049,0.0,2.0,1.0,3,1,1,1,2,0,1,0
304418,3420,0.0,5.0,0.0,34,16,8,2,25,0,9,0
304441,1384,0.0,3.0,0.0,12,3,2,1,11,0,1,0
305081,1892,0.0,3.0,0.0,6,1,1,1,5,0,1,0
305241,1454,0.0,3.0,0.0,4,1,1,1,3,0,1,0
305414,4976,0.0,0.0,0.0,91,19,4,4,85,0,1,5
305439,2810,0.0,3.0,1.0,1,1,1,1,0,0,1,0
305819,2664,0.0,5.0,1.0,14,4,2,2,8,0,6,0
306007,1926,1.0,5.0,0.0,31,22,7,1,29,0,2,0
306293,731,0.0,4.0,0.0,5,1,1,3,4,0,1,0
307090,996,0.0,0.0,0.0,16,2,1,5,12,0,2,2
307233,467,0.0,4.0,0.0,14,5,4,2,12,1,1,0
307422,1923,0.0,4.0,0.0,2,1,1,1,1,0,1,0
307426,1393,0.0,6.0,0.0,1,1,1,1,0,0,1,0
307593,1356,0.0,3.0,0.0,9,4,3,1,8,0,1,0
308840,474,0.0,0.0,0.0,25,17,13,2,21,0,4,0
309243,4044,0.0,3.0,0.0,10,3,2,2,6,0,1,3
30951,3828,0.0,6.0,0.0,18,11,6,5,15,0,1,2
309548,361,0.0,3.0,0.0,3,2,2,2,1,0,2,0
309892,2424,0.0,2.0,1.0,10,3,1,2,9,0,1,0
309980,1203,0.0,5.0,0.0,21,4,3,3,18,0,1,2
311049,4926,0.0,6.0,0.0,30,13,8,7,27,0,2,1
311246,1399,0.0,4.0,1.0,3,1,1,1,2,0,1,0
311789,2159,0.0,7.0,0.0,68,19,7,5,56,0,5,7
311949,4636,0.0,2.0,0.0,2,1,1,1,0,0,1,1
312030,2482,0.0,2.0,0.0,4,2,2,1,3,0,1,0
313049,467,0.0,0.0,0.0,4,2,2,1,3,0,1,0
31310,3586,0.0,3.0,2.0,5,2,1,3,3,0,1,1
31311,2845,0.0,3.0,0.0,9,4,3,3,8,0,1,0
313517,2810,0.0,0.0,1.0,5,3,1,1,4,0,1,0
313542,1850,0.0,2.0,1.0,20,7,6,3,19,0,1,0
31365,437,0.0,3.0,2.0,5,2,1,1,4,0,1,0
314090,2579,0.0,4.0,0.0,3,1,1,1,2,0,1,0
314210,4992,0.0,3.0,0.0,9,5,1,1,8,0,1,0
314280,1340,0.0,6.0,0.0,3,1,1,2,1,0,1,1
314305,2298,0.0,0.0,0.0,9,3,3,3,6,0,3,0
314486,1346,0.0,4.0,1.0,50,16,1,4,48,0,1,1
315293,3034,0.0,3.0,1.0,2,1,1,1,1,0,1,0
315400,2592,0.0,4.0,0.0,1,1,1,1,0,0,1,0
315444,3990,0.0,5.0,1.0,4,1,1,2,3,0,1,0
315508,1346,0.0,4.0,0.0,4,1,1,1,3,0,1,0
315695,3727,0.0,2.0,0.0,10,4,1,2,8,0,1,1
316167,4442,0.0,2.0,0.0,8,2,1,1,7,0,1,0
317340,2108,0.0,0.0,1.0,3,1,1,1,2,0,1,0
317472,1784,1.0,4.0,1.0,13,4,3,3,12,0,1,0
317588,1512,0.0,0.0,0.0,7,4,1,1,6,0,1,0
318092,1749,0.0,6.0,1.0,11,8,3,1,8,0,3,0
318347,4444,0.0,4.0,1.0,5,4,3,1,3,0,2,0
318716,4540,0.0,5.0,0.0,3,1,1,1,2,0,1,0
318819,1346,1.0,4.0,1.0,7,2,1,2,6,0,1,0
319576,3323,0.0,4.0,2.0,6,1,1,2,5,0,1,0
319832,4648,0.0,0.0,0.0,2,1,1,1,1,0,1,0
31985,63,0.0,0.0,0.0,4,1,1,3,2,0,1,1
320417,1840,0.0,3.0,0.0,5,2,2,1,4,0,1,0
32042,4240,0.0,7.0,0.0,8,5,2,1,6,0,2,0
320498,1564,0.0,3.0,1.0,12,2,2,3,11,0,1,0
320836,2072,0.0,2.0,0.0,3,1,1,1,2,0,1,0
321116,1978,0.0,2.0,0.0,14,4,2,3,12,0,2,0
321343,2313,0.0,6.0,1.0,1,1,1,1,0,0,1,0
322052,2273,0.0,6.0,0.0,3,1,1,1,2,0,1,0
322394,1884,0.0,0.0,0.0,6,1,1,1,5,0,1,0
322473,698,0.0,0.0,0.0,12,6,3,1,9,0,3,0
322619,1594,0.0,null,null,2,1,1,1,1,0,1,0
322620,2397,0.0,4.0,2.0,5,4,2,3,4,0,1,0
322920,1968,0.0,3.0,0.0,6,1,1,1,5,0,1,0
324039,3828,0.0,8.0,1.0,3,2,1,1,2,0,1,0
324329,3609,0.0,6.0,0.0,2,1,1,2,0,0,1,1
324832,3006,0.0,6.0,1.0,8,3,1,2,6,0,1,1
325289,3205,0.0,6.0,0.0,4,1,1,1,3,0,1,0
325427,2994,0.0,2.0,0.0,1,1,1,1,0,0,1,0
325591,1075,0.0,0.0,1.0,8,4,2,2,7,0,1,0
325954,4485,0.0,5.0,0.0,2,1,1,1,1,0,1,0
326165,2047,0.0,5.0,0.0,11,6,3,4,10,0,1,0
326620,598,0.0,3.0,1.0,4,3,1,1,3,0,1,0
326729,2436,0.0,3.0,1.0,4,2,2,1,3,0,1,0
327406,4614,0.0,5.0,0.0,5,1,1,1,4,0,1,0
327891,3968,0.0,4.0,0.0,2,1,1,1,1,0,1,0
327998,4992,0.0,4.0,1.0,16,6,1,1,15,0,1,0
328085,1964,0.0,3.0,0.0,5,1,1,1,4,0,1,0
328204,1102,0.0,6.0,0.0,4,3,3,1,3,0,1,0
328362,4282,0.0,3.0,1.0,27,20,4,2,26,0,1,0
328478,4183,0.0,5.0,0.0,3,1,1,1,2,0,1,0
329042,4659,0.0,0.0,0.0,2,1,1,2,1,0,1,0
329641,1096,0.0,3.0,1.0,7,4,1,3,6,0,1,0
329698,1062,0.0,4.0,0.0,2,1,1,1,1,0,1,0
331005,2138,0.0,3.0,1.0,8,3,1,2,6,0,2,0
331403,4173,0.0,4.0,0.0,27,14,8,3,23,0,2,2
331707,3163,0.0,0.0,1.0,7,1,1,1,4,0,3,0
332285,3578,0.0,4.0,1.0,9,3,1,1,8,0,1,0
332939,3622,0.0,2.0,0.0,9,3,2,2,8,0,1,0
33405,2273,0.0,4.0,0.0,8,3,1,1,6,1,1,0
334099,898,0.0,6.0,0.0,8,5,4,1,7,0,1,0
334207,3872,0.0,2.0,0.0,15,5,3,1,12,0,3,0
334416,1884,0.0,6.0,0.0,3,1,1,2,2,0,1,0
334794,3828,0.0,0.0,0.0,50,27,7,2,47,0,3,0
334866,2637,0.0,0.0,0.0,20,7,3,1,17,0,3,0
335096,4367,0.0,6.0,1.0,7,1,1,1,6,0,1,0
335140,2592,0.0,0.0,0.0,7,1,1,1,6,0,1,0
335214,1095,0.0,5.0,0.0,1,1,1,1,0,0,1,0
335305,2279,0.0,0.0,0.0,2,1,1,1,1,0,1,0
33571,3044,0.0,4.0,0.0,3,1,1,1,2,0,1,0
335918,4282,0.0,3.0,1.0,29,21,5,4,28,0,1,0
33622,1704,0.0,5.0,0.0,10,6,3,2,9,0,1,0
336780,4811,0.0,0.0,0.0,11,2,1,3,9,0,2,0
336916,3022,0.0,4.0,0.0,1,1,1,1,0,0,1,0
337146,3484,0.0,6.0,0.0,14,9,2,1,13,0,1,0
337990,4659,0.0,2.0,0.0,3,1,1,3,2,0,1,0
338351,2565,0.0,0.0,0.0,11,5,2,5,10,0,1,0
338476,1557,0.0,3.0,1.0,4,2,2,1,2,0,2,0
338709,66,0.0,0.0,null,3,1,1,1,2,0,1,0
339349,3734,1.0,5.0,0.0,7,3,2,3,6,0,1,0
34027,590,0.0,2.0,0.0,11,4,1,3,10,0,1,0
340978,1053,0.0,5.0,0.0,2,1,1,1,1,0,1,0
341092,255,0.0,2.0,0.0,8,5,2,3,7,0,1,0
341316,323,0.0,4.0,1.0,13,5,1,2,12,0,1,0
341452,474,0.0,0.0,1.0,3,1,1,1,2,0,1,0
341572,4500,0.0,3.0,0.0,1,1,1,1,0,0,1,0
341625,2545,1.0,3.0,1.0,2,1,1,1,1,0,1,0
342079,1071,0.0,4.0,0.0,1,1,1,1,0,0,1,0
342128,2482,0.0,3.0,0.0,23,10,8,2,19,0,4,0
342246,95,0.0,6.0,0.0,7,2,1,1,6,0,1,0
342489,3828,0.0,3.0,0.0,1,1,1,1,0,0,1,0
342873,2036,0.0,3.0,1.0,10,7,4,1,8,0,2,0
343060,4659,0.0,3.0,0.0,5,1,1,3,4,0,1,0
343114,4171,0.0,0.0,0.0,3,1,1,1,2,0,1,0
343402,3085,0.0,0.0,0.0,2,1,1,1,0,0,1,1
343623,3448,0.0,3.0,0.0,7,2,1,1,6,0,1,0
343964,4048,0.0,2.0,0.0,3,1,1,2,1,0,1,1
344005,1190,0.0,3.0,1.0,1,1,1,1,0,0,1,0
344362,3578,0.0,5.0,0.0,14,7,2,6,7,0,2,5
344896,2397,0.0,3.0,1.0,22,10,3,1,20,0,1,1
345001,4481,0.0,6.0,1.0,9,3,1,2,6,0,2,1
345007,396,0.0,4.0,0.0,2,1,1,1,1,0,1,0
345263,4647,1.0,0.0,0.0,1,1,1,1,0,0,1,0
346610,2630,0.0,0.0,1.0,3,1,1,1,2,0,1,0
347817,1506,0.0,3.0,2.0,9,3,1,3,8,0,1,0
347832,4639,0.0,6.0,0.0,4,1,1,2,3,0,1,0
348008,3875,0.0,4.0,0.0,1,1,1,1,0,0,1,0
348103,3828,0.0,4.0,0.0,30,25,8,1,28,0,2,0
34819,2036,0.0,2.0,0.0,2,1,1,1,1,0,1,0
348475,1833,0.0,4.0,0.0,7,4,3,1,6,0,1,0
349294,2108,0.0,2.0,0.0,7,3,2,1,6,0,1,0
349430,4115,1.0,3.0,0.0,5,2,2,2,3,0,2,0
349517,2403,0.0,4.0,2.0,2,2,1,1,0,0,2,0
349761,4659,0.0,3.0,0.0,3,1,1,1,2,0,1,0
349969,4648,0.0,3.0,0.0,16,7,2,1,15,0,1,0
350026,1602,0.0,3.0,0.0,5,2,1,4,4,0,1,0
35043,1738,0.0,3.0,1.0,10,3,2,3,8,0,1,1
350472,3472,0.0,4.0,1.0,1,1,1,1,0,0,1,0
35062,4209,0.0,0.0,1.0,5,1,1,1,4,0,1,0
350916,3645,0.0,0.0,0.0,6,1,1,2,5,0,1,0
351056,3473,0.0,6.0,0.0,11,4,1,2,10,0,1,0
351563,1963,0.0,3.0,1.0,8,8,1,2,7,0,1,0
352227,4417,0.0,2.0,1.0,4,1,1,1,3,0,1,0
352361,2128,0.0,0.0,1.0,7,5,4,3,2,0,4,1
352577,3644,0.0,3.0,0.0,2,1,1,1,1,0,1,0
353478,2537,0.0,5.0,1.0,1,1,1,1,0,0,1,0
353525,4403,0.0,0.0,0.0,2,1,1,2,0,0,1,1
353529,4765,0.0,3.0,0.0,2,1,1,2,0,0,1,1
353751,4325,0.0,5.0,1.0,22,9,5,4,20,0,2,0
354162,783,0.0,5.0,0.0,1,1,1,1,0,0,1,0
354362,2938,1.0,0.0,1.0,11,1,1,4,10,0,1,0
355064,2242,0.0,4.0,1.0,47,18,7,1,41,0,6,0
35539,3753,0.0,3.0,1.0,2,1,1,1,1,0,1,0
355473,4504,1.0,2.0,0.0,4,1,1,1,3,0,1,0
356343,2217,0.0,3.0,0.0,5,3,1,1,4,0,1,0
356423,3080,0.0,3.0,1.0,6,4,2,1,5,0,1,0
356443,4173,0.0,6.0,0.0,51,28,6,8,50,0,1,0
357244,437,0.0,4.0,2.0,12,8,1,1,11,0,1,0
357756,2482,0.0,3.0,1.0,2,1,1,1,1,0,1,0
357771,2482,0.0,3.0,0.0,1,1,1,1,0,0,1,0
358344,4049,0.0,3.0,1.0,4,1,1,1,3,0,1,0
358436,4325,0.0,4.0,0.0,4,1,1,1,3,0,1,0
35873,2424,0.0,3.0,0.0,3,1,1,1,1,0,2,0
358779,2776,0.0,6.0,0.0,11,4,3,4,10,0,1,0
35884,3578,0.0,3.0,0.0,58,2,2,3,57,0,1,0
359006,3173,0.0,0.0,0.0,1,1,1,1,0,0,1,0
359285,1843,0.0,6.0,0.0,94,41,7,3,91,0,2,1
359351,1501,0.0,3.0,0.0,37,12,3,1,35,1,1,0
359459,104,0.0,2.0,0.0,2,2,1,1,0,0,2,0
359641,3910,0.0,3.0,0.0,24,5,3,2,23,0,1,0
359649,3622,0.0,3.0,0.0,2,1,1,1,1,0,1,0
35990,2447,0.0,0.0,0.0,8,3,1,3,7,0,1,0
35991,2668,0.0,3.0,0.0,5,1,1,1,4,0,1,0
360056,4864,0.0,5.0,1.0,5,2,2,1,4,0,1,0
360387,598,0.0,2.0,0.0,6,1,1,1,5,0,1,0
361054,4234,0.0,5.0,0.0,43,13,5,13,40,0,2,1
361065,4186,0.0,4.0,0.0,13,3,1,6,10,0,1,2
361083,2821,0.0,3.0,0.0,1,1,1,1,0,0,1,0
361127,1281,0.0,4.0,0.0,12,3,1,6,11,0,1,0
362587,4145,0.0,3.0,0.0,31,3,1,3,29,0,1,1
362670,2537,0.0,2.0,0.0,4,2,1,1,3,0,1,0
362673,4919,0.0,0.0,0.0,3,1,1,1,2,0,1,0
362761,3225,0.0,5.0,0.0,7,1,1,3,6,0,1,0
363017,4196,0.0,2.0,1.0,4,1,1,2,2,1,1,0
363700,1379,0.0,5.0,0.0,2,1,1,1,1,0,1,0
36453,10,0.0,3.0,1.0,4,1,1,2,3,0,1,0
364551,396,0.0,4.0,1.0,59,22,2,4,48,0,6,5
364862,4385,0.0,0.0,0.0,2,1,1,1,1,0,1,0
365058,2972,0.0,0.0,0.0,4,1,1,1,3,0,1,0
365224,2954,0.0,4.0,0.0,5,1,1,1,2,0,3,0
36528,4577,0.0,4.0,0.0,5,2,2,2,3,0,2,0
365482,1816,0.0,2.0,1.0,4,2,2,1,2,0,2,0
365629,4316,0.0,3.0,1.0,3,1,1,2,2,0,1,0
366055,951,0.0,6.0,0.0,8,1,1,3,7,0,1,0
366373,3822,0.0,2.0,0.0,1,1,1,1,0,0,1,0
366423,3136,0.0,0.0,0.0,3,1,1,1,2,0,1,0
366439,366,0.0,2.0,1.0,2,1,1,1,1,0,1,0
366581,4281,0.0,0.0,0.0,3,1,1,1,2,0,1,0
367122,4976,0.0,4.0,0.0,1,1,1,1,0,0,1,0
367809,4394,0.0,0.0,0.0,5,1,1,1,4,0,1,0
367906,3345,0.0,3.0,0.0,3,1,1,2,2,0,1,0
368801,4480,0.0,0.0,1.0,5,3,2,2,4,0,1,0
369170,4256,0.0,4.0,0.0,15,9,5,1,14,0,1,0
369524,2810,0.0,3.0,0.0,2,1,1,2,0,0,1,1
370719,4097,0.0,5.0,1.0,2,1,1,2,1,0,1,0
370877,1481,0.0,3.0,1.0,4,2,1,2,3,0,1,0
370972,121,0.0,6.0,0.0,31,17,4,5,29,0,2,0
371172,4648,0.0,4.0,1.0,19,6,3,2,17,0,2,0
371285,361,0.0,0.0,1.0,5,1,1,2,4,0,1,0
371414,415,0.0,3.0,0.0,2,1,1,1,1,0,1,0
371423,4850,1.0,5.0,2.0,3,1,1,2,2,0,1,0
37160,4760,0.0,5.0,1.0,22,6,4,2,19,0,3,0
371737,3578,1.0,5.0,1.0,17,6,2,5,15,0,1,1
372218,3905,0.0,7.0,0.0,4,2,1,2,3,0,1,0
37329,3319,0.0,4.0,1.0,1,1,1,1,0,0,1,0
373318,278,0.0,6.0,0.0,5,1,1,1,4,0,1,0
373593,3063,0.0,4.0,0.0,34,24,5,6,33,0,1,0
3736,2916,0.0,4.0,0.0,3,2,1,1,2,0,1,0
373898,46,0.0,7.0,0.0,2,2,1,2,1,0,1,0
37420,3828,1.0,0.0,0.0,10,10,5,2,8,0,2,0
374912,1353,0.0,4.0,1.0,5,3,2,1,4,0,1,0
374998,2565,0.0,6.0,0.0,11,3,1,2,7,0,2,2
375535,316,0.0,5.0,1.0,2,1,1,1,1,0,1,0
375696,3588,0.0,3.0,1.0,12,1,1,1,9,0,3,0
375750,1943,0.0,0.0,1.0,4,1,1,2,2,1,1,0
376465,1695,0.0,6.0,0.0,1,1,1,1,0,0,1,0
377114,4044,0.0,3.0,0.0,42,27,8,2,41,0,1,0
377136,4170,0.0,0.0,0.0,10,3,1,1,8,0,2,0
377528,3578,0.0,4.0,0.0,23,14,3,6,22,0,1,0
377542,760,0.0,3.0,0.0,3,2,1,1,1,0,2,0
377613,3022,0.0,6.0,1.0,4,2,1,1,3,0,1,0
377864,4282,0.0,0.0,1.0,5,2,2,1,4,0,1,0
377953,2820,0.0,4.0,0.0,1,1,1,1,0,0,1,0
378194,1393,0.0,0.0,0.0,3,1,1,2,2,0,1,0
378212,2821,0.0,3.0,1.0,6,1,1,2,4,1,1,0
378983,2821,0.0,6.0,0.0,1,1,1,1,0,0,1,0
379504,1487,0.0,0.0,1.0,5,1,1,3,4,0,1,0
379847,2102,0.0,4.0,0.0,2,1,1,1,1,0,1,0
380143,4771,0.0,6.0,0.0,5,2,2,1,4,0,1,0
38015,841,0.0,2.0,0.0,5,1,1,2,4,0,1,0
380440,804,0.0,2.0,0.0,1,1,1,1,0,0,1,0
38046,395,0.0,7.0,1.0,2,1,1,1,1,0,1,0
381419,3851,0.0,2.0,0.0,1,1,1,1,0,0,1,0
38155,2081,0.0,5.0,1.0,1,1,1,1,0,0,1,0
38204,293,1.0,0.0,0.0,6,1,1,2,4,0,1,1
382362,1704,0.0,0.0,0.0,30,18,4,2,27,1,1,1
382368,3614,0.0,3.0,0.0,3,1,1,2,1,0,1,1
382520,1963,0.0,7.0,1.0,3,1,1,2,2,0,1,0
382555,2204,0.0,6.0,0.0,3,1,1,1,2,0,1,0
382662,2124,0.0,5.0,0.0,17,9,2,4,15,0,2,0
382873,1592,0.0,0.0,0.0,8,2,2,2,7,0,1,0
382987,2353,0.0,0.0,1.0,7,2,1,1,6,0,1,0
38360,467,0.0,2.0,0.0,1,1,1,1,0,0,1,0
383855,2824,0.0,4.0,0.0,4,1,1,2,3,0,1,0
384957,4240,0.0,5.0,1.0,2,1,1,1,1,0,1,0
385077,1495,0.0,0.0,0.0,1,1,1,1,0,0,1,0
385626,798,0.0,6.0,0.0,6,2,1,1,5,0,1,0
385640,3912,0.0,6.0,1.0,6,3,3,2,4,0,2,0
386221,968,0.0,3.0,0.0,22,4,3,7,20,0,1,1
387225,1486,0.0,3.0,1.0,12,3,2,1,11,0,1,0
387410,1077,0.0,0.0,0.0,4,1,1,2,3,0,1,0
387482,4787,0.0,0.0,0.0,3,1,1,1,2,0,1,0
387595,14,0.0,5.0,1.0,2,2,2,1,0,0,2,0
387927,2926,0.0,0.0,0.0,11,5,2,1,9,0,1,1
388031,1724,0.0,5.0,0.0,1,1,1,1,0,0,1,0
388085,1117,0.0,3.0,1.0,4,2,1,1,3,0,1,0
388463,1346,0.0,5.0,0.0,4,1,1,2,3,0,1,0
388911,3640,1.0,3.0,0.0,10,1,1,3,7,0,2,1
389136,3288,0.0,4.0,0.0,1,1,1,1,0,0,1,0
38939,1023,0.0,3.0,0.0,3,1,1,1,2,0,1,0
389882,361,0.0,0.0,0.0,7,1,1,1,5,1,1,0
390019,798,0.0,3.0,0.0,2,1,1,1,1,0,1,0
39028,798,0.0,4.0,0.0,2,1,1,1,1,0,1,0
390402,4408,0.0,6.0,0.0,9,1,1,2,8,0,1,0
391695,3205,1.0,4.0,1.0,1,1,1,1,0,0,1,0
391814,3971,0.0,3.0,1.0,4,1,1,1,3,0,1,0
391878,1308,1.0,2.0,0.0,6,3,2,1,5,0,1,0
392087,4976,0.0,2.0,0.0,3,1,1,1,2,0,1,0
39241,1738,0.0,7.0,0.0,7,3,3,4,6,0,1,0
392643,2020,0.0,0.0,null,5,1,1,2,3,1,1,0
392887,1013,0.0,0.0,0.0,16,2,2,1,12,0,3,1
392956,4265,0.0,0.0,2.0,51,38,9,6,49,0,2,0
393577,4305,0.0,0.0,0.0,36,6,4,8,31,3,2,0
393597,148,0.0,3.0,0.0,13,6,5,1,12,0,1,0
393986,2225,0.0,5.0,0.0,4,3,2,2,3,0,1,0
394378,2721,0.0,3.0,1.0,6,1,1,1,5,0,1,0
395236,1963,0.0,0.0,0.0,9,7,2,3,1,0,2,6
395253,3022,0.0,2.0,0.0,22,7,2,1,18,0,1,3
395347,4847,0.0,3.0,0.0,1,1,1,1,0,0,1,0
395359,3952,0.0,0.0,0.0,25,11,7,3,18,0,7,0
396397,2709,0.0,0.0,0.0,2,1,1,1,1,0,1,0
396420,1557,0.0,3.0,0.0,3,1,1,2,2,0,1,0
396485,2911,0.0,5.0,0.0,12,3,1,1,11,0,1,0
397086,255,0.0,0.0,0.0,10,5,2,1,8,0,2,0
397668,4043,0.0,6.0,0.0,58,18,7,8,51,0,1,6
397690,1330,0.0,3.0,0.0,5,1,1,3,2,0,1,2
398011,1999,0.0,0.0,1.0,6,1,1,3,3,0,2,1
398053,3635,0.0,0.0,0.0,20,5,2,2,18,0,2,0
3982,4468,0.0,2.0,0.0,2,1,1,1,1,0,1,0
398436,354,0.0,0.0,0.0,9,1,1,1,8,0,1,0
398437,4847,0.0,null,null,4,1,1,1,3,0,1,0
3985,3609,0.0,0.0,0.0,3,2,1,2,0,0,1,2
398539,3941,0.0,5.0,1.0,7,1,1,1,6,0,1,0
398730,4558,0.0,2.0,0.0,15,4,1,2,14,0,1,0
399372,3897,0.0,0.0,0.0,3,2,1,1,1,0,2,0
399378,1134,0.0,4.0,0.0,2,1,1,1,1,0,1,0
39945,4826,0.0,2.0,1.0,4,1,1,1,3,0,1,0
399511,3256,0.0,7.0,1.0,27,5,2,5,23,0,1,3
399920,2403,0.0,7.0,0.0,23,4,2,4,19,0,2,2
399941,2435,0.0,2.0,0.0,8,4,1,2,6,0,2,0
40022,1512,0.0,6.0,0.0,19,6,1,10,18,0,1,0
400273,1102,0.0,4.0,1.0,7,1,1,2,5,0,1,1
400379,4966,0.0,7.0,0.0,13,8,6,1,11,0,2,0
401430,1356,0.0,3.0,0.0,13,3,1,3,10,0,1,2
401573,4079,0.0,0.0,0.0,19,2,1,2,14,0,5,0
402237,1031,0.0,4.0,1.0,36,5,1,5,30,0,2,4
402776,3971,0.0,2.0,0.0,1,1,1,1,0,0,1,0
402863,2569,1.0,3.0,0.0,18,6,1,2,16,0,1,1
403323,2303,0.0,4.0,1.0,7,1,1,3,6,0,1,0
403481,2473,0.0,0.0,1.0,28,17,7,1,25,0,3,0
403596,474,0.0,3.0,0.0,11,2,2,2,9,0,2,0
403605,4771,0.0,2.0,0.0,1,1,1,1,0,0,1,0
404009,141,0.0,3.0,0.0,3,3,2,1,0,0,3,0
404265,3958,0.0,3.0,0.0,3,2,2,2,0,0,2,1
404463,3609,0.0,2.0,0.0,2,1,1,1,1,0,1,0
404739,121,0.0,3.0,0.0,3,2,1,1,2,0,1,0
405130,1272,1.0,0.0,0.0,52,26,10,10,47,0,5,0
405538,4465,0.0,0.0,1.0,20,14,1,1,15,0,4,1
405698,4535,0.0,2.0,0.0,11,5,1,1,9,0,2,0
405995,4095,0.0,4.0,1.0,6,1,1,3,5,0,1,0
406285,2669,0.0,3.0,0.0,49,16,7,4,37,0,3,9
406767,4282,0.0,4.0,2.0,12,5,2,4,10,0,2,0
406795,2824,0.0,4.0,0.0,4,3,1,1,3,0,1,0
406973,1310,0.0,0.0,1.0,5,1,1,1,4,0,1,0
407194,3484,0.0,0.0,0.0,6,1,1,2,4,0,1,1
407685,2217,0.0,0.0,null,13,8,3,2,11,1,1,0
407827,3667,0.0,0.0,0.0,8,4,1,1,7,0,1,0
407892,2403,1.0,6.0,0.0,13,9,1,2,12,0,1,0
408528,3968,0.0,3.0,0.0,24,10,7,1,21,0,3,0
408982,4171,0.0,0.0,1.0,7,1,1,1,3,0,4,0
409428,1861,0.0,7.0,0.0,1,1,1,1,0,0,1,0
409478,2141,0.0,0.0,0.0,11,6,1,1,8,0,3,0
40949,481,0.0,0.0,0.0,2,1,1,1,1,0,1,0
409818,2036,0.0,2.0,1.0,4,3,3,1,3,0,1,0
41015,1270,0.0,0.0,1.0,6,1,1,2,4,0,2,0
410498,2193,0.0,4.0,1.0,1,1,1,1,0,0,1,0
410943,1574,0.0,6.0,0.0,13,7,1,3,12,0,1,0
410997,4026,0.0,6.0,0.0,16,4,1,3,14,0,2,0
411609,3472,0.0,3.0,0.0,4,1,1,1,3,0,1,0
412910,3828,0.0,3.0,0.0,1,1,1,1,0,0,1,0
41337,4966,0.0,4.0,1.0,2,1,1,1,1,0,1,0
414991,424,0.0,0.0,1.0,12,4,3,2,10,0,1,1
415649,1557,0.0,0.0,0.0,20,13,5,4,19,0,1,0
415989,46,0.0,4.0,0.0,1,1,1,1,0,0,1,0
416476,4022,0.0,5.0,0.0,3,1,1,1,2,0,1,0
41684,3734,0.0,3.0,0.0,8,5,1,2,7,0,1,0
417079,685,0.0,5.0,0.0,13,2,2,4,11,0,2,0
417141,156,0.0,6.0,1.0,9,5,1,1,8,0,1,0
41747,798,0.0,0.0,0.0,3,1,1,1,2,0,1,0
417982,685,0.0,0.0,0.0,16,5,2,2,13,0,2,1
418061,4950,0.0,4.0,0.0,4,1,1,1,3,0,1,0
419259,4760,0.0,3.0,1.0,3,1,1,2,2,0,1,0
419263,4427,0.0,3.0,0.0,21,9,3,2,20,0,1,0
41980,3878,0.0,0.0,0.0,60,27,3,4,51,0,1,8
420284,606,0.0,2.0,1.0,8,3,2,1,6,0,2,0
420619,1102,0.0,0.0,0.0,3,1,1,1,2,0,1,0
420838,1437,0.0,0.0,0.0,8,1,1,1,7,0,1,0
421189,308,0.0,4.0,1.0,2,1,1,2,0,0,1,1
42150,1370,0.0,3.0,0.0,10,2,2,1,4,0,6,0
421517,3773,0.0,0.0,1.0,5,2,2,1,4,0,1,0
421547,1618,0.0,0.0,0.0,15,6,3,1,12,0,2,1
421606,2145,0.0,4.0,0.0,3,1,1,1,2,0,1,0
421954,4022,0.0,3.0,0.0,4,1,1,2,2,0,2,0
422072,3828,0.0,4.0,0.0,2,1,1,1,1,0,1,0
422894,598,1.0,3.0,1.0,46,16,3,15,43,0,1,2
423085,416,1.0,4.0,0.0,12,5,1,1,9,0,3,0
423153,4044,0.0,4.0,0.0,10,4,3,2,9,0,1,0
42555,2435,0.0,2.0,1.0,9,2,1,2,7,0,1,1
42950,3471,0.0,3.0,0.0,7,1,1,1,6,0,1,0
4354,798,0.0,6.0,1.0,2,1,1,1,1,0,1,0
43603,804,0.0,4.0,1.0,2,2,2,1,0,0,2,0
43832,4818,0.0,3.0,1.0,149,53,14,4,146,0,3,0
44274,4079,0.0,2.0,0.0,19,6,1,1,18,0,1,0
44303,2537,0.0,2.0,0.0,3,2,2,1,2,0,1,0
45041,104,0.0,0.0,1.0,8,1,1,1,5,0,2,1
46034,3665,0.0,3.0,0.0,6,1,1,3,5,0,1,0
46333,1738,0.0,6.0,0.0,14,7,2,4,13,0,1,0
4640,4731,0.0,4.0,0.0,2,1,1,1,1,0,1,0
46571,742,0.0,0.0,0.0,3,1,1,1,2,0,1,0
47304,4760,0.0,3.0,0.0,21,3,2,2,19,0,1,1
47515,963,0.0,7.0,0.0,7,1,1,2,5,0,1,1
48282,3200,0.0,4.0,1.0,2,1,1,1,1,0,1,0
48710,2928,0.0,5.0,0.0,7,5,2,1,6,0,1,0
49112,2720,0.0,5.0,0.0,4,2,2,1,3,0,1,0
49564,4826,0.0,4.0,0.0,3,1,1,1,2,0,1,0
49618,4760,0.0,3.0,1.0,17,11,6,1,16,0,1,0
49871,289,0.0,2.0,1.0,6,1,1,4,4,0,1,1
49948,1825,0.0,4.0,0.0,17,10,2,3,16,0,1,0
50383,2810,0.0,3.0,0.0,14,1,1,3,13,0,1,0
50572,489,0.0,7.0,0.0,2,1,1,1,1,0,1,0
50630,4143,0.0,3.0,0.0,29,18,6,2,28,0,1,0
50946,3424,0.0,3.0,0.0,4,3,1,1,3,0,1,0
51325,2279,0.0,3.0,0.0,5,1,1,2,3,0,1,1
51467,951,0.0,2.0,0.0,1,1,1,1,0,0,1,0
51937,3092,0.0,0.0,0.0,3,1,1,1,2,0,1,0
52584,1514,0.0,5.0,0.0,5,2,1,1,4,0,1,0
52688,1149,0.0,7.0,0.0,5,3,1,1,4,0,1,0
53254,1861,0.0,0.0,0.0,4,2,1,2,3,0,1,0
53386,4914,0.0,6.0,0.0,5,2,1,2,4,0,1,0
54630,3826,0.0,3.0,1.0,25,13,3,1,24,0,1,0
54825,133,0.0,0.0,0.0,2,1,1,2,1,0,1,0
55266,1049,0.0,0.0,0.0,8,1,1,1,6,0,1,1
55434,3912,0.0,0.0,0.0,3,1,1,1,2,0,1,0
55756,2403,0.0,6.0,0.0,11,6,2,2,9,0,2,0
55774,361,0.0,6.0,1.0,17,8,1,4,13,0,1,3
56954,141,0.0,3.0,0.0,8,3,2,3,5,0,1,2
57314,4475,0.0,4.0,1.0,5,1,1,1,4,0,1,0
57783,4203,0.0,3.0,1.0,2,1,1,2,0,0,1,1
58145,786,0.0,0.0,0.0,4,2,1,3,2,0,1,1
58798,4048,0.0,4.0,0.0,1,1,1,1,0,0,1,0
58857,2755,0.0,6.0,1.0,2,1,1,2,0,0,1,1
58998,4938,0.0,0.0,0.0,1,1,1,1,0,0,1,0
59146,3323,0.0,3.0,0.0,8,4,1,3,6,0,2,0
59212,4484,0.0,6.0,1.0,7,4,1,1,6,0,1,0
59487,1489,0.0,3.0,0.0,6,4,2,1,4,0,2,0
59920,1000,0.0,5.0,0.0,6,1,1,1,5,0,1,0
60231,4976,1.0,3.0,0.0,235,83,13,18,213,0,5,17
60430,2051,0.0,0.0,0.0,4,1,1,1,3,0,1,0
6050,3742,0.0,6.0,0.0,19,9,1,1,17,0,2,0
61020,3448,0.0,0.0,0.0,5,2,1,2,4,0,1,0
62009,4605,0.0,3.0,2.0,1,1,1,1,0,0,1,0
62220,4173,0.0,5.0,0.0,68,14,6,2,67,0,1,0
62969,110,0.0,0.0,0.0,4,1,1,1,3,0,1,0
6328,3929,0.0,3.0,0.0,7,4,1,1,6,0,1,0
64397,1115,0.0,3.0,0.0,21,2,1,4,20,0,1,0
64624,976,0.0,2.0,1.0,1,1,1,1,0,0,1,0
64657,66,0.0,2.0,1.0,7,2,1,1,4,0,3,0
64976,2639,1.0,0.0,1.0,14,5,4,1,12,0,2,0
65198,1049,0.0,3.0,1.0,3,1,1,1,2,0,1,0
65265,3609,0.0,3.0,0.0,6,3,1,2,3,0,1,2
65295,1861,0.0,5.0,0.0,1,1,1,1,0,0,1,0
65470,2556,0.0,3.0,0.0,18,8,5,2,16,0,1,1
66336,2459,0.0,5.0,0.0,11,4,3,2,10,0,1,0
66516,3472,0.0,3.0,1.0,1,1,1,1,0,0,1,0
66589,3148,0.0,6.0,0.0,38,8,2,3,34,0,1,3
67249,145,0.0,5.0,0.0,9,1,1,1,8,0,1,0
67330,614,0.0,4.0,0.0,1,1,1,1,0,0,1,0
6896,1346,0.0,4.0,0.0,3,1,1,1,2,0,1,0
6908,1738,0.0,0.0,1.0,9,4,2,2,8,0,1,0
69133,738,0.0,3.0,0.0,12,7,6,1,11,0,1,0
69163,1918,0.0,2.0,0.0,46,18,3,14,44,0,1,1
69213,806,0.0,0.0,0.0,9,5,4,1,6,0,3,0
69410,1963,0.0,0.0,1.0,5,3,1,1,4,0,1,0
69420,3609,0.0,0.0,0.0,3,1,1,1,2,0,1,0
70125,803,1.0,0.0,0.0,2,1,1,1,1,0,1,0
70209,4173,0.0,3.0,0.0,16,10,2,2,15,0,1,0
7030,1115,0.0,0.0,0.0,15,1,1,2,14,0,1,0
71395,798,0.0,2.0,0.0,15,9,4,1,13,0,2,0
71476,2403,0.0,4.0,0.0,9,7,2,1,7,0,2,0
71577,121,1.0,4.0,0.0,5,1,1,2,4,0,1,0
71585,4039,0.0,3.0,0.0,1,1,1,1,0,0,1,0
7207,323,0.0,4.0,0.0,10,4,2,1,8,0,2,0
72379,2193,0.0,7.0,0.0,36,24,8,1,34,0,2,0
72600,2562,0.0,0.0,1.0,4,1,1,2,3,0,1,0
72674,4090,0.0,0.0,0.0,29,8,1,9,26,0,1,2
72696,1124,0.0,2.0,0.0,1,1,1,1,0,0,1,0
72723,1742,0.0,6.0,2.0,31,17,1,5,27,0,4,0
73355,3230,0.0,3.0,0.0,9,4,1,2,8,0,1,0
7418,4955,1.0,0.0,0.0,3,2,1,2,2,0,1,0
75413,742,0.0,5.0,1.0,2,1,1,1,1,0,1,0
75436,740,0.0,4.0,1.0,3,1,1,1,2,0,1,0
75558,3363,0.0,0.0,0.0,1,1,1,1,0,0,1,0
7569,2620,0.0,5.0,0.0,8,2,1,3,6,0,2,0
75714,740,0.0,4.0,1.0,3,1,1,1,1,0,2,0
75889,4677,0.0,4.0,0.0,8,3,1,1,7,0,1,0
76075,4044,0.0,2.0,0.0,71,24,2,4,66,0,1,4
76345,2652,0.0,0.0,0.0,24,6,1,3,22,0,1,1
76543,3062,0.0,3.0,1.0,5,1,1,3,3,0,1,1
7699,4406,0.0,6.0,0.0,5,2,1,2,4,0,1,0
77040,1742,0.0,5.0,0.0,1,1,1,1,0,0,1,0
77138,3835,0.0,0.0,0.0,2,1,1,1,1,0,1,0
77355,4325,0.0,0.0,0.0,6,1,1,2,5,0,1,0
77713,2869,0.0,3.0,1.0,4,1,1,1,3,0,1,0
78176,467,0.0,3.0,0.0,1,1,1,1,0,0,1,0
78898,3828,0.0,0.0,0.0,4,1,1,2,3,0,1,0
78952,2126,0.0,3.0,0.0,1,1,1,1,0,0,1,0
78990,2173,0.0,7.0,0.0,54,17,3,4,50,0,3,1
79204,3163,0.0,3.0,0.0,3,1,1,1,1,0,2,0
7954,1840,0.0,5.0,1.0,2,1,1,1,1,0,1,0
79639,2955,0.0,5.0,0.0,4,1,1,1,3,0,1,0
7991,1096,0.0,5.0,1.0,26,11,1,5,24,0,1,1
80588,3623,0.0,3.0,0.0,42,14,5,3,35,0,3,4
81007,2454,0.0,0.0,0.0,5,2,1,1,4,0,1,0
81167,3580,0.0,2.0,1.0,6,4,3,1,5,0,1,0
81279,121,0.0,5.0,2.0,7,4,1,2,6,0,1,0
81863,3835,0.0,5.0,0.0,9,4,2,1,8,0,1,0
81882,3225,0.0,0.0,null,4,2,1,2,3,0,1,0
8203,1963,0.0,6.0,0.0,6,4,2,1,5,0,1,0
82646,1067,0.0,5.0,0.0,3,1,1,1,2,0,1,0
82714,594,0.0,0.0,0.0,3,1,1,1,2,0,1,0
82868,3433,0.0,2.0,0.0,10,1,1,2,7,0,2,1
82893,4577,0.0,0.0,1.0,5,1,1,1,4,0,1,0
83004,1520,0.0,7.0,0.0,1,1,1,1,0,0,1,0
83027,798,0.0,2.0,0.0,1,1,1,1,0,0,1,0
83181,721,0.0,0.0,0.0,3,1,1,2,2,0,1,0
83395,1721,0.0,0.0,0.0,3,1,1,1,2,0,1,0
83805,1742,0.0,3.0,1.0,26,2,1,1,25,0,1,0
83833,3205,0.0,3.0,0.0,7,3,1,3,6,0,1,0
84055,4756,0.0,3.0,0.0,4,1,1,1,3,0,1,0
84277,2447,0.0,5.0,0.0,6,2,1,1,4,0,2,0
84753,3655,0.0,3.0,1.0,2,2,1,1,0,0,2,0
84785,1049,0.0,0.0,0.0,7,1,1,1,6,0,1,0
84846,4281,0.0,0.0,0.0,3,1,1,1,2,0,1,0
84985,3466,0.0,5.0,0.0,4,1,1,2,3,0,1,0
85085,361,0.0,0.0,1.0,2,1,1,1,1,0,1,0
85413,3828,0.0,4.0,0.0,66,47,12,5,63,0,3,0
85687,3111,1.0,0.0,0.0,2,1,1,1,1,0,1,0
85707,361,0.0,0.0,0.0,5,2,1,1,4,0,1,0
87711,1884,0.0,5.0,1.0,18,9,2,6,16,0,1,1
87814,797,0.0,0.0,0.0,4,2,1,1,3,0,1,0
88211,1618,0.0,5.0,0.0,45,18,5,3,42,0,2,1
88463,949,0.0,3.0,0.0,20,2,1,3,18,0,1,1
88479,3990,0.0,2.0,1.0,3,1,1,1,1,0,1,1
8871,2766,0.0,6.0,0.0,10,2,2,2,8,1,1,0
88737,4771,0.0,0.0,0.0,5,1,1,2,3,1,1,0
88844,2872,0.0,3.0,2.0,3,3,3,2,2,0,1,0
88900,3543,0.0,3.0,0.0,7,2,1,3,6,0,1,0
8894,804,0.0,4.0,0.0,2,1,1,1,0,0,2,0
8965,2435,0.0,6.0,0.0,18,3,1,3,16,0,2,0
89752,1162,0.0,4.0,0.0,2,1,1,1,1,0,1,0
89924,1944,0.0,0.0,0.0,13,2,2,1,12,0,1,0
90129,3545,0.0,4.0,0.0,3,1,1,1,2,0,1,0
90273,3753,0.0,2.0,1.0,4,1,1,1,3,0,1,0
90760,4760,0.0,3.0,1.0,24,11,3,2,23,0,1,0
90846,4705,0.0,4.0,0.0,2,1,1,1,1,0,1,0
90941,2652,0.0,3.0,0.0,14,7,3,2,13,0,1,0
91388,1272,0.0,5.0,1.0,11,4,2,1,9,0,2,0
91872,3410,0.0,3.0,0.0,2,1,1,1,1,0,1,0
91906,508,0.0,2.0,0.0,5,3,1,1,3,0,2,0
92121,4170,1.0,4.0,0.0,3,1,1,1,0,0,3,0
92149,1075,0.0,5.0,0.0,1,1,1,1,0,0,1,0
9273,102,0.0,3.0,1.0,11,3,2,1,10,0,1,0
93283,2138,0.0,5.0,0.0,3,1,1,1,2,0,1,0
93791,1272,0.0,5.0,0.0,5,4,2,3,4,0,1,0
9389,1884,0.0,4.0,0.0,13,1,1,3,11,0,1,1
94507,2664,0.0,0.0,0.0,9,4,1,1,5,0,4,0
94572,639,0.0,3.0,1.0,6,3,1,1,5,0,1,0
96137,2789,0.0,0.0,0.0,6,3,2,1,4,0,2,0
96351,2482,0.0,0.0,0.0,4,3,2,1,3,0,1,0
9639,3545,0.0,4.0,0.0,1,1,1,1,0,0,1,0
96844,742,0.0,5.0,0.0,8,3,2,1,7,0,1,0
97081,2565,1.0,3.0,0.0,38,11,1,3,36,0,2,0
97374,2014,0.0,3.0,0.0,40,17,1,5,39,0,1,0
97405,2454,0.0,5.0,0.0,1,1,1,1,0,0,1,0
97825,437,0.0,0.0,0.0,6,2,2,1,5,0,1,0
9787,3160,0.0,3.0,1.0,3,2,2,1,2,0,1,0
98435,4042,0.0,3.0,0.0,6,1,1,1,5,0,1,0
98499,3578,0.0,0.0,0.0,7,2,2,1,6,0,1,0
99061,3621,0.0,4.0,1.0,2,2,2,1,0,0,2,0
99321,4913,0.0,3.0,0.0,3,1,1,1,2,0,1,0
99625,4894,0.0,3.0,1.0,4,1,1,1,3,0,1,0
