100120,1035,0.0,4.0,1.0,7,2,2,1,6,0,1,0
100137,2900,0.0,2.0,0.0,3,1,1,1,1,0,1,1
100882,1310,0.0,0.0,0.0,3,3,2,1,0,0,3,0
101104,2856,0.0,0.0,0.0,5,1,1,3,3,0,1,1
101315,960,0.0,6.0,0.0,6,2,1,1,5,0,1,0
101463,4504,0.0,0.0,1.0,13,3,1,1,12,0,1,0
101698,803,1.0,0.0,0.0,12,7,2,1,11,0,1,0
102008,4173,0.0,3.0,0.0,1,1,1,1,0,0,1,0
102037,2144,0.0,0.0,0.0,13,3,1,1,11,0,2,0
102234,3828,0.0,5.0,1.0,6,2,2,2,5,0,1,0
102248,2138,0.0,0.0,0.0,5,3,3,2,3,0,2,0
10252,4976,0.0,2.0,0.0,5,4,1,2,4,0,1,0
104121,3105,0.0,4.0,2.0,6,4,2,1,5,0,1,0
104159,4282,0.0,3.0,1.0,12,6,3,2,10,0,1,1
104737,742,0.0,0.0,0.0,5,3,3,1,4,0,1,0
104754,1895,0.0,2.0,0.0,1,1,1,1,0,0,1,0
105262,4589,0.0,2.0,1.0,1,1,1,1,0,0,1,0
105347,4090,1.0,4.0,0.0,5,3,1,2,4,0,1,0
105353,4659,0.0,3.0,1.0,4,2,2,1,3,0,1,0
105956,2424,0.0,4.0,1.0,22,5,1,3,20,0,1,1
106122,2318,0.0,3.0,2.0,1,1,1,1,0,0,1,0
106327,1499,0.0,3.0,0.0,13,3,1,2,12,0,1,0
106568,3828,0.0,0.0,0.0,7,4,4,4,6,0,1,0
107010,4944,0.0,6.0,null,12,1,1,1,10,1,1,0
107409,4712,0.0,3.0,0.0,13,3,2,2,12,0,1,0
107978,4976,0.0,6.0,0.0,20,11,4,6,19,0,1,0
107989,4198,0.0,6.0,0.0,3,1,1,1,2,0,1,0
108332,4818,0.0,4.0,0.0,13,9,4,1,11,0,2,0
108475,684,0.0,6.0,0.0,4,1,1,2,3,0,1,0
108744,3828,1.0,0.0,1.0,2,1,1,1,1,0,1,0
1088,1346,0.0,4.0,1.0,53,13,1,11,49,0,1,3
109828,4048,0.0,2.0,0.0,1,1,1,1,0,0,1,0
109997,4282,0.0,3.0,1.0,25,23,10,6,24,0,1,0
110218,2873,0.0,4.0,1.0,12,8,5,1,11,0,1,0
11029,1340,1.0,6.0,0.0,49,17,4,5,31,0,5,13
110371,3623,0.0,0.0,0.0,5,3,2,1,4,0,1,0
110471,2447,0.0,0.0,1.0,8,4,2,1,7,0,1,0
110523,2664,0.0,4.0,0.0,4,2,1,1,2,0,2,0
110677,2436,0.0,6.0,1.0,3,2,2,1,2,0,1,0
110753,4950,1.0,4.0,1.0,76,29,16,2,70,0,6,0
110796,1978,1.0,0.0,1.0,22,4,2,8,19,0,1,2
11102,2669,0.0,0.0,0.0,8,2,2,2,7,0,1,0
11110,3500,0.0,3.0,0.0,4,2,1,2,3,0,1,0
111134,3763,0.0,4.0,0.0,6,3,1,1,5,0,1,0
111441,1102,0.0,3.0,0.0,11,10,2,2,9,0,2,0
111970,4906,0.0,2.0,0.0,7,1,1,1,6,0,1,0
112117,2928,0.0,0.0,0.0,6,4,3,1,5,0,1,0
112246,1619,0.0,2.0,1.0,1,1,1,1,0,0,1,0
113484,4173,1.0,3.0,1.0,42,29,8,3,36,0,3,3
113672,1272,0.0,6.0,0.0,23,5,2,5,21,0,2,0
114175,3345,0.0,5.0,1.0,3,1,1,2,2,0,1,0
114281,4267,1.0,3.0,0.0,23,14,5,4,19,0,1,3
11436,4954,0.0,3.0,0.0,11,2,1,1,10,0,1,0
114611,2006,0.0,7.0,0.0,2,1,1,1,1,0,1,0
11468,2849,0.0,4.0,0.0,453,185,18,29,438,0,1,14
114837,740,0.0,4.0,1.0,1,1,1,1,0,0,1,0
115001,4858,1.0,4.0,0.0,2,1,1,2,1,0,1,0
115060,2128,0.0,3.0,0.0,4,1,1,1,3,0,1,0
11527,2913,0.0,4.0,0.0,16,6,3,2,13,0,3,0
115314,3105,0.0,3.0,0.0,20,6,1,4,14,0,5,1
115552,1583,0.0,0.0,0.0,24,14,4,8,21,0,1,2
115799,1861,1.0,3.0,0.0,6,3,2,2,5,0,1,0
115967,2579,0.0,6.0,0.0,5,2,2,1,3,0,2,0
116001,121,0.0,4.0,0.0,23,18,4,1,22,0,1,0
11620,2268,0.0,2.0,0.0,1,1,1,1,0,0,1,0
116280,168,0.0,4.0,1.0,1,1,1,1,0,0,1,0
116719,4282,0.0,2.0,1.0,3,1,1,1,2,0,1,0
116887,4079,0.0,3.0,1.0,1,1,1,1,0,0,1,0
117504,66,0.0,6.0,0.0,10,4,1,1,8,0,2,0
117683,4339,0.0,0.0,0.0,3,1,1,1,2,0,1,0
117971,1353,0.0,3.0,0.0,4,1,1,1,2,0,1,1
11802,3734,0.0,3.0,0.0,15,10,5,1,13,0,2,0
118252,234,0.0,2.0,0.0,1,1,1,1,0,0,1,0
118258,1274,0.0,0.0,0.0,4,1,1,2,2,0,1,1
118644,4944,0.0,3.0,1.0,6,2,2,2,5,0,1,0
119130,742,0.0,0.0,0.0,42,16,7,2,40,0,2,0
119293,3205,0.0,0.0,0.0,5,4,1,1,4,0,1,0
119465,3971,0.0,2.0,1.0,3,1,1,2,2,0,1,0
119546,586,0.0,4.0,0.0,1,1,1,1,0,0,1,0
11956,608,0.0,5.0,0.0,3,2,1,1,2,0,1,0
12098,3460,0.0,4.0,0.0,4,2,2,1,3,0,1,0
121398,682,0.0,3.0,0.0,12,8,3,2,11,0,1,0
121533,3022,0.0,2.0,1.0,1,1,1,1,0,0,1,0
122,798,0.0,3.0,0.0,5,1,1,2,2,0,2,1
122087,66,0.0,5.0,2.0,18,4,1,4,15,0,1,2
12250,1407,1.0,3.0,0.0,246,22,1,4,244,0,2,0
123179,4992,0.0,4.0,0.0,2,1,1,2,1,0,1,0
123383,1447,0.0,6.0,1.0,6,1,1,2,5,0,1,0
123772,3828,0.0,4.0,0.0,66,28,8,9,57,0,3,6
124380,4813,0.0,5.0,1.0,6,1,1,3,5,0,1,0
125144,3734,0.0,2.0,1.0,47,10,7,1,43,0,4,0
125235,4871,0.0,3.0,1.0,2,1,1,1,1,0,1,0
125264,2278,0.0,0.0,1.0,5,1,1,2,4,0,1,0
12535,731,0.0,6.0,0.0,12,2,1,2,11,0,1,0
125584,361,0.0,0.0,0.0,1,1,1,1,0,0,1,0
126414,4050,0.0,6.0,0.0,3,1,1,1,2,0,1,0
126686,1276,0.0,5.0,1.0,3,2,1,2,2,0,1,0
126933,4650,0.0,2.0,0.0,6,2,2,1,4,0,2,0
127299,4170,0.0,4.0,0.0,8,2,1,1,6,0,2,0
12775,2459,0.0,4.0,1.0,9,5,4,3,5,0,1,3
127892,1075,0.0,3.0,0.0,11,2,1,1,9,0,1,1
128058,1496,0.0,2.0,0.0,2,1,1,2,0,0,1,1
128281,3205,0.0,0.0,0.0,16,10,3,2,7,0,1,8
128298,1031,0.0,0.0,0.0,7,2,1,1,6,0,1,0
128563,3022,0.0,3.0,1.0,3,1,1,1,0,0,3,0
128810,962,0.0,0.0,0.0,14,4,4,5,10,0,1,3
129437,4687,0.0,0.0,1.0,2,1,1,1,1,0,1,0
130444,3828,0.0,6.0,0.0,45,19,5,2,42,0,3,0
130776,1393,0.0,0.0,0.0,12,7,3,1,11,0,1,0
130966,1392,0.0,0.0,0.0,3,1,1,1,2,0,1,0
130983,3826,0.0,0.0,0.0,11,3,1,1,10,0,1,0
132140,812,0.0,0.0,1.0,2,1,1,1,1,0,1,0
132253,3683,0.0,6.0,1.0,10,2,1,1,9,0,1,0
132443,121,0.0,5.0,0.0,3,1,1,1,2,0,1,0
132600,1798,0.0,6.0,1.0,20,7,1,2,19,0,1,0
132682,1393,0.0,3.0,0.0,12,9,4,2,10,0,1,1
132973,4756,0.0,0.0,0.0,12,6,2,2,8,0,4,0
133623,3472,0.0,2.0,0.0,1,1,1,1,0,0,1,0
134070,4739,0.0,0.0,0.0,12,3,3,5,11,0,1,0
135013,4079,0.0,5.0,0.0,2,1,1,1,1,0,1,0
135153,1677,0.0,4.0,0.0,20,15,4,2,17,0,2,1
135415,2073,0.0,0.0,0.0,2,1,1,1,1,0,1,0
135762,1150,0.0,2.0,0.0,4,1,1,2,3,0,1,0
136184,3828,0.0,0.0,0.0,12,4,3,4,11,0,1,0
136258,1308,0.0,2.0,1.0,9,2,2,2,7,0,1,1
13662,467,0.0,4.0,1.0,1,1,1,1,0,0,1,0
136682,4727,0.0,0.0,1.0,30,4,2,2,27,0,3,0
136841,2869,0.0,3.0,0.0,1,1,1,1,0,0,1,0
137075,2981,0.0,2.0,0.0,3,1,1,2,2,0,1,0
137279,4966,0.0,4.0,1.0,2,1,1,1,1,0,1,0
13728,467,0.0,3.0,1.0,2,1,1,2,1,0,1,0
137789,2175,0.0,0.0,0.0,16,7,2,2,13,0,3,0
137798,489,0.0,4.0,1.0,1,1,1,1,0,0,1,0
13802,742,1.0,4.0,0.0,9,2,1,3,7,0,1,1
1383,949,0.0,4.0,1.0,36,20,6,4,33,0,1,2
138312,2950,0.0,4.0,1.0,12,2,2,1,11,0,1,0
138483,1618,0.0,0.0,0.0,15,6,4,3,13,0,1,1
139325,4580,0.0,2.0,0.0,6,1,1,4,4,0,1,1
139338,1102,0.0,4.0,0.0,10,2,1,3,8,0,2,0
139697,3006,0.0,6.0,0.0,2,1,1,1,1,0,1,0
140057,3501,1.0,2.0,1.0,8,5,3,3,7,0,1,0
141424,1749,0.0,3.0,1.0,12,4,4,5,9,0,1,2
141981,2193,0.0,2.0,0.0,2,1,1,1,1,0,1,0
142048,2273,0.0,0.0,0.0,19,7,1,3,18,0,1,0
142181,2494,0.0,6.0,0.0,3,2,2,1,2,0,1,0
142692,2081,0.0,4.0,1.0,11,4,1,1,10,0,1,0
142718,2175,0.0,0.0,1.0,4,2,1,1,3,0,1,0
143189,786,0.0,6.0,0.0,8,5,3,3,6,0,2,0
143949,643,1.0,3.0,0.0,4,2,2,2,3,0,1,0
144597,2108,0.0,0.0,0.0,13,5,2,3,10,0,3,0
145354,1703,0.0,4.0,0.0,14,5,5,1,13,0,1,0
145355,1100,0.0,6.0,0.0,8,6,3,2,7,0,1,0
145521,2545,0.0,3.0,1.0,22,7,2,2,19,0,2,1
145598,4585,0.0,2.0,0.0,7,1,1,1,5,0,2,0
1456,3954,0.0,6.0,0.0,1,1,1,1,0,0,1,0
146565,3622,0.0,6.0,1.0,1,1,1,1,0,0,1,0
146844,2066,0.0,6.0,1.0,2,1,1,1,1,0,1,0
146948,1357,0.0,4.0,1.0,5,2,1,1,4,0,1,0
147335,2403,0.0,4.0,0.0,13,11,2,1,12,0,1,0
14805,630,0.0,0.0,0.0,27,17,8,2,26,0,1,0
148070,3657,0.0,3.0,1.0,2,1,1,2,0,0,1,1
149289,1679,0.0,4.0,1.0,18,6,4,6,16,0,1,1
149733,4015,0.0,5.0,1.0,7,4,4,1,6,0,1,0
149773,2068,0.0,0.0,0.0,4,3,1,1,3,0,1,0
149892,3086,0.0,3.0,0.0,3,1,1,1,2,0,1,0
150310,3941,0.0,6.0,1.0,6,3,1,4,5,0,1,0
150370,2669,0.0,3.0,0.0,20,10,5,3,15,0,4,1
150502,4687,0.0,2.0,1.0,1,1,1,1,0,0,1,0
151058,474,1.0,4.0,0.0,1,1,1,1,0,0,1,0
151124,4170,0.0,0.0,null,1,1,1,1,0,0,1,0
151539,1031,0.0,4.0,0.0,4,1,1,1,3,0,1,0
151670,587,1.0,3.0,1.0,8,1,1,2,6,0,1,1
15238,1274,0.0,0.0,0.0,3,1,1,1,2,0,1,0
152574,4992,0.0,2.0,0.0,15,5,1,1,14,0,1,0
152651,2108,0.0,0.0,0.0,6,1,1,3,5,0,1,0
153232,1816,0.0,4.0,1.0,10,4,3,3,8,0,2,0
15350,2537,0.0,4.0,0.0,4,1,1,1,3,0,1,0
153706,4760,0.0,2.0,1.0,13,5,3,2,11,0,1,1
154638,2721,0.0,3.0,0.0,1,1,1,1,0,0,1,0
155444,3191,0.0,0.0,0.0,5,2,1,1,4,0,1,0
155465,1661,0.0,3.0,2.0,2,1,1,2,1,0,1,0
155908,4256,0.0,4.0,0.0,23,17,7,2,20,0,1,2
156076,1608,0.0,5.0,0.0,20,5,4,2,18,0,2,0
156085,2047,0.0,5.0,0.0,5,2,1,1,4,0,1,0
156420,4322,0.0,0.0,1.0,3,1,1,1,2,0,1,0
156523,408,0.0,3.0,1.0,2,1,1,1,1,0,1,0
157233,649,0.0,5.0,1.0,11,1,1,2,10,0,1,0
157249,1738,0.0,3.0,0.0,33,14,2,5,32,0,1,0
157482,361,0.0,2.0,0.0,9,5,3,4,6,0,1,2
158153,1861,1.0,4.0,1.0,1,1,1,1,0,0,1,0
158318,3828,0.0,4.0,0.0,26,13,3,1,25,0,1,0
158424,2193,0.0,3.0,0.0,22,12,7,3,14,0,8,0
158713,1340,0.0,4.0,1.0,8,6,2,2,7,0,1,0
159141,4044,0.0,3.0,1.0,11,4,2,2,10,0,1,0
1603,2765,0.0,0.0,null,8,2,2,2,6,1,1,0
160319,3399,0.0,3.0,1.0,5,1,1,2,3,1,1,0
160573,4571,0.0,5.0,0.0,19,10,1,2,18,0,1,0
160621,14,0.0,2.0,0.0,11,2,2,2,10,0,1,0
16090,2278,0.0,2.0,0.0,3,1,1,1,2,0,1,0
160948,2683,0.0,7.0,0.0,3,2,2,2,2,0,1,0
161011,3350,0.0,3.0,0.0,6,2,1,2,5,0,1,0
161600,1895,0.0,0.0,0.0,1,1,1,1,0,0,1,0
163102,4316,0.0,4.0,1.0,4,1,1,1,3,0,1,0
163221,4584,0.0,2.0,0.0,6,4,2,1,5,0,1,0
163535,760,0.0,5.0,0.0,4,3,1,1,3,0,1,0
163606,596,0.0,4.0,0.0,5,1,1,1,4,0,1,0
163663,4536,0.0,4.0,0.0,2,1,1,1,1,0,1,0
163761,1056,0.0,3.0,0.0,2,2,1,1,0,0,2,0
164073,4170,0.0,4.0,0.0,2,1,1,1,1,0,1,0
165082,323,0.0,3.0,0.0,3,1,1,1,2,0,1,0
165521,695,0.0,0.0,0.0,9,2,1,2,6,1,1,1
16553,1911,0.0,6.0,0.0,13,8,1,1,8,0,5,0
165566,3016,0.0,3.0,1.0,15,7,4,1,13,0,2,0
165637,2396,0.0,3.0,1.0,3,1,1,2,2,0,1,0
166168,2669,0.0,5.0,1.0,2,1,1,1,1,0,1,0
166422,3304,0.0,4.0,1.0,3,1,1,1,2,0,1,0
166750,606,0.0,3.0,0.0,1,1,1,1,0,0,1,0
166833,2173,0.0,0.0,0.0,43,18,2,6,41,0,2,0
166857,4558,0.0,2.0,0.0,3,1,1,1,2,0,1,0
167067,3545,0.0,7.0,1.0,13,6,2,1,11,0,2,0
167595,4079,0.0,4.0,0.0,12,2,2,1,9,0,3,0
167832,1050,0.0,0.0,0.0,2,1,1,1,1,0,1,0
168006,3432,0.0,0.0,0.0,11,6,1,3,9,0,1,1
168025,4049,0.0,0.0,0.0,5,1,1,1,4,0,1,0
168035,4728,0.0,6.0,0.0,21,9,2,1,19,0,1,1
168098,3853,0.0,5.0,0.0,11,4,3,3,6,0,3,2
168363,4219,0.0,3.0,2.0,2,1,1,1,1,0,1,0
168912,2149,0.0,3.0,0.0,11,4,1,2,9,0,1,1
16905,1538,0.0,0.0,0.0,5,2,1,2,4,0,1,0
169274,63,0.0,5.0,0.0,16,4,3,4,10,0,1,5
169323,2138,0.0,2.0,0.0,5,1,1,2,4,0,1,0
169825,2981,0.0,0.0,1.0,3,1,1,3,2,0,1,0
171237,962,0.0,3.0,0.0,12,6,1,2,9,0,1,2
17130,3476,0.0,4.0,0.0,4,1,1,2,3,0,1,0
171987,4605,0.0,3.0,0.0,2,1,1,1,1,0,1,0
172199,4926,0.0,5.0,0.0,25,19,12,3,23,0,2,0
173360,4864,0.0,4.0,0.0,1,1,1,1,0,0,1,0
173425,361,0.0,6.0,1.0,12,3,2,2,9,0,1,2
174357,1760,1.0,4.0,0.0,2,1,1,1,1,0,1,0
174640,747,0.0,4.0,0.0,7,2,1,4,6,0,1,0
174722,4506,0.0,2.0,0.0,5,2,2,2,3,0,1,1
174820,3042,0.0,8.0,0.0,6,4,3,1,3,0,3,0
175138,2238,0.0,5.0,0.0,7,5,4,1,2,0,5,0
175532,3545,0.0,4.0,0.0,10,5,1,2,6,0,3,1
175912,63,0.0,0.0,0.0,6,1,1,3,5,0,1,0
1760,1346,0.0,3.0,0.0,8,6,1,2,7,0,1,0
176312,1500,0.0,3.0,1.0,4,1,1,1,3,0,1,0
176465,1724,0.0,4.0,0.0,3,1,1,1,2,0,1,0
176751,1892,0.0,0.0,0.0,11,6,4,2,10,0,1,0
17681,3004,0.0,0.0,0.0,7,5,2,1,6,0,1,0
176861,4316,0.0,3.0,0.0,4,1,1,1,3,0,1,0
177634,2220,0.0,3.0,1.0,6,1,1,2,4,1,1,0
177725,3484,0.0,0.0,0.0,3,1,1,1,1,0,1,1
177728,1487,0.0,4.0,0.0,7,2,1,1,5,0,2,0
178097,3828,1.0,2.0,0.0,250,75,18,11,230,0,3,17
178423,1679,1.0,4.0,0.0,48,31,6,3,38,0,3,7
179798,3016,0.0,2.0,1.0,8,2,1,2,7,0,1,0
179846,1768,0.0,3.0,0.0,7,2,1,1,6,0,1,0
179854,4659,0.0,2.0,0.0,3,2,2,1,2,0,1,0
180055,2856,0.0,5.0,0.0,4,2,1,1,3,0,1,0
180148,742,0.0,0.0,0.0,19,5,3,4,16,0,1,2
180222,4115,0.0,3.0,1.0,3,2,1,1,2,0,1,0
180767,4044,0.0,3.0,0.0,13,10,7,2,12,0,1,0
180976,2148,0.0,0.0,1.0,9,4,1,2,6,0,2,1
181240,817,0.0,2.0,0.0,10,5,1,2,8,0,2,0
182642,4052,0.0,2.0,1.0,1,1,1,1,0,0,1,0
182950,2173,0.0,0.0,0.0,6,3,1,3,4,0,1,1
183183,4658,0.0,4.0,0.0,2,1,1,1,1,0,1,0
183622,66,0.0,2.0,0.0,2,1,1,1,0,0,2,0
183649,4894,0.0,2.0,1.0,4,1,1,2,3,0,1,0
183662,2194,0.0,3.0,0.0,4,1,1,2,3,0,1,0
183778,2876,0.0,3.0,0.0,2,1,1,1,1,0,1,0
183862,2928,0.0,4.0,1.0,2,1,1,1,1,0,1,0
184012,3826,0.0,0.0,1.0,1,1,1,1,0,0,1,0
184502,1305,0.0,3.0,1.0,3,2,1,1,2,0,1,0
184941,2403,0.0,5.0,0.0,18,10,1,3,15,0,3,0
185026,3619,0.0,0.0,1.0,1,1,1,1,0,0,1,0
185149,4401,0.0,6.0,1.0,6,2,2,1,3,0,3,0
185225,2562,0.0,2.0,1.0,2,1,1,1,1,0,1,0
185364,250,0.0,2.0,0.0,7,1,1,3,5,0,1,1
185486,1392,0.0,4.0,1.0,80,24,10,5,69,0,2,9
185610,4950,0.0,3.0,0.0,1,1,1,1,0,0,1,0
185780,4525,0.0,2.0,0.0,14,9,1,1,12,0,2,0
18599,2303,0.0,5.0,0.0,7,4,1,3,6,0,1,0
186473,4976,0.0,3.0,0.0,30,18,3,2,29,0,1,0
188020,1379,0.0,0.0,0.0,1,1,1,1,0,0,1,0
188399,1272,1.0,6.0,0.0,14,11,2,6,13,0,1,0
188421,1892,0.0,6.0,0.0,21,12,5,2,18,0,3,0
188658,1131,0.0,3.0,1.0,30,17,8,9,25,0,1,4
189162,1861,0.0,3.0,0.0,15,4,1,2,13,0,2,0
189352,1272,0.0,0.0,0.0,5,2,2,2,4,0,1,0
189486,1111,0.0,2.0,0.0,2,1,1,2,0,0,1,1
189694,1923,0.0,5.0,1.0,19,4,2,1,18,0,1,0
18986,41,0.0,0.0,0.0,15,12,2,2,14,0,1,0
190266,590,0.0,6.0,1.0,7,1,1,2,6,0,1,0
190323,3875,0.0,0.0,0.0,2,1,1,1,1,0,1,0
190376,2435,0.0,0.0,0.0,1,1,1,1,0,0,1,0
190402,4368,0.0,0.0,1.0,7,2,2,1,6,0,1,0
190806,3473,1.0,3.0,1.0,11,1,1,6,10,0,1,0
191303,1056,0.0,0.0,0.0,17,6,4,3,14,0,3,0
19146,1659,0.0,0.0,0.0,2,1,1,1,1,0,1,0
191917,747,0.0,5.0,1.0,4,1,1,3,3,0,1,0
192611,4986,0.0,2.0,0.0,6,1,1,1,5,0,1,0
193005,141,0.0,2.0,1.0,5,1,1,3,4,0,1,0
193295,4724,0.0,4.0,0.0,13,6,1,1,11,0,2,0
193356,632,0.0,3.0,0.0,8,1,1,1,7,0,1,0
193418,310,0.0,3.0,0.0,37,3,3,4,36,0,1,0
193518,3241,0.0,2.0,1.0,8,2,1,2,5,0,2,1
193598,3675,0.0,4.0,0.0,22,8,5,1,20,0,2,0
193665,1203,0.0,4.0,0.0,7,3,3,2,4,0,3,0
193748,1393,0.0,5.0,0.0,16,9,4,4,13,0,1,2
1938,168,0.0,4.0,0.0,7,3,3,1,5,0,2,0
194516,250,0.0,3.0,0.0,6,2,1,2,5,0,1,0
195184,598,0.0,3.0,1.0,10,3,2,2,9,0,1,0
195833,3826,0.0,4.0,0.0,2,1,1,1,1,0,1,0
196113,4928,0.0,3.0,1.0,19,15,1,1,18,0,1,0
196282,4044,0.0,3.0,1.0,6,1,1,1,5,0,1,0
196308,2128,0.0,2.0,0.0,1,1,1,1,0,0,1,0
197009,4265,0.0,0.0,0.0,54,27,8,6,49,0,1,4
197302,3460,0.0,2.0,0.0,6,1,1,2,4,0,2,0
19766,1131,0.0,3.0,0.0,8,6,3,3,7,0,1,0
197968,3460,0.0,6.0,0.0,5,1,1,3,3,0,1,1
198098,1725,0.0,4.0,0.0,6,1,1,1,5,0,1,0
198207,1186,0.0,3.0,0.0,2,1,1,1,1,0,1,0
198241,4762,0.0,5.0,1.0,4,3,2,1,3,0,1,0
198738,2721,0.0,0.0,1.0,14,10,1,2,13,0,1,0
198888,1964,0.0,2.0,0.0,3,1,1,2,2,0,1,0
199558,798,0.0,5.0,2.0,6,2,2,3,5,0,1,0
199867,2403,0.0,4.0,0.0,49,30,2,2,47,0,2,0
200696,1825,0.0,2.0,0.0,10,2,1,3,9,0,1,0
20095,3898,0.0,3.0,1.0,10,2,1,2,9,0,1,0
201007,1618,1.0,4.0,0.0,68,54,6,8,66,0,2,0
20117,467,0.0,3.0,1.0,3,1,1,1,2,0,1,0
201640,3925,0.0,3.0,0.0,2,2,2,1,0,0,2,0
202055,2730,0.0,2.0,1.0,15,5,2,3,13,0,1,1
202500,1923,0.0,0.0,0.0,3,2,1,1,0,0,3,0
202741,4729,0.0,0.0,0.0,14,4,1,1,13,0,1,0
202963,508,0.0,2.0,0.0,22,6,1,5,20,0,1,1
203240,3472,0.0,4.0,0.0,3,1,1,1,2,0,1,0
203630,2435,0.0,3.0,0.0,1,1,1,1,0,0,1,0
203710,2242,0.0,5.0,0.0,19,11,1,2,16,0,3,0
203799,4976,1.0,4.0,2.0,15,8,4,4,13,0,1,1
204091,1067,1.0,7.0,1.0,14,3,1,3,11,0,1,2
204221,4585,0.0,3.0,1.0,3,1,1,1,2,0,1,0
204260,4043,0.0,3.0,0.0,20,13,6,3,19,0,1,0
204554,4124,0.0,2.0,0.0,4,2,2,1,3,0,1,0
204598,1833,0.0,4.0,0.0,13,5,2,4,8,0,2,3
204694,4171,0.0,5.0,1.0,3,1,1,1,2,0,1,0
20516,3990,0.0,0.0,0.0,7,1,1,2,6,0,1,0
205329,3103,0.0,3.0,0.0,8,5,2,3,7,0,1,0
205592,1944,1.0,4.0,0.0,5,1,1,1,4,0,1,0
206131,1978,1.0,5.0,0.0,5,1,1,2,3,0,1,1
206420,2537,0.0,0.0,0.0,2,1,1,1,1,0,1,0
206991,2140,0.0,5.0,0.0,5,2,1,2,4,0,1,0
207660,2108,0.0,4.0,0.0,4,1,1,1,3,0,1,0
207778,4783,0.0,0.0,0.0,6,1,1,1,4,1,1,0
208569,1102,0.0,2.0,0.0,20,11,6,6,15,0,1,4
209077,742,0.0,6.0,0.0,4,1,1,1,3,0,1,0
20978,1791,0.0,0.0,1.0,28,7,5,1,27,0,1,0
209931,2173,0.0,6.0,0.0,15,4,1,3,13,1,1,0
210037,2664,0.0,5.0,0.0,16,11,1,2,14,0,2,0
210040,2220,0.0,4.0,0.0,2,1,1,1,1,0,1,0
210814,4044,0.0,3.0,0.0,61,32,5,4,47,0,2,12
211285,1499,0.0,4.0,0.0,2,2,1,2,1,0,1,0
211504,1581,0.0,4.0,1.0,10,2,2,1,8,0,2,0
211628,1346,1.0,4.0,0.0,1,1,1,1,0,0,1,0
211973,4173,1.0,4.0,0.0,17,12,6,2,15,0,2,0
211995,1485,0.0,3.0,1.0,7,5,1,1,5,0,2,0
21212,3408,0.0,3.0,0.0,7,3,1,1,6,0,1,0
21291,4265,0.0,3.0,0.0,116,50,11,5,111,1,4,0
213382,606,0.0,4.0,0.0,38,27,5,5,34,0,1,3
213588,66,0.0,2.0,0.0,4,2,1,1,3,0,1,0
213786,2928,0.0,4.0,0.0,6,2,2,1,5,0,1,0
213907,437,0.0,0.0,1.0,20,13,2,1,19,0,1,0
213935,1910,0.0,3.0,0.0,18,7,4,3,15,0,1,2
214155,4864,1.0,4.0,1.0,7,2,1,3,6,0,1,0
214347,968,0.0,4.0,0.0,1,1,1,1,0,0,1,0
21439,4499,0.0,6.0,0.0,9,4,2,1,7,0,2,0
214818,748,0.0,3.0,0.0,12,3,1,1,10,0,2,0
215661,219,0.0,2.0,0.0,8,2,1,1,6,0,2,0
215977,4316,0.0,0.0,1.0,5,1,1,1,3,0,2,0
215999,1200,0.0,3.0,1.0,7,1,1,2,5,0,1,1
216042,3828,1.0,3.0,0.0,1,1,1,1,0,0,1,0
216069,4659,0.0,2.0,0.0,6,3,2,2,5,0,1,0
216378,1875,0.0,4.0,0.0,5,4,3,2,4,0,1,0
216736,1150,0.0,4.0,0.0,9,1,1,1,7,0,2,0
216854,2879,0.0,0.0,1.0,2,1,1,1,1,0,1,0
216984,3955,0.0,0.0,1.0,17,6,3,3,13,0,2,2
217430,794,0.0,3.0,0.0,13,6,1,2,11,0,1,1
217536,346,0.0,0.0,1.0,8,1,1,1,7,0,1,0
217723,2031,0.0,5.0,0.0,2,1,1,1,1,0,1,0
217917,1972,1.0,4.0,1.0,11,3,1,1,8,0,1,2
218152,2928,0.0,4.0,0.0,15,9,4,1,14,0,1,0
218276,1708,0.0,0.0,0.0,2,1,1,1,1,0,1,0
218610,2066,0.0,0.0,0.0,2,2,1,2,0,0,1,1
218756,2403,0.0,3.0,0.0,9,3,1,4,8,0,1,0
218940,989,0.0,3.0,0.0,5,1,1,1,4,0,1,0
219370,3173,0.0,5.0,0.0,2,2,1,1,0,0,2,0
21986,92,0.0,2.0,0.0,1,1,1,1,0,0,1,0
219903,3022,0.0,2.0,1.0,4,1,1,1,3,0,1,0
220030,523,0.0,0.0,1.0,1,1,1,1,0,0,1,0
220292,168,0.0,3.0,0.0,31,18,3,3,24,0,7,0
22132,1102,1.0,3.0,0.0,32,26,9,5,30,0,2,0
221323,3611,0.0,null,null,9,3,1,1,8,0,1,0
221792,2640,0.0,3.0,0.0,3,1,1,1,2,0,1,0
222048,1892,0.0,0.0,0.0,49,28,8,5,47,0,2,0
222305,590,0.0,0.0,1.0,3,1,1,1,2,0,1,0
222366,1724,0.0,0.0,0.0,5,1,1,2,4,0,1,0
223191,3230,0.0,3.0,1.0,4,1,1,1,3,0,1,0
223739,2124,0.0,3.0,1.0,5,2,1,1,4,0,1,0
224166,258,0.0,4.0,1.0,17,2,1,2,16,0,1,0
224340,121,0.0,5.0,1.0,11,5,3,2,9,0,2,0
22469,4480,0.0,5.0,0.0,6,4,3,1,5,0,1,0
224788,4919,0.0,0.0,0.0,9,2,1,3,7,0,1,1
224954,3828,0.0,2.0,0.0,19,3,2,1,17,0,1,1
224975,3971,0.0,2.0,1.0,5,3,1,2,2,0,1,2
225341,3936,0.0,3.0,1.0,5,1,1,1,4,0,1,0
226382,1861,0.0,3.0,0.0,4,2,1,1,3,0,1,0
226449,742,0.0,4.0,1.0,2,1,1,1,1,0,1,0
227279,4149,1.0,6.0,0.0,6,2,1,3,5,0,1,0
227649,2592,0.0,4.0,1.0,5,3,2,2,4,0,1,0
227732,4639,0.0,0.0,1.0,5,3,1,1,3,0,2,0
227981,4352,0.0,3.0,0.0,14,3,1,2,12,0,1,1
228167,66,0.0,0.0,1.0,2,1,1,1,1,0,1,0
228674,1285,0.0,2.0,1.0,14,1,1,4,13,0,1,0
229562,4724,0.0,3.0,0.0,3,1,1,1,2,0,1,0
229845,3022,0.0,0.0,0.0,1,1,1,1,0,0,1,0
230047,962,0.0,4.0,1.0,5,4,4,2,4,0,1,0
23070,3979,0.0,3.0,1.0,3,1,1,1,2,0,1,0
230717,1340,0.0,5.0,0.0,2,1,1,1,1,0,1,0
230874,4818,0.0,5.0,0.0,2,1,1,1,1,0,1,0
231545,1972,1.0,5.0,0.0,6,3,1,2,5,0,1,0
23169,2447,0.0,5.0,0.0,2,2,1,1,0,0,2,0
232334,4173,0.0,3.0,1.0,78,48,9,9,73,0,2,3
232638,2229,0.0,4.0,0.0,3,1,1,1,2,0,1,0
232749,2928,0.0,3.0,2.0,8,3,1,2,6,0,2,0
233107,293,0.0,4.0,0.0,7,2,1,4,6,0,1,0
233220,2562,0.0,4.0,1.0,4,1,1,2,3,0,1,0
233307,1939,0.0,3.0,0.0,2,1,1,1,0,0,1,1
233631,2824,0.0,4.0,0.0,8,3,1,1,6,0,2,0
233705,3034,0.0,2.0,0.0,3,1,1,1,2,0,1,0
233759,2303,0.0,0.0,1.0,4,2,1,1,3,0,1,0
233885,2592,0.0,2.0,1.0,1,1,1,1,0,0,1,0
234368,2952,0.0,3.0,0.0,2,1,1,1,1,0,1,0
2345,1738,0.0,3.0,0.0,64,19,9,3,63,0,1,0
234598,1911,1.0,6.0,0.0,6,2,1,1,5,0,1,0
234967,2664,0.0,4.0,1.0,9,4,1,1,7,0,2,0
235325,4171,0.0,4.0,1.0,1,1,1,1,0,0,1,0
235480,606,0.0,5.0,0.0,19,9,5,2,18,0,1,0
235667,1412,0.0,0.0,0.0,19,16,4,3,18,0,1,0
2357,4648,0.0,3.0,0.0,3,1,1,2,2,0,1,0
235797,2403,0.0,3.0,0.0,15,6,3,4,13,0,1,1
23587,2091,0.0,3.0,0.0,12,4,1,1,9,0,3,0
236351,1884,0.0,3.0,0.0,2,1,1,1,1,0,1,0
236506,4048,0.0,0.0,0.0,1,1,1,1,0,0,1,0
238259,3954,0.0,3.0,1.0,6,2,2,1,5,0,1,0
238868,3828,1.0,4.0,0.0,23,17,4,8,22,0,1,0
239182,3734,1.0,3.0,0.0,32,7,4,2,31,0,1,0
239272,4504,0.0,0.0,1.0,11,5,1,1,10,0,1,0
23947,798,0.0,4.0,2.0,15,7,4,2,12,0,3,0
239545,2669,0.0,3.0,0.0,10,7,2,4,8,0,2,0
239829,4864,0.0,3.0,0.0,2,1,1,2,0,0,1,1
240293,4462,0.0,0.0,0.0,3,1,1,1,2,0,1,0
240696,1487,0.0,5.0,1.0,7,4,1,1,6,0,1,0
240779,3205,0.0,3.0,0.0,31,6,2,5,26,0,3,2
240923,2577,0.0,6.0,null,3,1,1,1,2,0,1,0
241915,1393,0.0,0.0,0.0,797,504,23,12,771,0,2,24
242414,2273,0.0,3.0,0.0,24,4,1,9,20,0,1,3
242553,3350,0.0,3.0,1.0,7,3,1,2,5,0,1,1
243385,3205,0.0,4.0,0.0,6,2,1,2,5,0,1,0
243691,14,0.0,4.0,0.0,19,14,7,2,17,0,1,1
244358,2482,0.0,3.0,1.0,3,1,1,2,2,0,1,0
24462,2550,0.0,5.0,0.0,8,5,1,1,5,0,3,0
245419,4287,0.0,4.0,1.0,7,4,2,2,4,0,3,0
246212,4659,0.0,0.0,0.0,5,3,3,2,4,0,1,0
247075,798,0.0,2.0,0.0,18,11,8,1,16,0,2,0
247620,1588,0.0,4.0,0.0,3,1,1,1,2,0,1,0
247860,4044,0.0,3.0,0.0,23,14,4,4,22,0,1,0
24797,3853,0.0,0.0,0.0,26,8,3,2,21,0,2,3
248108,3230,0.0,0.0,1.0,4,1,1,1,3,0,1,0
248123,437,0.0,2.0,0.0,6,5,2,2,5,0,1,0
248219,2148,0.0,2.0,1.0,3,1,1,2,2,0,1,0
248233,3609,0.0,6.0,0.0,13,4,1,3,9,0,1,3
249074,689,0.0,4.0,0.0,4,1,1,2,3,0,1,0
249086,2459,0.0,5.0,0.0,5,2,1,3,4,0,1,0
2493,2935,0.0,6.0,0.0,5,2,1,2,4,0,1,0
249382,396,1.0,3.0,0.0,27,16,1,1,24,0,3,0
249969,4919,0.0,4.0,0.0,2,1,1,1,1,0,1,0
250123,4326,0.0,3.0,0.0,7,1,1,2,5,0,1,1
250459,1272,0.0,3.0,0.0,17,5,4,4,13,0,1,3
250632,962,0.0,3.0,0.0,36,15,6,5,32,0,2,2
251007,3955,0.0,3.0,1.0,4,1,1,1,3,0,1,0
251738,4783,0.0,4.0,0.0,6,1,1,1,5,0,1,0
25216,2592,0.0,2.0,1.0,5,1,1,2,4,0,1,0
252647,1090,1.0,4.0,0.0,6,3,2,2,5,0,1,0
25269,1760,0.0,6.0,0.0,6,4,2,2,5,0,1,0
25292,1401,0.0,0.0,1.0,8,1,1,1,7,0,1,0
253061,2184,0.0,4.0,1.0,3,1,1,2,1,0,2,0
253441,2224,0.0,4.0,0.0,3,1,1,1,2,0,1,0
253654,2217,0.0,0.0,2.0,1,1,1,1,0,0,1,0
253722,1031,0.0,2.0,2.0,20,1,1,3,18,0,1,1
254264,71,0.0,0.0,1.0,2,2,1,1,0,0,2,0
254284,416,0.0,0.0,0.0,18,8,6,2,17,0,1,0
254376,4280,0.0,3.0,0.0,4,3,1,1,3,0,1,0
254609,4534,1.0,3.0,0.0,18,2,2,2,7,0,10,1
25506,3249,0.0,5.0,0.0,12,2,1,2,10,0,1,1
255393,1884,0.0,4.0,1.0,8,4,2,3,7,0,1,0
255610,13,1.0,0.0,1.0,1,1,1,1,0,0,1,0
255787,1427,0.0,2.0,1.0,8,1,1,2,6,0,1,1
255909,1892,0.0,0.0,0.0,31,20,7,2,28,0,3,0
25618,1943,0.0,4.0,0.0,9,3,2,1,7,0,2,0
256735,2780,0.0,3.0,1.0,16,5,2,2,14,0,1,1
257132,4926,0.0,5.0,null,3,2,2,1,2,0,1,0
257180,4659,0.0,0.0,0.0,2,1,1,2,1,0,1,0
257210,4949,0.0,5.0,0.0,19,14,5,2,18,0,1,0
257363,2124,0.0,3.0,0.0,2,2,1,2,1,0,1,0
257395,1916,0.0,0.0,0.0,2,1,1,1,1,0,1,0
257413,2403,0.0,3.0,0.0,4,2,1,2,3,0,1,0
257573,3870,0.0,5.0,0.0,78,4,1,2,76,0,2,0
257970,4933,0.0,3.0,0.0,11,2,1,3,9,0,1,1
258174,4605,0.0,0.0,0.0,2,1,1,1,1,0,1,0
258514,4282,0.0,0.0,0.0,56,17,8,5,55,0,1,0
258861,1272,0.0,4.0,0.0,122,31,11,11,119,0,1,2
258870,1843,0.0,0.0,1.0,6,1,1,3,4,0,1,1
259149,1509,0.0,0.0,0.0,6,1,1,1,5,0,1,0
259451,4170,0.0,5.0,2.0,10,5,1,1,8,0,2,0
259496,3230,0.0,0.0,1.0,14,4,2,2,13,0,1,0
259985,141,0.0,0.0,1.0,32,19,6,6,29,0,3,0
260001,3531,0.0,3.0,0.0,17,12,5,1,15,0,1,1
260565,2601,0.0,3.0,1.0,3,1,1,1,2,0,1,0
260629,2318,0.0,3.0,0.0,3,1,1,1,2,0,1,0
260994,1500,0.0,3.0,0.0,5,1,1,1,4,0,1,0
261190,1884,0.0,3.0,0.0,8,3,2,2,7,0,1,0
261295,191,1.0,3.0,1.0,40,31,11,2,36,0,3,1
261342,2928,0.0,0.0,0.0,67,40,9,8,63,0,4,0
261369,3828,0.0,4.0,0.0,8,6,4,2,5,0,3,0
261451,2217,0.0,0.0,0.0,4,1,1,1,3,0,1,0
261477,4545,0.0,7.0,0.0,9,4,1,2,6,0,1,2
261820,2565,0.0,3.0,2.0,23,13,1,1,20,0,3,0
261987,4417,0.0,0.0,0.0,3,1,1,1,2,0,1,0
26246,416,0.0,6.0,0.0,2,2,1,2,1,0,1,0
263123,2232,0.0,7.0,0.0,5,2,1,1,4,0,1,0
26389,2078,0.0,3.0,0.0,3,1,1,2,2,0,1,0
264205,4282,0.0,4.0,0.0,92,54,13,16,86,0,2,4
264737,1352,0.0,3.0,1.0,4,2,2,2,2,0,2,0
264814,4420,0.0,4.0,1.0,10,5,4,2,9,0,1,0
264829,4137,0.0,3.0,1.0,15,6,1,2,10,0,1,4
264858,4265,0.0,3.0,0.0,25,18,4,2,24,0,1,0
265225,860,1.0,0.0,0.0,12,9,7,2,10,0,2,0
265450,121,0.0,6.0,0.0,5,3,3,1,4,0,1,0
265549,4991,0.0,0.0,1.0,3,1,1,1,2,0,1,0
265738,2102,0.0,5.0,0.0,9,3,2,3,7,0,1,1
265822,1133,0.0,4.0,0.0,9,5,2,2,6,0,1,2
26588,2397,0.0,4.0,0.0,2,1,1,1,1,0,1,0
265881,835,0.0,3.0,1.0,1,1,1,1,0,0,1,0
265883,798,0.0,2.0,0.0,2,1,1,1,1,0,1,0
265951,3163,0.0,2.0,1.0,18,4,3,2,13,0,4,1
266061,361,0.0,6.0,0.0,1,1,1,1,0,0,1,0
266282,806,0.0,3.0,0.0,3,1,1,2,1,0,1,1
266312,951,0.0,0.0,0.0,10,7,2,1,8,0,1,1
266340,1500,0.0,3.0,1.0,1,1,1,1,0,0,1,0
266698,605,0.0,3.0,1.0,4,1,1,2,3,0,1,0
266848,1892,1.0,3.0,0.0,85,35,15,3,80,0,5,0
267345,653,0.0,3.0,1.0,4,1,1,1,2,0,1,1
267401,3665,0.0,3.0,1.0,14,2,1,1,12,0,2,0
267484,4083,0.0,3.0,1.0,2,1,1,1,1,0,1,0
268097,4760,0.0,3.0,1.0,1,1,1,1,0,0,1,0
268318,1861,0.0,3.0,0.0,6,1,1,4,5,0,1,0
268628,4234,0.0,4.0,1.0,6,4,3,1,4,0,2,0
268773,1583,0.0,0.0,1.0,6,3,1,2,5,0,1,0
269350,4008,0.0,3.0,0.0,29,9,2,7,27,0,1,1
270271,3875,0.0,3.0,0.0,10,5,1,1,9,0,1,0
270331,332,0.0,0.0,0.0,2,1,1,1,1,0,1,0
270936,3822,0.0,0.0,2.0,2,1,1,2,1,0,1,0
271007,4568,0.0,4.0,0.0,23,12,5,2,20,0,3,0
271038,4325,0.0,0.0,0.0,13,5,4,1,11,0,2,0
271945,96,0.0,5.0,1.0,16,9,2,2,15,0,1,0
272371,2417,0.0,2.0,0.0,2,1,1,1,1,0,1,0
272544,2928,0.0,5.0,0.0,24,7,4,1,20,0,4,0
272779,804,0.0,4.0,0.0,3,1,1,1,2,0,1,0
27304,3473,0.0,3.0,0.0,13,4,2,4,11,0,1,1
273050,4864,0.0,0.0,0.0,25,7,1,2,22,0,1,2
273188,2790,0.0,4.0,0.0,11,1,1,3,10,0,1,0
273744,4926,0.0,5.0,0.0,5,4,4,1,3,0,2,0
273782,4170,1.0,0.0,1.0,5,1,1,2,3,0,1,1
273832,606,0.0,6.0,0.0,8,2,2,2,5,0,1,2
274063,826,0.0,2.0,1.0,5,1,1,1,4,0,1,0
27434,1031,0.0,0.0,0.0,8,1,1,1,6,0,1,1
274758,606,0.0,3.0,0.0,38,17,3,3,36,0,1,1
275180,2482,0.0,2.0,0.0,3,2,2,1,2,0,1,0
275206,1102,0.0,2.0,0.0,11,5,2,2,10,0,1,0
276872,897,0.0,5.0,0.0,1,1,1,1,0,0,1,0
27769,839,0.0,2.0,0.0,3,1,1,1,2,0,1,0
277737,104,1.0,5.0,2.0,6,1,1,1,5,0,1,0
278462,2170,0.0,0.0,1.0,2,1,1,1,1,0,1,0
278965,742,0.0,4.0,0.0,7,5,3,1,6,0,1,0
278997,1999,0.0,5.0,0.0,35,7,1,3,28,0,1,6
279057,198,0.0,3.0,1.0,12,8,4,1,10,0,1,1
279476,4903,0.0,5.0,0.0,3,1,1,2,2,0,1,0
279812,4942,0.0,2.0,0.0,7,2,1,1,6,0,1,0
279995,4203,0.0,5.0,0.0,1,1,1,1,0,0,1,0
280470,1203,0.0,4.0,0.0,9,8,4,1,8,0,1,0
280706,742,0.0,3.0,1.0,4,1,1,1,3,0,1,0
280813,3329,0.0,3.0,0.0,3,1,1,1,2,0,1,0
280821,3955,0.0,4.0,0.0,1,1,1,1,0,0,1,0
281307,2545,0.0,3.0,0.0,31,16,6,5,28,0,2,1
281509,4368,0.0,5.0,0.0,2,2,2,1,0,0,2,0
281882,3624,1.0,4.0,1.0,6,1,1,2,5,0,1,0
282070,4262,0.0,0.0,0.0,2,1,1,1,1,0,1,0
282228,1050,0.0,4.0,1.0,3,1,1,1,2,0,1,0
282262,4879,0.0,0.0,0.0,4,1,1,3,1,1,1,1
282475,4813,0.0,0.0,1.0,6,1,1,1,5,0,1,0
282526,1760,0.0,4.0,1.0,1,1,1,1,0,0,1,0
282957,2565,0.0,3.0,1.0,5,1,1,1,4,0,1,0
282966,3500,0.0,2.0,1.0,3,2,1,1,2,0,1,0
283066,927,0.0,2.0,1.0,2,2,1,1,1,0,1,0
283313,1411,0.0,3.0,1.0,2,1,1,1,0,0,2,0
284508,3205,0.0,null,null,3,1,1,1,2,0,1,0
284761,10,0.0,6.0,0.0,7,4,2,2,6,0,1,0
284881,63,0.0,6.0,0.0,4,3,2,1,2,0,2,0
285133,1067,0.0,0.0,1.0,20,2,1,2,19,0,1,0
285323,4173,0.0,3.0,0.0,21,5,2,7,19,0,1,1
28538,1556,0.0,5.0,0.0,2,1,1,1,1,0,1,0
285476,1720,0.0,0.0,0.0,2,1,1,1,1,0,1,0
285629,4724,0.0,0.0,0.0,6,3,1,1,3,0,3,0
28605,1013,0.0,6.0,0.0,7,3,3,2,5,0,2,0
286377,2403,0.0,0.0,1.0,30,16,1,2,27,0,2,1
287217,2318,0.0,3.0,0.0,12,2,1,1,11,0,1,0
287469,1803,0.0,4.0,0.0,3,1,1,2,1,0,1,1
287693,3609,0.0,5.0,0.0,23,17,1,2,21,0,2,0
288009,1102,0.0,4.0,0.0,4,4,2,2,2,0,2,0
288062,4198,0.0,6.0,0.0,7,4,1,1,6,0,1,0
288239,598,1.0,0.0,1.0,8,3,2,1,7,0,1,0
28824,4220,0.0,4.0,0.0,6,1,1,2,5,0,1,0
288498,1263,0.0,4.0,1.0,6,1,1,1,5,0,1,0
288920,4170,0.0,4.0,1.0,16,9,2,5,14,0,1,1
288926,1049,0.0,0.0,0.0,3,1,1,2,1,0,1,1
289195,1131,0.0,0.0,0.0,16,8,5,2,15,0,1,0
289478,4744,0.0,2.0,1.0,7,4,2,2,6,0,1,0
289808,4319,0.0,2.0,0.0,10,6,4,3,7,0,3,0
290495,2403,0.0,0.0,0.0,12,9,1,2,6,0,2,4
290752,1487,0.0,0.0,0.0,5,1,1,2,3,0,2,0
291449,4605,0.0,6.0,0.0,4,1,1,2,3,0,1,0
291678,963,0.0,4.0,0.0,8,2,1,1,7,0,1,0
291837,2278,0.0,3.0,0.0,12,2,2,2,11,0,1,0
292201,2066,0.0,5.0,0.0,2,1,1,2,1,0,1,0
292344,2913,0.0,3.0,0.0,4,1,1,1,3,0,1,0
293090,1495,0.0,6.0,0.0,8,2,1,1,7,0,1,0
293629,1352,0.0,0.0,0.0,31,11,4,3,30,0,1,0
293727,2938,0.0,6.0,0.0,4,1,1,1,3,0,1,0
293827,1703,0.0,3.0,0.0,10,2,1,3,9,0,1,0
293939,1067,0.0,5.0,0.0,4,1,1,2,3,0,1,0
293971,2273,0.0,2.0,1.0,6,2,1,2,5,0,1,0
294013,1840,0.0,4.0,1.0,26,16,6,4,24,0,2,0
29406,1840,0.0,0.0,0.0,2,1,1,1,1,0,1,0
294109,1300,0.0,5.0,1.0,4,2,2,2,3,0,1,0
294471,4940,0.0,3.0,0.0,30,16,1,6,27,0,1,2
294847,3822,0.0,3.0,1.0,6,5,1,2,5,0,1,0
294910,1346,0.0,2.0,1.0,47,6,1,4,37,0,3,7
294921,4173,0.0,0.0,0.0,23,11,3,2,22,0,1,0
295160,1472,0.0,4.0,1.0,2,1,1,1,1,0,1,0
295341,1890,0.0,4.0,0.0,13,4,2,5,12,0,1,0
296082,1210,0.0,2.0,0.0,15,1,1,8,14,0,1,0
296189,438,0.0,3.0,0.0,6,1,1,1,4,0,1,1
296687,1720,0.0,6.0,0.0,16,3,2,3,13,0,1,2
297142,4775,1.0,0.0,0.0,16,6,1,2,15,0,1,0
297342,3578,0.0,3.0,0.0,9,4,1,1,6,0,1,2
297427,962,0.0,2.0,1.0,3,1,1,1,2,0,1,0
297748,773,1.0,4.0,0.0,6,2,1,2,5,0,1,0
297839,3619,0.0,4.0,0.0,9,3,1,4,6,0,1,2
298220,4044,0.0,4.0,1.0,32,19,4,1,30,0,2,0
298234,1522,1.0,3.0,0.0,4,2,1,2,1,0,2,1
298288,1370,0.0,0.0,0.0,9,2,1,3,5,0,4,0
298350,120,0.0,2.0,0.0,7,2,2,2,5,0,1,1
298552,3323,1.0,null,null,4,1,1,1,3,0,1,0
298738,2140,0.0,0.0,0.0,3,1,1,1,2,0,1,0
298816,1399,0.0,6.0,1.0,4,2,1,1,3,0,1,0
299343,3763,0.0,3.0,0.0,3,1,1,2,2,0,1,0
299904,1742,0.0,6.0,1.0,2,2,1,1,0,0,2,0
299944,241,0.0,0.0,1.0,2,1,1,1,1,0,1,0
300354,1487,0.0,4.0,0.0,5,3,1,1,4,0,1,0
300470,1203,0.0,5.0,0.0,14,9,6,3,13,0,1,0
300478,3323,0.0,0.0,1.0,25,6,1,4,22,1,1,1
301587,2569,0.0,3.0,0.0,11,11,3,2,3,0,8,0
301657,3710,0.0,2.0,0.0,10,2,1,1,9,0,1,0
301946,503,0.0,4.0,0.0,8,3,2,1,6,0,2,0
302183,3541,1.0,3.0,0.0,12,5,1,1,10,0,1,1
302247,1526,0.0,0.0,0.0,4,1,1,2,2,0,1,1
302283,1895,0.0,6.0,0.0,10,4,3,1,8,0,2,0
302739,4171,0.0,0.0,1.0,2,1,1,1,1,0,1,0
303098,1820,0.0,3.0,0.0,2,1,1,2,0,0,1,1
30324,818,0.0,2.0,1.0,1,1,1,1,0,0,1,0
303338,4499,0.0,0.0,0.0,5,1,1,2,3,0,1,1
303532,4442,0.0,0.0,0.0,29,12,4,1,25,0,4,0
303873,1167,1.0,0.0,1.0,7,2,2,1,5,0,2,0
303874,798,0.0,4.0,1.0,12,7,6,3,8,3,1,0
304044,2992,0.0,0.0,1.0,24,7,4,2,20,0,4,0
304255,1916,0.0,5.0,0.0,8,4,2,1,4,0,4,0
304336,3085,0.0,4.0,0.0,23,12,4,3,20,0,2,1
304791,4698,0.0,2.0,0.0,2,1,1,1,0,0,1,1
304866,1594,0.0,5.0,0.0,6,1,1,2,5,0,1,0
3049,2242,0.0,4.0,0.0,23,5,2,3,18,0,4,1
305527,1134,0.0,4.0,0.0,1,1,1,1,0,0,1,0
305547,1102,0.0,3.0,0.0,52,28,6,4,50,0,2,0
306208,4605,0.0,3.0,0.0,1,1,1,1,0,0,1,0
307320,3363,0.0,6.0,0.0,2,1,1,1,0,0,1,1
307590,4325,0.0,3.0,0.0,7,2,2,2,6,0,1,0
307858,1272,0.0,6.0,0.0,37,21,6,6,36,0,1,0
307963,2537,0.0,2.0,0.0,7,1,1,2,6,0,1,0
308196,3474,0.0,6.0,0.0,36,7,1,4,34,0,1,1
30889,4294,0.0,3.0,1.0,7,1,1,1,6,0,1,0
309541,2795,0.0,3.0,0.0,9,1,1,2,8,0,1,0
309700,3828,0.0,4.0,1.0,8,5,3,2,4,0,2,2
310059,4760,0.0,2.0,0.0,9,1,1,2,8,0,1,0
310072,2569,0.0,4.0,0.0,4,3,2,1,1,0,3,0
31014,1816,0.0,0.0,1.0,79,26,4,6,73,0,1,5
310343,1892,0.0,3.0,1.0,6,3,3,1,4,0,2,0
310825,1359,0.0,0.0,0.0,7,5,1,1,6,0,1,0
312095,4373,0.0,3.0,1.0,2,1,1,1,1,0,1,0
312100,4693,0.0,0.0,0.0,5,2,1,1,4,0,1,0
312507,1103,0.0,0.0,0.0,12,4,1,1,11,0,1,0
312576,189,0.0,2.0,0.0,13,2,1,2,12,0,1,0
312605,2981,0.0,2.0,0.0,1,1,1,1,0,0,1,0
312930,219,0.0,0.0,0.0,7,3,1,1,5,0,1,1
313793,3954,0.0,3.0,1.0,6,1,1,1,5,0,1,0
314446,1298,0.0,2.0,0.0,8,4,1,1,7,0,1,0
314612,2436,0.0,0.0,0.0,36,17,6,2,32,0,4,0
314704,3205,0.0,0.0,0.0,2,1,1,1,0,0,2,0
314881,3350,0.0,5.0,0.0,3,1,1,1,2,0,1,0
314953,4649,0.0,3.0,0.0,2,1,1,1,1,0,1,0
315011,860,0.0,5.0,0.0,9,5,5,1,7,0,2,0
315076,3990,0.0,5.0,0.0,10,2,2,2,7,0,2,1
31519,2954,0.0,4.0,1.0,5,5,4,1,0,0,5,0
315240,1956,0.0,2.0,1.0,4,1,1,1,3,0,1,0
315329,1557,0.0,0.0,1.0,2,1,1,2,1,0,1,0
315386,3968,0.0,3.0,1.0,5,2,1,1,4,0,1,0
31617,4363,0.0,4.0,1.0,1,1,1,1,0,0,1,0
316254,2511,0.0,2.0,0.0,2,1,1,1,1,0,1,0
31752,4950,0.0,4.0,0.0,4,4,1,2,3,0,1,0
318132,4388,0.0,3.0,0.0,6,2,1,1,4,0,2,0
318262,598,0.0,3.0,1.0,11,5,2,4,8,0,1,2
318315,685,0.0,0.0,0.0,4,2,1,1,3,0,1,0
318522,3993,0.0,2.0,0.0,4,1,1,2,3,0,1,0
319248,1825,0.0,5.0,0.0,38,10,3,4,34,0,3,1
319491,121,0.0,5.0,1.0,21,13,7,4,19,0,2,0
320270,3941,0.0,6.0,1.0,3,2,1,2,2,0,1,0
3204,1724,0.0,0.0,0.0,8,3,1,2,6,0,1,1
320512,4183,0.0,0.0,1.0,2,1,1,1,1,0,1,0
320776,3163,0.0,3.0,1.0,1,1,1,1,0,0,1,0
320797,1892,0.0,5.0,0.0,4,2,2,2,3,0,1,0
321002,3687,0.0,4.0,0.0,2,2,2,1,0,0,2,0
321105,4085,0.0,2.0,1.0,4,1,1,1,3,0,1,0
321136,1102,0.0,3.0,1.0,179,52,4,9,173,0,3,3
321266,2173,0.0,4.0,0.0,20,15,3,1,19,0,1,0
321627,429,0.0,4.0,1.0,7,1,1,1,6,0,1,0
321916,412,0.0,4.0,0.0,20,11,4,3,19,0,1,0
32254,630,1.0,4.0,0.0,116,57,18,14,106,0,10,0
322828,323,0.0,0.0,0.0,4,1,1,1,2,0,1,1
322885,203,0.0,3.0,0.0,6,1,1,1,5,0,1,0
323198,236,0.0,3.0,0.0,23,1,1,5,19,0,1,3
323800,3098,0.0,0.0,0.0,5,1,1,1,4,0,1,0
323889,98,0.0,5.0,1.0,3,2,2,1,2,0,1,0
323900,2821,0.0,0.0,0.0,4,2,2,1,3,0,1,0
324043,1538,0.0,4.0,0.0,18,3,1,3,17,0,1,0
324135,2545,0.0,2.0,1.0,7,3,2,2,5,0,1,1
324494,3728,0.0,0.0,1.0,2,1,1,1,1,0,1,0
324706,3925,0.0,4.0,0.0,81,29,9,5,77,0,3,1
324793,215,0.0,0.0,0.0,2,1,1,1,1,0,1,0
325363,3906,0.0,6.0,0.0,4,1,1,1,3,0,1,0
325558,3455,0.0,0.0,0.0,16,6,2,2,13,0,2,1
325602,1454,0.0,5.0,1.0,2,1,1,1,0,0,2,0
325785,3034,0.0,4.0,1.0,1,1,1,1,0,0,1,0
326500,3965,0.0,0.0,0.0,6,3,1,2,5,0,1,0
326598,3105,0.0,2.0,1.0,43,18,2,5,38,0,5,0
326786,3022,0.0,3.0,0.0,8,2,1,2,7,0,1,0
327025,2128,0.0,4.0,0.0,3,3,3,1,0,0,3,0
327681,1588,0.0,0.0,0.0,8,1,1,1,7,0,1,0
328055,1272,0.0,6.0,0.0,36,15,3,7,34,0,1,1
328105,2915,0.0,4.0,0.0,3,1,1,2,2,0,1,0
328720,1495,0.0,5.0,0.0,15,2,1,5,14,0,1,0
328892,1911,0.0,0.0,1.0,4,2,1,1,3,0,1,0
328996,2204,0.0,3.0,1.0,5,1,1,1,3,0,1,1
328999,1726,0.0,2.0,0.0,3,2,1,2,1,0,1,1
329666,4173,0.0,0.0,0.0,18,3,2,2,16,0,1,1
330159,1407,1.0,3.0,1.0,8,1,1,1,7,0,1,0
330462,4966,0.0,3.0,0.0,4,2,2,1,3,0,1,0
330910,1454,0.0,0.0,0.0,8,2,2,1,6,0,2,0
330914,3586,0.0,0.0,0.0,2,1,1,1,1,0,1,0
331016,537,0.0,3.0,0.0,6,2,2,1,4,0,1,1
331039,4558,0.0,4.0,0.0,13,4,2,3,12,0,1,0
331212,4765,0.0,3.0,1.0,7,2,1,1,6,0,1,0
331296,798,0.0,2.0,0.0,20,8,5,3,17,0,2,1
331425,4385,0.0,6.0,0.0,1,1,1,1,0,0,1,0
331544,3065,0.0,0.0,0.0,5,1,1,1,4,0,1,0
331596,1861,1.0,3.0,0.0,2,2,1,1,0,0,2,0
332067,3839,0.0,5.0,0.0,28,6,2,6,27,0,1,0
332471,594,0.0,6.0,0.0,2,1,1,1,1,0,1,0
332534,3065,0.0,6.0,1.0,20,5,1,2,16,0,1,3
333205,4099,0.0,4.0,1.0,1,1,1,1,0,0,1,0
333471,3938,0.0,0.0,0.0,2,1,1,1,1,0,1,0
333549,2128,0.0,0.0,1.0,6,3,3,4,4,1,1,0
334236,3455,0.0,0.0,1.0,53,16,2,1,51,0,2,0
334583,423,0.0,3.0,0.0,2,1,1,2,1,0,1,0
334606,2273,0.0,3.0,0.0,1,1,1,1,0,0,1,0
33487,4079,1.0,0.0,0.0,3,1,1,1,0,0,3,0
335278,1557,0.0,3.0,null,5,3,1,2,4,0,1,0
336044,730,0.0,4.0,0.0,1,1,1,1,0,0,1,0
336196,3159,1.0,4.0,0.0,24,11,5,1,21,0,2,1
336231,2869,0.0,0.0,0.0,5,1,1,2,4,0,1,0
336233,3500,0.0,2.0,0.0,11,2,1,2,10,0,1,0
336313,1131,0.0,3.0,0.0,3,2,2,3,1,0,1,1
336614,1399,0.0,4.0,0.0,10,1,1,1,9,0,1,0
337144,2636,0.0,4.0,0.0,5,2,1,2,4,0,1,0
337756,4079,0.0,3.0,0.0,18,8,2,2,17,0,1,0
338612,4044,0.0,4.0,0.0,14,8,6,3,12,0,2,0
338895,3143,0.0,4.0,0.0,9,4,1,1,7,0,2,0
338985,4660,0.0,3.0,0.0,6,4,1,1,5,0,1,0
339204,2403,0.0,6.0,0.0,4,2,1,3,3,0,1,0
339271,4693,0.0,3.0,0.0,9,7,2,2,5,0,4,0
339424,798,0.0,4.0,0.0,3,1,1,1,2,0,1,0
339823,2036,0.0,3.0,1.0,4,1,1,2,1,0,2,1
340061,1816,0.0,2.0,1.0,17,6,3,3,13,0,2,2
340445,3085,0.0,5.0,0.0,10,7,2,1,8,0,2,0
341267,653,0.0,0.0,1.0,1,1,1,1,0,0,1,0
341417,1816,0.0,2.0,1.0,9,4,2,1,8,0,1,0
341639,3905,0.0,5.0,0.0,6,3,1,2,5,0,1,0
341807,66,0.0,2.0,null,8,6,1,1,7,0,1,0
34215,121,0.0,0.0,0.0,9,5,2,2,7,1,1,0
34235,3350,0.0,3.0,0.0,4,1,1,2,3,0,1,0
342499,1760,0.0,0.0,2.0,43,25,3,5,37,0,4,2
342726,3088,1.0,3.0,0.0,21,8,3,1,17,0,4,0
342761,2597,0.0,4.0,0.0,3,1,1,2,2,0,1,0
342823,415,0.0,2.0,1.0,2,1,1,1,1,0,1,0
342918,1353,0.0,3.0,0.0,12,4,3,1,11,0,1,0
342958,1126,0.0,4.0,0.0,56,28,8,2,49,0,2,5
34379,437,0.0,6.0,0.0,14,5,1,2,13,0,1,0
343800,2036,0.0,5.0,1.0,2,1,1,1,1,0,1,0
344143,3971,0.0,0.0,0.0,5,1,1,1,4,0,1,0
344799,2565,0.0,4.0,1.0,12,2,1,2,11,0,1,0
344988,1132,0.0,3.0,0.0,4,2,1,1,3,0,1,0
345108,2720,0.0,6.0,0.0,1,1,1,1,0,0,1,0
345452,1760,0.0,4.0,1.0,6,3,2,1,3,0,3,0
345991,2031,0.0,3.0,1.0,5,4,2,2,3,0,2,0
346282,3984,1.0,0.0,0.0,83,25,7,6,81,0,1,1
346570,742,0.0,2.0,1.0,1,1,1,1,0,0,1,0
346840,4282,0.0,3.0,1.0,15,11,6,3,14,0,1,0
346903,4427,0.0,2.0,1.0,2,1,1,1,1,0,1,0
347045,2928,0.0,3.0,0.0,12,8,2,1,11,0,1,0
347498,3476,0.0,5.0,1.0,20,12,7,3,18,0,1,1
347868,58,0.0,5.0,1.0,2,1,1,1,1,0,1,0
348075,3629,0.0,3.0,0.0,3,1,1,1,2,0,1,0
348447,3347,0.0,0.0,0.0,1,1,1,1,0,0,1,0
348969,3586,0.0,0.0,0.0,5,5,3,2,3,0,2,0
349867,4450,0.0,4.0,0.0,4,1,1,2,3,0,1,0
350587,606,0.0,2.0,0.0,28,14,8,7,21,0,1,6
350948,643,0.0,0.0,0.0,10,2,1,2,9,0,1,0
351038,1393,0.0,0.0,0.0,47,27,6,1,38,0,5,4
351070,742,0.0,0.0,0.0,6,5,5,1,3,0,3,0
35146,3955,0.0,3.0,0.0,5,2,1,2,4,0,1,0
35157,2022,0.0,2.0,0.0,13,2,1,1,12,0,1,0
351675,3160,0.0,6.0,0.0,2,2,2,1,0,0,2,0
352129,1330,0.0,3.0,0.0,4,1,1,2,3,0,1,0
352135,1501,0.0,2.0,2.0,11,2,1,2,10,0,1,0
352142,4454,0.0,0.0,0.0,7,1,1,3,5,0,1,1
352598,1322,0.0,0.0,null,8,3,1,1,7,0,1,0
352979,4261,0.0,4.0,2.0,1,1,1,1,0,0,1,0
352989,2144,0.0,2.0,0.0,9,2,1,1,6,0,2,1
353105,1861,0.0,0.0,0.0,1,1,1,1,0,0,1,0
35322,3472,0.0,5.0,2.0,2,1,1,1,1,0,1,0
353595,794,0.0,5.0,0.0,4,2,2,2,2,0,2,0
353613,479,0.0,3.0,0.0,5,1,1,1,4,0,1,0
353649,4558,0.0,5.0,0.0,2,1,1,1,1,0,1,0
354186,2273,0.0,5.0,0.0,4,1,1,1,3,0,1,0
354356,798,0.0,4.0,0.0,4,1,1,2,3,0,1,0
354582,359,0.0,0.0,2.0,2,1,1,2,1,0,1,0
354861,4986,0.0,6.0,0.0,3,2,1,1,2,0,1,0
355063,3650,0.0,3.0,1.0,2,1,1,1,1,0,1,0
355157,606,0.0,0.0,0.0,38,25,10,2,37,0,1,0
355181,598,0.0,2.0,1.0,7,4,1,4,5,0,1,1
355762,3984,0.0,7.0,1.0,9,7,4,1,8,0,1,0
355894,4756,0.0,3.0,0.0,2,1,1,1,1,0,1,0
356095,2127,0.0,0.0,0.0,3,1,1,1,1,0,2,0
356116,2397,0.0,0.0,1.0,24,12,3,2,22,0,2,0
356967,3042,0.0,3.0,0.0,5,2,2,1,3,0,2,0
357307,2723,0.0,4.0,0.0,123,61,5,1,117,0,6,0
357338,3822,0.0,3.0,0.0,11,5,2,2,9,0,1,1
357573,3205,1.0,7.0,0.0,8,1,1,2,6,1,1,0
357976,4438,0.0,3.0,0.0,2,1,1,2,1,0,1,0
358155,3225,0.0,0.0,0.0,11,2,1,2,9,0,2,0
358227,4738,0.0,0.0,0.0,7,3,1,1,6,0,1,0
358567,3545,0.0,4.0,0.0,28,11,1,2,26,0,2,0
359020,4336,0.0,6.0,1.0,8,2,1,1,7,0,1,0
359134,1487,0.0,3.0,1.0,4,1,1,1,3,0,1,0
359372,3687,0.0,2.0,0.0,3,1,1,1,1,0,2,0
359652,310,0.0,null,null,5,1,1,2,4,0,1,0
360257,1704,0.0,5.0,0.0,9,6,2,2,8,0,1,0
360901,1726,0.0,2.0,1.0,7,2,2,5,5,0,1,1
361021,4137,0.0,4.0,0.0,7,3,2,2,6,0,1,0
361320,2221,0.0,2.0,0.0,3,1,1,2,2,0,1,0
361928,2537,0.0,4.0,0.0,14,6,4,2,11,0,3,0
362170,1816,0.0,0.0,1.0,27,12,3,3,26,0,1,0
362277,3472,0.0,3.0,0.0,1,1,1,1,0,0,1,0
362870,3822,0.0,0.0,0.0,5,1,1,2,4,0,1,0
363333,4504,0.0,3.0,1.0,128,47,2,6,120,0,1,7
363347,3825,0.0,3.0,0.0,4,1,1,1,3,0,1,0
363555,1393,1.0,5.0,0.0,17,9,5,2,13,0,3,1
363607,1276,0.0,0.0,1.0,2,1,1,1,1,0,1,0
364320,4282,0.0,2.0,1.0,6,5,3,2,5,0,1,0
364349,3839,0.0,6.0,0.0,6,3,1,2,5,0,1,0
364447,3828,0.0,0.0,0.0,3,2,1,1,2,0,1,0
364713,1886,0.0,3.0,1.0,4,1,1,1,3,0,1,0
364836,2821,0.0,5.0,1.0,9,1,1,1,8,0,1,0
365067,2454,0.0,5.0,0.0,5,2,2,2,4,0,1,0
365734,3396,0.0,3.0,2.0,8,5,3,1,7,0,1,0
366172,1168,0.0,5.0,1.0,7,4,2,1,6,0,1,0
366328,2905,0.0,3.0,0.0,2,1,1,1,1,0,1,0
366569,1134,0.0,0.0,null,2,1,1,1,1,0,1,0
366581,4760,0.0,0.0,0.0,3,1,1,1,2,0,1,0
366839,3853,0.0,0.0,0.0,6,4,3,3,5,0,1,0
367140,2052,0.0,6.0,0.0,3,1,1,1,2,0,1,0
367519,323,0.0,5.0,1.0,5,2,2,2,3,0,2,0
367732,1346,1.0,0.0,0.0,1,1,1,1,0,0,1,0
368035,522,0.0,5.0,0.0,4,2,1,1,3,0,1,0
368193,4976,0.0,3.0,1.0,29,17,6,4,27,0,1,1
36833,2450,0.0,2.0,0.0,4,1,1,1,2,0,1,1
36870,4954,0.0,0.0,0.0,3,1,1,1,2,0,1,0
369017,4585,0.0,0.0,1.0,3,1,1,1,2,0,1,0
369065,4173,0.0,4.0,0.0,3,1,1,1,2,0,1,0
370566,1193,0.0,2.0,1.0,3,1,1,1,2,0,1,0
370956,946,0.0,5.0,0.0,4,1,1,1,3,0,1,0
371051,4369,0.0,0.0,0.0,1,1,1,1,0,0,1,0
371313,4584,0.0,2.0,0.0,7,4,3,3,2,0,1,4
371504,2134,0.0,2.0,0.0,13,1,1,1,11,0,1,1
371517,3211,0.0,3.0,0.0,3,1,1,1,2,0,1,0
371897,1067,0.0,5.0,0.0,7,1,1,1,6,0,1,0
37199,2122,0.0,5.0,0.0,5,2,1,3,4,0,1,0
37241,1602,0.0,2.0,0.0,10,6,3,1,9,0,1,0
372446,2309,0.0,5.0,0.0,13,5,1,1,10,0,3,0
372490,3578,0.0,4.0,0.0,5,2,2,1,4,0,1,0
373150,1543,0.0,3.0,0.0,2,1,1,1,1,0,1,0
373232,2051,1.0,3.0,1.0,2,2,1,1,0,0,2,0
373248,1749,0.0,3.0,0.0,2,2,2,1,1,0,1,0
373541,4760,0.0,0.0,1.0,9,1,1,1,8,0,1,0
373583,3602,0.0,3.0,0.0,3,1,1,1,2,0,1,0
37379,2639,0.0,0.0,0.0,3,1,1,2,1,0,2,0
373908,1816,0.0,0.0,0.0,2,1,1,2,0,0,1,1
374751,415,0.0,2.0,1.0,5,2,1,1,4,0,1,0
374952,4919,0.0,3.0,1.0,8,4,1,4,7,0,1,0
375194,2824,0.0,5.0,0.0,21,7,2,4,19,0,2,0
375615,4649,0.0,2.0,0.0,4,1,1,1,3,0,1,0
375696,1970,0.0,3.0,1.0,6,1,1,2,5,0,1,0
375824,4079,0.0,0.0,0.0,8,1,1,2,7,0,1,0
375892,1200,0.0,2.0,0.0,5,2,1,1,3,0,2,0
376657,326,0.0,0.0,0.0,4,1,1,1,3,0,1,0
377009,114,0.0,3.0,1.0,2,2,2,1,0,0,1,1
377535,3105,0.0,4.0,1.0,14,6,3,3,13,0,1,0
377547,897,0.0,4.0,0.0,7,1,1,2,6,0,1,0
377785,4044,0.0,0.0,0.0,4,3,2,1,2,0,2,0
377993,2594,0.0,3.0,0.0,17,16,6,2,16,0,1,0
37806,1522,0.0,0.0,0.0,4,1,1,1,3,0,1,0
378063,1485,0.0,3.0,0.0,6,2,1,1,5,0,1,0
379059,2313,0.0,0.0,1.0,4,1,1,1,3,0,1,0
379462,2007,1.0,0.0,1.0,6,1,1,1,5,0,1,0
379890,508,0.0,4.0,0.0,7,4,1,2,6,0,1,0
380330,2014,0.0,2.0,0.0,52,4,1,1,50,0,1,1
380675,4992,0.0,3.0,0.0,2,1,1,1,1,0,1,0
38070,4542,0.0,2.0,0.0,29,10,2,3,28,0,1,0
380840,3103,0.0,0.0,0.0,7,2,1,1,6,0,1,0
3815,2436,0.0,4.0,1.0,8,2,1,5,6,0,2,0
381741,2124,0.0,4.0,0.0,12,6,1,2,11,0,1,0
38183,2318,0.0,4.0,1.0,3,1,1,1,2,0,1,0
381968,4643,0.0,4.0,1.0,8,1,1,3,7,0,1,0
38236,695,0.0,4.0,0.0,1,1,1,1,0,0,1,0
382518,503,0.0,0.0,0.0,3,1,1,1,2,0,1,0
382540,104,0.0,3.0,2.0,6,1,1,2,5,0,1,0
382567,3873,0.0,3.0,1.0,4,1,1,1,3,0,1,0
382779,3576,0.0,0.0,0.0,1,1,1,1,0,0,1,0
383486,4282,0.0,null,null,10,5,2,2,8,0,1,1
38359,2565,0.0,6.0,0.0,2,1,1,1,0,0,2,0
383606,4662,1.0,5.0,0.0,3,1,1,1,2,0,1,0
383611,3455,0.0,0.0,0.0,13,5,1,2,11,0,1,1
384214,698,0.0,0.0,1.0,6,2,2,1,5,0,1,0
384297,4043,1.0,6.0,2.0,3,3,3,1,0,0,3,0
385081,511,0.0,3.0,0.0,2,1,1,2,1,0,1,0
385104,2620,0.0,3.0,0.0,8,1,1,2,6,0,1,1
385249,4986,0.0,3.0,0.0,6,1,1,1,4,0,1,1
385558,756,0.0,3.0,1.0,8,3,1,1,6,0,2,0
386831,2981,0.0,0.0,0.0,1,1,1,1,0,0,1,0
387470,3912,0.0,5.0,0.0,4,3,2,2,3,0,1,0
387581,191,0.0,4.0,0.0,2,1,1,1,1,0,1,0
387985,2221,0.0,3.0,1.0,4,3,1,1,3,0,1,0
387994,3163,0.0,2.0,1.0,4,2,1,1,3,0,1,0
388020,2613,0.0,0.0,0.0,2,1,1,1,1,0,1,0
388710,4173,0.0,5.0,0.0,8,4,3,1,7,0,1,0
389255,2594,0.0,5.0,0.0,6,2,1,1,5,0,1,0
389510,2668,1.0,0.0,0.0,5,1,1,2,3,0,2,0
389756,4131,0.0,5.0,0.0,15,7,2,4,13,0,2,0
389814,1861,1.0,5.0,0.0,2,1,1,1,1,0,1,0
389823,1096,0.0,3.0,1.0,1,1,1,1,0,0,1,0
389912,2655,0.0,4.0,0.0,9,1,1,2,7,0,1,1
390870,4044,0.0,5.0,1.0,6,2,2,3,5,0,1,0
390968,189,0.0,7.0,0.0,8,1,1,2,6,1,1,0
3915,1310,0.0,2.0,0.0,7,5,5,2,5,0,2,0
391602,1613,0.0,2.0,1.0,13,1,1,2,11,0,1,1
39163,786,0.0,2.0,0.0,10,4,2,4,9,0,1,0
39166,3734,0.0,0.0,0.0,10,2,1,2,9,0,1,0
39180,685,0.0,0.0,0.0,13,10,3,3,12,0,1,0
391936,4662,0.0,0.0,0.0,8,2,1,1,7,0,1,0
392154,323,0.0,0.0,0.0,4,2,1,1,3,0,1,0
392365,3588,0.0,6.0,0.0,2,1,1,1,1,0,1,0
392466,310,0.0,4.0,1.0,3,2,2,1,2,0,1,0
392722,2664,1.0,7.0,0.0,4,4,1,2,2,0,2,0
392767,3944,0.0,0.0,0.0,5,1,1,2,3,0,1,1
39383,1900,0.0,0.0,0.0,4,1,1,1,3,0,1,0
393933,3968,0.0,2.0,0.0,19,1,1,2,18,0,1,0
394005,2712,1.0,6.0,2.0,6,3,1,2,5,0,1,0
394129,1875,0.0,5.0,0.0,61,31,6,3,59,0,2,0
394263,2523,1.0,5.0,1.0,3,1,1,2,1,0,1,1
394628,4864,0.0,4.0,0.0,1,1,1,1,0,0,1,0
39491,2278,0.0,3.0,0.0,6,2,1,1,4,0,2,0
395145,962,0.0,6.0,1.0,3,1,1,1,2,0,1,0
395225,98,0.0,2.0,0.0,1,1,1,1,0,0,1,0
395799,3624,0.0,5.0,0.0,10,5,1,2,9,0,1,0
396182,1884,0.0,5.0,1.0,3,1,1,1,2,0,1,0
396262,4919,0.0,0.0,0.0,1,1,1,1,0,0,1,0
396383,1359,0.0,0.0,1.0,4,1,1,1,3,0,1,0
39692,4217,0.0,3.0,1.0,10,4,2,1,9,0,1,0
397140,1760,0.0,4.0,0.0,7,2,2,2,5,0,2,0
398108,2108,0.0,0.0,1.0,5,1,1,1,4,0,1,0
398223,3828,1.0,0.0,1.0,12,2,2,2,9,0,1,2
398292,4044,0.0,2.0,0.0,3,3,2,2,0,0,1,2
399025,3609,0.0,0.0,0.0,2,1,1,1,1,0,1,0
399120,2918,0.0,0.0,0.0,5,2,1,1,4,0,1,0
399249,4170,0.0,3.0,1.0,10,6,2,2,9,0,1,0
399413,1495,0.0,null,null,7,1,1,2,5,1,1,0
399512,3958,0.0,4.0,0.0,3,1,1,1,2,0,1,0
399558,2078,0.0,5.0,0.0,4,1,1,1,3,0,1,0
399885,3986,0.0,3.0,0.0,2,1,1,1,1,0,1,0
400136,1100,0.0,5.0,0.0,3,1,1,1,1,0,2,0
400161,3105,0.0,3.0,1.0,8,5,1,1,5,0,3,0
400455,1923,1.0,0.0,0.0,11,4,1,2,10,0,1,0
400810,141,0.0,3.0,0.0,1,1,1,1,0,0,1,0
400821,4258,1.0,4.0,1.0,7,4,3,1,4,0,3,0
400932,1102,0.0,4.0,1.0,3,3,2,2,0,0,1,2
401229,4125,0.0,5.0,0.0,9,2,2,1,7,0,2,0
401353,3628,0.0,4.0,0.0,3,1,1,1,2,0,1,0
40168,314,0.0,0.0,0.0,8,1,1,1,7,0,1,0
402244,3179,0.0,3.0,0.0,6,2,2,2,3,0,1,2
40272,219,0.0,4.0,1.0,6,1,1,1,4,0,2,0
402725,3635,0.0,3.0,1.0,12,1,1,4,10,1,1,0
403128,3930,0.0,0.0,0.0,2,1,1,1,1,0,1,0
403929,2217,0.0,3.0,0.0,6,1,1,2,5,0,1,0
403948,4850,0.0,5.0,0.0,7,7,6,3,4,0,3,0
404293,2193,0.0,0.0,0.0,1,1,1,1,0,0,1,0
404496,2608,0.0,2.0,1.0,4,1,1,1,3,0,1,0
404777,951,0.0,7.0,0.0,16,2,1,1,15,0,1,0
405045,4280,1.0,3.0,0.0,1,1,1,1,0,0,1,0
405180,3954,0.0,5.0,0.0,5,2,2,1,4,0,1,0
405354,4662,0.0,5.0,2.0,1,1,1,1,0,0,1,0
405808,4911,0.0,0.0,1.0,3,1,1,1,1,0,2,0
405904,4864,0.0,4.0,1.0,14,7,4,1,12,0,2,0
406043,4949,0.0,6.0,null,10,6,2,2,9,0,1,0
406179,1640,0.0,5.0,1.0,1,1,1,1,0,0,1,0
406249,4173,0.0,4.0,0.0,5,3,2,4,4,0,1,0
40630,416,0.0,0.0,0.0,9,4,1,1,7,0,2,0
406949,132,0.0,2.0,0.0,2,1,1,1,1,0,1,0
407467,4594,1.0,3.0,1.0,8,3,2,1,7,0,1,0
407552,66,0.0,2.0,0.0,23,4,1,1,21,0,2,0
408029,2248,0.0,3.0,1.0,1,1,1,1,0,0,1,0
408451,2470,0.0,2.0,0.0,2,1,1,1,1,0,1,0
408721,141,0.0,3.0,0.0,40,20,8,1,37,0,1,2
408754,2821,0.0,3.0,1.0,2,1,1,1,1,0,1,0
408967,3734,1.0,4.0,0.0,17,6,3,2,15,0,1,1
409292,3323,0.0,3.0,0.0,6,3,1,1,5,0,1,0
410518,4048,1.0,0.0,0.0,11,3,1,2,10,0,1,0
410539,2915,0.0,0.0,1.0,3,2,2,2,2,0,1,0
410953,424,0.0,0.0,0.0,2,2,2,2,1,0,1,0
410997,4610,0.0,6.0,0.0,4,1,1,2,3,0,1,0
41208,4044,0.0,6.0,0.0,23,17,5,1,22,0,1,0
412355,4763,0.0,3.0,0.0,3,1,1,1,2,0,1,0
412598,1916,0.0,0.0,0.0,20,9,2,2,17,0,3,0
412737,4871,0.0,5.0,1.0,3,1,1,1,1,0,2,0
413314,4523,0.0,0.0,2.0,11,4,2,1,7,0,4,0
413349,2791,0.0,2.0,1.0,3,3,3,3,2,0,1,0
413429,3955,0.0,3.0,0.0,5,3,2,1,3,0,2,0
414212,1659,0.0,0.0,1.0,4,1,1,1,3,0,1,0
414564,3484,0.0,4.0,0.0,5,2,1,2,4,0,1,0
414777,868,0.0,4.0,1.0,4,2,1,1,3,0,1,0
415206,1200,1.0,3.0,1.0,8,1,1,2,4,0,4,0
415549,2721,0.0,5.0,0.0,38,21,5,3,36,0,2,0
416536,2078,0.0,6.0,0.0,4,1,1,1,3,0,1,0
416946,4287,0.0,0.0,1.0,5,4,2,3,4,0,1,0
417411,3971,0.0,6.0,0.0,2,1,1,1,1,0,1,0
417720,3199,0.0,0.0,0.0,24,9,1,1,22,0,2,0
417827,132,0.0,3.0,1.0,19,3,2,2,18,0,1,0
418356,2511,0.0,0.0,0.0,2,1,1,1,1,0,1,0
420368,4269,0.0,4.0,0.0,88,36,1,8,79,0,2,7
420518,2318,0.0,0.0,0.0,3,2,1,1,1,0,2,0
421192,4765,0.0,3.0,0.0,5,1,1,1,4,0,1,0
421982,4783,0.0,4.0,1.0,12,2,1,5,11,0,1,0
422076,2217,0.0,3.0,0.0,6,2,1,2,5,0,1,0
422376,1454,1.0,5.0,0.0,31,9,5,3,29,0,2,0
422383,1884,0.0,4.0,0.0,6,1,1,3,4,0,1,1
423574,1454,0.0,4.0,0.0,3,2,2,1,2,0,1,0
423965,198,0.0,3.0,0.0,4,3,3,1,3,0,1,0
423979,3853,0.0,4.0,0.0,26,11,1,2,24,0,2,0
424048,586,0.0,4.0,0.0,16,11,5,3,8,0,1,7
42926,2193,0.0,3.0,1.0,2,1,1,1,1,0,1,0
43024,3828,0.0,5.0,1.0,38,24,9,9,37,0,1,0
43150,4005,1.0,3.0,0.0,9,4,3,1,7,0,2,0
43306,3828,0.0,0.0,0.0,4,1,1,2,3,0,1,0
43348,3828,1.0,0.0,1.0,10,2,2,3,8,1,1,0
43453,594,0.0,0.0,0.0,23,10,6,1,19,0,4,0
43610,1968,0.0,2.0,0.0,2,1,1,1,0,0,1,1
44474,508,0.0,0.0,0.0,4,1,1,1,2,0,2,0
45064,4629,0.0,5.0,1.0,5,1,1,2,4,0,1,0
4606,4771,1.0,5.0,0.0,5,3,3,1,2,0,3,0
46114,3236,0.0,0.0,0.0,5,2,1,3,4,0,1,0
46515,2664,0.0,3.0,0.0,55,40,3,1,48,0,7,0
46536,4044,0.0,3.0,0.0,16,12,5,1,15,0,1,0
46798,798,0.0,0.0,0.0,3,2,1,3,0,0,1,2
47092,1659,0.0,0.0,0.0,3,1,1,1,2,0,1,0
47232,191,0.0,2.0,0.0,11,9,5,1,10,0,1,0
476,4403,0.0,0.0,0.0,4,2,1,2,3,0,1,0
47874,4840,0.0,0.0,0.0,5,2,2,2,4,0,1,0
48491,4589,0.0,0.0,0.0,2,1,1,1,1,0,1,0
49018,4864,0.0,6.0,0.0,4,1,1,1,2,0,2,0
49203,1840,0.0,3.0,0.0,5,3,1,1,3,0,2,0
49322,3230,0.0,3.0,1.0,7,3,1,1,6,0,1,0
49638,1093,0.0,5.0,0.0,1,1,1,1,0,0,1,0
50303,3734,0.0,4.0,1.0,5,3,2,1,4,0,1,0
5062,3098,0.0,6.0,0.0,3,2,1,1,2,0,1,0
50759,598,0.0,4.0,1.0,10,6,2,3,9,0,1,0
51112,2991,0.0,0.0,1.0,2,1,1,1,1,0,1,0
51146,3529,0.0,0.0,0.0,12,5,3,3,11,0,1,0
51569,2882,0.0,5.0,1.0,5,1,1,1,4,0,1,0
52080,3301,0.0,7.0,0.0,11,3,1,1,10,0,1,0
52089,2502,0.0,3.0,1.0,2,1,1,1,1,0,1,0
52318,4079,0.0,0.0,0.0,10,4,2,1,6,0,4,0
52525,962,0.0,4.0,0.0,22,12,7,1,19,0,3,0
53351,4667,0.0,2.0,0.0,3,1,1,3,2,0,1,0
53572,1126,0.0,2.0,0.0,93,42,11,11,89,0,1,3
53606,3152,0.0,5.0,2.0,12,6,2,5,11,0,1,0
53637,1861,1.0,3.0,1.0,1,1,1,1,0,0,1,0
54717,3990,0.0,5.0,1.0,3,1,1,2,2,0,1,0
54951,1283,0.0,3.0,0.0,8,4,2,1,7,0,1,0
5510,3334,0.0,3.0,1.0,4,1,1,1,3,0,1,0
55357,1193,0.0,3.0,1.0,13,6,3,1,12,0,1,0
55964,489,1.0,2.0,0.0,16,4,1,1,14,0,2,0
55996,3345,0.0,0.0,0.0,7,1,1,1,6,0,1,0
56643,4173,1.0,4.0,0.0,26,9,4,3,25,0,1,0
57039,4394,0.0,0.0,0.0,5,4,2,1,4,0,1,0
57153,4394,0.0,8.0,0.0,4,2,1,1,3,0,1,0
57689,4044,0.0,3.0,0.0,12,8,3,2,11,0,1,0
58290,4265,0.0,3.0,0.0,10,7,4,3,0,0,1,9
58439,2765,0.0,4.0,0.0,4,1,1,2,3,0,1,0
58482,2099,0.0,4.0,0.0,2,1,1,1,1,0,1,0
58484,606,0.0,4.0,0.0,1,1,1,1,0,0,1,0
58751,1281,0.0,4.0,1.0,21,2,1,3,20,0,1,0
59114,2869,0.0,0.0,0.0,13,2,1,3,12,0,1,0
59903,1546,0.0,4.0,1.0,14,7,7,5,8,0,1,5
603,4363,0.0,4.0,1.0,4,2,2,1,3,0,1,0
60365,4125,0.0,0.0,0.0,23,16,8,4,22,0,1,0
60431,4170,0.0,3.0,0.0,21,5,1,3,19,0,2,0
60566,4955,0.0,3.0,0.0,8,3,3,1,6,0,2,0
61468,257,0.0,6.0,0.0,3,1,1,2,2,0,1,0
61631,3080,0.0,3.0,1.0,10,3,2,2,8,0,2,0
61807,1944,0.0,5.0,0.0,12,6,5,1,10,0,2,0
62043,3784,0.0,4.0,0.0,10,4,1,1,8,0,2,0
6255,2698,1.0,3.0,0.0,1,1,1,1,0,0,1,0
62783,1066,1.0,2.0,1.0,2,1,1,1,1,0,1,0
62837,2928,0.0,3.0,2.0,100,34,8,4,95,0,5,0
63375,3941,0.0,0.0,1.0,2,1,1,1,1,0,1,0
63414,1203,0.0,0.0,0.0,11,3,1,3,10,0,1,0
63418,4048,0.0,6.0,0.0,4,3,1,2,3,0,1,0
63524,436,0.0,4.0,0.0,16,14,3,1,15,0,1,0
63588,1031,1.0,4.0,0.0,19,4,1,6,18,0,1,0
63617,4793,0.0,2.0,0.0,3,1,1,1,2,0,1,0
63883,1643,0.0,4.0,0.0,9,4,1,1,7,0,1,1
64432,1861,0.0,3.0,0.0,14,2,1,3,12,0,2,0
64475,4992,0.0,0.0,0.0,15,8,1,1,14,0,1,0
64629,2344,0.0,0.0,0.0,8,1,1,3,6,0,1,1
65153,1704,0.0,0.0,0.0,9,6,2,1,8,0,1,0
65754,4687,0.0,6.0,0.0,1,1,1,1,0,0,1,0
66325,1840,0.0,6.0,1.0,2,1,1,1,1,0,1,0
66467,361,0.0,4.0,0.0,5,4,1,1,3,0,1,1
66749,3828,0.0,3.0,0.0,1,1,1,1,0,0,1,0
67002,4305,0.0,0.0,0.0,6,2,2,3,3,0,2,1
67413,2849,0.0,3.0,0.0,16,10,5,5,13,0,3,0
67450,3826,0.0,2.0,1.0,2,1,1,1,1,0,1,0
67485,1833,0.0,6.0,0.0,25,10,1,4,22,0,2,1
67549,3191,0.0,0.0,0.0,2,1,1,1,1,0,1,0
67612,4976,0.0,3.0,0.0,106,58,16,5,97,0,9,0
67622,1272,0.0,5.0,0.0,2,1,1,1,1,0,1,0
67848,3734,0.0,4.0,1.0,13,6,2,3,10,0,1,2
68333,3898,0.0,3.0,0.0,3,1,1,2,1,0,1,1
68643,649,0.0,7.0,0.0,7,1,1,2,6,0,1,0
68644,3018,0.0,3.0,2.0,3,1,1,2,2,0,1,0
69072,1705,0.0,7.0,1.0,6,2,2,1,4,0,1,1
69099,3875,0.0,0.0,1.0,2,1,1,1,1,0,1,0
69514,2856,0.0,6.0,1.0,4,1,1,3,3,0,1,0
69560,4607,0.0,0.0,1.0,250,42,4,4,248,0,2,0
69783,4744,0.0,3.0,1.0,2,1,1,1,1,0,1,0
70714,4234,0.0,5.0,1.0,30,14,3,4,27,0,3,0
70863,2273,0.0,4.0,0.0,1,1,1,1,0,0,1,0
71133,3763,0.0,4.0,0.0,9,5,1,2,8,0,1,0
71695,4394,0.0,6.0,0.0,9,1,1,2,8,0,1,0
72007,1305,0.0,3.0,0.0,3,1,1,1,2,0,1,0
72023,856,0.0,2.0,0.0,10,7,2,2,9,0,1,0
72365,1557,0.0,4.0,0.0,4,1,1,1,3,0,1,0
72819,4044,0.0,3.0,0.0,8,7,5,1,3,0,5,0
73150,1102,0.0,3.0,1.0,12,7,4,2,4,0,1,7
73183,4835,1.0,3.0,0.0,6,1,1,2,5,0,1,0
73212,4966,0.0,5.0,1.0,15,11,7,2,14,0,1,0
73370,1890,0.0,3.0,2.0,3,2,1,1,2,0,1,0
73847,141,0.0,6.0,1.0,31,1,1,5,30,0,1,0
74080,63,0.0,3.0,0.0,3,1,1,2,2,0,1,0
74392,3323,1.0,4.0,0.0,1,1,1,1,0,0,1,0
74667,897,0.0,4.0,1.0,3,2,1,2,2,0,1,0
74714,2435,0.0,3.0,0.0,4,4,2,1,0,0,4,0
74728,4049,0.0,4.0,0.0,11,4,3,4,9,0,1,1
74785,412,0.0,5.0,2.0,7,5,3,1,6,0,1,0
75241,4131,0.0,7.0,0.0,1,1,1,1,0,0,1,0
75348,492,0.0,2.0,1.0,4,1,1,1,3,0,1,0
75407,798,0.0,3.0,0.0,2,1,1,1,1,0,1,0
75411,1342,0.0,4.0,0.0,40,13,5,1,39,0,1,0
75415,1827,0.0,0.0,1.0,7,4,1,3,6,0,1,0
75820,3041,0.0,5.0,0.0,5,1,1,1,4,0,1,0
76133,3510,0.0,4.0,0.0,4,1,1,1,3,0,1,0
76291,2066,0.0,3.0,1.0,1,1,1,1,0,0,1,0
77581,598,0.0,0.0,0.0,12,6,3,2,11,0,1,0
77799,1557,0.0,3.0,0.0,15,11,6,3,12,0,2,1
77942,323,0.0,6.0,0.0,3,1,1,1,2,0,1,0
78209,1708,0.0,3.0,1.0,1,1,1,1,0,0,1,0
78269,1659,0.0,0.0,0.0,4,1,1,1,3,0,1,0
78340,4050,0.0,3.0,0.0,4,1,1,1,3,0,1,0
79174,962,0.0,6.0,0.0,9,2,2,4,6,0,1,2
79210,4850,0.0,5.0,0.0,17,7,4,3,16,0,1,0
8077,2173,0.0,6.0,0.0,19,4,1,1,18,0,1,0
82051,1203,0.0,4.0,0.0,53,17,10,2,43,0,5,5
82770,2919,0.0,6.0,1.0,6,1,1,1,5,0,1,0
82973,4976,0.0,5.0,0.0,52,31,9,7,46,0,2,4
83168,3828,0.0,4.0,0.0,6,3,1,1,5,0,1,0
83255,3968,0.0,2.0,0.0,6,2,2,2,5,0,1,0
83263,962,0.0,6.0,null,7,4,3,3,6,0,1,0
8336,3971,0.0,6.0,1.0,1,1,1,1,0,0,1,0
8423,1102,0.0,2.0,0.0,1,1,1,1,0,0,1,0
84419,1487,0.0,6.0,0.0,24,5,1,1,23,0,1,0
85172,4982,0.0,3.0,1.0,1,1,1,1,0,0,1,0
85844,742,0.0,7.0,0.0,3,2,2,1,2,0,1,0
86185,1602,0.0,3.0,0.0,3,3,1,1,0,0,3,0
86572,4265,0.0,0.0,0.0,31,9,6,6,30,0,1,0
86655,3350,0.0,3.0,0.0,5,2,1,1,4,0,1,0
86765,133,0.0,4.0,0.0,28,6,1,2,24,0,1,3
86934,4426,1.0,3.0,0.0,17,8,2,2,16,0,1,0
87052,3205,0.0,6.0,0.0,5,2,1,2,4,0,1,0
87152,200,0.0,3.0,1.0,4,1,1,2,3,0,1,0
87957,4794,0.0,2.0,1.0,27,2,1,6,26,0,1,0
88452,4044,0.0,3.0,0.0,4,1,1,1,3,0,1,0
88896,1885,0.0,0.0,0.0,4,2,2,1,2,0,1,1
8920,2099,0.0,6.0,1.0,5,3,3,1,4,0,1,0
90030,4042,0.0,0.0,1.0,3,1,1,1,2,0,1,0
90254,441,0.0,2.0,1.0,22,5,3,1,21,0,1,0
90819,1748,0.0,3.0,1.0,6,2,1,1,5,0,1,0
91567,4525,0.0,0.0,0.0,5,4,1,1,4,0,1,0
916,508,1.0,4.0,0.0,4,2,1,1,3,0,1,0
91653,4419,0.0,0.0,0.0,2,1,1,1,1,0,1,0
92041,4949,0.0,2.0,0.0,18,13,5,1,16,0,2,0
92046,2138,0.0,2.0,1.0,4,2,1,2,2,0,2,0
92109,806,0.0,2.0,0.0,13,7,3,2,12,0,1,0
92354,3844,0.0,0.0,0.0,23,6,5,4,21,0,1,1
92775,1056,0.0,0.0,1.0,14,4,4,2,6,0,4,4
92899,1000,0.0,5.0,1.0,3,1,1,1,2,0,1,0
92918,3554,0.0,6.0,1.0,4,2,2,1,2,0,2,0
93530,963,0.0,6.0,1.0,5,1,1,2,4,0,1,0
93946,4042,0.0,3.0,1.0,5,1,1,1,4,0,1,0
94250,2031,0.0,6.0,0.0,4,1,1,1,3,0,1,0
94664,4787,0.0,3.0,0.0,4,1,1,1,2,0,2,0
95516,4280,0.0,0.0,0.0,5,3,1,1,4,0,1,0
96394,4234,1.0,5.0,0.0,16,12,2,1,15,0,1,0
96966,547,0.0,3.0,1.0,97,28,2,12,93,0,1,3
97032,2935,0.0,0.0,1.0,5,1,1,3,4,0,1,0
97288,1310,0.0,0.0,0.0,27,9,5,6,22,0,5,0
97306,4371,0.0,4.0,0.0,2,1,1,2,1,0,1,0
97888,467,0.0,3.0,1.0,5,2,2,1,3,0,2,0
97925,2810,0.0,3.0,1.0,6,1,1,1,5,0,1,0
98050,1816,0.0,3.0,1.0,4,4,4,3,0,1,1,2
98703,200,0.0,3.0,1.0,1,1,1,1,0,0,1,0
99075,2913,0.0,2.0,0.0,5,1,1,1,4,0,1,0
9962,2138,0.0,0.0,2.0,10,7,4,1,8,0,2,0
99649,2273,0.0,4.0,1.0,20,4,1,1,19,0,1,0
99925,3579,0.0,4.0,0.0,14,7,1,2,12,0,2,0
