100141,2766,0.0,0.0,0.0,6,1,1,1,5,0,1,0
100842,3057,0.0,0.0,1.0,2,1,1,1,1,0,1,0
100901,2047,0.0,0.0,0.0,8,7,2,1,7,0,1,0
101626,2217,0.0,2.0,0.0,35,7,2,4,29,0,1,5
101839,1999,1.0,3.0,0.0,8,3,1,1,7,0,1,0
101996,551,0.0,0.0,0.0,40,21,6,1,35,0,2,3
102042,1810,0.0,4.0,2.0,9,4,2,2,8,0,1,0
102542,503,0.0,3.0,0.0,16,4,1,1,14,0,2,0
102607,1892,0.0,0.0,1.0,14,7,4,1,12,0,2,0
102810,3780,0.0,0.0,1.0,6,2,1,2,4,0,2,0
102896,2031,0.0,5.0,0.0,1,1,1,1,0,0,1,0
103254,2108,0.0,0.0,1.0,2,1,1,1,1,0,1,0
103827,4771,0.0,5.0,0.0,7,1,1,2,5,0,1,1
104252,4813,0.0,0.0,0.0,9,3,1,1,8,0,1,0
104813,1448,1.0,6.0,0.0,11,1,1,2,9,0,1,1
104947,2108,0.0,0.0,0.0,3,1,1,2,2,0,1,0
105580,4818,0.0,2.0,1.0,2,1,1,2,0,0,1,1
105934,798,0.0,0.0,0.0,1,1,1,1,0,0,1,0
10603,4048,0.0,0.0,0.0,4,1,1,2,2,0,1,1
106124,962,0.0,4.0,0.0,19,5,4,5,16,0,1,2
10688,474,0.0,3.0,0.0,6,3,2,1,4,0,2,0
107169,685,0.0,5.0,1.0,5,1,1,1,3,0,2,0
10823,4648,0.0,3.0,0.0,4,3,1,1,1,0,3,0
108406,2361,0.0,3.0,0.0,1,1,1,1,0,0,1,0
108665,1346,0.0,0.0,0.0,4,3,1,2,0,0,1,3
108813,1500,0.0,4.0,0.0,1,1,1,1,0,0,1,0
108889,2791,0.0,2.0,1.0,3,1,1,2,2,0,1,0
108894,3828,0.0,3.0,0.0,7,5,1,1,6,0,1,0
108925,66,1.0,6.0,1.0,18,5,1,6,17,0,1,0
108932,2031,0.0,0.0,0.0,1,1,1,1,0,0,1,0
109091,1653,0.0,4.0,1.0,3,1,1,1,2,0,1,0
109232,2131,0.0,5.0,1.0,7,2,2,1,5,0,2,0
109379,323,0.0,4.0,1.0,26,11,1,3,25,0,1,0
109983,1310,0.0,2.0,0.0,39,15,10,3,27,0,4,8
11007,1661,0.0,3.0,0.0,2,1,1,2,0,0,1,1
11007,3170,1.0,3.0,0.0,12,6,3,2,8,0,2,2
110916,293,0.0,3.0,0.0,3,1,1,1,2,0,1,0
111812,2447,0.0,3.0,2.0,5,1,1,1,4,0,1,0
112743,1340,0.0,3.0,0.0,35,20,4,2,30,0,5,0
11297,361,0.0,0.0,0.0,27,6,1,1,25,0,1,1
113083,152,0.0,3.0,0.0,6,3,1,1,4,0,1,1
113097,1379,0.0,6.0,0.0,28,15,5,2,26,0,2,0
113406,4871,0.0,2.0,0.0,3,1,1,1,2,0,1,0
113525,1272,1.0,6.0,1.0,4,2,2,2,2,0,2,0
114130,3159,0.0,2.0,0.0,14,6,4,1,12,0,2,0
114139,3968,0.0,3.0,2.0,4,1,1,1,3,0,1,0
114149,241,0.0,2.0,1.0,2,1,1,1,1,0,1,0
114235,2394,1.0,0.0,1.0,5,2,1,2,4,0,1,0
114326,2031,0.0,3.0,1.0,9,3,1,1,8,0,1,0
115104,191,0.0,0.0,0.0,19,9,5,1,18,0,1,0
115994,4618,0.0,3.0,0.0,9,2,1,1,8,0,1,0
116350,467,0.0,4.0,0.0,13,2,1,3,12,0,1,0
116562,1724,0.0,7.0,0.0,6,5,3,1,5,0,1,0
116762,58,0.0,0.0,0.0,6,2,1,2,4,0,1,1
116966,3075,0.0,2.0,0.0,11,1,1,3,9,0,1,1
117592,2562,0.0,2.0,0.0,5,1,1,1,4,0,1,0
117924,104,0.0,4.0,0.0,2,1,1,2,1,0,1,0
118,4558,0.0,2.0,0.0,3,1,1,1,2,0,1,0
11926,1704,0.0,0.0,0.0,2,2,2,2,1,0,1,0
120343,1435,0.0,0.0,0.0,10,6,1,1,8,0,1,1
121191,20,0.0,4.0,0.0,6,3,1,1,3,0,3,0
12159,542,0.0,3.0,1.0,1,1,1,1,0,0,1,0
122036,1013,0.0,0.0,0.0,1,1,1,1,0,0,1,0
122443,416,0.0,0.0,0.0,13,11,4,1,12,0,1,0
122581,3828,0.0,4.0,1.0,19,11,4,3,16,0,1,2
122812,3851,0.0,0.0,0.0,11,3,2,1,9,0,2,0
123140,508,0.0,3.0,0.0,4,1,1,1,2,0,2,0
123345,4043,0.0,0.0,0.0,41,20,9,1,34,0,3,4
123555,1884,0.0,6.0,0.0,5,1,1,1,4,0,1,0
12365,4601,0.0,2.0,0.0,3,1,1,2,2,0,1,0
124186,4049,0.0,2.0,0.0,2,1,1,1,1,0,1,0
124834,3108,0.0,0.0,0.0,2,1,1,1,1,0,1,0
124909,2698,0.0,3.0,0.0,5,2,1,1,4,0,1,0
125103,2789,0.0,3.0,0.0,4,4,2,1,2,0,2,0
125136,3173,0.0,0.0,0.0,3,1,1,1,2,0,1,0
125767,4011,0.0,6.0,2.0,7,2,1,1,6,0,1,0
125814,2026,0.0,2.0,1.0,7,2,1,2,6,0,1,0
125857,3665,0.0,6.0,0.0,6,1,1,3,5,0,1,0
126079,4966,0.0,4.0,0.0,3,1,1,1,2,0,1,0
126293,2928,0.0,4.0,1.0,2,1,1,1,1,0,1,0
126504,3098,0.0,5.0,null,1,1,1,1,0,0,1,0
126508,141,1.0,0.0,0.0,36,14,6,6,33,0,1,2
126580,773,0.0,2.0,0.0,14,7,6,2,12,0,2,0
126799,598,0.0,0.0,1.0,5,2,2,1,4,0,1,0
126920,1403,0.0,3.0,0.0,3,1,1,1,2,0,1,0
127071,1816,0.0,3.0,1.0,10,2,1,2,9,0,1,0
127290,2849,0.0,0.0,0.0,14,8,4,3,13,0,1,0
127366,3910,1.0,3.0,0.0,7,4,3,2,4,0,3,0
127895,112,0.0,2.0,1.0,5,1,1,1,4,0,1,0
128611,4170,0.0,5.0,0.0,4,2,1,1,2,0,2,0
128784,1916,0.0,4.0,0.0,2,1,1,1,1,0,1,0
128785,1412,0.0,3.0,0.0,19,5,1,2,16,0,1,2
128868,4739,0.0,4.0,1.0,7,2,2,1,6,0,1,0
128913,1963,0.0,4.0,1.0,46,21,4,11,44,0,2,0
129341,3580,0.0,5.0,1.0,31,12,4,2,30,0,1,0
129553,3092,0.0,0.0,0.0,86,33,2,3,82,0,2,2
129700,1142,0.0,4.0,1.0,8,2,2,1,7,0,1,0
130016,3828,0.0,4.0,1.0,23,9,4,1,21,0,2,0
130348,2553,0.0,6.0,0.0,4,1,1,1,3,0,1,0
13035,2459,0.0,3.0,2.0,9,7,2,4,8,0,1,0
130610,3906,0.0,3.0,1.0,17,8,5,3,16,0,1,0
130626,1274,1.0,4.0,0.0,11,3,1,2,10,0,1,0
130648,1679,0.0,0.0,0.0,6,4,2,1,5,0,1,0
130963,3665,0.0,3.0,1.0,2,1,1,1,1,0,1,0
131181,614,0.0,4.0,0.0,3,1,1,2,2,0,1,0
132941,4394,0.0,2.0,0.0,8,2,1,2,6,0,1,1
13314,4170,0.0,4.0,0.0,7,4,1,1,6,0,1,0
133199,3819,0.0,0.0,0.0,10,1,1,3,9,0,1,0
134276,4468,0.0,0.0,1.0,4,1,1,1,3,0,1,0
134405,289,1.0,3.0,0.0,5,2,1,2,3,0,2,0
135067,2565,0.0,5.0,1.0,7,1,1,2,6,0,1,0
135076,3314,0.0,4.0,0.0,5,1,1,2,3,0,1,1
135303,1999,0.0,5.0,1.0,10,4,1,2,8,0,1,1
13620,191,0.0,0.0,0.0,2,1,1,2,0,0,1,1
136236,4022,0.0,4.0,1.0,3,1,1,1,2,0,1,0
136250,3225,0.0,0.0,0.0,4,1,1,1,3,0,1,0
13667,4047,0.0,0.0,2.0,4,1,1,1,3,0,1,0
137143,3990,0.0,5.0,0.0,29,9,2,9,28,0,1,0
137456,4044,0.0,3.0,0.0,39,11,4,1,38,0,1,0
138052,1178,0.0,4.0,1.0,7,2,1,1,5,0,2,0
138070,3734,0.0,2.0,1.0,7,2,1,1,6,0,1,0
138421,1270,0.0,4.0,0.0,15,2,1,2,14,0,1,0
138795,4919,1.0,3.0,1.0,12,5,4,2,11,0,1,0
138869,4585,0.0,3.0,0.0,2,2,1,2,0,0,1,1
139089,1886,0.0,5.0,2.0,5,1,1,1,4,0,1,0
139134,798,0.0,3.0,0.0,6,6,5,2,0,0,1,5
139179,3266,0.0,6.0,1.0,26,5,1,2,24,0,1,1
139188,1892,0.0,3.0,1.0,1,1,1,1,0,0,1,0
139288,4234,1.0,6.0,0.0,28,17,5,1,21,0,3,4
139339,4050,0.0,3.0,0.0,3,1,1,1,2,0,1,0
139407,3570,0.0,0.0,0.0,2,1,1,1,1,0,1,0
139500,941,0.0,4.0,0.0,8,3,1,3,7,0,1,0
139579,10,0.0,4.0,1.0,7,1,1,1,6,0,1,0
140275,2217,0.0,2.0,0.0,5,1,1,1,3,0,1,1
140569,2888,0.0,4.0,0.0,6,1,1,1,4,0,2,0
141048,4043,0.0,3.0,0.0,9,3,3,6,8,0,1,0
14122,2026,0.0,2.0,1.0,6,3,3,1,5,0,1,0
141253,3578,0.0,3.0,0.0,9,5,2,1,8,0,1,0
141268,4073,0.0,6.0,0.0,1,1,1,1,0,0,1,0
141568,4281,0.0,4.0,1.0,1,1,1,1,0,0,1,0
142238,1353,0.0,3.0,0.0,5,1,1,1,4,0,1,0
142484,1150,0.0,6.0,2.0,4,2,2,1,3,0,1,0
142506,152,0.0,0.0,0.0,11,5,2,4,9,0,1,1
142530,4558,0.0,5.0,0.0,4,2,1,1,2,0,2,0
14306,1892,0.0,4.0,0.0,3,3,3,1,0,0,3,0
143111,2872,0.0,4.0,1.0,4,1,1,1,3,0,1,0
14319,2709,0.0,0.0,null,5,1,1,2,3,0,1,1
143582,4601,0.0,0.0,0.0,1,1,1,1,0,0,1,0
143661,2805,0.0,3.0,2.0,7,1,1,1,6,0,1,0
143962,4976,0.0,3.0,0.0,3,2,2,2,0,0,1,2
1442,3462,0.0,4.0,0.0,14,3,1,1,12,0,2,0
14431,416,0.0,4.0,1.0,5,1,1,2,4,0,1,0
144484,2545,0.0,0.0,0.0,1,1,1,1,0,0,1,0
144600,3396,0.0,0.0,1.0,3,1,1,1,2,0,1,0
144664,4605,0.0,3.0,0.0,3,1,1,1,2,0,1,0
144960,4662,0.0,4.0,1.0,1,1,1,1,0,0,1,0
145538,1760,0.0,4.0,0.0,15,6,3,5,8,0,2,5
145828,4419,0.0,2.0,0.0,3,1,1,1,2,0,1,0
146417,760,0.0,4.0,0.0,2,1,1,1,1,0,1,0
14645,2537,0.0,0.0,0.0,5,2,2,2,3,0,1,1
146589,1861,0.0,3.0,0.0,13,5,1,2,11,0,2,0
146646,2403,0.0,3.0,0.0,1,1,1,1,0,0,1,0
146878,1742,0.0,5.0,0.0,16,4,1,3,15,0,1,0
146911,71,0.0,0.0,1.0,3,1,1,1,2,0,1,0
147054,2553,0.0,0.0,0.0,5,1,1,1,4,0,1,0
147199,423,0.0,4.0,0.0,40,32,1,2,38,0,1,1
147540,3828,1.0,6.0,1.0,6,3,3,4,5,0,1,0
147556,2008,0.0,4.0,1.0,9,3,1,1,8,0,1,0
147618,1978,0.0,0.0,0.0,1,1,1,1,0,0,1,0
14775,946,0.0,0.0,1.0,24,6,3,3,22,0,2,0
147892,2721,1.0,0.0,0.0,21,10,1,6,19,0,1,1
148151,4966,0.0,4.0,2.0,3,3,3,1,0,0,3,0
149402,3826,0.0,6.0,1.0,2,2,1,1,0,0,1,1
149951,2313,0.0,4.0,0.0,5,3,2,1,4,0,1,0
150950,522,0.0,4.0,0.0,3,2,2,2,1,0,2,0
150999,1561,0.0,0.0,0.0,2,1,1,1,1,0,1,0
151195,191,0.0,0.0,0.0,3,1,1,1,2,0,1,0
151423,2032,0.0,3.0,0.0,3,1,1,1,2,0,1,0
152616,503,0.0,4.0,1.0,7,4,1,2,6,0,1,0
153107,1742,0.0,4.0,1.0,24,10,1,2,23,0,1,0
15333,3473,0.0,4.0,0.0,2,1,1,1,1,0,1,0
15354,1557,0.0,4.0,1.0,7,3,3,2,6,0,1,0
153543,4042,0.0,3.0,0.0,1,1,1,1,0,0,1,0
153559,3734,0.0,5.0,1.0,7,4,3,3,4,0,2,1
153599,4336,0.0,4.0,0.0,2,1,1,1,1,0,1,0
153983,673,0.0,3.0,0.0,1,1,1,1,0,0,1,0
154330,1678,0.0,5.0,1.0,1,1,1,1,0,0,1,0
154356,3826,0.0,2.0,1.0,6,1,1,1,5,0,1,0
155473,3683,0.0,null,null,3,1,1,1,2,0,1,0
155589,1124,0.0,5.0,0.0,5,2,1,1,4,0,1,0
155907,2173,0.0,6.0,0.0,4,1,1,1,3,0,1,0
156801,4504,1.0,3.0,1.0,9,4,1,1,8,0,1,0
157461,1742,0.0,5.0,0.0,1,1,1,1,0,0,1,0
157612,3578,0.0,3.0,1.0,23,7,1,5,20,0,3,0
157982,152,0.0,2.0,0.0,2,1,1,1,1,0,1,0
158001,1501,0.0,0.0,null,6,1,1,1,5,0,1,0
158111,3726,0.0,2.0,null,3,1,1,2,2,0,1,0
158231,3828,0.0,2.0,0.0,132,42,4,10,115,0,1,16
158820,434,0.0,2.0,null,4,1,1,1,3,0,1,0
158965,4659,0.0,0.0,0.0,3,1,1,2,2,0,1,0
159149,437,0.0,3.0,0.0,15,8,2,3,14,0,1,0
159284,1318,0.0,0.0,0.0,11,5,2,1,10,0,1,0
1602,2824,0.0,2.0,0.0,5,1,1,1,4,0,1,0
160298,4444,0.0,4.0,0.0,26,12,4,2,18,0,2,6
160402,4427,0.0,3.0,0.0,3,1,1,1,2,0,1,0
160551,4195,0.0,0.0,1.0,3,2,2,1,1,0,2,0
16056,598,0.0,4.0,0.0,15,10,3,1,13,0,2,0
160822,241,0.0,2.0,1.0,6,1,1,1,5,0,1,0
160855,4500,0.0,2.0,1.0,7,3,2,2,5,0,2,0
160860,1421,0.0,0.0,0.0,7,2,1,1,5,1,1,0
161196,3484,0.0,4.0,0.0,11,4,1,3,10,0,1,0
161634,2217,0.0,0.0,0.0,2,1,1,1,1,0,1,0
161644,4629,0.0,2.0,1.0,1,1,1,1,0,0,1,0
161791,1840,0.0,5.0,0.0,2,1,1,1,1,0,1,0
162037,4061,0.0,4.0,0.0,7,2,2,5,5,0,1,1
16343,1910,0.0,2.0,1.0,3,1,1,1,2,0,1,0
163494,2124,0.0,4.0,0.0,2,1,1,2,0,1,1,0
163649,1619,0.0,2.0,1.0,3,1,1,2,2,0,1,0
163976,3154,0.0,4.0,1.0,3,1,1,1,2,0,1,0
164806,2935,0.0,3.0,1.0,5,2,1,1,3,0,2,0
165282,4361,0.0,3.0,1.0,4,1,1,1,3,0,1,0
16561,2954,0.0,3.0,2.0,6,3,2,1,5,0,1,0
165972,3734,0.0,3.0,1.0,1,1,1,1,0,0,1,0
166037,4048,0.0,3.0,1.0,2,1,1,1,1,0,1,0
166389,3444,0.0,4.0,0.0,3,1,1,2,2,0,1,0
166394,1956,0.0,0.0,1.0,3,1,1,1,2,0,1,0
167216,361,0.0,2.0,1.0,8,2,1,2,5,0,1,2
167422,3163,0.0,0.0,1.0,3,1,1,1,0,0,3,0
16804,1704,0.0,0.0,0.0,15,7,2,5,12,0,1,2
169097,4183,0.0,0.0,0.0,11,3,1,1,10,0,1,0
16939,20,0.0,3.0,1.0,1,1,1,1,0,0,1,0
169398,1050,0.0,0.0,0.0,5,1,1,1,4,0,1,0
169448,2721,0.0,6.0,0.0,44,17,1,4,43,0,1,0
170734,1470,0.0,4.0,1.0,3,1,1,1,1,0,1,1
17130,3771,0.0,4.0,0.0,2,1,1,2,1,0,1,0
171593,1068,0.0,4.0,0.0,1,1,1,1,0,0,1,0
171728,4388,0.0,2.0,0.0,8,4,2,4,7,0,1,0
171951,798,0.0,0.0,0.0,3,1,1,2,2,0,1,0
172412,2124,0.0,0.0,1.0,6,2,1,1,5,0,1,0
172929,1102,0.0,0.0,0.0,6,1,1,1,5,0,1,0
173126,2173,0.0,6.0,1.0,13,6,1,2,12,0,1,0
173193,1944,0.0,0.0,0.0,3,1,1,1,2,0,1,0
173723,474,0.0,4.0,1.0,15,13,7,2,13,0,2,0
174038,2945,0.0,5.0,0.0,1,1,1,1,0,0,1,0
174234,742,0.0,2.0,0.0,14,3,3,1,13,0,1,0
174534,3444,0.0,3.0,1.0,9,3,1,1,8,0,1,0
17460,4039,0.0,6.0,0.0,3,1,1,1,2,0,1,0
174616,548,0.0,5.0,1.0,16,3,1,2,15,0,1,0
175290,2284,0.0,5.0,0.0,1,1,1,1,0,0,1,0
175837,2511,0.0,0.0,0.0,1,1,1,1,0,0,1,0
176325,4170,1.0,4.0,1.0,4,1,1,1,2,0,2,0
176419,1056,0.0,3.0,0.0,2,1,1,1,1,0,1,0
176596,4966,0.0,4.0,0.0,13,8,5,6,5,0,1,7
176650,2403,0.0,4.0,0.0,23,8,1,4,22,0,1,0
176892,897,0.0,3.0,0.0,19,6,5,1,15,0,4,0
176967,4840,0.0,3.0,0.0,11,4,2,4,9,0,1,1
177174,3828,1.0,0.0,0.0,196,88,16,29,190,0,1,5
177577,2237,0.0,5.0,0.0,2,1,1,1,1,0,1,0
178135,416,0.0,2.0,0.0,7,3,2,3,5,0,1,1
178169,4760,0.0,2.0,1.0,3,1,1,1,2,0,1,0
178230,3640,1.0,0.0,0.0,4,4,1,2,3,0,1,0
178409,1890,0.0,3.0,1.0,11,5,3,4,9,0,1,1
178571,2273,0.0,4.0,0.0,1,1,1,1,0,0,1,0
178578,951,0.0,3.0,1.0,1,1,1,1,0,0,1,0
179546,2348,0.0,3.0,0.0,25,5,1,4,23,0,2,0
180141,1067,0.0,4.0,0.0,11,2,1,1,10,0,1,0
180634,2397,0.0,4.0,1.0,11,4,3,2,10,0,1,0
180761,1890,0.0,3.0,0.0,16,4,1,6,14,0,1,1
181100,1487,1.0,0.0,0.0,3,1,1,1,1,0,1,1
183617,4305,0.0,0.0,0.0,7,2,1,2,4,0,1,2
183695,3635,0.0,7.0,1.0,5,2,1,1,4,0,1,0
183926,148,0.0,4.0,1.0,26,7,6,2,23,0,3,0
184164,773,1.0,0.0,0.0,52,21,14,2,43,0,4,5
184467,606,1.0,3.0,0.0,15,9,3,5,9,0,1,5
184739,790,0.0,4.0,0.0,66,38,11,11,62,0,1,3
184767,535,1.0,2.0,0.0,5,2,1,3,2,0,2,1
185088,2032,0.0,4.0,0.0,12,3,1,2,11,0,1,0
185197,1451,0.0,0.0,0.0,4,2,2,2,3,0,1,0
186254,4444,0.0,0.0,0.0,60,18,3,2,58,0,2,0
186627,586,0.0,4.0,0.0,14,11,8,1,12,0,2,0
187985,133,0.0,0.0,0.0,11,4,1,1,9,0,2,0
188197,1742,0.0,2.0,1.0,5,2,1,1,4,0,1,0
188377,2173,0.0,6.0,0.0,15,9,1,1,14,0,1,0
188873,4173,0.0,4.0,0.0,10,1,1,2,8,0,1,1
188925,3941,0.0,0.0,1.0,21,5,3,3,19,0,1,1
189310,1833,0.0,5.0,0.0,13,9,2,5,11,1,1,0
189355,2790,0.0,4.0,1.0,7,3,3,2,6,0,1,0
189393,2664,0.0,3.0,0.0,1,1,1,1,0,0,1,0
189504,2664,0.0,6.0,0.0,9,6,2,2,2,0,5,2
189605,2401,0.0,5.0,0.0,1,1,1,1,0,0,1,0
189654,4976,0.0,3.0,0.0,13,4,2,1,12,0,1,0
190796,124,0.0,3.0,0.0,14,1,1,3,13,0,1,0
191030,423,0.0,2.0,0.0,14,5,1,2,13,0,1,0
191129,4794,0.0,4.0,1.0,5,1,1,2,4,0,1,0
191180,121,0.0,4.0,0.0,3,2,2,2,2,0,1,0
191497,4336,0.0,2.0,1.0,2,1,1,1,1,0,1,0
191589,4818,0.0,4.0,0.0,27,14,8,1,24,0,1,2
19264,4072,0.0,3.0,0.0,7,2,2,3,5,0,1,1
192654,590,0.0,3.0,1.0,36,16,5,3,33,0,3,0
193791,2187,0.0,3.0,1.0,4,1,1,1,3,0,1,0
195011,2318,0.0,5.0,1.0,7,2,1,1,6,0,1,0
19528,4183,0.0,3.0,0.0,14,5,1,1,13,0,1,0
195284,2664,0.0,5.0,0.0,12,2,1,3,10,0,2,0
195377,3152,1.0,3.0,1.0,8,2,1,3,7,0,1,0
195643,1459,0.0,5.0,1.0,18,3,2,1,9,0,9,0
196598,4733,0.0,3.0,1.0,8,4,3,2,5,0,2,1
196655,416,0.0,5.0,0.0,29,16,7,3,24,0,2,3
196939,337,0.0,6.0,1.0,4,1,1,2,2,0,2,0
197692,4594,0.0,3.0,1.0,2,1,1,1,1,0,1,0
197781,3734,0.0,3.0,0.0,11,4,2,1,10,0,1,0
197968,786,1.0,6.0,0.0,22,4,2,3,20,0,1,1
198102,4408,0.0,2.0,0.0,12,2,1,2,11,0,1,0
198139,4966,0.0,4.0,0.0,5,5,5,1,0,0,5,0
198552,2664,0.0,6.0,0.0,9,7,1,2,7,0,2,0
198747,4181,0.0,2.0,1.0,5,1,1,1,4,0,1,0
199835,3828,0.0,3.0,0.0,6,6,4,2,4,0,2,0
200025,1890,0.0,3.0,1.0,12,4,1,1,11,0,1,0
200106,3689,0.0,3.0,0.0,2,1,1,1,1,0,1,0
200811,3205,0.0,4.0,0.0,2,1,1,1,1,0,1,0
201354,3472,0.0,4.0,0.0,4,2,2,1,3,0,1,0
201428,3614,0.0,0.0,0.0,3,1,1,1,2,0,1,0
201479,4558,0.0,3.0,0.0,8,4,1,3,6,0,1,1
201508,4966,0.0,6.0,0.0,4,2,2,2,2,0,1,1
202129,1679,0.0,4.0,0.0,9,4,2,3,8,0,1,0
202699,1692,0.0,2.0,0.0,1,1,1,1,0,0,1,0
202784,4444,0.0,0.0,0.0,23,12,2,1,19,0,4,0
202793,1740,0.0,0.0,1.0,6,1,1,1,5,0,1,0
20293,4542,0.0,3.0,0.0,11,6,2,2,10,0,1,0
202963,1102,1.0,2.0,0.0,44,28,13,15,30,0,1,13
2033,3826,0.0,3.0,1.0,3,1,1,2,1,0,1,1
203344,2664,0.0,6.0,0.0,159,57,5,12,138,0,4,17
203423,1506,0.0,3.0,0.0,4,2,1,1,3,0,1,0
204242,1540,0.0,4.0,0.0,3,1,1,1,2,0,1,0
204312,2318,0.0,2.0,1.0,11,8,4,1,10,0,1,0
20438,1013,0.0,0.0,0.0,2,1,1,1,1,0,1,0
204503,2521,0.0,0.0,0.0,1,1,1,1,0,0,1,0
20453,590,0.0,2.0,1.0,22,3,1,1,19,0,3,0
20513,2664,0.0,3.0,1.0,10,7,1,1,9,0,1,0
20531,314,0.0,3.0,0.0,10,1,1,5,8,0,1,1
206091,1031,0.0,3.0,1.0,4,2,1,2,3,0,1,0
20667,1356,0.0,3.0,0.0,3,1,1,1,2,0,1,0
206705,2565,1.0,3.0,0.0,1,1,1,1,0,0,1,0
206812,4605,0.0,0.0,1.0,1,1,1,1,0,0,1,0
206868,1968,0.0,0.0,0.0,5,1,1,2,3,0,2,0
206977,4976,0.0,0.0,2.0,10,5,2,2,9,0,1,0
207104,1183,0.0,0.0,0.0,3,1,1,1,2,0,1,0
20730,3015,0.0,3.0,1.0,2,1,1,1,1,0,1,0
207401,2081,0.0,3.0,0.0,13,4,1,6,11,0,1,1
207420,2916,0.0,3.0,2.0,4,2,1,1,3,0,1,0
208363,4079,0.0,4.0,1.0,2,1,1,2,1,0,1,0
208509,3531,0.0,0.0,0.0,8,3,2,2,7,0,1,0
208642,1071,0.0,3.0,1.0,11,2,2,3,10,0,1,0
208733,4976,1.0,3.0,0.0,30,16,6,1,28,0,2,0
208910,4143,0.0,6.0,0.0,33,17,5,5,27,0,1,5
210037,1890,0.0,5.0,0.0,12,2,1,2,11,0,1,0
210422,598,0.0,8.0,1.0,4,1,1,1,3,0,1,0
210523,962,0.0,3.0,0.0,18,7,5,3,16,0,2,0
210717,2928,0.0,4.0,1.0,5,2,1,1,4,0,1,0
211088,1659,0.0,4.0,0.0,3,1,1,1,2,0,1,0
211326,594,0.0,2.0,0.0,4,3,1,1,2,0,1,1
211354,3968,0.0,2.0,0.0,85,14,9,4,81,0,4,0
211394,4265,0.0,3.0,0.0,2,1,1,1,1,0,1,0
211479,4950,0.0,3.0,0.0,5,2,1,1,4,0,1,0
211767,4926,0.0,4.0,0.0,4,3,3,1,0,0,1,3
212951,2790,0.0,0.0,0.0,2,1,1,1,1,0,1,0
212983,4044,1.0,2.0,0.0,11,4,2,4,8,0,1,2
21357,293,0.0,5.0,0.0,4,2,2,1,3,0,1,0
214344,3734,0.0,2.0,0.0,16,2,1,3,14,0,1,1
214613,4287,0.0,0.0,0.0,19,5,4,5,16,0,1,2
215336,4427,0.0,3.0,0.0,3,2,2,2,1,0,2,0
215530,2217,0.0,0.0,0.0,4,1,1,1,2,0,2,0
216190,66,0.0,2.0,1.0,4,1,1,2,3,0,1,0
216389,4818,0.0,0.0,null,6,2,2,1,5,0,1,0
216557,4044,0.0,3.0,1.0,18,7,3,1,16,0,2,0
216595,3170,0.0,0.0,2.0,3,1,1,1,2,0,1,0
216622,1816,0.0,5.0,1.0,1,1,1,1,0,0,1,0
216683,2435,1.0,3.0,0.0,2,1,1,2,0,0,1,1
216746,718,0.0,4.0,1.0,5,3,2,1,4,0,1,0
21692,3571,0.0,0.0,0.0,24,6,1,2,22,0,1,1
217812,4871,0.0,2.0,1.0,1,1,1,1,0,0,1,0
217984,2928,0.0,0.0,1.0,3,1,1,2,2,0,1,0
21803,1425,0.0,0.0,1.0,21,5,2,3,17,3,1,0
21855,4976,0.0,3.0,1.0,8,4,1,2,6,0,1,1
218629,3941,0.0,4.0,2.0,18,2,2,4,16,0,1,1
218811,4659,0.0,3.0,0.0,21,11,7,2,17,0,4,0
219594,10,0.0,5.0,0.0,7,5,3,1,6,0,1,0
220516,1263,0.0,2.0,0.0,4,1,1,2,3,0,1,0
220620,3742,0.0,3.0,null,9,2,2,1,7,1,1,0
22091,2266,1.0,6.0,0.0,4,1,1,1,2,0,1,1
221037,1096,0.0,4.0,1.0,6,3,1,1,5,0,1,0
221610,4173,0.0,4.0,0.0,33,17,6,2,31,0,2,0
222188,4322,0.0,4.0,0.0,5,2,1,3,4,0,1,0
223562,630,0.0,3.0,0.0,17,10,3,2,15,0,2,0
223923,4322,0.0,4.0,0.0,2,1,1,1,1,0,1,0
223930,603,0.0,0.0,0.0,3,1,1,1,2,0,1,0
223936,946,0.0,5.0,0.0,17,12,4,2,16,0,1,0
224696,598,0.0,0.0,1.0,12,5,2,2,11,0,1,0
22527,361,0.0,6.0,0.0,2,1,1,1,1,0,1,0
225300,4818,0.0,0.0,0.0,3,1,1,1,2,0,1,0
225617,2954,0.0,0.0,0.0,3,1,1,1,0,0,3,0
225618,1679,0.0,4.0,0.0,30,16,4,5,28,0,2,0
225917,2683,0.0,3.0,0.0,6,1,1,1,5,0,1,0
226038,361,0.0,3.0,0.0,2,1,1,1,1,0,1,0
226352,3828,0.0,0.0,0.0,4,2,1,1,2,0,2,0
226795,2138,0.0,3.0,0.0,6,3,2,2,5,0,1,0
226976,1050,0.0,7.0,1.0,7,1,1,2,6,0,1,0
227070,4534,0.0,4.0,1.0,3,1,1,1,1,0,2,0
227212,2128,0.0,4.0,0.0,3,1,1,2,2,0,1,0
227274,3670,0.0,4.0,0.0,7,4,1,1,5,0,2,0
227315,2031,0.0,4.0,0.0,5,1,1,1,4,0,1,0
2275,3929,0.0,4.0,2.0,5,1,1,1,4,0,1,0
228562,4173,0.0,3.0,0.0,6,1,1,2,4,0,1,1
229121,3291,0.0,0.0,0.0,5,1,1,1,4,0,1,0
229417,2403,0.0,4.0,0.0,20,10,1,2,19,0,1,0
229725,4325,0.0,0.0,0.0,10,6,3,2,9,0,1,0
230657,2124,1.0,5.0,0.0,12,5,1,2,11,0,1,0
231349,1272,0.0,3.0,0.0,3,2,1,3,1,0,1,1
231694,1074,1.0,6.0,0.0,14,10,1,1,12,0,2,0
232127,4726,0.0,4.0,1.0,6,2,1,3,4,0,2,0
232186,3126,0.0,0.0,0.0,9,2,2,1,7,0,1,1
232228,2294,0.0,0.0,0.0,2,1,1,2,1,0,1,0
232844,4173,0.0,4.0,0.0,10,6,3,3,9,0,1,0
232926,3629,0.0,4.0,0.0,152,28,7,9,147,0,2,3
233324,1407,0.0,3.0,0.0,2,1,1,1,1,0,1,0
233387,3105,0.0,3.0,1.0,21,9,3,1,20,0,1,0
233396,1359,0.0,0.0,0.0,2,1,1,1,1,0,1,0
234065,522,0.0,3.0,0.0,3,1,1,2,1,0,1,1
234852,361,0.0,4.0,0.0,4,1,1,1,2,0,1,1
234957,2482,0.0,3.0,0.0,4,2,3,2,2,1,1,0
235129,1412,0.0,6.0,0.0,10,3,1,2,9,0,1,0
23594,1500,0.0,6.0,1.0,11,4,3,4,9,0,2,0
235953,1283,0.0,3.0,1.0,6,1,1,1,5,0,1,0
236046,3607,0.0,4.0,0.0,4,1,1,1,3,0,1,0
236440,301,0.0,3.0,0.0,3,1,1,1,2,0,1,0
236522,361,0.0,0.0,1.0,19,10,4,5,17,0,1,1
236941,3878,0.0,5.0,1.0,2,1,1,1,1,0,1,0
237485,4818,0.0,3.0,0.0,13,7,4,1,11,0,2,0
237580,1502,0.0,5.0,0.0,25,11,6,2,23,0,2,0
238117,962,0.0,4.0,0.0,1,1,1,1,0,0,1,0
238812,1861,0.0,4.0,0.0,2,1,1,1,1,0,1,0
239214,3993,0.0,3.0,0.0,7,3,1,2,6,0,1,0
23959,4090,0.0,4.0,0.0,1,1,1,1,0,0,1,0
239913,1102,0.0,4.0,0.0,51,32,10,2,50,0,1,0
239988,4267,0.0,5.0,0.0,16,11,3,1,14,0,2,0
240427,2821,0.0,0.0,0.0,4,1,1,1,2,0,1,1
240617,102,0.0,3.0,0.0,5,2,2,1,3,0,2,0
240756,3623,0.0,0.0,0.0,1,1,1,1,0,0,1,0
240773,1390,0.0,2.0,1.0,4,1,1,1,3,0,1,0
240787,1703,0.0,0.0,0.0,2,1,1,1,1,0,1,0
241255,4306,0.0,0.0,0.0,25,4,2,3,23,0,1,1
241681,3316,0.0,4.0,1.0,11,3,1,1,7,0,4,0
241776,4131,0.0,7.0,1.0,2,1,1,1,1,0,1,0
242072,1890,0.0,3.0,0.0,6,3,1,2,4,0,2,0
242395,3971,0.0,4.0,0.0,2,1,1,1,1,0,1,0
242399,2954,0.0,5.0,0.0,9,2,1,3,7,0,1,1
242658,2721,0.0,0.0,0.0,5,2,1,1,4,0,1,0
243161,63,0.0,0.0,0.0,17,1,1,3,15,0,1,1
243407,4043,0.0,2.0,0.0,3,1,1,1,2,0,1,0
243415,1667,1.0,4.0,2.0,11,2,2,1,10,0,1,0
244274,1399,0.0,0.0,0.0,3,1,1,2,2,0,1,0
244673,302,0.0,5.0,0.0,37,14,1,2,32,0,5,0
244878,2020,1.0,4.0,0.0,1,1,1,1,0,0,1,0
245050,4705,0.0,0.0,0.0,4,1,1,2,2,0,1,1
245065,2217,0.0,0.0,1.0,3,1,1,1,2,0,1,0
245157,4906,0.0,4.0,1.0,11,4,1,3,10,0,1,0
24530,4125,0.0,4.0,0.0,9,3,1,1,8,0,1,0
245312,2047,0.0,0.0,0.0,4,1,1,1,3,0,1,0
245420,4173,0.0,3.0,0.0,27,8,3,2,26,0,1,0
245510,1150,0.0,5.0,2.0,2,1,1,1,1,0,1,0
245955,4667,1.0,3.0,0.0,4,1,1,1,3,0,1,0
246586,1200,0.0,0.0,0.0,49,15,5,2,44,0,5,0
247472,2273,0.0,0.0,0.0,5,3,1,1,4,0,1,0
248021,3734,1.0,4.0,1.0,2,1,1,2,1,0,1,0
24807,3536,0.0,null,null,1,1,1,1,0,0,1,0
248232,4864,0.0,0.0,0.0,39,13,2,4,32,0,2,5
248365,3930,0.0,2.0,1.0,2,1,1,1,1,0,1,0
248458,4659,1.0,3.0,0.0,5,1,1,2,3,0,1,1
248606,4485,0.0,3.0,0.0,4,1,1,1,3,0,1,0
249140,4976,0.0,2.0,0.0,6,3,1,3,3,0,1,2
249259,127,0.0,7.0,0.0,3,1,1,1,2,0,1,0
249682,1708,0.0,3.0,1.0,22,4,1,1,21,0,1,0
249721,145,0.0,0.0,1.0,5,2,1,2,4,0,1,0
24974,1588,0.0,3.0,0.0,2,1,1,1,1,0,1,0
250163,4252,0.0,3.0,0.0,1,1,1,1,0,0,1,0
250320,310,0.0,6.0,0.0,1,1,1,1,0,0,1,0
250331,3826,0.0,0.0,1.0,6,3,1,2,4,0,2,0
250501,3990,0.0,6.0,0.0,5,1,1,1,4,0,1,0
251555,3396,0.0,2.0,0.0,8,3,1,1,7,0,1,0
251751,3171,0.0,3.0,0.0,4,1,1,1,3,0,1,0
251884,4282,0.0,2.0,0.0,104,52,8,7,95,0,3,6
251971,1573,0.0,4.0,1.0,3,1,1,1,2,0,1,0
252382,4388,0.0,3.0,1.0,2,1,1,1,1,0,1,0
252674,1833,1.0,6.0,0.0,12,5,1,2,11,0,1,0
253230,598,1.0,2.0,1.0,37,8,3,6,33,0,3,1
253607,4071,0.0,3.0,1.0,2,1,1,2,1,0,1,0
253735,308,0.0,5.0,0.0,8,3,1,2,7,0,1,0
253772,3839,0.0,0.0,0.0,112,24,3,3,107,0,4,1
253973,747,0.0,0.0,0.0,1,1,1,1,0,0,1,0
254529,1203,0.0,0.0,0.0,17,6,3,2,15,0,1,1
254551,3635,0.0,6.0,1.0,7,1,1,3,6,0,1,0
254903,1031,0.0,5.0,0.0,8,3,1,2,7,0,1,0
255107,4471,0.0,0.0,1.0,5,1,1,2,4,0,1,0
255108,4048,0.0,0.0,1.0,10,1,1,1,8,0,2,0
255171,4040,0.0,3.0,1.0,1,1,1,1,0,0,1,0
255660,4361,0.0,4.0,0.0,7,1,1,4,5,0,1,1
255731,1346,0.0,3.0,0.0,37,13,1,4,26,0,2,9
255749,4079,0.0,4.0,1.0,2,1,1,1,0,0,2,0
255842,4813,0.0,3.0,0.0,16,6,1,2,13,0,1,2
255947,861,0.0,2.0,0.0,2,1,1,1,1,0,1,0
256037,1910,0.0,3.0,0.0,8,3,3,1,6,0,2,0
256060,4043,0.0,2.0,1.0,2,1,1,1,1,0,1,0
25626,3350,0.0,3.0,0.0,6,1,1,2,5,0,1,0
257550,1890,0.0,4.0,0.0,15,9,4,3,12,0,1,2
257757,4427,0.0,4.0,1.0,76,25,5,14,71,0,1,4
257822,1922,0.0,5.0,1.0,6,2,2,1,4,0,2,0
257918,3954,0.0,3.0,1.0,4,3,2,1,3,0,1,0
257953,4249,0.0,5.0,0.0,4,1,1,2,3,0,1,0
257964,1210,0.0,3.0,1.0,5,2,1,1,4,0,1,0
257991,4099,0.0,5.0,0.0,2,1,1,1,1,0,1,0
258066,4482,0.0,6.0,1.0,6,1,1,2,5,0,1,0
258778,4760,0.0,3.0,0.0,6,4,1,1,5,0,1,0
259065,102,1.0,3.0,0.0,3,2,2,3,0,0,1,2
25961,4926,0.0,4.0,1.0,14,8,8,2,9,0,5,0
259627,1399,0.0,7.0,0.0,2,1,1,1,1,0,1,0
259871,3578,0.0,0.0,0.0,4,1,1,1,3,0,1,0
260185,2810,0.0,0.0,0.0,14,3,1,1,12,0,1,1
260480,141,0.0,3.0,0.0,22,3,3,3,20,0,1,1
260542,4044,0.0,3.0,0.0,2,1,1,2,0,0,1,1
260719,3225,0.0,4.0,1.0,2,1,1,2,0,0,1,1
260890,597,0.0,null,null,5,1,1,1,4,0,1,0
26097,1755,0.0,5.0,1.0,3,1,1,2,2,0,1,0
260979,2928,0.0,0.0,0.0,10,9,2,1,9,0,1,0
261527,4976,0.0,2.0,0.0,26,13,3,4,22,0,1,3
261597,3826,0.0,3.0,0.0,1,1,1,1,0,0,1,0
26174,259,0.0,6.0,0.0,1,1,1,1,0,0,1,0
261913,4976,0.0,7.0,0.0,4,2,1,1,3,0,1,0
261963,1472,0.0,5.0,0.0,3,1,1,2,2,0,1,0
262428,3546,0.0,7.0,1.0,2,1,1,1,1,0,1,0
262602,3319,0.0,5.0,0.0,15,7,6,2,14,0,1,0
26269,1704,0.0,0.0,0.0,5,1,1,2,4,0,1,0
262793,296,0.0,3.0,0.0,9,4,2,2,6,0,3,0
263325,2026,0.0,0.0,1.0,4,1,1,2,3,0,1,0
26384,4170,0.0,0.0,0.0,20,11,2,3,18,0,2,0
264026,1832,0.0,3.0,0.0,2,1,1,1,1,0,1,0
264220,2447,0.0,0.0,0.0,3,1,1,2,2,0,1,0
264588,4026,0.0,3.0,0.0,1,1,1,1,0,0,1,0
264599,685,0.0,5.0,1.0,11,5,3,4,10,0,1,0
264717,1377,0.0,0.0,0.0,16,2,1,4,12,0,1,3
265148,1892,0.0,3.0,0.0,21,10,5,3,15,0,4,2
265192,1346,0.0,3.0,1.0,4,3,1,1,2,0,2,0
265375,2303,0.0,3.0,0.0,25,16,1,3,22,0,3,0
265563,1494,0.0,0.0,0.0,4,1,1,1,3,0,1,0
266565,4287,0.0,5.0,0.0,3,1,1,1,2,0,1,0
267109,2031,0.0,4.0,2.0,1,1,1,1,0,0,1,0
267444,1959,0.0,5.0,0.0,9,4,3,1,8,0,1,0
267888,2459,0.0,2.0,0.0,5,1,1,1,4,0,1,0
26808,1875,1.0,0.0,0.0,31,17,6,4,26,0,2,3
268087,3080,0.0,2.0,1.0,13,9,3,3,0,0,4,9
268430,3173,0.0,6.0,0.0,8,4,2,2,4,3,1,0
268544,2051,0.0,3.0,0.0,6,3,2,1,5,0,1,0
268658,1677,0.0,4.0,0.0,1,1,1,1,0,0,1,0
268671,1749,0.0,4.0,0.0,1,1,1,1,0,0,1,0
268939,1618,0.0,5.0,0.0,13,7,3,3,11,0,1,1
270195,3473,0.0,3.0,0.0,1,1,1,1,0,0,1,0
270335,1816,1.0,4.0,0.0,58,27,8,3,54,0,4,0
270835,4110,0.0,3.0,0.0,5,1,1,1,4,0,1,0
27127,2787,0.0,6.0,0.0,16,6,3,4,15,0,1,0
271316,2217,0.0,4.0,0.0,4,2,1,1,3,0,1,0
27159,740,0.0,3.0,0.0,3,1,1,1,2,0,1,0
271769,1020,0.0,3.0,0.0,4,1,1,1,3,0,1,0
271978,2014,0.0,4.0,0.0,34,12,1,1,32,0,2,0
272263,2149,0.0,0.0,0.0,7,2,1,2,6,0,1,0
272296,3990,0.0,3.0,0.0,46,25,8,5,44,0,2,0
272336,2954,0.0,3.0,1.0,5,2,2,1,4,0,1,0
272390,3473,0.0,5.0,1.0,2,1,1,1,0,0,1,1
272394,3477,0.0,3.0,0.0,2,1,1,1,1,0,1,0
272447,2824,0.0,5.0,1.0,25,3,2,1,24,0,1,0
27247,4049,0.0,3.0,2.0,58,13,6,9,49,0,2,7
273096,437,0.0,5.0,0.0,4,1,1,2,1,0,2,1
273486,4585,0.0,3.0,1.0,6,2,1,2,5,0,1,0
273690,1248,0.0,3.0,1.0,22,12,4,1,20,0,2,0
273982,3102,0.0,4.0,1.0,36,15,9,8,30,0,2,4
274718,2318,0.0,3.0,0.0,5,1,1,1,4,0,1,0
275707,1305,0.0,3.0,1.0,4,2,1,1,3,0,1,0
27604,4499,0.0,5.0,0.0,1,1,1,1,0,0,1,0
276216,2217,0.0,5.0,null,2,1,1,2,0,0,1,1
276559,1884,0.0,3.0,1.0,3,1,1,1,2,0,1,0
277175,2791,0.0,2.0,1.0,2,1,1,1,1,0,1,0
277952,1472,0.0,0.0,0.0,6,1,1,4,5,0,1,0
2781,4919,0.0,4.0,0.0,2,1,1,1,1,0,1,0
278951,4730,0.0,4.0,0.0,25,14,8,1,22,0,3,0
27943,2284,0.0,0.0,0.0,4,1,1,1,3,0,1,0
279468,121,0.0,5.0,0.0,3,1,1,1,2,0,1,0
280079,4756,0.0,6.0,0.0,2,1,1,1,1,0,1,0
280277,3990,0.0,7.0,1.0,1,1,1,1,0,0,1,0
280384,3766,1.0,3.0,0.0,13,9,8,1,10,0,3,0
280873,1875,0.0,5.0,2.0,20,4,2,3,17,0,2,1
281434,121,0.0,5.0,0.0,4,2,2,1,3,0,1,0
281609,3672,0.0,4.0,1.0,2,1,1,1,1,0,1,0
281624,1200,0.0,0.0,1.0,3,1,1,1,2,0,1,0
282063,4643,0.0,3.0,0.0,6,2,1,1,4,0,1,1
282458,151,0.0,0.0,0.0,2,1,1,1,1,0,1,0
282789,2721,0.0,3.0,1.0,11,6,4,1,9,0,2,0
283570,2424,0.0,3.0,0.0,40,6,1,3,39,0,1,0
283808,1272,0.0,5.0,0.0,60,32,8,11,58,0,1,1
284114,4771,0.0,6.0,0.0,3,1,1,2,2,0,1,0
284177,2608,0.0,4.0,0.0,2,1,1,2,0,0,1,1
284199,4325,0.0,0.0,1.0,2,1,1,1,1,0,1,0
284989,2649,0.0,5.0,0.0,7,1,1,2,6,0,1,0
285161,3905,0.0,8.0,0.0,3,1,1,1,2,0,1,0
285500,960,0.0,2.0,1.0,6,3,1,1,5,0,1,0
285513,3563,0.0,4.0,0.0,6,3,2,2,5,0,1,0
285552,1102,0.0,4.0,0.0,7,6,4,2,0,0,1,6
28582,1487,0.0,0.0,1.0,15,4,1,2,14,0,1,0
285826,1076,0.0,3.0,0.0,1,1,1,1,0,0,1,0
285953,3898,0.0,0.0,1.0,6,1,1,1,5,0,1,0
28610,2860,0.0,3.0,0.0,2,1,1,1,1,0,1,0
286216,2217,1.0,0.0,1.0,3,1,1,1,2,0,1,0
286284,4718,0.0,5.0,0.0,9,7,4,2,8,0,1,0
286382,323,0.0,3.0,0.0,1,1,1,1,0,0,1,0
286703,2669,0.0,3.0,0.0,16,10,4,2,15,0,1,0
286944,1760,0.0,4.0,0.0,5,3,2,2,4,0,1,0
287045,946,0.0,5.0,null,9,5,2,2,6,0,3,0
287544,2928,0.0,4.0,1.0,3,1,1,1,2,0,1,0
287755,2312,0.0,0.0,1.0,3,1,1,1,2,0,1,0
288424,2582,0.0,5.0,0.0,6,2,1,1,5,0,1,0
288573,145,0.0,0.0,0.0,1,1,1,1,0,0,1,0
288844,1102,0.0,4.0,0.0,23,11,3,4,20,0,1,2
288983,4090,0.0,2.0,1.0,2,1,1,1,1,0,1,0
289121,4705,0.0,2.0,0.0,3,1,1,2,2,0,1,0
289126,2936,0.0,4.0,1.0,5,3,1,3,3,0,1,1
289625,1890,0.0,7.0,1.0,12,7,1,1,11,0,1,0
29084,2124,0.0,4.0,1.0,23,10,2,3,20,0,2,1
291370,3068,0.0,2.0,1.0,2,1,1,2,0,0,1,1
291722,731,0.0,3.0,1.0,9,2,1,3,8,0,1,0
291756,4484,0.0,0.0,0.0,2,1,1,1,1,0,1,0
291820,2776,0.0,4.0,0.0,13,8,3,1,12,0,1,0
291939,1840,0.0,5.0,0.0,4,1,1,2,2,0,1,1
292181,4270,0.0,3.0,0.0,26,12,4,1,25,0,1,0
29258,3230,0.0,4.0,0.0,3,1,1,1,2,0,1,0
292663,1134,0.0,4.0,0.0,7,4,4,3,6,0,1,0
29277,3057,0.0,0.0,0.0,24,6,1,6,22,0,1,1
292938,4618,0.0,0.0,0.0,6,1,1,3,4,0,1,1
293551,3828,0.0,3.0,0.0,24,12,6,1,22,0,2,0
294355,1096,0.0,3.0,0.0,4,1,1,1,3,0,1,0
294481,1134,0.0,5.0,0.0,3,1,1,2,2,0,1,0
294753,4618,0.0,3.0,0.0,6,1,1,2,5,0,1,0
294908,2791,0.0,3.0,1.0,9,1,1,2,8,0,1,0
295383,3689,0.0,2.0,0.0,1,1,1,1,0,0,1,0
296128,3734,0.0,3.0,0.0,7,3,2,2,5,0,2,0
296152,963,0.0,5.0,0.0,20,10,2,2,19,0,1,0
296668,4388,0.0,3.0,0.0,8,1,1,1,6,0,2,0
296772,2278,0.0,0.0,0.0,2,1,1,1,1,0,1,0
297018,652,1.0,5.0,2.0,5,2,1,1,4,0,1,0
29705,404,0.0,4.0,0.0,12,2,1,2,11,0,1,0
297789,4178,0.0,0.0,1.0,18,1,1,2,16,0,1,1
297817,2537,0.0,3.0,0.0,1,1,1,1,0,0,1,0
298006,3828,0.0,0.0,0.0,26,2,1,5,24,0,1,1
298402,3363,0.0,2.0,0.0,2,1,1,2,0,0,1,1
298828,1689,0.0,4.0,0.0,7,3,3,1,0,0,7,0
298949,2497,0.0,3.0,0.0,38,5,2,4,34,0,1,3
299384,547,0.0,0.0,0.0,1,1,1,1,0,0,1,0
299528,4011,0.0,3.0,0.0,6,1,1,1,5,0,1,0
29961,3734,1.0,3.0,1.0,19,9,6,1,12,0,7,0
299716,4042,1.0,0.0,0.0,22,9,3,2,16,0,6,0
29995,643,0.0,6.0,0.0,4,1,1,1,2,0,1,1
299998,3967,0.0,null,null,8,2,1,1,6,0,2,0
300292,2791,0.0,3.0,0.0,10,2,2,2,8,0,1,1
300893,4732,0.0,0.0,0.0,22,7,2,3,20,0,2,0
300961,4913,0.0,4.0,1.0,6,2,1,2,5,0,1,0
301130,2954,1.0,5.0,0.0,16,6,5,2,8,0,8,0
301153,2981,0.0,6.0,0.0,7,2,1,1,6,0,1,0
301212,4040,0.0,2.0,1.0,13,8,6,2,7,0,1,5
301658,4950,0.0,4.0,0.0,6,2,2,1,5,0,1,0
30177,3622,0.0,2.0,0.0,2,1,1,1,1,0,1,0
302600,2471,0.0,5.0,1.0,21,4,3,4,17,0,2,2
302709,4044,0.0,3.0,1.0,10,1,1,2,9,0,1,0
303176,2047,0.0,3.0,0.0,17,4,3,2,16,0,1,0
303366,3206,0.0,5.0,0.0,14,4,2,6,12,0,1,1
303388,4876,0.0,2.0,0.0,8,2,1,2,7,0,1,0
303586,4444,0.0,5.0,1.0,7,3,2,2,4,0,3,0
303841,4539,0.0,8.0,0.0,6,1,1,1,5,0,1,0
303870,2911,0.0,4.0,0.0,2,1,1,1,1,0,1,0
304015,1013,0.0,5.0,0.0,38,10,2,3,35,0,2,1
304051,4499,0.0,2.0,1.0,3,1,1,1,2,0,1,0
304188,4950,0.0,4.0,1.0,10,3,2,2,9,0,1,0
304548,594,0.0,0.0,0.0,2,1,1,1,1,0,1,0
305333,742,0.0,2.0,0.0,4,2,1,1,3,0,1,0
306076,1573,0.0,5.0,1.0,2,2,2,1,1,0,1,0
306461,63,0.0,0.0,2.0,5,2,1,1,4,0,1,0
30649,3578,0.0,0.0,0.0,1,1,1,1,0,0,1,0
306662,3536,0.0,0.0,0.0,7,3,2,1,6,0,1,0
307086,121,0.0,3.0,0.0,1,1,1,1,0,0,1,0
307208,1840,0.0,3.0,0.0,1,1,1,1,0,0,1,0
307311,4985,0.0,6.0,0.0,2,1,1,1,1,0,1,0
307614,4131,0.0,2.0,0.0,9,1,1,1,8,0,1,0
307851,2271,0.0,5.0,0.0,2,1,1,1,1,0,1,0
308132,3301,0.0,0.0,0.0,5,1,1,1,4,0,1,0
308191,1031,0.0,4.0,0.0,6,3,1,1,5,0,1,0
308498,4221,0.0,2.0,0.0,2,1,1,1,1,0,1,0
308518,310,0.0,null,null,3,1,1,2,2,0,1,0
308712,3319,0.0,4.0,1.0,1,1,1,1,0,0,1,0
308787,3635,0.0,2.0,1.0,6,1,1,2,5,0,1,0
309178,4698,0.0,0.0,0.0,3,1,1,1,2,0,1,0
309186,4698,0.0,2.0,0.0,1,1,1,1,0,0,1,0
309192,3401,0.0,3.0,0.0,7,1,1,2,5,0,2,0
309585,1346,0.0,4.0,1.0,7,4,1,5,3,0,1,3
310046,4287,0.0,3.0,0.0,29,10,5,3,23,0,5,1
310152,3828,0.0,4.0,0.0,8,3,1,1,6,0,2,0
310198,2721,0.0,3.0,0.0,11,2,2,1,10,0,1,0
310500,4744,0.0,3.0,1.0,3,1,1,1,2,0,1,0
310747,1102,0.0,3.0,0.0,19,5,1,6,18,0,1,0
310999,1272,0.0,5.0,0.0,5,1,1,1,4,0,1,0
311007,3022,0.0,2.0,0.0,9,4,3,1,8,0,1,0
311017,361,0.0,0.0,1.0,8,4,2,2,7,0,1,0
311297,1922,0.0,6.0,1.0,12,1,1,1,11,0,1,0
311353,2592,1.0,3.0,0.0,4,1,1,2,2,0,1,1
311356,2403,0.0,0.0,1.0,58,25,1,2,55,0,3,0
311644,3160,0.0,4.0,0.0,10,2,2,2,9,0,1,0
311950,1102,0.0,3.0,0.0,6,2,1,1,4,0,2,0
312343,311,0.0,2.0,1.0,10,1,1,3,9,0,1,0
312598,3092,0.0,5.0,0.0,22,9,1,1,19,1,2,0
312599,3954,0.0,4.0,1.0,2,1,1,1,1,0,1,0
312749,1816,0.0,7.0,1.0,19,14,4,1,18,0,1,0
312873,3205,0.0,4.0,0.0,1,1,1,1,0,0,1,0
312877,3152,0.0,6.0,1.0,5,2,1,1,4,0,1,0
313186,3822,0.0,3.0,0.0,5,1,1,1,4,0,1,0
313749,2173,0.0,4.0,1.0,4,1,1,2,2,0,2,0
313778,357,0.0,3.0,0.0,2,1,1,1,1,0,1,0
314002,3308,0.0,0.0,0.0,5,1,1,1,4,0,1,0
314160,4756,0.0,0.0,0.0,13,5,1,3,12,0,1,0
314633,4044,0.0,0.0,0.0,8,3,2,2,7,0,1,0
31490,2403,0.0,3.0,0.0,2,1,1,2,0,0,1,1
315175,4413,0.0,8.0,0.0,3,1,1,1,2,0,1,0
31534,3200,0.0,5.0,0.0,18,7,5,3,17,0,1,0
315413,747,0.0,2.0,0.0,7,1,1,1,6,0,1,0
315501,897,0.0,3.0,1.0,2,1,1,1,1,0,1,0
315622,2026,0.0,3.0,1.0,1,1,1,1,0,0,1,0
315872,1618,0.0,6.0,0.0,11,2,2,1,10,0,1,0
315932,3291,0.0,3.0,0.0,1,1,1,1,0,0,1,0
316606,4605,0.0,3.0,0.0,2,1,1,1,1,0,1,0
317133,1619,0.0,3.0,1.0,8,7,1,1,7,0,1,0
317204,1964,0.0,0.0,0.0,11,6,4,1,9,0,2,0
317586,1978,0.0,0.0,1.0,15,5,3,3,12,0,1,2
317734,2543,0.0,0.0,0.0,17,2,1,4,15,0,1,1
318461,3420,0.0,6.0,0.0,6,5,4,1,5,0,1,0
318847,4049,0.0,3.0,0.0,3,1,1,2,1,0,1,1
319281,4282,0.0,3.0,0.0,16,11,5,2,15,0,1,0
319418,20,0.0,0.0,0.0,7,2,1,1,6,0,1,0
32017,594,0.0,3.0,0.0,11,1,1,2,10,0,1,0
320282,1102,0.0,4.0,2.0,11,3,2,3,10,0,1,0
320330,1283,0.0,2.0,0.0,16,8,5,1,7,0,2,7
320418,1103,0.0,0.0,0.0,12,8,3,1,10,0,2,0
320973,403,0.0,6.0,1.0,1,1,1,1,0,0,1,0
321065,3085,0.0,3.0,0.0,2,2,2,2,1,0,1,0
321746,3578,0.0,4.0,1.0,19,10,2,1,15,0,4,0
322338,4860,0.0,2.0,0.0,2,1,1,1,0,0,2,0
322346,1840,0.0,0.0,1.0,13,2,2,1,11,0,2,0
322587,606,0.0,3.0,0.0,3,2,2,3,1,0,1,1
322703,2108,0.0,6.0,0.0,2,1,1,1,1,0,1,0
322712,532,0.0,5.0,0.0,3,1,1,2,2,0,1,0
323384,2935,0.0,3.0,0.0,2,1,1,1,1,0,1,0
323466,3578,0.0,3.0,1.0,12,6,2,2,9,0,2,1
324124,3685,0.0,3.0,1.0,7,2,1,1,6,0,1,0
324679,4191,0.0,0.0,0.0,2,1,1,1,1,0,1,0
325038,4048,0.0,4.0,0.0,6,1,1,1,5,0,1,0
325350,4571,0.0,4.0,0.0,7,2,2,1,6,0,1,0
325620,296,0.0,4.0,0.0,4,1,1,1,3,0,1,0
326047,649,0.0,6.0,0.0,29,5,1,1,27,0,1,1
326461,2856,0.0,4.0,1.0,19,3,1,2,18,0,1,0
326582,4549,0.0,3.0,1.0,3,1,1,1,2,0,1,0
326862,4385,0.0,6.0,0.0,4,3,2,1,3,0,1,0
326984,2928,0.0,4.0,0.0,17,8,3,1,16,0,1,0
327000,2436,0.0,0.0,0.0,12,8,4,1,11,0,1,0
327013,3472,0.0,4.0,1.0,8,3,1,3,5,0,1,2
327216,4173,0.0,4.0,0.0,13,11,5,5,12,0,1,0
327249,4966,0.0,4.0,0.0,9,4,3,1,6,0,3,0
327664,4536,0.0,0.0,0.0,8,5,1,1,7,0,1,0
32774,2193,1.0,2.0,1.0,2,1,1,1,1,0,1,0
328362,1093,0.0,3.0,1.0,2,1,1,1,1,0,1,0
328555,3806,0.0,3.0,0.0,12,3,2,1,10,0,2,0
328819,3925,0.0,3.0,0.0,43,16,5,6,37,0,1,5
329428,4731,0.0,3.0,0.0,6,1,1,1,5,0,1,0
329466,4336,0.0,2.0,0.0,9,2,1,1,8,0,1,0
329863,3190,0.0,6.0,1.0,2,1,1,1,1,0,1,0
330001,2014,0.0,5.0,0.0,6,2,1,3,4,0,2,0
330251,2283,0.0,2.0,0.0,1,1,1,1,0,0,1,0
330258,3828,0.0,4.0,1.0,12,9,6,5,11,0,1,0
330591,2654,0.0,0.0,0.0,72,33,5,9,68,0,4,0
330702,1861,1.0,4.0,0.0,2,1,1,1,1,0,1,0
330780,412,1.0,3.0,null,6,2,2,1,4,0,2,0
332,1487,0.0,4.0,0.0,6,4,1,2,5,0,1,0
332065,1346,0.0,3.0,0.0,49,19,1,5,45,0,1,3
332108,2795,0.0,4.0,0.0,4,3,3,1,1,0,3,0
332660,2952,0.0,0.0,0.0,2,1,1,1,1,0,1,0
332721,2277,0.0,3.0,1.0,5,3,2,1,4,0,1,0
333142,4048,0.0,4.0,1.0,1,1,1,1,0,0,1,0
333369,3910,0.0,0.0,0.0,18,14,4,1,14,0,4,0
333522,523,0.0,0.0,1.0,26,7,1,1,23,2,1,0
333616,897,0.0,4.0,1.0,11,8,5,1,10,0,1,0
334266,4427,1.0,3.0,1.0,16,8,1,2,15,0,1,0
334544,3289,0.0,4.0,0.0,7,1,1,2,6,0,1,0
334965,3607,0.0,3.0,0.0,14,5,3,2,12,0,1,1
335057,2105,0.0,3.0,1.0,3,2,1,1,2,0,1,0
335392,3205,0.0,6.0,0.0,8,1,1,1,7,0,1,0
335527,643,0.0,0.0,0.0,4,2,1,2,3,0,1,0
335980,1487,0.0,6.0,0.0,8,2,1,1,7,0,1,0
335981,786,0.0,0.0,0.0,2,1,1,1,1,0,1,0
336105,4760,0.0,0.0,0.0,3,2,1,1,1,0,2,0
337013,3984,0.0,3.0,0.0,5,1,1,2,4,0,1,0
337153,1501,0.0,3.0,1.0,21,8,2,1,18,0,2,1
338119,2915,0.0,3.0,0.0,1,1,1,1,0,0,1,0
338472,145,0.0,3.0,0.0,2,1,1,1,1,0,1,0
338612,4976,0.0,4.0,0.0,7,4,1,3,5,0,2,0
339720,1618,0.0,0.0,0.0,4,1,1,2,3,0,1,0
33975,1959,0.0,0.0,1.0,5,1,1,2,4,0,1,0
339828,4585,0.0,3.0,0.0,10,2,1,2,9,0,1,0
340050,1340,0.0,3.0,1.0,5,3,2,1,4,0,1,0
340634,608,0.0,5.0,0.0,10,5,3,4,9,0,1,0
340795,1943,0.0,2.0,0.0,4,1,1,1,3,0,1,0
340841,2565,0.0,5.0,1.0,1,1,1,1,0,0,1,0
341056,826,0.0,4.0,1.0,3,1,1,1,2,0,1,0
341214,598,0.0,3.0,1.0,20,6,3,5,17,0,1,2
341455,682,0.0,0.0,0.0,4,1,1,2,3,0,1,0
342537,2047,0.0,3.0,0.0,20,8,2,2,19,0,1,0
34311,1168,0.0,0.0,1.0,4,1,1,1,3,0,1,0
343272,2668,0.0,0.0,1.0,8,4,1,1,7,0,1,0
343293,4976,0.0,3.0,0.0,13,8,4,4,11,0,1,1
343694,598,0.0,3.0,0.0,16,9,3,2,15,0,1,0
343719,479,0.0,2.0,0.0,9,1,1,8,7,0,1,1
34473,4385,0.0,5.0,0.0,13,4,2,1,12,0,1,0
344869,4173,0.0,0.0,0.0,17,4,2,4,15,0,2,0
345601,1810,0.0,6.0,null,15,5,4,4,13,0,1,1
34561,523,0.0,6.0,1.0,4,1,1,1,3,0,1,0
34564,3098,0.0,3.0,0.0,13,2,2,4,11,0,1,1
345642,4234,1.0,0.0,0.0,28,7,4,2,23,0,1,4
34575,1090,0.0,4.0,0.0,10,6,1,3,9,0,1,0
345778,2424,0.0,3.0,0.0,36,7,1,1,35,0,1,0
346002,4760,0.0,3.0,0.0,1,1,1,1,0,0,1,0
346108,2629,0.0,4.0,0.0,1,1,1,1,0,0,1,0
346418,962,0.0,0.0,0.0,8,4,2,1,6,0,2,0
347389,3500,0.0,0.0,0.0,5,2,1,1,4,0,1,0
347723,1999,0.0,0.0,0.0,7,6,1,3,6,0,1,0
348546,3609,0.0,2.0,0.0,2,1,1,1,0,0,1,1
349804,141,0.0,3.0,0.0,14,10,6,2,12,0,2,0
35005,1379,0.0,5.0,0.0,7,4,4,1,4,0,3,0
350375,1451,0.0,4.0,0.0,4,1,1,1,2,0,1,1
350493,1250,1.0,3.0,0.0,22,12,3,2,20,0,2,0
350505,1885,0.0,5.0,1.0,4,1,1,1,3,0,1,0
350515,2845,0.0,0.0,0.0,9,2,1,2,7,0,1,1
351017,296,0.0,5.0,0.0,3,1,1,1,2,0,1,0
351028,4282,0.0,3.0,0.0,9,5,2,1,8,0,1,0
351282,4118,0.0,0.0,1.0,18,5,1,2,17,0,1,0
352540,4504,0.0,4.0,0.0,7,2,1,1,6,0,1,0
352907,868,0.0,0.0,0.0,9,3,3,3,7,0,2,0
353071,3734,0.0,4.0,1.0,21,9,6,1,17,0,4,0
353869,598,0.0,3.0,0.0,57,21,3,6,53,3,1,0
354693,416,0.0,3.0,0.0,5,1,1,1,4,0,1,0
355322,3828,0.0,0.0,0.0,10,5,3,1,9,0,1,0
355629,296,1.0,4.0,0.0,6,2,1,3,4,0,1,1
355663,3444,0.0,0.0,0.0,9,1,1,3,8,0,1,0
35597,2443,0.0,0.0,1.0,59,27,1,4,57,0,1,1
356049,4617,0.0,2.0,0.0,5,1,1,2,4,0,1,0
356240,4316,0.0,2.0,1.0,1,1,1,1,0,0,1,0
356770,3578,0.0,0.0,0.0,2,1,1,1,1,0,1,0
356911,1393,0.0,7.0,1.0,7,2,2,1,5,0,2,0
356914,3734,0.0,3.0,1.0,8,2,1,1,7,0,1,0
357220,66,0.0,3.0,0.0,5,3,1,1,4,0,1,0
358634,976,0.0,0.0,0.0,1,1,1,1,0,0,1,0
358645,4346,0.0,3.0,1.0,3,1,1,1,2,0,1,0
35927,2668,0.0,6.0,0.0,3,1,1,1,2,0,1,0
359452,2824,0.0,5.0,0.0,2,1,1,1,1,0,1,0
359539,1102,0.0,3.0,1.0,175,117,15,17,166,0,1,8
359939,2459,0.0,3.0,0.0,14,6,5,1,11,0,3,0
360277,4282,0.0,4.0,0.0,36,32,4,1,35,0,1,0
360338,3828,1.0,0.0,1.0,15,9,5,4,13,0,2,0
361572,900,0.0,4.0,2.0,2,1,1,1,0,0,2,0
361682,191,0.0,3.0,0.0,40,16,6,5,38,0,1,1
361810,2031,0.0,4.0,0.0,26,4,2,2,25,0,1,0
362117,2768,0.0,5.0,0.0,16,13,7,4,15,0,1,0
362292,1602,1.0,3.0,0.0,6,3,2,2,5,0,1,0
362355,2459,0.0,0.0,0.0,27,8,3,4,26,0,1,0
362550,1892,0.0,3.0,2.0,14,8,5,2,9,0,5,0
362893,98,0.0,4.0,2.0,11,2,2,3,10,0,1,0
363023,4394,0.0,4.0,0.0,1,1,1,1,0,0,1,0
363616,3230,0.0,4.0,1.0,7,1,1,2,5,0,1,1
363761,3432,0.0,6.0,0.0,190,110,11,11,178,0,2,10
364026,1049,0.0,2.0,1.0,3,1,1,1,2,0,1,0
364142,3614,0.0,4.0,1.0,10,3,3,2,8,0,2,0
36428,437,0.0,3.0,0.0,32,18,1,1,31,0,1,0
364666,1102,0.0,2.0,0.0,28,15,5,3,22,0,1,5
36469,1760,0.0,3.0,0.0,14,6,2,2,2,0,6,6
36519,1861,0.0,2.0,0.0,1,1,1,1,0,0,1,0
365650,1346,0.0,5.0,1.0,5,2,1,1,4,0,1,0
365703,1193,0.0,3.0,1.0,5,3,2,2,4,0,1,0
366318,98,0.0,2.0,0.0,3,1,1,1,2,0,1,0
36632,2298,0.0,0.0,null,8,3,1,1,6,1,1,0
366704,4057,0.0,3.0,1.0,7,1,1,3,6,0,1,0
367398,4268,0.0,6.0,0.0,6,1,1,1,4,0,2,0
367827,1298,0.0,3.0,0.0,22,5,2,5,20,0,1,1
368564,1346,0.0,4.0,1.0,9,2,1,2,8,0,1,0
368672,1079,0.0,4.0,0.0,11,3,1,1,10,0,1,0
368862,977,0.0,0.0,0.0,5,3,2,2,4,0,1,0
369583,4403,0.0,5.0,0.0,9,6,1,1,8,0,1,0
370149,1618,0.0,0.0,1.0,6,2,1,1,5,0,1,0
37063,1892,0.0,4.0,0.0,10,7,5,2,9,0,1,0
370739,4368,0.0,0.0,0.0,3,2,2,2,2,0,1,0
371044,547,0.0,4.0,1.0,5,3,1,1,4,0,1,0
371351,1692,0.0,2.0,0.0,10,2,1,4,8,0,1,1
371422,472,0.0,2.0,1.0,2,1,1,1,1,0,1,0
371508,4044,0.0,6.0,0.0,33,11,5,3,29,0,3,1
371881,2162,0.0,4.0,0.0,20,9,1,1,19,0,1,0
372978,2138,0.0,6.0,0.0,11,8,5,3,8,0,3,0
373309,4219,0.0,3.0,0.0,7,2,1,2,5,0,1,1
373729,1987,0.0,4.0,0.0,4,1,1,1,3,0,1,0
37385,3665,0.0,2.0,0.0,4,2,1,1,3,0,1,0
374083,4044,0.0,0.0,0.0,21,13,4,2,19,0,1,1
374692,2791,1.0,3.0,1.0,3,1,1,2,0,0,2,1
374817,996,0.0,4.0,0.0,1,1,1,1,0,0,1,0
3752,1150,0.0,5.0,1.0,1,1,1,1,0,0,1,0
375357,24,0.0,5.0,1.0,7,2,1,1,6,0,1,0
375365,1067,0.0,6.0,1.0,16,2,1,5,14,0,1,1
375571,4173,0.0,3.0,1.0,5,2,2,3,4,0,1,0
375600,24,0.0,4.0,1.0,6,2,1,1,5,0,1,0
37578,156,0.0,5.0,1.0,10,6,1,1,9,0,1,0
376013,4558,0.0,0.0,0.0,7,1,1,2,5,0,2,0
376315,4444,0.0,2.0,0.0,5,2,2,2,3,0,2,0
376661,4949,1.0,0.0,0.0,19,14,6,3,17,0,2,0
376677,3170,0.0,3.0,0.0,4,2,1,2,3,0,1,0
376797,3623,0.0,2.0,0.0,17,3,2,2,15,0,1,1
377055,1212,0.0,3.0,0.0,1,1,1,1,0,0,1,0
377223,3826,0.0,2.0,0.0,12,1,1,4,10,1,1,0
377436,4044,0.0,3.0,0.0,6,1,1,1,5,0,1,0
377930,2217,0.0,3.0,0.0,2,1,1,1,1,0,1,0
378876,2138,0.0,3.0,0.0,11,8,3,2,7,0,3,1
379025,798,0.0,3.0,0.0,64,15,9,6,63,0,1,0
379362,4173,0.0,3.0,1.0,87,49,10,9,79,0,2,6
379661,66,0.0,5.0,0.0,6,1,1,2,4,0,2,0
379702,4558,0.0,2.0,0.0,3,2,1,2,0,0,2,1
37998,4756,1.0,0.0,0.0,13,7,2,2,11,0,2,0
380241,1182,0.0,0.0,0.0,2,1,1,1,1,0,1,0
380422,2294,0.0,5.0,1.0,3,1,1,1,2,0,1,0
380633,4261,0.0,4.0,0.0,2,2,1,1,0,0,2,0
380831,4468,0.0,2.0,1.0,4,2,2,1,3,0,1,0
381848,2664,0.0,6.0,0.0,28,16,5,1,23,0,4,1
382130,2234,0.0,0.0,0.0,3,2,1,1,2,0,1,0
382272,2565,0.0,3.0,1.0,13,2,1,3,11,0,2,0
382365,4039,0.0,0.0,0.0,9,2,1,1,6,0,2,1
382698,574,0.0,0.0,1.0,2,1,1,1,1,0,1,0
382817,1084,1.0,3.0,1.0,3,1,1,1,2,0,1,0
384313,2397,0.0,5.0,1.0,20,10,5,1,17,0,3,0
384972,2608,0.0,0.0,1.0,3,2,1,1,2,0,1,0
385565,2273,0.0,0.0,1.0,4,2,1,1,3,0,1,0
385566,148,1.0,4.0,1.0,23,10,6,2,19,0,4,0
385720,1272,0.0,2.0,0.0,4,2,1,1,3,0,1,0
38604,4173,0.0,3.0,0.0,5,2,2,2,4,0,1,0
38614,1608,0.0,0.0,0.0,1,1,1,1,0,0,1,0
386445,3623,0.0,4.0,1.0,5,2,1,1,2,0,3,0
386781,1724,0.0,0.0,0.0,2,1,1,2,1,0,1,0
386951,4170,0.0,4.0,0.0,27,7,2,1,23,0,4,0
387224,3683,0.0,3.0,1.0,10,3,3,1,9,0,1,0
387415,3249,1.0,2.0,0.0,1,1,1,1,0,0,1,0
388171,1056,0.0,4.0,2.0,102,16,7,9,96,0,1,5
388256,1193,0.0,0.0,0.0,5,1,1,1,3,0,1,1
388929,1892,0.0,0.0,0.0,24,13,5,1,20,0,4,0
389012,24,0.0,3.0,0.0,4,1,1,1,3,0,1,0
389171,3263,0.0,2.0,0.0,29,15,4,2,26,0,3,0
389476,2482,0.0,2.0,0.0,3,1,1,2,2,0,1,0
389516,3126,1.0,0.0,1.0,4,1,1,3,3,0,1,0
389917,2928,0.0,3.0,0.0,37,15,4,3,36,0,1,0
390082,2787,0.0,3.0,1.0,9,4,4,2,6,0,1,2
390685,3815,1.0,0.0,0.0,60,8,2,6,57,0,1,2
390999,742,0.0,3.0,1.0,1,1,1,1,0,0,1,0
391148,1090,0.0,4.0,0.0,5,1,1,1,3,0,2,0
391168,1664,0.0,0.0,0.0,2,1,1,1,1,0,1,0
391211,437,0.0,4.0,1.0,12,8,1,2,11,0,1,0
391380,1724,0.0,0.0,0.0,5,1,1,2,4,0,1,0
391554,2435,0.0,2.0,1.0,3,1,1,2,2,0,1,0
391686,1618,0.0,5.0,0.0,7,3,2,1,5,0,2,0
391910,4282,0.0,3.0,1.0,13,7,4,1,11,0,2,0
3934,1585,0.0,0.0,1.0,2,1,1,1,1,0,1,0
393521,3826,0.0,0.0,1.0,3,1,1,2,2,0,1,0
394112,4043,0.0,3.0,0.0,26,4,4,9,20,0,1,5
394173,968,0.0,0.0,0.0,5,1,1,2,4,0,1,0
394462,1203,0.0,3.0,0.0,2,1,1,1,1,0,1,0
394771,630,0.0,0.0,1.0,2,1,1,1,1,0,1,0
394841,2273,0.0,3.0,0.0,4,1,1,1,3,0,1,0
395143,1892,0.0,4.0,1.0,9,8,5,1,0,0,9,0
395213,296,1.0,4.0,2.0,20,3,1,8,18,0,2,0
39580,4762,0.0,5.0,0.0,3,1,1,1,2,0,1,0
395827,1203,0.0,4.0,0.0,11,3,2,2,10,0,1,0
396149,1346,0.0,0.0,0.0,14,7,1,1,13,0,1,0
39624,590,0.0,3.0,0.0,3,1,1,1,2,0,1,0
396413,1356,0.0,0.0,1.0,3,1,1,1,2,0,1,0
396452,3968,0.0,2.0,0.0,15,5,5,2,12,0,3,0
396611,95,0.0,0.0,0.0,9,2,1,4,7,0,1,1
396831,204,0.0,5.0,0.0,30,3,1,4,28,0,2,0
39697,4600,0.0,4.0,0.0,5,1,1,2,4,0,1,0
397065,293,0.0,3.0,0.0,5,2,1,1,4,0,1,0
39727,4394,0.0,5.0,0.0,3,2,2,2,1,0,1,1
397772,2273,0.0,0.0,0.0,3,1,1,2,2,0,1,0
398082,4388,0.0,0.0,0.0,11,2,1,1,10,0,1,0
398229,1892,0.0,0.0,1.0,4,3,2,1,0,0,4,0
398445,1679,1.0,4.0,0.0,5,3,2,1,4,0,1,0
398725,4044,0.0,2.0,0.0,28,17,4,6,21,0,1,6
398737,742,0.0,4.0,0.0,2,1,1,1,1,0,1,0
398776,145,0.0,3.0,0.0,5,1,1,1,4,0,1,0
398844,4026,0.0,5.0,1.0,5,1,1,1,3,1,1,0
398921,1459,0.0,4.0,2.0,3,1,1,2,2,0,1,0
398990,1520,0.0,5.0,0.0,2,1,1,1,1,0,1,0
399266,63,0.0,4.0,0.0,17,6,2,3,16,0,1,0
399303,798,0.0,4.0,0.0,6,1,1,2,4,0,1,1
399863,4047,0.0,3.0,0.0,11,1,1,4,9,0,1,1
399892,2217,0.0,5.0,0.0,10,6,4,3,9,0,1,0
40004,2525,0.0,3.0,2.0,3,1,1,1,2,0,1,0
400472,4647,0.0,3.0,0.0,2,1,1,1,1,0,1,0
401553,4248,0.0,5.0,2.0,8,1,1,1,7,0,1,0
402046,3828,0.0,4.0,0.0,1,1,1,1,0,0,1,0
402486,4659,0.0,3.0,0.0,1,1,1,1,0,0,1,0
4027,361,0.0,4.0,1.0,7,5,1,1,6,0,1,0
403277,1594,0.0,4.0,0.0,4,2,1,2,1,0,1,2
403421,4468,0.0,3.0,1.0,4,1,1,1,3,0,1,0
403437,4577,0.0,0.0,0.0,4,1,1,1,3,0,1,0
403762,1103,0.0,2.0,0.0,4,2,1,1,3,0,1,0
404094,2928,1.0,4.0,0.0,26,13,7,6,25,0,1,0
404220,4427,0.0,2.0,1.0,8,1,1,3,7,0,1,0
405005,3383,0.0,3.0,2.0,2,2,2,1,1,0,1,0
405407,1618,0.0,6.0,0.0,4,1,1,1,3,0,1,0
406970,4666,0.0,3.0,0.0,21,8,1,2,18,0,3,0
407222,742,0.0,4.0,0.0,2,1,1,1,1,0,1,0
40735,2709,0.0,3.0,0.0,1,1,1,1,0,0,1,0
407670,2128,0.0,3.0,0.0,1,1,1,1,0,0,1,0
407949,598,0.0,3.0,0.0,11,2,1,4,9,0,1,1
408351,395,0.0,3.0,0.0,2,1,1,1,1,0,1,0
408654,1275,0.0,5.0,0.0,3,1,1,1,2,0,1,0
40885,4048,0.0,3.0,1.0,4,1,1,1,3,0,1,0
408936,794,0.0,4.0,0.0,6,3,1,2,5,0,1,0
409363,2175,0.0,4.0,0.0,10,8,4,1,9,0,1,0
409432,1472,0.0,2.0,0.0,12,4,1,1,10,0,2,0
409824,3531,0.0,2.0,1.0,3,1,1,1,2,0,1,0
410444,2791,0.0,4.0,1.0,7,2,1,2,3,0,2,2
410456,4992,0.0,4.0,1.0,4,2,1,1,3,0,1,0
410962,2664,0.0,0.0,0.0,1,1,1,1,0,0,1,0
411139,2317,0.0,5.0,0.0,19,4,1,2,18,0,1,0
411720,4173,1.0,3.0,0.0,5,3,2,4,3,0,1,1
412432,3428,0.0,0.0,1.0,12,5,2,2,11,0,1,0
412802,310,0.0,2.0,1.0,5,2,1,1,4,0,1,0
413092,467,0.0,5.0,0.0,1,1,1,1,0,0,1,0
413534,2950,0.0,4.0,0.0,8,2,1,1,7,0,1,0
414388,4594,0.0,2.0,1.0,2,1,1,1,1,0,1,0
414514,4527,0.0,0.0,0.0,6,1,1,2,5,0,1,0
415180,4480,0.0,5.0,0.0,15,9,4,2,13,0,2,0
416281,4864,0.0,4.0,0.0,2,2,1,1,0,0,1,1
41638,3828,0.0,0.0,0.0,31,13,5,3,30,0,1,0
416483,2928,0.0,4.0,0.0,13,5,3,2,9,3,1,0
416785,2636,0.0,4.0,1.0,7,1,1,2,6,0,1,0
418453,1916,0.0,0.0,1.0,11,3,1,2,9,0,2,0
418535,1825,0.0,5.0,1.0,1,1,1,1,0,0,1,0
418593,3080,0.0,6.0,1.0,3,1,1,1,2,0,1,0
419801,505,0.0,5.0,0.0,2,1,1,1,1,0,1,0
420882,643,0.0,3.0,0.0,4,3,3,2,3,0,1,0
421011,2821,0.0,4.0,0.0,4,1,1,2,3,0,1,0
421191,3578,0.0,6.0,1.0,55,20,3,4,52,0,3,0
42134,3405,0.0,3.0,1.0,3,1,1,1,2,0,1,0
421402,3160,0.0,4.0,0.0,1,1,1,1,0,0,1,0
421474,2637,0.0,2.0,0.0,1,1,1,1,0,0,1,0
421753,1738,0.0,3.0,0.0,4,1,1,1,3,0,1,0
421910,2879,0.0,0.0,0.0,5,2,2,2,3,0,2,0
421933,742,0.0,0.0,0.0,1,1,1,1,0,0,1,0
422713,2447,0.0,0.0,0.0,4,2,1,2,3,0,1,0
422735,1346,0.0,4.0,0.0,8,4,2,2,6,0,1,1
42499,1714,0.0,2.0,0.0,1,1,1,1,0,0,1,0
43100,4985,0.0,4.0,0.0,8,3,2,1,6,0,2,0
4313,437,0.0,4.0,0.0,7,2,2,1,6,0,1,0
43578,594,0.0,2.0,0.0,2,1,1,1,0,0,1,1
44063,1000,0.0,6.0,0.0,9,1,1,5,7,0,1,1
44954,412,0.0,2.0,0.0,10,4,3,4,9,0,1,0
45147,189,0.0,7.0,0.0,3,1,1,1,2,0,1,0
45997,4594,0.0,3.0,0.0,4,2,1,1,3,0,1,0
4605,608,0.0,0.0,0.0,15,2,1,5,11,0,1,3
46105,4616,0.0,3.0,1.0,4,1,1,1,3,0,1,0
46247,3516,0.0,4.0,0.0,11,2,2,2,9,0,2,0
46765,63,0.0,4.0,1.0,2,1,1,2,0,1,1,0
47009,1272,0.0,5.0,0.0,6,5,1,1,5,0,1,0
4781,524,0.0,0.0,1.0,12,3,1,1,10,0,1,1
48041,4472,0.0,5.0,1.0,10,4,1,3,9,0,1,0
48262,3022,0.0,3.0,1.0,3,1,1,1,2,0,1,0
48906,3159,0.0,2.0,0.0,7,3,1,1,6,0,1,0
49836,3268,0.0,6.0,0.0,6,1,1,2,4,0,1,1
50814,1393,0.0,3.0,0.0,23,11,4,3,21,1,1,0
51132,4768,0.0,3.0,0.0,1,1,1,1,0,0,1,0
51174,4319,0.0,3.0,1.0,1,1,1,1,0,0,1,0
51738,4173,0.0,0.0,0.0,57,12,4,2,53,0,1,3
51749,1102,0.0,6.0,0.0,14,7,5,1,12,0,2,0
51978,3763,1.0,4.0,0.0,2,1,1,1,1,0,1,0
5238,2403,0.0,4.0,0.0,1,1,1,1,0,0,1,0
52951,4926,0.0,4.0,0.0,1,1,1,1,0,0,1,0
53081,4687,0.0,3.0,1.0,3,1,1,1,2,0,1,0
53514,3288,0.0,2.0,0.0,13,1,1,2,10,0,2,1
53958,1552,0.0,4.0,0.0,10,4,1,2,9,0,1,0
54671,797,0.0,6.0,0.0,3,1,1,1,2,0,1,0
5473,2217,0.0,4.0,0.0,2,1,1,1,1,0,1,0
54749,2303,0.0,6.0,0.0,6,3,1,1,5,0,1,0
54922,1619,0.0,3.0,1.0,2,1,1,1,1,0,1,0
5517,3402,0.0,3.0,0.0,1,1,1,1,0,0,1,0
55317,4979,0.0,3.0,0.0,1,1,1,1,0,0,1,0
5557,1346,0.0,2.0,2.0,7,3,1,1,6,0,1,0
55778,2149,0.0,3.0,0.0,3,1,1,1,2,0,1,0
55789,3005,0.0,0.0,0.0,21,15,8,1,20,0,1,0
55810,1200,0.0,3.0,0.0,3,1,1,1,1,0,2,0
56006,498,1.0,0.0,0.0,5,1,1,2,4,0,1,0
5603,3276,0.0,3.0,0.0,7,1,1,2,4,0,2,1
56097,798,0.0,4.0,2.0,4,1,1,1,3,0,1,0
56304,4280,0.0,3.0,0.0,8,5,1,1,7,0,1,0
56908,23,0.0,2.0,0.0,4,1,1,1,3,0,1,0
56954,1618,0.0,3.0,0.0,15,6,2,1,13,0,2,0
57129,4079,0.0,6.0,0.0,13,5,1,1,7,0,6,0
5721,4294,1.0,3.0,1.0,11,2,1,2,9,0,2,0
57293,359,1.0,3.0,0.0,15,8,2,2,12,0,3,0
57395,1910,0.0,0.0,1.0,8,1,1,1,7,0,1,0
57496,1340,0.0,3.0,0.0,2,1,1,1,1,0,1,0
58395,4981,0.0,3.0,0.0,18,5,3,2,15,0,1,2
58419,1923,1.0,3.0,1.0,5,1,1,1,4,0,1,0
58751,1308,0.0,4.0,1.0,13,6,4,1,12,0,1,0
58845,2360,0.0,2.0,0.0,4,1,1,4,3,0,1,0
58849,1472,0.0,3.0,1.0,6,2,1,1,5,0,1,0
59095,962,0.0,3.0,0.0,56,13,8,2,52,0,3,1
59955,4044,0.0,4.0,0.0,10,6,3,1,9,0,1,0
60018,2709,0.0,3.0,0.0,3,1,1,1,2,0,1,0
60425,4760,0.0,4.0,0.0,6,1,1,2,4,0,1,1
60478,742,0.0,0.0,1.0,2,1,1,1,1,0,1,0
60490,4760,0.0,0.0,0.0,17,6,4,2,15,0,2,0
60900,2669,0.0,0.0,0.0,18,7,1,3,17,0,1,0
60993,3862,0.0,3.0,1.0,1,1,1,1,0,0,1,0
61343,3779,0.0,0.0,0.0,2,1,1,1,1,0,1,0
6141,4131,0.0,3.0,0.0,14,3,1,6,12,0,1,1
61977,1103,0.0,2.0,0.0,1,1,1,1,0,0,1,0
62167,2915,0.0,5.0,1.0,12,3,2,1,11,0,1,0
62381,4585,0.0,3.0,0.0,5,1,1,1,4,0,1,0
62662,818,0.0,3.0,1.0,1,1,1,1,0,0,1,0
63133,3022,0.0,0.0,0.0,2,1,1,2,0,0,1,1
63499,2669,0.0,0.0,0.0,10,6,4,2,9,0,1,0
63527,1186,0.0,6.0,0.0,3,1,1,1,2,0,1,0
64138,1890,0.0,5.0,0.0,1,1,1,1,0,0,1,0
65121,4388,0.0,3.0,0.0,8,4,1,1,6,0,2,0
65232,598,0.0,0.0,0.0,17,7,3,3,14,0,1,2
65706,4044,0.0,3.0,1.0,8,5,2,1,7,0,1,0
65990,2928,0.0,4.0,1.0,20,7,5,3,18,0,1,1
66106,310,0.0,2.0,0.0,8,3,2,3,5,0,2,1
66182,951,0.0,2.0,0.0,1,1,1,1,0,0,1,0
66183,2193,0.0,2.0,1.0,9,1,1,1,7,0,1,1
66229,390,0.0,3.0,0.0,2,1,1,1,1,0,1,0
66644,1056,0.0,0.0,0.0,5,1,1,1,4,0,1,0
67069,4985,0.0,6.0,0.0,3,2,2,1,2,0,1,0
67326,4047,0.0,0.0,1.0,2,1,1,1,0,0,1,1
68302,3629,0.0,0.0,1.0,10,6,2,1,8,0,2,0
6859,3915,0.0,4.0,0.0,9,1,1,1,7,0,1,1
697,1900,0.0,0.0,0.0,4,1,1,1,3,0,1,0
69759,4648,0.0,3.0,0.0,3,1,1,2,2,0,1,0
700,1020,0.0,0.0,1.0,5,1,1,1,4,0,1,0
70339,124,0.0,4.0,0.0,8,1,1,2,7,0,1,0
70645,1340,0.0,0.0,0.0,13,4,1,2,11,0,2,0
70714,4850,0.0,5.0,1.0,81,52,12,10,77,0,4,0
70900,4287,0.0,3.0,0.0,2,1,1,1,1,0,1,0
71253,3635,0.0,3.0,1.0,3,1,1,1,2,0,1,0
71300,4318,0.0,0.0,0.0,10,5,2,3,9,0,1,0
71310,1556,0.0,3.0,1.0,3,2,2,1,2,0,1,0
71332,3152,0.0,6.0,1.0,9,3,2,2,8,0,1,0
7168,416,0.0,5.0,null,1,1,1,1,0,0,1,0
71940,1816,0.0,3.0,0.0,16,5,3,3,15,0,1,0
72140,2928,0.0,5.0,2.0,6,4,2,2,5,0,1,0
72800,4385,0.0,3.0,2.0,7,2,1,1,6,0,1,0
73525,3577,0.0,4.0,0.0,5,1,1,1,4,0,1,0
73580,145,0.0,2.0,0.0,16,2,1,5,15,0,1,0
73617,4062,0.0,5.0,0.0,7,4,2,1,6,0,1,0
73774,1557,0.0,2.0,0.0,3,2,1,1,2,0,1,0
73853,4523,0.0,5.0,0.0,5,2,1,1,4,0,1,0
74047,4536,0.0,3.0,0.0,2,1,1,1,1,0,1,0
74372,2052,0.0,2.0,0.0,2,1,1,1,1,0,1,0
75028,2102,0.0,3.0,0.0,11,6,3,4,9,0,1,1
75515,219,0.0,4.0,1.0,15,5,1,2,14,0,1,0
75695,2134,0.0,6.0,1.0,9,2,1,1,8,0,1,0
75798,2569,0.0,3.0,0.0,28,15,2,4,21,0,1,6
76019,4724,0.0,2.0,0.0,6,1,1,2,5,0,1,0
76135,1679,0.0,3.0,0.0,6,5,4,2,4,0,2,0
76536,3854,0.0,4.0,0.0,6,1,1,2,5,0,1,0
76785,2051,0.0,5.0,0.0,7,3,2,1,6,0,1,0
77658,474,0.0,3.0,1.0,5,2,2,1,4,0,1,0
77667,4044,0.0,0.0,0.0,7,2,1,2,6,0,1,0
78565,4791,0.0,3.0,1.0,13,1,1,1,12,0,1,0
78575,2954,0.0,3.0,1.0,8,5,4,1,7,0,1,0
78604,1918,0.0,5.0,1.0,11,6,2,2,9,0,1,1
78898,1393,0.0,0.0,0.0,15,8,7,4,14,0,1,0
79257,2699,1.0,3.0,0.0,16,9,3,6,5,0,5,6
79393,4083,0.0,0.0,1.0,9,8,5,1,8,0,1,0
79600,588,0.0,3.0,0.0,2,1,1,1,1,0,1,0
79831,3432,0.0,0.0,0.0,85,29,4,9,79,0,3,3
80665,2891,0.0,5.0,0.0,2,1,1,1,1,0,1,0
80957,2916,0.0,0.0,0.0,1,1,1,1,0,0,1,0
81481,2318,0.0,3.0,0.0,12,5,2,4,10,0,2,0
81583,3022,0.0,2.0,1.0,2,1,1,1,1,0,1,0
81830,606,1.0,5.0,0.0,12,8,6,4,11,0,1,0
81939,4258,0.0,0.0,0.0,1,1,1,1,0,0,1,0
82631,2569,1.0,0.0,0.0,9,5,1,2,5,0,1,3
82949,4427,0.0,4.0,0.0,6,2,1,1,5,0,1,0
83377,515,0.0,4.0,0.0,10,3,1,2,8,0,2,0
83720,1916,0.0,0.0,1.0,5,2,1,1,2,0,3,0
83757,4394,0.0,7.0,0.0,19,8,3,2,17,0,2,0
83938,1203,0.0,6.0,0.0,10,2,2,4,7,0,2,1
84943,4744,0.0,3.0,1.0,6,1,1,3,5,0,1,0
85759,1134,0.0,3.0,0.0,9,2,1,3,7,0,1,1
85998,1833,0.0,5.0,0.0,9,7,3,1,8,0,1,0
86083,4760,0.0,6.0,0.0,2,1,1,1,1,0,1,0
86149,1875,0.0,5.0,0.0,13,8,5,2,12,0,1,0
86444,4607,0.0,5.0,0.0,35,13,2,2,31,0,1,3
86747,3424,0.0,4.0,0.0,2,1,1,1,1,0,1,0
86967,3734,0.0,2.0,1.0,2,1,1,2,0,0,1,1
87283,4282,0.0,2.0,1.0,3,1,1,2,2,0,1,0
87910,731,0.0,3.0,1.0,6,2,1,2,4,0,1,1
88086,3889,0.0,3.0,0.0,4,1,1,2,3,0,1,0
88302,2752,0.0,4.0,0.0,20,10,5,1,18,0,2,0
89057,3411,0.0,0.0,0.0,21,8,4,1,20,0,1,0
89241,3205,0.0,4.0,1.0,2,1,1,2,0,0,1,1
90707,4427,0.0,0.0,0.0,11,9,2,1,10,0,1,0
9156,4848,0.0,5.0,1.0,25,10,2,3,22,0,1,2
92033,2932,0.0,7.0,0.0,17,8,5,4,15,0,1,1
92045,3152,0.0,3.0,0.0,12,7,1,3,10,0,1,1
92246,861,0.0,4.0,1.0,1,1,1,1,0,0,1,0
92539,588,0.0,0.0,0.0,10,2,1,1,9,0,1,0
93068,3828,0.0,3.0,0.0,9,4,4,2,8,0,1,0
93106,121,0.0,6.0,0.0,17,6,3,2,15,0,2,0
93261,361,0.0,3.0,0.0,5,1,1,2,4,0,1,0
93547,1393,1.0,2.0,0.0,16,7,4,2,12,0,4,0
93597,121,0.0,2.0,0.0,4,1,1,1,3,0,1,0
94030,649,0.0,6.0,0.0,3,1,1,1,2,0,1,0
94055,4876,0.0,3.0,1.0,2,1,1,2,1,0,1,0
94551,1342,0.0,2.0,0.0,12,6,3,1,10,0,1,1
952,4992,0.0,3.0,0.0,1,1,1,1,0,0,1,0
95625,960,0.0,0.0,0.0,2,1,1,1,1,0,1,0
95742,4444,0.0,4.0,0.0,12,7,4,3,10,0,2,0
95829,3912,0.0,4.0,0.0,2,1,1,2,1,0,1,0
95899,1835,0.0,4.0,0.0,4,3,1,2,0,0,1,3
96197,2450,0.0,3.0,0.0,1,1,1,1,0,0,1,0
96364,4173,0.0,5.0,0.0,18,12,6,7,12,0,2,4
9719,1703,0.0,4.0,1.0,8,2,1,1,7,0,1,0
98808,2313,0.0,6.0,0.0,5,1,1,1,4,0,1,0
9943,685,1.0,0.0,1.0,17,5,1,2,15,0,2,0
99462,1833,0.0,5.0,1.0,6,2,1,1,5,0,1,0
99614,4325,0.0,0.0,0.0,8,1,1,3,7,0,1,0
