100201,594,0.0,0.0,0.0,4,1,1,1,2,0,2,0
100506,3402,0.0,3.0,0.0,14,2,1,4,13,0,1,0
100530,4091,0.0,4.0,1.0,3,1,1,2,1,0,1,1
100641,503,0.0,4.0,0.0,5,3,2,1,4,0,1,0
100685,2688,0.0,4.0,0.0,2,1,1,1,1,0,1,0
101096,2900,0.0,6.0,0.0,2,1,1,1,1,0,1,0
101330,3562,0.0,5.0,0.0,12,5,3,4,9,0,1,2
102159,4170,0.0,0.0,0.0,6,4,1,1,5,0,1,0
102231,2664,0.0,3.0,0.0,7,6,2,1,6,0,1,0
102264,2821,0.0,0.0,0.0,6,2,2,1,5,0,1,0
102332,4044,0.0,4.0,1.0,58,19,4,1,56,0,2,0
102837,3276,0.0,6.0,0.0,5,3,1,1,3,0,2,0
102928,2664,0.0,4.0,1.0,1,1,1,1,0,0,1,0
102991,1673,0.0,3.0,0.0,5,1,1,2,4,0,1,0
103062,2834,0.0,4.0,0.0,8,4,2,3,5,0,2,1
10324,804,0.0,5.0,0.0,3,1,1,1,2,0,1,0
104172,191,0.0,3.0,0.0,2,1,1,1,1,0,1,0
104355,879,0.0,7.0,1.0,2,1,1,1,1,0,1,0
104560,4658,0.0,3.0,1.0,5,2,1,1,4,0,1,0
104658,4811,0.0,0.0,0.0,3,1,1,1,2,0,1,0
104815,786,0.0,2.0,0.0,26,4,3,2,21,0,1,4
10531,2981,0.0,4.0,0.0,6,1,1,2,4,1,1,0
105514,2639,0.0,0.0,0.0,31,15,9,4,26,4,1,0
105832,2872,0.0,5.0,0.0,15,10,5,1,13,0,2,0
106625,437,0.0,3.0,0.0,85,51,3,8,83,0,1,1
106760,4129,0.0,7.0,0.0,12,9,1,1,11,0,1,0
106820,962,1.0,2.0,0.0,22,12,7,6,17,0,1,4
108351,2014,0.0,0.0,0.0,7,4,1,1,6,0,1,0
10848,416,0.0,4.0,0.0,3,2,2,1,2,0,1,0
108786,742,0.0,3.0,1.0,2,1,1,1,1,0,1,0
108934,1514,1.0,2.0,0.0,5,2,1,1,4,0,1,0
109442,1536,0.0,4.0,0.0,6,4,1,3,5,0,1,0
109481,2913,0.0,2.0,0.0,10,2,1,1,9,0,1,0
109663,2127,0.0,3.0,1.0,2,1,1,1,1,0,1,0
109832,4976,0.0,7.0,1.0,17,14,7,1,16,0,1,0
109857,2928,0.0,5.0,0.0,1,1,1,1,0,0,1,0
11007,474,0.0,3.0,0.0,70,51,33,2,61,0,8,1
110126,2359,0.0,2.0,1.0,25,12,1,1,23,0,2,0
110888,4048,0.0,7.0,0.0,3,1,1,1,2,0,1,0
111172,227,0.0,0.0,0.0,15,5,1,3,12,2,1,0
111244,4287,0.0,3.0,0.0,6,2,2,1,4,0,2,0
111332,474,0.0,4.0,1.0,3,1,1,1,2,0,1,0
111461,2789,0.0,6.0,0.0,10,3,2,1,8,0,2,0
111519,2511,0.0,6.0,1.0,7,1,1,1,6,0,1,0
111617,756,0.0,2.0,0.0,2,1,1,1,1,0,1,0
112151,187,0.0,3.0,0.0,4,2,2,2,3,0,1,0
112558,3502,0.0,4.0,1.0,4,1,1,2,3,0,1,0
112701,4940,0.0,0.0,0.0,26,2,1,7,22,0,1,3
11302,4545,0.0,0.0,1.0,1,1,1,1,0,0,1,0
113567,323,0.0,4.0,1.0,26,4,1,2,24,0,1,1
113780,1861,0.0,6.0,0.0,3,1,1,1,1,0,2,0
115193,773,0.0,3.0,1.0,10,3,3,3,8,0,1,1
115396,547,0.0,3.0,1.0,19,8,2,7,16,0,1,2
115409,4044,0.0,4.0,0.0,37,20,10,3,33,0,4,0
116037,4131,0.0,4.0,0.0,2,1,1,1,1,0,1,0
116170,1131,0.0,5.0,0.0,2,1,1,1,1,0,1,0
116258,2936,0.0,3.0,1.0,7,2,2,1,5,0,2,0
116835,1051,0.0,6.0,0.0,4,1,1,2,2,0,2,0
116870,4647,0.0,2.0,0.0,6,1,1,1,5,0,1,0
117033,308,0.0,3.0,0.0,4,1,1,1,3,0,1,0
117086,1526,0.0,0.0,0.0,8,4,3,1,5,0,1,2
117398,2919,1.0,5.0,0.0,4,1,1,1,3,0,1,0
117749,354,0.0,4.0,0.0,5,1,1,1,3,0,2,0
117826,66,0.0,3.0,0.0,44,11,5,2,39,0,2,3
118295,4919,0.0,0.0,1.0,4,1,1,2,3,0,1,0
118332,1854,0.0,0.0,0.0,1,1,1,1,0,0,1,0
118533,1102,0.0,3.0,0.0,6,4,4,3,5,0,1,0
118617,4050,0.0,3.0,1.0,4,2,2,1,3,0,1,0
118800,2320,0.0,4.0,0.0,4,3,2,1,3,0,1,0
119106,4650,0.0,2.0,0.0,1,1,1,1,0,0,1,0
119317,310,0.0,5.0,0.0,6,1,1,1,5,0,1,0
119588,4282,0.0,2.0,1.0,29,18,9,4,25,0,1,3
119844,4991,0.0,3.0,0.0,7,2,1,1,5,0,1,1
120256,3161,0.0,6.0,0.0,7,5,2,2,6,0,1,0
120825,4196,0.0,2.0,0.0,7,2,1,1,4,0,3,0
12103,798,0.0,5.0,1.0,4,2,1,1,3,0,1,0
121117,2273,0.0,4.0,1.0,4,1,1,1,3,0,1,0
121218,1878,0.0,4.0,0.0,7,3,1,2,4,0,1,2
121602,4044,0.0,0.0,0.0,8,7,5,4,7,0,1,0
121891,3484,0.0,4.0,1.0,8,3,1,2,7,0,1,0
122036,4173,1.0,0.0,0.0,12,11,6,6,11,0,1,0
122296,3350,0.0,4.0,1.0,2,1,1,1,1,0,1,0
12231,2856,0.0,4.0,0.0,6,3,1,3,5,0,1,0
12232,2985,0.0,3.0,0.0,8,1,1,1,4,0,3,1
122586,855,0.0,4.0,0.0,2,1,1,2,0,0,1,1
122631,3319,0.0,0.0,0.0,4,1,1,1,3,0,1,0
122895,1963,0.0,4.0,0.0,45,22,2,3,44,0,1,0
123624,2856,0.0,4.0,0.0,5,3,1,2,4,0,1,0
123709,1885,0.0,3.0,0.0,3,2,1,1,2,0,1,0
123843,2471,0.0,3.0,1.0,9,1,1,1,8,0,1,0
124571,4504,0.0,0.0,0.0,7,1,1,2,4,0,1,2
124693,598,0.0,2.0,1.0,6,1,1,2,4,0,1,1
124860,3173,0.0,3.0,0.0,5,1,1,2,2,0,3,0
125279,2664,0.0,5.0,0.0,14,5,2,2,8,0,6,0
125511,643,1.0,0.0,0.0,40,32,5,4,38,0,2,0
125733,3284,0.0,3.0,null,5,2,2,1,4,0,1,0
125884,4648,0.0,0.0,0.0,37,12,1,2,34,0,3,0
126253,2928,0.0,4.0,0.0,2,1,1,1,1,0,1,0
126299,3173,0.0,3.0,1.0,7,2,1,1,4,0,3,0
126394,4605,0.0,2.0,0.0,4,1,1,1,3,0,1,0
126475,3200,0.0,0.0,0.0,27,14,8,2,25,0,2,0
126520,3152,0.0,0.0,1.0,24,8,1,3,22,0,2,0
12698,4044,0.0,0.0,0.0,107,70,11,15,103,0,1,3
127958,3734,0.0,2.0,1.0,5,1,1,1,4,0,1,0
128182,2051,0.0,5.0,0.0,2,1,1,1,1,0,1,0
128208,3396,0.0,0.0,0.0,6,3,1,1,5,0,1,0
128285,4600,0.0,6.0,1.0,4,2,1,1,3,0,1,0
128360,215,0.0,4.0,0.0,2,1,1,1,1,0,1,0
128456,742,0.0,0.0,0.0,4,1,1,2,2,0,1,1
128971,1890,0.0,0.0,0.0,13,4,2,2,12,0,1,0
129117,3500,0.0,3.0,0.0,7,2,2,2,6,0,1,0
129640,3828,0.0,0.0,0.0,31,10,7,3,30,0,1,0
130172,1359,0.0,4.0,1.0,1,1,1,1,0,0,1,0
130452,1708,0.0,3.0,0.0,1,1,1,1,0,0,1,0
130579,1075,1.0,3.0,0.0,14,10,1,1,11,0,1,2
131268,1708,0.0,2.0,null,10,4,1,2,9,0,1,0
131298,2565,0.0,3.0,0.0,2,1,1,1,1,0,1,0
131391,374,0.0,4.0,0.0,1,1,1,1,0,0,1,0
132311,2810,0.0,6.0,1.0,2,1,1,1,1,0,1,0
132571,4270,0.0,5.0,1.0,13,8,5,2,12,0,1,0
133674,1963,0.0,3.0,1.0,16,9,3,4,14,0,1,1
133785,1081,0.0,4.0,0.0,5,2,1,2,3,0,2,0
133906,3734,0.0,null,null,4,1,1,2,2,1,1,0
134218,4589,0.0,5.0,0.0,5,2,1,2,4,0,1,0
134671,2559,0.0,4.0,0.0,3,1,1,1,2,0,1,0
135123,1346,0.0,3.0,0.0,9,2,1,2,8,0,1,0
135662,4760,0.0,3.0,0.0,28,11,6,3,22,0,3,3
136575,63,0.0,4.0,1.0,24,5,4,3,21,0,3,0
136825,2318,0.0,0.0,0.0,1,1,1,1,0,0,1,0
137508,3041,0.0,2.0,0.0,4,1,1,1,3,0,1,0
137936,152,0.0,5.0,1.0,2,1,1,1,1,0,1,0
138033,2662,0.0,5.0,0.0,10,3,1,1,9,0,1,0
139344,1285,0.0,4.0,1.0,8,2,1,1,6,0,1,1
139981,1890,0.0,4.0,0.0,10,3,1,2,9,0,1,0
140084,3609,0.0,3.0,0.0,12,6,1,1,11,0,1,0
140125,4864,0.0,5.0,1.0,4,3,2,2,3,0,1,0
140130,1310,0.0,3.0,2.0,6,1,1,2,3,0,1,2
14018,3477,0.0,2.0,0.0,5,2,1,1,4,0,1,0
140486,1489,0.0,4.0,0.0,8,2,1,1,7,0,1,0
140527,687,0.0,0.0,0.0,2,1,1,1,1,0,1,0
140556,2562,0.0,3.0,1.0,3,1,1,1,2,0,1,0
140581,4306,0.0,4.0,1.0,4,1,1,1,3,0,1,0
141412,747,0.0,0.0,0.0,4,1,1,1,3,0,1,0
141414,2099,0.0,3.0,0.0,3,1,1,1,2,0,1,0
141639,3103,0.0,5.0,0.0,3,1,1,1,2,0,1,0
142089,1056,0.0,4.0,1.0,67,46,12,5,65,0,2,0
142589,524,0.0,6.0,0.0,10,5,3,2,9,0,1,0
142918,1346,0.0,3.0,0.0,12,7,1,4,7,0,1,4
143619,4993,0.0,5.0,0.0,11,1,1,4,9,0,1,1
144105,2592,0.0,0.0,1.0,3,1,1,1,2,0,1,0
144625,2277,0.0,4.0,1.0,4,3,2,2,3,0,1,0
144722,191,0.0,0.0,0.0,14,4,2,2,13,0,1,0
144929,2149,0.0,2.0,0.0,3,1,1,1,2,0,1,0
145170,4282,0.0,5.0,0.0,4,3,3,2,3,0,1,0
147089,361,0.0,4.0,0.0,12,6,3,2,9,0,1,2
147463,98,0.0,0.0,0.0,1,1,1,1,0,0,1,0
147812,897,0.0,null,null,9,4,2,2,8,0,1,0
148053,4966,0.0,0.0,0.0,5,1,1,1,4,0,1,0
148215,1840,0.0,3.0,0.0,2,1,1,1,1,0,1,0
148229,4585,0.0,4.0,1.0,3,1,1,1,2,0,1,0
149063,1150,0.0,4.0,1.0,3,1,1,1,2,0,1,0
149293,2929,0.0,6.0,0.0,21,5,3,5,17,0,4,0
149683,798,0.0,3.0,0.0,30,14,7,5,26,0,4,0
149813,3284,0.0,3.0,0.0,3,1,1,1,2,0,1,0
150027,4793,0.0,2.0,1.0,1,1,1,1,0,0,1,0
150050,1393,0.0,3.0,0.0,31,21,8,2,30,0,1,0
15011,3080,0.0,2.0,1.0,2,1,1,1,1,0,1,0
150925,4079,0.0,0.0,1.0,1,1,1,1,0,0,1,0
152740,2447,0.0,2.0,1.0,12,1,1,1,11,0,1,0
153281,1310,0.0,6.0,0.0,3,1,1,1,2,0,1,0
153300,2746,0.0,3.0,0.0,7,4,3,2,6,0,1,0
15363,4277,0.0,2.0,0.0,12,1,1,3,10,0,1,1
15377,1840,0.0,3.0,0.0,5,2,1,1,3,0,2,0
15404,1861,0.0,0.0,0.0,2,1,1,1,1,0,1,0
154261,121,0.0,5.0,0.0,20,12,2,1,17,0,1,2
15448,3466,0.0,3.0,0.0,11,1,1,2,9,0,1,1
155012,4145,0.0,6.0,0.0,16,6,1,2,8,1,1,6
15513,1890,0.0,4.0,0.0,49,10,2,6,45,0,2,2
155376,1393,0.0,2.0,0.0,16,8,7,2,13,0,2,1
155427,2051,0.0,0.0,0.0,3,1,1,1,2,0,1,0
155932,3828,0.0,3.0,0.0,20,16,9,7,18,1,1,0
156209,4992,1.0,0.0,2.0,1,1,1,1,0,0,1,0
156406,574,0.0,4.0,1.0,17,8,2,2,15,0,2,0
156455,2273,0.0,0.0,0.0,5,2,1,2,4,0,1,0
156579,1464,0.0,0.0,0.0,13,3,1,4,11,0,1,1
156900,361,0.0,4.0,0.0,13,5,1,1,11,0,1,1
156974,3828,0.0,0.0,0.0,7,1,1,2,6,0,1,0
15771,594,0.0,4.0,1.0,5,1,1,2,3,0,1,1
157801,1370,1.0,5.0,0.0,3,1,1,1,2,0,1,0
157952,4919,0.0,3.0,0.0,8,4,4,2,6,0,1,1
158416,141,0.0,3.0,0.0,4,1,1,1,3,0,1,0
159082,742,0.0,4.0,0.0,5,1,1,2,3,0,1,1
159259,4929,0.0,5.0,1.0,1,1,1,1,0,0,1,0
159304,1330,0.0,0.0,0.0,6,2,1,2,5,0,1,0
159693,1892,0.0,4.0,0.0,73,21,7,5,65,0,6,2
15978,2883,0.0,6.0,0.0,22,11,2,1,21,0,1,0
159994,1742,0.0,3.0,0.0,5,3,1,1,4,0,1,0
16006,4173,0.0,0.0,0.0,9,1,1,2,8,0,1,0
16011,2709,0.0,5.0,1.0,3,2,2,1,2,0,1,0
160116,2915,0.0,3.0,0.0,4,3,3,1,3,0,1,0
161373,594,0.0,0.0,0.0,1,1,1,1,0,0,1,0
161421,594,0.0,0.0,0.0,1,1,1,1,0,0,1,0
161546,3828,0.0,4.0,0.0,6,4,3,4,5,0,1,0
161670,2569,0.0,0.0,0.0,3,1,1,2,2,0,1,0
161835,4976,0.0,4.0,0.0,75,23,7,3,71,0,4,0
162281,4325,1.0,4.0,2.0,16,4,2,1,15,0,1,0
162360,1095,0.0,5.0,0.0,1,1,1,1,0,0,1,0
162692,4928,0.0,3.0,0.0,3,1,1,1,2,0,1,0
162827,4589,0.0,3.0,0.0,1,1,1,1,0,0,1,0
163851,3152,0.0,0.0,0.0,3,2,2,1,2,0,1,0
163865,3263,0.0,4.0,0.0,3,1,1,1,2,0,1,0
164811,3938,0.0,2.0,0.0,4,2,2,3,3,0,1,0
165034,3614,0.0,3.0,0.0,2,1,1,1,1,0,1,0
16565,4542,0.0,2.0,0.0,12,5,3,3,10,0,1,1
165663,4727,0.0,2.0,1.0,7,3,1,2,6,0,1,0
165705,2138,0.0,2.0,0.0,2,2,2,2,1,0,1,0
165750,2746,0.0,3.0,1.0,13,4,3,2,10,0,3,0
166291,102,0.0,3.0,1.0,2,1,1,1,1,0,1,0
166328,1659,0.0,0.0,0.0,9,3,1,1,6,0,3,0
166364,2318,0.0,7.0,1.0,7,3,2,2,6,0,1,0
166468,2845,0.0,4.0,0.0,9,2,1,2,7,0,1,1
166801,4744,0.0,5.0,0.0,3,2,1,1,2,0,1,0
167280,2569,0.0,3.0,0.0,20,13,1,2,18,0,2,0
167612,3566,0.0,0.0,0.0,10,4,4,1,7,0,3,0
167630,2242,0.0,4.0,1.0,19,6,3,2,17,0,1,1
167655,4325,0.0,3.0,0.0,4,1,1,1,3,0,1,0
168194,2031,0.0,6.0,0.0,2,1,1,1,0,0,1,1
169182,3230,0.0,3.0,0.0,1,1,1,1,0,0,1,0
169432,2108,0.0,3.0,1.0,4,1,1,1,2,1,1,0
16971,4614,0.0,4.0,0.0,4,2,1,1,3,0,1,0
169811,2403,0.0,3.0,0.0,77,31,2,2,71,0,2,4
170135,1923,0.0,0.0,0.0,8,3,2,2,6,0,1,1
170263,2093,0.0,0.0,0.0,5,2,1,1,3,0,2,0
170284,2031,0.0,4.0,1.0,3,2,1,1,2,0,1,0
170381,4617,0.0,3.0,1.0,2,1,1,1,1,0,1,0
170422,1393,0.0,4.0,0.0,97,54,11,6,78,0,3,16
170519,2928,0.0,0.0,1.0,19,14,8,1,18,0,1,0
170527,1056,1.0,3.0,1.0,25,11,9,4,20,0,3,2
170626,4073,0.0,2.0,0.0,3,1,1,1,1,0,1,1
170680,1272,0.0,4.0,0.0,2,1,1,1,1,0,1,0
171010,4580,0.0,3.0,0.0,3,1,1,1,2,0,1,0
171173,1841,0.0,4.0,2.0,20,11,5,3,19,0,1,0
171252,3828,0.0,4.0,0.0,15,9,2,2,13,0,1,1
171792,4560,0.0,0.0,0.0,12,8,2,1,11,0,1,0
171820,2745,1.0,4.0,0.0,8,3,3,1,7,0,1,0
172044,1049,0.0,6.0,1.0,6,1,1,3,4,0,1,1
172074,1393,0.0,0.0,0.0,3,2,2,1,2,0,1,0
172496,4850,1.0,6.0,0.0,17,15,9,2,12,0,1,4
172515,742,0.0,0.0,0.0,4,1,1,1,3,0,1,0
17254,748,0.0,2.0,0.0,5,1,1,1,4,0,1,0
172611,4540,0.0,0.0,2.0,1,1,1,1,0,0,1,0
172772,4044,0.0,2.0,0.0,10,5,1,3,4,0,3,3
172962,1708,0.0,4.0,0.0,1,1,1,1,0,0,1,0
173261,4049,0.0,3.0,1.0,6,2,2,2,5,0,1,0
174266,4976,0.0,0.0,0.0,1,1,1,1,0,0,1,0
17440,4731,0.0,0.0,0.0,1,1,1,1,0,0,1,0
174478,3828,1.0,0.0,0.0,186,100,19,31,160,0,3,23
174915,2193,0.0,0.0,0.0,2,2,2,1,0,0,2,0
175331,2935,0.0,3.0,0.0,8,3,1,1,7,0,1,0
175418,4525,0.0,2.0,0.0,4,3,1,2,0,0,2,2
175446,2639,1.0,0.0,0.0,76,48,13,3,74,0,2,0
175631,1134,0.0,0.0,0.0,1,1,1,1,0,0,1,0
175692,2031,0.0,3.0,1.0,17,3,1,3,16,0,1,0
1758,3898,0.0,4.0,0.0,1,1,1,1,0,0,1,0
175845,2928,0.0,4.0,0.0,11,4,2,1,9,0,2,0
175952,598,0.0,3.0,0.0,2,1,1,2,0,0,1,1
176283,3609,0.0,0.0,0.0,9,4,1,2,8,0,1,0
177462,3288,0.0,2.0,0.0,1,1,1,1,0,0,1,0
177483,2668,0.0,0.0,0.0,9,4,2,1,6,0,3,0
177608,2318,0.0,0.0,0.0,16,4,2,1,14,0,2,0
178403,3578,0.0,6.0,0.0,2,2,2,2,1,0,1,0
178461,4558,0.0,0.0,null,3,1,1,2,1,0,2,0
179102,2273,0.0,3.0,0.0,3,1,1,1,2,0,1,0
179179,2796,0.0,5.0,0.0,1,1,1,1,0,0,1,0
179470,3971,0.0,0.0,null,19,5,2,2,18,0,1,0
17976,1615,0.0,0.0,0.0,1,1,1,1,0,0,1,0
179812,1447,0.0,5.0,1.0,5,2,1,1,4,0,1,0
180295,3536,0.0,5.0,1.0,4,2,1,1,3,0,1,0
180841,1978,0.0,2.0,1.0,11,1,1,4,9,0,1,1
181155,4760,0.0,0.0,1.0,16,2,1,2,15,0,1,0
181343,3623,0.0,0.0,0.0,4,1,1,3,3,0,1,0
181431,4336,0.0,4.0,0.0,11,3,1,2,10,0,1,0
181606,4270,0.0,5.0,0.0,5,1,1,1,4,0,1,0
181666,1437,0.0,5.0,1.0,12,5,1,3,11,0,1,0
181898,1592,0.0,0.0,0.0,4,1,1,1,3,0,1,0
182137,3938,0.0,0.0,0.0,2,1,1,2,1,0,1,0
182171,2981,0.0,0.0,0.0,14,7,3,2,13,0,1,0
18234,322,0.0,7.0,0.0,7,2,1,3,5,0,1,1
182445,3851,0.0,3.0,1.0,5,3,2,2,0,0,3,2
182779,3173,0.0,3.0,1.0,10,3,1,2,9,0,1,0
182791,472,0.0,5.0,0.0,4,1,1,1,3,0,1,0
183036,1357,0.0,3.0,0.0,16,12,7,2,13,0,3,0
183140,3763,0.0,3.0,0.0,12,2,1,2,10,0,2,0
183684,951,0.0,2.0,0.0,6,1,1,2,5,0,1,0
183990,1423,0.0,0.0,0.0,3,1,1,1,1,0,2,0
184059,4756,0.0,7.0,0.0,7,2,1,1,6,0,1,0
184244,4765,0.0,6.0,0.0,8,1,1,2,7,0,1,0
184392,4322,0.0,2.0,0.0,3,1,1,1,2,0,1,0
184662,2313,0.0,0.0,0.0,8,3,2,1,7,0,1,0
186276,4115,0.0,6.0,0.0,4,1,1,1,3,0,1,0
186338,897,0.0,4.0,0.0,5,4,4,2,1,0,4,0
186387,1276,0.0,0.0,1.0,17,3,1,3,16,0,1,0
186709,2879,0.0,0.0,0.0,2,1,1,1,1,0,1,0
186804,4760,0.0,3.0,0.0,3,2,2,2,2,0,1,0
186896,4282,0.0,3.0,0.0,45,20,9,1,44,0,1,0
187,742,0.0,0.0,0.0,10,5,4,1,9,0,1,0
187021,2051,0.0,3.0,0.0,1,1,1,1,0,0,1,0
187166,643,0.0,2.0,1.0,46,19,8,7,43,0,1,2
187241,2448,0.0,6.0,0.0,6,1,1,3,4,0,1,1
187267,4171,0.0,0.0,1.0,5,1,1,1,2,0,3,0
187561,4173,0.0,5.0,0.0,276,39,8,8,274,1,1,0
187561,4394,1.0,5.0,0.0,27,9,2,5,25,0,1,1
188084,2901,0.0,4.0,0.0,22,3,2,2,20,0,1,1
188366,2644,0.0,3.0,0.0,1,1,1,1,0,0,1,0
188551,3578,0.0,5.0,0.0,7,1,1,2,6,0,1,0
188647,1927,0.0,3.0,1.0,1,1,1,1,0,0,1,0
188720,1679,0.0,4.0,0.0,24,18,4,3,16,0,1,7
188759,1000,0.0,3.0,0.0,7,1,1,3,6,0,1,0
188844,1639,0.0,6.0,0.0,2,1,1,1,1,0,1,0
18890,2122,0.0,0.0,0.0,3,1,1,1,2,0,1,0
189,2158,0.0,3.0,2.0,5,1,1,1,4,0,1,0
189080,133,0.0,2.0,1.0,9,1,1,1,8,0,1,0
189426,747,0.0,5.0,1.0,4,1,1,1,3,0,1,0
189786,2791,0.0,3.0,0.0,4,1,1,1,3,0,1,0
190215,3965,0.0,6.0,0.0,16,5,1,1,15,0,1,0
190289,685,0.0,5.0,1.0,4,2,1,2,3,0,1,0
191406,4577,0.0,4.0,0.0,2,2,2,1,0,0,2,0
191417,1821,0.0,2.0,1.0,2,1,1,2,0,0,1,1
191893,4181,0.0,0.0,0.0,3,1,1,1,2,0,1,0
192681,4173,0.0,0.0,0.0,5,1,1,1,4,0,1,0
19288,1890,0.0,3.0,0.0,2,1,1,1,1,0,1,0
192906,4950,1.0,4.0,0.0,18,10,8,3,17,0,1,0
193407,3022,0.0,4.0,1.0,2,1,1,1,1,0,1,0
193604,4468,0.0,3.0,1.0,1,1,1,1,0,0,1,0
193719,4079,0.0,4.0,1.0,7,5,2,1,5,0,2,0
193878,3968,0.0,3.0,0.0,1,1,1,1,0,0,1,0
194200,4787,0.0,3.0,0.0,4,2,1,2,3,0,1,0
194546,3826,0.0,4.0,1.0,4,1,1,2,3,0,1,0
194665,3536,0.0,5.0,0.0,12,4,2,2,10,0,2,0
194787,2789,0.0,3.0,0.0,8,3,2,1,6,0,2,0
19493,1102,1.0,3.0,0.0,28,20,7,3,27,0,1,0
195069,1346,0.0,4.0,1.0,1,1,1,1,0,0,1,0
195507,598,0.0,0.0,0.0,4,1,1,1,3,0,1,0
195510,1031,0.0,0.0,0.0,10,4,1,2,9,0,1,0
195730,416,0.0,3.0,0.0,20,11,4,1,16,0,2,2
195757,4044,0.0,6.0,1.0,5,2,2,2,3,0,2,0
195807,4157,0.0,4.0,2.0,2,1,1,1,1,0,1,0
196456,685,0.0,4.0,0.0,4,2,1,1,3,0,1,0
196701,738,0.0,0.0,0.0,7,3,2,2,6,0,1,0
196948,1661,0.0,2.0,1.0,3,1,1,1,2,0,1,0
196983,606,0.0,2.0,0.0,14,11,2,2,13,0,1,0
197173,1500,0.0,4.0,1.0,1,1,1,1,0,0,1,0
19766,219,0.0,3.0,0.0,3,1,1,1,1,0,2,0
197699,4079,0.0,5.0,0.0,3,1,1,1,2,0,1,0
198342,1754,0.0,0.0,0.0,10,5,5,1,9,0,1,0
198847,812,0.0,0.0,0.0,1,1,1,1,0,0,1,0
198854,4427,0.0,4.0,2.0,2,1,1,1,1,0,1,0
199042,2608,0.0,3.0,1.0,14,7,1,2,13,0,1,0
199133,625,0.0,3.0,1.0,11,2,1,2,8,0,3,0
199267,793,0.0,3.0,1.0,4,1,1,1,3,0,1,0
199496,3152,1.0,0.0,0.0,9,6,3,4,8,0,1,0
199823,2562,0.0,3.0,0.0,3,1,1,1,2,0,1,0
20038,2954,0.0,4.0,0.0,9,2,1,3,7,0,1,1
20043,503,1.0,4.0,0.0,3,1,1,1,2,0,1,0
201241,121,0.0,4.0,0.0,28,20,8,2,27,0,1,0
201383,4876,0.0,5.0,1.0,2,1,1,1,1,0,1,0
201606,474,0.0,4.0,0.0,2,1,1,1,1,0,1,0
201815,3195,0.0,3.0,1.0,3,1,1,1,2,0,1,0
20186,2928,0.0,5.0,1.0,11,2,1,2,10,0,1,0
201945,4787,0.0,3.0,0.0,2,1,1,1,0,0,2,0
20233,437,0.0,3.0,0.0,6,1,1,3,4,0,1,1
202438,537,0.0,3.0,0.0,3,1,1,1,2,0,1,0
202757,374,0.0,3.0,1.0,2,1,1,1,1,0,1,0
203250,1200,0.0,0.0,1.0,6,1,1,2,5,0,1,0
203301,1840,0.0,5.0,0.0,16,4,1,3,13,0,3,0
20334,608,0.0,4.0,0.0,10,1,1,1,8,0,1,1
204093,323,0.0,0.0,1.0,25,7,1,1,23,0,2,0
204201,1102,1.0,3.0,0.0,73,9,3,6,71,0,2,0
204307,2787,0.0,4.0,0.0,6,4,2,1,4,0,2,0
204657,2639,0.0,4.0,0.0,6,2,2,1,5,0,1,0
204963,2070,0.0,6.0,0.0,6,2,1,1,5,0,1,0
205093,4601,0.0,3.0,0.0,5,1,1,1,4,0,1,0
205263,1102,0.0,3.0,0.0,9,2,1,1,8,0,1,0
205685,424,0.0,3.0,2.0,5,2,1,1,2,0,3,0
205829,4249,0.0,2.0,0.0,7,2,1,1,6,0,1,0
205850,2795,1.0,0.0,0.0,23,11,10,4,19,0,4,0
206374,2537,0.0,2.0,0.0,3,2,2,1,0,0,1,2
20651,2654,1.0,3.0,0.0,37,24,3,6,30,0,3,4
20672,4322,0.0,3.0,1.0,2,1,1,1,1,0,1,0
207085,630,0.0,3.0,0.0,24,12,7,8,12,0,2,10
207354,4829,0.0,4.0,0.0,7,3,1,2,6,0,1,0
207469,1272,0.0,0.0,0.0,20,12,5,2,17,0,1,2
207683,3524,0.0,3.0,0.0,17,4,1,2,16,0,1,0
207751,542,0.0,7.0,0.0,10,1,1,3,8,0,2,0
207896,4325,0.0,2.0,0.0,2,1,1,1,1,0,1,0
208336,4044,0.0,2.0,0.0,55,17,9,2,53,0,1,1
208698,4044,0.0,3.0,0.0,20,9,4,1,18,0,1,1
208719,4992,0.0,4.0,1.0,2,1,1,1,0,0,2,0
209039,2170,0.0,3.0,0.0,2,1,1,1,1,0,1,0
209969,1467,0.0,2.0,0.0,9,1,1,4,8,0,1,0
210346,951,0.0,3.0,0.0,13,4,2,1,10,0,2,1
210392,3925,0.0,4.0,0.0,11,6,3,3,8,0,1,2
211557,1031,0.0,0.0,0.0,1,1,1,1,0,0,1,0
212426,3460,0.0,3.0,1.0,3,2,1,2,2,0,1,0
21255,1487,0.0,0.0,1.0,20,9,1,2,16,0,1,3
212951,4270,0.0,0.0,0.0,3,1,1,1,2,0,1,0
213094,1283,0.0,2.0,0.0,4,2,2,1,3,0,1,0
213276,1721,0.0,0.0,0.0,44,13,5,16,38,0,1,5
213502,2699,0.0,4.0,0.0,8,1,1,1,5,0,3,0
21402,4173,0.0,4.0,0.0,13,4,1,2,10,0,1,2
214164,926,0.0,2.0,0.0,23,2,1,1,22,0,1,0
214377,2397,0.0,6.0,0.0,4,1,1,2,3,0,1,0
214404,4196,0.0,6.0,1.0,22,3,2,4,21,0,1,0
214566,2869,0.0,4.0,1.0,5,2,1,1,4,0,1,0
215580,689,0.0,3.0,0.0,4,1,1,1,3,0,1,0
215970,4724,0.0,0.0,0.0,11,3,1,4,10,0,1,0
216462,4079,0.0,5.0,1.0,2,1,1,1,0,0,2,0
216546,1999,0.0,0.0,0.0,3,1,1,2,1,0,1,1
216574,3460,1.0,3.0,0.0,10,1,1,1,8,0,2,0
216728,794,0.0,4.0,1.0,2,2,1,1,1,0,1,0
216806,2313,0.0,3.0,0.0,8,3,2,1,7,0,1,0
216861,259,0.0,2.0,1.0,4,1,1,2,3,0,1,0
217657,145,0.0,4.0,2.0,5,2,1,1,4,0,1,0
2180,2981,0.0,0.0,0.0,3,1,1,1,2,0,1,0
218112,3835,0.0,4.0,0.0,20,15,5,2,19,0,1,0
218125,2470,0.0,0.0,0.0,3,1,1,2,2,0,1,0
218235,963,0.0,6.0,1.0,4,2,1,1,3,0,1,0
218568,3862,0.0,0.0,0.0,3,1,1,1,2,0,1,0
218621,2008,1.0,7.0,0.0,1,1,1,1,0,0,1,0
218635,648,0.0,7.0,1.0,2,1,1,1,1,0,1,0
218852,361,0.0,3.0,0.0,1,1,1,1,0,0,1,0
218945,3286,1.0,2.0,1.0,8,1,1,1,7,0,1,0
218999,4976,0.0,4.0,1.0,2,1,1,1,1,0,1,0
219234,2273,0.0,7.0,0.0,10,3,1,2,8,0,1,1
219458,2664,0.0,5.0,1.0,3,1,1,1,1,0,2,0
219600,2497,1.0,6.0,1.0,28,14,4,2,25,0,3,0
219764,4352,0.0,0.0,0.0,7,2,1,5,5,0,1,1
219852,1659,0.0,0.0,0.0,5,1,1,2,4,0,1,0
219913,102,0.0,4.0,1.0,29,3,1,2,28,0,1,0
220153,3766,0.0,0.0,0.0,7,2,2,1,6,0,1,0
220231,3828,0.0,5.0,0.0,9,6,2,1,8,0,1,0
22058,3350,0.0,3.0,0.0,5,1,1,1,4,0,1,0
220785,3460,0.0,0.0,null,1,1,1,1,0,0,1,0
220906,2928,0.0,4.0,0.0,8,5,4,1,7,0,1,0
221112,2928,0.0,3.0,1.0,5,2,2,1,3,0,2,0
221537,4760,0.0,3.0,0.0,3,2,2,1,2,0,1,0
221792,4926,0.0,3.0,0.0,8,3,3,2,7,0,1,0
222166,2144,0.0,4.0,0.0,7,1,1,2,5,0,1,1
2222,3938,0.0,5.0,0.0,1,1,1,1,0,0,1,0
222416,2698,0.0,3.0,0.0,3,1,1,2,2,0,1,0
222865,121,0.0,6.0,0.0,6,1,1,2,4,0,1,1
223475,4150,0.0,3.0,0.0,8,2,2,2,7,0,1,0
22359,2803,0.0,3.0,1.0,2,1,1,1,1,0,1,0
223629,2303,0.0,3.0,0.0,4,2,1,1,3,0,1,0
223727,3623,0.0,2.0,0.0,3,2,1,2,2,0,1,0
224332,3428,0.0,3.0,0.0,1,1,1,1,0,0,1,0
224504,1760,0.0,6.0,0.0,3,1,1,1,2,0,1,0
224647,1102,0.0,4.0,0.0,5,3,2,3,3,0,1,1
226245,3445,0.0,4.0,0.0,3,2,1,1,2,0,1,0
227012,326,0.0,0.0,1.0,5,1,1,1,4,0,1,0
227550,4950,0.0,4.0,0.0,1,1,1,1,0,0,1,0
228016,474,0.0,3.0,0.0,1,1,1,1,0,0,1,0
228047,1983,0.0,3.0,0.0,9,1,1,2,7,1,1,0
228149,2928,0.0,0.0,0.0,19,9,1,3,18,0,1,0
228169,2569,0.0,3.0,0.0,4,1,1,1,3,0,1,0
228250,191,0.0,2.0,0.0,25,8,4,1,20,0,1,4
228483,2217,0.0,4.0,0.0,2,1,1,1,1,0,1,0
228733,4958,0.0,3.0,0.0,6,2,1,1,5,0,1,0
228916,1667,0.0,5.0,0.0,14,9,3,3,13,0,1,0
228987,4733,0.0,0.0,0.0,2,1,1,1,1,0,1,0
229637,1008,0.0,4.0,1.0,12,1,1,2,11,0,1,0
229678,187,0.0,0.0,0.0,3,1,1,1,2,0,1,0
230495,236,0.0,4.0,1.0,6,1,1,1,5,0,1,0
230548,3734,0.0,6.0,0.0,41,15,6,1,37,0,4,0
23084,4287,0.0,3.0,1.0,1,1,1,1,0,0,1,0
230880,3588,0.0,5.0,0.0,2,1,1,1,1,0,1,0
231031,3015,0.0,0.0,1.0,4,1,1,2,3,0,1,0
231086,2031,0.0,4.0,1.0,6,1,1,1,5,0,1,0
231222,4099,0.0,5.0,0.0,6,2,2,2,5,0,1,0
231405,4394,0.0,5.0,1.0,17,3,1,1,14,0,3,0
231598,3965,0.0,2.0,0.0,3,2,1,1,2,0,1,0
231744,4071,0.0,4.0,2.0,2,1,1,1,1,0,1,0
232211,1102,0.0,3.0,0.0,1,1,1,1,0,0,1,0
232577,3968,0.0,3.0,0.0,4,1,1,1,3,0,1,0
232842,2465,0.0,7.0,1.0,5,4,1,1,4,0,1,0
233157,3828,0.0,2.0,0.0,89,40,12,13,78,0,1,10
233186,3471,0.0,4.0,0.0,3,1,1,1,2,0,1,0
23331,1963,0.0,4.0,1.0,16,6,2,5,14,0,1,1
233528,3266,0.0,3.0,0.0,4,1,1,2,3,0,1,0
234055,4727,0.0,3.0,0.0,3,1,1,2,2,0,1,0
234106,4173,0.0,4.0,0.0,4,4,3,2,0,0,1,3
234148,2767,0.0,0.0,0.0,18,6,5,4,16,0,1,1
234254,2721,0.0,0.0,0.0,5,1,1,3,4,0,1,0
234366,4818,1.0,2.0,0.0,9,2,2,1,7,0,2,0
234515,3941,0.0,4.0,1.0,46,9,5,5,40,0,2,4
234872,3734,0.0,2.0,1.0,2,1,1,1,1,0,1,0
235140,1427,0.0,0.0,0.0,5,3,3,1,4,0,1,0
235170,4143,0.0,4.0,1.0,9,1,1,2,7,0,1,1
235472,2134,0.0,3.0,1.0,12,1,1,1,11,0,1,0
235553,3432,0.0,2.0,0.0,11,3,3,1,9,0,2,0
236463,663,0.0,3.0,1.0,42,15,4,2,39,0,2,1
236629,3022,0.0,2.0,1.0,1,1,1,1,0,0,1,0
236770,219,0.0,5.0,0.0,6,3,1,1,4,0,2,0
23755,1102,0.0,4.0,1.0,18,13,7,2,17,0,1,0
237723,643,0.0,4.0,0.0,12,3,1,3,10,0,2,0
238052,647,0.0,2.0,0.0,6,1,1,1,5,0,1,0
238289,3420,1.0,0.0,0.0,23,6,4,2,15,0,5,3
23851,4048,0.0,0.0,0.0,15,3,1,2,14,0,1,0
238540,1677,0.0,4.0,0.0,5,1,1,2,4,0,1,0
238977,2711,0.0,6.0,0.0,7,2,1,2,6,0,1,0
239099,2031,0.0,4.0,0.0,7,2,1,1,5,0,2,0
239642,474,0.0,4.0,0.0,1,1,1,1,0,0,1,0
23995,2217,0.0,4.0,1.0,5,2,1,1,3,0,2,0
239966,10,0.0,2.0,1.0,7,1,1,1,6,0,1,0
240322,2403,0.0,2.0,0.0,2,2,1,1,0,0,2,0
241109,3971,0.0,2.0,0.0,6,1,1,1,5,0,1,0
241575,4871,0.0,6.0,0.0,7,1,1,2,6,0,1,0
241927,215,0.0,3.0,1.0,3,1,1,1,2,0,1,0
242286,3819,0.0,3.0,1.0,18,3,3,3,15,0,3,0
243069,1352,0.0,2.0,0.0,7,3,2,1,5,0,2,0
24314,4976,0.0,0.0,0.0,39,19,5,1,33,0,6,0
2445,3693,0.0,3.0,0.0,5,1,1,1,4,0,1,0
244897,2140,0.0,3.0,1.0,4,2,1,1,3,0,1,0
24495,1892,0.0,4.0,0.0,2,2,1,1,0,0,2,0
246113,3472,0.0,5.0,1.0,2,1,1,1,1,0,1,0
246200,2794,0.0,4.0,0.0,3,2,1,2,2,0,1,0
246611,760,0.0,4.0,0.0,2,1,1,1,1,0,1,0
247399,4491,0.0,4.0,0.0,5,1,1,1,2,0,3,0
248211,219,0.0,3.0,0.0,5,2,2,1,3,0,2,0
248740,963,0.0,4.0,1.0,10,2,1,2,9,0,1,0
249210,66,0.0,4.0,0.0,2,1,1,1,1,0,1,0
249317,4258,0.0,7.0,0.0,2,1,1,1,1,0,1,0
24950,1816,0.0,4.0,1.0,6,1,1,1,5,0,1,0
249610,4009,0.0,6.0,1.0,15,4,1,3,13,0,2,0
250368,4848,0.0,4.0,1.0,1,1,1,1,0,0,1,0
25040,4388,0.0,6.0,0.0,3,1,1,1,2,0,1,0
25052,2928,0.0,5.0,1.0,7,3,3,2,5,0,2,0
250673,798,0.0,5.0,1.0,15,10,10,1,8,0,7,0
250882,4756,0.0,0.0,0.0,22,2,2,2,21,0,1,0
251010,3982,0.0,0.0,2.0,3,2,1,1,2,0,1,0
251108,3022,0.0,0.0,1.0,21,10,5,3,18,0,1,2
251627,3266,0.0,3.0,0.0,3,1,1,1,2,0,1,0
251683,3828,0.0,3.0,0.0,10,2,1,3,8,0,1,1
25182,3822,0.0,0.0,0.0,3,1,1,1,2,0,1,0
251996,1056,0.0,3.0,0.0,5,4,4,3,3,0,2,0
252540,1661,0.0,4.0,0.0,4,1,1,1,3,0,1,0
252760,1679,0.0,5.0,1.0,7,3,1,1,6,0,1,0
253109,3693,0.0,4.0,1.0,10,8,2,1,9,0,1,0
253112,1808,0.0,5.0,0.0,7,4,1,1,6,0,1,0
253141,3727,0.0,0.0,0.0,34,14,1,4,24,0,1,9
253416,652,0.0,3.0,0.0,12,2,1,3,11,0,1,0
253421,4708,0.0,4.0,0.0,4,3,2,2,3,0,1,0
253838,4287,0.0,0.0,0.0,27,9,6,6,23,0,1,3
254158,2403,0.0,2.0,0.0,83,36,2,9,81,0,2,0
254641,314,0.0,0.0,0.0,8,4,1,2,7,0,1,0
254725,412,0.0,5.0,0.0,6,2,1,1,5,0,1,0
255169,4485,0.0,3.0,1.0,5,1,1,1,3,0,1,1
255483,145,0.0,0.0,0.0,10,3,1,4,9,0,1,0
256415,1878,0.0,3.0,0.0,19,5,3,2,14,0,3,2
256669,2505,0.0,2.0,1.0,1,1,1,1,0,0,1,0
25782,4577,0.0,2.0,1.0,2,1,1,1,1,0,1,0
258405,946,0.0,3.0,0.0,9,3,2,3,7,0,2,0
258993,1650,0.0,4.0,0.0,5,1,1,3,4,0,1,0
259073,3477,0.0,3.0,0.0,1,1,1,1,0,0,1,0
259107,3173,0.0,6.0,1.0,3,1,1,1,2,0,1,0
259310,4871,0.0,3.0,1.0,6,2,2,2,5,0,1,0
260417,3085,0.0,4.0,1.0,12,6,3,2,10,0,1,1
260703,3159,0.0,3.0,0.0,4,2,1,2,3,0,1,0
260827,4976,0.0,4.0,2.0,3,2,2,1,2,0,1,0
261847,793,1.0,0.0,0.0,32,17,7,5,31,0,1,0
26211,4705,0.0,3.0,0.0,1,1,1,1,0,0,1,0
262316,685,0.0,4.0,1.0,11,4,1,3,10,0,1,0
26242,1250,0.0,5.0,0.0,2,1,1,1,1,0,1,0
263013,1291,0.0,0.0,0.0,7,4,3,1,6,0,1,0
263154,3472,0.0,2.0,1.0,1,1,1,1,0,0,1,0
263685,2928,0.0,0.0,1.0,43,29,4,1,41,0,2,0
264260,479,0.0,4.0,0.0,3,1,1,1,2,0,1,0
264621,63,0.0,4.0,0.0,3,1,1,1,2,0,1,0
264716,4287,1.0,3.0,0.0,2,1,1,1,1,0,1,0
264957,1840,0.0,5.0,0.0,6,2,1,1,5,0,1,0
264957,2684,0.0,5.0,0.0,26,2,1,1,24,0,1,1
265125,4444,0.0,4.0,1.0,6,2,2,2,4,0,2,0
265154,3477,0.0,4.0,0.0,5,4,1,1,4,0,1,0
265464,1355,0.0,4.0,0.0,7,1,1,2,5,0,1,1
266329,4079,0.0,0.0,1.0,8,1,1,2,6,0,2,0
266341,2397,0.0,3.0,0.0,5,3,3,1,4,0,1,0
266853,1039,0.0,2.0,1.0,7,1,1,1,6,0,1,0
267684,4760,0.0,2.0,1.0,7,2,1,2,6,0,1,0
268085,1892,0.0,4.0,1.0,15,11,4,3,14,0,1,0
268537,2537,0.0,5.0,0.0,4,4,2,1,2,0,2,0
269089,4405,0.0,2.0,1.0,1,1,1,1,0,0,1,0
269228,3152,0.0,4.0,1.0,7,3,1,1,6,0,1,0
269351,4730,0.0,2.0,0.0,9,1,1,2,8,0,1,0
269850,2047,0.0,0.0,0.0,4,1,1,1,3,0,1,0
270122,423,0.0,5.0,0.0,4,1,1,1,3,0,1,0
270354,4044,0.0,0.0,0.0,28,16,7,3,21,0,4,3
270361,4847,0.0,3.0,0.0,281,93,16,10,277,0,4,0
27053,1346,1.0,3.0,0.0,10,4,1,3,9,0,1,0
270672,4525,0.0,4.0,0.0,4,4,3,1,2,0,2,0
270779,1356,0.0,4.0,0.0,4,1,1,4,3,0,1,0
271046,1187,0.0,3.0,0.0,1,1,1,1,0,0,1,0
271462,474,0.0,3.0,0.0,6,1,1,2,5,0,1,0
271922,2403,0.0,3.0,0.0,145,67,3,7,139,0,6,0
271968,1117,0.0,3.0,0.0,11,4,3,2,8,0,1,2
272186,1890,0.0,3.0,0.0,1,1,1,1,0,0,1,0
272194,798,0.0,3.0,0.0,7,4,3,2,4,0,1,2
272446,1501,0.0,0.0,0.0,4,2,1,1,3,0,1,0
272676,3828,0.0,6.0,0.0,5,3,3,2,4,0,1,0
272876,4775,0.0,6.0,0.0,5,1,1,3,4,0,1,0
27338,598,0.0,0.0,0.0,5,2,2,1,4,0,1,0
273697,786,0.0,4.0,0.0,1,1,1,1,0,0,1,0
274073,3041,0.0,6.0,0.0,8,4,2,1,7,0,1,0
274252,682,0.0,6.0,0.0,16,13,3,1,15,0,1,0
274359,941,0.0,0.0,1.0,4,3,2,1,3,0,1,0
275268,2537,0.0,5.0,0.0,31,9,6,6,28,0,3,0
275617,2273,0.0,6.0,0.0,3,1,1,1,2,0,1,0
276021,4335,0.0,3.0,0.0,5,2,1,1,4,0,1,0
276328,4765,0.0,0.0,0.0,4,1,1,1,3,0,1,0
276596,2954,0.0,4.0,1.0,8,2,1,2,7,0,1,0
27669,321,0.0,2.0,0.0,29,11,1,2,27,0,1,1
276742,2279,0.0,2.0,0.0,5,1,1,2,4,0,1,0
276840,2790,0.0,5.0,0.0,4,1,1,4,3,0,1,0
277339,1342,1.0,3.0,0.0,26,13,3,5,25,0,1,0
277619,71,0.0,0.0,1.0,2,1,1,2,1,0,1,0
277713,2403,0.0,0.0,0.0,6,4,1,1,5,0,1,0
278588,3473,0.0,3.0,0.0,4,1,1,3,2,0,1,1
278978,4040,0.0,0.0,1.0,7,4,2,1,5,0,2,0
279321,2014,0.0,3.0,0.0,56,23,3,3,54,0,2,0
280636,4536,0.0,2.0,0.0,2,1,1,1,0,0,1,1
280691,2872,0.0,4.0,0.0,3,2,2,2,2,0,1,0
280930,293,0.0,3.0,0.0,3,2,1,1,2,0,1,0
28112,3432,0.0,6.0,0.0,3,1,1,2,2,0,1,0
281540,222,0.0,3.0,0.0,7,1,1,1,6,0,1,0
28180,3955,0.0,3.0,0.0,1,1,1,1,0,0,1,0
28189,1679,0.0,4.0,1.0,4,2,2,1,3,0,1,0
28264,1536,0.0,2.0,0.0,7,3,2,2,4,0,2,1
282660,4322,0.0,7.0,0.0,10,5,1,3,7,2,1,0
282684,962,1.0,2.0,0.0,2,2,2,2,1,0,1,0
283728,3701,1.0,5.0,0.0,8,3,2,1,6,0,2,0
283942,3609,0.0,6.0,0.0,6,1,1,1,5,0,1,0
284474,1133,0.0,3.0,0.0,12,5,3,1,9,0,2,1
284516,608,1.0,0.0,0.0,13,9,4,2,12,0,1,0
284753,1102,0.0,5.0,1.0,25,15,6,5,24,0,1,0
285108,798,0.0,4.0,0.0,2,1,1,1,1,0,1,0
285607,1704,0.0,0.0,0.0,22,7,2,2,17,1,4,0
285770,3955,0.0,0.0,1.0,7,1,1,1,6,0,1,0
286238,3665,0.0,0.0,1.0,2,1,1,1,1,0,1,0
287133,1754,0.0,3.0,0.0,178,75,10,4,174,0,4,0
287213,1357,0.0,4.0,1.0,22,14,9,3,18,0,2,2
287290,2026,0.0,6.0,0.0,11,5,3,1,10,0,1,0
28794,239,0.0,3.0,0.0,10,3,1,1,9,0,1,0
288207,1193,0.0,2.0,1.0,9,2,2,1,8,0,1,0
288302,3826,0.0,2.0,0.0,7,1,1,1,5,0,1,1
288504,3432,0.0,6.0,0.0,87,47,7,2,85,0,2,0
288619,804,0.0,3.0,0.0,2,1,1,1,1,0,1,0
288818,606,0.0,3.0,0.0,3,1,1,1,2,0,1,0
289018,4760,0.0,3.0,1.0,3,1,1,1,2,0,1,0
289088,2916,0.0,3.0,1.0,2,1,1,1,1,0,1,0
289829,1272,0.0,6.0,2.0,22,16,7,8,21,0,1,0
289908,1031,0.0,0.0,0.0,4,2,1,2,3,0,1,0
290030,3396,0.0,0.0,0.0,55,8,1,4,52,0,3,0
290080,523,0.0,4.0,0.0,17,2,1,3,16,0,1,0
290365,4919,0.0,0.0,0.0,4,3,2,2,3,0,1,0
2904,152,0.0,4.0,0.0,11,5,2,2,9,0,2,0
290469,2988,0.0,2.0,0.0,7,2,2,1,6,0,1,0
290652,1742,0.0,3.0,0.0,7,1,1,1,4,0,2,1
291749,747,0.0,5.0,1.0,2,1,1,1,1,0,1,0
291837,3936,0.0,3.0,0.0,5,1,1,2,4,0,1,0
29187,3685,0.0,2.0,1.0,5,2,1,1,4,0,1,0
291976,2020,0.0,4.0,2.0,7,1,1,1,5,0,2,0
292066,1574,0.0,0.0,0.0,1,1,1,1,0,0,1,0
292223,361,0.0,3.0,0.0,2,1,1,1,1,0,1,0
292712,1892,0.0,4.0,2.0,3,1,1,2,2,0,1,0
293145,1816,1.0,4.0,1.0,48,21,2,3,45,0,3,0
293238,3828,0.0,5.0,0.0,2,1,1,2,1,0,1,0
293886,2007,0.0,0.0,0.0,5,1,1,2,4,0,1,0
294845,4871,0.0,0.0,0.0,5,2,1,1,4,0,1,0
29492,2149,0.0,4.0,0.0,17,1,1,2,16,0,1,0
29508,2482,0.0,3.0,0.0,1,1,1,1,0,0,1,0
29556,1861,1.0,4.0,1.0,1,1,1,1,0,0,1,0
29614,4614,0.0,4.0,0.0,8,3,2,2,6,0,2,0
296540,742,0.0,3.0,1.0,4,3,2,1,3,0,1,0
296720,4073,0.0,3.0,0.0,2,1,1,2,1,0,1,0
296889,2447,0.0,4.0,0.0,10,1,1,2,9,0,1,0
296891,647,0.0,7.0,0.0,7,1,1,2,5,0,1,1
296984,4504,0.0,0.0,0.0,5,2,1,1,4,0,1,0
297105,3473,0.0,4.0,0.0,4,2,1,1,3,0,1,0
297165,1738,0.0,0.0,0.0,20,10,6,4,19,0,1,0
297202,4662,0.0,3.0,null,6,2,2,1,5,0,1,0
297353,3844,0.0,4.0,0.0,14,5,4,1,12,0,2,0
297656,606,0.0,3.0,0.0,33,14,5,4,30,0,1,2
29779,3350,0.0,5.0,0.0,2,1,1,1,1,0,1,0
297885,3086,0.0,3.0,1.0,3,1,1,1,2,0,1,0
297895,2583,0.0,3.0,0.0,2,1,1,2,1,0,1,0
298500,474,0.0,0.0,0.0,97,37,22,7,70,0,8,19
298541,1318,0.0,4.0,1.0,24,9,4,3,22,0,2,0
299635,1272,0.0,0.0,0.0,12,8,1,2,10,0,1,1
300344,3742,0.0,3.0,0.0,1,1,1,1,0,0,1,0
300703,121,0.0,4.0,0.0,5,1,1,3,4,0,1,0
301122,3968,0.0,2.0,1.0,6,2,2,2,5,0,1,0
30149,4198,0.0,3.0,0.0,5,3,1,2,4,0,1,0
301641,4444,0.0,0.0,1.0,1,1,1,1,0,0,1,0
301765,3955,0.0,4.0,0.0,6,3,1,2,5,0,1,0
302047,66,0.0,5.0,0.0,4,1,1,2,2,0,1,1
302184,4388,0.0,2.0,0.0,15,5,1,1,13,0,2,0
3033,474,0.0,0.0,2.0,2,1,1,1,1,0,1,0
303640,219,0.0,5.0,0.0,17,5,2,2,15,0,2,0
304160,1512,0.0,4.0,0.0,3,2,1,2,0,0,2,1
304916,1031,0.0,3.0,0.0,1,1,1,1,0,0,1,0
305384,742,0.0,5.0,1.0,2,1,1,1,1,0,1,0
305426,4818,1.0,4.0,1.0,43,14,5,4,37,0,2,4
305740,2313,0.0,6.0,0.0,2,1,1,1,0,0,1,1
30584,3865,0.0,4.0,0.0,11,6,6,1,10,0,1,0
305887,398,0.0,3.0,1.0,2,1,1,1,1,0,1,0
306030,4282,0.0,4.0,1.0,13,6,2,1,11,0,2,0
306458,3578,1.0,5.0,0.0,8,6,3,2,6,0,2,0
306592,3179,0.0,4.0,0.0,12,3,2,2,11,0,1,0
306697,2684,0.0,0.0,0.0,30,9,6,4,27,0,2,1
306855,2954,0.0,5.0,0.0,2,1,1,1,1,0,1,0
307097,2598,0.0,3.0,0.0,3,1,1,1,2,0,1,0
30761,3685,1.0,3.0,0.0,1,1,1,1,0,0,1,0
307782,3471,0.0,0.0,0.0,3,1,1,1,2,0,1,0
307935,4427,0.0,5.0,0.0,30,15,5,3,27,0,3,0
307948,1755,0.0,2.0,0.0,3,2,2,1,2,0,1,0
309077,2138,0.0,3.0,0.0,4,1,1,1,3,0,1,0
30918,1416,0.0,3.0,1.0,2,1,1,1,1,0,1,0
309516,1679,0.0,4.0,0.0,27,7,3,4,25,0,2,0
309527,2482,1.0,3.0,0.0,10,3,2,2,8,0,1,1
309595,4048,0.0,5.0,0.0,2,1,1,1,1,0,1,0
310137,4871,1.0,0.0,0.0,1,1,1,1,0,0,1,0
310397,946,0.0,4.0,1.0,1,1,1,1,0,0,1,0
310496,4848,0.0,4.0,1.0,3,1,1,1,2,0,1,0
310596,1166,0.0,0.0,1.0,2,1,1,1,1,0,1,0
310598,951,0.0,4.0,0.0,5,4,1,1,2,0,3,0
311535,324,0.0,6.0,1.0,7,3,1,2,6,0,1,0
313204,1434,0.0,8.0,0.0,6,3,2,1,5,0,1,0
313252,4173,0.0,0.0,0.0,30,21,6,1,29,0,1,0
313449,1831,0.0,3.0,0.0,2,1,1,1,1,0,1,0
313787,4072,0.0,3.0,1.0,1,1,1,1,0,0,1,0
314151,1495,0.0,0.0,0.0,24,10,2,3,23,0,1,0
314178,1565,0.0,6.0,1.0,10,3,1,2,9,0,1,0
314722,3230,0.0,6.0,1.0,2,1,1,2,1,0,1,0
315200,4871,0.0,2.0,1.0,1,1,1,1,0,0,1,0
315422,1346,0.0,4.0,1.0,24,3,1,3,20,0,2,2
315480,1116,0.0,6.0,0.0,8,3,1,1,6,0,2,0
315488,4044,0.0,4.0,1.0,21,8,2,2,19,0,1,1
315916,4480,0.0,5.0,0.0,6,5,3,3,4,0,1,1
315953,3910,0.0,4.0,0.0,2,1,1,1,0,0,2,0
316185,4864,0.0,0.0,0.0,4,1,1,1,3,0,1,0
316518,4658,0.0,6.0,null,2,1,1,1,1,0,1,0
316571,2143,0.0,2.0,0.0,1,1,1,1,0,0,1,0
316734,1840,0.0,4.0,0.0,1,1,1,1,0,0,1,0
316969,3080,0.0,2.0,1.0,6,2,2,1,5,0,1,0
316987,3249,0.0,6.0,0.0,3,1,1,1,2,0,1,0
317290,3236,0.0,0.0,0.0,9,5,1,2,8,0,1,0
317905,2193,0.0,2.0,0.0,3,1,1,1,2,0,1,0
317998,3163,0.0,2.0,1.0,8,4,3,1,7,0,1,0
318189,897,0.0,0.0,0.0,9,4,2,2,8,0,1,0
318350,3073,0.0,4.0,0.0,1,1,1,1,0,0,1,0
319343,949,0.0,5.0,0.0,58,26,2,3,53,0,5,0
31973,2721,0.0,3.0,1.0,5,1,1,1,4,0,1,0
320492,2668,0.0,0.0,1.0,2,1,1,2,1,0,1,0
320510,2348,0.0,4.0,1.0,3,2,1,1,2,0,1,0
321093,3936,0.0,2.0,0.0,4,1,1,1,2,0,1,1
321230,41,0.0,0.0,0.0,5,1,1,1,3,0,2,0
321553,2187,0.0,0.0,0.0,4,1,1,1,3,0,1,0
321561,4140,0.0,6.0,0.0,17,14,1,5,13,0,3,1
321674,4659,0.0,5.0,0.0,5,5,3,2,4,0,1,0
321743,4850,0.0,4.0,2.0,10,8,4,1,9,0,1,0
32222,2193,0.0,3.0,1.0,10,4,2,2,8,0,2,0
322362,1594,0.0,4.0,1.0,3,1,1,2,2,0,1,0
322740,2149,0.0,7.0,0.0,7,1,1,3,6,0,1,0
323918,1102,0.0,4.0,1.0,15,11,5,3,14,0,1,0
324216,2229,0.0,3.0,0.0,6,2,2,1,5,0,1,0
324541,3990,0.0,5.0,1.0,5,2,1,1,4,0,1,0
324663,3230,0.0,2.0,0.0,13,6,3,3,5,0,1,7
324776,3786,0.0,2.0,0.0,14,6,1,3,13,0,1,0
325089,4760,0.0,3.0,0.0,1,1,1,1,0,0,1,0
32530,1495,0.0,3.0,0.0,15,8,2,3,14,0,1,0
325377,574,0.0,5.0,1.0,3,1,1,1,2,0,1,0
325659,1628,0.0,6.0,0.0,21,7,2,3,20,0,1,0
326059,3734,0.0,3.0,1.0,1,1,1,1,0,0,1,0
326186,603,0.0,3.0,0.0,4,1,1,2,2,0,2,0
326244,4760,0.0,0.0,0.0,3,1,1,1,2,0,1,0
326365,1213,0.0,5.0,0.0,8,2,1,1,7,0,1,0
326791,4850,0.0,5.0,0.0,82,2,2,1,79,0,3,0
327058,4826,0.0,2.0,1.0,18,9,4,1,17,0,1,0
327444,1470,0.0,7.0,0.0,3,1,1,1,2,0,1,0
327446,3968,0.0,6.0,0.0,2,1,1,1,1,0,1,0
327637,3826,0.0,6.0,0.0,7,1,1,2,6,0,1,0
327657,4955,0.0,0.0,0.0,4,2,1,1,3,0,1,0
327919,4760,0.0,3.0,0.0,24,9,3,3,21,0,2,1
327923,4414,0.0,4.0,0.0,4,1,1,2,3,0,1,0
32798,222,0.0,5.0,1.0,1,1,1,1,0,0,1,0
328065,3984,0.0,5.0,0.0,12,7,3,1,11,0,1,0
328097,1332,0.0,3.0,0.0,7,2,1,2,6,0,1,0
328466,2000,0.0,6.0,0.0,8,3,1,3,6,0,1,1
328502,1861,0.0,2.0,0.0,2,1,1,1,1,0,1,0
328582,3284,0.0,6.0,1.0,3,1,1,1,2,0,1,0
328904,58,0.0,3.0,0.0,1,1,1,1,0,0,1,0
32904,3734,0.0,2.0,1.0,7,3,3,2,6,0,1,0
329243,1923,0.0,4.0,0.0,3,1,1,1,2,0,1,0
329320,2981,0.0,3.0,0.0,8,1,1,3,6,0,2,0
329794,1618,0.0,5.0,0.0,9,3,1,2,8,0,1,0
329816,3349,0.0,6.0,0.0,19,9,1,3,18,0,1,0
329895,3205,0.0,4.0,1.0,21,11,2,2,12,0,1,8
330146,3350,0.0,0.0,0.0,3,1,1,1,2,0,1,0
33019,2318,0.0,3.0,1.0,4,3,1,2,2,1,1,0
330335,4949,0.0,7.0,0.0,22,5,3,2,20,0,1,1
330740,2403,0.0,0.0,0.0,6,4,3,2,5,0,1,0
330868,3828,0.0,3.0,1.0,30,16,5,2,17,0,1,12
330964,4170,1.0,6.0,0.0,6,1,1,2,3,0,2,1
331009,3538,0.0,3.0,0.0,2,1,1,1,0,0,2,0
331452,4536,1.0,3.0,0.0,7,2,2,2,5,0,1,1
331636,2873,0.0,0.0,0.0,5,2,2,3,4,0,1,0
331694,1557,0.0,4.0,0.0,7,1,1,2,6,0,1,0
332739,2537,0.0,0.0,0.0,6,2,1,1,4,0,1,1
332789,4265,0.0,3.0,1.0,12,11,6,1,10,0,1,1
333496,3181,0.0,0.0,0.0,6,1,1,2,4,0,2,0
333686,773,0.0,5.0,0.0,3,1,1,1,2,0,1,0
333897,4976,0.0,0.0,0.0,21,4,2,4,17,0,2,2
334299,4966,1.0,3.0,0.0,1,1,1,1,0,0,1,0
334528,66,0.0,3.0,1.0,5,1,1,3,4,0,1,0
334531,2403,0.0,6.0,0.0,6,6,1,1,5,0,1,0
335400,1103,0.0,2.0,1.0,17,9,3,1,15,0,2,0
336078,730,0.0,4.0,0.0,2,2,2,1,1,0,1,0
336525,3558,0.0,4.0,0.0,19,11,2,1,18,0,1,0
336543,4732,0.0,5.0,0.0,10,1,1,3,9,0,1,0
337129,361,0.0,2.0,0.0,4,2,2,2,3,0,1,0
338061,826,0.0,3.0,0.0,5,3,3,1,3,0,2,0
338170,4618,0.0,3.0,0.0,12,1,1,5,10,0,1,1
33836,570,0.0,4.0,0.0,10,5,4,2,9,0,1,0
3384,1910,0.0,4.0,0.0,8,4,4,1,7,0,1,0
338438,4534,0.0,3.0,1.0,16,8,3,1,11,0,5,0
338523,1484,0.0,6.0,0.0,15,3,2,2,14,0,1,0
338674,4271,0.0,2.0,0.0,14,5,1,2,12,0,1,1
33883,2273,0.0,6.0,0.0,4,1,1,1,3,0,1,0
33936,4044,0.0,5.0,0.0,17,4,2,2,16,0,1,0
339516,845,0.0,0.0,1.0,5,2,1,3,4,0,1,0
339703,812,0.0,2.0,0.0,3,2,1,1,2,0,1,0
34015,742,1.0,3.0,0.0,2,1,1,1,1,0,1,0
340724,2448,0.0,3.0,0.0,2,1,1,1,1,0,1,0
340882,1372,0.0,0.0,1.0,11,3,1,1,9,0,2,0
341868,1050,0.0,2.0,1.0,15,4,3,2,13,0,2,0
341995,3685,0.0,5.0,0.0,7,2,1,2,6,0,1,0
342099,1102,0.0,3.0,0.0,10,7,1,1,9,0,1,0
343040,4280,0.0,2.0,0.0,15,5,1,1,14,0,1,0
343129,1499,0.0,3.0,0.0,7,1,1,3,6,0,1,0
343206,58,0.0,0.0,2.0,10,1,1,1,9,0,1,0
343309,4282,0.0,2.0,1.0,180,56,13,18,163,0,2,15
34351,4976,0.0,2.0,0.0,48,19,6,9,47,0,1,0
34359,941,0.0,2.0,1.0,2,1,1,1,1,0,1,0
343767,3784,0.0,0.0,1.0,8,1,1,1,6,1,1,0
3442,4976,1.0,0.0,0.0,4,1,1,2,2,0,2,0
344713,2022,0.0,3.0,0.0,7,4,2,2,6,0,1,0
345275,2047,0.0,6.0,0.0,5,1,1,1,4,0,1,0
3455,1642,0.0,0.0,0.0,11,1,1,4,8,0,1,2
34554,4401,0.0,2.0,1.0,2,1,1,1,1,0,1,0
34607,1720,0.0,0.0,0.0,3,2,1,1,2,0,1,0
346150,323,0.0,4.0,0.0,8,3,1,2,7,0,1,0
346225,1892,0.0,3.0,1.0,11,7,4,1,10,0,1,0
346397,794,0.0,3.0,0.0,8,5,1,2,2,0,1,5
346488,3432,0.0,6.0,0.0,5,3,2,2,3,0,2,0
347227,1203,0.0,5.0,2.0,3,2,2,1,2,0,1,0
34778,523,0.0,6.0,0.0,12,1,1,2,10,1,1,0
348082,4209,0.0,6.0,1.0,3,1,1,1,2,0,1,0
348126,1892,0.0,4.0,2.0,5,3,3,2,4,0,1,0
348205,2879,0.0,6.0,0.0,3,1,1,1,2,0,1,0
348449,2579,0.0,3.0,0.0,11,5,3,1,10,0,1,0
348480,4173,1.0,3.0,0.0,10,8,3,1,9,0,1,0
348665,1102,0.0,4.0,1.0,24,8,6,2,17,0,3,4
348909,508,0.0,0.0,0.0,4,1,1,1,3,0,1,0
349186,1270,0.0,6.0,0.0,3,1,1,1,2,0,1,0
349463,4049,0.0,0.0,1.0,9,5,2,1,8,0,1,0
349849,4480,0.0,0.0,0.0,6,2,1,2,5,0,1,0
349913,4783,0.0,6.0,0.0,5,1,1,1,4,0,1,0
350119,1272,0.0,2.0,0.0,4,1,1,1,3,0,1,0
350366,1022,0.0,0.0,0.0,20,9,1,2,17,0,1,2
350420,4481,0.0,0.0,0.0,10,3,2,2,9,0,1,0
35068,226,0.0,3.0,1.0,6,1,1,1,5,0,1,0
350703,1506,0.0,5.0,0.0,2,1,1,1,1,0,1,0
352285,4048,0.0,2.0,0.0,9,6,1,2,6,0,1,2
352859,3472,0.0,6.0,0.0,6,1,1,2,5,0,1,0
353083,2473,0.0,0.0,1.0,4,2,1,1,3,0,1,0
353680,1203,0.0,5.0,1.0,16,6,4,1,14,0,2,0
353971,2303,0.0,7.0,1.0,62,23,1,10,59,0,3,0
354007,960,0.0,3.0,0.0,14,5,1,3,13,0,1,0
354024,962,0.0,3.0,0.0,4,1,1,1,2,0,1,1
354077,2322,0.0,4.0,1.0,7,2,2,1,5,0,2,0
35419,4086,0.0,7.0,0.0,7,1,1,2,5,0,1,1
354353,963,1.0,3.0,1.0,5,4,1,1,4,0,1,0
354416,2928,0.0,5.0,0.0,4,1,1,2,3,0,1,0
355199,993,0.0,6.0,0.0,7,2,2,1,5,0,2,0
355299,4414,0.0,3.0,0.0,4,1,1,1,3,0,1,0
3557,773,0.0,4.0,0.0,14,7,6,1,12,0,2,0
355938,1916,0.0,3.0,1.0,3,1,1,2,2,0,1,0
356068,3093,0.0,4.0,0.0,7,4,2,2,6,0,1,0
356342,3220,0.0,5.0,0.0,3,2,1,1,2,0,1,0
356590,3443,0.0,6.0,0.0,3,1,1,1,2,0,1,0
357013,1270,0.0,5.0,1.0,2,2,1,1,0,0,2,0
357103,3956,0.0,2.0,0.0,8,6,3,2,7,0,1,0
357117,794,0.0,4.0,1.0,1,1,1,1,0,0,1,0
357906,3310,0.0,3.0,0.0,6,2,2,3,4,0,1,1
35846,2394,0.0,2.0,1.0,3,1,1,2,2,0,1,0
358678,4043,0.0,0.0,0.0,12,4,2,2,11,0,1,0
358740,2768,0.0,4.0,0.0,106,48,11,11,105,0,1,0
358901,2148,0.0,2.0,1.0,3,1,1,1,2,0,1,0
3596,4871,0.0,3.0,0.0,3,1,1,1,2,0,1,0
359970,3955,0.0,4.0,0.0,4,2,1,1,3,0,1,0
360100,4170,0.0,6.0,0.0,7,3,1,1,5,0,2,0
360328,3016,0.0,3.0,0.0,5,1,1,1,4,0,1,0
360575,3828,0.0,6.0,0.0,59,28,8,10,52,0,1,6
360694,1310,0.0,2.0,0.0,22,15,9,4,21,0,1,0
36115,2173,1.0,0.0,0.0,18,13,2,1,17,0,1,0
36136,4022,0.0,4.0,1.0,5,1,1,1,3,0,1,1
361417,3955,0.0,2.0,0.0,3,1,1,1,2,0,1,0
361720,4502,0.0,0.0,0.0,32,7,2,4,28,0,1,3
361743,323,0.0,6.0,0.0,13,3,1,2,11,0,1,1
361778,742,0.0,0.0,0.0,6,2,2,2,4,0,1,1
36178,962,0.0,2.0,0.0,9,2,1,3,7,0,1,1
362009,102,0.0,4.0,1.0,5,2,1,2,4,0,1,0
362364,4044,0.0,3.0,1.0,26,10,5,3,25,0,1,0
362445,1661,0.0,5.0,0.0,2,1,1,1,1,0,1,0
362455,3167,0.0,6.0,0.0,5,1,1,1,4,0,1,0
362602,2537,0.0,2.0,1.0,8,2,2,1,7,0,1,0
363118,3236,0.0,4.0,1.0,8,1,1,3,7,0,1,0
363746,1890,0.0,3.0,0.0,17,4,1,2,16,0,1,0
36443,4793,0.0,0.0,1.0,4,1,1,1,3,0,1,0
364515,3984,1.0,6.0,0.0,14,2,2,3,10,0,3,1
364742,4976,0.0,3.0,0.0,31,20,6,6,30,0,1,0
365023,2450,0.0,2.0,0.0,5,1,1,1,3,0,1,1
365085,4504,0.0,6.0,0.0,8,3,1,1,7,0,1,0
365880,4101,0.0,6.0,0.0,7,1,1,1,6,0,1,0
366629,4976,0.0,3.0,0.0,4,3,2,1,3,0,1,0
366779,190,0.0,0.0,0.0,3,1,1,2,2,0,1,0
367262,4079,0.0,4.0,0.0,2,1,1,1,1,0,1,0
367777,1340,0.0,4.0,1.0,4,2,2,1,2,0,2,0
368246,3925,0.0,2.0,0.0,2,1,1,1,0,0,1,1
368506,2577,0.0,3.0,0.0,15,5,1,3,14,0,1,0
368618,1131,0.0,0.0,0.0,2,1,1,1,1,0,1,0
368688,2312,0.0,0.0,1.0,6,2,1,3,5,0,1,0
369439,3828,0.0,3.0,0.0,2,1,1,1,1,0,1,0
369474,3152,0.0,3.0,1.0,6,3,1,1,5,0,1,0
369587,1487,0.0,6.0,0.0,7,1,1,4,6,0,1,0
369888,438,0.0,4.0,null,3,1,1,1,2,0,1,0
37023,474,0.0,0.0,0.0,6,4,3,2,4,0,1,1
370589,4605,0.0,4.0,0.0,10,4,4,1,7,0,3,0
370616,3906,0.0,5.0,0.0,2,1,1,1,1,0,1,0
370808,4009,0.0,0.0,0.0,20,6,2,1,19,0,1,0
370882,4659,0.0,4.0,0.0,1,1,1,1,0,0,1,0
37111,1833,0.0,0.0,0.0,8,6,3,1,7,0,1,0
371449,4044,0.0,3.0,0.0,14,3,2,1,12,1,1,0
371869,1527,0.0,2.0,1.0,4,1,1,1,3,0,1,0
371924,4302,0.0,3.0,0.0,5,2,1,1,4,0,1,0
372397,1552,1.0,4.0,0.0,5,4,1,2,4,0,1,0
372486,4173,0.0,3.0,1.0,9,2,2,4,8,0,1,0
372529,474,0.0,4.0,0.0,12,2,2,2,10,0,1,1
372534,4847,0.0,5.0,2.0,5,2,2,1,4,0,1,0
372690,361,0.0,2.0,0.0,8,2,1,3,7,0,1,0
374792,3912,0.0,5.0,0.0,1,1,1,1,0,0,1,0
375143,3444,0.0,5.0,1.0,5,1,1,2,3,0,1,1
375221,2273,0.0,5.0,1.0,23,9,1,4,21,0,1,1
375639,1102,1.0,5.0,1.0,33,17,9,10,15,0,2,16
375769,2721,0.0,0.0,0.0,3,1,1,1,2,0,1,0
375891,3484,0.0,4.0,0.0,11,4,1,2,10,0,1,0
376636,2393,0.0,2.0,0.0,2,1,1,1,1,0,1,0
376725,2450,0.0,4.0,0.0,3,3,1,1,0,0,3,0
377207,4975,0.0,6.0,0.0,36,10,2,5,33,0,3,0
377484,1916,0.0,0.0,1.0,18,3,1,1,16,0,1,1
377875,598,0.0,0.0,1.0,10,3,3,4,7,0,1,2
37817,4270,0.0,4.0,0.0,4,1,1,2,2,0,1,1
378385,2582,0.0,0.0,0.0,9,3,1,1,8,0,1,0
378738,1659,0.0,2.0,1.0,5,1,1,1,3,0,2,0
378860,4525,0.0,5.0,0.0,1,1,1,1,0,0,1,0
378875,4282,0.0,5.0,0.0,2,1,1,1,0,0,1,1
379006,141,0.0,3.0,0.0,15,11,5,3,14,0,1,0
379319,4163,0.0,6.0,0.0,2,1,1,1,1,0,1,0
379343,643,0.0,3.0,1.0,8,1,1,2,7,0,1,0
379575,1071,0.0,4.0,1.0,6,1,1,1,5,0,1,0
379645,2026,0.0,0.0,0.0,3,1,1,1,2,0,1,0
379652,2284,0.0,3.0,0.0,1,1,1,1,0,0,1,0
379828,4871,0.0,3.0,1.0,6,1,1,1,5,0,1,0
37998,1816,0.0,0.0,0.0,2,1,1,1,1,0,1,0
380681,1514,0.0,4.0,1.0,1,1,1,1,0,0,1,0
380910,1102,0.0,5.0,0.0,4,2,1,1,3,0,1,0
380922,1022,0.0,5.0,0.0,5,2,1,2,2,0,2,1
381218,3529,0.0,0.0,0.0,3,1,1,2,2,0,1,0
38126,1695,0.0,2.0,1.0,7,3,2,1,6,0,1,0
381305,2662,0.0,5.0,0.0,5,2,1,2,4,0,1,0
381371,4976,0.0,0.0,1.0,1,1,1,1,0,0,1,0
381404,1892,0.0,0.0,0.0,37,14,4,4,33,0,4,0
381774,4444,0.0,4.0,0.0,5,2,2,2,3,0,2,0
382477,24,0.0,6.0,0.0,2,1,1,1,1,0,1,0
383115,3734,0.0,4.0,0.0,23,8,2,1,22,0,1,0
383276,3350,0.0,3.0,0.0,2,1,1,1,1,0,1,0
383304,4658,0.0,5.0,1.0,2,1,1,1,1,0,1,0
383950,1890,0.0,2.0,0.0,23,15,4,11,8,0,1,14
383958,3127,0.0,5.0,0.0,2,2,1,1,1,0,1,0
385086,1892,0.0,3.0,0.0,1,1,1,1,0,0,1,0
385441,4173,0.0,3.0,0.0,15,5,1,2,13,0,2,0
385513,4322,0.0,4.0,0.0,2,1,1,1,1,0,1,0
385579,416,0.0,4.0,0.0,8,3,2,1,5,0,1,2
385589,1923,0.0,5.0,0.0,14,5,3,3,12,0,2,0
385699,132,0.0,0.0,0.0,13,2,1,2,11,0,2,0
385732,4336,0.0,3.0,1.0,13,1,1,1,12,0,1,0
386287,684,0.0,4.0,0.0,25,8,5,4,24,0,1,0
386585,2339,0.0,5.0,1.0,6,2,2,1,4,0,2,0
386686,2102,0.0,3.0,0.0,11,3,2,8,10,0,1,0
386846,4388,0.0,6.0,0.0,11,4,1,1,8,0,3,0
387780,2397,0.0,6.0,0.0,4,1,1,2,2,0,2,0
388476,1851,1.0,0.0,0.0,10,5,3,1,7,0,1,2
388866,3034,0.0,0.0,0.0,8,1,1,1,6,0,1,1
389457,588,0.0,6.0,1.0,4,1,1,4,2,0,1,1
389807,4976,0.0,2.0,0.0,8,7,3,5,4,0,1,3
389830,3822,0.0,5.0,0.0,3,2,1,2,0,0,1,2
389924,1963,0.0,0.0,1.0,54,32,6,2,53,0,1,0
390122,649,0.0,3.0,1.0,3,1,1,2,2,0,1,0
390738,3472,0.0,4.0,1.0,6,2,1,2,5,0,1,0
391032,3448,0.0,6.0,1.0,8,4,1,1,7,0,1,0
391291,3016,1.0,4.0,0.0,16,9,7,2,12,0,4,0
391737,4966,0.0,3.0,0.0,9,5,3,2,1,0,3,5
392017,1102,0.0,0.0,1.0,4,1,1,2,3,0,1,0
392134,2318,0.0,4.0,0.0,18,4,2,2,17,0,1,0
392161,4708,0.0,0.0,0.0,2,1,1,1,1,0,1,0
392365,1472,0.0,6.0,0.0,4,1,1,1,3,0,1,0
392528,3472,0.0,3.0,0.0,1,1,1,1,0,0,1,0
392715,4048,0.0,2.0,0.0,7,2,1,2,6,0,1,0
393008,3925,0.0,0.0,0.0,6,4,1,2,5,0,1,0
393204,311,0.0,0.0,1.0,24,10,4,2,22,0,2,0
393305,4009,1.0,6.0,0.0,5,2,1,2,4,0,1,0
394535,1963,0.0,0.0,1.0,2,1,1,2,1,0,1,0
394796,1133,0.0,3.0,0.0,1,1,1,1,0,0,1,0
394978,4280,0.0,2.0,0.0,5,1,1,1,4,0,1,0
394993,4764,0.0,4.0,0.0,2,1,1,1,1,0,1,0
395004,474,0.0,5.0,0.0,3,1,1,1,2,0,1,0
395192,4335,0.0,null,null,7,1,1,1,5,1,1,0
395212,1993,0.0,3.0,1.0,11,2,1,3,8,0,1,2
395353,4966,0.0,3.0,0.0,4,3,2,1,3,0,1,0
395489,145,0.0,0.0,0.0,4,1,1,1,3,0,1,0
395528,4876,0.0,4.0,0.0,2,1,1,1,1,0,1,0
395710,246,0.0,6.0,0.0,11,4,2,1,9,0,2,0
395730,4044,0.0,3.0,0.0,28,14,5,5,26,0,2,0
396242,4007,0.0,0.0,0.0,4,1,1,1,3,0,1,0
396750,2224,0.0,0.0,0.0,13,7,1,2,10,0,1,2
396897,467,0.0,0.0,0.0,3,1,1,1,1,0,2,0
397345,4044,0.0,6.0,0.0,25,5,2,2,23,0,2,0
397912,3588,0.0,3.0,1.0,2,1,1,1,1,0,1,0
398035,4079,0.0,4.0,1.0,7,3,2,1,4,0,3,0
398060,323,0.0,3.0,0.0,14,3,1,2,12,0,2,0
398321,1784,0.0,4.0,1.0,1,1,1,1,0,0,1,0
398612,3376,0.0,3.0,1.0,6,3,1,2,5,0,1,0
399501,3822,0.0,6.0,0.0,1,1,1,1,0,0,1,0
399512,3256,1.0,4.0,0.0,7,1,1,2,5,0,1,1
399624,806,0.0,3.0,0.0,3,1,1,2,2,0,1,0
399831,4542,0.0,3.0,0.0,11,3,2,1,10,0,1,0
400309,4420,0.0,4.0,0.0,3,2,2,2,1,0,2,0
400359,4326,0.0,3.0,1.0,7,1,1,1,6,0,1,0
400394,66,0.0,3.0,0.0,5,3,1,1,4,0,1,0
401070,1552,0.0,5.0,0.0,18,7,1,2,14,0,2,2
401190,4976,0.0,0.0,0.0,2,1,1,2,1,0,1,0
40207,598,0.0,6.0,1.0,5,1,1,1,4,0,1,0
402171,4976,0.0,2.0,0.0,11,7,2,4,10,0,1,0
40254,1875,0.0,5.0,0.0,2,1,1,1,0,0,1,1
402823,4854,0.0,6.0,0.0,3,1,1,1,2,0,1,0
403,2325,0.0,0.0,0.0,2,1,1,1,1,0,1,0
403592,1892,0.0,4.0,0.0,27,8,3,2,24,0,3,0
403608,4585,0.0,3.0,1.0,12,3,1,2,10,0,2,0
403621,2721,0.0,3.0,0.0,15,10,2,1,14,0,1,0
403647,4408,0.0,0.0,0.0,7,3,1,3,5,0,1,1
403776,2821,0.0,3.0,1.0,4,1,1,1,3,0,1,0
404724,3266,0.0,3.0,2.0,9,1,1,2,8,0,1,0
405225,804,0.0,7.0,0.0,1,1,1,1,0,0,1,0
405934,4368,0.0,4.0,0.0,10,7,3,1,7,0,3,0
40609,1618,0.0,6.0,1.0,35,9,2,4,30,3,2,0
406624,1131,0.0,3.0,0.0,10,5,3,2,8,0,2,0
406683,822,0.0,4.0,0.0,3,2,1,1,1,0,2,0
406948,1916,0.0,4.0,0.0,14,11,1,1,12,0,2,0
407892,3148,0.0,6.0,0.0,8,3,1,2,6,0,1,1
407907,1487,0.0,5.0,0.0,14,5,1,3,11,0,1,2
408322,3406,0.0,4.0,0.0,14,5,2,2,12,0,1,1
409404,3444,0.0,6.0,1.0,2,1,1,1,1,0,1,0
410568,4173,0.0,6.0,0.0,58,37,8,4,57,0,1,0
410642,1895,0.0,5.0,2.0,4,2,2,1,2,0,2,0
411260,2879,0.0,0.0,0.0,3,1,1,1,2,0,1,0
411885,1472,0.0,3.0,0.0,1,1,1,1,0,0,1,0
412179,879,0.0,3.0,1.0,10,2,2,2,9,0,1,0
412267,4540,0.0,3.0,0.0,1,1,1,1,0,0,1,0
412476,1310,0.0,6.0,0.0,1,1,1,1,0,0,1,0
412586,4287,0.0,0.0,0.0,7,4,4,1,5,0,2,0
412675,2313,0.0,0.0,0.0,14,4,2,4,13,0,1,0
412744,3828,0.0,5.0,0.0,6,1,1,3,4,0,1,1
412772,160,0.0,5.0,0.0,8,2,1,5,7,0,1,0
413499,4340,0.0,6.0,0.0,8,2,2,2,7,0,1,0
413815,793,0.0,0.0,1.0,13,4,1,4,12,0,1,0
413882,66,0.0,4.0,1.0,4,1,1,2,2,0,1,1
414411,605,0.0,0.0,0.0,9,3,2,2,7,1,1,0
414650,3870,0.0,3.0,0.0,19,5,2,1,18,0,1,0
415075,3925,0.0,6.0,0.0,13,9,4,2,12,0,1,0
41517,3160,0.0,6.0,0.0,49,25,6,2,47,0,2,0
415171,3152,0.0,5.0,0.0,4,1,1,1,3,0,1,0
415322,4394,1.0,4.0,0.0,5,1,1,3,2,0,2,1
415545,2047,0.0,4.0,0.0,12,6,4,1,11,0,1,0
415546,4860,0.0,2.0,0.0,4,1,1,1,3,0,1,0
415580,3886,0.0,0.0,0.0,2,1,1,1,1,0,1,0
416543,2193,0.0,5.0,0.0,6,2,2,2,5,0,1,0
416745,3152,0.0,6.0,1.0,15,8,2,1,14,0,1,0
417285,2640,0.0,3.0,0.0,14,7,3,2,9,0,2,3
417511,2482,0.0,null,null,17,7,4,2,11,0,3,3
417534,4966,0.0,3.0,2.0,1,1,1,1,0,0,1,0
418036,2872,0.0,3.0,1.0,42,3,3,2,40,0,1,1
418686,598,0.0,2.0,1.0,25,5,2,3,23,0,2,0
41871,1270,0.0,6.0,0.0,4,1,1,1,3,0,1,0
419291,1103,0.0,3.0,0.0,2,1,1,1,1,0,1,0
419392,4659,0.0,4.0,0.0,7,4,3,1,3,0,4,0
420063,357,0.0,3.0,1.0,34,2,1,15,31,0,1,2
420884,4394,1.0,0.0,0.0,7,5,2,1,5,0,2,0
420912,3667,0.0,5.0,0.0,4,1,1,1,2,0,2,0
421059,3828,0.0,0.0,2.0,12,3,3,4,10,0,1,1
421755,1472,0.0,5.0,0.0,4,2,1,2,3,0,1,0
421860,234,0.0,2.0,1.0,3,1,1,1,2,0,1,0
422007,323,0.0,2.0,0.0,4,3,1,2,3,0,1,0
422147,2173,0.0,5.0,0.0,4,2,1,2,1,0,1,2
422176,3580,0.0,3.0,1.0,10,5,2,1,9,0,1,0
422739,1944,0.0,6.0,0.0,28,21,4,3,26,0,2,0
423189,1272,0.0,6.0,0.0,20,11,4,4,19,0,1,0
423913,2873,0.0,0.0,0.0,8,6,3,2,7,0,1,0
424156,962,0.0,0.0,2.0,30,8,3,3,25,0,2,3
42911,1890,0.0,4.0,0.0,5,2,1,2,4,0,1,0
4342,2954,0.0,4.0,0.0,6,3,1,1,5,0,1,0
44484,2569,0.0,0.0,0.0,4,2,1,1,3,0,1,0
44936,4444,0.0,4.0,0.0,4,1,1,2,2,0,1,1
4494,474,1.0,3.0,0.0,20,10,10,1,12,0,8,0
4504,4705,0.0,4.0,0.0,6,2,1,1,4,0,2,0
46619,148,0.0,4.0,0.0,15,4,4,3,13,0,2,0
46695,3828,0.0,4.0,0.0,45,27,9,7,42,0,3,0
47248,1890,0.0,3.0,0.0,23,13,3,3,21,0,1,1
47311,1619,0.0,6.0,0.0,14,4,1,2,13,0,1,0
47389,4044,0.0,3.0,0.0,19,6,2,2,17,0,1,1
47635,2475,0.0,5.0,0.0,3,1,1,1,2,0,1,0
48103,2193,0.0,0.0,0.0,13,2,2,2,11,0,2,0
49249,1187,1.0,4.0,1.0,11,4,4,3,10,0,1,0
49417,154,0.0,0.0,1.0,6,1,1,1,5,0,1,0
49558,1884,0.0,5.0,0.0,10,4,3,3,9,0,1,0
49833,3314,0.0,4.0,0.0,2,1,1,1,1,0,1,0
49842,1145,0.0,0.0,0.0,3,1,1,2,2,0,1,0
50724,2537,0.0,4.0,0.0,41,9,6,3,35,0,3,3
50919,2403,1.0,3.0,1.0,14,6,2,1,11,0,3,0
51209,121,0.0,5.0,0.0,3,1,1,1,2,0,1,0
51970,474,0.0,3.0,0.0,2,1,1,1,1,0,1,0
52223,1583,0.0,3.0,0.0,25,10,3,3,23,0,1,1
52263,4765,0.0,5.0,0.0,7,3,1,3,5,0,1,1
52268,467,0.0,3.0,0.0,1,1,1,1,0,0,1,0
52471,2124,0.0,5.0,0.0,4,1,1,2,3,0,1,0
52480,4150,0.0,2.0,0.0,1,1,1,1,0,0,1,0
52526,191,0.0,4.0,0.0,1,1,1,1,0,0,1,0
52925,2138,0.0,2.0,0.0,10,3,3,2,8,0,2,0
53159,1353,0.0,3.0,0.0,7,2,1,1,6,0,1,0
53886,2642,0.0,4.0,0.0,2,1,1,1,1,0,1,0
5398,2545,0.0,0.0,1.0,18,10,4,7,17,0,1,0
54467,3889,0.0,3.0,2.0,2,1,1,1,1,0,1,0
54471,1618,0.0,7.0,1.0,32,20,5,10,31,0,1,0
55154,3828,1.0,3.0,0.0,18,14,9,11,13,0,1,4
55155,2047,0.0,6.0,0.0,4,1,1,1,3,0,1,0
55389,3822,0.0,2.0,0.0,7,5,2,2,1,0,1,5
56176,4427,0.0,4.0,0.0,10,5,1,2,8,0,2,0
56387,2138,0.0,2.0,0.0,9,5,4,1,6,0,3,0
56829,1203,0.0,0.0,0.0,4,3,2,1,3,0,1,0
56840,4706,0.0,3.0,0.0,7,5,1,1,5,0,2,0
57117,3411,0.0,6.0,0.0,22,3,1,5,16,0,1,5
57877,598,0.0,3.0,1.0,2,1,1,1,1,0,1,0
57931,4465,0.0,0.0,0.0,10,1,1,1,5,0,4,1
5810,3432,0.0,0.0,0.0,155,83,14,3,153,0,2,0
58763,3828,0.0,3.0,0.0,23,8,1,2,22,0,1,0
58772,806,1.0,0.0,1.0,1,1,1,1,0,0,1,0
58958,168,0.0,3.0,0.0,13,9,2,4,7,0,2,4
59021,1425,0.0,0.0,0.0,4,2,1,2,2,0,1,1
59037,1310,0.0,3.0,0.0,4,3,3,2,3,0,1,0
59070,3546,0.0,0.0,0.0,17,1,1,1,16,0,1,0
59166,3828,0.0,2.0,0.0,9,5,3,2,7,0,1,1
59306,603,0.0,2.0,0.0,3,2,2,1,0,0,1,2
59346,1270,0.0,6.0,0.0,11,4,2,2,9,0,2,0
59400,41,0.0,6.0,0.0,11,5,2,2,10,0,1,0
5947,3523,0.0,3.0,1.0,6,1,1,2,5,0,1,0
59696,1964,0.0,3.0,1.0,9,5,3,2,7,0,2,0
59755,2669,0.0,3.0,0.0,20,10,3,2,19,0,1,0
60264,145,0.0,0.0,0.0,1,1,1,1,0,0,1,0
60641,3363,0.0,3.0,0.0,7,1,1,1,5,0,1,1
60913,2594,0.0,3.0,0.0,4,1,1,1,3,0,1,0
6094,1840,0.0,5.0,1.0,4,2,2,1,3,0,1,0
61581,4933,0.0,2.0,1.0,14,8,1,3,12,0,1,1
61744,2604,0.0,0.0,0.0,3,2,1,1,2,0,1,0
61758,1415,0.0,2.0,0.0,1,1,1,1,0,0,1,0
62184,3925,0.0,4.0,0.0,9,1,1,3,7,0,1,1
62235,798,0.0,0.0,0.0,1,1,1,1,0,0,1,0
6241,2066,0.0,4.0,2.0,6,1,1,1,5,0,1,0
6269,415,0.0,3.0,1.0,2,1,1,1,1,0,1,0
62710,4536,0.0,0.0,0.0,2,1,1,1,0,0,2,0
62812,296,0.0,3.0,0.0,7,2,1,4,6,0,1,0
63110,1708,0.0,6.0,0.0,20,4,1,3,19,0,1,0
63257,2045,0.0,5.0,0.0,5,2,1,1,4,0,1,0
63682,3472,0.0,null,null,4,1,1,1,3,0,1,0
64351,35,0.0,0.0,1.0,2,1,1,1,1,0,1,0
64620,3022,0.0,6.0,0.0,3,1,1,1,2,0,1,0
64842,4793,0.0,5.0,0.0,6,2,1,1,5,0,1,0
64844,3955,0.0,0.0,0.0,6,2,1,1,5,0,1,0
64846,1673,0.0,3.0,1.0,2,2,2,1,0,0,2,0
6530,4775,0.0,6.0,0.0,8,4,1,2,7,0,1,0
65346,1916,0.0,4.0,0.0,12,5,1,1,10,1,1,0
65412,2313,0.0,3.0,0.0,1,1,1,1,0,0,1,0
66370,3469,0.0,3.0,0.0,8,2,1,1,6,0,1,1
66394,4371,0.0,3.0,0.0,5,2,1,1,2,0,3,0
66552,1597,0.0,5.0,1.0,12,8,4,1,10,0,2,0
6686,687,0.0,5.0,0.0,5,2,1,1,4,0,1,0
66939,3955,0.0,0.0,0.0,7,3,1,1,5,0,1,1
670,361,0.0,0.0,0.0,1,1,1,1,0,0,1,0
67314,4150,0.0,5.0,1.0,2,1,1,1,1,0,1,0
67334,4325,0.0,4.0,0.0,1,1,1,1,0,0,1,0
67473,474,1.0,0.0,0.0,3,1,1,1,2,0,1,0
67572,2278,0.0,3.0,0.0,24,6,4,2,18,0,6,0
67653,4044,0.0,5.0,0.0,81,47,11,4,79,0,2,0
67825,4992,0.0,0.0,0.0,1,1,1,1,0,0,1,0
68346,2954,0.0,4.0,0.0,3,3,3,1,0,0,3,0
68382,1840,0.0,0.0,1.0,2,1,1,1,1,0,1,0
68515,3839,0.0,3.0,1.0,8,1,1,1,7,0,1,0
68746,4542,0.0,null,null,1,1,1,1,0,0,1,0
69077,4282,0.0,4.0,1.0,17,8,6,4,16,0,1,0
69435,4372,0.0,3.0,1.0,12,2,2,3,10,0,1,1
69697,786,0.0,2.0,0.0,3,3,2,1,0,0,3,0
69777,4173,0.0,6.0,0.0,2,2,1,1,0,0,2,0
69805,2864,0.0,0.0,0.0,3,2,2,1,2,0,1,0
7020,4480,1.0,4.0,1.0,3,1,1,1,2,0,1,0
70207,310,0.0,4.0,0.0,3,2,2,2,1,0,2,0
71129,3734,1.0,4.0,1.0,65,29,9,3,64,0,1,0
71256,643,0.0,6.0,0.0,19,10,3,6,17,0,1,1
71556,3578,0.0,4.0,0.0,9,4,2,1,8,0,1,0
72102,2173,0.0,6.0,1.0,21,11,1,2,20,0,1,0
72260,3891,0.0,2.0,1.0,2,1,1,1,1,0,1,0
72454,1103,0.0,3.0,1.0,5,2,1,1,4,0,1,0
72890,1150,0.0,5.0,0.0,18,7,3,1,16,0,2,0
72943,3971,0.0,3.0,0.0,1,1,1,1,0,0,1,0
7330,1111,0.0,5.0,1.0,6,1,1,1,5,0,1,0
74011,1346,0.0,0.0,0.0,3,1,1,1,2,0,1,0
74114,3173,0.0,3.0,0.0,2,1,1,1,1,0,1,0
74127,3826,0.0,6.0,1.0,5,2,1,1,4,0,1,0
74500,3984,0.0,6.0,0.0,88,42,9,8,81,0,1,6
74529,4044,1.0,2.0,0.0,15,2,1,4,14,0,1,0
74708,4558,0.0,3.0,0.0,2,1,1,1,1,0,1,0
74737,1888,0.0,5.0,0.0,6,2,1,2,5,0,1,0
74842,4173,0.0,4.0,1.0,6,2,1,1,5,0,1,0
74895,804,0.0,4.0,0.0,6,1,1,4,5,0,1,0
75070,4378,0.0,5.0,0.0,2,1,1,1,1,0,1,0
75213,2273,0.0,6.0,0.0,14,2,1,4,12,0,1,1
75635,121,0.0,0.0,0.0,13,8,1,1,12,0,1,0
75646,2824,0.0,4.0,1.0,2,1,1,1,1,0,1,0
76039,915,0.0,6.0,1.0,10,7,4,1,9,0,1,0
76541,4966,0.0,4.0,0.0,3,2,2,2,0,0,2,1
76560,117,0.0,6.0,0.0,14,2,2,2,12,0,1,1
76738,4760,0.0,6.0,1.0,8,3,2,2,7,0,1,0
76820,2646,0.0,2.0,1.0,4,1,1,1,2,0,2,0
77466,3367,0.0,6.0,0.0,8,4,4,2,3,0,3,2
77930,1102,0.0,6.0,0.0,16,7,3,5,14,0,2,0
78052,1500,0.0,4.0,1.0,3,1,1,1,2,0,1,0
78587,2030,0.0,0.0,0.0,5,1,1,2,3,1,1,0
78828,4368,0.0,3.0,0.0,4,1,1,1,3,0,1,0
79060,1541,0.0,4.0,0.0,2,1,1,1,1,0,1,0
79545,4818,0.0,3.0,1.0,4,2,1,2,3,0,1,0
80120,3984,0.0,0.0,1.0,20,8,5,3,18,1,1,0
80321,2440,0.0,2.0,0.0,2,1,1,1,0,0,1,1
80558,4847,0.0,3.0,0.0,6,4,2,1,5,0,1,0
80562,2436,0.0,3.0,0.0,27,20,9,2,25,0,2,0
8083,1062,0.0,4.0,0.0,51,17,5,7,48,1,1,1
8122,4731,0.0,3.0,0.0,10,5,1,2,9,0,1,0
81251,1472,0.0,0.0,1.0,9,3,1,1,8,0,1,0
81314,2108,0.0,0.0,1.0,5,1,1,1,4,0,1,0
81504,1102,0.0,6.0,0.0,80,29,3,6,78,0,2,0
8185,4463,0.0,3.0,0.0,53,12,2,8,52,0,1,0
822,3578,0.0,4.0,0.0,8,6,1,2,7,0,1,0
8229,4659,0.0,0.0,1.0,10,6,4,2,9,0,1,0
82382,4731,0.0,0.0,0.0,2,1,1,1,1,0,1,0
82748,3129,0.0,4.0,0.0,6,1,1,2,5,0,1,0
83046,2562,0.0,5.0,0.0,1,1,1,1,0,0,1,0
8305,314,0.0,3.0,1.0,2,1,1,1,1,0,1,0
83058,812,0.0,0.0,0.0,9,4,1,1,8,0,1,0
83271,1346,0.0,4.0,1.0,14,5,1,3,13,0,1,0
83353,4049,0.0,5.0,0.0,2,2,2,2,0,0,1,1
83364,1500,0.0,3.0,1.0,3,1,1,1,2,0,1,0
83956,3524,0.0,3.0,0.0,3,1,1,1,2,0,1,0
84412,798,0.0,2.0,2.0,14,6,3,3,12,0,1,1
84931,3683,0.0,3.0,0.0,5,3,1,2,4,0,1,0
85585,2669,0.0,6.0,0.0,7,4,2,1,5,0,2,0
85658,3545,0.0,0.0,0.0,9,1,1,2,7,1,1,0
86084,2891,0.0,3.0,1.0,13,1,1,1,12,0,1,0
86158,416,0.0,3.0,0.0,7,5,1,3,6,0,1,0
8617,4043,0.0,0.0,0.0,5,2,2,3,3,0,2,0
86389,3730,0.0,2.0,0.0,6,1,1,3,5,0,1,0
87058,2173,0.0,3.0,0.0,14,1,1,2,12,0,1,1
87217,687,0.0,4.0,1.0,1,1,1,1,0,0,1,0
88536,296,1.0,6.0,1.0,2,1,1,1,1,0,1,0
89080,3971,0.0,2.0,0.0,7,1,1,2,6,0,1,0
89739,4145,0.0,3.0,1.0,4,1,1,1,3,0,1,0
89808,625,0.0,2.0,0.0,7,5,1,1,6,0,1,0
89868,4864,0.0,6.0,0.0,1,1,1,1,0,0,1,0
89872,1239,0.0,4.0,1.0,6,1,1,1,4,0,2,0
89878,4605,1.0,7.0,0.0,10,5,3,2,8,0,1,1
90333,4496,0.0,0.0,0.0,6,1,1,2,4,0,1,1
90725,1097,0.0,7.0,1.0,1,1,1,1,0,0,1,0
91831,1076,0.0,5.0,0.0,2,1,1,1,1,0,1,0
91878,467,0.0,4.0,0.0,3,1,1,1,2,0,1,0
92008,2608,0.0,4.0,0.0,2,1,1,2,1,0,1,0
92130,2031,0.0,5.0,1.0,9,4,1,1,8,0,1,0
92377,503,0.0,4.0,1.0,23,11,5,1,22,0,1,0
92495,3828,0.0,0.0,0.0,67,48,15,24,66,0,1,0
92553,4976,0.0,3.0,0.0,13,7,2,4,10,0,1,2
93148,293,0.0,0.0,2.0,2,1,1,1,1,0,1,0
9350,2173,1.0,3.0,0.0,39,20,2,1,34,0,5,0
9352,2193,0.0,7.0,0.0,16,3,2,1,15,0,1,0
937,1861,0.0,3.0,0.0,8,1,1,2,7,0,1,0
93730,3586,0.0,0.0,0.0,13,4,3,1,7,0,6,0
93979,1132,0.0,3.0,0.0,2,1,1,1,1,0,1,0
94406,2709,0.0,4.0,1.0,4,1,1,2,3,0,1,0
94970,4052,0.0,0.0,1.0,1,1,1,1,0,0,1,0
94977,953,0.0,7.0,0.0,4,1,1,1,3,0,1,0
94991,960,0.0,2.0,1.0,10,5,1,1,8,0,2,0
95462,2482,0.0,2.0,1.0,4,3,2,1,3,0,1,0
96,2303,0.0,0.0,0.0,20,11,1,2,15,0,2,3
96093,2173,0.0,1.0,0.0,36,12,1,2,32,1,3,0
96197,4976,1.0,3.0,0.0,11,9,4,2,10,0,1,0
9631,598,0.0,3.0,0.0,3,1,1,1,2,0,1,0
96638,2537,0.0,7.0,0.0,18,9,4,4,17,0,1,0
96874,121,0.0,4.0,2.0,48,29,10,2,47,0,1,0
97334,4372,0.0,0.0,0.0,2,1,1,1,1,0,1,0
98220,3347,1.0,4.0,2.0,11,5,1,3,10,0,1,0
98297,4605,0.0,3.0,0.0,2,1,1,1,1,0,1,0
9932,3971,0.0,0.0,1.0,3,1,1,1,2,0,1,0
99326,3323,0.0,2.0,2.0,23,12,1,2,17,0,4,2
99391,2856,0.0,5.0,0.0,12,7,1,1,11,0,1,0
99932,3571,0.0,2.0,1.0,5,3,1,1,3,0,2,0
