100615,3578,0.0,4.0,0.0,35,22,2,3,33,0,2,0
100786,2537,0.0,3.0,2.0,12,7,3,5,11,0,1,0
100821,460,0.0,3.0,0.0,12,4,3,2,9,0,2,1
100894,4282,0.0,3.0,1.0,30,15,4,8,27,0,1,2
101094,3127,0.0,0.0,0.0,5,4,2,1,4,0,1,0
102068,4198,0.0,5.0,0.0,2,1,1,1,1,0,1,0
102253,797,0.0,5.0,0.0,7,2,2,1,5,0,2,0
102792,1393,0.0,3.0,1.0,7,1,1,2,5,0,1,1
103103,3578,0.0,3.0,2.0,36,20,2,4,34,0,2,0
10316,4322,0.0,6.0,1.0,11,3,1,2,10,0,1,0
104125,505,0.0,0.0,0.0,4,1,1,1,3,0,1,0
10423,2217,0.0,5.0,0.0,2,1,1,2,1,0,1,0
105618,685,0.0,5.0,1.0,6,3,1,1,5,0,1,0
106153,2031,1.0,5.0,0.0,5,2,1,1,4,0,1,0
107026,1123,0.0,6.0,0.0,4,1,1,2,3,0,1,0
107534,2776,0.0,0.0,0.0,24,6,1,2,19,0,4,1
107663,3472,0.0,6.0,0.0,3,1,1,1,2,0,1,0
107722,3968,0.0,6.0,0.0,8,1,1,5,6,0,2,0
107770,4966,0.0,4.0,0.0,31,12,7,6,25,0,1,5
107944,4049,0.0,0.0,0.0,12,4,1,6,9,0,1,2
108162,92,0.0,2.0,0.0,27,13,2,2,24,0,3,0
108616,1485,0.0,4.0,0.0,1,1,1,1,0,0,1,0
108742,608,1.0,4.0,0.0,32,7,3,3,31,0,1,0
108811,3301,0.0,0.0,0.0,1,1,1,1,0,0,1,0
108839,2856,0.0,3.0,0.0,6,2,1,2,5,0,1,0
109845,860,0.0,3.0,0.0,17,6,4,4,15,0,1,1
109886,1496,0.0,4.0,0.0,6,1,1,3,3,0,2,1
109997,4760,0.0,3.0,1.0,1,1,1,1,0,0,1,0
110066,3472,0.0,2.0,1.0,1,1,1,1,0,0,1,0
110100,4536,0.0,2.0,0.0,10,1,1,1,7,0,3,0
110130,416,0.0,3.0,0.0,2,1,1,1,0,0,1,1
110899,3136,0.0,0.0,0.0,6,2,2,1,5,0,1,0
11103,3428,0.0,6.0,1.0,8,2,2,2,7,0,1,0
111076,1618,0.0,0.0,2.0,1,1,1,1,0,0,1,0
111590,3828,0.0,4.0,1.0,3,3,3,2,2,0,1,0
111797,3345,0.0,0.0,0.0,1,1,1,1,0,0,1,0
11200,1861,0.0,5.0,0.0,1,1,1,1,0,0,1,0
112185,2775,0.0,6.0,0.0,1,1,1,1,0,0,1,0
112919,2051,0.0,0.0,0.0,4,1,1,1,2,0,2,0
113415,2565,1.0,5.0,1.0,6,2,1,1,4,0,2,0
114010,3136,1.0,0.0,1.0,6,2,1,2,5,0,1,0
114249,4658,0.0,3.0,1.0,12,3,1,4,10,0,1,1
114433,1840,0.0,6.0,0.0,8,2,1,3,5,0,3,0
114503,1495,0.0,6.0,0.0,2,1,1,1,1,0,1,0
114539,414,0.0,6.0,0.0,24,12,5,3,22,1,1,0
115698,3350,1.0,3.0,0.0,44,13,2,7,37,0,1,6
11611,4993,0.0,2.0,0.0,3,1,1,1,2,0,1,0
116323,255,0.0,3.0,0.0,4,1,1,1,3,0,1,0
11665,4756,0.0,3.0,0.0,1,1,1,1,0,0,1,0
116680,4196,0.0,2.0,1.0,21,9,5,4,20,0,1,0
116888,4919,0.0,4.0,1.0,9,2,2,3,7,0,2,0
11702,1126,0.0,3.0,0.0,12,7,6,1,11,0,1,0
117037,897,0.0,4.0,1.0,2,1,1,1,1,0,1,0
117505,4427,1.0,3.0,0.0,10,6,2,1,9,0,1,0
117964,219,0.0,7.0,0.0,3,1,1,1,1,0,2,0
118679,1324,0.0,0.0,0.0,5,2,2,1,3,0,2,0
118697,3484,0.0,0.0,0.0,9,4,1,1,8,0,1,0
118813,1399,0.0,4.0,1.0,5,3,1,2,4,0,1,0
119207,3609,0.0,6.0,0.0,16,2,1,1,14,0,2,0
119460,2856,0.0,2.0,1.0,4,1,1,3,1,0,1,2
119519,1102,0.0,3.0,0.0,52,15,6,4,50,0,1,1
119624,4287,0.0,4.0,0.0,18,9,6,2,14,0,4,0
120158,3545,0.0,3.0,1.0,17,2,1,3,14,0,1,2
121023,3734,0.0,4.0,1.0,1,1,1,1,0,0,1,0
121257,523,0.0,4.0,0.0,18,7,3,3,16,0,1,1
121513,2138,0.0,3.0,0.0,27,18,3,4,23,0,4,0
123246,1791,0.0,4.0,0.0,6,2,2,2,5,0,1,0
123475,4115,0.0,3.0,0.0,2,1,1,1,1,0,1,0
12390,1892,1.0,3.0,0.0,10,4,4,2,7,0,3,0
123952,2900,0.0,5.0,0.0,4,1,1,1,3,0,1,0
124091,1056,0.0,4.0,0.0,9,5,2,1,8,0,1,0
124187,1272,0.0,6.0,0.0,27,11,4,3,25,0,2,0
124516,2000,0.0,0.0,0.0,7,2,1,1,6,0,1,0
124785,145,0.0,0.0,1.0,6,2,1,2,5,0,1,0
125536,4438,0.0,0.0,0.0,5,2,1,2,2,0,1,2
125678,2173,0.0,0.0,0.0,38,11,1,4,36,0,2,0
125968,2566,0.0,0.0,1.0,14,1,1,1,13,0,1,0
126315,4789,0.0,4.0,1.0,2,1,1,1,1,0,1,0
126669,514,0.0,6.0,1.0,3,1,1,1,2,0,1,0
12746,3971,0.0,0.0,1.0,7,1,1,1,5,0,1,1
127609,1890,0.0,4.0,0.0,15,2,1,2,14,0,1,0
12769,862,1.0,4.0,0.0,11,7,4,1,4,0,7,0
128198,3628,0.0,0.0,1.0,16,6,4,1,15,0,1,0
128587,4044,0.0,0.0,0.0,9,7,3,1,8,0,1,0
128677,4518,1.0,0.0,1.0,10,1,1,2,8,1,1,0
128869,1090,0.0,0.0,0.0,10,3,1,3,9,0,1,0
129451,102,0.0,4.0,0.0,41,3,1,5,40,0,1,0
130379,1342,0.0,0.0,0.0,1,1,1,1,0,0,1,0
131887,4775,0.0,3.0,0.0,8,3,1,1,7,0,1,0
132053,3635,1.0,0.0,0.0,9,3,2,1,7,0,2,0
132183,4858,0.0,0.0,0.0,7,1,1,4,6,0,1,0
132426,3365,0.0,3.0,0.0,2,1,1,1,1,0,1,0
132489,2220,0.0,0.0,1.0,4,1,1,1,3,0,1,0
133054,2128,0.0,4.0,1.0,25,13,10,2,21,0,4,0
133103,3419,0.0,4.0,0.0,6,1,1,3,4,0,1,1
134365,4043,0.0,0.0,0.0,27,9,4,2,25,0,1,1
134582,3159,0.0,0.0,1.0,3,1,1,1,2,0,1,0
134776,2277,0.0,0.0,0.0,5,2,2,2,4,0,1,0
13498,4361,0.0,4.0,0.0,11,3,1,2,10,0,1,0
135154,2828,0.0,2.0,0.0,3,1,1,1,2,0,1,0
136041,1742,0.0,0.0,0.0,6,2,1,1,5,0,1,0
136048,2167,0.0,0.0,0.0,6,4,1,2,5,0,1,0
136242,1504,0.0,2.0,0.0,1,1,1,1,0,0,1,0
136777,2768,0.0,4.0,0.0,24,10,3,3,22,0,2,0
137819,1370,0.0,6.0,1.0,4,3,2,1,3,0,1,0
137853,1501,0.0,2.0,0.0,2,1,1,1,1,0,1,0
137883,361,0.0,0.0,0.0,10,4,2,2,8,0,1,1
137998,4793,0.0,2.0,0.0,3,1,1,1,2,0,1,0
13802,416,0.0,4.0,0.0,37,13,5,2,25,0,3,9
138507,1134,0.0,4.0,0.0,1,1,1,1,0,0,1,0
138527,378,0.0,2.0,0.0,4,1,1,2,2,0,1,1
138592,2440,0.0,3.0,0.0,1,1,1,1,0,0,1,0
138695,1892,1.0,5.0,0.0,45,29,11,9,42,0,1,2
138864,2598,0.0,2.0,0.0,2,1,1,1,1,0,1,0
138978,2592,0.0,2.0,0.0,3,1,1,1,2,0,1,0
139513,1485,0.0,4.0,0.0,18,10,4,3,15,0,2,1
139537,1031,0.0,5.0,1.0,28,7,1,5,27,0,1,0
139550,1483,0.0,4.0,2.0,12,4,1,2,11,0,1,0
139698,742,0.0,4.0,0.0,8,6,6,1,7,0,1,0
139783,2883,0.0,3.0,1.0,22,14,2,6,15,0,1,6
140072,1133,0.0,3.0,0.0,3,1,1,1,2,0,1,0
140454,133,0.0,null,null,15,7,1,1,11,0,2,2
140686,1659,0.0,4.0,1.0,7,2,1,1,6,0,1,0
141184,3578,0.0,2.0,0.0,2,1,1,2,1,0,1,0
141210,3291,0.0,3.0,1.0,4,1,1,1,2,0,2,0
142074,4287,0.0,3.0,2.0,1,1,1,1,0,0,1,0
142110,1203,0.0,4.0,0.0,4,1,1,1,3,0,1,0
142269,4605,0.0,4.0,0.0,4,2,2,2,2,0,2,0
142336,141,0.0,2.0,0.0,5,2,1,1,3,0,1,1
142341,2900,0.0,0.0,0.0,8,4,2,1,7,0,1,0
142350,1708,0.0,3.0,0.0,3,1,1,1,2,0,1,0
142722,1097,0.0,0.0,1.0,10,1,1,1,9,0,1,0
142851,2828,0.0,5.0,1.0,19,5,2,6,17,0,1,1
143549,977,0.0,0.0,0.0,2,1,1,1,1,0,1,0
143580,1466,0.0,2.0,0.0,1,1,1,1,0,0,1,0
143754,2938,0.0,5.0,0.0,6,2,1,1,4,0,2,0
144339,588,0.0,4.0,0.0,5,2,1,2,3,0,1,1
14446,962,0.0,4.0,0.0,6,4,4,2,5,0,1,0
144484,2882,0.0,0.0,0.0,1,1,1,1,0,0,1,0
14475,1487,0.0,6.0,0.0,18,5,1,3,17,0,1,0
145198,2066,0.0,3.0,1.0,11,5,1,1,10,0,1,0
14527,2928,1.0,4.0,0.0,13,6,3,2,11,0,2,0
146097,4049,0.0,4.0,0.0,5,2,1,1,4,0,1,0
146155,3609,0.0,2.0,0.0,13,6,2,3,11,0,1,1
14629,3956,0.0,4.0,0.0,12,5,4,1,9,0,3,0
146367,598,0.0,0.0,0.0,11,3,1,2,10,0,1,0
146838,35,0.0,4.0,1.0,2,1,1,1,1,0,1,0
147176,2221,0.0,4.0,0.0,11,4,1,2,10,0,1,0
148108,1661,0.0,5.0,1.0,8,1,1,2,7,0,1,0
148247,1031,0.0,3.0,0.0,18,6,1,4,16,0,1,1
148793,1999,0.0,3.0,0.0,3,1,1,1,2,0,1,0
148928,4861,0.0,4.0,0.0,16,1,1,1,14,0,2,0
149112,2594,0.0,3.0,0.0,20,10,5,3,18,0,1,1
149133,4950,0.0,0.0,1.0,3,1,1,1,2,0,1,0
149787,2565,0.0,0.0,null,2,1,1,2,1,0,1,0
150531,2401,0.0,2.0,0.0,8,2,1,2,6,0,1,1
150659,4079,0.0,7.0,0.0,14,3,1,2,10,0,3,1
151216,786,0.0,4.0,0.0,5,3,2,1,4,0,1,0
151563,2026,0.0,4.0,1.0,4,1,1,1,3,0,1,0
151587,4614,1.0,3.0,0.0,2,1,1,1,1,0,1,0
151735,1963,0.0,3.0,0.0,2,1,1,1,1,0,1,0
152060,3396,0.0,4.0,0.0,20,1,1,1,18,0,1,1
152403,1861,0.0,3.0,0.0,1,1,1,1,0,0,1,0
152410,3990,0.0,4.0,0.0,6,3,2,1,5,0,1,0
152563,1999,1.0,3.0,0.0,2,2,1,1,0,0,2,0
153119,1851,0.0,0.0,0.0,27,9,5,1,23,0,4,0
153249,598,0.0,4.0,1.0,6,2,1,1,4,0,2,0
153400,2273,0.0,3.0,0.0,12,3,1,5,9,0,1,2
153623,2883,0.0,3.0,0.0,64,21,2,2,63,0,1,0
153661,3828,0.0,6.0,0.0,8,3,1,3,7,0,1,0
15475,1890,0.0,3.0,0.0,8,5,3,3,7,0,1,0
155333,4605,0.0,3.0,0.0,11,5,5,1,10,0,1,0
155474,4525,0.0,0.0,0.0,7,4,1,1,5,0,2,0
15625,154,0.0,2.0,0.0,2,1,1,2,1,0,1,0
156559,4558,0.0,6.0,1.0,18,3,1,2,12,0,5,1
156842,3323,1.0,3.0,0.0,4,1,1,1,3,0,1,0
156888,2915,0.0,2.0,1.0,4,1,1,2,2,0,1,1
157262,3034,0.0,3.0,0.0,6,1,1,1,5,0,1,0
157503,4079,0.0,3.0,0.0,1,1,1,1,0,0,1,0
157577,4705,0.0,0.0,0.0,1,1,1,1,0,0,1,0
157666,3016,1.0,4.0,1.0,7,4,3,4,6,0,1,0
158147,1585,0.0,4.0,0.0,14,5,5,2,9,0,5,0
158257,3619,0.0,4.0,1.0,5,2,2,1,4,0,1,0
158359,3093,0.0,3.0,0.0,3,1,1,1,2,0,1,0
158616,1076,0.0,6.0,0.0,2,1,1,1,1,0,1,0
159141,3828,0.0,3.0,1.0,13,9,6,3,12,0,1,0
15918,2173,0.0,4.0,1.0,3,2,1,1,2,0,1,0
160192,2220,0.0,6.0,1.0,11,1,1,2,10,0,1,0
160554,2273,0.0,4.0,1.0,9,2,1,2,7,1,1,0
16058,2770,0.0,3.0,0.0,8,3,3,1,5,0,3,0
160840,1342,0.0,2.0,0.0,7,1,1,1,6,0,1,0
160970,354,0.0,0.0,0.0,7,2,1,1,5,0,2,0
161348,3828,0.0,3.0,0.0,13,4,3,3,11,0,1,1
16144,4385,0.0,4.0,0.0,1,1,1,1,0,0,1,0
161483,682,0.0,3.0,0.0,63,17,5,3,59,0,4,0
161757,1999,0.0,3.0,0.0,2,1,1,1,1,0,1,0
16242,4581,0.0,6.0,0.0,7,1,1,3,5,0,1,1
162441,2505,0.0,4.0,1.0,3,2,1,1,2,0,1,0
162711,1816,0.0,4.0,1.0,27,13,5,2,24,0,1,2
162732,2217,0.0,4.0,0.0,3,1,1,2,2,0,1,0
163995,1816,0.0,3.0,0.0,10,1,1,2,9,0,1,0
164158,2217,0.0,3.0,0.0,4,1,1,2,3,0,1,0
164369,1250,0.0,0.0,1.0,11,3,2,2,10,0,1,0
164797,381,0.0,4.0,0.0,3,1,1,1,2,0,1,0
164923,2721,0.0,0.0,0.0,27,9,2,8,25,0,1,1
164935,3734,0.0,5.0,1.0,18,8,3,5,16,0,2,0
164985,1618,0.0,2.0,0.0,8,2,2,2,7,0,1,0
165042,357,0.0,0.0,1.0,1,1,1,1,0,0,1,0
165740,4992,0.0,3.0,0.0,2,1,1,2,0,0,1,1
165861,3828,0.0,0.0,0.0,5,2,1,3,4,0,1,0
16596,3622,0.0,5.0,1.0,9,5,2,2,8,0,1,0
166001,1049,0.0,2.0,1.0,8,2,2,3,6,0,1,1
166101,2721,0.0,6.0,0.0,33,13,1,2,32,0,1,0
167039,4787,0.0,0.0,0.0,5,3,2,2,4,0,1,0
167236,2721,0.0,3.0,2.0,6,5,2,1,1,0,1,4
167247,2273,0.0,3.0,1.0,5,4,1,3,4,0,1,0
167565,4607,0.0,6.0,1.0,5,1,1,1,4,0,1,0
167591,2565,0.0,6.0,0.0,2,1,1,1,0,0,1,1
167647,777,0.0,0.0,0.0,5,3,1,1,4,0,1,0
167670,4793,0.0,3.0,1.0,3,1,1,1,2,0,1,0
16808,2272,0.0,0.0,1.0,4,1,1,1,3,0,1,0
168088,4926,0.0,4.0,2.0,4,1,1,1,3,0,1,0
168654,2639,0.0,0.0,0.0,9,4,3,2,7,0,1,1
169036,4346,0.0,6.0,0.0,3,1,1,1,2,0,1,0
1691,2051,0.0,0.0,0.0,8,1,1,2,7,0,1,0
169106,4234,0.0,3.0,0.0,2,1,1,2,1,0,1,0
169721,2721,0.0,3.0,0.0,29,5,1,5,28,0,1,0
170449,3236,0.0,5.0,0.0,4,1,1,2,2,0,1,1
1707,1892,0.0,4.0,2.0,7,5,3,1,5,0,2,0
171150,798,0.0,3.0,0.0,13,6,4,3,10,0,1,2
171701,2397,0.0,4.0,0.0,14,6,3,2,11,0,3,0
171731,3566,0.0,4.0,0.0,1,1,1,1,0,0,1,0
171852,2954,0.0,4.0,0.0,2,1,1,2,0,0,1,1
171961,2565,0.0,3.0,0.0,4,2,1,1,3,0,1,0
172950,1619,0.0,0.0,0.0,2,1,1,1,1,0,1,0
173020,4756,0.0,6.0,0.0,2,1,1,2,1,0,1,0
174397,1840,0.0,6.0,1.0,4,3,2,2,3,0,1,0
174803,152,0.0,4.0,1.0,4,1,1,1,3,0,1,0
175240,2582,0.0,3.0,0.0,4,1,1,2,3,0,1,0
175310,2891,1.0,4.0,1.0,2,1,1,1,1,0,1,0
175352,2173,0.0,3.0,0.0,62,22,4,5,53,0,6,3
175512,4005,0.0,2.0,0.0,2,1,1,1,1,0,1,0
176045,1102,0.0,4.0,0.0,8,4,4,4,4,0,1,3
176261,2236,0.0,3.0,0.0,1,1,1,1,0,0,1,0
176740,3205,0.0,3.0,1.0,37,3,1,8,34,0,1,2
176959,3578,0.0,6.0,0.0,1,1,1,1,0,0,1,0
177348,4282,0.0,2.0,1.0,9,8,3,1,8,0,1,0
177715,2515,0.0,2.0,1.0,2,1,1,1,1,0,1,0
177864,4976,0.0,3.0,0.0,23,10,3,3,17,0,1,5
178486,3938,0.0,2.0,0.0,1,1,1,1,0,0,1,0
178745,1247,0.0,4.0,0.0,22,14,1,1,20,0,2,0
178833,4438,0.0,1.0,1.0,9,1,1,2,8,0,1,0
178927,4864,1.0,5.0,0.0,2,2,2,1,0,0,2,0
179004,3063,0.0,4.0,0.0,5,2,1,1,4,0,1,0
179911,4940,0.0,3.0,0.0,9,1,1,2,7,0,1,1
180003,1142,0.0,0.0,0.0,12,5,2,1,11,0,1,0
180054,1450,0.0,2.0,0.0,4,1,1,1,3,0,1,0
180096,3319,0.0,0.0,1.0,1,1,1,1,0,0,1,0
180104,3853,0.0,0.0,0.0,12,2,1,4,10,0,1,1
180142,4282,0.0,2.0,1.0,115,58,13,6,113,0,2,0
180272,323,0.0,6.0,0.0,1,1,1,1,0,0,1,0
180808,742,0.0,2.0,1.0,2,1,1,1,1,0,1,0
181101,2448,0.0,3.0,1.0,8,1,1,2,5,0,2,1
181792,2537,0.0,0.0,0.0,1,1,1,1,0,0,1,0
182003,4917,0.0,null,null,23,5,3,1,21,0,2,0
18317,1501,0.0,3.0,1.0,6,2,1,1,3,0,1,2
183254,1096,0.0,4.0,1.0,1,1,1,1,0,0,1,0
183265,1899,0.0,5.0,0.0,4,2,1,1,3,0,1,0
183423,798,0.0,5.0,0.0,2,1,1,1,1,0,1,0
183670,3662,0.0,4.0,2.0,4,2,1,2,3,0,1,0
183753,4864,0.0,4.0,0.0,7,4,2,2,6,0,1,0
183928,1102,0.0,3.0,0.0,13,4,1,5,12,0,1,0
184072,1968,0.0,0.0,0.0,1,1,1,1,0,0,1,0
184094,1472,0.0,3.0,0.0,6,2,1,1,5,0,1,0
184334,412,0.0,2.0,0.0,2,1,1,2,1,0,1,0
184670,4427,0.0,0.0,0.0,3,1,1,1,2,0,1,0
184806,350,0.0,5.0,1.0,6,1,1,2,4,0,1,1
18497,168,0.0,4.0,0.0,34,18,4,1,27,0,7,0
185193,4120,0.0,2.0,1.0,4,1,1,2,2,0,1,1
185267,4408,0.0,3.0,1.0,19,4,1,3,18,0,1,0
185414,4906,0.0,6.0,0.0,6,1,1,6,5,0,1,0
185791,4044,0.0,3.0,0.0,1,1,1,1,0,0,1,0
185947,608,0.0,4.0,1.0,9,1,1,3,7,0,2,0
18603,3734,0.0,2.0,1.0,21,4,2,3,18,1,1,1
187089,4765,0.0,2.0,1.0,20,5,2,2,18,0,1,1
187344,1916,0.0,5.0,0.0,5,2,1,1,2,0,3,0
188811,4316,0.0,2.0,0.0,1,1,1,1,0,0,1,0
189870,2879,0.0,5.0,0.0,4,1,1,1,3,0,1,0
190173,2936,0.0,0.0,0.0,4,1,1,1,3,0,1,0
190245,3173,0.0,2.0,0.0,5,2,2,1,3,0,2,0
190401,326,0.0,3.0,0.0,4,1,1,1,3,0,1,0
190577,3160,0.0,3.0,0.0,29,21,7,2,27,0,2,0
1909,4659,0.0,7.0,0.0,4,1,1,2,3,0,1,0
191256,2669,0.0,4.0,0.0,2,1,1,2,1,0,1,0
191265,2397,0.0,0.0,2.0,61,18,4,3,60,0,1,0
191695,3984,0.0,4.0,0.0,2,1,1,2,1,0,1,0
191877,4779,0.0,4.0,1.0,9,2,1,1,8,0,1,0
192140,4987,0.0,4.0,1.0,5,1,1,1,3,0,1,1
192681,4687,0.0,0.0,0.0,11,5,1,1,9,0,2,0
193331,2608,0.0,0.0,1.0,15,2,1,3,13,0,2,0
193374,4855,0.0,6.0,0.0,44,25,3,6,40,0,1,3
193532,1216,0.0,4.0,0.0,6,3,2,1,4,0,2,0
193926,1494,0.0,0.0,0.0,8,5,2,1,7,0,1,0
194068,4877,0.0,6.0,0.0,26,4,2,6,24,0,2,0
194166,4499,0.0,0.0,0.0,2,1,1,1,1,0,1,0
194928,3826,0.0,3.0,0.0,3,1,1,1,2,0,1,0
196132,4771,0.0,5.0,1.0,4,2,1,1,3,0,1,0
19671,2895,0.0,4.0,0.0,7,2,1,1,6,0,1,0
196987,2031,0.0,2.0,null,5,1,1,1,3,0,1,1
1970,4173,0.0,3.0,1.0,67,23,6,3,65,1,1,0
197380,1677,0.0,3.0,1.0,3,1,1,1,2,0,1,0
197686,2879,0.0,5.0,1.0,9,1,1,2,8,0,1,0
19796,4589,0.0,3.0,0.0,3,1,1,1,2,0,1,0
197990,3444,0.0,6.0,0.0,10,1,1,2,9,0,1,0
197998,4173,0.0,3.0,0.0,9,4,1,1,8,0,1,0
198028,66,0.0,6.0,0.0,2,1,1,1,1,0,1,0
198302,1093,0.0,5.0,1.0,13,6,2,1,12,0,1,0
19855,3990,0.0,5.0,0.0,39,16,5,3,35,0,2,2
199335,3528,0.0,0.0,0.0,9,4,3,3,8,0,1,0
199477,2445,0.0,5.0,1.0,16,2,2,8,14,0,1,1
199749,1056,0.0,3.0,1.0,20,13,8,1,16,0,4,0
200483,4219,0.0,0.0,0.0,2,1,1,1,1,0,1,0
200512,4048,0.0,3.0,0.0,1,1,1,1,0,0,1,0
20085,4659,0.0,2.0,0.0,10,5,2,2,9,0,1,0
201284,2173,0.0,5.0,0.0,12,7,1,2,11,0,1,0
201519,1703,0.0,4.0,0.0,10,3,2,2,9,0,1,0
201819,2791,0.0,4.0,0.0,5,2,1,1,4,0,1,0
201947,804,0.0,5.0,1.0,2,1,1,1,1,0,1,0
202425,2928,0.0,5.0,0.0,7,5,3,3,6,0,1,0
203014,747,0.0,0.0,0.0,17,7,2,3,14,0,1,2
203263,2397,0.0,4.0,0.0,6,4,2,1,5,0,1,0
203624,4042,0.0,5.0,0.0,2,1,1,1,1,0,1,0
203718,3269,0.0,2.0,0.0,2,1,1,1,0,0,1,1
203746,141,0.0,2.0,0.0,41,15,6,6,37,0,1,3
204430,1031,0.0,0.0,null,50,5,1,3,46,1,3,0
205052,3828,0.0,6.0,0.0,241,140,19,25,224,0,1,16
205056,3965,0.0,3.0,0.0,22,6,1,1,20,0,1,1
205433,625,0.0,2.0,0.0,2,1,1,1,1,0,1,0
205818,1272,0.0,5.0,0.0,10,5,3,5,8,0,1,1
206961,563,0.0,3.0,0.0,2,1,1,1,1,0,1,0
207051,22,0.0,0.0,0.0,3,1,1,1,2,0,1,0
207058,3912,0.0,4.0,2.0,1,1,1,1,0,0,1,0
207290,66,0.0,4.0,1.0,8,1,1,1,6,0,2,0
207676,4992,0.0,4.0,0.0,18,7,1,1,15,0,3,0
207679,141,0.0,4.0,1.0,10,4,2,2,9,0,1,0
207784,1892,1.0,4.0,0.0,4,2,1,1,3,0,1,0
208240,2424,0.0,4.0,0.0,1,1,1,1,0,0,1,0
208306,2562,0.0,2.0,1.0,4,3,1,1,3,0,1,0
20872,1916,0.0,6.0,0.0,3,2,1,1,2,0,1,0
20922,2821,0.0,7.0,0.0,9,1,1,1,7,0,1,1
209332,1310,0.0,3.0,0.0,71,18,10,7,69,0,1,1
209708,2592,1.0,2.0,0.0,5,4,4,2,3,0,2,0
209732,2193,1.0,7.0,1.0,3,1,1,1,2,0,1,0
2101,594,0.0,2.0,0.0,1,1,1,1,0,0,1,0
21024,643,0.0,2.0,0.0,14,8,3,2,12,1,1,0
210661,1840,0.0,5.0,0.0,4,1,1,1,3,0,1,0
210829,151,0.0,3.0,1.0,8,2,1,2,7,0,1,0
211146,4864,0.0,6.0,0.0,9,3,1,3,6,0,1,2
211720,102,1.0,3.0,0.0,5,3,2,2,3,0,2,0
212175,1816,0.0,3.0,0.0,18,9,4,2,17,0,1,0
212308,1131,0.0,3.0,1.0,6,2,1,2,5,0,1,0
212578,2273,0.0,0.0,0.0,20,2,1,3,19,0,1,0
212804,1500,0.0,3.0,0.0,5,2,1,2,4,0,1,0
213606,2031,0.0,3.0,0.0,11,3,1,4,10,0,1,0
213707,3472,0.0,0.0,0.0,7,2,1,2,6,0,1,0
213834,4558,0.0,4.0,0.0,4,1,1,1,3,0,1,0
214061,4173,0.0,3.0,1.0,7,3,2,2,6,0,1,0
214464,1816,0.0,0.0,0.0,16,7,5,1,14,0,2,0
214488,684,0.0,4.0,2.0,2,1,1,1,1,0,1,0
21462,552,0.0,3.0,0.0,5,2,1,2,4,0,1,0
215017,2459,0.0,3.0,0.0,4,1,1,1,3,0,1,0
215168,2652,0.0,5.0,0.0,14,5,4,2,13,0,1,0
215189,606,0.0,3.0,0.0,20,17,6,3,19,0,1,0
215240,4280,0.0,6.0,0.0,10,5,1,1,5,0,4,1
215276,4797,1.0,3.0,1.0,34,15,1,1,32,0,2,0
215525,1916,0.0,0.0,1.0,7,3,1,1,5,0,2,0
216021,3734,0.0,2.0,0.0,4,2,2,2,3,0,1,0
216172,740,0.0,3.0,1.0,3,1,1,1,0,0,3,0
216210,246,0.0,4.0,null,65,50,2,1,62,0,3,0
216631,2360,0.0,3.0,1.0,6,1,1,1,5,0,1,0
216781,4661,0.0,4.0,0.0,5,1,1,1,4,0,1,0
217230,1487,0.0,4.0,0.0,2,2,1,1,1,0,1,0
217710,4444,0.0,5.0,1.0,6,4,1,1,5,0,1,0
217743,1013,0.0,6.0,0.0,1,1,1,1,0,0,1,0
218347,4760,0.0,3.0,0.0,19,3,2,1,17,0,2,0
220062,3925,0.0,3.0,0.0,9,4,3,3,8,0,1,0
220627,2891,0.0,5.0,1.0,3,2,2,1,2,0,1,0
220643,1742,0.0,7.0,0.0,14,10,1,1,13,0,1,0
220756,1839,0.0,4.0,0.0,2,1,1,1,1,0,1,0
220849,2664,0.0,4.0,0.0,1,1,1,1,0,0,1,0
221058,361,0.0,3.0,1.0,5,3,1,1,4,0,1,0
221766,1024,1.0,5.0,0.0,6,2,1,1,5,0,1,0
221774,3420,0.0,0.0,1.0,15,3,1,2,13,0,2,0
221863,3825,0.0,2.0,0.0,29,5,1,3,28,0,1,0
222012,4871,0.0,3.0,1.0,5,1,1,1,3,0,1,1
22210,3419,0.0,0.0,1.0,26,4,1,2,22,0,1,3
222298,4318,0.0,3.0,0.0,5,2,1,1,4,0,1,0
222450,1760,0.0,2.0,0.0,20,10,2,2,17,0,3,0
222518,2255,1.0,6.0,1.0,7,3,3,1,6,0,1,0
222709,2981,0.0,3.0,0.0,18,4,2,1,16,0,1,1
222737,2459,0.0,5.0,1.0,1,1,1,1,0,0,1,0
222992,3396,0.0,3.0,1.0,2,1,1,1,1,0,1,0
223013,4394,0.0,2.0,0.0,2,1,1,1,1,0,1,0
223394,590,0.0,4.0,1.0,3,2,2,3,2,0,1,0
223474,4049,0.0,3.0,0.0,3,2,1,1,2,0,1,0
224148,3925,0.0,4.0,0.0,11,7,2,1,10,0,1,0
225205,2569,0.0,5.0,0.0,19,13,2,2,17,0,2,0
22558,1602,0.0,0.0,1.0,2,1,1,1,1,0,1,0
225631,1049,0.0,2.0,1.0,8,4,3,1,6,0,2,0
225758,2795,0.0,5.0,0.0,2,2,2,1,0,0,2,0
225901,4542,0.0,6.0,0.0,4,1,1,1,3,0,1,0
22598,4071,0.0,2.0,1.0,1,1,1,1,0,0,1,0
226283,2985,0.0,3.0,0.0,2,1,1,1,1,0,1,0
226396,3022,0.0,3.0,1.0,47,29,9,1,40,0,7,0
226630,1841,0.0,5.0,0.0,23,12,5,2,22,0,1,0
22675,1346,0.0,0.0,1.0,10,6,1,3,5,0,1,4
227529,4044,0.0,5.0,0.0,2,1,1,2,1,0,1,0
227538,3159,0.0,2.0,0.0,4,3,2,2,2,0,2,0
228663,4388,1.0,3.0,1.0,7,1,1,1,6,0,1,0
228725,148,0.0,3.0,0.0,10,2,1,2,9,0,1,0
229075,2138,0.0,3.0,0.0,8,2,2,2,6,0,2,0
229363,4978,0.0,0.0,1.0,4,1,1,1,3,0,1,0
229676,4876,0.0,0.0,0.0,3,1,1,1,2,0,1,0
230227,4648,0.0,5.0,0.0,2,1,1,1,1,0,1,0
230257,121,0.0,5.0,0.0,21,13,4,2,18,0,2,1
230435,1557,0.0,3.0,1.0,27,12,4,3,26,0,1,0
230600,1854,0.0,4.0,0.0,5,4,1,1,4,0,1,0
230699,3462,0.0,2.0,0.0,4,1,1,1,3,0,1,0
231883,4894,0.0,3.0,1.0,3,1,1,2,2,0,1,0
232272,4309,0.0,0.0,0.0,5,1,1,2,3,0,1,1
233229,4536,0.0,3.0,0.0,1,1,1,1,0,0,1,0
233560,4044,0.0,0.0,0.0,26,11,3,1,19,0,1,6
233655,396,0.0,2.0,0.0,3,1,1,2,2,0,1,0
234267,4438,0.0,4.0,null,2,1,1,2,1,0,1,0
235116,2582,0.0,3.0,1.0,59,17,2,5,55,0,2,2
235272,2068,0.0,0.0,0.0,12,1,1,4,9,0,3,0
235459,4955,0.0,0.0,0.0,1,1,1,1,0,0,1,0
235555,1477,0.0,3.0,1.0,3,1,1,1,2,0,1,0
235862,2051,0.0,2.0,0.0,3,1,1,1,2,0,1,0
236044,720,0.0,2.0,0.0,2,1,1,2,1,0,1,0
236262,915,0.0,5.0,null,21,4,2,3,20,0,1,0
237364,4836,0.0,2.0,0.0,36,17,5,1,35,0,1,0
237517,3762,0.0,0.0,0.0,3,1,1,1,2,0,1,0
237658,361,0.0,3.0,1.0,33,16,2,1,31,0,1,1
237893,2988,0.0,3.0,0.0,9,3,1,2,7,0,2,0
238470,4765,0.0,0.0,1.0,5,2,2,1,4,0,1,0
238471,2020,0.0,5.0,1.0,7,4,1,1,6,0,1,0
238725,4659,0.0,3.0,0.0,1,1,1,1,0,0,1,0
239050,4173,0.0,0.0,0.0,34,22,6,2,33,0,1,0
239200,1268,0.0,4.0,1.0,6,3,2,2,3,0,3,0
239233,1752,0.0,3.0,0.0,16,6,4,2,13,0,3,0
239510,1452,0.0,0.0,0.0,24,8,2,5,22,0,1,1
24026,42,0.0,0.0,0.0,1,1,1,1,0,0,1,0
240483,4370,0.0,2.0,0.0,12,3,3,2,11,0,1,0
240601,1713,0.0,0.0,0.0,8,6,2,2,7,0,1,0
240693,4540,0.0,0.0,1.0,5,1,1,1,3,0,1,1
240932,4658,0.0,3.0,0.0,10,4,1,1,9,0,1,0
241106,121,0.0,5.0,0.0,3,1,1,1,2,0,1,0
241272,1618,0.0,7.0,0.0,28,8,2,1,27,0,1,0
241305,1541,0.0,0.0,1.0,3,1,1,1,2,0,1,0
241596,2891,0.0,3.0,0.0,1,1,1,1,0,0,1,0
241814,4265,0.0,4.0,1.0,6,3,2,3,5,0,1,0
242017,2511,0.0,0.0,0.0,5,1,1,1,4,0,1,0
242245,2225,0.0,4.0,0.0,21,10,4,2,18,0,2,1
242287,35,0.0,4.0,0.0,10,5,4,1,7,0,3,0
242454,148,0.0,5.0,1.0,1,1,1,1,0,0,1,0
242573,649,0.0,7.0,1.0,33,6,1,4,32,0,1,0
242632,2537,0.0,0.0,0.0,2,1,1,1,1,0,1,0
242677,3734,0.0,2.0,1.0,7,3,2,1,6,0,1,0
242956,1272,0.0,3.0,0.0,35,13,3,3,34,0,1,0
243151,3839,0.0,0.0,0.0,86,35,2,4,85,0,1,0
243232,2891,0.0,2.0,1.0,8,4,2,1,7,0,1,0
243290,685,0.0,5.0,0.0,40,14,2,1,38,0,2,0
244758,412,0.0,0.0,0.0,14,3,3,1,10,0,4,0
244903,3734,1.0,7.0,1.0,11,3,2,1,10,0,1,0
245423,3609,0.0,6.0,0.0,6,3,1,1,4,0,2,0
245766,1393,0.0,3.0,0.0,43,21,8,4,39,0,1,3
245826,3205,0.0,4.0,0.0,24,11,5,1,13,0,3,8
246252,1661,0.0,6.0,1.0,8,1,1,5,6,0,1,1
246296,2545,0.0,3.0,1.0,6,2,1,1,5,0,1,0
246338,1557,0.0,4.0,1.0,30,17,7,4,27,0,3,0
246539,793,0.0,4.0,0.0,4,1,1,1,3,0,1,0
246555,2273,0.0,0.0,0.0,9,1,1,2,7,0,1,1
246914,1999,1.0,0.0,1.0,11,7,1,1,10,0,1,0
247052,4044,0.0,2.0,0.0,22,12,2,5,21,0,1,0
247273,4558,0.0,3.0,0.0,6,2,1,1,4,0,2,0
247977,1470,0.0,3.0,1.0,7,2,1,2,5,0,1,1
248521,4847,1.0,5.0,0.0,12,5,3,2,8,0,4,0
248681,742,0.0,3.0,1.0,5,1,1,3,4,0,1,0
24875,2140,1.0,0.0,0.0,1,1,1,1,0,0,1,0
249393,2140,0.0,5.0,0.0,68,9,1,3,60,0,4,4
249411,4043,0.0,3.0,0.0,32,7,4,10,29,0,3,0
249854,4143,0.0,4.0,0.0,24,11,8,5,23,0,1,0
250351,1708,0.0,2.0,1.0,24,6,3,6,22,0,1,1
250719,310,0.0,4.0,0.0,2,1,1,1,1,0,1,0
250926,4026,0.0,0.0,0.0,2,1,1,1,1,0,1,0
251044,437,0.0,3.0,1.0,5,1,1,2,4,0,1,0
251513,2273,0.0,0.0,0.0,3,1,1,1,2,0,1,0
251661,1102,0.0,0.0,0.0,2,1,1,1,1,0,1,0
251675,3968,0.0,3.0,0.0,13,4,3,2,12,0,1,0
252104,4124,0.0,0.0,0.0,3,1,1,1,2,0,1,0
252255,4760,0.0,3.0,1.0,43,17,6,1,37,0,3,3
252410,784,1.0,2.0,0.0,2,1,1,1,1,0,1,0
252426,2545,0.0,2.0,0.0,13,3,1,2,12,0,1,0
252526,4044,0.0,3.0,0.0,11,7,3,4,9,0,1,1
252701,2954,0.0,3.0,0.0,8,3,3,2,6,0,2,0
252836,203,0.0,3.0,1.0,4,1,1,2,1,0,2,1
252853,4818,0.0,0.0,0.0,2,1,1,2,0,0,1,1
252874,3645,0.0,3.0,0.0,4,1,1,1,3,0,1,0
252940,1393,1.0,5.0,0.0,3,2,1,1,1,0,2,0
253293,2935,0.0,3.0,1.0,11,3,2,3,9,0,1,1
253576,3955,0.0,4.0,0.0,12,4,2,3,9,0,1,2
253750,1839,0.0,5.0,0.0,27,21,12,3,26,0,1,0
254780,718,0.0,0.0,1.0,6,1,1,1,5,0,1,0
254973,1850,0.0,0.0,0.0,22,10,8,3,16,0,6,0
255057,1167,0.0,0.0,0.0,4,1,1,1,2,0,1,1
255113,794,0.0,4.0,0.0,6,2,1,1,5,0,1,0
25515,350,1.0,4.0,0.0,5,1,1,1,4,0,1,0
255778,2108,0.0,2.0,null,5,2,1,1,4,0,1,0
256083,4808,0.0,2.0,1.0,5,1,1,2,4,0,1,0
256991,2278,0.0,2.0,0.0,3,1,1,1,2,0,1,0
257345,3839,0.0,0.0,1.0,1,1,1,1,0,0,1,0
257479,1000,0.0,4.0,0.0,23,7,2,5,16,0,1,6
257607,66,1.0,0.0,1.0,3,1,1,1,1,0,2,0
257797,724,0.0,0.0,1.0,16,2,1,1,15,0,1,0
258207,3098,0.0,6.0,null,1,1,1,1,0,0,1,0
258248,1486,1.0,6.0,1.0,37,7,2,3,35,0,2,0
258286,1916,0.0,0.0,0.0,4,2,1,1,3,0,1,0
258326,4050,0.0,3.0,1.0,6,1,1,1,5,0,1,0
258518,2473,0.0,2.0,1.0,1,1,1,1,0,0,1,0
258672,3609,0.0,4.0,0.0,2,1,1,1,0,0,1,1
258737,3954,0.0,2.0,1.0,2,1,1,1,1,0,1,0
258869,1885,0.0,6.0,0.0,7,1,1,2,6,0,1,0
259321,4394,0.0,6.0,0.0,1,1,1,1,0,0,1,0
259969,2767,0.0,3.0,1.0,2,1,1,1,0,0,1,1
260401,3983,0.0,3.0,2.0,4,2,1,1,3,0,1,0
261525,92,1.0,5.0,0.0,2,1,1,1,1,0,1,0
261564,323,0.0,5.0,0.0,8,1,1,3,6,0,1,1
261997,2278,0.0,2.0,0.0,8,1,1,2,7,0,1,0
262077,3990,0.0,0.0,0.0,4,1,1,2,3,0,1,0
262299,4760,0.0,3.0,1.0,12,5,4,2,10,0,2,0
262861,798,0.0,0.0,0.0,19,4,3,2,17,0,1,1
263272,4287,0.0,3.0,1.0,5,2,1,1,3,0,2,0
263514,4438,0.0,5.0,0.0,8,2,1,2,7,0,1,0
263917,297,0.0,3.0,0.0,5,3,2,1,4,0,1,0
263959,1742,0.0,3.0,0.0,6,1,1,1,4,0,1,1
264009,3956,1.0,4.0,0.0,26,6,4,2,23,0,3,0
264042,3173,0.0,3.0,1.0,20,8,3,2,11,0,7,2
264047,3578,0.0,3.0,0.0,13,7,2,4,12,0,1,0
264080,2273,0.0,2.0,0.0,4,1,1,1,2,0,1,1
264200,1427,0.0,2.0,0.0,4,1,1,1,3,0,1,0
264425,3839,0.0,3.0,0.0,25,10,1,3,22,0,1,2
264483,3586,0.0,5.0,0.0,7,4,4,1,5,0,2,0
264562,4919,0.0,0.0,0.0,1,1,1,1,0,0,1,0
264642,2886,1.0,5.0,null,9,5,2,1,7,0,1,1
264786,1016,0.0,3.0,1.0,8,1,1,1,7,0,1,0
265346,4044,0.0,3.0,0.0,7,2,2,1,6,0,1,0
265541,1340,0.0,6.0,0.0,4,1,1,1,3,0,1,0
265827,415,0.0,3.0,1.0,5,3,1,1,4,0,1,0
265845,2565,0.0,2.0,0.0,7,3,2,1,6,0,1,0
26643,4793,0.0,2.0,1.0,5,1,1,1,2,0,2,1
266822,1239,0.0,4.0,1.0,2,1,1,2,1,0,1,0
267081,323,0.0,4.0,0.0,1,1,1,1,0,0,1,0
267435,3734,0.0,0.0,1.0,26,9,3,3,20,0,1,5
267681,3230,0.0,7.0,1.0,6,2,1,1,5,0,1,0
267726,1203,0.0,4.0,0.0,3,1,1,1,2,0,1,0
268507,467,0.0,4.0,2.0,13,9,4,1,11,0,2,0
268639,2138,0.0,6.0,0.0,8,5,3,4,1,0,2,5
268717,2954,0.0,4.0,0.0,9,6,4,1,8,0,1,0
268972,1131,0.0,3.0,1.0,26,11,7,2,21,0,1,4
269014,2582,0.0,3.0,1.0,12,2,1,2,10,0,1,1
269126,4042,0.0,0.0,0.0,2,1,1,1,0,0,2,0
269155,4605,0.0,0.0,0.0,1,1,1,1,0,0,1,0
269161,4173,0.0,0.0,1.0,18,7,2,1,17,0,1,0
269617,829,0.0,7.0,0.0,13,5,2,3,11,0,1,1
269732,1050,0.0,0.0,1.0,2,1,1,1,1,0,1,0
269903,2193,0.0,0.0,1.0,10,4,3,1,9,0,1,0
270138,1673,0.0,0.0,0.0,22,13,2,5,20,0,1,1
27058,4044,0.0,2.0,0.0,6,4,3,3,0,0,1,5
270619,4090,0.0,0.0,0.0,1,1,1,1,0,0,1,0
27064,4480,1.0,0.0,0.0,45,18,2,2,42,0,3,0
270970,1618,0.0,5.0,0.0,5,1,1,4,4,0,1,0
271098,2849,0.0,6.0,0.0,93,48,11,8,90,0,2,1
272233,3545,0.0,0.0,1.0,1,1,1,1,0,0,1,0
272678,3319,0.0,0.0,1.0,3,1,1,1,2,0,1,0
273184,1661,0.0,4.0,0.0,5,1,1,2,4,0,1,0
273215,4659,0.0,4.0,0.0,4,4,2,1,0,0,4,0
273564,3828,0.0,3.0,0.0,12,7,5,4,11,0,1,0
274476,1910,0.0,3.0,0.0,12,5,1,1,11,0,1,0
274480,2664,0.0,0.0,1.0,12,7,2,4,10,0,2,0
274730,2981,0.0,0.0,0.0,7,1,1,1,6,0,1,0
275010,3080,0.0,3.0,0.0,17,5,2,1,16,0,1,0
275188,2664,0.0,3.0,0.0,18,11,1,1,16,0,2,0
275475,4044,0.0,2.0,0.0,33,19,7,4,30,0,1,2
27564,301,0.0,0.0,1.0,4,2,1,1,3,0,1,0
275979,437,0.0,3.0,0.0,1,1,1,1,0,0,1,0
276180,4044,0.0,3.0,0.0,1,1,1,1,0,0,1,0
276556,1899,1.0,0.0,0.0,45,19,8,2,35,0,10,0
276686,361,0.0,3.0,0.0,1,1,1,1,0,0,1,0
276730,4044,0.0,3.0,0.0,56,25,6,2,44,0,3,9
276849,2108,0.0,3.0,1.0,4,1,1,1,3,0,1,0
277235,2318,0.0,2.0,1.0,5,2,1,1,4,0,1,0
277582,148,0.0,4.0,1.0,4,1,1,1,1,0,3,0
277777,3258,0.0,4.0,0.0,10,5,4,2,8,0,1,1
278094,2952,0.0,2.0,1.0,9,3,1,1,8,0,1,0
278102,4525,0.0,0.0,0.0,13,10,2,2,11,0,2,0
278148,1707,0.0,6.0,0.0,8,3,2,2,7,0,1,0
278231,794,0.0,3.0,1.0,26,12,2,2,24,0,1,1
278371,1432,0.0,2.0,1.0,3,1,1,1,2,0,1,0
27854,3835,0.0,0.0,0.0,5,1,1,2,4,0,1,0
278673,416,1.0,0.0,0.0,23,12,5,2,19,0,3,1
279189,1892,0.0,4.0,0.0,38,14,5,3,33,0,4,1
279341,1499,0.0,4.0,0.0,6,2,1,2,4,0,1,1
27943,590,0.0,0.0,0.0,2,1,1,1,1,0,1,0
279497,2550,0.0,4.0,1.0,11,5,1,1,9,0,2,0
279566,141,0.0,4.0,0.0,3,3,2,1,0,0,3,0
280849,4219,0.0,0.0,0.0,2,1,1,1,1,0,1,0
280982,4882,0.0,4.0,1.0,2,2,1,1,0,0,2,0
281328,2217,0.0,4.0,1.0,1,1,1,1,0,0,1,0
281531,1495,0.0,0.0,0.0,15,10,2,1,14,0,1,0
281919,1978,0.0,0.0,0.0,3,1,1,1,2,0,1,0
28205,4280,0.0,3.0,0.0,4,3,1,2,2,0,2,0
282105,3642,0.0,3.0,0.0,7,4,1,1,6,0,1,0
282190,2124,0.0,0.0,0.0,3,1,1,1,2,0,1,0
282200,2273,0.0,6.0,0.0,13,7,1,3,11,0,1,1
282439,278,0.0,2.0,0.0,10,3,2,2,9,0,1,0
283068,3828,1.0,3.0,0.0,32,14,4,8,26,0,1,5
283123,2613,0.0,3.0,0.0,3,1,1,1,2,0,1,0
283318,1840,0.0,5.0,0.0,1,1,1,1,0,0,1,0
283509,4170,0.0,4.0,0.0,13,6,1,2,12,0,1,0
283820,1742,0.0,4.0,0.0,3,1,1,1,2,0,1,0
284907,2916,0.0,3.0,1.0,2,1,1,1,1,0,1,0
284924,4444,0.0,6.0,0.0,5,2,1,1,3,0,2,0
285554,608,0.0,4.0,2.0,25,9,2,2,22,0,3,0
285735,323,0.0,6.0,0.0,5,1,1,1,4,0,1,0
285756,1726,1.0,2.0,0.0,5,1,1,2,3,0,1,1
286531,3974,0.0,0.0,0.0,4,2,1,1,3,0,1,0
28666,643,0.0,0.0,0.0,22,11,5,6,21,0,1,0
286681,3791,0.0,3.0,1.0,2,1,1,1,1,0,1,0
286801,396,0.0,4.0,0.0,4,1,1,1,3,0,1,0
287190,4219,0.0,4.0,0.0,2,1,1,1,1,0,1,0
28774,3093,0.0,4.0,0.0,4,1,1,1,2,0,1,1
288257,2102,0.0,3.0,0.0,7,3,2,1,5,0,2,0
288258,2821,0.0,3.0,1.0,6,1,1,1,4,0,1,1
288611,2047,0.0,7.0,0.0,8,5,1,1,7,0,1,0
28878,2928,0.0,3.0,0.0,17,9,4,3,16,0,1,0
289357,3936,0.0,4.0,1.0,11,3,2,2,10,0,1,0
289449,4492,0.0,3.0,0.0,14,3,1,3,13,0,1,0
290487,10,0.0,4.0,1.0,2,1,1,1,1,0,1,0
290580,3022,0.0,2.0,1.0,1,1,1,1,0,0,1,0
29064,1056,0.0,4.0,1.0,12,5,3,3,10,0,1,1
291055,1900,0.0,6.0,1.0,6,1,1,2,4,0,1,1
291411,1077,0.0,3.0,0.0,21,7,2,1,18,0,3,0
291843,1342,0.0,2.0,0.0,4,1,1,1,2,0,2,0
292,3828,0.0,4.0,0.0,6,2,2,1,5,0,1,0
292272,1556,0.0,0.0,0.0,3,2,2,1,2,0,1,0
292344,2128,0.0,3.0,0.0,1,1,1,1,0,0,1,0
292646,4718,0.0,5.0,1.0,6,1,1,3,4,0,1,1
293127,1067,0.0,0.0,1.0,7,2,1,2,5,1,1,0
293144,4926,0.0,5.0,2.0,18,4,4,6,14,0,1,3
293434,4090,0.0,7.0,0.0,10,1,1,2,8,0,1,1
29345,1673,0.0,4.0,1.0,3,1,1,1,2,0,1,0
294063,1031,0.0,3.0,0.0,8,6,1,3,6,0,2,0
294180,3041,0.0,5.0,0.0,3,1,1,1,2,0,1,0
294833,3844,0.0,0.0,1.0,2,1,1,1,1,0,1,0
294959,1412,0.0,5.0,0.0,10,2,2,4,8,0,1,1
294987,4710,0.0,0.0,0.0,4,1,1,2,3,0,1,0
295051,3734,0.0,2.0,1.0,28,14,7,2,27,0,1,0
295366,3910,0.0,4.0,0.0,22,13,4,3,15,0,5,2
295967,66,0.0,6.0,0.0,4,1,1,1,3,0,1,0
295999,3472,0.0,2.0,1.0,3,1,1,1,2,0,1,0
29631,4394,0.0,6.0,0.0,5,1,1,1,4,0,1,0
29671,265,0.0,5.0,0.0,14,7,1,1,12,0,2,0
296990,4739,0.0,2.0,0.0,4,1,1,1,3,0,1,0
297669,2036,0.0,3.0,0.0,2,1,1,1,1,0,1,0
298126,2128,0.0,2.0,1.0,4,1,1,1,3,0,1,0
298481,4871,0.0,6.0,0.0,1,1,1,1,0,0,1,0
298574,3420,0.0,6.0,0.0,2,1,1,1,1,0,1,0
298736,3057,0.0,2.0,0.0,11,5,3,1,10,0,1,0
298787,372,0.0,6.0,1.0,2,1,1,1,1,0,1,0
299098,1851,0.0,2.0,0.0,3,1,1,1,2,0,1,0
299253,2994,0.0,2.0,0.0,5,1,1,1,4,0,1,0
299318,4049,0.0,5.0,2.0,3,1,1,1,2,0,1,0
30000,3955,0.0,2.0,0.0,83,17,2,6,78,0,1,4
300278,1356,0.0,3.0,0.0,9,5,2,2,6,0,1,2
300366,4508,1.0,3.0,1.0,4,1,1,1,3,0,1,0
30053,4545,0.0,6.0,0.0,34,12,1,14,30,0,1,3
301026,4198,0.0,3.0,1.0,3,1,1,1,2,0,1,0
301086,350,0.0,4.0,1.0,41,3,1,3,38,0,1,2
301267,332,0.0,0.0,0.0,1,1,1,1,0,0,1,0
302072,4659,0.0,3.0,1.0,9,3,2,2,3,0,3,3
302114,3460,0.0,0.0,1.0,2,1,1,1,1,0,1,0
302256,4143,0.0,6.0,0.0,35,13,5,3,33,0,2,0
303167,4173,0.0,0.0,0.0,2,1,1,1,1,0,1,0
303512,2916,0.0,6.0,0.0,3,1,1,1,1,0,2,0
304127,4413,0.0,5.0,1.0,4,2,1,1,2,0,2,0
304831,3839,0.0,0.0,1.0,2,1,1,1,1,0,1,0
3057,2559,0.0,5.0,2.0,9,2,1,3,8,0,1,0
30692,2078,0.0,6.0,1.0,7,2,1,2,3,0,3,1
307224,114,0.0,4.0,0.0,15,5,1,2,14,0,1,0
307431,4394,0.0,4.0,1.0,4,1,1,2,3,0,1,0
307532,3098,0.0,0.0,0.0,3,1,1,1,2,0,1,0
307589,1695,0.0,3.0,0.0,3,1,1,3,2,0,1,0
307690,740,0.0,3.0,1.0,7,4,2,1,4,0,3,0
307894,3240,0.0,3.0,0.0,1,1,1,1,0,0,1,0
307926,818,0.0,3.0,0.0,15,6,1,1,14,0,1,0
308331,2361,0.0,4.0,0.0,2,1,1,1,0,0,1,1
309049,4406,0.0,0.0,0.0,4,1,1,1,2,0,2,0
309101,1890,0.0,0.0,0.0,4,1,1,1,3,0,1,0
309149,4976,0.0,0.0,0.0,12,6,4,2,11,0,1,0
310179,3965,0.0,3.0,1.0,1,1,1,1,0,0,1,0
310202,1096,0.0,3.0,0.0,1,1,1,1,0,0,1,0
310252,742,0.0,6.0,0.0,13,7,2,2,12,0,1,0
310300,66,0.0,3.0,1.0,3,1,1,1,2,0,1,0
311069,4864,0.0,4.0,0.0,6,4,3,1,5,0,1,0
311207,4976,0.0,3.0,0.0,28,12,5,6,25,0,1,2
311621,621,0.0,2.0,1.0,4,2,1,1,2,0,2,0
311772,1884,0.0,4.0,2.0,11,5,2,1,7,0,2,2
31199,416,0.0,6.0,0.0,9,5,4,4,7,0,1,1
312051,2872,0.0,4.0,1.0,7,1,1,3,5,0,1,1
312092,4982,0.0,3.0,1.0,5,2,2,1,3,0,2,0
312351,3822,0.0,4.0,1.0,6,1,1,1,5,0,1,0
312379,586,0.0,3.0,0.0,44,29,4,3,37,0,7,0
312683,4894,0.0,3.0,0.0,2,1,1,1,1,0,1,0
312803,4062,0.0,3.0,0.0,5,3,2,2,3,0,1,1
313548,1356,0.0,5.0,0.0,1,1,1,1,0,0,1,0
314043,3524,0.0,0.0,1.0,2,1,1,1,1,0,1,0
314418,121,1.0,0.0,0.0,156,89,11,29,144,0,1,11
314568,3990,0.0,3.0,1.0,45,18,7,3,43,0,1,1
314694,4991,0.0,3.0,1.0,1,1,1,1,0,0,1,0
315080,1393,1.0,4.0,2.0,130,82,15,11,126,0,4,0
315106,1393,0.0,0.0,0.0,24,16,6,3,23,0,1,0
31536,1340,0.0,0.0,0.0,8,6,3,2,7,0,1,0
315835,590,0.0,3.0,0.0,11,9,4,1,10,0,1,0
316682,3291,0.0,3.0,2.0,6,2,1,1,5,0,1,0
316706,4091,0.0,5.0,1.0,4,2,1,1,3,0,1,0
316773,4043,0.0,4.0,0.0,5,4,3,5,1,0,1,3
316835,1944,0.0,3.0,0.0,22,13,7,3,19,0,1,2
317627,1557,0.0,4.0,0.0,5,1,1,1,4,0,1,0
318948,748,0.0,3.0,1.0,6,1,1,2,5,0,1,0
319117,2194,1.0,0.0,1.0,3,1,1,1,2,0,1,0
319395,2217,0.0,0.0,1.0,9,1,1,4,7,0,1,1
32015,2721,0.0,7.0,1.0,15,12,1,1,14,0,1,0
320965,259,0.0,2.0,0.0,3,1,1,1,2,0,1,0
32113,4287,0.0,0.0,0.0,3,1,1,1,2,0,1,0
321226,1610,0.0,2.0,1.0,15,4,2,1,14,0,1,0
322483,598,0.0,3.0,null,7,2,1,1,5,0,2,0
322894,2482,0.0,4.0,1.0,6,2,2,1,4,0,2,0
323745,4186,0.0,3.0,0.0,35,6,1,5,34,0,1,0
32401,3205,0.0,4.0,0.0,16,10,5,4,15,0,1,0
324037,63,0.0,4.0,0.0,1,1,1,1,0,0,1,0
324116,793,0.0,6.0,0.0,7,2,1,4,5,0,1,1
324515,1457,0.0,4.0,1.0,20,2,2,4,19,0,1,0
324648,481,0.0,3.0,1.0,4,2,2,1,3,0,1,0
324682,426,0.0,3.0,1.0,7,2,1,2,6,0,1,0
325039,416,0.0,0.0,0.0,7,1,1,1,6,0,1,0
32514,4992,0.0,4.0,1.0,3,1,1,2,2,0,1,0
325335,1318,0.0,3.0,0.0,20,10,4,1,16,0,4,0
326134,1760,0.0,2.0,0.0,34,13,2,4,30,0,1,3
326431,606,0.0,4.0,1.0,2,1,1,1,1,0,1,0
326684,63,0.0,3.0,0.0,12,2,2,2,11,0,1,0
327303,3822,0.0,4.0,0.0,14,4,2,4,12,0,2,0
327659,1892,0.0,4.0,0.0,210,75,16,5,201,0,9,0
328802,682,0.0,3.0,1.0,15,6,1,2,14,0,1,0
329183,4744,0.0,0.0,0.0,4,1,1,2,3,0,1,0
329744,1081,0.0,0.0,0.0,7,1,1,1,6,0,1,0
330187,2036,0.0,2.0,1.0,2,1,1,2,0,0,1,1
330262,3304,0.0,5.0,0.0,21,11,4,2,20,0,1,0
330297,4171,0.0,5.0,0.0,7,1,1,1,2,0,5,0
330313,4044,0.0,3.0,0.0,62,20,2,5,56,0,1,5
330402,4044,0.0,6.0,0.0,8,1,1,2,7,0,1,0
330788,2459,0.0,4.0,1.0,8,1,1,2,7,0,1,0
331597,4044,0.0,3.0,0.0,32,19,9,2,29,0,3,0
331716,1102,0.0,4.0,0.0,31,6,5,5,29,0,2,0
33189,1861,0.0,2.0,0.0,2,1,1,1,1,0,1,0
331910,1093,0.0,3.0,0.0,6,2,1,1,5,0,1,0
332218,2698,0.0,2.0,0.0,5,1,1,1,4,0,1,0
332664,1892,0.0,0.0,1.0,22,9,5,2,21,0,1,0
332740,2275,0.0,5.0,0.0,15,7,4,1,12,0,3,0
333579,3828,0.0,0.0,0.0,7,6,6,1,6,0,1,0
333775,2099,0.0,3.0,1.0,2,1,1,1,1,0,1,0
333875,3055,1.0,3.0,0.0,2,1,1,1,1,0,1,0
333901,2138,0.0,0.0,0.0,3,2,2,2,2,0,1,0
333962,4408,0.0,7.0,0.0,8,2,1,4,7,0,1,0
334,3968,0.0,2.0,0.0,6,2,2,2,4,0,1,1
334113,2273,0.0,4.0,1.0,18,2,1,4,15,1,1,1
334434,3462,0.0,0.0,0.0,7,1,1,3,6,0,1,0
334905,1692,0.0,2.0,1.0,11,3,1,2,9,0,1,1
335473,4043,1.0,4.0,2.0,8,3,2,2,6,0,2,0
335637,2217,0.0,4.0,0.0,16,3,1,1,13,0,3,0
335678,4044,0.0,0.0,2.0,30,13,10,3,29,0,1,0
336383,3925,0.0,6.0,0.0,5,5,2,2,4,0,1,0
336659,4585,0.0,4.0,1.0,11,7,2,1,10,0,1,0
337763,3828,0.0,5.0,0.0,32,27,15,4,31,0,1,0
338307,748,0.0,0.0,0.0,4,1,1,1,3,0,1,0
338507,606,0.0,2.0,0.0,30,23,11,3,29,0,1,0
339308,588,0.0,0.0,0.0,12,2,1,2,8,1,1,2
339471,3727,0.0,4.0,0.0,4,2,1,1,3,0,1,0
340220,4385,0.0,0.0,0.0,8,3,1,3,6,1,1,0
340264,1501,0.0,0.0,0.0,4,3,2,2,3,0,1,0
340527,3623,0.0,3.0,0.0,9,7,2,1,8,0,1,0
340612,1435,0.0,3.0,1.0,2,2,1,2,1,0,1,0
34065,4958,0.0,3.0,1.0,1,1,1,1,0,0,1,0
340723,2036,1.0,0.0,0.0,7,2,2,3,6,0,1,0
34106,3623,0.0,0.0,0.0,6,1,1,1,5,0,1,0
341195,786,0.0,0.0,0.0,4,3,2,2,0,0,1,3
341403,3965,0.0,0.0,0.0,8,2,1,1,4,0,4,0
34237,1000,0.0,5.0,0.0,2,1,1,1,1,0,1,0
342986,1890,0.0,3.0,0.0,5,3,2,2,3,0,1,1
343019,2592,0.0,2.0,0.0,3,1,1,1,2,0,1,0
34313,1597,0.0,0.0,0.0,6,4,2,2,4,0,2,0
343239,643,0.0,0.0,0.0,68,33,10,5,66,0,2,0
343517,4708,0.0,4.0,1.0,5,5,4,1,1,0,4,0
343538,1434,0.0,0.0,0.0,7,2,1,2,5,0,1,1
343904,3472,0.0,0.0,0.0,4,4,4,2,0,0,3,1
34408,1892,0.0,4.0,0.0,51,31,5,1,50,0,1,0
34416,2746,0.0,3.0,0.0,5,3,2,2,4,0,1,0
344448,3835,0.0,4.0,0.0,11,7,4,1,10,0,1,0
345319,1588,0.0,5.0,0.0,28,20,8,2,27,0,1,0
345367,4394,0.0,4.0,0.0,9,5,1,1,8,0,1,0
345429,2158,0.0,0.0,0.0,6,4,3,2,3,0,3,0
345484,4558,0.0,2.0,0.0,5,2,1,1,3,0,2,0
345600,1833,0.0,3.0,1.0,2,1,1,1,1,0,1,0
345792,598,0.0,2.0,0.0,7,2,1,3,5,0,1,1
346079,4847,1.0,2.0,0.0,61,41,10,8,57,0,1,3
347474,2173,0.0,0.0,0.0,9,3,1,2,7,0,2,0
347528,1749,0.0,4.0,1.0,9,6,4,1,7,0,2,0
347703,1346,0.0,4.0,1.0,6,1,1,1,4,0,1,1
34795,3536,1.0,4.0,0.0,3,1,1,1,2,0,1,0
348020,1840,0.0,0.0,0.0,2,1,1,1,1,0,1,0
348968,4687,0.0,3.0,0.0,4,1,1,2,3,0,1,0
349409,3301,0.0,5.0,0.0,4,1,1,1,3,0,1,0
350511,2935,0.0,0.0,1.0,3,1,1,1,2,0,1,0
350587,3291,0.0,2.0,0.0,8,2,2,3,6,0,1,1
351124,946,0.0,4.0,1.0,1,1,1,1,0,0,1,0
351350,742,0.0,0.0,0.0,3,2,2,1,2,0,1,0
351687,946,1.0,4.0,2.0,9,4,1,3,8,0,1,0
351988,4079,0.0,0.0,0.0,9,1,1,2,7,0,2,0
352155,4044,0.0,0.0,0.0,6,3,2,2,5,0,1,0
35248,3753,0.0,3.0,0.0,7,2,1,1,6,0,1,0
352834,1281,0.0,6.0,1.0,2,1,1,1,1,0,1,0
353154,4198,0.0,4.0,0.0,4,2,2,1,2,0,2,0
353240,3472,0.0,5.0,0.0,7,3,2,1,6,0,1,0
353446,3541,0.0,3.0,1.0,4,1,1,3,3,0,1,0
353455,4525,0.0,6.0,0.0,2,1,1,1,1,0,1,0
353895,968,0.0,0.0,0.0,6,3,2,2,5,0,1,0
354277,1079,0.0,3.0,0.0,4,3,1,1,3,0,1,0
354637,748,1.0,4.0,1.0,4,2,1,1,3,0,1,0
354816,4044,0.0,3.0,0.0,11,4,4,3,8,0,2,1
355212,2273,0.0,4.0,0.0,5,3,2,1,4,0,1,0
355532,1642,0.0,5.0,0.0,5,1,1,1,4,0,1,0
355653,1999,1.0,3.0,1.0,7,2,1,2,5,0,1,1
355812,1216,0.0,0.0,0.0,4,4,4,1,1,0,3,0
355917,1884,0.0,5.0,1.0,4,1,1,1,3,0,1,0
356190,301,1.0,0.0,0.0,7,1,1,1,6,0,1,0
356465,951,0.0,3.0,0.0,30,9,1,7,28,0,1,1
356863,2273,0.0,4.0,0.0,3,1,1,2,1,0,1,1
357216,2403,0.0,3.0,2.0,15,9,2,1,13,0,2,0
357307,1581,0.0,4.0,0.0,4,4,1,1,0,0,4,0
357409,4173,0.0,0.0,0.0,18,4,2,1,17,0,1,0
357730,3971,0.0,3.0,1.0,1,1,1,1,0,0,1,0
357926,2883,0.0,3.0,0.0,14,6,2,2,12,0,2,0
358016,4754,0.0,6.0,1.0,3,2,2,1,2,0,1,0
358201,606,0.0,3.0,0.0,26,17,7,4,25,0,1,0
358689,951,1.0,7.0,0.0,2,2,1,1,0,0,2,0
35880,4173,0.0,3.0,1.0,10,8,5,5,9,0,1,0
359182,1570,0.0,6.0,0.0,10,4,3,1,9,0,1,0
359486,4394,0.0,0.0,0.0,4,1,1,2,2,0,1,1
359648,2489,0.0,0.0,0.0,3,1,1,1,2,0,1,0
360011,145,0.0,3.0,0.0,8,2,1,2,6,0,1,1
36006,2768,0.0,4.0,0.0,25,13,6,4,21,0,3,1
360484,4044,0.0,5.0,0.0,5,3,2,1,3,0,2,0
360610,402,0.0,4.0,0.0,3,1,1,1,2,0,1,0
360617,4265,0.0,3.0,0.0,9,4,4,3,8,0,1,0
36064,2447,0.0,3.0,1.0,10,3,2,2,9,0,1,0
360847,742,0.0,0.0,1.0,2,1,1,1,1,0,1,0
360857,3319,0.0,0.0,0.0,23,8,1,6,22,0,1,0
36097,750,0.0,0.0,0.0,4,1,1,1,3,0,1,0
361067,67,0.0,5.0,0.0,14,5,1,2,13,0,1,0
361202,3619,0.0,0.0,0.0,6,1,1,1,5,0,1,0
362164,1878,0.0,7.0,0.0,7,1,1,1,6,0,1,0
36232,3628,0.0,3.0,0.0,3,2,1,2,2,0,1,0
362657,2,0.0,0.0,1.0,2,1,1,1,1,0,1,0
362660,2093,0.0,3.0,1.0,4,1,1,1,2,0,2,0
363592,2108,0.0,5.0,0.0,2,1,1,1,1,0,1,0
36458,1679,0.0,5.0,2.0,2,2,2,1,0,0,2,0
364913,1415,1.0,3.0,0.0,20,5,2,1,17,0,3,0
365640,4234,0.0,5.0,1.0,10,2,2,2,9,0,1,0
366528,547,0.0,5.0,1.0,3,2,2,2,0,0,1,2
366658,3984,0.0,6.0,0.0,4,1,1,1,3,0,1,0
366659,227,0.0,0.0,0.0,2,1,1,1,1,0,1,0
366768,2273,0.0,5.0,0.0,79,5,1,4,74,0,1,4
366830,3609,0.0,0.0,1.0,4,2,1,1,3,0,1,0
366870,3965,1.0,0.0,0.0,1,1,1,1,0,0,1,0
367043,3835,0.0,5.0,0.0,4,1,1,1,3,0,1,0
367162,3578,0.0,2.0,0.0,10,4,1,4,9,0,1,0
367214,2928,0.0,4.0,1.0,9,1,1,1,8,0,1,0
367216,4457,0.0,2.0,1.0,3,1,1,2,2,0,1,0
367313,4647,0.0,0.0,1.0,2,1,1,1,1,0,1,0
367769,2981,0.0,3.0,0.0,1,1,1,1,0,0,1,0
368007,3473,0.0,0.0,0.0,1,1,1,1,0,0,1,0
368120,1501,0.0,3.0,1.0,6,2,1,2,4,0,1,1
368145,2721,0.0,0.0,0.0,4,1,1,1,3,0,1,0
368312,4171,0.0,0.0,1.0,6,2,1,1,2,0,4,0
368439,310,0.0,2.0,1.0,10,2,2,2,9,0,1,0
368983,1536,0.0,3.0,0.0,10,2,2,5,8,0,1,1
369128,3098,0.0,6.0,0.0,11,2,2,2,10,0,1,0
36925,1340,0.0,3.0,0.0,3,3,2,1,1,0,2,0
369593,2664,0.0,4.0,0.0,52,26,2,7,49,0,3,0
369637,3460,0.0,3.0,0.0,1,1,1,1,0,0,1,0
369763,2664,0.0,4.0,1.0,2,1,1,1,1,0,1,0
3698,3580,0.0,5.0,0.0,1,1,1,1,0,0,1,0
370042,2031,0.0,6.0,0.0,18,7,2,1,15,0,1,2
370466,359,0.0,3.0,0.0,4,2,2,2,2,0,2,0
370763,1918,0.0,3.0,0.0,13,9,2,3,9,0,1,3
371090,2138,0.0,2.0,0.0,3,1,1,2,2,0,1,0
372054,1618,0.0,4.0,1.0,2,1,1,1,1,0,1,0
372140,4219,0.0,0.0,1.0,6,1,1,2,4,0,1,1
372418,4756,0.0,0.0,null,1,1,1,1,0,0,1,0
372528,1963,0.0,3.0,1.0,3,1,1,1,2,0,1,0
372637,2791,0.0,0.0,1.0,13,5,3,3,12,0,1,0
373782,198,0.0,3.0,0.0,7,2,1,2,6,0,1,0
373791,738,0.0,3.0,0.0,1,1,1,1,0,0,1,0
374142,4705,0.0,0.0,1.0,2,1,1,1,1,0,1,0
375603,1892,0.0,5.0,0.0,12,8,4,4,9,0,2,1
376133,4760,0.0,0.0,0.0,3,2,2,2,2,0,1,0
376770,3240,0.0,4.0,0.0,3,1,1,1,2,0,1,0
377280,3585,0.0,0.0,0.0,2,1,1,1,1,0,1,0
377435,4191,0.0,6.0,0.0,2,1,1,1,1,0,1,0
377442,1978,0.0,6.0,1.0,8,5,3,2,6,0,1,1
377460,4048,0.0,6.0,0.0,12,8,2,2,10,0,2,0
377599,191,0.0,4.0,0.0,5,2,2,2,3,0,1,1
377980,373,0.0,3.0,0.0,5,2,2,2,3,0,1,1
378063,2543,0.0,3.0,0.0,2,1,1,1,1,0,1,0
379279,2303,0.0,4.0,1.0,5,1,1,2,4,0,1,0
380028,4585,0.0,3.0,1.0,19,9,1,2,17,0,2,0
380323,2954,0.0,3.0,0.0,3,2,2,2,0,0,2,1
380556,1346,1.0,4.0,0.0,37,9,1,3,31,0,3,3
380708,2403,0.0,0.0,0.0,159,68,4,6,144,0,4,11
380866,3885,0.0,4.0,1.0,1,1,1,1,0,0,1,0
38107,4966,0.0,4.0,1.0,1,1,1,1,0,0,1,0
381166,2928,0.0,3.0,0.0,4,1,1,1,3,0,1,0
381396,1659,0.0,2.0,0.0,7,1,1,1,6,0,1,0
38250,3013,0.0,0.0,0.0,6,3,2,1,5,0,1,0
382821,1377,0.0,4.0,1.0,2,1,1,1,1,0,1,0
383358,2204,0.0,0.0,0.0,5,1,1,1,4,0,1,0
383494,1102,0.0,4.0,1.0,16,9,4,2,15,0,1,0
383543,3578,0.0,4.0,0.0,7,3,1,1,6,0,1,0
383615,3347,0.0,6.0,0.0,22,12,2,3,20,0,1,1
385043,952,0.0,3.0,1.0,5,1,1,1,4,0,1,0
385485,2857,0.0,4.0,0.0,3,1,1,1,2,0,1,0
385690,4173,0.0,3.0,0.0,10,2,2,3,7,0,1,2
385728,1481,0.0,0.0,1.0,43,17,5,1,42,0,1,0
38685,2482,0.0,3.0,0.0,2,2,1,1,0,0,2,0
387048,3936,0.0,3.0,0.0,3,2,1,1,2,0,1,0
387158,2014,0.0,3.0,1.0,1,1,1,1,0,0,1,0
387307,1698,1.0,6.0,1.0,5,1,1,2,3,0,1,1
387582,2954,0.0,0.0,0.0,7,4,2,1,4,0,3,0
387662,4044,0.0,2.0,1.0,21,11,2,1,19,0,1,1
38784,3578,0.0,3.0,0.0,2,1,1,1,1,0,1,0
388181,2397,0.0,3.0,1.0,24,11,5,5,23,0,1,0
389399,3734,0.0,3.0,1.0,1,1,1,1,0,0,1,0
389753,4282,0.0,3.0,0.0,43,28,6,2,40,0,3,0
39066,2099,0.0,0.0,1.0,5,2,1,1,4,0,1,0
391109,1557,0.0,6.0,1.0,6,1,1,1,5,0,1,0
391587,4764,0.0,4.0,0.0,1,1,1,1,0,0,1,0
391700,1861,0.0,3.0,1.0,3,1,1,1,2,0,1,0
39194,3022,0.0,2.0,1.0,5,5,1,2,4,0,1,0
392653,4618,0.0,0.0,0.0,2,1,1,1,1,0,1,0
393329,3936,0.0,0.0,0.0,39,5,2,6,33,0,1,5
393649,3938,0.0,3.0,1.0,6,1,1,1,5,0,1,0
394372,4760,0.0,5.0,0.0,6,1,1,1,5,0,1,0
394494,1332,0.0,5.0,1.0,2,1,1,1,1,0,1,0
394982,3828,0.0,3.0,0.0,3,1,1,1,2,0,1,0
395050,2070,0.0,0.0,0.0,7,1,1,2,6,0,1,0
39518,1355,0.0,4.0,0.0,20,9,3,1,18,0,2,0
395299,1760,0.0,0.0,2.0,6,1,1,1,5,0,1,0
395657,2536,0.0,2.0,0.0,4,1,1,2,3,0,1,0
396078,1541,0.0,4.0,1.0,1,1,1,1,0,0,1,0
396419,3205,0.0,4.0,0.0,4,2,1,1,2,0,1,1
396616,361,0.0,4.0,0.0,8,3,3,2,6,0,2,0
396794,588,0.0,0.0,0.0,6,1,1,2,5,0,1,0
396835,1833,0.0,0.0,1.0,15,5,1,2,13,1,1,0
397346,3766,0.0,4.0,0.0,36,13,5,3,32,0,2,2
397444,133,0.0,0.0,0.0,3,1,1,1,2,0,1,0
397679,2766,0.0,0.0,0.0,5,1,1,2,4,0,1,0
398543,2872,0.0,4.0,0.0,25,11,8,2,24,0,1,0
399038,3090,0.0,4.0,0.0,5,1,1,1,4,0,1,0
399073,2565,0.0,0.0,0.0,7,1,1,1,5,0,2,0
399369,2031,0.0,0.0,0.0,19,6,2,1,17,0,1,1
399407,1833,0.0,3.0,1.0,74,19,6,3,69,0,4,1
399725,3266,0.0,0.0,1.0,3,1,1,2,2,0,1,0
399757,798,0.0,2.0,0.0,4,1,1,2,3,0,1,0
400219,4173,0.0,3.0,0.0,28,6,2,2,27,0,1,0
40163,3473,0.0,3.0,0.0,1,1,1,1,0,0,1,0
401672,3851,0.0,3.0,1.0,10,4,3,1,6,0,4,0
401794,946,0.0,4.0,0.0,1,1,1,1,0,0,1,0
402912,1610,0.0,4.0,0.0,2,1,1,1,1,0,1,0
403573,829,0.0,4.0,0.0,32,20,3,5,30,0,1,1
403678,3820,1.0,5.0,0.0,1,1,1,1,0,0,1,0
403722,4926,0.0,3.0,2.0,6,1,1,1,5,0,1,0
404178,1843,0.0,4.0,0.0,37,24,5,5,35,0,2,0
404360,687,0.0,6.0,0.0,1,1,1,1,0,0,1,0
405109,2712,1.0,6.0,0.0,4,1,1,1,3,0,1,0
405226,2652,0.0,5.0,0.0,4,1,1,1,3,0,1,0
405255,1243,0.0,6.0,1.0,11,7,1,3,8,0,1,2
405576,293,0.0,null,null,5,3,1,1,4,0,1,0
406397,2954,0.0,4.0,0.0,1,1,1,1,0,0,1,0
407051,4282,0.0,3.0,0.0,59,38,10,10,55,0,1,3
408235,804,0.0,3.0,1.0,1,1,1,1,0,0,1,0
408619,2928,0.0,3.0,2.0,5,2,1,2,4,0,1,0
409556,141,0.0,3.0,0.0,5,3,1,1,4,0,1,0
409687,3350,0.0,3.0,1.0,4,1,1,1,3,0,1,0
409688,361,0.0,2.0,0.0,9,2,1,4,7,0,1,1
409806,2579,0.0,4.0,0.0,2,2,2,2,0,0,1,1
41004,1489,0.0,2.0,0.0,15,4,1,2,13,0,2,0
410257,1352,0.0,7.0,0.0,7,3,2,1,6,0,1,0
410449,4472,0.0,0.0,0.0,2,1,1,1,1,0,1,0
410794,3843,0.0,2.0,1.0,4,1,1,1,3,0,1,0
411706,1501,0.0,6.0,0.0,10,3,2,3,8,0,1,1
41173,1133,0.0,5.0,0.0,8,1,1,2,7,0,1,0
411853,3041,0.0,6.0,1.0,4,1,1,1,3,0,1,0
412122,3578,0.0,0.0,0.0,2,1,1,1,1,0,1,0
413739,861,0.0,0.0,0.0,12,3,1,2,9,0,2,1
413750,2326,0.0,4.0,0.0,4,1,1,1,3,0,1,0
413890,1481,0.0,0.0,1.0,33,10,3,2,31,0,2,0
413965,968,1.0,6.0,1.0,13,2,2,2,12,0,1,0
414081,121,0.0,4.0,1.0,3,1,1,1,2,0,1,0
414133,4976,0.0,4.0,1.0,15,5,3,2,13,0,2,0
415161,2447,0.0,0.0,0.0,4,1,1,1,3,0,1,0
415242,1102,0.0,3.0,0.0,3,1,1,2,2,0,1,0
415440,3288,0.0,2.0,0.0,1,1,1,1,0,0,1,0
415848,3159,0.0,6.0,0.0,18,6,5,2,17,0,1,0
415909,4642,0.0,0.0,1.0,6,3,1,2,5,0,1,0
416314,2928,0.0,4.0,0.0,17,6,3,2,13,0,1,3
416795,2361,0.0,3.0,0.0,12,4,3,2,9,0,2,1
418008,2303,0.0,4.0,0.0,2,1,1,2,0,0,1,1
418018,685,0.0,4.0,0.0,25,9,1,5,24,0,1,0
418172,4744,0.0,4.0,0.0,6,1,1,2,4,1,1,0
418196,3445,0.0,3.0,1.0,1,1,1,1,0,0,1,0
418358,2954,0.0,4.0,2.0,31,13,9,3,29,0,2,0
418675,390,0.0,4.0,1.0,15,9,8,1,13,0,2,0
4189,1585,0.0,0.0,0.0,9,8,3,1,8,0,1,0
418938,2883,0.0,6.0,0.0,50,20,4,13,47,0,1,2
418944,3912,0.0,6.0,1.0,7,2,2,1,6,0,1,0
419457,2537,0.0,3.0,0.0,11,8,6,1,10,0,1,0
419748,4708,0.0,3.0,0.0,1,1,1,1,0,0,1,0
419815,3013,0.0,0.0,1.0,2,1,1,1,1,0,1,0
420141,963,0.0,3.0,1.0,3,1,1,1,2,0,1,0
420170,227,0.0,3.0,1.0,4,1,1,1,3,0,1,0
420285,503,0.0,2.0,1.0,7,1,1,1,6,0,1,0
420544,323,0.0,3.0,0.0,18,4,1,2,14,0,2,2
420654,2014,0.0,2.0,0.0,1,1,1,1,0,0,1,0
421682,296,0.0,0.0,0.0,6,2,1,1,3,0,2,1
421904,3578,0.0,4.0,0.0,3,1,1,3,2,0,1,0
422042,1666,1.0,0.0,0.0,28,18,7,2,26,0,2,0
422379,4950,0.0,4.0,0.0,21,14,13,2,16,0,5,0
422458,2511,0.0,0.0,1.0,5,1,1,4,4,0,1,0
42314,742,0.0,0.0,0.0,17,1,1,2,16,0,1,0
423648,1956,0.0,6.0,0.0,3,1,1,1,2,0,1,0
423909,3623,0.0,2.0,0.0,6,3,1,1,4,0,2,0
43332,4043,0.0,5.0,0.0,1,1,1,1,0,0,1,0
43838,3305,0.0,2.0,1.0,3,2,1,1,2,0,1,0
4419,4277,0.0,3.0,0.0,4,1,1,1,3,0,1,0
44553,198,0.0,3.0,0.0,2,1,1,1,1,0,1,0
44857,4427,0.0,3.0,1.0,2,1,1,1,1,0,1,0
45031,3645,0.0,5.0,0.0,5,2,2,1,2,0,2,1
45411,2569,0.0,3.0,0.0,14,5,1,2,12,0,2,0
45749,4368,0.0,3.0,0.0,7,1,1,1,5,0,2,0
4577,1704,0.0,5.0,0.0,11,4,2,2,10,0,1,0
46284,3574,0.0,4.0,1.0,3,1,1,1,2,0,1,0
46313,1618,0.0,3.0,1.0,13,4,4,1,11,0,2,0
46529,4018,0.0,3.0,1.0,2,1,1,1,1,0,1,0
46625,1923,0.0,5.0,0.0,2,1,1,1,1,0,1,0
46737,2230,0.0,3.0,0.0,5,1,1,1,4,0,1,0
4686,1892,0.0,4.0,0.0,4,3,3,2,3,0,1,0
4697,241,0.0,4.0,0.0,3,1,1,1,2,0,1,0
47286,3098,0.0,0.0,0.0,7,2,1,1,6,0,1,0
47470,381,0.0,4.0,1.0,4,2,2,2,3,0,1,0
47676,3898,0.0,6.0,1.0,1,1,1,1,0,0,1,0
47998,742,0.0,2.0,1.0,5,1,1,2,4,0,1,0
48108,817,0.0,5.0,0.0,1,1,1,1,0,0,1,0
4848,1963,0.0,0.0,1.0,4,1,1,1,3,0,1,0
48576,3571,0.0,6.0,0.0,3,2,1,2,1,0,2,0
49073,2159,1.0,6.0,0.0,36,21,8,5,35,0,1,0
49386,66,0.0,2.0,1.0,5,2,1,1,4,0,1,0
49414,2582,0.0,0.0,0.0,4,2,1,1,2,0,2,0
49431,3206,0.0,0.0,1.0,5,1,1,2,4,0,1,0
49455,3484,0.0,5.0,1.0,6,4,1,1,5,0,1,0
50917,2341,0.0,0.0,0.0,18,11,10,1,13,0,5,0
50971,361,0.0,3.0,1.0,1,1,1,1,0,0,1,0
5170,3276,0.0,3.0,0.0,13,1,1,2,10,0,2,1
51753,3925,0.0,0.0,0.0,10,7,3,7,2,0,1,7
52170,4760,0.0,3.0,1.0,5,1,1,1,4,0,1,0
52221,416,0.0,8.0,0.0,1,1,1,1,0,0,1,0
52281,1421,0.0,0.0,1.0,4,1,1,2,3,0,1,0
525,4444,0.0,3.0,1.0,2,2,1,1,0,0,2,0
52711,1195,0.0,4.0,1.0,5,2,1,2,4,0,1,0
52780,474,0.0,0.0,1.0,1,1,1,1,0,0,1,0
53040,2537,1.0,2.0,0.0,29,8,2,6,25,0,2,2
53396,3955,0.0,0.0,0.0,7,1,1,4,5,0,1,1
53575,598,0.0,2.0,0.0,16,2,1,2,15,0,1,0
53704,4048,0.0,2.0,1.0,8,1,1,1,5,0,2,1
53743,4760,0.0,4.0,0.0,7,2,2,1,5,0,2,0
53940,3191,0.0,2.0,0.0,9,3,2,2,7,0,1,1
54234,2361,0.0,0.0,0.0,2,1,1,1,1,0,1,0
5443,1501,0.0,3.0,0.0,4,3,2,1,3,0,1,0
54565,1500,0.0,4.0,1.0,2,1,1,1,0,0,1,1
54589,3971,0.0,2.0,1.0,24,3,1,2,19,0,2,3
5514,2786,0.0,0.0,1.0,1,1,1,1,0,0,1,0
55737,2217,0.0,3.0,0.0,29,6,1,5,24,0,3,2
56695,4662,0.0,3.0,0.0,5,1,1,1,4,0,1,0
56795,4026,0.0,4.0,0.0,14,5,5,1,12,0,2,0
56942,729,0.0,4.0,0.0,1,1,1,1,0,0,1,0
57022,416,0.0,7.0,1.0,13,8,2,4,12,0,1,0
57076,3448,0.0,3.0,0.0,7,4,2,2,6,0,1,0
58549,3765,0.0,0.0,0.0,13,5,1,1,12,0,1,0
58962,4976,0.0,4.0,0.0,4,3,2,1,0,0,4,0
59049,3545,0.0,5.0,1.0,2,2,1,1,0,0,2,0
59118,2721,0.0,6.0,0.0,24,14,1,3,21,0,1,2
59357,2981,0.0,4.0,0.0,1,1,1,1,0,0,1,0
59533,1742,0.0,4.0,0.0,6,3,1,2,5,0,1,0
59778,4287,0.0,0.0,0.0,8,2,2,1,6,0,1,1
59972,3170,0.0,5.0,0.0,9,5,3,1,3,0,6,0
60085,1489,0.0,3.0,0.0,21,2,1,4,19,0,1,1
6043,4585,0.0,5.0,0.0,1,1,1,1,0,0,1,0
61377,3990,0.0,3.0,1.0,12,2,1,2,11,0,1,0
61490,4506,0.0,3.0,1.0,7,2,2,1,5,0,2,0
62666,4491,0.0,5.0,0.0,3,2,1,2,2,0,1,0
62863,3862,0.0,4.0,0.0,7,2,1,1,5,0,2,0
63286,2448,1.0,6.0,1.0,10,2,1,1,7,0,3,0
63365,3541,0.0,0.0,0.0,10,5,1,2,8,0,1,1
63741,2459,0.0,3.0,0.0,5,3,2,3,3,0,1,1
63744,4438,0.0,3.0,1.0,3,1,1,1,2,0,1,0
64350,4339,0.0,4.0,1.0,9,2,1,1,7,0,1,1
6436,4388,0.0,3.0,0.0,2,1,1,1,1,0,1,0
65153,4955,0.0,0.0,0.0,3,1,1,2,2,0,1,0
6545,1890,0.0,4.0,1.0,4,2,2,2,3,0,1,0
65480,3571,1.0,2.0,0.0,4,1,1,2,3,0,1,0
65488,3734,0.0,2.0,1.0,3,2,1,1,2,0,1,0
65561,1494,1.0,5.0,0.0,4,3,2,1,3,0,1,0
65816,4044,0.0,0.0,0.0,16,13,3,1,15,0,1,0
65823,3472,0.0,5.0,0.0,3,1,1,1,2,0,1,0
65967,2525,0.0,0.0,0.0,18,3,2,1,15,0,3,0
65973,3472,0.0,3.0,1.0,14,7,2,2,12,0,2,0
66392,685,0.0,0.0,0.0,1,1,1,1,0,0,1,0
66589,66,0.0,6.0,0.0,7,5,1,1,6,0,1,0
67109,1611,1.0,3.0,0.0,30,10,2,1,29,0,1,0
6746,3022,0.0,4.0,0.0,1,1,1,1,0,0,1,0
67641,3057,0.0,0.0,null,9,3,2,1,7,0,1,1
68378,1502,0.0,3.0,0.0,1,1,1,1,0,0,1,0
68763,1102,0.0,4.0,0.0,33,6,2,3,21,0,3,9
68973,3205,0.0,5.0,0.0,1,1,1,1,0,0,1,0
69330,962,0.0,4.0,0.0,14,4,4,1,13,0,1,0
69978,1993,0.0,0.0,0.0,6,3,3,1,5,0,1,0
70144,203,0.0,4.0,0.0,10,4,3,1,9,0,1,0
70268,2473,0.0,3.0,0.0,1,1,1,1,0,0,1,0
70427,479,0.0,3.0,1.0,4,1,1,1,3,0,1,0
70702,1102,0.0,2.0,0.0,15,8,5,1,12,0,3,0
71080,2241,0.0,2.0,0.0,4,1,1,1,2,0,2,0
71109,2569,0.0,3.0,0.0,31,20,3,1,28,0,3,0
71495,2278,0.0,6.0,0.0,28,15,5,1,24,0,4,0
71537,4545,0.0,5.0,0.0,8,1,1,2,7,0,1,0
71770,4687,0.0,0.0,0.0,1,1,1,1,0,0,1,0
71918,1332,0.0,0.0,1.0,6,1,1,2,5,0,1,0
72267,2630,0.0,4.0,0.0,4,1,1,1,3,0,1,0
72526,2935,0.0,0.0,null,5,1,1,3,4,0,1,0
72779,2537,0.0,0.0,1.0,4,2,1,1,3,0,1,0
73028,4617,0.0,3.0,0.0,15,1,1,5,13,0,1,1
7325,4049,0.0,3.0,2.0,9,1,1,3,8,0,1,0
74107,1013,0.0,5.0,0.0,2,1,1,1,1,0,1,0
74511,4760,0.0,2.0,0.0,45,18,5,1,42,0,3,0
74760,1500,0.0,6.0,1.0,21,9,2,1,20,0,1,0
74817,310,0.0,null,null,14,8,5,1,12,0,2,0
74872,2266,0.0,0.0,0.0,4,2,1,1,3,0,1,0
74956,941,0.0,6.0,0.0,2,1,1,1,1,0,1,0
75035,1079,0.0,0.0,0.0,6,3,2,2,5,0,1,0
75104,2608,0.0,6.0,0.0,3,1,1,1,2,0,1,0
75500,4458,0.0,3.0,1.0,65,22,1,4,64,0,1,0
7612,3200,0.0,3.0,0.0,2,1,1,1,1,0,1,0
76127,4992,0.0,6.0,1.0,2,1,1,1,1,0,1,0
76363,4605,0.0,0.0,0.0,2,1,1,2,1,0,1,0
76596,4499,0.0,0.0,0.0,5,1,1,1,4,0,1,0
76727,4992,0.0,4.0,0.0,2,1,1,1,1,0,1,0
76852,1588,0.0,4.0,0.0,3,3,1,2,2,0,1,0
77121,946,0.0,6.0,1.0,5,1,1,2,4,0,1,0
77374,2991,0.0,4.0,0.0,6,3,1,1,5,0,1,0
7744,4079,0.0,3.0,1.0,3,1,1,1,2,0,1,0
77770,4115,0.0,0.0,0.0,8,6,2,1,7,0,1,0
78537,1565,1.0,0.0,0.0,8,3,2,1,7,0,1,0
78702,4536,0.0,2.0,0.0,1,1,1,1,0,0,1,0
78787,4044,0.0,3.0,0.0,8,3,1,1,7,0,1,0
79475,4585,0.0,4.0,0.0,3,2,1,1,2,0,1,0
80300,3640,1.0,6.0,0.0,18,7,2,2,17,0,1,0
80460,715,0.0,2.0,0.0,5,1,1,4,2,1,1,1
81079,4385,0.0,3.0,0.0,5,1,1,1,4,0,1,0
81153,4818,0.0,2.0,1.0,15,6,6,2,14,0,1,0
81241,3912,0.0,0.0,1.0,2,1,1,1,1,0,1,0
8142,141,0.0,0.0,0.0,15,5,2,2,13,0,1,1
81775,2273,0.0,6.0,0.0,4,1,1,1,3,0,1,0
8187,856,0.0,3.0,0.0,7,1,1,2,5,0,1,1
81900,2821,0.0,5.0,0.0,13,5,3,1,9,0,4,0
82003,3484,0.0,3.0,1.0,13,9,4,2,10,0,1,2
82061,4363,0.0,5.0,1.0,5,1,1,1,4,0,1,0
83664,4044,0.0,3.0,0.0,68,35,10,5,67,0,1,0
83978,1843,0.0,6.0,0.0,17,12,4,1,16,0,1,0
84044,2167,0.0,3.0,0.0,2,1,1,1,1,0,1,0
84045,3727,0.0,2.0,1.0,7,2,1,2,6,0,1,0
8441,1494,0.0,0.0,1.0,9,3,2,3,8,0,1,0
84421,1963,0.0,3.0,1.0,1,1,1,1,0,0,1,0
84509,3536,0.0,0.0,1.0,4,1,1,1,3,0,1,0
85033,2973,0.0,3.0,0.0,9,2,2,2,8,0,1,0
85296,2608,0.0,6.0,0.0,1,1,1,1,0,0,1,0
85353,2669,0.0,3.0,0.0,1,1,1,1,0,0,1,0
85411,1472,0.0,3.0,0.0,6,1,1,2,4,0,1,1
85688,1541,0.0,4.0,0.0,3,1,1,1,2,0,1,0
85698,3614,0.0,5.0,1.0,11,4,3,2,10,0,1,0
85919,2138,0.0,4.0,0.0,7,4,2,3,1,0,3,3
86682,1748,0.0,2.0,1.0,9,4,1,1,7,0,1,1
86710,962,0.0,4.0,1.0,8,2,1,2,6,0,2,0
86760,1272,0.0,0.0,0.0,5,2,1,2,4,0,1,0
87378,1378,0.0,3.0,0.0,4,1,1,1,3,0,1,0
87457,1102,0.0,0.0,0.0,14,10,4,3,11,0,1,2
87822,396,0.0,0.0,0.0,4,3,1,1,3,0,1,0
87875,4536,0.0,3.0,0.0,8,1,1,1,7,0,1,0
88110,3578,0.0,0.0,1.0,7,4,1,1,6,0,1,0
88532,1031,0.0,5.0,2.0,4,3,1,2,3,0,1,0
89179,4617,0.0,2.0,0.0,2,1,1,1,1,0,1,0
89204,1102,0.0,6.0,1.0,8,5,1,1,7,0,1,0
89283,2217,0.0,3.0,0.0,3,2,1,2,1,0,1,1
89396,2775,0.0,0.0,0.0,2,2,2,1,0,0,2,0
89829,10,0.0,3.0,2.0,4,1,1,1,3,0,1,0
90019,1910,0.0,3.0,0.0,3,1,1,2,2,0,1,0
90716,4267,0.0,0.0,0.0,54,26,7,3,51,0,3,0
90872,104,1.0,4.0,1.0,3,2,2,1,2,0,1,0
91174,798,0.0,3.0,0.0,11,4,4,2,10,0,1,0
91435,4171,0.0,4.0,1.0,3,1,1,1,1,0,2,0
91575,962,0.0,3.0,0.0,5,2,2,1,4,0,1,0
91678,758,0.0,0.0,0.0,4,1,1,1,3,0,1,0
9198,3538,0.0,0.0,1.0,4,1,1,1,2,0,2,0
92857,721,0.0,2.0,0.0,13,3,1,1,11,0,1,1
9315,4966,0.0,3.0,1.0,1,1,1,1,0,0,1,0
94391,2122,0.0,3.0,0.0,1,1,1,1,0,0,1,0
94847,760,0.0,4.0,0.0,4,1,1,1,3,0,1,0
95191,1162,0.0,3.0,0.0,6,3,2,2,5,0,1,0
95220,1494,0.0,0.0,0.0,9,4,2,1,7,0,1,1
95669,4826,0.0,3.0,0.0,5,2,1,1,4,0,1,0
95699,923,0.0,4.0,2.0,13,6,5,1,7,0,5,1
95785,1884,0.0,2.0,0.0,19,3,2,4,16,0,1,2
95866,1272,0.0,0.0,0.0,3,1,1,1,2,0,1,0
96652,2161,0.0,3.0,0.0,12,9,1,1,10,0,2,0
97103,1259,0.0,3.0,1.0,2,1,1,1,1,0,1,0
97323,3828,0.0,3.0,0.0,11,3,1,3,8,0,1,2
9743,4048,0.0,6.0,0.0,7,1,1,2,5,0,1,1
97817,4496,0.0,3.0,0.0,7,2,2,1,6,0,1,0
9786,2435,0.0,4.0,0.0,1,1,1,1,0,0,1,0
98578,729,0.0,3.0,1.0,2,1,1,1,1,0,1,0
98919,4043,0.0,0.0,0.0,21,11,4,1,20,0,1,0
99738,846,0.0,3.0,1.0,7,1,1,1,5,0,2,0
