100144,1203,0.0,4.0,0.0,39,15,7,10,32,0,2,5
1002,2981,0.0,0.0,0.0,4,2,1,1,3,0,1,0
100247,794,0.0,6.0,0.0,4,1,1,1,3,0,1,0
100466,2397,0.0,3.0,1.0,26,9,3,1,25,0,1,0
100538,2318,1.0,0.0,0.0,10,3,2,2,9,0,1,0
1020,1049,0.0,3.0,0.0,4,1,1,1,3,0,1,0
102178,4325,0.0,0.0,0.0,118,9,5,2,116,0,2,0
102413,1927,1.0,5.0,0.0,3,1,1,1,2,0,1,0
102571,4049,0.0,5.0,1.0,3,1,1,1,2,0,1,0
102907,3828,1.0,0.0,0.0,24,13,7,4,23,0,1,0
103087,3545,0.0,2.0,1.0,5,1,1,1,4,0,1,0
103263,2684,0.0,4.0,0.0,6,3,3,1,5,0,1,0
103433,1008,0.0,4.0,0.0,2,1,1,1,0,0,1,1
103531,1487,0.0,5.0,0.0,7,2,1,1,6,0,1,0
104168,4405,0.0,2.0,0.0,21,13,4,2,20,0,1,0
104488,4524,0.0,0.0,0.0,5,2,2,1,4,0,1,0
104708,3578,0.0,3.0,0.0,18,5,3,1,17,0,1,0
105041,1102,0.0,3.0,0.0,1,1,1,1,0,0,1,0
105197,1661,0.0,5.0,1.0,3,2,2,2,2,0,1,0
105478,3828,0.0,3.0,1.0,20,5,1,1,15,0,1,4
105841,2284,0.0,2.0,0.0,3,1,1,1,2,0,1,0
106374,4976,0.0,2.0,0.0,8,3,2,4,7,0,1,0
106488,742,0.0,2.0,0.0,10,1,1,2,8,0,1,1
106999,1895,0.0,0.0,0.0,2,1,1,1,1,0,1,0
109428,1285,0.0,0.0,1.0,6,2,1,1,5,0,1,0
10975,1131,0.0,2.0,0.0,8,5,1,3,7,0,1,0
109818,1247,0.0,6.0,0.0,5,1,1,1,4,0,1,0
109894,3825,0.0,0.0,0.0,2,1,1,1,1,0,1,0
110456,1963,0.0,3.0,1.0,42,4,4,2,41,0,1,0
111221,2828,0.0,3.0,0.0,12,8,2,6,6,0,1,5
111305,1892,0.0,0.0,0.0,2,1,1,1,1,0,1,0
111525,2565,0.0,4.0,0.0,9,3,1,4,7,0,1,1
111768,2072,0.0,4.0,0.0,2,1,1,1,1,0,1,0
11202,4129,0.0,3.0,0.0,49,31,4,4,45,0,3,1
112035,2856,0.0,3.0,1.0,4,2,1,1,3,0,1,0
112109,1619,0.0,0.0,1.0,5,1,1,1,4,0,1,0
112397,4558,0.0,5.0,0.0,10,6,3,1,9,0,1,0
11274,2915,0.0,4.0,0.0,4,3,1,2,3,0,1,0
112879,4044,0.0,3.0,0.0,18,12,7,2,16,0,2,0
112933,3205,0.0,3.0,0.0,18,8,2,4,8,0,2,8
112950,1090,0.0,4.0,0.0,7,2,1,4,6,0,1,0
11316,1346,0.0,3.0,0.0,1,1,1,1,0,0,1,0
113193,606,0.0,0.0,0.0,34,13,1,3,33,0,1,0
113535,1102,0.0,4.0,0.0,4,2,2,1,3,0,1,0
113980,3773,0.0,3.0,null,1,1,1,1,0,0,1,0
114061,2193,0.0,3.0,1.0,2,1,1,1,1,0,1,0
114226,4687,0.0,3.0,1.0,4,3,2,1,3,0,1,0
114297,2883,0.0,0.0,0.0,1,1,1,1,0,0,1,0
114407,492,0.0,0.0,0.0,4,1,1,1,2,0,2,0
114815,3022,0.0,3.0,1.0,10,3,2,2,7,0,3,0
114920,4173,0.0,6.0,0.0,7,1,1,1,6,0,1,0
114986,598,0.0,3.0,1.0,14,9,4,2,13,0,1,0
115161,4048,1.0,0.0,0.0,2,1,1,1,1,0,1,0
115238,3513,0.0,3.0,1.0,2,1,1,1,1,0,1,0
115690,121,0.0,6.0,0.0,10,5,3,2,7,0,2,1
115888,423,0.0,2.0,0.0,1,1,1,1,0,0,1,0
116171,418,0.0,2.0,0.0,13,3,2,2,11,0,2,0
116812,1963,0.0,3.0,0.0,10,7,2,4,7,0,1,2
116945,1659,0.0,3.0,0.0,8,2,1,1,6,0,1,1
117066,2482,0.0,2.0,1.0,4,1,1,1,3,0,1,0
117387,1892,0.0,4.0,1.0,106,50,14,9,105,0,1,0
117412,4966,0.0,5.0,1.0,2,1,1,2,0,0,1,1
118235,587,0.0,3.0,1.0,4,2,1,2,3,0,1,0
11849,227,0.0,3.0,0.0,11,8,2,1,10,0,1,0
118544,3445,0.0,3.0,1.0,12,2,1,1,11,0,1,0
118547,1816,0.0,5.0,2.0,26,11,4,1,25,0,1,0
119318,4976,0.0,4.0,0.0,6,2,2,1,4,0,2,0
119391,1540,0.0,4.0,0.0,12,3,3,2,10,0,2,0
11950,4976,0.0,0.0,0.0,11,6,2,2,10,0,1,0
119587,845,0.0,2.0,0.0,1,1,1,1,0,0,1,0
121026,4648,0.0,5.0,1.0,26,9,3,1,24,0,2,0
121141,3329,0.0,2.0,0.0,9,4,3,2,8,0,1,0
121194,415,0.0,6.0,0.0,16,3,3,1,15,0,1,0
121281,508,0.0,3.0,0.0,5,1,1,2,3,0,2,0
121759,4708,0.0,4.0,0.0,14,6,6,2,13,0,1,0
121841,2283,0.0,0.0,0.0,5,1,1,1,4,0,1,0
122143,4363,0.0,2.0,1.0,6,1,1,1,5,0,1,0
122392,1760,0.0,3.0,0.0,13,7,1,1,11,0,2,0
122756,2217,0.0,3.0,0.0,13,4,3,3,12,0,1,0
122869,2149,0.0,3.0,1.0,3,1,1,2,1,0,1,1
12420,3472,0.0,2.0,1.0,3,2,2,1,2,0,1,0
12435,1495,0.0,6.0,0.0,92,25,4,1,89,0,3,0
124375,4371,0.0,3.0,0.0,4,2,1,1,3,0,1,0
124716,3472,0.0,3.0,1.0,3,1,1,1,2,0,1,0
125212,2002,0.0,3.0,0.0,3,2,2,2,2,0,1,0
125712,4558,0.0,0.0,0.0,9,1,1,1,7,0,2,0
126124,2099,0.0,0.0,0.0,3,1,1,2,2,0,1,0
126270,1742,0.0,0.0,0.0,21,14,1,1,20,0,1,0
1263,1102,0.0,5.0,0.0,21,14,4,3,20,0,1,0
126499,416,0.0,7.0,0.0,12,7,4,2,11,0,1,0
126501,2162,0.0,0.0,0.0,3,1,1,1,2,0,1,0
126528,3640,0.0,0.0,2.0,4,2,1,1,3,0,1,0
126571,4864,0.0,0.0,1.0,1,1,1,1,0,0,1,0
12663,3022,0.0,0.0,0.0,4,2,1,1,3,0,1,0
126832,2108,0.0,3.0,1.0,2,1,1,1,1,0,1,0
127756,2928,0.0,4.0,0.0,12,8,2,1,11,0,1,0
128133,1501,0.0,6.0,0.0,1,1,1,1,0,0,1,0
128212,3469,0.0,3.0,0.0,13,2,1,2,12,0,1,0
129129,2608,0.0,3.0,0.0,2,1,1,1,1,0,1,0
129178,4836,0.0,2.0,0.0,18,2,2,7,13,0,1,4
129422,1454,0.0,3.0,1.0,3,1,1,2,1,1,1,0
129588,2565,0.0,0.0,0.0,2,1,1,1,1,0,1,0
12975,1861,1.0,2.0,0.0,4,2,1,1,3,0,1,0
129865,2138,0.0,2.0,0.0,9,2,2,3,8,0,1,0
130601,114,0.0,4.0,1.0,4,3,2,1,3,0,1,0
130757,4043,0.0,0.0,1.0,4,1,1,1,3,0,1,0
13086,3323,1.0,4.0,1.0,4,2,1,2,3,0,1,0
131015,3073,0.0,3.0,1.0,5,1,1,1,1,0,4,0
131067,361,0.0,5.0,1.0,6,4,3,1,5,0,1,0
131372,3578,0.0,3.0,0.0,18,6,2,2,14,0,1,3
131445,66,0.0,3.0,1.0,2,1,1,1,1,0,1,0
131476,4044,0.0,5.0,0.0,41,18,7,16,34,0,1,6
131587,3968,0.0,2.0,0.0,4,2,2,2,3,0,1,0
131665,3408,0.0,0.0,0.0,8,1,1,3,6,0,1,1
131721,1679,0.0,4.0,1.0,4,2,1,1,2,0,2,0
131989,2608,0.0,3.0,0.0,2,1,1,1,1,0,1,0
132338,4864,0.0,4.0,1.0,1,1,1,1,0,0,1,0
132670,1851,0.0,4.0,0.0,18,3,3,2,17,0,1,0
132924,3734,0.0,4.0,0.0,10,3,1,3,9,0,1,0
133052,1861,0.0,3.0,1.0,13,3,1,5,10,0,2,1
133099,4475,0.0,2.0,0.0,3,1,1,1,2,0,1,0
133551,729,0.0,2.0,0.0,2,1,1,1,1,0,1,0
133749,133,0.0,0.0,0.0,2,1,1,1,1,0,1,0
133819,2699,0.0,0.0,2.0,18,12,3,1,16,0,2,0
133886,3971,0.0,3.0,1.0,5,1,1,1,4,0,1,0
133989,4650,0.0,0.0,0.0,5,2,1,2,2,0,1,2
13499,742,0.0,0.0,0.0,1,1,1,1,0,0,1,0
135024,2876,0.0,2.0,0.0,4,1,1,1,3,0,1,0
135381,4394,0.0,3.0,0.0,9,5,1,3,7,0,2,0
135957,3971,0.0,2.0,0.0,25,7,3,2,24,0,1,0
136039,145,0.0,3.0,0.0,8,6,1,2,7,0,1,0
136353,3350,0.0,6.0,0.0,3,2,1,1,2,0,1,0
136430,2313,0.0,4.0,1.0,7,3,2,1,6,0,1,0
136474,4871,0.0,3.0,0.0,3,1,1,1,2,0,1,0
13649,4976,0.0,5.0,1.0,15,6,3,3,14,0,1,0
13684,4504,0.0,3.0,0.0,23,14,1,1,22,0,1,0
136939,4976,0.0,3.0,0.0,6,4,2,1,5,0,1,0
137400,66,0.0,2.0,0.0,3,1,1,1,2,0,1,0
137643,3828,0.0,5.0,1.0,4,2,1,1,2,0,2,0
137662,4044,0.0,3.0,0.0,14,6,3,1,12,0,2,0
138200,2217,0.0,4.0,0.0,7,2,1,2,6,0,1,0
138434,1923,0.0,3.0,2.0,4,1,1,1,3,0,1,0
138634,2537,0.0,2.0,2.0,5,2,1,1,3,0,2,0
138853,3074,0.0,0.0,1.0,5,2,1,2,4,0,1,0
139066,4316,0.0,0.0,1.0,5,1,1,1,4,0,1,0
13973,1305,0.0,4.0,0.0,6,3,1,1,4,0,1,1
140440,3702,0.0,0.0,0.0,4,1,1,2,3,0,1,0
140911,503,0.0,2.0,0.0,6,2,2,1,4,0,2,0
141170,2066,0.0,6.0,0.0,45,13,1,6,41,0,1,3
141452,4170,0.0,6.0,0.0,6,1,1,1,5,0,1,0
141755,2664,0.0,4.0,0.0,25,17,2,1,23,0,2,0
143581,323,0.0,0.0,0.0,1,1,1,1,0,0,1,0
143681,4976,0.0,4.0,1.0,4,1,1,1,3,0,1,0
144378,2746,0.0,0.0,0.0,8,1,1,3,7,0,1,0
144748,1203,0.0,5.0,0.0,1,1,1,1,0,0,1,0
145308,4534,0.0,0.0,0.0,2,1,1,1,0,0,2,0
14545,877,0.0,2.0,0.0,11,2,1,2,9,0,1,1
145836,4826,0.0,3.0,0.0,1,1,1,1,0,0,1,0
14598,2928,0.0,6.0,2.0,7,4,3,2,6,0,1,0
146636,1501,0.0,3.0,0.0,6,2,1,1,5,0,1,0
147534,4040,0.0,0.0,null,2,1,1,1,1,0,1,0
147641,1502,0.0,3.0,0.0,7,1,1,1,6,0,1,0
147693,3571,0.0,7.0,0.0,6,3,1,1,4,0,2,0
147752,786,0.0,3.0,0.0,4,1,1,1,3,0,1,0
147795,3941,0.0,5.0,1.0,31,8,2,9,26,0,1,4
147987,2177,0.0,7.0,0.0,4,1,1,1,3,0,1,0
14799,3780,0.0,3.0,0.0,12,1,1,2,8,0,3,1
148589,1407,0.0,6.0,1.0,112,58,1,6,105,0,1,6
148721,402,0.0,2.0,0.0,6,2,2,1,5,0,1,0
149198,4368,0.0,3.0,0.0,11,6,2,1,9,0,2,0
149263,798,0.0,5.0,0.0,5,1,1,1,4,0,1,0
149657,3667,0.0,6.0,0.0,2,2,1,1,0,0,2,0
149734,4647,1.0,0.0,0.0,12,4,1,1,10,0,2,0
149829,3965,0.0,4.0,1.0,15,9,3,1,12,0,3,0
150481,2834,1.0,0.0,0.0,14,6,3,1,12,0,2,0
150519,2936,0.0,6.0,0.0,18,1,1,4,16,0,1,1
150586,1892,0.0,0.0,0.0,1,1,1,1,0,0,1,0
150825,467,0.0,4.0,2.0,2,1,1,1,1,0,1,0
151005,424,0.0,3.0,0.0,8,5,2,3,6,0,2,0
151621,1359,0.0,0.0,0.0,5,1,1,1,4,0,1,0
151661,1664,0.0,4.0,0.0,15,2,1,1,13,0,2,0
151770,1098,0.0,3.0,0.0,3,1,1,1,2,0,1,0
151991,1096,0.0,5.0,0.0,3,1,1,1,2,0,1,0
152079,2916,0.0,2.0,1.0,6,4,1,1,5,0,1,0
153090,1504,0.0,0.0,1.0,2,1,1,2,1,0,1,0
153128,3205,0.0,5.0,0.0,9,3,2,2,8,0,1,0
153153,2031,0.0,2.0,0.0,7,5,2,2,5,0,1,1
153201,4661,0.0,4.0,1.0,5,1,1,1,4,0,1,0
153554,1103,0.0,2.0,0.0,7,3,1,3,6,0,1,0
153670,3170,0.0,4.0,0.0,5,3,2,2,4,0,1,0
153879,4394,0.0,4.0,1.0,15,3,1,1,13,0,2,0
154571,742,0.0,3.0,0.0,5,2,2,3,4,0,1,0
154618,4256,0.0,0.0,0.0,29,15,6,4,27,0,2,0
154787,4545,0.0,4.0,0.0,3,1,1,1,2,0,1,0
15528,4950,0.0,4.0,0.0,3,1,1,1,2,0,1,0
155680,2928,0.0,4.0,0.0,74,27,5,10,65,0,1,8
155762,2435,0.0,2.0,0.0,11,5,1,1,8,0,3,0
156024,3528,0.0,0.0,0.0,11,6,3,4,9,0,1,1
156073,3971,1.0,6.0,0.0,11,4,2,4,9,0,1,1
156291,786,0.0,2.0,0.0,6,4,2,2,5,0,1,0
156474,4368,0.0,4.0,0.0,1,1,1,1,0,0,1,0
15729,1356,0.0,0.0,2.0,18,3,1,3,17,0,1,0
157349,332,0.0,5.0,0.0,7,1,1,1,6,0,1,0
157648,4444,0.0,7.0,0.0,28,15,1,1,24,0,4,0
157852,2662,0.0,2.0,1.0,3,2,1,1,2,0,1,0
157920,3545,0.0,3.0,1.0,6,3,1,1,5,0,1,0
158433,3105,0.0,2.0,1.0,41,14,4,3,39,0,1,1
158500,2143,0.0,3.0,0.0,5,3,1,1,4,0,1,0
159146,2821,0.0,0.0,0.0,27,6,3,1,26,0,1,0
159245,4993,0.0,2.0,0.0,5,2,1,1,4,0,1,0
159609,4496,0.0,5.0,0.0,3,1,1,1,1,0,2,0
159684,2138,0.0,5.0,0.0,4,1,1,2,3,0,1,0
15976,1861,0.0,0.0,1.0,14,6,2,2,13,0,1,0
160287,3578,0.0,7.0,0.0,20,7,2,6,19,0,1,0
160294,588,0.0,0.0,0.0,18,2,1,3,16,0,1,1
160316,2397,0.0,4.0,0.0,31,14,5,2,30,0,1,0
160684,1131,0.0,5.0,0.0,27,13,6,2,24,0,3,0
161391,586,0.0,4.0,0.0,15,14,6,7,9,0,2,4
161443,2397,0.0,0.0,0.0,1,1,1,1,0,0,1,0
161657,423,0.0,3.0,0.0,15,8,1,3,14,0,1,0
16224,2048,0.0,2.0,1.0,7,1,1,2,6,0,1,0
162699,4693,0.0,3.0,0.0,36,21,2,2,33,0,3,0
162763,598,0.0,2.0,1.0,7,3,1,1,6,0,1,0
162780,4648,0.0,3.0,0.0,9,3,1,1,7,0,2,0
162889,3528,0.0,0.0,0.0,70,28,5,1,67,0,1,2
162991,3828,0.0,4.0,0.0,35,17,5,4,33,0,2,0
163329,1487,0.0,6.0,1.0,7,3,1,1,6,0,1,0
163345,107,0.0,3.0,1.0,17,6,1,2,16,0,1,0
163420,3345,0.0,2.0,0.0,2,1,1,1,1,0,1,0
16360,1056,0.0,4.0,0.0,8,5,3,1,6,0,1,1
163766,641,1.0,5.0,0.0,37,30,8,2,34,1,2,0
165087,3930,0.0,3.0,1.0,3,1,1,1,2,0,1,0
165207,4659,0.0,0.0,0.0,7,4,4,1,3,0,3,1
165287,2879,0.0,0.0,0.0,4,1,1,1,3,0,1,0
165593,3769,0.0,3.0,1.0,12,3,2,2,11,0,1,0
165726,2981,0.0,4.0,0.0,9,6,3,1,8,0,1,0
166003,4536,0.0,0.0,0.0,1,1,1,1,0,0,1,0
166710,2482,0.0,2.0,0.0,9,3,2,3,7,0,1,1
16679,3578,0.0,0.0,0.0,2,1,1,1,1,0,1,0
167164,4966,0.0,3.0,2.0,6,4,2,2,4,0,2,0
167370,3051,0.0,5.0,1.0,6,1,1,3,5,0,1,0
167805,1346,0.0,3.0,1.0,1,1,1,1,0,0,1,0
168250,1520,0.0,5.0,1.0,1,1,1,1,0,0,1,0
169316,643,0.0,5.0,0.0,6,5,3,2,5,0,1,0
16935,3143,0.0,6.0,0.0,18,11,2,1,16,0,2,0
169465,4690,0.0,0.0,0.0,3,2,1,1,2,0,1,0
169741,535,0.0,0.0,0.0,23,12,2,5,21,0,1,1
169874,3018,0.0,2.0,0.0,2,1,1,1,1,0,1,0
170446,1393,0.0,3.0,0.0,10,6,4,3,9,0,1,0
170468,278,1.0,4.0,0.0,3,2,2,2,2,0,1,0
171007,415,0.0,2.0,0.0,2,1,1,1,1,0,1,0
171559,2721,0.0,3.0,0.0,19,10,1,1,18,0,1,0
171580,1708,0.0,2.0,0.0,2,1,1,2,1,0,1,0
172206,1884,0.0,0.0,0.0,1,1,1,1,0,0,1,0
17227,3541,0.0,5.0,1.0,4,1,1,2,3,0,1,0
172737,1581,0.0,2.0,0.0,2,2,1,1,1,0,1,0
172757,3624,0.0,3.0,0.0,2,1,1,1,1,0,1,0
172905,2108,1.0,5.0,1.0,4,1,1,1,3,0,1,0
173128,4981,0.0,5.0,1.0,9,3,2,3,7,0,2,0
173334,1875,0.0,3.0,0.0,7,6,3,3,0,0,2,5
173387,3085,0.0,0.0,0.0,17,9,5,3,16,0,1,0
17349,3609,0.0,6.0,1.0,9,3,1,1,7,0,2,0
173760,3971,0.0,3.0,1.0,5,1,1,2,4,0,1,0
17424,3728,0.0,0.0,0.0,5,1,1,1,4,0,1,0
175061,3363,0.0,2.0,0.0,4,2,1,3,3,0,1,0
175570,2482,1.0,6.0,0.0,6,2,1,1,4,0,2,0
175611,586,0.0,3.0,0.0,13,5,2,3,10,0,2,1
175702,2620,0.0,3.0,0.0,1,1,1,1,0,0,1,0
175823,2730,0.0,4.0,1.0,10,6,1,1,9,0,1,0
175981,4062,1.0,6.0,0.0,17,4,1,6,14,0,2,1
176309,4976,0.0,0.0,0.0,31,15,3,3,25,0,1,5
176465,1742,0.0,4.0,0.0,11,5,1,1,9,0,2,0
176507,1742,0.0,3.0,0.0,7,1,1,2,6,0,1,0
176597,2891,0.0,4.0,1.0,12,6,1,3,10,0,2,0
176887,1203,0.0,3.0,0.0,1,1,1,1,0,0,1,0
177013,141,0.0,3.0,0.0,14,8,5,3,12,0,1,1
177146,4504,0.0,2.0,0.0,15,2,1,3,14,0,1,0
177246,3979,0.0,2.0,1.0,12,3,2,2,11,0,1,0
177849,3828,0.0,0.0,0.0,8,5,4,4,7,0,1,0
177860,467,0.0,3.0,0.0,4,2,2,1,3,0,1,0
178008,1918,0.0,3.0,0.0,33,18,1,3,32,0,1,0
178795,643,0.0,3.0,0.0,2,1,1,1,0,0,2,0
179528,621,0.0,0.0,0.0,2,1,1,1,1,0,1,0
179594,4118,0.0,5.0,1.0,9,2,1,1,7,0,2,0
17966,1071,0.0,4.0,1.0,3,1,1,1,2,0,1,0
179774,4492,0.0,0.0,1.0,8,2,1,2,6,1,1,0
179845,861,0.0,3.0,1.0,7,4,2,1,5,1,1,0
18072,2928,0.0,4.0,0.0,10,6,2,4,9,0,1,0
180929,359,0.0,6.0,0.0,18,7,2,1,16,0,2,0
181362,1393,0.0,3.0,0.0,286,142,15,4,269,0,2,15
181746,320,0.0,4.0,0.0,7,4,3,2,6,0,1,0
18229,1642,0.0,3.0,0.0,8,4,1,1,7,0,1,0
1825,1489,0.0,3.0,0.0,6,3,2,1,5,0,1,0
1829,1000,0.0,0.0,0.0,2,1,1,2,1,0,1,0
183136,1079,0.0,2.0,1.0,4,1,1,1,3,0,1,0
184044,4525,0.0,3.0,0.0,2,1,1,1,1,0,1,0
184139,239,0.0,7.0,1.0,16,9,5,3,15,0,1,0
184531,3472,0.0,4.0,0.0,2,1,1,1,1,0,1,0
184799,3734,0.0,6.0,1.0,3,1,1,2,1,0,1,1
186532,4539,0.0,6.0,0.0,3,1,1,1,2,0,1,0
186664,1964,0.0,2.0,0.0,2,2,2,1,0,0,2,0
186683,4173,0.0,0.0,1.0,9,2,2,3,8,0,1,0
186771,275,0.0,4.0,1.0,3,1,1,1,2,0,1,0
18706,824,0.0,0.0,0.0,4,1,1,1,3,0,1,0
187137,2313,0.0,4.0,0.0,34,9,3,3,31,0,2,1
187376,4287,0.0,3.0,0.0,4,3,3,2,3,0,1,0
187464,1521,0.0,6.0,0.0,4,1,1,1,3,0,1,0
18763,941,0.0,2.0,1.0,14,3,1,1,13,0,1,0
187860,4647,0.0,6.0,1.0,6,3,1,1,5,0,1,0
187875,2313,0.0,5.0,0.0,7,2,1,2,6,0,1,0
188034,396,0.0,3.0,0.0,2,1,1,1,1,0,1,0
188106,4325,0.0,3.0,1.0,1,1,1,1,0,0,1,0
188213,1272,0.0,0.0,0.0,68,16,3,15,62,0,1,5
188283,2900,0.0,3.0,0.0,5,1,1,1,4,0,1,0
188357,3839,0.0,4.0,0.0,1,1,1,1,0,0,1,0
188729,3955,0.0,0.0,0.0,1,1,1,1,0,0,1,0
188731,1749,0.0,4.0,1.0,9,5,3,3,8,0,1,0
188753,3236,0.0,2.0,0.0,107,11,1,3,106,0,1,0
188980,3484,0.0,2.0,1.0,13,6,1,2,12,0,1,0
189267,2900,0.0,3.0,1.0,7,3,2,1,6,0,1,0
189398,2669,0.0,3.0,0.0,2,1,1,1,1,0,1,0
189543,4044,0.0,3.0,0.0,43,20,4,2,41,0,1,1
190234,4173,0.0,3.0,0.0,4,3,1,3,0,0,1,3
190691,2242,0.0,3.0,0.0,2,2,2,1,0,0,1,1
191619,4273,0.0,0.0,1.0,3,1,1,2,2,0,1,0
19163,3828,0.0,6.0,0.0,8,2,2,1,7,0,1,0
191694,2036,0.0,3.0,0.0,2,1,1,1,1,0,1,0
191760,962,1.0,3.0,0.0,27,14,7,6,25,0,2,0
191919,951,0.0,6.0,0.0,3,2,1,1,2,0,1,0
192039,3734,0.0,0.0,0.0,49,23,5,2,48,0,1,0
19225,1049,0.0,2.0,1.0,5,2,2,2,4,0,1,0
192682,1760,1.0,2.0,0.0,2,1,1,2,0,0,1,1
19367,1375,0.0,6.0,0.0,4,2,2,2,2,0,1,1
193890,1193,0.0,0.0,0.0,4,1,1,1,3,0,1,0
194036,1704,0.0,6.0,0.0,13,4,1,1,11,0,2,0
194112,3163,0.0,2.0,1.0,3,3,2,1,0,0,3,0
194161,4976,0.0,3.0,0.0,18,7,2,9,16,0,1,1
194581,3236,0.0,3.0,null,3,1,1,1,2,0,1,0
194902,2273,0.0,3.0,1.0,10,2,1,4,6,0,1,3
195240,4079,0.0,3.0,1.0,3,1,1,1,2,0,1,0
19558,1910,0.0,4.0,0.0,8,1,1,4,6,0,1,1
195839,2397,0.0,0.0,1.0,1,1,1,1,0,0,1,0
195882,3990,0.0,6.0,0.0,4,1,1,2,2,0,1,1
196047,1393,0.0,3.0,1.0,3,1,1,1,2,0,1,0
196944,2149,0.0,3.0,1.0,10,4,1,1,8,0,1,1
197002,3462,0.0,0.0,0.0,2,1,1,1,1,0,1,0
197230,4048,0.0,2.0,0.0,1,1,1,1,0,0,1,0
197753,1916,0.0,3.0,0.0,8,4,1,1,7,0,1,0
197777,4708,0.0,0.0,1.0,2,2,2,2,0,0,1,1
198017,4818,1.0,2.0,1.0,29,6,4,2,28,0,1,0
198258,2108,0.0,2.0,1.0,17,5,3,3,14,2,1,0
19898,4044,0.0,2.0,0.0,16,9,2,2,15,0,1,0
199979,4864,1.0,5.0,0.0,23,14,4,3,20,0,1,2
200499,2173,0.0,0.0,2.0,2,1,1,1,1,0,1,0
201111,310,0.0,2.0,1.0,11,3,2,1,9,0,2,0
201134,4049,0.0,5.0,1.0,2,1,1,1,1,0,1,0
201136,3042,1.0,4.0,1.0,26,10,6,1,21,0,5,0
201282,121,0.0,6.0,0.0,29,6,3,1,26,0,3,0
2013,1353,0.0,3.0,0.0,8,2,2,2,7,0,1,0
201326,2981,0.0,3.0,0.0,4,1,1,2,3,0,1,0
201366,3105,0.0,3.0,0.0,42,20,4,5,36,0,5,1
20208,4394,0.0,6.0,0.0,6,2,1,1,5,0,1,0
202446,1884,0.0,4.0,null,2,1,1,1,1,0,1,0
202836,4744,0.0,4.0,0.0,3,1,1,2,2,0,1,0
203384,3979,0.0,4.0,0.0,15,2,1,1,12,0,1,2
203598,2664,0.0,5.0,0.0,17,13,2,1,13,0,4,0
203701,962,0.0,4.0,0.0,2,1,1,1,1,0,1,0
204966,2688,0.0,0.0,0.0,3,2,1,1,2,0,1,0
205184,3055,0.0,4.0,0.0,4,1,1,2,3,0,1,0
205188,4044,0.0,2.0,0.0,21,8,4,8,16,0,2,3
205371,2099,0.0,3.0,0.0,5,4,2,2,4,0,1,0
206123,2102,1.0,6.0,0.0,10,5,4,1,8,0,2,0
206138,4043,0.0,0.0,0.0,6,3,1,2,4,0,1,1
206201,3885,0.0,3.0,1.0,1,1,1,1,0,0,1,0
206294,503,0.0,null,null,4,2,1,1,3,0,1,0
206440,4079,0.0,0.0,null,2,1,1,1,1,0,1,0
206690,3925,0.0,0.0,0.0,79,43,8,9,78,0,1,0
206782,773,0.0,4.0,0.0,3,2,2,1,2,0,1,0
207106,4558,0.0,3.0,0.0,5,1,1,1,4,0,1,0
207200,2031,0.0,5.0,1.0,13,2,1,3,11,0,1,1
20748,3022,0.0,3.0,1.0,12,6,2,1,11,0,1,0
207759,643,0.0,4.0,1.0,11,1,1,3,10,0,1,0
208329,4079,0.0,0.0,0.0,10,2,2,1,4,0,6,0
208386,4424,1.0,2.0,1.0,13,5,2,1,11,0,1,1
208698,1892,1.0,3.0,0.0,19,10,2,4,17,0,2,0
209121,2124,0.0,4.0,0.0,33,19,1,3,30,0,1,2
209272,1642,0.0,3.0,0.0,6,1,1,1,5,0,1,0
209364,2664,0.0,0.0,0.0,7,4,1,1,6,0,1,0
209757,1543,0.0,0.0,0.0,7,2,2,2,6,0,1,0
210210,439,0.0,4.0,1.0,19,1,1,1,18,0,1,0
210364,4519,0.0,0.0,1.0,4,1,1,2,2,1,1,0
210635,145,0.0,3.0,0.0,2,1,1,1,0,0,1,1
210762,2592,0.0,0.0,0.0,5,1,1,1,4,0,1,0
211303,4048,1.0,4.0,0.0,3,2,2,2,2,0,1,0
211365,187,0.0,4.0,0.0,4,1,1,1,3,0,1,0
211456,1890,0.0,4.0,0.0,6,3,2,2,5,0,1,0
211584,359,0.0,0.0,0.0,19,11,2,1,13,0,6,0
2122,4444,0.0,5.0,0.0,6,3,1,2,5,0,1,0
212646,2795,0.0,4.0,0.0,24,15,11,5,23,0,1,0
213011,4079,0.0,2.0,1.0,1,1,1,1,0,0,1,0
213515,1618,0.0,6.0,1.0,19,3,1,2,18,0,1,0
213781,4542,0.0,2.0,0.0,17,3,2,3,15,1,1,0
214103,798,0.0,3.0,0.0,1,1,1,1,0,0,1,0
214563,1115,0.0,3.0,0.0,2,1,1,1,1,0,1,0
215283,3586,0.0,4.0,0.0,17,12,3,2,6,0,1,10
215515,4818,0.0,4.0,1.0,44,25,10,3,43,0,1,0
215718,1255,0.0,4.0,0.0,12,3,1,3,10,1,1,0
215900,3301,0.0,0.0,0.0,2,1,1,1,1,0,1,0
216864,1049,0.0,0.0,0.0,8,1,1,1,7,0,1,0
217214,4394,0.0,4.0,0.0,15,4,1,1,11,0,4,0
217237,4472,0.0,4.0,0.0,7,1,1,1,6,0,1,0
217328,1134,0.0,0.0,0.0,4,1,1,2,3,0,1,0
217955,4536,0.0,0.0,1.0,5,2,2,1,3,0,2,0
218045,323,0.0,3.0,1.0,5,3,1,2,4,0,1,0
218575,1692,0.0,0.0,0.0,4,1,1,3,3,0,1,0
218660,3828,0.0,0.0,0.0,48,28,8,10,47,0,1,0
218835,3828,0.0,0.0,0.0,5,1,1,3,3,0,1,1
218840,2031,0.0,2.0,0.0,9,2,1,3,7,0,1,1
218939,4405,0.0,3.0,0.0,9,6,4,1,8,0,1,0
219166,1272,0.0,4.0,1.0,16,11,5,5,13,0,2,1
219943,94,0.0,8.0,0.0,9,2,2,2,8,0,1,0
220577,4427,0.0,3.0,0.0,6,2,1,2,5,0,1,0
220621,2608,0.0,3.0,1.0,7,1,1,3,6,0,1,0
2207,915,0.0,4.0,0.0,12,6,2,2,10,0,1,1
220774,1272,0.0,0.0,0.0,1,1,1,1,0,0,1,0
221133,663,0.0,4.0,1.0,17,5,2,4,13,0,1,3
221603,4173,0.0,0.0,0.0,6,3,1,1,5,0,1,0
222801,370,0.0,3.0,1.0,6,1,1,1,5,0,1,0
223208,2138,0.0,3.0,0.0,17,8,6,2,16,0,1,0
223572,1667,0.0,4.0,1.0,24,12,4,6,23,0,1,0
224079,1340,0.0,0.0,0.0,7,4,2,2,0,0,3,4
224635,4044,0.0,6.0,1.0,3,3,3,1,0,0,2,1
225267,1216,0.0,4.0,1.0,6,2,2,1,5,0,1,0
22537,378,0.0,3.0,0.0,9,5,2,2,8,0,1,0
225467,2699,0.0,3.0,0.0,46,11,3,2,44,0,2,0
225702,4648,0.0,4.0,1.0,3,1,1,1,2,0,1,0
225742,3955,0.0,5.0,0.0,7,2,1,2,6,0,1,0
22610,3472,0.0,5.0,0.0,5,1,1,1,4,0,1,0
226187,4589,0.0,0.0,0.0,4,1,1,2,2,0,1,1
226985,141,0.0,0.0,0.0,7,6,3,1,0,0,4,3
227250,534,0.0,5.0,0.0,12,10,1,2,11,0,1,0
22755,1372,0.0,0.0,1.0,4,1,1,1,3,0,1,0
227581,4648,0.0,7.0,0.0,13,3,1,1,11,0,2,0
228258,4864,0.0,4.0,0.0,3,1,1,1,2,0,1,0
228382,35,0.0,3.0,1.0,8,4,3,1,7,0,1,0
228606,4718,0.0,4.0,0.0,2,1,1,2,1,0,1,0
228626,598,0.0,3.0,1.0,11,5,2,2,9,0,2,0
228741,742,0.0,3.0,0.0,11,6,4,2,10,0,1,0
228985,3828,0.0,5.0,0.0,12,5,2,1,9,0,3,0
229055,1970,0.0,2.0,1.0,2,1,1,1,1,0,1,0
229178,1749,0.0,3.0,0.0,2,1,1,2,1,0,1,0
229251,2465,0.0,3.0,0.0,5,1,1,1,4,0,1,0
229265,3734,0.0,3.0,0.0,11,5,2,3,5,0,1,5
230492,3906,0.0,0.0,0.0,5,1,1,1,4,0,1,0
230757,133,0.0,3.0,0.0,8,1,1,2,7,0,1,0
231849,742,0.0,3.0,0.0,2,1,1,1,1,0,1,0
231948,1922,0.0,3.0,0.0,4,1,1,1,3,0,1,0
232073,2138,0.0,3.0,1.0,4,1,1,2,3,0,1,0
232201,3236,0.0,4.0,0.0,15,8,1,3,14,0,1,0
232275,2193,0.0,6.0,0.0,5,1,1,3,2,1,1,1
232671,4648,0.0,2.0,1.0,2,1,1,1,1,0,1,0
233391,804,0.0,3.0,0.0,9,6,5,1,1,0,7,1
233526,4280,0.0,0.0,0.0,13,2,1,1,11,0,1,1
233550,1594,0.0,3.0,0.0,6,2,1,1,5,0,1,0
233632,3862,0.0,2.0,1.0,2,1,1,1,1,0,1,0
233931,1618,0.0,4.0,1.0,2,1,1,1,1,0,1,0
233987,1916,1.0,3.0,0.0,5,1,1,1,3,0,2,0
234609,4090,0.0,3.0,0.0,8,1,1,1,7,0,1,0
234773,293,1.0,0.0,0.0,1,1,1,1,0,0,1,0
235007,4876,0.0,3.0,1.0,8,1,1,2,6,0,1,1
235248,4992,1.0,3.0,0.0,7,5,1,1,5,0,2,0
235362,2470,0.0,5.0,1.0,10,1,1,2,8,0,1,1
235376,4079,0.0,6.0,0.0,5,1,1,1,3,0,2,0
235887,4659,0.0,3.0,0.0,4,2,1,1,3,0,1,0
236025,1760,0.0,7.0,0.0,12,2,1,3,11,0,1,0
236111,323,0.0,3.0,0.0,6,3,1,4,5,0,1,0
237127,551,0.0,3.0,1.0,11,2,2,2,9,0,1,1
237263,2320,0.0,0.0,0.0,2,1,1,1,1,0,1,0
237335,2294,0.0,6.0,0.0,3,1,1,1,2,0,1,0
23822,114,0.0,0.0,1.0,12,2,1,1,11,0,1,0
238448,4783,0.0,4.0,1.0,5,1,1,1,3,0,2,0
239189,2031,0.0,0.0,1.0,3,1,1,1,2,0,1,0
239719,587,1.0,5.0,1.0,2,1,1,1,1,0,1,0
239898,3263,0.0,3.0,0.0,7,3,2,2,5,1,1,0
240290,3621,0.0,3.0,1.0,17,6,3,1,11,0,5,1
240517,798,0.0,5.0,1.0,9,3,1,1,8,0,1,0
240928,3968,0.0,0.0,0.0,4,1,1,1,3,0,1,0
241367,4775,0.0,3.0,0.0,13,3,1,3,10,1,1,1
241611,1093,0.0,3.0,0.0,4,1,1,1,3,0,1,0
2417,2273,0.0,0.0,0.0,9,1,1,3,7,0,1,1
241825,4818,0.0,3.0,1.0,9,8,4,6,4,0,1,4
242172,1833,0.0,4.0,0.0,15,9,3,1,14,0,1,0
242233,3971,0.0,0.0,1.0,40,19,3,3,38,0,2,0
242865,293,0.0,2.0,0.0,3,2,1,1,2,0,1,0
242920,4044,0.0,3.0,0.0,31,18,5,11,25,0,1,5
243257,1875,0.0,0.0,0.0,8,5,3,1,6,0,2,0
243858,3828,0.0,0.0,0.0,3,1,1,1,2,0,1,0
2442,2318,0.0,4.0,1.0,2,1,1,1,1,0,1,0
244278,3057,0.0,0.0,1.0,3,1,1,3,1,0,1,1
244363,2393,0.0,0.0,0.0,8,2,2,3,5,0,1,2
244432,2318,0.0,6.0,0.0,8,3,1,1,7,0,1,0
244465,574,0.0,3.0,1.0,5,1,1,1,4,0,1,0
244596,3160,0.0,0.0,0.0,22,4,1,3,21,0,1,0
2448,1322,0.0,8.0,1.0,14,7,1,2,13,0,1,0
245055,503,0.0,3.0,0.0,26,4,1,8,25,0,1,0
24516,2424,0.0,0.0,0.0,11,5,1,4,10,0,1,0
245659,3828,1.0,4.0,0.0,16,9,6,1,13,0,3,0
246290,1892,0.0,4.0,0.0,5,1,1,3,4,0,1,0
246300,1890,0.0,4.0,0.0,31,11,4,2,28,0,1,2
246370,1541,0.0,3.0,0.0,4,2,1,3,3,0,1,0
246391,721,0.0,2.0,1.0,8,1,1,2,7,0,1,0
246961,4605,0.0,0.0,0.0,9,4,4,1,6,0,3,0
247998,963,0.0,5.0,1.0,4,1,1,1,3,0,1,0
249488,3205,0.0,0.0,0.0,2,1,1,1,1,0,1,0
250289,4155,0.0,2.0,1.0,2,1,1,1,1,0,1,0
250819,4860,0.0,0.0,0.0,19,5,3,3,16,0,2,1
250840,2592,0.0,0.0,0.0,17,3,3,1,14,0,1,2
251043,3567,0.0,7.0,0.0,4,1,1,1,3,0,1,0
251159,4933,0.0,3.0,0.0,14,3,1,6,13,0,1,0
251618,1900,0.0,2.0,0.0,8,2,1,3,6,0,1,1
252014,3579,0.0,5.0,0.0,14,4,1,1,12,0,2,0
25227,2854,0.0,5.0,0.0,4,2,1,1,3,0,1,0
25232,66,0.0,3.0,1.0,3,1,1,1,2,0,1,0
252650,67,0.0,0.0,0.0,9,3,2,1,7,0,2,0
252819,590,0.0,0.0,0.0,8,2,1,1,7,0,1,0
252880,104,0.0,4.0,0.0,4,2,1,1,2,0,2,0
253300,4847,1.0,3.0,0.0,22,11,8,6,21,0,1,0
253699,4252,0.0,4.0,0.0,7,1,1,1,6,0,1,0
253737,1512,0.0,5.0,0.0,9,4,1,2,7,0,2,0
254045,2928,0.0,4.0,2.0,13,3,2,4,12,0,1,0
255016,1885,0.0,4.0,0.0,1,1,1,1,0,0,1,0
255163,416,0.0,0.0,2.0,3,2,1,1,2,0,1,0
255375,861,0.0,3.0,1.0,2,1,1,1,1,0,1,0
255460,2935,0.0,3.0,1.0,8,1,1,2,7,0,1,0
256010,4731,0.0,4.0,null,2,1,1,1,1,0,1,0
256188,3484,0.0,3.0,1.0,34,12,2,2,33,0,1,0
256587,3835,0.0,0.0,0.0,1,1,1,1,0,0,1,0
257580,3460,0.0,0.0,0.0,4,1,1,2,1,0,3,0
257907,4150,0.0,2.0,1.0,8,2,1,1,7,0,1,0
257911,2860,0.0,0.0,0.0,8,1,1,3,6,0,1,1
258036,3602,0.0,3.0,0.0,3,2,1,1,2,0,1,0
258340,1178,1.0,5.0,0.0,2,1,1,1,1,0,1,0
259203,4480,0.0,5.0,2.0,25,15,2,3,24,0,1,0
259270,4044,0.0,4.0,1.0,10,7,4,1,8,0,2,0
259915,2752,0.0,0.0,1.0,11,3,1,2,10,0,1,0
260113,4705,0.0,0.0,0.0,2,1,1,1,1,0,1,0
260766,3420,0.0,2.0,0.0,30,11,5,3,28,0,2,0
260884,4270,0.0,4.0,1.0,10,6,3,3,8,0,2,0
26135,1102,0.0,0.0,0.0,3,1,1,1,2,0,1,0
261603,3578,0.0,5.0,0.0,19,8,2,5,16,0,2,1
261681,590,0.0,2.0,0.0,12,3,1,1,11,0,1,0
262059,1629,0.0,3.0,0.0,2,1,1,2,0,0,1,1
262132,3925,0.0,2.0,0.0,1,1,1,1,0,0,1,0
262267,594,1.0,4.0,0.0,5,3,3,1,4,0,1,0
262750,2070,0.0,0.0,1.0,2,1,1,2,1,0,1,0
262750,4008,0.0,0.0,1.0,3,1,1,2,2,0,1,0
262867,2255,0.0,5.0,1.0,4,1,1,1,3,0,1,0
263244,1345,0.0,0.0,0.0,3,1,1,1,2,0,1,0
263425,4764,0.0,4.0,0.0,3,1,1,1,2,0,1,0
263537,1738,0.0,2.0,1.0,2,1,1,2,1,0,1,0
263724,786,0.0,2.0,0.0,13,3,1,2,10,0,1,2
264177,161,0.0,0.0,2.0,5,3,1,2,4,0,1,0
264285,2545,0.0,3.0,1.0,23,16,6,2,22,0,1,0
264413,1330,0.0,0.0,1.0,1,1,1,1,0,0,1,0
264677,3230,0.0,6.0,0.0,3,1,1,1,2,0,1,0
264840,1760,0.0,3.0,0.0,7,3,2,1,5,0,2,0
264901,3621,0.0,3.0,0.0,2,1,1,1,1,0,1,0
265042,1056,1.0,3.0,0.0,13,8,3,1,12,0,1,0
265115,4976,0.0,5.0,0.0,8,5,2,2,7,0,1,0
265340,2954,0.0,3.0,1.0,7,2,2,3,5,0,1,1
26561,1168,0.0,4.0,0.0,3,2,1,1,2,0,1,0
265782,2032,1.0,3.0,0.0,14,9,2,6,13,0,1,0
265927,2883,0.0,2.0,1.0,108,6,2,2,106,0,2,0
266181,3826,0.0,2.0,1.0,5,2,1,1,4,0,1,0
266336,742,0.0,0.0,0.0,1,1,1,1,0,0,1,0
266412,2403,0.0,3.0,0.0,9,8,1,3,6,0,3,0
266459,1399,0.0,3.0,0.0,31,11,1,4,30,0,1,0
266799,3444,0.0,4.0,0.0,8,1,1,3,6,0,1,1
266932,1538,0.0,6.0,0.0,8,4,1,2,3,0,1,4
26721,1760,0.0,6.0,0.0,2,1,1,1,1,0,1,0
267320,426,0.0,2.0,1.0,7,2,1,2,6,0,1,0
267749,3839,0.0,5.0,0.0,7,5,2,1,6,0,1,0
267817,3769,0.0,6.0,0.0,11,2,2,3,10,0,1,0
268336,3990,0.0,5.0,1.0,27,14,4,6,25,0,1,1
268362,3826,0.0,2.0,1.0,38,4,1,1,37,0,1,0
26842,4049,0.0,3.0,0.0,2,1,1,1,1,0,1,0
268535,4269,0.0,0.0,0.0,4,1,1,1,3,0,1,0
2687,1357,0.0,0.0,0.0,2,1,1,1,1,0,1,0
268838,1403,0.0,3.0,1.0,1,1,1,1,0,0,1,0
268927,3826,0.0,3.0,0.0,1,1,1,1,0,0,1,0
268997,503,0.0,5.0,2.0,4,2,1,1,2,0,2,0
269020,2429,0.0,7.0,0.0,6,3,2,1,4,0,2,0
269481,2891,0.0,5.0,0.0,2,1,1,2,1,0,1,0
269665,354,0.0,4.0,0.0,3,1,1,1,1,0,2,0
269805,1499,1.0,4.0,0.0,6,2,2,3,2,0,2,2
269846,4048,0.0,0.0,0.0,4,1,1,2,3,0,1,0
27003,1049,0.0,3.0,0.0,6,2,2,2,5,0,1,0
270053,963,0.0,3.0,1.0,27,7,1,5,24,0,1,2
270274,1126,0.0,2.0,0.0,20,15,6,2,17,0,3,0
270583,1760,0.0,5.0,0.0,9,5,1,3,7,0,2,0
270747,1193,0.0,0.0,1.0,5,2,1,1,4,0,1,0
270815,2537,0.0,3.0,0.0,3,3,1,3,0,0,1,2
270835,3971,0.0,3.0,0.0,3,1,1,1,2,0,1,0
271315,3766,0.0,3.0,1.0,41,22,5,2,39,0,2,0
271379,198,0.0,5.0,0.0,3,1,1,1,2,0,1,0
271726,1000,0.0,3.0,1.0,3,1,1,1,2,0,1,0
271773,643,0.0,3.0,0.0,4,1,1,1,3,0,1,0
271932,4950,0.0,4.0,0.0,6,2,1,2,5,0,1,0
272788,1346,0.0,5.0,0.0,9,4,1,2,7,0,2,0
273099,590,0.0,2.0,0.0,12,2,2,2,10,0,1,1
273998,1483,0.0,7.0,0.0,4,1,1,1,3,0,1,0
274431,1067,0.0,8.0,1.0,15,2,1,3,13,0,1,1
275323,301,0.0,0.0,0.0,2,1,1,1,1,0,1,0
275454,2537,0.0,0.0,0.0,4,2,2,2,3,0,1,0
275893,2273,0.0,3.0,2.0,3,1,1,1,2,0,1,0
275978,2981,0.0,0.0,0.0,14,5,2,2,13,0,1,0
276060,1270,0.0,6.0,0.0,9,1,1,2,7,0,1,1
277154,66,0.0,3.0,1.0,6,2,1,2,5,0,1,0
277189,4950,0.0,3.0,0.0,1,1,1,1,0,0,1,0
277376,2128,0.0,6.0,0.0,3,1,1,1,2,0,1,0
277488,66,0.0,2.0,0.0,12,3,1,2,11,0,1,0
277506,2565,0.0,0.0,0.0,1,1,1,1,0,0,1,0
278130,386,0.0,4.0,1.0,1,1,1,1,0,0,1,0
278429,4818,0.0,0.0,0.0,1,1,1,1,0,0,1,0
278440,3524,0.0,4.0,0.0,4,3,1,1,3,0,1,0
279233,4044,0.0,2.0,0.0,3,3,2,2,0,0,2,1
279536,2537,0.0,0.0,0.0,2,1,1,1,1,0,1,0
280031,3080,0.0,2.0,1.0,1,1,1,1,0,0,1,0
280090,337,0.0,0.0,1.0,4,1,1,1,3,0,1,0
280506,3445,0.0,7.0,0.0,5,3,1,1,4,0,1,0
281535,1884,0.0,6.0,0.0,13,4,2,3,12,0,1,0
281923,3578,0.0,3.0,0.0,16,2,1,2,15,0,1,0
282377,2775,0.0,7.0,0.0,3,1,1,1,2,0,1,0
282510,606,0.0,4.0,1.0,7,4,3,1,6,0,1,0
282628,2730,0.0,3.0,1.0,8,3,1,1,6,0,1,1
283182,4171,1.0,0.0,0.0,6,2,1,1,0,0,6,0
283611,246,0.0,3.0,1.0,4,1,1,1,3,0,1,0
28374,3225,0.0,0.0,0.0,5,3,1,1,4,0,1,0
283887,4650,0.0,3.0,0.0,1,1,1,1,0,0,1,0
284440,1411,0.0,2.0,1.0,1,1,1,1,0,0,1,0
284563,1679,0.0,3.0,0.0,17,3,2,1,16,0,1,0
284830,2935,0.0,4.0,1.0,7,2,1,1,6,0,1,0
285046,962,0.0,2.0,0.0,3,1,1,1,2,0,1,0
285635,4763,0.0,6.0,0.0,10,1,1,2,9,0,1,0
285986,1632,0.0,3.0,0.0,5,2,1,2,4,0,1,0
286477,1592,0.0,5.0,1.0,6,4,1,1,5,0,1,0
286679,2537,0.0,3.0,0.0,3,3,3,1,0,0,3,0
286717,2303,1.0,5.0,1.0,4,1,1,1,3,0,1,0
287441,141,0.0,5.0,0.0,3,2,2,2,0,0,1,2
287670,3460,0.0,4.0,1.0,8,1,1,1,5,0,3,0
28820,2482,0.0,3.0,0.0,30,5,3,3,26,0,3,1
288366,3753,0.0,4.0,0.0,8,3,1,1,7,0,1,0
288397,4705,0.0,0.0,0.0,5,2,2,1,4,0,1,0
288797,416,0.0,3.0,0.0,6,4,2,2,5,0,1,0
289051,4306,0.0,4.0,0.0,2,1,1,1,1,0,1,0
289566,1457,0.0,0.0,1.0,15,5,3,2,14,0,1,0
289862,2805,0.0,3.0,1.0,16,4,2,1,14,0,1,1
289879,2082,0.0,5.0,0.0,1,1,1,1,0,0,1,0
28993,3289,0.0,6.0,0.0,7,3,1,2,6,0,1,0
290020,1963,0.0,5.0,0.0,3,1,1,2,2,0,1,0
290051,3288,0.0,4.0,0.0,3,1,1,1,1,0,2,0
290111,3536,0.0,4.0,0.0,25,5,2,1,23,0,2,0
290346,2776,0.0,6.0,0.0,2,1,1,1,1,0,1,0
290391,1890,0.0,3.0,0.0,11,8,2,2,10,0,1,0
290549,395,0.0,0.0,0.0,2,1,1,1,1,0,1,0
290608,760,0.0,3.0,0.0,1,1,1,1,0,0,1,0
290737,845,1.0,3.0,0.0,7,2,1,1,6,0,1,0
290836,3580,0.0,5.0,1.0,44,20,5,2,39,0,5,0
290840,2545,0.0,3.0,1.0,15,7,4,4,14,0,1,0
291601,2791,0.0,3.0,0.0,25,6,3,1,23,0,2,0
291784,4760,0.0,0.0,1.0,16,6,3,2,15,0,1,0
291785,1833,0.0,4.0,1.0,6,3,1,1,4,0,2,0
291878,1162,0.0,3.0,0.0,8,4,4,3,7,0,1,0
292315,2099,0.0,3.0,0.0,5,3,3,1,1,0,3,1
292885,4659,0.0,3.0,0.0,28,7,4,2,24,0,4,0
292895,1133,0.0,4.0,2.0,2,1,1,1,1,0,1,0
292935,3288,0.0,0.0,0.0,4,1,1,1,3,0,1,0
293089,4198,0.0,4.0,1.0,7,1,1,4,3,0,2,2
293167,3828,0.0,3.0,0.0,2,2,2,1,1,0,1,0
29341,4650,0.0,5.0,0.0,1,1,1,1,0,0,1,0
294125,2590,0.0,2.0,0.0,58,16,2,4,47,0,2,9
294272,4282,0.0,3.0,1.0,26,5,2,7,23,0,1,2
294340,4659,0.0,4.0,0.0,3,2,2,1,2,0,1,0
294450,4025,0.0,6.0,0.0,8,3,2,1,6,0,2,0
294557,4829,0.0,3.0,0.0,10,1,1,2,9,0,1,0
294686,4534,0.0,4.0,2.0,21,2,2,5,13,0,7,1
295251,1833,0.0,7.0,0.0,34,14,1,2,31,0,3,0
295874,2459,0.0,0.0,0.0,65,25,6,4,61,0,3,1
29596,2048,0.0,4.0,1.0,18,7,2,1,17,0,1,0
296450,3018,0.0,3.0,0.0,12,1,1,3,10,0,1,1
296569,3006,0.0,4.0,1.0,13,4,1,2,12,0,1,0
297020,1916,0.0,3.0,0.0,45,13,2,3,42,0,3,0
297162,3273,0.0,3.0,0.0,3,1,1,1,2,0,1,0
297252,3284,0.0,3.0,0.0,3,1,1,2,2,0,1,0
297348,949,0.0,4.0,0.0,32,17,4,5,30,0,2,0
297472,3091,0.0,0.0,0.0,2,1,1,1,1,0,1,0
297530,3990,0.0,4.0,0.0,3,1,1,1,2,0,1,0
297668,4079,0.0,4.0,0.0,1,1,1,1,0,0,1,0
297873,3734,0.0,2.0,1.0,8,6,4,3,7,0,1,0
298054,3451,1.0,4.0,0.0,8,5,1,1,6,0,1,1
298064,2545,1.0,3.0,1.0,34,17,8,2,33,0,1,0
298875,968,0.0,4.0,0.0,1,1,1,1,0,0,1,0
298912,2170,0.0,3.0,1.0,1,1,1,1,0,0,1,0
299142,4768,0.0,4.0,0.0,5,3,1,2,2,0,3,0
299324,3819,0.0,3.0,0.0,4,2,2,1,3,0,1,0
299533,4044,0.0,3.0,0.0,3,1,1,1,2,0,1,0
299906,1851,0.0,0.0,0.0,7,3,3,2,4,0,1,2
300528,4468,0.0,2.0,1.0,18,1,1,2,17,0,1,0
300916,4048,0.0,2.0,0.0,4,2,1,1,3,0,1,0
301102,3593,0.0,5.0,0.0,8,3,2,2,7,0,1,0
301425,1472,0.0,0.0,1.0,4,2,1,1,3,0,1,0
30171,133,0.0,3.0,0.0,2,1,1,1,1,0,1,0
301865,4771,0.0,3.0,0.0,12,2,2,1,10,0,2,0
302438,1963,0.0,0.0,0.0,6,1,1,1,5,0,1,0
302964,2394,0.0,3.0,1.0,4,1,1,2,1,0,3,0
302973,1485,0.0,7.0,1.0,24,14,2,1,23,0,1,0
303117,4173,0.0,0.0,0.0,7,3,3,4,6,0,1,0
303342,3148,0.0,6.0,0.0,56,30,3,6,52,0,2,2
303499,3609,0.0,4.0,0.0,1,1,1,1,0,0,1,0
30418,4760,0.0,3.0,0.0,39,11,5,5,33,0,1,5
30525,1031,0.0,4.0,0.0,12,4,1,3,10,0,2,0
305349,3303,0.0,5.0,0.0,6,3,2,2,3,0,1,2
305385,2031,0.0,0.0,0.0,8,2,1,3,5,0,1,2
306030,804,0.0,4.0,1.0,26,5,2,5,22,0,2,2
306369,1131,0.0,3.0,0.0,12,6,2,2,10,0,1,1
306379,2905,0.0,4.0,0.0,8,1,1,2,7,0,1,0
307077,323,0.0,0.0,0.0,8,3,1,3,7,0,1,0
307220,198,0.0,5.0,0.0,3,1,1,1,2,0,1,0
307545,1408,1.0,0.0,0.0,1,1,1,1,0,0,1,0
307758,3152,0.0,3.0,1.0,47,25,1,4,44,0,3,0
308209,598,0.0,4.0,1.0,24,12,2,3,23,0,1,0
30842,1056,0.0,0.0,1.0,16,13,10,2,15,0,1,0
308726,66,0.0,0.0,0.0,14,1,1,2,13,0,1,0
308758,1963,0.0,0.0,0.0,7,5,2,1,6,0,1,0
30902,4506,0.0,3.0,1.0,2,1,1,1,1,0,1,0
30904,1134,1.0,5.0,0.0,6,1,1,2,4,0,1,1
309126,2791,1.0,2.0,1.0,1,1,1,1,0,0,1,0
310899,15,0.0,6.0,0.0,27,7,2,1,23,0,4,0
311081,2397,0.0,4.0,0.0,16,10,3,5,15,0,1,0
31179,1318,0.0,0.0,1.0,20,7,4,1,18,0,2,0
311910,1719,0.0,0.0,0.0,2,1,1,1,0,0,2,0
311989,4026,0.0,3.0,0.0,19,5,2,3,15,0,1,3
312434,14,0.0,3.0,1.0,3,1,1,1,1,0,1,1
312445,4949,1.0,6.0,1.0,484,231,17,26,482,0,2,0
31276,1923,0.0,0.0,0.0,5,3,1,2,4,0,1,0
31436,633,0.0,5.0,0.0,3,2,1,2,0,0,1,2
314704,1948,1.0,0.0,0.0,4,3,3,1,0,0,4,0
314850,2031,0.0,6.0,1.0,3,1,1,1,2,0,1,0
314877,2482,0.0,0.0,0.0,5,1,1,2,4,0,1,0
31501,1340,0.0,3.0,1.0,1,1,1,1,0,0,1,0
315076,1123,1.0,5.0,0.0,6,2,1,2,4,0,2,0
315187,1379,0.0,4.0,2.0,3,2,2,1,2,0,1,0
31535,742,0.0,4.0,0.0,4,1,1,1,2,0,2,0
31557,3383,0.0,0.0,0.0,1,1,1,1,0,0,1,0
315685,4976,0.0,5.0,0.0,3,3,2,1,0,0,3,0
315686,1340,0.0,4.0,0.0,34,14,3,3,26,0,3,5
315716,4163,0.0,6.0,0.0,6,2,1,2,4,0,1,1
31594,2193,0.0,6.0,0.0,12,2,2,2,10,0,2,0
316381,861,0.0,2.0,1.0,2,1,1,1,1,0,1,0
316938,424,0.0,0.0,0.0,3,2,1,1,2,0,1,0
316974,4049,0.0,0.0,1.0,3,1,1,1,2,0,1,0
317030,3828,0.0,6.0,0.0,5,2,2,2,4,0,1,0
317956,962,0.0,3.0,1.0,2,1,1,1,1,0,1,0
318035,3898,0.0,2.0,1.0,9,3,1,3,8,0,1,0
318152,1068,0.0,0.0,0.0,1,1,1,1,0,0,1,0
318459,3402,0.0,4.0,1.0,10,5,1,2,9,0,1,0
319307,2167,0.0,3.0,1.0,2,1,1,1,1,0,1,0
319825,4048,0.0,3.0,0.0,1,1,1,1,0,0,1,0
32019,2928,0.0,4.0,0.0,2,1,1,1,1,0,1,0
320440,2821,0.0,4.0,0.0,2,1,1,1,1,0,1,0
320854,2138,0.0,2.0,0.0,5,1,1,2,3,0,1,1
321687,4265,0.0,3.0,0.0,91,55,12,1,82,0,9,0
321749,1957,0.0,2.0,0.0,6,1,1,1,5,0,1,0
322664,2482,0.0,3.0,0.0,2,2,2,1,0,0,2,0
322726,4438,0.0,6.0,0.0,3,1,1,1,2,0,1,0
322823,4426,0.0,6.0,0.0,7,2,1,1,6,0,1,0
322843,3923,0.0,3.0,1.0,9,3,2,1,8,0,1,0
323180,1494,0.0,5.0,0.0,6,2,2,2,4,0,2,0
323483,4044,0.0,4.0,1.0,26,19,7,1,24,0,2,0
324311,4143,0.0,3.0,2.0,20,11,7,3,19,0,1,0
324437,1514,0.0,0.0,0.0,2,1,1,1,1,0,1,0
324727,3396,0.0,4.0,1.0,2,1,1,1,1,0,1,0
325088,4425,0.0,0.0,0.0,4,1,1,1,2,1,1,0
325532,3472,0.0,2.0,0.0,2,1,1,1,1,0,1,0
325755,4835,0.0,3.0,2.0,2,1,1,1,1,0,1,0
326811,4048,0.0,3.0,0.0,2,1,1,1,1,0,1,0
326828,1457,0.0,4.0,1.0,2,1,1,2,0,0,1,1
326987,1911,0.0,4.0,0.0,10,6,1,2,9,0,1,0
327465,798,0.0,0.0,0.0,19,6,5,1,16,0,3,0
327578,2175,0.0,0.0,0.0,2,1,1,1,1,0,1,0
32770,416,1.0,4.0,0.0,2,1,1,1,1,0,1,0
328447,3428,0.0,3.0,1.0,12,2,1,3,10,0,1,1
328655,1861,0.0,3.0,0.0,11,1,1,2,9,0,2,0
328885,3350,0.0,6.0,0.0,8,6,1,1,7,0,1,0
32899,684,0.0,3.0,1.0,2,1,1,1,1,0,1,0
329259,4373,0.0,6.0,0.0,3,1,1,1,2,0,1,0
32941,4043,0.0,4.0,0.0,9,6,4,1,8,0,1,0
329823,4044,0.0,0.0,0.0,10,6,3,2,9,0,1,0
330067,2459,0.0,4.0,0.0,3,1,1,2,2,0,1,0
330076,20,0.0,5.0,null,5,2,1,1,3,0,2,0
330520,2569,0.0,4.0,1.0,8,2,1,1,6,0,2,0
331427,4048,0.0,4.0,0.0,2,1,1,1,1,0,1,0
331738,1861,0.0,0.0,0.0,1,1,1,1,0,0,1,0
332418,2981,0.0,3.0,0.0,8,1,1,2,5,0,2,1
332445,3376,1.0,4.0,1.0,5,1,1,1,4,0,1,0
332555,227,0.0,4.0,0.0,4,2,1,3,2,0,1,1
333863,1840,0.0,0.0,1.0,2,1,1,1,1,0,1,0
334582,1049,0.0,2.0,1.0,2,1,1,1,1,0,1,0
334901,1274,0.0,3.0,0.0,3,1,1,1,2,0,1,0
335471,4708,0.0,5.0,0.0,1,1,1,1,0,0,1,0
33619,4042,0.0,3.0,0.0,2,2,1,1,0,0,2,0
336378,1049,0.0,0.0,0.0,2,1,1,1,1,0,1,0
337220,4616,0.0,0.0,0.0,10,2,1,1,9,0,1,0
337333,2109,0.0,3.0,0.0,4,1,1,1,3,0,1,0
337650,675,0.0,null,null,3,1,1,1,2,0,1,0
338351,4071,0.0,0.0,0.0,3,1,1,1,2,0,1,0
338765,293,0.0,0.0,0.0,5,1,1,2,4,0,1,0
339186,4173,0.0,0.0,0.0,32,26,6,7,30,0,1,1
339344,1489,0.0,3.0,0.0,2,1,1,1,1,0,1,0
339621,2711,0.0,4.0,2.0,27,14,3,3,21,0,2,4
340417,598,0.0,0.0,0.0,7,1,1,1,5,0,1,1
340862,740,0.0,4.0,1.0,3,1,1,1,2,0,1,0
341179,2499,0.0,3.0,0.0,3,1,1,1,2,0,1,0
342183,3305,0.0,0.0,0.0,1,1,1,1,0,0,1,0
342420,798,0.0,0.0,0.0,22,9,6,6,20,0,1,1
342514,4444,0.0,6.0,0.0,12,7,4,2,11,0,1,0
34281,4079,0.0,3.0,0.0,2,1,1,1,1,0,1,0
343415,398,0.0,2.0,1.0,15,1,1,2,14,0,1,0
343549,2217,0.0,2.0,0.0,2,1,1,2,0,0,1,1
344860,323,0.0,3.0,0.0,8,2,1,3,4,0,2,2
344961,996,0.0,3.0,1.0,21,5,1,5,15,0,2,4
345070,3828,0.0,3.0,0.0,6,5,2,1,5,0,1,0
345799,954,0.0,0.0,0.0,8,1,1,3,6,0,2,0
346118,4976,0.0,3.0,0.0,6,1,1,3,4,0,1,1
346474,3578,0.0,3.0,1.0,16,9,2,2,15,0,1,0
346565,3154,0.0,4.0,0.0,17,7,4,1,15,0,2,0
347220,2608,0.0,2.0,0.0,3,1,1,1,2,0,1,0
347221,3472,0.0,3.0,0.0,3,1,1,1,2,0,1,0
347272,4022,0.0,5.0,0.0,11,2,1,1,7,0,4,0
347346,3424,0.0,4.0,0.0,28,7,1,3,27,0,1,0
347857,3968,0.0,0.0,null,9,4,4,1,6,0,3,0
348392,3473,0.0,3.0,0.0,11,4,2,1,9,0,2,0
348506,1918,0.0,3.0,0.0,15,11,4,6,12,0,1,2
349622,437,0.0,6.0,0.0,25,12,2,1,24,0,1,0
350491,3022,0.0,0.0,1.0,16,13,8,1,14,0,2,0
351966,4481,0.0,0.0,0.0,9,2,1,1,7,1,1,0
352140,4992,1.0,3.0,null,4,1,1,1,3,0,1,0
352295,3350,0.0,4.0,1.0,7,2,1,2,5,0,1,1
352508,3472,0.0,6.0,1.0,7,3,3,1,5,0,2,0
352884,2459,0.0,3.0,0.0,15,1,1,1,14,0,1,0
352897,2981,1.0,6.0,0.0,7,2,2,1,5,0,1,1
353198,1022,0.0,3.0,0.0,2,1,1,1,1,0,1,0
353291,630,0.0,0.0,0.0,11,3,2,3,10,0,1,0
354419,1708,0.0,3.0,0.0,14,6,2,1,12,0,2,0
354512,310,0.0,3.0,1.0,6,2,2,3,5,0,1,0
355026,2161,0.0,4.0,0.0,8,1,1,3,6,0,1,1
355407,1833,0.0,6.0,1.0,2,2,2,1,0,0,2,0
355705,3289,0.0,6.0,0.0,3,1,1,2,2,0,1,0
356332,1356,1.0,5.0,0.0,8,2,1,2,5,1,2,0
356807,1281,0.0,4.0,0.0,7,3,1,1,6,0,1,0
357043,1968,0.0,0.0,0.0,1,1,1,1,0,0,1,0
357125,1203,0.0,4.0,1.0,4,1,1,2,3,0,1,0
357238,1890,0.0,4.0,2.0,1,1,1,1,0,0,1,0
357386,4605,0.0,5.0,0.0,2,1,1,1,1,0,1,0
357863,66,0.0,3.0,null,6,1,1,2,4,0,2,0
35824,1103,0.0,3.0,null,8,5,2,1,6,0,2,0
35848,4955,0.0,2.0,0.0,24,7,3,2,22,0,2,0
359117,4891,0.0,4.0,0.0,1,1,1,1,0,0,1,0
35928,3898,0.0,0.0,0.0,2,1,1,2,1,0,1,0
359401,4372,0.0,0.0,0.0,11,5,2,2,9,0,1,1
359791,968,0.0,6.0,0.0,7,2,1,3,6,0,1,0
359814,1204,0.0,6.0,0.0,3,1,1,1,2,0,1,0
360716,2143,0.0,0.0,0.0,6,1,1,1,5,0,1,0
361500,798,0.0,4.0,0.0,3,1,1,1,2,0,1,0
361538,2579,0.0,4.0,0.0,15,7,3,3,13,0,1,1
362639,2432,1.0,4.0,1.0,8,1,1,2,7,0,1,0
362997,3545,0.0,3.0,0.0,4,1,1,1,3,0,1,0
363009,2158,1.0,0.0,0.0,5,2,2,1,3,0,2,0
363098,958,0.0,0.0,0.0,23,7,1,1,21,0,2,0
363291,4472,0.0,3.0,1.0,6,2,1,1,5,0,1,0
363662,1923,0.0,3.0,1.0,3,1,1,2,2,0,1,0
363669,1719,0.0,2.0,0.0,1,1,1,1,0,0,1,0
363732,4933,0.0,0.0,0.0,10,4,1,3,8,0,1,1
363981,4760,0.0,3.0,1.0,14,2,1,1,12,0,2,0
364018,4750,0.0,4.0,0.0,30,2,1,1,29,0,1,0
364023,3191,0.0,2.0,0.0,2,1,1,1,1,0,1,0
364171,4394,0.0,0.0,0.0,17,2,1,4,16,0,1,0
36438,1372,0.0,4.0,1.0,2,1,1,1,1,0,1,0
364611,3303,0.0,4.0,1.0,3,1,1,1,2,0,1,0
364706,1742,1.0,6.0,0.0,8,3,1,2,7,0,1,0
365138,4808,0.0,6.0,0.0,3,2,1,1,2,0,1,0
365409,2138,0.0,2.0,0.0,3,1,1,2,2,0,1,0
366016,1353,0.0,4.0,1.0,12,1,1,8,10,0,1,1
36606,4558,0.0,3.0,0.0,3,2,1,1,2,0,1,0
36624,586,0.0,4.0,0.0,5,3,1,1,3,0,2,0
366371,3826,0.0,0.0,0.0,1,1,1,1,0,0,1,0
366712,2161,0.0,3.0,0.0,4,1,1,2,3,0,1,0
366938,1704,0.0,0.0,0.0,35,16,6,2,31,0,1,3
367190,1742,0.0,4.0,0.0,3,1,1,2,2,0,1,0
367573,1056,0.0,4.0,0.0,15,10,7,2,14,0,1,0
367594,3016,1.0,6.0,0.0,6,1,1,1,5,0,1,0
367663,3734,0.0,2.0,1.0,11,2,1,1,10,0,1,0
368100,1501,0.0,3.0,0.0,58,21,5,3,57,0,1,0
368685,1760,0.0,5.0,0.0,4,3,2,1,0,0,2,2
369751,332,0.0,5.0,0.0,11,3,2,2,9,0,2,0
369994,2424,0.0,2.0,0.0,15,6,1,1,14,0,1,0
370062,4358,0.0,0.0,null,17,7,2,3,14,1,1,1
370669,2031,0.0,6.0,1.0,13,3,2,5,10,0,1,2
370756,742,0.0,3.0,0.0,5,3,2,1,4,0,1,0
370826,4173,0.0,0.0,0.0,19,9,6,9,14,0,1,4
371096,2872,0.0,0.0,0.0,2,2,2,1,0,0,2,0
37210,2639,1.0,4.0,0.0,16,5,2,4,14,0,2,0
372401,133,0.0,5.0,0.0,18,3,1,4,14,0,1,3
372656,2664,0.0,0.0,0.0,32,8,1,3,30,0,2,0
372819,1393,0.0,0.0,0.0,9,6,4,3,8,0,1,0
372825,2175,0.0,3.0,0.0,18,12,5,1,16,0,2,0
373204,4079,0.0,2.0,1.0,3,1,1,1,2,0,1,0
37325,1187,0.0,4.0,0.0,8,2,2,1,6,0,2,0
373441,1472,0.0,0.0,0.0,12,1,1,1,11,0,1,0
373467,4005,0.0,4.0,1.0,4,1,1,1,3,0,1,0
37348,1890,1.0,4.0,0.0,38,20,4,12,37,0,1,0
373505,968,0.0,5.0,1.0,4,1,1,2,3,0,1,0
373720,4170,0.0,0.0,0.0,8,1,1,2,7,0,1,0
374570,3245,0.0,5.0,0.0,4,1,1,2,3,0,1,0
374653,3671,0.0,3.0,0.0,13,7,5,3,10,0,1,2
375187,2954,0.0,0.0,1.0,8,1,1,3,7,0,1,0
375260,4044,1.0,3.0,0.0,14,7,4,4,13,0,1,0
375358,2608,0.0,0.0,1.0,2,1,1,1,1,0,1,0
376419,2608,0.0,3.0,0.0,19,8,2,1,17,0,2,0
376511,3525,0.0,3.0,1.0,4,2,1,2,3,0,1,0
376553,685,0.0,6.0,0.0,10,4,2,1,8,0,2,0
376644,4818,0.0,2.0,0.0,12,7,3,1,11,0,1,0
377157,4979,0.0,6.0,0.0,2,1,1,1,1,0,1,0
377800,4044,0.0,2.0,0.0,12,4,2,1,11,0,1,0
377802,1162,0.0,4.0,0.0,6,6,2,1,1,0,5,0
377860,4394,0.0,0.0,0.0,1,1,1,1,0,0,1,0
377874,1495,0.0,2.0,0.0,12,1,1,1,10,0,2,0
378092,1704,0.0,4.0,0.0,24,15,5,5,23,0,1,0
378846,1840,0.0,3.0,0.0,3,1,1,1,2,0,1,0
379101,798,0.0,4.0,0.0,8,7,4,3,7,0,1,0
37913,1346,0.0,5.0,1.0,15,9,1,3,13,0,1,1
379329,4091,0.0,0.0,0.0,6,2,1,2,4,0,1,1
379375,3411,1.0,3.0,0.0,13,2,1,1,10,0,3,0
379546,1501,0.0,4.0,0.0,35,11,1,1,34,0,1,0
379763,1742,0.0,2.0,0.0,3,1,1,2,2,0,1,0
379796,1892,0.0,5.0,2.0,20,12,6,1,16,0,4,0
379820,1704,0.0,6.0,0.0,21,6,3,7,18,1,1,1
379925,3734,0.0,4.0,1.0,53,20,3,6,52,0,1,0
380065,3205,0.0,4.0,1.0,29,9,2,3,19,0,1,9
380089,1423,1.0,5.0,0.0,24,4,1,1,23,0,1,0
380194,3105,0.0,3.0,0.0,6,3,1,1,5,0,1,0
38026,4976,0.0,5.0,0.0,1,1,1,1,0,0,1,0
380727,3828,0.0,5.0,0.0,2,1,1,1,1,0,1,0
381096,941,1.0,3.0,1.0,3,1,1,1,2,0,1,0
381133,1890,0.0,4.0,0.0,6,3,1,1,5,0,1,0
381221,598,1.0,4.0,1.0,17,10,3,2,16,0,1,0
381460,1200,0.0,0.0,0.0,4,1,1,1,2,0,2,0
381751,2565,0.0,0.0,0.0,3,1,1,1,1,0,2,0
381892,1861,1.0,0.0,1.0,20,8,1,2,17,0,1,2
382131,2945,0.0,3.0,0.0,9,2,1,2,7,0,1,1
382530,2954,0.0,0.0,0.0,5,1,1,1,3,0,1,1
38267,4976,0.0,2.0,0.0,1,1,1,1,0,0,1,0
38272,2664,0.0,3.0,0.0,22,7,2,1,18,0,4,0
382842,481,0.0,4.0,1.0,3,2,1,1,2,0,1,0
383550,2766,0.0,0.0,1.0,5,2,2,2,4,0,1,0
384293,4659,0.0,3.0,1.0,8,4,3,2,5,0,3,0
38434,1557,1.0,4.0,0.0,21,9,4,1,18,0,3,0
384381,2545,1.0,2.0,1.0,19,10,3,4,18,0,1,0
384425,2915,0.0,0.0,0.0,10,6,2,2,0,0,3,7
384478,2482,0.0,2.0,0.0,1,1,1,1,0,0,1,0
384619,4938,0.0,4.0,0.0,3,2,2,2,2,0,1,0
384896,2928,0.0,3.0,0.0,20,11,7,6,19,0,1,0
384973,1810,0.0,4.0,0.0,27,15,7,4,20,0,1,6
385417,2995,0.0,5.0,0.0,8,4,4,1,5,0,3,0
387021,2459,1.0,5.0,0.0,8,5,3,4,7,0,1,0
387161,2217,0.0,6.0,0.0,2,1,1,2,0,0,1,1
387443,685,1.0,6.0,1.0,25,15,3,2,24,0,1,0
388081,1502,0.0,3.0,0.0,6,3,2,1,4,0,2,0
38815,720,0.0,3.0,1.0,5,1,1,1,3,0,2,0
388316,1093,0.0,2.0,1.0,24,6,1,9,20,0,1,3
388764,426,0.0,2.0,0.0,2,1,1,1,1,0,1,0
389131,416,0.0,3.0,0.0,77,42,8,6,73,0,1,3
389567,4071,0.0,4.0,0.0,2,1,1,1,1,0,1,0
389680,3173,0.0,4.0,0.0,6,2,1,1,5,0,1,0
389826,4463,0.0,0.0,0.0,6,3,2,1,5,0,1,0
390040,1618,0.0,0.0,1.0,6,4,1,2,5,0,1,0
390829,191,0.0,3.0,0.0,8,4,2,1,7,0,1,0
391141,2482,0.0,6.0,0.0,2,1,1,1,1,0,1,0
391227,3979,0.0,3.0,1.0,1,1,1,1,0,0,1,0
391375,4361,0.0,4.0,0.0,3,1,1,1,2,0,1,0
391833,1704,0.0,0.0,0.0,2,2,2,1,0,0,2,0
392138,684,0.0,4.0,1.0,4,2,2,1,2,0,2,0
392457,798,0.0,4.0,0.0,2,1,1,1,1,0,1,0
393657,2091,0.0,3.0,0.0,8,3,2,1,5,0,3,0
393932,2545,0.0,3.0,0.0,12,9,5,1,11,0,1,0
394023,1448,0.0,3.0,0.0,1,1,1,1,0,0,1,0
394185,3826,0.0,0.0,1.0,8,1,1,2,7,0,1,0
394495,3578,0.0,4.0,1.0,1,1,1,1,0,0,1,0
39481,1884,0.0,0.0,0.0,2,1,1,1,1,0,1,0
395257,534,1.0,4.0,1.0,10,5,1,1,7,0,3,0
39529,1272,0.0,6.0,0.0,14,5,2,1,13,0,1,0
395505,1861,1.0,0.0,0.0,6,1,1,2,4,0,1,1
396290,4480,0.0,0.0,0.0,3,2,2,1,2,0,1,0
396292,2031,0.0,2.0,1.0,8,2,1,1,7,0,1,0
396426,3990,0.0,7.0,0.0,25,11,4,5,23,0,2,0
396681,702,0.0,4.0,0.0,3,1,1,2,2,0,1,0
396691,4173,0.0,0.0,0.0,2,1,1,2,1,0,1,0
396869,4992,0.0,4.0,0.0,2,2,1,1,0,0,2,0
39690,3828,0.0,3.0,0.0,102,47,14,11,86,0,4,12
39758,2639,0.0,6.0,1.0,4,1,1,2,2,0,2,0
39767,4280,0.0,3.0,0.0,2,1,1,2,0,0,1,1
397744,3955,0.0,3.0,0.0,16,6,1,6,9,0,2,5
398423,66,0.0,4.0,2.0,11,3,3,2,8,0,3,0
398554,3304,0.0,4.0,0.0,2,1,1,1,1,0,1,0
398756,2450,0.0,4.0,0.0,5,1,1,1,3,0,2,0
398756,3057,0.0,4.0,0.0,5,1,1,2,4,0,1,0
399005,2501,0.0,6.0,0.0,3,2,2,1,2,0,1,0
399231,3734,0.0,5.0,0.0,1,1,1,1,0,0,1,0
399242,4022,1.0,3.0,1.0,12,7,2,3,11,0,1,0
399623,1067,0.0,4.0,0.0,2,2,1,1,1,0,1,0
39967,3734,0.0,2.0,0.0,16,2,1,2,14,0,2,0
399681,1557,0.0,3.0,1.0,18,1,1,4,17,0,1,0
400686,3022,0.0,3.0,1.0,6,1,1,2,5,0,1,0
4019,3159,0.0,2.0,0.0,3,1,1,1,2,0,1,0
402810,3152,1.0,6.0,0.0,19,2,1,2,14,0,4,1
403182,2954,0.0,3.0,0.0,4,1,1,1,3,0,1,0
403446,4044,0.0,3.0,0.0,36,25,5,1,34,0,2,0
403592,4420,0.0,4.0,0.0,47,10,7,3,41,0,2,4
40391,4499,0.0,0.0,0.0,3,1,1,1,1,0,2,0
404657,1453,0.0,4.0,1.0,9,6,1,2,8,0,1,0
40483,4287,0.0,7.0,0.0,20,5,4,3,14,0,3,3
406768,760,1.0,6.0,1.0,2,1,1,2,1,0,1,0
407064,4523,0.0,4.0,0.0,12,5,2,5,6,0,3,3
407321,1487,0.0,6.0,0.0,5,2,1,1,4,0,1,0
407557,4607,0.0,3.0,0.0,1,1,1,1,0,0,1,0
40757,3022,0.0,6.0,0.0,4,1,1,1,3,0,1,0
407664,2821,0.0,4.0,0.0,4,1,1,1,3,0,1,0
408420,293,0.0,0.0,0.0,5,1,1,2,4,0,1,0
408485,4090,0.0,4.0,0.0,30,16,1,3,27,0,2,1
408599,2810,0.0,2.0,0.0,2,1,1,2,1,0,1,0
409578,2403,0.0,2.0,0.0,13,7,1,3,11,0,1,1
409641,2545,0.0,3.0,1.0,4,4,3,3,2,0,1,1
409697,3623,0.0,4.0,0.0,36,24,4,1,29,0,7,0
410143,4605,0.0,0.0,0.0,9,3,3,1,6,2,1,0
410626,3682,0.0,3.0,0.0,3,2,1,2,2,0,1,0
410984,1102,0.0,2.0,0.0,3,2,2,1,2,0,1,0
411172,742,0.0,5.0,0.0,8,1,1,2,6,0,1,1
411286,1827,0.0,4.0,1.0,31,20,3,1,30,0,1,0
411299,1203,0.0,0.0,1.0,6,1,1,1,5,0,1,0
411705,608,0.0,5.0,0.0,3,1,1,1,2,0,1,0
41206,1272,0.0,4.0,0.0,43,14,2,7,36,0,1,6
412203,3266,0.0,6.0,1.0,3,1,1,1,2,0,1,0
412235,879,0.0,2.0,1.0,2,1,1,1,1,0,1,0
412433,4614,0.0,4.0,0.0,4,2,2,2,2,0,2,0
412912,3878,0.0,3.0,0.0,12,3,1,1,11,0,1,0
41304,1340,1.0,3.0,0.0,7,5,4,3,0,0,2,5
41360,682,0.0,3.0,0.0,1,1,1,1,0,0,1,0
413728,783,0.0,2.0,1.0,2,1,1,1,1,0,1,0
414948,1305,0.0,0.0,0.0,5,1,1,1,4,0,1,0
414962,4655,0.0,0.0,1.0,13,8,4,2,12,0,1,0
414965,2669,0.0,0.0,0.0,10,4,2,2,9,0,1,0
41516,1393,0.0,3.0,1.0,48,37,11,4,42,0,1,5
415259,2224,0.0,2.0,0.0,11,7,1,3,10,0,1,0
415343,4558,0.0,5.0,0.0,4,1,1,1,3,0,1,0
415357,107,0.0,2.0,0.0,20,2,1,3,19,0,1,0
415567,4079,0.0,3.0,0.0,4,3,1,1,3,0,1,0
415734,2305,0.0,0.0,0.0,4,1,1,2,2,0,1,1
41592,547,0.0,3.0,1.0,15,5,1,1,14,0,1,0
416010,597,0.0,2.0,0.0,1,1,1,1,0,0,1,0
416028,63,0.0,5.0,1.0,3,1,1,1,2,0,1,0
416099,1708,0.0,2.0,0.0,7,2,1,3,4,0,2,1
416250,758,0.0,4.0,0.0,4,2,1,1,3,0,1,0
416622,121,0.0,5.0,2.0,17,9,4,3,13,0,1,3
417651,1443,0.0,2.0,1.0,2,1,1,1,1,0,1,0
417842,1708,0.0,5.0,1.0,1,1,1,1,0,0,1,0
418099,2305,0.0,3.0,0.0,21,8,5,2,16,0,4,1
41833,1661,0.0,0.0,0.0,1,1,1,1,0,0,1,0
418494,1356,0.0,3.0,0.0,2,1,1,2,0,0,1,1
419770,3080,0.0,2.0,1.0,6,2,1,3,5,0,1,0
420385,4280,0.0,3.0,0.0,4,2,1,2,2,0,1,1
420870,3143,0.0,6.0,0.0,6,1,1,2,5,0,1,0
420893,2646,1.0,3.0,0.0,15,4,1,1,9,0,6,0
420991,3236,0.0,3.0,0.0,8,2,1,1,6,0,1,1
421079,2803,0.0,6.0,1.0,4,2,1,1,3,0,1,0
421208,2911,0.0,4.0,2.0,2,1,1,1,1,0,1,0
421402,3990,0.0,4.0,0.0,1,1,1,1,0,0,1,0
421441,2403,0.0,0.0,0.0,10,6,1,2,9,0,1,0
421484,1890,0.0,5.0,0.0,15,8,2,1,13,0,2,0
421928,786,0.0,3.0,0.0,9,2,1,2,8,0,1,0
422149,4357,0.0,0.0,1.0,5,1,1,1,3,0,2,0
422238,3683,0.0,0.0,0.0,7,2,2,2,4,0,2,1
422902,4727,0.0,3.0,1.0,5,2,2,1,4,0,1,0
423191,4282,0.0,0.0,0.0,12,3,1,1,11,0,1,0
42332,3305,0.0,3.0,1.0,6,1,1,2,5,0,1,0
423354,731,0.0,0.0,0.0,5,1,1,1,4,0,1,0
423401,3622,0.0,4.0,1.0,5,3,2,2,3,0,2,0
423703,1945,0.0,3.0,0.0,12,8,6,3,11,0,1,0
423811,4171,0.0,4.0,1.0,2,1,1,1,1,0,1,0
43106,643,0.0,null,null,4,1,1,2,3,0,1,0
45139,4882,0.0,6.0,0.0,2,1,1,1,1,0,1,0
45228,551,0.0,0.0,0.0,4,1,1,1,3,0,1,0
45663,4760,0.0,4.0,1.0,6,4,3,2,5,0,1,0
45774,1454,0.0,3.0,0.0,8,7,2,1,7,0,1,0
45801,1016,0.0,0.0,0.0,35,19,5,6,34,0,1,0
45801,3990,0.0,0.0,0.0,11,5,2,3,10,0,1,0
45820,1272,0.0,5.0,0.0,17,4,4,5,14,1,2,0
45842,1890,0.0,4.0,0.0,12,5,3,3,6,0,1,5
45993,166,1.0,4.0,0.0,10,7,1,2,7,0,1,2
46179,4525,0.0,3.0,0.0,33,20,1,2,31,0,2,0
4686,1522,0.0,4.0,0.0,8,3,1,2,7,0,1,0
46870,4775,1.0,5.0,0.0,1,1,1,1,0,0,1,0
47136,4992,1.0,5.0,0.0,4,1,1,1,3,0,1,0
47294,4043,1.0,5.0,0.0,5,2,2,1,3,0,2,0
47349,4191,0.0,0.0,1.0,23,5,1,3,20,0,3,0
47695,3016,0.0,5.0,0.0,5,2,2,2,2,0,1,2
47973,2003,0.0,4.0,1.0,3,1,1,2,2,0,1,0
48239,2459,1.0,4.0,0.0,9,8,3,6,8,0,1,0
4838,2175,0.0,3.0,0.0,3,1,1,1,2,0,1,0
48479,3179,0.0,2.0,0.0,5,1,1,1,4,0,1,0
48584,4955,0.0,0.0,0.0,10,7,1,3,9,0,1,0
48631,1470,0.0,7.0,0.0,3,1,1,1,2,0,1,0
48905,598,0.0,3.0,1.0,28,7,1,6,27,0,1,0
49167,1472,0.0,0.0,1.0,2,1,1,1,1,0,1,0
49195,2767,0.0,4.0,0.0,12,5,2,2,10,0,2,0
49221,1393,0.0,4.0,0.0,190,130,15,5,167,0,1,22
49382,2447,0.0,0.0,0.0,3,1,1,1,2,0,1,0
49844,2440,0.0,2.0,1.0,2,1,1,1,1,0,1,0
49955,793,0.0,0.0,0.0,10,3,1,2,8,1,1,0
50070,46,0.0,null,null,2,1,1,1,0,0,2,0
50448,3205,0.0,2.0,0.0,4,1,1,2,2,0,1,1
50784,2945,0.0,4.0,1.0,1,1,1,1,0,0,1,0
5086,3152,0.0,0.0,0.0,10,7,1,1,9,0,1,0
51105,3815,0.0,6.0,0.0,1,1,1,1,0,0,1,0
51274,4793,0.0,0.0,1.0,2,1,1,1,1,0,1,0
51422,1581,0.0,3.0,0.0,12,7,1,4,10,0,2,0
51625,4067,0.0,3.0,0.0,4,1,1,2,3,0,1,0
51686,1679,0.0,4.0,1.0,4,2,2,1,2,1,1,0
51896,4129,0.0,3.0,0.0,4,4,1,1,3,0,1,0
52120,542,0.0,6.0,0.0,2,1,1,1,1,0,1,0
52183,170,0.0,4.0,0.0,4,1,1,1,3,0,1,0
52401,1923,0.0,3.0,1.0,4,1,1,2,3,0,1,0
53708,2273,0.0,6.0,1.0,4,3,1,1,3,0,1,0
53821,3623,0.0,2.0,0.0,3,1,1,2,2,0,1,0
54051,605,0.0,null,null,10,1,1,3,9,0,1,0
54138,773,0.0,4.0,0.0,43,30,12,3,41,0,1,1
54902,35,0.0,3.0,1.0,46,12,9,4,45,0,1,0
56670,2318,0.0,5.0,0.0,1,1,1,1,0,0,1,0
57034,2922,0.0,3.0,1.0,7,1,1,2,5,0,1,1
57153,2390,0.0,8.0,0.0,1,1,1,1,0,0,1,0
57586,2565,0.0,6.0,0.0,10,7,1,1,9,0,1,0
57731,4090,0.0,5.0,1.0,2,1,1,1,0,0,2,0
57742,2051,0.0,0.0,0.0,12,4,1,2,11,0,1,0
57812,4173,0.0,0.0,0.0,6,1,1,2,5,0,1,0
57848,1122,0.0,6.0,0.0,12,4,2,1,11,0,1,0
58217,3103,0.0,0.0,0.0,15,6,2,1,14,0,1,0
58324,416,1.0,5.0,0.0,2,2,2,1,0,0,2,0
58916,4170,0.0,4.0,1.0,4,2,1,1,3,0,1,0
59041,1322,0.0,0.0,0.0,1,1,1,1,0,0,1,0
6045,2821,0.0,5.0,0.0,5,1,1,1,4,0,1,0
60699,2664,0.0,4.0,2.0,1,1,1,1,0,0,1,0
60801,4607,0.0,6.0,1.0,2,1,1,1,1,0,1,0
60819,1489,0.0,5.0,1.0,15,5,2,2,12,0,2,1
61629,4760,0.0,3.0,0.0,2,1,1,1,1,0,1,0
61733,3350,0.0,3.0,0.0,12,2,1,2,11,0,1,0
62156,598,1.0,3.0,0.0,4,1,1,1,3,0,1,0
62216,4186,0.0,5.0,0.0,4,2,1,1,2,1,1,0
6238,3571,0.0,4.0,0.0,5,1,1,4,4,0,1,0
62451,3971,0.0,3.0,1.0,2,1,1,1,1,0,1,0
6257,4198,0.0,3.0,0.0,4,1,1,1,3,0,1,0
62849,1742,0.0,2.0,1.0,3,1,1,1,2,0,1,0
62999,4558,0.0,3.0,0.0,8,1,1,1,6,0,2,0
63386,1761,1.0,4.0,2.0,13,4,2,3,12,0,1,0
63818,3826,0.0,3.0,0.0,4,1,1,2,2,0,2,0
63908,1276,0.0,5.0,1.0,5,1,1,1,4,0,1,0
64108,4760,0.0,4.0,0.0,2,1,1,1,1,0,1,0
6455,3472,0.0,4.0,0.0,3,1,1,1,2,0,1,0
64983,4744,0.0,3.0,1.0,6,1,1,1,5,0,1,0
65037,94,0.0,5.0,0.0,10,3,3,5,9,0,1,0
65843,3984,0.0,0.0,0.0,1,1,1,1,0,0,1,0
65923,3220,0.0,5.0,0.0,2,1,1,2,1,0,1,0
66229,2583,0.0,3.0,0.0,13,4,2,3,12,0,1,0
67874,4079,1.0,4.0,1.0,20,1,1,2,18,0,2,0
68073,611,0.0,6.0,0.0,7,1,1,1,5,0,2,0
68458,3531,0.0,3.0,0.0,4,1,1,2,3,0,1,0
68469,2303,0.0,0.0,0.0,27,2,1,13,26,0,1,0
68888,606,0.0,0.0,0.0,16,9,5,2,14,0,2,0
68944,1890,0.0,0.0,0.0,9,2,1,4,8,0,1,0
69222,4760,0.0,0.0,1.0,4,2,2,2,1,0,1,2
69609,4504,0.0,0.0,0.0,5,1,1,2,3,0,1,1
70109,1501,0.0,2.0,0.0,16,14,4,3,15,0,1,0
70278,4049,0.0,3.0,0.0,3,2,1,1,2,0,1,0
70855,293,0.0,0.0,0.0,7,1,1,2,5,0,1,1
7115,4760,0.0,0.0,1.0,36,11,3,3,34,0,2,0
71555,4048,0.0,2.0,0.0,2,1,1,1,0,0,1,1
71600,3323,1.0,4.0,1.0,7,3,1,2,6,0,1,0
71936,3022,0.0,3.0,1.0,9,4,3,1,7,0,2,0
72035,4976,0.0,2.0,0.0,37,13,4,5,33,0,1,3
72090,4173,0.0,3.0,0.0,10,6,2,1,9,0,1,0
72092,4783,0.0,5.0,0.0,6,2,1,1,4,0,2,0
7214,1448,0.0,0.0,0.0,4,1,1,1,3,0,1,0
72576,141,0.0,2.0,0.0,12,2,1,2,10,0,1,1
72682,2546,0.0,0.0,1.0,6,1,1,1,5,0,1,0
72755,598,0.0,0.0,0.0,4,1,1,2,3,0,1,0
72766,63,0.0,6.0,0.0,12,4,3,2,9,0,3,0
72820,474,0.0,4.0,1.0,3,1,1,2,2,0,1,0
73114,4494,0.0,0.0,0.0,1,1,1,1,0,0,1,0
73268,3578,0.0,0.0,2.0,5,4,2,2,0,0,1,4
73737,1892,0.0,6.0,2.0,21,12,8,2,15,0,6,0
74472,1487,0.0,0.0,1.0,20,3,1,6,18,1,1,0
74579,4744,0.0,6.0,0.0,12,6,2,5,11,0,1,0
74753,1755,0.0,2.0,0.0,5,2,1,2,3,0,1,1
75004,2954,0.0,4.0,0.0,2,2,2,2,0,1,1,0
75089,2571,0.0,4.0,1.0,7,1,1,3,4,0,2,1
75102,798,0.0,0.0,0.0,53,21,13,8,36,0,4,13
75458,4605,0.0,4.0,1.0,3,1,1,1,2,0,1,0
76305,423,0.0,3.0,0.0,2,1,1,2,1,0,1,0
76461,2808,0.0,5.0,1.0,2,2,1,1,0,0,2,0
76703,2136,0.0,3.0,1.0,58,13,5,2,54,0,4,0
7712,962,0.0,4.0,0.0,4,2,2,1,3,0,1,0
77192,414,0.0,6.0,1.0,9,4,2,3,8,0,1,0
77226,141,0.0,0.0,1.0,10,3,2,4,9,0,1,0
77356,3791,0.0,2.0,1.0,6,1,1,1,5,0,1,0
77664,804,0.0,0.0,0.0,5,2,1,1,4,0,1,0
778,915,0.0,5.0,0.0,16,7,2,1,9,0,1,6
77893,474,0.0,3.0,0.0,34,11,8,1,27,0,7,0
77901,4043,0.0,3.0,0.0,1,1,1,1,0,0,1,0
78601,323,0.0,5.0,0.0,1,1,1,1,0,0,1,0
78730,4504,0.0,6.0,0.0,32,15,1,1,31,0,1,0
78747,962,0.0,3.0,0.0,1,1,1,1,0,0,1,0
78800,3578,0.0,3.0,0.0,25,4,2,2,22,2,1,0
78853,2872,0.0,4.0,0.0,7,2,2,4,4,0,1,2
78973,3578,0.0,0.0,0.0,1,1,1,1,0,0,1,0
79592,2138,0.0,0.0,0.0,2,1,1,1,1,0,1,0
79606,2669,0.0,6.0,0.0,3,1,1,1,2,0,1,0
80222,4643,1.0,4.0,2.0,9,5,1,1,8,0,1,0
80404,2014,0.0,3.0,0.0,3,1,1,1,2,0,1,0
80459,148,0.0,4.0,0.0,7,3,3,1,5,0,2,0
80618,2559,0.0,4.0,0.0,11,2,1,2,10,0,1,0
80673,3734,0.0,3.0,1.0,17,9,7,4,15,0,1,1
80777,897,0.0,5.0,0.0,12,8,5,1,9,0,3,0
80902,2173,0.0,6.0,0.0,11,6,2,5,10,0,1,0
80992,3350,1.0,0.0,0.0,1,1,1,1,0,0,1,0
81108,3451,0.0,7.0,1.0,2,1,1,1,1,0,1,0
81183,2047,0.0,4.0,0.0,19,8,2,2,16,0,2,1
81399,4966,0.0,7.0,1.0,3,1,1,2,2,0,1,0
81670,4847,0.0,4.0,0.0,66,29,10,12,62,0,4,0
8177,2397,0.0,4.0,0.0,6,3,2,2,5,0,1,0
82109,4044,0.0,0.0,1.0,17,9,4,1,15,0,1,1
82476,2569,0.0,4.0,0.0,8,3,1,1,7,0,1,0
82777,3236,0.0,3.0,0.0,5,4,1,1,4,0,1,0
83338,1594,0.0,4.0,0.0,11,3,1,4,10,0,1,0
83831,2278,1.0,2.0,1.0,3,3,2,1,0,0,3,0
84001,1470,0.0,4.0,0.0,2,1,1,1,1,0,1,0
84195,1816,0.0,3.0,0.0,6,2,2,1,5,0,1,0
84219,3614,0.0,5.0,0.0,8,1,1,1,7,0,1,0
84354,2776,0.0,0.0,0.0,4,2,2,2,2,0,1,1
84367,3835,0.0,4.0,0.0,8,3,3,1,5,0,1,2
84777,4847,0.0,0.0,0.0,35,19,4,3,34,0,1,0
85082,4143,0.0,0.0,0.0,12,7,3,3,10,0,1,1
85113,3143,0.0,4.0,0.0,25,11,2,2,22,0,3,0
85119,4079,0.0,2.0,0.0,10,3,1,1,7,0,3,0
85232,2746,0.0,4.0,1.0,14,3,2,1,12,0,2,0
85482,2565,0.0,3.0,0.0,6,2,1,3,5,0,1,0
8553,4545,0.0,4.0,0.0,8,2,1,1,7,0,1,0
85631,2099,0.0,3.0,0.0,3,1,1,1,2,0,1,0
85739,1437,0.0,4.0,1.0,8,3,1,2,6,0,1,1
85865,3284,0.0,0.0,1.0,8,2,2,4,7,0,1,0
85960,3484,0.0,5.0,0.0,18,4,1,4,17,0,1,0
86414,2900,0.0,0.0,0.0,5,1,1,3,3,0,1,1
86968,4287,0.0,4.0,1.0,5,1,1,1,4,0,1,0
87167,2097,0.0,6.0,0.0,2,1,1,2,1,0,1,0
87616,4976,0.0,7.0,0.0,11,4,1,4,7,0,1,3
87700,423,0.0,0.0,0.0,2,1,1,1,1,0,1,0
87841,4326,0.0,0.0,1.0,1,1,1,1,0,0,1,0
8838,4173,0.0,3.0,0.0,25,11,4,4,23,0,1,1
88511,2447,0.0,6.0,1.0,12,4,2,1,11,0,1,0
88931,1187,0.0,3.0,0.0,11,3,2,5,10,0,1,0
8915,862,0.0,3.0,1.0,38,22,11,4,32,0,6,0
8923,4558,0.0,3.0,0.0,4,2,1,2,3,0,1,0
89315,4186,0.0,3.0,0.0,4,2,2,1,3,0,1,0
89612,3472,0.0,3.0,1.0,5,1,1,1,4,0,1,0
89693,3734,0.0,3.0,0.0,61,38,9,1,55,0,6,0
89795,3936,0.0,0.0,1.0,14,8,5,4,12,0,2,0
90376,2567,0.0,3.0,0.0,5,4,1,1,4,0,1,0
90416,2273,0.0,0.0,0.0,22,6,1,5,19,0,1,2
90643,1327,0.0,0.0,0.0,14,2,1,4,12,0,1,1
90769,219,0.0,0.0,0.0,5,3,1,1,4,0,1,0
91054,1470,0.0,0.0,1.0,2,1,1,1,1,0,1,0
91369,4594,0.0,6.0,0.0,11,7,6,1,10,0,1,0
91394,1769,0.0,4.0,0.0,6,2,1,1,5,0,1,0
91903,2883,0.0,5.0,0.0,5,5,4,2,4,0,1,0
91975,3619,0.0,5.0,0.0,1,1,1,1,0,0,1,0
92152,4368,0.0,3.0,0.0,2,1,1,1,1,0,1,0
92239,742,0.0,6.0,1.0,10,1,1,2,9,0,1,0
92462,1102,0.0,5.0,0.0,2,1,1,1,1,0,1,0
92714,3835,0.0,5.0,0.0,13,1,1,2,12,0,1,0
92772,1056,0.0,0.0,0.0,6,4,2,1,4,0,2,0
93454,3828,0.0,0.0,0.0,43,18,3,3,41,0,2,0
93462,1126,0.0,3.0,0.0,15,8,7,3,13,0,2,0
93693,1632,0.0,4.0,0.0,3,1,1,1,2,0,1,0
94116,1356,0.0,3.0,1.0,13,2,1,2,12,0,1,0
94156,2303,0.0,0.0,0.0,13,5,1,3,12,0,1,0
94197,3968,0.0,0.0,0.0,2,1,1,2,0,0,1,1
94557,4966,0.0,0.0,1.0,3,1,1,1,2,0,1,0
94792,120,0.0,2.0,1.0,2,1,1,1,1,0,1,0
94909,786,0.0,2.0,0.0,14,2,1,1,11,0,1,2
95039,798,0.0,3.0,0.0,16,7,6,3,12,0,4,0
96082,1485,0.0,4.0,0.0,5,2,1,3,4,0,1,0
96504,396,0.0,3.0,1.0,28,19,1,1,25,0,3,0
97346,2066,0.0,7.0,0.0,1,1,1,1,0,0,1,0
97926,3580,0.0,0.0,0.0,21,13,5,1,19,0,2,0
98145,3179,0.0,6.0,0.0,10,3,3,1,9,0,1,0
9858,1573,0.0,5.0,1.0,2,1,1,1,1,0,1,0
98856,63,0.0,0.0,0.0,10,1,1,3,9,0,1,0
993,2824,0.0,4.0,0.0,8,2,2,1,7,0,1,0
9938,4513,0.0,4.0,0.0,6,2,1,1,5,0,1,0
99648,4287,0.0,4.0,0.0,5,1,1,4,3,0,1,1
99724,1833,0.0,0.0,0.0,34,17,6,1,32,0,2,0
