100009,386,0.0,3.0,1.0,4,2,1,2,3,0,1,0
10011,293,0.0,3.0,0.0,8,2,1,2,5,0,1,2
100371,4044,0.0,2.0,0.0,8,2,2,1,6,0,2,0
100524,1102,1.0,3.0,1.0,1,1,1,1,0,0,1,0
100595,3828,0.0,5.0,0.0,6,4,3,1,5,0,1,0
100757,3525,0.0,4.0,1.0,3,1,1,1,2,0,1,0
101393,4071,0.0,6.0,0.0,1,1,1,1,0,0,1,0
101755,1678,0.0,2.0,0.0,4,1,1,2,1,0,2,1
102718,4985,0.0,4.0,0.0,7,1,1,1,6,0,1,0
103166,1393,0.0,3.0,0.0,16,12,6,1,14,0,2,0
103414,898,0.0,0.0,0.0,8,2,2,1,6,0,2,0
103670,1512,0.0,3.0,0.0,7,6,1,2,0,0,1,6
104398,4605,0.0,6.0,0.0,10,4,4,2,9,0,1,0
104415,2594,0.0,6.0,0.0,4,1,1,1,3,0,1,0
10472,2928,0.0,4.0,2.0,5,2,2,2,4,0,1,0
104845,798,0.0,3.0,0.0,32,5,4,2,31,0,1,0
105060,4605,0.0,3.0,0.0,1,1,1,1,0,0,1,0
105600,1487,0.0,6.0,1.0,21,8,1,3,20,0,1,0
105733,134,0.0,2.0,1.0,1,1,1,1,0,0,1,0
105880,951,0.0,2.0,0.0,3,1,1,1,2,0,1,0
106129,3958,1.0,3.0,0.0,24,8,4,4,22,0,2,0
106275,1487,0.0,5.0,2.0,7,4,1,1,6,0,1,0
106323,1923,0.0,2.0,0.0,9,3,2,2,8,0,1,0
107114,4499,0.0,3.0,1.0,5,3,1,1,3,0,2,0
107334,2537,0.0,0.0,0.0,43,10,6,5,39,0,4,0
107439,2313,0.0,3.0,0.0,8,1,1,3,7,0,1,0
107488,2217,0.0,3.0,0.0,3,2,1,3,0,0,1,2
107980,4545,0.0,4.0,0.0,8,3,1,1,7,0,1,0
108085,3127,0.0,0.0,0.0,4,2,1,1,2,0,2,0
108434,1522,0.0,6.0,0.0,9,2,1,1,8,0,1,0
10883,4173,0.0,3.0,0.0,1,1,1,1,0,0,1,0
10905,2766,0.0,0.0,0.0,2,1,1,1,1,0,1,0
109113,1412,0.0,5.0,0.0,8,3,1,1,6,0,2,0
109233,4818,0.0,3.0,0.0,1,1,1,1,0,0,1,0
109483,4287,1.0,3.0,0.0,2,1,1,1,1,0,1,0
109497,3826,1.0,2.0,1.0,3,1,1,1,2,0,1,0
109551,2275,0.0,4.0,0.0,5,1,1,3,4,0,1,0
109919,145,0.0,4.0,0.0,3,2,1,2,2,0,1,0
110401,2879,0.0,3.0,0.0,3,1,1,2,2,0,1,0
110883,3319,0.0,4.0,0.0,2,1,1,2,0,0,1,1
110981,2278,0.0,2.0,0.0,10,2,1,1,8,0,1,1
111094,2187,1.0,0.0,0.0,23,9,1,3,22,0,1,0
11154,3323,0.0,4.0,0.0,4,1,1,1,3,0,1,0
111610,3536,0.0,0.0,0.0,2,1,1,1,1,0,1,0
111834,2636,0.0,3.0,0.0,4,1,1,1,3,0,1,0
112076,3432,0.0,0.0,0.0,1,1,1,1,0,0,1,0
112569,423,0.0,4.0,0.0,2,1,1,1,1,0,1,0
112874,3727,1.0,3.0,1.0,62,20,1,6,59,0,1,2
11323,2631,0.0,5.0,0.0,5,3,2,1,4,0,1,0
113234,4659,0.0,3.0,0.0,2,2,1,1,1,0,1,0
113563,3473,0.0,0.0,0.0,3,1,1,2,2,0,1,0
113689,3839,0.0,6.0,0.0,6,1,1,4,4,0,1,1
113854,4919,0.0,3.0,1.0,1,1,1,1,0,0,1,0
114748,4894,0.0,4.0,1.0,4,1,1,1,3,0,1,0
116399,2138,0.0,3.0,1.0,1,1,1,1,0,0,1,0
117085,1346,0.0,0.0,0.0,22,7,1,3,21,0,1,0
117207,4846,0.0,3.0,2.0,8,2,1,1,7,0,1,0
117536,1585,0.0,5.0,1.0,6,3,2,1,3,0,3,0
117810,2193,0.0,3.0,1.0,1,1,1,1,0,0,1,0
118062,3828,0.0,4.0,1.0,69,33,10,12,67,0,1,1
118355,1212,0.0,2.0,1.0,5,1,1,2,3,0,1,1
118681,4649,1.0,5.0,1.0,5,1,1,1,4,0,1,0
119349,2565,0.0,0.0,0.0,9,4,1,1,6,2,1,0
119529,3105,0.0,4.0,2.0,22,12,2,2,17,0,5,0
119615,1102,0.0,5.0,1.0,5,3,1,1,4,0,1,0
119796,1963,0.0,2.0,1.0,22,11,6,3,20,0,1,1
119813,4173,0.0,4.0,0.0,9,6,4,2,8,0,1,0
120003,1892,0.0,4.0,0.0,62,42,10,6,60,0,2,0
120166,4374,0.0,3.0,1.0,36,19,5,3,34,0,1,1
120643,437,0.0,4.0,1.0,14,1,1,1,13,0,1,0
120719,3640,0.0,3.0,1.0,1,1,1,1,0,0,1,0
120735,4368,0.0,3.0,0.0,10,6,3,3,8,0,2,0
121160,2482,0.0,3.0,0.0,19,9,5,1,17,0,2,0
121394,4073,0.0,0.0,0.0,14,5,4,3,13,0,1,0
121733,436,0.0,4.0,0.0,19,5,2,1,17,0,2,0
12187,474,0.0,0.0,0.0,3,1,1,1,1,0,2,0
122013,4282,0.0,4.0,0.0,23,10,2,2,13,0,1,9
12202,2791,0.0,4.0,1.0,10,2,1,2,8,0,1,1
122827,2193,0.0,0.0,0.0,1,1,1,1,0,0,1,0
123279,633,0.0,4.0,2.0,6,2,1,2,5,0,1,0
123346,2217,0.0,2.0,0.0,20,2,1,4,17,0,1,2
12347,4044,0.0,0.0,0.0,4,1,1,1,3,0,1,0
123613,1890,0.0,3.0,1.0,8,5,2,6,7,0,1,0
123969,3098,0.0,3.0,1.0,31,9,4,3,28,0,3,0
124353,4976,0.0,4.0,0.0,17,14,5,4,14,0,2,1
12540,4282,0.0,2.0,1.0,2,1,1,1,1,0,1,0
12557,3828,0.0,4.0,0.0,8,6,5,1,7,0,1,0
125717,1440,1.0,4.0,1.0,33,4,1,6,32,0,1,0
125766,1943,0.0,3.0,0.0,2,1,1,1,1,0,1,0
126182,2217,0.0,3.0,0.0,7,2,1,4,5,0,1,1
126771,3159,0.0,4.0,1.0,5,2,2,1,4,0,1,0
12680,4829,0.0,5.0,0.0,4,2,1,1,2,0,2,0
127157,479,0.0,4.0,1.0,6,1,1,1,5,0,1,0
127320,4660,0.0,6.0,0.0,5,2,1,1,4,0,1,0
128022,1892,1.0,4.0,0.0,21,8,3,2,17,0,4,0
128160,598,0.0,3.0,null,11,3,2,3,7,0,1,3
128199,323,0.0,7.0,0.0,3,1,1,1,2,0,1,0
128331,4732,0.0,0.0,null,4,1,1,2,3,0,1,0
129119,598,0.0,6.0,0.0,21,3,1,1,19,0,1,1
129638,2217,0.0,6.0,1.0,3,1,1,1,2,0,1,0
129686,1276,0.0,0.0,0.0,12,5,1,1,11,0,1,0
129871,71,0.0,6.0,0.0,18,11,3,3,16,0,2,0
13080,4173,0.0,3.0,0.0,11,7,2,1,10,0,1,0
132288,3472,0.0,3.0,0.0,3,1,1,1,2,0,1,0
132735,1840,0.0,4.0,0.0,7,3,2,2,6,0,1,0
132743,479,0.0,0.0,0.0,3,1,1,1,2,0,1,0
133120,4687,0.0,3.0,1.0,17,3,2,5,16,0,1,0
133136,265,0.0,5.0,1.0,2,1,1,1,0,0,2,0
133144,3862,0.0,0.0,1.0,9,1,1,2,8,0,1,0
133188,2447,0.0,4.0,1.0,7,1,1,2,5,0,2,0
133372,3822,0.0,4.0,1.0,6,1,1,3,4,0,1,1
133490,1884,0.0,6.0,0.0,3,2,1,1,2,0,1,0
133584,1964,0.0,0.0,0.0,2,1,1,2,0,0,1,1
133766,2954,0.0,3.0,0.0,19,11,6,3,13,0,6,0
133777,1301,0.0,2.0,1.0,3,2,2,1,2,0,1,0
134461,2721,0.0,5.0,0.0,23,9,1,3,22,0,1,0
13462,598,0.0,3.0,0.0,14,6,3,1,13,0,1,0
135627,2537,0.0,5.0,0.0,11,7,5,2,9,0,2,0
136221,1978,1.0,2.0,1.0,1,1,1,1,0,0,1,0
136244,2217,0.0,3.0,0.0,7,3,2,3,5,0,1,1
136298,586,0.0,4.0,0.0,33,28,8,1,31,0,2,0
1368,191,0.0,4.0,0.0,89,46,12,3,60,0,8,21
137160,968,0.0,5.0,0.0,10,2,2,4,9,0,1,0
137454,4605,0.0,3.0,0.0,2,1,1,2,1,0,1,0
13781,1618,0.0,2.0,1.0,1,1,1,1,0,0,1,0
137919,3072,0.0,4.0,0.0,9,3,1,2,8,0,1,0
138418,4848,0.0,5.0,1.0,8,3,3,1,6,0,2,0
138742,4871,1.0,4.0,1.0,13,1,1,1,11,0,2,0
138993,1502,0.0,4.0,0.0,14,2,2,2,10,0,3,1
139254,4463,0.0,3.0,1.0,98,9,2,11,94,0,1,3
139498,2652,0.0,4.0,1.0,5,2,1,1,4,0,1,0
140051,1899,0.0,6.0,null,2,1,1,1,1,0,1,0
140162,4475,0.0,0.0,0.0,6,1,1,1,4,1,1,0
140767,2465,1.0,3.0,0.0,1,1,1,1,0,0,1,0
140847,4009,0.0,6.0,1.0,1,1,1,1,0,0,1,0
141024,4847,0.0,3.0,0.0,7,5,3,2,6,0,1,0
141092,798,0.0,6.0,0.0,10,2,2,2,7,0,2,1
141293,3545,1.0,2.0,1.0,4,3,1,2,3,0,1,0
141418,3350,0.0,0.0,0.0,14,6,1,2,13,0,1,0
14144,2430,0.0,5.0,0.0,9,5,2,1,8,0,1,0
143197,4955,0.0,0.0,0.0,1,1,1,1,0,0,1,0
143237,4316,0.0,2.0,1.0,6,1,1,1,5,0,1,0
143397,1760,0.0,5.0,1.0,2,2,2,1,0,0,2,0
144861,4949,0.0,7.0,0.0,102,65,10,5,99,0,3,0
14520,102,0.0,4.0,0.0,13,5,3,3,11,0,1,1
145283,3161,0.0,6.0,0.0,12,4,3,4,10,0,1,1
145673,1892,0.0,4.0,0.0,25,10,3,3,23,0,2,0
145740,663,0.0,4.0,0.0,11,9,5,2,10,0,1,0
145905,361,0.0,4.0,0.0,7,3,1,3,5,0,1,1
146080,2935,0.0,4.0,0.0,3,2,2,2,2,0,1,0
146097,1514,0.0,4.0,0.0,2,1,1,1,1,0,1,0
146324,4048,0.0,0.0,0.0,2,1,1,1,1,0,1,0
146431,2928,0.0,5.0,0.0,11,6,2,5,9,0,1,1
146504,4062,0.0,0.0,0.0,2,1,1,2,1,0,1,0
147383,643,0.0,4.0,1.0,25,10,3,1,24,0,1,0
14801,1610,0.0,3.0,1.0,3,3,2,1,0,0,3,0
148150,2928,0.0,3.0,0.0,47,19,7,5,46,0,1,0
148407,4938,0.0,2.0,0.0,7,1,1,2,6,0,1,0
149013,4282,0.0,0.0,0.0,3,1,1,3,2,0,1,0
149088,3065,0.0,5.0,0.0,13,5,1,3,11,0,2,0
149587,2273,0.0,3.0,0.0,8,1,1,2,7,0,1,0
149865,3073,0.0,4.0,0.0,8,1,1,1,0,0,8,0
150169,3383,0.0,3.0,0.0,4,3,1,1,3,0,1,0
150694,3098,0.0,0.0,0.0,9,1,1,2,8,0,1,0
15112,3726,0.0,3.0,0.0,3,1,1,1,2,0,1,0
151541,962,1.0,4.0,1.0,6,1,1,2,5,0,1,0
152910,3163,0.0,3.0,0.0,1,1,1,1,0,0,1,0
152958,2545,0.0,2.0,1.0,6,2,2,2,5,0,1,0
153144,1081,0.0,0.0,0.0,13,5,1,2,12,0,1,0
153184,1056,1.0,3.0,0.0,25,18,10,4,23,0,2,0
153230,4731,0.0,4.0,0.0,5,4,3,2,4,0,1,0
153380,4044,0.0,3.0,1.0,11,3,1,1,9,0,2,0
153566,962,0.0,2.0,0.0,8,3,3,2,6,0,2,0
153570,242,0.0,0.0,1.0,5,2,1,1,4,0,1,0
154688,1501,0.0,0.0,0.0,12,6,2,2,11,0,1,0
155649,4976,0.0,3.0,0.0,5,1,1,2,3,0,1,1
155698,2653,0.0,2.0,0.0,4,1,1,1,3,0,1,0
155840,2954,0.0,5.0,0.0,3,2,2,2,2,0,1,0
156330,4760,0.0,0.0,1.0,3,2,2,2,1,0,2,0
156958,3284,0.0,2.0,0.0,10,2,1,1,9,0,1,0
157375,4173,0.0,0.0,1.0,3,2,1,1,2,0,1,0
157399,4170,0.0,6.0,0.0,5,2,1,2,4,0,1,0
157477,2652,0.0,3.0,1.0,2,1,1,1,1,0,1,0
158043,4129,0.0,0.0,0.0,37,17,2,2,36,0,1,0
158114,1978,0.0,3.0,1.0,4,1,1,1,3,0,1,0
158203,1726,1.0,3.0,0.0,4,1,1,1,3,0,1,0
158261,4394,0.0,3.0,0.0,12,4,1,3,10,0,1,1
158438,963,0.0,3.0,1.0,3,1,1,2,2,0,1,0
159001,598,0.0,3.0,1.0,36,14,4,2,35,0,1,0
159279,3640,0.0,4.0,1.0,8,2,2,2,7,0,1,0
159513,3941,0.0,5.0,1.0,2,1,1,2,0,0,1,1
159516,2745,0.0,2.0,1.0,12,4,2,4,11,0,1,0
159607,1346,0.0,3.0,1.0,10,4,1,1,9,0,1,0
159695,3779,0.0,0.0,1.0,5,1,1,1,3,0,2,0
160182,3828,0.0,3.0,0.0,5,4,4,1,4,0,1,0
160308,4234,0.0,2.0,1.0,9,7,4,1,8,0,1,0
160559,2273,0.0,0.0,0.0,12,3,1,1,10,0,2,0
160883,1588,0.0,0.0,0.0,7,2,2,1,6,0,1,0
161018,4129,0.0,4.0,0.0,34,20,3,2,32,0,2,0
161239,1704,0.0,3.0,0.0,77,18,3,22,71,0,2,4
161492,4724,0.0,0.0,null,9,4,1,2,8,0,1,0
161950,2022,0.0,5.0,0.0,7,1,1,1,6,0,1,0
16210,4394,0.0,5.0,0.0,1,1,1,1,0,0,1,0
162178,3323,1.0,0.0,1.0,11,2,1,2,9,0,1,1
162661,3578,0.0,5.0,1.0,6,3,2,2,5,0,1,0
162940,437,0.0,4.0,2.0,26,17,2,1,24,0,1,1
162993,4040,1.0,0.0,1.0,11,5,3,1,10,0,1,0
163184,3473,0.0,6.0,0.0,5,1,1,1,3,0,2,0
163221,3472,0.0,2.0,0.0,6,4,2,1,5,0,1,0
163250,3452,0.0,5.0,0.0,7,4,1,1,6,0,1,0
164773,730,0.0,3.0,1.0,7,5,4,2,5,0,2,0
164849,2273,0.0,3.0,1.0,4,2,1,1,3,0,1,0
165442,437,0.0,0.0,1.0,3,1,1,1,2,0,1,0
165461,915,0.0,4.0,0.0,13,4,1,3,11,0,1,1
165548,2284,0.0,5.0,1.0,2,1,1,1,1,0,1,0
165989,2273,0.0,7.0,1.0,4,1,1,2,3,0,1,0
166078,1892,0.0,3.0,0.0,5,3,3,1,1,0,4,0
166826,962,0.0,0.0,0.0,5,1,1,1,4,0,1,0
16770,4048,0.0,6.0,0.0,4,1,1,2,3,0,1,0
168273,2268,0.0,3.0,0.0,3,1,1,1,2,0,1,0
168415,4960,0.0,2.0,0.0,21,11,3,4,20,0,1,0
168585,2467,1.0,3.0,1.0,2,1,1,1,1,0,1,0
168771,4601,0.0,3.0,0.0,4,1,1,1,3,0,1,0
169022,747,0.0,4.0,0.0,4,2,1,1,3,0,1,0
169505,3640,0.0,3.0,0.0,8,3,2,2,6,0,1,1
169733,2954,0.0,5.0,0.0,3,1,1,1,2,0,1,0
16999,1619,0.0,4.0,1.0,9,2,1,3,7,0,1,1
169991,4143,1.0,0.0,0.0,19,5,3,1,16,0,3,0
170287,4322,0.0,3.0,0.0,2,1,1,1,1,0,1,0
170327,4079,0.0,0.0,0.0,2,1,1,1,1,0,1,0
170440,1501,0.0,4.0,1.0,9,5,2,1,8,0,1,0
171208,2173,0.0,3.0,0.0,19,10,3,2,16,0,1,2
171357,2565,0.0,6.0,0.0,40,11,2,4,36,0,3,1
17155,685,0.0,4.0,1.0,2,1,1,1,1,0,1,0
172,4015,0.0,0.0,0.0,3,2,1,1,2,0,1,0
172093,2031,0.0,3.0,0.0,5,1,1,1,3,1,1,0
172379,4178,0.0,3.0,0.0,3,1,1,1,2,0,1,0
173037,1483,0.0,0.0,0.0,20,2,1,4,17,0,2,1
173498,3614,0.0,0.0,0.0,1,1,1,1,0,0,1,0
173682,3990,0.0,null,null,13,8,4,2,11,1,1,0
174079,66,0.0,0.0,1.0,4,1,1,2,3,0,1,0
174437,2144,0.0,0.0,1.0,3,1,1,1,2,0,1,0
174830,1892,0.0,5.0,0.0,1,1,1,1,0,0,1,0
174873,2679,0.0,0.0,0.0,2,1,1,1,1,0,1,0
175140,3968,1.0,3.0,0.0,2,1,1,2,1,0,1,0
175481,4150,0.0,4.0,0.0,12,4,3,2,11,0,1,0
175560,4818,0.0,3.0,0.0,11,4,4,1,9,0,2,0
175686,3958,0.0,2.0,0.0,36,12,4,1,35,0,1,0
1757,2454,0.0,3.0,0.0,6,3,3,1,4,0,2,0
176565,1918,0.0,3.0,0.0,7,1,1,2,6,0,1,0
177150,4491,0.0,5.0,0.0,7,1,1,1,5,0,2,0
177183,3936,0.0,3.0,1.0,3,1,1,1,2,0,1,0
177725,4382,0.0,0.0,0.0,1,1,1,1,0,0,1,0
177850,4491,0.0,5.0,1.0,4,2,1,1,3,0,1,0
178377,310,0.0,4.0,0.0,3,1,1,1,2,0,1,0
178539,227,0.0,4.0,1.0,5,3,1,1,4,0,1,0
179007,4143,0.0,4.0,0.0,82,40,12,1,70,0,9,3
17910,588,0.0,3.0,0.0,2,1,1,2,1,0,1,0
179302,3742,0.0,2.0,1.0,1,1,1,1,0,0,1,0
17940,2482,0.0,2.0,0.0,26,7,5,1,24,0,2,0
179589,1816,0.0,3.0,0.0,1,1,1,1,0,0,1,0
179835,3940,0.0,4.0,1.0,6,2,1,1,5,0,1,0
180687,423,0.0,2.0,0.0,8,3,1,2,6,0,1,1
180811,1274,0.0,4.0,0.0,4,1,1,1,3,0,1,0
180848,4042,0.0,0.0,1.0,22,3,2,3,15,0,3,4
180915,3173,0.0,0.0,0.0,5,2,1,1,2,0,3,0
181026,1557,0.0,3.0,2.0,26,9,3,2,23,0,3,0
181048,4044,0.0,0.0,0.0,133,77,14,4,122,0,1,10
181289,1026,0.0,4.0,0.0,2,1,1,1,1,0,1,0
181593,2047,0.0,0.0,0.0,9,2,2,1,8,0,1,0
181641,4171,0.0,0.0,0.0,18,4,2,1,8,0,10,0
181938,1621,0.0,4.0,0.0,28,5,3,3,25,0,3,0
182211,1250,1.0,2.0,0.0,1,1,1,1,0,0,1,0
183014,1254,0.0,3.0,0.0,9,2,1,2,8,0,1,0
183085,4282,0.0,4.0,1.0,27,18,7,6,21,0,1,5
18311,3893,0.0,5.0,0.0,13,5,1,4,12,0,1,0
183221,2857,0.0,2.0,0.0,9,2,1,1,8,0,1,0
183441,3129,0.0,0.0,2.0,1,1,1,1,0,0,1,0
183988,590,0.0,0.0,1.0,13,7,4,1,12,0,1,0
184007,3433,0.0,0.0,1.0,4,1,1,1,3,0,1,0
18451,323,0.0,6.0,0.0,2,1,1,1,1,0,1,0
185101,3103,0.0,5.0,0.0,2,1,1,2,1,0,1,0
185159,3955,0.0,0.0,2.0,2,1,1,1,1,0,1,0
185287,1916,0.0,4.0,1.0,3,1,1,1,1,0,2,0
185494,1514,1.0,3.0,0.0,5,1,1,1,4,0,1,0
18551,4787,0.0,6.0,0.0,4,1,1,1,3,0,1,0
185783,4040,0.0,5.0,1.0,2,1,1,1,1,0,1,0
185851,66,0.0,0.0,0.0,7,3,2,1,6,0,1,0
186677,3979,0.0,null,null,15,5,1,1,14,0,1,0
187518,2072,0.0,2.0,0.0,1,1,1,1,0,0,1,0
187616,416,0.0,6.0,0.0,29,11,4,3,21,0,2,6
18768,598,0.0,6.0,1.0,6,1,1,1,5,0,1,0
187926,3090,0.0,3.0,1.0,3,1,1,1,2,0,1,0
188048,1056,0.0,4.0,1.0,3,1,1,1,2,0,1,0
188223,3828,0.0,0.0,1.0,3,2,1,1,2,0,1,0
188225,2242,0.0,5.0,0.0,26,15,7,2,23,0,3,0
189839,4150,0.0,2.0,0.0,2,1,1,1,1,0,1,0
190128,4079,0.0,5.0,0.0,5,1,1,1,3,0,2,0
190401,3820,0.0,3.0,0.0,8,1,1,1,6,0,1,1
19087,2242,0.0,5.0,1.0,53,20,6,3,52,0,1,0
191231,3398,0.0,4.0,null,3,2,1,2,2,0,1,0
192468,3828,0.0,0.0,1.0,2,1,1,1,1,0,1,0
19262,3286,0.0,3.0,0.0,2,1,1,1,1,0,1,0
192813,3472,0.0,0.0,1.0,3,2,1,1,2,0,1,0
192818,1742,0.0,6.0,0.0,28,12,1,1,23,0,2,3
19296,2203,1.0,4.0,0.0,4,1,1,2,2,0,1,1
19397,1102,0.0,3.0,1.0,19,11,1,1,18,0,1,0
193994,2569,1.0,3.0,0.0,96,38,2,6,87,0,2,7
194319,2138,0.0,3.0,0.0,3,1,1,1,2,0,1,0
194384,2435,0.0,6.0,0.0,11,2,1,1,9,0,1,1
194663,3136,0.0,0.0,0.0,57,21,3,5,56,0,1,0
194683,1356,0.0,3.0,0.0,4,2,1,1,3,0,1,0
194796,1274,0.0,3.0,0.0,3,2,2,1,1,0,2,0
19537,2303,0.0,4.0,2.0,13,7,1,2,12,0,1,0
195456,2482,0.0,2.0,0.0,3,2,2,2,0,0,1,2
195582,4170,0.0,6.0,1.0,9,3,1,1,7,0,2,0
195668,3965,0.0,5.0,0.0,5,1,1,2,3,0,1,1
196257,489,0.0,4.0,1.0,5,1,1,2,4,0,1,0
196583,104,0.0,3.0,0.0,3,1,1,1,2,0,1,0
196606,1437,0.0,4.0,0.0,4,2,1,1,3,0,1,0
196652,3828,0.0,3.0,0.0,28,11,2,1,26,0,2,0
196694,179,0.0,3.0,0.0,3,2,1,1,2,0,1,0
196966,4198,0.0,3.0,0.0,3,1,1,1,2,0,1,0
197554,4322,0.0,2.0,0.0,1,1,1,1,0,0,1,0
197808,3484,0.0,3.0,0.0,11,1,1,4,9,0,1,1
198100,1592,0.0,0.0,1.0,3,1,1,1,2,0,1,0
198135,1352,0.0,3.0,0.0,3,2,2,2,0,1,2,0
198226,685,0.0,0.0,0.0,2,1,1,1,1,0,1,0
198283,4267,0.0,0.0,null,17,6,3,1,16,0,1,0
198397,598,0.0,4.0,0.0,6,1,1,2,5,0,1,0
198483,3433,0.0,3.0,0.0,34,21,10,5,33,0,1,0
198513,4536,0.0,5.0,0.0,2,1,1,1,1,0,1,0
198548,3179,0.0,6.0,1.0,1,1,1,1,0,0,1,0
198902,1355,0.0,4.0,1.0,3,1,1,1,2,0,1,0
199464,2273,0.0,3.0,1.0,2,1,1,1,1,0,1,0
199474,2537,0.0,6.0,0.0,3,1,1,1,2,0,1,0
199523,4468,0.0,6.0,1.0,3,2,1,1,2,0,1,0
199892,4739,0.0,5.0,1.0,15,6,2,5,14,0,1,0
200379,1102,1.0,4.0,0.0,9,7,4,2,8,0,1,0
200943,4044,0.0,3.0,0.0,6,2,2,2,5,0,1,0
201264,1281,0.0,4.0,0.0,3,1,1,1,2,0,1,0
201555,2303,0.0,4.0,1.0,15,5,1,1,14,0,1,0
202066,4090,0.0,3.0,0.0,6,1,1,1,4,0,2,0
2022,1710,0.0,3.0,1.0,5,2,1,1,3,0,2,0
202266,1708,0.0,2.0,1.0,7,1,1,3,6,0,1,0
202480,1719,0.0,2.0,1.0,1,1,1,1,0,0,1,0
203169,4394,0.0,4.0,0.0,3,1,1,1,2,0,1,0
203245,3826,0.0,0.0,0.0,2,1,1,1,0,0,1,1
20354,2592,0.0,3.0,1.0,4,2,2,1,2,0,2,0
203661,1324,0.0,0.0,0.0,11,5,3,1,9,0,2,0
203804,2915,0.0,4.0,0.0,4,2,2,3,3,0,1,0
204064,4143,0.0,5.0,0.0,3,2,2,2,2,0,1,0
204466,3734,0.0,3.0,1.0,9,3,2,2,8,0,1,0
20448,1918,0.0,3.0,0.0,148,51,5,29,146,0,1,1
204715,4463,0.0,3.0,0.0,9,3,1,1,8,0,1,0
204885,3538,0.0,3.0,1.0,5,1,1,1,1,0,4,0
205224,3780,0.0,5.0,null,4,1,1,1,3,0,1,0
205350,3305,0.0,0.0,1.0,1,1,1,1,0,0,1,0
205710,2217,0.0,0.0,0.0,15,3,1,3,12,0,1,2
205928,1704,0.0,4.0,1.0,2,2,2,1,0,0,2,0
206497,1963,0.0,3.0,1.0,49,23,2,2,48,0,1,0
206878,503,0.0,4.0,0.0,26,15,4,1,22,0,1,3
207422,4270,1.0,4.0,0.0,4,1,1,2,2,1,1,0
208290,3350,0.0,0.0,0.0,24,6,1,3,19,0,3,2
208315,2047,0.0,3.0,0.0,4,3,2,3,3,0,1,0
208327,1892,0.0,4.0,2.0,1,1,1,1,0,0,1,0
208344,3958,0.0,5.0,0.0,4,2,2,4,3,0,1,0
208511,2155,0.0,3.0,0.0,7,1,1,2,6,0,1,0
208511,2403,0.0,3.0,0.0,2,1,1,1,1,0,1,0
208560,4116,0.0,5.0,0.0,2,1,1,1,1,0,1,0
208591,2020,0.0,0.0,0.0,6,1,1,3,4,0,1,1
208798,4319,0.0,4.0,0.0,2,1,1,1,0,0,2,0
208845,2313,0.0,3.0,1.0,1,1,1,1,0,0,1,0
20986,3828,0.0,0.0,0.0,21,15,8,2,18,0,2,1
209900,2664,0.0,4.0,1.0,57,40,2,1,54,0,3,0
210086,1948,0.0,0.0,0.0,5,2,2,1,4,0,1,0
211269,3968,0.0,3.0,0.0,2,2,1,1,0,0,2,0
211479,1470,0.0,3.0,0.0,2,1,1,1,1,0,1,0
21199,1472,0.0,3.0,0.0,9,4,1,2,8,0,1,0
212012,842,0.0,0.0,1.0,4,1,1,1,3,0,1,0
212246,2309,0.0,2.0,0.0,10,2,1,3,7,0,1,2
212374,551,0.0,2.0,0.0,9,5,1,1,8,0,1,0
21270,1111,0.0,2.0,0.0,5,1,1,1,2,0,3,0
212719,3984,0.0,0.0,0.0,1,1,1,1,0,0,1,0
21304,4079,0.0,5.0,0.0,4,2,1,2,3,0,1,0
213596,2397,0.0,4.0,1.0,3,1,1,1,2,0,1,0
213670,3018,0.0,4.0,0.0,4,1,1,1,3,0,1,0
213875,141,0.0,3.0,0.0,82,56,15,11,79,0,3,0
21444,2217,0.0,3.0,1.0,8,2,1,2,6,0,1,1
21458,2238,0.0,5.0,2.0,21,11,3,2,20,0,1,0
21490,3609,0.0,0.0,1.0,3,2,1,1,2,0,1,0
214934,2760,0.0,null,null,6,2,1,2,5,0,1,0
215326,1871,0.0,3.0,0.0,2,1,1,1,1,0,1,0
21606,4385,0.0,2.0,0.0,3,1,1,2,2,0,1,0
216081,740,1.0,3.0,1.0,1,1,1,1,0,0,1,0
216340,4173,1.0,0.0,0.0,24,7,3,3,23,0,1,0
216460,3662,0.0,0.0,0.0,7,4,2,1,6,0,1,0
216541,946,0.0,4.0,1.0,16,9,2,2,14,0,2,0
216792,798,0.0,6.0,0.0,4,3,3,1,3,0,1,0
217256,3433,0.0,0.0,1.0,2,1,1,2,0,0,1,1
217306,2745,0.0,2.0,1.0,1,1,1,1,0,0,1,0
218060,4571,0.0,0.0,0.0,6,2,1,1,5,0,1,0
218100,1477,0.0,7.0,1.0,12,3,2,2,11,0,1,0
218135,2791,0.0,3.0,1.0,16,4,2,1,14,0,2,0
218170,2511,0.0,2.0,0.0,2,1,1,1,1,0,1,0
218236,1394,0.0,4.0,1.0,2,1,1,1,0,0,1,1
218886,598,0.0,5.0,1.0,2,1,1,1,1,0,1,0
219213,523,0.0,4.0,1.0,3,1,1,1,2,0,1,0
219422,3828,0.0,0.0,0.0,2,1,1,1,1,0,1,0
21956,4090,0.0,5.0,1.0,6,4,1,1,5,0,1,0
21974,403,0.0,4.0,1.0,12,5,2,3,8,0,3,1
219742,4818,0.0,3.0,1.0,16,9,2,1,15,0,1,0
220003,1890,1.0,3.0,0.0,12,3,1,2,11,0,1,0
220371,3936,0.0,7.0,1.0,2,1,1,2,1,0,1,0
220467,437,0.0,3.0,0.0,20,7,3,3,19,0,1,0
22114,46,0.0,0.0,1.0,3,1,1,1,1,0,2,0
221181,3665,0.0,4.0,0.0,4,1,1,1,3,0,1,0
221225,4950,0.0,4.0,0.0,2,1,1,1,1,0,1,0
221329,3319,0.0,3.0,1.0,1,1,1,1,0,0,1,0
22154,2217,0.0,3.0,0.0,23,8,2,6,17,0,1,5
221898,3288,0.0,3.0,1.0,4,1,1,1,3,0,1,0
222210,4979,0.0,3.0,0.0,15,2,1,2,14,0,1,0
222554,2031,0.0,4.0,0.0,11,2,1,2,8,0,1,2
22278,2900,0.0,3.0,0.0,2,1,1,1,1,0,1,0
223371,4985,0.0,5.0,0.0,9,3,2,2,8,0,1,0
223796,2273,0.0,6.0,1.0,1,1,1,1,0,0,1,0
224566,1056,0.0,4.0,0.0,1,1,1,1,0,0,1,0
225459,3558,0.0,0.0,0.0,1,1,1,1,0,0,1,0
225652,4760,0.0,2.0,0.0,3,1,1,1,2,0,1,0
226003,4919,0.0,3.0,0.0,2,1,1,1,1,0,1,0
226125,2242,0.0,0.0,1.0,6,5,2,1,4,0,2,0
226278,4173,0.0,2.0,0.0,11,5,3,2,10,0,1,0
226394,4954,1.0,3.0,2.0,22,3,2,3,20,0,1,1
226747,2187,0.0,0.0,0.0,7,4,1,3,6,0,1,0
227267,1557,0.0,4.0,1.0,12,4,2,3,10,0,2,0
227780,302,0.0,4.0,1.0,4,1,1,1,3,0,1,0
228522,2031,0.0,4.0,0.0,8,2,1,3,5,0,1,2
228716,2091,0.0,0.0,1.0,4,2,1,1,3,0,1,0
229254,4170,0.0,6.0,0.0,1,1,1,1,0,0,1,0
229320,3984,0.0,2.0,0.0,10,3,3,2,8,0,1,1
229343,2691,0.0,2.0,0.0,2,1,1,1,1,0,1,0
229801,4079,0.0,2.0,0.0,4,4,1,1,0,0,4,0
229940,1551,0.0,6.0,1.0,5,3,1,1,4,0,1,0
229972,2811,1.0,0.0,1.0,4,2,2,1,3,0,1,0
230466,2935,0.0,3.0,0.0,5,1,1,2,3,0,1,1
230535,1466,0.0,5.0,0.0,22,2,1,5,21,0,1,0
230554,786,0.0,0.0,1.0,1,1,1,1,0,0,1,0
230560,2834,1.0,3.0,0.0,17,15,8,3,16,0,1,0
230745,3609,0.0,3.0,0.0,7,3,1,1,6,0,1,0
230826,3609,0.0,4.0,0.0,94,40,1,9,91,0,3,0
231687,4785,0.0,2.0,0.0,9,3,1,2,8,0,1,0
231873,1704,0.0,5.0,0.0,12,6,2,4,11,0,1,0
232139,2569,0.0,0.0,1.0,14,8,2,1,10,0,2,2
232260,4042,0.0,0.0,0.0,26,7,3,4,23,0,3,0
232741,4413,0.0,5.0,0.0,2,1,1,1,1,0,1,0
232824,3563,0.0,7.0,0.0,5,3,3,2,4,0,1,0
233978,794,0.0,4.0,1.0,26,11,1,2,25,0,1,0
235179,1892,0.0,3.0,1.0,27,11,4,1,24,0,3,0
235590,4594,0.0,2.0,1.0,3,1,1,1,2,0,1,0
235619,4992,0.0,5.0,0.0,2,2,1,1,0,0,2,0
235893,2403,0.0,3.0,0.0,19,10,2,4,18,0,1,0
23625,2669,0.0,0.0,0.0,12,6,4,3,10,0,2,0
236541,976,0.0,4.0,0.0,8,3,2,1,7,0,1,0
236747,3667,0.0,5.0,0.0,2,1,1,1,1,0,1,0
237312,1742,1.0,5.0,0.0,14,7,1,3,10,0,1,3
238302,534,0.0,0.0,2.0,14,9,1,1,12,0,2,0
238430,832,0.0,4.0,0.0,12,7,1,1,11,0,1,0
238728,322,0.0,4.0,0.0,1,1,1,1,0,0,1,0
238889,3513,0.0,3.0,1.0,1,1,1,1,0,0,1,0
239646,1327,0.0,6.0,0.0,12,4,3,1,9,0,3,0
239746,2149,0.0,3.0,0.0,6,3,1,1,5,0,1,0
23983,845,0.0,0.0,0.0,3,1,1,1,2,0,1,0
241003,1861,0.0,4.0,0.0,3,1,1,2,2,0,1,0
241388,3092,0.0,3.0,0.0,3,1,1,2,1,0,1,1
241614,3541,0.0,6.0,0.0,3,1,1,1,2,0,1,0
241880,1679,0.0,3.0,0.0,15,6,2,1,13,0,2,0
242277,416,0.0,4.0,0.0,2,2,1,1,0,0,2,0
242344,798,0.0,0.0,0.0,5,3,3,1,4,0,1,0
242901,786,0.0,3.0,0.0,5,1,1,1,3,0,1,1
243068,1725,0.0,5.0,0.0,4,1,1,1,3,0,1,0
243224,3839,0.0,3.0,0.0,39,15,2,3,37,0,1,1
243438,3152,0.0,3.0,1.0,24,14,2,2,21,0,3,0
244072,2051,0.0,2.0,1.0,5,1,1,3,4,0,1,0
244418,1056,0.0,3.0,0.0,16,10,6,2,15,0,1,0
244692,2093,0.0,3.0,1.0,8,3,1,1,7,0,1,0
24490,4504,0.0,2.0,0.0,9,1,1,2,7,0,1,1
245127,4267,0.0,4.0,0.0,17,10,5,3,16,0,1,0
245829,3574,0.0,6.0,0.0,7,1,1,2,6,0,1,0
246226,4042,0.0,3.0,0.0,3,1,1,1,2,0,1,0
246413,3305,0.0,3.0,1.0,5,1,1,1,4,0,1,0
246866,2791,0.0,3.0,0.0,4,3,1,1,3,0,1,0
247012,4044,0.0,0.0,0.0,16,5,2,2,15,0,1,0
247520,721,0.0,3.0,1.0,2,1,1,1,1,0,1,0
247572,2217,0.0,3.0,0.0,2,1,1,1,1,0,1,0
247759,1089,0.0,6.0,1.0,7,3,2,2,6,0,1,0
248078,467,0.0,3.0,0.0,2,1,1,1,1,0,1,0
248180,323,0.0,4.0,0.0,25,6,1,1,24,0,1,0
248184,747,0.0,4.0,0.0,4,2,1,1,2,0,1,1
248234,3835,0.0,5.0,1.0,32,19,5,8,30,0,1,1
248252,3828,0.0,4.0,0.0,2,2,2,1,0,0,2,0
248417,4966,0.0,4.0,0.0,1,1,1,1,0,0,1,0
248576,2746,0.0,0.0,1.0,2,1,1,1,1,0,1,0
248803,4919,0.0,3.0,1.0,5,2,1,1,4,0,1,0
248834,3200,0.0,6.0,0.0,4,1,1,1,2,0,2,0
249277,4287,0.0,4.0,0.0,1,1,1,1,0,0,1,0
249398,1330,0.0,4.0,0.0,10,5,1,2,9,0,1,0
249406,3954,0.0,2.0,0.0,4,2,2,2,3,0,1,0
249430,2537,0.0,3.0,0.0,3,3,1,1,0,0,3,0
250348,4976,0.0,2.0,0.0,2,1,1,1,0,0,1,1
250392,4850,0.0,0.0,0.0,25,10,4,3,21,0,4,0
250831,2403,0.0,3.0,0.0,32,18,3,1,26,3,3,0
251228,2954,0.0,4.0,1.0,4,2,1,2,3,0,1,0
251784,332,0.0,3.0,0.0,6,2,1,2,5,0,1,0
252115,2138,0.0,4.0,0.0,5,5,4,2,0,0,2,3
252411,3779,0.0,3.0,2.0,8,2,1,2,6,0,2,0
252519,1346,0.0,0.0,0.0,25,8,1,3,24,0,1,0
252600,2832,0.0,5.0,0.0,1,1,1,1,0,0,1,0
252966,1749,0.0,0.0,0.0,3,1,1,1,2,0,1,0
253483,2173,0.0,3.0,0.0,10,5,1,1,9,0,1,0
253508,1538,0.0,3.0,0.0,5,2,1,1,4,0,1,0
253585,4750,0.0,3.0,1.0,86,4,3,6,84,0,1,1
253670,1193,0.0,0.0,1.0,29,11,4,5,27,0,1,1
253989,1031,0.0,3.0,1.0,8,4,1,2,7,0,1,0
254162,4813,0.0,4.0,0.0,29,6,3,6,22,0,3,4
254336,4705,0.0,3.0,2.0,16,3,1,2,14,0,1,1
254599,3163,0.0,4.0,1.0,1,1,1,1,0,0,1,0
254636,1393,0.0,3.0,0.0,30,16,5,4,29,0,1,0
254947,3623,0.0,0.0,null,7,2,1,3,5,0,1,1
255212,1067,0.0,5.0,1.0,11,4,1,3,10,0,1,0
255369,4492,0.0,5.0,1.0,5,1,1,1,3,0,1,1
25567,1346,0.0,4.0,1.0,6,3,1,2,5,0,1,0
25624,4976,0.0,0.0,1.0,2,1,1,1,1,0,1,0
25646,1910,0.0,4.0,0.0,4,1,1,1,3,0,1,0
256835,1067,0.0,3.0,2.0,3,3,3,1,0,0,3,0
257212,3734,0.0,3.0,0.0,7,1,1,2,5,0,1,1
25767,2669,0.0,2.0,null,7,2,2,1,6,0,1,0
257742,3609,0.0,0.0,0.0,16,2,1,5,11,0,1,4
257939,2459,0.0,3.0,0.0,2,1,1,1,1,0,1,0
257968,1664,0.0,3.0,0.0,1,1,1,1,0,0,1,0
259367,161,0.0,5.0,1.0,3,2,1,2,2,0,1,0
25941,4480,1.0,3.0,0.0,2,2,1,1,1,0,1,0
2596,1407,0.0,6.0,1.0,4,1,1,1,3,0,1,0
259761,4717,0.0,3.0,0.0,4,1,1,1,3,0,1,0
260194,4589,0.0,2.0,1.0,8,2,1,1,7,0,1,0
261241,3990,0.0,3.0,0.0,12,5,4,3,11,0,1,0
26147,1502,0.0,3.0,2.0,41,13,4,2,38,0,3,0
261975,1360,0.0,3.0,0.0,4,1,1,1,3,0,1,0
262188,968,0.0,0.0,0.0,4,2,2,2,3,0,1,0
262626,4966,0.0,0.0,1.0,15,2,1,2,12,0,1,2
262631,20,0.0,4.0,1.0,22,9,1,1,20,0,2,0
262779,4638,0.0,3.0,1.0,9,2,1,1,6,0,3,0
262902,1708,0.0,0.0,0.0,5,3,1,2,4,0,1,0
263124,2872,0.0,3.0,1.0,1,1,1,1,0,0,1,0
264050,4760,0.0,3.0,0.0,1,1,1,1,0,0,1,0
264105,2505,0.0,6.0,1.0,9,4,1,2,7,1,1,0
26502,2730,0.0,0.0,1.0,4,1,1,2,3,0,1,0
265159,3536,0.0,0.0,1.0,9,1,1,2,8,0,1,0
265664,127,0.0,6.0,0.0,2,1,1,1,1,0,1,0
265697,4659,0.0,2.0,0.0,7,1,1,1,6,0,1,0
266134,4775,0.0,3.0,0.0,10,2,1,1,8,0,2,0
266248,1816,0.0,6.0,0.0,9,1,1,1,8,0,1,0
266359,4558,0.0,0.0,0.0,2,1,1,1,1,0,1,0
266472,798,0.0,4.0,0.0,55,9,6,2,52,0,3,0
266551,3015,0.0,2.0,0.0,8,1,1,1,7,0,1,0
266801,3727,0.0,3.0,0.0,2,1,1,1,1,0,1,0
266964,3148,0.0,3.0,0.0,2,1,1,1,1,0,1,0
267135,3484,0.0,0.0,0.0,8,1,1,1,7,0,1,0
26727,10,0.0,3.0,1.0,7,2,2,2,6,0,1,0
267319,4585,1.0,3.0,2.0,10,3,1,2,9,0,1,0
267584,3288,0.0,3.0,0.0,1,1,1,1,0,0,1,0
267658,71,0.0,0.0,1.0,5,4,2,1,4,0,1,0
26786,3622,0.0,2.0,0.0,4,2,1,2,3,0,1,0
268000,2173,0.0,3.0,0.0,3,2,2,3,1,0,1,1
268529,408,0.0,2.0,0.0,7,2,1,1,6,0,1,0
269305,2856,0.0,3.0,0.0,5,2,1,1,4,0,1,0
269678,608,0.0,5.0,0.0,2,2,1,1,1,0,1,0
26977,1131,0.0,3.0,0.0,5,1,1,1,4,0,1,0
269785,586,0.0,3.0,0.0,9,4,2,2,7,0,1,1
270519,2072,0.0,0.0,0.0,3,1,1,1,2,0,1,0
271661,2303,0.0,0.0,0.0,4,3,1,2,2,0,1,1
27190,3098,0.0,0.0,0.0,4,2,2,2,3,0,1,0
272055,2194,0.0,3.0,1.0,6,2,2,2,4,0,1,1
272154,2915,0.0,4.0,0.0,1,1,1,1,0,0,1,0
272439,4268,0.0,2.0,0.0,25,6,1,3,23,0,1,1
27257,3269,1.0,2.0,1.0,1,1,1,1,0,0,1,0
272893,4196,0.0,3.0,0.0,21,13,8,1,20,0,1,0
273847,3954,0.0,4.0,0.0,5,1,1,2,4,0,1,0
274365,2273,0.0,3.0,1.0,4,1,1,2,2,0,1,1
274935,962,0.0,3.0,0.0,8,5,4,1,7,0,1,0
275066,1150,0.0,4.0,0.0,8,4,2,1,7,0,1,0
275155,4589,0.0,6.0,0.0,6,2,2,3,4,0,1,1
275551,4197,0.0,4.0,0.0,9,5,5,1,7,0,2,0
275797,2767,0.0,5.0,0.0,9,1,1,4,8,0,1,0
275914,4729,0.0,4.0,1.0,6,2,2,2,5,0,1,0
275982,642,0.0,0.0,0.0,6,1,1,3,4,0,1,1
276325,2721,0.0,5.0,2.0,11,8,2,1,10,0,1,0
276364,3363,0.0,0.0,0.0,4,1,1,1,3,0,1,0
276746,3637,0.0,0.0,0.0,2,1,1,1,1,0,1,0
276900,3227,1.0,7.0,0.0,9,1,1,1,6,0,3,0
277184,2091,0.0,2.0,0.0,3,1,1,1,2,0,1,0
27722,1551,0.0,0.0,0.0,2,1,1,1,1,0,1,0
277512,1392,0.0,7.0,1.0,5,1,1,1,4,0,1,0
277703,2799,0.0,0.0,0.0,3,1,1,2,2,0,1,0
277825,4091,0.0,0.0,0.0,2,1,1,1,1,0,1,0
27800,2193,0.0,4.0,1.0,2,1,1,1,1,0,1,0
27838,2429,0.0,2.0,0.0,3,1,1,2,2,0,1,0
278586,1327,0.0,3.0,0.0,6,5,3,1,5,0,1,0
279345,3191,0.0,4.0,0.0,1,1,1,1,0,0,1,0
279400,1968,0.0,4.0,0.0,7,1,1,1,6,0,1,0
279433,2592,0.0,6.0,1.0,6,2,1,1,5,0,1,0
279672,3588,0.0,3.0,0.0,2,1,1,1,1,0,1,0
279799,4504,1.0,4.0,1.0,28,15,2,1,24,0,4,0
281007,3085,0.0,0.0,0.0,1,1,1,1,0,0,1,0
281013,3163,0.0,2.0,1.0,2,1,1,1,1,0,1,0
281645,92,0.0,2.0,0.0,6,1,1,1,5,0,1,0
281986,1890,0.0,4.0,0.0,18,11,2,2,17,0,1,0
282833,1978,0.0,7.0,0.0,8,4,1,1,7,0,1,0
282875,2883,0.0,3.0,0.0,20,4,1,4,16,0,1,3
283117,1399,1.0,3.0,1.0,9,3,1,1,8,0,1,0
283364,2140,0.0,6.0,1.0,47,6,1,9,41,0,2,4
284303,66,0.0,3.0,1.0,1,1,1,1,0,0,1,0
284373,1102,0.0,4.0,1.0,8,8,5,3,7,0,1,0
28545,2545,0.0,3.0,1.0,14,6,4,2,12,0,2,0
28607,3268,0.0,4.0,1.0,5,2,1,1,4,0,1,0
286178,3984,0.0,6.0,0.0,7,3,2,2,5,1,1,0
286342,4044,0.0,3.0,0.0,61,41,11,7,52,0,2,7
286488,121,0.0,5.0,0.0,2,1,1,1,1,0,1,0
286975,2397,0.0,4.0,0.0,7,3,2,1,6,0,1,0
287051,2537,0.0,0.0,0.0,7,3,3,1,5,0,2,0
28740,415,0.0,0.0,1.0,5,1,1,1,4,0,1,0
287411,4789,0.0,4.0,0.0,8,3,1,3,7,0,1,0
287475,4173,0.0,3.0,2.0,13,7,4,4,9,0,1,3
287506,1102,0.0,5.0,0.0,16,8,6,6,14,0,2,0
287852,4050,0.0,0.0,1.0,2,1,1,1,1,0,1,0
288250,1339,0.0,4.0,1.0,3,2,1,1,2,0,1,0
288391,3685,0.0,2.0,0.0,3,1,1,1,2,0,1,0
288415,3016,0.0,5.0,1.0,6,1,1,1,5,0,1,0
288529,960,0.0,6.0,1.0,4,1,1,2,3,0,1,0
288552,2453,0.0,0.0,0.0,8,3,2,3,6,0,1,1
288831,3657,0.0,4.0,2.0,3,1,1,1,2,0,1,0
288832,1472,0.0,5.0,0.0,4,2,1,1,3,0,1,0
28898,2447,0.0,3.0,1.0,1,1,1,1,0,0,1,0
289170,2393,0.0,3.0,0.0,8,1,1,2,6,0,1,1
289731,3614,0.0,4.0,1.0,9,3,2,1,8,0,1,0
289874,227,0.0,3.0,0.0,18,8,2,2,16,1,1,0
290190,3392,0.0,5.0,0.0,2,1,1,1,1,0,1,0
290201,2409,0.0,0.0,0.0,58,17,5,1,54,0,4,0
290459,3523,0.0,3.0,0.0,2,1,1,2,0,0,1,1
290979,3474,0.0,3.0,0.0,6,2,1,2,5,0,1,0
291505,3835,0.0,5.0,0.0,43,11,3,1,41,0,2,0
292001,1726,0.0,3.0,0.0,5,2,2,2,3,0,1,1
292632,3085,0.0,4.0,0.0,10,6,4,1,7,0,3,0
292979,1494,0.0,6.0,1.0,3,2,2,1,2,0,1,0
294087,3828,0.0,3.0,0.0,8,5,5,2,7,0,1,0
294252,361,0.0,2.0,0.0,7,1,1,2,6,0,1,0
294296,1056,0.0,3.0,0.0,16,9,5,3,14,0,2,0
294747,608,0.0,5.0,0.0,10,2,1,1,9,0,1,0
294974,148,0.0,3.0,0.0,11,2,2,3,9,0,1,1
295035,361,0.0,2.0,1.0,16,2,1,1,15,0,1,0
295855,2482,0.0,3.0,0.0,4,4,4,2,0,0,3,1
296189,1878,0.0,3.0,0.0,4,1,1,1,3,0,1,0
296591,4733,0.0,3.0,0.0,2,1,1,1,1,0,1,0
297187,1708,0.0,3.0,1.0,12,4,1,3,11,0,1,0
298209,3941,0.0,3.0,1.0,14,5,3,3,13,0,1,0
298231,4282,1.0,2.0,1.0,30,25,11,2,29,0,1,0
298321,3181,0.0,3.0,0.0,4,2,1,2,3,0,1,0
298703,2664,0.0,3.0,1.0,2,1,1,1,1,0,1,0
299042,606,0.0,2.0,2.0,3,1,1,1,2,0,1,0
299086,4438,0.0,3.0,0.0,1,1,1,1,0,0,1,0
299826,598,0.0,3.0,0.0,2,1,1,2,1,0,1,0
300260,2217,0.0,4.0,0.0,2,1,1,1,1,0,1,0
300349,4605,0.0,4.0,0.0,21,9,5,5,20,0,1,0
300552,4140,0.0,0.0,0.0,23,10,2,5,22,0,1,0
300766,4542,0.0,0.0,0.0,12,2,1,4,9,1,1,1
301085,652,0.0,4.0,0.0,3,1,1,1,2,0,1,0
301109,3971,0.0,0.0,1.0,7,1,1,1,5,1,1,0
301159,2565,0.0,0.0,0.0,4,1,1,2,2,1,1,0
301866,727,0.0,0.0,1.0,23,8,3,3,18,0,4,1
302516,2259,0.0,4.0,0.0,18,4,1,6,15,0,1,2
30337,756,0.0,0.0,1.0,5,3,1,1,4,0,1,0
30388,3181,0.0,2.0,0.0,5,1,1,1,4,0,1,0
304141,2217,0.0,3.0,0.0,6,1,1,2,5,0,1,0
304621,4056,0.0,3.0,1.0,6,5,4,1,5,0,1,0
304773,133,0.0,0.0,1.0,7,2,1,2,6,0,1,0
304952,551,0.0,2.0,0.0,53,18,5,1,51,0,2,0
305245,793,0.0,5.0,0.0,12,4,2,2,10,1,1,0
305297,1816,0.0,3.0,0.0,17,4,3,1,16,0,1,0
305298,1056,0.0,3.0,0.0,15,9,4,3,13,0,2,0
305744,1588,1.0,3.0,0.0,5,1,1,1,4,0,1,0
306779,1447,0.0,0.0,1.0,2,2,1,1,1,0,1,0
306927,2424,0.0,4.0,0.0,5,3,1,2,4,0,1,0
307446,1330,0.0,0.0,1.0,13,1,1,5,12,0,1,0
307502,1740,0.0,0.0,0.0,4,2,1,1,3,0,1,0
30756,1000,0.0,0.0,0.0,17,4,1,2,16,0,1,0
307805,467,0.0,7.0,1.0,3,1,1,1,2,0,1,0
308778,3828,0.0,4.0,1.0,3,1,1,1,2,0,1,0
308913,742,0.0,4.0,0.0,5,2,2,1,4,0,1,0
309237,2799,0.0,3.0,0.0,6,1,1,3,5,0,1,0
309567,3205,0.0,4.0,0.0,2,1,1,1,1,0,1,0
309879,1056,0.0,0.0,1.0,11,2,1,2,9,0,2,0
3099,4090,0.0,0.0,1.0,19,6,1,2,17,0,2,0
310948,2709,0.0,7.0,0.0,2,1,1,1,1,0,1,0
311483,2138,0.0,5.0,0.0,5,3,3,1,4,0,1,0
311894,996,0.0,0.0,0.0,2,1,1,1,1,0,1,0
311931,3318,0.0,4.0,0.0,10,2,1,1,8,0,1,1
312134,4079,0.0,0.0,0.0,1,1,1,1,0,0,1,0
312157,3320,0.0,4.0,1.0,7,3,1,1,6,0,1,0
312188,3411,1.0,6.0,0.0,3,1,1,1,2,0,1,0
3131,2592,0.0,0.0,1.0,6,1,1,2,5,0,1,0
313665,4282,0.0,3.0,1.0,18,14,6,2,17,0,1,0
313794,1102,0.0,3.0,0.0,55,11,3,12,51,0,1,3
313872,3875,0.0,0.0,null,3,1,1,1,2,0,1,0
314085,2821,0.0,2.0,1.0,4,1,1,1,3,0,1,0
314888,2954,1.0,4.0,2.0,5,4,2,2,4,0,1,0
315103,1213,0.0,4.0,0.0,13,5,2,2,9,0,4,0
315422,503,0.0,4.0,1.0,9,4,2,2,8,0,1,0
315484,2791,0.0,3.0,0.0,1,1,1,1,0,0,1,0
316094,3828,1.0,6.0,0.0,29,19,9,6,28,0,1,0
316497,4771,0.0,4.0,1.0,8,2,2,2,6,1,1,0
316889,3685,0.0,4.0,0.0,7,4,1,1,6,0,1,0
317803,63,0.0,5.0,0.0,1,1,1,1,0,0,1,0
317887,4760,0.0,4.0,0.0,3,2,1,1,2,0,1,0
318019,4048,0.0,4.0,1.0,3,2,1,1,2,0,1,0
318206,2901,0.0,3.0,0.0,17,2,1,2,15,0,1,1
31838,2872,0.0,5.0,1.0,41,20,10,3,37,0,4,0
318705,590,0.0,0.0,0.0,1,1,1,1,0,0,1,0
319539,2834,0.0,0.0,1.0,2,1,1,1,1,0,1,0
32040,3098,0.0,0.0,1.0,9,4,2,1,7,0,2,0
320451,798,0.0,3.0,0.0,42,14,8,2,40,0,2,0
32048,2856,0.0,5.0,0.0,2,1,1,1,1,0,1,0
320842,1013,0.0,0.0,0.0,7,1,1,3,5,0,1,1
321632,962,0.0,3.0,0.0,5,3,1,1,3,0,2,0
321743,3152,0.0,4.0,2.0,8,2,1,3,7,0,1,0
322103,3205,0.0,5.0,0.0,14,5,2,1,12,0,2,0
322154,24,1.0,3.0,1.0,9,2,1,1,8,0,1,0
322203,1346,0.0,0.0,0.0,1,1,1,1,0,0,1,0
322845,1978,0.0,3.0,0.0,2,1,1,1,1,0,1,0
322918,1754,0.0,0.0,0.0,14,11,6,1,13,0,1,0
322997,4605,0.0,0.0,0.0,6,3,2,1,5,0,1,0
323057,4860,0.0,6.0,0.0,9,1,1,2,8,0,1,0
323433,1892,0.0,4.0,0.0,3,1,1,1,2,0,1,0
323837,4966,1.0,0.0,0.0,10,4,4,2,8,0,2,0
324114,1111,0.0,null,null,14,3,1,2,13,0,1,0
324376,4287,0.0,5.0,0.0,6,4,3,3,0,0,2,4
324482,606,0.0,3.0,1.0,28,24,11,5,18,0,2,8
324521,1999,1.0,5.0,0.0,1,1,1,1,0,0,1,0
324732,4173,0.0,4.0,1.0,5,2,2,1,4,0,1,0
325467,1102,0.0,3.0,0.0,39,11,1,5,38,0,1,0
325579,4558,1.0,0.0,0.0,4,1,1,1,1,0,3,0
326302,1710,0.0,4.0,0.0,4,2,2,1,2,0,2,0
326481,4044,0.0,3.0,0.0,72,10,4,3,67,0,3,2
326638,205,0.0,5.0,0.0,17,9,2,5,14,0,2,1
326865,1246,0.0,3.0,1.0,4,1,1,1,3,0,1,0
32755,2639,0.0,4.0,0.0,4,3,2,2,3,0,1,0
328026,2242,0.0,5.0,1.0,8,3,1,1,7,0,1,0
328086,4760,0.0,2.0,1.0,1,1,1,1,0,0,1,0
328194,594,0.0,2.0,0.0,6,1,1,2,3,1,1,1
328460,3828,0.0,6.0,1.0,26,12,3,3,24,1,1,0
328623,960,0.0,3.0,0.0,8,4,1,3,5,0,1,2
329271,1667,0.0,4.0,1.0,12,3,2,2,10,0,2,0
329472,2954,0.0,4.0,0.0,1,1,1,1,0,0,1,0
329783,547,0.0,3.0,0.0,6,1,1,1,5,0,1,0
329973,3828,0.0,5.0,0.0,53,25,11,23,44,0,1,8
330150,2031,0.0,3.0,1.0,7,3,1,1,6,0,1,0
330260,2569,0.0,0.0,0.0,5,1,1,2,3,0,1,1
330659,2318,0.0,6.0,0.0,4,1,1,1,3,0,1,0
330746,4090,0.0,6.0,0.0,8,1,1,1,7,0,1,0
331151,4049,0.0,3.0,0.0,12,1,1,4,10,0,1,1
332240,818,1.0,5.0,1.0,6,1,1,2,5,0,1,0
332611,606,0.0,0.0,0.0,15,11,5,2,14,0,1,0
332955,2482,0.0,0.0,0.0,15,5,4,3,12,0,2,1
333198,547,0.0,4.0,1.0,31,11,2,2,29,0,1,1
333343,3959,0.0,3.0,1.0,5,1,1,1,1,0,4,0
333654,1203,0.0,3.0,0.0,40,8,6,2,38,0,2,0
333988,1816,0.0,0.0,0.0,3,1,1,1,2,0,1,0
334770,2669,0.0,2.0,1.0,49,11,4,13,38,0,2,9
335443,625,0.0,0.0,0.0,2,1,1,1,1,0,1,0
335587,4009,0.0,3.0,1.0,9,4,3,2,8,0,1,0
336085,3502,1.0,4.0,1.0,2,1,1,1,1,0,1,0
33630,1679,0.0,null,null,11,1,1,1,10,0,1,0
336398,2928,0.0,3.0,0.0,7,5,2,2,5,0,1,1
337439,1102,0.0,4.0,1.0,68,47,12,11,66,0,2,0
338474,4040,0.0,3.0,0.0,3,1,1,1,2,0,1,0
338853,191,0.0,5.0,0.0,7,3,1,1,6,0,1,0
338877,2821,0.0,0.0,1.0,2,1,1,1,1,0,1,0
339212,4265,0.0,4.0,1.0,7,3,3,1,6,0,1,0
339477,3062,0.0,3.0,1.0,46,13,4,9,43,0,1,2
339485,1618,0.0,4.0,2.0,6,1,1,2,5,0,1,0
339550,557,0.0,4.0,0.0,50,15,4,6,37,0,5,8
33976,3173,0.0,3.0,1.0,2,1,1,1,0,0,2,0
339825,2273,0.0,0.0,0.0,2,1,1,1,1,0,1,0
340652,4730,0.0,6.0,0.0,10,4,4,1,8,0,2,0
340892,500,0.0,2.0,1.0,5,1,1,2,3,0,1,1
341162,3773,0.0,2.0,0.0,1,1,1,1,0,0,1,0
341167,3319,0.0,0.0,1.0,8,1,1,1,6,0,1,1
341994,2511,0.0,2.0,0.0,11,4,4,3,9,0,2,0
342264,3826,0.0,3.0,0.0,1,1,1,1,0,0,1,0
342994,1923,0.0,0.0,1.0,4,2,1,1,3,0,1,0
3431,127,0.0,2.0,0.0,2,2,2,1,0,0,2,0
343141,121,0.0,5.0,0.0,15,8,3,5,13,0,2,0
343660,191,0.0,3.0,0.0,17,5,5,2,16,0,1,0
343782,4095,0.0,5.0,0.0,50,18,1,7,49,0,1,0
343813,3614,0.0,3.0,0.0,2,1,1,2,0,0,1,1
344067,1470,0.0,5.0,0.0,2,1,1,1,1,0,1,0
344106,3080,0.0,0.0,0.0,13,6,3,1,10,2,1,0
344343,66,0.0,3.0,1.0,6,1,1,1,5,0,1,0
344970,1708,0.0,2.0,0.0,10,3,2,1,9,0,1,0
345147,4125,0.0,5.0,1.0,5,2,2,2,4,0,1,0
345287,1500,0.0,4.0,1.0,28,13,5,2,26,0,2,0
345323,1115,0.0,2.0,1.0,3,3,1,2,2,0,1,0
345426,4322,0.0,3.0,0.0,6,3,1,2,5,0,1,0
346318,2928,0.0,3.0,0.0,2,1,1,1,1,0,1,0
346614,2093,0.0,4.0,0.0,8,2,1,1,7,0,1,0
346655,2721,0.0,3.0,1.0,50,16,2,3,41,0,3,6
347032,1212,0.0,0.0,1.0,12,1,1,1,11,0,1,0
347664,437,0.0,0.0,1.0,15,6,2,3,13,0,1,1
347979,2173,0.0,0.0,0.0,1,1,1,1,0,0,1,0
348020,4585,0.0,0.0,0.0,11,5,1,2,10,0,1,0
348198,414,0.0,6.0,0.0,3,1,1,1,2,0,1,0
348321,2273,0.0,5.0,0.0,3,1,1,2,1,0,1,1
348843,4834,0.0,0.0,1.0,4,1,1,1,3,0,1,0
349111,3941,0.0,4.0,0.0,6,1,1,1,4,0,1,1
349218,3462,0.0,2.0,0.0,1,1,1,1,0,0,1,0
349472,66,0.0,5.0,1.0,1,1,1,1,0,0,1,0
349616,4928,0.0,2.0,1.0,6,2,1,3,4,0,1,1
349712,1679,0.0,4.0,1.0,27,13,3,1,24,0,3,0
349918,2221,0.0,4.0,1.0,3,1,1,2,2,0,1,0
350018,3278,0.0,3.0,0.0,7,1,1,1,3,0,4,0
350392,1342,0.0,3.0,0.0,13,5,3,1,12,0,1,0
350817,534,0.0,0.0,1.0,9,4,1,4,8,0,1,0
351231,1448,0.0,4.0,1.0,7,2,2,1,6,0,1,0
351686,1708,0.0,3.0,0.0,24,11,2,4,23,0,1,0
352238,4992,0.0,6.0,0.0,12,4,1,3,11,0,1,0
353084,3971,0.0,4.0,0.0,3,1,1,1,2,0,1,0
353444,402,0.0,3.0,0.0,4,2,1,2,3,0,1,0
353598,2052,0.0,4.0,0.0,5,3,1,1,4,0,1,0
353888,3986,0.0,0.0,1.0,6,1,1,2,5,0,1,0
353923,4911,0.0,0.0,2.0,1,1,1,1,0,0,1,0
353966,742,0.0,4.0,0.0,3,1,1,2,0,0,2,1
354211,941,0.0,3.0,0.0,5,2,1,1,4,0,1,0
354808,4427,0.0,5.0,0.0,7,5,2,2,0,0,6,1
354865,2078,0.0,0.0,1.0,2,1,1,1,1,0,1,0
355976,1272,0.0,4.0,0.0,5,3,2,3,4,0,1,0
356061,3822,0.0,6.0,1.0,1,1,1,1,0,0,1,0
356158,1102,0.0,4.0,0.0,2,1,1,1,1,0,1,0
356752,2031,0.0,2.0,1.0,1,1,1,1,0,0,1,0
356789,4950,1.0,3.0,1.0,24,13,6,3,20,0,3,1
356986,4173,0.0,3.0,0.0,9,2,2,1,7,0,2,0
357173,4705,0.0,2.0,0.0,8,3,2,2,5,0,1,2
357266,2879,0.0,6.0,0.0,4,1,1,1,2,0,1,1
357781,2224,0.0,4.0,0.0,7,3,1,1,5,0,2,0
358381,1393,0.0,6.0,1.0,3,2,2,1,2,0,1,0
358836,2592,0.0,0.0,1.0,7,1,1,2,6,0,1,0
358985,215,0.0,3.0,1.0,9,6,3,1,8,0,1,0
359048,1216,0.0,4.0,0.0,5,3,1,2,2,0,1,2
360572,3127,0.0,3.0,0.0,6,2,1,2,5,0,1,0
360766,3152,0.0,4.0,0.0,4,2,2,1,3,0,1,0
361057,275,0.0,0.0,0.0,4,1,1,1,3,0,1,0
362468,3288,0.0,6.0,1.0,8,1,1,3,6,0,2,0
362872,630,0.0,3.0,1.0,4,4,3,2,2,0,2,0
364028,2217,0.0,3.0,0.0,4,1,1,3,3,0,1,0
364373,4044,0.0,0.0,0.0,70,25,3,4,67,0,3,0
365315,3451,1.0,2.0,1.0,6,1,1,1,4,0,1,1
365721,608,0.0,4.0,1.0,11,8,2,1,10,0,1,0
366127,962,0.0,4.0,0.0,20,9,6,1,16,0,4,0
366463,1204,0.0,3.0,1.0,10,2,2,1,8,0,2,0
366642,3016,0.0,2.0,1.0,3,1,1,2,2,0,1,0
367319,4643,0.0,3.0,0.0,1,1,1,1,0,0,1,0
367614,879,1.0,6.0,0.0,2,1,1,1,1,0,1,0
367842,3420,0.0,2.0,0.0,21,10,5,2,18,0,3,0
369020,574,0.0,3.0,0.0,1,1,1,1,0,0,1,0
369308,1308,0.0,3.0,0.0,5,2,1,1,3,0,1,1
369430,4270,0.0,4.0,0.0,12,2,2,3,10,0,2,0
369512,1102,0.0,0.0,0.0,104,56,6,5,100,0,4,0
369891,4607,0.0,3.0,0.0,1,1,1,1,0,0,1,0
370436,2928,1.0,5.0,0.0,34,7,2,2,29,0,2,3
370506,3954,0.0,6.0,1.0,3,1,1,1,2,0,1,0
370896,1084,0.0,0.0,0.0,6,1,1,1,5,0,1,0
370997,4992,0.0,4.0,0.0,3,1,1,2,1,0,1,1
371832,3063,0.0,2.0,0.0,64,31,2,1,62,0,1,1
372168,4371,0.0,null,null,4,1,1,2,2,0,2,0
372221,4173,0.0,4.0,0.0,20,13,4,7,19,0,1,0
372752,563,0.0,null,null,2,1,1,1,1,0,1,0
372923,3361,0.0,0.0,1.0,7,2,1,3,4,1,1,1
37365,3819,0.0,3.0,1.0,10,5,2,2,9,0,1,0
37369,643,0.0,5.0,0.0,2,2,2,2,0,0,1,1
374220,685,0.0,0.0,0.0,15,4,1,2,14,0,1,0
374977,1800,0.0,0.0,1.0,6,1,1,3,5,0,1,0
375688,977,0.0,3.0,0.0,5,3,1,1,4,0,1,0
375989,1833,0.0,6.0,0.0,56,23,4,3,55,0,1,0
376077,4992,0.0,3.0,0.0,1,1,1,1,0,0,1,0
376119,1056,0.0,4.0,0.0,24,16,4,2,23,0,1,0
376922,3111,0.0,0.0,0.0,4,1,1,1,3,0,1,0
377152,742,0.0,5.0,1.0,5,2,1,1,3,0,2,0
377205,145,0.0,5.0,0.0,8,2,1,2,6,0,1,1
377946,2513,0.0,0.0,1.0,10,1,1,2,6,0,4,0
378045,1572,0.0,0.0,null,5,3,2,1,4,0,1,0
378218,4966,0.0,5.0,0.0,12,7,5,4,8,0,3,1
37824,598,0.0,3.0,0.0,2,1,1,1,1,0,1,0
37865,1890,0.0,0.0,0.0,3,1,1,1,2,0,1,0
378742,1749,0.0,4.0,0.0,9,5,4,3,3,0,6,0
379109,3148,0.0,7.0,0.0,2,1,1,1,1,0,1,0
379501,2273,0.0,4.0,0.0,5,1,1,1,4,0,1,0
380041,3319,0.0,0.0,0.0,2,1,1,1,1,0,1,0
380109,794,0.0,8.0,1.0,5,1,1,1,4,0,1,0
380167,4044,0.0,4.0,0.0,2,1,1,1,1,0,1,0
380781,2669,0.0,4.0,1.0,4,2,2,1,3,0,1,0
380929,4864,0.0,5.0,0.0,3,1,1,2,2,0,1,0
381028,121,0.0,5.0,1.0,6,1,1,1,5,0,1,0
381062,1892,0.0,4.0,0.0,13,5,2,1,11,0,2,0
38134,168,0.0,4.0,2.0,12,8,3,2,11,0,1,0
38219,2482,0.0,3.0,0.0,4,2,2,1,3,0,1,0
382299,346,0.0,5.0,0.0,6,1,1,1,5,0,1,0
38254,1816,0.0,3.0,1.0,11,1,1,3,10,0,1,0
382785,794,0.0,4.0,0.0,43,14,1,3,41,0,1,1
383094,4268,0.0,2.0,0.0,11,2,1,1,10,0,1,0
383256,1203,0.0,4.0,0.0,5,1,1,2,4,0,1,0
383366,3230,0.0,4.0,0.0,9,1,1,3,7,0,1,1
3834,2348,0.0,5.0,0.0,3,1,1,1,2,0,1,0
383939,1393,1.0,3.0,0.0,37,12,5,3,33,0,2,2
384094,3163,0.0,3.0,1.0,2,1,1,1,0,0,2,0
384434,3266,0.0,5.0,0.0,1,1,1,1,0,0,1,0
384666,1724,0.0,null,null,7,6,1,1,6,0,1,0
384786,1520,0.0,3.0,1.0,2,1,1,1,1,0,1,0
385000,3080,0.0,6.0,0.0,5,3,2,2,4,0,1,0
385015,2273,0.0,5.0,0.0,1,1,1,1,0,0,1,0
385778,4196,0.0,3.0,1.0,2,1,1,1,1,0,1,0
386133,3826,0.0,5.0,0.0,7,3,1,2,6,0,1,0
38628,2397,1.0,4.0,0.0,30,10,3,2,28,0,2,0
386359,643,0.0,0.0,0.0,13,3,1,1,12,0,1,0
386877,2821,1.0,7.0,0.0,7,1,1,2,5,0,1,1
387172,1102,0.0,2.0,0.0,1,1,1,1,0,0,1,0
387456,588,0.0,3.0,0.0,4,1,1,1,3,0,1,0
387473,1393,0.0,0.0,0.0,7,3,1,2,6,0,1,0
387696,4474,0.0,2.0,0.0,1,1,1,1,0,0,1,0
387782,2928,0.0,4.0,1.0,2,1,1,1,1,0,1,0
388089,4985,0.0,4.0,1.0,1,1,1,1,0,0,1,0
388509,2608,0.0,2.0,0.0,1,1,1,1,0,0,1,0
388785,3239,0.0,4.0,1.0,5,2,1,1,3,0,2,0
389203,4240,0.0,4.0,1.0,7,5,1,2,6,0,1,0
389554,4322,0.0,6.0,0.0,16,2,1,1,14,0,2,0
389655,4558,0.0,3.0,0.0,2,1,1,1,1,0,1,0
390195,3578,0.0,5.0,0.0,3,1,1,1,2,0,1,0
390516,2447,0.0,0.0,0.0,4,1,1,1,3,0,1,0
390893,1910,0.0,0.0,0.0,5,2,2,2,4,0,1,0
391557,4363,0.0,3.0,1.0,7,1,1,2,6,0,1,0
391876,1487,0.0,5.0,0.0,12,4,1,2,10,0,1,1
39251,2700,0.0,3.0,1.0,22,16,7,4,21,0,1,0
392514,1477,0.0,2.0,1.0,3,1,1,1,2,0,1,0
392535,1102,0.0,4.0,1.0,30,21,8,1,26,0,4,0
393100,2537,0.0,3.0,0.0,5,1,1,1,4,0,1,0
393742,1884,0.0,5.0,0.0,7,2,1,3,6,0,1,0
393802,3143,0.0,5.0,0.0,71,27,7,1,67,0,3,1
39390,191,0.0,3.0,0.0,4,2,2,2,2,0,1,1
394092,200,0.0,0.0,0.0,3,1,1,2,2,0,1,0
39412,3168,0.0,3.0,1.0,45,14,6,5,40,0,1,4
394174,4413,0.0,0.0,1.0,12,7,4,1,11,0,1,0
394290,3432,0.0,3.0,0.0,3,1,1,3,0,0,1,2
394614,4993,0.0,3.0,0.0,13,3,1,4,10,0,1,2
394918,2631,0.0,0.0,0.0,1,1,1,1,0,0,1,0
395353,3734,0.0,3.0,0.0,5,1,1,1,4,0,1,0
395467,2669,0.0,0.0,0.0,4,2,2,2,3,0,1,0
395537,359,0.0,3.0,0.0,4,1,1,2,3,0,1,0
395698,3472,0.0,6.0,1.0,1,1,1,1,0,0,1,0
39583,1096,0.0,7.0,0.0,3,1,1,1,2,0,1,0
395852,437,0.0,6.0,0.0,45,20,1,2,44,0,1,0
396326,4545,0.0,4.0,0.0,6,2,1,1,4,0,2,0
396793,4240,0.0,3.0,1.0,23,7,1,3,21,0,1,1
397146,897,0.0,4.0,0.0,14,6,2,4,13,0,1,0
397233,3984,0.0,4.0,0.0,8,4,3,3,7,0,1,0
397293,2161,0.0,0.0,0.0,2,1,1,1,1,0,1,0
397720,2356,0.0,3.0,1.0,1,1,1,1,0,0,1,0
398919,4044,0.0,0.0,0.0,6,2,2,3,3,0,1,2
399286,505,0.0,4.0,1.0,3,1,1,1,1,0,2,0
399533,121,0.0,6.0,0.0,22,14,3,2,19,0,2,1
400051,412,0.0,3.0,2.0,82,50,16,2,78,0,1,3
400107,191,1.0,0.0,0.0,27,13,5,2,26,0,1,0
400505,3792,0.0,2.0,0.0,1,1,1,1,0,0,1,0
400611,1272,0.0,2.0,0.0,33,9,3,2,31,0,2,0
401080,4170,0.0,4.0,0.0,6,2,1,2,4,0,2,0
402087,2318,0.0,5.0,0.0,10,2,1,3,9,0,1,0
402109,3968,0.0,3.0,0.0,3,2,2,1,2,0,1,0
402169,297,0.0,null,null,2,1,1,1,1,0,1,0
402214,1067,1.0,4.0,1.0,12,4,1,2,11,0,1,0
402729,3954,0.0,3.0,0.0,2,1,1,1,1,0,1,0
402996,962,0.0,6.0,0.0,2,1,1,1,1,0,1,0
403053,1393,1.0,2.0,0.0,27,17,5,5,22,0,1,4
403247,2318,0.0,4.0,1.0,9,3,1,1,8,0,1,0
403854,4659,0.0,3.0,0.0,36,18,8,5,34,0,1,1
403860,1997,0.0,3.0,1.0,2,1,1,1,1,0,1,0
404245,1851,0.0,0.0,0.0,14,6,2,1,12,0,2,0
404595,2031,0.0,4.0,0.0,11,5,2,3,10,0,1,0
405017,66,0.0,4.0,1.0,14,10,1,2,13,0,1,0
405076,2105,0.0,2.0,0.0,13,1,1,6,9,0,1,3
405275,4976,0.0,3.0,0.0,3,1,1,1,1,0,1,1
405722,4605,0.0,3.0,0.0,1,1,1,1,0,0,1,0
406245,4048,0.0,5.0,0.0,17,9,1,1,13,0,4,0
407607,2002,0.0,6.0,0.0,3,1,1,1,1,0,2,0
407731,98,0.0,2.0,0.0,7,1,1,4,5,0,1,1
408079,1632,0.0,2.0,0.0,12,1,1,3,10,0,1,1
409035,42,0.0,6.0,0.0,74,48,12,7,71,0,2,1
40922,3528,0.0,7.0,0.0,3,1,1,1,2,0,1,0
409402,4249,0.0,3.0,0.0,8,2,1,1,7,0,1,0
409421,2403,0.0,3.0,1.0,4,2,1,1,2,0,2,0
410507,2856,0.0,2.0,1.0,16,3,1,2,15,0,1,0
410774,3635,0.0,6.0,1.0,8,4,1,1,7,0,1,0
410778,3545,0.0,4.0,0.0,8,2,1,5,7,0,1,0
412308,2799,0.0,2.0,0.0,11,5,2,3,10,0,1,0
412743,2669,0.0,2.0,0.0,12,8,2,2,11,0,1,0
41376,2318,0.0,3.0,1.0,2,1,1,1,1,0,1,0
413793,2928,0.0,5.0,0.0,12,7,4,3,10,0,2,0
414114,4607,0.0,6.0,0.0,3,3,1,1,2,0,1,0
414232,4755,0.0,4.0,0.0,1,1,1,1,0,0,1,0
41432,4444,0.0,5.0,2.0,12,7,1,1,10,0,2,0
415100,1573,0.0,2.0,0.0,5,2,1,2,4,0,1,0
415536,4170,0.0,4.0,0.0,3,1,1,1,2,0,1,0
415568,1890,0.0,4.0,0.0,4,3,3,2,3,0,1,0
415714,1485,0.0,6.0,0.0,2,2,1,1,0,0,2,0
41582,4394,0.0,2.0,0.0,2,1,1,1,1,0,1,0
415919,3578,0.0,3.0,1.0,38,14,2,1,37,0,1,0
416137,4607,0.0,2.0,1.0,10,6,1,3,7,0,1,2
416315,1116,1.0,6.0,1.0,9,4,1,2,8,0,1,0
416471,4765,0.0,0.0,0.0,14,5,1,3,13,0,1,0
416615,4992,0.0,4.0,0.0,6,2,2,2,4,0,2,0
416616,2939,0.0,4.0,0.0,21,6,3,1,19,0,2,0
416679,1760,0.0,2.0,0.0,59,22,3,6,55,0,4,0
416951,3160,0.0,3.0,0.0,21,9,5,3,15,0,1,5
41705,3469,0.0,0.0,0.0,2,1,1,1,1,0,1,0
417426,4993,0.0,0.0,0.0,29,9,1,3,28,0,1,0
417468,941,0.0,2.0,1.0,17,4,2,5,13,3,1,0
418217,4992,0.0,3.0,0.0,5,2,1,1,3,0,2,0
418227,3351,0.0,4.0,1.0,6,1,1,1,5,0,1,0
418357,2403,0.0,4.0,0.0,3,3,2,1,0,0,3,0
418409,323,0.0,6.0,1.0,4,2,1,1,3,0,1,0
418689,4847,0.0,4.0,0.0,49,22,7,7,45,0,3,1
418771,3263,0.0,3.0,0.0,7,4,2,2,6,0,1,0
418956,4368,0.0,0.0,0.0,13,8,5,2,10,0,3,0
419323,3839,0.0,0.0,0.0,23,13,2,3,21,0,1,1
420388,4325,0.0,4.0,1.0,36,10,5,7,29,0,2,5
420897,4394,1.0,0.0,0.0,7,1,1,1,4,0,3,0
421454,3541,0.0,6.0,0.0,2,1,1,1,1,0,1,0
421531,1495,0.0,3.0,0.0,5,2,2,4,2,0,1,2
422925,4394,0.0,2.0,0.0,5,2,1,1,4,0,1,0
423387,1031,1.0,3.0,0.0,90,9,1,5,88,0,1,1
423574,4261,0.0,4.0,0.0,1,1,1,1,0,0,1,0
42716,1492,0.0,3.0,0.0,12,4,2,1,11,0,1,0
42772,2026,0.0,6.0,0.0,8,3,3,2,7,0,1,0
4280,606,0.0,4.0,0.0,15,8,3,4,12,0,1,2
4392,4043,0.0,2.0,0.0,6,2,2,2,4,0,1,1
44307,366,0.0,2.0,1.0,2,1,1,1,1,0,1,0
45034,1015,0.0,4.0,1.0,2,1,1,2,1,0,1,0
45272,4115,0.0,4.0,0.0,1,1,1,1,0,0,1,0
45440,4744,0.0,4.0,0.0,6,1,1,1,5,0,1,0
45469,3173,0.0,6.0,2.0,5,1,1,3,4,0,1,0
46437,67,0.0,4.0,0.0,2,1,1,1,1,0,1,0
46535,204,0.0,6.0,1.0,44,6,1,3,42,0,1,1
46584,3154,0.0,3.0,2.0,11,4,3,1,8,0,1,2
47252,2175,0.0,3.0,1.0,4,1,1,1,3,0,1,0
47255,2032,0.0,5.0,1.0,5,1,1,1,4,0,1,0
47272,2935,0.0,0.0,null,3,1,1,1,2,0,1,0
47332,1318,0.0,3.0,1.0,59,14,6,6,52,0,4,3
47677,1399,0.0,4.0,1.0,13,5,1,2,11,0,1,1
47809,2318,0.0,3.0,1.0,2,1,1,1,0,0,1,1
4833,4760,0.0,3.0,0.0,1,1,1,1,0,0,1,0
48443,1500,0.0,3.0,1.0,4,1,1,3,2,0,1,1
48477,931,0.0,4.0,1.0,78,54,11,2,77,0,1,0
48483,740,0.0,7.0,1.0,1,1,1,1,0,0,1,0
48528,1467,0.0,3.0,0.0,4,3,1,2,2,0,2,0
48594,949,0.0,0.0,0.0,16,10,2,7,15,0,1,0
48645,2537,0.0,0.0,0.0,3,1,1,2,2,0,1,0
48810,4542,0.0,6.0,0.0,9,4,1,2,8,0,1,0
49174,1892,0.0,3.0,0.0,2,2,2,1,0,0,2,0
49471,4873,0.0,3.0,0.0,3,1,1,1,2,0,1,0
50061,1653,0.0,4.0,0.0,1,1,1,1,0,0,1,0
50101,586,0.0,4.0,0.0,11,8,3,4,5,0,5,1
50213,443,0.0,2.0,1.0,7,2,1,2,6,0,1,0
50215,2755,0.0,4.0,0.0,6,3,1,1,5,0,1,0
50234,1310,0.0,2.0,0.0,2,1,1,2,0,0,1,1
52243,2730,0.0,3.0,1.0,7,2,1,2,5,0,1,1
5273,3173,0.0,3.0,2.0,5,2,1,1,4,0,1,0
52975,4919,0.0,3.0,0.0,9,5,2,2,5,0,3,1
53323,3463,0.0,0.0,1.0,3,2,2,1,2,0,1,0
53350,773,0.0,4.0,0.0,11,4,2,3,9,0,2,0
53442,1399,0.0,5.0,0.0,2,1,1,1,1,0,1,0
53553,3828,1.0,2.0,0.0,5,3,3,5,3,0,1,1
54121,1742,0.0,7.0,0.0,22,5,1,2,21,0,1,0
54153,1916,0.0,4.0,0.0,2,1,1,2,0,0,1,1
54200,145,1.0,3.0,0.0,3,1,1,2,2,0,1,0
55525,3567,0.0,6.0,0.0,6,2,1,3,4,0,1,1
55708,1816,0.0,0.0,1.0,3,2,2,1,0,0,1,2
55742,1956,0.0,6.0,1.0,7,4,1,1,6,0,1,0
56097,3889,0.0,4.0,2.0,2,1,1,1,1,0,1,0
56151,396,0.0,6.0,0.0,5,1,1,1,2,0,3,0
56436,1050,0.0,0.0,1.0,5,2,2,1,4,0,1,0
56584,2721,0.0,3.0,0.0,4,3,2,1,3,0,1,0
56586,1342,0.0,3.0,0.0,6,1,1,3,4,0,1,1
56742,4864,0.0,5.0,0.0,13,8,1,1,12,0,1,0
56850,3103,0.0,3.0,1.0,13,8,5,1,12,0,1,0
56861,1000,0.0,5.0,1.0,13,3,3,2,12,0,1,0
5710,4847,0.0,4.0,0.0,5,3,1,1,4,0,1,0
57639,3839,0.0,2.0,0.0,2,2,1,2,1,0,1,0
57675,4659,0.0,3.0,0.0,3,3,3,1,0,0,3,0
57692,276,0.0,0.0,0.0,11,2,1,2,9,0,1,1
58001,2002,0.0,0.0,0.0,6,1,1,1,5,0,1,0
5818,3734,0.0,4.0,1.0,1,1,1,1,0,0,1,0
5938,148,1.0,3.0,0.0,10,3,2,1,9,0,1,0
59695,3444,0.0,7.0,0.0,9,2,1,4,8,0,1,0
60150,2545,0.0,5.0,0.0,20,11,3,2,19,0,1,0
6114,804,0.0,3.0,2.0,2,1,1,1,1,0,1,0
61682,2529,0.0,0.0,0.0,1,1,1,1,0,0,1,0
62626,3536,0.0,0.0,1.0,19,2,2,1,17,0,2,0
62711,4414,0.0,3.0,1.0,1,1,1,1,0,0,1,0
62850,2138,0.0,3.0,0.0,19,8,3,1,18,0,1,0
63176,1452,0.0,5.0,0.0,19,4,2,5,17,0,1,1
63216,4079,0.0,3.0,1.0,2,1,1,1,0,0,2,0
63446,209,0.0,2.0,0.0,8,3,1,3,7,0,1,0
63662,1272,0.0,5.0,0.0,37,17,4,8,34,0,1,2
63988,1999,0.0,4.0,1.0,15,8,2,3,14,0,1,0
64147,1500,0.0,5.0,0.0,4,1,1,1,3,0,1,0
6415,4727,0.0,2.0,1.0,21,5,2,1,20,0,1,0
6464,4173,0.0,3.0,1.0,11,2,2,2,10,0,1,0
64664,1621,0.0,0.0,0.0,3,2,1,1,2,0,1,0
64782,4496,0.0,4.0,0.0,21,5,2,10,19,0,1,1
6492,1833,0.0,6.0,0.0,8,2,1,2,7,0,1,0
65084,1268,0.0,4.0,0.0,3,1,1,1,2,0,1,0
65104,2864,0.0,7.0,1.0,4,1,1,3,3,0,1,0
65303,748,0.0,3.0,0.0,3,1,1,1,2,0,1,0
65312,3290,0.0,5.0,2.0,6,1,1,1,1,0,4,1
65411,2879,0.0,2.0,1.0,5,2,1,1,4,0,1,0
6598,4976,0.0,2.0,0.0,13,4,1,2,10,0,1,2
66434,2709,0.0,0.0,1.0,2,1,1,1,1,0,1,0
66561,2810,0.0,0.0,0.0,2,1,1,1,1,0,1,0
66580,4201,0.0,null,null,14,3,2,2,13,0,1,0
67133,3578,1.0,6.0,1.0,2,1,1,2,1,0,1,0
67173,4427,0.0,2.0,1.0,4,2,2,1,3,0,1,0
67223,1884,0.0,3.0,0.0,13,2,1,4,11,0,1,1
67712,4173,0.0,6.0,1.0,5,1,1,1,4,0,1,0
67896,3968,0.0,3.0,0.0,2,2,2,1,1,0,1,0
68097,2149,0.0,0.0,0.0,23,6,1,5,20,0,1,2
68299,3971,0.0,3.0,1.0,2,1,1,1,1,0,1,0
68933,3780,0.0,0.0,0.0,23,13,1,1,22,0,1,0
69541,4491,0.0,0.0,1.0,2,1,1,1,1,0,1,0
69782,747,0.0,3.0,1.0,4,3,1,1,3,0,1,0
70701,822,0.0,0.0,0.0,58,7,1,2,55,0,3,0
71277,1875,0.0,0.0,1.0,9,3,2,2,7,1,1,0
71302,3819,0.0,3.0,1.0,7,1,1,2,6,0,1,0
71495,1861,1.0,6.0,0.0,14,6,2,1,11,0,3,0
71600,1983,0.0,4.0,1.0,3,2,1,1,2,0,1,0
71926,2537,0.0,3.0,0.0,14,5,2,3,13,0,1,0
72993,2403,0.0,0.0,0.0,6,6,1,2,5,0,1,0
73018,508,0.0,4.0,1.0,1,1,1,1,0,0,1,0
73179,1978,0.0,2.0,1.0,10,3,1,2,9,0,1,0
73894,915,0.0,4.0,0.0,6,3,2,2,5,0,1,0
74299,4944,0.0,3.0,0.0,7,2,2,1,5,0,2,0
74934,773,0.0,4.0,1.0,2,2,1,1,0,0,2,0
75144,4173,0.0,6.0,1.0,2,1,1,1,1,0,1,0
75853,1504,0.0,0.0,1.0,6,2,1,1,5,0,1,0
75984,4044,0.0,3.0,0.0,6,5,4,1,5,0,1,0
76039,1394,0.0,6.0,1.0,7,3,1,1,6,0,1,0
76389,2109,0.0,0.0,1.0,3,2,1,1,2,0,1,0
76431,4850,0.0,6.0,0.0,8,7,4,2,7,0,1,0
76455,2768,0.0,6.0,1.0,3,2,2,1,2,0,1,0
77322,2872,0.0,3.0,0.0,16,11,11,3,15,0,1,0
77509,152,0.0,0.0,0.0,1,1,1,1,0,0,1,0
77710,1749,0.0,4.0,0.0,1,1,1,1,0,0,1,0
77990,370,0.0,5.0,0.0,4,1,1,1,3,0,1,0
78149,1272,0.0,0.0,0.0,1,1,1,1,0,0,1,0
78350,4928,0.0,2.0,1.0,8,3,1,2,6,0,1,1
78384,4044,0.0,0.0,0.0,21,10,3,2,19,0,2,0
78591,1472,0.0,2.0,0.0,1,1,1,1,0,0,1,0
78690,1134,0.0,5.0,0.0,12,7,2,1,11,0,1,0
78732,941,0.0,6.0,1.0,10,4,2,3,9,0,1,0
78817,3609,0.0,0.0,1.0,2,1,1,1,1,0,1,0
78896,4705,0.0,0.0,0.0,19,9,7,1,13,0,6,0
79134,3301,0.0,6.0,1.0,3,1,1,1,2,0,1,0
80519,4568,0.0,5.0,1.0,8,5,3,2,7,0,1,0
80904,200,0.0,5.0,0.0,6,2,1,1,5,0,1,0
81534,588,0.0,0.0,0.0,8,2,1,1,5,2,1,0
81599,643,0.0,2.0,0.0,6,4,3,2,5,0,1,0
81910,1963,0.0,4.0,1.0,83,21,3,6,78,0,1,4
82029,3734,0.0,3.0,1.0,1,1,1,1,0,0,1,0
82415,1393,0.0,2.0,1.0,145,88,15,12,134,0,4,7
82503,4860,0.0,0.0,0.0,5,1,1,3,3,0,1,1
83064,2721,0.0,4.0,0.0,16,9,1,1,15,0,1,0
83439,4760,0.0,0.0,1.0,17,9,3,3,11,0,1,5
83625,758,0.0,3.0,0.0,6,1,1,1,4,0,2,0
83656,1472,0.0,6.0,1.0,5,1,1,1,3,0,2,0
83833,3472,0.0,3.0,0.0,3,1,1,1,2,0,1,0
83918,1621,0.0,3.0,0.0,4,1,1,1,3,0,1,0
8460,2824,0.0,3.0,0.0,16,8,2,1,15,0,1,0
84838,35,0.0,2.0,1.0,2,1,1,1,1,0,1,0
84924,503,0.0,0.0,0.0,13,7,2,1,11,0,2,0
85200,2511,0.0,5.0,0.0,14,4,2,4,12,1,1,0
85968,4044,0.0,3.0,0.0,13,5,3,2,11,0,2,0
86394,4545,0.0,3.0,0.0,1,1,1,1,0,0,1,0
86440,3635,0.0,3.0,0.0,1,1,1,1,0,0,1,0
86447,1910,0.0,4.0,0.0,5,1,1,1,4,0,1,0
86903,2730,0.0,0.0,1.0,4,1,1,1,3,0,1,0
87189,3828,0.0,2.0,0.0,28,9,3,3,25,0,2,1
87288,2273,0.0,5.0,0.0,19,4,1,5,14,0,1,4
87746,121,0.0,4.0,0.0,22,15,6,2,19,0,3,0
87779,3819,0.0,3.0,1.0,19,10,4,2,18,0,1,0
87930,4847,0.0,0.0,0.0,7,4,3,1,6,0,1,0
87931,643,0.0,4.0,1.0,14,4,1,2,11,0,3,0
88024,3018,0.0,5.0,0.0,1,1,1,1,0,0,1,0
8855,1632,0.0,3.0,0.0,1,1,1,1,0,0,1,0
88554,1102,0.0,5.0,0.0,14,8,2,4,13,0,1,0
88624,4648,0.0,3.0,1.0,3,1,1,1,2,0,1,0
88792,152,0.0,3.0,1.0,14,5,3,3,11,0,1,2
88815,121,0.0,0.0,0.0,1,1,1,1,0,0,1,0
8884,2102,0.0,0.0,null,8,2,1,1,7,0,1,0
88898,2277,0.0,2.0,1.0,1,1,1,1,0,0,1,0
89207,1501,0.0,6.0,0.0,11,8,3,2,10,0,1,0
89388,4287,0.0,4.0,0.0,7,2,2,1,4,0,2,1
90653,3284,0.0,0.0,1.0,4,1,1,1,3,0,1,0
90660,296,1.0,3.0,0.0,1,1,1,1,0,0,1,0
91221,2821,0.0,5.0,0.0,1,1,1,1,0,0,1,0
91439,2203,0.0,3.0,0.0,3,1,1,1,2,0,1,0
91963,3126,0.0,5.0,0.0,6,1,1,1,5,0,1,0
92074,361,0.0,0.0,1.0,52,21,7,2,48,0,2,2
92143,3460,0.0,0.0,0.0,10,4,2,1,6,0,4,0
92783,293,0.0,4.0,1.0,7,1,1,1,4,0,3,0
92894,1447,0.0,0.0,0.0,8,4,1,1,7,0,1,0
92898,412,0.0,0.0,0.0,16,3,1,2,12,0,1,3
92966,2714,0.0,0.0,0.0,13,3,1,1,12,0,1,0
92991,3323,0.0,4.0,0.0,5,1,1,2,4,0,1,0
93206,3462,0.0,0.0,0.0,5,1,1,1,4,0,1,0
93283,777,0.0,5.0,0.0,14,3,2,1,13,0,1,0
93609,1131,0.0,3.0,1.0,1,1,1,1,0,0,1,0
941,685,0.0,4.0,1.0,23,4,1,1,21,0,2,0
94181,4926,0.0,3.0,0.0,1,1,1,1,0,0,1,0
94323,3965,0.0,4.0,1.0,4,2,1,1,3,0,1,0
94624,3392,0.0,3.0,0.0,8,4,1,2,6,0,2,0
94634,4306,0.0,3.0,1.0,3,1,1,1,2,0,1,0
94712,2565,0.0,4.0,0.0,5,1,1,2,4,0,1,0
94765,3623,0.0,2.0,0.0,2,1,1,2,0,0,1,1
94895,1272,0.0,6.0,0.0,13,7,5,3,11,0,1,1
95606,4472,0.0,0.0,1.0,7,4,2,2,6,0,1,0
95903,4705,0.0,3.0,0.0,1,1,1,1,0,0,1,0
96055,1072,0.0,0.0,1.0,11,5,5,1,10,0,1,0
96469,3727,0.0,3.0,0.0,15,6,2,2,14,0,1,0
96523,1272,0.0,0.0,0.0,3,1,1,1,2,0,1,0
96565,396,0.0,3.0,0.0,1,1,1,1,0,0,1,0
9663,4048,0.0,6.0,0.0,4,1,1,3,2,0,2,0
96691,2669,0.0,3.0,0.0,91,17,7,3,88,0,3,0
97189,1900,0.0,0.0,0.0,5,1,1,1,4,0,1,0
97263,4933,0.0,4.0,0.0,4,1,1,1,3,0,1,0
9735,1092,0.0,0.0,0.0,11,2,3,3,10,0,1,0
97409,3205,0.0,4.0,0.0,8,4,2,1,7,0,1,0
9780,2928,0.0,0.0,1.0,2,2,2,1,0,0,2,0
99047,2091,0.0,3.0,0.0,13,2,1,1,11,0,2,0
99067,2545,0.0,2.0,1.0,57,27,10,4,56,0,1,0
9919,2303,0.0,0.0,0.0,7,2,1,3,5,0,1,1
99306,370,0.0,7.0,1.0,1,1,1,1,0,0,1,0
99338,1166,0.0,0.0,0.0,1,1,1,1,0,0,1,0
