100690,2639,0.0,0.0,2.0,42,25,9,7,35,0,1,6
100874,1470,0.0,5.0,0.0,2,1,1,1,1,0,1,0
100948,4585,0.0,3.0,0.0,3,1,1,1,2,0,1,0
101409,2403,0.0,3.0,0.0,3,2,1,1,2,0,1,0
101584,946,0.0,4.0,1.0,23,13,3,3,21,0,1,1
101664,3055,0.0,0.0,0.0,2,1,1,1,1,0,1,0
101792,4504,0.0,0.0,0.0,5,1,1,1,4,0,1,0
101941,4760,0.0,3.0,0.0,5,1,1,2,3,0,1,1
102085,3531,0.0,0.0,0.0,6,2,1,2,5,0,1,0
102208,1546,0.0,5.0,1.0,2,1,1,1,1,0,1,0
102542,296,0.0,3.0,0.0,3,2,1,2,2,0,1,0
102596,2047,0.0,3.0,0.0,19,8,2,2,17,0,1,1
102649,386,0.0,3.0,0.0,2,1,1,1,1,0,1,0
102905,1760,0.0,3.0,0.0,9,3,2,3,5,0,2,2
103104,24,0.0,4.0,0.0,3,1,1,3,2,0,1,0
103251,66,0.0,2.0,1.0,2,1,1,1,1,0,1,0
103439,4579,0.0,3.0,1.0,8,1,1,1,7,0,1,0
103680,1742,0.0,0.0,0.0,23,10,1,1,22,0,1,0
103849,548,0.0,0.0,0.0,2,2,1,1,1,0,1,0
104018,2876,0.0,0.0,0.0,3,1,1,1,2,0,1,0
104121,1056,0.0,4.0,2.0,7,5,4,2,6,0,1,0
104140,2482,0.0,4.0,1.0,7,4,2,2,5,1,1,0
104269,4049,0.0,3.0,2.0,6,4,3,1,3,0,3,0
104604,3402,0.0,3.0,1.0,43,17,1,7,41,0,1,1
104745,2828,0.0,0.0,0.0,26,4,3,4,25,0,1,0
105045,4848,0.0,3.0,1.0,13,9,1,1,12,0,1,0
105333,4871,1.0,4.0,1.0,1,1,1,1,0,0,1,0
105744,4659,0.0,0.0,0.0,12,7,5,3,10,0,2,0
105853,3460,0.0,6.0,null,1,1,1,1,0,0,1,0
106512,977,0.0,3.0,0.0,30,14,2,1,28,0,2,0
106794,4659,0.0,2.0,0.0,11,8,4,2,10,0,1,0
106949,2318,0.0,6.0,0.0,6,2,2,3,4,0,2,0
107454,4864,0.0,2.0,0.0,14,9,4,2,12,0,1,1
108608,2856,0.0,3.0,0.0,6,2,1,1,5,0,1,0
109200,962,1.0,6.0,0.0,39,14,6,5,37,0,2,0
109388,4280,0.0,0.0,0.0,10,7,1,3,9,0,1,0
110237,1348,0.0,4.0,0.0,8,4,2,1,7,0,1,0
110899,2031,0.0,0.0,0.0,2,1,1,1,1,0,1,0
110983,1115,0.0,3.0,1.0,2,1,1,1,1,0,1,0
111022,1900,0.0,0.0,0.0,28,2,2,2,27,0,1,0
111210,2981,0.0,3.0,0.0,3,1,1,1,1,0,1,1
111262,608,0.0,0.0,0.0,13,1,1,2,12,0,1,0
111599,1884,0.0,0.0,1.0,1,1,1,1,0,0,1,0
111755,3898,0.0,4.0,0.0,11,2,1,2,10,0,1,0
111941,121,0.0,0.0,0.0,29,11,4,1,24,0,5,0
112462,3159,0.0,0.0,0.0,10,6,3,2,8,0,2,0
113146,508,0.0,2.0,0.0,11,5,1,1,10,0,1,0
11396,2545,0.0,2.0,1.0,22,14,3,1,21,0,1,0
114775,2031,0.0,2.0,1.0,6,4,2,1,5,0,1,0
1150,4756,1.0,3.0,1.0,2,1,1,1,1,0,1,0
11534,598,0.0,0.0,1.0,20,2,2,1,19,0,1,0
115537,4195,0.0,4.0,2.0,9,2,1,1,7,0,2,0
115651,4090,0.0,0.0,0.0,2,1,1,1,1,0,1,0
116518,1379,0.0,5.0,1.0,4,1,1,1,2,1,1,0
116764,2273,0.0,2.0,0.0,5,1,1,2,3,0,1,1
116923,4282,0.0,2.0,0.0,5,2,2,2,4,0,1,0
117172,2971,0.0,2.0,1.0,6,2,2,1,5,0,1,0
117689,1923,1.0,5.0,1.0,2,1,1,1,1,0,1,0
118073,3502,0.0,4.0,1.0,2,1,1,1,1,0,1,0
11833,4492,0.0,0.0,0.0,7,2,1,2,6,0,1,0
118475,3460,0.0,0.0,0.0,2,1,1,1,1,0,1,0
118886,1583,1.0,0.0,0.0,22,5,3,13,21,0,1,0
11893,2915,0.0,4.0,0.0,12,8,4,1,7,0,5,0
118975,2791,0.0,2.0,0.0,2,1,1,1,1,0,1,0
119301,2860,0.0,2.0,0.0,6,2,1,1,5,0,1,0
119416,1488,0.0,4.0,1.0,13,2,2,1,11,0,2,0
119788,4280,0.0,2.0,0.0,14,6,1,3,12,0,1,1
119870,4658,0.0,3.0,0.0,6,1,1,1,4,0,2,0
120009,798,0.0,2.0,0.0,26,10,6,7,23,0,3,0
120498,4173,0.0,3.0,0.0,33,5,4,2,32,0,1,0
122002,1263,0.0,4.0,0.0,6,4,1,1,5,0,1,0
122057,4768,0.0,4.0,0.0,11,7,2,1,10,0,1,0
122077,4044,0.0,0.0,1.0,5,2,2,2,4,0,1,0
122319,293,0.0,5.0,0.0,8,3,1,1,7,0,1,0
123116,1056,0.0,4.0,1.0,19,10,5,2,16,0,3,0
123396,1022,0.0,5.0,0.0,15,7,1,2,14,0,1,0
123805,748,0.0,4.0,1.0,3,1,1,2,2,0,1,0
124635,2709,0.0,3.0,0.0,3,1,1,2,2,0,1,0
124752,797,0.0,3.0,0.0,14,4,2,1,11,0,3,0
1248,4234,0.0,3.0,0.0,8,2,2,2,6,0,1,1
125163,1283,0.0,3.0,0.0,12,3,3,2,11,0,1,0
125170,598,0.0,5.0,0.0,4,1,1,1,3,0,1,0
125720,361,0.0,6.0,0.0,9,1,1,2,8,0,1,0
125832,3885,0.0,2.0,0.0,3,2,1,1,2,0,1,0
126769,1322,1.0,0.0,0.0,15,2,1,1,13,0,2,0
127100,3936,0.0,3.0,1.0,2,1,1,1,1,0,1,0
127381,275,0.0,0.0,1.0,2,1,1,1,1,0,1,0
12749,3472,0.0,7.0,0.0,4,2,2,1,3,0,1,0
127559,2730,0.0,6.0,0.0,4,1,1,3,2,0,1,1
127931,2409,0.0,null,null,1,1,1,1,0,0,1,0
128119,4209,0.0,4.0,0.0,12,1,1,2,10,0,1,1
129073,2242,0.0,4.0,0.0,10,4,3,2,6,0,4,0
129214,1454,1.0,3.0,1.0,11,8,3,1,10,0,1,0
129256,1332,0.0,5.0,1.0,15,2,1,3,13,0,1,1
129773,4170,0.0,0.0,0.0,8,5,1,1,3,0,5,0
129812,1726,0.0,7.0,0.0,11,2,2,1,8,0,1,2
130433,3278,0.0,4.0,1.0,2,1,1,1,1,0,1,0
130455,4659,0.0,7.0,0.0,11,5,5,1,6,0,5,0
130641,4191,1.0,2.0,0.0,6,2,1,2,5,0,1,0
13125,4756,0.0,0.0,0.0,17,7,2,1,12,0,5,0
131266,3460,0.0,5.0,1.0,9,2,1,1,8,0,1,0
131271,1707,0.0,5.0,0.0,4,1,1,1,3,0,1,0
13135,3236,0.0,4.0,0.0,24,9,1,5,15,0,1,8
131486,3828,0.0,5.0,1.0,3,1,1,1,2,0,1,0
131589,241,0.0,2.0,1.0,6,1,1,2,5,0,1,0
131830,2537,0.0,5.0,0.0,2,1,1,1,1,0,1,0
131855,794,0.0,6.0,1.0,12,6,3,1,10,0,2,0
132176,3471,0.0,2.0,0.0,3,1,1,1,1,0,2,0
132405,3098,0.0,6.0,0.0,16,8,3,1,15,0,1,0
132635,3828,0.0,2.0,0.0,21,6,1,1,19,0,1,1
13272,1393,0.0,4.0,0.0,23,9,4,3,14,0,3,6
13279,3236,1.0,2.0,0.0,13,8,1,3,12,0,1,0
132813,1561,0.0,3.0,1.0,2,1,1,1,1,0,1,0
133078,2791,0.0,3.0,0.0,10,2,2,2,9,0,1,0
133111,361,0.0,0.0,1.0,10,3,2,2,9,0,1,0
133138,2452,1.0,6.0,1.0,5,2,1,1,4,0,1,0
133795,3753,0.0,2.0,0.0,1,1,1,1,0,0,1,0
133847,2126,0.0,3.0,1.0,2,1,1,1,0,0,2,0
133977,1484,0.0,6.0,1.0,2,1,1,1,1,0,1,0
134091,1495,0.0,3.0,0.0,5,1,1,2,4,0,1,0
134577,1102,0.0,3.0,0.0,3,2,1,1,2,0,1,0
134753,2030,0.0,3.0,0.0,29,9,1,2,27,0,2,0
134849,4525,0.0,2.0,0.0,2,2,2,1,0,0,2,0
135144,416,0.0,6.0,0.0,7,4,2,2,4,0,1,2
135247,1298,0.0,3.0,0.0,16,7,1,1,14,0,1,1
135369,1910,0.0,0.0,0.0,3,1,1,3,1,0,1,1
135519,2022,1.0,3.0,0.0,31,4,2,5,29,0,1,1
135811,2443,0.0,7.0,0.0,12,3,1,4,10,0,1,1
135948,310,0.0,3.0,1.0,5,1,1,2,4,0,1,0
136290,4512,0.0,4.0,0.0,15,9,1,2,14,0,1,0
136311,4044,0.0,4.0,1.0,2,2,2,2,1,0,1,0
137062,2856,1.0,2.0,0.0,20,3,1,6,19,0,1,0
137239,4491,0.0,0.0,0.0,28,15,2,1,25,0,3,0
137300,1892,0.0,3.0,1.0,5,3,2,1,4,0,1,0
137828,742,0.0,4.0,0.0,1,1,1,1,0,0,1,0
138129,2928,0.0,0.0,0.0,1,1,1,1,0,0,1,0
138264,1923,0.0,3.0,0.0,9,1,1,2,8,0,1,0
13830,4325,0.0,3.0,0.0,3,1,1,1,2,0,1,0
138478,3041,0.0,0.0,0.0,10,4,1,1,9,0,1,0
138615,962,0.0,2.0,0.0,3,2,2,1,2,0,1,0
139541,2278,1.0,0.0,0.0,3,2,2,2,0,0,2,1
140230,2452,0.0,5.0,0.0,6,1,1,1,5,0,1,0
140819,4129,0.0,2.0,0.0,117,29,2,7,109,0,2,6
140986,1704,0.0,0.0,1.0,2,1,1,2,1,0,1,0
141466,625,0.0,4.0,0.0,5,2,1,2,4,0,1,0
142300,3420,0.0,3.0,0.0,9,3,2,1,7,0,1,1
142322,416,0.0,0.0,0.0,7,3,1,2,3,0,1,3
142500,2928,0.0,5.0,0.0,5,1,1,3,4,0,1,0
142618,1592,0.0,4.0,1.0,7,2,1,3,6,0,1,0
143131,2954,0.0,0.0,0.0,3,1,1,1,2,0,1,0
143314,2664,0.0,0.0,0.0,39,32,2,1,35,0,4,0
14362,361,0.0,0.0,0.0,1,1,1,1,0,0,1,0
143761,2193,1.0,3.0,1.0,3,1,1,1,2,0,1,0
143925,4039,0.0,3.0,0.0,2,1,1,1,1,0,1,0
14472,2721,0.0,3.0,0.0,3,1,1,1,2,0,1,0
144847,1031,0.0,4.0,0.0,6,2,1,2,4,0,1,1
144951,1605,0.0,3.0,1.0,1,1,1,1,0,0,1,0
145148,4607,0.0,3.0,0.0,1,1,1,1,0,0,1,0
145182,1821,0.0,5.0,1.0,3,1,1,1,2,0,1,0
14525,606,0.0,3.0,1.0,3,1,1,1,2,0,1,0
145264,4043,0.0,2.0,1.0,5,1,1,1,4,0,1,0
145341,2341,0.0,3.0,2.0,9,4,3,1,8,0,1,0
145366,3623,0.0,2.0,0.0,3,1,1,1,0,0,3,0
145770,1742,0.0,6.0,0.0,3,1,1,1,2,0,1,0
145917,141,0.0,3.0,0.0,17,11,7,3,16,0,1,0
146247,3609,0.0,0.0,1.0,2,1,1,1,1,0,1,0
146491,2403,0.0,2.0,0.0,1,1,1,1,0,0,1,0
146555,2752,0.0,4.0,0.0,12,3,1,5,10,0,1,1
147170,13,0.0,2.0,0.0,4,1,1,2,3,0,1,0
147186,4090,0.0,5.0,0.0,9,1,1,3,7,1,1,0
147567,145,0.0,2.0,0.0,3,2,1,2,0,0,1,2
147580,3683,0.0,null,null,12,3,2,1,10,0,2,0
147805,2928,1.0,4.0,0.0,17,6,3,1,15,1,1,0
147894,3472,0.0,3.0,0.0,1,1,1,1,0,0,1,0
147958,293,0.0,0.0,0.0,4,2,1,1,3,0,1,0
150085,3912,0.0,6.0,0.0,6,2,1,1,5,0,1,0
150230,2273,0.0,3.0,0.0,12,3,1,3,10,0,1,1
150259,1514,0.0,6.0,0.0,33,3,1,6,32,0,1,0
151529,1502,0.0,3.0,0.0,2,1,1,1,0,0,1,1
151860,4712,0.0,0.0,0.0,5,2,1,2,4,0,1,0
151868,3828,0.0,5.0,0.0,4,3,1,1,3,0,1,0
151871,2154,0.0,0.0,0.0,2,1,1,1,1,0,1,0
152623,474,0.0,3.0,1.0,14,9,9,3,2,0,3,9
153566,3207,0.0,2.0,0.0,1,1,1,1,0,0,1,0
153930,586,0.0,4.0,0.0,4,2,1,1,1,0,1,2
154213,1049,0.0,5.0,1.0,9,1,1,3,8,0,1,0
154659,1049,0.0,0.0,1.0,2,1,1,1,1,0,1,0
155115,2173,0.0,0.0,0.0,3,2,2,1,2,0,1,0
155704,3578,0.0,4.0,0.0,13,5,1,2,11,0,2,0
155733,3236,0.0,0.0,0.0,11,4,1,2,10,0,1,0
155976,3578,0.0,6.0,1.0,9,4,1,1,8,0,1,0
156245,219,0.0,3.0,0.0,1,1,1,1,0,0,1,0
156360,3828,0.0,0.0,0.0,14,7,4,3,12,0,2,0
156669,1346,0.0,3.0,0.0,8,3,1,1,7,0,1,0
156761,1470,0.0,3.0,0.0,2,1,1,2,0,0,1,1
157056,1370,0.0,0.0,0.0,7,1,1,1,5,0,2,0
157372,3640,0.0,5.0,0.0,16,7,1,2,15,0,1,0
157933,1102,1.0,0.0,0.0,7,5,3,1,6,0,1,0
158835,4818,0.0,7.0,1.0,1,1,1,1,0,0,1,0
159441,2225,0.0,0.0,0.0,14,8,2,2,13,0,1,0
159800,1111,0.0,null,null,2,1,1,1,1,0,1,0
160060,3536,0.0,0.0,1.0,6,1,1,1,5,0,1,0
160181,563,1.0,4.0,1.0,4,1,1,1,3,0,1,0
160257,794,0.0,0.0,0.0,13,4,1,3,8,0,5,0
160587,1102,0.0,3.0,0.0,2,1,1,1,1,0,1,0
160790,4394,0.0,0.0,0.0,6,2,1,1,4,1,1,0
160831,1678,0.0,null,null,4,1,1,2,3,0,1,0
16094,1000,0.0,3.0,1.0,3,1,1,2,2,0,1,0
161177,1134,0.0,3.0,0.0,16,8,2,1,14,0,2,0
161296,3111,0.0,4.0,1.0,4,1,1,1,3,0,1,0
161838,4659,0.0,2.0,0.0,2,2,1,1,0,0,1,1
162069,2641,0.0,3.0,0.0,2,1,1,1,1,0,1,0
162503,1833,0.0,5.0,0.0,224,60,2,2,221,0,3,0
162806,4173,0.0,5.0,0.0,1,1,1,1,0,0,1,0
16311,104,0.0,2.0,1.0,5,2,1,2,3,0,2,0
163733,798,0.0,7.0,0.0,6,2,1,2,5,0,1,0
163784,3176,0.0,3.0,0.0,6,1,1,1,4,0,1,1
163824,3843,0.0,0.0,1.0,15,5,3,2,11,0,1,3
163836,2928,0.0,4.0,0.0,4,1,1,2,3,0,1,0
163943,4079,0.0,0.0,0.0,1,1,1,1,0,0,1,0
164159,3878,0.0,0.0,0.0,12,10,2,1,11,0,1,0
16432,1536,1.0,3.0,0.0,4,2,1,3,3,0,1,0
164357,4248,0.0,5.0,1.0,3,1,1,2,2,0,1,0
165302,4143,0.0,4.0,1.0,8,3,2,1,7,0,1,0
16533,1090,0.0,3.0,1.0,96,29,4,1,93,0,3,0
165359,4262,0.0,4.0,0.0,3,1,1,1,2,0,1,0
165543,1618,0.0,2.0,0.0,7,2,2,1,5,0,2,0
166005,3205,0.0,4.0,1.0,2,1,1,1,1,0,1,0
166090,1187,0.0,0.0,1.0,2,1,1,1,1,0,1,0
16628,4220,0.0,4.0,0.0,7,2,1,1,5,0,2,0
166316,2592,0.0,2.0,0.0,6,1,1,1,5,0,1,0
166394,2396,0.0,0.0,1.0,2,1,1,1,1,0,1,0
167300,3734,0.0,3.0,0.0,6,4,3,3,0,0,2,4
167738,4110,0.0,3.0,1.0,2,1,1,1,1,0,1,0
167740,4256,0.0,4.0,0.0,8,4,2,1,6,0,2,0
168331,798,0.0,2.0,0.0,20,7,4,3,17,0,2,1
168341,606,0.0,6.0,1.0,14,3,2,4,12,0,1,1
16871,2834,0.0,0.0,0.0,49,44,13,1,48,0,1,0
168810,3906,0.0,0.0,1.0,7,1,1,2,6,0,1,0
168900,1405,0.0,4.0,0.0,19,2,1,1,18,0,1,0
169251,3828,0.0,null,null,8,1,1,2,6,1,1,0
169391,3022,0.0,null,null,16,5,1,2,14,0,1,1
1698,1760,0.0,4.0,0.0,1,1,1,1,0,0,1,0
169957,3075,0.0,2.0,0.0,4,2,1,1,3,0,1,0
169971,2775,0.0,5.0,1.0,17,5,3,2,11,0,3,3
170631,2566,0.0,null,null,4,2,2,1,2,0,2,0
171149,4616,1.0,3.0,0.0,13,3,2,2,12,0,1,0
171729,1352,0.0,3.0,0.0,5,2,1,2,4,0,1,0
172115,1273,0.0,6.0,1.0,4,1,1,1,3,0,1,0
172388,479,1.0,3.0,1.0,8,1,1,2,7,0,1,0
172499,3161,0.0,0.0,0.0,13,6,2,3,12,0,1,0
172607,2880,0.0,0.0,2.0,3,1,1,1,2,0,1,0
173011,3655,0.0,4.0,0.0,3,2,1,1,0,0,2,1
173243,160,0.0,3.0,1.0,9,4,2,2,8,0,1,0
173356,297,0.0,3.0,1.0,2,1,1,1,1,0,1,0
173877,10,0.0,0.0,0.0,15,3,2,1,14,0,1,0
174208,2895,0.0,4.0,0.0,43,19,6,4,42,0,1,0
174274,1346,1.0,5.0,0.0,9,4,1,3,8,0,1,0
174729,2248,0.0,4.0,1.0,7,1,1,2,5,0,1,1
174755,4044,0.0,2.0,0.0,66,48,14,3,65,0,1,0
175092,361,0.0,0.0,0.0,4,1,1,1,3,0,1,0
175764,2193,0.0,4.0,1.0,5,1,1,1,4,0,1,0
176181,1346,1.0,4.0,1.0,7,3,1,1,6,0,1,0
1762,3955,0.0,6.0,0.0,4,2,1,2,3,0,1,0
176309,4044,0.0,0.0,0.0,34,6,2,3,29,0,1,4
176923,2537,0.0,5.0,1.0,4,1,1,1,3,0,1,0
177208,685,0.0,0.0,0.0,4,1,1,1,3,0,1,0
177409,3042,0.0,3.0,0.0,8,3,3,1,7,0,1,0
178276,1861,0.0,3.0,0.0,3,1,1,1,2,0,1,0
178317,2883,0.0,5.0,0.0,3,1,1,1,2,0,1,0
178617,3609,0.0,3.0,0.0,28,11,1,3,26,0,2,0
178968,1133,0.0,2.0,0.0,7,1,1,1,6,0,1,0
17905,1892,0.0,3.0,0.0,26,16,7,4,24,0,2,0
179350,3965,0.0,0.0,0.0,3,1,1,1,2,0,1,0
1796,1203,0.0,0.0,1.0,6,1,1,2,5,0,1,0
180100,4850,0.0,5.0,0.0,18,16,6,1,17,0,1,0
180264,4760,0.0,4.0,0.0,4,1,1,1,3,0,1,0
180426,4294,0.0,6.0,1.0,11,1,1,1,10,0,1,0
180494,2662,1.0,6.0,1.0,7,6,2,2,6,0,1,0
180860,3152,0.0,6.0,0.0,10,5,1,2,9,0,1,0
180912,4724,0.0,3.0,1.0,6,1,1,1,5,0,1,0
180931,951,0.0,4.0,0.0,5,1,1,2,3,0,1,1
180965,1724,0.0,0.0,1.0,3,1,1,1,1,0,1,1
181636,951,0.0,6.0,0.0,4,1,1,1,3,0,1,0
18182,3545,0.0,0.0,null,7,5,2,2,6,0,1,0
182011,614,0.0,3.0,0.0,7,3,1,1,5,0,2,0
182180,361,0.0,6.0,0.0,24,9,5,2,17,0,5,2
182230,310,0.0,2.0,1.0,4,2,2,2,3,0,1,0
182375,2232,0.0,0.0,1.0,5,1,1,2,4,0,1,0
182752,326,0.0,0.0,0.0,2,1,1,1,0,0,2,0
182867,3301,0.0,0.0,1.0,3,1,1,1,2,0,1,0
183100,760,0.0,3.0,0.0,3,1,1,2,2,0,1,0
183321,4282,0.0,3.0,0.0,1,1,1,1,0,0,1,0
183453,2465,0.0,0.0,1.0,32,5,2,3,31,0,1,0
184045,1102,0.0,0.0,0.0,6,3,2,2,5,0,1,0
184397,3472,0.0,5.0,0.0,6,2,1,1,5,0,1,0
186030,1890,0.0,0.0,0.0,29,17,3,4,28,0,1,0
186476,1703,0.0,5.0,0.0,4,1,1,1,2,0,2,0
186857,1629,0.0,0.0,0.0,4,1,1,2,3,0,1,0
187280,2537,0.0,3.0,1.0,5,2,1,1,4,0,1,0
187708,2926,0.0,4.0,1.0,13,8,3,1,12,0,1,0
187943,4090,0.0,0.0,0.0,45,10,2,8,41,0,1,3
188217,159,0.0,4.0,1.0,9,4,3,2,7,0,1,1
188565,1393,0.0,3.0,0.0,53,42,15,6,52,0,1,0
189152,2303,0.0,3.0,0.0,23,11,1,5,22,0,1,0
189198,1193,0.0,3.0,1.0,16,7,2,1,14,0,2,0
189211,4584,0.0,6.0,0.0,3,1,1,1,2,0,1,0
189322,3345,0.0,2.0,0.0,5,1,1,1,4,0,1,0
189929,3356,0.0,5.0,0.0,9,3,3,1,6,0,3,0
190005,4760,0.0,3.0,0.0,21,16,4,1,17,0,4,0
190163,4659,0.0,6.0,0.0,3,1,1,1,2,0,1,0
19030,1841,0.0,3.0,0.0,6,2,2,2,3,2,1,0
190328,1707,0.0,3.0,1.0,5,2,2,1,2,0,3,0
190671,4282,0.0,2.0,1.0,8,3,2,2,7,0,1,0
191166,2928,0.0,4.0,0.0,4,1,1,2,2,0,1,1
191393,1557,0.0,3.0,0.0,8,4,3,2,7,0,1,0
191422,1968,0.0,2.0,1.0,2,1,1,1,1,0,1,0
191460,1062,0.0,4.0,0.0,5,2,2,1,4,0,1,0
191595,4791,0.0,4.0,0.0,3,1,1,1,2,0,1,0
191819,415,0.0,null,null,1,1,1,1,0,0,1,0
192236,4571,0.0,5.0,0.0,17,14,3,1,16,0,1,0
192434,4173,0.0,4.0,0.0,6,4,3,3,5,0,1,0
192561,4687,0.0,3.0,0.0,5,1,1,1,3,0,1,1
193022,3609,1.0,4.0,0.0,35,16,1,4,31,0,2,2
193100,598,1.0,3.0,1.0,29,14,4,3,27,0,1,1
193555,3828,0.0,4.0,0.0,9,6,5,3,7,0,1,1
193820,4173,0.0,2.0,0.0,20,11,5,1,19,0,1,0
194107,1749,0.0,0.0,0.0,6,2,2,1,5,0,1,0
194109,4043,0.0,3.0,0.0,4,2,2,1,3,0,1,0
19446,2899,0.0,5.0,0.0,3,1,1,1,2,0,1,0
194888,4558,0.0,2.0,0.0,3,1,1,1,1,0,2,0
195619,437,0.0,0.0,0.0,3,2,1,2,2,0,1,0
195692,2639,0.0,5.0,0.0,20,8,4,4,19,0,1,0
196021,515,0.0,2.0,0.0,3,1,1,1,2,0,1,0
196061,4976,0.0,0.0,0.0,8,1,1,1,7,0,1,0
196185,4173,0.0,4.0,0.0,2,1,1,2,1,0,1,0
197364,4558,0.0,4.0,0.0,4,2,1,1,3,0,1,0
197569,2721,0.0,5.0,0.0,47,28,1,1,46,0,1,0
197573,1393,0.0,3.0,0.0,27,20,4,2,26,0,1,0
197877,1890,0.0,3.0,0.0,20,1,1,1,19,0,1,0
198201,2608,0.0,2.0,0.0,8,1,1,2,7,0,1,0
19884,4150,0.0,2.0,0.0,4,1,1,2,3,0,1,0
198932,1013,0.0,5.0,0.0,1,1,1,1,0,0,1,0
198944,1437,0.0,6.0,0.0,1,1,1,1,0,0,1,0
199143,4710,0.0,4.0,0.0,4,1,1,1,2,0,2,0
199285,3885,0.0,3.0,1.0,8,2,2,1,6,0,2,0
200050,2217,0.0,3.0,2.0,6,1,1,2,5,0,1,0
200097,2761,1.0,3.0,0.0,15,4,1,2,12,0,2,1
200345,806,0.0,3.0,0.0,18,6,4,2,14,0,4,0
200824,359,0.0,3.0,0.0,38,15,2,2,33,0,5,0
20094,4976,0.0,4.0,0.0,13,10,1,1,12,0,1,0
201552,3205,0.0,6.0,0.0,12,8,2,1,3,0,1,8
202012,1346,1.0,3.0,0.0,6,4,1,2,5,0,1,0
202989,2273,0.0,0.0,0.0,8,4,1,2,7,0,1,0
20304,219,0.0,4.0,0.0,2,1,1,1,0,0,2,0
2035,3411,1.0,3.0,0.0,7,2,1,1,4,0,3,0
203893,523,0.0,5.0,1.0,2,1,1,1,1,0,1,0
203945,3472,1.0,7.0,1.0,12,9,5,2,9,0,2,1
204129,4048,0.0,3.0,0.0,16,3,1,2,13,0,2,1
204253,2403,0.0,4.0,1.0,4,2,1,1,3,0,1,0
204412,3350,0.0,0.0,0.0,6,1,1,1,2,2,2,0
204434,2318,0.0,3.0,1.0,6,4,2,1,5,0,1,0
204705,4840,0.0,3.0,0.0,5,3,2,1,4,0,1,0
204733,3230,0.0,3.0,1.0,13,6,3,3,6,0,1,6
204831,4044,0.0,0.0,0.0,18,7,2,2,13,0,3,2
204988,632,0.0,0.0,0.0,2,1,1,1,1,0,1,0
205148,4527,0.0,3.0,0.0,3,1,1,1,2,0,1,0
205317,2072,0.0,3.0,0.0,14,3,2,1,11,0,1,2
205391,2158,0.0,3.0,1.0,5,5,5,2,0,0,4,1
206383,574,0.0,4.0,1.0,4,2,1,1,3,0,1,0
206960,1102,0.0,4.0,1.0,9,4,1,1,8,0,1,0
207007,588,0.0,4.0,0.0,2,1,1,2,1,0,1,0
20782,4594,1.0,2.0,1.0,5,2,1,4,4,0,1,0
207866,2459,0.0,3.0,0.0,5,2,2,2,4,0,1,0
208586,4062,0.0,4.0,1.0,6,1,1,1,5,0,1,0
208934,2482,0.0,0.0,0.0,4,2,2,2,3,0,1,0
209365,4427,0.0,3.0,0.0,1,1,1,1,0,0,1,0
209380,1964,0.0,5.0,1.0,13,4,3,1,11,0,2,0
209677,1000,0.0,5.0,0.0,2,1,1,1,1,0,1,0
210078,3702,0.0,5.0,0.0,4,2,2,1,3,0,1,0
210120,1833,0.0,6.0,0.0,32,16,4,4,28,0,4,0
210333,4670,0.0,2.0,0.0,1,1,1,1,0,0,1,0
210633,1054,0.0,4.0,0.0,4,2,1,1,3,0,1,0
210786,1708,0.0,2.0,0.0,12,3,1,2,10,0,1,1
211294,1276,0.0,3.0,1.0,12,2,1,2,9,0,1,2
211487,3545,0.0,6.0,0.0,5,3,1,2,3,0,2,0
212229,23,0.0,4.0,0.0,3,1,1,1,2,0,1,0
212338,4444,0.0,4.0,1.0,3,3,2,1,2,0,1,0
213161,4394,0.0,3.0,0.0,2,1,1,2,0,0,1,1
21359,1008,0.0,3.0,1.0,6,1,1,2,5,0,1,0
214631,1816,0.0,0.0,0.0,3,2,1,1,2,0,1,0
214879,4756,0.0,0.0,0.0,3,1,1,1,2,0,1,0
214922,1557,0.0,6.0,1.0,2,1,1,1,1,0,1,0
215237,63,0.0,0.0,0.0,1,1,1,1,0,0,1,0
215342,3484,0.0,3.0,1.0,16,7,2,4,15,0,1,0
215561,2482,0.0,3.0,1.0,2,1,1,1,1,0,1,0
215748,2639,0.0,0.0,0.0,17,9,5,2,13,0,4,0
215774,4322,0.0,2.0,0.0,1,1,1,1,0,0,1,0
215821,2872,0.0,4.0,0.0,13,6,5,3,11,0,1,1
215897,3042,0.0,4.0,1.0,2,1,1,1,1,0,1,0
216360,3018,0.0,2.0,0.0,11,5,5,2,7,0,3,1
216778,2721,0.0,0.0,0.0,1,1,1,1,0,0,1,0
216897,2608,0.0,2.0,0.0,1,1,1,1,0,0,1,0
217027,2587,0.0,0.0,1.0,5,1,1,3,3,0,1,1
217262,2803,0.0,5.0,0.0,1,1,1,1,0,0,1,0
217732,4265,0.0,3.0,0.0,4,3,2,2,3,0,1,0
217903,951,0.0,2.0,0.0,7,3,1,1,6,0,1,0
218783,1923,0.0,4.0,0.0,3,2,2,1,2,0,1,0
218988,3732,0.0,8.0,0.0,1,1,1,1,0,0,1,0
218994,1944,0.0,6.0,0.0,4,1,1,1,3,0,1,0
21920,1285,0.0,4.0,0.0,7,2,1,3,5,0,1,1
219499,3126,0.0,5.0,1.0,6,3,3,1,4,0,2,0
219522,2393,0.0,0.0,0.0,5,1,1,1,4,0,1,0
219810,170,0.0,2.0,1.0,3,1,1,1,2,0,1,0
221436,1186,0.0,0.0,0.0,10,2,1,2,9,0,1,0
221973,1618,0.0,4.0,0.0,23,11,1,1,21,0,2,0
22231,2291,0.0,6.0,0.0,4,1,1,2,3,0,1,0
222498,1840,0.0,0.0,0.0,5,2,1,1,3,0,2,0
223104,3728,0.0,0.0,0.0,9,2,2,1,6,0,3,0
223223,1760,0.0,3.0,1.0,20,7,3,2,18,0,2,0
22340,671,0.0,3.0,0.0,5,1,1,1,4,0,1,0
22341,1892,0.0,3.0,0.0,4,2,2,2,0,0,2,2
22376,1761,0.0,5.0,1.0,15,10,4,2,12,0,3,0
223777,1923,0.0,3.0,1.0,4,1,1,1,3,0,1,0
22384,3578,0.0,5.0,0.0,9,4,2,1,8,0,1,0
2240,2124,0.0,0.0,0.0,5,4,1,1,4,0,1,0
224120,3910,0.0,2.0,1.0,7,1,1,2,5,0,1,1
224224,1667,1.0,5.0,1.0,1,1,1,1,0,0,1,0
224784,3291,0.0,3.0,0.0,4,1,1,1,2,0,2,0
225206,4871,0.0,3.0,1.0,6,2,2,1,5,0,1,0
22539,4789,0.0,3.0,0.0,3,2,2,1,2,0,1,0
226262,1911,0.0,0.0,0.0,2,1,1,1,1,0,1,0
226380,1509,0.0,0.0,0.0,1,1,1,1,0,0,1,0
226454,1437,0.0,3.0,0.0,1,1,1,1,0,0,1,0
227060,2278,0.0,3.0,1.0,3,1,1,1,2,0,1,0
227067,4731,0.0,6.0,0.0,21,6,2,5,20,0,1,0
227277,2856,0.0,0.0,1.0,1,1,1,1,0,0,1,0
22745,1963,0.0,3.0,1.0,16,4,1,3,14,1,1,0
227498,4042,0.0,3.0,0.0,1,1,1,1,0,0,1,0
227500,4197,0.0,0.0,0.0,2,1,1,1,1,0,1,0
227851,4079,0.0,2.0,1.0,3,1,1,1,2,0,1,0
227970,4427,0.0,0.0,0.0,2,1,1,1,1,0,1,0
228310,1833,0.0,4.0,0.0,18,7,3,2,17,0,1,0
228784,2537,0.0,5.0,0.0,15,2,1,6,12,0,1,2
22921,962,0.0,3.0,0.0,2,1,1,1,1,0,1,0
229341,191,0.0,3.0,1.0,6,2,1,1,5,0,1,0
229905,268,1.0,6.0,0.0,11,10,2,1,10,0,1,0
230225,3826,0.0,3.0,0.0,9,1,1,1,8,0,1,0
230518,2138,0.0,0.0,0.0,5,3,3,1,4,0,1,0
230578,4850,0.0,4.0,2.0,2,1,1,1,1,0,1,0
230970,2537,0.0,0.0,0.0,11,5,4,1,7,1,3,0
231242,3075,0.0,3.0,0.0,4,1,1,4,3,0,1,0
231422,63,0.0,3.0,0.0,6,1,1,4,5,0,1,0
232513,2242,0.0,5.0,0.0,10,4,3,2,8,0,2,0
232777,1835,0.0,6.0,0.0,20,11,5,2,19,0,1,0
232788,3205,0.0,4.0,0.0,17,9,1,2,15,0,2,0
232864,4256,0.0,0.0,0.0,9,5,3,1,8,0,1,0
233138,4173,0.0,2.0,0.0,13,6,3,4,11,0,1,1
233813,3850,0.0,4.0,0.0,6,4,2,1,5,0,1,0
234094,1203,0.0,0.0,0.0,5,1,1,3,4,0,1,0
234347,4966,0.0,4.0,1.0,1,1,1,1,0,0,1,0
234781,3029,0.0,2.0,0.0,4,1,1,1,3,0,1,0
235797,26,0.0,3.0,0.0,23,13,4,1,17,0,6,0
235803,3072,0.0,4.0,0.0,4,1,1,1,3,0,1,0
236246,3536,0.0,6.0,0.0,4,1,1,1,3,0,1,0
236446,4191,0.0,2.0,0.0,14,2,1,6,12,0,1,1
236475,1861,0.0,5.0,1.0,18,4,1,1,16,0,2,0
236790,297,1.0,0.0,0.0,3,1,1,1,2,0,1,0
237146,4760,0.0,0.0,0.0,1,1,1,1,0,0,1,0
237340,2036,0.0,0.0,0.0,7,1,1,1,6,0,1,0
237423,2497,0.0,3.0,0.0,24,5,2,1,23,0,1,0
238131,654,0.0,5.0,0.0,6,1,1,1,4,0,2,0
238184,2709,0.0,2.0,0.0,2,2,2,2,1,0,1,0
239074,4287,0.0,0.0,0.0,11,2,2,4,9,0,1,1
23924,3445,0.0,0.0,0.0,4,1,1,2,3,0,1,0
239246,3383,0.0,0.0,1.0,7,4,1,2,6,0,1,0
239376,3578,0.0,6.0,0.0,4,1,1,2,3,0,1,0
23945,129,0.0,0.0,0.0,3,1,1,2,2,0,1,0
240105,145,0.0,3.0,0.0,1,1,1,1,0,0,1,0
240389,2824,0.0,0.0,0.0,7,4,2,1,6,0,1,0
240495,72,0.0,4.0,0.0,3,1,1,1,2,0,1,0
24052,1679,1.0,4.0,2.0,4,3,1,1,3,0,1,0
240547,2954,0.0,0.0,1.0,1,1,1,1,0,0,1,0
240617,361,0.0,3.0,0.0,2,1,1,1,1,0,1,0
242002,1359,0.0,4.0,0.0,2,1,1,1,1,0,1,0
242434,4960,0.0,4.0,0.0,23,9,4,3,19,0,1,3
243547,2273,0.0,5.0,0.0,7,2,1,2,5,0,1,1
24371,259,0.0,3.0,0.0,5,3,1,2,4,0,1,0
243726,3080,0.0,0.0,1.0,1,1,1,1,0,0,1,0
243740,777,0.0,3.0,0.0,33,13,4,3,31,0,1,1
24375,4558,0.0,4.0,1.0,5,1,1,2,4,0,1,0
244353,3472,0.0,2.0,1.0,3,2,1,1,2,0,1,0
244992,1203,0.0,0.0,0.0,22,8,4,3,21,0,1,0
245283,2138,0.0,2.0,0.0,7,5,3,1,6,0,1,0
245635,1102,0.0,3.0,0.0,10,5,4,5,9,0,1,0
245647,1425,0.0,0.0,1.0,5,1,1,2,3,0,1,1
246364,3167,0.0,0.0,0.0,16,1,1,2,15,0,1,0
246824,2136,0.0,2.0,0.0,15,2,1,1,13,0,1,1
246887,1679,0.0,4.0,1.0,10,6,2,1,8,0,2,0
247225,1871,0.0,2.0,0.0,6,1,1,2,4,1,1,0
247579,1916,0.0,7.0,1.0,3,1,1,1,2,0,1,0
247834,4710,0.0,3.0,0.0,9,2,2,2,8,0,1,0
248824,2882,0.0,0.0,1.0,30,5,2,1,28,0,2,0
248952,1056,0.0,0.0,0.0,2,1,1,1,1,0,1,0
249119,1592,0.0,5.0,1.0,5,2,1,1,4,0,1,0
249496,4173,0.0,3.0,0.0,9,6,5,5,3,0,1,5
24960,1056,0.0,5.0,1.0,31,22,12,1,26,0,3,2
249715,4234,0.0,5.0,0.0,10,6,3,1,8,0,2,0
249744,222,0.0,2.0,1.0,7,3,2,1,6,0,1,0
249755,3173,0.0,3.0,1.0,2,1,1,2,1,0,1,0
249794,798,0.0,5.0,0.0,6,2,1,1,5,0,1,0
250176,3323,0.0,3.0,2.0,1,1,1,1,0,0,1,0
250469,3609,0.0,6.0,0.0,18,7,1,3,15,0,1,2
250717,915,0.0,3.0,1.0,8,3,3,1,7,0,1,0
25089,408,0.0,0.0,0.0,3,1,1,1,2,0,1,0
251141,1659,0.0,5.0,0.0,3,2,1,2,2,0,1,0
251197,467,0.0,3.0,1.0,6,1,1,3,5,0,1,0
252266,4536,0.0,3.0,0.0,12,2,1,2,10,0,2,0
252485,1031,0.0,0.0,0.0,5,2,1,2,3,0,1,1
252988,2565,0.0,3.0,0.0,4,1,1,1,2,0,1,1
253211,594,0.0,7.0,0.0,1,1,1,1,0,0,1,0
25347,1704,0.0,4.0,1.0,1,1,1,1,0,0,1,0
253572,4469,0.0,2.0,1.0,23,9,1,2,20,0,1,2
253688,437,0.0,0.0,0.0,32,18,2,7,20,0,1,11
253748,219,0.0,3.0,0.0,3,1,1,1,2,0,1,0
25381,1203,0.0,5.0,1.0,10,7,3,1,8,0,2,0
254671,1340,0.0,6.0,0.0,5,1,1,1,2,0,3,0
254887,14,0.0,4.0,0.0,2,1,1,1,1,0,1,0
255257,951,0.0,3.0,0.0,1,1,1,1,0,0,1,0
255516,4079,0.0,0.0,0.0,14,5,1,1,12,0,2,0
255685,3609,1.0,3.0,1.0,3,1,1,1,2,0,1,0
256575,4044,0.0,3.0,0.0,28,8,2,1,26,0,2,0
25658,2928,1.0,4.0,0.0,9,4,3,1,8,0,1,0
256682,4042,0.0,0.0,0.0,11,1,1,4,8,0,2,1
256711,794,0.0,4.0,0.0,30,12,1,1,29,0,1,0
256773,4926,0.0,4.0,2.0,7,1,1,2,6,0,1,0
256892,606,0.0,0.0,0.0,32,22,5,1,30,0,2,0
257208,4829,0.0,4.0,0.0,2,1,1,1,1,0,1,0
257995,4864,0.0,5.0,0.0,5,2,1,2,4,0,1,0
258030,1049,0.0,2.0,0.0,2,1,1,1,1,0,1,0
259732,2775,0.0,4.0,1.0,3,2,2,1,2,0,1,0
259844,1102,0.0,3.0,0.0,7,3,2,3,5,0,1,1
260296,2583,0.0,5.0,1.0,13,2,1,1,11,0,2,0
260412,323,0.0,6.0,1.0,5,2,1,1,4,0,1,0
26048,1356,0.0,0.0,1.0,8,2,1,1,5,1,1,1
260538,4585,0.0,6.0,1.0,6,2,1,3,5,0,1,0
260823,2981,0.0,0.0,1.0,5,1,1,2,3,0,1,1
261042,3472,1.0,5.0,0.0,2,1,1,1,1,0,1,0
261119,2242,0.0,4.0,0.0,6,3,2,1,4,0,2,0
262697,2613,0.0,5.0,1.0,7,1,1,1,6,0,1,0
262801,2459,0.0,2.0,0.0,3,1,1,1,2,0,1,0
263322,1031,0.0,4.0,0.0,13,4,1,1,11,0,1,1
264971,4942,0.0,2.0,0.0,3,1,1,1,2,0,1,0
265097,2936,0.0,6.0,1.0,10,8,1,1,9,0,1,0
265117,2744,0.0,0.0,0.0,8,4,3,1,6,0,2,0
265556,4605,0.0,3.0,0.0,7,2,2,3,5,0,1,1
26565,2070,0.0,0.0,0.0,12,3,1,1,11,0,1,0
266586,4044,0.0,4.0,0.0,36,24,7,4,34,0,2,0
266930,3370,0.0,2.0,0.0,4,2,1,1,3,0,1,0
267412,3211,0.0,3.0,1.0,7,1,1,1,6,0,1,0
267612,3173,0.0,3.0,1.0,1,1,1,1,0,0,1,0
268062,4316,0.0,0.0,1.0,7,3,2,2,6,0,1,0
268274,4044,0.0,2.0,0.0,28,10,6,1,27,0,1,0
268390,1565,0.0,2.0,0.0,15,3,1,4,14,0,1,0
268592,594,0.0,2.0,0.0,3,1,1,1,2,0,1,0
268593,3623,0.0,5.0,0.0,3,1,1,1,2,0,1,0
269625,66,0.0,5.0,1.0,8,6,2,2,7,0,1,0
26994,2108,0.0,6.0,1.0,5,1,1,1,4,0,1,0
269959,2936,0.0,0.0,0.0,7,5,2,1,6,0,1,0
270785,1618,0.0,4.0,0.0,10,4,3,2,7,0,3,0
270908,2592,0.0,3.0,1.0,5,2,1,1,4,0,1,0
271406,3826,0.0,3.0,1.0,7,2,1,2,6,0,1,0
271521,121,0.0,0.0,1.0,9,4,2,1,8,0,1,0
272530,1268,0.0,3.0,0.0,1,1,1,1,0,0,1,0
27271,2482,0.0,3.0,0.0,7,2,1,2,5,0,2,0
272757,1810,0.0,6.0,0.0,76,35,9,6,71,0,1,4
272918,1031,0.0,3.0,1.0,4,2,1,1,3,0,1,0
273079,2031,0.0,2.0,0.0,14,3,2,5,11,0,1,2
273239,4170,0.0,4.0,0.0,4,2,1,1,3,0,1,0
273360,1495,0.0,6.0,1.0,22,16,2,2,21,0,1,0
273440,4958,0.0,2.0,0.0,3,1,1,1,2,0,1,0
273551,2138,0.0,0.0,1.0,16,12,5,2,1,0,6,9
273627,4170,0.0,6.0,0.0,13,3,1,1,11,0,2,0
275294,4760,0.0,2.0,0.0,4,1,1,1,3,0,1,0
275888,4554,0.0,0.0,1.0,10,5,3,2,9,0,1,0
275998,2031,0.0,3.0,0.0,3,2,1,3,0,1,1,1
276077,4026,1.0,6.0,0.0,9,5,3,2,7,0,2,0
276108,2926,0.0,4.0,1.0,19,6,3,4,18,0,1,0
276893,1581,0.0,2.0,0.0,151,14,1,1,141,0,7,3
27701,1514,0.0,4.0,0.0,2,1,1,1,1,0,1,0
277037,4474,0.0,3.0,1.0,1,1,1,1,0,0,1,0
277043,4173,0.0,4.0,0.0,128,35,10,14,125,0,1,2
277136,168,0.0,6.0,0.0,4,4,3,2,3,0,1,0
277474,1888,0.0,5.0,0.0,4,1,1,3,2,0,1,1
277772,2031,1.0,2.0,1.0,13,3,1,3,11,0,2,0
277805,1031,0.0,0.0,0.0,5,3,1,1,4,0,1,0
277829,4558,0.0,0.0,0.0,8,2,1,1,4,0,4,0
278549,1884,0.0,6.0,0.0,14,3,1,3,12,0,1,1
279103,879,0.0,2.0,1.0,4,1,1,1,3,0,1,0
279829,2497,0.0,0.0,1.0,10,3,1,1,9,0,1,0
279848,1964,0.0,4.0,0.0,5,3,3,1,4,0,1,0
28003,2721,0.0,4.0,0.0,4,2,1,2,3,0,1,0
280074,1892,0.0,4.0,1.0,13,3,2,1,11,0,2,0
280407,1840,0.0,5.0,0.0,4,1,1,1,3,0,1,0
280941,1466,1.0,4.0,0.0,8,2,2,1,6,0,2,0
281309,1284,0.0,2.0,0.0,5,2,1,3,4,0,1,0
281633,13,1.0,2.0,1.0,11,4,1,1,7,0,4,0
281733,3288,0.0,3.0,0.0,8,1,1,2,6,0,2,0
281917,200,0.0,3.0,0.0,1,1,1,1,0,0,1,0
282138,4270,0.0,4.0,0.0,4,2,2,1,2,0,2,0
282496,2032,0.0,3.0,1.0,19,13,1,1,18,0,1,0
282629,467,0.0,3.0,0.0,1,1,1,1,0,0,1,0
283221,2709,0.0,0.0,0.0,2,2,2,1,0,0,2,0
283361,2821,0.0,5.0,0.0,1,1,1,1,0,0,1,0
283367,806,0.0,3.0,0.0,11,7,4,3,9,0,2,0
283539,2668,1.0,3.0,0.0,3,1,1,1,2,0,1,0
283550,598,0.0,2.0,0.0,2,1,1,1,1,0,1,0
283628,3263,0.0,3.0,0.0,2,1,1,1,1,0,1,0
283979,145,0.0,3.0,0.0,11,2,1,3,9,0,1,1
284014,1719,0.0,2.0,0.0,2,1,1,1,1,0,1,0
28415,3624,0.0,5.0,0.0,8,3,1,4,7,0,1,0
284600,586,0.0,4.0,1.0,6,5,4,1,5,0,1,0
284624,1013,0.0,6.0,0.0,11,2,1,1,10,0,1,0
284856,2318,0.0,2.0,0.0,2,1,1,1,1,0,1,0
285402,3578,0.0,0.0,1.0,3,1,1,1,2,0,1,0
28583,4765,0.0,4.0,0.0,10,2,1,4,8,0,1,1
28632,4728,0.0,3.0,1.0,1,1,1,1,0,0,1,0
286391,1890,0.0,3.0,0.0,8,3,2,2,7,0,1,0
286628,1178,0.0,6.0,0.0,9,1,1,1,7,0,1,1
286701,1647,0.0,7.0,0.0,3,1,1,1,2,0,1,0
286848,1415,0.0,2.0,0.0,20,4,1,7,16,0,1,3
28690,3484,0.0,6.0,2.0,13,7,2,4,10,0,2,1
28712,1115,0.0,2.0,1.0,4,1,1,1,3,0,1,0
287176,4850,0.0,4.0,0.0,12,7,4,2,9,0,3,0
287274,1679,0.0,3.0,1.0,3,3,2,2,2,0,1,0
287316,3004,0.0,4.0,0.0,20,1,1,5,16,0,1,3
287639,503,0.0,5.0,0.0,45,5,2,9,43,0,2,0
287659,317,0.0,0.0,0.0,5,1,1,1,4,0,1,0
287737,1966,0.0,4.0,0.0,1,1,1,1,0,0,1,0
288454,314,0.0,4.0,1.0,8,3,2,2,7,0,1,0
288733,4605,0.0,3.0,0.0,4,2,2,1,3,0,1,0
288982,415,0.0,0.0,0.0,3,2,1,1,2,0,1,0
289238,2162,0.0,3.0,1.0,4,2,1,2,2,0,1,1
289357,3016,0.0,4.0,1.0,49,19,6,3,44,0,5,0
289807,2537,0.0,5.0,0.0,1,1,1,1,0,0,1,0
291115,372,0.0,3.0,1.0,11,1,1,2,10,0,1,0
291404,4829,0.0,0.0,0.0,10,1,1,2,9,0,1,0
291622,3637,0.0,0.0,2.0,11,2,1,3,9,0,1,1
291831,2328,0.0,3.0,1.0,4,1,1,1,3,0,1,0
292120,1738,0.0,4.0,0.0,6,4,2,3,4,0,1,1
292475,1332,0.0,5.0,1.0,41,8,2,6,37,0,1,3
292756,4950,0.0,4.0,0.0,6,5,4,2,0,0,1,5
29332,2810,0.0,3.0,0.0,2,1,1,1,1,0,1,0
293340,2856,0.0,7.0,0.0,4,1,1,1,3,0,1,0
294097,1640,0.0,8.0,1.0,8,4,3,2,7,0,1,0
294328,3370,0.0,3.0,0.0,4,1,1,1,3,0,1,0
294974,671,0.0,3.0,0.0,24,12,6,3,23,0,1,0
295154,4427,0.0,3.0,1.0,4,2,2,1,1,0,3,0
295207,2592,0.0,2.0,1.0,40,17,7,7,38,0,1,1
295664,2360,0.0,0.0,1.0,3,1,1,1,2,0,1,0
295713,361,0.0,4.0,0.0,6,3,2,3,4,0,1,1
29585,1102,0.0,3.0,0.0,36,6,2,2,35,0,1,0
295997,4847,0.0,5.0,0.0,2,1,1,2,1,0,1,0
29602,4976,0.0,2.0,1.0,6,2,2,1,4,0,2,0
296316,1379,0.0,4.0,0.0,9,2,2,1,7,0,2,0
296489,1102,0.0,3.0,0.0,19,12,6,6,18,0,1,0
296769,4086,0.0,3.0,0.0,8,4,3,1,5,0,3,0
296974,2639,0.0,0.0,0.0,39,22,7,2,36,0,3,0
297607,4724,0.0,2.0,0.0,5,2,1,1,3,0,2,0
297665,2099,0.0,3.0,1.0,4,1,1,1,3,0,1,0
297753,2664,0.0,3.0,0.0,8,7,2,1,7,0,1,0
297998,4768,0.0,0.0,0.0,12,8,1,3,11,0,1,0
298017,3055,0.0,2.0,1.0,8,1,1,1,7,0,1,0
298058,684,1.0,6.0,0.0,4,1,1,1,2,0,2,0
298197,256,1.0,7.0,0.0,6,1,1,2,5,0,1,0
298273,1740,0.0,2.0,0.0,2,1,1,1,1,0,1,0
298678,1841,0.0,3.0,0.0,19,8,6,4,16,0,1,2
298905,2294,0.0,4.0,0.0,8,1,1,2,6,0,1,1
299380,2905,0.0,null,null,4,1,1,1,2,1,1,0
299501,4079,0.0,5.0,0.0,7,3,2,1,4,0,3,0
299884,3912,0.0,5.0,2.0,5,2,1,1,4,0,1,0
300258,2273,0.0,0.0,0.0,1,1,1,1,0,0,1,0
300579,1840,0.0,4.0,1.0,12,4,1,3,9,0,2,1
30121,1884,0.0,3.0,1.0,10,3,1,1,9,0,1,0
30156,310,0.0,2.0,0.0,5,1,1,3,4,0,1,0
301596,3323,0.0,4.0,0.0,24,8,1,2,23,0,1,0
302051,1393,0.0,0.0,0.0,3,3,3,1,0,0,3,0
302388,2140,0.0,4.0,0.0,19,10,1,1,18,0,1,0
302814,2523,0.0,0.0,0.0,1,1,1,1,0,0,1,0
303225,3665,0.0,0.0,1.0,12,6,2,1,11,0,1,0
303296,3350,0.0,4.0,null,4,1,1,1,3,0,1,0
303466,3205,0.0,0.0,0.0,1,1,1,1,0,0,1,0
30373,1272,0.0,3.0,0.0,7,3,1,1,6,0,1,0
30417,3614,0.0,5.0,0.0,2,1,1,1,1,0,1,0
30467,1081,0.0,4.0,1.0,3,1,1,1,2,0,1,0
30469,2465,0.0,3.0,1.0,5,1,1,1,4,0,1,0
30477,1679,0.0,4.0,0.0,9,6,2,1,7,0,2,0
305641,3742,0.0,3.0,0.0,8,2,1,2,6,0,1,1
30637,4267,0.0,0.0,0.0,59,22,7,2,56,0,3,0
306627,3635,0.0,0.0,0.0,9,2,1,1,8,0,1,0
306695,1487,0.0,0.0,0.0,11,2,1,1,10,0,1,0
306784,1284,0.0,2.0,0.0,6,1,1,1,5,0,1,0
307072,4336,0.0,3.0,1.0,1,1,1,1,0,0,1,0
307660,2876,0.0,6.0,0.0,2,1,1,1,1,0,1,0
30772,4864,0.0,6.0,1.0,1,1,1,1,0,0,1,0
308712,1742,0.0,4.0,1.0,6,4,1,1,5,0,1,0
308759,415,0.0,6.0,0.0,2,1,1,1,1,0,1,0
309042,2051,0.0,0.0,1.0,9,2,1,2,7,0,1,1
309115,323,0.0,5.0,0.0,4,1,1,1,3,0,1,0
30936,4042,0.0,4.0,1.0,10,3,2,2,9,0,1,0
309737,2821,0.0,4.0,0.0,2,1,1,2,1,0,1,0
310060,718,0.0,8.0,0.0,14,4,1,1,12,0,2,0
310599,598,0.0,4.0,1.0,6,2,1,1,5,0,1,0
310688,586,0.0,4.0,0.0,10,5,1,2,8,0,2,0
311086,412,0.0,3.0,0.0,36,13,4,4,33,0,3,0
311564,2403,0.0,4.0,0.0,1,1,1,1,0,0,1,0
312024,2136,0.0,5.0,1.0,2,1,1,1,1,0,1,0
312422,10,0.0,4.0,0.0,7,1,1,1,6,0,1,0
312925,141,0.0,2.0,0.0,4,3,2,2,1,0,1,2
313104,4944,0.0,5.0,0.0,6,1,1,1,3,0,3,0
313493,2482,1.0,3.0,0.0,4,1,1,2,2,0,1,1
313879,3619,0.0,6.0,0.0,9,4,2,2,8,0,1,0
313898,3635,0.0,6.0,1.0,27,4,2,7,24,0,2,1
31391,2654,0.0,3.0,0.0,8,4,2,2,7,0,1,0
314037,293,0.0,6.0,0.0,13,2,1,3,10,0,1,2
314647,2217,0.0,5.0,0.0,2,1,1,1,1,0,1,0
315129,3080,0.0,4.0,1.0,3,2,2,1,2,0,1,0
315214,4131,0.0,2.0,0.0,7,2,1,1,6,0,1,0
315613,10,0.0,4.0,1.0,5,3,2,1,4,0,1,0
315698,700,0.0,3.0,1.0,7,1,1,1,5,1,1,0
315857,3766,0.0,3.0,1.0,4,3,2,2,3,0,1,0
316008,2393,0.0,3.0,1.0,9,2,2,2,8,0,1,0
316129,3383,0.0,2.0,0.0,10,1,1,2,8,0,1,1
31618,3689,0.0,3.0,0.0,25,10,4,3,23,0,2,0
31628,4234,0.0,6.0,0.0,9,4,1,1,8,0,1,0
316733,2242,0.0,7.0,0.0,1,1,1,1,0,0,1,0
316803,2397,0.0,3.0,2.0,1,1,1,1,0,0,1,0
317004,2537,0.0,6.0,0.0,12,9,4,2,6,1,5,0
31707,2952,0.0,2.0,0.0,3,1,1,1,2,0,1,0
317220,1713,0.0,0.0,0.0,3,3,2,2,0,0,2,1
317612,946,0.0,0.0,0.0,23,6,2,3,20,0,1,2
317985,1559,0.0,5.0,1.0,115,30,10,5,108,0,3,4
318028,4976,0.0,6.0,0.0,46,16,4,6,41,0,1,4
318044,2653,0.0,0.0,0.0,12,3,1,2,10,0,2,0
318562,1145,0.0,0.0,0.0,1,1,1,1,0,0,1,0
319035,4385,0.0,0.0,1.0,16,6,2,2,13,1,1,1
31909,4919,1.0,3.0,0.0,2,1,1,1,1,0,1,0
319352,2031,0.0,6.0,1.0,10,3,1,3,9,0,1,0
319547,3549,0.0,0.0,1.0,5,1,1,1,4,0,1,0
319720,1618,0.0,3.0,1.0,6,1,1,2,5,0,1,0
319963,1854,0.0,0.0,0.0,2,1,1,1,1,0,1,0
32054,373,0.0,5.0,0.0,34,17,6,2,29,0,2,3
320899,3854,0.0,0.0,0.0,5,1,1,1,4,0,1,0
320991,1514,0.0,0.0,1.0,1,1,1,1,0,0,1,0
321039,1939,0.0,0.0,0.0,6,1,1,1,5,0,1,0
321757,2698,0.0,4.0,0.0,20,9,2,2,19,0,1,0
32213,1203,0.0,4.0,0.0,7,2,2,2,5,0,2,0
322208,4992,0.0,4.0,0.0,3,1,1,2,1,0,1,1
322444,2790,0.0,4.0,0.0,9,2,1,5,8,0,1,0
322614,66,0.0,0.0,0.0,3,1,1,2,2,0,1,0
322649,977,0.0,0.0,0.0,9,5,1,1,8,0,1,0
322767,1509,0.0,6.0,0.0,2,1,1,1,1,0,1,0
323023,2026,0.0,3.0,1.0,20,15,6,1,19,0,1,0
323089,976,0.0,0.0,0.0,3,1,1,1,2,0,1,0
324023,2810,1.0,3.0,0.0,20,7,2,3,17,0,2,1
324136,4465,0.0,2.0,0.0,46,15,1,4,37,0,5,4
324505,3472,0.0,2.0,1.0,1,1,1,1,0,0,1,0
324772,4465,0.0,2.0,1.0,7,2,1,1,6,0,1,0
325600,1359,0.0,2.0,1.0,5,2,2,2,3,0,1,1
326122,3022,0.0,6.0,0.0,9,5,1,2,7,0,1,1
326130,2765,0.0,3.0,0.0,3,1,1,1,2,0,1,0
326820,1487,0.0,null,null,11,3,1,2,10,0,1,0
327436,3910,0.0,3.0,0.0,4,1,1,1,3,0,1,0
327696,1738,0.0,0.0,0.0,2,1,1,2,1,0,1,0
327714,4536,0.0,3.0,0.0,5,1,1,1,3,0,2,0
327846,1487,0.0,0.0,0.0,5,1,1,1,4,0,1,0
328738,3005,0.0,6.0,0.0,2,1,1,1,1,0,1,0
328823,4346,0.0,0.0,1.0,10,4,1,3,9,0,1,0
329150,4976,0.0,5.0,0.0,6,2,2,2,5,0,1,0
329276,4818,0.0,4.0,1.0,4,1,1,1,3,0,1,0
329604,4658,0.0,4.0,1.0,3,2,1,1,2,0,1,0
329626,2709,0.0,3.0,0.0,4,1,1,1,3,0,1,0
329675,4044,0.0,3.0,0.0,2,1,1,1,1,0,1,0
329741,1692,0.0,4.0,0.0,4,1,1,1,3,0,1,0
329751,3529,0.0,5.0,0.0,7,3,2,1,6,0,1,0
329890,3163,0.0,0.0,1.0,5,1,1,1,2,0,3,0
330478,4750,0.0,4.0,0.0,3,2,1,1,2,0,1,0
330559,4783,0.0,5.0,0.0,4,1,1,2,3,0,1,0
330594,2828,0.0,0.0,0.0,1,1,1,1,0,0,1,0
330747,742,1.0,2.0,null,9,3,2,2,7,0,1,1
330766,2821,0.0,4.0,0.0,5,1,1,1,4,0,1,0
330988,606,0.0,3.0,0.0,1,1,1,1,0,0,1,0
330989,1968,0.0,2.0,0.0,2,1,1,1,1,0,1,0
331342,2565,0.0,5.0,0.0,10,5,1,4,8,0,1,1
331345,598,0.0,3.0,0.0,35,5,1,4,34,0,1,0
33139,729,0.0,0.0,1.0,5,1,1,2,4,0,1,0
33144,3828,0.0,3.0,1.0,24,12,7,2,21,0,2,1
331547,1719,0.0,0.0,0.0,2,1,1,1,1,0,1,0
331631,2445,0.0,4.0,0.0,4,1,1,1,3,0,1,0
331718,3979,0.0,3.0,0.0,3,1,1,2,1,0,1,1
332537,2668,0.0,2.0,0.0,6,1,1,3,5,0,1,0
332959,1102,0.0,6.0,0.0,50,27,9,9,47,0,3,0
333249,1683,0.0,6.0,1.0,4,1,1,3,3,0,1,0
333419,4926,0.0,0.0,0.0,1,1,1,1,0,0,1,0
33346,310,0.0,3.0,0.0,2,1,1,2,1,0,1,0
333686,1076,0.0,5.0,0.0,2,1,1,1,1,0,1,0
333848,1678,0.0,4.0,0.0,2,1,1,1,1,0,1,0
333861,4079,0.0,0.0,0.0,2,1,1,1,1,0,1,0
334206,3469,0.0,3.0,0.0,16,2,1,8,15,0,1,0
334304,3929,0.0,6.0,1.0,4,2,1,2,3,0,1,0
334764,4079,0.0,0.0,0.0,7,5,1,1,6,0,1,0
334837,3170,0.0,3.0,2.0,3,2,1,2,2,0,1,0
334900,606,0.0,0.0,1.0,9,5,4,2,7,1,1,0
335078,1393,0.0,5.0,0.0,57,4,3,2,51,0,3,3
335105,794,0.0,0.0,0.0,10,4,1,1,9,0,1,0
335155,3839,0.0,6.0,0.0,37,14,2,7,34,0,2,1
335525,4196,0.0,2.0,0.0,3,1,1,1,2,0,1,0
335549,390,0.0,4.0,0.0,5,2,2,3,3,0,1,1
33569,4950,0.0,4.0,1.0,14,6,5,6,11,0,2,1
335741,1443,0.0,2.0,1.0,2,1,1,2,1,0,1,0
336048,3170,0.0,3.0,0.0,11,2,2,2,7,0,4,0
336084,2592,0.0,3.0,0.0,7,1,1,1,6,0,1,0
336318,4044,0.0,6.0,0.0,9,1,1,1,8,0,1,0
336397,1551,0.0,5.0,1.0,9,3,1,3,7,0,1,1
336521,1356,0.0,6.0,0.0,3,1,1,2,1,0,1,1
33665,2031,0.0,4.0,1.0,13,3,1,3,11,0,1,1
336661,1557,0.0,5.0,1.0,4,1,1,1,3,0,1,0
336708,4648,0.0,4.0,0.0,7,4,3,1,6,0,1,0
336879,1090,0.0,6.0,0.0,2,1,1,2,1,0,1,0
337075,4705,0.0,2.0,0.0,7,3,3,2,6,0,1,0
337165,1102,0.0,0.0,0.0,6,2,1,1,5,0,1,0
338193,1056,0.0,4.0,0.0,10,3,3,5,9,0,1,0
338694,1487,0.0,6.0,1.0,3,1,1,2,2,0,1,0
338942,2639,0.0,3.0,0.0,8,6,5,2,6,0,2,0
339517,4775,1.0,6.0,0.0,45,21,4,11,44,0,1,0
339599,1495,0.0,5.0,0.0,4,1,1,1,3,0,1,0
340128,962,1.0,4.0,0.0,23,16,7,5,21,0,2,0
341535,4450,0.0,4.0,1.0,7,4,1,1,5,0,2,0
341680,1890,0.0,3.0,0.0,7,4,2,2,6,0,1,0
34173,4371,0.0,0.0,0.0,4,2,1,1,2,0,2,0
342013,1999,0.0,5.0,0.0,3,1,1,1,1,0,1,1
342136,3578,0.0,3.0,0.0,7,2,1,1,4,0,1,2
342152,547,0.0,4.0,1.0,3,1,1,2,2,0,1,0
342152,66,0.0,4.0,1.0,4,1,1,2,3,0,1,0
342166,4385,0.0,0.0,0.0,4,2,1,1,3,0,1,0
342178,3335,0.0,3.0,0.0,13,5,1,1,12,0,1,0
342219,2242,0.0,3.0,0.0,5,3,2,1,3,0,2,0
342376,4775,0.0,2.0,0.0,13,4,1,4,12,0,1,0
342722,2097,0.0,3.0,0.0,8,3,1,2,7,0,1,0
342738,4976,0.0,3.0,0.0,53,31,7,8,47,0,1,5
342766,415,0.0,5.0,0.0,6,2,1,1,5,0,1,0
343,22,0.0,3.0,1.0,4,1,1,1,3,0,1,0
343381,3578,0.0,6.0,0.0,19,12,2,2,17,0,1,1
343456,4976,0.0,5.0,0.0,14,3,2,2,8,0,3,3
343879,4076,0.0,5.0,0.0,5,1,1,2,3,0,1,1
343894,4871,1.0,3.0,1.0,6,3,2,2,3,0,3,0
344240,742,0.0,0.0,0.0,2,1,1,1,1,0,1,0
344421,3476,0.0,4.0,0.0,7,6,5,3,4,0,2,1
344887,586,0.0,4.0,0.0,28,15,2,2,27,0,1,0
344942,4926,1.0,4.0,0.0,6,4,4,1,5,0,1,0
34504,2126,0.0,4.0,0.0,4,1,1,1,3,0,1,0
34514,3274,0.0,5.0,0.0,12,2,2,1,6,0,6,0
345188,3080,0.0,2.0,1.0,4,1,1,1,3,0,1,0
345717,145,0.0,2.0,0.0,5,2,1,1,4,0,1,0
345762,4469,0.0,0.0,0.0,10,3,2,2,8,0,1,1
345933,2864,0.0,2.0,1.0,3,1,1,1,2,0,1,0
345945,4131,0.0,6.0,1.0,4,1,1,3,3,0,1,0
346831,3702,0.0,4.0,0.0,5,1,1,2,4,0,1,0
346940,1892,0.0,0.0,0.0,2,1,1,1,1,0,1,0
3472,1141,0.0,6.0,1.0,7,1,1,1,6,0,1,0
347981,2161,0.0,0.0,0.0,6,1,1,1,4,0,1,1
348061,3545,0.0,3.0,0.0,4,1,1,1,3,0,1,0
348215,4871,1.0,4.0,0.0,2,1,1,1,1,0,1,0
348226,4221,0.0,3.0,0.0,18,8,4,1,15,0,3,0
348278,552,0.0,0.0,0.0,2,1,1,1,1,0,1,0
348497,2876,0.0,0.0,0.0,6,1,2,1,3,1,1,1
348528,2810,0.0,3.0,1.0,1,1,1,1,0,0,1,0
348618,4249,0.0,2.0,1.0,3,1,1,1,2,0,1,0
34873,1875,0.0,5.0,0.0,12,9,6,2,10,0,2,0
349044,2403,0.0,0.0,0.0,19,3,1,4,18,0,1,0
349219,3828,0.0,4.0,0.0,14,8,5,3,11,0,1,2
349269,2775,0.0,3.0,0.0,10,5,4,1,8,0,2,0
34971,1780,0.0,6.0,1.0,1,1,1,1,0,0,1,0
349872,4322,0.0,3.0,1.0,2,1,1,1,1,0,1,0
35008,1839,0.0,2.0,0.0,2,1,1,1,1,0,1,0
350572,4427,0.0,0.0,1.0,5,1,1,3,4,0,1,0
350675,797,0.0,0.0,0.0,7,2,1,1,5,0,2,0
351033,317,0.0,4.0,2.0,5,1,1,1,4,0,1,0
3512,133,0.0,5.0,0.0,9,4,1,2,8,0,1,0
351502,1283,0.0,4.0,1.0,1,1,1,1,0,0,1,0
352273,3420,0.0,4.0,0.0,10,5,2,4,8,0,1,1
352345,1399,0.0,2.0,1.0,20,8,1,3,17,0,1,2
352417,3734,0.0,6.0,0.0,28,14,3,2,26,0,1,1
352438,241,0.0,4.0,1.0,6,1,1,1,5,0,1,0
352862,2566,0.0,2.0,0.0,6,3,2,2,5,0,1,0
352946,598,0.0,3.0,1.0,19,6,2,5,16,0,1,2
353099,586,0.0,3.0,0.0,29,16,7,1,28,0,1,0
353307,1415,0.0,0.0,0.0,1,1,1,1,0,0,1,0
353550,4993,0.0,0.0,0.0,42,12,1,6,40,0,2,0
354192,4234,0.0,5.0,0.0,5,1,1,1,4,0,1,0
354721,2273,0.0,4.0,1.0,10,2,1,3,8,0,1,1
35492,1719,1.0,3.0,1.0,4,2,1,1,3,0,1,0
3551,3683,0.0,3.0,0.0,3,1,1,2,2,0,1,0
355729,4044,0.0,3.0,0.0,25,10,2,5,22,0,1,2
356084,2320,0.0,0.0,0.0,5,2,1,2,4,0,1,0
356853,1825,0.0,5.0,0.0,4,1,1,1,3,0,1,0
35687,742,0.0,5.0,0.0,5,1,1,2,4,0,1,0
356878,4658,0.0,6.0,0.0,2,1,1,1,1,0,1,0
356923,4322,0.0,4.0,1.0,3,2,1,1,2,0,1,0
357764,1884,0.0,3.0,1.0,4,1,1,2,3,0,1,0
357895,4325,0.0,4.0,2.0,6,2,1,1,5,0,1,0
358201,3828,0.0,3.0,0.0,4,1,1,3,3,0,1,0
358431,1884,0.0,6.0,1.0,7,2,3,1,5,1,1,0
358653,4472,0.0,3.0,0.0,2,1,1,1,1,0,1,0
358846,4762,0.0,3.0,0.0,4,2,1,1,3,0,1,0
359125,4305,1.0,3.0,0.0,16,6,3,2,13,0,1,2
359161,2620,0.0,2.0,0.0,4,1,1,1,3,0,1,0
359456,4044,0.0,4.0,0.0,32,16,5,4,31,0,1,0
359798,2318,0.0,6.0,0.0,2,2,1,1,1,0,1,0
359911,3629,0.0,4.0,1.0,2,1,1,1,1,0,1,0
359992,3462,0.0,3.0,1.0,2,1,1,2,0,0,1,1
360081,1250,0.0,5.0,0.0,41,17,1,7,38,0,1,2
360268,1427,0.0,2.0,0.0,3,1,1,1,2,0,1,0
360328,3513,0.0,3.0,0.0,6,1,1,1,5,0,1,0
360551,276,0.0,0.0,1.0,7,1,1,2,5,0,1,1
360566,3211,0.0,0.0,0.0,4,1,1,1,3,0,1,0
360698,3954,0.0,3.0,0.0,4,2,1,2,3,0,1,0
361772,2093,0.0,4.0,1.0,10,4,2,1,9,0,1,0
362473,423,0.0,5.0,0.0,1,1,1,1,0,0,1,0
362718,3501,0.0,3.0,0.0,6,1,1,1,5,0,1,0
362790,3734,0.0,3.0,1.0,4,2,2,1,3,0,1,0
36281,398,0.0,3.0,1.0,1,1,1,1,0,0,1,0
36331,4186,0.0,3.0,0.0,8,2,1,1,7,0,1,0
363463,2928,0.0,4.0,1.0,14,4,1,1,13,0,1,0
364163,4316,0.0,0.0,1.0,8,2,1,3,6,0,1,1
364371,3878,0.0,3.0,0.0,18,3,2,5,16,0,1,1
364835,241,0.0,3.0,1.0,7,4,1,1,4,0,3,0
364921,2447,0.0,5.0,0.0,7,5,1,1,6,0,1,0
365118,2913,0.0,3.0,0.0,1,1,1,1,0,0,1,0
36518,1437,0.0,3.0,0.0,3,2,1,1,2,0,1,0
366607,2915,0.0,2.0,0.0,27,12,4,1,24,0,3,0
367616,4525,0.0,5.0,0.0,4,2,1,1,3,0,1,0
367698,1861,0.0,0.0,0.0,5,1,1,1,2,0,3,0
368045,2173,0.0,0.0,0.0,9,1,1,4,8,0,1,0
368312,685,0.0,0.0,1.0,2,1,1,1,1,0,1,0
369091,3350,0.0,3.0,0.0,2,1,1,1,1,0,1,0
369177,2664,0.0,0.0,2.0,29,16,5,6,26,0,3,0
36926,4708,0.0,4.0,2.0,4,2,1,2,3,0,1,0
369267,4519,0.0,0.0,1.0,2,1,1,1,1,0,1,0
369787,1356,0.0,4.0,0.0,5,1,1,2,4,0,1,0
369974,915,0.0,3.0,1.0,7,2,1,1,6,0,1,0
370247,191,0.0,4.0,0.0,14,13,7,1,13,0,1,0
370557,3965,0.0,3.0,0.0,43,12,2,1,33,0,10,0
370664,1833,0.0,5.0,0.0,11,5,1,3,10,0,1,0
370700,900,0.0,4.0,0.0,7,1,1,1,5,0,2,0
37103,2954,0.0,3.0,0.0,6,3,2,1,5,0,1,0
371576,1875,0.0,6.0,0.0,100,62,11,9,99,0,1,0
372449,320,0.0,4.0,1.0,8,5,3,1,7,0,1,0
372636,2900,0.0,0.0,0.0,4,1,1,2,3,0,1,0
372834,3828,0.0,6.0,0.0,18,3,2,7,17,0,1,0
373050,1050,0.0,2.0,0.0,1,1,1,1,0,0,1,0
373723,2128,0.0,3.0,1.0,6,3,3,1,5,0,1,0
373865,323,1.0,7.0,1.0,5,2,1,1,4,0,1,0
373885,818,1.0,5.0,1.0,14,3,1,3,11,0,1,2
373966,1017,0.0,0.0,0.0,8,1,1,2,7,0,1,0
374030,1742,0.0,0.0,2.0,5,3,1,1,0,0,2,3
374158,4847,1.0,4.0,1.0,1,1,1,1,0,0,1,0
374317,1514,0.0,0.0,0.0,4,2,1,1,3,0,1,0
374345,1821,0.0,0.0,0.0,7,4,1,2,3,0,4,0
37449,1494,0.0,6.0,0.0,5,2,1,1,3,0,2,0
375089,2832,0.0,0.0,0.0,5,2,1,1,4,0,1,0
375148,4616,0.0,4.0,0.0,6,2,2,2,5,0,1,0
375167,3171,0.0,6.0,1.0,17,5,1,4,16,0,1,0
37532,4173,0.0,0.0,0.0,18,5,3,1,15,2,1,0
37566,1708,0.0,0.0,0.0,2,1,1,1,1,0,1,0
375756,3006,0.0,3.0,1.0,1,1,1,1,0,0,1,0
37611,2167,1.0,5.0,0.0,4,2,1,3,3,0,1,0
376471,4044,0.0,0.0,0.0,7,1,1,2,6,0,1,0
376794,1502,0.0,3.0,0.0,8,2,1,3,7,0,1,0
376918,2645,0.0,0.0,0.0,4,1,1,1,3,0,1,0
376926,3851,0.0,2.0,0.0,7,3,3,4,6,0,1,0
37704,1051,0.0,0.0,0.0,5,2,1,1,4,0,1,0
377177,3152,0.0,4.0,2.0,4,1,1,1,3,0,1,0
377619,4829,0.0,0.0,0.0,9,1,1,2,8,0,1,0
377769,4043,0.0,2.0,0.0,37,14,5,5,34,0,3,0
378482,4170,0.0,0.0,0.0,11,3,1,3,9,0,2,0
379372,778,0.0,3.0,1.0,1,1,1,1,0,0,1,0
379442,3528,0.0,2.0,0.0,38,7,2,3,36,0,1,1
379510,594,0.0,0.0,0.0,4,1,1,2,3,0,1,0
379885,2149,0.0,4.0,0.0,11,1,1,3,10,0,1,0
38080,3609,0.0,2.0,0.0,20,8,1,1,18,0,2,0
380912,4265,0.0,4.0,0.0,40,29,12,1,39,0,1,0
38097,2108,0.0,2.0,1.0,19,4,2,1,17,0,2,0
38125,598,0.0,2.0,1.0,7,1,1,2,5,0,1,1
381305,1512,0.0,5.0,0.0,6,3,1,1,3,0,3,0
381620,2312,0.0,0.0,1.0,28,9,1,1,27,0,1,0
381798,2669,0.0,2.0,0.0,15,4,3,5,14,0,1,0
382101,4173,0.0,0.0,0.0,39,24,6,2,37,0,2,0
382579,812,0.0,4.0,1.0,35,4,1,1,29,0,6,0
382592,4170,0.0,4.0,0.0,2,1,1,1,0,0,2,0
382627,2173,0.0,4.0,1.0,2,1,1,2,1,0,1,0
38275,1704,0.0,6.0,1.0,26,13,2,3,25,0,1,0
382876,4542,0.0,6.0,0.0,12,2,2,2,9,0,1,2
383244,1840,0.0,4.0,2.0,3,1,1,1,2,0,1,0
383743,1816,0.0,3.0,0.0,6,1,1,2,5,0,1,0
383757,1346,1.0,6.0,0.0,7,2,1,3,4,0,1,2
384077,3350,0.0,3.0,1.0,2,1,1,1,1,0,1,0
384112,4950,0.0,5.0,0.0,1,1,1,1,0,0,1,0
384238,4339,0.0,4.0,0.0,17,6,2,1,13,0,4,0
384461,1703,0.0,0.0,0.0,4,2,2,2,3,0,1,0
384778,2537,1.0,2.0,1.0,1,1,1,1,0,0,1,0
385167,4847,0.0,4.0,2.0,99,57,10,4,97,0,2,0
385185,2916,0.0,4.0,0.0,3,1,1,1,2,0,1,0
385864,3566,0.0,4.0,0.0,2,1,1,1,1,0,1,0
385983,756,0.0,3.0,1.0,3,1,1,1,2,0,1,0
386044,357,0.0,5.0,0.0,19,10,6,1,17,0,2,0
386045,361,1.0,0.0,0.0,6,5,3,1,5,0,1,0
386408,3734,0.0,5.0,1.0,11,3,2,2,8,2,1,0
3874,4771,0.0,6.0,0.0,3,1,1,1,2,0,1,0
387782,1884,0.0,4.0,1.0,16,9,2,1,15,0,1,0
387945,4091,0.0,5.0,0.0,3,1,1,1,2,0,1,0
388003,2786,0.0,3.0,1.0,3,1,1,1,2,0,1,0
38849,3420,0.0,0.0,1.0,6,1,1,2,4,0,1,1
388657,3623,0.0,5.0,0.0,5,2,1,1,4,0,1,0
388909,4940,0.0,2.0,1.0,19,2,1,2,17,0,1,1
38903,4349,0.0,6.0,1.0,13,4,1,2,11,0,2,0
389166,1203,0.0,6.0,0.0,11,3,2,3,10,0,1,0
389453,2619,0.0,0.0,1.0,2,1,1,1,1,0,1,0
389537,4044,0.0,4.0,0.0,3,1,1,1,2,0,1,0
389629,1987,0.0,4.0,0.0,13,5,2,1,11,0,1,1
389676,1467,0.0,6.0,0.0,4,2,1,1,3,0,1,0
390003,1678,0.0,0.0,0.0,22,15,7,1,20,0,2,0
390136,1833,0.0,0.0,0.0,38,13,4,1,33,0,4,1
390657,4966,0.0,4.0,0.0,1,1,1,1,0,0,1,0
390927,1861,0.0,0.0,0.0,16,4,1,4,14,0,2,0
391168,1352,0.0,0.0,0.0,26,8,2,3,24,0,1,1
391755,4811,0.0,0.0,0.0,3,2,1,1,2,0,1,0
392000,1621,0.0,3.0,0.0,1,1,1,1,0,0,1,0
392445,2193,0.0,0.0,0.0,5,1,1,1,4,0,1,0
392564,323,0.0,4.0,1.0,2,2,1,2,1,0,1,0
39257,1411,0.0,4.0,0.0,3,2,1,1,2,0,1,0
392982,643,0.0,3.0,0.0,4,1,1,3,3,0,1,0
393174,412,0.0,2.0,0.0,18,12,9,1,17,0,1,0
393786,4585,0.0,0.0,1.0,15,5,2,2,10,0,1,4
394125,2273,0.0,5.0,0.0,1,1,1,1,0,0,1,0
394320,1839,0.0,2.0,0.0,1,1,1,1,0,0,1,0
394525,586,0.0,3.0,0.0,48,28,10,7,46,0,1,1
395022,414,0.0,0.0,0.0,14,4,1,3,12,0,2,0
395023,4542,0.0,3.0,0.0,51,10,3,7,50,0,1,0
39523,1371,0.0,0.0,0.0,5,2,1,1,4,0,1,0
395966,1679,0.0,4.0,0.0,2,1,1,1,1,0,1,0
396352,586,0.0,0.0,0.0,14,3,2,1,13,0,1,0
396512,4099,0.0,6.0,0.0,6,3,2,2,4,0,1,1
396544,141,1.0,3.0,0.0,1,1,1,1,0,0,1,0
396821,4605,0.0,0.0,0.0,13,3,2,5,12,0,1,0
397233,742,0.0,4.0,0.0,4,1,1,1,2,0,1,1
397590,1143,0.0,6.0,0.0,79,16,2,9,76,0,1,2
397595,1861,0.0,2.0,0.0,14,5,2,2,7,0,4,3
397607,4564,0.0,4.0,1.0,6,1,1,1,5,0,1,0
397653,2108,0.0,4.0,0.0,14,4,2,3,13,0,1,0
39858,2709,0.0,4.0,0.0,4,1,1,1,3,0,1,0
398648,2447,0.0,3.0,1.0,6,4,1,1,5,0,1,0
398708,3609,0.0,0.0,0.0,8,3,1,1,7,0,1,0
398758,4558,0.0,3.0,2.0,2,1,1,1,0,0,2,0
399301,2193,0.0,0.0,0.0,2,2,2,1,0,0,2,0
399351,1393,1.0,6.0,0.0,2,2,2,2,0,0,1,1
399471,4198,0.0,4.0,1.0,5,1,1,2,4,0,1,0
399810,938,0.0,4.0,0.0,12,5,2,1,11,0,1,0
400064,2473,1.0,6.0,1.0,51,18,6,2,46,0,5,0
400113,798,0.0,3.0,0.0,14,4,4,3,11,0,3,0
400130,1878,0.0,3.0,1.0,6,2,2,1,3,0,2,1
400968,1346,0.0,3.0,0.0,24,5,1,5,20,0,1,3
40135,1393,0.0,0.0,0.0,18,10,6,3,16,0,2,0
401513,4765,0.0,4.0,1.0,7,1,1,2,6,0,1,0
401678,3160,0.0,2.0,2.0,10,6,2,2,9,0,1,0
401800,4090,0.0,3.0,1.0,23,9,2,1,22,0,1,0
401955,4234,0.0,4.0,0.0,8,3,3,2,7,0,1,0
402951,547,0.0,3.0,1.0,33,16,2,3,30,2,1,0
403136,590,0.0,4.0,1.0,13,7,2,1,12,0,1,0
403516,3278,0.0,3.0,1.0,3,1,1,1,2,0,1,0
403639,2318,0.0,2.0,0.0,8,2,1,2,6,0,1,1
403838,3614,0.0,0.0,0.0,10,1,1,2,9,0,1,0
403969,114,0.0,3.0,0.0,8,5,5,1,7,0,1,0
404235,361,0.0,6.0,0.0,18,16,4,1,17,0,1,0
404292,2138,0.0,5.0,1.0,6,3,3,1,5,0,1,0
404483,4270,0.0,0.0,0.0,9,4,4,2,7,0,2,0
404509,1577,0.0,0.0,1.0,17,4,1,2,15,0,1,1
404826,2768,0.0,6.0,1.0,4,1,1,2,3,0,1,0
404856,2954,1.0,5.0,0.0,16,9,5,2,14,0,2,0
40514,4525,0.0,2.0,2.0,45,29,3,2,42,0,3,0
405569,4659,0.0,4.0,0.0,23,11,5,5,20,0,3,0
405627,4171,0.0,5.0,0.0,18,8,2,1,9,0,9,0
405805,2482,0.0,0.0,0.0,6,3,3,2,4,0,2,0
406181,962,0.0,3.0,0.0,19,6,3,3,16,0,3,0
406762,3826,0.0,3.0,0.0,2,1,1,1,1,0,1,0
4068,2571,0.0,5.0,1.0,10,2,1,2,8,0,2,0
407177,4549,0.0,0.0,1.0,1,1,1,1,0,0,1,0
407835,1890,0.0,3.0,0.0,103,55,4,11,89,0,1,13
408038,608,0.0,4.0,0.0,1,1,1,1,0,0,1,0
408108,2545,0.0,2.0,0.0,19,8,3,1,18,0,1,0
408583,1719,0.0,6.0,1.0,3,2,1,1,2,0,1,0
408699,3828,0.0,3.0,0.0,5,3,3,3,4,0,1,0
408931,121,0.0,5.0,0.0,19,14,7,2,5,0,1,13
409458,3472,0.0,5.0,0.0,2,1,1,1,1,0,1,0
409572,4282,0.0,2.0,0.0,140,35,7,6,138,0,2,0
409962,361,0.0,3.0,0.0,8,4,2,2,7,0,1,0
410037,4708,0.0,4.0,1.0,3,3,3,2,0,0,2,1
41028,3835,0.0,4.0,0.0,27,10,3,1,24,0,3,0
410488,1677,0.0,0.0,0.0,2,2,1,1,0,0,2,0
41049,1964,0.0,3.0,1.0,4,2,1,1,2,0,2,0
410653,826,0.0,0.0,1.0,2,1,1,1,1,0,1,0
410822,310,1.0,2.0,1.0,4,2,1,2,3,0,1,0
411291,4044,0.0,3.0,0.0,83,52,12,5,82,0,1,0
411588,1212,0.0,0.0,1.0,3,1,1,1,2,0,1,0
411697,4841,0.0,5.0,0.0,5,2,1,1,4,0,1,0
411761,3954,0.0,3.0,1.0,4,3,3,1,3,0,1,0
412107,4864,0.0,0.0,0.0,6,2,1,1,4,0,2,0
412497,3828,0.0,4.0,0.0,4,1,1,1,3,0,1,0
41308,1541,0.0,2.0,0.0,7,2,1,1,6,0,1,0
413130,1056,0.0,5.0,0.0,8,4,3,1,7,0,1,0
41351,3410,0.0,0.0,0.0,26,8,2,4,23,0,1,2
413814,4760,0.0,2.0,1.0,1,1,1,1,0,0,1,0
41384,3545,0.0,5.0,0.0,7,5,1,2,5,0,1,1
414128,1704,0.0,6.0,0.0,4,3,1,2,3,0,1,0
414282,4050,0.0,0.0,1.0,5,1,1,1,4,0,1,0
41429,1520,0.0,0.0,0.0,3,1,1,1,2,0,1,0
414690,1900,0.0,5.0,0.0,4,3,2,2,3,0,1,0
414731,2205,0.0,4.0,0.0,3,2,1,1,2,0,1,0
415293,1489,0.0,2.0,1.0,9,4,2,2,6,0,1,2
415426,1056,0.0,4.0,0.0,8,5,3,2,6,0,2,0
415622,1122,0.0,4.0,0.0,2,1,1,1,1,0,1,0
415680,2217,0.0,2.0,1.0,6,4,1,1,5,0,1,0
415688,915,0.0,3.0,0.0,3,1,1,1,2,0,1,0
415740,2711,0.0,3.0,0.0,3,1,1,1,2,0,1,0
416235,1506,0.0,0.0,0.0,3,1,1,1,2,0,1,0
416302,967,0.0,6.0,0.0,4,1,1,1,2,0,2,0
416846,4173,0.0,6.0,0.0,3,3,3,2,2,0,1,0
41701,3728,0.0,4.0,0.0,7,2,2,2,5,0,2,0
417270,4783,0.0,5.0,0.0,3,1,1,1,1,0,2,0
417310,4463,0.0,5.0,1.0,83,11,2,6,77,0,1,5
417625,2669,0.0,3.0,0.0,19,11,2,4,18,0,1,0
417655,1060,1.0,4.0,0.0,7,1,1,1,6,0,1,0
41782,423,0.0,3.0,0.0,4,2,1,2,3,0,1,0
417995,2403,0.0,3.0,0.0,5,4,1,1,4,0,1,0
418130,159,0.0,0.0,0.0,1,1,1,1,0,0,1,0
418478,1760,0.0,5.0,2.0,2,1,1,1,1,0,1,0
41887,2950,0.0,3.0,1.0,9,3,1,1,8,0,1,0
418908,1056,0.0,3.0,0.0,7,3,1,1,6,0,1,0
419523,898,0.0,4.0,0.0,2,2,2,1,0,0,2,0
420774,1346,0.0,3.0,0.0,20,13,1,2,19,0,1,0
421368,3476,0.0,6.0,0.0,2,1,1,2,1,0,1,0
4217,1621,0.0,2.0,0.0,4,1,1,1,3,0,1,0
421953,3266,0.0,0.0,0.0,4,1,1,1,1,0,2,1
42197,2138,0.0,2.0,0.0,115,30,8,9,106,0,3,6
422152,1393,0.0,8.0,0.0,2,1,1,1,1,0,1,0
4223,1403,0.0,2.0,null,9,1,1,1,8,0,1,0
422799,145,0.0,3.0,0.0,6,1,1,2,5,0,1,0
422821,4357,0.0,4.0,0.0,7,2,2,2,4,0,1,2
422910,4558,0.0,4.0,0.0,2,1,1,1,1,0,1,0
423084,4527,0.0,6.0,0.0,19,3,2,3,18,0,1,0
423176,742,0.0,0.0,1.0,1,1,1,1,0,0,1,0
423266,63,0.0,0.0,0.0,4,2,1,1,3,0,1,0
423413,3545,0.0,3.0,0.0,1,1,1,1,0,0,1,0
423525,1861,0.0,3.0,0.0,11,2,2,2,7,0,1,3
423606,1050,0.0,4.0,2.0,4,1,1,1,2,0,2,0
423639,1499,0.0,4.0,0.0,1,1,1,1,0,0,1,0
424059,4143,0.0,3.0,0.0,90,43,12,6,69,1,1,19
43194,524,0.0,4.0,0.0,1,1,1,1,0,0,1,0
43231,296,1.0,3.0,0.0,13,5,1,2,11,0,2,0
43473,219,0.0,4.0,0.0,3,1,1,1,1,0,2,0
43489,361,0.0,4.0,0.0,4,2,1,1,1,0,1,2
43506,4005,0.0,3.0,0.0,5,1,1,1,4,0,1,0
44365,4043,1.0,3.0,0.0,8,7,3,2,6,0,1,1
44398,1541,0.0,3.0,1.0,2,1,1,1,0,0,2,0
45165,1760,0.0,3.0,0.0,16,4,2,3,14,0,2,0
45224,4976,0.0,3.0,0.0,36,13,4,5,28,0,3,5
45323,3843,0.0,3.0,1.0,7,4,3,1,6,0,1,0
46127,2403,1.0,0.0,0.0,43,16,1,2,40,0,1,2
46448,1399,0.0,6.0,1.0,5,2,1,1,4,0,1,0
46942,4581,1.0,5.0,0.0,4,2,2,1,3,0,1,0
47138,3809,0.0,4.0,1.0,6,2,1,3,4,0,1,1
47140,594,0.0,4.0,0.0,2,1,1,1,1,0,1,0
47645,66,0.0,5.0,1.0,2,1,1,1,1,0,1,0
47890,1379,0.0,4.0,0.0,21,10,6,1,12,0,9,0
47934,4173,0.0,0.0,1.0,67,20,5,4,65,0,1,1
48193,2770,0.0,5.0,0.0,8,4,1,2,7,0,1,0
48522,4926,0.0,0.0,0.0,4,3,3,1,3,0,1,0
4859,2646,0.0,4.0,2.0,22,5,2,1,13,0,9,0
48728,3792,0.0,0.0,0.0,10,2,1,2,9,0,1,0
49372,1538,0.0,0.0,0.0,3,2,1,3,2,0,1,0
49517,3323,1.0,4.0,0.0,15,6,1,3,13,0,1,1
49573,190,0.0,2.0,1.0,4,1,1,2,3,0,1,0
49831,946,1.0,5.0,0.0,16,7,4,3,15,0,1,0
50172,1861,0.0,4.0,0.0,32,4,1,4,30,0,2,0
50291,4718,0.0,5.0,0.0,7,1,1,1,5,0,1,1
50333,3614,0.0,3.0,0.0,6,1,1,1,4,0,2,0
5040,396,0.0,0.0,0.0,3,1,1,1,1,0,2,0
50537,2082,1.0,6.0,0.0,13,4,2,3,10,0,1,2
50892,4318,0.0,5.0,0.0,6,3,1,2,5,0,1,0
50952,1708,0.0,3.0,1.0,1,1,1,1,0,0,1,0
51075,747,0.0,5.0,1.0,2,1,1,2,1,0,1,0
511,474,0.0,4.0,0.0,1,1,1,1,0,0,1,0
51228,3205,0.0,0.0,0.0,1,1,1,1,0,0,1,0
51472,1840,0.0,0.0,0.0,5,1,1,1,4,0,1,0
51802,1322,0.0,4.0,0.0,7,2,1,1,6,0,1,0
52108,2537,0.0,0.0,1.0,5,2,1,2,4,0,1,0
53282,3256,0.0,0.0,2.0,5,4,1,1,4,0,1,0
53302,1487,0.0,3.0,1.0,9,5,1,2,8,0,1,0
53572,2565,0.0,2.0,0.0,4,2,1,1,3,0,1,0
53975,3828,0.0,3.0,0.0,2,1,1,1,1,0,1,0
53980,685,0.0,5.0,1.0,22,13,3,3,20,0,1,1
54026,3839,0.0,0.0,0.0,18,6,2,5,15,1,2,0
5418,4044,0.0,0.0,0.0,95,45,5,9,86,0,3,6
54279,2928,0.0,5.0,2.0,28,17,9,2,26,0,1,1
54282,4760,0.0,6.0,1.0,21,8,4,2,18,0,1,2
54746,2511,1.0,0.0,0.0,5,3,2,1,4,0,1,0
55157,3578,0.0,3.0,1.0,4,1,1,1,3,0,1,0
55561,503,0.0,3.0,1.0,2,1,1,1,1,0,1,0
55744,4607,0.0,5.0,0.0,12,5,1,2,11,0,1,0
56159,806,0.0,3.0,1.0,11,7,3,1,9,0,2,0
56414,1861,1.0,0.0,0.0,4,2,1,2,3,0,1,0
56430,4480,0.0,3.0,1.0,19,10,4,5,18,0,1,0
57736,1846,0.0,0.0,0.0,9,2,1,2,8,0,1,0
5816,2737,0.0,5.0,1.0,4,1,1,1,3,0,1,0
58354,1370,0.0,4.0,0.0,35,11,3,3,30,0,5,0
58501,4499,0.0,3.0,0.0,6,3,1,1,3,0,3,0
58843,3323,0.0,4.0,0.0,3,1,1,1,2,0,1,0
59353,3538,0.0,3.0,0.0,3,1,1,2,2,0,1,0
59394,4131,0.0,0.0,0.0,4,1,1,2,2,0,1,1
5947,219,0.0,3.0,1.0,8,4,1,1,6,0,2,0
59575,2031,0.0,4.0,1.0,4,1,1,1,3,0,1,0
59615,4079,0.0,3.0,0.0,4,1,1,1,0,0,4,0
61016,426,0.0,2.0,1.0,3,2,1,1,2,0,1,0
61238,1166,0.0,5.0,0.0,4,1,1,1,3,0,1,0
61630,293,0.0,4.0,0.0,5,4,1,1,4,0,1,0
61981,2026,0.0,0.0,0.0,2,1,1,1,1,0,1,0
62363,4480,1.0,4.0,1.0,13,5,2,1,11,0,2,0
6240,2313,0.0,3.0,0.0,13,2,1,2,10,0,1,2
62548,2108,0.0,0.0,0.0,3,1,1,2,2,0,1,0
62613,3968,0.0,0.0,0.0,4,2,2,2,3,0,1,0
63003,1899,0.0,5.0,0.0,44,27,12,1,36,0,8,0
63463,219,0.0,6.0,0.0,1,1,1,1,0,0,1,0
63618,542,0.0,5.0,1.0,3,1,1,1,2,0,1,0
63826,738,0.0,3.0,0.0,6,4,1,1,5,0,1,0
64057,4196,1.0,2.0,1.0,5,1,1,2,4,0,1,0
64623,4234,0.0,5.0,0.0,14,9,5,1,11,0,3,0
65055,2821,0.0,0.0,0.0,5,2,1,1,4,0,1,0
65915,2876,0.0,3.0,0.0,1,1,1,1,0,0,1,0
66189,2173,0.0,6.0,0.0,5,1,1,1,4,0,1,0
6628,1489,0.0,0.0,0.0,2,1,1,1,1,0,1,0
67123,3319,0.0,4.0,1.0,21,6,4,7,19,0,2,0
67334,2403,0.0,4.0,0.0,1,1,1,1,0,0,1,0
67376,474,0.0,4.0,1.0,8,2,2,3,7,0,1,0
67387,1454,0.0,0.0,0.0,10,3,2,1,6,0,4,0
67660,4371,0.0,2.0,1.0,1,1,1,1,0,0,1,0
67702,382,0.0,0.0,0.0,2,1,1,1,1,0,1,0
68587,3734,0.0,3.0,0.0,10,2,2,2,8,0,1,1
68589,897,0.0,0.0,0.0,6,2,2,1,5,0,1,0
68673,3329,0.0,2.0,0.0,3,1,1,1,2,0,1,0
68689,3462,0.0,3.0,0.0,3,1,1,1,2,0,1,0
68809,3623,1.0,0.0,0.0,2,1,1,1,1,0,1,0
68906,2721,0.0,4.0,1.0,15,10,1,2,13,0,1,1
68989,4325,0.0,3.0,0.0,7,1,1,1,6,0,1,0
69205,4648,0.0,3.0,0.0,6,3,2,2,3,0,1,2
69476,946,0.0,0.0,0.0,15,3,1,3,12,0,3,0
69585,4472,0.0,4.0,2.0,2,1,1,1,1,0,1,0
69812,4760,0.0,4.0,2.0,2,1,1,1,0,0,2,0
70400,3623,0.0,0.0,0.0,6,2,2,1,5,0,1,0
70657,3723,0.0,0.0,1.0,8,3,2,1,7,0,1,0
70911,2099,0.0,2.0,0.0,12,3,2,3,11,0,1,0
71214,4708,0.0,4.0,0.0,2,1,1,2,1,0,1,0
71848,2769,0.0,3.0,0.0,4,1,1,1,3,0,1,0
71912,598,0.0,0.0,1.0,19,6,3,4,13,5,1,0
71946,2128,0.0,2.0,1.0,11,3,2,2,9,0,1,1
72245,234,0.0,5.0,0.0,8,5,2,1,7,0,1,0
72333,4048,0.0,3.0,0.0,2,2,2,2,1,0,1,0
73214,3959,0.0,6.0,0.0,3,1,1,1,1,0,2,0
73383,1760,0.0,3.0,0.0,11,8,2,1,7,0,4,0
73432,4039,0.0,0.0,0.0,8,1,1,3,6,0,1,1
74473,3912,1.0,0.0,1.0,5,1,1,1,4,0,1,0
74538,3578,0.0,3.0,0.0,3,2,1,2,2,0,1,0
7474,3609,0.0,3.0,1.0,2,1,1,1,0,0,1,1
74844,13,0.0,4.0,2.0,3,1,1,1,1,0,1,1
74894,4079,0.0,5.0,0.0,1,1,1,1,0,0,1,0
75358,2031,0.0,4.0,1.0,3,1,1,1,2,0,1,0
75366,2571,0.0,3.0,0.0,1,1,1,1,0,0,1,0
75701,798,0.0,2.0,0.0,24,7,6,3,23,0,1,0
75965,3588,0.0,0.0,1.0,5,1,1,1,3,0,1,1
76094,4048,0.0,5.0,0.0,9,5,1,1,7,0,2,0
76745,2175,0.0,4.0,0.0,24,16,4,2,23,0,1,0
77048,1742,0.0,0.0,0.0,6,3,1,2,5,0,1,0
77420,4368,0.0,4.0,1.0,87,17,4,6,84,0,3,0
77423,120,0.0,4.0,0.0,3,1,1,1,2,0,1,0
77622,606,0.0,3.0,0.0,4,1,1,1,3,0,1,0
78798,608,0.0,4.0,0.0,5,2,2,1,3,0,2,0
78875,4209,0.0,5.0,0.0,5,1,1,2,4,0,1,0
79224,1832,0.0,0.0,0.0,3,1,1,1,2,0,1,0
79350,4976,0.0,3.0,0.0,197,56,8,5,196,0,1,0
79489,4173,0.0,5.0,2.0,66,42,11,1,64,0,2,0
79634,4661,0.0,3.0,2.0,5,4,2,1,4,0,1,0
79644,1885,0.0,4.0,0.0,4,1,1,1,3,0,1,0
7973,4687,0.0,3.0,1.0,2,1,1,1,1,0,1,0
79932,2008,0.0,5.0,0.0,33,13,2,3,32,0,1,0
80128,804,0.0,4.0,2.0,7,5,2,1,5,0,2,0
80259,2745,0.0,4.0,1.0,1,1,1,1,0,0,1,0
81400,4500,0.0,3.0,1.0,5,1,1,3,3,0,1,1
81482,3578,0.0,0.0,0.0,9,3,1,1,8,0,1,0
81993,643,0.0,3.0,0.0,5,1,1,1,3,0,1,1
82147,2932,0.0,4.0,0.0,23,4,3,7,20,0,1,2
82160,4281,0.0,3.0,1.0,3,1,1,2,2,0,1,0
82431,3005,0.0,5.0,0.0,15,9,6,2,13,0,2,0
82523,4760,0.0,3.0,0.0,4,3,1,2,2,0,1,1
8258,4042,0.0,3.0,1.0,3,1,1,1,2,0,1,0
82645,4322,0.0,3.0,1.0,11,1,1,2,8,0,2,1
83071,414,0.0,3.0,0.0,42,20,6,8,30,0,1,11
83305,3057,0.0,3.0,0.0,31,12,3,3,29,0,1,1
83455,4726,0.0,0.0,2.0,9,2,1,3,8,0,1,0
84049,1200,0.0,2.0,0.0,3,1,1,1,1,0,2,0
84056,2821,0.0,5.0,0.0,5,5,4,1,0,0,5,0
84611,4768,0.0,4.0,0.0,5,1,1,1,4,0,1,0
84963,4150,0.0,3.0,1.0,5,2,1,1,3,0,2,0
85424,4173,0.0,3.0,0.0,10,8,2,2,9,0,1,0
86257,2055,0.0,4.0,0.0,1,1,1,1,0,0,1,0
86596,826,0.0,3.0,1.0,5,2,2,1,3,0,2,0
86644,2403,0.0,5.0,0.0,3,3,3,1,0,0,3,0
86662,66,0.0,0.0,1.0,7,1,1,2,6,0,1,0
8703,2565,0.0,3.0,0.0,34,15,2,6,31,0,3,0
87577,4950,0.0,3.0,0.0,1,1,1,1,0,0,1,0
87731,2242,0.0,4.0,0.0,4,3,2,1,3,0,1,0
88198,742,0.0,3.0,0.0,8,2,1,2,6,0,1,1
88571,1526,1.0,0.0,0.0,9,1,1,1,8,0,1,0
88594,2905,0.0,0.0,0.0,11,1,1,1,10,0,1,0
88870,598,0.0,4.0,1.0,14,6,2,1,13,0,1,0
89252,4617,0.0,2.0,0.0,3,2,2,1,2,0,1,0
90034,1272,0.0,6.0,0.0,9,4,4,3,8,0,1,0
90257,2397,0.0,3.0,0.0,5,1,1,4,2,0,1,2
9045,1472,0.0,4.0,0.0,18,6,1,6,16,0,2,0
90483,747,0.0,4.0,0.0,8,3,2,3,7,0,1,0
90857,3657,0.0,5.0,0.0,3,1,1,2,2,0,1,0
91488,1203,0.0,5.0,0.0,5,2,2,2,4,0,1,0
91496,1618,0.0,5.0,0.0,2,2,1,1,1,0,1,0
91515,492,0.0,0.0,1.0,12,6,1,1,10,0,2,0
91733,1704,0.0,0.0,0.0,22,13,3,2,20,0,2,0
91782,2217,0.0,4.0,0.0,7,2,1,4,5,0,1,1
92280,1710,0.0,3.0,0.0,8,4,1,2,6,0,2,0
92738,4444,0.0,0.0,0.0,121,26,4,7,116,0,4,1
92768,1133,0.0,4.0,0.0,6,2,1,1,5,0,1,0
92782,2642,0.0,3.0,0.0,6,1,1,1,5,0,1,0
94021,1056,0.0,4.0,0.0,7,4,3,4,3,0,1,3
94023,2629,0.0,5.0,1.0,6,2,2,1,5,0,1,0
94169,2811,0.0,2.0,0.0,1,1,1,1,0,0,1,0
94481,3392,0.0,0.0,1.0,2,1,1,1,1,0,1,0
9508,639,0.0,4.0,0.0,6,2,1,1,5,0,1,0
95151,1495,0.0,6.0,0.0,54,14,4,4,53,0,1,0
95300,2173,0.0,3.0,0.0,2,1,1,1,1,0,1,0
9537,3734,0.0,3.0,1.0,30,5,1,2,27,0,1,2
954,4071,0.0,3.0,0.0,1,1,1,1,0,0,1,0
95542,2138,0.0,2.0,0.0,10,6,2,1,9,0,1,0
96222,1457,0.0,4.0,0.0,80,6,1,2,79,0,1,0
96385,3108,0.0,3.0,0.0,4,2,1,2,3,0,1,0
96576,2215,0.0,3.0,1.0,32,10,2,2,30,0,2,0
96839,2691,0.0,5.0,0.0,11,4,1,4,9,0,1,1
97401,1618,0.0,4.0,1.0,5,3,1,1,4,0,1,0
98031,4044,0.0,4.0,0.0,1,1,1,1,0,0,1,0
98671,3350,0.0,0.0,0.0,2,1,1,1,1,0,1,0
98719,1861,0.0,3.0,0.0,11,6,1,1,10,0,1,0
98879,3022,0.0,3.0,1.0,1,1,1,1,0,0,1,0
98930,2856,0.0,0.0,0.0,2,1,1,1,1,0,1,0
98991,1978,0.0,3.0,0.0,3,2,1,1,2,0,1,0
99005,872,0.0,4.0,1.0,6,2,1,2,5,0,1,0
99244,4131,0.0,2.0,0.0,13,5,2,3,11,0,1,1
99709,868,0.0,3.0,1.0,2,1,1,1,1,0,1,0
99995,3571,0.0,0.0,1.0,2,1,1,1,1,0,1,0
