100001,2273,0.0,0.0,1.0,2,1,1,1,1,0,1,0
100043,4578,0.0,5.0,0.0,7,2,1,3,6,0,1,0
100606,2273,0.0,5.0,0.0,11,3,1,3,10,0,1,0
100761,2255,0.0,5.0,1.0,3,2,1,1,2,0,1,0
100944,2255,1.0,6.0,0.0,1,1,1,1,0,0,1,0
101041,4860,0.0,6.0,1.0,2,1,1,1,1,0,1,0
101152,3472,0.0,0.0,0.0,4,2,2,1,3,0,1,0
101517,4287,0.0,4.0,0.0,1,1,1,1,0,0,1,0
101692,2856,0.0,2.0,1.0,7,1,1,2,5,0,1,1
101782,467,0.0,5.0,0.0,2,1,1,1,1,0,1,0
101933,2664,1.0,6.0,0.0,51,27,2,4,49,0,2,0
102035,4648,0.0,0.0,0.0,7,1,1,3,6,0,1,0
102140,3936,0.0,2.0,1.0,5,1,1,1,3,0,2,0
102491,4504,0.0,3.0,0.0,16,7,1,2,14,0,1,1
102736,2025,0.0,2.0,1.0,3,2,1,1,2,0,1,0
102979,3205,0.0,4.0,0.0,2,1,1,1,0,0,2,0
103059,236,0.0,2.0,0.0,2,1,1,1,1,0,1,0
103062,3472,0.0,4.0,0.0,12,5,2,2,11,0,1,0
103101,2579,0.0,5.0,0.0,19,12,4,2,17,0,2,0
103275,926,0.0,4.0,1.0,5,2,2,1,3,0,2,0
103422,4044,1.0,5.0,0.0,15,5,2,1,14,0,1,0
103711,3424,0.0,4.0,0.0,18,2,1,3,16,0,2,0
104424,1071,0.0,4.0,1.0,5,1,1,1,4,0,1,0
104799,2821,0.0,4.0,0.0,5,3,2,1,3,0,2,0
105047,1679,0.0,3.0,0.0,15,4,1,5,12,0,1,2
105715,2950,0.0,2.0,0.0,13,4,1,1,6,0,7,0
106061,1403,0.0,2.0,0.0,9,3,1,1,7,0,2,0
106104,3016,0.0,2.0,0.0,7,5,3,1,6,0,1,0
106440,3205,0.0,6.0,0.0,29,11,4,3,20,0,1,8
106460,790,0.0,0.0,0.0,21,14,7,4,20,0,1,0
106870,322,0.0,3.0,0.0,7,3,1,1,6,0,1,0
107316,4787,0.0,4.0,0.0,2,2,2,1,0,0,2,0
107438,1272,0.0,0.0,0.0,1,1,1,1,0,0,1,0
107567,1501,0.0,0.0,1.0,5,2,1,1,4,0,1,0
107669,977,1.0,4.0,0.0,10,6,2,1,9,0,1,0
107896,4009,0.0,0.0,1.0,14,5,2,1,13,0,1,0
108698,812,0.0,6.0,0.0,10,3,1,2,9,0,1,0
10930,1049,0.0,2.0,0.0,5,3,3,2,0,0,2,3
109396,4173,0.0,6.0,0.0,2,1,1,1,1,0,1,0
109564,3476,0.0,4.0,0.0,13,7,5,2,9,0,2,2
109629,1133,0.0,4.0,1.0,12,5,3,3,10,0,1,1
109892,598,0.0,2.0,1.0,7,2,2,1,6,0,1,0
110239,4760,0.0,0.0,0.0,22,10,5,2,21,0,1,0
110678,3936,0.0,4.0,1.0,6,2,2,2,4,0,2,0
110771,2579,0.0,0.0,1.0,1,1,1,1,0,0,1,0
110811,4171,0.0,0.0,0.0,7,1,1,2,2,0,5,0
110994,1187,0.0,7.0,0.0,5,2,1,2,3,0,1,1
111018,2126,0.0,0.0,0.0,4,1,1,1,2,0,1,1
11114,4050,0.0,3.0,0.0,3,1,1,1,2,0,1,0
11126,1489,0.0,2.0,0.0,5,1,1,3,3,0,1,1
111896,4558,0.0,4.0,0.0,9,2,1,1,7,0,2,0
112658,4500,0.0,0.0,0.0,5,1,1,1,3,0,2,0
113002,4847,0.0,0.0,0.0,5,5,4,4,3,0,1,1
11301,1923,1.0,5.0,2.0,12,8,2,2,10,0,1,1
113226,1346,0.0,4.0,2.0,18,5,1,4,15,0,1,2
113304,798,0.0,5.0,0.0,2,1,1,2,0,0,1,1
113438,2981,1.0,3.0,0.0,13,3,2,5,12,0,1,0
113595,606,0.0,3.0,0.0,13,7,3,3,11,0,1,1
113602,503,0.0,3.0,0.0,6,2,1,4,5,0,1,0
114054,1145,0.0,5.0,0.0,13,4,1,1,12,0,1,0
11438,2318,0.0,3.0,0.0,3,2,2,2,2,0,1,0
114478,4605,0.0,3.0,0.0,3,1,1,1,2,0,1,0
114574,861,0.0,3.0,0.0,16,3,1,3,15,0,1,0
115313,4203,0.0,6.0,0.0,6,1,1,1,4,0,2,0
115398,2613,0.0,2.0,1.0,1,1,1,1,0,0,1,0
115606,1738,0.0,0.0,0.0,9,2,1,1,8,0,1,0
115726,1679,0.0,3.0,2.0,22,12,2,3,20,0,2,0
116120,145,0.0,2.0,0.0,1,1,1,1,0,0,1,0
116274,2036,0.0,2.0,0.0,4,1,1,2,3,0,1,0
116339,382,0.0,2.0,0.0,2,1,1,1,1,0,1,0
116475,145,0.0,2.0,0.0,2,1,1,1,1,0,1,0
116501,3841,0.0,0.0,0.0,2,1,1,1,1,0,1,0
11778,4079,0.0,0.0,1.0,1,1,1,1,0,0,1,0
118433,1923,0.0,0.0,1.0,22,8,1,2,20,0,2,0
118779,3191,0.0,0.0,1.0,2,1,1,1,1,0,1,0
119571,4545,0.0,3.0,0.0,3,1,1,2,2,0,1,0
119800,2273,0.0,3.0,0.0,7,3,1,3,5,0,1,1
119954,433,0.0,0.0,0.0,7,6,1,1,2,0,5,0
120065,200,0.0,0.0,0.0,2,1,1,2,1,0,1,0
120554,1346,0.0,4.0,0.0,33,11,1,3,32,0,1,0
120853,3288,0.0,4.0,0.0,5,1,1,1,4,0,1,0
121020,346,0.0,4.0,0.0,10,1,1,1,9,0,1,0
121364,1193,0.0,3.0,1.0,10,2,2,1,9,0,1,0
121634,2511,0.0,0.0,0.0,15,7,4,2,7,4,1,3
121745,1022,0.0,3.0,0.0,7,5,1,2,5,0,2,0
121793,4950,0.0,3.0,0.0,18,11,10,1,11,0,7,0
121952,3288,0.0,5.0,1.0,3,1,1,1,2,0,1,0
122676,46,0.0,0.0,0.0,24,10,5,4,23,0,1,0
12317,4558,0.0,2.0,0.0,1,1,1,1,0,0,1,0
123405,606,0.0,5.0,0.0,28,11,4,6,24,0,1,3
1236,598,0.0,3.0,1.0,3,2,2,1,2,0,1,0
123857,2255,0.0,2.0,0.0,2,1,1,1,1,0,1,0
124604,1500,0.0,3.0,1.0,4,2,2,1,3,0,1,0
125105,4607,0.0,5.0,0.0,16,4,2,4,12,0,2,2
125322,4090,0.0,3.0,0.0,26,12,1,1,24,0,1,1
125652,1102,1.0,5.0,0.0,1,1,1,1,0,0,1,0
126012,1512,0.0,6.0,0.0,10,4,1,2,9,0,1,0
126202,1840,0.0,0.0,1.0,3,1,1,2,2,0,1,0
126401,4976,0.0,2.0,0.0,14,3,2,1,13,0,1,0
127243,1752,1.0,0.0,1.0,3,1,1,1,2,0,1,0
127278,1200,0.0,0.0,1.0,3,1,1,1,2,0,1,0
127521,786,0.0,8.0,0.0,3,2,1,1,2,0,1,0
127522,2928,0.0,4.0,0.0,7,2,2,2,6,0,1,0
12844,4976,0.0,5.0,1.0,8,3,3,2,7,0,1,0
129222,2569,0.0,0.0,1.0,4,2,1,1,3,0,1,0
129667,2173,0.0,3.0,1.0,65,27,2,2,63,0,2,0
130194,4958,0.0,0.0,1.0,3,1,1,1,2,0,1,0
130488,839,0.0,2.0,1.0,1,1,1,1,0,0,1,0
130807,4099,0.0,7.0,1.0,14,6,6,1,13,0,1,0
131043,862,0.0,4.0,0.0,5,2,1,2,4,0,1,0
131381,3925,0.0,3.0,0.0,17,8,2,3,16,0,1,0
131815,2217,0.0,5.0,0.0,3,1,1,1,2,0,1,0
131931,4090,0.0,2.0,0.0,53,10,1,4,50,0,1,2
132257,2928,0.0,4.0,1.0,6,2,1,3,4,0,1,1
132813,4607,0.0,3.0,1.0,7,2,1,2,6,0,1,0
132884,908,0.0,3.0,0.0,6,1,1,1,5,0,1,0
132929,4491,0.0,3.0,0.0,2,1,1,1,1,0,1,0
133093,1916,0.0,5.0,0.0,11,3,1,3,9,0,2,0
133627,2339,0.0,4.0,0.0,6,2,2,1,5,0,1,0
133706,219,0.0,3.0,1.0,9,5,1,1,8,0,1,0
134273,1520,0.0,0.0,0.0,6,3,2,2,5,0,1,0
134921,3065,0.0,4.0,0.0,3,1,1,2,2,0,1,0
134966,1840,0.0,5.0,0.0,2,1,1,1,1,0,1,0
135416,2459,0.0,0.0,0.0,6,3,2,2,4,0,1,1
135423,2193,0.0,2.0,0.0,3,1,1,1,2,0,1,0
135909,4044,0.0,3.0,null,10,7,3,2,9,0,1,0
136392,2828,0.0,5.0,0.0,7,3,2,1,6,0,1,0
136447,946,0.0,5.0,0.0,12,8,3,1,10,0,2,0
1365,1594,1.0,4.0,0.0,54,43,6,2,50,0,4,0
136501,3670,0.0,5.0,0.0,2,1,1,1,1,0,1,0
136514,2935,0.0,4.0,2.0,4,1,1,1,3,0,1,0
137209,4649,0.0,3.0,0.0,3,1,1,1,2,0,1,0
137507,2928,0.0,4.0,0.0,7,5,4,1,6,0,1,0
137825,3014,0.0,3.0,2.0,3,1,1,1,2,0,1,0
138244,1632,0.0,5.0,2.0,7,4,1,1,6,0,1,0
138322,1310,0.0,2.0,0.0,1,1,1,1,0,0,1,0
13834,4282,1.0,3.0,1.0,95,55,18,9,88,0,2,5
138697,2954,0.0,3.0,0.0,1,1,1,1,0,0,1,0
139175,2954,0.0,3.0,0.0,13,6,4,2,8,0,1,4
139489,773,0.0,3.0,0.0,1,1,1,1,0,0,1,0
139562,490,0.0,4.0,0.0,6,2,1,2,5,0,1,0
139574,121,0.0,4.0,1.0,2,1,1,1,1,0,1,0
140337,1093,0.0,4.0,1.0,10,1,1,1,9,0,1,0
140602,1964,0.0,3.0,0.0,1,1,1,1,0,0,1,0
141184,2721,0.0,2.0,0.0,8,4,1,2,7,0,1,0
14231,1892,0.0,5.0,0.0,1,1,1,1,0,0,1,0
142788,4444,1.0,3.0,1.0,7,4,1,1,4,0,3,0
142810,4585,0.0,0.0,0.0,1,1,1,1,0,0,1,0
14315,4048,0.0,2.0,1.0,1,1,1,1,0,0,1,0
143159,1472,0.0,3.0,0.0,8,4,1,1,7,0,1,0
143206,426,0.0,0.0,0.0,2,1,1,2,1,0,1,0
143531,1327,0.0,4.0,1.0,24,7,3,3,23,0,1,0
144967,323,0.0,6.0,1.0,10,2,1,2,9,0,1,0
145013,4987,0.0,3.0,1.0,3,1,1,1,2,0,1,0
145179,4120,0.0,0.0,0.0,1,1,1,1,0,0,1,0
145253,2537,0.0,3.0,2.0,4,2,2,1,2,0,1,1
146499,4955,0.0,3.0,1.0,63,22,10,2,53,0,10,0
146734,1719,0.0,0.0,0.0,5,1,1,1,3,0,2,0
146779,747,0.0,4.0,0.0,4,1,1,2,3,0,1,0
147197,2031,0.0,3.0,0.0,3,2,1,1,2,0,1,0
147455,3236,0.0,3.0,0.0,21,2,1,1,19,0,1,1
147555,4554,0.0,3.0,1.0,12,2,1,2,9,0,1,2
147642,2582,0.0,0.0,0.0,6,1,1,1,5,0,1,0
1477,4044,0.0,3.0,0.0,1,1,1,1,0,0,1,0
148000,2138,0.0,0.0,0.0,5,2,1,1,4,0,1,0
148715,3828,0.0,5.0,1.0,6,5,3,1,5,0,1,0
148849,1272,1.0,7.0,1.0,7,3,1,2,6,0,1,0
150214,3015,0.0,3.0,0.0,3,1,1,1,2,0,1,0
150444,4536,0.0,5.0,0.0,2,1,1,1,1,0,1,0
151370,4659,0.0,4.0,0.0,4,4,4,2,3,0,1,0
151440,2664,0.0,4.0,0.0,19,7,1,3,15,0,1,3
15175,4044,0.0,3.0,0.0,5,1,1,2,4,0,1,0
152015,3291,0.0,0.0,0.0,31,2,1,2,30,0,1,0
152115,3828,0.0,3.0,0.0,6,5,2,2,5,0,1,0
152131,1102,0.0,4.0,0.0,20,16,9,3,18,0,2,0
152207,1890,0.0,4.0,0.0,20,6,1,3,17,2,1,0
152554,1487,0.0,5.0,0.0,12,2,1,6,10,0,1,1
152599,4818,0.0,2.0,1.0,62,23,9,5,55,0,3,4
152974,1833,0.0,5.0,0.0,54,36,8,6,53,0,1,0
153297,1454,0.0,6.0,0.0,3,1,1,2,1,0,1,1
153610,2318,0.0,3.0,1.0,1,1,1,1,0,0,1,0
153879,1377,0.0,4.0,1.0,11,3,1,1,10,0,1,0
154100,4131,0.0,4.0,0.0,2,2,1,2,0,0,1,1
154298,2545,1.0,3.0,1.0,9,4,2,1,8,0,1,0
154388,1884,0.0,6.0,1.0,16,4,3,3,14,1,1,0
154501,3828,0.0,4.0,1.0,97,49,11,10,94,0,3,0
155030,1223,0.0,6.0,1.0,7,6,1,1,6,0,1,0
155246,1679,0.0,0.0,0.0,13,8,2,2,9,0,2,2
155808,2821,0.0,0.0,1.0,1,1,1,1,0,0,1,0
156340,633,0.0,3.0,0.0,6,2,1,1,5,0,1,0
156607,443,0.0,0.0,0.0,4,2,2,1,3,0,1,0
157693,1494,1.0,0.0,0.0,9,6,4,1,7,0,2,0
157758,3392,0.0,0.0,0.0,8,3,1,1,7,0,1,0
158109,3878,0.0,2.0,0.0,2,1,1,1,1,0,1,0
158202,2565,0.0,3.0,0.0,28,11,1,1,26,0,2,0
158211,2791,0.0,4.0,1.0,15,7,3,3,13,0,1,1
158869,3578,0.0,3.0,0.0,7,1,1,2,5,0,1,1
15963,1489,0.0,5.0,0.0,1,1,1,1,0,0,1,0
159818,4282,0.0,4.0,0.0,1,1,1,1,0,0,1,0
160516,141,0.0,3.0,0.0,2,1,1,1,1,0,1,0
160738,4090,0.0,4.0,1.0,6,2,1,3,5,0,1,0
161129,4818,1.0,3.0,1.0,47,20,4,3,46,0,1,0
161399,66,0.0,3.0,0.0,2,1,1,2,0,0,1,1
161925,414,0.0,7.0,0.0,13,7,4,4,12,0,1,0
162267,4462,0.0,3.0,0.0,2,1,1,1,1,0,1,0
162471,438,0.0,4.0,0.0,3,1,1,1,2,0,1,0
162697,4173,0.0,0.0,0.0,68,30,5,11,56,0,1,11
162823,4287,0.0,3.0,1.0,14,9,7,1,11,0,3,0
163723,3433,0.0,2.0,0.0,8,1,1,1,7,0,1,0
163805,219,0.0,0.0,0.0,3,1,1,1,1,0,2,0
163896,3460,1.0,3.0,0.0,2,1,1,1,1,0,1,0
16406,4079,0.0,3.0,0.0,2,1,1,1,1,0,1,0
164714,3923,0.0,0.0,0.0,2,1,1,1,1,0,1,0
16476,2936,0.0,2.0,1.0,7,3,2,1,6,0,1,0
164787,4955,0.0,2.0,0.0,3,1,1,1,2,0,1,0
164995,1272,0.0,6.0,0.0,3,1,1,2,2,0,1,0
165074,3623,0.0,5.0,0.0,4,2,1,1,3,0,1,0
165191,4040,0.0,0.0,1.0,6,1,1,1,5,0,1,0
165435,4352,0.0,4.0,0.0,2,1,1,1,1,0,1,0
165814,643,0.0,6.0,0.0,18,6,3,3,16,0,1,1
165820,3683,0.0,2.0,1.0,4,1,1,1,2,0,2,0
166567,98,0.0,5.0,1.0,1,1,1,1,0,0,1,0
166917,951,0.0,3.0,0.0,2,1,1,1,1,0,1,0
168109,1597,0.0,0.0,0.0,2,1,1,1,1,0,1,0
168311,3152,0.0,4.0,1.0,7,2,1,4,6,0,1,0
168433,10,0.0,4.0,0.0,30,15,5,2,29,0,1,0
168925,1963,0.0,2.0,1.0,18,5,2,6,17,0,1,0
168997,1890,0.0,0.0,0.0,3,2,1,1,2,0,1,0
169213,1963,0.0,2.0,0.0,21,14,6,3,19,0,1,1
169383,1102,0.0,4.0,0.0,12,10,5,3,11,0,1,0
16978,3936,0.0,3.0,0.0,7,1,1,1,6,0,1,0
169891,2459,0.0,0.0,0.0,12,4,3,5,9,0,1,2
170742,4170,0.0,5.0,1.0,2,1,1,1,1,0,1,0
170824,4949,0.0,3.0,0.0,4,1,1,1,3,0,1,0
171631,3460,0.0,0.0,0.0,3,1,1,1,2,0,1,0
17165,2592,0.0,0.0,0.0,5,2,2,1,4,0,1,0
172449,4427,0.0,0.0,0.0,4,2,1,2,3,0,1,0
173358,4755,0.0,3.0,2.0,5,1,1,1,4,0,1,0
173366,3906,0.0,5.0,0.0,9,3,2,1,7,0,2,0
173759,437,0.0,3.0,0.0,11,7,2,3,10,0,1,0
173887,2403,0.0,2.0,0.0,15,4,1,4,13,0,1,1
173925,548,0.0,5.0,0.0,18,11,1,5,17,0,1,0
174556,2639,0.0,5.0,0.0,40,14,6,4,33,0,5,2
174698,643,0.0,7.0,0.0,5,1,1,2,4,0,1,0
174705,3828,0.0,5.0,1.0,11,1,1,3,10,0,1,0
174811,3419,0.0,2.0,0.0,18,6,1,4,13,0,1,4
175043,2821,0.0,3.0,2.0,15,1,1,1,13,0,2,0
175256,4861,0.0,4.0,1.0,3,1,1,1,1,0,1,1
175395,587,0.0,4.0,0.0,8,2,1,1,6,0,2,0
175490,3022,0.0,2.0,1.0,13,7,3,2,12,0,1,0
175616,2545,0.0,3.0,1.0,11,5,1,2,10,0,1,0
175663,714,0.0,4.0,0.0,2,1,1,1,1,0,1,0
175838,4764,0.0,0.0,0.0,4,1,1,2,3,0,1,0
176253,1583,0.0,4.0,1.0,8,2,1,2,7,0,1,0
176430,3288,0.0,6.0,0.0,4,1,1,1,2,0,2,0
177541,3965,0.0,4.0,1.0,8,3,1,1,5,0,3,0
177962,4129,0.0,4.0,0.0,7,3,2,2,6,0,1,0
17806,1067,0.0,4.0,1.0,11,2,1,3,10,0,1,0
179596,4335,0.0,2.0,0.0,1,1,1,1,0,0,1,0
179738,3968,0.0,3.0,0.0,2,1,1,1,1,0,1,0
180126,3022,0.0,6.0,1.0,23,5,2,2,20,0,2,1
180551,2014,0.0,6.0,0.0,4,1,1,1,3,0,1,0
180939,1923,0.0,0.0,0.0,8,1,1,1,7,0,1,0
180944,4090,0.0,4.0,0.0,16,3,2,4,15,0,1,0
181100,1618,0.0,0.0,0.0,6,1,1,1,5,0,1,0
182271,4966,0.0,4.0,1.0,7,1,1,2,6,0,1,0
183409,1512,0.0,0.0,0.0,7,3,1,1,5,0,1,1
183668,2313,0.0,4.0,0.0,9,2,2,3,8,0,1,0
183872,1520,0.0,2.0,0.0,7,1,1,1,6,0,1,0
184282,4079,0.0,0.0,0.0,10,7,2,1,8,0,2,0
184296,4170,0.0,4.0,0.0,3,2,1,1,1,0,2,0
184435,3361,0.0,6.0,1.0,6,3,1,1,5,0,1,0
184530,4048,0.0,2.0,0.0,5,1,1,2,1,0,2,2
184581,2403,1.0,7.0,1.0,17,8,2,3,13,0,2,2
184909,2397,0.0,3.0,2.0,10,7,3,3,8,0,2,0
185585,3274,0.0,5.0,0.0,3,1,1,2,1,0,2,0
185697,503,0.0,3.0,1.0,8,5,1,1,7,0,1,0
185965,3350,0.0,0.0,null,3,1,1,1,2,0,1,0
186140,4454,0.0,3.0,0.0,3,1,1,1,2,0,1,0
186228,2099,0.0,5.0,0.0,1,1,1,1,0,0,1,0
186319,4775,0.0,5.0,0.0,8,3,1,3,7,0,1,0
186711,1393,0.0,2.0,0.0,1,1,1,1,0,0,1,0
186918,3662,0.0,4.0,1.0,9,5,2,1,8,0,1,0
186951,2091,0.0,4.0,0.0,16,5,2,1,13,0,3,0
187174,1018,0.0,2.0,1.0,7,2,2,1,6,0,1,0
18751,2031,0.0,2.0,1.0,7,3,1,2,6,0,1,0
187514,2217,0.0,4.0,1.0,10,1,1,2,8,0,1,1
187814,951,0.0,3.0,1.0,2,1,1,1,1,0,1,0
188369,2639,0.0,6.0,0.0,12,9,6,3,11,0,1,0
188523,4871,0.0,7.0,0.0,10,8,6,1,6,0,4,0
18859,4718,0.0,4.0,0.0,19,6,2,2,18,0,1,0
188651,1642,0.0,3.0,1.0,1,1,1,1,0,0,1,0
188802,3941,0.0,4.0,0.0,3,2,1,1,2,0,1,0
188817,3628,0.0,0.0,0.0,10,2,1,1,8,0,2,0
18885,4043,1.0,4.0,0.0,17,10,5,2,14,0,3,0
189016,2597,0.0,7.0,1.0,5,1,1,1,4,0,1,0
189353,1679,1.0,3.0,0.0,9,5,2,1,8,0,1,0
189615,1060,0.0,4.0,0.0,2,1,1,1,1,0,1,0
19001,1816,0.0,4.0,0.0,7,2,1,1,6,0,1,0
19033,1186,0.0,3.0,0.0,16,4,3,2,14,0,2,0
19040,3410,0.0,6.0,0.0,2,1,1,2,1,0,1,0
190636,1049,0.0,2.0,1.0,2,1,1,1,1,0,1,0
190865,3856,0.0,0.0,1.0,5,1,1,2,4,0,1,0
19105,4835,0.0,0.0,0.0,2,1,1,1,1,0,1,0
191145,4044,0.0,3.0,1.0,20,4,2,4,18,0,2,0
191163,1509,0.0,0.0,1.0,1,1,1,1,0,0,1,0
191882,4170,0.0,5.0,0.0,9,4,2,1,6,0,3,0
192366,310,0.0,2.0,1.0,1,1,1,1,0,0,1,0
193068,1142,0.0,4.0,0.0,12,3,2,2,10,0,1,1
193291,1916,0.0,4.0,1.0,4,1,1,1,3,0,1,0
193378,4545,0.0,0.0,0.0,2,1,1,1,1,0,1,0
193611,3826,1.0,4.0,1.0,1,1,1,1,0,0,1,0
193671,1683,1.0,0.0,0.0,2,1,1,1,1,0,1,0
193700,643,0.0,4.0,0.0,4,3,2,1,3,0,1,0
194037,4938,0.0,0.0,1.0,4,1,1,2,2,0,1,1
195058,608,0.0,3.0,0.0,2,2,1,1,0,0,2,0
195088,2000,1.0,0.0,0.0,10,2,1,2,8,0,1,1
195943,3501,0.0,3.0,1.0,3,2,2,2,2,0,1,0
196421,590,0.0,2.0,1.0,3,1,1,1,2,0,1,0
196707,3844,0.0,4.0,0.0,11,5,3,2,10,0,1,0
196846,2954,0.0,0.0,1.0,25,12,5,2,21,0,2,2
197044,2928,0.0,4.0,0.0,16,7,4,2,15,0,1,0
197096,1102,0.0,4.0,0.0,96,43,11,25,93,0,1,2
197520,3828,0.0,6.0,0.0,171,110,16,10,164,0,3,4
197570,4847,0.0,2.0,2.0,11,9,3,5,10,0,1,0
197719,2766,0.0,4.0,1.0,5,2,2,1,4,0,1,0
197897,2039,0.0,5.0,0.0,2,1,1,2,0,0,1,1
197944,2710,0.0,3.0,0.0,5,1,1,3,2,0,1,2
198232,3843,0.0,0.0,0.0,86,10,5,5,79,3,2,2
198818,4234,0.0,3.0,1.0,2,1,1,1,1,0,1,0
199764,1340,0.0,6.0,0.0,3,3,1,2,1,0,2,0
200248,3938,0.0,2.0,0.0,4,1,1,1,3,0,1,0
200766,4871,0.0,2.0,0.0,1,1,1,1,0,0,1,0
201690,3828,0.0,6.0,0.0,17,13,5,4,15,0,1,1
201768,938,0.0,5.0,0.0,28,17,9,2,25,0,3,0
201871,1895,0.0,4.0,0.0,1,1,1,1,0,0,1,0
201871,4339,0.0,4.0,0.0,1,1,1,1,0,0,1,0
202246,3428,0.0,4.0,1.0,20,8,5,3,19,0,1,0
20244,1514,1.0,4.0,0.0,1,1,1,1,0,0,1,0
203159,3034,0.0,3.0,1.0,4,1,1,1,3,0,1,0
203242,3734,0.0,4.0,1.0,4,1,1,1,2,0,2,0
203293,2928,0.0,2.0,0.0,5,2,1,1,4,0,1,0
20332,1407,0.0,3.0,1.0,125,74,1,8,122,0,2,1
203337,3484,0.0,3.0,1.0,8,3,1,3,4,0,1,3
203728,2915,0.0,4.0,0.0,13,6,5,2,10,0,2,1
203735,4993,0.0,3.0,0.0,3,2,1,2,2,0,1,0
20382,1892,0.0,3.0,1.0,7,6,3,2,6,0,1,0
20396,418,0.0,0.0,0.0,4,2,1,1,3,0,1,0
204363,2684,0.0,6.0,0.0,19,9,7,1,17,0,2,0
204493,4966,0.0,3.0,0.0,1,1,1,1,0,0,1,0
204735,1916,1.0,3.0,0.0,1,1,1,1,0,0,1,0
205038,598,0.0,3.0,0.0,12,3,3,1,10,0,2,0
205803,4358,0.0,4.0,1.0,2,1,1,1,1,0,1,0
206112,2102,0.0,0.0,1.0,4,1,1,1,2,1,1,0
206308,3965,0.0,4.0,0.0,13,3,1,2,11,0,2,0
20750,661,0.0,0.0,0.0,5,3,1,1,4,0,1,0
208333,3753,0.0,3.0,1.0,6,1,1,2,5,0,1,0
208446,1102,0.0,4.0,1.0,1,1,1,1,0,0,1,0
208623,95,0.0,6.0,0.0,5,2,1,1,4,0,1,0
208868,4818,0.0,3.0,1.0,11,7,4,1,10,0,1,0
208975,4976,0.0,3.0,0.0,12,4,1,1,11,0,1,0
209434,3925,1.0,0.0,0.0,15,12,8,3,12,0,2,1
20958,1833,0.0,3.0,0.0,5,3,1,1,3,0,2,0
210239,289,0.0,6.0,0.0,4,1,1,1,3,0,1,0
210377,2318,0.0,3.0,1.0,8,2,1,1,7,0,1,0
210874,2173,0.0,0.0,0.0,4,1,1,1,3,0,1,0
211434,4585,0.0,5.0,2.0,9,5,2,2,8,0,1,0
21179,1193,0.0,3.0,1.0,1,1,1,1,0,0,1,0
211896,3925,0.0,4.0,0.0,7,2,1,2,6,0,1,0
212168,2162,0.0,2.0,1.0,36,19,1,2,33,0,2,1
213330,2435,0.0,4.0,1.0,1,1,1,1,0,0,1,0
213494,474,1.0,3.0,0.0,12,6,5,2,11,0,1,0
213715,3105,0.0,2.0,1.0,1,1,1,1,0,0,1,0
213954,4280,0.0,3.0,0.0,2,1,1,1,1,0,1,0
214115,2217,0.0,3.0,0.0,53,34,2,12,52,0,1,0
21412,1370,0.0,6.0,0.0,8,3,2,1,7,0,1,0
215557,4841,0.0,6.0,0.0,3,1,1,1,2,0,1,0
215706,2913,0.0,0.0,0.0,2,1,1,1,1,0,1,0
21610,145,0.0,3.0,0.0,16,5,1,2,12,0,1,3
216621,3682,0.0,4.0,0.0,2,1,1,1,1,0,1,0
216976,1487,0.0,2.0,0.0,24,6,1,3,22,0,1,1
217040,547,0.0,3.0,1.0,5,2,1,1,4,0,1,0
217397,1050,0.0,0.0,1.0,5,2,2,2,4,0,1,0
217470,3152,0.0,4.0,0.0,2,1,1,1,1,0,1,0
217472,1134,0.0,3.0,0.0,4,1,1,2,3,0,1,0
217661,1466,0.0,4.0,0.0,4,1,1,1,3,0,1,0
218001,2537,0.0,5.0,0.0,1,1,1,1,0,0,1,0
218098,4787,0.0,4.0,0.0,2,1,1,1,1,0,1,0
21815,2031,0.0,4.0,1.0,4,2,1,1,3,0,1,0
218215,479,0.0,4.0,0.0,12,1,1,1,10,0,1,1
218404,3925,0.0,3.0,0.0,3,3,2,1,1,1,1,0
218483,3623,0.0,2.0,0.0,10,3,2,1,8,0,2,0
218783,685,0.0,4.0,0.0,4,3,1,1,3,0,1,0
219046,2320,0.0,3.0,1.0,11,2,2,1,10,0,1,0
21912,2821,0.0,4.0,1.0,8,2,2,1,6,0,1,1
219131,3622,0.0,4.0,0.0,2,1,1,1,1,0,1,0
219405,2318,0.0,3.0,0.0,4,1,1,1,2,0,1,1
219745,4976,0.0,6.0,0.0,6,5,3,2,5,0,1,0
22001,2669,0.0,0.0,0.0,14,5,2,2,12,1,1,0
220453,4850,0.0,6.0,0.0,2,2,2,1,0,0,2,0
221133,946,0.0,4.0,1.0,36,22,4,4,33,0,1,2
221171,4427,0.0,4.0,0.0,7,1,1,4,5,0,1,1
22154,3126,0.0,3.0,0.0,7,1,1,3,5,0,1,1
221620,3828,0.0,5.0,0.0,3,1,1,1,2,0,1,0
222046,3734,0.0,2.0,1.0,2,1,1,1,1,0,1,0
222179,3925,0.0,4.0,0.0,25,3,3,6,23,0,1,1
22224,2637,0.0,4.0,0.0,2,1,1,1,1,0,1,0
222553,4048,0.0,3.0,0.0,6,5,1,1,4,0,2,0
222958,1077,0.0,0.0,0.0,6,2,1,1,4,0,1,1
222987,2791,0.0,2.0,0.0,5,2,1,2,2,0,1,2
223101,467,0.0,3.0,0.0,1,1,1,1,0,0,1,0
223637,1850,0.0,3.0,1.0,12,3,1,1,11,0,1,0
223676,3484,0.0,5.0,1.0,13,5,2,3,11,1,1,0
224047,3602,0.0,3.0,0.0,2,1,1,2,1,0,1,0
224165,4072,1.0,0.0,1.0,8,5,3,1,6,0,2,0
224774,2318,0.0,3.0,1.0,13,7,3,1,12,0,1,0
224868,1200,0.0,3.0,0.0,4,1,1,2,2,0,2,0
225487,4525,0.0,7.0,0.0,8,6,2,1,0,0,7,1
225517,1200,0.0,0.0,0.0,9,1,1,1,4,0,5,0
225522,4760,0.0,3.0,1.0,3,1,1,1,2,0,1,0
225583,2582,0.0,0.0,0.0,2,1,1,1,1,0,1,0
22600,4724,0.0,4.0,2.0,2,1,1,1,1,0,1,0
226232,4585,0.0,3.0,0.0,1,1,1,1,0,0,1,0
226704,742,0.0,0.0,0.0,1,1,1,1,0,0,1,0
227470,145,0.0,7.0,0.0,4,1,1,2,2,0,1,1
227471,3173,0.0,5.0,1.0,10,3,1,2,5,0,5,0
227907,4667,0.0,3.0,0.0,25,9,3,3,17,0,1,7
228221,4718,0.0,5.0,0.0,20,6,3,3,17,0,1,2
228925,2051,0.0,6.0,0.0,7,1,1,2,5,0,1,1
229159,2030,0.0,4.0,1.0,7,2,1,3,6,0,1,0
229191,1243,0.0,3.0,1.0,14,5,1,1,13,0,1,0
229844,1861,0.0,5.0,0.0,2,1,1,1,1,0,1,0
229866,1000,0.0,3.0,0.0,5,1,1,1,4,0,1,0
230092,361,0.0,6.0,1.0,29,6,1,7,28,0,1,0
230146,1102,0.0,3.0,0.0,28,15,8,7,23,0,1,4
23024,1892,0.0,5.0,0.0,19,13,6,4,18,0,1,0
230248,1840,0.0,3.0,0.0,5,2,1,1,4,0,1,0
231381,4273,0.0,0.0,0.0,6,4,3,1,5,0,1,0
23175,2664,0.0,3.0,0.0,8,3,1,1,6,0,2,0
232132,4950,0.0,0.0,0.0,5,1,1,1,4,0,1,0
23227,4044,0.0,3.0,0.0,41,21,8,2,39,0,1,1
232596,1968,0.0,6.0,1.0,3,1,1,1,2,0,1,0
232736,1833,0.0,5.0,0.0,19,5,2,3,17,0,2,0
232817,1049,0.0,0.0,1.0,7,1,1,2,6,0,1,0
232943,1840,0.0,3.0,1.0,10,6,3,2,9,0,1,0
232996,1642,0.0,6.0,1.0,4,2,1,1,3,0,1,0
233123,1415,1.0,0.0,0.0,3,2,1,1,0,0,1,2
23319,606,0.0,3.0,0.0,9,3,2,2,6,0,2,1
233382,1892,0.0,3.0,1.0,2,1,1,1,1,0,1,0
23359,2277,0.0,4.0,1.0,5,4,3,1,4,0,1,0
233944,3472,0.0,0.0,1.0,2,1,1,1,1,0,1,0
234006,4605,0.0,4.0,0.0,29,4,4,7,25,0,2,2
234761,3473,0.0,5.0,0.0,4,2,2,3,3,0,1,0
234916,4039,0.0,0.0,0.0,1,1,1,1,0,0,1,0
234990,1890,0.0,5.0,0.0,4,2,2,2,3,0,1,0
235073,3885,0.0,4.0,1.0,1,1,1,1,0,0,1,0
235174,1916,0.0,6.0,0.0,3,1,1,1,2,0,1,0
235542,3936,0.0,3.0,1.0,10,2,2,1,9,0,1,0
236384,2569,0.0,3.0,0.0,14,4,1,2,11,0,3,0
236485,3444,0.0,3.0,1.0,8,2,1,2,6,0,1,1
236909,4585,0.0,4.0,1.0,3,2,1,1,2,0,1,0
237366,4942,0.0,0.0,0.0,1,1,1,1,0,0,1,0
23746,643,0.0,4.0,0.0,38,23,5,6,36,0,2,0
237693,4871,1.0,3.0,0.0,1,1,1,1,0,0,1,0
238215,4850,0.0,4.0,0.0,42,8,7,2,39,0,3,0
238690,316,0.0,2.0,1.0,40,8,1,5,36,0,2,2
239865,3954,0.0,3.0,0.0,3,1,1,1,1,0,2,0
239875,1370,0.0,3.0,0.0,7,5,2,1,6,0,1,0
23990,4048,0.0,2.0,1.0,1,1,1,1,0,0,1,0
240056,1850,1.0,5.0,1.0,2,1,1,1,1,0,1,0
240197,3305,0.0,3.0,0.0,11,5,1,1,8,0,1,2
24038,742,0.0,0.0,0.0,9,5,3,3,8,0,1,0
241063,2424,0.0,3.0,0.0,4,1,1,1,3,0,1,0
241810,3993,1.0,3.0,2.0,3,1,1,1,2,0,1,0
241901,2849,0.0,0.0,0.0,25,11,2,6,24,0,1,0
242028,1166,0.0,6.0,1.0,6,1,1,2,5,0,1,0
242102,4044,0.0,3.0,0.0,76,50,14,3,74,0,2,0
242321,1821,0.0,5.0,0.0,3,1,1,1,2,0,1,0
242362,2954,0.0,4.0,0.0,5,2,1,1,4,0,1,0
242849,3614,0.0,4.0,1.0,2,2,2,1,0,0,2,0
243028,2318,0.0,3.0,1.0,2,1,1,1,1,0,1,0
243031,4882,0.0,3.0,1.0,2,1,1,2,1,0,1,0
243722,2422,0.0,2.0,0.0,18,8,3,1,15,0,2,1
24424,3471,0.0,0.0,0.0,7,1,1,2,5,0,2,0
245708,66,0.0,0.0,1.0,5,1,1,2,2,0,1,2
246787,574,0.0,4.0,0.0,7,1,1,2,5,0,2,0
247438,1840,0.0,3.0,0.0,2,1,1,1,1,0,1,0
247674,522,0.0,2.0,null,4,1,1,1,3,0,1,0
247762,682,0.0,4.0,0.0,17,10,4,3,16,0,1,0
247852,4282,0.0,3.0,1.0,2,2,1,1,0,0,2,0
248003,2277,0.0,3.0,1.0,10,5,2,3,9,0,1,0
248791,2173,0.0,3.0,0.0,9,6,1,2,8,0,1,0
248883,1049,0.0,2.0,1.0,1,1,1,1,0,0,1,0
249523,2031,0.0,3.0,0.0,3,1,1,1,2,0,1,0
24987,4079,0.0,4.0,1.0,4,3,2,1,0,0,4,0
250054,4536,0.0,0.0,0.0,3,1,1,1,2,0,1,0
25009,3887,0.0,6.0,0.0,10,5,2,2,9,0,1,0
251033,2204,0.0,3.0,1.0,5,1,1,1,3,0,2,0
251235,3828,0.0,0.0,0.0,110,30,6,2,108,0,1,1
251402,2138,0.0,0.0,0.0,11,2,2,3,10,0,1,0
251867,4659,0.0,3.0,0.0,2,1,1,2,0,0,1,1
251958,259,0.0,0.0,0.0,2,2,2,2,1,0,1,0
251958,4848,0.0,0.0,0.0,16,5,2,3,13,0,3,0
252936,3318,0.0,0.0,0.0,2,1,1,1,1,0,1,0
253200,4724,0.0,5.0,0.0,4,1,1,1,3,0,1,0
25343,4085,0.0,3.0,0.0,2,1,1,1,1,0,1,0
253671,927,0.0,4.0,1.0,3,1,1,1,2,0,1,0
253676,416,0.0,0.0,0.0,2,2,1,2,0,0,1,1
253998,2318,1.0,4.0,2.0,13,5,2,1,11,0,1,1
255883,3476,0.0,4.0,0.0,6,2,2,2,4,0,1,1
255910,4526,0.0,3.0,1.0,11,1,1,3,9,0,1,1
256095,4569,0.0,2.0,0.0,3,1,1,1,2,0,1,0
256279,2700,0.0,2.0,0.0,9,3,1,1,8,0,1,0
256367,3111,0.0,0.0,0.0,2,1,1,1,1,0,1,0
25671,4594,0.0,2.0,0.0,8,2,2,1,7,0,1,0
256968,3828,0.0,0.0,0.0,46,18,6,8,37,0,1,8
25738,2459,1.0,3.0,2.0,37,17,5,5,29,0,5,3
257594,4044,0.0,3.0,0.0,12,6,2,1,11,0,1,0
257946,3614,0.0,3.0,0.0,2,1,1,1,0,0,1,1
25805,145,0.0,3.0,0.0,4,2,1,1,3,0,1,0
258165,3828,0.0,7.0,0.0,3,1,1,1,2,0,1,0
258246,2224,0.0,3.0,0.0,13,6,2,1,11,0,2,0
258499,1340,0.0,6.0,0.0,9,2,1,3,6,0,1,2
259118,2278,0.0,3.0,0.0,3,1,1,1,2,0,1,0
259306,1722,0.0,null,null,3,2,1,1,2,0,1,0
259374,4847,0.0,3.0,0.0,12,1,1,1,11,0,1,0
259556,4427,0.0,4.0,0.0,5,4,1,1,4,0,1,0
25975,2691,0.0,6.0,0.0,5,1,1,1,4,0,1,0
260752,2721,0.0,0.0,1.0,19,6,1,3,18,0,1,0
261167,425,0.0,4.0,1.0,2,1,1,2,1,0,1,0
261781,685,0.0,5.0,0.0,7,3,1,1,6,0,1,0
261866,1673,0.0,3.0,0.0,4,3,2,1,3,0,1,0
261961,3578,0.0,2.0,1.0,10,2,1,1,8,0,2,0
262886,4394,0.0,4.0,0.0,3,1,1,1,2,0,1,0
264009,2640,0.0,4.0,0.0,10,7,3,2,9,0,1,0
264136,4658,0.0,5.0,1.0,7,1,1,2,6,0,1,0
26431,812,0.0,0.0,0.0,2,1,1,1,1,0,1,0
264314,4394,0.0,6.0,0.0,10,3,1,2,9,0,1,0
264671,3073,0.0,3.0,0.0,1,1,1,1,0,0,1,0
26483,3136,0.0,2.0,1.0,11,2,1,1,10,0,1,0
264965,3057,0.0,0.0,0.0,5,3,2,2,4,0,1,0
265097,1435,0.0,6.0,1.0,6,3,2,1,5,0,1,0
265103,4131,0.0,5.0,0.0,1,1,1,1,0,0,1,0
265233,1096,0.0,6.0,1.0,16,3,1,3,14,0,1,1
26536,4760,0.0,2.0,1.0,9,7,2,1,8,0,1,0
265445,3578,0.0,2.0,0.0,15,6,2,3,13,0,1,1
265578,2938,0.0,3.0,1.0,16,6,3,2,13,0,1,2
265719,2193,0.0,2.0,1.0,6,4,1,1,5,0,1,0
265731,1749,0.0,3.0,0.0,6,1,1,2,4,1,1,0
266590,423,0.0,3.0,0.0,14,7,1,4,11,0,1,2
266622,168,0.0,7.0,0.0,6,3,3,1,4,0,2,0
266636,4474,0.0,0.0,0.0,2,1,1,1,1,0,1,0
267142,1379,0.0,3.0,0.0,4,2,1,1,3,0,1,0
267198,1056,0.0,4.0,0.0,6,1,1,2,5,0,1,0
267623,1875,1.0,0.0,0.0,8,5,2,3,7,0,1,0
267706,1875,0.0,7.0,0.0,1,1,1,1,0,0,1,0
268032,790,0.0,4.0,1.0,2,1,1,1,1,0,1,0
268191,2913,0.0,3.0,0.0,13,6,3,2,12,0,1,0
2683,684,0.0,2.0,0.0,4,2,2,1,2,0,2,0
268668,4091,0.0,4.0,1.0,2,1,1,1,1,0,1,0
268698,2424,0.0,5.0,0.0,1,1,1,1,0,0,1,0
269040,4049,1.0,3.0,0.0,2,2,1,2,0,0,1,1
269442,4659,0.0,5.0,1.0,8,5,2,2,6,0,2,0
269876,3828,0.0,0.0,0.0,3,1,1,3,2,0,1,0
270001,161,0.0,0.0,1.0,9,5,2,1,7,1,1,0
270136,1760,0.0,3.0,0.0,72,39,3,4,66,0,3,3
270180,3288,0.0,3.0,0.0,2,1,1,1,1,0,1,0
270841,416,1.0,6.0,0.0,66,39,10,5,64,0,2,0
271197,23,0.0,0.0,1.0,4,2,1,1,3,0,1,0
271206,1500,0.0,0.0,1.0,4,1,1,3,3,0,1,0
271480,798,0.0,2.0,0.0,4,1,1,1,3,0,1,0
271867,2452,0.0,2.0,0.0,17,5,2,1,16,0,1,0
271872,2821,1.0,0.0,0.0,8,3,2,1,6,0,1,1
271883,3936,0.0,3.0,0.0,6,1,1,1,5,0,1,0
272305,4282,0.0,2.0,0.0,4,1,1,1,3,0,1,0
272785,1760,0.0,3.0,1.0,13,5,2,1,7,0,6,0
273722,3444,0.0,0.0,1.0,2,1,1,1,0,0,1,1
274627,2721,0.0,0.0,0.0,3,2,2,2,2,0,1,0
274828,606,0.0,3.0,0.0,4,1,1,2,2,0,1,1
274911,3015,0.0,0.0,0.0,16,4,3,2,13,0,2,1
275697,4919,0.0,3.0,1.0,3,1,1,1,2,0,1,0
276064,603,0.0,4.0,1.0,11,2,1,1,7,0,4,0
276074,4091,0.0,2.0,1.0,2,1,1,1,1,0,1,0
276214,3608,0.0,3.0,0.0,2,1,1,1,1,0,1,0
276378,1074,0.0,0.0,1.0,2,1,1,1,1,0,1,0
27647,3350,0.0,0.0,1.0,2,1,1,1,1,0,1,0
277403,1500,0.0,3.0,0.0,3,1,1,2,2,0,1,0
277760,575,0.0,0.0,1.0,3,1,1,1,2,0,1,0
277809,4564,0.0,4.0,0.0,4,1,1,2,3,0,1,0
277881,738,0.0,2.0,0.0,4,1,1,2,2,0,1,1
278133,3771,0.0,3.0,0.0,2,1,1,1,1,0,1,0
278319,748,0.0,4.0,0.0,8,2,1,1,7,0,1,0
278710,2696,0.0,4.0,0.0,5,2,2,2,4,0,1,0
278783,1346,0.0,4.0,0.0,10,7,1,1,9,0,1,0
278913,2102,0.0,0.0,0.0,1,1,1,1,0,0,1,0
279040,1923,0.0,0.0,0.0,2,1,1,1,1,0,1,0
279736,2128,0.0,6.0,0.0,9,3,1,1,8,0,1,0
28017,2981,0.0,4.0,null,3,2,1,1,0,0,1,2
280236,960,0.0,6.0,0.0,16,4,1,2,14,0,1,1
280532,3640,0.0,2.0,1.0,2,1,1,1,1,0,1,0
280602,3541,0.0,4.0,0.0,1,1,1,1,0,0,1,0
281159,4173,0.0,4.0,0.0,9,3,1,1,8,0,1,0
281792,3304,0.0,3.0,0.0,4,2,2,2,1,0,3,0
282147,1742,0.0,2.0,1.0,18,9,1,2,16,0,2,0
282536,255,0.0,3.0,0.0,3,1,1,1,2,0,1,0
282582,742,0.0,3.0,0.0,6,1,1,1,5,0,1,0
282772,361,0.0,6.0,0.0,4,2,1,1,3,0,1,0
283134,897,0.0,0.0,0.0,4,2,1,1,3,0,1,0
283185,1393,0.0,0.0,0.0,11,4,2,5,9,1,1,0
283489,1514,0.0,6.0,0.0,3,2,1,2,2,0,1,0
283490,1486,0.0,4.0,1.0,3,1,1,1,2,0,1,0
283595,1346,0.0,5.0,0.0,18,5,1,3,15,0,2,1
283676,2138,0.0,3.0,2.0,36,19,6,5,34,0,2,0
284013,4864,0.0,5.0,0.0,7,6,3,2,6,0,1,0
284150,1878,0.0,3.0,0.0,4,1,1,1,3,0,1,0
284378,4992,0.0,3.0,0.0,1,1,1,1,0,0,1,0
285600,293,0.0,3.0,2.0,5,1,1,2,2,0,2,1
285948,3063,0.0,3.0,0.0,4,2,2,2,3,0,1,0
286154,3990,0.0,4.0,1.0,12,3,1,3,11,0,1,0
286205,2954,1.0,4.0,1.0,31,13,7,4,30,0,1,0
286419,1102,0.0,5.0,0.0,10,8,2,1,9,0,1,0
286704,3732,0.0,2.0,0.0,14,6,2,3,10,0,1,3
286860,747,0.0,null,null,4,2,1,1,3,0,1,0
286926,598,0.0,2.0,1.0,14,8,3,2,13,0,1,0
286937,3635,0.0,3.0,0.0,12,1,1,2,9,0,3,0
287348,4336,0.0,5.0,2.0,1,1,1,1,0,0,1,0
28768,3263,0.0,4.0,0.0,5,4,4,2,4,0,1,0
287695,2565,0.0,4.0,1.0,15,3,1,2,13,0,2,0
287923,4173,0.0,0.0,0.0,4,2,2,2,3,0,1,0
287944,3892,0.0,2.0,0.0,8,2,1,1,7,0,1,0
288211,606,0.0,2.0,0.0,5,1,1,3,3,0,1,1
288818,4044,0.0,3.0,0.0,1,1,1,1,0,0,1,0
288891,2403,0.0,6.0,0.0,16,12,2,1,15,0,1,0
289011,3819,0.0,3.0,1.0,24,3,1,3,21,2,1,0
289186,4282,0.0,3.0,1.0,44,15,4,12,43,0,1,0
289250,2721,0.0,3.0,0.0,1,1,1,1,0,0,1,0
289365,4394,0.0,2.0,0.0,3,1,1,1,2,0,1,0
289827,2954,0.0,3.0,0.0,6,4,3,2,5,0,1,0
28991,3284,0.0,3.0,1.0,1,1,1,1,0,0,1,0
290306,3170,0.0,4.0,0.0,11,8,3,1,10,0,1,0
290354,1719,0.0,0.0,0.0,2,1,1,1,1,0,1,0
290380,4044,0.0,3.0,0.0,99,47,12,9,71,0,2,26
290905,2537,0.0,3.0,0.0,1,1,1,1,0,0,1,0
290977,3912,0.0,5.0,0.0,5,2,1,1,3,0,2,0
29099,4336,0.0,2.0,0.0,3,1,1,1,2,0,1,0
291252,289,0.0,3.0,0.0,2,1,1,2,1,0,1,0
29210,1679,0.0,4.0,1.0,8,3,3,3,6,0,1,1
292979,4171,0.0,6.0,1.0,4,1,1,2,2,0,2,0
293436,4504,0.0,0.0,0.0,11,3,1,2,10,0,1,0
293716,2565,0.0,3.0,0.0,4,1,1,2,3,0,1,0
294104,798,0.0,4.0,0.0,11,7,4,2,10,0,1,0
294222,4225,0.0,3.0,0.0,3,1,1,1,2,0,1,0
294814,2318,0.0,7.0,1.0,1,1,1,1,0,0,1,0
295202,2225,0.0,4.0,0.0,26,14,6,5,25,0,1,0
29605,2328,0.0,6.0,0.0,8,3,1,2,7,0,1,0
296092,2699,0.0,6.0,0.0,127,23,2,14,118,0,2,7
296397,2273,0.0,3.0,0.0,2,1,1,2,0,0,1,1
29642,2537,0.0,4.0,0.0,3,1,1,1,2,0,1,0
29647,2721,0.0,6.0,0.0,1,1,1,1,0,0,1,0
296487,4731,0.0,3.0,0.0,4,2,2,3,2,0,1,1
296541,2592,0.0,3.0,0.0,9,5,4,1,8,0,1,0
29664,4402,0.0,6.0,1.0,67,23,4,8,65,0,2,0
296864,4850,0.0,5.0,0.0,23,11,3,4,20,0,3,0
296956,1090,0.0,3.0,0.0,3,2,2,1,2,0,1,0
297538,2882,0.0,3.0,0.0,11,4,1,3,10,0,1,0
29788,3484,0.0,0.0,0.0,8,2,1,4,7,0,1,0
297946,3956,0.0,4.0,0.0,22,5,2,6,18,0,2,2
298051,946,0.0,0.0,0.0,16,8,4,2,14,0,1,1
298160,1102,0.0,3.0,1.0,9,2,1,1,8,0,1,0
298355,3271,0.0,4.0,1.0,13,3,2,3,12,0,1,0
298648,1485,1.0,0.0,0.0,13,8,2,3,11,0,2,0
299637,4349,0.0,3.0,1.0,6,1,1,1,5,0,1,0
299873,3345,0.0,4.0,0.0,3,2,2,1,2,0,1,0
300025,1923,0.0,5.0,0.0,7,4,1,1,6,0,1,0
300034,731,0.0,0.0,0.0,4,1,1,1,3,0,1,0
300364,4234,0.0,5.0,0.0,21,8,5,7,12,0,1,8
30052,1013,0.0,5.0,0.0,7,1,1,1,6,0,1,0
300913,3080,0.0,2.0,1.0,1,1,1,1,0,0,1,0
300929,3266,0.0,3.0,1.0,3,1,1,1,2,0,1,0
301081,1074,0.0,4.0,0.0,26,12,2,3,24,0,2,0
301656,1704,0.0,7.0,0.0,36,16,6,5,35,0,1,0
302022,1102,0.0,0.0,0.0,6,3,1,1,5,0,1,0
302069,4325,0.0,3.0,1.0,12,8,3,1,11,0,1,0
302788,4280,0.0,0.0,0.0,3,1,1,2,1,0,1,1
303040,3289,0.0,4.0,1.0,5,1,1,3,3,0,1,1
303225,1093,0.0,0.0,1.0,9,5,3,2,8,0,1,0
304193,4044,0.0,0.0,0.0,6,2,2,1,5,0,1,0
304285,1840,0.0,4.0,0.0,4,1,1,1,3,0,1,0
304496,2664,0.0,6.0,0.0,18,11,4,2,17,0,1,0
30477,4659,0.0,4.0,0.0,2,1,1,1,1,0,1,0
304890,3826,0.0,3.0,1.0,2,1,1,2,1,0,1,0
305162,4458,0.0,4.0,0.0,4,1,1,1,3,0,1,0
305288,1522,0.0,0.0,1.0,3,1,1,2,2,0,1,0
305423,2935,0.0,3.0,1.0,4,1,1,2,3,0,1,0
306273,2545,0.0,3.0,0.0,15,7,5,3,13,0,2,0
306749,4420,0.0,4.0,0.0,9,4,2,2,8,0,1,0
306802,4659,0.0,0.0,0.0,99,32,7,3,88,0,6,5
307221,481,0.0,0.0,0.0,1,1,1,1,0,0,1,0
307358,4791,0.0,0.0,0.0,1,1,1,1,0,0,1,0
307442,3191,0.0,3.0,0.0,1,1,1,1,0,0,1,0
307592,4414,0.0,0.0,0.0,10,3,1,1,9,0,1,0
307628,1318,0.0,3.0,0.0,3,3,3,1,0,0,3,0
307902,215,0.0,6.0,null,2,1,1,1,1,0,1,0
308065,2178,0.0,0.0,0.0,10,4,1,1,9,0,1,0
308609,4976,0.0,3.0,1.0,26,16,6,2,24,0,1,1
308851,1223,0.0,0.0,0.0,21,9,1,1,18,0,3,0
308923,4270,0.0,3.0,0.0,14,5,2,1,11,0,3,0
308946,2537,0.0,3.0,0.0,25,9,4,2,23,0,2,0
309065,2537,0.0,0.0,0.0,3,1,1,1,2,0,1,0
309594,1283,0.0,2.0,0.0,18,7,5,5,15,0,1,2
309711,4090,0.0,0.0,0.0,2,1,1,1,1,0,1,0
310427,797,0.0,3.0,0.0,5,1,1,1,4,0,1,0
310467,1203,0.0,0.0,1.0,3,1,1,2,2,0,1,0
310514,4427,0.0,3.0,0.0,56,15,2,2,53,0,2,1
31107,598,0.0,6.0,0.0,4,1,1,2,3,0,1,0
311349,2403,0.0,3.0,0.0,8,8,1,2,6,0,2,0
312330,3500,0.0,4.0,0.0,4,1,1,2,3,0,1,0
313384,2187,1.0,0.0,0.0,9,5,1,2,8,0,1,0
314008,2031,0.0,2.0,0.0,4,1,1,1,3,0,1,0
3149,1816,0.0,3.0,1.0,3,2,1,1,2,0,1,0
315316,4044,0.0,5.0,0.0,2,1,1,1,1,0,1,0
31554,255,0.0,4.0,0.0,5,1,1,2,3,0,1,1
315863,1203,0.0,0.0,0.0,68,29,9,6,67,0,1,0
315895,3835,1.0,null,null,8,7,3,1,7,0,1,0
315904,508,0.0,0.0,0.0,2,1,1,1,1,0,1,0
31605,3734,0.0,4.0,1.0,13,4,4,3,12,0,1,0
316304,2565,1.0,0.0,0.0,44,21,1,3,42,0,2,0
316415,71,0.0,3.0,1.0,17,4,1,2,15,0,2,0
316730,227,0.0,0.0,null,2,1,1,1,1,0,1,0
317476,2821,0.0,3.0,1.0,77,13,4,3,74,0,3,0
317522,4864,0.0,0.0,0.0,6,2,2,2,5,0,1,0
317624,2505,0.0,2.0,0.0,8,2,1,2,7,0,1,0
318673,3955,0.0,4.0,0.0,3,1,1,2,2,0,1,0
319292,1926,0.0,2.0,0.0,37,19,9,8,30,0,1,6
319479,3432,0.0,5.0,0.0,13,2,2,3,12,0,1,0
319609,1357,0.0,3.0,0.0,3,2,1,1,2,0,1,0
32021,1102,0.0,4.0,1.0,15,9,2,1,13,0,2,0
320469,2099,0.0,5.0,0.0,7,1,1,1,6,0,1,0
32047,1393,0.0,3.0,0.0,3,1,1,3,0,0,1,2
320949,4385,0.0,6.0,0.0,10,3,1,1,4,0,3,3
321092,4976,0.0,4.0,0.0,16,7,3,5,15,0,1,0
321378,1073,0.0,3.0,0.0,2,1,1,1,1,0,1,0
321441,4791,0.0,0.0,0.0,13,4,2,2,12,0,1,0
321672,4173,0.0,4.0,0.0,4,4,3,3,0,0,2,2
321698,1310,0.0,3.0,0.0,25,16,7,2,23,0,1,1
321920,1704,0.0,5.0,1.0,8,3,2,2,6,0,1,1
322006,3319,0.0,4.0,0.0,7,2,2,2,6,0,1,0
322461,4040,0.0,3.0,0.0,3,1,1,1,2,0,1,0
32291,2278,0.0,6.0,0.0,2,1,1,1,1,0,1,0
322962,2935,0.0,5.0,1.0,7,2,1,2,6,0,1,0
323518,4919,0.0,0.0,0.0,6,1,1,2,5,0,1,0
323643,962,0.0,4.0,0.0,18,12,6,2,15,0,2,1
323919,1963,0.0,6.0,0.0,82,29,1,3,81,0,1,0
323926,4265,0.0,2.0,1.0,4,2,2,2,3,0,1,0
32406,2217,0.0,5.0,0.0,1,1,1,1,0,0,1,0
32457,2140,0.0,0.0,0.0,1,1,1,1,0,0,1,0
324708,4987,0.0,2.0,0.0,2,2,2,2,1,0,1,0
324754,3558,1.0,5.0,0.0,9,1,1,2,7,0,1,1
325429,3828,0.0,0.0,0.0,7,5,5,3,4,0,1,2
325543,3065,0.0,4.0,0.0,13,5,3,1,9,0,4,0
325673,3968,0.0,2.0,0.0,5,1,1,1,4,0,1,0
325864,614,0.0,5.0,1.0,3,1,1,1,2,0,1,0
325909,946,0.0,5.0,0.0,2,1,1,1,1,0,1,0
326558,3614,0.0,6.0,1.0,8,1,1,1,7,0,1,0
327448,4234,0.0,0.0,0.0,8,6,3,3,7,0,1,0
327619,323,0.0,7.0,0.0,5,2,1,2,3,0,1,1
327778,1890,0.0,6.0,0.0,42,9,1,10,41,0,1,0
328104,1102,0.0,3.0,1.0,32,16,8,3,29,0,3,0
32857,4650,0.0,2.0,0.0,2,1,1,1,1,0,1,0
32881,1134,0.0,0.0,0.0,2,1,1,1,1,0,1,0
329529,2273,0.0,4.0,0.0,5,1,1,2,3,0,1,1
329616,1592,0.0,3.0,0.0,3,2,1,1,2,0,1,0
330013,1102,1.0,3.0,1.0,13,6,4,3,11,0,1,1
33023,361,1.0,6.0,0.0,91,40,5,5,85,0,2,4
330487,3968,0.0,3.0,0.0,3,2,2,1,0,0,3,0
330550,3022,0.0,0.0,1.0,7,2,1,2,6,0,1,0
330726,606,1.0,4.0,0.0,22,9,2,1,20,0,1,1
330811,1538,0.0,4.0,0.0,2,1,1,2,1,0,1,0
331104,187,1.0,3.0,1.0,5,1,1,2,4,0,1,0
331564,2353,0.0,0.0,0.0,4,2,1,2,3,0,1,0
331769,1102,0.0,3.0,0.0,6,2,2,2,5,0,1,0
331803,133,0.0,3.0,0.0,6,2,1,1,5,0,1,0
331937,1133,0.0,2.0,1.0,1,1,1,1,0,0,1,0
332791,4267,0.0,4.0,1.0,68,32,7,1,66,0,2,0
33328,625,0.0,7.0,0.0,3,1,1,2,2,0,1,0
333498,3191,0.0,3.0,0.0,6,1,1,1,5,0,1,0
333685,2577,0.0,8.0,0.0,29,9,1,4,28,0,1,0
333812,4305,0.0,3.0,1.0,3,1,1,1,2,0,1,0
333994,3200,0.0,4.0,0.0,5,4,3,3,0,0,1,4
334114,1203,1.0,0.0,0.0,1,1,1,1,0,0,1,0
33433,1115,0.0,0.0,1.0,6,2,1,2,4,0,1,1
334538,4043,0.0,2.0,0.0,12,6,4,1,8,0,4,0
334813,4760,0.0,0.0,0.0,17,11,4,1,14,0,3,0
335589,4976,0.0,3.0,0.0,62,36,6,7,46,0,4,12
335802,3502,0.0,0.0,null,6,1,1,1,4,0,1,1
336252,1031,0.0,3.0,0.0,49,17,2,2,45,0,3,1
336258,946,0.0,5.0,0.0,29,12,3,3,26,0,1,2
336374,818,0.0,4.0,1.0,3,1,1,1,2,0,1,0
336597,145,0.0,2.0,0.0,15,3,1,4,13,0,1,1
336798,4687,0.0,0.0,1.0,2,1,1,2,0,0,1,1
337325,4987,0.0,4.0,1.0,3,1,1,1,2,0,1,0
337474,1968,0.0,2.0,1.0,3,1,1,1,2,0,1,0
337561,4282,1.0,3.0,1.0,29,19,5,2,27,0,2,0
338627,4385,0.0,6.0,0.0,2,1,1,1,1,0,1,0
339344,4282,1.0,3.0,0.0,4,2,1,2,3,0,1,0
339390,426,0.0,3.0,1.0,2,1,1,1,1,0,1,0
339550,1677,0.0,4.0,0.0,6,1,1,1,3,0,3,0
339899,3689,0.0,3.0,0.0,3,2,2,2,2,0,1,0
340110,4079,0.0,3.0,0.0,16,9,3,2,11,0,5,0
340155,191,0.0,4.0,1.0,2,1,1,1,1,0,1,0
340332,3965,1.0,0.0,0.0,7,2,1,2,5,0,1,1
340354,1890,0.0,4.0,0.0,6,5,3,2,5,0,1,0
341309,1816,0.0,0.0,0.0,7,1,1,1,6,0,1,0
341341,3734,0.0,3.0,1.0,9,5,1,1,8,0,1,0
341698,1193,0.0,6.0,0.0,9,1,1,2,8,0,1,0
341744,1346,0.0,4.0,2.0,15,6,1,4,13,0,1,1
341790,4048,0.0,4.0,0.0,2,2,1,1,0,0,2,0
341793,2273,0.0,3.0,0.0,14,4,1,5,12,0,1,1
341902,4044,1.0,0.0,0.0,62,34,9,9,54,0,3,5
342162,1067,1.0,6.0,0.0,12,1,1,3,11,0,1,0
342427,2051,0.0,3.0,0.0,6,2,1,1,5,0,1,0
342452,2669,0.0,6.0,0.0,9,3,2,1,8,0,1,0
342515,575,0.0,3.0,1.0,4,2,1,1,3,0,1,0
342749,606,0.0,6.0,0.0,1,1,1,1,0,0,1,0
342812,3126,0.0,6.0,0.0,19,5,5,2,15,0,2,2
343349,4336,0.0,3.0,1.0,4,1,1,2,2,1,1,0
343350,2318,0.0,4.0,0.0,3,2,1,2,2,0,1,0
343839,361,0.0,4.0,0.0,13,7,3,1,9,0,1,3
343921,4726,0.0,0.0,1.0,63,20,10,1,53,0,7,3
344105,826,0.0,3.0,0.0,5,3,3,1,4,0,1,0
344344,4985,0.0,0.0,0.0,8,2,1,1,6,0,2,0
344872,575,0.0,4.0,1.0,7,1,1,2,6,0,1,0
344959,4115,0.0,3.0,0.0,5,1,1,2,4,0,1,0
345259,742,0.0,6.0,0.0,8,3,1,2,7,0,1,0
345317,1861,0.0,2.0,0.0,2,1,1,1,1,0,1,0
345513,4966,0.0,4.0,1.0,3,1,1,2,2,0,1,0
34562,133,0.0,3.0,0.0,11,6,2,4,7,0,1,3
345803,4351,0.0,0.0,1.0,4,2,1,1,3,0,1,0
346051,3171,0.0,2.0,0.0,4,1,1,1,3,0,1,0
346074,3822,0.0,3.0,0.0,34,13,1,2,33,0,1,0
346532,2318,0.0,4.0,0.0,23,2,1,1,22,0,1,0
346770,508,0.0,4.0,0.0,4,2,1,1,3,0,1,0
346861,2810,0.0,3.0,0.0,3,2,1,1,2,0,1,0
346938,3826,0.0,3.0,1.0,3,1,1,1,2,0,1,0
347715,3159,0.0,3.0,1.0,35,7,2,1,31,0,1,3
34805,773,0.0,4.0,0.0,1,1,1,1,0,0,1,0
348141,141,0.0,0.0,0.0,35,4,2,7,33,0,1,1
348324,323,0.0,6.0,0.0,19,3,1,3,16,0,2,1
348537,4043,0.0,3.0,0.0,4,2,2,2,1,0,1,2
34902,3968,0.0,2.0,1.0,7,3,3,2,5,0,1,1
350629,4772,0.0,0.0,0.0,26,5,1,5,24,0,1,1
352039,3168,0.0,5.0,0.0,7,4,1,1,6,0,1,0
352681,3968,0.0,2.0,0.0,2,1,1,1,1,0,1,0
35304,1968,0.0,4.0,1.0,3,1,1,1,2,0,1,0
353230,3271,0.0,3.0,0.0,11,4,3,4,9,0,1,1
353282,424,0.0,3.0,1.0,5,1,1,1,4,0,1,0
354051,2565,0.0,6.0,0.0,2,1,1,1,1,0,1,0
355144,2278,0.0,6.0,0.0,1,1,1,1,0,0,1,0
355186,2051,0.0,2.0,1.0,3,1,1,1,2,0,1,0
355293,4265,0.0,3.0,0.0,10,5,2,2,9,0,1,0
355542,915,0.0,5.0,1.0,1,1,1,1,0,0,1,0
355629,2795,0.0,4.0,0.0,10,3,2,1,8,0,1,1
356476,4955,1.0,3.0,0.0,15,8,3,1,11,0,4,0
356582,1102,0.0,4.0,0.0,29,12,2,4,25,0,1,3
357074,3828,0.0,0.0,0.0,20,14,7,2,19,0,1,0
357169,2403,0.0,4.0,0.0,75,45,5,4,68,0,7,0
35728,2131,0.0,3.0,1.0,11,7,1,1,10,0,1,0
357837,3851,0.0,2.0,0.0,17,8,5,6,16,0,1,0
357851,4083,0.0,4.0,0.0,52,18,7,9,47,0,1,4
358024,145,0.0,6.0,0.0,39,9,2,5,30,0,8,1
358082,1916,0.0,3.0,1.0,6,1,1,1,4,1,1,0
358283,3152,0.0,3.0,1.0,4,3,1,3,0,0,1,3
358488,3828,0.0,0.0,1.0,6,2,2,5,5,0,1,0
358497,4268,0.0,3.0,0.0,1,1,1,1,0,0,1,0
35850,219,0.0,3.0,1.0,24,9,1,2,21,0,1,2
358732,3887,0.0,0.0,0.0,16,8,2,2,12,0,1,3
359000,3602,0.0,5.0,0.0,3,1,1,1,2,0,1,0
359026,2821,0.0,3.0,1.0,13,9,1,1,11,0,2,0
35942,2928,0.0,3.0,0.0,5,2,2,1,4,0,1,0
359728,1491,0.0,5.0,0.0,8,1,1,1,5,0,2,1
360141,1808,0.0,4.0,2.0,18,3,1,3,16,0,1,1
360517,742,0.0,6.0,0.0,3,1,1,1,2,0,1,0
360743,1760,0.0,3.0,0.0,6,4,1,1,5,0,1,0
360797,2031,0.0,0.0,0.0,2,2,2,1,0,0,2,0
360898,4044,0.0,3.0,0.0,5,1,1,3,4,0,1,0
361089,4373,0.0,0.0,0.0,7,3,2,1,6,0,1,0
361189,2928,0.0,5.0,0.0,10,6,3,1,8,0,2,0
361289,4607,0.0,5.0,0.0,5,1,1,1,4,0,1,0
361588,3041,0.0,3.0,0.0,1,1,1,1,0,0,1,0
36160,2473,0.0,2.0,0.0,15,3,1,1,14,0,1,0
361628,760,0.0,0.0,1.0,4,1,1,1,3,0,1,0
361677,962,0.0,2.0,0.0,15,6,4,4,12,0,1,2
361758,3471,0.0,4.0,1.0,3,1,1,2,1,0,1,1
362714,1050,0.0,0.0,null,3,1,1,1,2,0,1,0
362920,4305,0.0,0.0,0.0,13,6,3,3,11,0,1,1
363262,3545,0.0,3.0,0.0,10,1,1,2,8,0,1,1
363444,4938,0.0,2.0,0.0,5,1,1,1,4,0,1,0
363839,777,0.0,5.0,1.0,9,6,2,1,7,0,2,0
364113,3936,0.0,6.0,0.0,5,2,2,1,3,0,2,0
364150,3181,0.0,6.0,0.0,3,1,1,1,2,0,1,0
364681,4309,0.0,6.0,0.0,1,1,1,1,0,0,1,0
365069,4049,1.0,2.0,1.0,9,3,3,3,8,0,1,0
365406,643,0.0,3.0,0.0,9,2,2,2,8,0,1,0
365791,255,0.0,6.0,0.0,1,1,1,1,0,0,1,0
365824,1472,0.0,4.0,0.0,1,1,1,1,0,0,1,0
365844,98,0.0,2.0,0.0,8,4,4,2,6,0,2,0
365872,4049,0.0,4.0,0.0,12,6,2,1,11,0,1,0
366179,1618,0.0,6.0,0.0,11,9,1,1,10,0,1,0
36675,3828,0.0,3.0,0.0,10,1,1,2,7,0,1,2
367179,4050,0.0,6.0,1.0,2,1,1,1,1,0,1,0
367217,1390,0.0,2.0,1.0,4,1,1,1,2,0,2,0
367405,4860,0.0,0.0,1.0,5,2,1,2,3,0,2,0
367545,1495,0.0,5.0,0.0,1,1,1,1,0,0,1,0
367835,590,0.0,2.0,1.0,17,3,1,1,15,0,2,0
367988,4044,0.0,3.0,1.0,4,2,2,2,1,0,1,2
368773,361,0.0,0.0,0.0,20,8,2,3,17,0,1,2
369060,2711,0.0,4.0,0.0,12,7,1,2,11,0,1,0
369154,1890,0.0,3.0,0.0,4,1,1,1,3,0,1,0
369181,4170,0.0,6.0,0.0,2,1,1,2,1,0,1,0
369258,4579,0.0,6.0,0.0,6,2,1,1,5,0,1,0
369461,1861,0.0,2.0,0.0,2,1,1,1,1,0,1,0
369566,1816,0.0,5.0,1.0,12,4,3,3,9,0,2,1
369604,4368,0.0,0.0,0.0,7,4,3,2,6,0,1,0
369875,2845,0.0,2.0,1.0,1,1,1,1,0,0,1,0
370373,1056,0.0,4.0,0.0,25,17,6,4,22,0,1,2
370511,121,0.0,6.0,0.0,27,5,3,1,24,0,3,0
370683,4879,0.0,0.0,0.0,12,5,1,1,10,0,1,1
370923,1810,0.0,5.0,0.0,66,53,14,7,65,0,1,0
371310,4985,0.0,5.0,0.0,3,1,1,1,2,0,1,0
371337,1895,0.0,3.0,0.0,2,1,1,1,1,0,1,0
371397,2424,0.0,3.0,0.0,2,1,1,1,1,0,1,0
371463,2928,0.0,3.0,1.0,34,13,3,3,32,0,1,1
371772,4224,0.0,3.0,1.0,14,2,1,2,12,0,1,1
371828,1890,0.0,4.0,1.0,21,5,3,6,19,0,1,1
372049,1840,0.0,4.0,0.0,9,5,4,2,7,0,2,0
372675,574,0.0,6.0,1.0,17,5,4,2,14,0,3,0
372702,4756,0.0,6.0,0.0,2,1,1,1,1,0,1,0
372859,3609,0.0,6.0,1.0,11,6,1,4,10,0,1,0
373433,4049,0.0,3.0,1.0,1,1,1,1,0,0,1,0
373595,1556,0.0,2.0,0.0,4,2,2,1,3,0,1,0
373662,2217,0.0,3.0,0.0,15,2,2,3,14,0,1,0
374418,586,0.0,4.0,1.0,14,10,2,1,12,0,2,0
374552,361,0.0,3.0,0.0,4,2,1,2,2,0,1,1
374923,3289,0.0,2.0,1.0,14,5,1,1,13,0,1,0
375160,1500,0.0,5.0,1.0,10,1,1,4,8,1,1,0
375370,2217,0.0,0.0,0.0,11,4,1,3,8,0,1,2
375384,2465,0.0,4.0,1.0,1,1,1,1,0,0,1,0
375464,4296,0.0,6.0,0.0,27,8,1,2,26,0,1,0
375483,3734,0.0,4.0,0.0,4,2,2,3,3,0,1,0
37568,3365,0.0,4.0,0.0,3,1,1,1,2,0,1,0
375860,2608,0.0,3.0,0.0,1,1,1,1,0,0,1,0
376103,3291,0.0,0.0,1.0,3,1,1,1,2,0,1,0
376123,1923,0.0,0.0,1.0,2,1,1,1,1,0,1,0
376249,3635,0.0,2.0,1.0,4,3,2,1,3,0,1,0
376531,1621,0.0,0.0,0.0,3,1,1,1,2,0,1,0
376649,3044,1.0,3.0,0.0,9,1,1,1,7,0,2,0
377093,1916,0.0,8.0,0.0,14,2,1,1,13,0,1,0
37723,2652,0.0,4.0,0.0,28,14,4,3,26,0,2,0
37730,1900,0.0,4.0,1.0,1,1,1,1,0,0,1,0
378313,2193,0.0,0.0,1.0,8,4,3,1,6,0,2,0
379843,3502,0.0,6.0,1.0,3,1,1,1,2,0,1,0
380000,1968,0.0,4.0,0.0,3,1,1,1,2,0,1,0
380008,4818,0.0,3.0,0.0,19,3,3,2,13,0,6,0
380208,3268,1.0,5.0,1.0,5,1,1,1,4,0,1,0
380728,416,0.0,5.0,1.0,30,15,6,3,28,0,2,0
380748,3826,0.0,3.0,1.0,26,5,2,3,24,0,1,1
381343,3016,0.0,2.0,1.0,16,7,4,5,14,0,1,1
3821,3088,0.0,3.0,0.0,18,1,1,1,17,0,1,0
38242,1679,0.0,0.0,0.0,15,5,2,4,14,0,1,0
382758,968,0.0,4.0,0.0,4,3,1,2,3,0,1,0
382961,1346,0.0,4.0,0.0,2,1,1,1,1,0,1,0
383171,1597,0.0,0.0,0.0,4,1,1,1,3,0,1,0
383326,1102,0.0,3.0,0.0,2,1,1,1,1,0,1,0
383448,606,0.0,2.0,0.0,1,1,1,1,0,0,1,0
383538,542,0.0,8.0,1.0,2,1,1,1,1,0,1,0
383686,4947,0.0,6.0,0.0,14,8,2,1,13,0,1,0
383894,2565,0.0,5.0,0.0,14,5,1,1,11,0,1,2
383959,2876,0.0,3.0,0.0,5,2,1,3,4,0,1,0
384221,4475,0.0,4.0,0.0,9,3,1,1,8,0,1,0
384603,4871,0.0,4.0,1.0,7,4,2,1,5,0,2,0
384784,3828,0.0,2.0,0.0,20,1,1,8,16,0,1,3
384820,2543,0.0,0.0,null,9,5,1,2,8,0,1,0
385333,1827,0.0,6.0,1.0,5,2,1,1,4,0,1,0
385487,492,0.0,4.0,0.0,5,3,1,1,4,0,1,0
386129,2565,0.0,6.0,0.0,5,1,1,1,4,0,1,0
386143,2403,0.0,4.0,0.0,11,6,3,1,8,0,3,0
386548,1943,0.0,2.0,1.0,4,1,1,1,3,0,1,0
386864,4726,0.0,3.0,0.0,1,1,1,1,0,0,1,0
387085,1102,1.0,6.0,0.0,6,6,4,3,2,0,3,1
387455,1393,0.0,0.0,0.0,40,29,7,1,36,3,1,0
387659,508,0.0,5.0,0.0,2,1,1,1,1,0,1,0
387684,2828,0.0,0.0,0.0,9,6,1,2,8,0,1,0
387777,4659,1.0,null,null,20,13,8,3,15,0,5,0
388261,630,0.0,2.0,0.0,27,14,7,6,22,0,1,4
388392,3971,0.0,2.0,1.0,6,1,1,1,5,0,1,0
38865,4818,0.0,0.0,0.0,2,1,1,1,1,0,1,0
388659,3828,0.0,0.0,0.0,4,2,2,2,3,0,1,0
389589,4420,0.0,3.0,0.0,1,1,1,1,0,0,1,0
390641,4049,0.0,3.0,1.0,7,2,1,6,3,0,1,3
392076,4687,0.0,0.0,0.0,4,2,2,1,3,0,1,0
392128,1076,0.0,6.0,1.0,3,1,1,1,2,0,1,0
392143,682,0.0,0.0,0.0,1,1,1,1,0,0,1,0
392954,804,0.0,3.0,0.0,6,3,1,1,5,0,1,0
393029,3126,0.0,6.0,1.0,2,1,1,1,1,0,1,0
393122,1749,0.0,3.0,1.0,7,1,1,3,5,0,1,1
393130,1522,0.0,5.0,1.0,2,1,1,1,0,0,1,1
393284,2664,0.0,4.0,0.0,5,5,2,1,0,0,5,0
39352,1536,0.0,3.0,0.0,5,1,1,2,4,0,1,0
39354,3642,0.0,2.0,0.0,4,2,1,1,3,0,1,0
393791,2721,0.0,5.0,1.0,3,1,1,1,2,0,1,0
394147,1840,0.0,6.0,1.0,2,1,1,1,1,0,1,0
394317,2856,0.0,3.0,0.0,6,3,1,1,5,0,1,0
394428,66,0.0,3.0,0.0,3,1,1,1,2,0,1,0
394697,3971,0.0,5.0,1.0,1,1,1,1,0,0,1,0
395083,2217,0.0,3.0,1.0,19,10,1,1,17,0,2,0
39544,152,0.0,3.0,0.0,1,1,1,1,0,0,1,0
395533,606,1.0,4.0,0.0,12,10,5,2,10,0,2,0
395994,4173,1.0,3.0,0.0,35,13,7,10,31,0,1,3
396010,2915,0.0,5.0,1.0,36,20,5,1,30,0,5,1
396217,2435,0.0,3.0,0.0,1,1,1,1,0,0,1,0
39688,3266,0.0,3.0,1.0,4,1,1,1,3,0,1,0
397195,323,0.0,5.0,2.0,33,5,1,9,28,0,1,4
397365,2217,0.0,3.0,0.0,9,1,1,2,8,0,1,0
397422,3444,0.0,8.0,1.0,14,1,1,5,13,0,1,0
397519,4083,0.0,2.0,0.0,4,3,3,1,1,0,3,0
397605,3022,0.0,0.0,1.0,4,1,1,2,3,0,1,0
397852,4847,0.0,5.0,0.0,10,2,1,2,7,0,2,1
39797,4191,0.0,5.0,0.0,4,2,1,1,3,0,1,0
398035,798,0.0,4.0,1.0,7,2,2,1,4,0,3,0
39813,198,0.0,0.0,1.0,4,1,1,1,3,0,1,0
398236,1749,0.0,3.0,1.0,3,3,3,1,0,0,3,0
398335,653,0.0,3.0,0.0,21,7,5,2,17,0,2,2
398642,398,0.0,6.0,1.0,5,1,1,1,4,0,1,0
398995,1102,0.0,4.0,0.0,2,2,2,1,0,0,2,0
399164,586,0.0,4.0,2.0,1,1,1,1,0,0,1,0
399169,4578,0.0,6.0,0.0,27,15,5,2,26,0,1,0
399190,2465,0.0,0.0,0.0,2,1,1,1,1,0,1,0
39952,653,0.0,3.0,0.0,2,1,1,1,1,0,1,0
399569,608,0.0,4.0,0.0,28,10,3,5,26,0,1,1
399698,215,0.0,2.0,0.0,3,1,1,1,2,0,1,0
400050,4724,0.0,0.0,1.0,4,3,1,1,3,0,1,0
400242,2545,0.0,6.0,0.0,1,1,1,1,0,0,1,0
400516,2162,0.0,5.0,0.0,7,4,1,4,5,0,1,1
400667,1724,0.0,4.0,1.0,2,1,1,1,1,0,1,0
400696,3206,0.0,0.0,0.0,15,3,2,1,14,0,1,0
400795,4504,0.0,6.0,0.0,1,1,1,1,0,0,1,0
40111,1393,0.0,5.0,0.0,23,3,1,2,20,0,2,1
401115,963,0.0,4.0,1.0,1,1,1,1,0,0,1,0
401681,4793,0.0,3.0,1.0,6,1,1,1,4,1,1,0
40174,1861,0.0,0.0,0.0,13,4,2,1,12,0,1,0
401864,3966,0.0,4.0,0.0,1,1,1,1,0,0,1,0
401969,2124,0.0,6.0,0.0,58,27,3,4,55,0,1,2
402328,3955,0.0,0.0,0.0,7,1,1,1,6,0,1,0
402338,2571,0.0,3.0,0.0,7,4,1,1,6,0,1,0
403147,1102,0.0,3.0,0.0,11,4,3,2,4,0,3,4
403195,1272,0.0,4.0,0.0,30,14,6,6,23,0,1,6
403271,1816,0.0,0.0,1.0,2,1,1,1,1,0,1,0
403591,4034,0.0,0.0,0.0,2,1,1,2,0,0,1,1
404663,4648,0.0,3.0,0.0,12,8,4,2,8,0,4,0
404721,2144,0.0,2.0,0.0,2,1,1,2,1,0,1,0
404851,4966,0.0,4.0,0.0,3,2,1,2,2,0,1,0
405508,4079,0.0,2.0,0.0,2,2,1,1,0,0,2,0
405604,4483,0.0,4.0,1.0,2,1,1,1,1,0,1,0
405631,1831,0.0,3.0,0.0,4,2,1,2,3,0,1,0
405970,2791,0.0,2.0,0.0,2,1,1,1,1,0,1,0
406028,4173,0.0,null,null,4,1,1,1,2,0,1,1
406110,606,0.0,0.0,0.0,11,7,5,5,10,0,1,0
406171,2834,1.0,4.0,0.0,6,1,1,3,5,0,1,0
407436,4043,0.0,2.0,0.0,10,5,3,1,7,0,3,0
407632,4427,0.0,0.0,1.0,3,2,1,2,2,0,1,0
407935,2891,0.0,2.0,0.0,1,1,1,1,0,0,1,0
408135,1056,0.0,3.0,0.0,8,6,6,3,7,0,1,0
408218,721,0.0,5.0,1.0,5,3,1,3,4,0,1,0
408232,2742,0.0,0.0,0.0,7,2,1,1,4,2,1,0
408377,4173,0.0,0.0,0.0,46,22,6,2,43,0,3,0
408545,2869,0.0,2.0,0.0,11,7,1,2,10,0,1,0
40908,3635,0.0,4.0,0.0,2,1,1,1,1,0,1,0
409108,378,0.0,3.0,0.0,13,1,1,10,11,0,1,1
409545,1102,0.0,3.0,0.0,97,38,12,7,94,0,3,0
409679,2318,0.0,4.0,1.0,15,4,2,2,14,0,1,0
409692,1890,0.0,4.0,0.0,23,5,2,5,22,0,1,0
409772,4325,0.0,2.0,0.0,5,1,1,2,4,0,1,0
410005,4270,0.0,2.0,0.0,2,1,1,1,1,0,1,0
410389,4905,0.0,0.0,0.0,2,1,1,1,1,0,1,0
410390,1470,0.0,5.0,1.0,5,1,1,3,3,0,1,1
41060,639,0.0,3.0,1.0,14,1,1,1,13,0,1,0
41212,4492,0.0,3.0,0.0,5,5,2,3,0,0,2,3
412136,1642,0.0,3.0,2.0,7,1,1,3,6,0,1,0
412334,4708,0.0,4.0,0.0,5,1,1,2,4,0,1,0
412739,508,0.0,3.0,0.0,15,5,1,3,9,0,2,4
412991,3016,0.0,3.0,0.0,8,1,1,1,6,0,2,0
413054,2427,0.0,3.0,1.0,7,3,2,2,6,0,1,0
413139,1487,0.0,2.0,1.0,10,4,1,3,9,0,1,0
413240,1639,0.0,5.0,0.0,8,4,1,1,7,0,1,0
414051,4137,0.0,4.0,0.0,8,2,1,1,7,0,1,0
414128,4121,0.0,6.0,0.0,1,1,1,1,0,0,1,0
41431,4659,0.0,0.0,0.0,3,2,2,1,2,0,1,0
414326,740,0.0,3.0,0.0,1,1,1,1,0,0,1,0
414605,4554,0.0,0.0,0.0,2,1,1,1,1,0,1,0
414910,2482,0.0,3.0,0.0,13,3,3,4,10,0,1,2
415427,3828,0.0,0.0,0.0,123,70,12,8,121,0,1,1
415713,778,0.0,3.0,0.0,1,1,1,1,0,0,1,0
416053,1102,0.0,4.0,0.0,14,5,4,4,11,0,1,2
416206,2430,0.0,3.0,0.0,12,2,1,1,9,0,2,1
416479,643,1.0,5.0,0.0,9,5,3,3,7,0,2,0
416553,1262,0.0,3.0,1.0,9,5,3,1,8,0,1,0
416582,4600,0.0,0.0,0.0,2,1,1,1,1,0,1,0
417514,1031,0.0,5.0,0.0,2,2,1,1,1,0,1,0
417724,3990,0.0,5.0,0.0,10,4,2,2,7,0,1,2
417842,2403,0.0,5.0,1.0,2,2,1,1,0,0,2,0
418142,3906,0.0,6.0,0.0,21,8,5,6,19,0,2,0
418210,902,0.0,4.0,0.0,4,2,1,1,3,0,1,0
418234,804,0.0,3.0,0.0,6,3,3,1,5,0,1,0
4187,3968,0.0,2.0,0.0,4,1,1,1,3,0,1,0
418980,1760,0.0,7.0,0.0,10,6,2,2,8,0,2,0
419184,265,0.0,3.0,0.0,7,2,1,1,5,0,2,0
420059,4040,0.0,3.0,0.0,2,2,2,1,0,0,2,0
420466,742,0.0,3.0,0.0,6,1,1,2,5,0,1,0
420949,608,0.0,6.0,0.0,19,5,3,3,16,0,3,0
420984,4173,0.0,0.0,0.0,23,15,4,3,22,0,1,0
421227,3167,0.0,2.0,0.0,2,1,1,1,1,0,1,0
421458,574,0.0,0.0,0.0,15,5,2,2,11,2,2,0
421817,1522,0.0,4.0,0.0,13,6,3,1,11,0,2,0
422265,1273,0.0,4.0,0.0,4,1,1,3,2,0,2,0
422500,1724,0.0,6.0,0.0,3,2,1,1,2,0,1,0
422833,2170,0.0,4.0,1.0,5,1,1,2,3,0,1,1
423209,3480,0.0,2.0,1.0,1,1,1,1,0,0,1,0
423390,1719,0.0,3.0,1.0,4,2,1,1,3,0,1,0
423566,1496,0.0,2.0,1.0,10,1,1,1,8,0,1,1
423588,3091,0.0,4.0,1.0,2,1,1,1,1,0,1,0
423982,168,0.0,3.0,1.0,13,3,3,2,10,0,3,0
42511,2273,0.0,3.0,0.0,6,3,1,1,5,0,1,0
42749,4125,0.0,4.0,0.0,39,21,3,2,38,0,1,0
42992,2928,0.0,0.0,0.0,3,1,1,1,2,0,1,0
43194,265,0.0,4.0,0.0,4,2,1,1,0,0,4,0
43479,1892,0.0,3.0,0.0,24,8,3,1,21,0,3,0
4417,4071,0.0,5.0,1.0,2,1,1,1,1,0,1,0
4457,2099,0.0,3.0,0.0,1,1,1,1,0,0,1,0
44745,1956,0.0,2.0,1.0,3,1,1,2,1,0,1,1
44779,3762,0.0,0.0,0.0,7,1,1,2,6,0,1,0
44912,2608,0.0,5.0,0.0,4,1,1,1,3,0,1,0
45273,4234,1.0,0.0,0.0,51,20,7,6,38,0,1,12
4583,4173,0.0,7.0,1.0,18,7,5,1,17,0,1,0
46186,3022,0.0,3.0,0.0,8,4,2,2,7,0,1,0
46374,3786,0.0,7.0,0.0,6,1,1,1,5,0,1,0
46582,4536,0.0,3.0,0.0,8,4,2,1,6,0,2,0
46688,3934,0.0,3.0,1.0,1,1,1,1,0,0,1,0
46728,4043,0.0,2.0,0.0,1,1,1,1,0,0,1,0
46985,1557,0.0,0.0,0.0,5,2,2,1,3,0,2,0
47056,2000,0.0,4.0,0.0,5,1,1,2,3,0,1,1
47950,4048,0.0,0.0,0.0,3,1,1,1,2,0,1,0
48343,1346,0.0,5.0,0.0,12,3,1,1,10,0,1,1
48534,2282,0.0,6.0,0.0,6,1,1,1,5,0,1,0
48857,1305,0.0,6.0,0.0,2,1,1,1,1,0,1,0
49036,1370,0.0,4.0,0.0,7,1,1,2,6,0,1,0
49109,3127,0.0,0.0,0.0,5,4,2,2,4,0,1,0
4932,424,0.0,4.0,0.0,3,1,1,1,2,0,1,0
49691,361,0.0,6.0,1.0,95,31,4,7,90,0,1,4
49935,293,0.0,3.0,0.0,10,3,1,1,9,0,1,0
50008,1808,0.0,5.0,0.0,3,1,1,1,2,0,1,0
50061,2273,0.0,4.0,0.0,3,3,1,2,2,0,1,0
50068,2459,0.0,2.0,0.0,4,1,1,1,3,0,1,0
50799,2721,1.0,4.0,0.0,20,9,3,3,19,0,1,0
51350,98,0.0,6.0,0.0,5,1,1,2,4,0,1,0
51370,4049,1.0,4.0,0.0,18,7,3,6,14,0,1,3
51377,2441,0.0,3.0,1.0,14,4,1,2,12,0,2,0
51415,2193,0.0,4.0,0.0,6,2,1,1,5,0,1,0
51647,4163,0.0,3.0,1.0,7,4,1,1,6,0,1,0
51775,1944,0.0,6.0,0.0,6,2,1,1,5,0,1,0
51776,742,0.0,6.0,0.0,15,5,2,1,14,0,1,0
51833,1425,0.0,0.0,0.0,2,1,1,1,1,0,1,0
51996,1131,0.0,5.0,1.0,12,4,4,1,9,0,3,0
5224,4048,0.0,4.0,0.0,3,1,1,1,1,0,2,0
52298,976,0.0,3.0,1.0,12,5,2,2,10,0,2,0
53205,1918,0.0,0.0,1.0,16,8,3,2,15,0,1,0
54217,378,0.0,6.0,0.0,6,1,1,3,5,0,1,0
54255,415,0.0,2.0,0.0,8,1,1,3,6,0,1,1
54266,4950,1.0,4.0,1.0,11,8,6,3,10,0,1,0
55201,505,0.0,0.0,0.0,3,1,1,1,2,0,1,0
5546,2403,0.0,5.0,0.0,10,8,1,2,6,0,1,3
55855,2669,0.0,2.0,0.0,2,1,1,1,0,0,1,1
55904,3105,0.0,2.0,1.0,3,2,1,3,1,0,1,1
56105,3418,0.0,0.0,0.0,2,1,1,1,1,0,1,0
56244,4991,0.0,null,null,3,1,1,1,2,0,1,0
5627,474,0.0,5.0,1.0,7,1,1,1,6,0,1,0
56592,2928,0.0,4.0,0.0,29,18,2,3,27,0,2,0
56607,3936,0.0,3.0,1.0,8,1,1,3,7,0,1,0
56698,1892,0.0,5.0,0.0,11,4,2,5,9,0,1,1
57529,2954,0.0,4.0,2.0,3,2,2,2,2,0,1,0
5753,3484,0.0,5.0,0.0,6,2,1,1,5,0,1,0
5821,798,0.0,0.0,0.0,12,3,2,3,11,0,1,0
5860,1487,0.0,0.0,0.0,11,2,1,2,10,0,1,0
58667,4170,1.0,4.0,0.0,28,7,1,4,26,0,2,0
59108,2895,0.0,0.0,0.0,14,7,1,2,13,0,1,0
59531,1203,0.0,4.0,0.0,14,7,3,1,13,0,1,0
59883,2882,0.0,5.0,1.0,37,24,2,2,33,0,2,2
60236,1116,0.0,2.0,1.0,2,1,1,1,1,0,1,0
60282,3536,0.0,3.0,0.0,5,1,1,1,4,0,1,0
61330,2664,0.0,4.0,0.0,11,7,2,1,9,0,2,0
61838,2237,0.0,7.0,0.0,6,2,2,1,4,0,2,0
62506,121,0.0,4.0,0.0,8,5,2,1,7,0,1,0
62923,63,0.0,3.0,0.0,12,3,3,1,11,0,1,0
63156,1557,0.0,6.0,1.0,50,13,2,11,47,0,1,2
63280,3687,0.0,3.0,0.0,10,3,2,1,9,0,1,0
63378,72,1.0,3.0,0.0,21,7,3,4,17,0,1,3
64045,1939,0.0,3.0,0.0,4,1,1,1,2,0,2,0
64642,798,0.0,4.0,0.0,18,5,4,5,11,0,3,4
64663,2175,0.0,3.0,1.0,2,1,1,1,1,0,1,0
64703,4129,0.0,2.0,0.0,112,41,4,5,97,0,6,9
64832,310,0.0,3.0,1.0,10,2,1,3,9,0,1,0
65192,4992,0.0,3.0,0.0,5,4,1,1,4,0,1,0
65481,2639,0.0,5.0,0.0,2,1,1,1,1,0,1,0
65690,4712,0.0,3.0,0.0,19,2,1,2,18,0,1,0
66439,3968,0.0,0.0,0.0,1,1,1,1,0,0,1,0
67544,630,0.0,4.0,0.0,45,14,3,2,41,0,1,3
68326,2821,0.0,3.0,1.0,9,3,2,1,7,0,2,0
68389,412,0.0,5.0,2.0,149,82,22,6,144,0,5,0
68393,3399,0.0,2.0,0.0,4,1,1,1,3,0,1,0
68523,590,0.0,6.0,0.0,29,5,3,5,24,0,3,2
68756,4976,0.0,2.0,1.0,2,1,1,2,0,0,1,1
69245,786,0.0,0.0,0.0,3,1,1,1,2,0,1,0
69387,2138,0.0,2.0,0.0,2,1,1,1,1,0,1,0
69631,4049,0.0,3.0,1.0,2,1,1,1,1,0,1,0
70011,4282,0.0,2.0,1.0,57,16,3,2,55,0,2,0
70333,1963,0.0,5.0,0.0,17,4,1,1,16,0,1,0
70612,219,0.0,2.0,1.0,6,2,1,3,5,0,1,0
70849,2592,0.0,0.0,0.0,6,4,2,3,5,0,1,0
71492,474,0.0,6.0,0.0,1,1,1,1,0,0,1,0
7155,4125,0.0,4.0,0.0,4,1,1,2,3,0,1,0
71755,1808,0.0,7.0,0.0,1,1,1,1,0,0,1,0
72,4356,0.0,5.0,0.0,2,2,2,1,0,0,2,0
72522,4352,0.0,2.0,0.0,6,1,1,4,5,0,1,0
73378,2070,0.0,4.0,0.0,14,3,1,3,11,0,2,1
734,742,0.0,0.0,0.0,30,12,6,1,24,0,6,0
73405,946,1.0,4.0,0.0,10,7,3,2,9,0,1,0
74234,3618,0.0,3.0,0.0,2,1,1,1,1,0,1,0
74549,2459,0.0,0.0,0.0,32,16,5,3,29,0,2,1
75279,1291,0.0,4.0,1.0,8,2,2,2,7,0,1,0
75383,1481,0.0,5.0,1.0,6,1,1,1,5,0,1,0
761,1116,1.0,4.0,0.0,6,2,1,1,4,0,2,0
76163,2954,0.0,0.0,0.0,7,3,3,1,5,0,2,0
76792,416,0.0,6.0,0.0,46,14,7,3,44,0,2,0
77090,2403,0.0,3.0,0.0,7,3,1,2,6,0,1,0
77577,3448,0.0,0.0,0.0,17,7,1,2,14,0,2,1
77910,4545,0.0,2.0,0.0,4,1,1,1,3,0,1,0
78138,4450,0.0,5.0,2.0,6,1,1,1,5,0,1,0
78150,474,0.0,3.0,0.0,6,2,1,1,5,0,1,0
78166,882,0.0,2.0,0.0,1,1,1,1,0,0,1,0
78285,2928,0.0,0.0,0.0,1,1,1,1,0,0,1,0
78480,2928,0.0,4.0,0.0,13,9,2,3,12,0,1,0
78620,1892,0.0,4.0,0.0,22,14,4,2,15,0,3,4
7873,3822,0.0,2.0,0.0,10,3,1,1,9,0,1,0
78790,4469,0.0,3.0,0.0,6,2,1,1,4,0,2,0
79150,3683,0.0,4.0,0.0,2,1,1,1,1,0,1,0
7923,1892,0.0,4.0,0.0,15,5,3,1,14,0,1,0
79512,4043,0.0,3.0,0.0,3,3,3,1,2,0,1,0
79588,1911,0.0,0.0,0.0,9,4,1,1,8,0,1,0
80106,2824,0.0,0.0,0.0,9,4,2,1,7,0,2,0
80140,962,0.0,3.0,0.0,3,2,1,1,2,0,1,0
80348,3288,0.0,2.0,1.0,3,1,1,1,2,0,1,0
80393,2721,0.0,0.0,0.0,8,4,2,2,6,0,2,0
80559,4847,0.0,4.0,0.0,5,3,3,2,4,0,1,0
80982,4173,0.0,5.0,0.0,13,7,5,2,12,0,1,0
81269,2577,0.0,4.0,0.0,13,4,1,2,12,0,1,0
81373,1272,0.0,0.0,0.0,136,77,9,6,135,0,1,0
81579,1134,0.0,3.0,0.0,4,1,1,1,3,0,1,0
8178,3472,0.0,6.0,0.0,1,1,1,1,0,0,1,0
81924,1472,0.0,4.0,1.0,2,1,1,1,1,0,1,0
81995,2664,0.0,0.0,0.0,23,15,3,1,21,0,2,0
8207,1861,1.0,3.0,0.0,16,6,2,1,12,0,4,0
8213,2124,0.0,6.0,1.0,13,1,1,2,12,0,1,0
82899,2170,0.0,0.0,0.0,2,1,1,1,1,0,1,0
83002,1340,0.0,4.0,0.0,2,1,1,1,1,0,1,0
8312,1162,0.0,4.0,0.0,13,6,4,4,12,0,1,0
84271,1594,0.0,0.0,0.0,4,1,1,1,3,0,1,0
84407,2436,0.0,4.0,0.0,1,1,1,1,0,0,1,0
84634,608,0.0,0.0,0.0,14,8,4,2,13,0,1,0
85352,4871,0.0,3.0,0.0,4,1,1,1,3,0,1,0
85535,2008,1.0,6.0,0.0,11,3,1,2,8,0,3,0
85558,4647,0.0,3.0,0.0,5,1,1,2,4,0,1,0
8584,3181,0.0,0.0,null,9,3,1,1,6,0,3,0
85845,1502,0.0,0.0,0.0,5,1,1,2,3,0,1,1
86172,2066,0.0,2.0,0.0,10,4,1,4,9,0,1,0
86476,2876,0.0,3.0,0.0,11,3,1,1,9,0,2,0
86487,4605,0.0,0.0,0.0,2,1,1,2,0,0,1,1
86995,4306,0.0,3.0,0.0,2,1,1,2,1,0,1,0
87662,4818,0.0,3.0,0.0,7,2,2,1,6,0,1,0
87757,941,0.0,6.0,1.0,10,2,1,1,9,0,1,0
88351,1022,0.0,4.0,0.0,11,6,1,1,8,0,2,1
89437,2424,0.0,0.0,0.0,2,1,1,2,0,0,1,1
89449,1487,0.0,3.0,0.0,9,4,1,1,8,0,1,0
89888,2397,0.0,3.0,0.0,6,5,3,2,4,0,2,0
89974,2824,0.0,6.0,0.0,10,4,2,1,9,0,1,0
90531,3445,0.0,5.0,0.0,4,1,1,1,3,0,1,0
90933,2928,0.0,4.0,0.0,11,5,3,3,9,0,1,1
91548,4481,0.0,6.0,0.0,17,11,3,2,16,0,1,0
92280,2318,0.0,3.0,0.0,8,3,1,2,5,0,1,2
9239,361,0.0,3.0,0.0,6,2,1,3,4,0,1,1
92507,1581,1.0,null,null,2,1,1,1,1,0,1,0
92834,4302,1.0,5.0,0.0,32,14,4,5,29,0,2,1
92943,416,0.0,4.0,0.0,100,53,10,2,93,0,7,0
92969,1310,0.0,null,null,8,6,4,1,6,0,2,0
93021,4760,0.0,0.0,0.0,10,6,3,2,8,0,1,1
93166,310,0.0,2.0,1.0,5,1,1,3,4,0,1,0
93168,4318,0.0,4.0,1.0,8,3,1,1,7,0,1,0
93182,598,0.0,4.0,0.0,5,4,2,4,4,0,1,0
93458,4966,0.0,3.0,1.0,11,4,2,1,5,0,6,0
93761,3546,0.0,0.0,0.0,2,1,1,1,1,0,1,0
94369,2149,0.0,2.0,0.0,3,1,1,1,2,0,1,0
94710,4658,0.0,3.0,1.0,3,1,1,1,2,0,1,0
95263,4043,0.0,0.0,0.0,7,3,2,1,6,0,1,0
95426,4170,0.0,0.0,0.0,1,1,1,1,0,0,1,0
95718,3055,0.0,0.0,0.0,4,1,1,2,3,0,1,0
95971,4282,0.0,3.0,0.0,5,2,1,4,4,0,1,0
9658,2545,1.0,3.0,1.0,20,13,4,3,19,0,1,0
96982,962,0.0,3.0,0.0,10,2,1,1,9,0,1,0
97315,4155,0.0,2.0,0.0,9,1,1,1,8,0,1,0
97689,2565,0.0,3.0,0.0,15,9,1,3,13,0,2,0
97731,1487,0.0,6.0,0.0,19,9,1,8,18,0,1,0
97823,2721,0.0,3.0,0.0,5,3,2,1,4,0,1,0
97865,2799,0.0,0.0,1.0,4,1,1,1,3,0,1,0
98165,503,0.0,4.0,0.0,4,2,1,1,3,0,1,0
98168,1467,0.0,0.0,2.0,22,7,1,6,18,0,1,3
99077,2973,0.0,3.0,0.0,8,2,2,1,6,0,2,0
99134,1890,0.0,0.0,1.0,6,1,1,2,5,0,1,0
99242,2149,0.0,3.0,0.0,16,7,1,2,15,0,1,0
99401,4394,0.0,4.0,1.0,3,1,1,1,2,0,1,0
99931,2664,0.0,2.0,0.0,10,3,1,2,7,0,1,2
