10005,4829,0.0,3.0,1.0,8,3,1,1,7,0,1,0
100851,2255,0.0,3.0,1.0,8,3,1,2,6,0,1,1
100987,4474,0.0,2.0,0.0,3,1,1,1,1,0,1,1
101902,3958,0.0,0.0,0.0,10,3,1,2,8,1,1,0
10234,2045,0.0,6.0,0.0,9,1,1,3,7,0,1,1
102642,1840,0.0,4.0,0.0,2,1,1,1,0,0,2,0
10268,3979,0.0,3.0,0.0,1,1,1,1,0,0,1,0
103064,1212,0.0,3.0,0.0,4,1,1,1,3,0,1,0
103077,2217,0.0,3.0,0.0,6,2,1,1,5,0,1,0
103412,931,0.0,3.0,1.0,1,1,1,1,0,0,1,0
103932,4368,1.0,3.0,1.0,20,11,6,2,19,0,1,0
104020,603,0.0,2.0,0.0,1,1,1,1,0,0,1,0
10478,2112,0.0,2.0,1.0,11,3,1,1,7,0,4,0
104942,1429,0.0,3.0,1.0,4,2,1,1,2,0,2,0
104968,4129,0.0,3.0,0.0,36,17,3,4,32,0,3,1
105526,4840,0.0,0.0,0.0,3,1,1,1,2,0,1,0
105528,1031,0.0,4.0,0.0,6,1,1,1,5,0,1,0
106035,2545,0.0,0.0,1.0,1,1,1,1,0,0,1,0
106126,1861,0.0,4.0,0.0,4,1,1,1,3,0,1,0
106301,1393,1.0,null,null,173,67,14,5,166,0,6,1
10633,778,0.0,5.0,1.0,6,1,1,1,5,0,1,0
10651,2161,0.0,6.0,1.0,5,1,1,2,4,0,1,0
106944,4980,0.0,3.0,0.0,2,1,1,1,1,0,1,0
107140,1393,1.0,0.0,0.0,48,16,7,2,42,0,6,0
107272,2403,0.0,5.0,0.0,2,2,1,1,1,0,1,0
107315,1895,0.0,2.0,1.0,6,1,1,1,5,0,1,0
107657,1283,0.0,0.0,1.0,4,2,1,1,3,0,1,0
107786,3965,0.0,3.0,0.0,4,3,1,1,3,0,1,0
108063,2928,0.0,4.0,2.0,5,3,3,1,1,0,2,2
108928,2031,0.0,3.0,1.0,2,1,1,1,1,0,1,0
108961,1084,1.0,6.0,0.0,5,1,1,3,3,0,1,1
109008,905,0.0,4.0,0.0,18,8,2,1,17,0,1,0
109226,2466,0.0,2.0,0.0,10,4,1,2,9,0,1,0
109299,4747,0.0,3.0,0.0,9,4,3,1,6,0,3,0
109354,4277,0.0,3.0,1.0,25,5,5,2,23,0,2,0
109387,1393,1.0,2.0,0.0,62,29,8,9,55,0,1,6
109663,3607,0.0,3.0,1.0,2,1,1,1,1,0,1,0
110127,1330,0.0,0.0,0.0,30,9,1,1,28,0,1,1
11071,3236,0.0,0.0,0.0,4,3,1,1,3,0,1,0
111129,4911,0.0,3.0,1.0,16,9,4,1,15,0,1,0
111291,2359,0.0,6.0,0.0,7,3,1,1,5,0,1,1
111429,2403,0.0,5.0,0.0,10,7,2,2,8,0,2,0
111593,1968,0.0,0.0,1.0,4,1,1,1,3,0,1,0
111670,4287,0.0,3.0,0.0,1,1,1,1,0,0,1,0
112121,4894,0.0,3.0,0.0,5,1,1,1,4,0,1,0
112131,3173,0.0,2.0,1.0,4,1,1,1,3,0,1,0
112264,1742,0.0,0.0,0.0,11,2,1,3,9,0,1,1
112745,2393,0.0,7.0,1.0,10,5,3,3,9,0,1,0
113305,861,0.0,2.0,1.0,6,1,1,1,5,0,1,0
113781,425,0.0,3.0,0.0,1,1,1,1,0,0,1,0
114132,793,0.0,4.0,0.0,4,2,1,2,3,0,1,0
114270,1272,0.0,0.0,0.0,29,10,3,2,23,0,1,5
114289,2055,0.0,0.0,0.0,5,2,2,1,4,0,1,0
114605,1102,0.0,2.0,0.0,42,23,6,4,41,0,1,0
115224,2158,0.0,0.0,1.0,3,1,1,2,2,0,1,0
115602,1056,0.0,0.0,0.0,5,2,2,1,4,0,1,0
115751,4048,0.0,6.0,1.0,11,4,1,1,8,0,3,0
115803,1800,0.0,5.0,0.0,27,6,2,5,26,0,1,0
116885,4173,0.0,0.0,0.0,38,22,7,6,36,0,1,1
11693,1679,0.0,5.0,1.0,33,9,2,1,29,0,4,0
117243,2273,0.0,4.0,1.0,4,1,1,1,3,0,1,0
117544,1031,0.0,4.0,0.0,20,3,1,3,18,0,1,1
117645,3828,0.0,0.0,0.0,2,1,1,1,1,0,1,0
117743,3971,0.0,4.0,2.0,2,1,1,1,1,0,1,0
117807,1200,0.0,3.0,1.0,5,1,1,1,4,0,1,0
118793,4287,0.0,3.0,1.0,8,1,1,2,7,0,1,0
119041,2124,0.0,3.0,0.0,28,9,2,4,27,0,1,0
119070,2273,0.0,4.0,0.0,5,2,1,2,4,0,1,0
11913,3629,0.0,3.0,0.0,1,1,1,1,0,0,1,0
119738,2435,0.0,2.0,0.0,5,2,1,2,4,0,1,0
119828,1056,0.0,4.0,1.0,9,5,4,3,8,0,1,0
120222,415,0.0,0.0,0.0,4,2,2,1,3,0,1,0
120632,806,0.0,3.0,1.0,22,7,4,1,21,0,1,0
120943,4044,0.0,3.0,0.0,7,1,1,1,6,0,1,0
120967,234,0.0,4.0,1.0,2,1,1,1,1,0,1,0
121279,587,1.0,5.0,0.0,3,1,1,1,1,0,1,1
121505,798,0.0,0.0,0.0,17,5,3,3,13,0,3,1
122120,1667,0.0,6.0,0.0,32,2,1,7,28,0,2,2
122259,4047,0.0,3.0,0.0,14,4,1,1,11,1,2,0
122369,3323,1.0,5.0,1.0,12,6,1,2,11,0,1,0
122414,3826,0.0,2.0,1.0,3,1,1,1,2,0,1,0
122632,4760,0.0,3.0,0.0,14,7,5,3,12,0,2,0
122878,3350,0.0,0.0,0.0,4,1,1,2,2,1,1,0
123110,2709,0.0,0.0,null,14,2,1,1,13,0,1,0
123281,4245,0.0,4.0,1.0,5,3,2,1,4,0,1,0
123429,1076,0.0,4.0,0.0,7,2,2,1,6,0,1,0
12377,625,0.0,6.0,0.0,34,22,1,2,32,0,1,1
123840,2031,0.0,3.0,1.0,5,2,1,1,3,0,1,1
123933,4864,0.0,0.0,0.0,4,1,1,1,3,0,1,0
124545,1310,0.0,2.0,0.0,17,8,8,4,13,0,1,3
124890,2031,0.0,2.0,0.0,12,2,1,1,11,0,1,0
125123,2303,0.0,0.0,0.0,20,9,1,4,18,0,1,1
125273,2545,0.0,6.0,1.0,8,3,2,1,7,0,1,0
125554,3912,0.0,0.0,0.0,4,1,1,1,3,0,1,0
125561,2824,0.0,5.0,0.0,14,1,1,4,13,0,1,0
125689,2579,0.0,6.0,2.0,4,2,2,2,2,0,2,0
125755,4427,0.0,0.0,0.0,8,1,1,4,7,0,1,0
125777,2403,0.0,0.0,0.0,8,1,1,2,7,0,1,0
125877,3181,0.0,0.0,0.0,1,1,1,1,0,0,1,0
125893,1487,0.0,3.0,1.0,10,1,1,1,8,0,2,0
126116,742,0.0,3.0,0.0,3,1,1,1,2,0,1,0
126432,1491,0.0,4.0,0.0,3,2,2,1,2,0,1,0
126692,4568,0.0,6.0,0.0,13,7,5,3,11,0,2,0
126718,4475,0.0,4.0,2.0,6,1,1,3,5,0,1,0
126915,2784,0.0,4.0,0.0,29,3,2,4,28,0,1,0
127029,1854,0.0,0.0,0.0,4,2,1,1,3,0,1,0
127145,2102,0.0,3.0,0.0,6,2,1,1,4,0,2,0
127216,2824,0.0,4.0,0.0,2,1,1,1,1,0,1,0
127325,3828,0.0,5.0,0.0,35,24,8,4,33,0,1,1
127364,120,0.0,3.0,0.0,4,1,1,2,2,0,2,0
127536,687,0.0,0.0,0.0,1,1,1,1,0,0,1,0
127671,437,0.0,3.0,0.0,9,6,3,3,8,0,1,0
127751,606,1.0,0.0,0.0,71,26,6,4,66,0,5,0
128251,1272,0.0,4.0,0.0,1,1,1,1,0,0,1,0
128674,1102,0.0,0.0,0.0,1,1,1,1,0,0,1,0
129059,219,0.0,4.0,0.0,3,1,1,1,2,0,1,0
12913,794,0.0,6.0,1.0,50,22,2,4,48,0,2,0
129684,3683,0.0,0.0,1.0,2,1,1,1,1,0,1,0
130357,2592,0.0,3.0,1.0,3,2,1,1,2,0,1,0
130401,4607,0.0,0.0,0.0,9,3,2,1,8,0,1,0
130832,2173,0.0,0.0,0.0,70,24,3,7,67,0,3,0
13089,4472,0.0,0.0,0.0,3,1,1,1,2,0,1,0
130890,22,0.0,4.0,1.0,4,1,1,1,3,0,1,0
130933,4614,0.0,4.0,0.0,2,2,1,2,0,0,1,1
131100,4125,0.0,0.0,0.0,7,1,1,1,6,0,1,0
131284,4468,0.0,2.0,1.0,8,5,2,2,7,0,1,0
131348,1900,0.0,3.0,0.0,15,1,1,2,12,0,3,0
13209,976,0.0,0.0,0.0,2,1,1,1,1,0,1,0
132281,3524,0.0,0.0,1.0,1,1,1,1,0,0,1,0
132355,1412,1.0,0.0,0.0,1,1,1,1,0,0,1,0
132845,1892,0.0,3.0,0.0,124,45,9,3,114,0,2,8
132996,4427,1.0,3.0,0.0,6,1,1,1,5,0,1,0
133503,4976,0.0,4.0,1.0,11,7,2,1,10,0,1,0
133630,685,0.0,5.0,0.0,8,3,1,1,7,0,1,0
134007,3781,0.0,0.0,1.0,6,2,2,1,5,0,1,0
134020,682,0.0,0.0,1.0,3,1,1,2,1,1,1,0
134878,756,0.0,4.0,0.0,19,8,1,1,17,0,2,0
135429,1852,0.0,0.0,0.0,2,1,1,1,1,0,1,0
135688,1895,0.0,2.0,0.0,16,4,1,3,12,0,1,3
136388,1892,0.0,0.0,1.0,3,3,3,1,0,0,3,0
136664,1056,0.0,3.0,0.0,4,3,2,1,3,0,1,0
136708,4263,0.0,3.0,1.0,11,2,1,3,9,0,1,1
137036,2794,0.0,2.0,0.0,8,3,2,1,7,0,1,0
137339,3541,0.0,5.0,1.0,6,2,1,1,5,0,1,0
137528,1443,1.0,2.0,1.0,7,2,2,2,6,0,1,0
137826,2145,0.0,3.0,0.0,6,1,1,2,5,0,1,0
13829,4444,0.0,0.0,1.0,1,1,1,1,0,0,1,0
138860,646,0.0,4.0,0.0,11,3,1,1,8,0,3,0
138907,4044,0.0,3.0,0.0,5,2,2,1,4,0,1,0
139171,1543,0.0,4.0,0.0,5,2,1,2,4,0,1,0
139290,960,0.0,2.0,1.0,10,2,1,4,9,0,1,0
139446,2242,0.0,5.0,1.0,34,25,9,1,27,0,7,0
139651,2403,0.0,6.0,0.0,7,2,2,2,3,0,2,2
140495,2821,0.0,4.0,0.0,25,15,5,4,24,0,1,0
140546,1149,0.0,6.0,0.0,9,4,1,2,7,0,1,1
140652,4577,0.0,0.0,1.0,6,1,1,2,3,0,2,1
140867,4760,0.0,2.0,1.0,32,9,6,2,21,0,4,7
14128,4847,1.0,2.0,0.0,11,2,2,1,9,0,2,0
141624,4044,0.0,0.0,0.0,15,7,2,4,13,1,1,0
141670,3968,0.0,3.0,0.0,9,5,4,1,8,0,1,0
142157,596,0.0,3.0,0.0,4,3,2,1,3,0,1,0
142995,4655,0.0,2.0,0.0,14,8,5,4,11,0,2,1
143447,1487,0.0,3.0,0.0,30,3,1,1,28,0,2,0
144137,2140,0.0,5.0,0.0,37,16,1,2,35,0,2,0
144160,2397,1.0,3.0,1.0,2,2,2,2,0,0,1,1
144174,1489,0.0,4.0,0.0,2,1,1,1,1,0,1,0
144882,4086,0.0,0.0,0.0,4,3,2,1,3,0,1,0
145081,3350,0.0,3.0,0.0,6,1,1,2,5,0,1,0
145589,2279,0.0,0.0,0.0,2,1,1,1,1,0,1,0
145605,3662,0.0,0.0,0.0,2,1,1,1,1,0,1,0
145935,234,0.0,4.0,0.0,11,5,2,1,9,0,2,0
14611,4976,0.0,4.0,0.0,3,2,2,1,0,0,3,0
146639,2828,0.0,3.0,0.0,14,7,2,1,13,0,1,0
146724,3576,0.0,5.0,1.0,3,2,2,1,2,0,1,0
146774,4659,0.0,3.0,0.0,10,5,3,1,9,0,1,0
146948,1272,0.0,4.0,1.0,9,1,1,2,8,0,1,0
147006,3350,0.0,2.0,0.0,6,1,1,1,5,0,1,0
147069,4322,0.0,3.0,0.0,2,1,1,1,1,0,1,0
14707,2318,0.0,0.0,0.0,4,1,1,2,3,0,1,0
148833,2447,0.0,6.0,1.0,3,1,1,1,2,0,1,0
149125,3826,0.0,4.0,0.0,1,1,1,1,0,0,1,0
149142,2711,0.0,4.0,0.0,9,4,1,1,8,0,1,0
15042,4760,0.0,0.0,0.0,13,8,5,3,11,0,2,0
150628,742,0.0,4.0,0.0,45,16,5,1,38,0,3,4
15074,1162,0.0,4.0,0.0,2,1,1,1,1,0,1,0
150856,514,0.0,4.0,0.0,12,1,1,2,11,0,1,0
150925,3898,0.0,0.0,1.0,1,1,1,1,0,0,1,0
150995,3578,0.0,5.0,1.0,7,1,1,3,6,0,1,0
151327,296,0.0,4.0,0.0,2,2,1,1,0,0,2,0
151512,4942,0.0,4.0,0.0,4,2,2,1,3,0,1,0
15175,1090,0.0,3.0,0.0,55,23,3,5,49,0,3,3
151751,346,0.0,5.0,1.0,3,1,1,1,2,0,1,0
151820,2303,0.0,5.0,0.0,71,25,2,5,68,0,3,0
151940,310,0.0,3.0,1.0,5,2,2,1,3,0,2,0
153023,3955,0.0,2.0,0.0,9,4,1,2,8,0,1,0
154181,3635,0.0,0.0,0.0,18,3,1,1,15,0,1,2
154470,2396,0.0,6.0,0.0,4,1,1,2,3,0,1,0
154717,2218,0.0,0.0,1.0,9,1,1,1,8,0,1,0
154952,4043,0.0,0.0,0.0,2,1,1,1,1,0,1,0
155564,4465,0.0,0.0,0.0,4,3,1,1,3,0,1,0
156097,3979,0.0,0.0,1.0,2,1,1,2,0,0,1,1
156890,437,0.0,6.0,0.0,8,5,2,2,7,0,1,0
157044,962,0.0,0.0,0.0,13,3,3,5,11,0,1,1
157213,2031,0.0,3.0,0.0,5,4,1,1,4,0,1,0
157266,71,0.0,3.0,0.0,51,14,3,8,48,0,1,2
157548,2108,0.0,2.0,1.0,10,2,2,4,9,0,1,0
157722,361,0.0,0.0,0.0,6,3,2,1,5,0,1,0
157749,3682,0.0,4.0,1.0,6,2,1,2,5,0,1,0
158020,1487,0.0,0.0,0.0,5,1,1,3,3,0,1,1
158228,4472,0.0,3.0,1.0,7,1,1,3,5,0,1,1
158302,4976,0.0,0.0,null,2,1,1,2,1,0,1,0
15836,467,0.0,3.0,1.0,2,1,1,1,1,0,1,0
159290,1679,0.0,3.0,1.0,10,1,1,4,9,0,1,0
159954,3205,0.0,0.0,0.0,13,8,2,2,4,0,1,8
160458,1000,0.0,4.0,0.0,3,1,1,2,1,0,1,1
160803,3936,0.0,0.0,0.0,7,1,1,2,6,0,1,0
161166,4760,0.0,3.0,1.0,7,1,1,2,5,0,1,1
161415,2545,1.0,0.0,1.0,13,5,2,1,12,0,1,0
161594,1000,0.0,6.0,1.0,6,2,1,1,5,0,1,0
161624,2608,0.0,4.0,1.0,7,2,1,3,6,0,1,0
162132,141,0.0,0.0,0.0,4,1,1,2,2,0,1,1
162710,3875,1.0,5.0,0.0,7,2,2,1,6,0,1,0
163062,4173,0.0,0.0,0.0,41,26,6,8,40,0,1,0
16356,4170,0.0,0.0,0.0,9,3,1,1,8,0,1,0
163605,2664,0.0,5.0,0.0,30,17,5,4,26,0,1,3
163763,897,0.0,5.0,0.0,9,4,3,2,8,0,1,0
163861,1102,0.0,3.0,0.0,14,7,1,2,13,0,1,0
164428,2928,0.0,5.0,0.0,13,1,1,3,11,0,2,0
164489,4322,0.0,2.0,0.0,12,1,1,3,11,0,1,0
164568,1900,1.0,0.0,0.0,8,1,1,1,5,0,3,0
165192,4976,0.0,3.0,1.0,22,15,5,3,20,0,2,0
165584,416,0.0,4.0,1.0,24,15,3,3,21,0,3,0
166009,1050,0.0,0.0,1.0,5,1,1,1,3,1,1,0
166045,3609,0.0,0.0,0.0,3,1,1,1,2,0,1,0
16672,3828,0.0,0.0,0.0,39,25,7,8,38,0,1,0
166729,2592,0.0,3.0,1.0,6,3,2,3,5,0,1,0
166844,606,0.0,5.0,1.0,20,10,3,1,19,0,1,0
166890,302,0.0,2.0,0.0,1,1,1,1,0,0,1,0
166990,1719,0.0,0.0,0.0,2,1,1,1,1,0,1,0
167102,1916,0.0,6.0,0.0,2,1,1,1,1,0,1,0
167172,4090,0.0,3.0,0.0,2,1,1,2,0,0,1,1
167327,2721,0.0,4.0,0.0,34,11,1,1,33,0,1,0
167394,1816,0.0,3.0,0.0,3,1,1,1,2,0,1,0
167482,1487,0.0,0.0,0.0,24,5,1,1,23,0,1,0
167661,2424,0.0,0.0,1.0,7,1,1,3,5,0,1,1
167683,2664,0.0,4.0,0.0,3,1,1,1,2,0,1,0
168961,4712,0.0,0.0,0.0,3,1,1,1,2,0,1,0
169395,3432,1.0,6.0,0.0,14,10,5,1,13,0,1,0
169842,3451,0.0,7.0,1.0,2,1,1,1,1,0,1,0
170028,1102,0.0,5.0,0.0,18,11,4,5,17,0,1,0
170096,4968,0.0,3.0,0.0,6,2,1,3,5,0,1,0
170102,4728,0.0,5.0,1.0,4,2,1,1,3,0,1,0
17029,301,0.0,3.0,0.0,3,2,2,1,0,0,3,0
170494,1875,0.0,6.0,0.0,42,18,6,2,38,0,4,0
171593,1346,0.0,4.0,0.0,3,2,1,2,1,0,1,1
172245,786,0.0,6.0,0.0,3,1,1,1,2,0,1,0
172440,2928,0.0,4.0,1.0,5,3,2,1,4,0,1,0
172714,1487,0.0,4.0,0.0,16,8,1,1,15,0,1,0
172736,2031,0.0,2.0,1.0,9,2,1,2,7,0,1,1
172884,4760,0.0,3.0,1.0,51,28,12,3,47,0,3,1
172912,4605,0.0,6.0,0.0,3,2,2,2,0,0,2,1
173680,416,0.0,6.0,1.0,10,5,2,2,7,0,3,0
173794,1472,0.0,0.0,1.0,11,2,1,4,8,0,2,1
173951,1892,0.0,4.0,0.0,1,1,1,1,0,0,1,0
174901,2768,0.0,3.0,0.0,24,22,10,2,23,0,1,0
176006,2856,0.0,3.0,2.0,14,5,1,1,13,0,1,0
176077,2727,0.0,2.0,0.0,13,1,1,1,11,0,1,1
176089,3472,0.0,3.0,0.0,7,1,1,1,6,0,1,0
17621,1861,0.0,0.0,0.0,5,3,2,3,4,0,1,0
176298,3103,0.0,4.0,0.0,7,2,1,3,6,0,1,0
17688,1071,0.0,4.0,0.0,4,1,1,3,3,0,1,0
177055,2273,0.0,3.0,1.0,27,3,2,3,25,0,1,1
177299,4048,0.0,3.0,0.0,5,1,1,1,4,0,1,0
178021,4009,0.0,0.0,0.0,1,1,1,1,0,0,1,0
17884,301,0.0,0.0,0.0,22,7,2,1,20,0,2,0
17925,1494,0.0,0.0,0.0,4,2,2,1,3,0,1,0
18027,3990,0.0,2.0,1.0,1,1,1,1,0,0,1,0
180481,4086,0.0,3.0,0.0,1,1,1,1,0,0,1,0
180630,4090,0.0,null,null,7,1,1,3,6,0,1,0
181000,962,0.0,3.0,0.0,4,1,1,1,3,0,1,0
181172,2608,0.0,2.0,1.0,1,1,1,1,0,0,1,0
181858,2001,0.0,4.0,0.0,3,1,1,1,2,0,1,0
182597,2138,0.0,2.0,0.0,1,1,1,1,0,0,1,0
182777,4558,0.0,2.0,0.0,1,1,1,1,0,0,1,0
182906,1784,0.0,3.0,1.0,2,1,1,1,1,0,1,0
182925,4044,0.0,4.0,0.0,26,11,4,5,23,0,1,2
183036,1892,0.0,3.0,0.0,13,10,6,3,8,0,5,0
184157,4950,0.0,4.0,1.0,5,3,1,2,4,0,1,0
185398,1816,0.0,0.0,0.0,1,1,1,1,0,0,1,0
185505,3628,0.0,5.0,0.0,6,1,1,2,5,0,1,0
185532,1738,0.0,4.0,2.0,6,2,2,1,5,0,1,0
186167,1470,0.0,4.0,1.0,3,1,1,1,2,0,1,0
186229,259,0.0,2.0,0.0,1,1,1,1,0,0,1,0
186757,4860,0.0,2.0,1.0,5,1,1,2,4,0,1,0
188354,3609,0.0,4.0,0.0,3,1,1,1,2,0,1,0
188692,402,0.0,6.0,1.0,7,3,1,1,6,0,1,0
188789,3258,1.0,4.0,2.0,1,1,1,1,0,0,1,0
188969,14,0.0,3.0,0.0,64,31,9,7,63,0,1,0
189342,4385,0.0,0.0,1.0,10,3,2,1,9,0,1,0
189467,4050,0.0,2.0,1.0,6,2,2,1,5,0,1,0
189763,4318,0.0,4.0,0.0,3,1,1,1,2,0,1,0
189852,2821,0.0,4.0,0.0,6,1,1,2,5,0,1,0
189876,2883,0.0,0.0,0.0,3,3,1,2,0,0,1,2
190353,598,0.0,4.0,0.0,4,2,1,1,3,0,1,0
19038,2273,0.0,5.0,1.0,5,1,1,2,4,0,1,0
190454,1861,0.0,2.0,0.0,2,1,1,2,1,0,1,0
190466,508,0.0,4.0,0.0,6,1,1,2,3,0,2,1
190566,557,1.0,4.0,null,20,11,3,4,16,0,3,1
190694,289,0.0,2.0,0.0,9,2,1,1,8,0,1,0
190785,2450,0.0,2.0,0.0,5,4,1,1,4,0,1,0
191317,1200,0.0,3.0,1.0,6,1,1,1,4,0,2,0
191566,1403,0.0,4.0,0.0,36,3,1,1,35,0,1,0
191711,1031,0.0,4.0,1.0,15,2,1,2,14,0,1,0
191963,2136,1.0,5.0,0.0,13,10,5,1,11,0,2,0
191992,2994,0.0,3.0,1.0,2,1,1,1,1,0,1,0
19216,4282,0.0,3.0,1.0,64,37,7,2,62,0,2,0
192361,4885,0.0,0.0,1.0,3,1,1,2,2,0,1,0
192425,1500,0.0,3.0,1.0,2,1,1,1,1,0,1,0
19288,2928,0.0,3.0,0.0,3,1,1,2,1,0,1,1
19305,4976,0.0,4.0,0.0,19,7,4,2,17,0,2,0
193100,786,0.0,3.0,1.0,14,7,3,1,11,0,3,0
193107,3022,0.0,3.0,1.0,20,7,4,4,18,0,2,0
193549,1787,1.0,3.0,0.0,1,1,1,1,0,0,1,0
193564,4394,0.0,0.0,0.0,4,2,1,1,2,0,2,0
193810,4044,0.0,4.0,0.0,2,1,1,1,0,0,2,0
194542,2403,0.0,4.0,0.0,32,17,1,4,30,0,2,0
194574,2482,0.0,2.0,0.0,56,12,9,7,42,0,6,8
194712,2422,1.0,3.0,0.0,4,4,3,2,1,0,1,2
194880,1102,0.0,4.0,0.0,1,1,1,1,0,0,1,0
195071,416,0.0,3.0,0.0,12,5,3,3,11,0,1,0
195123,145,0.0,0.0,0.0,2,1,1,1,1,0,1,0
195503,467,0.0,4.0,1.0,11,2,2,1,9,0,2,0
196360,4287,0.0,3.0,0.0,4,3,2,2,3,0,1,0
196426,2031,0.0,4.0,1.0,1,1,1,1,0,0,1,0
196546,742,0.0,0.0,0.0,5,1,1,2,4,0,1,0
196909,2994,0.0,5.0,0.0,8,4,1,1,7,0,1,0
196988,310,0.0,2.0,0.0,21,3,2,3,20,0,1,0
197126,1056,0.0,6.0,0.0,9,7,4,3,8,0,1,0
197152,4985,0.0,6.0,1.0,11,3,1,3,10,0,1,0
197574,588,0.0,0.0,0.0,5,1,1,2,2,0,1,2
197603,2360,0.0,6.0,0.0,13,1,1,2,11,0,2,0
198572,4992,0.0,4.0,0.0,5,1,1,1,4,0,1,0
19866,3205,0.0,6.0,0.0,3,2,1,2,2,0,1,0
198777,1509,0.0,4.0,1.0,21,10,3,4,17,0,4,0
199589,976,0.0,6.0,1.0,5,1,1,2,3,0,1,1
20050,326,1.0,0.0,1.0,14,3,1,1,12,0,2,0
201001,3826,0.0,2.0,0.0,2,1,1,1,1,0,1,0
201281,798,0.0,0.0,0.0,2,2,2,2,1,0,1,0
201521,3523,1.0,7.0,1.0,3,1,1,1,2,0,1,0
201822,4847,0.0,2.0,0.0,76,33,10,3,71,0,5,0
201854,3986,0.0,2.0,1.0,1,1,1,1,0,0,1,0
202722,1019,0.0,0.0,1.0,4,1,1,2,3,0,1,0
202791,4322,0.0,3.0,1.0,5,1,1,1,4,0,1,0
202900,416,0.0,7.0,0.0,29,15,7,3,28,0,1,0
203849,1763,0.0,2.0,1.0,4,1,1,1,3,0,1,0
203963,4420,0.0,5.0,0.0,7,6,5,1,6,0,1,0
204428,3936,0.0,3.0,1.0,1,1,1,1,0,0,1,0
204769,13,0.0,3.0,1.0,6,2,1,1,5,0,1,0
204922,3266,0.0,6.0,0.0,13,2,1,2,10,1,2,0
204937,4219,1.0,4.0,2.0,10,4,2,1,8,0,1,1
205000,474,1.0,0.0,0.0,16,12,8,2,11,0,5,0
205270,3444,0.0,2.0,1.0,3,1,1,1,2,0,1,0
205501,4071,0.0,0.0,1.0,3,1,1,1,2,0,1,0
206622,4545,0.0,0.0,1.0,25,19,1,1,22,0,3,0
206651,4368,0.0,3.0,0.0,3,2,2,1,2,0,1,0
206941,1608,0.0,null,null,5,3,2,1,3,0,2,0
207224,4388,0.0,6.0,0.0,2,1,1,1,1,0,1,0
207313,1784,0.0,4.0,0.0,12,4,3,1,9,0,3,0
207436,3873,0.0,3.0,1.0,2,1,1,1,1,0,1,0
207519,4950,0.0,4.0,2.0,59,11,4,8,58,0,1,0
207983,2810,0.0,6.0,0.0,2,1,1,1,1,0,1,0
208414,1066,0.0,5.0,0.0,6,2,2,1,5,0,1,0
208891,3910,0.0,4.0,0.0,5,1,1,1,4,0,1,0
209005,293,0.0,3.0,0.0,3,1,1,1,2,0,1,0
209148,4173,0.0,4.0,0.0,19,9,5,3,18,0,1,0
209160,4585,0.0,4.0,0.0,5,3,1,2,4,0,1,0
209578,1008,0.0,6.0,1.0,9,1,1,1,8,0,1,0
209825,747,0.0,3.0,0.0,6,2,1,3,4,0,1,1
21033,1910,1.0,0.0,0.0,8,2,2,3,7,0,1,0
211324,474,0.0,3.0,0.0,9,5,5,1,7,0,2,0
211639,4829,0.0,0.0,0.0,1,1,1,1,0,0,1,0
212938,2639,0.0,0.0,0.0,4,2,2,2,3,0,1,0
21319,2145,0.0,2.0,0.0,9,2,1,1,8,0,1,0
21401,1527,0.0,0.0,0.0,3,1,1,2,2,0,1,0
214032,3477,0.0,3.0,0.0,5,2,1,1,4,0,1,0
214038,3163,0.0,3.0,1.0,3,1,1,1,0,0,3,0
214070,3854,0.0,6.0,0.0,2,1,1,1,1,0,1,0
214158,1997,0.0,5.0,2.0,7,2,2,1,5,0,2,0
2148,4481,0.0,5.0,1.0,43,16,5,1,40,0,3,0
214847,3936,0.0,2.0,1.0,3,1,1,2,1,0,1,1
215244,3826,0.0,3.0,0.0,10,1,1,3,9,0,1,0
215290,3701,0.0,3.0,1.0,3,1,1,1,2,0,1,0
216191,2828,0.0,4.0,0.0,15,6,1,2,13,0,1,1
216375,2784,1.0,0.0,0.0,4,1,1,1,2,0,2,0
21641,3350,0.0,4.0,1.0,2,1,1,1,1,0,1,0
216531,3941,1.0,0.0,0.0,10,2,2,2,8,0,1,1
216722,3930,0.0,3.0,0.0,4,1,1,1,3,0,1,0
21779,2205,0.0,0.0,1.0,5,1,1,2,4,0,1,0
21829,3080,0.0,6.0,1.0,5,1,1,2,4,0,1,0
218373,323,0.0,0.0,0.0,4,1,1,1,3,0,1,0
218653,4005,0.0,0.0,1.0,12,1,1,1,11,0,1,0
218850,2849,0.0,0.0,0.0,18,14,7,4,17,0,1,0
218981,1472,0.0,2.0,0.0,15,3,1,5,14,0,1,0
219074,4783,0.0,5.0,0.0,2,1,1,1,1,0,1,0
219279,2698,0.0,4.0,0.0,1,1,1,1,0,0,1,0
219495,3828,0.0,5.0,2.0,14,6,3,5,13,0,1,0
219676,416,0.0,6.0,0.0,10,5,3,6,7,0,1,2
219884,145,0.0,2.0,0.0,4,1,1,2,2,1,1,0
220197,4658,0.0,2.0,0.0,3,1,1,1,2,0,1,0
220852,3936,0.0,5.0,2.0,3,2,2,1,1,0,2,0
221006,4173,0.0,4.0,0.0,6,4,3,1,5,0,1,0
221191,3734,0.0,0.0,0.0,3,1,1,1,2,0,1,0
22235,4527,0.0,0.0,1.0,2,1,1,1,1,0,1,0
222712,649,0.0,4.0,1.0,7,3,2,2,6,0,1,0
222767,4079,0.0,4.0,0.0,6,2,1,1,5,0,1,0
222769,2475,0.0,3.0,0.0,7,1,1,1,6,0,1,0
22309,1203,0.0,6.0,0.0,9,7,3,1,8,0,1,0
223167,1393,1.0,5.0,0.0,113,59,8,7,108,0,4,1
223181,4009,0.0,0.0,0.0,1,1,1,1,0,0,1,0
22331,3536,0.0,0.0,0.0,11,2,1,5,9,1,1,0
223735,4921,0.0,3.0,0.0,1,1,1,1,0,0,1,0
224462,806,0.0,6.0,0.0,21,6,5,2,19,0,1,1
22516,1018,0.0,3.0,0.0,1,1,1,1,0,0,1,0
225463,3108,0.0,4.0,0.0,2,1,1,2,0,0,1,1
225918,898,0.0,0.0,0.0,3,1,1,1,2,0,1,0
225950,2055,0.0,0.0,0.0,2,1,1,1,0,0,1,1
22603,4536,0.0,2.0,0.0,1,1,1,1,0,0,1,0
226193,4760,0.0,3.0,0.0,10,8,3,1,8,0,2,0
226409,3734,0.0,0.0,0.0,48,24,7,5,43,0,2,3
226423,1102,0.0,0.0,0.0,39,20,3,5,36,0,1,2
226598,2537,0.0,0.0,0.0,15,8,6,3,13,0,2,0
226674,2051,0.0,0.0,0.0,5,1,1,1,4,0,1,0
22680,2668,0.0,2.0,0.0,5,3,2,1,3,0,2,0
227020,2173,0.0,4.0,0.0,11,4,2,2,10,0,1,0
227082,1899,1.0,6.0,0.0,3,1,1,1,2,0,1,0
227324,2217,0.0,6.0,0.0,2,1,1,1,1,0,1,0
227355,4607,0.0,4.0,1.0,6,1,1,1,5,0,1,0
227684,4090,0.0,0.0,1.0,2,1,1,2,0,0,1,1
227698,3363,0.0,3.0,0.0,1,1,1,1,0,0,1,0
228315,2954,0.0,4.0,1.0,17,4,1,3,15,0,1,1
22846,3623,0.0,3.0,0.0,2,1,1,1,1,0,1,0
228485,1393,0.0,6.0,0.0,197,76,8,4,196,0,1,0
228695,293,0.0,2.0,0.0,3,1,1,2,2,0,1,0
229078,1983,0.0,3.0,0.0,2,1,1,1,1,0,1,0
229534,1411,0.0,0.0,1.0,1,1,1,1,0,0,1,0
229839,698,0.0,0.0,1.0,9,6,3,2,8,0,1,0
229882,121,0.0,5.0,0.0,27,14,7,3,25,0,2,0
229991,4864,0.0,0.0,0.0,13,4,2,2,11,0,2,0
230020,1890,0.0,6.0,0.0,19,6,1,2,15,0,1,3
230031,1895,0.0,2.0,0.0,9,4,2,1,8,0,1,0
230482,4281,0.0,3.0,0.0,3,1,1,1,2,0,1,0
230483,4322,0.0,2.0,1.0,4,1,1,3,3,0,1,0
230597,4966,0.0,3.0,0.0,1,1,1,1,0,0,1,0
231171,416,0.0,4.0,0.0,2,1,1,1,1,0,1,0
231312,1131,0.0,3.0,0.0,3,2,2,2,2,0,1,0
231449,4005,0.0,2.0,1.0,4,1,1,1,3,0,1,0
231507,4150,0.0,3.0,1.0,2,1,2,1,0,1,1,0
231882,2977,0.0,3.0,0.0,4,1,1,1,3,0,1,0
232031,1133,0.0,6.0,0.0,4,2,1,2,3,0,1,0
232387,2565,0.0,5.0,0.0,5,1,1,1,4,0,1,0
232430,2099,0.0,6.0,1.0,2,1,1,1,1,0,1,0
232579,2565,0.0,5.0,1.0,2,1,1,1,1,0,1,0
232805,2082,1.0,3.0,0.0,3,1,1,1,2,0,1,0
233244,503,0.0,2.0,0.0,5,1,1,1,4,0,1,0
233508,1738,0.0,3.0,0.0,2,1,1,2,0,0,1,1
234225,2640,0.0,3.0,0.0,40,21,16,2,33,0,7,0
234254,3225,0.0,0.0,0.0,3,1,1,1,2,0,1,0
234289,2482,0.0,2.0,0.0,17,5,4,2,10,0,3,4
234622,1659,0.0,0.0,0.0,3,2,1,1,2,0,1,0
234968,2162,0.0,3.0,0.0,5,1,1,2,3,0,1,1
234978,22,0.0,3.0,1.0,2,1,1,1,1,0,1,0
235188,2204,0.0,5.0,0.0,4,2,1,1,3,0,1,0
235277,1760,0.0,3.0,0.0,24,14,3,3,23,0,1,0
236292,742,1.0,7.0,0.0,23,8,2,3,22,0,1,0
236334,2435,0.0,0.0,1.0,3,1,1,1,2,0,1,0
236380,1102,0.0,6.0,0.0,4,1,1,3,3,0,1,0
236384,4427,0.0,3.0,0.0,2,1,1,2,1,0,1,0
236540,630,0.0,2.0,0.0,4,3,3,2,3,0,1,0
23675,4589,0.0,3.0,1.0,5,3,1,2,4,0,1,0
236856,643,0.0,3.0,0.0,14,2,2,4,12,0,1,1
237076,4940,0.0,2.0,0.0,14,6,2,2,13,0,1,0
237246,3682,0.0,4.0,1.0,2,1,1,1,1,0,1,0
237336,1342,0.0,2.0,0.0,3,2,2,1,2,0,1,0
237844,606,0.0,2.0,1.0,6,2,1,3,2,0,1,3
238118,1831,0.0,6.0,0.0,3,1,1,1,2,0,1,0
238416,2108,0.0,3.0,1.0,5,1,1,1,4,0,1,0
238784,3554,0.0,7.0,0.0,2,1,1,1,1,0,1,0
239235,4678,0.0,4.0,0.0,5,1,1,1,4,0,1,0
23937,1884,0.0,6.0,1.0,13,5,1,1,12,0,1,0
239512,2537,0.0,0.0,0.0,2,1,1,1,1,0,1,0
24030,812,0.0,3.0,1.0,2,1,1,1,1,0,1,0
240597,3828,0.0,null,null,1,1,1,1,0,0,1,0
240714,317,0.0,0.0,0.0,4,1,1,1,3,0,1,0
24090,3092,0.0,0.0,0.0,5,1,1,3,3,0,1,1
24117,4388,0.0,6.0,0.0,1,1,1,1,0,0,1,0
24133,586,1.0,4.0,0.0,12,10,8,3,1,0,9,2
241582,2278,1.0,6.0,0.0,3,2,2,1,2,0,1,0
241839,4388,0.0,3.0,0.0,4,1,1,1,3,0,1,0
241984,141,0.0,2.0,0.0,1,1,1,1,0,0,1,0
242034,3646,0.0,3.0,2.0,2,1,1,1,1,0,1,0
24229,3629,0.0,5.0,0.0,5,2,1,1,3,0,2,0
242479,687,0.0,6.0,0.0,9,4,1,1,8,0,1,0
242594,2450,0.0,0.0,0.0,3,1,1,2,2,0,1,0
243179,2699,0.0,6.0,0.0,7,3,2,2,5,0,2,0
243298,4079,0.0,6.0,1.0,8,5,1,1,6,0,2,0
243608,1272,0.0,4.0,0.0,6,1,1,1,4,0,1,1
243812,4444,0.0,4.0,0.0,4,3,2,1,2,0,2,0
243817,187,0.0,5.0,1.0,13,10,7,2,11,0,2,0
244146,2746,0.0,3.0,0.0,4,1,1,1,3,0,1,0
244369,3205,0.0,3.0,0.0,4,1,1,1,2,0,1,1
244562,1959,0.0,2.0,0.0,20,11,6,2,15,0,2,3
244927,4471,0.0,0.0,0.0,7,3,2,2,6,0,1,0
245090,1454,0.0,4.0,1.0,3,1,1,1,2,0,1,0
245438,1056,0.0,4.0,1.0,4,4,4,1,0,0,4,0
245543,4826,0.0,4.0,0.0,2,1,1,1,1,0,1,0
245728,3288,0.0,4.0,0.0,5,1,1,1,2,0,3,0
246276,4079,0.0,4.0,1.0,11,5,1,1,10,0,1,0
247431,4325,0.0,3.0,0.0,1,1,1,1,0,0,1,0
247469,3974,0.0,2.0,1.0,3,1,1,1,2,0,1,0
247835,661,0.0,6.0,0.0,3,1,1,2,2,0,1,0
24802,3484,0.0,3.0,1.0,16,4,1,2,15,0,1,0
248230,2435,0.0,null,null,6,1,1,2,5,0,1,0
24841,4115,0.0,5.0,1.0,2,1,1,1,1,0,1,0
248825,1203,0.0,5.0,0.0,6,3,2,1,5,0,1,0
248841,649,0.0,6.0,0.0,6,1,1,1,5,0,1,0
248875,474,1.0,2.0,0.0,2,2,2,1,0,0,2,0
249031,2721,0.0,3.0,0.0,6,2,1,3,4,0,1,1
24931,1502,0.0,0.0,1.0,6,2,2,2,4,0,2,0
249423,4071,0.0,4.0,0.0,11,1,1,3,8,1,1,1
250149,1031,0.0,4.0,0.0,4,1,1,1,3,0,1,0
251025,3528,0.0,0.0,0.0,10,6,2,2,9,0,1,0
251340,1013,1.0,0.0,0.0,4,1,1,1,2,0,2,0
252113,2413,0.0,4.0,0.0,7,3,2,1,6,0,1,0
25258,1719,0.0,3.0,1.0,1,1,1,1,0,0,1,0
253957,2318,0.0,0.0,1.0,4,2,1,1,3,0,1,0
254206,2791,0.0,3.0,1.0,12,2,1,2,10,1,1,0
254312,2273,0.0,3.0,0.0,4,2,1,2,3,0,1,0
254539,3284,0.0,6.0,1.0,5,3,2,1,3,0,2,0
254691,954,0.0,4.0,0.0,3,1,1,1,1,0,2,0
255041,474,0.0,4.0,0.0,2,1,1,2,0,0,1,1
255250,594,0.0,3.0,0.0,7,2,2,2,5,0,1,1
255505,1643,0.0,2.0,0.0,12,2,1,3,11,0,1,0
255509,4044,0.0,0.0,0.0,11,6,5,2,10,0,1,0
256106,3971,0.0,2.0,1.0,3,2,2,2,1,0,1,1
25612,1339,0.0,4.0,0.0,7,1,1,1,4,0,3,0
256444,4282,0.0,3.0,0.0,44,9,3,8,38,0,1,5
256535,4966,0.0,5.0,0.0,3,2,2,1,2,0,1,0
25715,4079,0.0,4.0,1.0,3,1,1,1,1,0,2,0
257492,241,0.0,4.0,1.0,7,2,1,2,6,0,1,0
257513,361,0.0,6.0,0.0,42,8,2,6,40,0,2,0
257617,2266,1.0,5.0,1.0,6,1,1,1,5,0,1,0
257867,1031,0.0,2.0,1.0,24,8,1,5,23,0,1,0
258466,1250,0.0,4.0,1.0,3,2,1,1,2,0,1,0
258497,190,0.0,0.0,0.0,9,3,2,1,7,1,1,0
258677,2954,0.0,4.0,0.0,11,6,4,2,6,0,5,0
258730,2138,0.0,2.0,0.0,10,1,1,2,8,0,1,1
259093,3609,0.0,5.0,1.0,2,1,1,2,1,0,1,0
259108,3609,0.0,0.0,1.0,10,1,1,2,9,0,1,0
259321,4026,0.0,6.0,0.0,1,1,1,1,0,0,1,0
259436,963,0.0,4.0,0.0,4,2,1,2,3,0,1,0
259512,361,0.0,6.0,0.0,29,4,3,3,22,0,3,4
25974,4234,0.0,0.0,0.0,29,11,4,2,27,0,2,0
259772,4048,0.0,5.0,1.0,5,1,1,1,3,0,2,0
259816,3085,0.0,3.0,1.0,4,3,1,1,3,0,1,0
259828,4629,0.0,6.0,1.0,2,1,1,1,1,0,1,0
260008,4282,0.0,2.0,1.0,112,44,12,10,104,0,1,7
260163,2669,0.0,4.0,0.0,6,2,1,1,5,0,1,0
260168,1031,0.0,3.0,1.0,31,5,1,2,29,0,1,1
260455,2721,0.0,3.0,0.0,3,1,1,1,2,0,1,0
261348,2099,0.0,0.0,0.0,6,1,1,2,5,0,1,0
261774,3291,0.0,6.0,1.0,1,1,1,1,0,0,1,0
261799,437,0.0,3.0,0.0,4,1,1,1,3,0,1,0
261858,1704,0.0,3.0,0.0,5,2,2,1,4,0,1,0
262187,3288,0.0,0.0,0.0,1,1,1,1,0,0,1,0
264455,2537,0.0,6.0,0.0,6,2,2,1,5,0,1,0
264798,3484,0.0,0.0,1.0,3,2,1,1,2,0,1,0
264997,3191,0.0,0.0,0.0,2,1,1,1,1,0,1,0
265145,443,0.0,3.0,0.0,4,1,1,1,3,0,1,0
265352,4659,0.0,3.0,0.0,19,13,8,2,16,0,3,0
265746,2467,0.0,3.0,0.0,4,1,1,1,3,0,1,0
265930,14,0.0,4.0,0.0,17,5,1,1,15,0,2,0
266613,1825,0.0,4.0,1.0,1,1,1,1,0,0,1,0
266860,2138,0.0,5.0,1.0,4,1,1,1,3,0,1,0
266864,4044,0.0,4.0,1.0,45,24,7,1,43,0,2,0
266927,1060,0.0,2.0,0.0,2,1,1,1,0,0,1,1
267103,4433,0.0,0.0,0.0,4,1,1,1,3,0,1,0
267944,361,0.0,4.0,1.0,2,1,1,1,1,0,1,0
268959,2051,0.0,2.0,0.0,1,1,1,1,0,0,1,0
269791,3936,0.0,0.0,0.0,11,2,1,1,10,0,1,0
26987,1704,0.0,0.0,0.0,6,4,2,1,4,0,2,0
26988,3825,0.0,0.0,0.0,31,15,8,1,25,0,6,0
269968,777,0.0,3.0,0.0,1,1,1,1,0,0,1,0
270180,4484,0.0,3.0,0.0,6,1,1,1,5,0,1,0
270337,293,0.0,7.0,0.0,8,1,1,3,5,0,1,2
270532,4976,1.0,0.0,1.0,1,1,1,1,0,0,1,0
270672,3541,0.0,4.0,0.0,9,3,1,3,8,0,1,0
271181,3609,0.0,3.0,2.0,5,3,1,1,4,0,1,0
272232,1028,0.0,5.0,0.0,8,5,1,1,5,0,3,0
27249,2821,0.0,4.0,0.0,18,9,4,3,15,2,1,0
272716,4090,0.0,4.0,1.0,8,1,1,4,6,0,1,1
273014,4569,0.0,0.0,0.0,6,3,2,1,5,0,1,0
273156,1538,0.0,5.0,0.0,3,1,1,1,2,0,1,0
273268,145,0.0,4.0,0.0,7,5,1,1,6,0,1,0
273421,4919,0.0,4.0,1.0,7,2,1,1,6,0,1,0
273646,2708,0.0,4.0,0.0,3,1,1,1,2,0,1,0
273685,1077,0.0,7.0,0.0,2,1,1,1,1,0,1,0
273849,3350,0.0,7.0,0.0,3,1,1,1,2,0,1,0
273920,1742,0.0,5.0,0.0,8,2,1,2,6,0,2,0
2744,1356,0.0,0.0,0.0,1,1,1,1,0,0,1,0
274846,4044,0.0,2.0,0.0,43,27,7,1,40,0,3,0
274870,4966,0.0,4.0,0.0,2,2,2,2,1,0,1,0
274892,2693,0.0,3.0,0.0,18,11,3,2,16,0,1,1
275137,4173,0.0,4.0,0.0,3,2,2,2,2,0,1,0
27520,1556,0.0,3.0,0.0,3,1,1,1,2,0,1,0
275692,4731,0.0,0.0,0.0,12,3,1,1,10,0,2,0
276128,756,0.0,0.0,0.0,6,2,1,2,5,0,1,0
276366,786,0.0,0.0,0.0,3,2,2,2,2,0,1,0
27646,3173,0.0,3.0,0.0,16,6,1,1,14,0,2,0
276592,4808,0.0,5.0,1.0,8,1,1,3,7,0,1,0
276786,2727,0.0,0.0,0.0,6,2,1,2,4,0,1,1
276869,3474,0.0,6.0,0.0,20,4,1,4,18,0,1,1
276939,4693,0.0,4.0,0.0,1,1,1,1,0,0,1,0
277099,1760,0.0,null,null,15,6,4,1,10,1,3,1
277137,2630,0.0,3.0,0.0,5,1,1,1,3,0,1,1
277581,4270,0.0,4.0,2.0,4,2,1,1,3,0,1,0
277704,4252,0.0,0.0,1.0,4,1,1,2,2,1,1,0
277942,3671,0.0,6.0,0.0,10,2,2,2,9,0,1,0
279059,4502,1.0,0.0,0.0,5,2,2,2,4,0,1,0
279212,343,0.0,3.0,null,3,1,1,1,2,0,1,0
279264,4976,0.0,4.0,0.0,63,24,8,14,59,0,1,3
279310,4542,0.0,6.0,0.0,12,2,1,3,11,0,1,0
279322,4756,0.0,4.0,0.0,6,3,2,2,3,0,3,0
279432,2592,0.0,4.0,0.0,3,2,1,2,2,0,1,0
279581,2118,0.0,3.0,1.0,26,16,1,1,24,0,1,1
279707,4368,0.0,5.0,1.0,3,1,1,1,2,0,1,0
279957,1760,0.0,0.0,0.0,25,10,2,4,23,0,1,1
280068,1892,0.0,3.0,0.0,3,2,1,1,2,0,1,0
280534,3148,0.0,7.0,0.0,13,10,1,1,12,0,1,0
280658,606,0.0,0.0,1.0,4,2,2,3,3,0,1,0
280663,2482,0.0,3.0,0.0,7,3,1,3,6,0,1,0
281250,2915,1.0,5.0,1.0,4,3,1,2,1,0,2,1
281480,4087,0.0,4.0,0.0,15,3,1,3,12,0,3,0
281706,2167,0.0,2.0,0.0,1,1,1,1,0,0,1,0
281713,3484,0.0,4.0,0.0,1,1,1,1,0,0,1,0
282125,684,0.0,0.0,0.0,3,1,1,1,2,0,1,0
282467,2278,0.0,2.0,0.0,8,3,3,4,7,0,1,0
283032,1272,0.0,6.0,0.0,26,5,2,2,23,0,3,0
283320,3624,0.0,4.0,2.0,2,1,1,1,1,0,1,0
28386,4427,0.0,3.0,0.0,4,2,1,2,1,0,1,2
283860,1511,0.0,6.0,0.0,15,3,1,2,14,0,1,0
284209,2099,0.0,0.0,0.0,4,3,1,1,3,0,1,0
284287,3578,0.0,5.0,0.0,14,4,2,1,12,0,2,0
284626,4076,0.0,4.0,1.0,5,2,2,2,4,0,1,0
28515,2915,0.0,0.0,1.0,7,3,3,3,6,0,1,0
286267,606,0.0,4.0,0.0,3,2,1,1,2,0,1,0
286273,1487,0.0,4.0,0.0,4,1,1,1,3,0,1,0
286289,3018,0.0,0.0,0.0,2,1,1,1,1,0,1,0
28639,1466,0.0,3.0,0.0,3,1,1,1,1,0,2,0
286633,474,0.0,0.0,0.0,6,1,1,3,4,0,1,1
286714,2904,0.0,4.0,1.0,14,3,1,1,13,0,1,0
286843,4871,0.0,3.0,1.0,3,1,1,1,2,0,1,0
286954,773,0.0,4.0,0.0,23,13,8,1,22,0,1,0
287718,1798,0.0,0.0,0.0,22,7,2,2,20,0,2,0
288148,1090,0.0,4.0,0.0,3,2,1,2,0,0,1,2
288658,923,0.0,0.0,0.0,2,1,1,2,0,0,1,1
288784,4043,0.0,3.0,0.0,12,3,3,4,8,0,1,3
28912,1031,0.0,3.0,0.0,26,10,1,2,23,0,3,0
289559,1102,0.0,0.0,0.0,3,1,1,2,2,0,1,0
290221,1608,0.0,5.0,0.0,4,1,1,1,3,0,1,0
291045,4524,0.0,2.0,0.0,3,1,1,1,2,0,1,0
291076,1749,0.0,4.0,0.0,1,1,1,1,0,0,1,0
291407,503,1.0,4.0,1.0,22,11,3,2,16,0,4,2
291738,2255,0.0,5.0,0.0,3,1,1,1,2,0,1,0
292378,3102,0.0,4.0,0.0,12,2,2,2,10,0,1,1
292387,1487,0.0,0.0,1.0,24,1,1,7,22,0,1,1
29274,1131,0.0,3.0,0.0,22,13,5,2,20,0,2,0
292818,2915,0.0,3.0,1.0,17,5,2,1,14,0,1,2
29327,1019,0.0,2.0,0.0,5,2,2,1,3,0,2,0
293388,1393,1.0,6.0,0.0,38,14,8,3,24,0,3,11
293520,2255,0.0,4.0,2.0,1,1,1,1,0,0,1,0
29363,2353,0.0,6.0,0.0,18,1,1,1,17,0,1,0
293965,1310,0.0,3.0,0.0,11,4,3,3,10,0,1,0
294236,416,0.0,6.0,0.0,10,5,2,3,9,0,1,0
294320,2905,0.0,5.0,1.0,8,1,1,2,7,0,1,0
294364,2217,0.0,2.0,0.0,50,25,3,4,48,0,2,0
294485,2403,0.0,3.0,0.0,2,2,2,1,0,0,2,0
294812,1890,0.0,0.0,0.0,2,1,1,2,0,0,1,1
295027,4605,0.0,4.0,1.0,3,2,2,2,2,0,1,0
295316,2482,0.0,3.0,1.0,18,10,7,2,17,0,1,0
295650,205,0.0,4.0,0.0,8,3,2,1,6,0,2,0
29593,141,0.0,3.0,0.0,10,8,6,3,8,0,2,0
296460,542,0.0,3.0,0.0,3,1,1,1,2,0,1,0
296766,1963,0.0,3.0,1.0,26,13,4,4,24,0,2,0
29677,234,0.0,0.0,0.0,2,1,1,2,1,0,1,0
297210,3870,0.0,4.0,1.0,29,17,2,4,27,0,1,1
297462,698,0.0,6.0,0.0,5,1,1,1,4,0,1,0
297525,3853,0.0,0.0,0.0,1,1,1,1,0,0,1,0
298586,1833,0.0,4.0,0.0,16,5,1,3,14,1,1,0
298587,740,0.0,5.0,1.0,4,1,1,1,3,0,1,0
298967,1187,0.0,0.0,0.0,4,1,1,1,3,0,1,0
29904,2860,0.0,3.0,0.0,1,1,1,1,0,0,1,0
299091,4346,0.0,4.0,0.0,6,2,1,2,5,0,1,0
299796,2273,0.0,3.0,0.0,8,2,1,1,7,0,1,0
299883,1487,0.0,null,null,8,2,1,1,6,1,1,0
300322,3809,0.0,7.0,0.0,21,2,2,2,20,0,1,0
301156,2242,0.0,3.0,0.0,9,4,4,2,7,0,1,1
30185,1621,0.0,0.0,0.0,13,2,1,1,10,0,1,2
302215,3930,0.0,6.0,1.0,5,2,2,1,4,0,1,0
302353,2217,0.0,5.0,0.0,4,1,1,1,3,0,1,0
304254,2036,0.0,5.0,0.0,1,1,1,1,0,0,1,0
304609,3936,0.0,3.0,0.0,3,1,1,1,2,0,1,0
304956,590,0.0,2.0,1.0,2,1,1,1,1,0,1,0
30502,3136,0.0,4.0,0.0,9,3,2,2,6,0,1,2
305146,3475,0.0,5.0,0.0,6,1,1,2,5,0,1,0
306100,1963,1.0,3.0,1.0,162,40,5,21,137,0,2,23
30647,3828,1.0,3.0,0.0,3,2,2,2,1,0,1,1
307497,1411,0.0,0.0,0.0,3,1,1,1,1,0,2,0
30773,2128,1.0,2.0,0.0,1,1,1,1,0,0,1,0
307755,2318,0.0,4.0,0.0,1,1,1,1,0,0,1,0
307897,963,0.0,5.0,0.0,1,1,1,1,0,0,1,0
307900,4420,0.0,3.0,0.0,26,9,8,2,22,0,4,0
308,4726,0.0,3.0,0.0,3,1,1,1,2,0,1,0
30823,3545,0.0,4.0,1.0,2,1,1,1,1,0,1,0
308238,4394,0.0,0.0,0.0,10,1,1,1,7,0,2,1
308635,773,1.0,4.0,0.0,26,25,13,3,25,0,1,0
308840,897,0.0,0.0,0.0,14,4,4,1,10,0,4,0
309596,3475,0.0,3.0,0.0,2,1,1,2,0,0,1,1
309952,4473,0.0,2.0,0.0,4,1,1,1,3,0,1,0
310081,2273,0.0,4.0,1.0,7,1,1,3,5,0,1,1
31040,1892,0.0,4.0,0.0,14,5,2,1,12,0,2,0
31076,4708,0.0,4.0,0.0,37,19,13,4,36,0,1,0
311186,4976,0.0,0.0,0.0,6,1,1,2,5,0,1,0
311398,4985,0.0,6.0,1.0,18,5,1,2,17,0,1,0
311513,2099,0.0,0.0,0.0,1,1,1,1,0,0,1,0
311947,1738,0.0,4.0,1.0,6,1,1,2,5,0,1,0
312588,963,0.0,3.0,1.0,1,1,1,1,0,0,1,0
312736,3013,0.0,3.0,0.0,1,1,1,1,0,0,1,0
312811,3152,0.0,0.0,0.0,1,1,1,1,0,0,1,0
313114,1270,0.0,3.0,0.0,10,3,1,3,9,0,1,0
313379,1102,0.0,4.0,0.0,41,4,3,4,37,0,1,3
313529,4220,0.0,3.0,1.0,7,1,1,3,5,0,1,1
313644,625,0.0,0.0,0.0,4,2,1,1,3,0,1,0
313688,1501,0.0,5.0,0.0,2,1,1,1,1,0,1,0
313701,4607,0.0,4.0,1.0,9,5,2,1,8,0,1,0
313913,1742,0.0,0.0,1.0,28,13,1,1,24,1,3,0
314476,1843,0.0,6.0,0.0,2,1,1,1,1,0,1,0
314580,3853,0.0,2.0,0.0,10,1,1,3,9,0,1,0
315244,3080,0.0,3.0,0.0,2,1,1,1,1,0,1,0
315666,1703,0.0,4.0,0.0,3,1,1,2,1,0,1,1
315825,3826,0.0,4.0,0.0,2,1,1,1,1,0,1,0
316415,2175,0.0,3.0,1.0,10,4,1,1,9,0,1,0
316577,2721,0.0,6.0,1.0,26,14,2,2,25,0,1,0
316709,3979,0.0,3.0,0.0,1,1,1,1,0,0,1,0
317147,4614,1.0,4.0,0.0,9,2,2,1,5,0,4,0
317380,4641,0.0,3.0,0.0,2,2,2,1,0,0,2,0
317451,4744,0.0,3.0,1.0,2,1,1,1,1,0,1,0
317693,3990,0.0,4.0,0.0,5,1,1,1,4,0,1,0
318135,2521,0.0,2.0,0.0,2,1,1,1,1,0,1,0
318356,145,0.0,0.0,0.0,4,1,1,2,3,0,1,0
31847,1501,0.0,6.0,0.0,21,3,2,6,16,0,1,4
318642,3650,0.0,3.0,2.0,3,2,1,3,0,0,1,2
318702,4282,1.0,7.0,1.0,69,40,12,9,66,0,3,0
318745,1346,0.0,3.0,0.0,7,3,1,2,5,0,1,1
31913,66,0.0,3.0,1.0,12,5,3,1,11,0,1,0
319176,798,0.0,2.0,0.0,3,1,1,1,2,0,1,0
31929,4648,0.0,6.0,0.0,18,13,4,3,17,0,1,0
319337,2680,0.0,2.0,0.0,4,2,1,1,3,0,1,0
319810,3022,0.0,0.0,1.0,8,5,1,1,7,0,1,0
320048,467,0.0,2.0,0.0,6,1,1,2,3,0,1,2
320722,1067,0.0,5.0,1.0,11,2,1,1,10,0,1,0
321967,832,0.0,5.0,0.0,28,5,1,4,27,0,1,0
322123,46,0.0,3.0,0.0,4,1,1,1,2,0,2,0
322180,1168,0.0,3.0,0.0,13,4,2,1,12,0,1,0
322272,2786,0.0,3.0,1.0,1,1,1,1,0,0,1,0
322514,1861,0.0,5.0,1.0,1,1,1,1,0,0,1,0
323094,1031,0.0,5.0,0.0,9,5,1,2,8,0,1,0
323175,310,0.0,0.0,1.0,5,2,2,2,4,0,1,0
32327,3826,0.0,6.0,1.0,11,1,1,1,9,0,2,0
323370,3310,0.0,0.0,0.0,1,1,1,1,0,0,1,0
323590,1026,0.0,null,null,8,3,3,2,7,0,1,0
32386,4079,0.0,3.0,0.0,32,7,2,1,28,0,4,0
324263,4005,0.0,0.0,1.0,6,1,1,2,4,0,2,0
324285,1162,0.0,4.0,0.0,11,5,3,1,10,0,1,0
325022,3803,0.0,4.0,0.0,4,3,1,1,3,0,1,0
325217,2193,0.0,0.0,0.0,7,3,2,2,5,1,1,0
326458,4848,0.0,6.0,0.0,5,3,1,1,4,0,1,0
32657,474,0.0,3.0,1.0,4,1,1,2,2,0,1,1
326624,4005,0.0,2.0,1.0,4,1,1,1,1,0,3,0
326807,798,0.0,2.0,0.0,4,1,1,1,2,0,2,0
327017,121,0.0,4.0,0.0,11,5,3,3,10,0,1,0
327519,2102,0.0,6.0,0.0,6,2,1,3,4,1,1,0
327629,3619,0.0,4.0,0.0,5,1,1,1,4,0,1,0
327961,2746,0.0,0.0,1.0,1,1,1,1,0,0,1,0
328267,4775,0.0,3.0,0.0,1,1,1,1,0,0,1,0
328298,794,0.0,3.0,0.0,16,6,1,5,14,0,1,1
32843,2556,0.0,6.0,0.0,14,6,4,2,12,0,1,1
328693,1501,1.0,0.0,0.0,20,10,4,2,19,0,1,0
329374,3828,0.0,5.0,0.0,2,1,1,1,1,0,1,0
329394,4057,0.0,3.0,1.0,2,1,1,1,1,0,1,0
329692,3014,0.0,5.0,0.0,3,2,1,1,2,0,1,0
330037,4536,0.0,3.0,1.0,1,1,1,1,0,0,1,0
330131,4044,0.0,3.0,0.0,2,1,1,1,1,0,1,0
33076,685,0.0,0.0,0.0,14,2,1,1,13,0,1,0
331078,4768,0.0,3.0,0.0,9,3,1,2,7,0,1,1
33110,3163,0.0,2.0,1.0,2,1,1,2,1,0,1,0
33171,4850,0.0,5.0,1.0,16,10,3,2,13,0,3,0
332210,1340,0.0,0.0,0.0,11,6,3,1,9,0,2,0
332544,2397,0.0,4.0,1.0,9,3,2,1,8,0,1,0
333526,845,0.0,4.0,1.0,29,6,1,1,25,0,3,1
333752,296,1.0,3.0,0.0,11,10,7,3,10,0,1,0
334845,4173,0.0,3.0,0.0,22,10,3,3,20,0,2,0
335444,1056,0.0,5.0,0.0,3,1,1,1,2,0,1,0
335734,547,0.0,4.0,1.0,8,6,1,1,7,0,1,0
335819,1597,0.0,4.0,1.0,12,1,1,5,11,0,1,0
335958,3835,0.0,5.0,1.0,23,7,1,1,22,0,1,0
336239,3502,0.0,3.0,1.0,1,1,1,1,0,0,1,0
33633,1487,0.0,4.0,0.0,4,1,1,1,3,0,1,0
336394,3585,0.0,0.0,0.0,21,4,2,3,20,0,1,0
337020,3319,0.0,3.0,2.0,11,3,1,2,9,0,1,1
33709,4950,0.0,5.0,2.0,3,1,1,1,2,0,1,0
337255,4992,0.0,0.0,1.0,3,2,1,1,2,0,1,0
337503,4760,0.0,2.0,1.0,2,1,1,1,1,0,1,0
337869,4044,0.0,3.0,0.0,2,1,1,2,0,0,1,1
337926,416,0.0,4.0,1.0,3,1,1,2,2,0,1,0
338118,4712,0.0,3.0,0.0,3,1,1,1,2,0,1,0
339048,608,0.0,0.0,0.0,12,2,1,2,10,0,1,1
33916,2459,0.0,4.0,0.0,8,7,4,4,5,0,1,2
339458,3984,0.0,7.0,0.0,3,1,1,1,2,0,1,0
339496,4011,0.0,2.0,0.0,1,1,1,1,0,0,1,0
33978,1678,0.0,0.0,0.0,3,2,1,3,1,0,1,1
340654,215,0.0,2.0,1.0,4,2,1,1,3,0,1,0
341497,2562,0.0,6.0,0.0,4,1,1,1,3,0,1,0
341735,2928,0.0,2.0,0.0,1,1,1,1,0,0,1,0
342141,1892,0.0,0.0,1.0,19,13,6,4,18,0,1,0
342361,35,0.0,2.0,1.0,5,3,1,1,4,0,1,0
342747,1964,0.0,5.0,0.0,1,1,1,1,0,0,1,0
343442,1704,0.0,0.0,2.0,6,3,1,2,3,0,3,0
343774,2217,0.0,4.0,0.0,5,2,1,2,4,0,1,0
343986,415,0.0,0.0,0.0,4,1,1,2,3,0,1,0
344347,793,0.0,0.0,0.0,7,2,1,3,6,0,1,0
345214,4042,0.0,3.0,0.0,1,1,1,1,0,0,1,0
345348,4044,0.0,3.0,1.0,6,3,2,3,5,0,1,0
345558,141,0.0,0.0,0.0,2,1,1,1,1,0,1,0
345570,2279,0.0,3.0,0.0,4,1,1,1,3,0,1,0
345612,3844,0.0,4.0,0.0,24,10,4,4,20,0,1,3
345646,4527,0.0,4.0,0.0,22,7,1,1,21,0,1,0
345940,4115,0.0,0.0,1.0,5,2,2,1,4,0,1,0
346596,3763,1.0,3.0,0.0,16,6,1,1,14,0,2,0
346606,3085,0.0,3.0,1.0,14,6,1,1,12,0,2,0
346791,3022,0.0,4.0,0.0,4,1,1,1,2,0,2,0
347055,3271,0.0,2.0,0.0,2,1,1,1,1,0,1,0
347249,443,1.0,0.0,0.0,25,11,2,1,23,0,2,0
347473,3826,0.0,5.0,0.0,5,1,1,2,4,0,1,0
348876,1892,0.0,6.0,0.0,9,3,3,3,8,0,1,0
349102,4403,0.0,2.0,0.0,9,4,1,1,8,0,1,0
34920,3955,0.0,3.0,1.0,5,1,1,1,4,0,1,0
349204,3623,0.0,2.0,0.0,19,3,1,4,15,0,1,3
34961,742,0.0,4.0,0.0,6,1,1,2,3,0,2,1
350013,4203,0.0,5.0,1.0,37,8,3,6,36,0,1,0
350418,3181,0.0,4.0,0.0,12,7,1,2,10,0,2,0
350713,310,0.0,2.0,1.0,20,4,2,5,18,0,1,1
350950,361,0.0,0.0,0.0,7,4,3,1,6,0,1,0
351724,4438,0.0,3.0,0.0,19,5,1,7,16,0,1,2
351917,4605,0.0,4.0,0.0,1,1,1,1,0,0,1,0
352033,2537,1.0,0.0,0.0,8,4,3,1,5,0,2,1
352399,1555,0.0,4.0,1.0,15,6,2,1,13,0,2,0
352975,4677,0.0,3.0,0.0,8,1,1,1,5,0,2,1
353261,3578,0.0,4.0,1.0,10,1,1,1,9,0,1,0
353449,3889,0.0,3.0,0.0,6,2,2,1,5,0,1,0
353673,1755,0.0,4.0,0.0,5,1,1,2,4,0,1,0
353802,2857,0.0,3.0,0.0,4,1,1,1,3,0,1,0
353880,1187,1.0,3.0,0.0,2,1,1,2,0,0,1,1
35420,4724,1.0,5.0,0.0,5,3,1,1,3,0,2,0
354253,879,0.0,0.0,0.0,6,2,2,2,4,0,2,0
354508,4504,0.0,2.0,1.0,11,6,1,2,10,0,1,0
354580,4198,0.0,4.0,0.0,22,9,2,2,21,0,1,0
355012,1399,0.0,0.0,1.0,4,1,1,2,3,0,1,0
355639,1019,0.0,3.0,1.0,5,1,1,1,3,0,1,1
355980,2669,0.0,2.0,0.0,1,1,1,1,0,0,1,0
35614,1020,0.0,4.0,2.0,4,3,2,1,3,0,1,0
356153,437,0.0,0.0,0.0,25,16,2,1,24,0,1,0
356746,4173,0.0,0.0,1.0,21,10,4,3,19,0,2,0
356921,4558,0.0,0.0,0.0,7,4,1,1,6,0,1,0
35697,2900,0.0,0.0,1.0,4,1,1,2,3,0,1,0
357633,4765,0.0,3.0,0.0,3,1,1,1,2,0,1,0
35777,4744,0.0,3.0,1.0,7,3,1,1,5,0,2,0
357853,3266,0.0,5.0,2.0,2,1,1,1,1,0,1,0
358051,4125,0.0,0.0,0.0,9,7,1,2,8,0,1,0
358101,129,0.0,4.0,0.0,2,1,1,1,1,0,1,0
358145,1095,0.0,5.0,1.0,1,1,1,1,0,0,1,0
358202,1555,0.0,6.0,1.0,4,1,1,2,3,0,1,0
358294,2700,0.0,3.0,1.0,12,2,2,4,10,0,1,1
358333,1487,0.0,3.0,0.0,11,5,1,2,10,0,1,0
358498,3622,0.0,2.0,1.0,2,1,1,1,1,0,1,0
358508,1892,0.0,4.0,0.0,6,6,2,2,0,0,1,5
359584,2664,0.0,4.0,0.0,2,1,1,1,0,0,2,0
359817,742,0.0,0.0,0.0,4,1,1,1,3,0,1,0
359969,3971,0.0,2.0,0.0,1,1,1,1,0,0,1,0
360405,598,0.0,3.0,0.0,14,4,2,1,13,0,1,0
360654,4385,0.0,4.0,0.0,11,4,1,2,10,0,1,0
36066,3574,0.0,5.0,1.0,4,1,1,1,3,0,1,0
360862,3689,0.0,2.0,0.0,18,15,5,1,16,0,2,0
361208,4475,0.0,3.0,0.0,4,1,1,2,3,0,1,0
361299,962,0.0,6.0,0.0,10,3,3,2,7,0,1,2
361457,3826,1.0,3.0,1.0,3,1,1,1,2,0,1,0
361583,3885,0.0,6.0,1.0,5,1,1,1,4,0,1,0
36205,2036,0.0,0.0,1.0,1,1,1,1,0,0,1,0
362053,2031,0.0,null,null,6,1,1,1,5,0,1,0
362061,4871,0.0,4.0,0.0,2,2,2,1,0,0,2,0
362507,2459,0.0,5.0,0.0,7,3,1,3,6,0,1,0
362777,794,0.0,4.0,1.0,6,2,1,2,3,0,1,2
363078,687,0.0,0.0,0.0,4,2,1,1,2,0,1,1
363179,2652,0.0,3.0,0.0,14,8,2,1,13,0,1,0
36318,1310,0.0,3.0,0.0,4,3,3,1,3,0,1,0
363307,2565,0.0,4.0,0.0,3,1,1,1,2,0,1,0
363500,1487,0.0,3.0,1.0,7,1,1,2,6,0,1,0
364083,958,0.0,7.0,0.0,7,5,1,1,6,0,1,0
364090,1346,0.0,0.0,0.0,4,2,1,2,2,0,1,1
364167,798,0.0,2.0,0.0,1,1,1,1,0,0,1,0
364381,2361,0.0,2.0,0.0,3,1,1,1,1,0,1,1
365037,3609,0.0,0.0,1.0,6,5,1,1,5,0,1,0
365626,2810,0.0,4.0,0.0,2,1,1,1,1,0,1,0
365939,200,0.0,3.0,0.0,1,1,1,1,0,0,1,0
366077,804,0.0,0.0,0.0,7,2,2,1,5,0,1,1
366188,63,0.0,2.0,0.0,14,3,1,2,13,0,1,0
366227,4976,0.0,2.0,2.0,7,3,2,2,6,0,1,0
366588,4385,0.0,6.0,0.0,29,11,3,2,27,0,2,0
366906,4287,0.0,5.0,0.0,4,4,4,1,0,0,4,0
366991,547,0.0,2.0,1.0,10,3,1,6,7,0,1,2
367227,3545,0.0,6.0,1.0,20,7,1,1,18,0,2,0
367249,4265,1.0,3.0,0.0,3,1,1,2,2,0,1,0
367921,793,0.0,6.0,0.0,6,1,1,3,4,0,1,1
368152,2639,1.0,5.0,0.0,9,5,2,3,6,0,2,1
368350,1193,0.0,6.0,1.0,15,5,3,3,13,0,2,0
368817,3383,0.0,6.0,0.0,4,2,2,1,2,0,2,0
368843,2403,0.0,6.0,0.0,21,10,1,4,16,0,3,2
368862,798,0.0,0.0,0.0,2,1,1,1,1,0,1,0
369001,1742,0.0,4.0,0.0,2,1,1,2,1,0,1,0
369991,2928,0.0,4.0,0.0,7,3,2,1,6,0,1,0
370089,4186,0.0,5.0,0.0,67,22,3,4,64,0,1,2
370413,523,0.0,4.0,0.0,5,3,1,2,4,0,1,0
370623,2447,0.0,0.0,0.0,5,3,2,2,4,0,1,0
370804,773,0.0,0.0,1.0,1,1,1,1,0,0,1,0
370950,3828,0.0,4.0,1.0,27,15,5,9,19,0,2,6
371487,2652,0.0,4.0,1.0,24,9,3,1,22,0,2,0
371889,1126,0.0,6.0,0.0,2,1,1,1,0,0,2,0
372082,2529,0.0,3.0,0.0,1,1,1,1,0,0,1,0
372095,630,0.0,3.0,0.0,22,4,4,1,17,0,5,0
37226,1916,0.0,6.0,0.0,7,1,1,1,5,1,1,0
373008,4444,0.0,6.0,1.0,8,4,1,1,6,0,2,0
373814,2162,0.0,4.0,0.0,15,8,1,4,13,0,1,1
373854,3955,0.0,2.0,1.0,10,2,1,2,9,0,1,0
373954,2242,0.0,4.0,0.0,1,1,1,1,0,0,1,0
373976,2579,0.0,6.0,1.0,17,4,1,2,16,0,1,0
374689,2031,0.0,3.0,1.0,1,1,1,1,0,0,1,0
374746,479,0.0,4.0,1.0,5,1,1,2,4,0,1,0
374988,2856,0.0,3.0,1.0,14,2,1,3,11,2,1,0
375781,361,0.0,2.0,0.0,5,1,1,4,2,0,1,2
375818,4558,0.0,3.0,0.0,18,7,3,1,16,0,1,1
376106,2108,0.0,4.0,0.0,10,2,1,2,9,0,1,0
376256,2099,0.0,0.0,0.0,18,8,5,2,13,0,5,0
376296,3161,0.0,3.0,0.0,8,3,3,1,6,0,2,0
377010,2454,0.0,0.0,0.0,12,8,4,1,11,0,1,0
377294,2954,0.0,3.0,1.0,18,5,2,3,16,0,1,1
377428,3828,0.0,3.0,0.0,232,122,21,12,202,0,1,29
378344,4332,0.0,2.0,0.0,6,3,3,1,4,0,2,0
378520,1501,0.0,4.0,2.0,11,5,2,2,10,0,1,0
379091,3236,0.0,4.0,0.0,10,2,1,5,6,0,1,3
379316,4129,0.0,4.0,0.0,1,1,1,1,0,0,1,0
379342,4658,0.0,2.0,1.0,1,1,1,1,0,0,1,0
379416,3349,1.0,0.0,null,5,5,1,2,4,0,1,0
380045,4118,0.0,2.0,0.0,13,3,2,2,11,0,1,1
380332,653,0.0,2.0,1.0,2,1,1,1,1,0,1,0
380692,4580,0.0,7.0,1.0,9,3,2,3,7,0,1,1
381338,1056,0.0,3.0,2.0,5,2,2,2,4,0,1,0
381670,4976,0.0,2.0,0.0,44,31,5,7,42,0,2,0
382028,4919,0.0,3.0,1.0,13,1,1,4,11,0,1,1
382183,570,0.0,4.0,1.0,25,11,3,1,23,0,2,0
382336,1346,0.0,3.0,0.0,4,1,1,1,3,0,1,0
382800,361,0.0,0.0,0.0,12,3,1,3,9,0,1,2
382973,2232,0.0,2.0,1.0,1,1,1,1,0,0,1,0
383293,2891,0.0,6.0,0.0,11,4,1,1,9,0,2,0
383499,4322,0.0,3.0,0.0,3,1,1,1,2,0,1,0
38379,630,0.0,3.0,0.0,4,1,1,2,3,0,1,0
384138,4048,0.0,null,null,2,1,1,1,1,0,1,0
384140,1477,0.0,6.0,0.0,2,1,1,2,1,0,1,0
384140,4385,0.0,6.0,0.0,2,1,1,1,1,0,1,0
384182,1412,0.0,0.0,0.0,7,1,1,2,2,0,4,1
384243,2821,0.0,4.0,0.0,10,2,1,1,9,0,1,0
38428,1393,0.0,0.0,0.0,14,7,3,1,13,0,1,0
384343,1521,0.0,0.0,0.0,13,6,2,2,12,0,1,0
384638,2175,0.0,3.0,0.0,41,16,3,2,38,0,2,1
385052,1200,0.0,2.0,1.0,5,1,1,1,4,0,1,0
385061,3910,0.0,2.0,0.0,6,1,1,2,4,0,1,1
385337,557,0.0,4.0,1.0,9,4,2,3,7,0,2,0
385531,1749,0.0,3.0,0.0,2,1,1,1,1,0,1,0
385828,1340,0.0,0.0,0.0,9,8,2,3,0,0,1,8
38607,2172,0.0,2.0,1.0,2,2,2,1,0,0,2,0
386091,1679,0.0,0.0,0.0,15,12,2,2,11,0,1,3
386101,4394,0.0,0.0,0.0,1,1,1,1,0,0,1,0
386423,4079,0.0,6.0,0.0,6,1,1,2,5,0,1,0
386883,2988,1.0,5.0,0.0,11,1,1,1,4,0,7,0
386897,630,0.0,4.0,0.0,27,7,5,5,24,0,2,1
387165,1760,0.0,3.0,1.0,10,2,1,2,8,0,2,0
387450,1472,1.0,3.0,1.0,11,3,1,3,10,0,1,0
387531,121,0.0,6.0,0.0,53,17,5,1,51,0,2,0
387688,1667,0.0,6.0,0.0,1,1,1,1,0,0,1,0
388414,4858,1.0,2.0,0.0,3,1,1,1,2,0,1,0
388592,3538,0.0,3.0,0.0,14,2,2,3,9,0,4,1
38866,1810,0.0,6.0,0.0,34,13,4,6,31,0,1,2
388916,2108,0.0,6.0,0.0,3,1,1,1,2,0,1,0
389135,4044,0.0,6.0,0.0,69,35,10,4,68,0,1,0
389138,104,0.0,0.0,1.0,5,1,1,1,4,0,1,0
389469,2403,0.0,3.0,0.0,29,18,2,4,25,0,1,3
389555,1182,1.0,2.0,1.0,7,1,1,1,5,0,2,0
389736,608,0.0,0.0,0.0,4,1,1,2,2,0,1,1
389870,1923,0.0,5.0,1.0,12,8,2,1,9,0,3,0
390111,2459,0.0,3.0,1.0,10,3,3,2,9,0,1,0
39016,685,1.0,6.0,1.0,4,1,1,2,3,0,1,0
390211,3345,0.0,6.0,0.0,6,1,1,1,5,0,1,0
390938,4079,0.0,0.0,0.0,2,1,1,1,1,0,1,0
391176,4659,0.0,3.0,0.0,6,3,3,1,4,0,2,0
391562,812,0.0,5.0,0.0,1,1,1,1,0,0,1,0
391756,3022,0.0,2.0,1.0,9,2,1,2,6,0,1,2
391843,2537,0.0,0.0,0.0,1,1,1,1,0,0,1,0
39199,729,0.0,2.0,0.0,3,1,1,1,2,0,1,0
392055,2579,0.0,4.0,0.0,25,9,4,5,24,0,1,0
392276,2928,0.0,4.0,0.0,19,7,2,1,18,0,1,0
39253,3898,0.0,4.0,0.0,3,1,1,2,1,0,2,0
392964,323,0.0,6.0,0.0,8,1,1,1,7,0,1,0
394362,121,0.0,5.0,1.0,7,3,3,3,6,0,1,0
394811,1944,0.0,5.0,1.0,8,2,1,2,7,0,1,0
39483,141,0.0,2.0,0.0,2,1,1,1,1,0,1,0
395394,588,0.0,3.0,0.0,2,1,1,1,1,0,1,0
395396,474,0.0,4.0,0.0,7,4,4,1,5,0,2,0
395729,4558,0.0,3.0,1.0,4,1,1,1,3,0,1,0
395741,2445,0.0,6.0,1.0,9,3,1,1,7,0,1,1
396043,1895,0.0,3.0,0.0,2,1,1,1,1,0,1,0
396276,4614,0.0,6.0,1.0,1,1,1,1,0,0,1,0
396399,2193,0.0,3.0,0.0,5,4,3,2,0,0,2,3
396463,3350,0.0,0.0,0.0,4,2,2,1,2,0,2,0
397773,2928,0.0,4.0,1.0,8,4,3,1,7,0,1,0
397952,3205,1.0,4.0,1.0,6,4,1,2,5,0,1,0
398422,1944,0.0,6.0,0.0,5,3,3,2,4,0,1,0
398486,1861,0.0,4.0,0.0,6,3,1,2,4,0,2,0
398566,4765,0.0,5.0,0.0,1,1,1,1,0,0,1,0
398568,653,0.0,5.0,1.0,4,1,1,2,3,0,1,0
398602,3828,0.0,0.0,1.0,77,38,10,16,76,0,1,0
399227,436,0.0,3.0,0.0,20,6,1,4,16,0,1,3
399570,4071,0.0,4.0,1.0,13,2,1,1,11,0,2,0
399640,1685,0.0,3.0,0.0,2,1,1,1,1,0,1,0
400144,4048,0.0,6.0,1.0,2,1,1,1,0,0,2,0
401029,4485,0.0,2.0,0.0,3,1,1,1,2,0,1,0
401285,3444,0.0,2.0,1.0,16,1,1,2,13,0,1,2
401516,2790,0.0,5.0,0.0,4,1,1,1,2,0,2,0
401584,3614,0.0,0.0,0.0,4,1,1,1,3,0,1,0
401676,3350,0.0,0.0,1.0,5,1,1,1,4,0,1,0
402626,323,0.0,4.0,1.0,15,4,1,2,14,0,1,0
402737,2140,0.0,5.0,0.0,19,13,1,3,16,0,1,2
403359,3363,0.0,2.0,0.0,1,1,1,1,0,0,1,0
403736,3080,0.0,4.0,0.0,13,2,1,2,12,0,1,0
403876,806,0.0,2.0,0.0,7,1,1,1,6,0,1,0
404561,3734,0.0,2.0,1.0,16,2,1,1,14,0,2,0
404652,742,0.0,0.0,0.0,13,4,3,4,12,0,1,0
404756,4048,0.0,0.0,0.0,6,1,1,1,4,0,2,0
404879,4044,0.0,4.0,1.0,1,1,1,1,0,0,1,0
405396,4118,0.0,2.0,1.0,1,1,1,1,0,0,1,0
405724,4183,0.0,3.0,0.0,18,8,1,2,16,0,1,1
405910,4756,0.0,3.0,0.0,3,1,1,1,2,0,1,0
405960,3968,0.0,4.0,0.0,16,5,3,1,15,0,1,0
406367,1911,0.0,6.0,0.0,11,5,1,2,10,0,1,0
406392,4966,0.0,2.0,0.0,1,1,1,1,0,0,1,0
406783,127,0.0,7.0,0.0,5,1,1,1,4,0,1,0
406812,1183,0.0,4.0,0.0,3,1,1,1,2,0,1,0
407315,1861,1.0,0.0,0.0,2,1,1,1,1,0,1,0
407603,4756,1.0,4.0,0.0,21,15,1,3,18,0,2,1
407890,4163,0.0,0.0,1.0,3,2,1,1,2,0,1,0
407980,3571,0.0,0.0,1.0,4,1,1,2,3,0,1,0
408,1970,0.0,3.0,1.0,2,1,1,1,1,0,1,0
409191,4270,1.0,0.0,0.0,18,10,3,1,16,0,2,0
410818,2710,0.0,3.0,1.0,2,1,1,1,1,0,1,0
410908,1875,0.0,5.0,2.0,1,1,1,1,0,0,1,0
411021,1031,0.0,4.0,0.0,3,1,1,1,2,0,1,0
411123,682,0.0,3.0,0.0,9,5,1,1,8,0,1,0
411384,2031,0.0,2.0,1.0,24,3,2,1,22,0,2,0
411556,2273,0.0,4.0,0.0,6,2,1,2,4,0,1,1
413009,1487,0.0,5.0,0.0,1,1,1,1,0,0,1,0
413319,2582,0.0,0.0,0.0,12,1,1,1,11,0,1,0
413955,1346,0.0,4.0,1.0,15,3,1,1,13,0,2,0
414593,2545,0.0,3.0,0.0,5,2,2,1,4,0,1,0
415148,2397,0.0,4.0,0.0,33,10,4,2,31,0,2,0
41539,2569,1.0,6.0,0.0,19,9,1,3,17,0,2,0
415529,625,0.0,5.0,0.0,3,1,1,1,2,0,1,0
41576,1916,0.0,3.0,0.0,3,1,1,1,2,0,1,0
415771,4607,0.0,0.0,0.0,1,1,1,1,0,0,1,0
415968,2459,0.0,5.0,1.0,4,2,2,2,3,0,1,0
4160,234,0.0,2.0,0.0,4,3,1,1,3,0,1,0
416765,293,0.0,3.0,0.0,7,2,1,1,6,0,1,0
417118,2721,0.0,3.0,0.0,15,13,2,4,13,0,1,1
417414,1310,0.0,6.0,0.0,9,3,2,2,6,0,1,2
417788,1053,0.0,0.0,1.0,3,1,1,2,2,0,1,0
417794,98,0.0,2.0,0.0,9,3,3,2,7,0,2,0
417828,1968,0.0,2.0,0.0,4,1,1,2,2,0,1,1
417990,3022,0.0,0.0,0.0,7,5,2,1,6,0,1,0
418426,1520,0.0,0.0,0.0,1,1,1,1,0,0,1,0
418536,4605,0.0,8.0,0.0,4,2,1,1,3,0,1,0
418665,1102,0.0,3.0,0.0,7,5,3,2,6,0,1,0
418943,594,0.0,3.0,0.0,2,1,1,2,1,0,1,0
419147,1899,0.0,5.0,1.0,5,3,3,1,3,0,2,0
419754,2775,0.0,5.0,1.0,3,3,3,1,0,0,3,0
419995,608,0.0,5.0,0.0,2,1,1,2,1,0,1,0
420016,1166,0.0,0.0,0.0,1,1,1,1,0,0,1,0
420487,4662,0.0,null,null,6,3,2,1,4,0,2,0
420516,3016,0.0,3.0,1.0,52,12,4,4,48,0,4,0
420643,1186,0.0,6.0,0.0,15,2,1,4,13,0,1,1
420862,2755,0.0,5.0,0.0,3,1,1,1,2,0,1,0
420942,1134,0.0,0.0,0.0,1,1,1,1,0,0,1,0
421707,1861,0.0,4.0,0.0,4,2,1,1,3,0,1,0
42171,2562,0.0,4.0,0.0,4,1,1,2,3,0,1,0
422837,2081,0.0,3.0,1.0,20,10,2,3,17,0,2,1
423120,402,0.0,5.0,0.0,5,1,1,1,3,0,2,0
423323,2890,0.0,0.0,0.0,10,4,4,1,8,0,2,0
423585,4120,0.0,0.0,1.0,1,1,1,1,0,0,1,0
423793,2860,0.0,5.0,0.0,34,6,2,1,29,0,5,0
423808,219,0.0,3.0,1.0,2,1,1,1,1,0,1,0
43206,4504,0.0,3.0,1.0,1,1,1,1,0,0,1,0
43298,598,0.0,6.0,1.0,4,2,1,1,2,0,2,0
43628,4044,0.0,3.0,0.0,98,43,11,8,91,0,2,5
44870,4864,1.0,0.0,0.0,2,1,1,1,1,0,1,0
45031,4858,0.0,5.0,0.0,11,5,1,1,7,0,4,0
46094,98,0.0,3.0,0.0,4,2,1,1,3,0,1,0
46556,412,0.0,2.0,0.0,14,12,6,3,13,0,1,0
46831,418,0.0,6.0,0.0,26,11,3,2,25,0,1,0
47054,861,0.0,0.0,0.0,5,2,1,2,3,0,1,1
47527,2721,0.0,4.0,2.0,10,3,1,2,8,0,1,1
47799,474,0.0,5.0,1.0,2,1,1,1,1,0,1,0
48494,1846,1.0,3.0,0.0,15,5,2,2,14,0,1,0
48631,4062,0.0,7.0,0.0,14,4,1,3,12,0,1,1
49231,588,0.0,3.0,0.0,3,1,1,1,2,0,1,0
49731,2537,0.0,4.0,0.0,6,5,4,2,4,0,2,0
4974,2436,0.0,0.0,2.0,14,8,5,3,12,1,1,0
49768,320,0.0,5.0,0.0,6,1,1,4,5,0,1,0
50109,3022,0.0,4.0,0.0,1,1,1,1,0,0,1,0
50256,3179,0.0,3.0,0.0,6,2,1,2,5,0,1,0
5076,4829,0.0,0.0,1.0,1,1,1,1,0,0,1,0
50948,2936,0.0,0.0,null,10,3,1,2,7,1,2,0
51885,3952,0.0,3.0,0.0,19,13,5,1,17,0,2,0
52073,806,0.0,3.0,0.0,26,10,3,4,25,0,1,0
52373,4705,0.0,5.0,0.0,2,1,1,1,1,0,1,0
52520,4015,0.0,4.0,0.0,3,1,1,1,2,0,1,0
52668,1875,1.0,5.0,0.0,1,1,1,1,0,0,1,0
52712,1618,0.0,4.0,1.0,15,7,4,2,11,0,2,2
52820,3469,0.0,3.0,0.0,2,1,1,1,0,0,2,0
53816,3383,0.0,0.0,0.0,5,3,1,1,4,0,1,0
53848,4718,0.0,5.0,1.0,29,3,2,5,27,0,2,0
53875,2045,0.0,0.0,0.0,10,4,1,1,9,0,1,0
54211,2928,0.0,5.0,0.0,4,1,1,1,3,0,1,0
54805,1602,0.0,3.0,0.0,1,1,1,1,0,0,1,0
55071,4765,0.0,5.0,0.0,3,2,1,1,2,0,1,0
55241,133,0.0,2.0,1.0,2,1,1,2,1,0,1,0
55469,786,0.0,0.0,0.0,3,2,1,1,2,0,1,0
55767,2036,0.0,3.0,0.0,6,1,1,1,5,0,1,0
56115,684,0.0,3.0,0.0,2,2,2,1,0,0,2,0
5622,289,0.0,0.0,0.0,10,1,1,4,9,0,1,0
5677,1472,0.0,4.0,1.0,12,10,1,1,11,0,1,0
56961,1664,0.0,3.0,1.0,2,1,1,1,1,0,1,0
57181,1742,0.0,0.0,1.0,1,1,1,1,0,0,1,0
57280,152,0.0,0.0,0.0,3,1,1,2,0,0,2,1
57964,2873,0.0,5.0,0.0,33,21,7,2,31,0,2,0
58126,3578,0.0,4.0,0.0,10,4,1,3,9,0,1,0
58667,1948,0.0,4.0,0.0,6,2,1,2,5,0,1,0
58875,3410,0.0,6.0,0.0,6,1,1,3,4,0,1,1
58927,786,0.0,2.0,0.0,13,3,2,2,11,0,1,1
59026,3984,0.0,4.0,2.0,3,2,1,2,2,0,1,0
59467,1597,0.0,6.0,1.0,1,1,1,1,0,0,1,0
59981,437,0.0,0.0,1.0,1,1,1,1,0,0,1,0
60101,3291,0.0,0.0,0.0,4,1,1,1,2,0,2,0
60287,1495,0.0,3.0,0.0,2,1,1,2,0,0,1,1
60364,3126,0.0,2.0,0.0,6,2,2,1,4,0,2,0
60398,1067,1.0,3.0,0.0,3,2,1,2,2,0,1,0
60598,2193,0.0,4.0,0.0,16,4,1,1,13,0,3,0
60990,1885,0.0,0.0,0.0,3,1,1,1,2,0,1,0
61115,132,0.0,3.0,0.0,4,1,1,1,3,0,1,0
61140,4287,0.0,0.0,0.0,2,2,2,2,0,0,1,1
61862,2242,0.0,4.0,1.0,9,3,1,1,8,0,1,0
61927,4677,0.0,0.0,0.0,4,2,1,1,3,0,1,0
62044,3826,0.0,3.0,1.0,3,1,1,2,2,0,1,0
62708,3629,1.0,4.0,0.0,38,17,4,1,37,0,1,0
62809,684,0.0,7.0,0.0,40,12,7,1,35,0,4,1
62860,4585,0.0,3.0,1.0,6,3,2,1,5,0,1,0
63380,10,0.0,6.0,1.0,2,1,1,1,1,0,1,0
63786,46,0.0,6.0,2.0,3,2,1,1,2,0,1,0
63846,1393,0.0,3.0,0.0,33,21,9,6,31,0,1,1
64076,1816,0.0,3.0,1.0,12,3,2,2,9,2,1,0
64170,4415,0.0,2.0,1.0,3,1,1,2,2,0,1,0
64652,1200,1.0,0.0,0.0,1,1,1,1,0,0,1,0
65118,4474,0.0,3.0,2.0,4,1,1,2,3,0,1,0
65219,855,0.0,0.0,0.0,3,2,1,1,2,0,1,0
65602,798,0.0,0.0,0.0,5,1,1,2,4,0,1,0
6563,598,0.0,3.0,2.0,4,1,1,1,3,0,1,0
65693,3472,0.0,0.0,1.0,4,3,3,1,1,0,3,0
65801,2432,0.0,0.0,0.0,11,2,1,3,9,0,1,1
66390,3990,0.0,6.0,0.0,5,1,1,1,3,0,2,0
66468,4049,0.0,4.0,2.0,12,7,5,2,9,0,3,0
66559,1900,1.0,0.0,1.0,5,1,1,1,4,0,1,0
67081,302,0.0,5.0,0.0,13,6,1,1,10,0,3,0
68861,1726,1.0,5.0,0.0,15,7,3,2,8,0,3,4
68900,2099,0.0,2.0,1.0,4,1,1,1,2,0,2,0
68948,4659,0.0,3.0,0.0,10,4,2,3,8,0,2,0
69900,4282,0.0,3.0,0.0,6,3,1,1,5,0,1,0
70033,3990,0.0,0.0,0.0,4,1,1,1,3,0,1,0
70410,804,1.0,5.0,0.0,6,3,1,1,4,0,2,0
70550,1399,0.0,3.0,0.0,15,2,1,4,14,0,1,0
70594,1356,0.0,5.0,1.0,8,1,1,3,7,0,1,0
71726,786,0.0,2.0,0.0,15,6,3,3,14,0,1,0
71783,2550,1.0,3.0,0.0,20,11,1,1,19,0,1,0
71959,278,0.0,5.0,0.0,1,1,1,1,0,0,1,0
72297,1895,0.0,4.0,0.0,3,1,1,1,2,0,1,0
72385,4424,0.0,3.0,0.0,8,2,2,1,6,0,2,0
72711,492,0.0,2.0,0.0,6,1,1,1,4,0,2,0
73051,4966,0.0,5.0,0.0,3,1,1,2,2,0,1,0
743,2589,0.0,0.0,0.0,3,1,1,1,2,0,1,0
74513,3826,0.0,0.0,0.0,10,4,2,4,8,0,2,0
74745,1223,0.0,3.0,1.0,5,1,1,1,4,0,1,0
74979,1840,0.0,5.0,0.0,2,1,1,2,1,0,1,0
75002,523,0.0,0.0,0.0,6,2,1,1,5,0,1,0
75194,4044,0.0,0.0,0.0,8,5,2,1,6,0,1,1
7523,4539,0.0,5.0,1.0,10,2,1,3,9,0,1,0
7527,3765,0.0,null,null,3,1,1,1,1,0,1,1
75813,3623,0.0,2.0,0.0,10,3,1,2,8,1,1,0
76233,3383,0.0,2.0,0.0,1,1,1,1,0,0,1,0
76503,1408,0.0,2.0,1.0,17,7,1,1,13,0,4,0
76576,3826,0.0,4.0,2.0,3,2,1,2,1,0,1,1
76647,1618,0.0,2.0,0.0,25,6,2,2,23,0,2,0
76751,2537,0.0,0.0,0.0,11,5,2,2,8,0,1,2
77081,1712,0.0,3.0,0.0,7,1,1,2,5,1,1,0
77253,2273,0.0,5.0,0.0,25,8,2,4,21,0,1,3
77334,4043,0.0,2.0,0.0,13,3,3,4,11,0,1,1
77375,2565,0.0,5.0,1.0,5,1,1,1,4,0,1,0
77496,1134,0.0,4.0,0.0,1,1,1,1,0,0,1,0
77808,416,0.0,6.0,0.0,22,8,2,3,17,0,1,4
78402,2537,0.0,3.0,0.0,1,1,1,1,0,0,1,0
78454,639,0.0,0.0,0.0,4,2,1,1,2,1,1,0
7859,3085,0.0,0.0,0.0,3,1,1,1,2,0,1,0
78625,946,0.0,3.0,0.0,3,1,1,2,2,0,1,0
78700,191,1.0,4.0,0.0,5,3,1,1,4,0,1,0
78885,1162,0.0,5.0,1.0,16,8,6,5,14,0,2,0
78896,4605,0.0,0.0,0.0,5,3,3,1,4,0,1,0
79130,3898,0.0,0.0,0.0,14,4,1,1,13,0,1,0
79329,2466,0.0,3.0,1.0,1,1,1,1,0,0,1,0
79380,323,0.0,2.0,0.0,11,3,1,2,10,0,1,0
79630,3310,0.0,2.0,1.0,3,2,1,2,0,0,1,2
80054,2273,0.0,0.0,0.0,8,2,1,2,4,0,3,1
80691,370,0.0,3.0,1.0,4,1,1,1,3,0,1,0
80883,1726,0.0,0.0,0.0,5,2,1,4,3,0,1,1
80920,4942,0.0,0.0,1.0,4,1,1,1,3,0,1,0
81516,3734,0.0,4.0,0.0,11,3,3,1,9,0,1,1
81590,2173,0.0,7.0,0.0,32,13,2,2,29,0,2,1
81900,4985,0.0,5.0,0.0,1,1,1,1,0,0,1,0
82183,1861,1.0,3.0,0.0,1,1,1,1,0,0,1,0
82392,1075,0.0,0.0,0.0,5,2,1,1,3,0,2,0
82486,2693,0.0,0.0,1.0,18,9,2,1,17,0,1,0
82691,2403,0.0,5.0,0.0,2,1,1,1,0,0,1,1
82693,522,0.0,2.0,1.0,1,1,1,1,0,0,1,0
82792,645,0.0,0.0,1.0,3,1,1,1,2,0,1,0
82857,4073,0.0,0.0,0.0,2,1,1,1,1,0,1,0
83431,1090,0.0,4.0,1.0,39,8,1,2,35,0,1,3
84163,1839,0.0,3.0,2.0,6,2,2,2,5,0,1,0
84288,4369,0.0,3.0,0.0,11,1,1,2,10,0,1,0
85028,4346,0.0,2.0,0.0,4,1,1,1,3,0,1,0
85441,4265,0.0,3.0,0.0,16,4,1,6,13,0,1,2
85805,3460,0.0,3.0,0.0,13,3,1,2,11,0,1,1
85929,4048,0.0,6.0,0.0,1,1,1,1,0,0,1,0
86240,3152,0.0,4.0,1.0,5,1,1,3,4,0,1,0
86362,1708,0.0,4.0,1.0,5,2,1,1,4,0,1,0
86470,2935,0.0,4.0,0.0,4,1,1,3,2,0,1,1
87122,1305,0.0,2.0,1.0,1,1,1,1,0,0,1,0
87403,2237,0.0,4.0,0.0,4,1,1,2,2,0,1,1
87970,133,0.0,0.0,0.0,5,2,1,1,4,0,1,0
88061,3955,0.0,3.0,0.0,19,7,3,1,17,0,2,0
8845,4322,0.0,5.0,1.0,3,1,1,2,2,0,1,0
88670,145,0.0,5.0,0.0,3,1,1,1,2,0,1,0
88823,219,0.0,3.0,1.0,5,2,1,1,2,0,2,1
88868,4079,0.0,3.0,0.0,5,1,1,1,4,0,1,0
89306,747,0.0,0.0,0.0,1,1,1,1,0,0,1,0
89453,2397,0.0,0.0,0.0,2,1,1,1,1,0,1,0
89601,415,0.0,2.0,0.0,17,5,3,1,16,0,1,0
90092,1703,0.0,4.0,0.0,4,1,1,1,3,0,1,0
9025,3635,0.0,4.0,0.0,3,1,1,1,2,0,1,0
90371,3168,0.0,4.0,1.0,8,3,2,2,7,0,1,0
90832,1467,0.0,4.0,0.0,11,2,1,2,9,0,1,1
91202,1377,0.0,3.0,0.0,2,1,1,1,1,0,1,0
91314,35,0.0,0.0,1.0,10,3,3,5,9,0,1,0
91609,3628,0.0,0.0,2.0,20,4,2,3,19,0,1,0
91686,2055,0.0,6.0,0.0,4,2,1,1,3,0,1,0
91825,2047,0.0,4.0,2.0,12,8,2,1,10,0,2,0
91897,4346,0.0,3.0,0.0,3,1,1,1,1,0,1,1
92444,35,0.0,4.0,0.0,1,1,1,1,0,0,1,0
92564,4438,0.0,0.0,0.0,11,1,1,1,10,0,1,0
94400,4394,0.0,3.0,1.0,7,1,1,2,6,0,1,0
94815,1062,0.0,4.0,0.0,21,12,7,4,18,0,2,1
95295,4131,0.0,0.0,0.0,6,2,1,2,4,1,1,0
95351,1522,0.0,3.0,0.0,20,13,2,1,17,0,3,0
95360,3016,0.0,2.0,1.0,4,1,1,1,3,0,1,0
95955,1661,0.0,3.0,0.0,13,3,1,2,12,0,1,0
96149,4129,0.0,3.0,0.0,46,32,7,3,44,0,2,0
96787,3150,0.0,2.0,0.0,3,1,1,1,2,0,1,0
96811,4022,0.0,7.0,0.0,3,1,1,2,2,0,1,0
97395,798,0.0,6.0,0.0,1,1,1,1,0,0,1,0
97460,1816,0.0,0.0,1.0,4,1,1,1,3,0,1,0
97636,4044,0.0,null,null,26,14,5,2,22,2,2,0
97733,590,0.0,0.0,1.0,24,13,4,2,23,0,1,0
98210,682,0.0,3.0,0.0,2,2,1,2,1,0,1,0
98588,1738,0.0,0.0,0.0,2,1,1,1,1,0,1,0
98908,2500,0.0,5.0,1.0,1,1,1,1,0,0,1,0
99097,3291,0.0,4.0,0.0,3,1,1,1,2,0,1,0
99251,2954,0.0,3.0,0.0,1,1,1,1,0,0,1,0
99260,897,0.0,3.0,0.0,3,1,1,1,2,0,1,0
99384,3593,0.0,2.0,0.0,21,6,1,1,20,0,1,0
99635,3979,0.0,2.0,1.0,7,3,1,3,5,0,2,0
99928,1659,0.0,5.0,0.0,16,4,1,2,15,0,1,0
99942,4502,1.0,4.0,0.0,8,2,2,4,6,0,1,1
99958,4992,0.0,5.0,0.0,3,1,1,1,2,0,1,0
