100239,4022,0.0,5.0,0.0,20,2,1,3,17,0,1,2
10048,1393,0.0,3.0,0.0,14,10,3,3,11,0,1,2
100683,4377,0.0,4.0,0.0,3,1,1,1,1,0,2,0
100706,2454,0.0,4.0,1.0,3,1,1,1,2,0,1,0
100883,4196,0.0,6.0,1.0,4,1,1,1,2,0,1,1
10112,3455,0.0,2.0,0.0,3,1,1,1,2,0,1,0
101540,1640,0.0,0.0,1.0,3,1,1,1,2,0,1,0
101719,1049,0.0,6.0,1.0,17,1,1,6,15,0,1,1
101835,437,0.0,4.0,0.0,32,20,4,1,30,0,2,0
102552,1833,0.0,7.0,1.0,27,12,1,3,26,0,1,0
10291,4090,0.0,4.0,0.0,10,6,1,2,8,0,1,1
103033,798,0.0,2.0,0.0,49,24,13,3,46,0,3,0
103278,2193,0.0,2.0,0.0,2,1,1,1,1,0,1,0
103390,1393,0.0,2.0,0.0,7,4,3,3,5,0,1,1
103768,2592,0.0,4.0,1.0,5,1,1,2,4,0,1,0
103824,1520,0.0,0.0,0.0,9,1,1,2,8,0,1,0
10406,4558,0.0,4.0,0.0,3,2,1,1,2,0,1,0
104370,190,0.0,3.0,0.0,8,1,1,3,7,0,1,0
104462,4173,0.0,6.0,1.0,86,41,8,6,84,0,2,0
104478,4976,0.0,0.0,0.0,7,2,2,4,6,0,1,0
105004,3593,0.0,5.0,1.0,14,3,2,4,13,0,1,0
105028,323,0.0,6.0,0.0,8,3,1,2,7,0,1,0
105879,1102,0.0,4.0,0.0,160,74,17,3,157,0,3,0
106714,2136,0.0,3.0,0.0,29,14,4,3,27,0,2,0
107072,1485,0.0,0.0,0.0,9,8,3,1,5,0,4,0
107137,2482,0.0,4.0,0.0,14,4,2,4,12,0,2,0
107472,4173,0.0,3.0,0.0,69,46,10,4,65,0,4,0
10845,1573,0.0,7.0,1.0,6,1,1,2,4,0,1,1
108600,3826,0.0,2.0,1.0,8,1,1,2,6,0,1,1
109104,963,0.0,5.0,0.0,1,1,1,1,0,0,1,0
109556,4131,0.0,3.0,1.0,19,7,2,1,18,0,1,0
109732,141,0.0,0.0,0.0,38,21,7,8,34,0,1,3
109772,3614,0.0,4.0,0.0,3,1,1,1,2,0,1,0
109837,3148,0.0,6.0,0.0,4,2,1,1,3,0,1,0
109838,590,0.0,0.0,1.0,4,1,1,2,2,0,1,1
110038,2128,0.0,2.0,0.0,1,1,1,1,0,0,1,0
110186,2093,0.0,0.0,0.0,3,1,1,1,2,0,1,0
111351,4950,0.0,4.0,0.0,3,2,2,2,2,0,1,0
111463,598,0.0,2.0,1.0,14,5,2,2,13,0,1,0
111745,3609,0.0,2.0,0.0,3,1,1,1,2,0,1,0
111966,3200,0.0,6.0,0.0,4,1,1,1,3,0,1,0
11198,4848,0.0,6.0,0.0,5,1,1,1,4,0,1,0
111983,2445,0.0,3.0,0.0,14,6,2,2,11,0,3,0
11204,2482,0.0,0.0,0.0,27,7,5,2,24,0,1,2
112090,4648,0.0,2.0,0.0,3,1,1,2,1,0,1,1
11210,777,0.0,0.0,0.0,3,1,1,1,2,0,1,0
112623,2273,0.0,2.0,0.0,2,1,1,1,1,0,1,0
112689,4650,0.0,3.0,0.0,8,2,2,4,5,0,1,2
112725,3205,0.0,3.0,0.0,1,1,1,1,0,0,1,0
112778,1742,0.0,3.0,0.0,9,4,1,2,7,0,2,0
112779,1892,0.0,3.0,0.0,20,11,4,4,17,0,3,0
112876,326,0.0,3.0,0.0,10,1,1,2,8,0,2,0
112924,416,0.0,6.0,0.0,9,2,2,2,7,1,1,0
113137,4171,0.0,5.0,0.0,18,6,2,2,15,0,3,0
113640,4282,0.0,3.0,1.0,44,11,5,3,42,0,2,0
113661,2070,0.0,0.0,1.0,3,1,1,2,2,0,1,0
114042,598,0.0,0.0,1.0,17,6,3,5,16,0,1,0
114239,2471,0.0,6.0,0.0,11,3,1,2,10,0,1,0
114359,3173,1.0,3.0,0.0,4,1,1,1,2,0,2,0
115225,608,0.0,0.0,0.0,20,10,4,4,16,0,3,1
115455,250,0.0,5.0,0.0,17,4,1,3,16,0,1,0
11570,66,0.0,4.0,1.0,1,1,1,1,0,0,1,0
115823,2879,0.0,6.0,0.0,15,5,2,4,10,0,5,0
116069,4775,0.0,6.0,0.0,17,7,3,5,9,0,3,5
116104,4442,0.0,3.0,0.0,3,1,1,1,1,0,2,0
116302,1487,0.0,0.0,0.0,5,2,1,2,4,0,1,0
116331,1020,0.0,3.0,1.0,5,1,1,1,4,0,1,0
116494,4044,0.0,3.0,0.0,17,8,4,2,16,0,1,0
117147,2940,0.0,3.0,1.0,2,1,1,1,1,0,1,0
118030,798,0.0,2.0,0.0,22,2,2,1,20,0,1,1
118082,1923,0.0,3.0,0.0,3,1,1,1,2,0,1,0
118627,4043,0.0,4.0,2.0,2,2,2,1,0,0,2,0
119542,4349,0.0,3.0,0.0,11,4,1,3,9,0,2,0
119845,4305,0.0,6.0,0.0,8,4,2,1,7,0,1,0
119992,4976,0.0,4.0,0.0,36,13,3,4,32,0,2,2
120570,946,0.0,6.0,0.0,5,3,1,2,4,0,1,0
121064,1708,0.0,2.0,0.0,9,4,1,2,8,0,1,0
121289,3828,0.0,4.0,1.0,10,6,2,1,9,0,1,0
121412,4744,0.0,4.0,1.0,4,3,1,1,2,0,2,0
121935,4793,0.0,4.0,1.0,1,1,1,1,0,0,1,0
12237,4170,0.0,5.0,0.0,13,4,1,3,10,0,2,1
122381,412,0.0,4.0,0.0,65,27,12,3,56,0,3,6
123231,1500,0.0,4.0,0.0,11,4,1,1,10,0,1,0
123231,1760,0.0,4.0,0.0,26,11,2,6,24,0,2,0
123654,121,0.0,4.0,0.0,6,3,1,1,5,0,1,0
12394,1502,0.0,0.0,1.0,7,3,2,1,6,0,1,0
124327,2403,1.0,3.0,0.0,59,34,2,1,57,0,2,0
124907,429,0.0,2.0,0.0,4,2,1,2,3,0,1,0
125503,4731,0.0,4.0,0.0,6,3,1,2,4,0,1,1
125709,3448,0.0,0.0,1.0,10,4,3,2,8,1,1,0
125762,4168,0.0,0.0,0.0,7,2,2,2,6,0,1,0
12591,3022,0.0,3.0,1.0,17,4,1,1,15,0,2,0
126364,3460,0.0,6.0,0.0,7,1,1,1,1,0,6,0
126855,4044,0.0,4.0,0.0,9,3,2,3,8,0,1,0
126940,1557,0.0,5.0,0.0,4,2,2,1,3,0,1,0
127500,4765,0.0,0.0,null,1,1,1,1,0,0,1,0
127703,2559,0.0,3.0,1.0,3,1,1,1,2,0,1,0
128137,3990,0.0,6.0,0.0,7,1,1,1,6,0,1,0
128253,3693,0.0,4.0,1.0,4,1,1,1,3,0,1,0
128793,4637,0.0,0.0,0.0,9,2,1,1,8,0,1,0
128863,1270,0.0,7.0,0.0,23,4,1,4,20,0,1,2
128897,4764,0.0,4.0,0.0,10,1,1,3,8,0,1,1
128996,3554,0.0,3.0,0.0,3,1,1,2,2,0,1,0
129400,2403,0.0,4.0,0.0,8,2,1,1,7,0,1,0
129922,3286,0.0,3.0,1.0,4,1,1,1,3,0,1,0
130038,3085,0.0,3.0,0.0,6,4,3,1,5,0,1,0
130105,747,0.0,4.0,0.0,2,1,1,1,1,0,1,0
130265,3826,0.0,0.0,1.0,3,1,1,1,2,0,1,0
130484,141,0.0,4.0,1.0,10,4,3,1,9,0,1,0
130607,1726,0.0,5.0,0.0,2,1,1,1,1,0,1,0
130687,1685,0.0,2.0,0.0,5,1,1,2,4,0,1,0
130859,1401,0.0,2.0,0.0,11,2,1,1,10,0,1,0
130958,2465,0.0,3.0,0.0,5,1,1,2,4,0,1,0
13135,4871,0.0,4.0,0.0,5,2,2,3,4,0,1,0
13150,3418,0.0,3.0,1.0,18,4,3,2,16,0,2,0
131944,598,0.0,2.0,0.0,33,13,4,9,30,0,1,2
132301,1760,0.0,0.0,0.0,4,2,1,1,1,0,1,2
132399,4173,0.0,0.0,0.0,25,17,5,4,24,0,1,0
13254,4481,0.0,3.0,1.0,35,4,2,3,32,0,2,1
132952,289,0.0,5.0,0.0,22,7,1,2,21,0,1,0
133608,698,0.0,3.0,0.0,1,1,1,1,0,0,1,0
133867,2099,0.0,0.0,0.0,3,2,2,2,2,0,1,0
134321,441,0.0,2.0,1.0,2,1,1,1,1,0,1,0
134559,845,0.0,3.0,0.0,5,1,1,1,4,0,1,0
134984,962,0.0,0.0,0.0,3,2,1,1,2,0,1,0
135022,66,0.0,3.0,0.0,2,1,1,2,0,0,1,1
135248,4131,0.0,5.0,0.0,7,1,1,4,6,0,1,0
135281,742,0.0,3.0,0.0,3,1,1,1,1,0,1,1
135634,351,0.0,3.0,1.0,5,1,1,3,4,0,1,0
135750,1272,0.0,0.0,0.0,3,1,1,1,2,0,1,0
135852,2631,0.0,4.0,1.0,18,6,3,1,17,0,1,0
136217,2482,0.0,0.0,0.0,4,3,3,1,1,0,3,0
136291,4818,0.0,5.0,1.0,27,12,5,4,25,0,1,1
136492,1377,0.0,6.0,0.0,15,3,1,2,14,0,1,0
136608,574,0.0,5.0,1.0,19,8,1,1,18,0,1,0
136659,2473,0.0,2.0,0.0,7,2,1,2,5,0,1,1
136778,3728,0.0,3.0,1.0,2,1,1,1,1,0,1,0
13679,395,0.0,3.0,0.0,5,1,1,2,4,0,1,0
137217,1659,0.0,0.0,1.0,10,3,1,1,9,0,1,0
137464,418,0.0,6.0,0.0,7,3,1,2,6,0,1,0
137828,1760,0.0,4.0,0.0,1,1,1,1,0,0,1,0
138353,2954,0.0,3.0,0.0,8,5,3,1,7,0,1,0
138558,4173,0.0,0.0,1.0,3,2,2,1,2,0,1,0
138626,4224,0.0,6.0,1.0,1,1,1,1,0,0,1,0
138678,1399,0.0,4.0,0.0,26,6,1,1,25,0,1,0
138860,2294,0.0,4.0,0.0,39,24,4,5,38,0,1,0
139256,2217,0.0,4.0,0.0,2,1,1,1,1,0,1,0
139929,900,0.0,4.0,0.0,1,1,1,1,0,0,1,0
140097,3105,0.0,3.0,1.0,5,2,1,2,3,0,2,0
140135,4605,0.0,0.0,0.0,5,1,1,1,4,0,1,0
140198,1134,0.0,7.0,0.0,9,1,1,2,8,0,1,0
140204,1056,1.0,5.0,0.0,2,1,1,1,1,0,1,0
14038,293,0.0,3.0,0.0,8,3,1,1,7,0,1,0
140879,3152,0.0,4.0,0.0,1,1,1,1,0,0,1,0
140962,336,0.0,3.0,1.0,2,1,1,1,1,0,1,0
141260,4349,0.0,4.0,0.0,2,1,1,1,0,0,2,0
141326,114,0.0,6.0,0.0,5,2,2,2,4,0,1,0
141398,1760,0.0,0.0,0.0,1,1,1,1,0,0,1,0
142438,4981,0.0,2.0,1.0,11,1,1,2,10,0,1,0
142449,872,0.0,0.0,0.0,8,2,1,2,6,0,2,0
14278,1399,0.0,4.0,0.0,6,3,1,2,5,0,1,0
1430,574,0.0,4.0,1.0,3,1,1,1,2,0,1,0
143002,1074,0.0,0.0,0.0,1,1,1,1,0,0,1,0
143045,4170,0.0,5.0,0.0,11,4,1,1,7,0,3,1
143316,361,0.0,0.0,0.0,7,3,1,3,4,0,1,2
143421,747,0.0,5.0,0.0,24,12,1,3,23,0,1,0
143429,2620,0.0,0.0,0.0,13,3,2,1,11,1,1,0
143491,4287,0.0,3.0,1.0,6,3,2,1,4,0,1,1
143661,474,0.0,3.0,2.0,3,1,1,2,2,0,1,0
143888,3420,0.0,3.0,0.0,4,3,2,1,3,0,1,0
144570,145,0.0,2.0,0.0,3,1,1,1,2,0,1,0
144657,4755,0.0,5.0,0.0,12,3,1,1,10,0,2,0
144676,4325,1.0,5.0,0.0,10,3,1,1,8,1,1,0
145200,1049,0.0,2.0,1.0,3,1,1,1,2,0,1,0
145632,742,0.0,3.0,0.0,33,9,3,6,32,0,1,0
145694,2639,0.0,4.0,0.0,6,3,3,1,3,0,3,0
145870,3173,0.0,2.0,0.0,6,1,1,1,4,0,1,1
147182,2318,0.0,0.0,0.0,4,1,1,1,3,0,1,0
147697,1031,0.0,4.0,0.0,14,7,1,5,12,0,1,1
147829,2403,0.0,4.0,0.0,11,8,2,1,10,0,1,0
147894,3578,0.0,3.0,0.0,10,9,2,2,9,0,1,0
148049,3578,0.0,3.0,0.0,26,10,1,2,25,0,1,0
148357,700,0.0,4.0,0.0,12,5,3,1,11,0,1,0
148831,4992,1.0,3.0,1.0,7,1,1,2,6,0,1,0
149589,1399,0.0,5.0,1.0,3,1,1,1,1,0,2,0
149881,1664,0.0,3.0,1.0,9,6,6,1,8,0,1,0
150203,3734,0.0,3.0,1.0,25,7,3,3,24,0,1,0
150243,1884,0.0,5.0,1.0,4,1,1,1,3,0,1,0
150823,2545,0.0,3.0,1.0,7,4,2,3,5,0,1,1
150916,4554,0.0,0.0,1.0,1,1,1,1,0,0,1,0
150947,586,0.0,3.0,0.0,43,21,9,6,38,0,2,3
151277,2447,0.0,5.0,0.0,7,5,2,1,5,0,2,0
151459,120,0.0,5.0,0.0,7,3,3,4,5,0,2,0
151908,4165,0.0,4.0,1.0,7,1,1,1,6,0,1,0
152373,3936,0.0,3.0,1.0,1,1,1,1,0,0,1,0
152806,4394,0.0,3.0,0.0,3,1,1,1,2,0,1,0
153016,1221,0.0,2.0,0.0,1,1,1,1,0,0,1,0
153732,1618,1.0,4.0,0.0,10,4,2,1,8,0,2,0
154785,1851,0.0,0.0,2.0,20,3,1,1,19,0,1,0
154913,897,0.0,4.0,0.0,15,9,6,3,14,0,1,0
155133,416,0.0,5.0,0.0,1,1,1,1,0,0,1,0
155556,4178,0.0,5.0,1.0,2,1,1,1,1,0,1,0
155585,2981,0.0,2.0,0.0,4,1,1,2,3,0,1,0
15575,1115,0.0,3.0,1.0,5,3,2,2,3,0,2,0
155873,1399,0.0,3.0,0.0,7,5,1,1,6,0,1,0
155935,3472,0.0,0.0,1.0,4,2,2,2,3,0,1,0
156466,1484,0.0,6.0,1.0,7,5,2,1,6,0,1,0
15659,2257,0.0,3.0,0.0,4,1,1,1,3,0,1,0
156867,603,0.0,0.0,0.0,2,1,1,1,1,0,1,0
156869,682,0.0,4.0,0.0,17,9,3,1,14,0,3,0
157149,4733,0.0,3.0,1.0,7,2,2,2,6,0,1,0
157409,3828,0.0,3.0,0.0,5,3,2,2,2,0,1,2
157412,1168,0.0,5.0,1.0,26,13,4,2,24,0,2,0
157841,2856,0.0,5.0,1.0,7,1,1,3,6,0,1,0
158243,3579,0.0,6.0,0.0,7,3,1,1,5,0,2,0
158344,4954,0.0,3.0,0.0,2,1,1,1,1,0,1,0
159520,2565,0.0,4.0,1.0,3,1,1,2,2,0,1,0
160471,3965,0.0,0.0,0.0,8,2,1,1,7,0,1,0
160640,2279,0.0,0.0,0.0,8,2,1,1,6,0,1,1
160783,3734,0.0,2.0,0.0,1,1,1,1,0,0,1,0
16140,2565,0.0,3.0,0.0,11,5,1,2,9,0,2,0
161465,10,0.0,0.0,0.0,6,3,1,1,5,0,1,0
1615,1103,0.0,0.0,0.0,19,6,3,4,17,0,1,1
161696,3154,0.0,3.0,1.0,1,1,1,1,0,0,1,0
162102,1102,0.0,6.0,0.0,1,1,1,1,0,0,1,0
162493,4322,0.0,0.0,1.0,1,1,1,1,0,0,1,0
162792,3316,0.0,4.0,1.0,4,1,1,1,1,0,3,0
162945,1310,0.0,3.0,0.0,5,4,4,2,4,0,1,0
163432,2232,0.0,0.0,0.0,3,1,1,1,1,0,2,0
163999,2821,0.0,4.0,0.0,3,1,1,1,2,0,1,0
164718,3472,0.0,4.0,1.0,7,2,1,1,6,0,1,0
165388,2928,0.0,3.0,0.0,36,21,7,1,34,0,2,0
165929,685,0.0,0.0,0.0,10,3,2,1,9,0,1,0
165949,2051,0.0,3.0,0.0,4,2,1,1,0,0,4,0
166668,3906,0.0,2.0,0.0,16,5,2,4,12,0,1,3
166937,4605,0.0,0.0,0.0,2,1,1,1,1,0,1,0
167091,1348,0.0,6.0,0.0,17,4,2,6,14,0,2,1
167096,4044,0.0,3.0,0.0,50,23,8,7,43,0,3,4
167373,1659,0.0,0.0,0.0,5,1,1,1,4,0,1,0
167385,3925,0.0,3.0,0.0,3,1,1,1,2,0,1,0
167390,1096,0.0,0.0,0.0,3,1,1,1,2,0,1,0
168418,3013,0.0,4.0,0.0,3,1,1,2,2,0,1,0
168514,3085,0.0,0.0,0.0,9,5,2,1,8,0,1,0
168766,1963,0.0,4.0,0.0,6,4,2,1,5,0,1,0
168782,3022,0.0,2.0,0.0,11,2,2,2,10,0,1,0
169000,4811,0.0,3.0,1.0,9,3,3,1,6,0,3,0
169121,2099,0.0,0.0,0.0,6,3,1,1,5,0,1,0
169845,4110,0.0,0.0,0.0,2,1,1,1,1,0,1,0
169854,552,0.0,0.0,1.0,22,7,4,2,21,0,1,0
16987,2721,0.0,3.0,0.0,5,1,1,2,3,0,1,1
170213,2693,0.0,5.0,0.0,3,1,1,2,2,0,1,0
170328,3623,0.0,3.0,0.0,8,3,2,3,5,0,1,2
170676,963,1.0,6.0,0.0,7,2,1,4,4,0,1,2
170806,1305,0.0,0.0,0.0,1,1,1,1,0,0,1,0
17096,4009,0.0,4.0,1.0,9,3,2,3,7,0,1,1
171209,4433,0.0,4.0,1.0,31,14,2,2,22,0,9,0
171313,2883,0.0,2.0,0.0,8,6,4,4,3,0,1,4
171483,4044,0.0,3.0,0.0,5,4,1,1,4,0,1,0
17156,4438,0.0,0.0,0.0,9,2,1,1,7,0,1,1
171850,4173,0.0,4.0,0.0,10,2,2,2,9,0,1,0
172152,3536,0.0,4.0,1.0,11,3,1,4,9,0,1,1
172215,3865,0.0,4.0,0.0,6,5,5,1,1,0,5,0
173454,4847,0.0,3.0,0.0,3,3,1,1,0,0,2,1
173545,1890,0.0,6.0,0.0,14,8,2,3,13,0,1,0
173609,3363,1.0,0.0,0.0,3,1,1,1,2,0,1,0
173622,2099,0.0,3.0,0.0,3,2,2,1,2,0,1,0
173953,3205,0.0,0.0,0.0,4,1,1,1,2,0,2,0
174129,914,0.0,6.0,1.0,2,1,1,1,1,0,1,0
174713,4427,0.0,4.0,0.0,4,1,1,1,3,0,1,0
175148,3766,0.0,3.0,0.0,3,2,2,1,2,0,1,0
175220,3055,0.0,5.0,0.0,6,3,2,1,5,0,1,0
175242,3103,0.0,6.0,0.0,22,9,3,2,21,0,1,0
175445,3073,0.0,0.0,0.0,2,1,1,1,1,0,1,0
175778,1346,0.0,4.0,1.0,3,2,1,2,2,0,1,0
175839,2278,0.0,2.0,0.0,2,1,1,2,0,0,1,1
176085,1084,0.0,3.0,1.0,7,1,1,2,6,0,1,0
176738,3310,0.0,0.0,0.0,2,1,1,2,1,0,1,0
176897,1200,0.0,null,null,31,3,1,1,27,0,4,0
177311,598,0.0,3.0,1.0,80,13,3,4,74,4,2,0
177748,4458,0.0,5.0,0.0,5,1,1,2,4,0,1,0
17780,2424,0.0,3.0,0.0,37,1,1,3,35,0,2,0
177946,2031,0.0,3.0,0.0,13,2,1,1,12,0,1,0
17806,4569,1.0,4.0,1.0,4,3,1,1,3,0,1,0
178097,3578,0.0,2.0,0.0,204,57,3,5,194,0,5,5
178355,4818,0.0,3.0,1.0,9,6,4,2,0,0,5,4
178434,4433,0.0,0.0,0.0,2,1,1,1,1,0,1,0
179246,4589,1.0,2.0,1.0,8,4,1,1,7,0,1,0
179691,2880,0.0,3.0,1.0,6,3,1,1,5,0,1,0
180158,4871,0.0,3.0,0.0,3,2,1,1,2,0,1,0
180761,1102,1.0,3.0,0.0,46,27,9,13,42,0,1,3
181323,2712,0.0,5.0,0.0,3,2,1,2,2,0,1,0
181643,4044,0.0,3.0,1.0,19,10,7,1,18,0,1,0
181647,3940,0.0,0.0,0.0,5,1,1,1,4,0,1,0
182456,534,0.0,7.0,0.0,2,1,1,2,0,0,1,1
182471,2537,1.0,4.0,0.0,11,9,3,4,10,0,1,0
182522,1527,0.0,3.0,0.0,1,1,1,1,0,0,1,0
183208,1393,0.0,5.0,0.0,38,22,4,1,36,0,2,0
183469,4234,0.0,0.0,0.0,12,6,3,1,9,0,3,0
183482,1031,0.0,3.0,0.0,37,7,2,2,35,0,1,1
183525,949,0.0,4.0,0.0,14,9,3,2,11,0,2,1
184025,902,0.0,3.0,0.0,2,1,1,1,1,0,1,0
184147,1501,0.0,0.0,0.0,22,8,2,2,20,0,1,1
184438,152,0.0,0.0,0.0,2,1,1,1,1,0,1,0
18535,2305,0.0,4.0,0.0,9,2,1,3,8,0,1,0
185403,2196,0.0,0.0,0.0,4,1,1,1,3,0,1,0
185409,586,0.0,5.0,0.0,4,2,2,1,3,0,1,0
185824,4049,0.0,4.0,0.0,1,1,1,1,0,0,1,0
1859,3080,0.0,2.0,1.0,5,3,2,2,3,0,1,1
185945,4196,0.0,0.0,null,7,2,2,1,6,0,1,0
186147,1487,0.0,3.0,0.0,19,5,1,2,18,0,1,0
18616,4850,0.0,4.0,0.0,1,1,1,1,0,0,1,0
186866,2565,0.0,4.0,0.0,5,2,1,1,3,0,2,0
187442,1861,1.0,2.0,0.0,20,9,4,1,17,0,3,0
187971,2639,0.0,0.0,0.0,42,24,10,4,36,0,1,5
188068,2954,0.0,4.0,0.0,12,7,2,2,10,0,2,0
188075,3839,0.0,0.0,2.0,16,9,1,3,15,0,1,0
188296,3682,0.0,7.0,1.0,49,8,2,4,42,0,1,6
188804,1090,0.0,4.0,0.0,4,1,1,1,3,0,1,0
188885,1102,0.0,5.0,0.0,24,16,6,3,22,1,1,0
1889,4256,0.0,6.0,1.0,8,1,1,2,6,1,1,0
189027,3444,0.0,2.0,1.0,3,1,1,2,2,0,1,0
189148,1875,0.0,0.0,0.0,5,1,1,1,4,0,1,0
189164,503,0.0,4.0,1.0,14,9,2,1,12,0,2,0
189368,3323,1.0,3.0,0.0,4,1,1,2,2,0,1,1
189378,4044,0.0,4.0,0.0,147,86,12,5,139,0,2,6
1895,1618,0.0,4.0,0.0,4,2,2,1,3,0,1,0
189524,1015,1.0,5.0,0.0,10,7,5,2,7,0,3,0
190023,4949,0.0,4.0,0.0,9,2,2,1,6,0,2,1
190593,1117,0.0,3.0,0.0,1,1,1,1,0,0,1,0
190640,885,0.0,2.0,0.0,10,1,1,1,9,0,1,0
190682,3323,1.0,3.0,0.0,3,1,1,1,2,0,1,0
191048,4605,0.0,3.0,0.0,1,1,1,1,0,0,1,0
19156,215,0.0,3.0,0.0,6,3,2,2,5,0,1,0
191935,2278,1.0,4.0,0.0,5,1,1,1,4,0,1,0
191982,3734,0.0,3.0,0.0,27,14,2,1,23,0,1,3
192241,3536,0.0,5.0,0.0,2,1,1,1,1,0,1,0
192429,239,0.0,0.0,0.0,13,5,1,3,12,0,1,0
192647,3310,0.0,3.0,0.0,2,1,1,1,1,0,1,0
193078,4048,0.0,0.0,1.0,2,1,1,1,1,0,1,0
193110,742,0.0,5.0,0.0,32,7,4,2,28,0,3,1
193245,168,0.0,5.0,0.0,2,2,1,1,0,0,2,0
193462,3578,0.0,4.0,0.0,11,6,3,5,10,0,1,0
194149,2711,0.0,3.0,0.0,17,4,1,4,16,0,1,0
194613,1830,0.0,4.0,0.0,6,2,1,2,3,0,2,1
194639,4718,0.0,2.0,0.0,38,5,1,9,35,0,1,2
195192,2255,0.0,4.0,0.0,6,1,1,1,5,0,1,0
195219,4589,0.0,0.0,0.0,2,1,1,1,1,0,1,0
195242,4687,0.0,0.0,0.0,7,1,1,1,4,0,3,0
195302,4794,0.0,6.0,0.0,20,2,1,9,17,0,1,2
19585,2582,0.0,6.0,0.0,18,5,1,3,16,0,1,1
196045,3173,0.0,3.0,1.0,4,1,1,1,2,0,2,0
196296,4079,0.0,4.0,1.0,3,1,1,1,2,0,1,0
196310,4137,0.0,4.0,0.0,4,1,1,1,2,0,1,1
19657,915,0.0,4.0,0.0,16,8,2,5,15,0,1,0
196724,250,0.0,3.0,1.0,5,2,1,4,3,0,1,1
196727,4282,0.0,6.0,0.0,57,44,13,4,55,0,1,1
196836,3984,0.0,7.0,0.0,16,12,3,3,15,0,1,0
197774,4322,0.0,2.0,0.0,4,1,1,1,3,0,1,0
197805,152,0.0,4.0,0.0,4,2,2,1,3,0,1,0
198144,3471,0.0,4.0,1.0,3,1,1,1,1,0,2,0
198350,3875,0.0,5.0,0.0,2,1,1,2,0,0,1,1
198445,1399,0.0,3.0,1.0,20,3,1,3,17,0,1,2
198458,773,0.0,4.0,2.0,9,7,4,2,8,0,1,0
198628,687,0.0,5.0,0.0,6,2,1,2,5,0,1,0
198681,4950,0.0,4.0,0.0,5,1,1,1,4,0,1,0
198805,1117,0.0,2.0,0.0,3,1,1,1,2,0,1,0
198940,1978,0.0,3.0,1.0,24,7,3,2,22,0,2,0
199367,574,0.0,6.0,0.0,4,1,1,1,2,0,2,0
199397,4826,0.0,3.0,0.0,5,1,1,1,4,0,1,0
199398,598,0.0,0.0,0.0,5,2,2,3,4,0,1,0
199829,1487,0.0,3.0,0.0,2,1,1,1,1,0,1,0
200207,3205,1.0,0.0,0.0,5,1,1,1,4,0,1,0
200412,1957,0.0,3.0,1.0,17,5,3,3,15,0,2,0
200782,1923,0.0,6.0,1.0,13,7,3,1,10,0,3,0
20104,1892,0.0,2.0,0.0,26,14,4,1,25,0,1,0
201539,786,0.0,2.0,0.0,12,6,2,2,11,0,1,0
201639,3828,0.0,2.0,1.0,8,4,4,5,4,0,1,3
201744,3734,0.0,4.0,0.0,5,4,2,1,4,0,1,0
20181,4687,0.0,4.0,0.0,9,4,2,2,8,0,1,0
201818,3323,1.0,0.0,1.0,4,2,1,1,3,0,1,0
201884,608,0.0,0.0,0.0,7,1,1,1,6,0,1,0
202057,4044,0.0,4.0,0.0,13,12,2,2,12,0,1,0
202090,4841,0.0,4.0,1.0,3,1,1,1,1,0,2,0
202178,4281,0.0,2.0,0.0,2,1,1,1,1,0,1,0
20266,1203,0.0,4.0,0.0,10,5,2,1,9,0,1,0
202897,3057,1.0,3.0,0.0,17,7,3,1,15,0,2,0
202982,4864,0.0,3.0,1.0,70,26,4,7,66,0,1,3
203031,1546,0.0,3.0,1.0,4,1,1,2,2,0,1,1
203759,4287,0.0,0.0,0.0,9,1,1,1,8,0,1,0
204509,4919,0.0,4.0,1.0,6,4,4,2,5,0,1,0
204523,861,0.0,3.0,0.0,2,1,1,1,1,0,1,0
204727,1892,1.0,4.0,0.0,24,14,7,3,18,0,1,5
204789,649,0.0,2.0,0.0,1,1,1,1,0,0,1,0
204889,1352,0.0,3.0,0.0,22,12,7,1,21,0,1,0
205281,4607,0.0,3.0,1.0,3,1,1,1,2,0,1,0
205991,396,0.0,5.0,0.0,5,2,1,1,4,0,1,0
206589,588,0.0,5.0,0.0,5,1,1,2,4,0,1,0
206868,467,0.0,0.0,0.0,21,10,4,2,19,0,2,0
206921,2876,0.0,3.0,0.0,3,2,1,2,2,0,1,0
207103,3629,0.0,3.0,0.0,19,4,1,4,17,0,1,1
2073,1356,0.0,4.0,0.0,2,1,1,2,0,0,1,1
207313,2629,0.0,4.0,0.0,4,2,1,1,3,0,1,0
207686,4427,0.0,4.0,0.0,11,6,3,2,10,0,1,0
207690,1178,1.0,3.0,0.0,9,1,1,3,5,0,1,3
207900,676,0.0,6.0,1.0,1,1,1,1,0,0,1,0
208197,2193,0.0,4.0,1.0,11,3,2,2,10,0,1,0
20830,1472,0.0,4.0,1.0,1,1,1,1,0,0,1,0
208636,4648,1.0,4.0,1.0,4,1,1,1,3,0,1,0
20864,2242,0.0,4.0,0.0,5,5,2,2,3,0,2,0
209033,2454,0.0,0.0,0.0,20,10,6,3,17,0,1,2
209114,608,0.0,0.0,1.0,2,1,1,1,1,0,1,0
209187,4677,0.0,6.0,0.0,23,9,2,3,21,0,2,0
209768,3170,0.0,3.0,0.0,2,1,1,1,1,0,1,0
210097,4659,0.0,6.0,0.0,3,1,1,1,2,0,1,0
210677,3472,0.0,5.0,1.0,1,1,1,1,0,0,1,0
210685,862,0.0,3.0,0.0,6,1,1,2,4,0,1,1
210717,1831,0.0,4.0,1.0,3,1,1,1,2,0,1,0
21102,1679,1.0,0.0,0.0,32,13,3,5,23,0,2,7
211036,3163,0.0,3.0,1.0,3,1,1,1,0,0,3,0
211428,4044,0.0,6.0,0.0,2,1,1,1,1,0,1,0
211695,2565,0.0,2.0,0.0,31,11,1,3,26,0,2,3
212072,3635,0.0,0.0,0.0,4,2,2,2,3,0,1,0
212090,1481,0.0,4.0,0.0,8,6,4,1,6,0,2,0
212231,3159,0.0,6.0,0.0,26,6,5,5,22,0,2,2
212261,4150,0.0,3.0,0.0,4,1,1,1,3,0,1,0
212541,1592,0.0,2.0,0.0,8,1,1,3,7,0,1,0
212660,4267,0.0,5.0,1.0,16,10,4,1,13,0,3,0
212756,4044,0.0,4.0,1.0,18,10,2,2,17,0,1,0
213429,145,0.0,0.0,0.0,7,4,1,2,6,0,1,0
213637,412,0.0,0.0,0.0,3,1,1,1,2,0,1,0
214110,2664,0.0,3.0,0.0,2,1,1,1,1,0,1,0
214117,2928,0.0,2.0,1.0,4,1,1,2,3,0,1,0
214307,4605,0.0,3.0,0.0,2,1,1,1,1,0,1,0
214492,1916,0.0,0.0,1.0,12,4,1,3,8,0,2,2
21456,4267,0.0,3.0,0.0,71,41,9,1,67,0,4,0
214697,310,0.0,3.0,1.0,4,1,1,2,2,0,1,1
214828,120,0.0,6.0,0.0,12,7,3,1,10,0,2,0
21486,498,0.0,6.0,0.0,6,2,1,1,5,0,1,0
215059,1602,0.0,2.0,0.0,2,2,2,1,0,0,2,0
215755,322,0.0,3.0,0.0,5,2,1,3,4,0,1,0
216220,4933,0.0,4.0,0.0,6,1,1,1,4,0,1,1
21645,630,0.0,0.0,0.0,128,31,11,7,124,1,2,1
216727,3266,0.0,0.0,0.0,3,1,1,1,2,0,1,0
216772,2579,0.0,3.0,0.0,11,3,3,2,9,0,2,0
216831,2313,0.0,5.0,0.0,13,3,2,3,11,0,1,1
216918,4450,0.0,4.0,0.0,17,2,2,3,14,0,1,2
217031,2217,0.0,5.0,0.0,24,10,3,2,23,0,1,0
217383,2883,0.0,4.0,0.0,40,16,3,14,34,0,1,5
217556,1102,0.0,0.0,null,6,1,1,2,5,0,1,0
217567,3022,0.0,2.0,1.0,5,4,2,2,4,0,1,0
21852,963,0.0,7.0,0.0,3,2,1,1,2,0,1,0
219029,48,0.0,4.0,1.0,5,1,1,1,4,0,1,0
219136,1948,0.0,0.0,1.0,7,3,1,1,6,0,1,0
219244,4480,0.0,4.0,1.0,20,9,3,6,18,0,2,0
219389,1703,0.0,5.0,2.0,19,4,3,4,16,0,1,2
219628,2313,0.0,3.0,0.0,1,1,1,1,0,0,1,0
219676,3578,1.0,6.0,0.0,41,12,3,10,31,0,1,9
219813,3105,0.0,4.0,1.0,3,2,2,2,0,0,1,2
220046,1031,0.0,3.0,1.0,15,8,2,1,12,0,3,0
220123,3828,0.0,3.0,0.0,18,4,4,4,17,0,1,0
220137,798,1.0,3.0,0.0,50,14,10,6,39,0,1,10
22051,4450,0.0,0.0,0.0,1,1,1,1,0,0,1,0
220635,3320,0.0,2.0,1.0,25,10,1,1,18,0,7,0
220862,3173,0.0,6.0,1.0,2,1,1,1,1,0,1,0
221430,1405,0.0,3.0,0.0,3,1,1,1,2,0,1,0
22155,1760,0.0,2.0,1.0,7,4,1,1,6,0,1,0
222193,3525,0.0,0.0,0.0,10,1,1,1,9,0,1,0
222819,4705,0.0,0.0,1.0,3,1,1,1,2,0,1,0
222942,4427,0.0,0.0,0.0,11,6,2,1,9,0,2,0
222949,818,0.0,4.0,0.0,19,13,2,1,16,0,3,0
223188,2954,0.0,4.0,0.0,13,8,6,1,9,0,4,0
223554,1393,0.0,4.0,0.0,37,18,7,3,30,0,1,6
223715,1411,0.0,3.0,0.0,6,2,1,1,5,0,1,0
223947,1884,0.0,3.0,1.0,10,3,2,1,9,0,1,0
22457,1013,0.0,0.0,0.0,4,1,1,2,3,0,1,0
2247,4732,0.0,3.0,0.0,8,3,2,3,6,0,1,1
224718,3159,0.0,3.0,0.0,3,1,1,1,2,0,1,0
224786,1346,1.0,0.0,2.0,15,9,1,6,12,0,1,2
224928,1056,1.0,3.0,0.0,9,3,3,4,8,0,1,0
225,4346,0.0,4.0,1.0,3,1,1,1,2,0,1,0
225346,2124,0.0,5.0,0.0,21,9,1,6,17,0,2,2
225621,3828,0.0,3.0,0.0,11,5,2,1,10,0,1,0
225681,1495,0.0,5.0,1.0,6,3,1,2,5,0,1,0
225780,3640,0.0,4.0,0.0,9,3,1,2,8,0,1,0
225947,4979,0.0,6.0,null,3,1,1,1,2,0,1,0
226104,1031,0.0,0.0,0.0,2,1,1,1,1,0,1,0
226205,1330,0.0,3.0,0.0,6,3,1,1,5,0,1,0
226319,2723,0.0,4.0,0.0,37,14,2,2,31,0,3,3
226560,2938,0.0,7.0,0.0,6,3,3,2,4,0,2,0
226862,2988,0.0,2.0,1.0,14,3,2,2,12,0,2,0
226976,227,0.0,7.0,1.0,3,1,1,1,2,0,1,0
227253,3152,0.0,0.0,0.0,13,5,1,2,12,0,1,0
228099,4282,0.0,3.0,0.0,37,13,4,3,35,0,2,0
228332,535,0.0,0.0,0.0,10,2,2,4,9,0,1,0
228526,3622,0.0,6.0,0.0,5,2,2,1,3,0,2,0
228537,467,0.0,4.0,0.0,3,2,1,1,2,0,1,0
2290,293,0.0,0.0,0.0,5,1,1,2,3,0,1,1
229189,2664,0.0,0.0,0.0,5,3,1,1,4,0,1,0
229682,2954,1.0,3.0,0.0,5,2,2,1,2,0,3,0
229925,1272,0.0,0.0,0.0,19,10,4,3,17,0,1,1
230547,2175,0.0,5.0,0.0,8,4,2,1,5,0,3,0
230796,1084,0.0,6.0,0.0,24,2,1,1,22,0,2,0
230957,962,0.0,4.0,1.0,2,1,1,1,1,0,1,0
23109,1501,0.0,3.0,0.0,21,7,1,2,18,0,1,2
231245,1861,1.0,5.0,0.0,3,1,1,1,2,0,1,0
231246,107,0.0,6.0,0.0,5,1,1,1,4,0,1,0
231546,402,0.0,0.0,0.0,1,1,1,1,0,0,1,0
231777,4336,0.0,3.0,1.0,1,1,1,1,0,0,1,0
231874,3080,0.0,0.0,0.0,4,1,1,1,3,0,1,0
231877,2403,0.0,6.0,0.0,9,6,3,4,4,0,5,0
231892,1504,0.0,4.0,1.0,2,1,1,1,1,0,1,0
232146,1538,0.0,0.0,0.0,4,2,1,1,2,0,1,1
232369,1760,1.0,3.0,0.0,11,4,3,1,7,0,4,0
232678,1089,0.0,2.0,0.0,7,1,1,3,6,0,1,0
232705,1077,0.0,4.0,0.0,4,2,2,2,2,0,2,0
23297,503,0.0,4.0,0.0,2,1,1,1,1,0,1,0
23304,4385,0.0,4.0,0.0,20,6,2,1,16,0,4,0
233202,1816,0.0,3.0,0.0,43,25,8,1,41,1,1,0
23325,2653,0.0,4.0,1.0,7,3,1,2,5,0,1,1
233288,4739,0.0,7.0,0.0,2,1,1,1,1,0,1,0
234501,4981,0.0,3.0,1.0,12,3,1,1,11,0,1,0
234896,1412,0.0,2.0,0.0,6,3,1,3,5,0,1,0
235044,4793,0.0,2.0,0.0,3,1,1,1,2,0,1,0
23514,588,0.0,4.0,0.0,1,1,1,1,0,0,1,0
235278,3925,0.0,5.0,0.0,5,3,1,2,2,0,1,2
235279,3436,0.0,5.0,1.0,10,1,1,2,9,0,1,0
235632,3022,0.0,2.0,1.0,4,2,1,1,3,0,1,0
236347,2008,0.0,3.0,0.0,3,1,1,2,1,0,1,1
236566,3466,0.0,6.0,0.0,5,2,1,1,4,0,1,0
236990,1618,0.0,4.0,0.0,52,30,6,5,48,0,2,2
237060,4966,0.0,0.0,0.0,14,3,3,3,12,0,1,1
237101,4976,0.0,3.0,0.0,13,2,2,1,12,0,1,0
237155,4739,0.0,3.0,0.0,6,1,1,2,5,0,1,0
237472,479,0.0,2.0,0.0,7,1,1,2,5,0,1,1
237916,1485,0.0,3.0,0.0,17,7,2,1,15,0,1,1
237956,159,0.0,4.0,1.0,20,10,2,2,15,0,5,0
238149,429,0.0,2.0,1.0,1,1,1,1,0,0,1,0
238331,4427,0.0,4.0,0.0,10,6,2,2,9,0,1,0
238577,1399,0.0,2.0,0.0,9,5,1,2,8,0,1,0
238601,773,0.0,5.0,1.0,10,5,2,2,9,0,1,0
238872,1512,0.0,6.0,0.0,30,10,1,2,26,0,1,3
239124,1736,0.0,2.0,0.0,12,2,2,3,9,0,2,1
23934,2318,0.0,4.0,0.0,2,2,2,2,0,0,1,1
239684,361,0.0,6.0,1.0,2,1,1,1,1,0,1,0
239759,1102,0.0,3.0,0.0,55,29,10,7,47,0,1,7
239818,121,0.0,5.0,0.0,5,1,1,1,4,0,1,0
239851,2746,0.0,5.0,0.0,9,6,4,2,8,0,1,0
239857,4847,0.0,2.0,0.0,121,67,17,18,104,0,6,11
239881,322,0.0,3.0,0.0,6,3,3,1,3,0,3,0
240069,1031,0.0,4.0,0.0,5,1,1,1,4,0,1,0
240077,804,0.0,0.0,0.0,1,1,1,1,0,0,1,0
240080,547,0.0,5.0,1.0,7,3,1,3,5,0,1,1
240143,4705,0.0,2.0,0.0,33,14,12,1,26,6,1,0
240226,4265,0.0,3.0,0.0,62,36,10,8,61,0,1,0
240227,740,0.0,2.0,1.0,3,1,1,1,2,0,1,0
240314,323,0.0,4.0,0.0,10,3,1,2,7,0,1,2
240386,1346,0.0,4.0,0.0,6,3,1,1,5,0,1,0
240960,4394,0.0,4.0,0.0,17,6,2,2,15,0,2,0
241096,191,0.0,3.0,0.0,2,1,1,1,1,0,1,0
242297,1916,0.0,2.0,0.0,5,2,1,1,4,0,1,0
242612,2277,0.0,2.0,1.0,7,3,2,1,6,0,1,0
242883,3734,0.0,3.0,0.0,1,1,1,1,0,0,1,0
242998,586,0.0,4.0,0.0,5,3,1,1,2,0,3,0
243586,4394,1.0,4.0,0.0,6,1,1,2,4,0,2,0
243923,1565,0.0,3.0,0.0,5,2,2,1,4,0,1,0
244291,1500,0.0,0.0,0.0,5,1,1,2,4,0,1,0
244428,2318,0.0,0.0,0.0,4,1,1,2,2,0,1,1
245173,1748,0.0,2.0,0.0,1,1,1,1,0,0,1,0
245519,4659,0.0,4.0,0.0,2,1,1,1,1,0,1,0
246120,4079,0.0,0.0,0.0,1,1,1,1,0,0,1,0
246619,4536,0.0,2.0,0.0,3,2,2,1,2,0,1,0
246819,2138,0.0,0.0,0.0,2,1,1,2,1,0,1,0
246846,1506,0.0,2.0,0.0,3,1,1,1,2,0,1,0
247393,798,0.0,0.0,0.0,4,3,1,1,3,0,1,0
248309,1642,0.0,0.0,0.0,8,2,1,1,7,0,1,0
24850,962,0.0,0.0,1.0,1,1,1,1,0,0,1,0
249261,4107,0.0,4.0,0.0,10,6,4,1,0,0,10,0
249878,4150,0.0,0.0,1.0,16,5,2,2,14,0,2,0
250433,4955,0.0,2.0,0.0,4,1,1,1,2,0,1,1
250496,4718,0.0,4.0,1.0,35,14,5,1,34,0,1,0
251166,3455,0.0,5.0,0.0,24,9,2,2,23,0,1,0
251216,2,0.0,0.0,0.0,1,1,1,1,0,0,1,0
251284,2248,0.0,0.0,1.0,5,3,1,1,4,0,1,0
25149,3173,0.0,7.0,0.0,8,4,1,3,6,0,2,0
251608,3839,0.0,4.0,0.0,15,9,3,3,14,0,1,0
252238,2145,0.0,4.0,0.0,7,3,1,1,6,0,1,0
252412,2711,0.0,4.0,0.0,33,10,1,2,32,0,1,0
252539,1239,0.0,4.0,0.0,5,2,2,2,4,0,1,0
252593,2224,0.0,0.0,0.0,7,4,1,2,6,0,1,0
252873,2403,0.0,5.0,0.0,138,50,3,12,135,0,1,2
25313,92,0.0,0.0,null,1,1,1,1,0,0,1,0
253229,222,0.0,5.0,1.0,11,6,2,1,10,0,1,0
253539,1618,0.0,4.0,0.0,2,1,1,1,1,0,1,0
253676,1501,0.0,0.0,0.0,2,2,2,1,0,0,2,0
253678,783,0.0,4.0,0.0,4,1,1,1,3,0,1,0
253719,1103,0.0,0.0,0.0,6,1,1,2,5,0,1,0
254094,2883,1.0,3.0,0.0,16,6,3,4,15,0,1,0
254151,4768,0.0,2.0,0.0,3,2,1,3,0,0,1,2
254174,1557,0.0,4.0,0.0,6,4,3,2,5,0,1,0
254548,3828,0.0,6.0,1.0,5,1,1,2,4,0,1,0
254917,2883,0.0,3.0,0.0,2,1,1,1,1,0,1,0
255350,1499,0.0,0.0,0.0,5,2,1,1,4,0,1,0
255533,4670,0.0,2.0,0.0,7,3,1,2,5,0,1,1
255639,3898,0.0,4.0,1.0,1,1,1,1,0,0,1,0
255900,3205,0.0,0.0,0.0,4,2,1,1,3,0,1,0
256147,669,0.0,6.0,1.0,9,5,3,3,8,0,1,0
256235,2081,0.0,4.0,1.0,7,4,1,1,6,0,1,0
256760,608,0.0,6.0,0.0,18,5,2,1,17,0,1,0
257265,1760,0.0,3.0,0.0,8,7,1,2,7,0,1,0
257320,4040,0.0,0.0,0.0,9,4,2,1,7,0,2,0
257489,3609,0.0,2.0,0.0,1,1,1,1,0,0,1,0
257529,4976,0.0,0.0,0.0,15,9,5,3,13,0,1,1
257646,4926,0.0,3.0,0.0,1,1,1,1,0,0,1,0
257892,1453,0.0,4.0,1.0,2,1,1,1,1,0,1,0
258168,3773,0.0,5.0,0.0,7,2,2,2,4,0,1,2
258196,4131,0.0,3.0,0.0,5,4,2,1,4,0,1,0
258572,3578,0.0,3.0,0.0,17,6,1,1,16,0,1,0
258745,3323,1.0,4.0,0.0,3,1,1,1,2,0,1,0
258804,300,0.0,0.0,0.0,7,3,1,1,6,0,1,0
259212,3073,0.0,null,null,2,1,1,1,1,0,1,0
260316,3853,0.0,0.0,0.0,4,3,3,1,3,0,1,0
260513,3835,0.0,4.0,0.0,5,1,1,1,4,0,1,0
260529,1978,1.0,3.0,1.0,5,3,1,2,4,0,1,0
260673,3578,0.0,0.0,2.0,10,1,1,3,8,0,1,1
260801,3329,0.0,2.0,0.0,2,1,1,1,1,0,1,0
261132,1667,0.0,6.0,1.0,8,2,2,2,7,0,1,0
262167,361,0.0,0.0,1.0,7,4,2,3,5,0,1,1
262280,4534,0.0,4.0,0.0,36,19,17,2,29,0,7,0
262880,346,0.0,5.0,1.0,7,4,1,3,6,0,1,0
262950,2699,0.0,3.0,0.0,1,1,1,1,0,0,1,0
263142,1943,0.0,4.0,0.0,12,3,3,4,9,0,2,1
263503,1703,0.0,3.0,0.0,5,2,1,3,4,0,1,0
263515,1643,0.0,0.0,0.0,1,1,1,1,0,0,1,0
263757,4079,0.0,6.0,0.0,7,3,1,2,5,0,2,0
263787,1026,0.0,2.0,0.0,1,1,1,1,0,0,1,0
263861,2589,0.0,4.0,1.0,5,1,1,1,4,0,1,0
26403,643,0.0,6.0,0.0,8,3,3,2,7,0,1,0
264077,4760,0.0,3.0,1.0,11,2,2,1,10,0,1,0
264235,4170,0.0,4.0,0.0,7,1,1,1,6,0,1,0
264279,4847,0.0,3.0,0.0,39,18,6,4,37,0,2,0
264304,3152,0.0,5.0,0.0,12,9,2,1,11,0,1,0
264628,1131,0.0,5.0,0.0,38,19,6,2,37,0,1,0
265188,3475,0.0,7.0,0.0,4,1,1,3,2,0,1,1
265193,121,0.0,0.0,0.0,10,8,3,3,9,0,1,0
265743,1923,0.0,4.0,0.0,9,4,2,3,8,0,1,0
265880,2669,0.0,2.0,0.0,11,1,1,1,8,0,3,0
266085,4170,0.0,4.0,0.0,7,4,1,2,5,0,2,0
266630,234,0.0,0.0,1.0,3,1,1,2,2,0,1,0
267046,2279,0.0,3.0,0.0,12,5,4,2,8,0,1,3
267264,3839,0.0,0.0,0.0,18,1,1,2,17,0,1,0
267323,2569,0.0,5.0,0.0,12,5,2,2,8,0,3,1
267423,2081,0.0,4.0,1.0,5,4,1,1,4,0,1,0
267641,1487,0.0,2.0,0.0,6,2,1,3,4,0,1,1
268036,4605,0.0,4.0,0.0,20,11,8,3,10,0,4,6
268367,1491,0.0,0.0,1.0,3,2,2,1,2,0,1,0
269302,1602,0.0,6.0,0.0,6,1,1,1,5,0,1,0
269897,4083,0.0,0.0,0.0,1,1,1,1,0,0,1,0
270045,20,0.0,3.0,1.0,5,2,1,1,4,0,1,0
270361,511,0.0,3.0,0.0,17,3,1,4,16,0,1,0
270586,2149,0.0,3.0,0.0,14,1,1,5,12,0,1,1
27098,4760,0.0,null,null,9,3,1,2,7,0,1,1
271056,1056,0.0,3.0,1.0,4,1,1,1,2,0,2,0
272012,4173,0.0,4.0,0.0,14,10,4,4,13,0,1,0
272559,121,0.0,0.0,0.0,7,2,2,1,6,0,1,0
272911,3968,0.0,0.0,0.0,12,1,1,1,11,0,1,0
274048,1352,0.0,3.0,2.0,15,5,2,5,10,0,3,2
274269,4504,0.0,0.0,0.0,6,1,1,3,5,0,1,0
274749,4744,0.0,3.0,1.0,4,1,1,1,3,0,1,0
274916,960,0.0,0.0,1.0,2,1,1,1,1,0,1,0
274987,3734,0.0,0.0,1.0,5,1,1,1,3,0,1,1
275065,4605,0.0,2.0,0.0,2,1,1,2,0,0,1,1
275432,2149,0.0,0.0,null,10,3,1,4,7,0,1,2
275442,4282,0.0,2.0,0.0,4,3,3,2,3,0,1,0
275505,4659,0.0,0.0,1.0,10,1,1,3,7,0,1,2
275555,3310,0.0,0.0,0.0,3,1,1,1,2,0,1,0
275693,3576,1.0,3.0,0.0,9,1,1,1,8,0,1,0
27587,729,0.0,0.0,0.0,1,1,1,1,0,0,1,0
276313,4768,0.0,3.0,0.0,23,8,1,1,21,0,2,0
276724,687,0.0,3.0,0.0,6,4,2,2,5,0,1,0
27710,4765,0.0,5.0,0.0,9,2,2,2,8,0,1,0
277299,1602,0.0,5.0,0.0,1,1,1,1,0,0,1,0
277454,4258,0.0,6.0,1.0,4,1,1,2,3,0,1,0
278076,110,0.0,3.0,0.0,4,1,1,1,3,0,1,0
278122,1291,1.0,0.0,0.0,4,2,1,2,3,0,1,0
278434,1916,0.0,2.0,1.0,46,14,1,3,43,0,2,1
27908,4605,0.0,3.0,0.0,15,11,6,3,13,0,2,0
279507,4044,0.0,5.0,0.0,26,10,2,2,19,0,2,5
279699,4658,0.0,6.0,1.0,8,1,1,2,6,0,1,1
279870,3607,0.0,3.0,0.0,2,1,1,1,1,0,1,0
279952,3170,0.0,4.0,1.0,21,11,7,3,16,0,2,3
280284,588,0.0,0.0,0.0,3,1,1,1,2,0,1,0
280413,4044,0.0,3.0,0.0,5,3,3,1,4,0,1,0
280578,121,0.0,5.0,1.0,37,14,5,5,25,0,6,6
281292,2619,0.0,4.0,1.0,3,1,1,1,2,0,1,0
281426,4607,0.0,3.0,1.0,8,2,2,2,6,0,1,1
281491,4322,0.0,3.0,0.0,10,1,1,3,9,0,1,0
28200,2277,0.0,4.0,0.0,5,2,1,2,2,0,1,2
28304,1102,0.0,4.0,1.0,11,7,3,2,9,0,1,1
283080,1884,0.0,0.0,0.0,2,1,1,2,1,0,1,0
283113,1509,0.0,2.0,0.0,15,5,3,1,13,0,2,0
283169,4871,0.0,4.0,1.0,4,1,1,2,3,0,1,0
284185,842,0.0,4.0,1.0,6,1,1,2,4,0,2,0
284215,1056,0.0,4.0,2.0,4,2,2,1,2,0,2,0
284267,145,0.0,3.0,0.0,24,14,1,2,23,0,1,0
285226,63,0.0,0.0,0.0,8,3,2,1,6,0,2,0
285607,215,0.0,0.0,0.0,6,2,1,1,3,0,1,2
286934,1892,0.0,0.0,1.0,23,7,4,2,19,0,3,1
287275,4760,0.0,5.0,0.0,25,4,1,2,23,0,2,0
287489,3152,0.0,4.0,0.0,4,1,1,1,2,0,2,0
287575,3022,0.0,2.0,1.0,71,17,5,1,70,0,1,0
287999,1262,0.0,3.0,0.0,2,1,1,1,1,0,1,0
288200,1543,0.0,4.0,2.0,9,1,1,2,8,0,1,0
288450,897,0.0,5.0,0.0,1,1,1,1,0,0,1,0
288579,3236,0.0,3.0,0.0,2,1,1,1,1,0,1,0
28863,4747,0.0,0.0,0.0,4,3,2,1,1,0,3,0
290117,687,0.0,0.0,1.0,3,1,1,1,2,0,1,0
290322,366,0.0,4.0,1.0,1,1,1,1,0,0,1,0
290596,236,0.0,5.0,0.0,3,1,1,1,2,0,1,0
290661,3543,0.0,0.0,0.0,14,10,3,2,12,0,2,0
290871,963,0.0,3.0,0.0,5,1,1,3,4,0,1,0
290939,3622,0.0,3.0,0.0,6,1,1,1,5,0,1,0
29101,4637,0.0,0.0,0.0,2,1,1,1,1,0,1,0
291265,2099,0.0,0.0,0.0,17,12,5,1,15,0,2,0
291525,794,0.0,7.0,0.0,13,6,1,1,12,0,1,0
29174,1067,0.0,5.0,0.0,14,1,1,3,11,0,1,2
291849,4760,0.0,3.0,1.0,7,6,5,1,6,0,1,0
29250,2502,0.0,5.0,1.0,9,2,1,2,7,0,1,1
293217,818,0.0,2.0,0.0,4,2,1,2,3,0,1,0
293384,962,0.0,5.0,0.0,3,2,1,1,2,0,1,0
293849,574,0.0,6.0,0.0,6,2,1,1,5,0,1,0
294184,4976,0.0,3.0,0.0,31,21,6,3,30,0,1,0
294347,3828,0.0,3.0,0.0,9,5,4,2,6,0,1,2
294643,962,0.0,3.0,1.0,2,1,1,1,1,0,1,0
294778,4427,0.0,0.0,1.0,3,1,1,1,2,0,1,0
294854,2824,0.0,3.0,0.0,2,1,1,1,1,0,1,0
295539,2582,0.0,2.0,0.0,6,2,1,4,3,0,1,2
295955,3463,0.0,0.0,0.0,4,3,2,1,3,0,1,0
296049,2926,0.0,0.0,1.0,2,1,1,1,1,0,1,0
297335,2668,0.0,0.0,1.0,2,1,1,1,1,0,1,0
297454,608,0.0,0.0,0.0,11,2,2,4,9,0,2,0
297772,1816,0.0,3.0,1.0,162,74,6,3,161,0,1,0
298247,2136,1.0,3.0,1.0,34,15,6,4,32,0,2,0
298722,1522,0.0,3.0,0.0,33,17,3,5,31,0,2,0
298911,1710,0.0,5.0,0.0,4,1,1,2,2,0,1,1
29894,3153,0.0,5.0,1.0,4,1,1,1,3,0,1,0
299121,360,0.0,2.0,0.0,7,1,1,2,6,0,1,0
299176,3396,0.0,6.0,1.0,2,1,1,2,1,0,1,0
299199,1187,0.0,3.0,1.0,8,2,2,2,7,0,1,0
29931,4346,0.0,2.0,1.0,6,3,2,1,5,0,1,0
300029,121,0.0,6.0,0.0,1,1,1,1,0,0,1,0
300043,1594,0.0,5.0,1.0,4,1,1,1,3,0,1,0
300105,4926,0.0,5.0,0.0,9,6,5,2,7,0,2,0
300124,993,0.0,0.0,1.0,1,1,1,1,0,0,1,0
300340,3163,0.0,3.0,1.0,12,6,4,2,10,0,2,0
300943,3968,0.0,2.0,0.0,3,1,1,2,1,0,1,1
301015,3090,0.0,5.0,0.0,15,7,3,1,14,0,1,0
301699,102,0.0,3.0,0.0,2,1,1,2,0,0,1,1
3017,1755,0.0,3.0,0.0,2,1,1,1,1,0,1,0
302152,3828,0.0,4.0,1.0,4,3,2,2,3,0,1,0
302967,3022,0.0,7.0,1.0,6,1,1,2,5,0,1,0
303172,1324,0.0,0.0,0.0,14,7,3,2,12,0,2,0
303187,2482,0.0,3.0,0.0,8,6,3,3,7,0,1,0
303675,1749,0.0,4.0,1.0,1,1,1,1,0,0,1,0
303736,3637,0.0,4.0,0.0,10,5,1,2,9,0,1,0
303780,3766,0.0,3.0,0.0,1,1,1,1,0,0,1,0
304128,4265,0.0,3.0,0.0,16,3,3,3,14,0,2,0
304643,1102,0.0,4.0,0.0,2,1,1,2,1,0,1,0
304716,1959,0.0,2.0,0.0,130,15,7,4,126,0,2,2
306502,606,0.0,3.0,0.0,15,8,5,3,12,0,1,2
30656,806,0.0,0.0,0.0,13,9,4,2,11,0,2,0
306612,3828,0.0,2.0,0.0,37,25,8,10,27,0,1,9
306731,3938,1.0,2.0,0.0,3,2,1,1,2,0,1,0
306985,4554,0.0,4.0,0.0,13,1,1,5,12,0,1,0
30699,1393,1.0,0.0,0.0,35,20,5,9,33,0,1,1
307180,2545,0.0,2.0,1.0,34,9,4,4,33,0,1,0
307544,1356,0.0,0.0,1.0,7,2,2,1,6,0,1,0
307844,606,0.0,3.0,0.0,94,54,13,7,93,0,1,0
308382,685,1.0,0.0,0.0,6,3,1,2,5,0,1,0
309374,2361,0.0,0.0,0.0,2,1,1,1,1,0,1,0
309401,2652,0.0,6.0,0.0,3,2,1,1,2,0,1,0
309814,1062,0.0,6.0,1.0,7,1,1,2,6,0,1,0
310359,1704,0.0,4.0,0.0,7,1,1,5,5,0,1,1
310698,523,0.0,3.0,0.0,4,1,1,1,3,0,1,0
310824,3929,0.0,0.0,1.0,6,1,1,3,5,0,1,0
311346,1861,0.0,2.0,0.0,9,2,1,4,6,0,1,2
311702,2994,0.0,3.0,0.0,2,1,1,1,1,0,1,0
31173,4558,0.0,4.0,0.0,2,1,1,2,1,0,1,0
312874,300,0.0,2.0,0.0,10,2,1,2,8,0,1,1
313599,4785,0.0,0.0,0.0,1,1,1,1,0,0,1,0
313703,2255,0.0,0.0,0.0,14,3,1,2,12,0,2,0
314433,4282,0.0,0.0,1.0,65,50,10,6,63,0,1,1
3149,4173,0.0,3.0,1.0,7,5,3,2,6,0,1,0
315924,4265,0.0,3.0,0.0,31,15,8,3,28,0,1,2
315973,4536,0.0,2.0,0.0,38,12,2,1,34,0,4,0
316725,296,0.0,5.0,1.0,2,2,1,1,0,0,2,0
317086,996,0.0,3.0,0.0,12,4,1,3,10,0,1,1
31779,3828,0.0,6.0,0.0,48,15,7,3,42,0,4,2
318136,2102,0.0,5.0,1.0,2,1,1,1,1,0,1,0
318499,1760,0.0,5.0,0.0,17,9,4,3,15,0,2,0
318733,3925,0.0,4.0,0.0,8,3,1,1,7,0,1,0
319609,4121,0.0,3.0,0.0,2,1,1,1,1,0,1,0
319746,4282,0.0,6.0,1.0,12,5,4,3,11,0,1,0
320203,4234,0.0,5.0,0.0,3,1,1,1,2,0,1,0
320207,898,1.0,4.0,0.0,2,1,1,1,1,0,1,0
320449,2138,0.0,5.0,0.0,2,1,1,1,1,0,1,0
320708,4368,0.0,0.0,0.0,1,1,1,1,0,0,1,0
321098,2537,0.0,5.0,1.0,4,1,1,1,3,0,1,0
321332,423,0.0,3.0,0.0,3,1,1,1,2,0,1,0
321514,2849,0.0,3.0,0.0,14,12,8,1,13,0,1,0
321563,1487,0.0,0.0,null,15,6,1,1,14,0,1,0
321646,1111,0.0,3.0,0.0,6,3,1,4,4,0,1,1
32168,2981,0.0,6.0,0.0,5,2,2,1,4,0,1,0
321713,4044,0.0,0.0,0.0,22,11,3,1,21,0,1,0
321878,4225,0.0,5.0,0.0,3,2,1,1,2,0,1,0
322018,4480,0.0,5.0,0.0,7,3,2,3,6,0,1,0
322073,2126,0.0,5.0,0.0,3,1,1,2,2,0,1,0
32213,2832,0.0,4.0,0.0,7,3,1,2,5,0,1,1
322816,4358,0.0,3.0,1.0,6,1,1,1,5,0,1,0
323084,141,0.0,3.0,0.0,57,5,2,9,53,0,1,3
323242,1923,0.0,5.0,1.0,3,2,1,2,2,0,1,0
323347,1472,0.0,0.0,0.0,11,2,1,1,10,0,1,0
323654,4871,0.0,6.0,0.0,3,1,1,3,1,0,1,1
323999,1254,0.0,0.0,0.0,1,1,1,1,0,0,1,0
324837,4048,0.0,3.0,0.0,1,1,1,1,0,0,1,0
32501,3828,0.0,4.0,0.0,8,4,2,2,7,0,1,0
325034,2217,0.0,3.0,1.0,1,1,1,1,0,0,1,0
325116,4112,1.0,0.0,0.0,9,2,1,1,8,0,1,0
325301,682,0.0,2.0,0.0,4,1,1,1,3,0,1,0
325675,361,0.0,3.0,0.0,13,2,1,5,9,0,1,3
325729,3484,0.0,3.0,0.0,24,6,2,2,23,0,1,0
325990,3629,0.0,2.0,0.0,8,1,1,3,6,0,1,1
32630,4170,0.0,4.0,0.0,37,13,3,2,28,0,9,0
326669,3271,0.0,5.0,1.0,2,1,1,1,1,0,1,0
327564,4083,0.0,0.0,0.0,2,1,1,1,1,0,1,0
327773,354,0.0,0.0,0.0,2,1,1,1,1,0,1,0
327785,3159,0.0,3.0,1.0,6,3,1,1,4,0,2,0
327850,1520,0.0,6.0,0.0,3,1,1,1,2,0,1,0
328088,326,0.0,4.0,0.0,1,1,1,1,0,0,1,0
328684,4614,0.0,3.0,0.0,2,1,1,1,1,0,1,0
32879,412,0.0,3.0,0.0,31,18,8,3,25,0,1,5
329218,4048,0.0,0.0,0.0,20,13,1,1,18,0,2,0
329284,4044,0.0,0.0,1.0,20,6,3,2,19,0,1,0
330006,2313,0.0,3.0,0.0,2,1,1,1,1,0,1,0
33005,2928,0.0,4.0,0.0,7,2,1,1,5,0,2,0
330994,2821,0.0,5.0,0.0,4,1,1,2,3,0,1,0
331116,4760,0.0,0.0,1.0,20,5,2,3,19,0,1,0
331543,3191,0.0,0.0,0.0,4,2,1,1,3,0,1,0
331942,4352,0.0,0.0,0.0,35,4,1,2,32,1,1,1
332392,1090,0.0,3.0,0.0,19,5,1,3,18,0,1,0
33240,3734,0.0,7.0,0.0,8,5,3,1,7,0,1,0
333199,2482,0.0,2.0,0.0,7,2,1,5,6,0,1,0
333298,1502,0.0,3.0,0.0,3,1,1,1,2,0,1,0
333417,2099,0.0,5.0,0.0,6,1,1,1,5,0,1,0
333440,4431,0.0,6.0,0.0,10,1,1,3,9,0,1,0
333519,3602,0.0,3.0,0.0,2,1,1,1,1,0,1,0
333595,3828,1.0,3.0,0.0,45,17,7,10,44,0,1,0
334013,3205,0.0,5.0,0.0,9,1,1,1,8,0,1,0
334489,1481,0.0,4.0,0.0,26,8,4,5,24,0,1,1
334881,4173,0.0,4.0,1.0,7,1,1,1,6,0,1,0
334911,632,0.0,6.0,0.0,2,1,1,1,1,0,1,0
335013,2217,1.0,4.0,0.0,13,1,1,1,12,0,1,0
335104,2279,0.0,0.0,0.0,9,3,2,3,8,0,1,0
336751,4015,0.0,4.0,1.0,2,1,1,1,1,0,1,0
336905,3159,0.0,0.0,0.0,21,9,4,1,17,0,4,0
337361,4171,0.0,5.0,0.0,16,4,3,1,9,0,7,0
338365,2683,0.0,3.0,1.0,30,3,1,5,27,1,1,1
338447,152,0.0,3.0,0.0,4,1,1,2,3,0,1,0
338448,2318,0.0,6.0,0.0,2,1,1,1,1,0,1,0
338874,2149,0.0,3.0,0.0,3,1,1,3,1,0,1,1
339099,3042,0.0,5.0,0.0,21,12,7,2,18,0,3,0
339418,1491,0.0,4.0,0.0,3,1,1,1,2,0,1,0
339543,4976,0.0,3.0,0.0,17,2,2,3,15,0,1,1
33955,547,0.0,0.0,1.0,10,8,3,1,9,0,1,0
339817,2721,0.0,6.0,0.0,3,1,1,2,0,2,1,0
340011,4894,0.0,4.0,1.0,5,2,2,1,4,0,1,0
340808,2078,0.0,4.0,0.0,3,1,1,1,1,0,1,1
341447,4234,0.0,5.0,0.0,21,10,4,2,20,0,1,0
3415,310,0.0,4.0,0.0,5,2,2,1,4,0,1,0
34154,3585,0.0,6.0,0.0,6,2,1,1,5,0,1,0
341685,1916,0.0,3.0,0.0,3,1,1,1,1,0,2,0
341766,212,0.0,4.0,0.0,4,3,3,1,3,0,1,0
342023,1131,0.0,3.0,0.0,64,18,9,3,59,0,2,3
342292,2273,0.0,3.0,1.0,9,2,1,2,7,0,1,1
342598,4043,1.0,4.0,0.0,20,14,5,3,18,0,2,0
342794,1719,0.0,2.0,0.0,4,1,1,1,3,0,1,0
342968,4170,0.0,4.0,0.0,10,4,1,1,8,0,2,0
343793,1308,0.0,4.0,1.0,2,1,1,1,1,0,1,0
344255,4240,0.0,3.0,0.0,1,1,1,1,0,0,1,0
344970,2047,0.0,2.0,0.0,19,9,3,2,17,0,1,1
345162,4705,0.0,0.0,0.0,3,2,1,1,2,0,1,0
346305,1049,0.0,3.0,1.0,4,1,1,1,3,0,1,0
346443,4929,0.0,3.0,0.0,10,2,1,3,9,0,1,0
34675,1134,0.0,3.0,0.0,1,1,1,1,0,0,1,0
347081,4950,0.0,5.0,0.0,11,1,1,3,10,0,1,0
347306,1963,0.0,0.0,1.0,36,14,2,5,35,0,1,0
347342,110,0.0,3.0,0.0,5,1,1,1,4,0,1,0
347365,4708,1.0,4.0,1.0,4,4,2,2,0,0,1,3
347917,1472,0.0,3.0,0.0,5,1,1,2,3,0,2,0
347979,4394,1.0,0.0,0.0,3,1,1,1,1,0,2,0
348158,1116,0.0,7.0,0.0,9,3,1,3,8,0,1,0
3487,1150,0.0,6.0,1.0,4,2,1,1,3,0,1,0
348759,4173,0.0,0.0,0.0,17,7,5,6,16,0,1,0
348871,4818,0.0,4.0,0.0,4,3,3,1,3,0,1,0
35009,2360,0.0,4.0,0.0,4,1,1,1,3,0,1,0
350217,278,0.0,4.0,1.0,3,1,1,2,1,0,2,0
350453,2646,1.0,2.0,0.0,4,1,1,1,1,0,3,0
351110,1203,0.0,3.0,0.0,18,7,5,3,17,0,1,0
35231,4789,0.0,3.0,0.0,13,4,1,4,11,0,1,1
35261,3936,0.0,3.0,0.0,10,3,1,2,9,0,1,0
353373,4647,0.0,3.0,0.0,5,3,1,1,4,0,1,0
353818,132,0.0,3.0,1.0,23,8,1,1,21,0,1,1
353879,3041,0.0,6.0,0.0,41,11,1,2,39,0,2,0
354121,2093,0.0,3.0,1.0,2,1,1,1,0,0,2,0
354570,2140,0.0,3.0,0.0,11,4,1,2,10,0,1,0
355236,1966,0.0,2.0,0.0,4,1,1,1,3,0,1,0
355984,508,0.0,3.0,0.0,8,1,1,2,6,0,2,0
356779,2070,0.0,4.0,0.0,5,1,1,1,4,0,1,0
356798,1359,0.0,3.0,0.0,3,1,1,1,2,0,1,0
356898,1708,0.0,0.0,0.0,7,5,1,2,6,0,1,0
356968,3623,0.0,6.0,0.0,5,1,1,3,3,0,2,0
357181,3323,0.0,0.0,1.0,1,1,1,1,0,0,1,0
357341,4044,0.0,3.0,0.0,1,1,1,1,0,0,1,0
357630,1708,0.0,3.0,0.0,4,1,1,2,3,0,1,0
357726,141,1.0,4.0,0.0,34,18,6,3,27,0,4,3
357764,1963,0.0,3.0,1.0,28,2,2,2,26,0,2,0
358055,3865,0.0,3.0,1.0,38,10,7,4,35,0,2,1
358975,1427,0.0,2.0,0.0,14,6,4,2,11,2,1,0
358986,2537,0.0,5.0,0.0,5,3,2,5,0,0,1,4
359246,4618,0.0,3.0,0.0,4,1,1,1,3,0,1,0
359574,4234,0.0,5.0,0.0,2,1,1,1,1,0,1,0
359606,4049,0.0,5.0,0.0,2,1,1,2,1,0,1,0
359660,4050,0.0,0.0,1.0,2,1,1,1,1,0,1,0
359682,2459,0.0,3.0,1.0,6,3,2,1,3,0,3,0
360431,3826,0.0,6.0,1.0,6,1,1,2,4,1,1,0
361426,1166,0.0,3.0,1.0,7,1,1,2,6,0,1,0
361582,4346,0.0,4.0,1.0,3,1,1,1,2,0,1,0
361799,3984,0.0,0.0,0.0,13,1,1,3,12,0,1,0
36183,63,0.0,6.0,0.0,9,2,2,3,7,0,1,1
361881,4220,0.0,4.0,1.0,3,1,1,1,2,0,1,0
362022,2328,0.0,6.0,0.0,3,1,1,1,2,0,1,0
362283,3941,0.0,3.0,1.0,12,2,1,2,10,0,1,1
362410,3941,0.0,0.0,0.0,8,3,2,2,7,0,1,0
362662,2459,0.0,3.0,0.0,5,4,3,2,4,0,1,0
363018,121,0.0,6.0,0.0,6,2,2,1,5,0,1,0
363197,1235,0.0,0.0,1.0,2,1,1,1,1,0,1,0
363220,315,0.0,3.0,1.0,7,2,1,1,5,0,1,1
363232,3734,0.0,0.0,1.0,4,1,1,2,3,0,1,0
363695,4534,1.0,4.0,0.0,4,2,1,1,3,0,1,0
363941,3609,0.0,6.0,0.0,32,9,1,7,30,0,1,1
364999,398,0.0,3.0,1.0,3,1,1,1,2,0,1,0
365281,2026,0.0,0.0,1.0,1,1,1,1,0,0,1,0
365625,4536,0.0,3.0,0.0,2,1,1,1,1,0,1,0
365808,590,0.0,3.0,1.0,46,16,3,2,45,0,1,0
366576,2721,0.0,4.0,0.0,3,1,1,1,2,0,1,0
366788,586,0.0,4.0,1.0,28,12,2,2,24,0,4,0
36698,1415,0.0,3.0,0.0,12,4,3,5,11,0,1,0
367588,104,0.0,3.0,0.0,4,1,1,1,2,0,1,1
367833,416,0.0,3.0,0.0,4,2,2,1,3,0,1,0
367957,4607,0.0,0.0,0.0,6,2,1,3,5,0,1,0
367994,669,0.0,5.0,1.0,51,21,1,3,44,0,1,6
368137,4713,0.0,2.0,1.0,1,1,1,1,0,0,1,0
368838,2537,0.0,3.0,0.0,14,4,3,3,12,0,1,1
369210,2450,0.0,4.0,1.0,4,2,1,1,3,0,1,0
369784,3022,0.0,3.0,1.0,2,1,1,1,1,0,1,0
369912,2945,0.0,0.0,0.0,3,1,1,1,2,0,1,0
371720,2776,0.0,0.0,0.0,2,1,1,1,1,0,1,0
371854,1203,0.0,0.0,1.0,4,2,2,1,2,0,2,0
372011,4879,0.0,2.0,0.0,6,2,1,1,4,0,1,1
37207,3645,0.0,3.0,1.0,4,1,1,1,3,0,1,0
372229,3152,0.0,3.0,1.0,1,1,1,1,0,0,1,0
37236,500,0.0,3.0,1.0,1,1,1,1,0,0,1,0
37281,2128,0.0,4.0,0.0,2,1,1,1,1,0,1,0
37284,1890,0.0,3.0,0.0,10,2,1,2,7,0,1,2
373130,2450,0.0,3.0,0.0,3,2,1,1,2,0,1,0
373621,4585,0.0,4.0,1.0,1,1,1,1,0,0,1,0
374102,1073,0.0,0.0,0.0,1,1,1,1,0,0,1,0
376372,2915,0.0,0.0,0.0,37,14,3,1,32,0,5,0
377220,3102,0.0,5.0,0.0,20,12,7,4,19,0,1,0
377254,3806,0.0,0.0,0.0,6,1,1,2,4,0,2,0
37774,4976,0.0,2.0,0.0,16,10,3,3,15,0,1,0
378575,3545,0.0,4.0,0.0,4,4,1,1,3,0,1,0
378617,2664,0.0,4.0,0.0,29,13,3,5,23,0,2,4
378885,326,0.0,0.0,null,7,1,1,1,6,0,1,0
379076,4793,0.0,2.0,0.0,3,1,1,2,2,0,1,0
379289,2397,0.0,3.0,0.0,7,4,3,1,5,0,2,0
379314,4850,0.0,0.0,0.0,6,2,2,3,3,0,1,2
379489,4577,0.0,3.0,0.0,2,1,1,1,1,0,1,0
3796,1833,0.0,5.0,0.0,6,3,1,2,5,0,1,0
37972,3609,0.0,0.0,0.0,12,5,1,1,11,0,1,0
380744,1594,0.0,3.0,0.0,10,2,2,1,8,0,1,1
380814,1661,0.0,3.0,0.0,1,1,1,1,0,0,1,0
381263,4173,0.0,0.0,1.0,15,12,6,1,13,0,2,0
38238,3274,0.0,3.0,0.0,6,3,2,1,5,0,1,0
383012,2721,0.0,3.0,1.0,24,16,1,5,23,0,1,0
383033,1102,0.0,5.0,0.0,31,10,5,3,28,0,3,0
38314,1102,0.0,4.0,0.0,11,5,3,3,10,0,1,0
383483,4240,0.0,4.0,0.0,6,2,1,2,5,0,1,0
383537,1016,0.0,0.0,0.0,10,1,1,4,9,0,1,0
383899,598,0.0,3.0,1.0,40,18,3,1,39,0,1,0
383909,3689,0.0,3.0,1.0,12,4,3,3,9,0,2,1
384274,3925,0.0,0.0,0.0,25,16,8,4,23,1,1,0
384470,2954,0.0,4.0,0.0,2,1,1,1,1,0,1,0
384706,3728,0.0,2.0,1.0,4,1,1,1,3,0,1,0
384770,2006,0.0,2.0,1.0,1,1,1,1,0,0,1,0
38491,2482,1.0,2.0,0.0,4,2,2,2,2,0,1,1
385054,3472,0.0,0.0,0.0,4,2,1,1,3,0,1,0
385182,4043,0.0,3.0,1.0,10,5,2,1,8,0,2,0
385693,798,0.0,6.0,0.0,7,3,1,2,6,0,1,0
38586,2582,0.0,3.0,1.0,22,8,3,2,20,0,2,0
385918,2786,0.0,3.0,1.0,4,2,2,1,2,0,2,0
386070,4829,0.0,0.0,1.0,1,1,1,1,0,0,1,0
386096,2664,0.0,4.0,0.0,5,3,1,1,4,0,1,0
386215,590,0.0,0.0,1.0,6,5,1,1,5,0,1,0
386457,3623,0.0,2.0,0.0,6,3,1,2,5,0,1,0
386721,1342,0.0,3.0,0.0,2,1,1,2,0,0,1,1
387193,4468,0.0,2.0,1.0,4,1,1,1,3,0,1,0
387279,3958,0.0,6.0,0.0,3,1,1,1,2,0,1,0
387372,3538,0.0,3.0,0.0,8,1,1,1,0,0,8,0
388087,2582,0.0,3.0,0.0,14,8,2,1,13,0,1,0
388459,1182,0.0,4.0,0.0,9,1,1,1,8,0,1,0
388766,4829,0.0,3.0,0.0,9,2,1,2,6,0,1,2
389062,4405,0.0,0.0,1.0,22,7,2,3,17,0,1,4
389372,2952,0.0,2.0,0.0,2,1,1,1,1,0,1,0
390296,467,0.0,3.0,2.0,5,2,1,1,3,0,2,0
390850,3484,0.0,3.0,0.0,5,1,1,2,4,0,1,0
391438,1840,0.0,5.0,0.0,3,1,1,1,2,0,1,0
391775,1353,0.0,0.0,1.0,2,1,1,1,1,0,1,0
39182,1346,0.0,3.0,1.0,1,1,1,1,0,0,1,0
392221,1340,0.0,4.0,0.0,17,6,5,3,13,0,4,0
392313,1500,0.0,4.0,0.0,5,1,1,1,4,0,1,0
392465,2278,0.0,3.0,0.0,8,3,1,2,7,0,1,0
392593,1752,0.0,3.0,0.0,4,1,1,1,2,0,2,0
392796,1679,0.0,4.0,1.0,26,15,3,1,25,0,1,0
392926,98,0.0,5.0,0.0,6,1,1,1,5,0,1,0
393118,3444,0.0,2.0,1.0,12,5,3,3,9,0,1,2
39330,3092,0.0,2.0,0.0,27,15,3,3,14,0,4,9
39350,4659,0.0,4.0,0.0,10,6,4,1,8,0,2,0
394287,3278,0.0,0.0,1.0,7,2,2,1,6,0,1,0
394791,4392,0.0,3.0,1.0,3,1,1,1,2,0,1,0
394932,1487,0.0,5.0,2.0,79,45,1,4,78,0,1,0
395032,4368,0.0,3.0,0.0,1,1,1,1,0,0,1,0
39508,4270,0.0,0.0,0.0,7,6,3,1,0,0,1,6
395481,3898,0.0,0.0,0.0,1,1,1,1,0,0,1,0
3956,4594,0.0,3.0,1.0,2,1,1,1,0,0,1,1
395683,804,0.0,4.0,0.0,2,1,1,1,1,0,1,0
395870,1067,0.0,3.0,0.0,19,1,1,2,15,0,3,1
396365,1502,1.0,4.0,1.0,5,1,1,1,4,0,1,0
396777,608,0.0,3.0,0.0,2,1,1,1,1,0,1,0
397014,3230,0.0,2.0,0.0,1,1,1,1,0,0,1,0
397509,1346,0.0,0.0,0.0,19,10,1,3,17,0,1,1
398216,742,0.0,4.0,0.0,3,1,1,1,2,0,1,0
398225,293,0.0,null,null,16,1,1,1,15,0,1,0
398785,1659,0.0,4.0,2.0,3,2,1,1,2,0,1,0
398862,3635,0.0,3.0,0.0,3,2,1,2,1,0,2,0
399341,3912,0.0,6.0,1.0,3,1,1,1,1,0,2,0
399880,2051,0.0,3.0,1.0,6,1,1,1,4,0,2,0
400027,2821,0.0,6.0,0.0,3,1,1,2,2,0,1,0
401065,685,0.0,5.0,0.0,8,1,1,2,6,0,2,0
401209,4183,0.0,5.0,1.0,2,1,1,1,1,0,1,0
402030,4861,0.0,2.0,1.0,5,1,1,2,4,0,1,0
402172,2217,1.0,0.0,0.0,5,1,1,1,4,0,1,0
402634,901,0.0,3.0,0.0,3,1,1,3,2,0,1,0
402814,3396,0.0,4.0,1.0,25,9,2,7,23,0,1,1
402993,168,0.0,4.0,1.0,14,8,2,1,13,0,1,0
40300,2879,0.0,6.0,0.0,7,1,1,2,5,0,2,0
403720,946,0.0,0.0,0.0,2,1,1,1,1,0,1,0
404133,1557,0.0,0.0,0.0,8,4,3,1,6,0,2,0
404730,2138,0.0,3.0,0.0,9,6,4,1,7,0,2,0
405318,4044,0.0,2.0,0.0,2,2,2,1,0,0,1,1
405412,3016,0.0,2.0,0.0,19,15,7,5,18,0,1,0
405836,729,0.0,7.0,1.0,5,3,2,2,2,0,2,1
406077,4847,0.0,0.0,null,5,1,1,1,4,0,1,0
406197,4079,0.0,5.0,0.0,2,1,1,1,1,0,1,0
406325,1122,0.0,4.0,0.0,3,1,1,1,2,0,1,0
406354,2730,0.0,4.0,1.0,7,4,2,1,6,0,1,0
406671,2995,0.0,4.0,1.0,1,1,1,1,0,0,1,0
406762,2459,0.0,3.0,0.0,7,1,1,2,6,0,1,0
406928,3410,0.0,3.0,0.0,3,1,1,1,2,0,1,0
407630,804,0.0,7.0,0.0,7,4,4,1,4,0,3,0
407672,993,0.0,0.0,0.0,3,1,1,2,1,0,1,1
407857,2273,0.0,4.0,0.0,1,1,1,1,0,0,1,0
408042,742,0.0,4.0,0.0,3,3,3,2,2,0,1,0
408132,2709,0.0,0.0,0.0,5,1,1,2,4,0,1,0
408190,3958,0.0,3.0,1.0,40,10,7,3,37,0,3,0
408664,3881,0.0,0.0,0.0,11,6,1,1,8,0,3,0
408752,4044,0.0,0.0,1.0,69,28,7,2,66,0,2,1
408974,1102,0.0,0.0,0.0,4,1,1,1,3,0,1,0
409023,4048,0.0,0.0,0.0,4,1,1,3,3,0,1,0
40929,1678,0.0,0.0,0.0,12,3,1,1,10,0,1,1
409595,189,0.0,3.0,0.0,2,1,1,1,1,0,1,0
409735,4143,0.0,6.0,0.0,13,10,4,4,12,0,1,0
409785,2913,0.0,0.0,0.0,3,1,1,1,2,0,1,0
409950,3682,0.0,4.0,0.0,1,1,1,1,0,0,1,0
410115,2318,0.0,3.0,1.0,6,1,1,2,5,0,1,0
410283,742,0.0,3.0,0.0,1,1,1,1,0,0,1,0
41043,1963,0.0,3.0,1.0,23,5,1,2,20,0,2,1
410910,2014,0.0,4.0,0.0,3,1,1,2,1,1,1,0
411745,2128,0.0,0.0,0.0,2,1,1,1,1,0,1,0
412354,4783,0.0,0.0,0.0,2,1,1,1,1,0,1,0
412484,1412,0.0,0.0,0.0,5,1,1,1,4,0,1,0
412657,4718,1.0,4.0,0.0,27,12,6,1,23,0,4,0
413289,3971,0.0,2.0,0.0,5,1,1,3,3,0,1,1
413943,4650,0.0,0.0,0.0,2,1,1,1,1,0,1,0
413947,320,0.0,3.0,0.0,4,1,1,1,3,0,1,0
413995,361,0.0,0.0,1.0,31,16,6,5,24,0,1,6
414458,3163,1.0,2.0,1.0,1,1,1,1,0,0,1,0
414553,3958,0.0,0.0,0.0,72,27,8,4,63,0,1,8
415098,1076,0.0,4.0,0.0,8,2,2,2,6,0,1,1
415912,547,0.0,4.0,1.0,11,8,2,2,7,0,3,1
416263,3828,1.0,4.0,0.0,20,13,6,5,19,0,1,0
416678,1487,0.0,5.0,0.0,5,1,1,2,4,0,1,0
417052,4079,0.0,4.0,1.0,5,3,1,2,0,0,3,2
417282,2669,0.0,3.0,0.0,5,3,2,2,4,0,1,0
417578,1891,0.0,4.0,2.0,2,1,1,1,1,0,1,0
417823,2273,0.0,5.0,0.0,5,1,1,2,3,0,1,1
418144,278,0.0,0.0,0.0,16,2,1,2,15,0,1,0
418499,361,0.0,0.0,0.0,20,8,3,1,18,0,2,0
418678,1618,0.0,4.0,0.0,2,1,1,1,1,0,1,0
418907,3580,0.0,4.0,1.0,10,7,3,1,9,0,1,0
41924,4361,0.0,6.0,0.0,19,2,1,2,17,0,1,1
419460,1067,0.0,0.0,1.0,3,1,1,2,2,0,1,0
419513,1509,0.0,2.0,1.0,2,1,1,1,1,0,1,0
419888,2821,0.0,3.0,1.0,6,2,1,2,4,0,1,1
419955,2537,1.0,4.0,1.0,2,1,1,1,1,0,1,0
420513,2569,1.0,3.0,0.0,3,1,1,1,1,0,2,0
420741,3893,0.0,4.0,0.0,10,4,1,4,9,0,1,0
421551,1719,0.0,0.0,1.0,6,3,2,3,5,0,1,0
422759,4536,0.0,2.0,0.0,6,3,1,2,5,0,1,0
423312,2709,0.0,3.0,0.0,4,1,1,1,2,0,1,1
423387,2772,0.0,3.0,0.0,15,4,3,3,13,0,2,0
423445,3828,0.0,5.0,0.0,3,2,2,1,1,0,2,0
423495,1512,0.0,6.0,1.0,25,14,3,3,23,0,2,0
4236,2273,0.0,3.0,1.0,11,1,1,2,8,1,1,1
423623,804,0.0,4.0,1.0,4,1,1,2,2,0,1,1
42383,963,0.0,2.0,1.0,27,7,1,3,26,0,1,0
424010,361,0.0,0.0,0.0,12,7,4,1,11,0,1,0
42408,2447,0.0,4.0,0.0,2,1,1,1,1,0,1,0
42432,547,0.0,6.0,1.0,2,1,1,1,1,0,1,0
42871,905,0.0,4.0,0.0,27,3,1,1,26,0,1,0
43139,2051,0.0,0.0,0.0,3,1,1,1,1,0,2,0
43248,133,0.0,4.0,0.0,10,3,1,2,9,0,1,0
43412,1546,0.0,4.0,0.0,4,1,1,2,3,0,1,0
43708,1487,0.0,6.0,0.0,8,1,1,3,7,0,1,0
45015,1514,0.0,7.0,0.0,7,1,1,4,6,0,1,0
45049,3205,0.0,3.0,0.0,3,1,1,2,0,0,1,2
45375,2981,0.0,2.0,0.0,7,3,3,2,6,0,1,0
4576,4992,0.0,2.0,0.0,5,2,1,1,4,0,1,0
46170,3323,1.0,4.0,0.0,6,3,1,1,5,0,1,0
46175,4170,0.0,5.0,0.0,9,2,1,2,6,0,2,1
46412,1816,0.0,2.0,1.0,14,8,5,2,13,0,1,0
46511,3941,0.0,4.0,1.0,3,1,1,1,2,0,1,0
4655,1022,1.0,2.0,0.0,1,1,1,1,0,0,1,0
46695,4585,0.0,4.0,0.0,2,1,1,1,1,0,1,0
46828,4336,0.0,4.0,1.0,6,3,1,1,5,0,1,0
47118,1494,0.0,3.0,1.0,5,3,1,1,4,0,1,0
4726,3347,1.0,4.0,0.0,6,1,1,2,5,0,1,0
47654,1487,0.0,7.0,0.0,38,5,1,4,36,0,1,1
47803,3225,0.0,2.0,0.0,4,3,2,2,3,0,1,0
48258,121,0.0,4.0,0.0,20,11,4,2,15,0,2,3
48284,361,0.0,4.0,0.0,7,3,1,1,5,0,1,1
48361,4873,0.0,3.0,1.0,7,2,1,1,5,0,1,1
48607,1340,0.0,3.0,0.0,21,12,4,2,20,0,1,0
48780,4282,0.0,4.0,1.0,6,2,2,2,5,0,1,0
49508,2649,0.0,3.0,0.0,5,3,2,4,4,0,1,0
49762,1370,0.0,4.0,1.0,5,3,2,1,3,0,2,0
49862,1090,0.0,2.0,0.0,5,1,1,2,3,0,1,1
50413,1346,1.0,3.0,0.0,1,1,1,1,0,0,1,0
50503,297,0.0,3.0,1.0,20,3,2,4,18,0,2,0
50656,1393,0.0,5.0,1.0,2,1,1,1,1,0,1,0
5148,4049,0.0,0.0,0.0,2,1,1,2,1,0,1,0
52133,4793,0.0,5.0,1.0,3,1,1,1,2,0,1,0
52684,3004,0.0,5.0,0.0,145,76,9,7,134,0,5,6
52737,310,0.0,4.0,0.0,4,1,1,1,2,0,1,1
52782,1742,0.0,6.0,0.0,29,21,1,2,26,0,2,1
52897,2326,0.0,2.0,1.0,2,1,1,1,1,0,1,0
52940,4118,0.0,3.0,0.0,5,3,1,1,4,0,1,0
53349,4727,0.0,2.0,0.0,4,1,1,1,2,0,2,0
53531,3323,0.0,0.0,1.0,8,4,1,2,6,0,2,0
53795,1077,0.0,4.0,0.0,4,1,1,1,3,0,1,0
54235,3484,0.0,6.0,0.0,23,7,4,5,21,0,1,1
54393,786,0.0,3.0,1.0,15,7,2,4,13,0,2,0
54917,120,0.0,2.0,1.0,1,1,1,1,0,0,1,0
55764,1512,0.0,4.0,0.0,16,11,2,1,14,0,2,0
55774,946,0.0,6.0,1.0,2,2,2,1,0,0,2,0
56253,437,0.0,0.0,0.0,24,5,2,5,20,0,1,3
56446,2138,0.0,2.0,1.0,5,2,2,1,3,0,2,0
56613,2545,0.0,3.0,1.0,15,3,3,3,14,0,1,0
56841,2559,0.0,3.0,0.0,1,1,1,1,0,0,1,0
57549,2511,0.0,2.0,0.0,9,3,1,3,8,0,1,0
57705,1000,0.0,4.0,1.0,1,1,1,1,0,0,1,0
5789,1639,0.0,0.0,2.0,8,3,2,1,4,0,4,0
58088,3828,0.0,3.0,0.0,14,2,2,3,13,0,1,0
5887,941,0.0,0.0,0.0,2,1,1,1,1,0,1,0
59307,926,0.0,4.0,1.0,6,2,2,1,4,0,2,0
59566,3965,0.0,3.0,0.0,3,1,1,1,2,0,1,0
59632,4794,0.0,2.0,1.0,7,2,1,2,5,0,2,0
60248,1212,0.0,4.0,1.0,10,3,1,2,7,0,1,2
60422,803,0.0,4.0,0.0,22,16,7,2,21,0,1,0
60817,4474,0.0,3.0,0.0,4,1,1,1,3,0,1,0
61238,1212,0.0,5.0,0.0,4,3,1,1,3,0,1,0
61270,598,0.0,3.0,1.0,6,2,1,2,5,0,1,0
6132,1472,0.0,3.0,0.0,4,1,1,2,3,0,1,0
61363,3665,0.0,0.0,1.0,6,3,1,1,5,0,1,0
61472,1272,1.0,0.0,0.0,19,5,1,1,18,0,1,0
61514,429,0.0,5.0,2.0,17,4,1,2,16,0,1,0
61550,1581,1.0,2.0,0.0,3,3,1,1,0,0,3,0
62116,4950,0.0,3.0,2.0,9,4,3,1,8,0,1,0
63234,1538,0.0,0.0,1.0,4,1,1,1,2,0,2,0
63679,2738,0.0,0.0,0.0,4,1,1,1,3,0,1,0
63784,4871,0.0,2.0,0.0,3,1,1,1,1,0,1,1
64112,4043,0.0,2.0,0.0,3,1,1,2,2,0,1,0
64252,4662,0.0,4.0,1.0,5,1,1,1,3,0,2,0
64779,4042,0.0,0.0,0.0,3,1,1,1,1,0,1,1
65372,4787,0.0,3.0,0.0,6,2,2,2,4,0,1,1
65601,2224,0.0,6.0,1.0,14,1,1,4,12,0,1,1
6561,1884,0.0,5.0,1.0,2,1,1,1,1,0,1,0
66137,885,0.0,0.0,1.0,2,1,1,1,1,0,1,0
66271,3448,0.0,0.0,0.0,39,17,1,2,38,0,1,0
66553,2935,0.0,5.0,0.0,1,1,1,1,0,0,1,0
67033,2429,0.0,0.0,0.0,10,2,2,2,9,0,1,0
67763,4090,0.0,6.0,0.0,2,1,1,1,1,0,1,0
67804,3734,0.0,3.0,0.0,4,1,1,1,3,0,1,0
68277,4762,0.0,3.0,0.0,3,1,1,1,2,0,1,0
68443,2144,0.0,4.0,2.0,2,1,1,2,1,0,1,0
68458,3578,0.0,3.0,0.0,13,3,1,3,12,0,1,0
68682,241,0.0,6.0,1.0,5,1,1,1,3,0,2,0
68877,4760,0.0,5.0,0.0,4,1,1,1,3,0,1,0
6908,682,1.0,0.0,1.0,16,5,4,2,14,0,2,0
69338,3955,0.0,3.0,0.0,4,1,1,1,3,0,1,0
69490,4860,0.0,2.0,1.0,14,2,1,2,13,0,1,0
69837,4523,0.0,4.0,0.0,4,2,1,1,3,0,1,0
70416,1031,0.0,0.0,0.0,26,7,1,4,25,0,1,0
7118,4717,0.0,3.0,1.0,6,1,1,1,5,0,1,0
71210,2318,0.0,2.0,0.0,1,1,1,1,0,0,1,0
71237,361,0.0,5.0,1.0,2,1,1,2,1,0,1,0
71513,145,0.0,4.0,0.0,3,1,1,2,1,0,1,1
7238,2840,0.0,3.0,0.0,3,1,1,2,2,0,1,0
72612,1124,0.0,6.0,0.0,3,1,1,1,2,0,1,0
74109,4115,0.0,2.0,1.0,2,1,1,2,1,0,1,0
74298,962,0.0,2.0,1.0,3,2,2,1,2,0,1,0
74530,4101,0.0,4.0,0.0,13,3,3,1,9,0,4,0
75013,3753,0.0,4.0,0.0,1,1,1,1,0,0,1,0
75131,2313,0.0,4.0,1.0,7,1,1,2,6,0,1,0
75143,4049,0.0,3.0,0.0,7,5,3,1,6,0,1,0
76321,4173,0.0,3.0,1.0,9,4,2,2,8,0,1,0
76482,3986,0.0,3.0,0.0,4,1,1,1,3,0,1,0
7661,4492,0.0,0.0,null,18,4,2,1,17,0,1,0
77444,1885,0.0,3.0,0.0,2,1,1,1,1,0,1,0
77490,3990,0.0,6.0,0.0,9,4,3,2,7,0,1,1
78391,1816,0.0,7.0,1.0,6,1,1,1,4,0,1,1
78406,2511,0.0,4.0,0.0,33,9,3,2,30,0,1,2
78469,729,0.0,2.0,1.0,1,1,1,1,0,0,1,0
7945,4662,0.0,2.0,0.0,5,1,1,1,4,0,1,0
79468,2977,1.0,0.0,0.0,2,1,1,2,1,0,1,0
79627,1116,0.0,3.0,0.0,17,13,4,1,16,0,1,0
80128,1145,0.0,4.0,2.0,13,6,1,2,9,0,3,1
80256,2521,0.0,2.0,0.0,2,1,1,1,1,0,1,0
80547,2928,0.0,0.0,0.0,11,1,1,1,10,0,1,0
81551,4394,0.0,3.0,0.0,11,8,2,1,10,0,1,0
81703,2002,0.0,4.0,0.0,1,1,1,1,0,0,1,0
81900,4848,0.0,5.0,0.0,2,1,1,1,0,0,1,1
81902,4738,0.0,6.0,1.0,1,1,1,1,0,0,1,0
82019,742,0.0,4.0,1.0,3,1,1,1,2,0,1,0
82286,2403,0.0,0.0,0.0,13,9,1,1,11,0,2,0
83048,1557,0.0,4.0,1.0,27,14,5,1,21,0,1,5
83987,3351,0.0,4.0,0.0,3,1,1,1,2,0,1,0
8401,3205,0.0,5.0,0.0,9,3,1,2,8,0,1,0
84388,1916,0.0,0.0,0.0,5,2,1,1,4,0,1,0
84443,1890,0.0,6.0,0.0,12,5,3,2,9,1,1,1
84474,4848,0.0,0.0,0.0,9,3,1,1,6,0,2,1
8462,2173,0.0,4.0,0.0,1,1,1,1,0,0,1,0
85011,742,0.0,5.0,0.0,5,2,2,2,3,0,2,0
8508,2453,0.0,0.0,1.0,3,1,1,1,2,0,1,0
85476,1487,0.0,6.0,1.0,4,2,1,2,3,0,1,0
85645,2193,0.0,2.0,0.0,2,1,1,1,1,0,1,0
86268,4558,0.0,2.0,0.0,1,1,1,1,0,0,1,0
86732,2413,0.0,0.0,null,4,1,1,2,2,1,1,0
86838,2055,0.0,2.0,0.0,5,2,1,2,4,0,1,0
86870,4976,0.0,3.0,0.0,5,1,1,1,4,0,1,0
87021,3159,0.0,3.0,0.0,3,1,1,1,2,0,1,0
87077,2565,1.0,3.0,0.0,9,3,1,4,6,0,1,2
87220,3878,0.0,0.0,0.0,4,2,1,2,3,0,1,0
87259,3345,0.0,2.0,0.0,6,1,1,1,5,0,1,0
87404,120,0.0,3.0,0.0,5,1,1,2,3,0,1,1
87439,3990,0.0,5.0,0.0,8,3,2,1,7,0,1,0
87990,2170,0.0,4.0,0.0,3,1,1,2,2,0,1,0
88654,2981,0.0,5.0,0.0,12,2,2,2,11,0,1,0
887,4864,0.0,6.0,1.0,9,3,1,2,7,1,1,0
88827,1268,1.0,0.0,1.0,45,22,9,4,43,0,2,0
89447,416,0.0,0.0,0.0,2,1,1,1,1,0,1,0
895,2447,0.0,6.0,0.0,2,1,1,1,1,0,1,0
89591,3635,0.0,4.0,2.0,2,2,1,1,1,0,1,0
89766,4287,0.0,4.0,0.0,4,1,1,1,3,0,1,0
90318,3179,0.0,3.0,0.0,4,2,2,1,3,0,1,0
90344,1448,0.0,0.0,0.0,2,1,1,1,1,0,1,0
90804,2935,0.0,3.0,1.0,6,1,1,2,5,0,1,0
9092,2273,0.0,3.0,1.0,1,1,1,1,0,0,1,0
91114,3578,0.0,6.0,1.0,3,1,1,1,2,0,1,0
91134,1122,0.0,0.0,0.0,2,1,1,1,1,0,1,0
91213,3607,0.0,4.0,2.0,3,1,1,1,2,0,1,0
92112,4585,0.0,2.0,0.0,2,1,1,1,1,0,1,0
92454,2140,0.0,0.0,1.0,16,7,1,1,14,0,1,1
92965,4044,0.0,3.0,0.0,33,18,5,2,32,0,1,0
93023,503,0.0,5.0,1.0,4,1,1,1,3,0,1,0
94004,1957,0.0,4.0,0.0,6,2,1,1,5,0,1,0
94090,4322,0.0,6.0,1.0,11,2,1,3,10,0,1,0
94669,2767,0.0,2.0,0.0,2,2,2,1,0,0,2,0
95349,4760,0.0,4.0,0.0,2,1,1,1,1,0,1,0
95522,257,0.0,0.0,0.0,3,1,1,1,2,0,1,0
95582,4270,0.0,0.0,0.0,7,3,2,2,5,0,1,1
95698,2537,1.0,0.0,0.0,7,5,1,1,6,0,1,0
95842,4044,0.0,4.0,0.0,4,1,1,3,1,0,1,2
95872,4282,0.0,3.0,1.0,6,2,1,1,5,0,1,0
9611,4173,0.0,4.0,0.0,7,3,2,1,6,0,1,0
96182,4499,0.0,0.0,0.0,3,1,1,1,2,0,1,0
96298,2928,0.0,4.0,1.0,7,6,3,2,6,0,1,0
96493,1487,0.0,3.0,0.0,1,1,1,1,0,0,1,0
96832,4871,0.0,6.0,1.0,26,6,3,2,23,0,2,1
97351,416,0.0,0.0,0.0,7,4,2,2,5,0,2,0
97805,1200,0.0,2.0,0.0,3,1,1,1,2,0,1,0
98165,4431,0.0,4.0,0.0,13,5,1,2,12,0,1,0
9851,3941,0.0,6.0,0.0,8,3,1,4,7,0,1,0
98638,4079,0.0,0.0,1.0,1,1,1,1,0,0,1,0
98710,4772,0.0,6.0,1.0,4,1,1,1,3,0,1,0
98891,4173,0.0,4.0,0.0,39,19,3,4,37,0,2,0
99154,2459,0.0,4.0,0.0,26,12,5,1,23,0,3,0
99508,3350,0.0,2.0,0.0,16,8,1,2,14,0,2,0
99651,1679,0.0,4.0,0.0,20,14,3,1,18,0,2,0
99906,1514,0.0,3.0,1.0,5,1,1,1,4,0,1,0
