100372,2721,0.0,3.0,0.0,21,9,1,2,20,0,1,0
100763,4671,0.0,4.0,0.0,2,1,1,1,1,0,1,0
101359,4322,0.0,3.0,0.0,11,1,1,3,9,0,1,1
101562,4760,0.0,2.0,1.0,8,3,2,1,5,0,3,0
101695,4864,1.0,4.0,0.0,1,1,1,1,0,0,1,0
101831,120,0.0,3.0,0.0,4,1,1,2,2,1,1,0
101893,2403,0.0,3.0,0.0,48,19,2,4,45,0,3,0
10193,4542,0.0,2.0,0.0,11,4,2,2,10,0,1,0
10225,3839,0.0,5.0,1.0,6,4,1,2,5,0,1,0
102371,3225,0.0,0.0,0.0,3,1,1,1,2,0,1,0
102452,1272,0.0,5.0,0.0,11,7,5,1,10,0,1,0
102531,1031,0.0,3.0,0.0,1,1,1,1,0,0,1,0
102721,2255,0.0,2.0,1.0,6,1,1,1,5,0,1,0
103226,2640,0.0,4.0,2.0,2,1,1,2,1,0,1,0
103482,4325,0.0,null,null,11,3,1,1,10,0,1,0
103561,3974,0.0,4.0,1.0,7,1,1,2,6,0,1,0
103585,141,0.0,5.0,0.0,305,37,11,4,298,0,2,5
103976,3828,0.0,0.0,0.0,16,4,3,1,14,0,2,0
10398,3152,0.0,3.0,1.0,5,3,1,2,3,0,1,1
104276,4760,0.0,3.0,1.0,2,2,1,1,0,0,2,0
104371,2652,0.0,5.0,0.0,38,13,4,1,35,0,3,0
104559,2309,0.0,2.0,1.0,7,1,1,1,6,0,1,0
105149,357,0.0,6.0,0.0,6,1,1,3,5,0,1,0
10704,1784,0.0,5.0,2.0,11,2,2,5,8,0,3,0
107055,1019,0.0,2.0,2.0,12,2,2,1,9,0,3,0
107287,2668,0.0,7.0,0.0,26,6,2,5,21,0,4,1
107375,3578,0.0,3.0,1.0,6,1,1,2,5,0,1,0
107632,474,0.0,6.0,1.0,6,2,1,1,4,0,2,0
107992,4042,0.0,3.0,1.0,15,3,1,2,13,0,1,1
108011,1892,0.0,4.0,0.0,33,19,7,3,31,0,2,0
108764,3500,0.0,0.0,0.0,4,2,2,1,3,0,1,0
109041,4332,0.0,0.0,1.0,5,2,1,1,4,0,1,0
109425,1738,0.0,0.0,0.0,27,13,5,2,26,0,1,0
109582,1884,0.0,0.0,1.0,4,1,1,2,3,0,1,0
109779,4564,0.0,3.0,1.0,1,1,1,1,0,0,1,0
110238,1378,0.0,2.0,1.0,5,1,1,1,4,0,1,0
11024,3578,0.0,4.0,1.0,4,1,1,1,2,0,1,1
111016,4280,0.0,2.0,0.0,11,5,1,1,8,0,1,2
11107,3022,0.0,3.0,1.0,35,19,5,2,34,0,1,0
111245,1816,0.0,0.0,0.0,2,1,1,1,1,0,1,0
111326,2900,0.0,3.0,1.0,1,1,1,1,0,0,1,0
111884,3990,0.0,0.0,1.0,7,2,1,2,6,0,1,0
111937,4480,0.0,0.0,0.0,8,2,1,1,7,0,1,0
112307,643,0.0,2.0,0.0,2,1,1,2,0,0,1,1
112810,366,1.0,0.0,1.0,6,2,1,1,5,0,1,0
112889,4756,0.0,3.0,0.0,129,49,7,3,122,0,7,0
112922,2791,0.0,2.0,1.0,18,6,1,2,16,1,1,0
112969,2565,0.0,3.0,0.0,5,1,1,1,4,0,1,0
113189,2031,0.0,5.0,0.0,4,2,1,1,3,0,1,0
115010,4173,0.0,5.0,0.0,33,16,4,2,32,0,1,0
115130,4847,1.0,0.0,0.0,23,16,10,3,21,0,2,0
11520,4760,0.0,5.0,0.0,3,3,3,1,0,0,3,0
115542,4793,0.0,5.0,1.0,3,2,1,1,2,0,1,0
115641,4523,0.0,4.0,0.0,4,3,1,1,3,0,1,0
115941,1820,0.0,3.0,0.0,4,1,1,1,3,0,1,0
115961,594,0.0,2.0,0.0,2,1,1,1,1,0,1,0
115963,4655,0.0,6.0,0.0,69,35,9,10,65,0,1,3
116733,2709,0.0,5.0,0.0,4,1,1,1,3,0,1,0
116901,2511,0.0,0.0,0.0,17,2,2,6,16,0,1,0
117054,4044,0.0,3.0,0.0,28,19,9,1,27,0,1,0
117209,2928,0.0,5.0,1.0,1,1,1,1,0,0,1,0
11729,742,0.0,2.0,0.0,5,3,3,1,4,0,1,0
117361,915,0.0,4.0,0.0,11,2,2,1,10,0,1,0
117399,606,0.0,0.0,0.0,54,13,1,1,53,0,1,0
117667,2943,0.0,0.0,1.0,4,3,1,1,3,0,1,0
118195,361,1.0,6.0,1.0,6,1,1,1,5,0,1,0
118358,3609,0.0,4.0,0.0,2,1,1,1,1,0,1,0
118705,1602,0.0,3.0,0.0,1,1,1,1,0,0,1,0
11908,742,0.0,3.0,1.0,9,3,2,1,8,0,1,0
119566,2138,0.0,2.0,0.0,3,2,1,1,2,0,1,0
119610,35,0.0,0.0,1.0,8,2,1,2,7,0,1,0
120294,2730,0.0,0.0,0.0,4,2,1,1,3,0,1,0
12060,1923,0.0,6.0,1.0,3,3,2,1,0,0,3,0
121082,416,0.0,0.0,2.0,34,22,7,1,28,0,5,1
121220,685,0.0,2.0,0.0,8,4,1,1,7,0,1,0
121702,3990,0.0,0.0,0.0,39,8,4,3,38,0,1,0
122034,4949,1.0,2.0,0.0,119,31,5,5,105,0,6,8
122773,2565,0.0,4.0,0.0,5,2,1,1,4,0,1,0
122788,4363,0.0,6.0,0.0,2,2,1,1,0,0,2,0
122813,23,0.0,4.0,0.0,1,1,1,1,0,0,1,0
123649,608,0.0,0.0,0.0,37,12,4,2,35,0,2,0
123700,3984,0.0,4.0,0.0,15,9,5,1,14,0,1,0
123858,1840,0.0,5.0,0.0,2,1,1,1,1,0,1,0
124971,3769,0.0,0.0,0.0,21,5,2,3,20,0,1,0
124977,4099,0.0,5.0,0.0,14,8,3,3,12,0,2,0
125144,4818,0.0,2.0,1.0,23,10,3,1,21,0,2,0
125280,4765,0.0,2.0,1.0,5,1,1,3,4,0,1,0
125377,3190,0.0,2.0,0.0,1,1,1,1,0,0,1,0
125712,4826,0.0,0.0,0.0,6,2,1,3,5,0,1,0
126378,4605,0.0,2.0,0.0,6,2,2,1,4,0,2,0
12672,3828,0.0,2.0,0.0,2,1,1,1,1,0,1,0
127192,1375,0.0,3.0,0.0,3,2,2,2,0,0,1,2
127911,1602,0.0,6.0,0.0,4,1,1,1,3,0,1,0
128024,794,0.0,4.0,0.0,4,2,2,2,2,0,2,0
128085,412,0.0,0.0,0.0,16,12,5,2,15,0,1,0
129028,4744,0.0,0.0,0.0,8,3,2,2,6,0,1,1
129196,4871,1.0,3.0,0.0,1,1,1,1,0,0,1,0
129373,1076,1.0,0.0,0.0,3,2,1,1,0,2,1,0
129529,1512,1.0,5.0,0.0,11,4,1,2,9,0,1,1
129781,2721,0.0,0.0,1.0,7,1,1,2,5,0,1,1
130039,3734,0.0,2.0,1.0,14,7,2,2,13,0,1,0
130086,1200,0.0,5.0,0.0,3,1,1,1,2,0,1,0
130293,219,0.0,0.0,0.0,19,12,1,2,14,0,1,4
130420,3536,0.0,3.0,1.0,3,1,1,1,2,0,1,0
13121,1833,0.0,2.0,0.0,6,3,1,1,5,0,1,0
131552,2900,0.0,2.0,0.0,12,4,2,3,11,0,1,0
132122,3462,0.0,2.0,1.0,2,1,1,1,1,0,1,0
132584,4811,0.0,0.0,null,2,1,1,1,1,0,1,0
132634,3159,0.0,0.0,1.0,4,2,2,1,3,0,1,0
133016,2128,0.0,2.0,0.0,7,2,2,1,6,0,1,0
133177,4322,0.0,3.0,1.0,2,1,1,1,1,0,1,0
133501,3095,0.0,3.0,0.0,7,1,1,2,6,0,1,0
133655,3734,0.0,5.0,1.0,2,2,2,2,1,0,1,0
133915,3240,0.0,4.0,0.0,3,1,1,1,1,0,2,0
134117,121,0.0,4.0,0.0,4,1,1,2,3,0,1,0
134301,803,0.0,4.0,0.0,50,24,6,6,45,0,1,4
135080,191,0.0,4.0,0.0,22,18,3,3,20,0,1,1
135302,2448,0.0,3.0,0.0,7,4,1,1,5,0,2,0
135502,2928,0.0,4.0,0.0,11,4,1,2,8,0,2,1
135565,4765,0.0,0.0,1.0,1,1,1,1,0,0,1,0
136082,1096,0.0,0.0,0.0,5,1,1,3,3,0,1,1
136494,2014,0.0,0.0,1.0,12,2,1,1,11,0,1,0
136593,3971,0.0,3.0,1.0,5,1,1,2,3,0,1,1
13685,198,1.0,4.0,0.0,5,2,2,1,4,0,1,0
137053,594,0.0,2.0,0.0,6,2,2,1,4,0,2,0
137151,1399,0.0,5.0,1.0,12,6,1,2,9,0,3,0
13739,4850,0.0,0.0,0.0,24,14,7,3,23,0,1,0
137517,534,0.0,4.0,0.0,11,7,1,2,7,0,1,3
138279,2565,0.0,3.0,0.0,2,1,1,1,1,0,1,0
138497,4052,0.0,0.0,0.0,4,1,1,1,3,0,1,0
138765,191,0.0,0.0,0.0,3,1,1,2,1,0,1,1
139120,1049,0.0,2.0,1.0,4,1,1,1,3,0,1,0
139295,2273,0.0,6.0,0.0,4,2,1,1,3,0,1,0
140439,1204,0.0,3.0,1.0,3,1,1,1,2,0,1,0
140568,3635,0.0,5.0,0.0,5,1,1,1,4,0,1,0
140672,4287,1.0,4.0,0.0,3,1,1,1,1,0,2,0
140989,1944,0.0,0.0,0.0,3,1,1,2,2,0,1,0
14102,4760,1.0,3.0,1.0,5,3,1,1,4,0,1,0
141289,2905,0.0,6.0,0.0,5,2,2,3,4,0,1,0
141944,2127,0.0,0.0,1.0,10,6,2,3,9,0,1,0
141958,643,0.0,3.0,0.0,1,1,1,1,0,0,1,0
142109,104,0.0,4.0,0.0,1,1,1,1,0,0,1,0
142501,396,0.0,3.0,0.0,8,1,1,2,6,0,1,1
143231,1494,0.0,4.0,1.0,4,1,1,1,1,0,3,0
143548,3410,0.0,4.0,0.0,7,1,1,2,6,0,1,0
143826,219,0.0,3.0,0.0,1,1,1,1,0,0,1,0
14402,3843,0.0,6.0,1.0,8,2,2,1,6,0,1,1
144034,1116,0.0,5.0,1.0,2,1,1,1,1,0,1,0
144034,4491,0.0,5.0,1.0,7,1,1,3,6,0,1,0
144073,4280,0.0,2.0,0.0,6,2,1,3,4,0,1,1
14419,2303,0.0,0.0,0.0,12,7,1,1,11,0,1,0
144204,3199,0.0,5.0,0.0,34,16,2,5,33,0,1,0
14493,3092,0.0,5.0,0.0,17,5,1,2,15,0,1,1
144957,798,0.0,2.0,0.0,8,6,4,1,7,0,1,0
145141,586,0.0,4.0,0.0,8,8,1,3,4,0,4,0
145562,3163,0.0,2.0,1.0,1,1,1,1,0,0,1,0
146002,3054,0.0,4.0,0.0,16,2,1,3,14,1,1,0
146061,1840,0.0,5.0,0.0,1,1,1,1,0,0,1,0
146399,3469,0.0,0.0,1.0,13,1,1,7,12,0,1,0
146913,429,0.0,6.0,0.0,4,1,1,1,3,0,1,0
14737,2669,0.0,3.0,0.0,53,18,8,3,50,0,3,0
14831,1067,0.0,5.0,1.0,5,4,2,2,4,0,1,0
148316,1102,0.0,0.0,0.0,41,20,5,4,40,0,1,0
14899,2073,0.0,6.0,0.0,11,2,2,2,9,0,1,1
149968,4891,0.0,5.0,1.0,7,2,1,1,6,0,1,0
149982,1485,0.0,3.0,0.0,23,19,4,3,16,0,7,0
150554,4091,0.0,3.0,0.0,4,1,1,3,3,0,1,0
150559,4765,0.0,3.0,1.0,2,1,1,1,1,0,1,0
150802,3173,0.0,6.0,1.0,4,2,2,1,1,0,3,0
151552,4474,0.0,0.0,0.0,4,2,1,2,3,0,1,0
152075,259,0.0,2.0,1.0,4,1,1,2,3,0,1,0
152410,2915,0.0,4.0,0.0,2,2,1,1,0,0,2,0
152436,429,0.0,4.0,2.0,2,1,1,1,1,0,1,0
152868,2821,0.0,3.0,1.0,2,1,1,2,1,0,1,0
153929,608,1.0,0.0,0.0,20,2,2,3,14,0,4,2
154005,2565,0.0,3.0,0.0,4,1,1,3,3,0,1,0
154096,94,0.0,4.0,0.0,7,2,2,1,6,0,1,0
154252,1272,1.0,0.0,0.0,21,20,6,5,17,0,4,0
154357,4079,0.0,2.0,1.0,2,1,1,1,1,0,1,0
154431,4282,0.0,3.0,0.0,4,1,1,2,3,0,1,0
154695,3865,0.0,5.0,1.0,1,1,1,1,0,0,1,0
155034,935,0.0,5.0,1.0,1,1,1,1,0,0,1,0
155513,4040,0.0,4.0,1.0,2,1,1,1,1,0,1,0
15643,4095,0.0,6.0,1.0,12,3,2,3,10,0,2,0
15746,3444,0.0,3.0,0.0,10,1,1,3,8,0,1,1
157779,2138,0.0,0.0,0.0,2,1,1,1,1,0,1,0
158084,4504,0.0,4.0,1.0,12,3,1,2,10,0,1,1
158214,3585,0.0,5.0,0.0,10,2,2,4,9,0,1,0
158379,2537,0.0,3.0,0.0,4,1,1,1,2,0,2,0
158387,1346,0.0,5.0,1.0,7,6,1,1,6,0,1,0
158657,3742,0.0,3.0,0.0,4,1,1,1,3,0,1,0
159018,1618,0.0,5.0,0.0,41,12,4,6,38,0,2,1
159034,3623,0.0,4.0,0.0,5,3,2,1,4,0,1,0
159154,219,0.0,0.0,0.0,39,6,1,1,33,0,1,5
159234,219,0.0,7.0,0.0,14,7,1,1,12,0,2,0
159739,2273,0.0,0.0,0.0,6,2,2,1,5,0,1,0
160103,361,0.0,0.0,0.0,3,1,1,1,1,0,1,1
160293,4525,0.0,0.0,0.0,5,3,1,1,4,0,1,0
160516,4659,0.0,3.0,0.0,3,2,2,1,2,0,1,0
160620,685,0.0,4.0,0.0,26,5,1,6,21,2,1,2
161192,3410,0.0,8.0,1.0,3,1,1,1,2,0,1,0
161285,3938,0.0,3.0,1.0,4,1,1,2,3,0,1,0
161916,2699,0.0,3.0,0.0,15,2,2,1,13,0,1,1
162061,2828,0.0,3.0,0.0,8,2,2,3,7,0,1,0
162073,3562,0.0,2.0,0.0,8,3,2,2,7,0,1,0
162127,3419,0.0,3.0,0.0,2,1,1,1,1,0,1,0
162804,227,0.0,4.0,0.0,3,1,1,1,2,0,1,0
163292,2981,0.0,3.0,0.0,13,9,2,1,12,0,1,0
164391,2454,1.0,0.0,0.0,6,1,1,1,5,0,1,0
164717,742,0.0,3.0,0.0,7,3,1,1,6,0,1,0
165159,3323,0.0,0.0,0.0,3,1,1,2,2,0,1,0
165195,2277,0.0,0.0,0.0,7,1,1,2,6,0,1,0
165248,2318,0.0,0.0,0.0,7,2,1,2,5,0,1,1
165453,4966,0.0,4.0,0.0,1,1,1,1,0,0,1,0
165526,594,0.0,4.0,0.0,4,1,1,1,3,0,1,0
165853,4705,0.0,0.0,0.0,2,1,1,1,1,0,1,0
166241,798,0.0,0.0,0.0,2,1,1,1,1,0,1,0
166673,4049,0.0,4.0,0.0,1,1,1,1,0,0,1,0
166716,598,0.0,0.0,0.0,36,12,3,2,32,0,2,2
166882,117,0.0,6.0,0.0,5,1,1,1,4,0,1,0
167037,1500,0.0,0.0,1.0,8,1,1,2,7,0,1,0
167181,2664,0.0,3.0,0.0,34,30,1,1,33,0,1,0
167224,1520,0.0,0.0,1.0,4,1,1,1,2,0,2,0
167377,1664,0.0,3.0,0.0,3,2,1,2,2,0,1,0
167481,2051,0.0,0.0,0.0,4,2,2,1,3,0,1,0
167499,1318,0.0,4.0,1.0,44,18,6,2,42,0,2,0
167809,1393,0.0,2.0,0.0,25,6,3,3,19,0,2,4
167853,4280,0.0,0.0,0.0,16,1,1,2,15,0,1,0
168051,4955,0.0,2.0,0.0,3,2,1,1,2,0,1,0
168279,742,0.0,3.0,0.0,7,2,2,1,5,0,2,0
16836,1291,0.0,4.0,0.0,3,1,1,1,2,0,1,0
168447,941,0.0,0.0,0.0,2,1,1,1,1,0,1,0
168590,2318,0.0,3.0,2.0,15,4,1,1,14,0,1,0
16862,35,0.0,2.0,1.0,2,1,1,1,1,0,1,0
168910,598,0.0,3.0,0.0,18,2,2,2,16,0,1,1
16916,4677,0.0,0.0,0.0,4,1,1,2,2,0,1,1
169254,4079,0.0,0.0,0.0,1,1,1,1,0,0,1,0
169336,996,0.0,6.0,0.0,27,3,1,2,26,0,1,0
169425,4173,0.0,5.0,0.0,46,17,7,6,40,3,1,2
169710,4982,0.0,6.0,0.0,4,1,1,1,3,0,1,0
170,3979,0.0,0.0,0.0,2,1,1,1,1,0,1,0
17145,777,0.0,4.0,0.0,10,2,1,2,8,1,1,0
171486,4022,0.0,4.0,0.0,9,4,2,3,7,0,2,0
171617,1281,0.0,4.0,0.0,7,1,1,1,6,0,1,0
171997,3769,0.0,6.0,0.0,8,4,3,1,7,0,1,0
172697,4346,0.0,3.0,0.0,6,4,2,1,5,0,1,0
173040,2031,0.0,3.0,1.0,9,5,2,1,7,0,2,0
173043,3007,0.0,0.0,0.0,4,1,1,2,3,0,1,0
17433,3971,0.0,3.0,1.0,7,2,1,1,5,0,1,1
17460,2036,0.0,6.0,0.0,2,1,1,1,1,0,1,0
174709,3225,0.0,null,null,10,1,1,1,8,1,1,0
175103,1854,0.0,0.0,0.0,10,1,1,2,8,0,1,1
175359,1340,0.0,5.0,0.0,2,1,1,1,1,0,1,0
175398,1393,0.0,2.0,1.0,1,1,1,1,0,0,1,0
175412,4976,0.0,0.0,0.0,1,1,1,1,0,0,1,0
175635,3376,0.0,3.0,1.0,1,1,1,1,0,0,1,0
176214,1102,0.0,2.0,0.0,22,2,1,2,21,0,1,0
176514,1618,1.0,4.0,0.0,5,1,1,1,4,0,1,0
176516,3609,0.0,6.0,0.0,4,1,1,1,3,0,1,0
176693,2273,0.0,6.0,0.0,5,1,1,1,4,0,1,0
176788,1760,0.0,2.0,0.0,14,7,3,5,12,0,1,1
177912,643,0.0,2.0,0.0,1,1,1,1,0,0,1,0
178049,951,0.0,0.0,1.0,10,5,1,1,8,0,2,0
178547,4044,0.0,3.0,1.0,43,34,10,2,42,0,1,0
178963,3954,0.0,3.0,0.0,1,1,1,1,0,0,1,0
179677,4087,0.0,0.0,0.0,3,1,1,1,2,0,1,0
179929,1923,0.0,5.0,0.0,4,1,1,2,3,0,1,0
180085,415,0.0,2.0,0.0,3,1,1,1,2,0,1,0
18037,3657,0.0,3.0,1.0,2,1,1,1,1,0,1,0
180851,4871,0.0,3.0,1.0,7,2,1,2,6,0,1,0
180985,4394,1.0,5.0,0.0,14,12,2,4,13,0,1,0
181468,2567,0.0,0.0,null,8,4,1,2,7,0,1,0
18210,4048,0.0,0.0,0.0,1,1,1,1,0,0,1,0
18257,4050,0.0,7.0,0.0,3,1,1,1,2,0,1,0
182809,2124,0.0,4.0,0.0,3,1,1,1,2,0,1,0
183074,1830,0.0,3.0,2.0,2,1,1,2,0,0,1,1
183116,2537,0.0,3.0,0.0,5,3,3,2,2,0,3,0
183366,4871,0.0,5.0,1.0,5,1,1,1,4,0,1,0
183402,4170,0.0,4.0,0.0,7,1,1,3,3,0,3,1
183890,4044,0.0,0.0,0.0,17,6,5,3,15,0,2,0
184180,2669,0.0,3.0,0.0,4,2,2,2,3,0,1,0
184785,3853,0.0,3.0,0.0,4,1,1,3,3,0,1,0
185031,1308,0.0,2.0,1.0,11,2,1,2,10,0,1,0
18526,2450,0.0,0.0,0.0,4,1,1,1,2,0,2,0
185345,588,0.0,3.0,0.0,3,2,1,1,2,0,1,0
185546,1892,0.0,4.0,1.0,52,25,6,2,45,0,7,0
185822,1944,0.0,0.0,0.0,4,1,1,1,3,0,1,0
186258,1724,0.0,4.0,1.0,9,3,2,1,8,0,1,0
186533,2936,0.0,4.0,1.0,3,1,1,2,2,0,1,0
18692,1405,0.0,0.0,0.0,7,1,1,2,5,1,1,0
186925,2482,0.0,0.0,0.0,9,4,3,2,8,0,1,0
187525,951,0.0,0.0,0.0,3,1,1,2,1,0,1,1
188100,1892,0.0,8.0,0.0,3,1,1,1,1,0,2,0
188467,4234,0.0,4.0,0.0,1,1,1,1,0,0,1,0
188813,4981,0.0,4.0,0.0,3,2,2,1,1,0,2,0
189048,1102,0.0,3.0,0.0,37,19,7,4,33,0,4,0
189061,4270,0.0,5.0,2.0,3,1,1,2,2,0,1,0
189090,3205,1.0,2.0,0.0,3,1,1,1,2,0,1,0
189403,2273,0.0,0.0,1.0,9,2,1,2,8,0,1,0
189544,423,0.0,0.0,0.0,6,2,1,2,4,0,1,1
190405,3389,0.0,6.0,0.0,6,1,1,1,3,0,3,0
190536,773,0.0,3.0,1.0,15,6,6,2,12,0,3,0
190771,24,0.0,0.0,1.0,2,1,1,1,1,0,1,0
191061,63,0.0,3.0,0.0,2,2,2,1,1,0,1,0
191414,2828,0.0,3.0,0.0,3,2,1,1,2,0,1,0
191446,598,0.0,3.0,0.0,4,1,1,2,3,0,1,0
191971,2242,0.0,4.0,1.0,5,3,1,1,4,0,1,0
193381,2328,0.0,6.0,0.0,7,4,1,1,6,0,1,0
193695,1056,0.0,3.0,1.0,37,11,5,12,33,0,3,1
193756,236,0.0,0.0,0.0,1,1,1,1,0,0,1,0
19416,1031,0.0,4.0,0.0,7,3,1,1,6,0,1,0
194515,3080,0.0,0.0,1.0,13,6,4,1,11,0,1,1
194865,236,0.0,3.0,0.0,2,1,1,1,1,0,1,0
195026,3433,0.0,4.0,0.0,26,13,6,2,24,0,2,0
19504,3460,0.0,0.0,1.0,4,1,1,2,2,0,1,1
195229,4705,0.0,3.0,1.0,5,2,1,1,4,0,1,0
195472,2565,0.0,5.0,0.0,1,1,1,1,0,0,1,0
195996,3611,0.0,4.0,0.0,2,1,1,1,1,0,1,0
196012,1340,0.0,0.0,0.0,23,5,2,8,21,0,1,1
19629,3205,1.0,5.0,1.0,1,1,1,1,0,0,1,0
196461,2482,0.0,3.0,0.0,8,2,2,1,6,0,2,0
196639,3910,0.0,4.0,0.0,2,1,1,1,1,0,1,0
196804,1203,0.0,6.0,0.0,12,4,3,1,9,0,2,1
197298,4848,0.0,4.0,0.0,2,1,1,1,1,0,1,0
197706,4170,0.0,3.0,1.0,6,4,1,1,5,0,1,0
198302,3290,0.0,5.0,1.0,3,1,1,1,2,0,1,0
198651,4848,1.0,3.0,0.0,3,1,1,2,2,0,1,0
199559,1742,0.0,4.0,0.0,3,3,1,2,2,0,1,0
199964,1712,0.0,6.0,0.0,6,2,1,2,5,0,1,0
200043,1272,0.0,5.0,0.0,7,4,2,2,6,0,1,0
200095,4829,0.0,3.0,0.0,5,1,1,2,4,0,1,0
200389,547,0.0,2.0,1.0,23,6,2,1,21,0,2,0
20048,2469,0.0,0.0,0.0,5,1,1,1,4,0,1,0
200610,500,0.0,0.0,0.0,1,1,1,1,0,0,1,0
200723,1833,0.0,3.0,1.0,16,7,3,2,14,0,2,0
201194,2435,0.0,6.0,0.0,2,1,1,1,1,0,1,0
201195,4072,0.0,3.0,0.0,10,6,3,3,9,0,1,0
201260,2229,0.0,7.0,0.0,3,2,2,2,2,0,1,0
201541,2592,0.0,0.0,1.0,1,1,1,1,0,0,1,0
201587,2891,0.0,0.0,1.0,1,1,1,1,0,0,1,0
20214,350,0.0,3.0,0.0,5,1,1,1,4,0,1,0
202387,2669,0.0,3.0,0.0,7,3,2,1,6,0,1,0
202455,3929,0.0,4.0,1.0,11,2,1,4,10,0,1,0
202762,2141,0.0,0.0,0.0,4,1,1,1,1,0,3,0
203241,685,0.0,5.0,2.0,9,2,1,2,7,0,1,1
203253,4726,0.0,3.0,0.0,11,8,3,1,10,0,1,0
20355,1574,1.0,4.0,1.0,4,1,1,1,3,0,1,0
203593,4787,0.0,0.0,0.0,4,1,1,2,3,0,1,0
204046,4858,0.0,5.0,0.0,4,2,1,1,3,0,1,0
204294,643,0.0,0.0,0.0,13,7,3,2,11,0,2,0
204570,1062,0.0,4.0,0.0,19,10,3,2,17,0,2,0
204677,4677,0.0,6.0,1.0,9,2,1,2,6,0,3,0
204976,1833,0.0,3.0,0.0,15,4,1,6,13,0,1,1
205100,66,0.0,2.0,1.0,1,1,1,1,0,0,1,0
205613,3308,0.0,0.0,0.0,2,1,1,1,1,0,1,0
205884,4871,0.0,4.0,0.0,4,1,1,1,3,0,1,0
206001,2537,0.0,3.0,0.0,6,2,1,1,5,0,1,0
206288,3965,0.0,4.0,1.0,10,4,2,1,7,0,3,0
206802,1555,0.0,5.0,0.0,3,1,1,1,2,0,1,0
207146,1102,0.0,3.0,2.0,4,2,1,1,2,0,2,0
207229,1742,0.0,0.0,0.0,22,9,1,2,21,0,1,0
207325,4368,0.0,4.0,0.0,6,2,1,1,5,0,1,0
207505,2047,0.0,0.0,0.0,19,5,3,4,17,0,1,1
207560,534,0.0,0.0,0.0,55,15,1,6,53,0,2,0
207691,2167,0.0,2.0,0.0,8,2,1,1,6,0,2,0
208062,1050,0.0,6.0,1.0,6,2,2,1,5,0,1,0
20889,1679,0.0,3.0,0.0,12,6,2,2,10,0,2,0
208892,877,0.0,0.0,0.0,3,2,1,2,2,0,1,0
209568,4794,0.0,0.0,0.0,3,1,1,2,2,0,1,0
209704,1330,0.0,2.0,0.0,4,2,1,1,3,0,1,0
209816,1810,1.0,4.0,0.0,11,6,4,2,9,0,1,1
209846,492,0.0,2.0,0.0,30,6,1,4,28,0,1,1
209923,22,0.0,0.0,0.0,5,2,2,1,3,0,2,0
210224,2303,0.0,3.0,0.0,2,1,1,1,1,0,1,0
210316,4044,0.0,0.0,0.0,11,4,2,3,9,0,1,1
210429,1592,0.0,2.0,0.0,1,1,1,1,0,0,1,0
21173,2284,0.0,0.0,1.0,8,6,2,1,7,0,1,0
212078,1833,0.0,4.0,1.0,7,3,1,2,6,0,1,0
21214,4079,0.0,5.0,1.0,1,1,1,1,0,0,1,0
2122,2883,0.0,5.0,0.0,8,4,4,4,7,0,1,0
2133,2712,0.0,5.0,0.0,6,2,1,1,5,0,1,0
213477,4141,0.0,4.0,0.0,11,4,1,4,9,0,1,1
213638,4793,0.0,3.0,0.0,1,1,1,1,0,0,1,0
214153,1760,0.0,7.0,0.0,4,2,1,2,3,0,1,0
214502,860,1.0,0.0,0.0,8,7,6,3,6,0,2,0
214665,2173,0.0,6.0,null,6,2,1,2,4,0,2,0
215148,911,0.0,4.0,0.0,4,3,2,2,2,0,2,0
21551,179,1.0,6.0,0.0,4,1,1,2,3,0,1,0
215873,2577,0.0,5.0,0.0,5,3,1,1,4,0,1,0
216013,682,0.0,5.0,0.0,7,2,1,2,6,0,1,0
216165,1102,0.0,0.0,0.0,38,25,6,7,37,0,1,0
216401,1742,0.0,3.0,0.0,18,3,1,3,15,0,1,2
216634,1594,0.0,4.0,0.0,5,1,1,1,4,0,1,0
216756,1272,0.0,6.0,0.0,4,1,1,2,3,0,1,0
216925,3319,1.0,4.0,0.0,6,2,1,1,5,0,1,0
217166,1472,0.0,3.0,1.0,4,2,1,1,3,0,1,0
217270,3473,0.0,2.0,1.0,4,1,1,1,3,0,1,0
217351,481,0.0,6.0,1.0,15,2,1,8,13,0,1,1
217857,3614,0.0,5.0,1.0,11,4,2,2,10,0,1,0
218025,1501,0.0,0.0,0.0,1,1,1,1,0,0,1,0
218586,2928,0.0,0.0,1.0,7,5,5,4,6,0,1,0
218800,3640,0.0,3.0,0.0,6,2,1,1,5,0,1,0
219323,4976,0.0,3.0,1.0,2,1,1,1,1,0,1,0
219415,474,0.0,3.0,0.0,3,1,1,1,2,0,1,0
22029,3854,0.0,4.0,0.0,6,2,1,1,5,0,1,0
220887,1900,0.0,0.0,1.0,4,1,1,1,3,0,1,0
221081,239,0.0,2.0,0.0,6,1,1,2,5,0,1,0
221176,2217,0.0,0.0,0.0,7,2,1,2,3,2,2,0
221570,3288,0.0,5.0,0.0,4,1,1,1,3,0,1,0
221634,4724,0.0,4.0,1.0,9,3,1,3,7,0,1,1
221761,4525,0.0,0.0,0.0,1,1,1,1,0,0,1,0
221982,2045,0.0,2.0,0.0,7,5,1,1,6,0,1,0
223198,212,0.0,4.0,0.0,1,1,1,1,0,0,1,0
223647,121,0.0,6.0,0.0,15,4,1,2,11,3,1,0
22374,2899,0.0,5.0,1.0,25,3,1,2,23,0,1,1
223881,2403,0.0,4.0,0.0,19,5,1,2,17,0,1,1
223932,1346,0.0,4.0,0.0,15,3,1,3,14,0,1,0
224218,3828,0.0,3.0,0.0,5,2,2,1,4,0,1,0
224270,1272,0.0,0.0,0.0,3,1,1,2,2,0,1,0
224829,941,0.0,4.0,1.0,5,2,1,1,4,0,1,0
225241,2403,0.0,5.0,2.0,3,2,1,1,2,0,1,0
225864,730,0.0,0.0,0.0,1,1,1,1,0,0,1,0
226201,586,0.0,0.0,0.0,9,4,2,3,3,0,5,1
226320,3609,0.0,3.0,0.0,3,2,1,1,0,2,1,0
227153,4976,0.0,5.0,0.0,7,4,2,1,6,0,1,0
227263,2583,0.0,3.0,0.0,9,2,1,2,8,0,1,0
227385,2592,0.0,2.0,1.0,17,1,1,2,16,0,1,0
227456,2596,0.0,0.0,0.0,4,1,1,1,3,0,1,0
227723,2155,1.0,3.0,1.0,6,1,1,1,5,0,1,0
227905,946,0.0,0.0,0.0,6,1,1,1,4,1,1,0
227939,3080,0.0,2.0,1.0,4,2,1,2,3,0,1,0
228005,2954,0.0,0.0,0.0,10,2,1,1,9,0,1,0
228083,4170,0.0,0.0,0.0,7,1,1,1,6,0,1,0
228370,1031,0.0,5.0,0.0,8,3,1,4,6,0,2,0
228439,1963,0.0,6.0,1.0,7,5,1,1,6,0,1,0
229194,2615,0.0,3.0,0.0,2,1,1,2,1,0,1,0
229491,1460,0.0,3.0,0.0,5,1,1,1,4,0,1,0
229569,2277,0.0,2.0,0.0,54,14,3,4,50,0,2,2
229699,3159,0.0,0.0,0.0,20,13,4,2,19,0,1,0
229886,3266,0.0,4.0,2.0,3,1,1,1,2,0,1,0
229977,804,0.0,4.0,0.0,15,3,1,1,13,0,2,0
230489,3022,0.0,6.0,0.0,2,1,1,1,1,0,1,0
231025,1890,0.0,0.0,0.0,23,8,2,3,20,0,2,1
231417,643,0.0,0.0,0.0,10,8,4,1,9,0,1,0
23168,729,0.0,2.0,0.0,2,1,1,1,1,0,1,0
231733,4976,0.0,2.0,0.0,3,1,1,1,2,0,1,0
232281,3310,0.0,3.0,1.0,1,1,1,1,0,0,1,0
232314,2691,0.0,0.0,0.0,16,6,3,3,14,0,2,0
232401,1964,0.0,2.0,0.0,5,2,2,2,3,0,1,1
232663,4073,0.0,3.0,1.0,4,1,1,1,3,0,1,0
232823,4044,0.0,2.0,0.0,96,40,10,5,88,0,1,7
233808,2767,0.0,2.0,0.0,2,1,1,2,0,0,1,1
23430,2768,0.0,3.0,0.0,68,37,7,7,58,0,1,9
234417,4057,0.0,3.0,0.0,1,1,1,1,0,0,1,0
234762,2954,0.0,0.0,0.0,1,1,1,1,0,0,1,0
234788,1346,0.0,3.0,0.0,17,3,1,2,15,0,1,1
234813,4850,0.0,0.0,0.0,8,2,2,1,7,0,1,0
23511,4760,0.0,2.0,1.0,3,2,2,1,1,0,2,0
235135,3236,0.0,3.0,0.0,2,1,1,1,1,0,1,0
235435,366,0.0,5.0,1.0,10,1,1,2,7,0,2,1
235539,2031,0.0,6.0,0.0,10,4,1,3,8,0,1,1
236110,219,0.0,3.0,1.0,9,1,1,3,7,0,2,0
236250,1000,0.0,3.0,1.0,2,1,1,1,1,0,1,0
236806,1345,0.0,3.0,0.0,4,2,1,1,3,0,1,0
236988,3878,0.0,4.0,0.0,29,5,1,3,24,0,2,3
237084,4771,0.0,3.0,1.0,6,3,2,1,5,0,1,0
237234,1840,0.0,4.0,0.0,2,1,1,1,1,0,1,0
237241,3477,0.0,7.0,0.0,15,4,1,3,14,0,1,0
237782,4048,0.0,null,null,6,4,2,2,3,0,2,1
238741,682,0.0,4.0,0.0,74,24,4,5,60,0,1,13
238994,1092,0.0,4.0,0.0,11,2,1,3,8,0,1,2
239423,2066,0.0,2.0,0.0,25,3,1,5,23,0,2,0
23946,361,0.0,6.0,0.0,12,3,1,3,10,0,1,1
2401,2824,0.0,6.0,1.0,18,13,2,1,16,0,2,0
241032,4173,0.0,3.0,0.0,23,4,3,5,22,0,1,0
241050,1370,0.0,0.0,0.0,7,1,1,2,6,0,1,0
242480,250,0.0,0.0,1.0,2,1,1,1,1,0,1,0
242492,1875,0.0,3.0,0.0,63,26,4,2,60,0,2,1
242646,3826,0.0,0.0,0.0,36,5,2,2,35,0,1,0
242842,3856,0.0,3.0,1.0,6,2,1,1,5,0,1,0
242863,2036,0.0,6.0,1.0,7,1,1,1,5,0,2,0
243105,2242,0.0,4.0,0.0,1,1,1,1,0,0,1,0
243207,3971,0.0,3.0,0.0,10,6,1,1,8,0,2,0
243942,4504,0.0,6.0,0.0,10,6,2,1,8,0,2,0
243977,682,0.0,4.0,0.0,5,1,1,1,3,0,2,0
244105,4871,0.0,3.0,0.0,15,5,2,1,12,0,3,0
244138,4371,0.0,4.0,0.0,1,1,1,1,0,0,1,0
244139,1875,1.0,5.0,0.0,9,7,3,2,8,0,1,0
244680,1340,0.0,5.0,0.0,2,2,1,1,0,0,2,0
245005,2051,0.0,3.0,0.0,9,1,1,1,8,0,1,0
245209,2639,0.0,0.0,0.0,1,1,1,1,0,0,1,0
245229,1076,0.0,0.0,0.0,4,1,1,1,3,0,1,0
245664,3878,0.0,6.0,0.0,11,4,1,2,9,0,2,0
245949,4793,0.0,3.0,0.0,3,1,1,1,2,0,1,0
246172,4966,0.0,4.0,0.0,6,2,1,1,4,0,1,1
246227,4282,0.0,3.0,1.0,38,24,8,8,36,0,1,1
246360,2799,0.0,4.0,0.0,13,3,1,4,10,0,1,2
246728,963,1.0,3.0,1.0,7,2,1,1,6,0,1,0
246948,4270,0.0,3.0,0.0,2,2,2,2,0,0,1,1
247406,20,0.0,2.0,0.0,5,4,3,2,0,0,1,4
247431,359,0.0,3.0,0.0,3,2,1,2,1,0,1,1
247633,168,0.0,3.0,0.0,4,3,2,1,3,0,1,0
247947,1019,0.0,5.0,0.0,11,1,1,2,3,0,7,1
248581,4309,0.0,4.0,0.0,12,5,1,2,10,0,1,1
248773,1340,0.0,3.0,0.0,24,14,2,1,22,0,2,0
248848,1557,0.0,3.0,1.0,12,6,2,4,11,0,1,0
249461,1150,0.0,4.0,1.0,5,2,2,2,4,0,1,0
249523,1943,0.0,3.0,0.0,4,1,1,1,3,0,1,0
249793,4968,0.0,4.0,1.0,6,2,1,1,5,0,1,0
250112,1090,0.0,0.0,0.0,4,1,1,2,3,0,1,0
250128,4499,0.0,3.0,0.0,4,1,1,1,3,0,1,0
25017,361,0.0,4.0,1.0,35,9,3,4,32,0,1,2
250206,532,0.0,4.0,2.0,8,4,2,2,7,0,1,0
250471,3773,0.0,0.0,1.0,5,1,1,1,4,0,1,0
250713,3143,0.0,6.0,1.0,3,1,1,1,2,0,1,0
250911,1393,0.0,3.0,0.0,25,10,3,1,23,0,2,0
250949,3734,0.0,3.0,0.0,1,1,1,1,0,0,1,0
250994,3990,0.0,0.0,0.0,6,4,3,2,3,0,3,0
251455,3872,0.0,4.0,0.0,3,1,1,1,2,0,1,0
251461,3968,0.0,3.0,0.0,4,1,1,1,3,0,1,0
251778,1704,0.0,4.0,1.0,5,2,2,1,3,0,2,0
251841,2081,0.0,4.0,2.0,10,4,1,2,9,0,1,0
251877,3448,0.0,2.0,1.0,1,1,1,1,0,0,1,0
252301,3102,0.0,3.0,0.0,9,4,3,1,8,0,1,0
252345,4942,0.0,5.0,0.0,2,1,1,1,1,0,1,0
252555,731,0.0,5.0,1.0,4,1,1,2,3,0,1,0
252582,2497,0.0,0.0,1.0,11,3,1,5,10,0,1,0
252633,3134,0.0,0.0,0.0,4,1,1,2,3,0,1,0
253254,2928,0.0,5.0,0.0,6,4,1,1,5,0,1,0
253358,4267,1.0,5.0,0.0,41,30,8,1,39,0,2,0
253768,2565,0.0,4.0,0.0,24,7,1,4,21,0,1,2
254072,4864,0.0,4.0,0.0,18,2,2,3,16,0,2,0
254102,1393,1.0,6.0,0.0,27,21,6,4,25,0,2,0
254312,3828,1.0,3.0,0.0,9,2,1,5,8,0,1,0
254527,2291,0.0,0.0,0.0,3,1,1,1,2,0,1,0
254640,4173,0.0,4.0,1.0,7,6,1,1,6,0,1,0
254997,4044,0.0,2.0,0.0,40,12,6,1,39,0,1,0
255009,1394,0.0,3.0,0.0,7,2,1,1,6,0,1,0
255077,4607,0.0,4.0,0.0,5,3,1,2,2,0,1,2
255091,145,0.0,3.0,1.0,1,1,1,1,0,0,1,0
255429,3444,0.0,3.0,1.0,3,1,1,1,2,0,1,0
255888,740,0.0,4.0,1.0,2,1,1,1,1,0,1,0
255938,3460,0.0,2.0,0.0,1,1,1,1,0,0,1,0
255976,3898,0.0,5.0,0.0,4,1,1,2,3,0,1,0
256059,1031,0.0,4.0,0.0,27,8,1,6,26,0,1,0
256146,1719,0.0,2.0,0.0,3,1,1,2,1,0,1,1
256463,2138,0.0,2.0,0.0,9,2,2,1,8,0,1,0
256564,4648,0.0,0.0,0.0,2,1,1,1,1,0,1,0
2567,2565,1.0,3.0,0.0,8,1,1,2,6,0,1,1
256734,1399,1.0,4.0,0.0,7,2,1,1,5,0,2,0
256768,4687,1.0,3.0,0.0,6,4,2,1,5,0,1,0
257525,1999,0.0,5.0,0.0,26,9,1,2,21,0,3,2
258049,4083,0.0,3.0,0.0,7,1,1,2,6,0,1,0
258137,2108,0.0,5.0,0.0,6,2,2,2,5,0,1,0
258678,685,0.0,0.0,1.0,16,9,2,1,15,0,1,0
260086,4731,0.0,4.0,0.0,3,2,2,2,2,0,1,0
260118,3936,0.0,0.0,1.0,1,1,1,1,0,0,1,0
260222,4173,0.0,2.0,0.0,24,1,1,2,22,0,1,1
260251,2529,0.0,3.0,1.0,9,3,1,1,7,0,2,0
260351,2273,0.0,3.0,0.0,3,1,1,1,2,0,1,0
260769,219,0.0,3.0,0.0,6,2,1,1,4,0,2,0
260902,3898,0.0,5.0,0.0,7,4,2,2,6,0,1,0
260923,4427,0.0,3.0,1.0,4,1,1,3,2,0,1,1
260984,1999,0.0,4.0,1.0,14,6,1,2,13,0,1,0
261197,798,0.0,3.0,0.0,10,3,3,3,7,0,1,2
261286,3734,0.0,0.0,1.0,15,2,1,3,13,0,1,1
261290,2954,0.0,4.0,0.0,23,12,7,4,16,4,2,1
262319,3484,0.0,4.0,0.0,2,1,1,1,1,0,1,0
262396,3933,0.0,2.0,0.0,4,1,1,1,3,0,1,0
262714,3323,1.0,5.0,0.0,8,2,1,1,7,0,1,0
262807,3578,0.0,3.0,2.0,11,1,1,1,10,0,1,0
262950,742,0.0,3.0,0.0,1,1,1,1,0,0,1,0
263182,4282,0.0,4.0,1.0,93,41,11,4,85,0,2,6
263506,4765,0.0,8.0,1.0,5,1,1,3,4,0,1,0
263665,4917,0.0,0.0,0.0,47,12,1,4,44,0,1,2
263746,2928,0.0,0.0,0.0,3,1,1,1,2,0,1,0
265030,4463,0.0,0.0,0.0,2,1,1,1,0,0,2,0
265125,2664,0.0,4.0,1.0,4,2,2,2,2,0,2,0
265242,2711,0.0,0.0,0.0,4,2,1,1,3,0,1,0
265439,481,0.0,5.0,0.0,12,5,2,2,10,0,2,0
265477,121,0.0,4.0,0.0,21,5,3,4,20,0,1,0
265614,1056,0.0,4.0,0.0,2,1,1,2,0,0,1,1
265800,215,0.0,0.0,0.0,5,2,1,1,4,0,1,0
265817,415,0.0,4.0,0.0,9,3,3,2,7,0,1,1
265835,3170,0.0,5.0,0.0,13,5,2,1,10,0,3,0
265837,4079,0.0,4.0,0.0,3,1,1,1,2,0,1,0
266306,4325,0.0,0.0,1.0,16,5,4,1,15,0,1,0
26673,63,0.0,4.0,0.0,2,1,1,1,1,0,1,0
266946,3195,0.0,2.0,1.0,2,2,1,1,0,0,2,0
266974,798,0.0,2.0,0.0,3,2,2,3,0,0,1,2
267932,2856,0.0,3.0,null,2,1,1,1,1,0,1,0
268016,120,0.0,0.0,0.0,6,3,1,1,3,0,3,0
268063,2217,0.0,3.0,2.0,1,1,1,1,0,0,1,0
268348,3835,0.0,5.0,1.0,9,6,5,2,8,0,1,0
268636,4864,0.0,4.0,1.0,21,5,2,3,19,0,2,0
268729,742,0.0,3.0,0.0,5,1,1,1,3,0,2,0
268790,1131,1.0,5.0,0.0,63,17,7,3,57,0,2,4
268796,3323,0.0,3.0,0.0,1,1,1,1,0,0,1,0
269081,798,0.0,3.0,2.0,8,5,4,1,5,0,3,0
269173,2361,0.0,4.0,0.0,7,2,2,2,5,0,1,1
269852,1447,1.0,6.0,0.0,5,2,1,2,2,0,2,1
27005,2448,0.0,3.0,1.0,11,2,2,1,7,0,3,1
27050,2618,0.0,3.0,0.0,2,1,1,1,1,0,1,0
270615,2318,0.0,3.0,0.0,11,3,1,3,10,0,1,0
271073,742,0.0,3.0,0.0,13,6,2,1,11,0,1,1
271313,951,0.0,5.0,0.0,8,4,1,1,4,0,4,0
271489,742,0.0,0.0,0.0,2,1,1,1,1,0,1,0
271686,416,0.0,6.0,0.0,107,68,6,3,103,0,4,0
271712,1749,0.0,4.0,1.0,2,2,2,1,0,0,2,0
272079,1752,0.0,2.0,1.0,6,1,1,1,5,0,1,0
272483,4793,0.0,0.0,1.0,7,2,1,1,5,0,2,0
272626,4906,0.0,4.0,0.0,2,1,1,1,1,0,1,0
273090,786,0.0,0.0,null,8,2,1,2,7,0,1,0
273246,2193,0.0,3.0,1.0,4,2,1,1,2,0,2,0
273559,3111,0.0,6.0,0.0,4,1,1,1,3,0,1,0
273576,3865,0.0,3.0,1.0,11,5,5,1,6,0,5,0
273755,2709,0.0,4.0,0.0,10,4,2,3,7,0,1,2
274160,2482,0.0,2.0,1.0,23,7,7,4,21,0,2,0
274595,152,0.0,0.0,0.0,2,1,1,1,1,0,1,0
275293,4488,0.0,null,null,12,2,1,2,10,0,1,1
275609,1816,1.0,3.0,1.0,13,7,3,1,12,0,1,0
276183,1487,0.0,0.0,0.0,1,1,1,1,0,0,1,0
277785,361,0.0,3.0,1.0,14,7,3,1,12,0,1,1
277799,4536,0.0,4.0,0.0,26,8,2,3,21,0,2,3
277981,1062,1.0,6.0,1.0,18,6,4,2,16,0,2,0
278125,2138,0.0,3.0,0.0,7,3,2,1,5,0,2,0
278172,1056,0.0,4.0,0.0,2,2,2,1,0,0,2,0
278413,1472,0.0,4.0,1.0,23,14,1,1,22,0,1,0
278468,1487,0.0,0.0,0.0,19,7,1,1,18,0,1,0
278731,897,0.0,4.0,0.0,11,1,1,5,9,0,1,1
278815,2273,0.0,3.0,0.0,8,2,1,3,6,0,1,1
278858,4797,0.0,4.0,0.0,19,7,1,1,13,0,6,0
278888,2318,0.0,2.0,0.0,3,1,1,1,2,0,1,0
278923,2131,0.0,5.0,1.0,12,2,2,2,8,0,2,2
27898,4760,0.0,6.0,0.0,4,1,1,1,3,0,1,0
279096,1116,0.0,0.0,0.0,5,2,2,1,4,0,1,0
279309,4976,0.0,3.0,0.0,13,6,4,2,11,0,2,0
279498,2767,0.0,0.0,0.0,3,1,1,2,1,0,1,1
27968,598,0.0,2.0,0.0,11,2,2,4,10,0,1,0
27988,1102,0.0,2.0,1.0,13,8,3,4,12,0,1,0
280482,293,0.0,3.0,0.0,4,1,1,3,3,0,1,0
28070,1900,0.0,4.0,1.0,4,1,1,1,3,0,1,0
28097,112,0.0,4.0,0.0,4,1,1,1,3,0,1,0
281043,4048,0.0,0.0,0.0,4,1,1,1,2,0,2,0
281243,4071,0.0,3.0,0.0,2,1,1,1,1,0,1,0
281460,3828,0.0,4.0,1.0,22,7,3,3,20,0,1,1
281982,1393,1.0,0.0,0.0,89,60,10,19,85,0,1,3
282141,1131,0.0,0.0,null,2,1,1,1,1,0,1,0
282202,1487,0.0,0.0,0.0,20,2,1,2,19,0,1,0
282483,2397,0.0,3.0,0.0,15,6,3,1,14,0,1,0
28262,2883,0.0,4.0,0.0,25,5,2,3,22,0,1,2
28292,4090,0.0,4.0,0.0,3,1,1,1,2,0,1,0
283292,4659,0.0,3.0,0.0,10,5,3,4,9,0,1,0
283360,1102,0.0,5.0,0.0,4,3,1,1,3,0,1,0
28379,4605,1.0,3.0,0.0,3,3,3,1,0,0,3,0
283886,3200,0.0,2.0,0.0,6,1,1,1,5,0,1,0
284630,4177,0.0,6.0,1.0,4,1,1,1,3,0,1,0
284648,2031,0.0,0.0,0.0,1,1,1,1,0,0,1,0
284774,3925,0.0,4.0,0.0,40,9,4,9,38,0,1,1
285076,2255,0.0,3.0,0.0,2,1,1,1,1,0,1,0
285254,1393,0.0,3.0,0.0,5,2,2,2,4,0,1,0
285389,3826,0.0,5.0,0.0,16,3,1,3,14,0,1,1
285866,361,0.0,7.0,1.0,11,3,1,2,9,0,1,1
285958,2273,0.0,4.0,0.0,2,1,1,1,1,0,1,0
286070,4287,0.0,2.0,0.0,4,2,1,1,3,0,1,0
28644,3161,0.0,0.0,0.0,44,6,4,6,42,0,2,0
286471,4256,0.0,0.0,1.0,7,4,2,1,5,0,1,1
287258,742,0.0,5.0,0.0,8,6,2,1,6,0,2,0
287651,1500,0.0,5.0,0.0,12,4,4,3,10,0,2,0
28789,1738,0.0,5.0,0.0,1,1,1,1,0,0,1,0
288187,4966,0.0,5.0,0.0,11,6,2,1,10,0,1,0
288426,4079,0.0,3.0,1.0,3,1,1,2,1,0,2,0
288824,698,0.0,3.0,0.0,8,7,2,1,7,0,1,0
28889,3727,0.0,2.0,0.0,13,5,1,2,12,0,1,0
289163,3578,0.0,5.0,0.0,12,7,3,3,11,0,1,0
289940,1827,0.0,0.0,0.0,2,1,1,1,1,0,1,0
289985,4444,0.0,6.0,0.0,24,9,2,2,20,0,4,0
290713,4125,0.0,3.0,0.0,21,6,2,1,20,0,1,0
290928,474,0.0,5.0,1.0,13,8,3,2,12,0,1,0
291081,121,0.0,6.0,0.0,14,9,2,3,12,0,2,0
291534,2173,0.0,0.0,0.0,8,5,1,1,7,0,1,0
291696,3828,1.0,3.0,0.0,20,8,6,2,16,0,4,0
291869,1322,0.0,0.0,0.0,8,2,1,4,5,0,1,2
292228,2193,0.0,0.0,1.0,28,6,1,2,25,0,3,0
292833,1356,0.0,3.0,1.0,1,1,1,1,0,0,1,0
293011,3905,0.0,0.0,0.0,3,1,1,1,2,0,1,0
293398,1742,0.0,7.0,0.0,1,1,1,1,0,0,1,0
293419,3940,0.0,3.0,0.0,7,2,1,1,6,0,1,0
294278,4427,0.0,4.0,1.0,5,3,2,1,3,0,2,0
294761,2608,0.0,4.0,1.0,4,1,1,1,3,0,1,0
295033,1884,0.0,3.0,0.0,5,2,2,1,4,0,1,0
295033,4564,0.0,3.0,0.0,2,1,1,1,1,0,1,0
295208,740,0.0,2.0,1.0,5,1,1,1,4,0,1,0
295600,4173,0.0,3.0,0.0,2,1,1,2,1,0,1,0
295729,1248,0.0,2.0,0.0,3,1,1,1,2,0,1,0
296172,1000,0.0,5.0,0.0,10,1,1,4,9,0,1,0
296243,4605,0.0,0.0,0.0,5,2,2,1,4,0,1,0
296271,1948,0.0,0.0,0.0,11,1,1,3,10,0,1,0
296529,2160,0.0,2.0,1.0,5,1,1,2,3,0,2,0
296570,1712,0.0,3.0,1.0,11,2,2,4,10,0,1,0
297143,1520,0.0,6.0,0.0,2,1,1,1,1,0,1,0
297203,479,0.0,0.0,0.0,3,1,1,1,2,0,1,0
297315,685,0.0,0.0,0.0,6,4,2,2,5,0,1,0
297387,4026,0.0,6.0,0.0,23,2,1,4,21,0,1,1
297550,3614,0.0,5.0,0.0,13,1,1,2,11,0,1,1
298787,1377,0.0,6.0,1.0,3,1,1,1,2,0,1,0
29935,1131,0.0,5.0,1.0,16,10,5,7,15,0,1,0
299418,3460,0.0,7.0,0.0,3,1,1,1,2,0,1,0
29959,1102,0.0,3.0,0.0,5,1,1,1,4,0,1,0
299665,361,0.0,4.0,0.0,10,5,2,1,6,0,3,1
299934,4044,0.0,0.0,0.0,30,7,1,5,25,0,1,4
300032,3484,0.0,5.0,0.0,8,4,2,2,6,0,2,0
300496,2569,0.0,0.0,0.0,2,2,1,2,0,0,1,1
300872,1695,0.0,6.0,0.0,17,6,3,3,15,0,1,1
301041,2360,0.0,0.0,1.0,5,1,1,1,4,0,1,0
301422,4976,0.0,4.0,0.0,2,1,1,1,0,0,1,1
301476,4926,0.0,4.0,0.0,13,6,4,2,12,0,1,0
301577,1454,0.0,5.0,0.0,1,1,1,1,0,0,1,0
301625,1910,0.0,3.0,0.0,5,2,2,1,3,0,2,0
301903,3769,0.0,0.0,1.0,2,1,1,1,1,0,1,0
302599,1031,0.0,4.0,1.0,2,2,1,1,0,0,2,0
302838,4818,0.0,5.0,0.0,10,6,3,2,9,0,1,0
302856,4648,0.0,3.0,0.0,10,4,3,2,3,0,4,3
303354,2860,0.0,3.0,0.0,1,1,1,1,0,0,1,0
304402,2872,0.0,5.0,1.0,4,1,1,1,3,0,1,0
304449,1540,1.0,3.0,2.0,30,7,5,1,26,0,4,0
305633,598,0.0,4.0,1.0,4,1,1,2,3,0,1,0
307057,350,0.0,0.0,0.0,21,3,2,3,17,0,2,2
307077,4756,1.0,0.0,0.0,13,10,1,1,12,0,1,0
307104,2776,0.0,5.0,1.0,13,6,5,2,10,0,3,0
307275,2537,0.0,4.0,0.0,15,5,2,3,14,0,1,0
307304,1074,0.0,5.0,0.0,10,5,1,1,9,0,1,0
307595,4043,0.0,4.0,0.0,9,3,1,4,8,0,1,0
308296,2217,0.0,3.0,0.0,1,1,1,1,0,0,1,0
30863,3936,0.0,0.0,1.0,17,6,3,2,15,1,1,0
308659,2403,0.0,5.0,0.0,15,13,1,1,14,0,1,0
308660,1031,0.0,3.0,0.0,9,3,1,1,8,0,1,0
308750,2360,0.0,6.0,0.0,4,1,1,3,2,0,1,1
309490,1618,0.0,6.0,0.0,1,1,1,1,0,0,1,0
309556,3826,0.0,6.0,0.0,5,1,1,1,4,0,1,0
309911,3645,0.0,7.0,0.0,11,1,1,2,9,0,1,1
310498,4480,0.0,4.0,0.0,10,1,1,3,9,0,1,0
310604,502,0.0,2.0,0.0,2,1,1,1,1,0,1,0
310962,4585,0.0,4.0,1.0,3,2,2,1,2,0,1,0
311576,2954,0.0,3.0,0.0,3,1,1,1,0,0,3,0
311636,2821,0.0,0.0,1.0,5,1,1,2,4,0,1,0
312456,2537,1.0,3.0,0.0,2,1,1,1,1,0,1,0
313110,2636,0.0,4.0,0.0,16,2,1,5,13,0,1,2
313221,2318,0.0,3.0,1.0,5,1,1,2,4,0,1,0
313362,1943,0.0,3.0,1.0,11,2,2,3,10,0,1,0
313993,3263,0.0,2.0,0.0,41,12,5,2,40,0,1,0
314443,4427,0.0,2.0,1.0,6,3,1,1,5,0,1,0
314670,2403,0.0,3.0,0.0,8,5,1,1,7,0,1,0
315031,3163,0.0,0.0,0.0,2,1,1,1,1,0,1,0
315746,587,0.0,4.0,0.0,8,6,4,2,7,0,1,0
315818,2477,0.0,4.0,0.0,22,8,5,2,21,0,1,0
316114,4287,0.0,4.0,1.0,17,14,6,3,15,0,2,0
316370,1472,0.0,3.0,0.0,6,1,1,1,3,0,3,0
316713,1031,0.0,4.0,0.0,5,2,1,1,4,0,1,0
316884,778,0.0,2.0,0.0,37,12,2,3,33,0,2,2
316978,2424,0.0,3.0,0.0,1,1,1,1,0,0,1,0
317043,4519,0.0,0.0,1.0,3,1,1,2,2,0,1,0
317071,437,0.0,0.0,0.0,12,3,1,3,10,1,1,0
317712,1583,0.0,3.0,0.0,27,5,2,1,23,0,3,1
317728,3451,0.0,4.0,0.0,3,1,1,1,2,0,1,0
317847,1618,0.0,3.0,1.0,1,1,1,1,0,0,1,0
318084,3682,0.0,5.0,1.0,4,2,1,1,3,0,1,0
318246,1272,0.0,6.0,0.0,4,4,2,2,3,0,1,0
31855,968,0.0,3.0,1.0,13,4,3,2,11,1,1,0
319021,4468,0.0,3.0,1.0,7,1,1,2,5,0,1,1
319085,1502,0.0,4.0,0.0,25,9,6,6,14,0,6,5
319206,4760,0.0,2.0,1.0,1,1,1,1,0,0,1,0
319668,4589,0.0,8.0,0.0,4,1,1,1,2,0,2,0
319712,4095,0.0,4.0,1.0,3,1,1,1,2,0,1,0
319787,4504,0.0,2.0,0.0,3,2,1,1,2,0,1,0
31988,4474,0.0,2.0,1.0,4,1,1,1,2,0,1,1
321290,794,0.0,7.0,0.0,29,11,3,3,24,0,1,4
321397,1031,0.0,0.0,1.0,4,1,1,1,3,0,1,0
322374,346,0.0,3.0,0.0,10,1,1,2,9,0,1,0
323151,4209,0.0,2.0,1.0,8,1,1,1,7,0,1,0
323173,3734,0.0,2.0,1.0,1,1,1,1,0,0,1,0
323747,1885,0.0,2.0,0.0,1,1,1,1,0,0,1,0
323802,4043,0.0,2.0,0.0,8,2,1,2,7,0,1,0
323902,323,0.0,5.0,1.0,2,1,1,1,1,0,1,0
32420,4394,0.0,5.0,0.0,20,11,2,1,18,0,2,0
324599,2070,0.0,7.0,0.0,1,1,1,1,0,0,1,0
325902,3906,1.0,0.0,0.0,97,54,11,5,95,0,2,0
325940,2138,0.0,3.0,0.0,1,1,1,1,0,0,1,0
326639,1477,0.0,6.0,0.0,3,1,1,1,2,0,1,0
327056,4090,0.0,0.0,0.0,6,3,1,2,5,0,1,0
327212,1000,0.0,3.0,0.0,3,1,1,1,2,0,1,0
327393,2138,0.0,2.0,0.0,4,2,2,2,3,0,1,0
327454,1031,0.0,3.0,2.0,18,5,1,1,16,0,2,0
327511,3826,1.0,6.0,0.0,1,1,1,1,0,0,1,0
32759,4042,1.0,3.0,0.0,25,9,4,3,20,0,5,0
327705,4648,0.0,3.0,0.0,4,2,2,1,3,0,1,0
327783,3480,0.0,4.0,1.0,3,1,1,2,2,0,1,0
328338,3376,0.0,4.0,1.0,10,5,1,4,8,0,2,0
32852,2883,0.0,0.0,0.0,2,2,2,1,0,0,2,0
328810,689,0.0,0.0,1.0,7,1,1,1,5,0,1,1
329421,2834,0.0,4.0,0.0,10,6,4,1,8,0,2,0
32974,4287,0.0,3.0,0.0,3,2,1,1,1,0,1,1
330029,1031,0.0,3.0,1.0,6,1,1,3,5,0,1,0
330184,98,0.0,4.0,1.0,5,4,1,2,4,0,1,0
330768,1356,0.0,3.0,0.0,6,1,1,2,4,0,1,1
330875,3005,0.0,0.0,0.0,42,15,7,1,37,0,5,0
331163,3885,0.0,4.0,2.0,8,2,2,1,7,0,1,0
331598,4008,0.0,0.0,1.0,3,1,1,1,2,0,1,0
331698,1500,0.0,6.0,1.0,9,6,3,1,8,0,1,0
331931,4083,0.0,4.0,0.0,15,4,2,2,13,0,2,0
332253,3086,0.0,3.0,0.0,2,1,1,1,1,0,1,0
332485,1115,0.0,2.0,1.0,3,1,1,1,2,0,1,0
33332,3509,0.0,3.0,1.0,1,1,1,1,0,0,1,0
333390,3323,1.0,0.0,0.0,1,1,1,1,0,0,1,0
333543,2494,0.0,3.0,0.0,6,1,1,1,5,0,1,0
334107,200,0.0,3.0,1.0,1,1,1,1,0,0,1,0
334443,145,0.0,2.0,0.0,3,1,1,1,2,0,1,0
334574,1892,0.0,5.0,0.0,3,1,1,2,2,0,1,0
334881,962,0.0,4.0,1.0,5,1,1,1,4,0,1,0
33506,4309,0.0,5.0,1.0,2,1,1,1,1,0,1,0
335234,234,0.0,3.0,0.0,11,10,4,1,5,0,6,0
335620,1742,0.0,0.0,0.0,7,1,1,3,6,0,1,0
336697,3637,0.0,0.0,1.0,4,2,1,1,3,0,1,0
336816,2637,0.0,6.0,0.0,2,1,1,1,1,0,1,0
336963,412,0.0,2.0,0.0,3,2,2,2,2,0,1,0
336991,1810,0.0,0.0,0.0,2,2,2,1,0,0,2,0
337061,2880,0.0,3.0,0.0,2,1,1,1,1,0,1,0
337279,960,0.0,0.0,0.0,4,2,2,1,2,0,2,0
337607,4976,0.0,0.0,1.0,3,2,2,2,0,0,1,2
337813,3940,0.0,6.0,0.0,5,2,1,1,4,0,1,0
337943,3462,0.0,3.0,0.0,5,2,2,3,4,0,1,0
338325,522,0.0,2.0,1.0,3,1,1,1,2,0,1,0
338397,3323,1.0,5.0,1.0,5,3,1,1,4,0,1,0
338418,3635,0.0,6.0,0.0,6,3,1,1,5,0,1,0
338800,2545,0.0,3.0,0.0,11,6,4,2,10,0,1,0
338896,4368,0.0,6.0,1.0,3,1,1,1,2,0,1,0
338962,3323,1.0,3.0,0.0,8,2,1,2,6,0,2,0
338980,3986,0.0,2.0,0.0,1,1,1,1,0,0,1,0
339186,4605,0.0,0.0,0.0,61,15,9,18,53,0,4,4
339209,1393,0.0,0.0,0.0,7,5,2,2,6,0,1,0
339303,2926,0.0,6.0,0.0,2,1,1,1,1,0,1,0
339718,1895,0.0,3.0,0.0,14,1,1,4,10,0,1,3
340279,685,0.0,0.0,0.0,5,2,1,2,4,0,1,0
340318,3227,0.0,2.0,0.0,5,1,1,1,3,0,1,1
341110,1075,0.0,0.0,0.0,15,3,1,2,14,0,1,0
341381,350,0.0,6.0,0.0,2,1,1,1,1,0,1,0
342389,2026,0.0,0.0,1.0,2,1,1,2,0,0,1,1
342587,1618,0.0,6.0,0.0,5,3,2,1,4,0,1,0
342878,2217,0.0,0.0,0.0,2,1,1,1,1,0,1,0
344200,1393,0.0,5.0,1.0,71,49,11,5,70,0,1,0
344403,2880,0.0,2.0,0.0,3,2,2,1,2,0,1,0
344824,1425,0.0,3.0,1.0,7,2,1,2,5,0,1,1
344984,2644,0.0,3.0,0.0,15,4,2,2,14,0,1,0
34566,4044,0.0,5.0,0.0,29,16,6,7,25,0,1,3
345794,2031,0.0,4.0,1.0,6,1,1,2,4,0,1,1
346430,3826,0.0,2.0,1.0,3,2,1,1,2,0,1,0
346877,1310,0.0,4.0,0.0,37,10,3,3,33,0,1,3
346971,2565,0.0,6.0,1.0,9,4,1,3,6,2,1,0
347057,3619,0.0,0.0,0.0,2,1,1,1,1,0,1,0
348942,4137,0.0,4.0,1.0,3,1,1,2,2,0,1,0
349618,4525,0.0,3.0,0.0,3,1,1,1,2,0,1,0
350663,4050,0.0,6.0,1.0,3,1,1,1,2,0,1,0
351845,1615,0.0,3.0,1.0,2,1,1,1,1,0,1,0
351910,3163,0.0,3.0,0.0,1,1,1,1,0,0,1,0
352634,3828,0.0,6.0,0.0,3,1,1,1,2,0,1,0
352718,2273,0.0,3.0,0.0,12,4,2,2,10,0,2,0
352783,4071,0.0,3.0,1.0,3,1,1,1,2,0,1,0
353108,2175,0.0,2.0,0.0,8,2,1,2,5,0,1,2
353124,2536,0.0,0.0,0.0,1,1,1,1,0,0,1,0
353671,2545,0.0,3.0,1.0,1,1,1,1,0,0,1,0
353791,2562,0.0,0.0,1.0,10,1,1,3,8,1,1,0
353828,818,0.0,3.0,0.0,2,1,1,1,1,0,1,0
354039,4747,0.0,2.0,0.0,8,3,1,1,7,0,1,0
355104,1679,0.0,4.0,0.0,22,11,3,3,20,0,2,0
355105,4043,0.0,4.0,0.0,4,1,1,3,3,0,1,0
355311,4536,0.0,2.0,0.0,1,1,1,1,0,0,1,0
355792,4043,1.0,2.0,0.0,5,2,2,2,3,0,2,0
355798,4763,0.0,4.0,0.0,5,1,1,2,3,1,1,0
355870,4949,0.0,6.0,0.0,16,11,5,4,15,0,1,0
355900,972,0.0,2.0,0.0,2,1,1,1,1,0,1,0
356302,798,0.0,0.0,0.0,23,9,4,2,22,0,1,0
356504,3993,0.0,4.0,1.0,8,3,1,2,7,0,1,0
357046,467,0.0,3.0,0.0,1,1,1,1,0,0,1,0
357156,4659,0.0,3.0,0.0,3,2,1,1,1,0,2,0
357227,729,0.0,0.0,0.0,6,2,2,1,4,0,1,1
357331,314,0.0,0.0,0.0,16,4,2,2,15,0,1,0
357355,684,0.0,3.0,0.0,3,1,1,1,2,0,1,0
358595,3959,0.0,3.0,1.0,1,1,1,1,0,0,1,0
358629,3350,0.0,3.0,0.0,8,3,1,1,7,0,1,0
359292,1910,0.0,2.0,0.0,4,2,2,1,2,0,2,0
359512,121,0.0,5.0,0.0,62,15,5,5,57,0,5,0
359999,4491,1.0,3.0,0.0,4,1,1,1,3,0,1,0
360050,1102,1.0,4.0,0.0,28,14,8,7,27,0,1,0
360276,4173,0.0,2.0,1.0,8,4,1,1,7,0,1,0
360401,946,0.0,0.0,1.0,13,9,2,3,12,0,1,0
361526,1679,0.0,4.0,0.0,11,5,3,1,5,5,1,0
361615,1892,0.0,7.0,1.0,49,28,4,4,47,0,2,0
361687,320,0.0,0.0,1.0,5,2,1,2,4,0,1,0
362167,2680,0.0,3.0,0.0,3,1,1,1,2,0,1,0
362516,1356,0.0,6.0,0.0,5,2,1,1,4,0,1,0
362520,46,0.0,2.0,1.0,2,1,1,1,1,0,1,0
36265,134,0.0,0.0,0.0,3,2,2,2,0,0,1,2
362756,1923,0.0,2.0,2.0,9,4,1,2,8,0,1,0
363026,2537,1.0,4.0,1.0,4,1,1,2,3,0,1,0
363157,946,0.0,3.0,0.0,22,17,3,2,21,0,1,0
363531,2047,0.0,3.0,1.0,8,5,2,1,7,0,1,0
364165,2167,0.0,0.0,0.0,20,14,1,1,18,0,1,1
364289,1346,0.0,4.0,1.0,23,11,1,4,21,0,1,1
365604,4465,0.0,3.0,0.0,22,5,1,1,17,0,5,0
365637,2775,1.0,3.0,0.0,2,1,1,1,1,0,1,0
366023,2229,0.0,0.0,0.0,3,2,2,2,1,0,2,0
366361,4087,0.0,5.0,1.0,3,2,1,1,2,0,1,0
366600,3578,1.0,6.0,0.0,64,39,3,8,62,0,2,0
366826,4491,0.0,3.0,0.0,4,2,1,1,2,0,2,0
366964,3835,0.0,4.0,2.0,4,1,1,1,3,0,1,0
367143,3457,0.0,2.0,1.0,17,3,1,3,14,0,1,2
367367,2936,0.0,5.0,0.0,1,1,1,1,0,0,1,0
367590,152,0.0,5.0,0.0,20,3,2,1,19,0,1,0
368182,2537,0.0,5.0,0.0,11,5,5,1,8,0,3,0
368188,1618,0.0,0.0,0.0,35,14,4,1,33,1,1,0
368336,3356,0.0,0.0,0.0,7,2,1,2,5,0,2,0
368906,594,0.0,0.0,0.0,2,1,1,1,1,0,1,0
368994,1103,0.0,5.0,0.0,4,1,1,1,3,0,1,0
369264,1592,0.0,3.0,0.0,7,1,1,1,5,0,1,1
369337,1356,0.0,2.0,null,2,1,1,1,1,0,1,0
369756,3284,0.0,3.0,null,11,1,1,2,8,1,2,0
369896,4545,1.0,2.0,0.0,9,3,1,3,7,0,1,1
37054,474,0.0,3.0,0.0,3,2,2,1,1,0,2,0
370762,2397,0.0,4.0,0.0,3,1,1,1,2,0,1,0
370931,4050,0.0,2.0,1.0,2,1,1,1,1,0,1,0
371303,1557,0.0,7.0,1.0,1,1,1,1,0,0,1,0
37133,4336,0.0,0.0,0.0,13,1,1,2,11,0,1,1
371409,4282,0.0,7.0,0.0,14,6,3,1,8,0,6,0
371422,252,0.0,2.0,1.0,2,1,1,1,1,0,1,0
372203,2869,0.0,4.0,1.0,3,1,1,1,2,0,1,0
372259,1356,0.0,4.0,0.0,5,1,1,3,3,0,1,1
372958,4891,0.0,5.0,2.0,5,1,1,1,4,0,1,0
373044,4318,0.0,5.0,0.0,20,4,2,1,18,0,2,0
373045,1342,0.0,4.0,0.0,10,2,2,1,8,0,2,0
373107,4427,0.0,4.0,0.0,15,5,2,3,13,0,1,1
373463,3578,0.0,5.0,0.0,47,22,2,7,37,0,1,9
373724,3154,0.0,3.0,0.0,8,3,2,1,6,0,2,0
373969,1412,0.0,4.0,0.0,2,1,1,1,1,0,1,0
374123,3619,0.0,3.0,0.0,6,2,1,2,4,0,1,1
374643,3323,1.0,0.0,0.0,5,3,1,1,3,0,2,0
374916,1102,0.0,4.0,1.0,2,2,2,2,0,0,1,1
375023,742,0.0,5.0,0.0,10,4,2,1,9,0,1,0
375132,2173,0.0,4.0,0.0,4,2,1,2,3,0,1,0
375908,2537,0.0,0.0,0.0,1,1,1,1,0,0,1,0
376187,1890,0.0,6.0,0.0,37,11,1,1,36,0,1,0
376505,747,0.0,3.0,1.0,4,2,1,2,3,0,1,0
37676,2636,0.0,3.0,0.0,32,6,2,3,29,0,3,0
376916,552,0.0,0.0,0.0,6,1,1,1,5,0,1,0
377132,4083,0.0,0.0,0.0,4,2,1,1,3,0,1,0
377722,3635,1.0,0.0,0.0,9,1,1,1,7,0,1,1
377983,4044,0.0,3.0,0.0,25,11,6,1,23,0,2,0
378027,798,0.0,0.0,0.0,9,7,4,3,7,0,1,1
380570,4981,0.0,3.0,1.0,19,7,3,1,17,0,2,0
380784,1031,0.0,0.0,0.0,17,5,1,2,15,0,2,0
38119,608,0.0,8.0,0.0,9,3,2,5,8,0,1,0
38124,2545,0.0,2.0,1.0,24,14,5,4,23,0,1,0
381324,742,0.0,3.0,0.0,2,1,1,1,1,0,1,0
381355,4976,0.0,3.0,0.0,10,6,3,3,8,0,1,1
381855,1340,0.0,4.0,0.0,38,26,7,1,33,0,5,0
382146,2680,0.0,0.0,0.0,4,1,1,3,3,0,1,0
382748,1437,0.0,6.0,0.0,4,1,1,1,3,0,1,0
382904,1074,1.0,3.0,1.0,22,11,4,2,17,0,5,0
382940,2173,0.0,6.0,0.0,30,10,1,4,28,0,2,0
383032,1131,0.0,4.0,1.0,46,18,6,2,42,2,2,0
383263,2537,0.0,3.0,0.0,2,1,1,1,1,0,1,0
383536,1310,0.0,6.0,0.0,12,10,6,2,11,0,1,0
384038,3828,0.0,4.0,0.0,30,12,5,2,28,0,2,0
384320,4394,1.0,4.0,2.0,7,3,1,1,6,0,1,0
384723,3578,0.0,4.0,0.0,2,1,1,1,1,0,1,0
384726,2277,0.0,6.0,0.0,12,2,1,1,10,0,1,1
384824,98,0.0,3.0,0.0,18,10,4,3,17,0,1,0
385160,740,0.0,6.0,0.0,2,1,1,1,1,0,1,0
385324,310,0.0,3.0,1.0,7,2,1,4,6,0,1,0
385798,742,0.0,3.0,0.0,4,1,1,1,2,0,1,1
386050,1968,0.0,2.0,0.0,4,1,1,3,2,0,1,1
386145,2273,0.0,3.0,0.0,1,1,1,1,0,0,1,0
38651,3363,0.0,4.0,0.0,1,1,1,1,0,0,1,0
386599,4536,0.0,2.0,1.0,5,2,2,2,2,0,2,1
386676,4322,0.0,0.0,0.0,8,1,1,2,7,0,1,0
386968,1957,0.0,6.0,0.0,15,7,3,2,13,0,2,0
387236,4048,0.0,null,null,2,1,1,1,1,0,1,0
387275,3954,0.0,3.0,1.0,4,1,1,1,3,0,1,0
387383,1423,0.0,3.0,1.0,8,2,1,2,7,0,1,0
387608,786,0.0,2.0,0.0,5,3,1,2,4,0,1,0
387757,4322,0.0,0.0,0.0,2,1,1,1,1,0,1,0
387852,1851,0.0,6.0,0.0,2,1,1,1,1,0,1,0
388120,2217,0.0,6.0,0.0,2,1,1,1,1,0,1,0
388201,1659,0.0,6.0,1.0,8,4,1,2,7,0,1,0
388423,3828,0.0,5.0,0.0,21,12,2,2,20,0,1,0
388653,2167,0.0,2.0,1.0,2,1,1,1,1,0,1,0
389325,219,0.0,0.0,1.0,6,1,1,1,4,0,2,0
389945,1131,0.0,0.0,0.0,13,7,4,1,11,0,2,0
390201,2397,0.0,0.0,1.0,1,1,1,1,0,0,1,0
390724,2102,0.0,3.0,0.0,5,3,2,3,4,0,1,0
390762,2149,0.0,0.0,0.0,3,1,1,1,2,0,1,0
390882,1861,0.0,4.0,0.0,1,1,1,1,0,0,1,0
390974,682,1.0,3.0,0.0,7,3,2,3,4,0,1,2
391106,3683,0.0,4.0,1.0,2,1,1,1,1,0,1,0
391508,2537,0.0,6.0,0.0,30,6,4,4,26,0,2,2
392601,4282,0.0,4.0,0.0,22,13,3,1,18,0,4,0
393296,2127,0.0,0.0,0.0,2,1,1,1,1,0,1,0
394049,323,0.0,3.0,0.0,5,2,1,1,4,0,1,0
394266,2138,1.0,5.0,0.0,5,4,4,1,4,0,1,0
394442,3477,0.0,6.0,1.0,2,1,1,2,0,0,1,1
39474,962,0.0,0.0,0.0,9,4,4,2,6,1,2,0
395227,2272,0.0,3.0,0.0,9,1,1,2,8,0,1,0
396028,416,0.0,6.0,0.0,5,3,3,1,4,0,1,0
396477,4173,0.0,0.0,0.0,9,2,2,2,8,0,1,0
396859,4850,0.0,4.0,0.0,19,18,9,2,15,0,4,0
397654,310,0.0,6.0,1.0,2,1,1,2,0,0,1,1
397953,2273,1.0,0.0,0.0,17,2,1,7,13,0,2,2
398240,4270,0.0,4.0,0.0,7,4,3,2,6,0,1,0
398693,4847,0.0,3.0,0.0,17,9,7,1,15,0,2,0
399520,590,0.0,4.0,0.0,10,5,2,1,8,0,2,0
399766,4545,0.0,5.0,0.0,8,1,1,5,7,0,1,0
399950,1501,0.0,4.0,0.0,6,1,1,1,5,0,1,0
400260,4739,0.0,3.0,0.0,3,1,1,1,2,0,1,0
400310,3018,0.0,2.0,0.0,11,5,4,1,10,0,1,0
40047,1833,0.0,2.0,0.0,12,5,1,3,10,0,1,1
400652,1346,0.0,0.0,0.0,12,4,1,2,11,0,1,0
400772,3905,0.0,0.0,0.0,2,1,1,2,1,0,1,0
400798,1816,0.0,0.0,1.0,2,1,1,2,1,0,1,0
400944,1541,0.0,2.0,1.0,3,1,1,2,2,0,1,0
401547,1892,0.0,3.0,0.0,18,11,3,4,10,0,2,6
401910,402,0.0,4.0,1.0,11,1,1,5,8,0,1,2
402211,1890,0.0,3.0,1.0,8,4,2,2,7,0,1,0
402923,2721,0.0,3.0,0.0,30,19,2,3,26,0,1,3
403261,1487,0.0,4.0,0.0,16,9,1,1,15,0,1,0
403322,412,0.0,3.0,0.0,13,9,4,1,11,0,1,1
404257,4358,0.0,3.0,1.0,6,1,1,1,4,0,1,1
404328,326,0.0,3.0,0.0,4,2,2,1,2,0,2,0
404666,2189,0.0,2.0,0.0,19,7,2,2,16,0,2,1
404875,1193,0.0,4.0,1.0,4,1,1,1,3,0,1,0
405245,756,0.0,3.0,0.0,4,2,1,1,3,0,1,0
405647,20,0.0,6.0,0.0,10,6,2,2,9,0,1,0
405777,66,0.0,4.0,0.0,3,1,1,1,1,0,2,0
405949,1618,0.0,3.0,1.0,2,1,1,2,1,0,1,0
406790,946,0.0,0.0,0.0,6,4,1,3,5,0,1,0
406837,1131,0.0,2.0,0.0,13,5,2,5,12,0,1,0
407554,2793,0.0,3.0,1.0,8,1,1,4,6,0,1,1
407997,2954,0.0,2.0,0.0,1,1,1,1,0,0,1,0
408292,1102,0.0,3.0,0.0,3,2,2,2,2,0,1,0
408727,4666,0.0,6.0,0.0,70,31,5,1,64,0,6,0
409134,2821,0.0,3.0,1.0,4,1,1,1,3,0,1,0
410109,598,0.0,2.0,1.0,4,2,2,1,3,0,1,0
410387,2891,0.0,3.0,0.0,37,15,2,2,35,0,2,0
410395,1000,0.0,4.0,1.0,2,1,1,1,1,0,1,0
410433,1615,0.0,0.0,0.0,15,7,1,2,13,0,2,0
410820,1477,0.0,0.0,0.0,6,2,1,2,5,0,1,0
411169,4427,0.0,4.0,1.0,3,1,1,1,1,0,2,0
411576,1126,0.0,2.0,0.0,6,4,3,2,5,0,1,0
411727,2273,0.0,6.0,0.0,3,2,1,3,1,0,1,1
411771,4756,0.0,6.0,0.0,5,1,1,1,3,1,1,0
411802,4079,0.0,2.0,1.0,1,1,1,1,0,0,1,0
412112,1393,0.0,0.0,0.0,4,3,1,1,3,0,1,0
412988,1056,0.0,3.0,0.0,21,10,5,3,19,0,1,1
413027,1833,0.0,5.0,1.0,11,7,3,5,10,0,1,0
413069,2928,0.0,3.0,1.0,15,7,2,1,13,0,2,0
413205,4050,0.0,3.0,1.0,3,1,1,1,2,0,1,0
413391,4950,0.0,3.0,1.0,16,8,5,1,13,0,3,0
413435,1618,0.0,3.0,1.0,9,4,2,1,8,0,1,0
413812,897,0.0,4.0,1.0,16,12,7,1,14,0,2,0
414148,1346,0.0,4.0,1.0,8,2,1,3,7,0,1,0
414650,4659,1.0,3.0,0.0,2,1,1,1,1,0,1,0
414718,798,0.0,4.0,0.0,5,1,1,1,4,0,1,0
414747,323,0.0,6.0,1.0,5,1,1,1,4,0,1,0
415202,4481,0.0,0.0,0.0,16,5,2,1,15,0,1,0
415558,4659,0.0,0.0,0.0,4,2,1,1,3,0,1,0
415639,1272,0.0,0.0,0.0,20,4,2,1,16,0,2,2
415671,2039,0.0,6.0,0.0,5,1,1,3,4,0,1,0
416312,547,0.0,3.0,1.0,34,10,1,4,32,0,1,1
416396,653,0.0,null,null,3,1,1,1,2,0,1,0
416429,598,0.0,3.0,1.0,18,7,2,4,17,0,1,0
416432,1592,0.0,3.0,0.0,24,7,2,2,21,0,1,2
417215,66,0.0,3.0,0.0,2,1,1,2,1,0,1,0
417436,1892,0.0,5.0,2.0,5,2,1,2,4,0,1,0
417453,2047,0.0,0.0,1.0,4,1,1,1,3,0,1,0
417879,963,0.0,3.0,0.0,2,1,1,1,1,0,1,0
418295,2669,0.0,2.0,0.0,7,4,2,1,6,0,1,0
418369,3577,0.0,0.0,0.0,4,2,1,1,3,0,1,0
418734,3126,0.0,6.0,1.0,4,1,1,1,3,0,1,0
41916,293,0.0,3.0,0.0,12,1,1,4,11,0,1,0
419273,632,0.0,0.0,0.0,3,1,1,1,2,0,1,0
419654,2269,0.0,3.0,1.0,2,1,1,1,1,0,1,0
419659,2447,0.0,2.0,1.0,3,1,1,1,2,0,1,0
419673,606,0.0,3.0,0.0,22,10,5,5,21,0,1,0
420324,4197,0.0,3.0,0.0,1,1,1,1,0,0,1,0
420491,2167,0.0,6.0,1.0,1,1,1,1,0,0,1,0
420560,4173,0.0,4.0,0.0,25,24,9,6,22,0,3,0
421166,4044,0.0,2.0,null,30,13,5,1,29,0,1,0
42117,1679,0.0,5.0,1.0,35,8,2,2,33,0,2,0
421611,1020,0.0,3.0,0.0,20,4,1,3,19,0,1,0
422350,2138,1.0,4.0,0.0,141,45,12,4,132,0,4,5
423121,3567,0.0,3.0,1.0,8,2,1,1,6,0,2,0
43095,3826,0.0,4.0,1.0,1,1,1,1,0,0,1,0
43663,4981,0.0,3.0,1.0,2,1,1,1,1,0,1,0
43873,3103,0.0,0.0,0.0,1,1,1,1,0,0,1,0
44631,4787,0.0,4.0,0.0,10,4,2,1,8,0,2,0
44741,3828,1.0,0.0,0.0,4,2,2,2,3,0,1,0
45287,2566,0.0,6.0,1.0,5,2,2,2,4,0,1,0
45381,3576,0.0,4.0,1.0,6,3,3,2,3,0,1,2
45437,588,0.0,3.0,1.0,4,1,1,1,3,0,1,0
46294,4091,1.0,4.0,1.0,5,1,1,2,4,0,1,0
46388,4474,0.0,2.0,0.0,1,1,1,1,0,0,1,0
46661,1347,0.0,3.0,0.0,6,3,1,1,4,0,2,0
4680,1272,0.0,3.0,1.0,1,1,1,1,0,0,1,0
47121,4992,0.0,0.0,0.0,11,1,1,3,9,0,1,1
47750,861,0.0,2.0,1.0,5,3,1,1,4,0,1,0
48005,1102,0.0,3.0,0.0,14,4,2,6,12,0,1,1
48362,4282,0.0,3.0,0.0,7,5,3,1,5,0,2,0
48956,2217,0.0,3.0,0.0,12,2,1,4,10,0,1,1
4914,962,0.0,3.0,0.0,3,1,1,1,2,0,1,0
49479,2031,0.0,3.0,0.0,3,2,1,1,2,0,1,0
50587,4424,0.0,5.0,1.0,1,1,1,1,0,0,1,0
50908,2448,0.0,5.0,1.0,3,1,1,1,2,0,1,0
50980,2236,0.0,5.0,0.0,8,7,5,1,7,0,1,0
51097,682,0.0,3.0,1.0,1,1,1,1,0,0,1,0
51516,4322,0.0,4.0,0.0,6,1,1,1,4,0,1,1
51611,1346,0.0,3.0,0.0,6,3,1,2,5,0,1,0
51714,3085,0.0,0.0,0.0,1,1,1,1,0,0,1,0
51780,2409,0.0,2.0,0.0,15,3,1,1,13,0,2,0
5232,2469,0.0,3.0,0.0,4,3,2,1,3,0,1,0
53507,2688,0.0,3.0,0.0,6,1,1,1,5,0,1,0
53938,4173,0.0,3.0,0.0,24,6,3,5,21,0,1,2
54380,2529,0.0,4.0,0.0,2,1,1,1,0,0,2,0
54602,2669,0.0,2.0,0.0,10,4,2,2,9,0,1,0
54707,1659,0.0,4.0,0.0,10,2,1,1,8,0,1,1
54920,1526,0.0,0.0,0.0,22,17,6,2,20,0,2,0
55027,4558,0.0,0.0,0.0,1,1,1,1,0,0,1,0
55438,3163,0.0,2.0,1.0,24,3,2,2,20,0,3,1
55561,4173,0.0,3.0,1.0,2,1,1,1,1,0,1,0
56212,4170,0.0,3.0,0.0,12,6,1,3,11,0,1,0
56221,357,0.0,0.0,0.0,11,6,2,3,8,0,3,0
56491,3685,0.0,2.0,0.0,3,1,1,1,2,0,1,0
56839,1495,0.0,6.0,1.0,2,1,1,1,1,0,1,0
57112,66,0.0,0.0,0.0,3,1,1,1,2,0,1,0
5722,1557,1.0,4.0,0.0,16,8,3,2,15,0,1,0
57731,1520,0.0,5.0,1.0,1,1,1,1,0,0,1,0
57843,3819,0.0,0.0,null,4,1,1,2,3,0,1,0
58049,4083,0.0,0.0,0.0,3,1,1,1,1,0,1,1
58190,4818,0.0,2.0,1.0,30,6,5,1,28,1,1,0
58541,2469,0.0,3.0,1.0,5,1,1,3,4,0,1,0
59028,1673,0.0,3.0,1.0,10,6,2,1,9,0,1,0
5903,4594,0.0,2.0,1.0,12,1,1,2,11,0,1,0
59150,1310,0.0,3.0,0.0,18,6,5,5,16,0,1,1
59151,1900,0.0,4.0,1.0,2,1,1,1,1,0,1,0
59268,608,0.0,0.0,0.0,9,1,1,1,8,0,1,0
59809,4388,0.0,3.0,1.0,2,1,1,1,1,0,1,0
59866,2459,0.0,7.0,0.0,7,4,2,2,6,0,1,0
60110,3126,0.0,3.0,0.0,4,1,1,1,2,0,2,0
60463,219,0.0,3.0,1.0,47,17,1,1,42,0,5,0
61686,2973,1.0,5.0,0.0,2,1,1,1,1,0,1,0
6201,1708,0.0,3.0,0.0,1,1,1,1,0,0,1,0
63385,548,0.0,0.0,0.0,3,1,1,1,2,0,1,0
63554,4648,0.0,3.0,1.0,2,1,1,1,1,0,1,0
63741,1959,0.0,3.0,0.0,13,5,3,2,9,0,4,0
63808,4976,0.0,3.0,0.0,71,23,3,16,58,0,1,12
63851,3734,0.0,3.0,1.0,3,2,2,1,2,0,1,0
64361,2482,0.0,2.0,0.0,2,1,1,1,0,0,1,1
64627,1875,0.0,5.0,0.0,17,5,4,2,15,0,2,0
64733,268,0.0,4.0,0.0,46,15,4,2,44,0,2,0
64864,2448,0.0,0.0,0.0,3,2,1,2,2,0,1,0
64946,1878,0.0,0.0,1.0,3,1,1,1,2,0,1,0
65765,643,0.0,3.0,1.0,29,5,2,3,23,2,2,2
66105,2721,0.0,0.0,1.0,4,1,1,1,3,0,1,0
66117,3609,0.0,0.0,0.0,35,17,1,5,29,0,1,5
66211,1892,0.0,4.0,2.0,11,6,2,1,9,0,2,0
66335,289,0.0,4.0,0.0,16,5,1,4,14,0,1,1
6678,326,0.0,5.0,0.0,3,2,1,1,2,0,1,0
67407,1923,0.0,4.0,0.0,2,1,1,1,1,0,1,0
67580,3623,0.0,2.0,2.0,40,13,3,6,38,0,2,0
67712,1520,0.0,6.0,1.0,3,1,1,1,2,0,1,0
67749,608,0.0,0.0,0.0,11,4,3,2,10,0,1,0
67807,2242,0.0,3.0,0.0,1,1,1,1,0,0,1,0
67974,4992,0.0,4.0,2.0,9,3,1,3,6,0,3,0
68370,310,0.0,3.0,1.0,2,2,2,1,0,0,2,0
68644,472,0.0,3.0,2.0,8,1,1,1,7,0,1,0
68745,4258,0.0,0.0,0.0,1,1,1,1,0,0,1,0
68806,2988,0.0,3.0,0.0,3,1,1,1,2,0,1,0
68894,4600,0.0,4.0,1.0,5,3,3,1,4,0,1,0
69396,219,0.0,0.0,0.0,5,1,1,1,3,0,2,0
69796,1760,0.0,6.0,0.0,40,21,1,4,36,0,2,2
69874,219,0.0,3.0,1.0,9,4,2,1,7,0,2,0
70089,1301,0.0,3.0,1.0,3,1,1,1,2,0,1,0
70345,4048,0.0,5.0,0.0,6,1,1,1,4,0,2,0
70585,1761,0.0,6.0,2.0,9,4,2,1,8,0,1,0
71152,4444,0.0,5.0,2.0,13,10,3,1,11,0,2,0
71304,3955,0.0,2.0,1.0,13,2,2,1,12,0,1,0
71846,4966,0.0,3.0,0.0,2,2,2,1,0,0,2,0
72159,1131,0.0,4.0,0.0,4,3,2,1,3,0,1,0
72608,2473,0.0,3.0,1.0,5,2,1,1,4,0,1,0
73241,931,0.0,3.0,0.0,11,2,2,1,10,0,1,0
73291,3500,0.0,0.0,1.0,12,2,1,1,11,0,1,0
73678,2954,0.0,3.0,0.0,5,3,3,1,4,0,1,0
73795,794,0.0,0.0,1.0,15,8,1,1,14,0,1,0
74430,168,1.0,3.0,0.0,5,5,3,1,0,0,5,0
74562,3558,0.0,2.0,1.0,13,1,1,1,12,0,1,0
74645,4992,0.0,3.0,0.0,2,1,1,1,1,0,1,0
75031,3271,0.0,5.0,1.0,6,1,1,3,5,0,1,0
75161,2403,0.0,3.0,0.0,133,40,3,5,122,0,2,9
7530,3828,1.0,6.0,0.0,71,28,13,4,63,0,7,1
7541,3029,0.0,0.0,0.0,8,1,1,3,7,0,1,0
75572,4698,0.0,0.0,1.0,7,1,1,2,6,0,1,0
75690,4090,0.0,3.0,0.0,2,1,1,2,1,0,1,0
76133,2709,1.0,4.0,0.0,10,4,2,1,9,0,1,0
7661,3635,0.0,0.0,null,4,1,1,1,3,0,1,0
7689,4044,0.0,3.0,0.0,61,30,10,3,60,0,1,0
7743,2935,0.0,2.0,0.0,14,1,1,1,13,0,1,0
77570,3958,0.0,6.0,0.0,15,9,3,2,14,0,1,0
78073,257,0.0,8.0,0.0,3,1,1,2,2,0,1,0
78106,3613,1.0,2.0,0.0,4,1,1,1,3,0,1,0
78122,806,0.0,3.0,null,71,22,6,9,67,0,1,3
7822,1102,0.0,3.0,0.0,5,3,1,1,4,0,1,0
78285,1784,0.0,0.0,0.0,2,2,1,1,0,0,2,0
783,2511,1.0,0.0,0.0,2,1,1,1,0,0,1,1
78465,798,0.0,3.0,0.0,10,3,2,4,8,0,1,1
78953,586,0.0,0.0,0.0,19,9,3,3,17,0,2,0
7957,962,0.0,0.0,1.0,4,2,2,1,2,0,2,0
79613,2915,0.0,3.0,0.0,5,2,1,2,4,0,1,0
79790,4392,1.0,0.0,0.0,5,1,1,2,4,0,1,0
79920,3545,0.0,3.0,1.0,2,1,1,1,1,0,1,0
79962,1861,1.0,6.0,0.0,45,1,1,1,44,0,1,0
80080,3323,0.0,5.0,0.0,8,4,1,2,6,0,2,0
80356,161,0.0,5.0,1.0,7,2,1,1,6,0,1,0
8042,682,0.0,3.0,1.0,13,3,2,2,10,0,1,2
80489,2193,0.0,0.0,0.0,5,2,2,2,4,0,1,0
8128,2981,0.0,6.0,0.0,7,3,1,2,6,0,1,0
81281,3936,0.0,3.0,2.0,4,1,1,1,3,0,1,0
81293,2928,0.0,5.0,0.0,8,5,2,1,5,0,3,0
81510,4756,0.0,4.0,1.0,26,14,2,2,24,0,2,0
81678,4282,0.0,0.0,1.0,4,1,1,1,3,0,1,0
81754,594,0.0,3.0,0.0,3,1,1,1,2,0,1,0
81812,2193,0.0,2.0,1.0,1,1,1,1,0,0,1,0
81939,2140,0.0,0.0,0.0,5,1,1,4,4,0,1,0
82442,2031,0.0,0.0,1.0,7,2,2,2,6,0,1,0
82471,1403,0.0,0.0,0.0,3,1,1,1,2,0,1,0
82696,2459,0.0,3.0,0.0,5,2,2,2,4,0,1,0
8321,2669,0.0,3.0,0.0,43,15,6,2,41,0,2,0
83938,2693,0.0,6.0,0.0,7,4,1,2,5,0,1,1
84345,4173,0.0,0.0,0.0,8,6,3,1,7,0,1,0
84355,3941,0.0,4.0,1.0,7,4,3,3,6,0,1,0
84557,3266,1.0,2.0,1.0,3,1,1,1,2,0,1,0
84593,1760,0.0,3.0,0.0,8,6,1,1,6,0,2,0
8493,3971,0.0,2.0,1.0,10,5,2,3,8,0,1,1
84967,786,0.0,0.0,0.0,2,1,1,1,1,0,1,0
85190,2821,0.0,0.0,1.0,10,2,1,1,9,0,1,0
85627,2072,0.0,3.0,0.0,6,1,1,1,4,0,1,1
85833,3971,0.0,2.0,1.0,3,1,1,2,2,0,1,0
86270,4993,0.0,2.0,1.0,4,2,1,2,2,0,1,1
87279,810,0.0,0.0,1.0,7,2,1,1,4,0,1,2
87344,2417,1.0,4.0,0.0,4,1,1,3,1,0,1,2
87470,4731,0.0,3.0,0.0,9,1,1,1,8,0,1,0
87470,4976,0.0,3.0,0.0,5,2,1,1,4,0,1,0
87501,1049,0.0,2.0,1.0,2,1,1,1,1,0,1,0
87515,120,0.0,3.0,1.0,11,2,2,2,7,0,4,0
87637,4079,1.0,0.0,1.0,5,3,1,1,4,0,1,0
87857,4234,1.0,5.0,1.0,6,2,2,1,4,0,2,0
8797,474,0.0,3.0,0.0,6,1,1,1,5,0,1,0
88083,3828,0.0,5.0,0.0,27,18,8,3,26,0,1,0
88455,3473,0.0,3.0,0.0,2,1,1,1,1,0,1,0
88499,3288,0.0,3.0,0.0,4,1,1,2,3,0,1,0
88550,4480,0.0,5.0,0.0,10,2,1,3,9,0,1,0
88577,598,0.0,3.0,0.0,3,1,1,1,2,0,1,0
8886,2136,0.0,3.0,1.0,26,14,6,6,23,0,3,0
89030,625,0.0,3.0,0.0,3,2,1,1,2,0,1,0
89391,4186,0.0,5.0,0.0,13,10,2,1,12,0,1,0
90010,4110,0.0,4.0,1.0,5,1,1,1,4,0,1,0
90157,1102,0.0,0.0,0.0,8,1,1,1,7,0,1,0
90372,2397,0.0,5.0,0.0,5,2,2,1,3,0,2,0
90649,3828,0.0,4.0,0.0,8,5,3,2,7,0,1,0
90708,3828,0.0,0.0,0.0,2,2,2,1,1,0,1,0
90791,3910,0.0,0.0,0.0,3,1,1,1,1,0,2,0
91157,3472,1.0,4.0,1.0,2,1,1,1,1,0,1,0
91387,4282,1.0,4.0,0.0,46,21,6,5,40,0,2,4
91406,3784,0.0,7.0,0.0,6,1,1,1,5,0,1,0
91817,1067,0.0,3.0,0.0,3,1,1,2,2,0,1,0
92330,4818,1.0,3.0,0.0,11,7,4,1,10,0,1,0
92446,4718,0.0,4.0,0.0,3,2,2,2,0,0,1,2
9248,4882,0.0,4.0,0.0,8,5,2,1,6,0,2,0
92502,1411,0.0,2.0,0.0,3,1,1,1,1,0,2,0
93362,588,0.0,2.0,0.0,6,1,1,3,3,0,1,2
93385,4536,0.0,3.0,0.0,14,4,1,2,8,1,2,3
93457,2278,1.0,0.0,0.0,10,3,2,3,9,0,1,0
93481,3445,0.0,4.0,0.0,4,2,2,1,3,0,1,0
93580,598,0.0,3.0,1.0,5,1,1,2,4,0,1,0
93653,2217,0.0,4.0,0.0,2,1,1,1,1,0,1,0
94118,3080,0.0,3.0,1.0,2,1,1,1,1,0,1,0
94371,2721,0.0,0.0,0.0,3,1,1,1,2,0,1,0
94524,3392,0.0,4.0,0.0,5,1,1,1,4,0,1,0
94583,3640,0.0,4.0,0.0,4,3,2,2,1,0,1,2
95577,2273,0.0,3.0,1.0,1,1,1,1,0,0,1,0
95686,3289,0.0,6.0,0.0,5,3,2,2,2,0,3,0
96205,324,0.0,null,null,13,2,1,2,10,2,1,0
96324,265,0.0,3.0,0.0,6,4,1,1,3,0,3,0
96780,1346,0.0,2.0,0.0,25,11,1,3,24,0,1,0
9681,226,0.0,0.0,0.0,3,1,1,1,2,0,1,0
96902,4173,0.0,4.0,0.0,26,8,4,2,25,0,1,0
97121,1742,0.0,5.0,0.0,4,2,1,2,3,0,1,0
97207,2821,0.0,6.0,1.0,12,2,2,3,8,0,2,2
97492,3766,0.0,0.0,0.0,37,28,9,2,35,0,2,0
98267,4173,0.0,3.0,0.0,56,21,5,5,49,0,1,6
99064,2936,0.0,0.0,1.0,4,3,1,1,3,0,1,0
99322,3982,0.0,3.0,1.0,9,2,1,1,7,0,1,1
99523,3619,0.0,3.0,null,5,2,1,1,4,0,1,0
99697,4760,0.0,6.0,0.0,1,1,1,1,0,0,1,0
99982,66,0.0,4.0,2.0,15,5,1,1,13,0,2,0
