100225,697,0.0,0.0,0.0,2,1,1,1,1,0,1,0
100239,1922,0.0,5.0,0.0,6,1,1,1,4,0,1,1
100475,806,0.0,4.0,null,34,10,3,2,33,0,1,0
101190,2291,0.0,0.0,null,14,5,2,1,13,0,1,0
101330,1659,0.0,5.0,0.0,5,2,1,2,3,0,1,1
102164,3199,0.0,0.0,1.0,6,3,2,1,5,0,1,0
102304,1749,0.0,4.0,1.0,4,1,1,1,2,0,2,0
102478,2047,0.0,0.0,0.0,5,2,2,2,4,0,1,0
103053,3629,0.0,3.0,0.0,5,4,1,2,3,0,2,0
103227,1724,0.0,5.0,0.0,5,1,1,3,4,0,1,0
103247,3088,0.0,4.0,0.0,8,1,1,1,6,0,2,0
103634,2124,0.0,0.0,0.0,14,7,1,2,12,0,2,0
103805,1345,0.0,3.0,1.0,2,1,1,1,1,0,1,0
104070,861,0.0,2.0,1.0,2,1,1,2,1,0,1,0
104686,1031,1.0,5.0,0.0,10,2,1,2,8,0,2,0
104975,4302,0.0,4.0,1.0,5,1,1,1,4,0,1,0
104993,1056,1.0,3.0,0.0,29,16,8,1,25,0,4,0
105261,1200,0.0,4.0,0.0,3,1,1,1,2,0,1,0
105500,2469,0.0,5.0,0.0,8,1,1,1,7,0,1,0
107156,685,0.0,4.0,0.0,2,1,1,1,1,0,1,0
107316,3828,0.0,4.0,0.0,15,7,5,2,12,0,3,0
108114,1605,0.0,3.0,1.0,10,5,1,2,5,0,5,0
108482,1186,0.0,0.0,1.0,2,1,1,2,1,0,1,0
108995,2795,0.0,5.0,0.0,10,6,5,1,7,0,3,0
109034,1031,0.0,0.0,0.0,5,1,1,1,4,0,1,0
109431,3734,1.0,2.0,1.0,30,9,5,2,16,0,5,9
109568,4265,0.0,3.0,0.0,55,36,12,3,51,0,4,0
110221,3247,0.0,3.0,0.0,1,1,1,1,0,0,1,0
110474,1018,0.0,3.0,0.0,4,1,1,3,3,0,1,0
110558,4850,0.0,4.0,0.0,2,2,2,1,0,0,2,0
110607,1910,0.0,2.0,0.0,5,1,1,2,4,0,1,0
110691,4385,0.0,0.0,0.0,4,1,1,1,2,1,1,0
110751,1487,0.0,3.0,0.0,7,2,1,3,6,0,1,0
110805,322,0.0,null,null,2,1,1,1,1,0,1,0
111026,443,0.0,8.0,0.0,7,2,1,1,6,0,1,0
111261,416,0.0,0.0,1.0,2,2,1,1,0,0,2,0
111424,3519,0.0,6.0,1.0,7,1,1,1,5,0,1,1
111539,4125,0.0,3.0,1.0,6,3,1,4,2,0,1,3
111902,4143,0.0,3.0,1.0,39,21,14,4,38,0,1,0
112224,606,0.0,3.0,0.0,18,5,3,3,14,0,2,2
11375,1588,0.0,5.0,0.0,2,1,1,1,1,0,1,0
113822,3683,0.0,4.0,0.0,9,1,1,2,8,0,1,0
114469,2180,1.0,0.0,0.0,15,8,4,1,9,0,6,0
114562,935,0.0,6.0,1.0,19,5,2,3,15,3,1,0
114566,1008,0.0,3.0,0.0,4,1,1,1,3,0,1,0
114718,4282,0.0,0.0,0.0,2,1,1,2,1,0,1,0
115093,748,0.0,0.0,1.0,14,3,1,4,12,1,1,0
1151,4966,0.0,4.0,0.0,3,1,1,1,2,0,1,0
11535,682,0.0,2.0,0.0,5,2,1,1,4,0,1,0
117056,3171,0.0,4.0,1.0,4,1,1,1,3,0,1,0
11738,960,0.0,0.0,0.0,7,2,1,2,6,0,1,0
117631,4358,0.0,0.0,1.0,9,1,1,2,8,0,1,0
117771,3205,0.0,2.0,0.0,1,1,1,1,0,0,1,0
117868,114,0.0,4.0,0.0,23,9,1,2,22,0,1,0
117875,643,0.0,4.0,0.0,4,1,1,3,3,0,1,0
117917,3640,0.0,3.0,0.0,5,1,1,1,4,0,1,0
117973,1890,0.0,4.0,0.0,6,1,1,2,5,0,1,0
118125,4433,0.0,6.0,0.0,5,3,1,1,2,0,3,0
118368,2824,0.0,0.0,1.0,4,2,1,1,3,0,1,0
118816,2193,0.0,3.0,0.0,8,4,2,1,7,0,1,0
119528,2162,0.0,4.0,1.0,16,10,1,2,15,0,1,0
119754,1193,0.0,2.0,0.0,4,1,1,1,3,0,1,0
120237,4648,0.0,0.0,0.0,2,1,1,1,1,0,1,0
12048,3173,0.0,3.0,0.0,3,1,1,1,1,0,2,0
120676,3063,0.0,4.0,0.0,5,3,2,2,4,0,1,0
120777,1861,0.0,0.0,1.0,6,2,1,1,4,0,2,0
12083,4642,0.0,4.0,0.0,3,2,2,1,2,0,1,0
1223,3618,0.0,5.0,0.0,1,1,1,1,0,0,1,0
122529,1272,0.0,0.0,1.0,2,1,1,1,1,0,1,0
122965,4913,0.0,4.0,1.0,3,1,1,2,2,0,1,0
122995,293,0.0,3.0,0.0,1,1,1,1,0,0,1,0
123512,326,0.0,0.0,0.0,1,1,1,1,0,0,1,0
123694,2954,0.0,3.0,0.0,21,7,6,3,17,0,4,0
123910,4287,1.0,4.0,0.0,25,3,2,1,23,0,2,0
125715,3578,0.0,6.0,0.0,5,2,1,1,4,0,1,0
125719,467,0.0,4.0,0.0,11,3,1,1,9,0,2,0
126030,3392,0.0,6.0,1.0,3,1,1,1,2,0,1,0
126717,2721,0.0,4.0,0.0,3,2,1,2,0,0,1,2
126768,3910,0.0,3.0,0.0,6,2,2,1,5,0,1,0
127138,3828,0.0,3.0,0.0,8,4,2,2,7,0,1,0
127182,1499,0.0,6.0,2.0,1,1,1,1,0,0,1,0
127606,3339,0.0,2.0,0.0,10,3,1,2,9,0,1,0
127774,3968,0.0,2.0,0.0,4,2,2,1,3,0,1,0
128537,141,0.0,2.0,1.0,2,1,1,1,0,0,1,1
128654,806,0.0,3.0,0.0,50,18,8,2,48,0,2,0
12867,3536,0.0,3.0,0.0,3,1,1,1,2,0,1,0
128701,1342,0.0,4.0,0.0,7,1,1,1,6,0,1,0
12875,3323,0.0,3.0,1.0,31,13,1,2,30,0,1,0
128871,4847,0.0,0.0,0.0,24,11,7,4,22,0,2,0
128925,416,0.0,6.0,1.0,5,1,1,2,4,0,1,0
128948,4454,0.0,3.0,0.0,17,8,1,3,16,0,1,0
129248,3457,1.0,4.0,0.0,3,1,1,2,1,0,1,1
129271,102,0.0,4.0,0.0,8,2,1,2,7,0,1,0
129575,1066,0.0,4.0,0.0,6,1,1,2,5,0,1,0
129671,4607,0.0,4.0,1.0,8,3,1,1,7,0,1,0
130698,1725,0.0,4.0,2.0,10,1,1,1,9,0,1,0
131057,1489,0.0,5.0,0.0,8,2,1,3,6,0,2,0
131092,4818,0.0,4.0,0.0,9,4,2,1,8,0,1,0
131270,4659,0.0,3.0,0.0,10,4,3,3,8,0,2,0
131390,4536,0.0,5.0,0.0,2,1,1,1,1,0,1,0
131694,1764,0.0,2.0,0.0,1,1,1,1,0,0,1,0
132000,2193,0.0,2.0,1.0,1,1,1,1,0,0,1,0
13284,114,0.0,5.0,0.0,6,3,1,2,5,0,1,0
132868,1399,0.0,3.0,1.0,4,1,1,1,3,0,1,0
132919,2680,0.0,5.0,0.0,1,1,1,1,0,0,1,0
133102,2916,0.0,4.0,0.0,3,2,1,1,2,0,1,0
133552,1861,1.0,0.0,0.0,9,3,2,2,8,0,1,0
133844,2291,0.0,3.0,0.0,2,1,1,1,1,0,1,0
134550,4042,0.0,3.0,0.0,9,1,1,1,8,0,1,0
134674,3839,0.0,5.0,0.0,35,11,3,2,33,0,2,0
134740,682,0.0,0.0,1.0,1,1,1,1,0,0,1,0
135248,3925,1.0,5.0,0.0,17,5,2,6,16,0,1,0
135379,1618,0.0,5.0,1.0,4,2,2,1,2,0,2,0
135411,1322,0.0,2.0,1.0,13,3,1,1,12,0,1,0
135513,2821,0.0,3.0,0.0,12,8,2,1,11,0,1,0
136100,2225,0.0,2.0,0.0,47,23,6,3,44,0,1,2
136226,1923,0.0,4.0,2.0,7,3,1,2,6,0,1,0
136295,2810,0.0,6.0,0.0,8,2,1,3,7,0,1,0
136765,1281,0.0,4.0,0.0,6,1,1,1,5,0,1,0
137803,3839,0.0,6.0,1.0,18,6,2,1,16,0,2,0
138232,402,0.0,5.0,1.0,7,3,1,2,6,0,1,0
138394,1726,1.0,3.0,0.0,1,1,1,1,0,0,1,0
13847,3971,0.0,5.0,0.0,8,2,1,3,7,0,1,0
138476,1679,1.0,3.0,1.0,16,7,1,1,15,0,1,0
138610,4986,0.0,3.0,0.0,4,1,1,1,3,0,1,0
139272,4480,1.0,4.0,0.0,10,3,2,1,9,0,1,0
139539,803,0.0,0.0,0.0,43,30,6,2,42,0,1,0
139911,4760,0.0,0.0,1.0,8,3,3,1,5,0,3,0
139952,4090,0.0,0.0,0.0,17,3,1,1,16,0,1,0
140132,3484,0.0,4.0,1.0,10,2,2,2,9,0,1,0
140219,3971,0.0,3.0,1.0,3,1,1,1,2,0,1,0
140498,3092,1.0,3.0,0.0,5,3,1,1,4,0,1,0
140641,786,0.0,0.0,0.0,20,3,1,3,18,0,1,1
140745,3477,0.0,0.0,0.0,9,3,1,2,7,0,1,1
141159,1514,0.0,0.0,0.0,2,1,1,1,1,0,1,0
141365,3965,0.0,3.0,0.0,21,12,1,1,19,0,2,0
141370,200,0.0,4.0,2.0,1,1,1,1,0,0,1,0
14139,4079,1.0,5.0,0.0,7,1,1,1,5,0,2,0
141509,4705,0.0,3.0,1.0,2,1,1,1,1,0,1,0
141910,3419,0.0,3.0,0.0,7,3,1,2,6,0,1,0
142099,3819,0.0,3.0,1.0,3,1,1,1,2,0,1,0
142152,4090,0.0,5.0,0.0,3,1,1,2,1,0,1,1
142235,1833,0.0,3.0,1.0,7,2,2,1,5,0,2,0
143472,2857,0.0,2.0,0.0,2,1,1,1,1,0,1,0
143897,2284,0.0,0.0,1.0,5,1,1,2,3,0,1,1
143991,2796,0.0,4.0,1.0,3,1,1,1,2,0,1,0
14414,4305,1.0,3.0,0.0,20,5,1,1,15,0,2,3
144497,4765,0.0,0.0,1.0,4,1,1,1,3,0,1,0
144739,1068,0.0,4.0,1.0,2,1,1,1,1,0,1,0
144933,3941,0.0,3.0,1.0,6,4,2,4,2,0,2,2
145591,3173,1.0,2.0,1.0,3,1,1,1,1,0,2,0
145672,3345,0.0,0.0,null,3,1,1,3,1,0,1,1
146428,1944,0.0,6.0,0.0,14,3,3,2,11,0,3,0
146795,1203,0.0,0.0,0.0,25,9,7,1,24,0,1,0
147115,474,0.0,2.0,0.0,13,10,8,4,6,0,6,1
147410,3825,0.0,3.0,0.0,9,4,3,1,7,0,2,0
147559,962,0.0,0.0,0.0,2,1,1,2,0,0,1,1
147640,4850,0.0,5.0,0.0,1,1,1,1,0,0,1,0
147807,2482,0.0,2.0,0.0,11,2,1,6,8,0,1,2
148513,4083,0.0,3.0,0.0,21,3,1,3,18,0,1,2
148532,3266,1.0,5.0,0.0,2,1,1,2,0,0,1,1
148663,2465,1.0,2.0,0.0,5,2,1,1,4,0,1,0
148883,4173,0.0,3.0,0.0,8,2,2,3,7,0,1,0
14951,547,0.0,2.0,0.0,2,1,1,1,1,0,1,0
149878,490,0.0,4.0,0.0,4,1,1,1,3,0,1,0
150369,2928,0.0,3.0,0.0,10,2,1,2,7,0,1,2
150716,1884,0.0,0.0,1.0,2,1,1,1,1,0,1,0
150783,4385,0.0,5.0,0.0,10,3,2,1,9,0,1,0
151015,4760,0.0,4.0,0.0,3,1,1,2,2,0,1,0
151413,4985,1.0,6.0,0.0,20,10,4,2,19,0,1,0
151454,2569,0.0,0.0,0.0,6,4,1,1,5,0,1,0
151555,310,0.0,2.0,1.0,9,4,3,2,8,0,1,0
152134,1415,0.0,6.0,1.0,5,3,3,3,4,0,1,0
152413,4287,1.0,4.0,1.0,5,2,2,2,3,0,2,0
15242,2744,0.0,0.0,1.0,2,1,1,1,0,0,2,0
152504,2108,0.0,3.0,1.0,1,1,1,1,0,0,1,0
152611,241,0.0,6.0,1.0,2,1,1,1,1,0,1,0
152682,3288,0.0,5.0,1.0,5,1,1,1,4,0,1,0
152981,1875,0.0,6.0,0.0,38,20,6,1,34,0,4,0
153351,2448,0.0,6.0,0.0,7,1,1,2,5,0,1,1
153376,1501,0.0,6.0,1.0,6,2,2,3,5,0,1,0
153577,3022,0.0,3.0,1.0,2,1,1,1,0,0,1,1
154144,2003,0.0,3.0,1.0,2,1,1,1,1,0,1,0
154682,3809,0.0,4.0,0.0,7,4,2,1,6,0,1,0
154868,588,0.0,3.0,0.0,5,2,1,2,4,0,1,0
154926,1056,0.0,0.0,0.0,1,1,1,1,0,0,1,0
155182,3176,0.0,4.0,0.0,8,2,2,2,7,0,1,0
155200,1301,0.0,6.0,0.0,23,5,1,3,20,0,1,2
155551,3578,0.0,5.0,0.0,5,2,1,1,4,0,1,0
15556,3519,1.0,2.0,0.0,4,1,1,1,2,0,2,0
155781,1861,0.0,0.0,2.0,2,1,1,1,1,0,1,0
156304,2403,0.0,4.0,0.0,16,10,2,1,15,0,1,0
156367,438,0.0,3.0,0.0,2,1,1,1,1,0,1,0
156487,598,0.0,4.0,1.0,10,1,1,1,9,0,1,0
156723,2397,0.0,4.0,0.0,6,3,2,1,5,0,1,0
157028,3016,0.0,2.0,0.0,1,1,1,1,0,0,1,0
157261,1028,0.0,0.0,1.0,2,1,1,1,1,0,1,0
157499,606,0.0,4.0,0.0,1,1,1,1,0,0,1,0
157692,4322,0.0,4.0,1.0,4,1,1,1,3,0,1,0
157919,3350,0.0,0.0,0.0,20,6,1,1,17,0,3,0
158138,4346,0.0,5.0,1.0,1,1,1,1,0,0,1,0
158230,4385,0.0,0.0,0.0,3,2,2,1,2,0,1,0
158525,503,1.0,3.0,0.0,3,1,1,1,2,0,1,0
158737,4170,0.0,0.0,0.0,4,2,1,1,2,0,2,0
15900,503,0.0,2.0,0.0,4,1,1,2,3,0,1,0
15905,2318,0.0,4.0,0.0,8,1,1,1,7,0,1,0
159237,4044,0.0,2.0,0.0,2,2,2,1,1,0,1,0
159253,4073,0.0,2.0,0.0,10,4,1,3,9,0,1,0
159757,4097,0.0,3.0,0.0,1,1,1,1,0,0,1,0
160701,4044,0.0,0.0,0.0,3,1,1,2,2,0,1,0
160750,2919,0.0,0.0,0.0,4,1,1,1,3,0,1,0
161126,3571,0.0,4.0,0.0,5,3,1,2,4,0,1,0
161264,2242,0.0,5.0,0.0,14,8,5,2,8,0,6,0
161521,962,0.0,0.0,0.0,7,1,1,1,5,0,2,0
161793,2537,0.0,0.0,0.0,2,1,1,1,1,0,1,0
162672,323,0.0,6.0,1.0,15,4,1,2,14,0,1,0
162900,625,0.0,4.0,0.0,3,2,1,1,2,0,1,0
162958,3161,0.0,0.0,0.0,17,6,2,3,16,0,1,0
162966,3925,1.0,3.0,0.0,39,11,5,7,36,0,1,2
16297,4472,0.0,0.0,1.0,5,1,1,1,4,0,1,0
163424,4787,0.0,4.0,0.0,1,1,1,1,0,0,1,0
16344,2193,0.0,0.0,0.0,1,1,1,1,0,0,1,0
163669,1760,0.0,0.0,0.0,23,13,3,5,21,0,2,0
163682,2579,0.0,3.0,null,3,2,2,1,2,0,1,0
164365,4818,0.0,4.0,1.0,42,6,3,5,38,0,3,1
16446,3290,0.0,0.0,0.0,3,1,1,1,1,0,2,0
164972,1356,0.0,3.0,0.0,3,2,1,1,2,0,1,0
165305,1964,0.0,3.0,1.0,42,18,11,5,40,0,2,0
165343,4966,0.0,4.0,0.0,12,3,1,4,9,0,1,2
165803,66,0.0,2.0,null,2,1,1,1,1,0,1,0
166522,2099,0.0,0.0,0.0,3,1,1,1,2,0,1,0
16670,3159,0.0,2.0,1.0,15,3,2,3,14,0,1,0
167398,2880,0.0,2.0,0.0,2,1,1,1,1,0,1,0
167897,2303,1.0,0.0,0.0,9,4,1,1,8,0,1,0
168042,1485,0.0,5.0,0.0,14,8,3,2,11,0,3,0
168783,2236,0.0,3.0,0.0,11,1,1,3,9,0,2,0
168863,1291,1.0,3.0,1.0,6,3,2,1,5,0,1,0
169351,3578,0.0,4.0,0.0,30,11,3,2,28,0,2,0
169560,4090,0.0,5.0,0.0,2,1,1,2,0,0,1,1
169969,702,0.0,3.0,1.0,4,1,1,1,2,0,1,1
169987,2278,0.0,2.0,0.0,5,3,3,2,0,0,2,3
17026,145,0.0,2.0,0.0,25,15,1,1,24,0,1,0
170544,606,0.0,3.0,0.0,18,3,2,4,17,0,1,0
170552,3971,0.0,3.0,0.0,19,3,2,2,18,0,1,0
171172,3734,0.0,3.0,2.0,12,3,3,2,11,0,1,0
171582,3105,0.0,3.0,0.0,30,4,1,3,23,0,6,1
171626,1340,0.0,4.0,0.0,44,23,5,2,40,0,4,0
172072,3753,0.0,5.0,2.0,3,1,1,1,2,0,1,0
17274,1483,1.0,3.0,0.0,2,1,1,1,1,0,1,0
172756,4277,0.0,3.0,1.0,18,1,1,3,17,0,1,0
173894,2626,0.0,3.0,1.0,4,2,2,1,2,0,2,0
174281,804,0.0,5.0,0.0,14,8,7,1,9,0,5,0
174366,2537,0.0,3.0,0.0,3,1,1,1,1,1,1,0
174421,3176,0.0,3.0,0.0,4,2,2,1,3,0,1,0
174692,1133,0.0,3.0,0.0,9,3,1,1,7,0,2,0
174977,1514,0.0,0.0,1.0,3,1,1,2,2,0,1,0
176158,594,0.0,2.0,0.0,18,9,5,2,16,0,2,0
176208,4607,0.0,6.0,0.0,34,14,3,6,29,0,2,3
177526,4044,0.0,4.0,1.0,1,1,1,1,0,0,1,0
17793,110,0.0,6.0,0.0,16,2,1,5,15,0,1,0
178002,3682,0.0,3.0,1.0,15,5,1,2,11,0,1,3
178433,4044,1.0,6.0,0.0,2,2,2,2,1,0,1,0
178533,2828,0.0,6.0,0.0,19,11,2,13,18,0,1,0
178799,1833,0.0,4.0,1.0,84,32,1,1,82,0,2,0
179301,2173,0.0,3.0,0.0,1,1,1,1,0,0,1,0
179443,372,0.0,0.0,0.0,1,1,1,1,0,0,1,0
180414,760,0.0,3.0,1.0,3,1,1,1,2,0,1,0
180552,3828,0.0,4.0,0.0,14,11,6,5,12,0,2,0
180984,4043,0.0,3.0,0.0,2,1,1,1,1,0,1,0
181572,4535,0.0,4.0,0.0,16,5,1,1,15,0,1,0
181954,3828,0.0,5.0,1.0,18,7,5,4,16,0,1,1
181979,4950,0.0,3.0,1.0,1,1,1,1,0,0,1,0
182111,2128,0.0,6.0,0.0,6,2,1,2,4,1,1,0
182253,4173,0.0,4.0,0.0,17,8,3,3,16,0,1,0
182297,1724,0.0,4.0,0.0,9,5,1,1,8,0,1,0
182437,3826,1.0,4.0,0.0,7,1,1,2,5,0,2,0
182604,4044,0.0,0.0,0.0,7,3,2,1,5,0,2,0
182605,4658,0.0,2.0,1.0,5,3,1,2,0,0,2,3
182819,777,0.0,2.0,0.0,2,1,1,1,1,0,1,0
182880,4129,0.0,4.0,0.0,83,46,7,5,82,0,1,0
183150,2669,0.0,4.0,1.0,5,3,3,1,4,0,1,0
183258,120,0.0,3.0,0.0,1,1,1,1,0,0,1,0
183259,227,0.0,6.0,1.0,41,21,3,2,37,0,1,3
18403,4558,0.0,2.0,0.0,8,4,1,2,6,0,2,0
184298,2954,0.0,5.0,0.0,17,6,3,3,10,0,3,4
184322,3085,0.0,3.0,2.0,4,2,1,1,3,0,1,0
184681,4864,0.0,0.0,0.0,1,1,1,1,0,0,1,0
184821,2313,0.0,3.0,0.0,21,8,2,1,19,0,2,0
184898,1103,0.0,2.0,0.0,7,1,1,1,6,0,1,0
185249,489,0.0,3.0,0.0,3,1,1,2,2,0,1,0
185336,4079,0.0,0.0,0.0,3,1,1,1,2,0,1,0
185430,1022,0.0,3.0,0.0,2,1,1,1,1,0,1,0
185497,3839,0.0,3.0,1.0,32,18,2,4,29,0,1,2
185876,4043,0.0,6.0,0.0,4,1,1,1,3,0,1,0
18610,1840,0.0,5.0,0.0,3,1,1,2,2,0,1,0
186732,1310,0.0,0.0,0.0,26,10,4,2,25,0,1,0
186903,4938,0.0,0.0,0.0,6,1,1,2,5,0,1,0
187347,2343,0.0,6.0,1.0,5,1,1,1,3,0,2,0
188375,1760,0.0,0.0,1.0,1,1,1,1,0,0,1,0
18945,3545,0.0,3.0,0.0,3,1,1,2,2,0,1,0
189531,215,0.0,6.0,0.0,7,1,1,2,5,0,1,1
18954,2099,0.0,6.0,1.0,6,2,2,2,5,0,1,0
189722,1487,0.0,0.0,0.0,5,1,1,1,4,0,1,0
189945,98,0.0,4.0,0.0,1,1,1,1,0,0,1,0
189979,4976,0.0,2.0,0.0,10,5,3,1,9,0,1,0
190106,114,0.0,3.0,2.0,25,16,2,1,23,0,2,0
190189,2318,0.0,3.0,1.0,6,5,2,1,5,0,1,0
190591,4044,0.0,3.0,0.0,4,2,1,1,3,0,1,0
190989,121,0.0,4.0,0.0,24,10,5,1,19,1,4,0
191055,4394,1.0,6.0,0.0,9,1,1,3,8,0,1,0
191434,372,0.0,3.0,0.0,4,2,1,1,3,0,1,0
192170,3095,0.0,3.0,1.0,2,1,1,1,1,0,1,0
192503,606,1.0,6.0,0.0,3,1,1,1,2,0,1,0
192830,3734,0.0,0.0,1.0,22,7,2,1,21,0,1,0
192940,3148,0.0,0.0,0.0,24,12,4,2,22,1,1,0
193322,4480,0.0,6.0,1.0,1,1,1,1,0,0,1,0
193406,3173,0.0,2.0,1.0,1,1,1,1,0,0,1,0
193487,685,0.0,4.0,0.0,2,1,1,1,1,0,1,0
193786,3541,0.0,0.0,0.0,2,1,1,1,1,0,1,0
193915,1763,0.0,0.0,1.0,3,1,1,1,2,0,1,0
194036,441,1.0,6.0,0.0,17,9,4,1,14,0,3,0
194314,1833,0.0,3.0,0.0,60,33,9,4,59,0,1,0
194517,3460,0.0,4.0,0.0,4,1,1,1,3,0,1,0
19459,4480,1.0,0.0,0.0,32,20,4,3,31,0,1,0
19462,198,0.0,2.0,0.0,3,1,1,1,2,0,1,0
194806,3424,0.0,0.0,0.0,12,4,2,3,9,0,2,1
194953,219,0.0,0.0,1.0,2,1,1,1,1,0,1,0
195086,4463,0.0,3.0,0.0,15,5,1,2,13,0,1,1
195586,2928,0.0,3.0,1.0,16,10,2,5,13,0,1,2
196163,4044,0.0,3.0,1.0,3,1,1,1,2,0,1,0
196342,4919,0.0,4.0,0.0,17,8,6,1,12,0,5,0
196442,1884,0.0,0.0,1.0,27,8,1,1,25,0,2,0
196883,2913,0.0,4.0,0.0,14,3,1,1,13,0,1,0
196934,3826,1.0,5.0,0.0,2,1,1,1,1,0,1,0
197059,1618,0.0,2.0,1.0,10,1,1,2,8,0,1,1
197336,2401,0.0,6.0,1.0,12,10,2,2,11,0,1,0
197363,1890,0.0,4.0,0.0,5,3,1,1,3,0,2,0
197616,2537,0.0,3.0,0.0,18,10,6,3,15,0,3,0
19840,1049,0.0,2.0,1.0,3,1,1,1,2,0,1,0
198549,547,0.0,2.0,1.0,10,3,2,3,7,0,1,2
199044,1892,1.0,0.0,1.0,55,20,13,2,47,0,8,0
199074,3502,0.0,0.0,1.0,7,2,2,1,5,0,2,0
199133,317,0.0,3.0,1.0,9,2,2,2,7,0,2,0
199429,3766,0.0,0.0,0.0,15,9,5,2,13,0,2,0
199855,702,0.0,3.0,0.0,2,1,1,2,1,0,1,0
200194,648,0.0,0.0,0.0,7,1,1,1,6,0,1,0
20020,4219,0.0,3.0,1.0,8,2,1,3,7,0,1,0
200267,3124,0.0,3.0,0.0,3,1,1,1,2,0,1,0
200500,1102,0.0,3.0,0.0,19,12,8,2,18,0,1,0
201190,390,0.0,4.0,0.0,1,1,1,1,0,0,1,0
201763,4267,0.0,5.0,0.0,15,7,5,7,12,0,1,2
201784,3898,0.0,5.0,1.0,14,2,2,2,13,0,1,0
202260,2465,0.0,0.0,0.0,4,2,1,1,3,0,1,0
202526,361,0.0,0.0,0.0,12,5,1,4,10,0,1,1
202565,3828,0.0,0.0,0.0,17,15,9,4,16,0,1,0
202631,3968,0.0,4.0,1.0,11,2,2,3,9,0,1,1
202765,3936,1.0,4.0,0.0,37,20,8,1,35,0,2,0
202769,4818,1.0,4.0,0.0,8,3,1,2,7,0,1,0
203175,4195,0.0,2.0,1.0,4,1,1,2,3,0,1,0
203916,3794,0.0,4.0,0.0,15,5,2,1,13,0,2,0
205148,1911,1.0,3.0,0.0,9,2,1,1,7,0,1,1
205484,3898,0.0,4.0,0.0,8,4,2,2,7,0,1,0
20576,2664,0.0,6.0,0.0,58,30,3,2,56,0,2,0
205819,1642,0.0,3.0,0.0,10,1,1,2,8,0,1,1
206060,4976,0.0,3.0,0.0,8,1,1,2,7,0,1,0
206371,3826,0.0,0.0,null,3,1,1,1,2,0,1,0
206684,1203,0.0,5.0,0.0,15,7,6,2,14,0,1,0
206719,308,0.0,3.0,1.0,6,3,1,1,5,0,1,0
20691,2397,0.0,4.0,2.0,6,2,1,1,4,0,2,0
206970,2436,0.0,3.0,0.0,25,14,5,2,23,0,2,0
206980,1640,0.0,4.0,0.0,6,2,2,1,5,0,1,0
207356,4044,0.0,4.0,0.0,24,12,6,5,18,0,3,3
207429,3428,1.0,4.0,0.0,8,3,1,3,7,0,1,0
207701,2721,0.0,6.0,1.0,7,3,1,2,6,0,1,0
207881,1472,0.0,4.0,0.0,1,1,1,1,0,0,1,0
207961,4482,0.0,4.0,0.0,4,1,1,1,3,0,1,0
208538,3365,0.0,0.0,0.0,3,1,1,1,2,0,1,0
208661,861,0.0,3.0,1.0,9,3,2,1,8,0,1,0
20878,479,0.0,2.0,0.0,1,1,1,1,0,0,1,0
209396,4394,0.0,4.0,2.0,6,1,1,2,5,0,1,0
209432,1283,0.0,3.0,1.0,4,3,1,2,3,0,1,0
209674,4693,1.0,3.0,0.0,13,10,3,4,12,0,1,0
209711,3469,0.0,6.0,0.0,8,3,1,2,7,0,1,0
210167,4394,0.0,4.0,0.0,4,1,1,1,3,0,1,0
210680,3288,0.0,3.0,0.0,3,1,1,1,2,0,1,0
210775,4712,0.0,6.0,1.0,4,2,2,1,3,0,1,0
211008,4173,0.0,4.0,0.0,3,1,1,1,2,0,1,0
211386,4649,0.0,4.0,0.0,15,2,2,4,12,0,1,2
211716,2284,0.0,4.0,1.0,35,8,2,5,34,0,1,0
211865,1816,0.0,3.0,0.0,14,1,1,3,13,0,1,0
211880,1495,0.0,3.0,0.0,10,4,1,2,8,0,1,1
212799,102,0.0,0.0,1.0,19,5,2,4,15,0,4,0
212882,1102,0.0,3.0,0.0,8,4,2,2,7,0,1,0
213290,3433,0.0,4.0,0.0,8,1,1,3,6,0,1,1
213855,3347,0.0,4.0,1.0,2,1,1,1,1,0,1,0
213986,4280,0.0,3.0,0.0,2,1,1,1,1,0,1,0
214409,121,0.0,0.0,null,2,1,1,1,1,0,1,0
214887,4048,0.0,3.0,0.0,5,3,1,1,4,0,1,0
215281,1487,0.0,0.0,1.0,12,7,1,1,11,0,1,0
215571,3159,0.0,4.0,0.0,6,2,2,1,5,0,1,0
215598,3898,0.0,3.0,0.0,7,2,2,1,6,0,1,0
216267,3619,0.0,6.0,0.0,2,1,1,2,1,0,1,0
217315,4549,0.0,6.0,0.0,5,1,1,1,4,0,1,0
218023,1133,0.0,0.0,1.0,5,1,1,1,4,0,1,0
218147,4847,1.0,2.0,0.0,59,31,9,8,52,0,1,6
218151,1541,0.0,2.0,1.0,2,1,1,1,1,0,1,0
218995,3463,0.0,6.0,0.0,87,34,8,19,83,0,2,2
219072,4506,0.0,0.0,0.0,5,1,1,2,4,0,1,0
21975,3448,0.0,6.0,1.0,7,4,2,3,6,0,1,0
219855,3734,0.0,3.0,0.0,22,16,6,2,21,0,1,0
220072,3266,0.0,3.0,1.0,4,1,1,1,3,0,1,0
220486,630,0.0,0.0,0.0,97,50,16,9,91,0,6,0
220681,3734,0.0,4.0,1.0,23,13,5,1,19,0,4,0
220732,2047,0.0,0.0,0.0,3,1,1,1,2,0,1,0
221065,4492,0.0,0.0,0.0,4,2,2,1,2,0,2,0
221118,3828,0.0,3.0,0.0,4,4,4,4,1,0,1,2
221953,66,0.0,2.0,0.0,1,1,1,1,0,0,1,0
222296,3057,0.0,3.0,0.0,6,3,2,1,5,0,1,0
222481,1346,0.0,3.0,1.0,11,4,1,2,10,0,1,0
222546,4950,0.0,2.0,0.0,18,2,1,1,16,0,2,0
222831,4402,0.0,6.0,0.0,10,5,3,4,7,0,1,2
223115,4270,0.0,2.0,0.0,7,3,2,1,3,0,4,0
223242,2403,0.0,0.0,0.0,19,13,3,3,17,0,1,1
223245,3828,0.0,4.0,1.0,31,18,3,4,25,0,2,4
223324,3323,1.0,0.0,0.0,1,1,1,1,0,0,1,0
223395,2124,0.0,4.0,0.0,8,1,1,1,7,0,1,0
223688,3828,0.0,4.0,0.0,41,28,9,2,40,0,1,0
224069,4727,0.0,0.0,1.0,19,8,3,2,17,0,1,1
224106,4765,0.0,4.0,0.0,3,1,1,1,2,0,1,0
224192,2099,0.0,0.0,0.0,12,7,4,1,11,0,1,0
224600,2794,0.0,3.0,0.0,3,1,1,1,2,0,1,0
224683,1738,1.0,5.0,0.0,7,1,1,1,6,0,1,0
224717,2700,0.0,4.0,1.0,18,16,5,5,2,0,2,14
224846,1835,0.0,3.0,0.0,95,62,12,7,94,0,1,0
224949,1541,0.0,2.0,0.0,2,1,1,2,1,0,1,0
224996,1310,0.0,6.0,0.0,4,1,1,3,3,0,1,0
225364,3303,0.0,5.0,1.0,3,1,1,1,2,0,1,0
22546,3828,0.0,5.0,1.0,15,7,5,3,14,0,1,0
225991,598,0.0,3.0,2.0,5,1,1,1,4,0,1,0
228583,3528,0.0,3.0,0.0,45,26,4,2,43,0,2,0
228778,168,0.0,4.0,2.0,11,5,4,2,10,0,1,0
229140,4363,0.0,4.0,1.0,7,1,1,4,6,0,1,0
229355,3376,0.0,3.0,1.0,28,1,1,3,26,0,1,1
229444,3629,0.0,6.0,0.0,35,11,4,3,32,0,2,1
229462,2070,0.0,5.0,2.0,3,1,1,2,2,0,1,0
229768,3578,0.0,3.0,0.0,3,1,1,3,2,0,1,0
23021,4170,0.0,5.0,0.0,5,1,1,3,3,0,1,1
230235,332,0.0,null,null,6,1,1,1,5,0,1,0
230648,1076,0.0,0.0,0.0,4,2,1,1,3,0,1,0
230951,1203,0.0,0.0,0.0,5,1,1,2,4,0,1,0
23112,1145,0.0,5.0,1.0,6,3,1,2,5,0,1,0
231156,3578,0.0,5.0,0.0,46,20,2,2,45,0,1,0
231614,4450,0.0,6.0,1.0,3,1,1,1,2,0,1,0
232561,141,0.0,2.0,0.0,11,7,5,3,9,0,2,0
23268,3323,1.0,5.0,0.0,4,2,1,1,3,0,1,0
233215,3054,0.0,5.0,1.0,11,1,1,1,10,0,1,0
233461,2224,0.0,0.0,1.0,4,1,1,1,3,0,1,0
233589,4554,0.0,7.0,0.0,12,6,4,3,10,0,1,1
233985,222,0.0,0.0,0.0,10,4,1,1,9,0,1,0
234292,3571,0.0,2.0,0.0,1,1,1,1,0,0,1,0
235119,3433,0.0,3.0,0.0,5,1,1,1,4,0,1,0
235150,4545,0.0,3.0,1.0,1,1,1,1,0,0,1,0
235761,3304,0.0,3.0,0.0,4,2,2,2,2,0,1,1
235912,4090,0.0,6.0,0.0,1,1,1,1,0,0,1,0
23624,2511,0.0,2.0,2.0,7,2,2,2,4,0,1,2
23636,1425,0.0,0.0,1.0,3,1,1,1,2,0,1,0
236640,4760,0.0,6.0,1.0,2,1,1,1,1,0,1,0
237241,4585,0.0,7.0,0.0,8,1,1,2,6,0,2,0
237256,760,0.0,2.0,1.0,1,1,1,1,0,0,1,0
237341,2448,0.0,0.0,null,13,4,1,3,10,2,1,0
238120,1272,1.0,6.0,0.0,15,2,2,2,14,0,1,0
238198,1749,0.0,2.0,0.0,9,1,1,4,7,0,1,1
238325,3971,0.0,2.0,1.0,1,1,1,1,0,0,1,0
239790,3319,0.0,3.0,2.0,3,2,2,1,2,0,1,0
23991,1454,0.0,3.0,0.0,6,1,1,2,5,0,1,0
240118,4616,0.0,3.0,0.0,13,6,4,2,12,0,1,0
240423,1605,0.0,0.0,0.0,5,2,1,2,4,0,1,0
240435,4450,0.0,0.0,1.0,3,1,1,2,2,0,1,0
241517,1427,0.0,2.0,1.0,5,1,1,2,4,0,1,0
241664,133,0.0,4.0,0.0,9,1,1,2,8,0,1,0
241746,1602,0.0,0.0,0.0,6,2,1,1,5,0,1,0
241829,1708,0.0,3.0,1.0,1,1,1,1,0,0,1,0
242271,535,0.0,3.0,0.0,47,8,1,2,46,0,1,0
242467,2217,0.0,0.0,0.0,9,2,1,2,8,0,1,0
242711,4614,0.0,0.0,1.0,8,2,1,1,6,0,2,0
242961,3843,0.0,4.0,1.0,2,1,1,1,1,0,1,0
24380,758,0.0,0.0,1.0,21,10,3,2,20,0,1,0
243846,3305,0.0,0.0,0.0,1,1,1,1,0,0,1,0
243908,3075,0.0,0.0,0.0,16,4,1,3,15,0,1,0
244411,1547,1.0,0.0,0.0,11,1,1,1,10,0,1,0
244421,4417,0.0,4.0,0.0,2,1,1,2,1,0,1,0
244820,2266,0.0,0.0,1.0,10,2,1,3,9,0,1,0
244905,953,1.0,2.0,1.0,47,18,2,2,45,0,2,0
24497,35,0.0,0.0,0.0,3,1,1,1,2,0,1,0
244994,160,0.0,6.0,0.0,5,2,2,2,4,0,1,0
245442,3531,0.0,0.0,1.0,1,1,1,1,0,0,1,0
245523,361,0.0,6.0,0.0,4,1,1,1,3,0,1,0
245566,1133,0.0,2.0,0.0,11,3,1,2,9,0,1,1
245567,4724,0.0,0.0,0.0,2,2,1,1,0,0,2,0
245830,2950,0.0,3.0,1.0,6,4,3,1,4,0,2,0
246038,2954,0.0,6.0,1.0,10,3,2,1,9,0,1,0
246162,4871,0.0,0.0,1.0,4,1,1,1,3,0,1,0
246226,2810,0.0,3.0,0.0,4,1,1,1,3,0,1,0
247362,2537,0.0,0.0,0.0,12,8,4,2,9,0,3,0
24777,3085,0.0,3.0,1.0,8,5,2,1,6,0,2,0
24868,1346,0.0,3.0,2.0,38,7,1,4,34,0,2,2
249460,2699,0.0,3.0,0.0,96,33,6,12,93,0,3,0
250069,1166,0.0,2.0,0.0,13,2,1,5,10,0,1,2
251592,2217,0.0,3.0,0.0,1,1,1,1,0,0,1,0
251975,2447,0.0,4.0,0.0,6,2,1,1,5,0,1,0
252117,4044,0.0,2.0,0.0,9,4,2,2,8,0,1,0
252220,742,0.0,3.0,0.0,3,1,1,2,2,0,1,0
25239,4181,0.0,3.0,1.0,4,3,3,1,3,0,1,0
252717,4950,0.0,3.0,0.0,13,6,6,1,12,0,1,0
252862,606,0.0,3.0,0.0,20,15,10,7,19,0,1,0
252881,4129,0.0,3.0,0.0,19,15,6,2,18,0,1,0
25298,1780,0.0,4.0,0.0,7,1,1,1,5,0,2,0
253249,747,0.0,1.0,0.0,7,2,1,4,6,0,1,0
253465,3828,1.0,4.0,0.0,87,50,8,6,79,0,2,6
253737,3853,0.0,5.0,0.0,8,3,1,1,7,0,1,0
253778,4173,0.0,4.0,0.0,5,1,1,2,4,0,1,0
253841,2273,0.0,3.0,0.0,9,3,1,1,8,0,1,0
254147,2175,0.0,0.0,1.0,4,1,1,1,3,0,1,0
254670,3657,0.0,2.0,0.0,4,1,1,1,3,0,1,0
254840,1274,0.0,5.0,1.0,6,1,1,3,5,0,1,0
254985,2952,0.0,0.0,0.0,3,2,1,1,2,0,1,0
255014,3310,0.0,3.0,1.0,2,1,1,1,1,0,1,0
255370,4554,0.0,3.0,0.0,11,2,1,1,9,0,1,1
255893,2767,0.0,3.0,0.0,4,1,1,2,1,0,2,1
256579,1200,0.0,4.0,0.0,1,1,1,1,0,0,1,0
257608,98,0.0,2.0,0.0,4,2,1,1,2,0,2,0
257772,3828,0.0,4.0,1.0,1,1,1,1,0,0,1,0
258524,4137,0.0,3.0,0.0,5,1,1,2,3,0,1,1
259106,1679,1.0,0.0,0.0,2,2,1,1,0,0,2,0
259251,3536,0.0,5.0,1.0,3,1,1,1,2,0,1,0
260181,2068,0.0,5.0,0.0,9,2,1,1,8,0,1,0
260247,2217,0.0,3.0,0.0,4,2,1,1,3,0,1,0
26039,1200,0.0,0.0,0.0,2,1,1,1,1,0,1,0
261132,3288,0.0,6.0,1.0,3,1,1,1,2,0,1,0
261393,818,0.0,4.0,0.0,4,1,1,1,3,0,1,0
261547,121,0.0,4.0,1.0,12,9,7,3,11,0,1,0
261560,1270,0.0,0.0,0.0,10,4,2,3,8,0,2,0
26189,598,0.0,3.0,0.0,8,2,1,1,7,0,1,0
262430,1751,1.0,3.0,0.0,6,2,1,2,2,0,4,0
262688,3614,0.0,0.0,0.0,5,2,2,2,4,0,1,0
262869,3635,0.0,3.0,0.0,7,2,1,1,6,0,1,0
263224,1399,0.0,6.0,0.0,5,1,1,2,4,0,1,0
26382,4976,0.0,3.0,0.0,2,1,1,1,1,0,1,0
263828,3376,0.0,4.0,2.0,1,1,1,1,0,0,1,0
264018,2082,0.0,6.0,0.0,5,3,1,1,4,0,1,0
26411,3365,0.0,4.0,1.0,4,1,1,1,2,0,2,0
26420,1495,0.0,4.0,1.0,21,7,3,3,20,0,1,0
264341,114,0.0,4.0,0.0,5,1,1,3,4,0,1,0
26471,437,0.0,3.0,0.0,10,3,1,1,9,0,1,0
265436,2669,0.0,0.0,0.0,17,11,1,1,16,0,1,0
26567,2108,0.0,3.0,1.0,4,1,1,1,3,0,1,0
265702,3954,0.0,3.0,0.0,1,1,1,1,0,0,1,0
265857,503,0.0,4.0,0.0,5,1,1,1,4,0,1,0
265924,1762,0.0,4.0,0.0,12,2,2,1,10,0,2,0
26660,4322,0.0,4.0,1.0,3,1,1,1,2,0,1,0
266801,66,0.0,3.0,0.0,5,1,1,1,4,0,1,0
266972,3965,0.0,2.0,1.0,6,1,1,2,5,0,1,0
267351,1168,0.0,0.0,0.0,4,2,1,1,3,0,1,0
267899,203,0.0,6.0,2.0,4,1,1,2,2,0,1,1
268119,1340,0.0,6.0,0.0,37,14,4,6,34,0,3,0
268263,4718,0.0,0.0,1.0,2,1,1,1,1,0,1,0
268833,1084,0.0,6.0,0.0,2,1,1,1,1,0,1,0
269255,3734,0.0,3.0,0.0,4,1,1,1,3,0,1,0
26955,4933,0.0,4.0,1.0,3,2,2,1,2,0,1,0
269717,4864,0.0,6.0,0.0,5,1,1,1,4,0,1,0
269927,1272,0.0,4.0,0.0,19,3,2,1,18,0,1,0
27032,1437,0.0,4.0,1.0,1,1,1,1,0,0,1,0
270561,2688,0.0,3.0,0.0,6,3,2,1,5,0,1,0
270645,467,0.0,2.0,0.0,1,1,1,1,0,0,1,0
270691,4044,0.0,2.0,0.0,25,16,7,2,24,0,1,0
271265,3629,0.0,0.0,0.0,10,5,2,2,9,0,1,0
271745,897,0.0,3.0,0.0,11,4,2,2,9,0,2,0
272022,2102,0.0,0.0,0.0,10,7,4,2,8,0,2,0
272381,1978,0.0,0.0,0.0,2,1,1,1,0,0,2,0
272883,3640,0.0,6.0,0.0,2,1,1,1,1,0,1,0
273232,2928,0.0,3.0,2.0,14,8,3,4,13,0,1,0
273246,669,0.0,3.0,1.0,56,12,2,3,54,0,1,1
27369,3906,0.0,5.0,0.0,9,2,1,1,8,0,1,0
273896,4281,0.0,5.0,1.0,3,1,1,1,2,0,1,0
274459,4826,0.0,2.0,1.0,2,1,1,1,1,0,1,0
274591,4322,0.0,0.0,null,2,1,1,1,1,0,1,0
274605,2900,0.0,0.0,2.0,8,3,3,2,7,0,1,0
274624,1943,0.0,2.0,1.0,6,1,1,2,4,0,1,1
274652,3856,0.0,4.0,0.0,5,1,1,1,2,0,3,0
274702,98,0.0,2.0,0.0,2,1,1,1,1,0,1,0
275539,3524,0.0,2.0,1.0,5,2,1,1,4,0,1,0
275673,4605,0.0,3.0,0.0,2,1,1,1,1,0,1,0
275843,323,0.0,6.0,0.0,11,7,1,2,10,0,1,0
275903,4864,0.0,6.0,0.0,10,4,2,1,8,0,2,0
277558,4170,0.0,5.0,0.0,12,3,1,1,11,0,1,0
277894,1126,0.0,0.0,0.0,7,5,5,2,6,0,1,0
278479,1678,0.0,3.0,1.0,3,1,1,1,2,0,1,0
278652,132,0.0,3.0,0.0,2,1,1,2,0,0,1,1
278693,2356,0.0,0.0,1.0,5,1,1,1,3,0,2,0
279180,4571,0.0,5.0,0.0,6,2,1,2,4,0,2,0
279368,3828,0.0,7.0,0.0,11,6,4,7,7,0,1,3
279706,1477,0.0,5.0,0.0,8,2,1,2,5,0,1,2
280126,4043,0.0,0.0,1.0,30,16,6,2,26,0,2,2
280771,145,0.0,0.0,0.0,9,3,1,1,8,0,1,0
281325,1752,0.0,2.0,1.0,4,1,1,1,2,0,2,0
281338,1393,0.0,4.0,0.0,50,21,10,5,36,0,5,9
281628,2856,0.0,3.0,0.0,3,1,1,1,2,0,1,0
282126,4860,0.0,null,null,7,1,1,2,5,0,1,1
282428,1102,0.0,4.0,2.0,51,28,5,5,43,0,4,4
28244,4739,0.0,0.0,0.0,7,1,1,1,6,0,1,0
282628,1399,0.0,3.0,1.0,15,3,1,1,12,0,1,2
282641,4173,0.0,4.0,1.0,4,1,1,1,2,0,1,1
2827,1050,0.0,0.0,0.0,3,1,1,1,2,0,1,0
282761,1370,0.0,5.0,0.0,5,1,1,1,3,0,2,0
282868,15,0.0,4.0,0.0,3,2,2,1,2,0,1,0
282989,4049,0.0,3.0,0.0,1,1,1,1,0,0,1,0
283040,4394,0.0,4.0,0.0,12,5,1,4,10,0,2,0
283265,2435,1.0,2.0,0.0,5,2,1,1,3,0,2,0
283434,4966,0.0,5.0,2.0,1,1,1,1,0,0,1,0
283775,4705,0.0,3.0,0.0,3,1,1,1,2,0,1,0
28396,3622,0.0,4.0,1.0,11,4,2,1,9,0,2,0
284185,4427,0.0,4.0,1.0,2,1,1,2,1,0,1,0
285921,1916,0.0,4.0,0.0,22,12,1,2,18,0,4,0
286534,1340,0.0,5.0,1.0,8,1,1,1,7,0,1,0
286558,3042,0.0,6.0,0.0,20,11,5,1,17,0,3,0
286680,396,0.0,4.0,0.0,2,1,1,1,0,0,2,0
286682,3585,0.0,5.0,0.0,14,1,1,2,12,0,1,1
286869,2824,0.0,0.0,0.0,11,3,2,2,10,0,1,0
287064,1102,0.0,6.0,0.0,5,1,1,1,4,0,1,0
287229,4847,0.0,4.0,0.0,39,28,7,12,28,0,1,10
287328,2712,0.0,6.0,0.0,1,1,1,1,0,0,1,0
287645,1131,1.0,3.0,0.0,8,5,3,2,5,0,2,1
288568,4173,0.0,4.0,0.0,9,4,2,3,8,0,1,0
288818,3822,0.0,3.0,0.0,3,1,1,1,2,0,1,0
288851,4143,0.0,6.0,0.0,4,1,1,2,3,0,1,0
288913,4322,0.0,2.0,null,1,1,1,1,0,0,1,0
288957,606,0.0,4.0,1.0,54,30,8,4,52,0,2,0
289102,3734,0.0,4.0,1.0,32,6,1,4,30,0,2,0
289195,4966,0.0,0.0,0.0,6,4,3,1,4,0,2,0
289326,3826,0.0,4.0,0.0,2,1,1,2,1,0,1,0
29059,412,0.0,0.0,0.0,50,32,11,1,46,0,3,1
29088,412,0.0,3.0,0.0,6,1,1,1,5,0,1,0
290984,2537,0.0,3.0,0.0,3,1,1,1,2,0,1,0
291228,2459,0.0,4.0,0.0,3,2,2,1,2,0,1,0
291438,2138,0.0,2.0,0.0,5,2,1,1,4,0,1,0
291561,4090,0.0,4.0,1.0,4,1,1,2,2,0,1,1
291806,3822,0.0,5.0,1.0,4,1,1,2,3,0,1,0
291934,3054,0.0,3.0,1.0,2,1,1,1,1,0,1,0
292023,1310,0.0,2.0,0.0,7,3,3,1,6,0,1,0
292472,4506,0.0,0.0,1.0,1,1,1,1,0,0,1,0
292659,586,0.0,0.0,0.0,220,114,18,19,212,0,5,3
292842,1203,0.0,4.0,1.0,3,1,1,2,2,0,1,0
293484,3828,0.0,4.0,0.0,5,4,2,2,4,0,1,0
293707,3622,0.0,0.0,0.0,7,5,1,1,6,0,1,0
294632,588,0.0,6.0,0.0,2,1,1,2,0,0,1,1
29485,4008,0.0,4.0,0.0,3,1,1,1,2,0,1,0
294873,1272,0.0,2.0,0.0,18,5,4,5,16,0,1,1
295058,2928,0.0,5.0,1.0,12,6,3,1,10,0,2,0
295077,4444,0.0,4.0,1.0,29,12,4,3,22,0,7,0
295447,4043,0.0,4.0,0.0,39,18,7,3,35,0,3,1
295570,2313,0.0,0.0,1.0,1,1,1,1,0,0,1,0
295807,1557,0.0,6.0,0.0,9,1,1,2,7,1,1,0
296159,1943,0.0,3.0,1.0,5,3,2,2,3,0,2,0
296188,3730,0.0,4.0,1.0,1,1,1,1,0,0,1,0
296406,1272,0.0,0.0,0.0,5,3,1,1,4,0,1,0
29663,2721,0.0,0.0,1.0,31,9,1,4,28,2,1,0
296821,598,0.0,3.0,1.0,3,1,1,1,2,0,1,0
297216,1918,0.0,3.0,0.0,28,23,3,5,27,0,1,0
297472,4760,0.0,0.0,0.0,12,1,1,2,10,0,2,0
297995,3462,0.0,0.0,0.0,3,1,1,2,2,0,1,0
298241,1200,0.0,3.0,1.0,2,1,1,1,0,0,2,0
298442,1509,0.0,3.0,null,2,1,1,1,1,0,1,0
299002,3893,0.0,3.0,0.0,21,8,1,2,17,0,3,1
299098,2698,0.0,2.0,0.0,25,16,2,5,23,0,1,1
299104,1963,0.0,5.0,0.0,3,1,1,1,2,0,1,0
299544,2318,0.0,7.0,0.0,10,3,1,4,8,0,1,1
299836,1102,0.0,5.0,0.0,58,44,7,11,54,0,1,3
300009,2780,0.0,0.0,1.0,6,2,1,1,5,0,1,0
300012,2928,0.0,3.0,0.0,5,3,2,1,4,0,1,0
30005,416,1.0,6.0,0.0,30,22,9,6,28,0,2,0
300167,4842,0.0,0.0,0.0,1,1,1,1,0,0,1,0
300289,4090,0.0,4.0,0.0,2,1,1,1,0,0,2,0
301296,437,0.0,2.0,1.0,1,1,1,1,0,0,1,0
301343,414,0.0,4.0,0.0,5,1,1,3,4,0,1,0
301744,1749,0.0,4.0,0.0,15,11,7,4,7,0,4,4
302389,4760,0.0,3.0,0.0,3,1,1,1,2,0,1,0
302393,588,0.0,3.0,0.0,2,1,1,1,1,0,1,0
302743,1843,0.0,0.0,0.0,6,3,2,2,5,0,1,0
302770,4976,0.0,5.0,0.0,4,3,3,2,0,0,2,2
302840,4813,0.0,3.0,0.0,6,2,1,2,5,0,1,0
303004,1489,0.0,3.0,0.0,5,1,1,1,4,0,1,0
303314,2583,0.0,5.0,0.0,2,1,1,1,1,0,1,0
303774,4173,0.0,3.0,2.0,146,83,14,6,141,0,3,2
304134,361,1.0,0.0,0.0,1,1,1,1,0,0,1,0
304743,1840,0.0,5.0,1.0,1,1,1,1,0,0,1,0
304952,2099,0.0,2.0,0.0,5,2,2,2,4,0,1,0
304976,1393,0.0,5.0,1.0,27,23,7,3,26,0,1,0
305553,2592,0.0,3.0,0.0,20,9,4,4,17,0,1,2
305622,2447,0.0,0.0,0.0,2,1,1,2,1,0,1,0
305742,4785,0.0,4.0,0.0,3,1,1,1,2,0,1,0
306088,3160,0.0,0.0,0.0,7,4,4,1,6,0,1,0
306755,1895,0.0,3.0,1.0,11,5,1,1,10,0,1,0
30719,4847,0.0,0.0,0.0,9,3,3,5,7,0,1,1
307886,2279,0.0,0.0,0.0,7,3,2,1,6,0,1,0
308083,946,0.0,4.0,0.0,2,1,1,1,1,0,1,0
30865,1116,1.0,4.0,0.0,4,1,1,2,3,0,1,0
309432,4659,0.0,2.0,0.0,10,6,3,2,7,0,1,2
30946,2537,1.0,null,null,18,7,4,1,13,0,5,0
309844,296,0.0,0.0,0.0,2,1,1,1,1,0,1,0
310054,3734,0.0,3.0,0.0,4,2,2,2,0,0,3,1
31078,832,0.0,4.0,0.0,27,9,2,1,26,0,1,0
311140,1200,0.0,0.0,0.0,3,1,1,1,2,0,1,0
311472,4388,0.0,4.0,1.0,1,1,1,1,0,0,1,0
312211,2193,0.0,6.0,1.0,2,1,1,1,1,0,1,0
312512,4339,0.0,0.0,0.0,6,3,2,1,5,0,1,0
312517,1102,0.0,0.0,0.0,4,2,2,3,3,0,1,0
312770,2928,0.0,0.0,1.0,28,18,5,1,26,0,2,0
313050,2482,0.0,2.0,0.0,5,2,1,2,3,0,2,0
314529,1090,0.0,2.0,1.0,1,1,1,1,0,0,1,0
314575,3936,0.0,null,null,7,6,4,1,6,0,1,0
31492,2810,0.0,3.0,1.0,2,2,2,2,0,0,1,1
315243,2537,0.0,2.0,0.0,1,1,1,1,0,0,1,0
315763,3501,0.0,0.0,0.0,2,1,1,1,1,0,1,0
31592,346,1.0,5.0,1.0,14,5,2,3,13,0,1,0
315922,747,0.0,5.0,0.0,3,1,1,1,2,0,1,0
316077,1538,0.0,3.0,0.0,2,1,1,1,1,0,1,0
316799,1487,0.0,3.0,0.0,22,9,1,3,15,0,1,6
317181,3769,1.0,0.0,0.0,6,3,3,1,4,1,1,0
317229,3536,0.0,5.0,1.0,4,2,1,1,3,0,1,0
317264,4705,0.0,3.0,1.0,5,1,1,1,4,0,1,0
317614,3578,0.0,0.0,0.0,1,1,1,1,0,0,1,0
317791,1890,0.0,3.0,0.0,4,2,2,1,3,0,1,0
318319,2590,0.0,3.0,0.0,2,1,1,2,0,0,1,1
318932,2856,0.0,0.0,0.0,1,1,1,1,0,0,1,0
319731,1131,0.0,4.0,0.0,6,1,1,2,4,0,2,0
319919,4760,0.0,5.0,0.0,13,2,1,1,11,0,2,0
319999,3159,0.0,2.0,1.0,9,4,2,1,8,0,1,0
320446,2721,0.0,5.0,1.0,7,4,1,3,6,0,1,0
320540,3635,0.0,0.0,0.0,28,8,1,5,23,1,2,2
32063,3474,0.0,0.0,0.0,4,2,1,1,3,0,1,0
320635,1103,0.0,6.0,0.0,5,4,2,1,4,0,1,0
321435,2537,0.0,6.0,0.0,20,11,4,1,19,0,1,0
321727,3163,0.0,3.0,1.0,5,2,1,1,4,0,1,0
322436,2136,1.0,3.0,1.0,45,26,7,9,44,0,1,0
322662,4282,0.0,3.0,0.0,68,52,10,3,64,0,2,2
323603,3905,0.0,6.0,2.0,7,2,1,2,6,0,1,0
323679,4079,1.0,3.0,1.0,2,1,1,1,1,0,1,0
323792,4472,0.0,4.0,1.0,1,1,1,1,0,0,1,0
323955,3828,0.0,5.0,0.0,12,5,4,2,11,0,1,0
324470,4906,0.0,3.0,1.0,17,7,1,2,16,0,1,0
324475,3984,0.0,3.0,0.0,7,1,1,1,5,0,1,1
324726,2167,0.0,0.0,0.0,24,10,1,3,20,0,2,2
324831,2170,0.0,0.0,1.0,3,1,1,1,2,0,1,0
325436,132,0.0,3.0,0.0,22,12,1,3,18,0,1,3
325784,738,0.0,4.0,0.0,12,8,5,1,10,0,2,0
326012,826,0.0,3.0,1.0,5,2,2,2,3,0,2,0
326081,4368,0.0,3.0,0.0,26,8,3,5,19,0,1,6
326300,2273,0.0,3.0,0.0,23,5,1,2,20,0,2,1
326360,747,0.0,0.0,0.0,20,6,1,2,16,0,1,3
326615,2505,0.0,3.0,0.0,7,1,1,1,6,0,1,0
326655,1393,0.0,3.0,1.0,7,3,3,1,4,0,3,0
327154,1707,0.0,3.0,1.0,6,4,3,2,4,0,2,0
327178,2221,0.0,5.0,0.0,2,1,1,1,1,0,1,0
327474,4672,0.0,0.0,0.0,2,1,1,1,1,0,1,0
327519,4585,0.0,6.0,0.0,5,2,2,2,3,0,1,1
328010,2173,0.0,7.0,1.0,5,3,1,1,3,0,2,0
328185,2592,0.0,0.0,0.0,42,10,7,2,39,0,3,0
329265,436,0.0,7.0,0.0,14,9,2,1,13,0,1,0
329881,1102,1.0,3.0,0.0,11,3,2,3,10,0,1,0
330135,1999,0.0,0.0,0.0,1,1,1,1,0,0,1,0
330374,1131,0.0,5.0,2.0,51,5,4,1,48,0,3,0
331099,4044,0.0,0.0,0.0,20,12,3,1,19,0,1,0
331126,4966,0.0,3.0,1.0,5,4,2,1,3,0,2,0
331458,4802,0.0,3.0,1.0,5,2,1,2,4,0,1,0
331904,598,0.0,3.0,0.0,7,2,2,3,6,0,1,0
332766,4171,0.0,0.0,0.0,27,3,2,1,20,0,7,0
333252,1332,0.0,5.0,1.0,12,5,1,1,8,0,1,3
333486,4339,0.0,5.0,1.0,6,1,1,2,5,0,1,0
333611,3323,0.0,3.0,0.0,6,2,1,1,4,0,2,0
334180,747,0.0,5.0,0.0,5,1,1,3,3,0,1,1
334395,1026,0.0,3.0,2.0,2,1,1,1,1,0,1,0
334521,810,0.0,6.0,1.0,11,2,1,1,8,0,1,2
334658,4044,0.0,3.0,0.0,36,22,5,2,33,0,1,2
334945,700,0.0,3.0,1.0,6,2,1,1,4,0,1,1
335091,1890,0.0,3.0,0.0,17,7,1,4,13,0,1,3
335144,3545,0.0,3.0,0.0,5,3,1,1,4,0,1,0
33543,4325,0.0,3.0,0.0,6,1,1,1,5,0,1,0
335710,1103,1.0,6.0,1.0,3,1,1,1,1,0,1,1
335766,3410,0.0,0.0,0.0,3,1,1,1,2,0,1,0
336033,372,0.0,5.0,0.0,7,3,2,3,6,0,1,0
336255,1900,0.0,6.0,0.0,4,1,1,1,3,0,1,0
337083,66,0.0,3.0,2.0,1,1,1,1,0,0,1,0
337639,4196,0.0,2.0,1.0,18,5,4,1,16,0,2,0
33811,1890,0.0,3.0,0.0,1,1,1,1,0,0,1,0
33848,4585,0.0,3.0,0.0,10,4,4,1,8,0,2,0
338690,2424,0.0,2.0,0.0,6,2,1,3,5,0,1,0
338811,4280,0.0,0.0,0.0,10,2,1,2,8,0,1,1
338929,4394,1.0,3.0,0.0,4,1,1,1,3,0,1,0
33960,4864,0.0,0.0,0.0,4,1,1,2,3,0,1,0
339627,4659,0.0,4.0,1.0,2,1,1,2,0,0,1,1
339706,3640,0.0,3.0,0.0,2,1,1,2,1,0,1,0
339964,20,0.0,7.0,0.0,3,1,1,1,2,0,1,0
339989,2318,0.0,0.0,0.0,7,3,2,2,6,0,1,0
340202,320,0.0,3.0,0.0,1,1,1,1,0,0,1,0
340305,2872,0.0,3.0,0.0,12,7,5,1,11,0,1,0
340429,2403,0.0,4.0,0.0,60,26,4,2,54,0,4,2
340484,4993,0.0,3.0,0.0,9,5,1,2,8,0,1,0
340518,1093,0.0,0.0,1.0,3,2,1,1,2,0,1,0
342188,1556,0.0,2.0,0.0,2,1,1,1,1,0,1,0
343045,1393,1.0,4.0,0.0,29,15,9,1,26,0,3,0
343075,1557,0.0,3.0,1.0,21,12,4,4,20,0,1,0
343237,2269,0.0,3.0,2.0,5,2,1,2,3,0,1,1
34366,3578,0.0,3.0,0.0,6,2,1,2,4,0,1,1
343853,323,0.0,2.0,0.0,6,2,1,2,5,0,1,0
344611,4648,0.0,3.0,0.0,3,1,1,2,2,0,1,0
344791,4906,0.0,4.0,0.0,21,4,1,1,20,0,1,0
34505,4605,0.0,6.0,0.0,3,1,1,2,2,0,1,0
345142,682,0.0,2.0,1.0,7,2,2,2,6,0,1,0
345310,4760,0.0,3.0,1.0,3,1,1,2,1,0,1,1
345526,4659,0.0,2.0,0.0,18,6,4,2,15,0,3,0
345721,4955,0.0,3.0,0.0,16,10,5,1,12,0,4,0
345899,4431,0.0,2.0,0.0,4,2,1,2,3,0,1,0
346135,293,0.0,3.0,0.0,10,4,2,4,7,0,1,2
34620,3828,0.0,4.0,1.0,8,6,2,3,6,0,1,1
346263,4258,0.0,4.0,0.0,3,1,1,1,2,0,1,0
346587,3938,0.0,2.0,1.0,2,1,1,1,1,0,1,0
346720,4044,0.0,2.0,0.0,21,7,2,2,20,0,1,0
347552,4554,0.0,0.0,0.0,3,1,1,1,2,0,1,0
347731,4444,0.0,3.0,0.0,5,2,1,3,2,0,1,2
347919,856,0.0,2.0,null,1,1,1,1,0,0,1,0
348363,3734,0.0,0.0,0.0,31,14,7,11,28,0,1,2
348617,1784,1.0,4.0,0.0,17,9,6,2,9,0,8,0
348628,4044,0.0,2.0,0.0,14,13,6,5,13,0,1,0
348695,2537,0.0,6.0,0.0,2,2,2,2,1,0,1,0
348811,4444,0.0,5.0,0.0,30,8,3,2,28,0,2,0
349163,1102,0.0,4.0,1.0,12,6,4,3,9,0,3,0
349287,3965,0.0,3.0,0.0,6,3,1,1,4,0,2,0
349663,2537,0.0,2.0,0.0,4,3,3,1,3,0,1,0
349838,2390,0.0,0.0,0.0,15,6,3,2,12,0,3,0
350543,2124,0.0,6.0,0.0,228,106,2,15,227,0,1,0
350545,1661,0.0,4.0,0.0,15,2,2,5,13,0,1,1
351237,3528,0.0,2.0,0.0,12,1,1,1,11,0,1,0
351448,2134,0.0,3.0,1.0,13,4,1,1,11,0,2,0
351754,4493,0.0,0.0,0.0,31,27,9,1,30,0,1,0
351760,4585,0.0,2.0,0.0,5,1,1,4,4,0,1,0
351776,3136,1.0,0.0,0.0,14,7,2,1,13,0,1,0
352012,2639,1.0,5.0,0.0,68,27,7,5,67,0,1,0
352256,1131,1.0,2.0,0.0,19,4,2,1,17,0,2,0
353654,2537,0.0,4.0,0.0,7,3,1,1,5,0,2,0
3537,1999,0.0,5.0,0.0,17,5,1,2,13,0,4,0
35433,3734,1.0,6.0,0.0,16,10,3,1,15,0,1,0
354337,1760,0.0,0.0,1.0,20,15,2,6,19,0,1,0
354575,4043,1.0,2.0,0.0,29,15,7,3,22,0,5,2
354645,2629,0.0,3.0,1.0,2,1,1,1,0,0,1,1
354958,2857,0.0,3.0,0.0,3,1,1,1,1,0,2,0
355229,1427,0.0,0.0,0.0,2,1,1,1,1,0,1,0
35567,4325,0.0,7.0,0.0,4,1,1,3,3,0,1,0
355676,2031,0.0,2.0,1.0,15,3,1,4,10,0,2,3
355774,4173,0.0,0.0,1.0,6,1,1,1,5,0,1,0
356246,2403,0.0,3.0,0.0,1,1,1,1,0,0,1,0
356305,1166,0.0,3.0,1.0,3,1,1,1,2,0,1,0
356448,168,0.0,0.0,1.0,9,6,2,2,8,0,1,0
357604,4173,0.0,3.0,0.0,11,4,4,6,10,0,1,0
357717,989,0.0,4.0,0.0,3,1,1,1,1,0,2,0
358269,102,0.0,3.0,0.0,8,2,2,2,7,0,1,0
35834,3163,0.0,4.0,1.0,3,1,1,1,1,0,2,0
358375,4287,0.0,4.0,1.0,4,2,1,1,3,0,1,0
35887,1594,0.0,3.0,0.0,5,2,1,1,4,0,1,0
358902,3614,0.0,3.0,0.0,15,5,4,3,14,0,1,0
359060,1102,0.0,4.0,0.0,1,1,1,1,0,0,1,0
359421,4659,0.0,3.0,0.0,9,2,2,4,7,0,1,1
359536,4577,0.0,3.0,0.0,3,1,1,1,2,0,1,0
359947,2099,0.0,0.0,null,10,5,4,1,8,0,2,0
360093,798,0.0,2.0,0.0,2,1,1,1,1,0,1,0
360324,4993,0.0,3.0,1.0,32,15,1,3,30,0,1,1
360356,1103,0.0,0.0,1.0,13,2,1,1,12,0,1,0
36040,2664,1.0,3.0,0.0,42,23,1,2,40,0,2,0
360408,798,1.0,7.0,0.0,8,3,2,1,7,0,1,0
360477,3826,0.0,4.0,1.0,3,1,1,2,2,0,1,0
36057,4718,0.0,4.0,2.0,3,1,1,3,2,0,1,0
360624,3819,0.0,3.0,1.0,4,1,1,2,3,0,1,0
360639,4282,0.0,3.0,0.0,1,1,1,1,0,0,1,0
360683,1487,0.0,5.0,0.0,3,2,1,1,2,0,1,0
360922,522,0.0,4.0,0.0,8,2,1,2,7,0,1,0
361448,3154,0.0,5.0,0.0,3,2,2,1,0,0,3,0
362059,1098,0.0,2.0,0.0,12,5,1,3,10,0,1,1
362085,598,0.0,2.0,1.0,14,3,2,2,13,0,1,0
362354,3578,0.0,3.0,0.0,1,1,1,1,0,0,1,0
36281,598,0.0,3.0,1.0,4,3,2,2,3,0,1,0
363021,414,0.0,3.0,2.0,55,19,6,10,45,0,2,8
363027,3578,0.0,4.0,0.0,13,6,2,4,11,0,2,0
363042,10,0.0,6.0,1.0,1,1,1,1,0,0,1,0
363139,586,0.0,2.0,0.0,14,12,3,4,11,0,2,1
363767,522,0.0,5.0,0.0,6,1,1,2,5,0,1,0
364080,2721,0.0,6.0,1.0,7,4,2,4,6,0,1,0
364306,4163,0.0,6.0,0.0,1,1,1,1,0,0,1,0
364848,4336,0.0,0.0,1.0,5,2,1,1,4,0,1,0
365147,1102,0.0,3.0,0.0,86,17,5,6,80,0,3,3
365868,1131,0.0,0.0,0.0,7,5,3,3,6,0,1,0
366254,806,0.0,4.0,0.0,3,2,1,1,1,0,2,0
366403,4071,0.0,4.0,0.0,4,1,1,1,2,1,1,0
366466,198,0.0,3.0,0.0,2,1,1,1,1,0,1,0
367175,2289,0.0,5.0,0.0,3,1,1,1,2,0,1,0
367395,2138,1.0,3.0,0.0,3,3,3,2,1,0,2,0
367807,2217,0.0,3.0,0.0,8,3,1,1,6,0,1,1
368187,4129,0.0,8.0,0.0,7,5,3,5,5,0,1,1
368303,4858,0.0,0.0,1.0,3,2,1,1,2,0,1,0
368467,2025,0.0,6.0,1.0,4,2,1,1,3,0,1,0
368491,1495,0.0,0.0,0.0,12,3,1,2,11,0,1,0
36858,3682,0.0,3.0,0.0,32,6,1,6,24,0,1,7
369477,1102,0.0,4.0,0.0,5,2,2,4,3,0,1,1
369914,141,0.0,7.0,0.0,58,33,11,5,46,0,1,11
370479,1346,0.0,3.0,0.0,2,2,1,2,0,0,1,1
370778,2189,0.0,5.0,0.0,2,1,1,1,1,0,1,0
371462,4993,0.0,5.0,0.0,6,5,1,1,5,0,1,0
371712,3092,0.0,4.0,0.0,10,7,1,1,9,0,1,0
371885,4955,0.0,3.0,0.0,1,1,1,1,0,0,1,0
372102,2664,0.0,4.0,0.0,3,2,1,1,1,0,2,0
372230,3727,0.0,3.0,1.0,5,2,1,1,4,0,1,0
372920,4145,0.0,0.0,1.0,15,1,1,3,13,0,1,1
373066,3898,0.0,6.0,0.0,4,1,1,1,3,0,1,0
373127,1679,0.0,4.0,0.0,19,8,4,2,16,0,3,0
373768,2459,1.0,7.0,1.0,11,5,1,2,6,0,1,4
374593,4992,0.0,3.0,0.0,9,4,1,2,4,0,4,1
374736,1833,0.0,2.0,1.0,35,15,1,3,33,0,2,0
375008,408,0.0,0.0,0.0,1,1,1,1,0,0,1,0
375161,4044,0.0,0.0,0.0,19,12,5,1,18,0,1,0
375198,1203,0.0,5.0,0.0,2,1,1,1,0,0,1,1
375204,1861,0.0,4.0,0.0,4,1,1,1,3,0,1,0
375424,114,1.0,0.0,0.0,19,7,3,5,18,0,1,0
37559,720,0.0,0.0,0.0,5,2,1,1,4,0,1,0
375641,3954,0.0,2.0,1.0,5,1,1,1,4,0,1,0
375806,4173,0.0,2.0,0.0,56,26,10,7,54,0,2,0
375976,4282,0.0,2.0,1.0,42,21,8,3,40,0,2,0
376882,2928,0.0,3.0,0.0,23,13,3,2,22,0,1,0
377142,297,0.0,3.0,0.0,1,1,1,1,0,0,1,0
377309,1342,0.0,0.0,0.0,6,2,2,1,5,0,1,0
37761,121,0.0,5.0,0.0,31,13,4,5,30,0,1,0
378049,4322,0.0,5.0,0.0,2,1,1,1,1,0,1,0
378267,804,0.0,3.0,0.0,7,1,1,1,6,0,1,0
378294,500,0.0,4.0,1.0,3,1,1,1,2,0,1,0
378619,1346,0.0,4.0,0.0,9,5,1,3,8,0,1,0
378759,1884,0.0,0.0,0.0,3,1,1,2,2,0,1,0
378762,1911,0.0,2.0,0.0,7,1,1,2,5,0,1,1
37950,4760,0.0,2.0,1.0,3,1,1,1,2,0,1,0
379710,4388,0.0,3.0,1.0,2,1,1,1,1,0,1,0
379915,1056,0.0,4.0,1.0,50,23,8,4,48,0,2,0
379996,2397,0.0,2.0,0.0,28,13,3,4,25,0,2,1
380077,3529,0.0,0.0,0.0,11,4,5,3,9,1,1,0
380689,1166,0.0,4.0,1.0,24,4,2,1,23,0,1,0
38073,3640,0.0,0.0,0.0,6,1,1,1,5,0,1,0
381735,2669,0.0,2.0,0.0,1,1,1,1,0,0,1,0
381776,962,0.0,4.0,1.0,3,1,1,2,2,0,1,0
382726,416,0.0,3.0,0.0,4,1,1,2,3,0,1,0
382814,1618,0.0,3.0,0.0,161,41,6,17,134,0,3,24
382842,1393,0.0,4.0,1.0,27,21,9,1,25,0,2,0
383000,3471,0.0,0.0,0.0,1,1,1,1,0,0,1,0
383016,479,0.0,0.0,0.0,2,1,1,1,1,0,1,0
383104,3350,0.0,4.0,1.0,27,6,1,1,25,0,2,0
383753,661,0.0,6.0,0.0,1,1,1,1,0,0,1,0
384373,1588,0.0,2.0,0.0,8,2,2,1,5,0,2,1
384558,4322,0.0,4.0,0.0,5,1,1,1,4,0,1,0
385707,3105,0.0,0.0,0.0,7,1,1,1,6,0,1,0
385746,3971,0.0,0.0,1.0,2,1,1,1,1,0,1,0
38589,1708,0.0,3.0,0.0,3,1,1,1,2,0,1,0
385952,1710,0.0,3.0,1.0,2,2,1,1,0,0,2,0
386163,1966,0.0,3.0,0.0,5,4,2,1,4,0,1,0
38671,3022,0.0,3.0,0.0,4,1,1,1,3,0,1,0
386719,2149,0.0,3.0,0.0,11,6,2,2,10,0,1,0
38673,1551,0.0,3.0,1.0,4,1,1,1,3,0,1,0
386990,1760,0.0,0.0,1.0,8,1,1,1,7,0,1,0
387118,4926,0.0,4.0,1.0,5,4,4,3,4,0,1,0
38782,3516,0.0,4.0,0.0,2,1,1,1,1,0,1,0
388006,2193,1.0,0.0,0.0,1,1,1,1,0,0,1,0
388070,4427,0.0,3.0,1.0,10,1,1,3,8,0,1,1
388158,3665,0.0,2.0,0.0,5,3,1,2,0,0,2,3
388288,798,0.0,3.0,0.0,2,1,1,2,1,0,1,0
388465,2709,0.0,3.0,0.0,2,1,1,1,1,0,1,0
388593,4919,0.0,4.0,0.0,1,1,1,1,0,0,1,0
38863,1501,0.0,4.0,0.0,4,2,1,1,3,0,1,0
38896,4079,0.0,4.0,2.0,3,1,1,1,0,0,3,0
389049,1944,0.0,5.0,0.0,3,1,1,2,2,0,1,0
38914,2565,0.0,4.0,0.0,4,2,1,3,2,0,1,1
389705,1412,0.0,0.0,0.0,18,7,3,1,15,0,3,0
389940,2014,0.0,3.0,0.0,8,5,2,3,7,0,1,0
389950,4427,0.0,0.0,0.0,7,5,2,1,6,0,1,0
390774,3828,0.0,0.0,null,19,14,9,9,18,0,1,0
391652,3971,0.0,2.0,1.0,9,2,2,2,8,0,1,0
392002,4420,0.0,4.0,1.0,2,1,1,2,1,0,1,0
392126,4976,0.0,2.0,0.0,22,5,4,2,20,0,1,1
392372,1200,1.0,0.0,0.0,3,1,1,1,2,0,1,0
393010,4173,0.0,2.0,0.0,11,1,1,2,10,0,1,0
393176,272,0.0,5.0,1.0,6,3,1,2,5,0,1,0
393454,2313,0.0,0.0,0.0,6,1,1,2,5,0,1,0
393736,614,0.0,3.0,1.0,2,1,1,1,1,0,1,0
393767,3191,0.0,3.0,0.0,10,3,1,2,8,0,2,0
394056,729,0.0,4.0,1.0,2,1,1,1,1,0,1,0
394103,2954,0.0,4.0,0.0,4,2,1,3,2,0,1,1
394131,439,0.0,4.0,0.0,4,1,1,1,3,0,1,0
394440,1816,0.0,5.0,0.0,45,17,5,5,44,0,1,0
394737,4710,1.0,0.0,0.0,1,1,1,1,0,0,1,0
394806,1708,0.0,2.0,0.0,5,1,1,1,2,0,3,0
394895,4137,0.0,3.0,0.0,6,3,1,3,4,0,1,1
39513,4775,1.0,6.0,0.0,3,2,2,2,2,0,1,0
395391,4542,0.0,3.0,0.0,7,3,1,1,6,0,1,0
395599,2720,0.0,5.0,0.0,5,2,2,1,3,0,2,0
395963,361,0.0,0.0,0.0,9,3,1,3,8,0,1,0
396557,3602,0.0,4.0,1.0,6,3,1,2,5,0,1,0
396809,2217,0.0,6.0,0.0,27,9,3,2,26,0,1,0
397544,3955,0.0,0.0,1.0,4,1,1,1,2,0,1,1
398573,2776,0.0,3.0,1.0,3,1,1,1,2,0,1,0
398619,3819,0.0,5.0,null,5,1,1,2,4,0,1,0
3987,1677,0.0,4.0,0.0,3,1,1,1,2,0,1,0
398753,1502,0.0,4.0,0.0,8,4,3,1,7,0,1,0
398911,1724,0.0,0.0,1.0,5,3,2,1,4,0,1,0
398976,4173,0.0,3.0,0.0,26,8,4,6,25,0,1,0
399169,1494,0.0,6.0,0.0,4,2,1,1,3,0,1,0
400026,3305,0.0,2.0,0.0,2,1,1,1,1,0,1,0
40003,1200,0.0,0.0,0.0,5,2,1,2,3,0,1,1
400058,1102,0.0,3.0,0.0,93,38,6,5,91,0,2,0
400085,3474,0.0,4.0,0.0,116,33,3,11,112,0,1,3
400360,1346,0.0,0.0,1.0,23,5,1,2,22,0,1,0
400801,1760,0.0,5.0,0.0,2,1,1,1,1,0,1,0
401445,2515,0.0,4.0,1.0,8,1,1,1,7,0,1,0
401505,4339,0.0,5.0,1.0,3,1,1,1,2,0,1,0
401742,1305,0.0,0.0,0.0,1,1,1,1,0,0,1,0
401837,1393,0.0,3.0,0.0,16,2,2,5,14,0,2,0
40195,742,0.0,0.0,0.0,9,1,1,2,6,2,1,0
402034,2869,0.0,5.0,0.0,6,3,2,1,5,0,1,0
402100,1168,0.0,3.0,1.0,12,7,6,2,10,0,2,0
40218,3609,0.0,5.0,0.0,2,1,1,1,1,0,1,0
402426,4747,0.0,3.0,0.0,8,3,2,1,6,0,2,0
402637,2193,0.0,4.0,0.0,6,2,1,1,5,0,1,0
402674,4125,0.0,3.0,0.0,6,2,1,1,5,0,1,0
402857,4240,0.0,2.0,1.0,3,2,1,2,2,0,1,0
402968,1022,0.0,2.0,0.0,1,1,1,1,0,0,1,0
40366,4394,1.0,0.0,0.0,13,5,1,3,10,0,2,1
403664,606,0.0,5.0,0.0,2,1,1,1,1,0,1,0
403947,4044,0.0,2.0,0.0,28,18,6,1,26,0,2,0
404105,2036,0.0,0.0,0.0,8,2,2,3,7,0,1,0
404574,2403,0.0,8.0,0.0,26,10,2,1,23,0,2,1
40487,1203,0.0,4.0,2.0,20,9,6,2,15,0,5,0
405086,3476,1.0,4.0,0.0,19,15,8,4,15,0,2,2
4053,2124,0.0,7.0,0.0,12,7,2,1,11,0,1,0
40530,4480,0.0,4.0,1.0,1,1,1,1,0,0,1,0
405380,1102,0.0,3.0,0.0,16,11,6,3,13,0,3,0
406113,4044,0.0,2.0,0.0,8,7,3,2,7,0,1,0
406200,2821,0.0,4.0,1.0,4,1,1,1,3,0,1,0
406682,574,0.0,6.0,0.0,25,15,3,1,23,0,2,0
406722,3103,0.0,6.0,1.0,6,1,1,1,5,0,1,0
407082,3671,0.0,4.0,0.0,19,3,3,12,16,0,1,2
407441,1393,0.0,2.0,0.0,30,17,5,8,22,0,1,7
407688,4079,0.0,4.0,0.0,11,4,1,1,4,0,7,0
408206,3571,0.0,4.0,0.0,4,1,1,1,2,0,2,0
409105,3727,0.0,3.0,0.0,2,1,1,2,0,0,1,1
409107,3080,0.0,3.0,1.0,1,1,1,1,0,0,1,0
409302,3635,0.0,3.0,1.0,4,1,1,1,3,0,1,0
409466,424,0.0,4.0,0.0,3,2,2,1,2,0,1,0
409635,1999,0.0,3.0,0.0,5,1,1,1,4,0,1,0
409655,2170,0.0,6.0,1.0,1,1,1,1,0,0,1,0
409662,4992,0.0,4.0,1.0,6,3,1,2,5,0,1,0
409715,117,0.0,4.0,1.0,7,1,1,1,6,0,1,0
409728,1023,0.0,5.0,2.0,5,1,1,2,4,0,1,0
409755,4966,0.0,3.0,0.0,2,2,2,1,0,0,2,0
409832,4765,0.0,0.0,0.0,2,1,1,1,1,0,1,0
409976,361,0.0,3.0,1.0,4,2,1,1,3,0,1,0
410025,1597,0.0,6.0,0.0,12,1,1,2,10,0,1,1
410146,4607,0.0,4.0,0.0,6,2,1,1,5,0,1,0
411581,4009,0.0,0.0,0.0,5,3,1,3,3,0,2,0
411975,1485,0.0,4.0,1.0,36,18,3,3,30,0,3,3
411987,4282,0.0,2.0,0.0,54,25,7,5,52,0,2,0
412279,1810,0.0,4.0,0.0,11,6,3,1,9,0,1,1
412673,2397,1.0,3.0,0.0,7,6,3,3,4,0,2,1
413357,4605,0.0,2.0,0.0,6,2,2,3,5,0,1,0
413372,2936,1.0,3.0,0.0,6,1,1,1,4,0,2,0
413425,98,0.0,3.0,0.0,4,3,1,1,3,0,1,0
414168,4385,0.0,0.0,0.0,9,1,1,2,7,0,1,1
41442,747,0.0,0.0,0.0,7,1,1,1,5,0,2,0
415178,423,0.0,2.0,0.0,9,3,1,3,7,0,1,1
415245,3955,0.0,4.0,1.0,7,1,1,1,6,0,1,0
416277,2099,0.0,6.0,0.0,14,6,4,1,13,0,1,0
41653,3769,0.0,3.0,1.0,2,1,1,1,1,0,1,0
416921,4368,0.0,3.0,1.0,10,8,3,1,9,0,1,0
417471,1477,0.0,0.0,1.0,5,1,1,1,3,1,1,0
417586,66,0.0,3.0,1.0,10,2,1,2,8,0,2,0
417706,4648,1.0,2.0,0.0,1,1,1,1,0,0,1,0
418206,963,0.0,6.0,0.0,8,2,2,2,6,0,2,0
418412,2928,0.0,5.0,0.0,3,2,1,1,2,0,1,0
41862,1310,0.0,3.0,0.0,20,9,6,2,17,0,3,0
418682,1861,0.0,6.0,1.0,4,2,1,1,3,0,1,0
419853,3780,0.0,5.0,0.0,10,7,1,1,9,0,1,0
420535,3628,0.0,0.0,0.0,7,1,1,2,6,0,1,0
420575,1131,1.0,3.0,0.0,11,5,3,1,9,0,2,0
421496,1031,1.0,6.0,0.0,21,10,1,2,20,0,1,0
421742,3148,0.0,3.0,0.0,8,3,2,1,6,0,1,1
421743,804,0.0,5.0,0.0,3,1,1,1,2,0,1,0
421800,2598,0.0,0.0,1.0,7,1,1,3,6,0,1,0
421957,4083,1.0,0.0,1.0,11,6,3,2,10,0,1,0
422797,2031,0.0,3.0,1.0,2,1,1,1,1,0,1,0
423236,2699,0.0,5.0,0.0,16,12,5,2,12,0,4,0
423410,3163,0.0,4.0,1.0,1,1,1,1,0,0,1,0
423427,1751,0.0,0.0,0.0,2,1,1,1,1,0,1,0
423500,941,0.0,3.0,0.0,11,7,1,2,10,0,1,0
423794,588,0.0,3.0,0.0,12,3,1,2,9,0,2,1
424030,1565,0.0,4.0,0.0,6,2,1,4,5,0,1,0
42572,3826,0.0,4.0,0.0,19,4,1,1,17,0,2,0
42673,4525,0.0,2.0,1.0,110,56,3,6,106,0,4,0
42727,1031,0.0,3.0,0.0,42,13,1,9,41,0,1,0
43026,1679,0.0,4.0,0.0,1,1,1,1,0,0,1,0
4370,3448,0.0,5.0,0.0,1,1,1,1,0,0,1,0
43743,2241,0.0,5.0,0.0,11,2,2,5,9,0,2,0
44175,2856,0.0,4.0,0.0,3,1,1,1,2,0,1,0
44186,293,0.0,0.0,0.0,5,2,2,1,4,0,1,0
44532,1833,0.0,3.0,0.0,16,10,3,1,14,0,2,0
44571,685,0.0,4.0,0.0,4,1,1,1,3,0,1,0
44773,2047,0.0,3.0,0.0,1,1,1,1,0,0,1,0
44827,1090,0.0,6.0,0.0,7,1,1,1,6,0,1,0
44834,2482,0.0,2.0,0.0,12,4,3,2,7,0,3,2
45004,2537,0.0,0.0,0.0,4,1,1,2,2,0,1,1
45019,4756,0.0,6.0,0.0,3,2,2,1,2,0,1,0
45512,4336,0.0,3.0,0.0,1,1,1,1,0,0,1,0
45642,4427,0.0,0.0,0.0,3,1,1,2,2,0,1,0
4574,2108,0.0,null,null,8,1,1,2,7,0,1,0
46544,4234,1.0,6.0,0.0,20,13,5,6,19,0,1,0
46977,3593,0.0,7.0,0.0,10,3,2,2,9,0,1,0
47250,4042,0.0,0.0,1.0,11,6,4,2,8,0,3,0
47657,46,0.0,5.0,0.0,4,1,1,1,3,0,1,0
48342,4394,1.0,6.0,0.0,3,1,1,1,2,0,1,0
49058,3578,0.0,4.0,0.0,40,29,3,1,36,0,4,0
49837,2594,1.0,4.0,1.0,247,74,14,7,234,0,2,11
50117,1346,0.0,4.0,1.0,15,7,1,2,13,0,2,0
50563,3484,0.0,5.0,0.0,24,15,3,1,21,0,3,0
50925,2766,0.0,2.0,0.0,7,1,1,2,6,0,1,0
51029,960,0.0,4.0,0.0,2,1,1,1,1,0,1,0
51058,4108,0.0,6.0,0.0,19,14,2,2,18,0,1,0
51855,3826,0.0,2.0,1.0,1,1,1,1,0,0,1,0
51874,4427,0.0,3.0,1.0,5,3,1,1,4,0,1,0
52094,3345,0.0,2.0,0.0,2,1,1,1,1,0,1,0
52129,3472,0.0,4.0,1.0,3,1,1,1,2,0,1,0
52307,4044,0.0,3.0,0.0,142,65,9,14,135,0,4,3
52360,1939,0.0,3.0,0.0,8,1,1,2,7,0,1,0
52629,608,0.0,3.0,0.0,5,3,2,1,4,0,1,0
52676,4847,0.0,5.0,1.0,3,2,2,1,2,0,1,0
52709,2727,0.0,4.0,0.0,3,1,1,1,2,0,1,0
52738,1659,0.0,6.0,0.0,10,2,1,1,8,0,2,0
53444,962,0.0,4.0,0.0,4,1,1,1,2,0,1,1
53513,2954,0.0,3.0,2.0,12,7,5,1,4,0,8,0
53520,2537,0.0,4.0,0.0,1,1,1,1,0,0,1,0
53585,4659,0.0,3.0,0.0,4,2,2,1,2,0,2,0
53689,3288,0.0,5.0,0.0,2,1,1,1,1,0,1,0
54147,1485,0.0,2.0,0.0,27,19,4,6,26,0,1,0
54464,3968,0.0,2.0,0.0,2,1,1,1,1,0,1,0
54553,3682,0.0,2.0,0.0,7,1,1,3,5,0,1,1
54674,1472,0.0,3.0,0.0,7,1,1,1,6,0,1,0
54837,963,0.0,0.0,1.0,5,2,1,2,4,0,1,0
55401,66,0.0,3.0,1.0,19,7,2,3,18,0,1,0
55970,3329,0.0,2.0,0.0,1,1,1,1,0,0,1,0
56142,4614,0.0,0.0,1.0,2,1,1,1,1,0,1,0
56148,4976,0.0,3.0,0.0,19,11,1,3,17,0,1,1
56955,606,0.0,2.0,0.0,16,11,9,3,5,0,1,10
57265,4131,0.0,3.0,0.0,2,1,1,1,1,0,1,0
57640,1784,0.0,4.0,0.0,2,2,2,1,0,0,2,0
57808,3982,0.0,4.0,2.0,2,2,1,2,1,0,1,0
5799,1833,0.0,4.0,1.0,3,3,2,3,1,0,1,1
57994,806,0.0,0.0,0.0,3,1,1,1,2,0,1,0
58044,1840,0.0,4.0,0.0,3,1,1,1,2,0,1,0
58158,3374,1.0,0.0,0.0,214,109,8,5,210,1,3,0
58182,4976,0.0,4.0,0.0,3,1,1,2,2,0,1,0
58298,4042,0.0,null,null,4,2,1,1,3,0,1,0
58366,742,0.0,3.0,0.0,6,1,1,2,4,0,1,1
5874,3092,0.0,0.0,0.0,23,12,2,3,19,0,2,2
59063,3822,0.0,2.0,1.0,2,1,1,1,1,0,1,0
59505,588,0.0,7.0,1.0,3,1,1,1,2,0,1,0
60037,598,0.0,3.0,0.0,5,1,1,2,4,0,1,0
60135,3152,0.0,6.0,2.0,4,2,1,1,2,0,2,0
61572,3828,0.0,4.0,1.0,4,3,1,1,3,0,1,0
61602,2935,0.0,3.0,1.0,3,1,1,1,2,0,1,0
61841,3543,0.0,3.0,0.0,7,4,1,1,6,0,1,0
62528,4756,0.0,0.0,0.0,1,1,1,1,0,0,1,0
62974,4049,0.0,4.0,0.0,10,3,2,1,8,0,2,0
63381,361,0.0,3.0,1.0,3,1,1,1,2,0,1,0
64050,4324,0.0,0.0,0.0,7,2,1,2,0,0,6,1
64216,3623,0.0,2.0,0.0,6,1,1,1,4,0,2,0
64405,323,0.0,4.0,0.0,2,1,1,1,1,0,1,0
65032,2565,1.0,4.0,1.0,4,1,1,1,3,0,1,0
65548,2313,0.0,3.0,0.0,9,3,2,1,8,0,1,0
65584,3205,0.0,6.0,0.0,14,8,2,1,5,0,1,8
65588,2537,0.0,4.0,0.0,2,1,1,2,1,0,1,0
65604,4143,0.0,3.0,0.0,26,26,12,2,24,0,2,0
6605,563,0.0,0.0,0.0,2,1,1,1,1,0,1,0
67086,603,0.0,0.0,1.0,48,17,2,4,45,0,2,1
67268,4871,0.0,3.0,1.0,2,2,2,1,0,0,2,0
68361,4472,0.0,3.0,1.0,7,1,1,1,6,0,1,0
68411,962,1.0,5.0,0.0,18,8,1,2,17,0,1,0
68816,4871,0.0,2.0,0.0,2,1,1,1,1,0,1,0
68866,2068,1.0,4.0,0.0,5,2,2,1,4,0,1,0
69500,2500,0.0,4.0,1.0,12,1,1,2,10,1,1,0
69564,1193,0.0,7.0,1.0,22,6,2,1,21,0,1,0
70065,1111,0.0,0.0,0.0,2,1,1,1,1,0,1,0
70141,1618,0.0,6.0,0.0,8,1,1,2,6,0,1,1
70499,2669,0.0,4.0,0.0,21,8,1,4,18,0,1,2
70549,2630,0.0,3.0,0.0,5,2,2,2,3,0,1,1
71167,4976,0.0,4.0,0.0,115,76,11,10,108,0,1,6
71593,3954,0.0,2.0,1.0,4,1,1,1,2,0,2,0
72254,2634,1.0,6.0,0.0,14,7,5,2,11,0,3,0
7256,3990,0.0,6.0,0.0,4,2,1,3,3,0,1,0
72827,3734,0.0,2.0,1.0,11,4,3,2,8,0,2,1
7293,4976,1.0,0.0,1.0,18,10,4,5,14,0,1,3
73304,4044,0.0,5.0,0.0,7,6,2,1,5,0,2,0
73307,219,0.0,2.0,1.0,1,1,1,1,0,0,1,0
73504,2482,0.0,2.0,0.0,8,4,3,2,7,0,1,0
7414,2482,0.0,4.0,1.0,3,2,2,1,2,0,1,0
74212,4287,0.0,4.0,2.0,9,3,3,2,7,0,2,0
74233,4536,0.0,2.0,0.0,2,1,1,1,1,0,1,0
74298,66,0.0,2.0,1.0,38,6,3,5,29,0,1,8
74406,4325,0.0,3.0,0.0,18,1,1,1,17,0,1,0
74520,2403,0.0,4.0,0.0,19,3,1,1,18,0,1,0
75216,3734,0.0,2.0,1.0,15,3,2,3,13,0,1,1
75263,4444,0.0,0.0,0.0,2,1,1,1,1,0,1,0
75310,159,0.0,0.0,0.0,16,5,2,2,14,0,2,0
75483,2273,0.0,4.0,0.0,5,1,1,1,3,0,1,1
75777,525,0.0,4.0,1.0,14,6,2,1,13,0,1,0
75844,4744,0.0,3.0,0.0,10,4,2,1,9,0,1,0
76370,1500,0.0,4.0,2.0,4,2,2,1,2,0,1,1
76458,1850,0.0,2.0,0.0,7,3,3,1,6,0,1,0
76538,4427,0.0,4.0,1.0,16,4,2,4,15,0,1,0
76639,4976,0.0,5.0,0.0,5,2,1,5,2,0,1,2
76840,3971,1.0,2.0,1.0,14,3,2,2,13,0,1,0
7701,2318,0.0,4.0,1.0,4,1,1,1,3,0,1,0
77086,4976,0.0,2.0,0.0,5,1,1,1,4,0,1,0
77107,685,0.0,4.0,0.0,12,5,2,2,8,0,2,2
77389,2081,0.0,2.0,1.0,5,2,1,2,4,0,1,0
78097,2644,0.0,3.0,0.0,5,3,2,2,4,0,1,0
78355,2664,0.0,3.0,0.0,26,23,3,1,25,0,1,0
78376,1203,0.0,0.0,0.0,7,2,1,2,5,0,1,1
78604,1963,0.0,5.0,1.0,5,1,1,2,4,0,1,0
78933,1084,0.0,4.0,1.0,7,2,1,1,5,0,2,0
79239,3635,0.0,3.0,1.0,4,2,1,2,3,0,1,0
79468,2161,0.0,0.0,0.0,2,1,1,1,1,0,1,0
79635,503,0.0,3.0,1.0,2,1,1,1,1,0,1,0
79888,4554,0.0,0.0,0.0,2,1,1,1,1,0,1,0
80031,1415,0.0,3.0,0.0,4,1,1,1,3,0,1,0
80100,3563,0.0,0.0,0.0,34,12,3,3,33,0,1,0
80128,4049,0.0,4.0,2.0,2,1,1,1,1,0,1,0
81078,2794,0.0,3.0,0.0,2,2,2,1,0,0,2,0
81663,2031,0.0,3.0,1.0,1,1,1,1,0,0,1,0
82058,4829,0.0,null,null,7,1,1,1,5,1,1,0
82929,1512,0.0,4.0,0.0,1,1,1,1,0,0,1,0
83139,4444,0.0,0.0,1.0,12,7,1,2,11,0,1,0
83142,4325,0.0,5.0,0.0,9,6,2,1,8,0,1,0
83812,503,0.0,0.0,1.0,13,7,4,1,12,0,1,0
84508,1339,0.0,7.0,0.0,11,1,1,1,10,0,1,0
84566,4079,0.0,3.0,1.0,5,2,2,3,2,0,1,2
858,4864,0.0,0.0,1.0,18,2,1,2,14,2,2,0
85936,2154,1.0,0.0,1.0,6,1,1,1,3,0,3,0
86625,1393,0.0,0.0,0.0,63,32,8,2,62,0,1,0
86784,219,0.0,4.0,0.0,9,1,1,3,6,0,2,1
86800,2537,0.0,6.0,0.0,29,8,5,2,20,0,5,4
86816,4079,0.0,0.0,0.0,2,1,1,1,1,0,1,0
87273,4882,0.0,2.0,1.0,1,1,1,1,0,0,1,0
87517,3623,0.0,4.0,0.0,1,1,1,1,0,0,1,0
8789,1692,0.0,2.0,0.0,13,2,1,2,12,0,1,0
88052,941,0.0,4.0,0.0,3,2,1,1,2,0,1,0
88617,4044,0.0,0.0,0.0,36,16,5,4,32,0,1,3
88640,3683,0.0,2.0,1.0,4,2,1,1,3,0,1,0
88957,643,0.0,2.0,0.0,1,1,1,1,0,0,1,0
89181,4247,0.0,4.0,1.0,1,1,1,1,0,0,1,0
89427,3971,0.0,0.0,0.0,2,1,1,1,1,0,1,0
89457,3578,0.0,0.0,0.0,13,3,2,2,12,0,1,0
89550,3016,0.0,0.0,0.0,18,8,5,1,15,0,3,0
89572,3822,0.0,3.0,0.0,1,1,1,1,0,0,1,0
89581,1393,0.0,4.0,0.0,8,6,4,2,7,0,1,0
8959,4492,0.0,0.0,0.0,11,1,1,2,10,0,1,0
90342,643,0.0,6.0,0.0,4,1,1,2,3,0,1,0
90545,2545,1.0,3.0,0.0,46,14,4,4,40,0,2,4
90721,2746,0.0,0.0,null,2,1,1,1,1,0,1,0
91088,4731,0.0,6.0,0.0,1,1,1,1,0,0,1,0
91167,4044,0.0,3.0,0.0,4,2,2,1,3,0,1,0
91234,798,0.0,2.0,0.0,16,5,4,2,11,0,2,3
91241,2669,0.0,3.0,1.0,3,1,1,1,2,0,1,0
91673,4173,0.0,4.0,0.0,52,30,7,3,47,0,2,3
92018,523,0.0,3.0,1.0,26,2,1,1,24,0,1,1
92267,3974,0.0,6.0,0.0,3,1,1,1,2,0,1,0
92616,1272,0.0,6.0,0.0,5,3,1,2,4,0,1,0
92637,654,0.0,0.0,0.0,17,8,2,3,15,0,2,0
92663,3392,0.0,6.0,0.0,13,1,1,2,12,0,1,0
93106,4864,0.0,6.0,0.0,19,10,3,4,17,0,1,1
93389,2945,0.0,4.0,0.0,12,7,4,2,9,0,2,1
94041,1487,0.0,0.0,0.0,10,3,1,1,8,0,1,1
94442,3870,0.0,5.0,0.0,13,6,1,3,12,0,1,0
94562,323,0.0,6.0,1.0,19,7,1,3,18,0,1,0
94785,3303,0.0,0.0,0.0,11,2,1,2,10,0,1,0
94806,2102,0.0,0.0,0.0,16,4,4,1,10,3,3,0
94962,3971,0.0,3.0,0.0,6,1,1,4,4,0,1,1
9502,1346,0.0,0.0,0.0,2,1,1,1,1,0,1,0
95131,4840,0.0,4.0,0.0,31,10,3,2,26,1,2,2
95165,1978,0.0,2.0,0.0,14,5,1,2,12,0,1,1
95349,361,0.0,4.0,0.0,7,1,1,2,5,0,1,1
95757,3734,0.0,4.0,1.0,33,31,10,8,31,0,1,1
9618,3828,1.0,0.0,0.0,339,241,29,39,335,0,4,0
96496,3152,1.0,0.0,0.0,2,1,1,1,1,0,1,0
96596,2008,0.0,4.0,0.0,6,5,1,1,5,0,1,0
96925,1760,0.0,5.0,0.0,9,7,3,1,8,0,1,0
97740,1022,0.0,0.0,0.0,10,4,1,1,8,0,2,0
98040,3990,0.0,3.0,0.0,9,1,1,3,8,0,1,0
98143,2669,0.0,3.0,0.0,4,3,1,1,3,0,1,0
9836,4043,0.0,3.0,0.0,9,4,2,2,8,0,1,0
9843,1618,0.0,0.0,0.0,28,3,3,1,25,0,3,0
9856,3981,0.0,3.0,0.0,7,1,1,1,4,0,3,0
98741,4850,0.0,4.0,0.0,16,8,4,5,14,1,1,0
98813,4765,0.0,5.0,0.0,3,2,1,1,2,0,1,0
99017,361,0.0,0.0,0.0,4,3,1,2,3,0,1,0
99149,3501,0.0,0.0,1.0,9,6,5,1,8,0,1,0
99468,443,0.0,4.0,0.0,5,5,3,1,4,0,1,0
