100248,3073,0.0,3.0,1.0,7,1,1,2,6,0,1,0
100737,1810,0.0,4.0,0.0,16,12,7,1,15,0,1,0
100921,3734,0.0,0.0,1.0,5,2,2,2,4,0,1,0
101010,2721,0.0,0.0,0.0,11,6,1,2,10,0,1,0
101319,1340,1.0,3.0,1.0,31,16,5,3,27,0,3,1
102187,2247,0.0,4.0,1.0,8,3,2,1,6,0,2,0
102849,1780,0.0,3.0,0.0,5,1,1,2,4,0,1,0
103003,639,0.0,0.0,1.0,15,2,1,1,14,0,1,0
103176,124,0.0,4.0,1.0,6,4,2,1,2,0,4,0
103192,3623,0.0,2.0,0.0,2,1,1,1,0,0,1,1
103271,1346,0.0,4.0,0.0,1,1,1,1,0,0,1,0
103312,1968,0.0,3.0,0.0,2,1,1,1,1,0,1,0
104177,310,0.0,3.0,1.0,5,1,1,1,4,0,1,0
104746,1056,0.0,5.0,1.0,6,3,1,1,4,0,2,0
104805,963,0.0,0.0,0.0,1,1,1,1,0,0,1,0
105241,296,0.0,3.0,0.0,41,13,9,2,38,0,3,0
105354,98,0.0,2.0,0.0,13,6,4,1,10,0,1,2
105888,4267,1.0,4.0,0.0,36,17,5,1,31,0,5,0
106231,2913,0.0,4.0,0.0,9,4,1,3,7,0,2,0
106392,4976,0.0,3.0,0.0,46,20,6,4,44,0,2,0
107260,1679,0.0,3.0,0.0,6,4,3,1,5,0,1,0
107546,2681,0.0,2.0,1.0,1,1,1,1,0,0,1,0
107627,3578,0.0,4.0,1.0,6,2,1,1,3,0,1,2
107768,1168,0.0,5.0,0.0,10,5,2,2,8,0,2,0
108197,682,0.0,2.0,1.0,49,17,4,4,46,0,1,2
108247,4049,0.0,0.0,1.0,6,1,1,1,5,0,1,0
108315,3734,1.0,4.0,0.0,14,9,3,1,11,0,3,0
108425,3502,0.0,2.0,0.0,3,2,1,1,0,0,1,2
108559,3682,0.0,5.0,0.0,17,2,1,4,15,0,1,1
109025,3418,0.0,3.0,0.0,2,1,1,1,1,0,1,0
109113,398,0.0,5.0,0.0,5,1,1,4,4,0,1,0
109492,4472,0.0,3.0,0.0,11,1,1,3,9,0,1,1
109576,1100,0.0,6.0,0.0,12,2,1,2,9,0,3,0
109798,4079,0.0,6.0,1.0,2,1,1,1,1,0,1,0
110789,4044,0.0,0.0,0.0,14,3,2,2,11,0,1,2
111170,1899,0.0,3.0,0.0,14,7,4,2,10,0,1,3
111197,590,0.0,3.0,1.0,6,3,2,2,4,0,2,0
111666,4783,0.0,3.0,0.0,3,2,2,1,2,0,1,0
111893,1749,0.0,3.0,0.0,3,1,1,3,2,0,1,0
11194,4273,0.0,3.0,0.0,31,26,9,6,29,0,1,1
111945,2313,0.0,5.0,0.0,8,2,2,2,7,0,1,0
11235,2857,0.0,4.0,0.0,7,3,1,2,5,0,2,0
11269,4642,0.0,4.0,0.0,32,16,3,5,30,0,1,1
112837,2138,1.0,6.0,0.0,9,3,3,3,7,0,1,1
112841,1512,0.0,4.0,0.0,10,4,2,3,8,0,1,1
113342,537,0.0,3.0,0.0,17,4,1,1,15,0,1,1
114485,4248,0.0,0.0,null,4,1,1,1,3,0,1,0
114532,2537,0.0,2.0,1.0,21,7,4,3,15,0,3,3
115157,2318,0.0,0.0,0.0,7,2,1,1,6,0,1,0
115225,3629,0.0,0.0,0.0,15,10,4,2,13,0,2,0
115746,1467,0.0,0.0,0.0,1,1,1,1,0,0,1,0
116105,415,0.0,0.0,0.0,2,1,1,1,1,0,1,0
11637,3578,0.0,2.0,1.0,10,1,1,3,9,0,1,0
116500,4976,0.0,5.0,0.0,4,2,1,1,3,0,1,0
116570,4050,0.0,2.0,1.0,14,1,1,1,13,0,1,0
116649,3881,0.0,6.0,0.0,15,11,3,1,13,0,2,0
11693,1892,0.0,5.0,1.0,14,7,3,2,12,0,2,0
116933,3022,0.0,4.0,0.0,13,4,1,2,11,0,2,0
116959,3051,1.0,4.0,0.0,9,3,2,3,8,0,1,0
117253,4966,0.0,6.0,0.0,7,4,4,2,5,0,1,1
118171,102,0.0,3.0,1.0,31,5,3,3,28,0,2,1
118885,3571,0.0,0.0,1.0,5,3,1,1,4,0,1,0
119861,2341,0.0,0.0,0.0,2,1,1,1,1,0,1,0
120104,3941,0.0,0.0,0.0,4,1,1,1,3,0,1,0
121641,4717,0.0,5.0,0.0,5,2,1,1,3,0,1,1
121830,1132,0.0,7.0,1.0,7,3,2,1,6,0,1,0
121841,3892,0.0,0.0,0.0,6,1,1,2,4,0,1,1
122204,2277,0.0,6.0,1.0,9,1,1,2,7,1,1,0
122271,643,0.0,2.0,0.0,9,5,3,1,8,0,1,0
122346,1203,0.0,3.0,0.0,2,1,1,1,1,0,1,0
122475,3266,0.0,3.0,0.0,4,1,1,1,3,0,1,0
122643,2856,0.0,0.0,0.0,20,4,1,2,19,0,1,0
123384,2072,0.0,5.0,0.0,6,3,2,2,5,0,1,0
123632,2403,0.0,3.0,0.0,14,5,1,1,13,0,1,0
123731,2459,0.0,2.0,0.0,1,1,1,1,0,0,1,0
123841,3098,0.0,0.0,1.0,6,1,1,3,5,0,1,0
123858,323,0.0,5.0,0.0,10,2,1,4,8,0,1,1
124298,598,0.0,3.0,1.0,7,1,1,1,6,0,1,0
12448,2537,0.0,6.0,0.0,13,8,4,2,9,0,4,0
124830,66,0.0,6.0,1.0,4,3,1,2,2,0,1,1
124873,1028,0.0,3.0,0.0,8,4,1,1,7,0,1,0
125007,4976,0.0,3.0,0.0,2,1,1,1,1,0,1,0
125009,1487,0.0,0.0,0.0,6,1,1,1,5,0,1,0
125259,3323,0.0,4.0,0.0,5,2,1,1,4,0,1,0
12552,2128,0.0,3.0,0.0,5,3,2,1,4,0,1,0
12574,4050,0.0,2.0,1.0,6,1,1,2,5,0,1,0
125853,2597,0.0,5.0,0.0,7,3,1,3,6,0,1,0
126324,4044,0.0,3.0,1.0,6,4,3,3,5,0,1,0
126629,4083,0.0,6.0,0.0,2,1,1,2,1,0,1,0
126808,1900,0.0,0.0,1.0,5,1,1,1,4,0,1,0
12684,4976,0.0,5.0,0.0,6,1,1,1,5,0,1,0
127019,3376,0.0,0.0,0.0,4,1,1,1,3,0,1,0
12742,3576,0.0,3.0,0.0,6,4,4,2,3,0,1,2
12756,4450,0.0,0.0,0.0,2,1,1,1,1,0,1,0
127802,2620,0.0,6.0,1.0,2,1,1,1,1,0,1,0
127829,2289,0.0,4.0,0.0,6,3,2,1,5,0,1,0
12802,3080,0.0,2.0,1.0,20,5,1,2,18,0,1,1
128109,1131,0.0,0.0,1.0,2,1,1,1,1,0,1,0
128179,10,0.0,6.0,0.0,3,1,1,1,2,0,1,0
128265,4173,0.0,2.0,1.0,1,1,1,1,0,0,1,0
128814,219,0.0,0.0,0.0,6,1,1,1,5,0,1,0
129915,2669,0.0,3.0,0.0,8,2,1,2,7,0,1,0
130215,606,0.0,0.0,1.0,105,70,14,23,104,0,1,0
130244,121,0.0,5.0,1.0,14,8,3,1,11,0,3,0
130468,2217,0.0,2.0,0.0,4,2,1,2,2,0,1,1
130527,2888,0.0,3.0,1.0,4,1,1,1,3,0,1,0
130597,3671,0.0,0.0,0.0,1,1,1,1,0,0,1,0
130769,2587,0.0,3.0,0.0,4,1,1,1,3,0,1,0
131232,4785,0.0,3.0,0.0,3,2,1,1,2,0,1,0
131265,1936,0.0,2.0,0.0,6,1,1,1,5,0,1,0
131545,1452,0.0,4.0,0.0,11,2,1,4,8,0,1,2
13186,3268,0.0,6.0,0.0,5,1,1,2,3,0,1,1
132127,2447,0.0,3.0,1.0,5,2,1,2,4,0,1,0
132363,598,0.0,3.0,1.0,11,2,2,1,10,0,1,0
132584,1074,0.0,0.0,null,7,3,1,1,6,0,1,0
133361,4760,0.0,4.0,0.0,2,1,1,1,1,0,1,0
133384,1487,0.0,5.0,0.0,10,4,1,2,8,0,1,1
133485,102,0.0,4.0,2.0,9,2,2,3,8,0,1,0
133883,3098,0.0,5.0,0.0,13,8,1,1,12,0,1,0
133974,4049,0.0,3.0,0.0,7,2,1,4,6,0,1,0
134295,4860,0.0,3.0,0.0,2,1,1,1,1,0,1,0
134302,2954,0.0,4.0,0.0,3,1,1,1,2,0,1,0
134685,685,0.0,5.0,0.0,22,11,3,2,20,1,1,0
134786,1470,0.0,4.0,1.0,2,1,1,1,1,0,1,0
134795,1183,0.0,4.0,0.0,5,1,1,1,3,0,2,0
1351,2436,0.0,4.0,0.0,5,3,2,2,4,0,1,0
135760,4731,0.0,0.0,0.0,17,1,1,2,16,0,1,0
136133,2664,0.0,0.0,1.0,42,28,2,9,40,0,1,1
137267,2664,0.0,5.0,0.0,24,16,1,1,22,0,2,0
137503,3105,0.0,2.0,1.0,9,6,1,1,8,0,1,0
137920,3623,0.0,3.0,0.0,5,1,1,1,3,0,2,0
138505,441,0.0,2.0,1.0,3,1,1,1,2,0,1,0
140035,4717,0.0,0.0,0.0,2,1,1,1,1,0,1,0
14051,1760,0.0,0.0,0.0,14,11,5,2,13,0,1,0
141175,738,0.0,4.0,0.0,10,7,4,1,9,0,1,0
14123,1223,0.0,0.0,0.0,3,1,1,1,2,0,1,0
141757,3898,0.0,5.0,1.0,4,2,1,1,3,0,1,0
14194,2099,0.0,0.0,0.0,2,1,1,1,1,0,1,0
142154,1340,0.0,3.0,0.0,6,2,2,2,5,0,1,0
14250,2403,0.0,3.0,0.0,12,6,1,3,9,0,1,2
142556,603,0.0,4.0,0.0,9,1,1,3,7,0,1,1
142805,4760,0.0,2.0,1.0,53,32,8,1,50,0,3,0
14281,1502,0.0,0.0,1.0,3,2,2,1,0,0,3,0
142840,4765,0.0,4.0,1.0,2,1,1,1,0,0,1,1
143318,4173,0.0,6.0,0.0,19,2,1,3,18,0,1,0
144136,3619,0.0,6.0,0.0,35,11,8,1,33,0,2,0
144389,2124,0.0,0.0,0.0,9,6,1,1,8,0,1,0
14495,3576,0.0,3.0,0.0,5,1,1,2,2,0,2,1
145341,4992,0.0,3.0,2.0,3,2,1,1,2,0,1,0
145634,4818,0.0,3.0,0.0,2,1,1,1,1,0,1,0
14606,4044,0.0,3.0,0.0,28,7,2,2,24,0,1,3
146424,2810,0.0,6.0,0.0,1,1,1,1,0,0,1,0
146672,3163,0.0,0.0,0.0,6,2,2,1,2,0,4,0
146709,2699,0.0,4.0,0.0,21,10,3,3,20,0,1,0
147318,1472,0.0,2.0,0.0,2,1,1,1,0,0,2,0
147649,2856,0.0,2.0,0.0,4,2,1,1,3,0,1,0
14890,4836,0.0,2.0,0.0,1,1,1,1,0,0,1,0
149228,3578,0.0,3.0,0.0,13,3,1,2,12,0,1,0
149380,1850,0.0,4.0,1.0,7,2,1,2,6,0,1,0
150264,4049,0.0,2.0,1.0,5,3,2,1,3,0,2,0
150265,946,0.0,3.0,1.0,12,9,3,1,11,0,1,0
150415,2537,0.0,2.0,0.0,2,1,1,1,1,0,1,0
150548,10,0.0,6.0,0.0,16,2,2,8,13,0,1,2
150781,862,0.0,6.0,0.0,7,5,3,1,6,0,1,0
150878,3098,0.0,7.0,1.0,2,1,1,1,1,0,1,0
151163,760,1.0,0.0,0.0,2,1,1,1,1,0,1,0
151570,3529,0.0,6.0,0.0,5,1,1,1,4,0,1,0
151617,4765,0.0,3.0,0.0,1,1,1,1,0,0,1,0
151824,3828,0.0,3.0,0.0,1,1,1,1,0,0,1,0
151996,2000,0.0,3.0,0.0,10,2,1,2,9,0,1,0
152025,3510,0.0,4.0,0.0,4,1,1,1,3,0,1,0
152464,1472,0.0,0.0,0.0,1,1,1,1,0,0,1,0
152568,4705,0.0,2.0,1.0,1,1,1,1,0,0,1,0
152619,4698,0.0,3.0,0.0,9,1,1,2,6,0,3,0
152766,4050,0.0,3.0,1.0,4,1,1,1,3,0,1,0
153336,2138,0.0,6.0,0.0,14,5,3,2,9,0,5,0
15338,2597,0.0,0.0,0.0,2,1,1,1,1,0,1,0
153462,2361,0.0,4.0,0.0,3,2,2,1,2,0,1,0
153518,4270,0.0,5.0,null,8,4,3,1,6,1,1,0
15379,1840,0.0,6.0,1.0,2,1,1,1,1,0,1,0
153950,2821,0.0,4.0,0.0,5,1,1,1,4,0,1,0
153958,2669,0.0,2.0,0.0,5,1,1,3,4,0,1,0
15396,4049,0.0,3.0,1.0,4,1,1,2,2,0,1,1
154355,3773,0.0,2.0,0.0,6,2,1,2,5,0,1,0
154789,897,0.0,2.0,0.0,1,1,1,1,0,0,1,0
154968,4115,0.0,0.0,0.0,3,1,1,1,2,0,1,0
155132,508,0.0,0.0,0.0,4,1,1,1,2,0,2,0
155165,4659,0.0,3.0,0.0,7,3,2,2,6,0,1,0
156587,1816,0.0,2.0,0.0,9,4,3,1,8,0,1,0
156831,3734,0.0,6.0,1.0,8,4,4,2,4,0,4,0
158322,2318,0.0,7.0,0.0,8,2,1,2,7,0,1,0
158419,3319,0.0,4.0,1.0,1,1,1,1,0,0,1,0
158431,1884,0.0,3.0,1.0,9,5,2,2,8,0,1,0
158566,191,0.0,4.0,1.0,6,1,1,2,4,0,1,1
158628,2403,0.0,4.0,0.0,3,1,1,1,1,0,2,0
15907,3578,0.0,3.0,0.0,2,1,1,2,0,0,1,1
159084,4173,0.0,3.0,0.0,52,35,8,4,48,0,1,3
159258,4287,0.0,5.0,1.0,8,6,6,2,7,0,1,0
159549,1272,0.0,5.0,0.0,26,19,6,4,25,0,1,0
159578,293,0.0,6.0,0.0,2,1,1,1,1,0,1,0
159746,4050,0.0,5.0,1.0,2,1,1,1,1,0,1,0
159855,4282,0.0,3.0,0.0,5,2,2,1,4,0,1,0
160057,3990,0.0,3.0,0.0,1,1,1,1,0,0,1,0
160222,4919,0.0,3.0,0.0,6,2,2,1,4,0,2,0
160286,2047,0.0,6.0,0.0,7,4,2,2,6,0,1,0
160355,1421,0.0,5.0,0.0,27,11,2,1,22,0,4,1
160589,4186,0.0,5.0,1.0,15,7,1,2,14,0,1,0
160856,3828,0.0,3.0,0.0,34,10,5,4,32,0,1,1
161104,361,0.0,3.0,1.0,25,8,3,1,24,0,1,0
161465,574,0.0,0.0,0.0,3,2,2,1,2,0,1,0
162269,861,0.0,3.0,0.0,4,1,1,1,3,0,1,0
162291,4282,0.0,3.0,0.0,40,22,4,3,37,0,2,1
163039,2537,0.0,3.0,0.0,9,5,3,2,8,0,1,0
163440,415,0.0,2.0,0.0,31,7,5,1,29,0,2,0
163887,2149,0.0,3.0,null,11,4,1,3,9,0,1,1
164143,3734,0.0,3.0,0.0,17,3,3,1,14,0,3,0
164229,1298,0.0,5.0,0.0,9,4,1,2,8,0,1,0
164270,1103,0.0,2.0,0.0,13,7,2,3,5,0,3,5
164332,2664,1.0,4.0,1.0,30,9,2,3,20,0,2,8
164590,2669,0.0,3.0,0.0,70,17,5,2,64,0,5,1
164661,653,0.0,2.0,1.0,1,1,1,1,0,0,1,0
164817,1923,0.0,4.0,1.0,29,10,2,3,27,0,2,0
165416,3925,0.0,3.0,0.0,11,5,3,2,9,0,1,1
165647,148,0.0,3.0,0.0,1,1,1,1,0,0,1,0
165790,1203,0.0,4.0,0.0,8,1,1,2,6,0,1,1
165883,1964,0.0,3.0,0.0,15,8,4,2,11,0,2,2
166205,3968,0.0,0.0,1.0,1,1,1,1,0,0,1,0
166224,1890,0.0,3.0,0.0,12,4,2,3,10,0,1,1
166430,3657,0.0,2.0,0.0,1,1,1,1,0,0,1,0
166554,4949,0.0,3.0,1.0,29,22,8,1,25,1,3,0
166608,1356,0.0,4.0,0.0,2,1,1,1,1,0,1,0
166973,1643,0.0,0.0,1.0,2,1,1,1,1,0,1,0
167077,3256,0.0,4.0,1.0,3,1,1,1,2,0,1,0
167323,643,0.0,0.0,0.0,4,1,1,2,3,0,1,0
1674,1755,0.0,2.0,0.0,1,1,1,1,0,0,1,0
167787,842,0.0,5.0,0.0,6,2,2,2,5,0,1,0
168272,4217,0.0,4.0,1.0,7,4,1,1,5,0,1,1
168564,2278,0.0,3.0,1.0,19,10,5,2,11,0,3,5
168628,2091,0.0,5.0,0.0,8,3,1,1,4,0,4,0
169213,3828,0.0,2.0,0.0,3,1,1,2,1,0,1,1
169405,4850,0.0,4.0,0.0,4,1,1,2,2,0,1,1
169529,4394,0.0,3.0,1.0,22,19,2,3,19,0,1,2
169710,2193,0.0,6.0,0.0,5,2,1,1,4,0,1,0
170319,4818,0.0,3.0,0.0,12,2,2,2,9,1,1,1
170324,3085,0.0,4.0,0.0,7,5,5,2,0,2,5,0
170555,3828,0.0,5.0,0.0,16,13,7,4,13,0,1,2
171079,2569,0.0,3.0,0.0,25,10,1,2,22,0,2,1
171333,4173,0.0,2.0,0.0,20,3,1,3,19,0,1,0
171568,4545,0.0,0.0,0.0,15,5,1,4,14,0,1,0
171909,415,1.0,6.0,0.0,10,4,3,1,7,0,3,0
17223,4835,0.0,3.0,0.0,3,1,1,1,2,0,1,0
17224,547,0.0,2.0,1.0,30,11,2,5,26,0,1,3
172747,3657,0.0,2.0,0.0,5,2,1,1,4,0,1,0
172886,4919,0.0,0.0,0.0,8,4,3,3,7,0,1,0
173142,467,0.0,4.0,1.0,11,3,3,2,8,0,3,0
173903,219,0.0,4.0,0.0,11,8,1,3,10,0,1,0
174292,4049,0.0,4.0,0.0,10,2,2,2,8,0,2,0
174790,3885,0.0,2.0,1.0,5,1,1,2,4,0,1,0
175004,3536,0.0,0.0,0.0,10,3,1,3,9,0,1,0
175240,4234,0.0,3.0,0.0,2,2,2,2,1,0,1,0
175595,804,0.0,4.0,0.0,3,1,1,1,2,0,1,0
175837,1472,0.0,0.0,0.0,1,1,1,1,0,0,1,0
175914,3152,0.0,0.0,1.0,7,2,1,1,6,0,1,0
176067,3734,0.0,2.0,1.0,3,2,1,1,2,0,1,0
176196,361,0.0,3.0,0.0,4,3,2,2,0,0,1,3
176453,1203,0.0,4.0,0.0,18,4,4,3,16,0,2,0
176883,1890,0.0,4.0,1.0,6,1,1,1,5,0,1,0
177153,3609,0.0,0.0,0.0,19,16,1,1,18,0,1,0
177563,798,0.0,3.0,1.0,6,3,2,1,5,0,1,0
177750,2791,0.0,3.0,0.0,4,2,2,1,2,0,2,0
178472,3578,0.0,5.0,0.0,18,4,2,1,17,0,1,0
17856,1393,1.0,2.0,0.0,146,63,13,3,131,0,7,8
179500,4710,0.0,3.0,1.0,5,2,1,1,4,0,1,0
179934,4605,0.0,4.0,0.0,25,8,5,2,22,0,3,0
18044,4775,1.0,0.0,0.0,2,1,1,1,0,0,2,0
180546,1840,0.0,3.0,0.0,4,1,1,2,3,0,1,0
181180,2592,0.0,0.0,1.0,3,1,1,1,2,0,1,0
181860,2149,0.0,4.0,0.0,10,4,1,2,9,0,1,0
182203,1141,0.0,0.0,0.0,16,4,2,4,13,0,1,2
182285,1145,0.0,3.0,0.0,3,1,1,2,2,0,1,0
182338,3971,0.0,null,null,9,2,2,2,8,0,1,0
182878,310,0.0,0.0,1.0,6,1,1,1,5,0,1,0
183052,66,0.0,2.0,1.0,1,1,1,1,0,0,1,0
183125,3609,0.0,2.0,0.0,2,1,1,2,0,0,1,1
183185,1102,0.0,4.0,0.0,9,6,4,6,8,0,1,0
183476,4268,0.0,4.0,1.0,2,1,1,1,1,0,1,0
183779,2102,0.0,3.0,0.0,29,9,3,1,25,0,4,0
183876,4150,0.0,6.0,0.0,2,1,1,1,1,0,1,0
184758,3640,0.0,5.0,0.0,14,10,2,1,13,0,1,0
184776,3689,0.0,5.0,0.0,20,12,2,2,19,0,1,0
184929,614,0.0,2.0,0.0,5,2,1,1,4,0,1,0
185663,2981,0.0,0.0,0.0,7,1,1,1,5,0,1,1
186444,2361,0.0,4.0,0.0,5,1,1,4,4,0,1,0
186974,3230,0.0,5.0,1.0,5,1,1,1,4,0,1,0
187600,3828,0.0,3.0,0.0,9,7,3,1,8,0,1,0
187689,3925,0.0,6.0,0.0,6,2,2,2,5,0,1,0
188207,2465,0.0,3.0,0.0,2,1,1,2,1,0,1,0
188290,168,0.0,4.0,0.0,16,12,7,1,14,0,2,0
18868,1944,1.0,0.0,0.0,6,6,3,1,0,0,6,0
190254,3828,0.0,3.0,0.0,1,1,1,1,0,0,1,0
190438,4050,0.0,5.0,0.0,2,1,1,1,1,0,1,0
190513,4143,0.0,3.0,0.0,34,24,9,2,28,0,6,0
190536,3854,0.0,3.0,1.0,11,6,6,2,10,0,1,0
190644,2915,0.0,3.0,1.0,3,2,2,1,2,0,1,0
190888,2047,0.0,0.0,0.0,3,1,1,1,2,0,1,0
190948,2891,0.0,4.0,0.0,6,3,1,1,5,0,1,0
191352,416,0.0,0.0,0.0,4,1,1,1,3,0,1,0
191535,4270,0.0,5.0,1.0,4,2,1,2,3,0,1,0
191780,3022,0.0,0.0,0.0,7,1,1,1,6,0,1,0
192445,1346,0.0,3.0,0.0,8,3,1,1,7,0,1,0
192462,3382,0.0,4.0,0.0,2,1,1,1,1,0,1,0
193103,4536,0.0,0.0,0.0,10,1,1,1,8,0,2,0
193154,2537,0.0,3.0,1.0,9,3,2,1,8,0,1,0
193272,1425,0.0,6.0,0.0,5,2,1,2,4,0,1,0
193305,3828,0.0,0.0,0.0,78,28,8,9,77,0,1,0
193483,3826,0.0,3.0,1.0,1,1,1,1,0,0,1,0
193512,2712,0.0,4.0,0.0,3,1,1,1,2,0,1,0
19387,4577,1.0,4.0,0.0,3,1,1,2,2,0,1,0
194978,311,0.0,5.0,1.0,3,1,1,1,2,0,1,0
195047,467,0.0,4.0,0.0,2,1,1,1,1,0,1,0
195619,337,0.0,0.0,0.0,12,10,4,1,10,0,2,0
195844,2976,0.0,5.0,0.0,6,2,2,1,4,0,2,0
19670,3828,1.0,3.0,0.0,73,50,8,8,67,0,4,2
197,714,0.0,4.0,0.0,10,2,1,2,9,0,1,0
197076,598,0.0,3.0,0.0,6,1,1,1,5,0,1,0
197304,4926,0.0,4.0,0.0,2,1,1,1,1,0,1,0
197403,168,0.0,8.0,0.0,21,10,3,1,18,0,3,0
198346,1370,0.0,0.0,0.0,10,3,2,3,9,0,1,0
198589,1966,0.0,3.0,0.0,2,1,1,2,0,0,1,1
199120,2913,0.0,0.0,0.0,3,1,1,2,2,0,1,0
199816,3152,0.0,0.0,0.0,5,1,1,1,3,1,1,0
199932,1031,0.0,2.0,0.0,3,1,1,2,2,0,1,0
20011,2639,0.0,0.0,0.0,81,37,11,3,79,0,2,0
200744,4287,1.0,4.0,0.0,10,6,4,3,9,0,1,0
200897,2397,0.0,4.0,0.0,3,2,2,1,2,0,1,0
201032,1487,0.0,3.0,1.0,3,1,1,3,0,0,1,2
201092,3938,0.0,2.0,0.0,1,1,1,1,0,0,1,0
201630,951,0.0,3.0,1.0,4,1,1,1,3,0,1,0
202521,2511,0.0,4.0,0.0,4,1,1,2,3,0,1,0
202562,4043,0.0,3.0,1.0,7,4,2,1,4,0,3,0
20276,598,0.0,0.0,0.0,25,3,2,2,21,0,2,2
202766,1999,0.0,3.0,1.0,9,3,1,4,5,0,2,2
203291,1203,0.0,5.0,0.0,6,5,2,1,5,0,1,0
203898,4648,1.0,3.0,0.0,23,8,5,5,18,0,3,2
203968,590,0.0,3.0,1.0,4,1,1,1,3,0,1,0
204034,2051,0.0,3.0,0.0,1,1,1,1,0,0,1,0
204146,255,0.0,3.0,0.0,3,1,1,1,2,0,1,0
20419,320,0.0,5.0,0.0,10,5,4,2,9,0,1,0
204208,794,0.0,3.0,0.0,7,1,1,2,6,0,1,0
205007,1071,0.0,0.0,0.0,2,1,1,1,1,0,1,0
205387,4305,0.0,3.0,1.0,12,3,2,2,11,0,1,0
205784,2709,0.0,5.0,0.0,11,4,2,1,10,0,1,0
205837,1472,0.0,3.0,1.0,1,1,1,1,0,0,1,0
206671,3173,0.0,0.0,1.0,6,2,1,2,3,0,3,0
206689,2318,0.0,4.0,0.0,8,4,2,1,7,0,1,0
206855,4044,0.0,0.0,0.0,7,1,1,1,6,0,1,0
20721,3990,0.0,3.0,0.0,9,2,2,1,7,0,2,0
208097,3236,0.0,0.0,1.0,24,8,1,2,18,0,2,4
2083,1833,0.0,5.0,0.0,25,12,4,3,22,0,3,0
208390,740,1.0,3.0,1.0,1,1,1,1,0,0,1,0
210101,2565,1.0,5.0,0.0,17,7,1,2,15,0,2,0
210157,3152,0.0,4.0,1.0,4,1,1,2,3,0,1,0
210581,2582,0.0,6.0,0.0,12,6,3,1,10,0,2,0
210900,4197,0.0,0.0,0.0,9,4,2,3,8,0,1,0
21110,1399,0.0,5.0,0.0,4,1,1,1,3,0,1,0
211204,1605,0.0,7.0,0.0,6,2,1,2,5,0,1,0
211357,4607,0.0,3.0,0.0,15,5,3,4,13,0,1,1
211370,1861,0.0,2.0,0.0,11,4,2,3,10,0,1,0
211380,2318,0.0,2.0,1.0,4,1,1,2,3,0,1,0
21144,4600,0.0,0.0,0.0,2,1,1,1,1,0,1,0
211755,498,0.0,4.0,0.0,8,1,1,2,1,0,7,0
2124,962,1.0,0.0,0.0,6,2,2,2,5,0,1,0
212607,1102,0.0,4.0,0.0,63,56,13,10,62,0,1,0
212940,1501,0.0,4.0,1.0,27,23,1,2,26,0,1,0
214355,148,0.0,6.0,1.0,10,5,4,1,7,0,3,0
214527,2821,0.0,0.0,0.0,4,1,1,1,3,0,1,0
214573,2020,1.0,0.0,0.0,4,1,1,1,3,0,1,0
214723,322,0.0,2.0,0.0,4,1,1,1,2,0,1,1
214945,2562,0.0,3.0,0.0,1,1,1,1,0,0,1,0
216213,3236,0.0,7.0,0.0,9,3,1,1,8,0,1,0
217087,3865,0.0,5.0,1.0,10,5,5,3,4,0,5,1
217125,3865,0.0,3.0,1.0,1,1,1,1,0,0,1,0
217523,1514,0.0,3.0,0.0,3,1,1,1,2,0,1,0
218160,4950,0.0,0.0,0.0,21,6,6,1,10,3,8,0
218292,3910,0.0,3.0,0.0,2,1,1,2,1,0,1,0
218451,2511,0.0,3.0,1.0,3,1,1,1,2,0,1,0
220159,1131,0.0,4.0,1.0,4,1,1,1,3,0,1,0
220347,3954,0.0,2.0,0.0,6,2,2,1,5,0,1,0
221734,598,0.0,4.0,0.0,26,15,3,7,23,0,1,2
221807,2102,1.0,6.0,0.0,84,34,11,13,78,0,4,2
22215,2124,0.0,6.0,0.0,20,10,1,5,18,0,1,1
222180,4048,0.0,3.0,1.0,5,1,1,3,3,0,1,1
222209,3979,0.0,3.0,0.0,3,1,1,2,2,0,1,0
222264,4747,0.0,2.0,0.0,2,1,1,1,1,0,1,0
222813,1885,0.0,4.0,0.0,19,8,2,3,17,0,1,1
222875,2891,0.0,4.0,2.0,14,7,1,4,13,0,1,0
223220,4318,1.0,5.0,0.0,5,1,1,1,4,0,1,0
223315,121,0.0,4.0,0.0,6,3,2,1,5,0,1,0
223358,738,0.0,2.0,0.0,2,2,2,2,1,0,1,0
224075,3828,0.0,3.0,1.0,11,5,1,2,9,0,1,1
224154,3828,0.0,3.0,0.0,1,1,1,1,0,0,1,0
224362,3826,0.0,0.0,1.0,15,3,2,2,12,0,2,1
22440,2883,0.0,4.0,0.0,20,9,1,2,19,0,1,0
224686,3392,0.0,5.0,0.0,12,6,3,2,11,0,1,0
224852,4322,0.0,4.0,1.0,2,1,1,1,1,0,1,0
224890,4173,0.0,5.0,0.0,16,4,2,3,15,0,1,0
225795,3433,0.0,4.0,0.0,7,5,5,3,6,0,1,0
226219,1784,0.0,4.0,0.0,17,9,6,2,16,0,1,0
226343,437,0.0,6.0,0.0,7,1,1,4,6,0,1,0
226671,839,0.0,0.0,0.0,6,2,1,2,5,0,1,0
226864,114,1.0,3.0,0.0,11,5,1,3,8,0,1,2
22695,2926,0.0,2.0,1.0,8,6,1,1,7,0,1,0
227202,2217,0.0,4.0,0.0,4,3,1,2,0,0,1,3
227410,698,0.0,4.0,0.0,3,3,2,2,1,0,2,0
227411,1495,0.0,4.0,0.0,13,5,1,2,12,0,1,0
227951,1049,0.0,2.0,1.0,25,4,4,5,24,0,1,0
228355,1487,0.0,3.0,0.0,3,1,1,1,2,0,1,0
228376,4929,0.0,3.0,0.0,1,1,1,1,0,0,1,0
228382,1816,0.0,3.0,1.0,2,1,1,1,1,0,1,0
228658,302,0.0,2.0,0.0,10,7,1,3,7,0,3,0
228774,608,0.0,6.0,0.0,8,3,3,3,6,0,2,0
229009,1131,0.0,3.0,0.0,40,20,11,10,38,0,2,0
229100,1054,0.0,4.0,0.0,7,4,1,2,6,0,1,0
229457,2537,0.0,4.0,0.0,11,3,2,2,9,0,2,0
229923,1340,0.0,5.0,0.0,141,3,2,3,140,0,1,0
23002,4267,0.0,4.0,1.0,12,5,4,2,11,0,1,0
23126,4079,0.0,3.0,1.0,3,1,1,1,2,0,1,0
232080,3126,0.0,4.0,0.0,5,1,1,2,4,0,1,0
232471,1679,0.0,0.0,1.0,7,3,1,1,5,0,2,0
232497,643,0.0,0.0,0.0,3,1,1,1,2,0,1,0
232572,1861,0.0,4.0,0.0,2,1,1,1,1,0,1,0
232698,4143,0.0,3.0,0.0,4,1,1,3,3,0,1,0
232752,897,0.0,3.0,0.0,3,1,1,2,1,0,1,1
232969,1557,0.0,0.0,0.0,9,2,1,2,5,0,2,2
233455,4048,0.0,3.0,0.0,4,1,1,1,3,0,1,0
234127,1875,1.0,6.0,1.0,11,6,3,2,10,0,1,0
235277,359,0.0,3.0,0.0,17,11,6,4,16,0,1,0
235288,2224,0.0,2.0,0.0,3,1,1,1,2,0,1,0
235323,3875,0.0,5.0,2.0,9,1,1,4,8,0,1,0
235752,2928,0.0,3.0,0.0,1,1,1,1,0,0,1,0
235843,1102,0.0,3.0,1.0,4,1,1,1,3,0,1,0
236161,3152,0.0,5.0,0.0,4,2,1,1,3,0,1,0
236211,3734,0.0,3.0,1.0,3,1,1,1,2,0,1,0
236719,2217,0.0,0.0,0.0,9,1,1,4,7,0,2,0
236797,1978,0.0,3.0,1.0,24,4,2,2,22,0,2,0
237124,3578,0.0,6.0,0.0,5,2,1,1,4,0,1,0
237301,4265,0.0,4.0,1.0,1,1,1,1,0,0,1,0
23732,2459,0.0,3.0,0.0,12,7,4,2,11,0,1,0
23763,2325,0.0,3.0,1.0,2,1,1,1,1,0,1,0
237849,4385,0.0,2.0,0.0,8,1,1,1,6,0,1,1
238754,1749,0.0,3.0,1.0,2,1,1,1,1,0,1,0
238904,3472,0.0,3.0,0.0,3,1,1,1,2,0,1,0
238975,2447,0.0,2.0,0.0,9,1,1,2,7,0,1,1
238980,2006,0.0,0.0,0.0,1,1,1,1,0,0,1,0
239240,1013,0.0,6.0,1.0,1,1,1,1,0,0,1,0
239403,2971,0.0,2.0,0.0,5,2,1,1,4,0,1,0
239581,2752,0.0,4.0,1.0,8,2,1,1,4,0,2,2
239674,1102,1.0,4.0,0.0,37,12,6,3,35,0,2,0
240386,2745,0.0,4.0,0.0,1,1,1,1,0,0,1,0
240635,1467,0.0,3.0,0.0,3,1,1,1,2,0,1,0
240719,3990,0.0,0.0,1.0,1,1,1,1,0,0,1,0
241088,386,0.0,4.0,0.0,6,2,1,2,4,0,2,0
241166,1678,0.0,3.0,0.0,5,1,1,3,3,0,2,0
24120,4605,0.0,3.0,0.0,2,2,2,2,1,0,1,0
241228,4976,1.0,5.0,0.0,3,2,1,2,0,0,2,1
241577,3753,0.0,3.0,0.0,3,1,1,2,2,0,1,0
242043,2582,0.0,3.0,1.0,3,1,1,2,1,0,1,1
242262,4048,0.0,2.0,1.0,1,1,1,1,0,0,1,0
242484,547,0.0,7.0,1.0,7,3,1,2,5,1,1,0
242584,361,0.0,0.0,0.0,4,2,1,2,3,0,1,0
243334,3781,0.0,2.0,0.0,4,1,1,1,2,0,1,1
243349,3819,0.0,3.0,0.0,5,2,2,1,2,0,2,1
243537,4712,0.0,2.0,0.0,4,1,1,1,3,0,1,0
243634,1833,0.0,6.0,1.0,62,35,8,8,58,0,1,3
244396,574,0.0,3.0,1.0,10,3,1,2,9,0,1,0
244487,1000,0.0,6.0,1.0,1,1,1,1,0,0,1,0
245000,742,0.0,6.0,1.0,1,1,1,1,0,0,1,0
245185,860,1.0,0.0,0.0,35,19,8,3,33,0,1,1
245392,1353,0.0,2.0,0.0,17,2,2,2,16,0,1,0
24579,1204,0.0,6.0,1.0,2,1,1,1,1,0,1,0
24639,4950,0.0,5.0,1.0,1,1,1,1,0,0,1,0
246690,1833,0.0,6.0,0.0,4,3,2,1,3,0,1,0
24681,3828,1.0,3.0,0.0,6,2,2,1,5,0,1,0
247319,4171,0.0,5.0,0.0,13,2,2,4,9,0,4,0
247867,547,0.0,6.0,1.0,9,1,1,2,8,0,1,0
248092,598,0.0,2.0,0.0,1,1,1,1,0,0,1,0
248115,3249,0.0,5.0,1.0,8,2,1,1,7,0,1,0
248401,474,1.0,4.0,0.0,13,11,9,2,3,0,10,0
248475,227,0.0,0.0,0.0,24,10,2,5,23,0,1,0
250598,4534,0.0,2.0,0.0,4,1,1,1,3,0,1,0
250741,1115,0.0,0.0,1.0,9,1,1,3,8,0,1,0
250807,1484,0.0,6.0,0.0,10,4,2,2,9,0,1,0
250972,2099,0.0,0.0,1.0,2,1,1,1,1,0,1,0
250988,1102,0.0,5.0,0.0,9,2,2,6,8,0,1,0
250990,1412,0.0,3.0,0.0,3,1,1,1,2,0,1,0
251417,1330,0.0,0.0,1.0,2,1,1,1,1,0,1,0
251589,4417,0.0,2.0,1.0,1,1,1,1,0,0,1,0
252479,2629,0.0,0.0,0.0,6,1,1,1,5,0,1,0
252693,4787,0.0,3.0,0.0,3,1,1,1,2,0,1,0
252732,1861,0.0,4.0,0.0,1,1,1,1,0,0,1,0
253101,4708,0.0,4.0,0.0,10,5,5,1,7,0,3,0
253231,4791,0.0,0.0,0.0,14,3,2,3,12,0,1,1
253398,810,0.0,5.0,0.0,3,1,1,1,1,0,1,1
254185,219,0.0,2.0,1.0,3,1,1,1,2,0,1,0
254253,4504,0.0,6.0,0.0,26,10,1,2,24,0,1,1
254267,2991,0.0,4.0,0.0,4,1,1,1,3,0,1,0
254365,2789,0.0,0.0,0.0,5,3,3,1,3,0,2,0
254753,2047,0.0,0.0,0.0,5,3,3,2,4,0,1,0
255186,4048,0.0,0.0,0.0,2,1,1,1,1,0,1,0
255766,2403,0.0,4.0,0.0,19,9,1,2,18,0,1,0
255801,1102,0.0,3.0,0.0,18,3,2,5,17,0,1,0
255933,3936,0.0,0.0,0.0,16,3,1,1,13,0,1,2
256741,1102,0.0,5.0,0.0,6,2,1,1,5,0,1,0
256945,2537,0.0,3.0,1.0,4,2,1,1,3,0,1,0
257588,1340,0.0,6.0,null,3,1,1,1,2,0,1,0
258393,773,0.0,5.0,1.0,2,1,1,1,1,0,1,0
25852,547,0.0,3.0,0.0,9,4,1,1,8,0,1,0
258557,4186,0.0,4.0,0.0,25,8,1,5,20,0,1,4
258726,1816,0.0,3.0,0.0,1,1,1,1,0,0,1,0
258804,1102,0.0,0.0,0.0,24,1,1,4,22,0,1,1
258813,3839,0.0,0.0,1.0,33,9,3,4,30,0,3,0
258918,3609,0.0,3.0,0.0,12,7,1,2,9,0,3,0
259170,323,0.0,4.0,1.0,17,7,1,2,15,0,2,0
259354,412,0.0,0.0,0.0,103,54,12,5,102,0,1,0
259731,1346,0.0,4.0,1.0,6,1,1,2,5,0,1,0
259995,382,0.0,3.0,1.0,3,2,2,1,1,0,2,0
260098,1102,0.0,3.0,1.0,16,7,2,1,13,0,1,2
260861,320,0.0,4.0,1.0,4,1,1,1,3,0,1,0
261018,2242,0.0,4.0,0.0,5,1,1,1,4,0,1,0
26121,2273,0.0,3.0,0.0,4,2,1,2,3,0,1,0
261582,2360,0.0,0.0,1.0,3,1,1,2,2,0,1,0
261907,1820,0.0,4.0,1.0,10,3,1,1,9,0,1,0
262629,2639,0.0,0.0,1.0,11,7,4,1,8,0,3,0
263032,724,0.0,3.0,0.0,8,2,1,1,7,0,1,0
263077,4287,0.0,3.0,2.0,17,8,4,3,16,0,1,0
263321,3329,0.0,4.0,1.0,1,1,1,1,0,0,1,0
263427,1487,0.0,0.0,0.0,21,11,1,2,20,0,1,0
263695,4818,0.0,2.0,0.0,26,5,4,2,25,0,1,0
263729,1999,0.0,4.0,0.0,6,4,1,1,5,0,1,0
263957,2435,1.0,5.0,0.0,1,1,1,1,0,0,1,0
264133,1060,1.0,0.0,0.0,2,1,1,1,1,0,1,0
264550,1435,0.0,3.0,0.0,4,1,1,1,3,0,1,0
264804,4966,1.0,0.0,0.0,2,1,1,1,1,0,1,0
264809,3335,0.0,3.0,0.0,22,5,1,2,20,0,2,0
265100,2361,0.0,2.0,2.0,1,1,1,1,0,0,1,0
265261,3062,0.0,2.0,1.0,12,6,1,1,11,0,1,0
265308,2860,0.0,0.0,0.0,4,1,1,1,3,0,1,0
266189,2935,0.0,3.0,null,3,1,1,1,2,0,1,0
266227,1167,0.0,4.0,1.0,1,1,1,1,0,0,1,0
266444,3301,0.0,3.0,0.0,2,1,1,1,1,0,1,0
267177,1502,0.0,0.0,1.0,6,4,2,2,5,0,1,0
267259,4044,0.0,null,null,22,8,5,2,21,0,1,0
267390,145,1.0,6.0,0.0,1,1,1,1,0,0,1,0
267586,370,0.0,3.0,1.0,6,3,2,1,4,0,2,0
268266,1472,0.0,2.0,0.0,3,1,1,2,0,1,1,1
268475,2654,0.0,2.0,0.0,62,36,7,5,61,0,1,0
269186,4708,0.0,3.0,0.0,1,1,1,1,0,0,1,0
269356,2828,0.0,5.0,0.0,12,5,2,4,11,0,1,0
269877,1816,0.0,3.0,0.0,3,1,1,1,2,0,1,0
270039,1143,1.0,6.0,0.0,8,2,1,4,7,0,1,0
271471,4220,0.0,2.0,0.0,3,1,1,1,2,0,1,0
27218,742,0.0,0.0,0.0,2,1,1,1,1,0,1,0
272238,437,0.0,5.0,1.0,6,2,1,1,4,0,1,1
272289,2128,0.0,3.0,0.0,4,1,1,3,3,0,1,0
272293,222,0.0,0.0,0.0,13,7,2,1,12,0,1,0
272786,3545,0.0,3.0,1.0,5,1,1,1,4,0,1,0
273033,3205,0.0,5.0,0.0,2,1,1,1,1,0,1,0
27315,268,0.0,6.0,1.0,11,9,2,1,10,0,1,0
273265,3266,0.0,0.0,0.0,1,1,1,1,0,0,1,0
273412,4536,0.0,6.0,0.0,4,1,1,1,2,0,2,0
273556,1895,0.0,2.0,0.0,3,1,1,1,2,0,1,0
273614,586,0.0,5.0,0.0,3,2,1,1,0,0,3,0
27370,2943,0.0,4.0,0.0,17,6,1,1,16,0,1,0
27430,4764,0.0,5.0,0.0,3,1,1,1,2,0,1,0
27447,742,0.0,4.0,0.0,6,1,1,2,4,0,2,0
274686,4401,0.0,2.0,1.0,2,1,1,1,1,0,1,0
274980,3516,0.0,5.0,0.0,6,3,2,1,5,0,1,0
274988,2545,0.0,0.0,1.0,10,3,1,2,8,0,2,0
275352,2459,0.0,3.0,0.0,3,2,2,1,2,0,1,0
275926,2721,0.0,2.0,1.0,1,1,1,1,0,0,1,0
275957,639,0.0,4.0,0.0,8,1,1,1,7,0,1,0
276080,798,0.0,3.0,0.0,4,2,2,2,3,0,1,0
27648,4942,0.0,6.0,1.0,3,1,1,1,2,0,1,0
277025,2505,0.0,2.0,1.0,8,1,1,1,7,0,1,0
277157,742,0.0,4.0,0.0,3,1,1,1,2,0,1,0
27795,643,0.0,4.0,0.0,5,2,1,1,4,0,1,0
277970,1557,0.0,0.0,null,9,5,1,2,8,0,1,0
278167,102,1.0,4.0,2.0,4,3,2,2,3,0,1,0
278247,1454,0.0,0.0,0.0,2,1,1,1,0,0,2,0
278374,1742,0.0,3.0,0.0,9,2,1,2,8,0,1,0
278432,3085,0.0,0.0,0.0,3,1,1,1,2,0,1,0
278802,2913,0.0,2.0,0.0,27,6,1,2,26,0,1,0
278963,3734,0.0,3.0,1.0,1,1,1,1,0,0,1,0
279000,474,1.0,0.0,1.0,2,1,1,1,1,0,1,0
279621,4760,0.0,6.0,1.0,4,2,2,1,3,0,1,0
279767,1102,0.0,4.0,0.0,24,6,5,4,21,0,1,2
280140,10,0.0,6.0,0.0,8,2,1,2,7,0,1,0
280366,2608,0.0,0.0,1.0,2,1,1,1,1,0,1,0
280613,4112,0.0,5.0,0.0,6,2,2,3,5,0,1,0
282257,1013,0.0,5.0,0.0,20,8,5,1,17,0,3,0
282362,4305,0.0,0.0,1.0,2,1,1,2,1,0,1,0
282426,4245,0.0,5.0,0.0,14,6,4,2,10,0,3,1
282445,4585,0.0,4.0,1.0,15,8,4,1,13,0,2,0
282663,3955,0.0,5.0,0.0,5,2,2,1,3,0,2,0
282776,1210,0.0,0.0,0.0,2,1,1,1,1,0,1,0
282788,4170,0.0,5.0,0.0,2,2,1,1,0,0,2,0
283066,2031,0.0,2.0,1.0,3,2,1,1,2,0,1,0
283069,361,0.0,4.0,1.0,11,1,1,2,8,0,1,2
283489,3734,0.0,6.0,0.0,9,3,2,2,8,0,1,0
283506,219,1.0,0.0,1.0,5,1,1,1,4,0,1,0
284072,4712,0.0,2.0,0.0,8,2,1,2,7,0,1,0
284096,3828,0.0,3.0,0.0,11,1,1,2,10,0,1,0
284349,2273,0.0,3.0,0.0,1,1,1,1,0,0,1,0
284889,1742,0.0,3.0,2.0,10,3,1,2,8,0,1,1
285127,326,0.0,0.0,null,11,3,2,1,8,0,3,0
285610,1352,0.0,6.0,1.0,3,2,2,1,1,0,2,0
285846,4173,0.0,0.0,1.0,3,1,1,2,2,0,1,0
285855,3578,0.0,6.0,0.0,3,1,1,1,2,0,1,0
286010,3670,0.0,5.0,0.0,2,1,1,1,1,0,1,0
286265,4756,0.0,5.0,0.0,23,8,3,3,19,0,4,0
286805,810,0.0,0.0,0.0,7,2,1,2,6,0,1,0
286899,2579,0.0,4.0,2.0,3,3,1,2,2,0,1,0
287013,4760,0.0,6.0,0.0,13,5,4,1,10,0,3,0
287030,390,0.0,4.0,0.0,29,14,7,4,20,0,3,6
287061,316,0.0,3.0,0.0,12,1,1,2,11,0,1,0
28710,2189,0.0,5.0,0.0,5,1,1,1,4,0,1,0
287234,4659,0.0,0.0,0.0,12,2,2,1,11,0,1,0
287606,4043,0.0,4.0,0.0,9,3,2,2,7,0,2,0
287785,2482,1.0,3.0,0.0,3,2,2,1,2,0,1,0
28780,4993,0.0,2.0,1.0,1,1,1,1,0,0,1,0
28831,4079,0.0,4.0,1.0,13,4,1,2,12,0,1,0
28839,3734,0.0,3.0,1.0,16,6,3,2,15,0,1,0
288655,3893,0.0,5.0,0.0,14,9,2,1,13,0,1,0
288668,2102,0.0,2.0,0.0,23,8,5,3,18,0,4,1
288954,3444,0.0,2.0,1.0,2,2,2,2,0,0,1,1
289108,1500,0.0,2.0,1.0,3,1,1,1,2,0,1,0
289171,4090,0.0,4.0,0.0,10,2,1,1,9,0,1,0
289367,1892,0.0,0.0,0.0,9,5,2,2,5,0,4,0
289795,3891,0.0,4.0,0.0,6,1,1,1,5,0,1,0
290084,1895,0.0,3.0,0.0,17,7,2,2,12,0,2,3
290098,4536,0.0,3.0,0.0,2,1,1,1,1,0,1,0
290326,3230,0.0,3.0,1.0,5,1,1,1,4,0,1,0
290982,3657,0.0,2.0,0.0,2,1,1,1,1,0,1,0
291001,4078,0.0,3.0,0.0,16,2,1,6,12,0,2,2
291109,1890,0.0,4.0,0.0,7,1,1,3,6,0,1,0
291128,2303,0.0,4.0,0.0,1,1,1,1,0,0,1,0
291654,3075,0.0,0.0,0.0,1,1,1,1,0,0,1,0
291721,361,0.0,6.0,0.0,5,2,1,2,3,0,1,1
291801,102,0.0,3.0,0.0,1,1,1,1,0,0,1,0
291911,1098,0.0,6.0,0.0,20,8,1,2,17,0,2,1
292163,2872,1.0,6.0,1.0,10,2,4,7,8,0,1,1
292631,361,0.0,0.0,0.0,36,13,2,4,34,0,1,1
293258,2668,0.0,4.0,0.0,6,3,1,2,3,0,3,0
293283,1020,0.0,4.0,1.0,1,1,1,1,0,0,1,0
293641,1149,0.0,4.0,0.0,2,1,1,1,1,0,1,0
293665,234,0.0,4.0,1.0,1,1,1,1,0,0,1,0
29402,598,0.0,3.0,0.0,10,2,1,1,9,0,1,0
294604,114,0.0,3.0,0.0,32,17,1,1,28,0,4,0
295081,3662,0.0,5.0,1.0,7,4,3,2,6,0,1,0
295414,310,0.0,2.0,1.0,36,13,7,2,34,0,2,0
295748,437,0.0,3.0,1.0,29,15,4,3,28,0,1,0
295920,1833,0.0,4.0,0.0,9,4,4,1,8,0,1,0
296697,4267,0.0,4.0,0.0,21,14,5,2,18,0,3,0
296718,1370,0.0,6.0,null,18,4,1,1,14,1,3,0
29689,4687,0.0,3.0,0.0,1,1,1,1,0,0,1,0
296926,3349,0.0,0.0,1.0,3,1,1,1,2,0,1,0
297516,4605,0.0,5.0,0.0,4,1,1,4,3,0,1,0
29787,4727,0.0,2.0,1.0,7,2,1,1,6,0,1,0
298005,1408,0.0,4.0,0.0,5,2,1,1,4,0,1,0
29816,1116,0.0,3.0,0.0,11,5,2,1,10,0,1,0
298242,1557,0.0,3.0,1.0,2,1,1,1,1,0,1,0
298723,2562,0.0,3.0,0.0,2,1,1,1,1,0,1,0
298891,3406,0.0,4.0,0.0,14,3,1,2,13,0,1,0
298994,4287,0.0,3.0,0.0,9,5,4,2,2,0,2,5
299068,1204,1.0,0.0,0.0,5,3,2,2,4,0,1,0
299244,1352,0.0,0.0,1.0,4,3,1,1,3,0,1,0
299728,2273,0.0,6.0,0.0,9,3,1,3,7,0,1,1
300288,2093,0.0,0.0,1.0,3,1,1,1,2,0,1,0
300782,2698,0.0,4.0,0.0,16,13,1,1,15,0,1,0
302245,2721,0.0,4.0,0.0,1,1,1,1,0,0,1,0
302610,503,1.0,3.0,0.0,6,1,1,1,5,0,1,0
303702,4560,0.0,6.0,0.0,2,1,1,1,1,0,1,0
303850,2031,0.0,0.0,0.0,5,2,2,1,3,0,2,0
304404,2273,0.0,5.0,0.0,4,3,1,1,3,0,1,0
304964,1193,0.0,3.0,null,4,1,1,1,3,0,1,0
30525,2641,1.0,4.0,0.0,5,1,1,2,4,0,1,0
30539,437,0.0,0.0,0.0,2,1,1,1,1,0,1,0
30573,3154,0.0,3.0,0.0,4,1,1,1,2,0,2,0
306565,412,0.0,0.0,0.0,5,1,1,1,3,0,2,0
306791,4090,0.0,6.0,1.0,2,2,1,1,1,0,1,0
306954,4173,1.0,0.0,0.0,7,6,3,2,6,0,1,0
307857,535,0.0,3.0,0.0,7,1,1,2,6,0,1,0
308745,4847,0.0,3.0,1.0,2,1,1,1,1,0,1,0
30935,4044,0.0,3.0,0.0,5,1,1,1,4,0,1,0
309660,1348,0.0,0.0,0.0,5,1,1,1,4,0,1,0
309698,293,0.0,0.0,0.0,12,3,1,4,10,1,1,0
309722,1760,0.0,5.0,0.0,10,6,1,2,9,0,1,0
309775,221,0.0,0.0,0.0,6,1,1,4,5,0,1,0
309889,361,0.0,0.0,0.0,11,1,1,4,9,0,1,1
310327,310,0.0,4.0,0.0,2,1,1,1,1,0,1,0
310403,4171,0.0,5.0,0.0,10,3,2,4,5,0,4,1
310507,296,0.0,4.0,0.0,5,2,1,2,4,0,1,0
311154,1203,0.0,0.0,0.0,8,2,1,2,6,0,2,0
311559,3127,1.0,6.0,1.0,4,1,1,1,3,0,1,0
311925,1703,0.0,4.0,1.0,5,3,3,1,4,0,1,0
312114,3585,0.0,4.0,0.0,19,12,1,4,18,0,1,0
312184,4847,1.0,2.0,0.0,24,21,9,2,0,0,3,21
312565,3484,0.0,4.0,1.0,7,1,1,4,6,0,1,0
312577,1698,1.0,5.0,0.0,3,1,1,1,2,0,1,0
312979,673,0.0,2.0,0.0,1,1,1,1,0,0,1,0
313364,2450,0.0,3.0,1.0,5,1,1,1,4,0,1,0
313509,1760,0.0,3.0,0.0,4,1,1,1,3,0,1,0
314154,2954,0.0,4.0,0.0,4,1,1,1,3,0,1,0
314606,1264,0.0,0.0,0.0,2,1,1,1,0,0,2,0
314612,4954,0.0,0.0,0.0,6,4,3,1,5,0,1,0
31479,414,0.0,3.0,0.0,89,36,6,5,70,0,2,17
314936,1031,0.0,4.0,0.0,8,3,1,3,7,0,1,0
31577,1056,0.0,4.0,0.0,7,2,2,3,4,0,1,2
315819,2565,0.0,5.0,1.0,8,3,1,2,6,0,1,1
316193,1472,0.0,3.0,0.0,3,1,1,1,2,0,1,0
316606,729,0.0,3.0,0.0,3,1,1,1,2,0,1,0
317754,4044,0.0,3.0,0.0,27,11,4,5,24,0,1,2
318197,4044,0.0,3.0,1.0,24,9,5,2,22,0,2,0
318215,2608,0.0,3.0,1.0,3,1,1,2,2,0,1,0
318474,4667,0.0,2.0,0.0,3,1,1,1,2,0,1,0
318769,4760,0.0,3.0,0.0,1,1,1,1,0,0,1,0
319205,4427,0.0,3.0,0.0,6,3,1,2,4,1,1,0
320246,4424,0.0,4.0,1.0,26,10,3,2,23,0,2,1
320687,2318,0.0,3.0,0.0,7,1,1,2,6,0,1,0
320760,2162,0.0,4.0,1.0,2,1,1,1,1,0,1,0
321600,756,0.0,4.0,0.0,3,1,1,1,2,0,1,0
322053,2273,0.0,4.0,0.0,3,1,1,2,2,0,1,0
322541,1203,0.0,3.0,0.0,7,6,5,1,4,0,1,2
322862,4504,0.0,6.0,0.0,39,15,2,2,38,0,1,0
322911,1890,0.0,3.0,1.0,4,2,1,1,3,0,1,0
323162,4265,0.0,4.0,0.0,31,12,7,9,26,0,1,4
323283,4234,0.0,4.0,0.0,3,1,1,2,2,0,1,0
323453,2036,0.0,0.0,0.0,5,1,1,1,3,0,1,1
323851,1190,0.0,0.0,0.0,12,3,3,1,9,0,3,0
324033,121,0.0,6.0,0.0,7,4,2,2,5,0,2,0
324214,4240,0.0,5.0,1.0,13,9,2,2,12,0,1,0
32462,4718,0.0,5.0,0.0,3,2,2,1,1,0,2,0
324830,2768,0.0,4.0,0.0,16,13,2,1,15,0,1,0
324954,4173,0.0,5.0,0.0,118,36,8,8,114,0,4,0
325203,2031,0.0,3.0,1.0,3,1,1,1,2,0,1,0
325369,2637,0.0,2.0,1.0,6,1,1,1,3,0,3,0
325427,4536,0.0,2.0,0.0,1,1,1,1,0,0,1,0
32628,4173,0.0,6.0,1.0,3,1,1,1,2,0,1,0
326324,3350,0.0,0.0,1.0,3,1,1,2,1,0,1,1
326345,1291,0.0,4.0,0.0,1,1,1,1,0,0,1,0
326682,606,0.0,2.0,0.0,67,20,4,1,65,0,1,1
326741,241,0.0,4.0,1.0,7,2,1,1,6,0,1,0
326766,3640,0.0,3.0,0.0,1,1,1,1,0,0,1,0
327522,4641,0.0,3.0,1.0,1,1,1,1,0,0,1,0
328059,4942,0.0,3.0,0.0,7,2,1,2,5,0,1,1
328155,2928,0.0,3.0,2.0,1,1,1,1,0,0,1,0
328321,4374,0.0,2.0,0.0,19,9,2,1,18,0,1,0
328559,4282,0.0,3.0,1.0,33,24,7,3,31,0,1,1
328820,4173,0.0,2.0,0.0,11,1,1,4,8,0,1,2
329159,4480,1.0,4.0,0.0,12,8,3,2,11,0,1,0
329357,2435,1.0,6.0,0.0,2,1,1,1,1,0,1,0
329413,2579,0.0,4.0,0.0,10,1,1,1,9,0,1,0
329501,2545,0.0,6.0,0.0,4,1,1,1,3,0,1,0
330143,4073,0.0,0.0,0.0,1,1,1,1,0,0,1,0
330185,4793,0.0,0.0,1.0,4,1,1,1,1,0,3,0
330648,4605,0.0,4.0,0.0,14,9,6,1,13,0,1,0
33152,1013,0.0,3.0,0.0,6,1,1,1,5,0,1,0
331538,4203,0.0,0.0,1.0,16,4,2,1,15,0,1,0
331638,1487,0.0,0.0,1.0,13,2,1,2,10,0,2,1
331759,2273,0.0,6.0,1.0,2,1,1,1,1,0,1,0
331925,3586,0.0,4.0,1.0,10,7,4,1,7,0,3,0
331933,474,1.0,4.0,1.0,5,2,2,1,3,0,2,0
332231,4647,0.0,0.0,0.0,8,3,1,2,7,0,1,0
332342,418,0.0,3.0,0.0,7,4,2,1,6,0,1,0
332494,1356,0.0,6.0,1.0,3,1,1,1,2,0,1,0
332848,3420,0.0,0.0,0.0,13,4,3,2,10,0,3,0
33301,1502,0.0,5.0,0.0,10,5,2,3,8,0,2,0
333802,1618,0.0,3.0,0.0,3,1,1,1,2,0,1,0
334249,2097,0.0,6.0,0.0,23,8,1,3,22,0,1,0
334261,3828,0.0,0.0,1.0,32,19,9,2,28,0,4,0
33441,3477,0.0,3.0,1.0,5,1,1,2,3,1,1,0
334455,1356,0.0,5.0,0.0,10,4,1,3,9,0,1,0
334697,2413,0.0,4.0,0.0,5,3,3,1,4,0,1,0
335552,2273,0.0,0.0,0.0,1,1,1,1,0,0,1,0
335791,4799,0.0,4.0,1.0,8,2,1,2,7,0,1,0
336495,3524,0.0,5.0,0.0,3,1,1,1,2,0,1,0
337047,1742,0.0,3.0,0.0,6,2,1,3,5,0,1,0
337094,1712,0.0,5.0,0.0,6,1,1,2,5,0,1,0
337276,2821,0.0,6.0,1.0,5,4,1,1,4,0,1,0
337620,1816,0.0,2.0,1.0,6,2,2,1,5,0,1,0
338442,4181,0.0,3.0,0.0,5,2,2,1,4,0,1,0
338917,1393,0.0,3.0,0.0,16,7,6,3,12,0,1,3
338936,4914,0.0,3.0,1.0,4,2,1,1,3,0,1,0
339025,598,0.0,5.0,2.0,3,1,1,1,2,0,1,0
339164,3055,0.0,3.0,0.0,3,1,1,1,2,0,1,0
339864,798,0.0,2.0,0.0,2,1,1,1,1,0,1,0
340334,1285,0.0,4.0,0.0,14,4,2,4,12,1,1,0
340581,416,0.0,5.0,0.0,10,6,2,2,7,0,2,1
340678,1588,0.0,0.0,0.0,2,1,1,1,1,0,1,0
340897,1673,0.0,0.0,0.0,9,2,1,2,8,0,1,0
34103,4048,0.0,0.0,0.0,1,1,1,1,0,0,1,0
341076,3065,0.0,3.0,0.0,4,1,1,2,3,0,1,0
341648,4268,0.0,4.0,0.0,3,1,1,2,2,0,1,0
341986,2646,0.0,2.0,0.0,2,1,1,1,0,0,2,0
34207,1780,0.0,0.0,1.0,1,1,1,1,0,0,1,0
343142,3826,0.0,2.0,0.0,4,1,1,1,3,0,1,0
343193,3098,0.0,6.0,0.0,3,2,1,1,2,0,1,0
343198,777,0.0,2.0,0.0,13,9,2,3,10,0,1,2
343460,1555,0.0,3.0,0.0,17,3,1,1,16,0,1,0
343542,1275,0.0,3.0,0.0,4,2,1,1,3,0,1,0
344083,416,0.0,6.0,0.0,60,21,6,2,48,0,2,10
344094,2445,0.0,6.0,1.0,11,2,2,4,9,0,1,1
344126,2664,0.0,6.0,0.0,5,1,1,1,4,0,1,0
344253,1816,0.0,5.0,1.0,2,1,1,1,1,0,1,0
344818,1703,0.0,4.0,1.0,14,2,1,3,13,0,1,0
344988,1918,0.0,3.0,0.0,6,2,1,4,5,0,1,0
345413,4282,0.0,3.0,0.0,62,16,5,2,52,0,5,5
346073,547,0.0,0.0,1.0,18,13,2,3,15,0,2,1
346555,2031,0.0,2.0,1.0,6,2,1,1,5,0,1,0
346621,3016,0.0,2.0,1.0,35,21,8,3,21,0,9,5
346766,1495,0.0,0.0,0.0,2,2,2,2,0,0,1,1
347036,1861,0.0,3.0,0.0,12,3,1,2,10,0,2,0
347503,2915,0.0,4.0,1.0,14,9,4,1,12,0,2,0
347930,588,1.0,5.0,1.0,4,1,1,1,3,0,1,0
348196,1540,0.0,6.0,0.0,4,1,1,2,2,0,1,1
348351,738,0.0,0.0,null,2,1,1,1,1,0,1,0
34881,2775,1.0,3.0,0.0,1,1,1,1,0,0,1,0
348967,1721,0.0,4.0,0.0,10,1,1,1,8,0,2,0
349037,2154,0.0,3.0,0.0,11,2,2,3,10,0,1,0
34906,3301,0.0,5.0,0.0,5,2,2,1,4,0,1,0
349065,4607,0.0,6.0,0.0,1,1,1,1,0,0,1,0
34931,4371,0.0,3.0,1.0,7,5,2,1,6,0,1,0
349342,4043,0.0,4.0,0.0,7,3,3,2,6,0,1,0
349369,1704,0.0,0.0,0.0,1,1,1,1,0,0,1,0
34952,740,0.0,4.0,2.0,6,4,4,2,5,0,1,0
349909,2173,0.0,0.0,0.0,5,4,1,2,4,0,1,0
349949,4048,0.0,6.0,0.0,24,10,1,1,21,0,3,0
350448,2078,0.0,5.0,0.0,4,1,1,1,3,0,1,0
350720,4071,0.0,4.0,0.0,9,1,1,1,7,0,2,0
350865,4808,0.0,3.0,1.0,6,2,1,2,5,0,1,0
350962,3420,0.0,4.0,2.0,11,5,4,2,10,0,1,0
351111,4368,0.0,0.0,null,5,5,2,1,0,0,5,0
351409,1270,0.0,3.0,0.0,3,1,1,1,1,0,2,0
351446,2664,0.0,0.0,0.0,11,5,2,1,9,0,2,0
351486,2565,0.0,2.0,0.0,9,5,1,1,8,0,1,0
351706,3160,0.0,5.0,0.0,8,6,4,1,6,0,2,0
35171,861,0.0,0.0,1.0,4,1,1,1,3,0,1,0
352795,3015,0.0,3.0,0.0,1,1,1,1,0,0,1,0
353498,66,0.0,3.0,0.0,1,1,1,1,0,0,1,0
353528,2473,0.0,3.0,1.0,4,1,1,1,3,0,1,0
353696,1470,0.0,3.0,0.0,3,1,1,1,2,0,1,0
353716,1399,0.0,3.0,0.0,4,1,1,1,3,0,1,0
353757,4043,0.0,3.0,2.0,3,2,1,2,0,0,1,2
354091,698,0.0,2.0,0.0,13,3,3,2,12,0,1,0
354289,4265,0.0,4.0,0.0,26,22,6,2,25,0,1,0
354648,1978,0.0,0.0,1.0,27,11,2,3,23,0,1,3
354908,1968,0.0,0.0,0.0,5,1,1,1,3,0,2,0
355412,2592,0.0,0.0,0.0,5,2,1,2,4,0,1,0
356316,4048,0.0,3.0,0.0,5,2,1,1,3,1,1,0
357035,1495,0.0,0.0,0.0,7,2,1,2,6,0,1,0
357160,4287,0.0,3.0,2.0,5,2,1,2,3,0,1,1
357173,1854,0.0,2.0,0.0,7,4,1,1,6,0,1,0
357324,1520,0.0,4.0,2.0,2,1,1,1,1,0,1,0
357765,3629,0.0,6.0,0.0,3,1,1,1,2,0,1,0
358202,1618,0.0,6.0,1.0,9,3,1,2,8,0,1,0
35827,1500,0.0,4.0,0.0,6,1,1,4,5,0,1,0
359247,1679,0.0,4.0,null,24,11,4,5,23,0,1,0
359278,2543,0.0,0.0,0.0,18,5,1,1,16,0,1,1
3593,2803,0.0,0.0,0.0,2,1,1,1,1,0,1,0
359415,3230,0.0,7.0,0.0,3,1,1,1,2,0,1,0
359807,4325,0.0,4.0,1.0,20,6,2,1,18,0,2,0
360744,418,0.0,4.0,1.0,4,2,1,1,3,0,1,0
361598,3936,0.0,2.0,1.0,11,6,4,2,8,0,1,2
36201,1724,0.0,2.0,2.0,20,7,2,1,19,0,1,0
362152,2122,0.0,3.0,0.0,3,1,1,1,2,0,1,0
362160,1666,1.0,3.0,1.0,23,7,5,4,19,0,1,3
362279,963,0.0,2.0,0.0,8,3,1,4,4,0,1,3
362463,3531,0.0,3.0,0.0,5,4,3,1,4,0,1,0
36306,2459,0.0,3.0,0.0,84,32,13,20,82,0,2,0
363533,3952,0.0,0.0,1.0,7,3,1,1,5,1,1,0
363601,3941,0.0,3.0,0.0,13,5,3,3,12,0,1,0
363659,3689,0.0,0.0,0.0,5,1,1,1,3,0,1,1
363742,2273,0.0,4.0,0.0,5,1,1,2,3,0,1,1
363838,2913,0.0,5.0,0.0,4,3,2,1,3,0,1,0
364,845,0.0,0.0,0.0,4,2,1,1,3,0,1,0
364089,2592,0.0,3.0,0.0,9,3,3,1,7,1,1,0
36442,1629,0.0,2.0,0.0,5,1,1,2,3,0,1,1
364520,3230,0.0,4.0,0.0,1,1,1,1,0,0,1,0
365169,3609,0.0,4.0,0.0,1,1,1,1,0,0,1,0
365255,1470,0.0,3.0,0.0,1,1,1,1,0,0,1,0
365707,3958,0.0,2.0,0.0,4,3,1,1,3,0,1,0
3662,2081,0.0,4.0,0.0,12,2,2,4,8,0,3,1
366434,1356,0.0,6.0,0.0,8,1,1,1,7,0,1,0
36672,4282,0.0,2.0,1.0,52,23,6,5,50,0,2,0
366985,1019,0.0,5.0,0.0,4,1,1,1,3,0,1,0
367741,3769,0.0,6.0,1.0,3,1,1,1,2,0,1,0
367893,685,0.0,4.0,0.0,6,3,1,1,5,0,1,0
367907,2403,0.0,5.0,0.0,10,5,1,3,8,0,1,1
368026,1816,0.0,3.0,0.0,11,1,1,1,9,0,1,1
368306,3828,0.0,3.0,0.0,1,1,1,1,0,0,1,0
368426,361,0.0,3.0,1.0,15,2,1,3,13,0,1,1
368485,141,0.0,2.0,0.0,4,1,1,1,3,0,1,0
36923,1394,0.0,0.0,null,3,1,1,1,2,0,1,0
369755,608,0.0,4.0,1.0,10,5,2,3,8,0,1,1
370190,778,0.0,5.0,0.0,6,4,1,1,5,0,1,0
370609,183,0.0,7.0,1.0,2,1,1,1,1,0,1,0
370754,3291,1.0,0.0,1.0,5,1,1,1,4,0,1,0
370759,2217,0.0,4.0,0.0,18,10,4,5,14,0,3,1
370909,684,0.0,3.0,1.0,5,1,1,2,4,0,1,0
371114,3475,0.0,5.0,0.0,18,10,1,1,17,0,1,0
371442,742,0.0,3.0,2.0,2,1,1,1,1,0,1,0
372580,234,0.0,4.0,1.0,10,2,1,1,9,0,1,0
372734,3826,0.0,2.0,1.0,2,1,1,1,0,0,1,1
373062,2928,0.0,0.0,0.0,20,2,2,3,17,0,3,0
373339,4842,0.0,3.0,0.0,5,1,1,2,4,0,1,0
37334,1899,0.0,2.0,0.0,14,7,5,2,13,0,1,0
373534,2565,0.0,4.0,0.0,3,1,1,1,0,0,2,1
373559,121,0.0,5.0,1.0,2,1,1,1,1,0,1,0
374562,3862,0.0,6.0,0.0,3,1,1,1,2,0,1,0
374755,3541,0.0,0.0,0.0,6,1,1,1,5,0,1,0
374911,152,0.0,4.0,1.0,6,1,1,1,5,0,1,0
375273,2424,0.0,3.0,0.0,7,2,1,1,5,0,1,1
37602,2721,0.0,4.0,1.0,1,1,1,1,0,0,1,0
377075,953,0.0,0.0,0.0,3,2,1,1,1,0,2,0
377196,2427,0.0,6.0,1.0,11,4,1,2,10,0,1,0
377331,1916,0.0,4.0,1.0,15,5,1,2,14,0,1,0
377797,2124,0.0,0.0,0.0,8,3,1,1,7,0,1,0
378807,4049,0.0,3.0,0.0,6,2,1,2,5,0,1,0
379155,598,0.0,0.0,0.0,10,4,2,1,9,0,1,0
379383,2278,0.0,3.0,0.0,3,1,1,2,2,0,1,0
379484,72,0.0,0.0,0.0,7,1,1,4,6,0,1,0
379842,4836,0.0,3.0,0.0,12,9,5,1,11,0,1,0
379952,1393,0.0,6.0,0.0,50,32,8,1,38,0,6,6
37997,3635,0.0,3.0,1.0,23,14,2,1,22,0,1,0
380291,4594,0.0,2.0,1.0,10,3,2,2,9,0,1,0
380445,537,0.0,2.0,1.0,1,1,1,1,0,0,1,0
381529,758,0.0,3.0,0.0,7,1,1,3,5,0,1,1
381536,647,0.0,null,null,6,1,1,1,5,0,1,0
381600,398,0.0,3.0,0.0,4,1,1,1,3,0,1,0
381690,586,0.0,4.0,0.0,4,3,3,2,3,0,1,0
382613,1514,0.0,2.0,1.0,11,1,1,4,9,0,1,1
382992,4043,0.0,4.0,1.0,1,1,1,1,0,0,1,0
383069,3263,0.0,4.0,0.0,5,2,2,1,4,0,1,0
383595,1683,0.0,0.0,0.0,3,1,1,2,2,0,1,0
383763,4282,0.0,3.0,1.0,50,42,10,12,49,0,1,0
38391,4240,0.0,0.0,1.0,3,1,1,1,2,0,1,0
383926,747,0.0,0.0,0.0,4,1,1,1,3,0,1,0
385115,2242,0.0,4.0,0.0,3,1,1,2,1,0,1,1
385334,1964,0.0,2.0,0.0,2,2,2,2,1,0,1,0
385435,3898,0.0,5.0,0.0,2,1,1,1,0,0,2,0
385617,361,0.0,6.0,0.0,1,1,1,1,0,0,1,0
385925,2669,0.0,0.0,0.0,40,21,6,3,35,0,3,2
386024,684,0.0,6.0,0.0,6,6,5,2,0,0,5,1
386954,777,0.0,7.0,0.0,13,4,3,1,9,0,2,2
387192,1487,0.0,4.0,0.0,9,2,1,1,8,0,1,0
387386,4463,0.0,6.0,1.0,20,5,1,2,18,0,2,0
387403,2093,0.0,0.0,0.0,1,1,1,1,0,0,1,0
387605,3129,0.0,0.0,1.0,8,1,1,1,7,0,1,0
387643,2149,0.0,3.0,1.0,25,3,1,2,23,0,1,1
389162,4882,0.0,4.0,0.0,2,1,1,1,1,0,1,0
389511,2435,0.0,4.0,0.0,4,1,1,1,3,0,1,0
389649,4618,0.0,4.0,0.0,7,1,1,2,6,0,1,0
389868,1557,1.0,4.0,0.0,16,11,6,1,15,0,1,0
39,1124,0.0,3.0,1.0,4,1,1,2,3,0,1,0
390363,3889,0.0,4.0,0.0,4,2,1,1,3,0,1,0
390693,3826,0.0,3.0,0.0,9,2,1,1,8,0,1,0
391332,3349,0.0,3.0,0.0,4,1,1,1,3,0,1,0
391359,4173,0.0,4.0,2.0,11,3,2,1,10,0,1,0
391641,222,1.0,5.0,0.0,4,2,1,3,3,0,1,0
391873,4850,1.0,5.0,0.0,6,3,1,1,5,0,1,0
392317,1102,0.0,0.0,0.0,73,35,13,7,59,0,1,13
392367,4071,0.0,6.0,1.0,3,1,1,1,2,0,1,0
392649,2608,0.0,2.0,1.0,6,2,1,2,5,0,1,0
392804,3727,0.0,null,null,7,1,1,1,6,0,1,0
392934,1840,0.0,3.0,1.0,9,3,3,1,7,1,1,0
39300,3650,0.0,3.0,0.0,4,2,2,1,3,0,1,0
393017,4005,0.0,2.0,1.0,1,1,1,1,0,0,1,0
393207,4558,0.0,6.0,0.0,4,1,1,1,2,0,2,0
394180,2860,0.0,2.0,0.0,2,1,1,1,1,0,1,0
39429,2872,1.0,0.0,0.0,17,10,9,1,16,0,1,0
394485,4325,0.0,6.0,2.0,19,8,6,4,15,0,4,0
395178,191,0.0,3.0,0.0,2,2,2,2,0,0,1,1
3963,2278,0.0,3.0,0.0,24,9,5,3,23,0,1,0
396810,2869,0.0,4.0,0.0,5,4,1,2,4,0,1,0
396889,4589,0.0,5.0,1.0,9,1,1,2,8,0,1,0
397056,3828,0.0,4.0,0.0,9,2,1,2,8,0,1,0
397111,3753,0.0,3.0,0.0,2,1,1,1,1,0,1,0
397208,588,0.0,4.0,0.0,2,1,1,2,1,0,1,0
397342,4760,0.0,0.0,0.0,1,1,1,1,0,0,1,0
397401,4955,0.0,2.0,0.0,1,1,1,1,0,0,1,0
39741,3655,0.0,0.0,0.0,7,2,1,1,5,0,2,0
397592,2187,0.0,6.0,0.0,4,2,1,2,3,0,1,0
397855,1067,1.0,5.0,1.0,12,1,1,1,9,0,3,0
397935,121,0.0,4.0,0.0,5,1,1,2,4,0,1,0
398840,1203,0.0,5.0,0.0,1,1,1,1,0,0,1,0
399239,3822,0.0,6.0,0.0,18,12,2,2,17,0,1,0
399669,3041,1.0,5.0,2.0,3,1,1,1,2,0,1,0
400338,4129,0.0,4.0,0.0,12,6,5,1,9,0,3,0
400466,3630,0.0,6.0,0.0,1,1,1,1,0,0,1,0
400989,742,1.0,4.0,0.0,5,1,1,1,1,0,4,0
401490,4789,0.0,5.0,1.0,2,1,1,1,1,0,1,0
401500,2102,0.0,4.0,1.0,3,1,1,1,2,0,1,0
401695,553,0.0,6.0,0.0,1,1,1,1,0,0,1,0
402113,4173,0.0,6.0,1.0,1,1,1,1,0,0,1,0
402203,3484,0.0,6.0,0.0,4,1,1,1,2,0,1,1
40221,742,0.0,3.0,1.0,14,4,1,1,13,0,1,0
402286,2303,0.0,0.0,0.0,6,1,1,3,5,0,1,0
402363,1407,0.0,6.0,1.0,6,4,1,2,4,0,2,0
402376,4049,0.0,3.0,0.0,1,1,1,1,0,0,1,0
402475,3163,0.0,2.0,1.0,2,1,1,1,1,0,1,0
402613,1618,0.0,4.0,1.0,12,10,4,1,11,0,1,0
402740,4163,0.0,4.0,1.0,12,3,2,3,11,0,1,0
402748,3828,0.0,4.0,2.0,43,16,6,3,39,0,2,2
402782,98,0.0,3.0,0.0,1,1,1,1,0,0,1,0
402922,3968,0.0,2.0,0.0,3,1,1,1,2,0,1,0
403320,3291,0.0,3.0,0.0,6,1,1,1,5,0,1,0
403331,685,0.0,0.0,1.0,2,1,1,1,1,0,1,0
403453,4079,0.0,3.0,0.0,2,1,1,1,0,0,2,0
403625,4871,0.0,3.0,1.0,3,1,1,1,2,0,1,0
404124,416,0.0,0.0,0.0,29,13,2,1,27,0,2,0
404155,361,0.0,0.0,1.0,3,1,1,1,2,0,1,0
404285,1755,0.0,3.0,0.0,3,1,1,2,2,0,1,0
404740,3955,0.0,3.0,0.0,41,11,1,2,38,2,1,0
405463,4860,0.0,3.0,1.0,5,1,1,2,4,0,1,0
405683,4090,0.0,3.0,1.0,21,4,1,1,20,0,1,0
405695,3513,0.0,2.0,1.0,3,1,1,1,2,0,1,0
405731,2795,0.0,6.0,1.0,5,3,3,1,4,0,1,0
405875,2273,0.0,0.0,0.0,6,1,1,1,5,0,1,0
405938,4475,0.0,0.0,0.0,6,1,1,3,5,0,1,0
406185,4966,0.0,4.0,0.0,1,1,1,1,0,0,1,0
406817,3791,0.0,2.0,0.0,1,1,1,1,0,0,1,0
406917,1679,0.0,6.0,1.0,3,2,1,1,1,0,2,0
40702,3147,0.0,3.0,1.0,2,1,1,2,0,0,1,1
407332,2746,0.0,3.0,0.0,5,2,2,3,4,0,1,0
407456,4569,0.0,0.0,1.0,13,1,1,1,11,0,2,0
407681,2989,0.0,4.0,1.0,5,4,2,1,4,0,1,0
407995,4073,0.0,7.0,0.0,3,1,1,1,2,0,1,0
408201,3635,0.0,0.0,0.0,5,1,1,2,4,0,1,0
408824,1467,0.0,3.0,0.0,3,2,1,1,2,0,1,0
409314,310,0.0,3.0,1.0,5,1,1,1,4,0,1,0
409562,2193,0.0,2.0,0.0,3,1,1,1,2,0,1,0
409918,323,0.0,6.0,0.0,4,2,1,3,1,0,1,2
410580,1272,0.0,5.0,0.0,5,2,2,4,4,0,1,0
410600,671,0.0,4.0,1.0,3,1,1,2,2,0,1,0
411047,1749,0.0,4.0,0.0,3,1,1,1,1,0,2,0
411506,1487,0.0,3.0,0.0,12,3,1,2,11,0,1,0
411957,2325,0.0,3.0,0.0,1,1,1,1,0,0,1,0
412032,4099,0.0,3.0,2.0,19,13,7,3,17,0,1,1
412152,1679,0.0,0.0,0.0,5,4,2,1,4,0,1,0
412509,1102,0.0,3.0,0.0,16,2,1,3,15,0,1,0
41252,3578,0.0,5.0,0.0,6,3,3,2,4,0,2,0
412771,1370,0.0,0.0,0.0,7,1,1,1,6,0,1,0
413022,2642,0.0,3.0,1.0,1,1,1,1,0,0,1,0
413313,4280,0.0,0.0,0.0,8,2,1,2,7,0,1,0
413502,915,0.0,7.0,1.0,45,19,4,2,43,0,2,0
41413,3791,0.0,2.0,0.0,2,1,1,1,1,0,1,0
414446,1193,0.0,3.0,1.0,6,1,1,1,5,0,1,0
414584,191,0.0,4.0,1.0,39,20,8,1,38,0,1,0
415081,742,0.0,3.0,0.0,23,9,3,1,20,0,3,0
415238,323,0.0,6.0,0.0,26,8,1,2,23,0,1,2
415420,915,0.0,5.0,0.0,6,2,2,1,5,0,1,0
416309,4687,0.0,0.0,0.0,40,11,3,3,39,0,1,0
416671,1270,0.0,0.0,1.0,17,4,1,3,15,0,1,1
417214,2545,0.0,5.0,0.0,26,6,1,5,25,0,1,0
417424,1963,0.0,2.0,1.0,6,1,1,2,5,0,1,0
417980,1377,0.0,3.0,0.0,4,1,1,2,3,0,1,0
418032,2482,0.0,0.0,1.0,2,1,1,1,1,0,1,0
418379,1330,0.0,3.0,1.0,9,1,1,2,8,0,1,0
418827,4605,0.0,4.0,0.0,2,2,2,1,0,0,1,1
419417,323,0.0,3.0,1.0,10,2,1,2,8,0,1,1
419435,1213,0.0,3.0,1.0,1,1,1,1,0,0,1,0
419704,1526,0.0,3.0,0.0,4,1,1,3,3,0,1,0
419920,3875,0.0,3.0,0.0,3,1,1,1,2,0,1,0
420241,1555,0.0,3.0,1.0,4,2,1,1,3,0,1,0
420359,436,0.0,3.0,0.0,8,1,1,1,7,0,1,0
420693,2928,0.0,6.0,0.0,17,11,2,2,16,0,1,0
420769,4394,0.0,null,null,4,1,1,2,2,0,1,1
420962,3402,0.0,4.0,2.0,25,5,1,1,24,0,1,0
421034,4554,0.0,2.0,1.0,16,7,2,2,15,0,1,0
421131,1861,0.0,3.0,0.0,3,2,1,1,2,0,1,0
422097,3609,0.0,3.0,0.0,1,1,1,1,0,0,1,0
422353,3268,0.0,3.0,0.0,1,1,1,1,0,0,1,0
422469,3682,0.0,0.0,1.0,53,4,1,2,51,0,1,1
422580,472,0.0,3.0,1.0,5,1,1,1,4,0,1,0
423576,63,0.0,3.0,0.0,12,8,3,3,11,0,1,0
43631,4712,0.0,2.0,0.0,4,1,1,1,3,0,1,0
43764,3173,0.0,3.0,0.0,8,4,3,1,6,0,2,0
44779,423,0.0,0.0,0.0,9,3,1,1,8,0,1,0
44839,4049,0.0,0.0,1.0,2,1,1,1,1,0,1,0
45051,121,0.0,3.0,1.0,6,1,1,1,4,1,1,0
45372,2031,0.0,3.0,0.0,2,2,1,1,1,0,1,0
45444,1679,0.0,5.0,0.0,5,2,2,1,4,0,1,0
45597,4580,0.0,0.0,1.0,2,1,1,1,1,0,1,0
45606,962,0.0,4.0,0.0,20,8,6,7,15,0,2,3
4608,4829,0.0,4.0,0.0,3,1,1,1,2,0,1,0
46250,3545,0.0,3.0,0.0,2,1,1,1,1,0,1,0
46953,798,0.0,6.0,0.0,1,1,1,1,0,0,1,0
47093,2313,0.0,4.0,0.0,3,2,1,1,2,0,1,0
47325,4642,0.0,4.0,2.0,18,9,4,1,17,0,1,0
47386,1939,0.0,5.0,0.0,4,2,1,3,2,0,1,1
47589,1832,0.0,0.0,0.0,4,1,1,1,3,0,1,0
48008,510,0.0,0.0,0.0,5,1,1,1,4,0,1,0
48272,2273,0.0,0.0,0.0,24,6,1,5,18,0,1,5
48349,4173,0.0,3.0,0.0,1,1,1,1,0,0,1,0
48505,3240,0.0,3.0,0.0,3,1,1,2,2,0,1,0
49595,1944,0.0,0.0,0.0,12,1,1,1,11,0,1,0
50267,2459,0.0,3.0,0.0,17,7,4,3,15,0,2,0
50352,3826,0.0,4.0,1.0,10,1,1,1,9,0,1,0
50501,3545,1.0,0.0,0.0,11,8,1,1,10,0,1,0
51137,3734,0.0,3.0,1.0,28,10,2,3,26,0,1,1
513,2864,0.0,0.0,1.0,14,10,4,1,13,0,1,0
51836,742,0.0,0.0,0.0,1,1,1,1,0,0,1,0
51930,523,0.0,3.0,1.0,1,1,1,1,0,0,1,0
52304,4585,1.0,0.0,0.0,4,1,1,2,2,0,1,1
5302,474,0.0,0.0,0.0,2,1,1,1,0,0,2,0
53854,804,0.0,3.0,0.0,18,9,5,1,13,0,5,0
53945,3054,0.0,3.0,0.0,5,1,1,1,4,0,1,0
54495,633,0.0,0.0,null,4,1,1,1,3,0,1,0
54821,1353,0.0,0.0,0.0,1,1,1,1,0,0,1,0
54953,191,0.0,2.0,0.0,74,40,10,3,71,0,2,1
55058,3624,0.0,4.0,null,20,5,1,4,17,0,2,1
55561,598,0.0,3.0,1.0,3,2,2,1,2,0,1,0
5578,740,1.0,3.0,1.0,15,7,4,1,14,0,1,0
55819,784,0.0,3.0,0.0,8,4,3,2,6,0,1,1
56289,42,0.0,6.0,0.0,18,13,5,2,17,0,1,0
56368,1399,0.0,3.0,0.0,5,1,1,2,4,0,1,0
57260,2746,0.0,0.0,0.0,16,8,3,3,14,0,2,0
57580,4523,1.0,4.0,0.0,2,2,1,2,0,0,1,1
58552,1704,0.0,5.0,0.0,5,3,3,2,3,0,2,0
58846,3444,0.0,2.0,1.0,1,1,1,1,0,0,1,0
59087,3578,0.0,4.0,0.0,2,1,1,1,1,0,1,0
59294,4354,0.0,5.0,0.0,35,10,1,3,28,0,3,4
59358,3826,0.0,2.0,2.0,10,2,1,1,9,0,1,0
60157,3623,0.0,0.0,0.0,5,1,1,2,3,0,1,1
6092,2136,0.0,3.0,1.0,58,21,7,3,55,0,3,0
61541,1353,0.0,7.0,0.0,3,1,1,1,2,0,1,0
61626,3622,0.0,3.0,0.0,2,1,1,1,0,0,1,1
62108,1890,0.0,5.0,0.0,6,1,1,1,5,0,1,0
62303,1659,0.0,6.0,0.0,3,1,1,2,2,0,1,0
62574,2465,0.0,2.0,0.0,5,2,1,1,2,0,1,2
62790,608,0.0,6.0,0.0,49,11,3,4,47,0,2,0
62894,3734,1.0,4.0,1.0,8,5,4,2,7,0,1,0
64088,3898,0.0,4.0,0.0,3,1,1,1,2,0,1,0
64106,606,0.0,3.0,1.0,1,1,1,1,0,0,1,0
64375,200,0.0,2.0,0.0,4,1,1,1,2,0,1,1
64395,2645,0.0,0.0,0.0,7,1,1,1,6,0,1,0
65027,3545,0.0,5.0,0.0,4,1,1,3,3,0,1,0
65810,2537,0.0,0.0,2.0,9,6,4,1,8,0,1,0
65834,63,0.0,5.0,1.0,1,1,1,1,0,0,1,0
65930,4318,0.0,0.0,0.0,2,1,1,1,1,0,1,0
65939,2598,0.0,3.0,0.0,4,1,1,1,3,0,1,0
65992,3516,0.0,4.0,0.0,2,2,2,1,0,0,2,0
66249,2466,0.0,2.0,1.0,5,1,1,1,4,0,1,0
6638,4287,0.0,3.0,2.0,14,8,7,3,12,0,1,1
67949,1840,0.0,6.0,0.0,2,1,1,1,1,0,1,0
68,778,0.0,0.0,0.0,2,1,1,1,1,0,1,0
68130,3955,0.0,5.0,1.0,9,4,1,4,8,0,1,0
68531,2318,0.0,5.0,0.0,3,2,1,1,2,0,1,0
68574,2051,0.0,4.0,1.0,28,9,2,5,26,0,2,0
69032,2537,0.0,2.0,0.0,3,2,1,1,2,0,1,0
69630,2108,1.0,4.0,0.0,2,1,1,1,0,0,2,0
70364,3968,0.0,3.0,0.0,3,1,1,3,1,0,1,1
70494,191,0.0,0.0,0.0,5,1,1,1,4,0,1,0
72056,1875,0.0,4.0,0.0,8,4,3,2,6,0,2,0
72263,4282,0.0,2.0,1.0,9,5,3,4,8,0,1,0
7231,598,0.0,4.0,1.0,180,101,4,18,176,0,1,3
72573,3444,1.0,2.0,0.0,18,3,2,2,17,0,1,0
72833,1467,0.0,3.0,0.0,6,2,1,2,5,0,1,0
73933,798,0.0,4.0,0.0,43,15,9,3,39,0,4,0
75543,3472,0.0,0.0,1.0,6,3,2,1,4,0,2,0
75653,4044,0.0,3.0,0.0,11,5,1,1,9,0,2,0
76286,1742,0.0,0.0,0.0,5,1,1,1,4,0,1,0
76326,3819,0.0,4.0,1.0,6,3,1,1,5,0,1,0
76452,3462,0.0,0.0,0.0,3,1,1,1,2,0,1,0
76520,10,0.0,3.0,0.0,5,1,1,1,4,0,1,0
76620,2730,0.0,0.0,0.0,2,1,1,1,1,0,1,0
76834,1359,0.0,0.0,1.0,9,3,1,2,8,0,1,0
77450,2128,0.0,0.0,0.0,2,1,1,1,1,0,1,0
77515,2217,0.0,3.0,0.0,6,1,1,3,5,0,1,0
77589,1356,0.0,6.0,1.0,10,2,2,1,9,0,1,0
77647,1890,0.0,3.0,0.0,6,3,2,3,4,0,1,1
78,4955,0.0,4.0,0.0,1,1,1,1,0,0,1,0
78485,3085,0.0,5.0,0.0,6,1,1,1,5,0,1,0
7850,361,0.0,4.0,1.0,10,7,3,1,8,0,1,1
78726,1077,0.0,0.0,0.0,4,2,1,1,1,0,3,0
78775,682,0.0,2.0,0.0,22,9,3,1,21,0,1,0
79323,2594,0.0,3.0,0.0,3,1,1,1,2,0,1,0
80278,1115,0.0,6.0,0.0,9,5,2,2,6,0,3,0
80512,1816,0.0,3.0,1.0,4,1,1,1,3,0,1,0
81225,370,0.0,5.0,0.0,3,2,2,1,2,0,1,0
81965,4171,1.0,0.0,0.0,5,2,1,1,2,0,3,0
82862,361,0.0,3.0,0.0,7,3,1,2,4,0,1,2
83356,1900,0.0,0.0,1.0,5,1,1,1,4,0,1,0
83418,1090,0.0,6.0,1.0,7,2,1,1,6,0,1,0
84130,2799,0.0,2.0,1.0,2,1,1,1,1,0,1,0
84813,4444,0.0,5.0,0.0,53,32,6,1,51,0,2,0
85152,3968,0.0,2.0,0.0,31,7,6,3,24,0,3,4
85341,1346,0.0,3.0,1.0,10,1,1,2,9,0,1,0
85794,3022,0.0,2.0,1.0,4,1,1,1,3,0,1,0
85845,3014,0.0,0.0,0.0,9,1,1,2,7,0,1,1
85887,3363,0.0,3.0,0.0,1,1,1,1,0,0,1,0
86013,2031,0.0,0.0,null,2,1,1,1,1,0,1,0
86175,2876,0.0,4.0,0.0,14,10,2,3,13,0,1,0
86922,2031,0.0,4.0,0.0,4,1,1,1,3,0,1,0
86936,1742,0.0,4.0,2.0,12,6,1,2,10,0,1,1
87050,2108,0.0,2.0,1.0,8,3,1,3,6,0,1,1
87440,2099,0.0,0.0,0.0,1,1,1,1,0,0,1,0
87663,742,0.0,3.0,0.0,3,1,1,1,2,0,1,0
87870,1310,0.0,3.0,0.0,18,10,4,2,17,0,1,0
88367,827,0.0,3.0,1.0,3,2,2,2,2,0,1,0
8872,2869,0.0,2.0,0.0,7,4,1,1,6,0,1,0
88858,4760,0.0,3.0,1.0,3,1,1,1,2,0,1,0
89154,4601,0.0,2.0,0.0,4,1,1,1,2,0,1,1
89195,3585,0.0,6.0,0.0,15,5,1,1,14,0,1,0
89331,4197,0.0,3.0,0.0,23,11,9,2,21,0,2,0
89675,4234,0.0,0.0,1.0,1,1,1,1,0,0,1,0
90517,1978,0.0,3.0,1.0,6,2,1,1,5,0,1,0
90794,1760,0.0,2.0,2.0,27,13,2,3,26,0,1,0
9122,310,0.0,3.0,0.0,3,1,1,1,2,0,1,0
91497,4090,0.0,6.0,0.0,1,1,1,1,0,0,1,0
91844,1272,0.0,0.0,0.0,7,3,2,2,6,0,1,0
92215,474,0.0,3.0,0.0,3,1,1,1,2,0,1,0
92219,2900,0.0,4.0,0.0,1,1,1,1,0,0,1,0
92404,1346,0.0,4.0,1.0,8,3,1,1,7,0,1,0
92851,121,0.0,0.0,1.0,7,1,1,1,6,0,1,0
93216,141,1.0,3.0,0.0,38,24,10,2,35,0,2,1
93366,2447,0.0,3.0,1.0,2,1,1,1,1,0,1,0
93431,104,0.0,5.0,0.0,2,1,1,1,1,0,1,0
93698,3578,0.0,3.0,0.0,7,4,2,3,6,0,1,0
93772,3609,0.0,5.0,0.0,23,12,1,1,22,0,1,0
93860,2447,0.0,2.0,1.0,9,4,2,2,8,0,1,0
93997,4727,0.0,2.0,1.0,1,1,1,1,0,0,1,0
94316,4198,0.0,5.0,1.0,5,1,1,2,4,0,1,0
94359,2459,0.0,5.0,2.0,21,11,4,3,20,0,1,0
94388,773,0.0,4.0,0.0,23,21,7,2,22,0,1,0
95176,4808,0.0,4.0,2.0,3,1,1,1,2,0,1,0
952,3323,0.0,3.0,0.0,2,2,1,1,0,1,1,0
95206,3614,0.0,0.0,0.0,1,1,1,1,0,0,1,0
95218,2582,0.0,3.0,0.0,1,1,1,1,0,0,1,0
95538,1067,0.0,2.0,1.0,16,6,1,2,14,0,1,1
95542,738,0.0,2.0,0.0,5,2,1,1,3,0,2,0
95702,4170,0.0,2.0,0.0,1,1,1,1,0,0,1,0
96033,2537,0.0,0.0,0.0,24,8,5,3,20,0,4,0
96055,1353,0.0,0.0,1.0,11,1,1,2,10,0,1,0
96594,2441,0.0,0.0,1.0,4,1,1,1,3,0,1,0
96599,1501,0.0,6.0,0.0,8,3,3,6,4,0,1,3
96978,4178,0.0,2.0,0.0,13,4,1,4,11,0,1,1
97013,525,0.0,3.0,0.0,61,20,2,5,53,0,2,6
9705,4083,0.0,5.0,1.0,1,1,1,1,0,0,1,0
97281,4938,0.0,3.0,0.0,10,2,1,1,9,0,1,0
97368,323,1.0,5.0,0.0,19,4,1,2,18,0,1,0
97475,1393,0.0,4.0,1.0,45,30,6,9,41,0,3,1
97501,2217,0.0,3.0,0.0,5,2,1,1,4,0,1,0
98612,2629,0.0,6.0,1.0,6,3,1,1,5,0,1,0
9898,2048,0.0,5.0,0.0,3,1,1,1,2,0,1,0
99075,1166,0.0,2.0,0.0,6,1,1,1,5,0,1,0
99310,320,0.0,0.0,0.0,9,4,4,1,5,0,4,0
99926,361,0.0,6.0,0.0,2,2,1,1,0,0,2,0
