10020,3912,1.0,5.0,0.0,36,7,3,2,33,0,3,0
100324,2145,0.0,3.0,1.0,2,1,1,1,1,0,1,0
100547,3958,0.0,7.0,0.0,31,19,8,1,29,0,2,0
100939,3363,0.0,0.0,0.0,3,1,1,1,1,1,1,0
101041,415,0.0,6.0,1.0,14,3,1,2,12,0,2,0
101329,227,0.0,0.0,0.0,3,1,1,1,2,0,1,0
102387,557,0.0,0.0,1.0,48,8,4,1,45,0,3,0
102446,1017,0.0,3.0,0.0,8,2,1,1,7,0,1,0
102480,2159,0.0,3.0,0.0,7,5,2,1,6,0,1,0
102611,740,0.0,4.0,1.0,3,1,1,1,2,0,1,0
10264,2915,0.0,4.0,0.0,15,8,4,2,14,0,1,0
104444,4270,0.0,2.0,0.0,9,6,4,2,8,0,1,0
104496,4219,0.0,0.0,0.0,9,3,1,1,7,0,2,0
104504,98,0.0,2.0,0.0,20,9,4,3,17,0,1,2
104528,361,0.0,0.0,0.0,10,6,2,3,8,0,1,1
105612,1713,0.0,5.0,0.0,18,14,7,1,17,0,1,0
106053,4739,0.0,0.0,1.0,2,1,1,1,1,0,1,0
106581,1067,0.0,4.0,0.0,6,4,1,3,4,0,1,1
106797,152,0.0,4.0,0.0,10,3,3,3,8,0,1,1
106832,2413,0.0,0.0,1.0,13,6,3,3,12,0,1,0
107898,2124,0.0,7.0,0.0,30,16,2,2,29,0,1,0
108274,4332,0.0,3.0,0.0,6,2,1,1,3,0,2,1
108296,3614,0.0,4.0,1.0,3,1,1,2,2,0,1,0
108608,503,0.0,3.0,0.0,7,5,1,1,6,0,1,0
10872,3034,0.0,4.0,1.0,2,1,1,1,1,0,1,0
108815,1939,0.0,4.0,0.0,2,1,1,1,1,0,1,0
109598,3889,0.0,3.0,0.0,4,3,1,1,3,0,1,0
109828,4042,0.0,2.0,0.0,2,1,1,1,0,0,1,1
109990,1102,1.0,0.0,0.0,4,1,1,1,3,0,1,0
110006,598,0.0,0.0,1.0,9,4,3,2,8,0,1,0
110221,1487,0.0,3.0,0.0,3,1,1,2,2,0,1,0
111038,4129,0.0,3.0,0.0,5,4,4,2,4,0,1,0
1112,4402,0.0,3.0,0.0,26,10,4,4,22,0,1,3
111822,1423,1.0,4.0,0.0,2,1,1,1,1,0,1,0
112095,323,0.0,0.0,0.0,14,5,1,1,13,0,1,0
112891,2808,0.0,5.0,0.0,5,2,1,1,4,0,1,0
113215,522,0.0,3.0,2.0,4,1,1,1,3,0,1,0
114509,2916,1.0,6.0,0.0,5,3,1,1,4,0,1,0
114606,4282,0.0,3.0,0.0,43,23,9,3,40,0,2,1
114735,4050,0.0,3.0,2.0,2,1,1,1,1,0,1,0
114996,4465,0.0,5.0,0.0,5,1,1,1,4,0,1,0
115291,2768,0.0,4.0,0.0,31,18,6,3,30,0,1,0
115311,2273,0.0,6.0,1.0,4,2,1,1,3,0,1,0
115641,742,0.0,4.0,0.0,3,2,2,1,2,0,1,0
115779,1557,0.0,6.0,1.0,3,1,1,1,2,0,1,0
116439,2318,0.0,6.0,1.0,2,1,1,2,1,0,1,0
11721,2768,1.0,6.0,0.0,54,26,7,9,52,0,1,1
117293,3152,0.0,0.0,0.0,26,5,2,4,23,0,2,1
117565,133,1.0,5.0,0.0,4,1,1,2,3,0,1,0
117755,4087,0.0,2.0,0.0,5,3,1,1,4,0,1,0
118173,159,0.0,0.0,0.0,5,4,3,1,3,0,2,0
118427,3513,1.0,3.0,0.0,2,1,1,1,1,0,1,0
118648,1787,1.0,0.0,0.0,1,1,1,1,0,0,1,0
118878,962,0.0,0.0,0.0,4,4,4,1,0,0,4,0
118892,2217,0.0,3.0,0.0,2,1,1,1,1,0,1,0
119017,4607,0.0,7.0,0.0,20,7,2,1,17,0,3,0
119389,3780,0.0,2.0,1.0,3,1,1,1,2,0,1,0
119506,2836,0.0,0.0,0.0,5,1,1,1,3,0,2,0
11987,4724,0.0,3.0,0.0,12,2,1,4,10,0,1,1
120158,1054,0.0,3.0,1.0,8,1,1,3,7,0,1,0
120245,1840,0.0,4.0,1.0,3,1,1,1,2,0,1,0
120829,2002,0.0,0.0,0.0,9,1,1,2,7,1,1,0
120944,4325,1.0,4.0,0.0,6,2,2,1,3,0,3,0
12150,2403,0.0,4.0,1.0,9,5,2,1,4,0,5,0
121714,1708,0.0,4.0,0.0,6,1,1,2,5,0,1,0
121734,4280,0.0,3.0,0.0,4,2,1,2,3,0,1,0
122270,3462,0.0,3.0,0.0,2,1,1,2,0,0,1,1
12256,467,0.0,3.0,1.0,4,1,1,1,3,0,1,0
122924,2273,0.0,3.0,1.0,8,4,1,3,6,0,1,1
123180,1978,0.0,3.0,1.0,8,3,1,1,7,0,1,0
123480,588,0.0,0.0,0.0,3,1,1,1,2,0,1,0
123810,66,0.0,2.0,0.0,5,2,1,3,1,0,2,2
123836,4841,0.0,5.0,0.0,11,2,1,1,10,0,1,0
123972,1203,0.0,5.0,1.0,41,14,6,5,40,0,1,0
124104,4847,0.0,4.0,0.0,26,21,9,6,24,0,1,1
124138,3955,0.0,0.0,null,2,1,1,1,1,0,1,0
124280,2403,0.0,2.0,0.0,5,2,1,1,4,0,1,0
124362,2995,0.0,3.0,1.0,2,1,1,2,1,0,1,0
124391,684,0.0,5.0,1.0,8,3,3,1,7,0,1,0
124531,390,0.0,0.0,1.0,1,1,1,1,0,0,1,0
12485,4325,0.0,3.0,0.0,8,1,1,1,7,0,1,0
124888,1997,0.0,3.0,1.0,5,1,1,1,4,0,1,0
12494,4648,0.0,2.0,0.0,3,1,1,2,2,0,1,0
125133,4394,0.0,8.0,0.0,1,1,1,1,0,0,1,0
125193,1399,0.0,3.0,0.0,1,1,1,1,0,0,1,0
125335,1512,0.0,0.0,0.0,43,17,2,3,41,0,2,0
125561,1495,0.0,5.0,0.0,32,5,1,6,31,0,1,0
125570,20,0.0,4.0,0.0,29,14,2,1,27,0,2,0
126250,1978,0.0,6.0,0.0,4,3,1,1,3,0,1,0
12644,4848,0.0,0.0,1.0,7,1,1,3,5,1,1,0
126768,3291,1.0,3.0,0.0,6,1,1,3,4,0,1,1
127064,1511,1.0,4.0,0.0,21,4,1,2,18,0,3,0
129227,1126,0.0,4.0,0.0,17,8,3,3,16,0,1,0
129542,3771,0.0,3.0,1.0,11,5,1,1,10,0,1,0
129727,1666,0.0,0.0,0.0,2,1,1,1,1,0,1,0
129801,4173,0.0,5.0,0.0,30,22,6,8,29,0,1,0
13002,4071,0.0,5.0,0.0,3,1,1,1,2,0,1,0
130408,9,1.0,3.0,0.0,9,1,1,4,7,0,1,1
130441,474,0.0,6.0,1.0,12,7,5,3,11,0,1,0
130733,1506,0.0,4.0,0.0,4,2,1,2,1,0,1,2
130893,4976,0.0,3.0,1.0,78,39,9,2,76,0,2,0
130922,3350,0.0,3.0,0.0,4,1,1,1,3,0,1,0
131335,1760,0.0,0.0,0.0,17,13,2,1,15,0,2,0
131459,862,0.0,5.0,1.0,5,5,4,1,0,0,5,0
131929,4346,0.0,2.0,1.0,9,1,1,1,8,0,1,0
131997,1102,1.0,2.0,0.0,15,13,5,7,1,0,1,13
133106,2217,0.0,5.0,0.0,5,1,1,1,4,0,1,0
133115,1703,0.0,4.0,1.0,7,1,1,2,6,0,1,0
133960,1131,0.0,4.0,0.0,27,9,3,1,25,0,2,0
133985,598,0.0,3.0,0.0,9,6,3,4,8,0,1,0
13408,4044,0.0,4.0,0.0,38,24,7,1,37,0,1,0
13452,1618,0.0,6.0,1.0,9,4,2,2,5,0,3,1
134840,4954,0.0,3.0,0.0,13,1,1,3,11,0,1,1
134991,2954,0.0,3.0,0.0,1,1,1,1,0,0,1,0
135357,293,0.0,0.0,1.0,12,4,1,1,10,0,1,1
135563,4525,0.0,2.0,0.0,5,2,1,1,3,0,2,0
135564,4091,0.0,4.0,0.0,10,4,3,1,9,0,1,0
135687,219,0.0,4.0,1.0,2,1,1,1,1,0,1,0
135729,190,0.0,0.0,1.0,7,2,1,4,5,0,1,1
136574,641,1.0,6.0,0.0,8,1,1,1,7,0,1,0
13667,3510,0.0,0.0,2.0,5,2,2,1,3,0,2,0
136695,2482,0.0,6.0,2.0,5,1,1,4,4,0,1,0
136783,3578,0.0,3.0,0.0,19,4,1,3,17,0,1,1
136917,3448,0.0,2.0,1.0,36,12,1,2,35,0,1,0
136975,3402,0.0,6.0,1.0,5,3,1,2,3,0,1,1
137006,1272,0.0,3.0,0.0,6,4,2,2,5,0,1,0
137382,4282,0.0,3.0,0.0,12,6,5,3,10,0,2,0
137535,191,0.0,0.0,0.0,31,2,2,1,30,0,1,0
137940,3828,0.0,4.0,0.0,1,1,1,1,0,0,1,0
138006,4585,0.0,3.0,1.0,5,2,1,2,4,0,1,0
138012,2821,0.0,0.0,0.0,8,1,1,2,6,1,1,0
13805,2313,0.0,3.0,0.0,17,3,2,4,14,0,2,1
138095,3839,0.0,3.0,0.0,53,25,2,2,51,0,2,0
138966,2556,0.0,3.0,0.0,2,1,1,1,1,0,1,0
139280,2294,0.0,0.0,0.0,11,4,3,2,9,0,2,0
139381,1749,0.0,4.0,0.0,1,1,1,1,0,0,1,0
139733,1193,0.0,0.0,1.0,2,1,1,1,1,0,1,0
139783,1963,0.0,3.0,1.0,2,1,1,2,0,0,1,1
140116,643,0.0,0.0,0.0,18,13,7,2,16,0,1,1
140132,66,0.0,4.0,1.0,14,2,1,1,13,0,1,0
140242,2559,0.0,4.0,2.0,4,1,1,2,2,0,1,1
140446,3828,0.0,4.0,0.0,39,27,6,4,38,0,1,0
1405,2664,0.0,4.0,0.0,38,27,2,2,34,0,4,0
140522,3828,0.0,0.0,0.0,1,1,1,1,0,0,1,0
141023,682,0.0,4.0,0.0,6,2,1,2,5,0,1,0
141189,190,0.0,3.0,0.0,1,1,1,1,0,0,1,0
14168,2511,0.0,4.0,1.0,9,4,4,1,7,0,2,0
142098,3828,0.0,0.0,0.0,111,55,8,5,92,0,2,17
142107,685,0.0,0.0,0.0,4,2,1,1,3,0,1,0
142113,2981,0.0,3.0,0.0,17,1,1,7,14,0,1,2
142155,4802,0.0,6.0,0.0,15,12,3,2,14,0,1,0
142828,2278,0.0,2.0,0.0,3,1,1,1,2,0,1,0
143116,4043,0.0,2.0,0.0,20,5,3,4,16,0,1,3
143629,3451,0.0,0.0,0.0,2,1,1,1,1,0,1,0
144258,4760,0.0,3.0,0.0,106,33,7,2,100,0,3,3
144277,2928,0.0,0.0,1.0,4,3,1,1,3,0,1,0
144708,3236,0.0,7.0,0.0,3,1,1,2,2,0,1,0
144770,1833,0.0,0.0,0.0,2,1,1,1,1,0,1,0
144857,474,0.0,5.0,2.0,3,2,2,3,2,0,1,0
145172,3839,0.0,0.0,1.0,3,2,2,1,1,0,2,0
145612,2173,0.0,6.0,0.0,5,3,1,1,4,0,1,0
145992,4760,0.0,0.0,0.0,4,3,2,2,3,0,1,0
146278,310,0.0,2.0,0.0,3,1,1,2,2,0,1,0
146522,1964,0.0,2.0,1.0,6,1,1,1,5,0,1,0
147282,3420,0.0,3.0,2.0,11,4,1,5,9,0,1,1
147683,4605,0.0,2.0,0.0,44,21,11,4,37,0,5,2
147727,3451,0.0,6.0,0.0,5,2,1,1,4,0,1,0
148412,3826,0.0,3.0,1.0,5,1,1,2,4,0,1,0
148451,3319,0.0,3.0,1.0,3,1,1,1,2,0,1,0
148512,594,0.0,3.0,0.0,3,1,1,1,2,0,1,0
148654,2664,0.0,3.0,1.0,5,2,1,2,4,0,1,0
149105,1102,0.0,0.0,0.0,6,2,2,1,5,0,1,0
149454,1393,0.0,6.0,1.0,1,1,1,1,0,0,1,0
149488,293,0.0,0.0,0.0,1,1,1,1,0,0,1,0
149748,2273,0.0,5.0,0.0,4,2,1,1,3,0,1,0
149967,4282,0.0,5.0,0.0,15,14,5,1,12,0,3,0
149984,3580,0.0,4.0,0.0,7,4,3,1,6,0,1,0
150490,687,0.0,7.0,0.0,6,1,1,2,4,0,1,1
151019,2397,0.0,5.0,0.0,3,2,2,1,1,0,2,0
15175,1464,0.0,3.0,0.0,31,8,1,3,23,0,1,7
151900,1522,0.0,4.0,0.0,3,2,1,1,2,0,1,0
152052,794,0.0,4.0,0.0,32,9,1,5,30,0,1,1
153513,3531,0.0,7.0,1.0,7,4,2,1,6,0,1,0
153690,2051,0.0,5.0,0.0,12,4,2,3,11,0,1,0
154004,4234,0.0,5.0,0.0,2,1,1,1,1,0,1,0
154072,4408,0.0,2.0,0.0,7,1,1,2,6,0,1,0
154750,1585,0.0,4.0,1.0,12,5,3,2,8,0,3,1
15528,2640,1.0,4.0,0.0,14,9,5,2,11,0,3,0
155559,2226,0.0,2.0,0.0,5,1,1,1,4,0,1,0
155571,1411,0.0,0.0,0.0,7,2,1,1,4,0,3,0
15588,1704,0.0,6.0,0.0,10,5,2,3,9,0,1,0
155931,2709,0.0,null,null,3,2,2,1,2,0,1,0
156187,570,0.0,6.0,1.0,21,15,6,2,19,0,2,0
156259,2051,0.0,2.0,0.0,1,1,1,1,0,0,1,0
156336,4044,0.0,3.0,0.0,10,6,2,3,9,0,1,0
156407,3502,0.0,2.0,0.0,1,1,1,1,0,0,1,0
15669,3103,0.0,4.0,0.0,23,9,4,4,21,0,2,0
156828,437,0.0,3.0,1.0,9,3,1,1,8,0,1,0
156861,4648,0.0,2.0,1.0,2,1,1,1,1,0,1,0
156990,3954,0.0,0.0,0.0,16,4,3,1,15,0,1,0
15713,1166,0.0,6.0,0.0,19,3,2,2,16,0,1,2
157205,4282,0.0,2.0,0.0,20,2,1,2,16,2,2,0
157235,1899,0.0,3.0,0.0,2,1,1,1,1,0,1,0
157811,1500,0.0,4.0,0.0,7,1,1,1,5,0,2,0
158702,3225,0.0,5.0,0.0,4,2,1,1,3,0,1,0
159007,606,0.0,3.0,1.0,19,9,1,1,18,0,1,0
159197,13,0.0,0.0,0.0,9,3,1,1,8,0,1,0
159324,3966,0.0,2.0,0.0,3,1,1,1,2,0,1,0
159585,2630,0.0,3.0,0.0,3,1,1,1,2,0,1,0
159725,3407,0.0,0.0,0.0,1,1,1,1,0,0,1,0
160028,2664,0.0,4.0,2.0,8,5,1,1,7,0,1,0
160346,3723,0.0,0.0,0.0,2,1,1,1,1,0,1,0
160478,1359,0.0,4.0,0.0,8,3,1,2,6,0,2,0
161252,4079,0.0,0.0,1.0,3,1,1,1,2,0,1,0
161367,3609,0.0,3.0,0.0,6,4,2,2,4,0,2,0
161605,1851,1.0,4.0,0.0,38,15,6,3,35,0,1,2
162418,2796,0.0,null,null,10,1,1,3,8,1,1,0
163385,1816,0.0,3.0,0.0,18,12,4,2,17,0,1,0
163493,3955,0.0,4.0,1.0,2,2,2,2,1,0,1,0
16350,4171,0.0,0.0,1.0,3,1,1,1,2,0,1,0
163970,4463,0.0,6.0,1.0,15,4,2,3,14,0,1,0
164002,3148,0.0,0.0,0.0,10,5,2,2,6,0,2,2
164329,1659,0.0,0.0,0.0,3,1,1,1,1,0,1,1
164525,1673,0.0,3.0,0.0,2,1,1,1,1,0,1,0
164750,2928,0.0,3.0,0.0,3,1,1,1,2,0,1,0
165924,4504,0.0,4.0,0.0,2,1,1,1,1,0,1,0
166832,4048,0.0,3.0,0.0,7,4,1,1,6,0,1,0
166913,3314,0.0,0.0,1.0,7,2,1,2,6,0,1,0
167004,4847,1.0,3.0,0.0,22,15,8,1,20,1,1,0
167288,2915,0.0,3.0,0.0,7,3,1,1,6,0,1,0
168182,1066,0.0,3.0,1.0,3,1,1,1,2,0,1,0
168584,4385,0.0,6.0,0.0,15,9,2,2,14,0,1,0
169549,4042,0.0,4.0,1.0,2,1,1,1,1,0,1,0
169970,4662,0.0,2.0,0.0,2,1,1,1,1,0,1,0
170170,3159,0.0,0.0,0.0,2,1,1,1,1,0,1,0
170241,3278,0.0,0.0,0.0,2,2,2,1,0,0,2,0
170700,152,0.0,3.0,0.0,4,1,1,1,2,0,1,1
170771,4871,0.0,0.0,1.0,3,1,1,1,2,0,1,0
170813,141,0.0,0.0,0.0,12,4,3,2,9,0,1,2
170964,1166,0.0,3.0,0.0,5,1,1,3,4,0,1,0
171030,786,0.0,2.0,1.0,4,1,1,1,3,0,1,0
171195,148,0.0,4.0,0.0,2,1,1,1,1,0,1,0
171465,1923,0.0,3.0,1.0,4,2,1,1,3,0,1,0
171703,4221,0.0,2.0,null,1,1,1,1,0,0,1,0
171998,4818,0.0,3.0,1.0,84,39,12,6,81,0,3,0
172186,4131,0.0,3.0,0.0,2,1,1,2,0,0,1,1
172599,4976,0.0,3.0,1.0,9,1,1,1,8,0,1,0
172620,2821,0.0,4.0,0.0,31,13,3,2,30,0,1,0
172671,1393,0.0,3.0,2.0,115,54,16,16,86,0,1,28
172814,2108,0.0,0.0,0.0,4,1,1,1,3,0,1,0
173201,2582,0.0,2.0,0.0,1,1,1,1,0,0,1,0
173455,4049,0.0,2.0,1.0,10,3,2,3,9,0,1,0
173531,1340,0.0,7.0,0.0,2,1,1,1,1,0,1,0
174332,4525,1.0,5.0,0.0,14,9,2,1,13,0,1,0
174961,3545,0.0,2.0,1.0,2,1,1,1,1,0,1,0
175168,4659,1.0,4.0,0.0,41,20,9,3,34,0,5,2
175327,141,0.0,0.0,0.0,14,5,3,1,12,0,1,1
175730,1031,0.0,5.0,0.0,2,1,1,1,1,0,1,0
175751,1538,0.0,3.0,0.0,4,3,1,1,3,0,1,0
175754,3410,0.0,4.0,1.0,5,2,1,2,4,0,1,0
176023,3925,1.0,0.0,0.0,17,14,4,2,16,0,1,0
176781,2559,0.0,4.0,0.0,8,2,2,4,7,0,1,0
176989,3160,0.0,6.0,0.0,4,2,1,2,0,0,2,2
177059,2138,0.0,3.0,0.0,7,2,1,1,6,0,1,0
177160,2856,0.0,3.0,0.0,1,1,1,1,0,0,1,0
178065,4732,0.0,4.0,0.0,5,1,1,1,4,0,1,0
178271,4450,0.0,6.0,0.0,5,1,1,2,4,0,1,0
178322,597,0.0,3.0,0.0,18,3,1,2,14,0,4,0
17861,121,0.0,4.0,0.0,26,11,3,1,22,0,4,0
179061,4388,0.0,0.0,0.0,5,2,1,2,4,0,1,0
179168,1659,0.0,0.0,1.0,5,2,1,1,3,0,1,1
179322,3098,0.0,4.0,0.0,3,1,1,1,2,0,1,0
179643,1425,0.0,0.0,0.0,4,1,1,1,3,0,1,0
180231,4044,0.0,4.0,0.0,18,11,3,3,15,0,1,2
180456,2928,0.0,5.0,1.0,8,7,3,1,7,0,1,0
181089,2427,0.0,0.0,0.0,4,1,1,1,2,1,1,0
182657,2696,0.0,3.0,1.0,4,1,1,1,3,0,1,0
183231,4015,0.0,3.0,1.0,4,3,2,1,3,0,1,0
184124,2082,1.0,7.0,0.0,38,24,5,7,37,0,1,0
184231,4850,0.0,5.0,1.0,38,11,3,1,34,0,3,1
184531,798,0.0,4.0,0.0,4,2,2,1,2,0,2,0
184931,4760,1.0,0.0,0.0,22,4,3,1,20,0,2,0
185261,3623,0.0,7.0,0.0,2,1,1,1,1,0,1,0
186525,2482,0.0,4.0,1.0,31,6,4,2,25,0,6,0
186862,2066,0.0,6.0,1.0,13,5,1,4,11,0,1,1
187416,3602,0.0,6.0,1.0,12,4,1,3,11,0,1,0
187741,1502,0.0,0.0,0.0,4,1,1,1,3,0,1,0
188133,412,0.0,3.0,0.0,30,20,11,1,28,0,2,0
188396,1487,0.0,4.0,0.0,2,1,1,1,1,0,1,0
188494,2569,0.0,2.0,0.0,12,8,1,1,11,0,1,0
188698,2915,0.0,5.0,0.0,1,1,1,1,0,0,1,0
188892,4137,0.0,3.0,0.0,5,2,1,1,4,0,1,0
188972,3645,0.0,0.0,0.0,5,2,2,2,4,0,1,0
189131,4864,0.0,5.0,0.0,5,3,2,1,4,0,1,0
189648,786,0.0,2.0,0.0,4,2,1,1,2,0,2,0
189731,4871,0.0,4.0,1.0,6,2,2,1,5,0,1,0
190041,4750,0.0,4.0,1.0,2,1,1,1,1,0,1,0
190246,4048,0.0,0.0,1.0,3,1,1,1,2,0,1,0
191102,3753,0.0,3.0,1.0,2,1,1,1,1,0,1,0
191454,3766,0.0,0.0,0.0,16,9,4,3,13,0,1,2
191559,3513,0.0,0.0,0.0,21,10,2,1,19,0,2,0
192105,1467,0.0,4.0,0.0,1,1,1,1,0,0,1,0
192723,1854,0.0,0.0,0.0,8,3,1,1,5,0,1,2
193297,818,0.0,3.0,1.0,6,1,1,1,4,0,1,1
193345,479,0.0,5.0,1.0,14,3,2,6,13,0,1,0
193472,1724,0.0,4.0,0.0,4,2,1,1,3,0,1,0
193559,4040,0.0,3.0,1.0,9,2,1,3,8,0,1,0
193772,2482,0.0,3.0,0.0,7,1,1,1,6,0,1,0
194013,946,0.0,6.0,1.0,19,16,4,1,18,0,1,0
194019,4760,0.0,3.0,1.0,17,7,6,1,14,2,1,0
194603,2529,0.0,3.0,1.0,2,1,1,1,1,0,1,0
194625,3819,0.0,3.0,1.0,7,1,1,2,6,0,1,0
19501,3614,0.0,4.0,1.0,2,1,1,1,1,0,1,0
195021,3954,0.0,2.0,1.0,3,1,1,1,2,0,1,0
195064,4536,0.0,0.0,1.0,5,1,1,1,4,0,1,0
195204,3952,0.0,3.0,0.0,8,3,2,1,7,0,1,0
195214,3154,1.0,3.0,0.0,7,2,2,3,5,0,1,1
195404,1095,0.0,2.0,1.0,3,1,1,1,2,0,1,0
195500,1356,0.0,6.0,1.0,8,4,3,3,7,0,1,0
196368,4554,0.0,0.0,0.0,5,4,1,2,4,0,1,0
196384,310,0.0,2.0,1.0,8,3,1,1,7,0,1,0
196647,2482,0.0,2.0,0.0,26,11,8,3,24,0,1,1
197365,3965,0.0,0.0,0.0,4,2,1,2,2,0,2,0
19779,1679,0.0,4.0,0.0,7,6,3,2,4,0,3,0
198645,4125,0.0,3.0,0.0,2,1,1,1,1,0,1,0
198655,1359,0.0,4.0,0.0,10,2,2,5,8,0,1,1
198735,3148,0.0,6.0,0.0,21,14,4,1,20,0,1,0
199398,416,0.0,0.0,0.0,8,4,2,3,7,0,1,0
199420,574,0.0,3.0,0.0,5,1,1,2,4,0,1,0
199497,2286,0.0,0.0,0.0,2,1,1,1,1,0,1,0
199605,1692,0.0,0.0,0.0,6,1,1,2,5,0,1,0
200088,4569,0.0,4.0,0.0,4,2,2,1,2,0,2,0
200127,1703,0.0,4.0,1.0,13,5,1,3,12,0,1,0
200200,1384,0.0,0.0,1.0,1,1,1,1,0,0,1,0
201174,1713,0.0,4.0,0.0,7,2,1,2,6,0,1,0
201203,1356,0.0,5.0,0.0,1,1,1,1,0,0,1,0
201292,1679,0.0,3.0,1.0,2,1,1,1,1,0,1,0
201326,588,0.0,3.0,0.0,7,2,1,1,6,0,1,0
201389,897,0.0,4.0,0.0,7,2,1,1,6,0,1,0
201393,3682,0.0,5.0,0.0,13,4,1,1,12,0,1,0
201879,643,1.0,3.0,1.0,17,8,4,1,14,0,3,0
202381,977,0.0,0.0,0.0,6,4,1,1,5,0,1,0
202389,2642,0.0,3.0,0.0,4,1,1,1,3,0,1,0
202518,2634,0.0,2.0,1.0,9,5,1,2,8,0,1,0
202821,1116,0.0,3.0,1.0,3,1,1,1,2,0,1,0
202865,4173,0.0,5.0,0.0,3,1,1,1,2,0,1,0
203157,2883,0.0,4.0,0.0,10,7,1,1,9,0,1,0
203799,1340,0.0,4.0,2.0,6,2,2,2,4,0,1,1
203928,1923,0.0,3.0,0.0,18,6,2,2,17,0,1,0
204064,4949,1.0,5.0,0.0,11,8,6,2,10,0,1,0
204300,2020,0.0,4.0,1.0,4,2,1,1,3,0,1,0
204307,4043,0.0,4.0,0.0,4,2,2,1,2,0,2,0
20486,361,0.0,4.0,0.0,1,1,1,1,0,0,1,0
204923,803,0.0,7.0,0.0,39,14,3,6,34,0,1,4
205380,1145,0.0,0.0,1.0,2,1,1,1,1,0,1,0
206357,1854,1.0,2.0,0.0,7,1,1,1,5,0,1,1
206652,4976,0.0,0.0,0.0,2,1,1,1,1,0,1,0
206758,2178,0.0,5.0,1.0,3,1,1,2,2,0,1,0
206759,4438,0.0,3.0,1.0,6,1,1,2,5,0,1,0
207334,4710,0.0,3.0,0.0,4,2,1,1,3,0,1,0
207715,598,0.0,3.0,0.0,24,15,3,3,22,0,1,1
207945,2217,0.0,2.0,0.0,1,1,1,1,0,0,1,0
207959,998,0.0,3.0,0.0,11,4,1,1,8,0,3,0
20829,1719,0.0,0.0,1.0,4,1,1,1,3,0,1,0
208377,962,0.0,0.0,0.0,4,3,3,1,3,0,1,0
208455,361,0.0,0.0,null,10,4,2,1,9,0,1,0
208478,2669,0.0,5.0,0.0,4,3,2,1,1,0,3,0
208741,4087,0.0,3.0,0.0,2,1,1,1,1,0,1,0
209094,548,0.0,4.0,1.0,15,6,1,5,14,0,1,0
209341,2669,0.0,2.0,0.0,8,6,4,1,7,0,1,0
209348,4221,0.0,2.0,0.0,4,2,1,1,3,0,1,0
209387,946,0.0,5.0,1.0,6,3,2,2,5,0,1,0
209399,2537,0.0,0.0,0.0,4,2,2,1,3,0,1,0
209517,1494,0.0,5.0,0.0,2,1,1,2,1,0,1,0
209715,2435,0.0,4.0,0.0,3,1,1,1,2,0,1,0
21,3350,0.0,6.0,0.0,9,1,1,3,8,0,1,0
210186,3455,1.0,4.0,0.0,4,2,1,1,3,0,1,0
210691,4504,0.0,4.0,1.0,20,11,1,1,19,0,1,0
212575,1520,0.0,6.0,0.0,4,1,1,1,3,0,1,0
212653,1501,0.0,3.0,1.0,11,5,4,1,10,0,1,0
212857,2453,0.0,7.0,0.0,4,1,1,1,2,0,1,1
213042,3614,0.0,4.0,0.0,5,2,2,2,4,0,1,0
21340,4137,0.0,6.0,0.0,8,5,1,1,7,0,1,0
213416,2447,0.0,3.0,0.0,4,1,1,2,3,0,1,0
213676,4183,0.0,0.0,1.0,10,2,1,1,9,0,1,0
213787,3577,0.0,0.0,0.0,3,2,1,1,2,0,1,0
213795,598,0.0,2.0,1.0,3,1,1,1,2,0,1,0
214970,4450,0.0,3.0,0.0,4,2,1,1,3,0,1,0
215441,4950,0.0,4.0,1.0,3,2,2,2,2,0,1,0
21546,946,0.0,4.0,0.0,2,1,1,1,1,0,1,0
215797,2313,0.0,4.0,1.0,3,1,1,1,2,0,1,0
216214,3609,0.0,3.0,0.0,29,16,1,2,28,0,1,0
216307,1512,0.0,6.0,0.0,25,5,1,6,22,0,1,2
21638,4618,0.0,2.0,0.0,9,2,1,3,7,0,1,1
216511,4585,0.0,4.0,0.0,10,2,1,1,9,0,1,0
216761,4724,0.0,3.0,0.0,25,6,1,1,21,0,4,0
216883,822,0.0,0.0,0.0,12,2,1,1,11,0,1,0
216930,2709,0.0,4.0,0.0,6,4,2,1,4,0,2,0
217045,4048,0.0,0.0,0.0,3,2,1,2,0,1,2,0
217142,4282,0.0,3.0,1.0,23,12,8,3,21,0,1,1
217226,416,1.0,0.0,0.0,31,16,6,1,30,0,1,0
21745,3152,0.0,6.0,0.0,7,3,1,2,6,0,1,0
218000,1916,0.0,3.0,0.0,4,2,1,1,3,0,1,0
218541,2500,0.0,0.0,1.0,23,5,1,3,21,0,1,1
219048,639,0.0,2.0,1.0,12,5,1,2,10,0,1,1
219192,1677,0.0,4.0,1.0,16,11,4,3,14,0,2,0
219510,826,0.0,3.0,0.0,4,2,1,1,3,0,1,0
219675,2879,0.0,5.0,0.0,6,1,1,1,4,0,2,0
220331,239,0.0,0.0,0.0,2,1,1,1,1,0,1,0
220400,4033,0.0,4.0,0.0,1,1,1,1,0,0,1,0
220549,4829,0.0,5.0,1.0,3,1,1,1,2,0,1,0
220554,1556,0.0,0.0,0.0,1,1,1,1,0,0,1,0
22080,3971,0.0,0.0,0.0,9,5,4,2,7,0,2,0
22110,2403,0.0,6.0,1.0,9,3,1,2,7,0,2,0
221190,3152,0.0,0.0,0.0,6,3,1,3,5,0,1,0
221348,598,1.0,0.0,0.0,8,1,1,2,6,0,1,1
221366,2738,1.0,4.0,1.0,3,1,1,1,1,0,2,0
221743,2482,1.0,3.0,0.0,5,2,1,3,4,0,1,0
22218,4648,0.0,0.0,0.0,4,1,1,1,3,0,1,0
222264,3301,0.0,2.0,0.0,4,1,1,2,3,0,1,0
222356,4408,0.0,4.0,1.0,20,1,1,3,17,1,1,1
222605,1049,0.0,2.0,1.0,6,2,2,2,5,0,1,0
222706,1203,0.0,0.0,1.0,12,2,1,1,10,0,1,1
222914,3734,0.0,0.0,1.0,21,6,2,1,19,1,1,0
223020,2883,0.0,3.0,0.0,55,34,4,15,43,0,1,11
223555,1203,0.0,0.0,0.0,10,2,2,2,7,2,1,0
224488,685,0.0,0.0,0.0,1,1,1,1,0,0,1,0
224836,467,0.0,3.0,0.0,24,5,2,2,22,0,2,0
225005,1102,0.0,4.0,0.0,1,1,1,1,0,0,1,0
225070,2445,0.0,4.0,1.0,4,2,1,1,3,0,1,0
225286,1051,0.0,0.0,0.0,1,1,1,1,0,0,1,0
225445,2536,0.0,3.0,0.0,3,1,1,1,2,0,1,0
225542,598,0.0,3.0,1.0,8,2,1,1,7,0,1,0
22555,2217,0.0,3.0,0.0,8,3,1,2,7,0,1,0
226219,1892,0.0,4.0,0.0,6,3,2,2,5,0,1,0
226987,4394,0.0,0.0,0.0,4,1,1,1,3,0,1,0
227938,1618,1.0,4.0,0.0,6,2,1,2,4,0,2,0
227948,2562,0.0,7.0,1.0,3,1,1,1,2,0,1,0
22802,2277,1.0,3.0,0.0,10,2,1,2,8,0,1,1
228334,4444,0.0,7.0,0.0,5,2,1,1,3,0,2,0
228347,289,0.0,3.0,0.0,6,3,1,1,5,0,1,0
228496,293,0.0,3.0,0.0,3,1,1,1,2,0,1,0
228764,2193,0.0,2.0,0.0,3,1,1,1,2,0,1,0
228917,3230,0.0,2.0,2.0,6,2,2,2,5,0,1,0
228997,4140,0.0,5.0,0.0,90,32,1,16,89,0,1,0
229282,148,0.0,6.0,1.0,68,22,9,9,58,0,7,3
229517,4079,0.0,3.0,0.0,14,6,3,3,8,0,5,1
229551,326,0.0,5.0,1.0,6,1,1,1,5,0,1,0
230278,2928,0.0,4.0,0.0,7,4,1,1,6,0,1,0
230392,4494,0.0,3.0,0.0,25,4,3,6,24,0,1,0
230611,4427,0.0,4.0,0.0,2,1,1,1,1,0,1,0
23075,4079,0.0,3.0,1.0,9,2,1,1,7,0,2,0
230946,3420,0.0,0.0,0.0,6,1,1,2,5,0,1,0
23125,1541,0.0,0.0,1.0,2,1,1,1,1,0,1,0
232005,1918,1.0,3.0,0.0,18,6,3,4,17,0,1,0
232024,1557,0.0,3.0,1.0,2,1,1,2,0,0,1,1
232396,2447,0.0,2.0,0.0,6,1,1,2,5,0,1,0
232812,2403,0.0,2.0,0.0,63,30,2,1,57,0,5,1
233305,676,0.0,4.0,1.0,3,1,1,1,2,0,1,0
233595,2482,0.0,2.0,0.0,3,2,1,2,2,0,1,0
23370,1018,0.0,4.0,0.0,12,2,2,4,10,1,1,0
233877,3022,0.0,4.0,0.0,1,1,1,1,0,0,1,0
234116,66,0.0,4.0,1.0,4,1,1,1,3,0,1,0
234207,4049,0.0,3.0,0.0,6,3,2,3,4,0,1,1
234231,2066,0.0,2.0,0.0,29,10,1,1,28,0,1,0
234523,2669,0.0,2.0,0.0,15,7,2,2,10,0,2,3
23469,1346,0.0,4.0,0.0,10,3,1,1,9,0,1,0
234799,2047,0.0,0.0,0.0,6,3,2,2,5,0,1,0
234941,606,0.0,0.0,0.0,146,75,13,28,130,0,1,15
235133,4224,0.0,0.0,0.0,2,1,1,1,1,0,1,0
235486,1502,0.0,3.0,1.0,2,1,1,1,1,0,1,0
23555,4325,0.0,4.0,1.0,11,5,3,2,6,0,5,0
236420,2752,0.0,4.0,0.0,15,7,2,3,10,0,3,2
236981,2066,0.0,4.0,0.0,15,4,1,3,13,0,1,1
23746,10,0.0,4.0,0.0,14,3,2,2,11,0,1,2
237793,3350,1.0,3.0,0.0,10,2,2,2,9,0,1,0
237809,121,0.0,4.0,0.0,2,2,2,1,0,0,2,0
238093,2052,0.0,7.0,0.0,2,1,1,1,1,0,1,0
238202,4351,0.0,3.0,0.0,10,2,2,2,7,0,1,2
238212,963,0.0,2.0,1.0,3,1,1,2,2,0,1,0
238269,66,0.0,2.0,0.0,3,1,1,1,1,1,1,0
238467,2193,0.0,6.0,1.0,8,3,3,1,7,0,1,0
238567,3624,1.0,4.0,0.0,12,2,1,2,10,0,1,1
238830,3828,0.0,4.0,0.0,6,3,2,1,5,0,1,0
238932,3971,0.0,2.0,1.0,2,1,1,2,0,0,1,1
239105,1272,0.0,6.0,0.0,24,11,3,2,23,0,1,0
239459,145,0.0,2.0,0.0,1,1,1,1,0,0,1,0
239605,962,0.0,3.0,2.0,10,4,4,2,9,0,1,0
239631,4584,0.0,2.0,1.0,10,1,1,2,9,0,1,0
239635,3956,0.0,3.0,0.0,14,8,4,2,11,0,3,0
240023,654,0.0,5.0,0.0,11,5,1,4,9,0,1,1
240071,951,1.0,6.0,0.0,6,1,1,1,4,0,2,0
240399,1346,0.0,0.0,0.0,9,3,1,3,6,0,2,1
240645,4605,0.0,4.0,0.0,9,2,2,4,6,0,1,2
241038,326,0.0,0.0,1.0,3,2,1,1,2,0,1,0
241062,4540,0.0,0.0,0.0,2,1,1,1,1,0,1,0
241443,2102,0.0,0.0,0.0,1,1,1,1,0,0,1,0
241653,234,0.0,3.0,1.0,2,1,1,1,1,0,1,0
241663,1487,0.0,0.0,0.0,6,2,1,2,5,0,1,0
241676,1861,0.0,0.0,0.0,2,1,1,2,1,0,1,0
242018,2193,0.0,0.0,0.0,2,1,1,2,1,0,1,0
242146,685,0.0,0.0,0.0,4,1,1,2,2,0,1,1
242341,1000,0.0,3.0,0.0,1,1,1,1,0,0,1,0
242372,4115,0.0,6.0,0.0,4,1,1,1,3,0,1,0
242707,2712,0.0,0.0,0.0,9,3,1,3,7,1,1,0
242817,2552,0.0,3.0,0.0,125,28,5,4,119,0,6,0
243774,3328,0.0,5.0,0.0,7,4,2,4,6,0,1,0
244075,3828,0.0,3.0,0.0,8,2,2,3,6,0,1,1
244156,963,0.0,5.0,1.0,14,4,2,2,12,0,2,0
244237,4755,0.0,6.0,1.0,5,1,1,1,4,0,1,0
244690,2537,0.0,0.0,0.0,30,14,5,3,28,0,1,1
244833,747,0.0,2.0,1.0,3,1,1,1,2,0,1,0
245557,2448,0.0,0.0,0.0,1,1,1,1,0,0,1,0
245590,2821,0.0,4.0,0.0,10,4,1,1,9,0,1,0
245635,1543,0.0,3.0,0.0,4,2,1,1,3,0,1,0
245875,1526,0.0,0.0,0.0,6,3,1,1,5,0,1,0
245931,2669,1.0,4.0,0.0,34,9,3,3,32,0,1,1
24613,2447,0.0,4.0,1.0,8,2,1,1,7,0,1,0
24632,4545,0.0,2.0,0.0,9,4,1,2,8,0,1,0
246388,3345,0.0,0.0,0.0,1,1,1,1,0,0,1,0
246457,3472,0.0,0.0,1.0,2,1,1,2,1,0,1,0
246652,1833,0.0,4.0,0.0,12,3,1,1,9,1,2,0
247296,2014,0.0,3.0,0.0,3,1,1,1,2,0,1,0
248043,3578,0.0,2.0,0.0,4,1,1,1,3,0,1,0
248131,3102,0.0,0.0,1.0,4,1,1,2,3,0,1,0
248560,534,0.0,4.0,0.0,2,1,1,1,1,0,1,0
24868,3826,0.0,3.0,2.0,6,1,1,4,5,0,1,0
248875,1710,0.0,2.0,0.0,2,1,1,1,1,0,1,0
250203,416,0.0,0.0,1.0,14,2,2,3,12,1,1,0
250242,552,0.0,0.0,0.0,10,3,1,1,9,0,1,0
250778,2173,0.0,6.0,0.0,7,3,1,1,6,0,1,0
250967,3376,0.0,2.0,1.0,5,2,2,3,3,0,1,1
251233,643,0.0,0.0,0.0,38,12,3,3,37,0,1,0
251628,219,0.0,3.0,0.0,3,1,1,1,1,0,2,0
251762,1102,0.0,4.0,0.0,33,14,5,3,29,0,1,3
251874,1352,0.0,3.0,1.0,1,1,1,1,0,0,1,0
251915,4044,0.0,2.0,0.0,2,1,1,1,0,0,2,0
251941,152,0.0,6.0,0.0,14,1,1,4,12,0,1,1
251967,2253,0.0,3.0,1.0,4,2,1,4,3,0,1,0
253499,3971,0.0,4.0,1.0,4,1,1,2,3,0,1,0
253903,3809,0.0,3.0,null,13,3,2,3,11,0,1,1
254304,2173,0.0,5.0,1.0,1,1,1,1,0,0,1,0
25441,2318,0.0,6.0,0.0,5,3,2,2,4,0,1,0
254432,4659,0.0,3.0,0.0,17,9,5,4,16,0,1,0
254903,3004,0.0,5.0,0.0,39,28,6,6,38,0,1,0
255285,1719,0.0,6.0,0.0,3,1,1,1,2,0,1,0
256068,2565,0.0,0.0,0.0,9,2,1,2,8,0,1,0
2575,1628,0.0,2.0,2.0,25,4,1,5,21,0,1,3
257694,219,0.0,3.0,1.0,4,1,1,1,2,0,2,0
258071,2124,0.0,3.0,1.0,19,7,1,3,16,0,1,2
258243,1470,0.0,3.0,0.0,21,3,2,2,20,0,1,0
25830,4578,0.0,3.0,0.0,17,3,2,7,15,0,1,1
258370,3624,0.0,6.0,1.0,18,7,1,1,16,0,2,0
258632,239,0.0,0.0,0.0,8,6,2,2,7,0,1,0
25867,3780,0.0,4.0,0.0,1,1,1,1,0,0,1,0
259578,4648,0.0,2.0,0.0,3,1,1,1,2,0,1,0
259985,4642,0.0,0.0,1.0,2,1,1,1,1,0,1,0
260209,4280,0.0,2.0,0.0,3,1,1,1,2,0,1,0
2610,4760,0.0,3.0,0.0,2,1,1,1,1,0,1,0
261114,4427,0.0,4.0,0.0,6,3,1,1,5,0,1,0
261622,205,0.0,4.0,0.0,1,1,1,1,0,0,1,0
26201,4710,0.0,3.0,0.0,15,7,4,1,10,0,5,0
262094,2031,0.0,4.0,0.0,3,2,1,1,2,0,1,0
262232,2644,0.0,4.0,0.0,6,4,2,1,5,0,1,0
263,2051,0.0,6.0,0.0,7,1,1,2,6,0,1,0
263085,2447,0.0,0.0,0.0,9,1,1,3,8,0,1,0
263212,1618,0.0,4.0,0.0,2,1,1,1,1,0,1,0
263286,2403,0.0,4.0,1.0,2,1,1,2,1,0,1,0
263364,682,0.0,0.0,1.0,62,21,5,2,60,0,2,0
263638,603,0.0,6.0,1.0,3,1,1,1,2,0,1,0
264761,1204,0.0,0.0,0.0,4,2,2,1,2,0,2,0
265013,3614,0.0,0.0,0.0,3,2,1,1,2,0,1,0
265055,4731,0.0,3.0,0.0,23,10,3,1,20,0,3,0
265065,3828,0.0,6.0,0.0,5,4,3,2,1,0,4,0
265107,3578,0.0,6.0,1.0,14,5,1,1,13,0,1,0
265110,1997,0.0,2.0,1.0,1,1,1,1,0,0,1,0
265771,1704,0.0,5.0,0.0,1,1,1,1,0,0,1,0
265953,1667,0.0,0.0,0.0,1,1,1,1,0,0,1,0
265976,1451,0.0,4.0,0.0,10,2,1,1,7,1,2,0
267154,1393,0.0,4.0,0.0,68,37,10,5,65,0,3,0
267254,4992,0.0,0.0,0.0,6,1,1,1,5,0,1,0
267386,2189,0.0,3.0,0.0,2,1,1,1,1,0,1,0
267592,4394,0.0,6.0,1.0,19,4,2,1,18,0,1,0
26763,3288,0.0,2.0,1.0,12,4,1,2,10,0,1,1
267681,1067,1.0,7.0,1.0,6,3,1,3,5,0,1,0
26770,4352,0.0,0.0,0.0,6,1,1,2,5,0,1,0
268023,1538,0.0,3.0,0.0,2,1,1,1,0,0,1,1
268381,1760,0.0,3.0,0.0,7,1,1,1,6,0,1,0
268433,643,0.0,4.0,2.0,4,2,1,1,3,0,1,0
268898,742,0.0,3.0,1.0,2,1,1,1,1,0,1,0
268926,4249,0.0,2.0,0.0,6,1,1,2,4,0,1,1
269253,1352,0.0,3.0,1.0,97,36,8,1,87,0,3,7
269981,2066,0.0,0.0,0.0,5,3,1,1,4,0,1,0
270167,1502,0.0,8.0,1.0,8,1,1,2,7,0,1,0
270367,1890,0.0,4.0,0.0,36,8,2,5,34,0,1,1
270457,598,0.0,2.0,1.0,89,25,3,8,79,0,1,9
270749,596,0.0,8.0,1.0,2,1,1,2,1,0,1,0
271078,2545,0.0,0.0,0.0,4,2,2,2,3,0,1,0
271551,104,0.0,3.0,0.0,12,4,1,2,10,0,2,0
27170,4444,0.0,0.0,1.0,13,8,3,1,9,0,4,0
271729,141,0.0,0.0,0.0,21,6,5,2,18,0,3,0
272040,4240,0.0,0.0,1.0,3,2,1,1,2,0,1,0
272119,1053,0.0,3.0,0.0,4,1,1,2,2,0,1,1
272540,1618,0.0,3.0,1.0,43,8,3,3,39,0,3,1
272835,4086,0.0,0.0,0.0,5,3,2,1,4,0,1,0
272904,4760,0.0,3.0,1.0,20,8,3,2,18,0,2,0
273896,1050,0.0,5.0,1.0,1,1,1,1,0,0,1,0
274584,152,0.0,3.0,0.0,3,1,1,1,2,0,1,0
274837,2217,0.0,4.0,1.0,4,1,1,1,3,0,1,0
27539,1602,0.0,3.0,0.0,2,1,1,1,1,0,1,0
275657,2273,0.0,4.0,0.0,7,1,1,2,5,0,1,1
275690,1963,0.0,0.0,0.0,6,4,1,1,5,0,1,0
275949,2217,0.0,2.0,1.0,2,1,1,1,1,0,1,0
276924,3734,0.0,2.0,1.0,2,1,1,1,1,0,1,0
277547,1892,0.0,5.0,1.0,22,9,5,1,21,0,1,0
277670,684,0.0,5.0,0.0,2,1,1,2,1,0,1,0
277918,354,0.0,0.0,0.0,8,3,2,1,6,0,2,0
278749,3471,0.0,0.0,0.0,2,1,1,1,1,0,1,0
278964,3828,0.0,3.0,0.0,2,1,1,2,0,0,1,1
278971,3152,0.0,5.0,0.0,2,1,1,1,1,0,1,0
279475,4406,0.0,2.0,0.0,2,1,1,1,1,0,1,0
279671,429,1.0,0.0,0.0,3,1,1,1,2,0,1,0
279735,3689,0.0,4.0,1.0,4,1,1,1,3,0,1,0
28022,742,0.0,5.0,0.0,4,1,1,2,2,0,1,1
280605,2711,1.0,4.0,0.0,1,1,1,1,0,0,1,0
280917,4662,0.0,2.0,0.0,3,1,1,1,2,0,1,0
280999,3152,1.0,6.0,0.0,28,10,1,6,27,0,1,0
281053,1724,0.0,3.0,1.0,2,1,1,1,1,0,1,0
281144,361,0.0,3.0,1.0,16,7,4,2,11,0,4,1
281299,797,0.0,0.0,0.0,21,13,5,1,20,0,1,0
281426,4287,0.0,3.0,1.0,5,2,2,2,4,0,1,0
282252,4861,0.0,5.0,0.0,1,1,1,1,0,0,1,0
282647,4585,0.0,0.0,1.0,2,1,1,1,1,0,1,0
283149,1487,0.0,0.0,0.0,31,15,1,4,30,0,1,0
2846,3471,0.0,3.0,0.0,5,1,1,2,3,0,2,0
284869,2193,0.0,0.0,0.0,1,1,1,1,0,0,1,0
285036,1272,1.0,5.0,0.0,25,13,5,4,22,0,3,0
285278,1022,0.0,2.0,0.0,1,1,1,1,0,0,1,0
285368,4325,1.0,4.0,0.0,20,2,2,1,18,0,2,0
285463,310,0.0,0.0,null,4,1,1,1,3,0,1,0
285652,4966,0.0,4.0,0.0,3,1,1,1,2,0,1,0
285720,3635,0.0,2.0,1.0,7,2,1,1,6,0,1,0
285749,1435,0.0,4.0,0.0,18,11,2,2,16,0,2,0
285849,102,0.0,4.0,0.0,8,1,1,4,6,0,1,1
285876,4240,0.0,4.0,1.0,15,6,1,4,14,0,1,0
286101,3042,0.0,0.0,0.0,6,3,2,1,5,0,1,0
286344,3826,0.0,7.0,1.0,4,1,1,1,3,0,1,0
286349,1126,0.0,2.0,0.0,13,6,2,1,11,0,2,0
286453,3826,0.0,6.0,0.0,18,4,3,1,15,0,3,0
28653,4042,0.0,4.0,1.0,6,3,1,1,5,0,1,0
286979,4040,0.0,4.0,1.0,3,1,1,1,2,0,1,0
287829,4760,0.0,3.0,0.0,10,4,2,1,9,0,1,0
287841,1393,0.0,3.0,1.0,6,3,1,1,5,0,1,0
287860,1412,0.0,6.0,0.0,18,3,1,4,15,0,1,2
2880,553,0.0,6.0,1.0,5,1,1,1,4,0,1,0
288278,2031,0.0,2.0,0.0,2,1,1,2,0,0,1,1
288368,4929,0.0,0.0,1.0,12,1,1,2,11,0,1,0
288475,3730,0.0,0.0,0.0,9,2,2,2,7,0,1,1
28851,4048,0.0,2.0,0.0,6,2,1,1,5,0,1,0
288839,3350,0.0,6.0,1.0,5,3,1,1,4,0,1,0
288963,3085,0.0,4.0,1.0,1,1,1,1,0,0,1,0
289084,4282,0.0,6.0,0.0,3,2,2,2,2,0,1,0
289294,3645,1.0,6.0,1.0,20,6,3,1,19,0,1,0
289377,946,0.0,0.0,0.0,4,2,1,1,3,0,1,0
289412,4966,0.0,4.0,0.0,3,2,2,2,0,0,2,1
289594,798,0.0,2.0,0.0,8,1,1,3,6,0,1,1
290357,2066,0.0,4.0,0.0,7,4,1,1,6,0,1,0
290448,697,0.0,3.0,0.0,5,2,1,1,4,0,1,0
29077,1340,0.0,4.0,1.0,4,1,1,2,3,0,1,0
291438,798,0.0,2.0,0.0,18,5,2,3,13,0,2,3
291642,1221,0.0,2.0,0.0,1,1,1,1,0,0,1,0
292161,1162,0.0,4.0,1.0,12,7,5,3,10,0,2,0
292395,4234,0.0,5.0,0.0,51,31,9,3,49,0,2,0
29272,1407,0.0,3.0,1.0,3,1,1,1,1,0,1,1
293122,1895,0.0,4.0,0.0,4,2,1,1,3,0,1,0
293158,2403,0.0,0.0,0.0,3,1,1,2,2,0,1,0
293584,1166,0.0,4.0,0.0,11,2,1,3,10,0,1,0
293792,1467,0.0,2.0,0.0,8,3,1,4,7,0,1,0
293811,3460,0.0,0.0,0.0,6,2,1,1,2,0,4,0
293878,4677,0.0,5.0,0.0,6,1,1,1,5,0,1,0
294147,1556,0.0,0.0,0.0,9,2,2,1,8,0,1,0
294298,1760,0.0,3.0,0.0,23,16,3,1,22,0,1,0
294334,989,0.0,6.0,1.0,12,3,1,2,11,0,1,0
294709,3828,0.0,0.0,0.0,3,1,1,1,2,0,1,0
295128,2454,0.0,0.0,0.0,14,6,5,1,11,0,3,0
295157,3793,0.0,0.0,0.0,12,2,1,1,9,0,1,2
295582,3419,0.0,4.0,1.0,13,4,1,1,11,0,2,0
295623,4173,0.0,0.0,0.0,6,2,2,2,5,0,1,0
295683,1659,0.0,0.0,0.0,5,3,1,1,3,0,2,0
295768,1435,0.0,2.0,1.0,3,1,1,1,2,0,1,0
295960,66,0.0,0.0,1.0,10,2,1,1,9,0,1,0
296644,467,0.0,4.0,2.0,10,4,3,5,8,0,1,1
296711,2031,0.0,3.0,0.0,4,1,1,1,3,0,1,0
29685,4976,0.0,5.0,0.0,7,1,1,2,6,0,1,0
296888,3191,0.0,3.0,0.0,9,1,1,2,6,0,2,1
297604,10,0.0,3.0,0.0,6,2,1,1,5,0,1,0
297698,4173,0.0,0.0,0.0,20,11,5,8,19,0,1,0
297819,1018,0.0,3.0,0.0,4,2,2,1,3,0,1,0
297878,2149,0.0,5.0,1.0,8,2,1,2,7,0,1,0
298868,168,0.0,5.0,1.0,19,11,3,1,11,0,8,0
298888,1346,0.0,4.0,0.0,4,2,1,1,2,0,2,0
299038,1679,1.0,4.0,0.0,6,4,2,3,5,0,1,0
29914,3472,0.0,0.0,1.0,6,2,2,3,5,0,1,0
299554,586,0.0,2.0,0.0,11,8,3,3,9,0,2,0
299713,2435,1.0,5.0,0.0,4,2,1,1,3,0,1,0
299799,1487,0.0,5.0,0.0,16,5,1,2,15,0,1,0
299885,148,1.0,4.0,0.0,25,10,7,2,16,0,9,0
299961,3173,0.0,2.0,0.0,1,1,1,1,0,0,1,0
300048,1167,0.0,4.0,0.0,5,2,2,1,3,0,2,0
300242,4324,0.0,4.0,1.0,4,1,1,1,0,0,3,1
300906,2318,0.0,4.0,0.0,11,1,1,3,10,0,1,0
301409,2313,0.0,3.0,1.0,10,1,1,3,9,0,1,0
301814,2821,0.0,3.0,0.0,7,2,2,1,4,1,2,0
30247,1501,0.0,4.0,1.0,5,1,1,2,4,0,1,0
303020,1310,0.0,5.0,0.0,23,13,8,3,21,0,1,1
30326,1142,0.0,0.0,0.0,3,1,1,1,2,0,1,0
303491,3536,0.0,0.0,0.0,6,3,1,1,5,0,1,0
303525,598,0.0,2.0,0.0,21,9,3,3,17,0,1,3
303875,4731,0.0,3.0,0.0,11,3,1,1,10,0,1,0
304976,586,0.0,5.0,1.0,32,21,2,6,30,0,2,0
305855,4280,0.0,0.0,1.0,6,3,1,1,5,0,1,0
306061,114,0.0,6.0,0.0,11,6,4,3,9,0,2,0
306418,4170,0.0,3.0,0.0,8,4,1,1,3,0,5,0
306862,1916,0.0,3.0,0.0,5,1,1,2,2,0,2,1
307166,3080,0.0,3.0,0.0,2,1,1,2,0,0,1,1
308386,1742,0.0,5.0,1.0,6,2,1,1,5,0,1,0
30841,643,0.0,3.0,0.0,2,1,1,1,1,0,1,0
308832,4107,0.0,2.0,1.0,35,14,7,6,34,0,1,0
309013,4044,0.0,0.0,0.0,5,2,1,1,3,0,2,0
309375,4708,0.0,4.0,1.0,3,1,1,1,2,0,1,0
309985,790,0.0,3.0,0.0,66,35,10,9,65,0,1,0
309989,2396,0.0,2.0,1.0,4,3,1,3,3,0,1,0
310003,812,0.0,7.0,0.0,17,4,2,4,13,0,2,2
310367,1764,0.0,3.0,0.0,2,2,1,1,0,0,2,0
310611,3602,0.0,0.0,0.0,2,1,1,1,1,0,1,0
310776,2036,0.0,0.0,0.0,3,1,1,1,2,0,1,0
311138,3392,0.0,0.0,0.0,2,1,1,1,1,0,1,0
311320,14,0.0,4.0,1.0,24,8,1,1,22,0,2,0
311791,3347,0.0,3.0,0.0,3,1,1,1,2,0,1,0
311836,4760,0.0,3.0,1.0,3,1,1,2,2,0,1,0
31207,4818,0.0,4.0,0.0,19,8,3,2,15,0,2,2
312188,608,0.0,6.0,0.0,5,4,2,1,3,0,2,0
312209,2565,0.0,3.0,0.0,13,5,1,3,11,0,1,1
312718,4818,0.0,4.0,0.0,2,2,1,1,1,0,1,0
313693,3200,0.0,0.0,0.0,23,2,2,4,21,0,1,1
31455,597,0.0,0.0,0.0,4,1,1,1,3,0,1,0
314596,2935,0.0,6.0,0.0,2,1,1,2,1,0,1,0
315033,3230,0.0,5.0,1.0,4,1,1,1,3,0,1,0
3154,1203,0.0,4.0,1.0,23,11,7,1,18,0,5,0
31623,145,0.0,4.0,0.0,1,1,1,1,0,0,1,0
316481,1115,0.0,6.0,0.0,6,1,1,2,5,0,1,0
316486,2141,0.0,4.0,0.0,3,1,1,1,2,0,1,0
316547,4306,0.0,3.0,0.0,4,2,2,2,3,0,1,0
316766,1875,0.0,0.0,0.0,3,2,2,1,2,0,1,0
317285,2559,0.0,0.0,0.0,4,1,1,2,1,0,1,2
319084,1203,0.0,6.0,0.0,12,3,2,2,9,0,3,0
320318,946,1.0,4.0,0.0,9,5,1,2,8,0,1,0
320624,4876,0.0,3.0,0.0,9,1,1,1,8,0,1,0
320709,862,0.0,3.0,1.0,32,5,2,3,31,0,1,0
32112,1411,0.0,4.0,0.0,4,1,1,1,2,0,2,0
321141,3929,0.0,3.0,1.0,4,1,1,1,3,0,1,0
321172,557,0.0,3.0,0.0,3,1,1,1,2,0,1,0
321424,4472,0.0,3.0,1.0,10,1,1,4,9,0,1,0
321468,2688,0.0,0.0,0.0,6,3,1,3,5,0,1,0
321741,3687,0.0,0.0,0.0,1,1,1,1,0,0,1,0
321877,2436,0.0,0.0,0.0,1,1,1,1,0,0,1,0
321935,2916,0.0,0.0,0.0,1,1,1,1,0,0,1,0
321940,436,0.0,5.0,0.0,12,5,2,1,11,0,1,0
322354,4955,0.0,0.0,0.0,3,2,2,1,1,0,2,0
322504,3288,0.0,3.0,0.0,1,1,1,1,0,0,1,0
323056,257,0.0,5.0,0.0,5,1,1,2,4,0,1,0
323105,3925,1.0,0.0,0.0,6,5,2,1,5,0,1,0
323201,2397,0.0,6.0,null,5,1,1,2,3,0,2,0
323614,4614,0.0,4.0,1.0,12,4,1,4,10,0,2,0
32362,1816,0.0,0.0,0.0,11,5,3,1,10,0,1,0
323844,3350,0.0,3.0,2.0,14,5,1,3,12,0,2,0
324484,2217,0.0,2.0,0.0,3,1,1,1,2,0,1,0
324541,1501,0.0,5.0,1.0,7,1,1,3,6,0,1,0
324689,4394,0.0,0.0,0.0,4,2,1,1,3,0,1,0
32556,3809,0.0,4.0,0.0,22,7,2,3,21,0,1,0
325563,467,0.0,2.0,0.0,5,3,1,1,4,0,1,0
325700,4042,0.0,4.0,0.0,5,2,1,4,2,0,1,2
325705,4120,0.0,3.0,1.0,6,1,1,2,5,0,1,0
325879,4534,0.0,0.0,1.0,5,4,4,2,4,0,1,0
326430,897,0.0,4.0,2.0,14,8,6,1,11,0,3,0
32648,3990,0.0,5.0,0.0,5,3,2,1,4,0,1,0
327301,1760,0.0,3.0,1.0,6,4,1,2,5,0,1,0
327484,2545,0.0,3.0,0.0,3,1,1,1,2,0,1,0
327685,1557,0.0,2.0,1.0,14,7,5,2,13,0,1,0
32819,3968,0.0,3.0,0.0,1,1,1,1,0,0,1,0
328370,4760,0.0,5.0,0.0,3,2,1,1,2,0,1,0
328530,2403,0.0,5.0,0.0,3,1,1,1,1,0,2,0
328663,798,0.0,4.0,0.0,3,1,1,1,2,0,1,0
329471,523,0.0,5.0,0.0,32,14,1,3,29,0,1,2
329639,4072,0.0,7.0,0.0,19,4,3,2,16,0,2,1
329728,946,0.0,3.0,1.0,1,1,1,1,0,0,1,0
329734,2467,0.0,3.0,0.0,1,1,1,1,0,0,1,0
330384,1102,0.0,0.0,0.0,58,28,9,3,53,4,1,0
330584,3448,0.0,3.0,1.0,17,4,1,2,16,0,1,0
331414,4826,0.0,3.0,0.0,3,1,1,1,2,0,1,0
332873,1861,0.0,4.0,0.0,18,2,1,3,16,0,1,1
332949,3956,0.0,3.0,0.0,6,2,2,1,3,0,3,0
333610,4076,0.0,3.0,0.0,1,1,1,1,0,0,1,0
333775,951,0.0,3.0,1.0,10,1,1,2,8,0,2,0
334966,2448,0.0,3.0,0.0,5,2,1,1,2,0,2,1
335249,608,0.0,5.0,0.0,3,1,1,2,2,0,1,0
335265,931,0.0,3.0,0.0,9,9,4,2,6,0,3,0
335328,3828,0.0,4.0,1.0,7,2,1,2,6,0,1,0
33537,3545,0.0,7.0,0.0,1,1,1,1,0,0,1,0
335452,2583,0.0,5.0,1.0,1,1,1,1,0,0,1,0
336408,2981,0.0,0.0,1.0,4,2,2,1,2,0,2,0
336577,474,0.0,4.0,0.0,15,10,6,3,14,0,1,0
336620,2318,0.0,4.0,0.0,6,2,2,2,5,0,1,0
336855,1102,0.0,3.0,0.0,9,5,3,2,8,0,1,0
33717,412,0.0,4.0,0.0,45,14,4,7,37,0,5,3
337948,2318,0.0,6.0,0.0,3,1,1,2,2,0,1,0
338321,821,1.0,0.0,0.0,2,1,1,1,1,0,1,0
338405,3474,0.0,0.0,0.0,9,1,1,1,7,0,1,1
33860,1377,1.0,0.0,0.0,19,5,1,1,18,0,1,0
338663,3016,0.0,0.0,0.0,3,2,1,1,1,0,2,0
339171,1187,0.0,4.0,0.0,4,1,1,3,2,0,2,0
339383,1963,0.0,4.0,0.0,17,7,5,7,16,0,1,0
339433,1833,0.0,6.0,0.0,2,1,1,1,1,0,1,0
340664,630,0.0,3.0,2.0,6,3,2,2,5,0,1,0
340702,3614,0.0,3.0,0.0,4,1,1,2,3,0,1,0
340996,3826,0.0,6.0,1.0,5,1,1,1,4,0,1,0
341489,2360,0.0,3.0,1.0,2,1,1,1,1,0,1,0
341493,2318,0.0,6.0,0.0,8,1,1,1,7,0,1,0
341734,2860,0.0,4.0,0.0,2,1,1,1,1,0,1,0
342029,3792,0.0,0.0,0.0,3,1,1,1,2,0,1,0
342124,1203,0.0,5.0,0.0,31,10,4,5,30,0,1,0
342137,798,0.0,4.0,0.0,2,2,2,1,0,0,2,0
342229,1393,0.0,3.0,0.0,39,16,4,5,36,0,3,0
342244,189,0.0,5.0,0.0,2,1,1,1,1,0,1,0
34258,3815,0.0,3.0,0.0,4,1,1,1,3,0,1,0
342602,474,1.0,4.0,0.0,5,3,2,1,4,0,1,0
343098,1890,0.0,3.0,0.0,1,1,1,1,0,0,1,0
343489,2721,0.0,6.0,0.0,13,6,1,1,12,0,1,0
34480,1602,0.0,2.0,0.0,1,1,1,1,0,0,1,0
345398,416,1.0,0.0,0.0,4,1,1,2,3,0,1,0
345646,1983,0.0,4.0,0.0,4,1,1,1,3,0,1,0
345897,3095,0.0,3.0,0.0,2,1,1,2,1,0,1,0
346259,598,0.0,2.0,1.0,24,2,1,6,22,0,1,1
346680,1501,0.0,0.0,0.0,9,1,1,4,7,0,1,1
346902,4783,0.0,6.0,1.0,1,1,1,1,0,0,1,0
347193,946,0.0,4.0,0.0,3,2,1,2,2,0,1,0
347203,3433,0.0,0.0,0.0,13,4,3,3,11,0,1,1
347242,4950,0.0,4.0,0.0,1,1,1,1,0,0,1,0
347564,254,0.0,7.0,0.0,2,1,1,1,1,0,1,0
347568,4173,1.0,6.0,0.0,12,6,4,4,11,0,1,0
347625,2928,0.0,0.0,0.0,7,4,2,2,6,0,1,0
347747,2143,0.0,7.0,0.0,3,3,2,1,0,0,3,0
348013,2596,0.0,0.0,0.0,2,1,1,1,1,0,1,0
348159,3727,0.0,0.0,1.0,6,4,1,2,5,0,1,0
348382,3828,0.0,0.0,0.0,32,16,2,5,26,0,1,5
34851,4394,1.0,2.0,0.0,10,1,1,5,9,0,1,0
348565,682,1.0,2.0,1.0,7,2,1,1,6,0,1,0
348594,4662,0.0,3.0,0.0,3,2,1,1,2,0,1,0
34884,1272,0.0,0.0,0.0,9,5,4,2,6,0,1,2
348912,4605,0.0,2.0,0.0,8,4,2,2,7,0,1,0
349061,1878,0.0,6.0,0.0,2,1,1,1,1,0,1,0
349207,856,0.0,0.0,null,6,1,1,1,4,1,1,0
349247,1685,0.0,3.0,1.0,5,1,1,1,4,0,1,0
349410,1393,0.0,3.0,0.0,9,6,4,3,5,0,1,3
349471,2031,0.0,0.0,1.0,5,3,3,1,2,0,3,0
349577,2447,0.0,3.0,1.0,11,2,1,1,10,0,1,0
349598,2664,0.0,0.0,1.0,4,2,2,1,2,0,2,0
349892,4079,0.0,3.0,0.0,15,6,1,1,10,0,5,0
349947,4090,0.0,5.0,0.0,5,3,1,1,4,0,1,0
35019,3938,0.0,0.0,1.0,1,1,1,1,0,0,1,0
3514,742,0.0,3.0,0.0,11,5,3,3,8,0,1,2
351801,4765,0.0,4.0,1.0,5,1,1,1,3,0,2,0
351803,1346,0.0,4.0,0.0,1,1,1,1,0,0,1,0
352122,989,0.0,3.0,0.0,2,1,1,1,1,0,1,0
352173,1557,0.0,2.0,1.0,1,1,1,1,0,0,1,0
352431,715,0.0,0.0,null,5,2,1,1,3,0,2,0
352501,414,0.0,0.0,0.0,3,2,2,1,1,0,2,0
353309,2118,0.0,2.0,0.0,2,1,1,1,1,0,1,0
353518,3578,0.0,4.0,0.0,2,1,1,1,1,0,1,0
353775,1875,0.0,0.0,0.0,13,9,5,3,11,0,2,0
354248,20,0.0,3.0,0.0,9,1,1,5,8,0,1,0
354291,1102,0.0,5.0,0.0,13,6,3,1,11,0,2,0
354493,598,1.0,3.0,0.0,8,3,2,2,7,0,1,0
354675,1272,0.0,6.0,0.0,2,2,2,2,1,0,1,0
354950,4371,0.0,3.0,0.0,6,4,1,1,4,0,2,0
355235,2926,0.0,3.0,1.0,6,2,2,2,4,0,1,1
355401,2124,0.0,0.0,1.0,6,4,2,1,5,0,1,0
355431,3399,0.0,0.0,0.0,21,6,1,1,20,0,1,0
356008,361,0.0,3.0,0.0,14,4,1,3,10,0,1,3
356401,1067,0.0,0.0,1.0,13,4,1,2,12,0,1,0
356828,3635,0.0,0.0,1.0,12,1,1,5,9,0,1,2
357234,742,0.0,0.0,0.0,2,2,2,2,0,0,1,1
357240,1833,0.0,6.0,0.0,24,7,1,2,22,0,2,0
357292,1892,0.0,0.0,0.0,4,1,1,3,3,0,1,0
357736,121,0.0,5.0,1.0,6,3,2,2,5,0,1,0
357911,1448,0.0,0.0,0.0,11,1,1,1,10,0,1,0
359269,326,0.0,7.0,1.0,4,2,1,1,3,0,1,0
35944,2876,0.0,2.0,0.0,5,2,1,3,4,0,1,0
359788,4394,0.0,3.0,0.0,13,3,1,3,10,0,2,1
359828,219,0.0,3.0,0.0,15,4,1,4,13,0,2,0
359924,374,1.0,4.0,0.0,25,3,2,1,23,0,2,0
359993,1556,0.0,3.0,0.0,5,2,1,1,4,0,1,0
360080,4044,0.0,3.0,0.0,16,10,6,5,14,0,1,1
360181,1168,0.0,3.0,1.0,5,1,1,2,4,0,1,0
360210,4568,1.0,4.0,0.0,21,13,5,4,18,0,3,0
360413,309,0.0,3.0,null,4,1,1,1,3,0,1,0
360781,798,0.0,0.0,0.0,5,3,2,2,3,0,1,1
361048,2700,1.0,6.0,1.0,39,23,5,8,36,1,1,1
361367,2193,0.0,2.0,1.0,9,5,3,2,5,0,4,0
361949,402,0.0,6.0,1.0,6,1,1,2,4,0,2,0
362293,1884,0.0,0.0,0.0,7,2,1,2,6,0,1,0
362350,310,0.0,0.0,1.0,3,1,1,1,0,0,2,1
362374,4659,0.0,0.0,0.0,2,1,1,1,1,0,1,0
36261,396,0.0,3.0,1.0,1,1,1,1,0,0,1,0
362825,4282,0.0,4.0,1.0,45,27,11,8,43,0,2,0
362932,1840,0.0,7.0,1.0,12,8,3,2,10,0,2,0
363231,4287,0.0,4.0,0.0,2,1,1,1,1,0,1,0
36340,1098,0.0,3.0,0.0,1,1,1,1,0,0,1,0
363550,4173,0.0,4.0,0.0,8,3,3,3,7,0,1,0
363591,3545,0.0,6.0,1.0,10,2,1,2,8,0,1,1
364047,2786,0.0,3.0,2.0,3,1,1,1,2,0,1,0
364324,784,0.0,2.0,0.0,8,4,3,2,7,0,1,0
364603,3406,0.0,6.0,0.0,6,1,1,1,4,0,2,0
364678,993,0.0,3.0,0.0,7,4,2,2,6,0,1,0
364691,293,0.0,3.0,0.0,3,1,1,1,2,0,1,0
365140,310,0.0,0.0,1.0,5,2,2,1,4,0,1,0
36547,1827,0.0,2.0,0.0,3,1,1,2,2,0,1,0
365479,4427,0.0,3.0,1.0,6,1,1,1,5,0,1,0
365773,3063,0.0,3.0,0.0,7,3,2,3,6,0,1,0
366443,4090,0.0,0.0,0.0,12,6,1,3,11,0,1,0
366876,4044,0.0,3.0,0.0,9,6,2,1,7,0,1,1
367043,4536,0.0,5.0,0.0,2,1,1,1,1,0,1,0
36718,3968,0.0,6.0,0.0,5,3,2,1,4,0,1,0
367311,606,0.0,0.0,0.0,8,3,1,4,6,0,1,1
367851,2768,0.0,0.0,1.0,4,1,1,1,2,0,1,1
367920,3839,0.0,0.0,0.0,6,4,1,2,5,0,1,0
367959,2928,0.0,3.0,0.0,6,4,2,2,5,0,1,0
368353,4079,0.0,3.0,0.0,5,1,1,1,3,0,2,0
368437,4745,0.0,3.0,0.0,1,1,1,1,0,0,1,0
368607,4549,0.0,3.0,0.0,1,1,1,1,0,0,1,0
36884,1345,0.0,0.0,0.0,7,1,1,1,5,0,2,0
368873,794,0.0,0.0,0.0,22,14,1,2,21,0,1,0
368993,798,0.0,3.0,0.0,2,1,1,1,1,0,1,0
369194,2459,0.0,3.0,0.0,11,5,3,5,10,0,1,0
370038,508,0.0,3.0,null,2,1,1,1,1,0,1,0
370337,2124,0.0,4.0,0.0,8,8,3,2,7,0,1,0
370568,4137,0.0,4.0,1.0,10,4,1,2,9,0,1,0
370709,148,0.0,0.0,1.0,7,1,1,3,6,0,1,0
370925,4173,0.0,2.0,0.0,75,33,4,6,72,0,1,2
370991,1800,0.0,3.0,0.0,3,2,1,2,2,0,1,0
371025,1203,0.0,3.0,1.0,9,5,3,1,8,0,1,0
371112,3029,0.0,6.0,0.0,3,1,1,1,2,0,1,0
37116,4687,0.0,5.0,1.0,4,2,1,1,3,0,1,0
371163,4173,0.0,4.0,1.0,6,1,1,1,5,0,1,0
372034,4234,0.0,4.0,0.0,2,1,1,1,1,0,1,0
372318,4044,0.0,3.0,0.0,14,9,2,5,8,0,2,4
37248,2615,0.0,3.0,1.0,3,1,1,3,2,0,1,0
372603,98,0.0,2.0,1.0,7,5,1,1,6,0,1,0
37289,2003,0.0,6.0,1.0,6,4,1,2,5,0,1,0
373746,3105,0.0,2.0,1.0,41,21,4,5,37,0,2,2
373800,1102,0.0,0.0,1.0,8,1,1,2,7,0,1,0
374003,4660,0.0,4.0,0.0,7,5,1,1,6,0,1,0
374035,4079,0.0,6.0,1.0,3,1,1,1,1,0,2,0
374617,4585,0.0,4.0,0.0,20,4,1,1,19,0,1,0
375120,2545,0.0,4.0,0.0,23,10,6,5,21,0,1,1
375129,4224,0.0,0.0,0.0,2,1,1,1,1,0,1,0
375219,2047,0.0,0.0,1.0,13,11,4,1,12,0,1,0
375530,2448,0.0,3.0,1.0,4,1,1,2,3,0,1,0
376984,4569,0.0,4.0,1.0,5,1,1,1,4,0,1,0
377154,120,0.0,3.0,1.0,2,1,1,1,1,0,1,0
377363,2928,0.0,0.0,1.0,13,6,3,2,11,0,2,0
377525,4976,0.0,3.0,0.0,11,7,3,1,10,0,1,0
37792,2187,1.0,0.0,0.0,28,8,1,4,26,0,2,0
378002,4044,0.0,0.0,0.0,5,3,1,2,4,0,1,0
378346,4525,0.0,0.0,0.0,16,5,1,1,13,0,3,0
378509,3126,0.0,5.0,1.0,22,12,6,1,20,0,2,0
378813,3955,0.0,4.0,0.0,4,3,1,1,3,0,1,0
37911,586,0.0,4.0,0.0,5,4,1,1,4,0,1,0
379171,3230,0.0,2.0,1.0,2,1,1,1,1,0,1,0
379193,3828,1.0,3.0,0.0,29,17,5,5,27,0,1,1
379598,4659,0.0,6.0,0.0,2,1,1,2,0,0,1,1
380164,2981,0.0,0.0,0.0,1,1,1,1,0,0,1,0
380320,4173,0.0,4.0,0.0,1,1,1,1,0,0,1,0
380553,3893,0.0,3.0,0.0,4,1,1,1,3,0,1,0
380819,897,0.0,4.0,0.0,17,6,3,1,15,0,2,0
381078,2669,0.0,3.0,0.0,20,6,2,2,17,0,2,1
381171,4775,0.0,4.0,0.0,5,2,1,2,4,0,1,0
381266,63,0.0,3.0,0.0,7,1,1,3,4,0,1,2
381661,1124,0.0,0.0,0.0,6,2,1,2,4,0,1,1
382287,1704,0.0,6.0,0.0,1,1,1,1,0,0,1,0
382545,2954,0.0,4.0,0.0,29,9,6,9,27,0,2,0
382628,900,0.0,4.0,0.0,5,1,1,1,0,0,5,0
382650,183,0.0,0.0,1.0,2,1,1,1,1,0,1,0
383337,2173,0.0,6.0,0.0,14,12,3,2,7,0,2,5
383395,1679,0.0,5.0,0.0,14,7,3,1,13,0,1,0
383477,4234,0.0,4.0,0.0,3,1,1,1,2,0,1,0
383903,3986,0.0,2.0,1.0,2,1,1,1,1,0,1,0
384083,4079,0.0,3.0,0.0,23,7,2,4,19,0,4,0
384235,4043,0.0,3.0,0.0,3,1,1,2,2,0,1,0
384815,1096,0.0,4.0,0.0,1,1,1,1,0,0,1,0
384858,4976,0.0,3.0,0.0,3,2,2,2,2,0,1,0
385849,760,0.0,2.0,1.0,27,5,1,2,25,0,1,1
38606,2278,0.0,0.0,0.0,2,1,1,1,1,0,1,0
38613,2278,0.0,0.0,0.0,5,3,2,1,4,0,1,0
386206,3350,1.0,3.0,0.0,2,1,1,1,1,0,1,0
386287,152,0.0,4.0,0.0,1,1,1,1,0,0,1,0
387076,2193,0.0,3.0,1.0,7,2,2,1,5,0,2,0
38739,3955,0.0,0.0,0.0,3,1,1,2,2,0,1,0
387401,3910,0.0,6.0,1.0,7,1,1,1,6,0,1,0
387436,3269,0.0,3.0,0.0,3,1,1,2,2,0,1,0
387560,1393,0.0,0.0,0.0,11,5,2,2,10,0,1,0
388377,4540,0.0,4.0,0.0,1,1,1,1,0,0,1,0
388437,2078,0.0,5.0,0.0,2,2,1,1,0,0,2,0
388464,219,0.0,4.0,0.0,19,3,1,4,17,0,2,0
388648,1574,0.0,2.0,1.0,1,1,1,1,0,0,1,0
388788,2218,0.0,0.0,0.0,2,1,1,1,1,0,1,0
389294,1679,0.0,4.0,0.0,16,8,4,2,15,0,1,0
389543,4044,0.0,3.0,0.0,39,19,8,2,34,0,3,2
389561,4605,0.0,0.0,0.0,4,2,1,1,3,0,1,0
390617,1062,0.0,2.0,1.0,6,5,2,2,5,0,1,0
390969,121,0.0,5.0,0.0,11,5,2,2,9,0,1,1
391442,241,0.0,0.0,0.0,3,2,1,1,2,0,1,0
391459,154,0.0,6.0,1.0,3,1,1,1,2,0,1,0
391528,897,0.0,3.0,1.0,2,1,1,1,1,0,1,0
391819,2020,0.0,6.0,1.0,3,1,1,1,2,0,1,0
391894,1693,0.0,0.0,0.0,5,3,2,1,4,0,1,0
392344,4186,0.0,3.0,1.0,43,9,1,3,40,0,1,2
392432,2403,0.0,3.0,0.0,10,5,1,2,9,0,1,0
39375,4198,0.0,5.0,1.0,3,1,1,1,2,0,1,0
393754,4607,0.0,8.0,1.0,62,17,3,1,58,0,4,0
394266,361,0.0,5.0,0.0,32,13,4,1,29,0,3,0
39434,3955,0.0,3.0,0.0,5,2,1,2,4,0,1,0
39479,3619,0.0,0.0,0.0,11,2,1,3,10,0,1,0
394836,4129,0.0,3.0,0.0,95,30,4,7,83,0,3,9
394846,4197,1.0,5.0,0.0,3,1,1,1,2,0,1,0
395050,1816,0.0,0.0,0.0,5,1,1,2,4,0,1,0
395126,2288,0.0,3.0,0.0,6,3,1,4,4,0,1,1
395163,3971,0.0,2.0,1.0,9,4,2,2,8,0,1,0
395242,4783,0.0,0.0,0.0,6,3,1,2,5,0,1,0
395697,3545,0.0,4.0,1.0,2,1,1,1,1,0,1,0
395839,1556,0.0,4.0,0.0,9,2,1,2,8,0,1,0
396257,2954,0.0,4.0,0.0,20,8,5,1,14,0,6,0
396376,4793,0.0,3.0,1.0,2,1,1,1,1,0,1,0
396666,2810,0.0,4.0,1.0,10,3,1,1,9,0,1,0
397295,1659,1.0,5.0,0.0,6,3,1,1,5,0,1,0
397771,4864,0.0,0.0,0.0,17,5,2,3,15,0,2,0
397815,682,0.0,3.0,1.0,9,4,1,1,7,0,2,0
398153,2298,0.0,3.0,1.0,9,4,1,1,5,0,4,0
39838,2768,0.0,7.0,0.0,1,1,1,1,0,0,1,0
398403,2173,0.0,3.0,0.0,2,1,1,1,1,0,1,0
399427,474,0.0,0.0,1.0,3,1,1,1,2,0,1,0
39999,798,0.0,3.0,0.0,12,5,3,3,11,0,1,0
400130,1496,0.0,3.0,1.0,6,4,2,1,5,0,1,0
400381,63,0.0,3.0,0.0,19,12,6,1,18,0,1,0
400490,4585,0.0,6.0,1.0,3,1,1,2,2,0,1,0
400875,2537,0.0,3.0,0.0,8,2,1,2,6,0,1,1
401127,2082,1.0,5.0,0.0,23,13,5,1,21,0,1,1
401366,3444,0.0,4.0,1.0,2,1,1,1,1,0,1,0
401855,1875,0.0,4.0,0.0,29,17,6,2,27,0,1,1
402519,786,0.0,3.0,0.0,4,1,1,2,3,0,1,0
402600,2220,0.0,0.0,1.0,6,1,1,2,5,0,1,0
402856,2721,0.0,4.0,0.0,15,11,1,1,14,0,1,0
4031,2810,0.0,5.0,0.0,3,1,1,1,2,0,1,0
403444,1911,0.0,6.0,0.0,3,2,1,2,1,0,1,1
40362,1703,0.0,6.0,1.0,3,2,2,1,2,0,1,0
403680,3057,0.0,2.0,0.0,7,1,1,1,6,0,1,0
404969,4282,0.0,3.0,1.0,2,1,1,2,1,0,1,0
405240,4601,0.0,0.0,1.0,3,1,1,1,2,0,1,0
405535,2448,0.0,4.0,0.0,10,6,2,2,7,0,2,1
405775,2220,0.0,0.0,0.0,10,4,2,1,9,0,1,0
40591,748,0.0,6.0,0.0,10,3,1,5,9,0,1,0
406369,4090,0.0,0.0,0.0,4,1,1,2,2,0,1,1
407149,98,0.0,2.0,0.0,10,2,1,2,8,0,1,1
40727,3862,0.0,2.0,1.0,11,2,1,1,10,0,1,0
407438,4760,0.0,0.0,0.0,33,7,3,5,25,0,2,6
407755,3828,0.0,3.0,0.0,6,2,2,1,4,0,2,0
408177,4240,0.0,4.0,1.0,3,1,1,2,2,0,1,0
408485,3828,0.0,4.0,0.0,5,1,1,3,4,0,1,0
408918,2721,0.0,4.0,0.0,5,2,1,1,4,0,1,0
40924,608,0.0,6.0,0.0,3,1,1,1,2,0,1,0
410719,4976,0.0,0.0,0.0,35,19,6,3,32,1,1,1
410877,2361,0.0,4.0,0.0,1,1,1,1,0,0,1,0
411262,2952,0.0,0.0,1.0,3,1,1,1,0,0,3,0
411737,2397,0.0,6.0,0.0,4,3,1,2,3,0,1,0
41178,1760,0.0,4.0,0.0,2,1,1,1,1,0,1,0
41208,625,1.0,6.0,0.0,4,2,1,1,3,0,1,0
412113,2995,0.0,4.0,2.0,9,3,3,3,6,0,1,2
412282,793,0.0,6.0,0.0,8,5,3,3,7,0,1,0
412455,4444,0.0,6.0,0.0,5,2,1,1,4,0,1,0
412624,276,0.0,2.0,0.0,3,1,1,2,1,1,1,0
413217,3173,1.0,3.0,1.0,12,5,2,1,10,0,2,0
413676,4594,0.0,0.0,1.0,2,1,1,1,1,0,1,0
414606,416,0.0,0.0,1.0,3,1,1,1,2,0,1,0
415277,3524,0.0,0.0,0.0,7,2,2,1,5,0,2,0
415829,3905,0.0,7.0,1.0,7,1,1,3,6,0,1,0
415999,1712,0.0,0.0,1.0,9,1,1,2,8,0,1,0
416351,798,0.0,3.0,0.0,5,2,2,1,4,0,1,0
416825,962,0.0,2.0,0.0,25,16,7,3,24,0,1,0
417140,1049,0.0,2.0,1.0,5,1,1,1,4,0,1,0
417210,4585,0.0,4.0,0.0,3,1,1,1,2,0,1,0
417488,3968,1.0,5.0,1.0,3,1,1,2,2,0,1,0
417790,3956,0.0,4.0,0.0,6,4,1,1,5,0,1,0
417949,1749,0.0,6.0,2.0,23,11,7,4,19,0,3,1
418346,2277,0.0,2.0,1.0,2,1,1,1,1,0,1,0
41887,4955,0.0,3.0,1.0,2,1,1,1,1,0,1,0
418875,3433,0.0,3.0,0.0,6,1,1,2,5,0,1,0
41913,2684,0.0,6.0,1.0,5,3,3,1,4,0,1,0
419691,2031,0.0,2.0,0.0,2,1,1,1,1,0,1,0
420043,4198,0.0,7.0,0.0,17,6,1,3,14,0,2,1
420094,1892,0.0,3.0,0.0,122,53,10,7,109,0,5,8
42023,3051,0.0,4.0,1.0,2,1,1,1,1,0,1,0
420588,4249,0.0,2.0,0.0,6,5,1,2,0,0,1,5
421150,3472,0.0,3.0,0.0,4,1,1,2,3,0,1,0
421616,2224,0.0,3.0,0.0,5,1,1,1,4,0,1,0
421677,1922,0.0,3.0,0.0,3,2,1,2,2,0,1,0
422130,4771,0.0,3.0,0.0,7,1,1,2,5,0,1,1
422452,3205,0.0,0.0,0.0,7,5,2,1,6,0,1,0
422771,3734,1.0,4.0,1.0,1,1,1,1,0,0,1,0
422977,4183,0.0,3.0,1.0,8,3,1,3,7,0,1,0
423289,4585,0.0,5.0,1.0,11,4,2,1,9,0,2,0
423309,1944,0.0,6.0,0.0,7,4,1,1,5,0,2,0
423659,1724,0.0,3.0,0.0,9,4,1,2,7,0,1,1
423790,1472,0.0,0.0,0.0,13,7,1,2,12,0,1,0
42381,2669,0.0,3.0,0.0,28,5,2,4,23,0,1,4
424148,963,0.0,2.0,1.0,10,6,2,5,7,0,1,2
42670,3990,0.0,5.0,0.0,2,1,1,1,1,0,1,0
42673,3828,0.0,2.0,1.0,65,28,13,11,55,0,2,8
43305,4044,0.0,3.0,0.0,57,35,8,5,55,0,2,0
43599,492,0.0,0.0,0.0,5,3,1,1,4,0,1,0
44140,2072,0.0,3.0,0.0,9,5,2,1,8,0,1,0
4486,4659,0.0,3.0,0.0,7,5,3,3,6,0,1,0
44998,4305,0.0,0.0,1.0,4,1,1,1,3,0,1,0
45106,1642,0.0,3.0,0.0,4,1,1,2,3,0,1,0
45215,4648,0.0,8.0,null,2,1,1,1,1,0,1,0
45573,1892,0.0,5.0,0.0,14,3,2,1,13,0,1,0
45948,532,0.0,4.0,1.0,4,1,1,1,3,0,1,0
46564,798,0.0,2.0,0.0,7,3,2,2,5,1,1,0
46744,4083,0.0,0.0,1.0,12,7,3,1,11,0,1,0
47187,2394,0.0,4.0,1.0,4,2,1,1,3,0,1,0
47363,684,0.0,6.0,0.0,13,7,2,2,12,0,1,0
47690,2954,0.0,3.0,1.0,9,6,5,1,8,0,1,0
47985,2003,0.0,3.0,1.0,2,1,1,1,1,0,1,0
47994,241,0.0,2.0,1.0,2,1,1,1,1,0,1,0
48656,4173,0.0,3.0,0.0,461,178,15,12,432,0,3,26
48727,1489,0.0,6.0,0.0,4,2,1,1,3,0,1,0
48896,3578,1.0,4.0,1.0,6,3,2,1,5,0,1,0
49030,310,0.0,3.0,1.0,4,1,1,1,3,0,1,0
49282,2954,0.0,3.0,2.0,6,2,1,2,5,0,1,0
50221,547,0.0,4.0,0.0,7,1,1,3,5,0,1,1
50479,4322,0.0,null,null,1,1,1,1,0,0,1,0
50639,598,0.0,3.0,1.0,2,1,1,1,1,0,1,0
50684,1346,0.0,3.0,0.0,57,16,1,3,54,0,2,1
50685,219,0.0,0.0,0.0,5,1,1,2,4,0,1,0
50785,4648,0.0,3.0,0.0,16,5,3,2,15,0,1,0
51256,3433,0.0,0.0,1.0,10,2,2,3,9,0,1,0
5127,2217,0.0,0.0,0.0,2,1,1,1,0,0,2,0
51374,2768,0.0,0.0,0.0,18,8,3,3,16,0,2,0
51676,2073,0.0,4.0,0.0,8,4,3,1,7,0,1,0
51752,2565,0.0,4.0,2.0,4,1,1,2,3,0,1,0
5188,3460,0.0,3.0,0.0,10,5,3,1,8,0,2,0
51938,4954,0.0,3.0,0.0,11,2,1,1,9,0,1,1
52591,4234,0.0,3.0,0.0,5,3,1,1,4,0,1,0
53192,1008,0.0,3.0,1.0,6,2,1,1,5,0,1,0
53249,2341,0.0,5.0,0.0,7,3,3,1,5,0,2,0
53424,1427,0.0,4.0,0.0,2,1,1,1,1,0,1,0
53656,3103,0.0,3.0,0.0,12,3,2,1,10,0,2,0
54091,3881,0.0,3.0,1.0,5,1,1,1,4,0,1,0
54149,2945,0.0,4.0,0.0,8,2,1,3,7,0,1,0
54229,4976,0.0,4.0,1.0,5,1,1,1,4,0,1,0
54645,3123,1.0,3.0,0.0,5,2,1,1,4,0,1,0
54738,1892,0.0,4.0,2.0,20,7,3,3,17,0,3,0
54823,474,0.0,0.0,1.0,1,1,1,1,0,0,1,0
5489,1749,1.0,6.0,2.0,15,4,2,1,14,0,1,0
54930,145,0.0,0.0,0.0,4,2,1,1,2,0,2,0
561,1203,0.0,4.0,1.0,1,1,1,1,0,0,1,0
56172,1892,0.0,4.0,1.0,6,3,2,1,5,0,1,0
56390,3822,0.0,6.0,0.0,7,1,1,2,6,0,1,0
56546,794,0.0,6.0,1.0,23,6,1,2,22,0,1,0
57181,2141,0.0,0.0,1.0,2,1,1,1,1,0,1,0
57729,3898,1.0,3.0,0.0,4,1,1,1,3,0,1,0
58014,2954,0.0,4.0,1.0,6,3,2,2,5,0,1,0
58458,4374,0.0,3.0,0.0,14,8,5,2,13,0,1,0
58658,1310,0.0,4.0,0.0,2,1,1,1,1,0,1,0
58752,4650,0.0,4.0,0.0,1,1,1,1,0,0,1,0
59075,586,0.0,0.0,1.0,3,2,1,2,2,0,1,0
59204,4493,0.0,4.0,0.0,42,30,7,2,41,0,1,0
59409,3105,0.0,4.0,1.0,7,5,1,1,6,0,1,0
60378,3826,0.0,3.0,1.0,5,1,1,1,3,0,2,0
60467,2099,0.0,3.0,0.0,6,1,1,1,4,0,1,1
60637,1784,0.0,4.0,0.0,5,2,2,1,2,0,3,0
60665,1594,0.0,4.0,0.0,18,7,1,2,17,0,1,0
60722,742,0.0,2.0,0.0,8,1,1,1,7,0,1,0
61197,1356,0.0,0.0,0.0,4,3,1,1,3,0,1,0
61323,3586,0.0,0.0,0.0,28,19,6,4,14,0,4,10
61451,4050,0.0,3.0,1.0,2,1,1,1,1,0,1,0
61476,254,0.0,3.0,1.0,3,1,1,1,2,0,1,0
61672,794,0.0,3.0,0.0,10,3,1,1,8,0,1,1
62005,4131,0.0,5.0,0.0,8,4,1,2,7,0,1,0
622,3528,0.0,2.0,0.0,21,11,4,2,19,0,2,0
62217,4783,0.0,0.0,0.0,2,1,1,1,1,0,1,0
623,4043,0.0,0.0,0.0,1,1,1,1,0,0,1,0
62367,2220,0.0,3.0,0.0,3,1,1,1,2,0,1,0
6250,2284,0.0,0.0,0.0,6,3,1,2,5,0,1,0
62670,4022,0.0,2.0,1.0,14,7,2,2,12,1,1,0
62784,4183,0.0,3.0,0.0,3,1,1,1,2,0,1,0
6329,1704,0.0,3.0,0.0,4,3,2,1,3,0,1,0
63625,4783,0.0,5.0,0.0,14,1,1,2,13,0,1,0
64194,510,0.0,4.0,0.0,10,2,1,2,8,0,1,1
64257,310,0.0,2.0,1.0,3,2,2,1,1,0,2,0
64271,4048,0.0,0.0,0.0,2,1,1,1,1,0,1,0
64340,3853,0.0,6.0,0.0,12,9,5,3,11,0,1,0
65626,2242,0.0,0.0,0.0,1,1,1,1,0,0,1,0
65639,2619,0.0,0.0,0.0,6,1,1,1,5,0,1,0
65780,2390,0.0,0.0,0.0,2,1,1,1,1,0,1,0
66223,2828,0.0,7.0,0.0,6,2,1,1,5,0,1,0
66473,4173,0.0,3.0,0.0,16,5,3,4,12,0,1,3
66675,246,0.0,5.0,0.0,27,12,2,1,24,0,2,1
66991,1276,0.0,3.0,1.0,11,4,1,2,10,0,1,0
67924,437,0.0,5.0,0.0,78,39,4,12,46,0,1,31
68081,4371,0.0,3.0,1.0,3,2,1,1,2,0,1,0
68135,2108,0.0,2.0,0.0,3,1,1,1,1,0,1,1
68511,3910,0.0,6.0,null,1,1,1,1,0,0,1,0
68632,3984,0.0,4.0,0.0,14,5,3,4,13,0,1,0
68766,2565,0.0,6.0,0.0,1,1,1,1,0,0,1,0
68806,1577,0.0,3.0,0.0,3,1,1,2,2,0,1,0
68847,3085,0.0,2.0,1.0,6,3,2,4,5,0,1,0
68997,1594,0.0,6.0,0.0,22,10,4,2,20,0,2,0
69332,1816,0.0,0.0,1.0,85,32,5,5,76,4,2,3
69495,3152,0.0,4.0,1.0,4,1,1,1,3,0,1,0
69707,4079,0.0,0.0,1.0,6,4,1,1,4,0,2,0
69896,3159,0.0,2.0,0.0,1,1,1,1,0,0,1,0
70075,2935,0.0,4.0,0.0,7,2,1,2,6,0,1,0
70552,951,0.0,2.0,1.0,6,1,1,1,5,0,1,0
70848,4585,1.0,6.0,0.0,2,2,1,1,1,0,1,0
70926,1495,0.0,4.0,0.0,13,4,1,1,12,0,1,0
71598,4129,0.0,2.0,0.0,47,27,3,2,44,0,1,2
71988,2834,1.0,7.0,0.0,40,25,9,1,38,0,2,0
72273,643,0.0,0.0,0.0,2,2,1,1,0,0,2,0
72359,588,0.0,2.0,0.0,3,1,1,2,2,0,1,0
72366,4079,0.0,6.0,1.0,5,1,1,2,4,0,1,0
72661,234,0.0,5.0,0.0,7,4,2,1,5,0,2,0
73402,1565,0.0,0.0,0.0,9,5,2,1,8,0,1,0
7355,4992,0.0,4.0,1.0,5,3,1,1,4,0,1,0
73753,1846,0.0,3.0,0.0,2,1,1,1,0,0,2,0
73773,4438,0.0,6.0,0.0,12,5,1,4,11,0,1,0
73801,317,0.0,2.0,0.0,6,1,1,2,5,0,1,0
73886,1678,0.0,4.0,0.0,5,1,1,1,4,0,1,0
74016,597,0.0,3.0,0.0,19,1,1,1,18,0,1,0
74135,4787,0.0,4.0,0.0,11,3,2,2,7,0,1,3
74499,4234,0.0,4.0,0.0,18,9,3,3,14,0,1,3
74687,2403,0.0,7.0,0.0,87,41,2,7,83,0,4,0
74796,3273,0.0,3.0,0.0,13,3,2,2,10,0,2,1
74858,2954,0.0,4.0,0.0,16,9,4,5,14,0,2,0
75122,4143,1.0,6.0,0.0,17,12,6,1,15,0,2,0
7528,326,0.0,6.0,1.0,5,1,1,1,4,0,1,0
75595,3657,1.0,4.0,1.0,1,1,1,1,0,0,1,0
75608,3828,0.0,5.0,0.0,2,1,1,1,1,0,1,0
76197,3163,0.0,3.0,1.0,1,1,1,1,0,0,1,0
76233,2915,0.0,2.0,0.0,2,1,1,2,1,0,1,0
76713,770,0.0,3.0,0.0,2,1,1,1,1,0,1,0
77686,4270,0.0,4.0,0.0,3,1,1,1,2,0,1,0
77707,3159,0.0,3.0,0.0,2,1,1,2,1,0,1,0
77907,4265,0.0,5.0,0.0,14,10,5,2,13,0,1,0
78315,1611,0.0,3.0,1.0,16,4,1,3,15,0,1,0
78358,1015,0.0,0.0,0.0,4,2,2,2,3,0,1,0
78469,2727,0.0,2.0,1.0,2,1,1,1,1,0,1,0
78711,868,0.0,6.0,0.0,5,1,1,2,4,0,1,0
78823,3205,0.0,7.0,0.0,9,2,1,1,8,0,1,0
80003,4744,0.0,2.0,1.0,3,1,1,1,2,0,1,0
80362,102,0.0,4.0,0.0,34,2,1,3,33,0,1,0
80425,1830,0.0,3.0,1.0,2,1,1,1,1,0,1,0
80940,3148,0.0,0.0,0.0,42,12,2,2,40,0,1,1
81058,2556,0.0,2.0,0.0,2,1,1,1,1,0,1,0
81155,1659,0.0,3.0,0.0,5,2,1,1,3,0,1,1
81181,3350,0.0,4.0,0.0,14,5,2,6,13,0,1,0
81367,1356,0.0,4.0,0.0,10,1,1,5,9,0,1,0
8161,1056,0.0,3.0,1.0,2,1,1,1,1,0,1,0
8195,4048,0.0,2.0,0.0,10,3,1,1,8,0,1,1
81993,2148,0.0,3.0,0.0,6,4,2,1,5,0,1,0
82018,685,0.0,0.0,1.0,9,3,2,1,7,0,2,0
82201,1999,0.0,3.0,2.0,5,2,1,3,3,0,1,1
82776,1916,0.0,2.0,0.0,24,8,2,3,19,0,4,1
83066,141,0.0,3.0,1.0,37,24,7,2,34,0,3,0
83091,1016,0.0,5.0,1.0,3,1,1,1,2,0,1,0
84030,1250,0.0,0.0,0.0,4,2,2,2,2,0,2,0
84182,1499,0.0,4.0,2.0,8,4,2,3,5,0,2,1
84250,1102,0.0,3.0,0.0,8,6,6,2,7,0,1,0
84528,255,0.0,4.0,0.0,3,1,1,1,2,0,1,0
84617,3828,0.0,4.0,0.0,19,8,4,2,11,0,1,7
84719,845,0.0,5.0,0.0,18,1,1,2,17,0,1,0
8474,1884,0.0,2.0,1.0,2,1,1,1,1,0,1,0
8478,403,0.0,4.0,1.0,8,2,1,3,3,0,3,2
84944,3236,0.0,4.0,0.0,3,1,1,1,2,0,1,0
85003,1131,0.0,3.0,0.0,55,15,6,6,49,0,1,5
85271,3614,0.0,0.0,0.0,7,3,3,1,6,0,1,0
85780,3734,1.0,0.0,1.0,76,21,7,9,66,0,2,8
85807,4442,0.0,6.0,1.0,1,1,1,1,0,0,1,0
86651,1408,0.0,2.0,1.0,4,1,2,2,2,1,1,0
86852,2124,0.0,4.0,1.0,12,8,2,1,11,0,1,0
87106,3545,0.0,3.0,0.0,3,1,1,1,2,0,1,0
8744,414,0.0,0.0,0.0,12,3,2,1,11,0,1,0
87577,742,0.0,3.0,0.0,1,1,1,1,0,0,1,0
87864,424,0.0,0.0,0.0,1,1,1,1,0,0,1,0
88272,1944,0.0,5.0,1.0,1,1,1,1,0,0,1,0
88393,1704,0.0,3.0,1.0,5,2,2,2,3,0,2,0
88565,606,0.0,3.0,0.0,108,75,15,8,100,0,1,7
88680,1861,0.0,4.0,0.0,2,1,1,1,1,0,1,0
89307,4444,0.0,6.0,1.0,13,10,3,1,11,0,2,0
8954,3484,0.0,3.0,1.0,5,2,1,2,2,0,1,2
89590,1203,0.0,5.0,1.0,7,5,4,4,6,0,1,0
90434,2669,0.0,2.0,0.0,13,5,3,1,12,0,1,0
90526,1724,0.0,0.0,0.0,5,1,1,3,4,0,1,0
90556,2221,0.0,3.0,1.0,3,2,1,1,2,0,1,0
91117,798,0.0,3.0,1.0,7,4,3,1,5,0,2,0
912,3462,0.0,0.0,0.0,1,1,1,1,0,0,1,0
91399,963,0.0,4.0,0.0,1,1,1,1,0,0,1,0
91455,3734,0.0,3.0,1.0,30,5,1,2,29,0,1,0
91464,1724,0.0,3.0,1.0,10,4,2,2,8,0,1,1
92117,416,0.0,3.0,0.0,36,24,3,5,33,0,1,2
92177,415,0.0,3.0,0.0,2,1,1,1,1,0,1,0
92334,3828,0.0,3.0,0.0,1,1,1,1,0,0,1,0
93755,3578,0.0,4.0,0.0,3,1,1,1,2,0,1,0
93923,2668,0.0,7.0,0.0,4,1,1,1,2,0,2,0
94819,4042,0.0,3.0,0.0,10,4,3,1,8,0,2,0
94898,141,0.0,4.0,1.0,8,4,2,3,5,0,1,2
95129,2821,0.0,7.0,1.0,5,1,1,2,4,0,1,0
95766,3665,0.0,3.0,1.0,6,1,1,2,5,0,1,0
95791,2229,0.0,0.0,0.0,3,1,1,1,2,0,1,0
95844,798,0.0,2.0,0.0,2,1,1,1,0,0,1,1
96544,3693,0.0,4.0,1.0,7,2,1,1,6,0,1,0
96644,4048,0.0,0.0,1.0,2,1,1,1,1,0,1,0
96788,3418,0.0,3.0,1.0,2,1,1,1,1,0,1,0
96895,4282,0.0,7.0,0.0,23,11,2,1,22,0,1,0
96996,152,0.0,0.0,0.0,7,1,1,1,6,0,1,0
97236,2482,0.0,3.0,1.0,6,1,1,3,5,0,1,0
97424,437,0.0,6.0,0.0,44,16,1,2,43,0,1,0
97768,4760,0.0,3.0,0.0,8,3,3,1,7,0,1,0
98151,3971,0.0,4.0,0.0,6,2,2,2,4,0,2,0
98230,3363,0.0,4.0,0.0,4,1,1,1,3,0,1,0
98438,2981,0.0,2.0,0.0,1,1,1,1,0,0,1,0
98561,3383,0.0,3.0,0.0,6,2,2,1,4,0,2,0
98569,3230,0.0,4.0,1.0,3,1,1,1,2,0,1,0
98931,4044,0.0,3.0,1.0,10,8,3,3,9,0,1,0
98944,4043,0.0,6.0,0.0,11,2,2,3,9,0,1,1
