100376,1833,0.0,4.0,0.0,11,3,1,2,10,0,1,0
100573,4140,0.0,3.0,0.0,52,24,1,2,51,0,1,0
10071,2070,0.0,0.0,0.0,7,1,1,3,6,0,1,0
101182,1102,0.0,7.0,0.0,117,6,3,1,115,0,2,0
101210,2565,0.0,4.0,0.0,7,1,1,3,6,0,1,0
101809,3906,0.0,6.0,0.0,3,1,1,1,2,0,1,0
102520,1501,0.0,4.0,2.0,40,14,5,3,37,0,2,1
102751,1944,0.0,0.0,0.0,4,3,2,2,0,0,1,3
103392,3376,0.0,3.0,0.0,3,3,1,3,0,0,1,2
103555,2217,0.0,0.0,0.0,17,3,1,3,15,1,1,0
103738,1203,0.0,4.0,1.0,6,1,1,1,5,0,1,0
104463,2569,0.0,4.0,2.0,3,1,1,1,2,0,1,0
104522,2511,1.0,6.0,1.0,11,4,2,3,8,0,1,2
105662,4427,0.0,0.0,0.0,1,1,1,1,0,0,1,0
106224,4242,0.0,4.0,0.0,4,2,2,1,3,0,1,0
106778,4112,0.0,0.0,0.0,2,1,1,1,1,0,1,0
107024,190,0.0,6.0,1.0,16,5,1,3,13,0,2,1
10752,1204,0.0,2.0,0.0,9,3,2,2,8,0,1,0
107541,1760,0.0,3.0,0.0,43,19,2,3,39,0,4,0
107605,547,0.0,3.0,1.0,3,1,1,1,2,0,1,0
108187,630,0.0,3.0,0.0,161,44,13,2,142,0,9,10
108203,4368,0.0,0.0,null,17,6,2,2,16,0,1,0
108638,460,0.0,3.0,0.0,3,1,1,2,2,0,1,0
108763,3168,0.0,2.0,1.0,10,3,1,1,9,0,1,0
109109,3762,0.0,0.0,0.0,3,1,1,1,2,0,1,0
109152,4605,0.0,2.0,0.0,12,4,2,1,11,0,1,0
109514,4044,0.0,0.0,null,5,3,3,1,4,0,1,0
109907,4940,0.0,4.0,0.0,24,15,1,5,23,0,1,0
110041,1370,0.0,0.0,1.0,2,1,1,1,1,0,1,0
110136,3993,0.0,2.0,1.0,7,1,1,2,6,0,1,0
110136,4818,0.0,2.0,1.0,16,3,2,3,13,0,1,2
110198,1911,0.0,0.0,0.0,14,7,1,2,12,0,2,0
111770,742,0.0,0.0,0.0,1,1,1,1,0,0,1,0
11197,4618,0.0,5.0,0.0,10,3,1,3,9,0,1,0
112571,598,0.0,2.0,0.0,6,1,1,1,4,0,1,1
112622,3319,0.0,3.0,2.0,2,1,1,1,1,0,1,0
112734,2721,0.0,5.0,0.0,11,5,1,2,10,0,1,0
113823,1861,0.0,2.0,0.0,12,5,1,1,11,0,1,0
115580,4966,0.0,4.0,0.0,5,1,1,1,4,0,1,0
115816,4282,0.0,2.0,0.0,3,1,1,1,2,0,1,0
115876,2341,0.0,0.0,0.0,1,1,1,1,0,0,1,0
116030,4648,0.0,3.0,0.0,2,1,1,1,1,0,1,0
11604,4818,0.0,0.0,1.0,8,5,2,3,4,0,1,3
116235,4173,0.0,0.0,0.0,12,8,5,2,11,0,1,0
116255,2928,0.0,4.0,0.0,8,2,1,3,6,0,1,1
116277,4607,0.0,6.0,1.0,7,4,1,1,6,0,1,0
117026,323,0.0,3.0,0.0,2,1,1,1,1,0,1,0
117473,2971,0.0,0.0,1.0,6,1,1,1,5,0,1,0
117614,2099,0.0,0.0,0.0,2,1,1,1,1,0,1,0
117870,1470,0.0,5.0,0.0,4,1,1,1,3,0,1,0
118001,4618,0.0,0.0,1.0,3,1,1,1,2,0,1,0
11826,1310,0.0,3.0,1.0,5,3,3,1,3,0,2,0
11925,1454,0.0,3.0,1.0,11,1,1,3,10,0,1,0
119467,2511,0.0,0.0,1.0,1,1,1,1,0,0,1,0
119641,4648,0.0,4.0,1.0,5,1,1,1,4,0,1,0
120054,2821,0.0,2.0,0.0,8,1,1,1,7,0,1,0
120129,4049,0.0,5.0,0.0,2,1,1,1,1,0,1,0
120349,2721,0.0,6.0,0.0,16,3,1,1,14,0,1,1
120495,3462,0.0,2.0,0.0,2,1,1,1,1,0,1,0
120792,2008,0.0,3.0,0.0,3,2,1,1,2,0,1,0
120910,4775,0.0,0.0,1.0,4,2,1,2,3,0,1,0
121685,2320,0.0,3.0,0.0,3,1,1,1,2,0,1,0
122397,3284,0.0,2.0,1.0,3,1,1,1,2,0,1,0
122556,1884,0.0,0.0,null,2,1,1,1,1,0,1,0
123083,3968,0.0,3.0,0.0,16,5,4,2,13,0,3,0
123188,3335,1.0,5.0,1.0,5,2,1,2,4,0,1,0
124511,1679,0.0,4.0,1.0,8,5,3,1,7,0,1,0
124656,4829,0.0,4.0,1.0,11,1,1,2,10,0,1,0
124873,897,0.0,3.0,0.0,20,17,12,1,18,0,2,0
124949,3588,0.0,0.0,0.0,3,1,1,1,1,0,2,0
125543,2537,0.0,4.0,0.0,13,2,1,1,12,0,1,0
125727,4864,0.0,5.0,0.0,1,1,1,1,0,0,1,0
125809,2721,0.0,2.0,0.0,47,14,2,10,46,0,1,0
125939,3460,0.0,4.0,1.0,3,1,1,1,1,0,2,0
126292,2403,1.0,6.0,0.0,59,33,4,4,52,0,5,2
126329,1999,0.0,5.0,0.0,3,2,1,2,2,0,1,0
126335,25,0.0,0.0,0.0,9,1,1,1,8,0,1,0
126412,1678,0.0,0.0,1.0,2,1,1,1,1,0,1,0
126827,547,0.0,0.0,1.0,9,4,2,4,8,0,1,0
128023,2220,0.0,4.0,1.0,4,1,1,1,3,0,1,0
128275,219,0.0,3.0,0.0,5,1,1,1,3,0,2,0
128295,4554,0.0,5.0,0.0,9,4,3,2,7,0,2,0
128781,1102,0.0,3.0,0.0,22,3,2,2,21,0,1,0
128829,152,0.0,4.0,0.0,9,4,2,2,7,0,1,1
129166,4847,0.0,0.0,0.0,44,34,12,3,41,0,3,0
129224,1761,0.0,0.0,0.0,5,2,2,2,4,0,1,0
129232,2091,0.0,0.0,0.0,17,8,3,2,15,0,1,1
129312,3200,0.0,4.0,1.0,2,1,1,1,1,0,1,0
129465,4048,0.0,0.0,0.0,9,2,1,3,7,0,1,1
129486,3075,0.0,3.0,1.0,2,1,1,1,1,0,1,0
130032,2108,0.0,3.0,0.0,3,1,1,1,2,0,1,0
130209,1850,0.0,4.0,1.0,43,10,5,3,38,0,4,1
130768,845,0.0,4.0,1.0,5,1,1,1,4,0,1,0
130813,738,0.0,2.0,0.0,25,13,7,1,23,0,2,0
130977,4848,0.0,4.0,0.0,6,1,1,1,5,0,1,0
131730,3444,0.0,3.0,1.0,205,2,1,1,204,0,1,0
131976,2141,0.0,6.0,0.0,9,3,2,2,7,0,2,0
132369,1467,0.0,3.0,0.0,73,12,1,10,68,0,1,4
132682,643,0.0,3.0,0.0,7,7,4,2,6,0,1,0
132769,951,0.0,0.0,0.0,5,1,1,2,3,0,1,1
133139,2099,0.0,3.0,0.0,7,4,2,1,6,0,1,0
133713,4847,0.0,3.0,0.0,28,3,2,6,27,0,1,0
133884,4044,0.0,3.0,0.0,5,3,1,1,4,0,1,0
134428,145,0.0,4.0,2.0,5,2,1,1,4,0,1,0
134437,1447,0.0,4.0,0.0,5,3,1,1,4,0,1,0
13558,2608,0.0,3.0,null,10,2,1,5,8,1,1,0
135829,361,0.0,6.0,1.0,28,10,2,1,27,0,1,0
135990,4818,0.0,4.0,1.0,10,5,4,2,9,0,1,0
13620,4760,0.0,0.0,0.0,1,1,1,1,0,0,1,0
136559,2242,0.0,4.0,1.0,19,8,3,4,7,0,2,10
136708,4043,0.0,3.0,1.0,3,2,1,2,2,0,1,0
136886,738,0.0,2.0,0.0,5,2,1,2,4,0,1,0
136895,1346,0.0,3.0,0.0,3,1,1,1,2,0,1,0
13733,3891,0.0,4.0,0.0,4,1,1,1,3,0,1,0
137661,1749,0.0,0.0,1.0,3,1,1,1,2,0,1,0
137965,4044,0.0,0.0,0.0,43,10,2,6,39,0,1,3
138179,14,0.0,0.0,0.0,4,1,1,2,3,0,1,0
138365,1495,0.0,0.0,0.0,17,1,1,4,16,0,1,0
138751,4079,0.0,6.0,0.0,9,5,1,1,6,0,3,0
138760,1556,0.0,2.0,1.0,1,1,1,1,0,0,1,0
13883,4325,0.0,0.0,0.0,7,4,1,1,6,0,1,0
139005,960,0.0,0.0,0.0,44,13,2,1,40,0,3,1
139144,373,0.0,3.0,0.0,11,5,2,2,8,0,3,0
139237,653,0.0,3.0,1.0,1,1,1,1,0,0,1,0
139551,4841,0.0,2.0,0.0,5,3,1,1,4,0,1,0
139615,1673,0.0,3.0,0.0,5,1,1,2,4,0,1,0
139634,1679,0.0,0.0,0.0,39,24,4,3,38,0,1,0
139725,3484,0.0,4.0,0.0,10,6,1,1,9,0,1,0
140027,1602,0.0,5.0,0.0,3,1,1,1,2,0,1,0
140037,2435,0.0,3.0,0.0,1,1,1,1,0,0,1,0
140304,2821,0.0,0.0,0.0,14,1,1,3,12,1,1,0
14053,1875,0.0,5.0,0.0,32,22,5,5,31,0,1,0
140630,1738,0.0,4.0,0.0,5,2,1,1,4,0,1,0
140998,4908,0.0,2.0,0.0,44,9,1,1,39,0,4,1
141409,4173,0.0,3.0,0.0,3,1,1,1,2,0,1,0
141491,416,0.0,3.0,0.0,30,18,5,1,24,0,3,3
141668,2511,0.0,2.0,0.0,6,1,1,4,4,0,1,1
142175,2278,0.0,2.0,0.0,16,6,3,3,14,0,2,0
142257,1102,0.0,6.0,0.0,7,1,1,3,6,0,1,0
142274,4043,0.0,7.0,0.0,2,1,1,2,0,0,1,1
142833,4540,0.0,5.0,1.0,2,1,1,1,1,0,1,0
143058,747,0.0,5.0,0.0,18,4,1,5,17,0,1,0
144089,2471,0.0,0.0,0.0,6,1,1,2,5,0,1,0
144214,297,0.0,2.0,1.0,12,1,1,2,10,0,1,1
144633,1742,0.0,4.0,1.0,29,5,1,3,22,0,2,5
144861,2403,0.0,7.0,0.0,2,1,1,1,0,0,2,0
145312,2081,0.0,6.0,1.0,2,1,1,1,1,0,1,0
145677,4917,0.0,7.0,0.0,3,2,1,1,2,0,1,0
145787,4170,0.0,0.0,0.0,8,3,1,1,7,0,1,0
145912,4724,0.0,2.0,1.0,4,1,1,2,3,0,1,0
145969,1923,0.0,4.0,2.0,2,1,1,1,1,0,1,0
14618,2994,0.0,2.0,0.0,3,1,1,1,2,0,1,0
146848,3288,0.0,2.0,0.0,1,1,1,1,0,0,1,0
147024,742,0.0,3.0,0.0,6,2,2,1,5,0,1,0
14782,4950,0.0,5.0,2.0,1,1,1,1,0,0,1,0
148344,4512,0.0,5.0,0.0,1,1,1,1,0,0,1,0
148776,2746,0.0,4.0,1.0,5,2,1,1,4,0,1,0
1490,4976,0.0,6.0,0.0,4,1,1,1,3,0,1,0
149069,241,0.0,3.0,1.0,4,1,1,3,2,0,1,1
149106,4762,0.0,0.0,0.0,2,2,1,2,1,0,1,0
149432,2313,0.0,3.0,0.0,6,3,2,2,4,0,1,1
149528,4048,0.0,0.0,0.0,3,1,1,1,2,0,1,0
149806,1833,0.0,3.0,0.0,1,1,1,1,0,0,1,0
149924,4325,0.0,4.0,0.0,8,2,2,1,6,0,2,0
150206,239,0.0,0.0,0.0,8,3,2,3,7,0,1,0
150761,1485,0.0,5.0,0.0,8,5,1,3,7,0,1,0
150807,2066,0.0,4.0,0.0,34,9,2,5,32,0,1,1
150883,742,0.0,6.0,0.0,8,3,2,1,7,0,1,0
151054,2482,0.0,2.0,0.0,1,1,1,1,0,0,1,0
151327,3892,0.0,4.0,0.0,6,1,1,2,4,0,1,1
151374,4308,0.0,3.0,0.0,1,1,1,1,0,0,1,0
151890,630,0.0,3.0,0.0,4,2,2,1,3,0,1,0
151900,4427,0.0,4.0,0.0,3,1,1,1,2,0,1,0
15246,4607,0.0,4.0,2.0,7,5,3,1,5,0,2,0
152612,4357,1.0,4.0,1.0,13,3,2,2,10,0,3,0
152757,2459,0.0,3.0,1.0,3,2,1,2,2,0,1,0
152775,1892,0.0,6.0,1.0,1,1,1,1,0,0,1,0
152953,747,0.0,6.0,0.0,13,8,1,1,11,0,2,0
153750,1487,0.0,6.0,0.0,4,2,1,2,3,0,1,0
153943,2954,0.0,4.0,0.0,3,1,1,1,2,0,1,0
153994,4718,0.0,4.0,0.0,3,2,1,1,2,0,1,0
154313,4659,0.0,2.0,0.0,24,11,3,2,18,0,6,0
154863,547,0.0,4.0,1.0,21,7,2,2,16,0,3,2
155007,3284,0.0,3.0,1.0,5,1,1,1,4,0,1,0
155099,460,0.0,3.0,0.0,4,2,2,1,3,0,1,0
155564,3910,0.0,0.0,0.0,11,3,2,1,10,0,1,0
155635,215,0.0,3.0,1.0,4,2,1,2,3,0,1,0
156051,2730,0.0,6.0,1.0,5,1,1,1,4,0,1,0
15641,308,0.0,5.0,1.0,7,2,1,1,6,0,1,0
156543,4693,0.0,6.0,0.0,16,13,3,3,14,0,1,1
156863,4368,0.0,0.0,1.0,2,1,1,1,1,0,1,0
157091,1816,0.0,0.0,1.0,3,1,1,1,2,0,1,0
157689,3683,0.0,5.0,1.0,26,7,1,2,21,0,4,1
157732,3828,0.0,2.0,1.0,3,2,2,2,1,0,1,1
15790,1760,0.0,3.0,0.0,18,12,1,3,16,0,2,0
158658,4976,0.0,0.0,1.0,34,17,6,5,32,0,2,0
159049,1900,0.0,3.0,0.0,2,1,1,1,1,0,1,0
159285,2664,0.0,3.0,0.0,8,4,1,1,6,0,2,0
159482,2047,0.0,2.0,0.0,62,17,5,11,60,0,2,0
159488,2608,0.0,0.0,1.0,7,2,1,1,6,0,1,0
160138,4282,0.0,3.0,1.0,6,3,2,2,5,0,1,0
160530,293,0.0,2.0,0.0,12,1,1,3,11,0,1,0
161283,1679,0.0,2.0,0.0,43,18,4,5,39,0,2,2
161315,2255,0.0,3.0,1.0,2,1,1,1,1,0,1,0
161391,2872,0.0,4.0,0.0,2,2,2,1,0,0,2,0
161611,606,0.0,2.0,0.0,25,8,2,2,24,0,1,0
161776,2821,0.0,6.0,1.0,4,1,1,1,3,0,1,0
162159,10,0.0,3.0,1.0,2,2,1,1,0,0,2,0
162418,3828,0.0,null,null,25,15,8,8,23,1,1,0
162643,804,0.0,5.0,0.0,6,1,1,1,5,0,1,0
163133,4282,0.0,2.0,0.0,25,10,5,3,19,0,1,5
163354,4864,0.0,4.0,0.0,12,4,2,3,10,0,1,1
163472,3500,0.0,0.0,0.0,16,3,2,1,15,0,1,0
163898,2537,1.0,0.0,0.0,3,1,1,1,2,0,1,0
164355,2158,0.0,4.0,2.0,3,1,1,1,2,0,1,0
164546,3136,0.0,4.0,0.0,4,1,1,2,3,0,1,0
164636,1308,0.0,2.0,1.0,8,1,1,3,5,0,1,2
164691,3941,0.0,4.0,2.0,9,4,3,4,8,0,1,0
164875,661,0.0,4.0,0.0,10,4,1,3,8,0,2,0
164996,2790,0.0,6.0,0.0,3,1,1,1,2,0,1,0
165049,2938,1.0,5.0,1.0,38,13,6,6,33,0,2,3
165055,323,0.0,4.0,0.0,7,2,1,2,6,0,1,0
16516,4879,0.0,5.0,0.0,3,1,1,1,2,0,1,0
165242,3955,0.0,2.0,0.0,6,4,1,1,5,0,1,0
165535,1399,0.0,3.0,0.0,136,4,1,2,134,0,2,0
165688,1346,0.0,3.0,1.0,7,3,1,3,6,0,1,0
166194,2031,0.0,0.0,0.0,1,1,1,1,0,0,1,0
166641,2277,0.0,2.0,1.0,1,1,1,1,0,0,1,0
167309,3536,0.0,2.0,1.0,3,1,1,1,2,0,1,0
167412,962,0.0,6.0,0.0,2,2,2,2,1,0,1,0
167670,4687,0.0,3.0,1.0,2,1,1,1,1,0,1,0
167727,3621,0.0,5.0,1.0,2,1,1,1,1,0,1,0
167925,1133,0.0,0.0,0.0,10,1,1,2,9,0,1,0
168391,4976,1.0,3.0,0.0,12,8,3,2,11,0,1,0
168697,9,0.0,3.0,1.0,9,2,1,1,8,0,1,0
168744,1203,0.0,5.0,1.0,16,3,1,1,15,0,1,0
168829,1393,0.0,4.0,0.0,45,21,6,7,42,0,2,1
169270,1509,0.0,3.0,1.0,12,7,2,2,11,0,1,0
169342,1200,0.0,3.0,0.0,4,1,1,2,2,0,1,1
169517,2031,0.0,6.0,1.0,3,1,1,1,2,0,1,0
169558,2108,0.0,0.0,1.0,8,1,1,3,6,1,1,0
169709,3828,0.0,5.0,0.0,37,10,5,2,29,0,2,6
170125,4048,0.0,3.0,1.0,3,1,1,1,2,0,1,0
17049,361,0.0,3.0,1.0,5,1,1,1,3,0,1,1
170499,2051,0.0,3.0,0.0,4,2,1,1,3,0,1,0
170612,682,0.0,4.0,0.0,3,2,2,2,2,0,1,0
170808,1393,0.0,4.0,1.0,24,10,4,2,22,0,1,1
170955,951,0.0,3.0,0.0,1,1,1,1,0,0,1,0
17114,2128,0.0,2.0,0.0,4,1,1,3,3,0,1,0
171226,2031,0.0,2.0,1.0,8,3,1,1,7,0,1,0
171420,2397,0.0,3.0,0.0,15,5,2,2,13,0,2,0
172011,4785,0.0,5.0,0.0,9,3,2,2,7,0,2,0
172171,114,0.0,3.0,0.0,3,2,2,1,2,0,1,0
172662,1454,0.0,3.0,0.0,9,3,1,1,7,0,2,0
172707,1393,0.0,0.0,0.0,33,16,11,4,29,0,4,0
173374,4385,0.0,2.0,1.0,7,2,1,1,6,0,1,0
173407,3609,0.0,4.0,null,4,1,1,1,3,0,1,0
173440,1056,0.0,4.0,0.0,7,7,5,2,6,0,1,0
173499,661,0.0,6.0,0.0,6,1,1,3,3,0,3,0
173577,3195,0.0,3.0,0.0,1,1,1,1,0,0,1,0
174863,1056,0.0,0.0,0.0,12,9,4,3,11,0,1,0
174987,3022,0.0,2.0,1.0,3,1,1,1,2,0,1,0
175468,2709,0.0,5.0,1.0,16,8,3,1,14,0,2,0
175666,3839,0.0,3.0,0.0,59,10,4,4,56,0,3,0
175978,4666,0.0,3.0,1.0,2,1,1,1,1,0,1,0
176186,3080,0.0,2.0,1.0,9,3,3,1,7,0,1,1
176468,2720,0.0,5.0,1.0,5,2,1,1,3,0,2,0
176553,2273,0.0,4.0,1.0,1,1,1,1,0,0,1,0
177392,2445,0.0,6.0,1.0,6,1,1,1,5,0,1,0
177828,685,0.0,0.0,0.0,3,1,1,1,2,0,1,0
178244,2108,0.0,3.0,0.0,1,1,1,1,0,0,1,0
178597,255,0.0,4.0,0.0,2,1,1,1,1,0,1,0
179193,3376,1.0,4.0,1.0,35,2,1,4,34,0,1,0
179554,2936,0.0,0.0,1.0,5,2,1,1,4,0,1,0
179563,1039,0.0,2.0,1.0,6,1,1,1,5,0,1,0
179683,3163,0.0,2.0,0.0,3,1,1,1,1,0,2,0
1801,608,0.0,4.0,0.0,3,2,2,1,2,0,1,0
180307,2155,0.0,0.0,0.0,3,1,1,1,2,0,1,0
180466,1963,0.0,3.0,0.0,45,22,2,2,44,0,1,0
181160,1916,0.0,6.0,0.0,6,3,1,4,4,0,1,1
181628,2567,0.0,5.0,0.0,8,4,1,1,6,0,2,0
182164,4196,0.0,2.0,0.0,2,1,1,1,1,0,1,0
182252,1501,0.0,3.0,0.0,12,7,2,1,8,0,1,3
182276,4249,0.0,0.0,0.0,8,2,1,1,7,0,1,0
182445,4731,0.0,3.0,1.0,4,4,2,1,0,0,4,0
182448,4742,0.0,6.0,1.0,6,1,1,1,5,0,1,0
182454,1749,0.0,3.0,0.0,4,3,3,2,1,0,3,0
182607,1890,0.0,4.0,0.0,15,5,2,3,14,0,1,0
183049,1679,0.0,4.0,0.0,8,6,3,1,6,0,2,0
183338,3588,0.0,3.0,0.0,6,1,1,1,5,0,1,0
183636,4731,0.0,4.0,0.0,8,4,4,1,6,0,1,1
184779,46,0.0,4.0,1.0,6,2,1,1,5,0,1,0
185431,3006,0.0,6.0,0.0,3,1,1,1,2,0,1,0
185507,1435,0.0,4.0,1.0,1,1,1,1,0,0,1,0
185788,1133,0.0,3.0,0.0,9,4,3,2,8,0,1,0
185804,4771,0.0,4.0,0.0,6,4,3,1,4,0,2,0
186374,1916,0.0,4.0,0.0,6,5,1,3,4,0,2,0
186536,1679,0.0,4.0,2.0,4,2,1,1,2,0,2,0
186542,4044,0.0,3.0,1.0,61,14,4,2,58,0,1,2
186666,1126,0.0,2.0,0.0,16,10,5,3,13,0,1,2
187001,2066,0.0,3.0,1.0,5,2,1,1,4,0,1,0
187058,3835,0.0,0.0,0.0,1,1,1,1,0,0,1,0
187841,1272,0.0,4.0,0.0,2,1,1,2,1,0,1,0
188410,4850,0.0,5.0,0.0,11,7,5,5,10,0,1,0
188582,1760,0.0,4.0,1.0,6,3,1,2,5,0,1,0
188685,4170,0.0,4.0,1.0,2,1,1,1,0,0,2,0
189061,3472,0.0,5.0,2.0,4,3,3,2,3,0,1,0
190159,141,0.0,3.0,0.0,11,5,3,1,10,0,1,0
190377,590,0.0,3.0,1.0,10,3,2,2,8,0,2,0
190543,1501,0.0,0.0,0.0,11,2,2,1,9,0,1,1
190823,1370,1.0,6.0,1.0,10,1,1,1,9,0,1,0
191409,4067,0.0,3.0,0.0,12,8,3,2,10,0,1,1
19147,1393,0.0,6.0,0.0,13,3,2,3,10,0,1,2
19235,2031,0.0,4.0,1.0,21,5,1,4,19,0,1,1
192714,4976,0.0,3.0,0.0,30,11,2,10,22,0,1,7
193301,1610,0.0,0.0,1.0,15,3,1,3,13,0,2,0
194861,4771,0.0,3.0,1.0,1,1,1,1,0,0,1,0
195661,740,0.0,3.0,1.0,9,4,2,1,8,0,1,0
195690,3791,0.0,4.0,2.0,18,8,5,1,15,0,3,0
195920,3990,0.0,7.0,0.0,3,1,1,1,2,0,1,0
196046,3650,0.0,4.0,0.0,1,1,1,1,0,0,1,0
196197,4044,0.0,0.0,0.0,40,31,9,1,39,0,1,0
196205,3152,1.0,3.0,1.0,17,7,2,5,16,0,1,0
196445,1272,0.0,4.0,0.0,26,18,6,5,23,0,2,1
196480,2242,0.0,0.0,0.0,16,4,3,2,9,0,3,4
196498,3609,0.0,0.0,0.0,20,12,1,2,19,0,1,0
196558,4585,0.0,3.0,0.0,6,3,2,1,5,0,1,0
196569,467,0.0,4.0,0.0,6,2,1,2,5,0,1,0
196981,4090,0.0,0.0,1.0,3,1,1,1,2,0,1,0
196986,901,0.0,4.0,1.0,2,1,1,1,1,0,1,0
198078,4966,0.0,0.0,0.0,3,1,1,2,2,0,1,0
19826,1742,0.0,3.0,1.0,15,10,1,3,12,0,1,2
198505,4280,0.0,3.0,0.0,9,3,1,2,8,0,1,0
198620,3727,0.0,4.0,0.0,1,1,1,1,0,0,1,0
198987,4325,0.0,0.0,0.0,11,4,1,1,10,0,1,0
199116,4339,0.0,3.0,1.0,4,1,1,1,3,0,1,0
199197,3609,0.0,0.0,0.0,23,9,1,1,21,0,2,0
199361,3484,0.0,4.0,1.0,18,9,3,4,15,0,2,1
199558,4173,0.0,5.0,2.0,9,3,1,2,7,0,1,1
199586,467,0.0,4.0,0.0,12,7,3,3,8,0,4,0
199612,4352,0.0,3.0,0.0,13,3,1,5,12,0,1,0
199926,4756,0.0,3.0,0.0,10,3,1,3,9,0,1,0
200200,2036,0.0,0.0,1.0,1,1,1,1,0,0,1,0
200928,4163,0.0,3.0,1.0,3,1,1,1,2,0,1,0
201245,4248,0.0,6.0,0.0,3,1,1,1,2,0,1,0
201467,416,0.0,6.0,0.0,47,31,7,3,46,0,1,0
201546,1102,0.0,4.0,0.0,3,3,2,2,0,0,2,1
201745,2594,0.0,4.0,1.0,6,3,2,2,3,0,3,0
202190,3898,0.0,4.0,0.0,8,1,1,2,6,0,1,1
202472,3835,0.0,0.0,0.0,1,1,1,1,0,0,1,0
202719,2709,1.0,5.0,0.0,3,1,1,1,1,0,2,0
202854,1861,0.0,0.0,0.0,2,2,1,1,0,0,2,0
203253,4558,0.0,3.0,0.0,6,1,1,1,4,0,2,0
203325,537,0.0,4.0,0.0,5,2,1,1,3,0,1,1
20340,2108,0.0,0.0,1.0,2,1,1,1,0,0,1,1
203741,1031,0.0,3.0,0.0,5,1,1,2,4,0,1,0
204274,2403,0.0,5.0,0.0,12,10,1,2,11,0,1,0
204429,416,0.0,4.0,0.0,8,3,1,3,7,0,1,0
204442,4026,1.0,0.0,0.0,2,1,1,1,1,0,1,0
204524,3614,0.0,3.0,1.0,5,1,1,1,4,0,1,0
205014,747,0.0,0.0,0.0,4,1,1,1,3,0,1,0
205213,3828,0.0,3.0,1.0,5,1,1,1,4,0,1,0
206369,1049,1.0,3.0,1.0,1,1,1,1,0,0,1,0
206520,396,0.0,0.0,0.0,1,1,1,1,0,0,1,0
20653,1421,0.0,0.0,0.0,9,1,1,2,7,0,1,1
206780,4044,0.0,3.0,0.0,3,2,2,2,2,0,1,0
206848,760,0.0,3.0,0.0,11,6,1,1,10,0,1,0
207168,1393,0.0,3.0,0.0,19,10,6,1,16,0,1,2
207291,2915,0.0,3.0,0.0,4,1,1,2,2,0,1,1
207700,598,1.0,4.0,1.0,71,25,3,10,65,0,1,5
208292,4554,0.0,0.0,0.0,2,1,1,1,1,0,1,0
208370,4043,0.0,5.0,1.0,3,1,1,1,2,0,1,0
208430,1742,0.0,3.0,0.0,5,1,1,2,4,0,1,0
208764,1056,0.0,3.0,0.0,9,1,1,2,7,0,2,0
20953,4775,0.0,6.0,0.0,17,6,1,6,14,0,1,2
210052,4427,0.0,6.0,1.0,16,5,2,2,13,0,3,0
210143,2224,1.0,2.0,0.0,5,1,1,1,3,0,1,1
210271,4618,0.0,6.0,0.0,5,2,1,2,4,0,1,0
210592,1353,0.0,0.0,1.0,4,1,1,1,3,0,1,0
210848,3885,0.0,4.0,1.0,3,2,2,1,2,0,1,0
211003,2545,0.0,4.0,0.0,3,1,1,1,2,0,1,0
211296,3693,0.0,6.0,1.0,4,1,1,2,3,0,1,0
211385,1890,0.0,0.0,0.0,4,4,2,2,3,0,1,0
211589,104,0.0,2.0,0.0,5,1,1,1,4,0,1,0
211632,1884,0.0,4.0,0.0,5,2,1,1,4,0,1,0
211693,1399,0.0,4.0,2.0,5,3,2,3,1,0,2,2
212607,2204,0.0,4.0,0.0,3,1,1,1,2,0,1,0
213247,293,0.0,0.0,0.0,5,1,1,1,4,0,1,0
213341,868,0.0,4.0,0.0,2,1,1,1,1,0,1,0
21342,2255,0.0,2.0,1.0,2,2,1,1,1,0,1,0
213642,3624,0.0,4.0,1.0,20,5,1,4,17,0,1,2
21403,2275,0.0,6.0,0.0,2,1,1,1,1,0,1,0
214336,2565,0.0,0.0,0.0,24,9,1,3,23,0,1,0
214651,3484,0.0,4.0,1.0,2,1,1,1,1,0,1,0
214745,3990,0.0,2.0,0.0,8,2,2,3,5,0,1,2
215081,2068,0.0,6.0,0.0,4,1,1,1,2,0,2,0
21538,3940,0.0,4.0,1.0,5,1,1,1,4,0,1,0
215505,1875,0.0,5.0,0.0,13,8,3,1,12,0,1,0
215567,1527,0.0,0.0,0.0,12,10,1,1,11,0,1,0
215605,3841,0.0,0.0,1.0,3,1,1,1,2,0,1,0
215792,4178,0.0,3.0,0.0,8,3,1,2,7,0,1,0
216552,1340,0.0,3.0,0.0,8,4,3,4,6,0,1,1
216558,2995,0.0,3.0,0.0,21,11,6,3,20,0,1,0
216626,1923,0.0,0.0,0.0,3,1,1,1,2,0,1,0
217273,4086,0.0,0.0,null,4,1,1,1,3,0,1,0
217644,597,0.0,3.0,0.0,24,6,2,4,23,0,1,0
218686,1557,0.0,5.0,0.0,2,1,1,1,1,0,1,0
219403,3159,0.0,3.0,0.0,7,5,3,3,4,0,3,0
219954,3968,0.0,3.0,2.0,2,2,2,1,0,0,2,0
220430,3103,0.0,5.0,1.0,2,1,1,1,1,0,1,0
220782,4791,1.0,0.0,0.0,10,1,1,3,5,0,4,1
220868,3163,0.0,4.0,1.0,3,1,1,1,2,0,1,0
220921,1719,0.0,2.0,1.0,8,1,1,1,4,0,4,0
221181,2891,0.0,4.0,0.0,22,7,1,2,20,0,2,0
221375,215,0.0,6.0,0.0,4,1,1,1,3,0,1,0
222093,4048,0.0,3.0,0.0,2,1,1,1,1,0,1,0
222137,4163,0.0,4.0,0.0,26,8,1,1,22,0,1,3
222224,396,0.0,3.0,0.0,4,1,1,1,3,0,1,0
222387,4049,1.0,3.0,1.0,16,4,3,3,14,0,2,0
222392,1760,0.0,3.0,0.0,4,1,1,2,3,0,1,0
222413,1412,0.0,2.0,0.0,6,1,1,3,5,0,1,0
222539,4034,0.0,4.0,1.0,29,5,1,2,26,0,2,1
222596,4950,0.0,4.0,1.0,13,7,2,4,11,0,1,1
223109,4718,0.0,3.0,0.0,16,8,5,1,14,0,2,0
223681,2745,0.0,4.0,1.0,6,1,1,2,5,0,1,0
223796,4659,0.0,6.0,1.0,1,1,1,1,0,0,1,0
224057,1703,0.0,4.0,0.0,4,2,2,1,3,0,1,0
224091,4775,0.0,2.0,0.0,7,2,1,2,5,0,1,1
224724,1944,0.0,5.0,1.0,2,1,1,1,1,0,1,0
225174,4173,0.0,3.0,2.0,32,15,3,1,31,0,1,0
225660,3022,0.0,2.0,1.0,3,2,2,1,2,0,1,0
226166,3319,0.0,4.0,0.0,4,3,3,1,3,0,1,0
226321,586,0.0,4.0,0.0,56,31,6,4,55,0,1,0
226341,114,0.0,3.0,1.0,3,1,1,1,2,0,1,0
226721,3350,0.0,0.0,0.0,1,1,1,1,0,0,1,0
226778,598,0.0,0.0,1.0,11,7,3,1,10,0,1,0
227022,3826,0.0,5.0,1.0,1,1,1,1,0,0,1,0
228371,4760,0.0,0.0,1.0,23,13,2,4,22,0,1,0
228371,4976,0.0,0.0,1.0,37,19,8,3,36,0,1,0
228462,3092,1.0,4.0,0.0,13,5,1,1,11,0,1,1
228563,4043,0.0,4.0,1.0,5,2,1,1,3,0,2,0
228674,2828,0.0,2.0,1.0,6,1,1,2,5,0,1,0
228738,2810,0.0,4.0,1.0,8,3,1,2,7,0,1,0
229220,3225,0.0,2.0,0.0,6,3,1,1,5,0,1,0
229290,1411,0.0,4.0,1.0,1,1,1,1,0,0,1,0
229485,3159,0.0,0.0,1.0,3,2,1,2,2,0,1,0
230033,2631,0.0,2.0,0.0,5,1,1,2,4,0,1,0
230744,1272,0.0,7.0,1.0,7,3,2,3,6,0,1,0
230834,1895,1.0,0.0,0.0,18,5,2,3,15,0,2,1
231098,1963,0.0,3.0,1.0,13,7,3,1,12,0,1,0
231136,3173,0.0,0.0,1.0,2,1,1,1,1,0,1,0
231286,3968,0.0,3.0,2.0,1,1,1,1,0,0,1,0
231552,2124,0.0,5.0,0.0,7,4,1,1,6,0,1,0
231609,3022,0.0,3.0,1.0,33,7,3,2,29,0,2,2
231766,2047,0.0,3.0,0.0,4,2,1,2,2,0,1,1
231977,1076,0.0,7.0,0.0,11,3,1,3,8,0,1,2
232073,4043,0.0,3.0,1.0,14,6,4,5,12,0,1,1
232494,4842,0.0,2.0,0.0,1,1,1,1,0,0,1,0
23297,2928,0.0,4.0,0.0,4,2,1,1,3,0,1,0
233903,2283,0.0,2.0,0.0,34,11,1,4,32,0,1,1
234302,1491,0.0,3.0,1.0,2,1,1,1,1,0,1,0
234306,3345,0.0,2.0,0.0,5,2,2,2,3,0,1,1
234331,4976,0.0,3.0,0.0,7,5,4,1,6,0,1,0
234723,2284,0.0,2.0,0.0,2,1,1,1,1,0,1,0
234790,4287,0.0,4.0,0.0,5,2,1,2,4,0,1,0
234952,503,0.0,3.0,1.0,3,1,1,1,2,0,1,0
235304,4170,0.0,0.0,0.0,11,3,1,2,9,0,2,0
235415,1031,0.0,3.0,0.0,9,3,1,3,8,0,1,0
235497,2769,0.0,0.0,0.0,3,1,1,1,2,0,1,0
235528,3022,0.0,6.0,0.0,5,1,1,1,4,0,1,0
235781,1854,0.0,3.0,0.0,11,3,1,1,8,0,1,2
236186,3954,0.0,2.0,1.0,7,1,1,2,6,0,1,0
236625,4282,0.0,3.0,1.0,7,4,3,2,6,0,1,0
236864,4173,0.0,3.0,0.0,4,2,1,2,3,0,1,0
237291,4858,0.0,4.0,0.0,15,4,1,3,13,1,1,0
237309,685,0.0,4.0,0.0,11,3,2,2,10,0,1,0
237344,2537,0.0,2.0,0.0,4,2,1,1,3,0,1,0
237572,3826,0.0,5.0,1.0,3,1,1,1,2,0,1,0
237822,4705,0.0,4.0,0.0,1,1,1,1,0,0,1,0
237873,4388,0.0,4.0,0.0,4,2,1,2,2,0,1,1
238103,3163,0.0,7.0,0.0,4,1,1,1,2,0,2,0
238702,3230,0.0,3.0,0.0,3,1,1,2,2,0,1,0
238889,4427,0.0,3.0,1.0,1,1,1,1,0,0,1,0
238929,2078,1.0,3.0,0.0,10,5,1,1,9,0,1,0
239047,2102,1.0,6.0,0.0,19,5,5,2,17,0,2,0
239559,3473,0.0,6.0,0.0,11,4,2,6,9,0,1,1
239786,760,0.0,5.0,0.0,3,2,1,1,2,0,1,0
240613,4173,0.0,4.0,1.0,7,5,3,3,6,0,1,0
240619,343,0.0,0.0,null,12,5,2,2,9,0,1,2
240682,4727,0.0,0.0,1.0,3,1,1,1,2,0,1,0
241484,2928,0.0,7.0,1.0,26,8,4,3,22,0,1,3
241499,3230,0.0,4.0,1.0,4,1,1,1,2,0,1,1
241787,3103,0.0,0.0,1.0,2,1,1,1,1,0,1,0
242155,1330,1.0,0.0,0.0,6,2,1,1,5,0,1,0
24233,4044,0.0,0.0,0.0,4,3,2,2,0,0,1,3
242395,1861,0.0,4.0,0.0,2,1,1,1,1,0,1,0
242619,3853,0.0,2.0,1.0,1,1,1,1,0,0,1,0
242866,742,0.0,0.0,1.0,3,1,1,1,2,0,1,0
243142,1187,0.0,3.0,0.0,3,1,1,1,2,0,1,0
243275,3915,0.0,5.0,1.0,8,1,1,3,6,0,1,1
243622,1298,0.0,0.0,0.0,3,1,1,1,2,0,1,0
243661,4492,0.0,0.0,1.0,5,1,1,1,4,0,1,0
243873,2583,0.0,3.0,0.0,18,6,2,5,14,0,2,2
243968,2173,0.0,0.0,1.0,21,14,1,1,20,0,1,0
244004,3693,0.0,7.0,1.0,3,1,1,1,2,0,1,0
244240,3938,0.0,2.0,0.0,3,1,1,1,2,0,1,0
244640,2644,0.0,0.0,0.0,5,1,1,1,4,0,1,0
245054,1816,0.0,3.0,1.0,4,1,1,2,3,0,1,0
245285,4427,0.0,3.0,0.0,2,1,1,1,1,0,1,0
24573,4071,0.0,5.0,0.0,9,2,1,2,8,0,1,0
246692,2031,0.0,4.0,0.0,9,3,2,1,7,0,2,0
246768,3609,0.0,0.0,0.0,1,1,1,1,0,0,1,0
247205,416,0.0,0.0,0.0,6,2,1,2,4,0,1,1
247437,503,0.0,2.0,1.0,20,7,1,4,17,0,1,2
247552,2325,0.0,5.0,0.0,2,1,1,1,1,0,1,0
247676,3728,0.0,0.0,1.0,1,1,1,1,0,0,1,0
247819,3889,0.0,3.0,1.0,2,1,1,1,1,0,1,0
247967,3873,0.0,0.0,0.0,17,3,2,1,14,1,2,0
248185,3979,0.0,5.0,1.0,9,7,1,2,7,0,1,1
248206,4650,0.0,6.0,0.0,2,1,1,2,1,0,1,0
248455,3103,0.0,5.0,2.0,4,1,1,1,2,0,2,0
248978,4173,1.0,3.0,0.0,35,32,8,3,34,0,1,0
249217,1585,0.0,4.0,0.0,8,3,2,2,7,0,1,0
249231,1131,0.0,3.0,0.0,5,3,3,2,4,0,1,0
249232,2630,0.0,3.0,0.0,2,1,1,1,1,0,1,0
249312,1200,0.0,2.0,1.0,10,1,1,1,9,0,1,0
249436,1661,0.0,0.0,1.0,2,1,1,2,1,0,1,0
249870,2320,0.0,0.0,0.0,3,1,1,1,2,0,1,0
250538,2915,0.0,4.0,0.0,3,1,1,1,2,0,1,0
25070,4044,0.0,0.0,0.0,2,2,2,2,0,0,1,1
251065,3129,0.0,3.0,0.0,3,1,1,1,2,0,1,0
251833,3983,0.0,0.0,0.0,3,1,1,1,2,0,1,0
251913,1760,0.0,3.0,1.0,7,2,2,1,6,0,1,0
251934,1487,0.0,2.0,0.0,4,1,1,1,3,0,1,0
252338,2328,0.0,0.0,0.0,3,2,1,1,2,0,1,0
252491,2278,1.0,3.0,0.0,2,2,1,1,0,0,2,0
253006,4351,0.0,3.0,0.0,4,1,1,1,3,0,1,0
25306,1200,0.0,3.0,0.0,8,4,2,3,7,0,1,0
253497,1487,0.0,0.0,0.0,3,1,1,1,2,0,1,0
253937,4793,0.0,3.0,1.0,2,1,1,1,1,0,1,0
254100,2928,0.0,4.0,0.0,4,2,1,1,3,0,1,0
254131,4039,0.0,0.0,1.0,8,6,1,1,7,0,1,0
254337,3878,0.0,3.0,0.0,25,9,1,5,24,0,1,0
254977,3147,0.0,3.0,1.0,5,1,1,1,4,0,1,0
255973,3844,0.0,6.0,0.0,5,3,2,1,4,0,1,0
256043,4607,0.0,4.0,0.0,5,3,1,2,1,0,1,3
25608,2791,0.0,5.0,1.0,7,2,1,3,6,0,1,0
256291,4050,0.0,3.0,1.0,2,1,1,1,1,0,1,0
256406,4976,0.0,3.0,0.0,20,6,4,3,19,0,1,0
256932,4534,0.0,4.0,1.0,4,2,1,1,2,0,2,0
257215,2422,1.0,2.0,1.0,26,13,6,3,17,0,1,8
257355,102,0.0,4.0,0.0,3,1,1,1,2,0,1,0
257405,4534,0.0,0.0,0.0,47,18,7,2,45,0,1,1
25834,1890,0.0,3.0,0.0,17,5,2,6,16,0,1,0
258546,4600,0.0,3.0,0.0,2,1,1,1,1,0,1,0
258643,4287,0.0,3.0,1.0,1,1,1,1,0,0,1,0
25913,4504,0.0,6.0,0.0,3,1,1,1,1,0,1,1
259447,1031,0.0,3.0,0.0,3,2,1,1,2,0,1,0
260469,4847,0.0,4.0,0.0,11,6,5,1,10,0,1,0
260635,1993,0.0,3.0,0.0,6,1,1,2,5,0,1,0
260689,570,0.0,5.0,0.0,3,2,2,1,1,0,2,0
260778,2360,1.0,3.0,0.0,3,1,1,1,2,0,1,0
261013,4938,0.0,0.0,0.0,2,1,1,1,1,0,1,0
261250,1556,0.0,0.0,0.0,4,1,1,1,3,0,1,0
261713,1703,0.0,4.0,0.0,3,1,1,1,2,0,1,0
261782,2138,0.0,null,null,51,14,6,3,41,1,9,0
262368,361,0.0,6.0,0.0,16,7,2,1,14,0,1,1
262656,2883,0.0,3.0,0.0,1,1,1,1,0,0,1,0
262767,4444,0.0,6.0,0.0,15,7,2,2,10,0,5,0
262816,3057,0.0,2.0,1.0,12,2,2,4,11,0,1,0
263347,2318,0.0,7.0,0.0,2,2,2,1,0,0,2,0
263356,3576,0.0,4.0,0.0,3,1,1,1,2,0,1,0
263852,4044,0.0,3.0,2.0,2,1,1,2,1,0,1,0
263933,2149,0.0,3.0,0.0,8,2,1,1,7,0,1,0
264194,4025,0.0,5.0,0.0,11,4,1,1,8,0,3,0
264602,3734,0.0,2.0,0.0,7,2,1,3,6,0,1,0
26501,3520,0.0,4.0,0.0,2,1,1,1,1,0,1,0
265115,3828,0.0,5.0,0.0,1,1,1,1,0,0,1,0
265648,2876,1.0,4.0,0.0,5,3,1,1,4,0,1,0
266216,3766,0.0,4.0,0.0,1,1,1,1,0,0,1,0
267194,3376,0.0,4.0,1.0,62,3,2,6,61,0,1,0
267682,2545,0.0,3.0,0.0,6,5,5,3,5,0,1,0
268283,4044,1.0,4.0,0.0,40,19,7,1,36,0,4,0
268489,2821,0.0,0.0,0.0,2,1,1,1,1,0,1,0
268574,3339,0.0,0.0,1.0,4,1,1,2,3,0,1,0
268738,3990,0.0,5.0,0.0,7,2,2,2,6,0,1,0
269526,4536,0.0,4.0,0.0,1,1,1,1,0,0,1,0
269608,1281,0.0,0.0,1.0,5,1,1,1,4,0,1,0
269702,4385,0.0,4.0,0.0,3,2,2,2,1,0,2,0
27011,1574,0.0,3.0,1.0,2,1,1,2,1,0,1,0
270390,2011,0.0,5.0,1.0,7,1,1,1,6,0,1,0
270538,4281,0.0,2.0,1.0,1,1,1,1,0,0,1,0
27071,1704,0.0,2.0,0.0,3,2,2,1,2,0,1,0
270759,3105,0.0,0.0,1.0,7,1,1,2,6,0,1,0
271693,1816,0.0,3.0,1.0,6,4,2,3,5,0,1,0
272053,1031,0.0,3.0,0.0,5,2,1,1,4,0,1,0
27246,4818,0.0,2.0,1.0,44,14,6,9,42,0,1,1
27247,4287,0.0,3.0,2.0,21,6,5,3,16,0,2,3
272984,2118,0.0,3.0,1.0,3,1,1,1,2,0,1,0
273016,3822,0.0,3.0,0.0,19,8,2,4,15,0,1,3
273339,2036,1.0,0.0,0.0,5,4,2,1,4,0,1,0
276149,2435,0.0,0.0,0.0,1,1,1,1,0,0,1,0
276797,3319,0.0,4.0,0.0,11,2,1,2,10,0,1,0
276899,1102,0.0,3.0,1.0,43,25,4,4,42,0,1,0
277110,1810,0.0,6.0,0.0,10,1,1,1,9,0,1,0
277187,1062,0.0,3.0,0.0,14,7,2,2,13,0,1,0
277854,2124,0.0,3.0,2.0,3,2,1,2,2,0,1,0
278247,4048,0.0,0.0,0.0,1,1,1,1,0,0,1,0
278550,798,0.0,3.0,0.0,1,1,1,1,0,0,1,0
278552,3211,0.0,3.0,0.0,4,2,1,2,3,0,1,0
278595,4474,0.0,3.0,0.0,5,1,1,1,4,0,1,0
278630,3143,0.0,5.0,0.0,5,3,2,1,0,0,3,2
278710,1318,0.0,4.0,0.0,5,3,2,2,4,0,1,0
279522,2459,0.0,5.0,0.0,14,10,5,3,12,0,2,0
279646,4083,0.0,0.0,0.0,4,1,1,1,3,0,1,0
279745,2537,0.0,4.0,0.0,4,2,2,2,3,0,1,0
28018,4079,0.0,4.0,1.0,2,1,1,1,1,0,1,0
280427,1679,0.0,5.0,0.0,1,1,1,1,0,0,1,0
281192,1203,0.0,5.0,1.0,13,5,3,2,11,0,2,0
281279,1679,0.0,4.0,0.0,6,3,1,1,5,0,1,0
281854,4079,0.0,5.0,0.0,11,4,3,1,8,0,3,0
282181,4043,0.0,2.0,0.0,69,21,8,8,58,0,6,5
282299,1200,1.0,2.0,0.0,2,1,1,1,1,0,1,0
282682,697,0.0,4.0,1.0,5,2,1,2,4,0,1,0
282853,2939,0.0,3.0,0.0,6,2,1,3,3,0,1,2
282982,361,1.0,0.0,0.0,3,1,1,1,1,0,2,0
283618,4687,0.0,3.0,0.0,2,1,1,1,1,0,1,0
284751,4940,0.0,6.0,0.0,38,25,1,3,37,0,1,0
284950,293,0.0,0.0,0.0,4,2,2,1,3,0,1,0
284960,1557,0.0,5.0,1.0,6,2,1,2,5,0,1,0
285107,3971,0.0,3.0,0.0,4,3,2,1,3,0,1,0
285940,2108,0.0,2.0,1.0,1,1,1,1,0,0,1,0
285955,1133,0.0,2.0,0.0,5,1,1,2,4,0,1,0
286085,2170,0.0,3.0,1.0,2,1,1,2,1,0,1,0
286437,1724,0.0,5.0,0.0,3,1,1,2,2,0,1,0
28711,3936,0.0,3.0,0.0,11,4,3,2,8,0,1,2
287175,4791,0.0,0.0,0.0,3,1,1,1,2,0,1,0
287189,3289,0.0,6.0,1.0,9,1,1,2,8,0,1,0
2875,412,0.0,5.0,0.0,6,2,2,1,5,0,1,0
287932,908,0.0,4.0,0.0,3,1,1,1,2,0,1,0
288113,212,0.0,4.0,0.0,9,2,1,1,8,0,1,0
288202,4966,0.0,6.0,null,12,7,5,2,11,0,1,0
28879,669,0.0,3.0,1.0,4,3,1,1,3,0,1,0
289229,1825,0.0,4.0,0.0,3,2,2,1,1,0,2,0
289521,1467,0.0,0.0,0.0,3,1,1,2,1,0,1,1
289541,2630,0.0,5.0,1.0,3,2,2,1,2,0,1,0
289545,4768,0.0,0.0,0.0,5,2,1,2,4,0,1,0
290657,3205,0.0,6.0,0.0,4,2,1,1,3,0,1,0
291365,2482,0.0,0.0,0.0,10,3,3,6,7,0,1,2
291464,114,1.0,4.0,0.0,23,12,4,5,18,0,5,0
291945,2173,0.0,5.0,0.0,4,2,1,2,3,0,1,0
291955,2237,0.0,0.0,0.0,19,1,1,2,16,0,3,0
292031,4173,0.0,2.0,0.0,13,5,2,3,12,0,1,0
292571,3990,0.0,7.0,0.0,9,3,1,1,8,0,1,0
292912,320,0.0,3.0,0.0,2,1,1,2,0,0,1,1
293119,4042,0.0,3.0,1.0,6,2,1,1,5,0,1,0
293186,360,0.0,2.0,0.0,16,6,1,2,15,0,1,0
293478,4044,0.0,3.0,0.0,34,18,5,3,33,0,1,0
293729,3870,0.0,4.0,0.0,4,2,1,1,3,0,1,0
294243,3042,0.0,5.0,0.0,2,2,2,1,0,0,2,0
29482,4287,0.0,3.0,0.0,2,1,1,1,1,0,1,0
295460,2945,0.0,2.0,1.0,6,2,2,1,5,0,1,0
295842,2936,0.0,3.0,1.0,3,1,1,1,2,0,1,0
296116,4043,0.0,2.0,0.0,23,8,4,5,20,0,3,0
296808,4659,0.0,0.0,0.0,23,10,6,3,13,0,3,7
29694,120,0.0,2.0,0.0,10,2,2,1,9,0,1,0
297029,1090,0.0,3.0,0.0,8,1,1,1,7,0,1,0
298205,1755,0.0,0.0,0.0,3,1,1,1,2,0,1,0
298308,2448,1.0,0.0,1.0,9,2,1,3,8,0,1,0
298587,1827,0.0,5.0,1.0,21,8,1,3,20,0,1,0
298685,437,0.0,4.0,0.0,3,1,1,2,2,0,1,0
298911,4614,0.0,5.0,0.0,8,4,2,4,5,0,1,2
299336,2193,0.0,3.0,0.0,4,1,1,2,3,0,1,0
299863,1557,0.0,4.0,1.0,18,4,2,2,17,0,1,0
300168,598,0.0,3.0,1.0,4,3,1,3,3,0,1,0
300465,3171,0.0,5.0,0.0,7,5,1,1,6,0,1,0
300586,2565,0.0,0.0,0.0,6,3,1,1,4,0,2,0
300740,2791,0.0,6.0,1.0,28,17,7,4,27,0,1,0
300939,1031,0.0,4.0,0.0,6,1,1,1,5,0,1,0
300984,1272,0.0,0.0,1.0,3,1,1,1,2,0,1,0
30143,3103,0.0,0.0,0.0,3,2,2,2,2,0,1,0
301575,2108,0.0,2.0,0.0,3,1,1,1,2,0,1,0
301610,3524,0.0,2.0,0.0,2,1,1,1,1,0,1,0
301760,897,0.0,3.0,0.0,6,3,1,1,5,0,1,0
301779,2441,0.0,0.0,0.0,8,4,2,1,7,0,1,0
301838,1031,0.0,3.0,2.0,1,1,1,1,0,0,1,0
301854,4760,0.0,0.0,0.0,2,1,1,1,1,0,1,0
301999,2649,1.0,0.0,0.0,14,5,3,4,11,0,3,0
302164,2882,0.0,3.0,0.0,45,17,2,6,39,0,1,5
302315,3103,0.0,3.0,0.0,7,3,1,2,6,0,1,0
302492,4034,0.0,4.0,1.0,9,1,1,3,8,0,1,0
303003,3129,0.0,0.0,0.0,2,1,1,1,1,0,1,0
303387,3828,0.0,3.0,0.0,6,5,3,2,5,0,1,0
304154,1495,0.0,8.0,0.0,16,8,3,3,15,0,1,0
305131,747,0.0,3.0,0.0,11,3,1,4,8,0,1,2
305132,310,0.0,3.0,1.0,67,37,10,3,66,0,1,0
305483,778,0.0,3.0,0.0,4,1,1,1,3,0,1,0
305731,4043,1.0,0.0,0.0,8,2,2,3,7,0,1,0
305804,1963,0.0,4.0,0.0,44,23,6,3,43,0,1,0
30624,4942,0.0,4.0,1.0,2,1,1,1,1,0,1,0
306350,1557,0.0,2.0,1.0,6,5,3,2,5,0,1,0
30652,946,0.0,4.0,0.0,31,22,4,2,29,0,2,0
307794,2459,0.0,3.0,0.0,10,4,2,1,9,0,1,0
308018,3828,0.0,6.0,1.0,8,3,2,2,7,0,1,0
308675,4979,0.0,0.0,0.0,4,1,1,2,2,0,1,1
308827,2193,0.0,2.0,0.0,3,2,1,1,2,0,1,0
309448,3541,0.0,4.0,2.0,2,1,1,1,1,0,1,0
309483,897,0.0,4.0,0.0,2,1,1,1,1,0,1,0
309621,3897,0.0,0.0,1.0,6,1,1,2,4,1,1,0
310152,1470,0.0,4.0,0.0,7,2,2,2,6,0,1,0
31061,2856,0.0,3.0,0.0,6,4,1,2,5,0,1,0
310691,2824,0.0,5.0,0.0,2,1,1,1,1,0,1,0
310874,1679,1.0,4.0,0.0,41,24,4,4,39,0,1,1
310879,3288,0.0,0.0,0.0,1,1,1,1,0,0,1,0
311237,1246,0.0,3.0,1.0,2,1,1,1,1,0,1,0
311826,3160,0.0,5.0,0.0,4,3,2,1,3,0,1,0
312464,4794,0.0,5.0,1.0,7,2,2,3,6,0,1,0
313149,960,0.0,3.0,0.0,11,4,1,3,8,0,1,2
313185,94,0.0,6.0,0.0,2,1,1,1,1,0,1,0
313236,4539,0.0,0.0,1.0,1,1,1,1,0,0,1,0
313319,3986,0.0,3.0,1.0,2,1,1,1,1,0,1,0
3135,3831,0.0,4.0,1.0,4,1,1,1,3,0,1,0
314112,4129,0.0,2.0,0.0,13,6,2,2,7,0,1,5
314625,2102,0.0,3.0,0.0,2,1,1,1,1,0,1,0
314744,3524,0.0,2.0,0.0,1,1,1,1,0,0,1,0
315018,1093,0.0,0.0,1.0,9,1,1,3,8,0,1,0
315029,361,0.0,0.0,0.0,6,1,1,1,5,0,1,0
315852,4744,0.0,6.0,1.0,4,1,1,1,1,2,1,0
316061,3629,0.0,6.0,0.0,13,1,1,1,12,0,1,0
316201,4234,0.0,5.0,1.0,16,4,2,2,14,0,2,0
31632,4760,0.0,0.0,1.0,13,6,3,1,11,0,1,1
316744,2173,0.0,4.0,1.0,3,2,1,1,2,0,1,0
316777,3828,0.0,3.0,0.0,20,18,8,4,19,0,1,0
317037,4044,0.0,3.0,0.0,15,10,3,1,14,0,1,0
317540,323,0.0,0.0,0.0,2,1,1,1,1,0,1,0
317831,2945,0.0,4.0,1.0,4,1,1,2,3,0,1,0
318390,293,0.0,3.0,0.0,6,1,1,2,5,0,1,0
318721,4173,0.0,2.0,0.0,21,2,2,2,20,0,1,0
318786,1403,0.0,6.0,0.0,6,2,1,1,5,0,1,0
318922,3876,0.0,4.0,1.0,7,2,1,1,6,0,1,0
319281,977,0.0,3.0,0.0,7,4,1,1,5,0,1,1
31976,2099,0.0,0.0,1.0,2,1,1,1,1,0,1,0
319768,3623,0.0,4.0,0.0,3,2,1,1,2,0,1,0
319997,4129,0.0,4.0,0.0,1,1,1,1,0,0,1,0
320106,798,0.0,0.0,0.0,3,1,1,1,2,0,1,0
320157,24,0.0,3.0,1.0,5,2,1,1,4,0,1,0
320697,534,0.0,3.0,1.0,3,1,1,1,2,0,1,0
321146,3545,0.0,3.0,0.0,8,4,1,1,7,0,1,0
321363,2162,0.0,3.0,1.0,4,2,1,1,3,0,1,0
322395,1489,1.0,5.0,1.0,4,1,1,2,2,0,1,1
323402,3205,0.0,4.0,1.0,7,1,1,2,5,1,1,0
32364,121,0.0,4.0,0.0,24,10,6,7,22,0,2,0
323774,2217,0.0,5.0,1.0,1,1,1,1,0,0,1,0
323917,1594,0.0,4.0,1.0,3,2,1,2,2,0,1,0
323933,4042,1.0,4.0,0.0,10,6,3,1,8,0,2,0
324017,4044,0.0,0.0,0.0,11,9,3,1,6,0,1,4
324393,4402,1.0,6.0,0.0,70,16,3,5,65,0,4,1
324692,4468,0.0,2.0,1.0,9,3,2,3,7,0,1,1
325046,4173,0.0,2.0,2.0,9,6,4,1,8,0,1,0
325353,4417,0.0,3.0,0.0,2,1,1,1,1,0,1,0
325392,2138,1.0,0.0,0.0,9,7,3,2,8,0,1,0
325980,2289,0.0,5.0,1.0,11,2,2,1,10,0,1,0
326036,3350,0.0,0.0,0.0,6,2,1,3,5,0,1,0
326190,1760,0.0,5.0,0.0,15,10,1,4,13,0,2,0
326370,4942,0.0,5.0,0.0,5,2,1,1,3,0,1,1
326442,2565,0.0,3.0,0.0,4,1,1,1,3,0,1,0
326875,4480,0.0,3.0,0.0,1,1,1,1,0,0,1,0
326878,3022,0.0,0.0,1.0,1,1,1,1,0,0,1,0
32734,2447,0.0,5.0,0.0,80,19,4,4,77,0,2,1
327367,3154,0.0,4.0,0.0,2,2,2,1,0,0,2,0
327901,317,0.0,2.0,0.0,4,1,1,1,3,0,1,0
328091,3236,0.0,4.0,0.0,3,2,1,1,2,0,1,0
328601,2273,0.0,0.0,0.0,8,2,1,1,7,0,1,0
329261,361,0.0,3.0,0.0,7,3,1,2,5,0,1,1
329522,1916,0.0,4.0,1.0,2,1,1,1,1,0,1,0
329714,933,0.0,0.0,0.0,2,1,1,1,1,0,1,0
33061,98,0.0,5.0,0.0,2,1,1,1,1,0,1,0
330849,4444,0.0,0.0,1.0,7,4,1,1,6,0,1,0
330932,293,0.0,2.0,0.0,3,1,1,2,0,0,1,2
331588,2810,0.0,3.0,0.0,2,1,1,1,1,0,1,0
331767,3516,0.0,0.0,0.0,12,2,1,2,11,0,1,0
332493,4558,0.0,3.0,0.0,10,2,1,2,8,0,2,0
332588,4850,0.0,0.0,0.0,70,38,13,5,61,0,7,2
332784,3734,0.0,2.0,0.0,1,1,1,1,0,0,1,0
332785,647,0.0,0.0,0.0,5,3,1,1,4,0,1,0
33421,1698,0.0,6.0,0.0,3,1,1,1,2,0,1,0
334528,272,0.0,3.0,1.0,4,2,1,2,3,0,1,0
334775,3828,1.0,4.0,0.0,42,22,7,6,39,0,1,2
335153,4305,0.0,3.0,0.0,15,6,2,4,14,0,1,0
335293,2596,0.0,5.0,1.0,8,3,2,1,6,0,2,0
335364,4173,0.0,4.0,0.0,7,3,1,2,6,0,1,0
33679,794,0.0,6.0,1.0,2,1,1,1,1,0,1,0
33700,3191,0.0,6.0,0.0,5,1,1,1,4,0,1,0
337126,3578,0.0,4.0,0.0,3,1,1,1,2,0,1,0
337203,2453,0.0,2.0,1.0,1,1,1,1,0,0,1,0
337718,3080,0.0,4.0,1.0,2,1,1,1,1,0,1,0
337828,293,0.0,0.0,0.0,16,1,1,2,15,0,1,0
338217,3809,0.0,6.0,0.0,5,1,1,1,4,0,1,0
338232,4860,0.0,3.0,1.0,5,1,1,1,4,0,1,0
338257,3734,0.0,2.0,1.0,6,1,1,1,5,0,1,0
338286,10,0.0,6.0,0.0,5,3,2,2,4,0,1,0
33943,3524,0.0,4.0,1.0,3,1,1,1,1,0,2,0
339698,3828,0.0,4.0,1.0,8,1,1,3,7,0,1,0
340746,2699,1.0,3.0,0.0,6,4,2,3,1,0,1,4
341335,3323,0.0,4.0,1.0,1,1,1,1,0,0,1,0
341648,4079,0.0,4.0,0.0,6,3,1,1,5,0,1,0
341703,3239,0.0,4.0,0.0,11,4,2,1,9,0,2,0
342027,1102,0.0,3.0,0.0,17,6,3,2,16,0,1,0
34206,227,0.0,3.0,0.0,7,2,2,3,4,0,1,2
34255,1945,1.0,0.0,0.0,64,39,11,7,54,0,8,2
34274,3727,0.0,3.0,0.0,13,4,1,6,10,0,1,2
34311,3628,0.0,0.0,1.0,4,1,1,1,1,0,3,0
343177,1102,1.0,0.0,0.0,39,31,8,6,38,0,1,0
343369,4605,0.0,2.0,0.0,11,5,5,3,6,0,3,2
343533,845,0.0,5.0,0.0,3,1,1,1,2,0,1,0
343993,4220,0.0,4.0,0.0,7,1,1,1,6,0,1,0
345213,4336,0.0,0.0,0.0,4,1,1,1,3,0,1,0
346217,523,0.0,0.0,1.0,49,10,1,4,41,0,1,7
346232,1707,0.0,4.0,2.0,40,16,4,2,35,0,3,2
346431,1489,0.0,2.0,0.0,9,3,2,3,7,0,1,1
347449,3958,0.0,3.0,0.0,8,2,2,3,7,0,1,0
347457,227,0.0,3.0,0.0,19,3,1,4,18,0,1,0
347557,1692,0.0,6.0,0.0,6,3,1,2,5,0,1,0
347693,1861,1.0,3.0,0.0,2,1,1,1,0,0,1,1
34775,2664,0.0,0.0,0.0,8,7,1,1,7,0,1,0
34780,4079,0.0,4.0,0.0,35,6,3,5,29,0,6,0
34788,4234,0.0,5.0,0.0,13,6,4,2,11,0,2,0
348020,1102,0.0,0.0,0.0,3,3,3,2,2,0,1,0
348233,3541,0.0,0.0,0.0,3,1,1,1,2,0,1,0
349619,588,0.0,4.0,0.0,8,2,1,2,6,0,1,1
349851,4044,0.0,0.0,0.0,20,17,5,2,19,0,1,0
350138,1831,0.0,3.0,1.0,3,2,1,1,2,0,1,0
350166,2255,0.0,5.0,0.0,6,1,1,2,4,1,1,0
350218,2036,0.0,2.0,1.0,5,2,2,1,4,0,1,0
350371,3887,0.0,5.0,0.0,12,4,3,3,9,0,2,1
351152,359,1.0,4.0,0.0,23,12,1,3,17,0,5,1
351313,264,0.0,2.0,1.0,8,4,4,1,7,0,1,0
351370,4043,0.0,5.0,0.0,26,15,9,10,25,0,1,0
351395,3205,0.0,0.0,0.0,3,2,2,1,2,0,1,0
35182,3622,0.0,0.0,1.0,5,1,1,2,4,0,1,0
351890,2397,0.0,4.0,0.0,6,2,2,1,4,0,2,0
351946,606,0.0,2.0,0.0,8,4,2,3,7,0,1,0
35203,1760,0.0,3.0,0.0,16,11,1,3,12,0,3,1
35255,1102,0.0,2.0,0.0,55,35,12,5,52,0,3,0
352575,3623,0.0,4.0,0.0,3,1,1,1,2,0,1,0
352805,4385,0.0,5.0,1.0,2,1,1,1,1,0,1,0
352850,1840,0.0,4.0,1.0,2,1,1,1,1,0,1,0
352900,1968,0.0,4.0,1.0,5,1,1,1,4,0,1,0
353154,4325,0.0,4.0,0.0,2,1,1,1,1,0,1,0
353491,2403,0.0,0.0,0.0,12,8,3,1,10,0,2,0
35394,219,0.0,6.0,0.0,7,2,1,1,6,0,1,0
353970,1875,0.0,0.0,0.0,12,9,5,1,5,0,7,0
353998,4504,0.0,6.0,0.0,2,1,1,1,1,0,1,0
354425,1964,0.0,2.0,0.0,5,4,3,1,4,0,1,0
354428,3152,1.0,4.0,1.0,8,6,1,1,7,0,1,0
355490,3095,0.0,3.0,0.0,6,3,3,2,5,0,1,0
356328,1370,1.0,5.0,0.0,2,1,1,1,0,0,2,0
356751,1346,0.0,4.0,0.0,2,1,1,1,1,0,1,0
357024,2592,0.0,3.0,0.0,5,3,3,1,4,0,1,0
357456,4282,0.0,0.0,1.0,1,1,1,1,0,0,1,0
357709,4373,0.0,0.0,0.0,5,1,1,2,4,0,1,0
35809,2217,0.0,6.0,0.0,13,2,1,5,11,0,1,1
358610,3828,0.0,0.0,0.0,12,2,2,4,10,0,2,0
358646,3614,0.0,4.0,1.0,2,1,1,1,1,0,1,0
359174,23,0.0,4.0,1.0,5,1,1,1,4,0,1,0
359233,786,0.0,6.0,1.0,1,1,1,1,0,0,1,0
35939,2598,0.0,5.0,1.0,34,4,3,3,30,0,1,3
359630,2664,0.0,3.0,0.0,10,9,2,2,9,0,1,0
360132,1900,0.0,0.0,1.0,5,1,1,1,4,0,1,0
360194,1393,1.0,6.0,0.0,8,2,1,1,7,0,1,0
360460,1710,0.0,3.0,0.0,2,1,1,1,1,0,1,0
361352,4090,0.0,0.0,0.0,9,2,1,1,8,0,1,0
361411,503,0.0,4.0,0.0,17,7,2,1,16,0,1,0
36149,2403,0.0,3.0,0.0,1,1,1,1,0,0,1,0
361585,437,0.0,3.0,0.0,2,1,1,1,1,0,1,0
361768,133,0.0,4.0,0.0,5,2,1,1,4,0,1,0
362082,1495,0.0,0.0,0.0,15,6,2,3,11,0,1,3
3622,4073,0.0,0.0,1.0,6,1,1,1,5,0,1,0
362323,3635,0.0,5.0,1.0,7,2,1,2,5,0,1,1
362894,846,0.0,3.0,1.0,1,1,1,1,0,0,1,0
363070,4966,0.0,0.0,0.0,9,1,1,2,8,0,1,0
36340,1678,0.0,3.0,0.0,3,1,1,1,2,0,1,0
363687,416,0.0,3.0,0.0,9,3,1,2,7,0,2,0
363916,2122,0.0,null,null,9,2,2,2,8,0,1,0
364119,4079,0.0,3.0,1.0,5,3,1,1,3,0,2,0
364139,1494,0.0,5.0,0.0,4,1,1,1,3,0,1,0
364594,4173,0.0,2.0,0.0,13,10,3,2,12,0,1,0
364627,4072,0.0,6.0,0.0,2,1,1,1,1,0,1,0
364720,1760,0.0,3.0,0.0,2,1,1,1,1,0,1,0
36534,3241,0.0,0.0,null,3,1,1,1,2,0,1,0
366147,1752,0.0,3.0,0.0,7,1,1,1,6,0,1,0
36622,685,0.0,6.0,1.0,10,3,1,4,8,0,2,0
366419,1787,0.0,5.0,0.0,10,2,1,1,8,0,2,0
366598,2669,0.0,3.0,0.0,7,4,2,1,6,0,1,0
366619,4978,0.0,7.0,0.0,16,10,1,1,15,0,1,0
366982,4438,0.0,4.0,0.0,2,1,1,1,1,0,1,0
367278,962,0.0,2.0,0.0,4,2,2,1,2,0,2,0
367592,3865,0.0,2.0,2.0,11,1,1,1,9,0,1,1
367789,3887,0.0,5.0,0.0,10,4,3,1,8,0,2,0
368003,2545,0.0,4.0,0.0,23,5,2,2,22,0,1,0
368078,2128,0.0,3.0,0.0,1,1,1,1,0,0,1,0
368551,1679,0.0,4.0,0.0,3,1,1,1,2,0,1,0
368590,4765,0.0,4.0,0.0,2,1,1,1,1,0,1,0
368697,1760,0.0,4.0,0.0,60,23,3,2,57,0,3,0
369262,1530,0.0,3.0,1.0,1,1,1,1,0,0,1,0
369348,120,0.0,3.0,0.0,2,1,1,1,1,0,1,0
369409,4992,0.0,3.0,0.0,6,3,1,2,5,0,1,0
369604,3105,0.0,0.0,0.0,43,23,2,3,38,0,4,1
369691,2232,0.0,7.0,1.0,5,2,1,2,3,0,2,0
369727,4960,0.0,3.0,0.0,7,3,3,2,6,0,1,0
370040,2047,0.0,4.0,2.0,15,7,2,3,13,0,2,0
370253,4280,0.0,0.0,0.0,16,6,1,2,15,0,1,0
370342,1346,0.0,0.0,0.0,3,2,1,1,2,0,1,0
370880,4270,0.0,4.0,0.0,5,2,1,2,4,0,1,0
371278,1594,0.0,0.0,1.0,4,2,1,1,3,0,1,0
371806,222,0.0,5.0,1.0,4,3,1,1,3,0,1,0
371954,4942,0.0,0.0,0.0,3,1,1,1,2,0,1,0
372224,1049,1.0,4.0,1.0,6,1,1,1,4,0,2,0
372615,989,0.0,5.0,2.0,2,1,1,1,1,0,1,0
37275,3971,0.0,3.0,0.0,3,2,1,1,2,0,1,0
373119,2592,0.0,3.0,1.0,7,4,4,1,4,0,3,0
373495,102,0.0,3.0,0.0,2,1,1,1,1,0,1,0
373536,2167,0.0,4.0,1.0,2,1,1,1,1,0,1,0
373975,22,0.0,3.0,1.0,5,1,1,1,4,0,1,0
37465,3578,0.0,2.0,0.0,2,1,1,2,1,0,1,0
374692,2155,0.0,3.0,1.0,1,1,1,1,0,0,1,0
374699,433,0.0,3.0,0.0,11,5,2,1,7,0,4,0
374953,3828,0.0,3.0,0.0,10,4,4,4,9,0,1,0
375064,2124,0.0,5.0,1.0,30,12,1,2,28,0,2,0
375243,2289,0.0,3.0,0.0,8,4,3,3,7,0,1,0
375388,1840,0.0,3.0,0.0,5,1,1,2,4,0,1,0
37569,4728,0.0,0.0,0.0,18,8,3,2,16,0,2,0
375743,1536,0.0,0.0,0.0,3,1,1,1,2,0,1,0
37701,390,0.0,4.0,1.0,7,5,4,2,2,0,5,0
377174,2193,0.0,0.0,0.0,5,1,1,1,3,0,1,1
377242,2537,0.0,2.0,1.0,1,1,1,1,0,0,1,0
377321,4894,0.0,3.0,1.0,5,2,1,3,3,0,1,1
377323,4993,0.0,7.0,0.0,4,1,1,2,3,0,1,0
3775,3016,0.0,4.0,0.0,30,12,5,3,26,0,2,2
377936,2066,0.0,5.0,0.0,9,4,1,1,8,0,1,0
378110,3955,0.0,2.0,0.0,8,2,1,1,7,0,1,0
378236,1895,0.0,3.0,0.0,11,1,1,7,9,0,1,1
378596,2882,0.0,0.0,0.0,1,1,1,1,0,0,1,0
378965,1900,0.0,3.0,1.0,7,1,1,1,6,0,1,0
379115,3971,0.0,4.0,2.0,6,5,2,2,5,0,1,0
380053,4604,0.0,3.0,1.0,5,1,1,1,4,0,1,0
380528,426,0.0,0.0,1.0,6,1,1,2,4,0,1,1
382288,2145,0.0,2.0,0.0,1,1,1,1,0,0,1,0
38313,35,1.0,3.0,1.0,20,6,5,1,18,0,1,1
383436,2187,1.0,0.0,0.0,85,20,2,8,73,0,2,10
383438,4234,0.0,0.0,0.0,29,21,5,7,26,0,3,0
38353,2856,0.0,0.0,0.0,2,1,1,1,1,0,1,0
383690,2565,0.0,4.0,0.0,1,1,1,1,0,0,1,0
385390,2928,0.0,3.0,0.0,25,7,3,3,24,0,1,0
386054,3968,0.0,3.0,1.0,2,1,1,1,1,0,1,0
386146,1999,0.0,4.0,0.0,20,6,1,3,18,0,2,0
386186,3236,0.0,4.0,1.0,5,3,1,2,4,0,1,0
386515,1760,0.0,3.0,0.0,21,13,3,1,19,0,2,0
387918,2916,0.0,3.0,1.0,2,1,1,1,0,0,1,1
387972,2926,0.0,6.0,0.0,3,1,1,1,2,0,1,0
388463,1050,0.0,5.0,0.0,2,1,1,1,1,0,1,0
388702,1713,0.0,3.0,0.0,5,2,2,3,4,0,1,0
389257,742,0.0,5.0,0.0,1,1,1,1,0,0,1,0
389397,152,0.0,6.0,0.0,6,1,1,1,4,0,2,0
389556,2318,0.0,5.0,0.0,2,1,1,1,1,0,1,0
38960,4733,0.0,0.0,0.0,5,1,1,2,4,0,1,0
389992,3689,0.0,4.0,0.0,53,27,6,4,50,0,3,0
3900,742,0.0,3.0,1.0,6,1,1,1,5,0,1,0
390324,4427,0.0,4.0,1.0,3,1,1,1,2,0,1,0
390645,4976,0.0,4.0,0.0,3,2,2,3,1,0,1,1
39081,4394,0.0,2.0,0.0,5,1,1,1,3,0,2,0
391318,1890,0.0,4.0,0.0,5,3,2,2,3,0,1,1
391536,630,0.0,3.0,0.0,50,41,15,3,48,0,2,0
391981,1964,0.0,2.0,0.0,11,3,3,5,10,0,1,0
392177,4585,0.0,4.0,1.0,9,6,3,1,8,0,1,0
392520,3971,0.0,7.0,1.0,5,1,1,1,4,0,1,0
393294,1704,0.0,0.0,0.0,6,3,2,3,4,0,2,0
393301,3971,0.0,3.0,1.0,4,2,1,1,3,0,1,0
393717,3347,0.0,4.0,0.0,4,2,1,1,3,0,1,0
393766,606,0.0,8.0,2.0,7,4,4,2,6,0,1,0
393769,4368,0.0,4.0,0.0,6,3,2,2,5,0,1,0
393923,845,0.0,4.0,1.0,3,2,1,2,2,0,1,0
394294,794,0.0,6.0,0.0,65,17,3,2,63,0,2,0
394308,4427,0.0,5.0,1.0,1,1,1,1,0,0,1,0
394485,3959,0.0,6.0,2.0,5,2,1,1,4,0,1,0
394708,742,0.0,6.0,0.0,9,1,1,1,8,0,1,0
395215,2721,0.0,0.0,0.0,7,5,1,1,6,0,1,0
395238,3472,0.0,2.0,1.0,2,1,1,1,1,0,1,0
395645,2700,0.0,6.0,0.0,52,14,4,8,45,0,2,5
395874,2598,0.0,6.0,0.0,4,2,1,2,3,0,1,0
396306,4044,0.0,3.0,0.0,41,24,5,3,40,0,1,0
397013,1514,0.0,0.0,0.0,4,1,1,1,2,1,1,0
397313,361,0.0,4.0,1.0,25,5,1,1,24,0,1,0
397587,4835,0.0,3.0,0.0,1,1,1,1,0,0,1,0
397611,2099,0.0,0.0,0.0,1,1,1,1,0,0,1,0
397691,4112,0.0,4.0,0.0,1,1,1,1,0,0,1,0
397898,3828,0.0,3.0,0.0,9,3,1,1,8,0,1,0
398133,1056,1.0,0.0,0.0,46,21,11,8,39,0,3,4
398258,3420,0.0,3.0,0.0,14,8,2,1,12,0,2,0
3983,3329,0.0,2.0,0.0,2,1,1,1,1,0,1,0
398428,4960,1.0,5.0,0.0,47,23,10,2,41,0,6,0
398544,4976,0.0,3.0,0.0,15,11,4,2,13,0,2,0
398760,2022,0.0,6.0,1.0,4,2,1,1,3,0,1,0
398952,2824,0.0,0.0,0.0,4,1,1,1,3,0,1,0
399505,2721,0.0,4.0,1.0,7,4,1,1,6,0,1,0
399654,416,0.0,4.0,2.0,6,2,2,1,4,0,2,0
400170,2397,0.0,4.0,1.0,19,5,2,4,17,0,1,1
400316,4793,0.0,4.0,1.0,2,1,1,1,1,0,1,0
400339,3090,0.0,2.0,0.0,16,5,1,1,15,0,1,0
400584,2170,1.0,2.0,0.0,7,2,1,1,5,0,1,1
400624,4506,0.0,4.0,0.0,3,2,2,1,1,0,2,0
400739,2030,1.0,3.0,0.0,2,2,1,1,1,0,1,0
401541,293,0.0,3.0,2.0,3,1,1,1,1,0,1,1
401544,2445,0.0,4.0,1.0,2,1,1,1,1,0,1,0
402129,3004,0.0,4.0,1.0,13,9,1,1,12,0,1,0
402323,1719,0.0,3.0,1.0,11,4,4,2,10,0,1,0
402414,152,0.0,3.0,0.0,10,3,1,2,8,1,1,0
402427,3042,0.0,4.0,0.0,15,7,3,3,14,0,1,0
402763,4938,0.0,3.0,1.0,2,1,1,1,1,0,1,0
40297,4282,0.0,3.0,1.0,4,2,1,2,3,0,1,0
403232,1102,0.0,3.0,0.0,8,1,1,1,7,0,1,0
403708,3734,0.0,3.0,0.0,8,2,1,2,6,0,1,1
403963,3022,0.0,0.0,1.0,3,2,1,1,2,0,1,0
404053,951,0.0,2.0,null,6,2,1,1,5,0,1,0
404339,474,0.0,4.0,0.0,4,3,2,2,3,0,1,0
404638,2148,0.0,2.0,1.0,15,4,1,2,13,0,1,1
404839,4919,0.0,3.0,0.0,41,13,5,3,39,0,1,1
404959,1485,0.0,3.0,0.0,24,12,2,1,23,0,1,0
405350,653,0.0,0.0,1.0,2,1,1,1,0,0,1,1
406528,3965,0.0,6.0,1.0,12,3,1,3,10,0,1,1
406665,3105,0.0,2.0,1.0,5,1,1,3,3,1,1,0
407136,4394,0.0,0.0,0.0,7,2,1,1,6,0,1,0
407303,3734,0.0,2.0,1.0,28,10,4,1,27,0,1,0
407570,4542,0.0,3.0,0.0,2,1,1,1,1,0,1,0
407665,4369,0.0,2.0,1.0,6,1,1,3,5,0,1,0
407888,1742,0.0,4.0,1.0,31,6,1,2,30,0,1,0
407899,4864,0.0,5.0,1.0,11,4,2,1,9,0,1,1
407959,121,0.0,5.0,1.0,72,15,6,1,60,0,1,11
407970,2403,0.0,0.0,0.0,12,3,1,2,7,0,2,3
408040,4040,0.0,4.0,1.0,7,1,1,1,6,0,1,0
408051,1520,0.0,3.0,1.0,1,1,1,1,0,0,1,0
409352,901,0.0,4.0,1.0,3,1,1,1,2,0,1,0
410167,2566,0.0,0.0,null,3,1,1,1,2,0,1,0
410977,1495,0.0,4.0,1.0,17,4,1,3,14,1,2,0
410986,2217,0.0,2.0,0.0,10,2,1,1,8,0,2,0
411179,505,0.0,3.0,0.0,3,1,1,1,2,0,1,0
411325,437,0.0,0.0,1.0,2,2,2,2,1,0,1,0
411774,1340,0.0,0.0,0.0,25,19,4,2,23,0,2,0
411921,1491,0.0,6.0,1.0,17,4,2,2,16,0,1,0
411982,3484,0.0,2.0,1.0,74,19,3,11,68,0,1,5
412495,3057,0.0,3.0,1.0,8,3,2,2,7,0,1,0
412533,1399,0.0,5.0,0.0,14,5,1,3,12,0,1,1
412644,1487,0.0,3.0,0.0,17,5,1,1,15,0,1,1
413179,1719,0.0,0.0,0.0,2,1,1,1,1,0,1,0
414016,1472,0.0,0.0,0.0,12,4,1,1,11,0,1,0
414042,1760,0.0,4.0,1.0,21,7,2,5,19,0,1,1
414289,946,0.0,0.0,0.0,17,2,1,2,15,0,2,0
414553,3925,0.0,0.0,0.0,22,8,2,4,19,0,1,2
414835,897,0.0,4.0,0.0,1,1,1,1,0,0,1,0
416238,1760,1.0,2.0,0.0,1,1,1,1,0,0,1,0
416286,1884,0.0,4.0,0.0,5,2,1,1,4,0,1,0
416310,124,0.0,4.0,1.0,4,1,1,1,3,0,1,0
416424,1200,0.0,4.0,1.0,20,8,2,1,17,0,3,0
416515,1678,0.0,0.0,0.0,6,3,2,2,5,0,1,0
416957,4427,0.0,0.0,1.0,3,1,1,1,2,0,1,0
417882,3990,0.0,5.0,0.0,15,1,1,5,14,0,1,0
418028,4659,0.0,5.0,0.0,6,1,1,3,5,0,1,0
41925,3971,0.0,3.0,1.0,1,1,1,1,0,0,1,0
41928,204,0.0,4.0,1.0,5,2,1,2,4,0,1,0
419416,551,0.0,5.0,0.0,24,2,1,1,22,0,2,0
419946,1502,0.0,3.0,0.0,3,1,1,1,2,0,1,0
420307,778,0.0,null,null,4,1,1,1,3,0,1,0
420791,685,0.0,5.0,1.0,24,4,1,4,21,0,3,0
420818,1264,0.0,0.0,0.0,55,15,1,2,50,0,5,0
420990,508,0.0,5.0,0.0,8,3,1,1,7,0,1,0
421098,606,0.0,3.0,0.0,8,4,3,3,7,0,1,0
421646,3472,0.0,0.0,1.0,8,1,1,2,7,0,1,0
421738,148,0.0,4.0,0.0,11,3,1,2,8,0,2,1
42217,4234,0.0,5.0,0.0,5,2,2,3,4,0,1,0
422263,437,0.0,3.0,0.0,8,4,1,1,7,0,1,0
422702,2913,0.0,3.0,0.0,2,2,1,1,1,0,1,0
42401,1203,1.0,3.0,1.0,5,3,1,2,2,0,2,1
42412,3525,0.0,3.0,0.0,2,1,1,1,0,0,1,1
42543,1102,0.0,5.0,1.0,18,12,3,1,15,0,2,1
42619,276,0.0,3.0,0.0,20,1,1,2,19,0,1,0
43454,3042,0.0,4.0,0.0,16,8,3,1,13,0,2,1
43670,2537,0.0,4.0,0.0,8,4,3,2,6,0,2,0
43988,141,0.0,6.0,0.0,13,7,4,3,12,0,1,0
44069,3862,1.0,0.0,0.0,3,1,1,1,1,0,2,0
44625,1923,0.0,2.0,1.0,8,5,2,1,7,0,1,0
4475,1464,0.0,0.0,0.0,22,4,1,3,20,0,1,1
45055,1618,0.0,6.0,0.0,4,1,1,1,3,0,1,0
45064,2124,0.0,5.0,1.0,12,6,2,3,11,0,1,0
46626,3055,0.0,3.0,0.0,5,1,1,1,4,0,1,0
46676,3063,0.0,4.0,1.0,4,2,1,1,3,0,1,0
47532,1557,0.0,0.0,0.0,8,5,3,1,5,0,3,0
47567,4044,0.0,0.0,0.0,13,8,4,3,12,0,1,0
49000,1102,0.0,5.0,1.0,23,17,8,4,22,0,1,0
49016,190,0.0,4.0,1.0,3,1,1,1,2,0,1,0
49635,3305,0.0,2.0,0.0,6,1,1,1,5,0,1,0
49637,3306,0.0,6.0,1.0,4,1,1,2,3,0,1,0
49709,2745,0.0,0.0,1.0,11,4,2,3,9,0,1,1
49993,946,0.0,5.0,0.0,46,23,5,4,37,7,2,0
50522,3484,0.0,0.0,1.0,4,1,1,2,2,0,1,1
50777,1833,0.0,7.0,0.0,6,2,1,1,5,0,1,0
50946,3955,0.0,3.0,0.0,3,2,1,1,2,0,1,0
51718,900,0.0,5.0,0.0,2,1,1,1,0,0,2,0
5185,10,0.0,4.0,1.0,1,1,1,1,0,0,1,0
51996,4568,0.0,5.0,1.0,8,3,3,2,7,0,1,0
52273,4756,0.0,6.0,0.0,3,2,2,2,2,0,1,0
52335,882,0.0,3.0,0.0,3,1,1,2,2,0,1,0
5267,1704,0.0,0.0,1.0,12,3,1,3,11,0,1,0
53067,2711,0.0,4.0,0.0,16,4,2,4,15,0,1,0
53314,236,0.0,5.0,0.0,8,5,3,1,6,0,2,0
54237,3682,0.0,4.0,1.0,32,8,2,4,25,0,1,6
54440,3105,0.0,3.0,0.0,15,4,1,3,13,0,1,1
54665,1851,0.0,6.0,1.0,1,1,1,1,0,0,1,0
5468,3624,0.0,3.0,0.0,4,3,1,1,3,0,1,0
54812,3971,0.0,3.0,0.0,1,1,1,1,0,0,1,0
54926,2928,0.0,5.0,1.0,3,2,2,1,2,0,1,0
55228,3200,0.0,0.0,0.0,2,1,1,2,1,0,1,0
5557,1484,0.0,2.0,2.0,6,2,2,1,5,0,1,0
55880,1522,0.0,3.0,1.0,4,1,1,1,3,0,1,0
56326,1028,0.0,5.0,1.0,3,2,1,1,2,0,1,0
56764,1102,0.0,3.0,0.0,5,3,3,2,4,0,1,0
56857,2217,0.0,4.0,0.0,1,1,1,1,0,0,1,0
57241,552,0.0,5.0,0.0,5,1,1,1,4,0,1,0
57393,1470,0.0,6.0,0.0,15,2,1,2,14,0,1,0
5792,190,0.0,0.0,0.0,6,2,2,1,5,0,1,0
59135,1434,0.0,null,null,4,2,1,3,3,0,1,0
5948,2279,0.0,0.0,0.0,3,2,2,1,2,0,1,0
60018,3289,0.0,3.0,0.0,13,6,4,1,8,0,1,4
60117,2430,0.0,0.0,1.0,2,1,1,1,1,0,1,0
6034,29,0.0,6.0,0.0,4,1,1,2,3,0,1,0
60382,255,0.0,0.0,0.0,3,1,1,1,2,0,1,0
61099,3319,0.0,4.0,0.0,1,1,1,1,0,0,1,0
61674,3323,1.0,3.0,1.0,11,4,1,2,10,0,1,0
61697,740,0.0,4.0,0.0,3,2,1,1,2,0,1,0
61768,652,0.0,0.0,0.0,3,2,1,1,1,0,2,0
61883,1704,0.0,3.0,0.0,6,3,2,2,3,0,1,2
62003,66,0.0,4.0,0.0,2,1,1,1,1,0,1,0
6208,4607,0.0,5.0,0.0,48,23,3,2,47,0,1,0
62194,148,0.0,5.0,1.0,3,2,2,1,2,0,1,0
62416,1959,0.0,2.0,0.0,6,1,1,2,5,0,1,0
62537,643,0.0,5.0,0.0,30,10,2,10,27,0,1,2
62623,2856,0.0,3.0,0.0,5,1,1,1,4,0,1,0
63152,2653,1.0,0.0,0.0,8,3,1,1,7,0,1,0
63845,3014,0.0,3.0,0.0,3,1,1,1,2,0,1,0
6399,4950,0.0,4.0,0.0,9,3,3,2,8,0,1,0
63996,1103,0.0,0.0,0.0,10,4,3,1,6,0,4,0
6416,3965,0.0,0.0,0.0,8,4,1,1,6,0,2,0
64200,4171,0.0,0.0,0.0,1,1,1,1,0,0,1,0
64325,798,0.0,3.0,1.0,2,1,1,1,1,0,1,0
64378,3323,0.0,3.0,0.0,10,4,1,6,9,0,1,0
64556,4173,1.0,3.0,0.0,11,7,5,3,10,0,1,0
64728,3784,0.0,3.0,1.0,1,1,1,1,0,0,1,0
64918,58,0.0,2.0,0.0,1,1,1,1,0,0,1,0
65562,3444,0.0,0.0,1.0,3,1,1,1,2,0,1,0
65636,2047,0.0,4.0,1.0,4,2,1,1,3,0,1,0
65671,1102,0.0,0.0,0.0,56,34,7,3,54,0,1,1
65759,110,0.0,5.0,0.0,4,1,1,2,3,0,1,0
65823,643,0.0,5.0,0.0,2,1,1,1,1,0,1,0
66030,2609,0.0,0.0,1.0,2,1,1,1,0,0,2,0
66243,547,0.0,5.0,0.0,7,5,1,2,5,0,1,1
6631,3629,0.0,3.0,0.0,5,1,1,1,4,0,1,0
66372,1340,0.0,0.0,0.0,19,4,1,1,17,0,2,0
66552,1489,0.0,5.0,1.0,4,2,2,1,2,0,2,0
66645,4768,0.0,3.0,0.0,7,1,1,1,5,0,1,1
66854,4367,0.0,3.0,0.0,11,1,1,3,9,0,1,1
66885,4181,0.0,2.0,1.0,13,9,5,1,12,0,1,0
67886,2767,0.0,0.0,0.0,18,1,1,3,16,0,1,1
6792,2128,0.0,4.0,0.0,1,1,1,1,0,0,1,0
68203,3826,0.0,3.0,1.0,7,1,1,1,6,0,1,0
68459,1346,0.0,4.0,0.0,1,1,1,1,0,0,1,0
68758,4876,1.0,2.0,1.0,7,1,1,2,5,0,2,0
69097,2883,0.0,6.0,0.0,8,5,2,1,7,0,1,0
69235,2424,0.0,5.0,0.0,3,1,1,1,2,0,1,0
69239,786,0.0,7.0,0.0,1,1,1,1,0,0,1,0
69260,4183,0.0,0.0,0.0,7,1,1,2,6,0,1,0
69455,474,0.0,3.0,0.0,3,1,1,1,2,0,1,0
69544,2396,0.0,4.0,0.0,2,1,1,1,1,0,1,0
69695,3822,0.0,2.0,0.0,9,1,1,4,8,0,1,0
7035,4818,0.0,2.0,1.0,39,26,10,3,38,0,1,0
7043,310,0.0,2.0,1.0,1,1,1,1,0,0,1,0
71219,4129,0.0,2.0,0.0,133,34,4,3,124,0,1,8
71468,3618,0.0,5.0,1.0,8,3,1,1,7,0,1,0
71872,3607,0.0,0.0,1.0,6,4,2,1,5,0,1,0
71946,2669,0.0,2.0,1.0,4,1,1,2,2,0,1,1
72064,357,0.0,3.0,0.0,9,3,1,2,6,0,3,0
72116,4385,0.0,5.0,1.0,2,1,1,1,1,0,1,0
72727,1495,0.0,5.0,0.0,10,3,1,1,8,0,1,1
73157,3022,0.0,2.0,0.0,3,1,1,2,2,0,1,0
73322,3463,0.0,5.0,0.0,75,33,6,4,70,0,3,2
73435,3979,0.0,3.0,1.0,1,1,1,1,0,0,1,0
73523,3628,0.0,4.0,0.0,11,3,3,3,10,0,1,0
73978,2326,0.0,4.0,0.0,4,3,3,1,3,0,1,0
74395,2273,0.0,3.0,0.0,11,4,1,1,10,0,1,0
74404,3578,0.0,7.0,0.0,3,1,1,1,2,0,1,0
74421,2935,0.0,0.0,0.0,2,1,1,1,1,0,1,0
75376,4605,0.0,3.0,0.0,13,6,5,2,11,0,1,1
75457,1203,0.0,0.0,1.0,4,1,1,2,3,0,1,0
75754,2217,0.0,4.0,0.0,7,3,1,1,6,0,1,0
76210,2608,0.0,4.0,0.0,3,1,1,1,2,0,1,0
76826,2452,0.0,0.0,1.0,4,2,2,1,3,0,1,0
76996,141,1.0,0.0,0.0,24,6,5,3,21,0,2,1
77565,3570,0.0,5.0,0.0,10,6,3,2,9,0,1,0
77689,1890,0.0,5.0,0.0,10,3,1,3,6,0,1,3
78036,66,0.0,2.0,1.0,6,3,1,1,5,0,1,0
78056,2031,0.0,3.0,1.0,1,1,1,1,0,0,1,0
78082,4219,0.0,3.0,1.0,10,2,1,3,9,0,1,0
78346,1111,0.0,5.0,0.0,12,3,1,2,8,0,1,3
79311,412,0.0,4.0,0.0,2,2,2,1,0,0,2,0
79515,1239,1.0,3.0,0.0,2,2,2,2,1,0,1,0
79645,1031,0.0,3.0,1.0,14,3,1,2,12,0,1,1
79722,416,0.0,5.0,0.0,2,1,1,1,1,0,1,0
79772,3958,0.0,5.0,0.0,29,16,4,6,25,0,1,3
81037,4727,0.0,2.0,0.0,10,2,2,2,9,0,1,0
81203,3284,0.0,2.0,1.0,6,1,1,3,3,0,1,2
81223,1090,0.0,3.0,0.0,17,2,1,2,16,0,1,0
82245,102,0.0,3.0,1.0,2,1,1,2,1,0,1,0
82366,3826,0.0,4.0,0.0,11,2,1,5,7,0,2,2
82876,3105,0.0,3.0,0.0,4,3,1,1,3,0,1,0
83459,1791,0.0,3.0,0.0,4,1,1,1,3,0,1,0
83793,301,0.0,3.0,1.0,3,1,1,1,1,0,2,0
83860,3828,0.0,4.0,0.0,2,1,1,2,1,0,1,0
84085,4659,0.0,7.0,2.0,39,13,7,3,35,0,4,0
84465,4949,0.0,2.0,1.0,15,3,2,4,13,0,1,1
84754,2136,0.0,4.0,2.0,13,1,1,2,12,0,1,0
85307,649,0.0,4.0,0.0,9,1,1,3,7,0,1,1
85342,3205,0.0,6.0,0.0,4,2,1,1,3,0,1,0
85426,794,0.0,7.0,1.0,13,4,1,1,12,0,1,0
85760,3828,0.0,4.0,0.0,6,4,4,3,4,0,1,1
85822,2344,0.0,3.0,0.0,6,1,1,2,4,0,1,1
85940,1923,0.0,4.0,1.0,9,4,2,1,7,0,1,1
86492,1886,0.0,5.0,0.0,2,1,1,1,1,0,1,0
86743,4099,0.0,8.0,1.0,4,3,2,1,3,0,1,0
86890,219,0.0,2.0,0.0,37,17,1,8,31,0,1,5
87529,2537,0.0,4.0,0.0,19,13,5,3,18,0,1,0
87997,252,0.0,3.0,1.0,1,1,1,1,0,0,1,0
8836,1031,0.0,0.0,0.0,10,4,1,2,9,0,1,0
88475,3826,1.0,6.0,1.0,4,1,1,1,2,0,2,0
88821,2630,0.0,5.0,0.0,3,1,1,1,2,0,1,0
89604,4143,1.0,6.0,0.0,57,11,4,2,54,0,1,2
89630,2669,0.0,2.0,0.0,5,2,2,1,4,0,1,0
89809,3022,0.0,3.0,0.0,13,7,4,3,10,0,1,2
90097,361,0.0,5.0,0.0,3,1,1,1,2,0,1,0
90265,2273,0.0,3.0,0.0,3,1,1,2,2,0,1,0
90359,4982,0.0,3.0,0.0,4,2,2,2,2,0,2,0
9071,2629,0.0,5.0,1.0,4,1,1,1,3,0,1,0
91161,3614,0.0,4.0,1.0,2,2,1,2,0,0,1,1
91337,4009,0.0,4.0,1.0,7,1,1,2,6,0,1,0
91865,2634,0.0,0.0,1.0,3,1,1,1,2,0,1,0
92415,608,0.0,0.0,0.0,16,7,4,1,15,0,1,0
92636,3965,0.0,3.0,0.0,14,5,2,1,13,0,1,0
9272,1020,0.0,8.0,0.0,2,1,1,1,1,0,1,0
93110,4171,0.0,4.0,0.0,7,2,1,1,2,0,5,0
93621,1557,0.0,5.0,1.0,4,2,2,1,3,0,1,0
94291,4374,0.0,3.0,1.0,14,2,1,2,12,0,1,1
94668,1281,0.0,3.0,1.0,12,5,2,2,11,0,1,0
95179,687,1.0,3.0,0.0,13,3,1,2,12,0,1,0
95409,4976,0.0,3.0,1.0,40,12,4,4,34,0,1,5
95756,2424,0.0,2.0,0.0,4,1,1,1,3,0,1,0
97124,608,0.0,4.0,2.0,10,5,4,4,7,0,2,1
97190,4040,0.0,0.0,1.0,26,12,6,1,18,0,2,6
97649,4523,0.0,0.0,1.0,41,15,2,2,38,0,3,0
97746,2031,0.0,0.0,0.0,6,3,1,1,4,0,2,0
9785,4540,0.0,3.0,0.0,3,1,1,1,2,0,1,0
97891,3460,1.0,0.0,0.0,5,4,2,1,1,0,4,0
97946,2911,0.0,0.0,1.0,1,1,1,1,0,0,1,0
97951,1399,0.0,0.0,1.0,2,1,1,1,1,0,1,0
98006,4281,0.0,5.0,1.0,1,1,1,1,0,0,1,0
98329,803,0.0,5.0,2.0,3,2,1,1,1,0,2,0
98404,3629,0.0,4.0,0.0,14,1,1,3,12,0,2,0
99253,790,1.0,5.0,0.0,10,2,2,4,9,0,1,0
99343,1342,0.0,0.0,0.0,10,1,1,2,8,1,1,0
99425,2579,0.0,3.0,1.0,5,1,1,1,4,0,1,0
