100178,3291,1.0,2.0,0.0,7,2,1,1,6,0,1,0
100190,4871,0.0,3.0,1.0,4,2,2,1,2,0,2,0
100699,3266,0.0,0.0,0.0,6,1,1,3,5,0,1,0
101017,3956,0.0,0.0,0.0,8,6,3,1,7,0,1,0
102132,1618,0.0,3.0,1.0,1,1,1,1,0,0,1,0
102323,598,0.0,3.0,1.0,17,10,3,3,10,0,1,6
102681,700,0.0,4.0,0.0,1,1,1,1,0,0,1,0
102756,2737,0.0,3.0,0.0,2,1,1,1,1,0,1,0
103048,598,0.0,3.0,0.0,19,2,1,7,18,0,1,0
103112,1708,0.0,7.0,0.0,9,3,1,2,8,0,1,0
103857,4427,0.0,4.0,0.0,5,1,1,3,3,0,1,1
104047,2403,0.0,4.0,0.0,42,26,4,2,39,0,3,0
104070,503,0.0,2.0,1.0,4,2,1,2,3,0,1,0
104149,310,0.0,3.0,0.0,3,2,2,2,2,0,1,0
105058,4394,1.0,0.0,0.0,16,3,1,5,15,0,1,0
105124,911,0.0,4.0,0.0,9,6,3,2,7,0,1,1
105440,361,0.0,0.0,0.0,12,4,3,1,9,0,3,0
107224,1435,0.0,3.0,1.0,7,1,1,2,6,0,1,0
107432,3472,0.0,5.0,1.0,16,8,6,2,12,0,4,0
107500,2721,0.0,0.0,0.0,7,4,1,1,6,0,1,0
107510,2550,0.0,2.0,1.0,13,9,1,2,11,0,2,0
107678,806,0.0,4.0,0.0,10,5,2,2,8,0,2,0
107885,2403,0.0,4.0,0.0,11,7,1,2,2,0,3,6
108728,1597,0.0,4.0,1.0,4,1,1,1,3,0,1,0
109343,1340,0.0,6.0,0.0,32,15,3,3,31,0,1,0
109398,256,0.0,4.0,0.0,3,1,1,1,2,0,1,0
109496,3828,0.0,3.0,0.0,1,1,1,1,0,0,1,0
109506,1102,0.0,3.0,0.0,10,3,3,3,9,0,1,0
109647,1708,0.0,3.0,1.0,6,1,1,1,5,0,1,0
109707,2537,0.0,3.0,0.0,2,1,1,1,1,0,1,0
110019,3304,0.0,4.0,0.0,12,4,3,2,10,0,2,0
110211,1056,0.0,0.0,1.0,4,2,2,3,3,0,1,0
110346,3954,0.0,2.0,1.0,17,3,1,4,12,0,1,4
110622,2173,0.0,4.0,0.0,11,6,2,4,10,0,1,0
110813,4585,0.0,3.0,0.0,1,1,1,1,0,0,1,0
111383,396,0.0,3.0,1.0,3,1,1,1,1,0,2,0
113136,1742,0.0,3.0,0.0,14,8,1,1,13,0,1,0
113205,3419,0.0,2.0,1.0,6,2,2,2,5,0,1,0
113963,1131,0.0,3.0,0.0,13,5,1,2,11,1,1,0
114139,4044,0.0,3.0,2.0,70,45,11,7,68,0,1,1
114881,588,0.0,7.0,1.0,3,2,1,1,2,0,1,0
114951,2936,0.0,2.0,1.0,1,1,1,1,0,0,1,0
115208,4427,0.0,4.0,0.0,35,19,5,2,29,0,5,1
11552,3826,0.0,3.0,1.0,4,1,1,1,3,0,1,0
115608,1833,1.0,6.0,1.0,21,13,3,1,17,0,4,0
115638,4086,0.0,3.0,0.0,3,1,1,1,2,0,1,0
11577,4871,0.0,2.0,0.0,3,1,1,2,1,0,2,0
115872,3396,0.0,0.0,0.0,13,6,1,1,10,0,1,2
11623,685,0.0,0.0,0.0,4,1,1,1,2,1,1,0
116270,4775,0.0,4.0,0.0,2,1,1,1,1,0,1,0
11672,671,0.0,4.0,0.0,8,4,4,2,7,0,1,0
117275,2277,0.0,0.0,0.0,10,2,2,2,8,1,1,0
11838,1276,0.0,0.0,0.0,5,3,1,1,4,0,1,0
118641,590,0.0,0.0,1.0,10,5,2,1,9,0,1,0
1194,4708,0.0,4.0,1.0,3,1,1,2,2,0,1,0
11959,786,0.0,2.0,0.0,12,5,4,3,11,0,1,0
119799,1922,0.0,4.0,0.0,2,1,1,1,1,0,1,0
119915,2269,0.0,null,null,9,1,1,1,8,0,1,0
120182,2515,0.0,3.0,0.0,17,6,1,2,15,0,2,0
120414,310,0.0,2.0,1.0,1,1,1,1,0,0,1,0
120562,474,0.0,4.0,1.0,13,7,5,2,8,0,5,0
121619,293,0.0,0.0,0.0,4,1,1,3,3,0,1,0
122157,1346,0.0,3.0,0.0,7,3,1,1,6,0,1,0
122284,1340,0.0,5.0,0.0,17,10,4,5,13,0,2,2
122375,3205,0.0,4.0,0.0,14,2,1,2,12,0,2,0
122433,2761,0.0,7.0,1.0,4,1,1,1,3,0,1,0
122569,4040,0.0,0.0,0.0,15,3,2,3,14,0,1,0
122601,4871,0.0,0.0,0.0,3,2,1,3,2,0,1,0
122717,1145,0.0,4.0,0.0,4,1,1,1,3,0,1,0
123065,742,0.0,3.0,0.0,1,1,1,1,0,0,1,0
123110,3623,0.0,0.0,null,3,1,1,1,2,0,1,0
123181,2447,0.0,3.0,0.0,4,2,1,1,3,0,1,0
123189,4847,0.0,0.0,0.0,6,1,1,1,5,0,1,0
123367,3080,0.0,3.0,1.0,8,1,1,2,7,0,1,0
124436,114,0.0,4.0,0.0,19,4,2,4,17,0,2,0
124670,4662,0.0,3.0,0.0,3,1,1,2,2,0,1,0
124710,73,0.0,3.0,2.0,5,2,2,2,4,0,1,0
124789,1132,0.0,6.0,0.0,2,1,1,1,1,0,1,0
12497,3230,0.0,3.0,1.0,3,1,1,1,2,0,1,0
124984,3828,0.0,0.0,0.0,16,10,1,1,15,0,1,0
125561,4170,0.0,5.0,0.0,12,3,1,2,11,0,1,0
125614,1573,0.0,3.0,1.0,13,2,1,2,12,0,1,0
125732,4616,0.0,3.0,0.0,5,2,2,1,4,0,1,0
125860,4728,0.0,3.0,0.0,6,2,1,1,4,0,2,0
125895,3593,0.0,5.0,1.0,8,4,2,1,7,0,1,0
126194,4048,0.0,0.0,0.0,7,3,1,1,6,0,1,0
126244,1310,0.0,2.0,0.0,3,2,2,1,2,0,1,0
126406,4906,0.0,6.0,0.0,7,2,1,1,6,0,1,0
126723,967,0.0,6.0,0.0,4,2,1,1,3,0,1,0
127192,2108,0.0,3.0,0.0,1,1,1,1,0,0,1,0
128072,2482,0.0,3.0,0.0,8,4,3,2,6,0,2,0
128110,1494,0.0,8.0,1.0,7,3,2,2,5,0,2,0
128658,1840,0.0,5.0,1.0,1,1,1,1,0,0,1,0
128905,4932,0.0,5.0,1.0,4,2,2,1,2,0,2,0
129768,4336,0.0,0.0,0.0,8,3,1,3,7,0,1,0
130719,63,0.0,3.0,0.0,15,4,1,3,14,0,1,0
130799,4394,0.0,0.0,0.0,1,1,1,1,0,0,1,0
131234,1102,0.0,3.0,1.0,1,1,1,1,0,0,1,0
131388,1742,0.0,4.0,0.0,14,2,1,2,13,0,1,0
131940,4043,0.0,2.0,1.0,3,1,1,1,2,0,1,0
132069,1900,0.0,0.0,0.0,5,1,1,2,3,0,2,0
132100,4277,0.0,6.0,1.0,13,1,1,1,12,0,1,0
133003,102,0.0,4.0,1.0,4,1,1,3,2,0,1,1
133138,416,0.0,6.0,1.0,3,1,1,1,2,0,1,0
133140,437,0.0,4.0,0.0,7,5,3,1,6,0,1,0
133151,1892,0.0,4.0,2.0,13,7,5,2,10,0,3,0
133353,160,0.0,6.0,1.0,19,2,1,2,18,0,1,0
133784,4871,0.0,2.0,1.0,7,1,1,1,6,0,1,0
134705,2482,0.0,3.0,0.0,3,1,1,1,2,0,1,0
134749,1102,1.0,0.0,0.0,83,57,13,9,82,0,1,0
134751,200,0.0,3.0,0.0,4,2,2,1,3,0,1,0
134833,1520,0.0,0.0,0.0,10,3,1,3,9,0,1,0
135020,3593,0.0,3.0,1.0,18,5,1,1,17,0,1,0
135208,1500,0.0,3.0,1.0,9,4,1,1,8,0,1,0
135300,3878,0.0,4.0,0.0,3,2,1,2,2,0,1,0
135432,1039,0.0,2.0,1.0,5,3,1,1,4,0,1,0
135463,58,0.0,2.0,1.0,2,1,1,1,1,0,1,0
135685,4558,1.0,2.0,0.0,13,6,4,2,10,0,3,0
136141,3022,0.0,2.0,1.0,2,1,1,1,1,0,1,0
136153,1272,0.0,2.0,0.0,5,2,1,3,3,0,1,1
13653,1892,0.0,0.0,0.0,5,3,2,1,3,0,2,0
136691,740,0.0,2.0,0.0,6,1,1,1,4,0,1,1
136731,3826,0.0,3.0,1.0,2,1,1,1,0,0,1,1
137205,1096,0.0,3.0,1.0,10,3,1,2,9,0,1,0
137442,2026,0.0,2.0,0.0,7,1,1,1,5,1,1,0
137591,3042,1.0,0.0,2.0,1,1,1,1,0,0,1,0
137838,1276,0.0,2.0,0.0,1,1,1,1,0,0,1,0
138530,4708,1.0,4.0,0.0,21,8,7,1,16,0,1,4
139211,2313,0.0,7.0,0.0,2,1,1,1,1,0,1,0
139234,1102,0.0,2.0,0.0,5,1,1,2,4,0,1,0
139237,3163,0.0,3.0,1.0,7,1,1,1,0,0,7,0
139362,3609,0.0,3.0,1.0,23,12,1,1,19,0,4,0
13960,1833,0.0,0.0,0.0,15,4,1,1,13,0,1,1
140079,2193,0.0,3.0,1.0,8,2,1,1,7,0,1,0
140081,608,0.0,4.0,0.0,19,6,4,6,14,0,1,4
140336,643,0.0,4.0,1.0,4,1,1,1,2,0,2,0
140750,2784,0.0,4.0,1.0,2,1,1,1,1,0,1,0
141387,4007,0.0,0.0,1.0,2,1,1,1,1,0,1,0
141684,2768,0.0,5.0,0.0,3,1,1,2,2,0,1,0
141745,4009,0.0,0.0,0.0,8,3,1,3,5,0,2,1
141813,1905,0.0,3.0,0.0,3,1,1,1,2,0,1,0
141988,4768,0.0,3.0,0.0,68,38,2,3,65,0,3,0
142061,4558,0.0,6.0,0.0,6,2,1,2,5,0,1,0
142178,2699,0.0,4.0,0.0,13,7,3,2,11,0,2,0
142189,1861,0.0,6.0,1.0,2,1,1,1,1,0,1,0
14272,4727,0.0,0.0,1.0,19,11,2,1,18,0,1,0
143385,4858,0.0,3.0,0.0,9,1,1,2,7,0,1,1
143432,4079,1.0,3.0,0.0,3,1,1,1,2,0,1,0
143450,4523,0.0,4.0,0.0,16,6,2,1,14,0,2,0
14362,317,0.0,0.0,0.0,2,1,1,1,1,0,1,0
143950,2162,0.0,0.0,null,21,7,1,3,18,0,1,2
144089,574,0.0,0.0,0.0,5,1,1,2,4,0,1,0
144152,3016,0.0,3.0,0.0,57,13,6,1,52,0,5,0
144639,1840,0.0,0.0,0.0,2,1,1,1,1,0,1,0
145074,323,0.0,4.0,1.0,5,1,1,2,4,0,1,0
145096,4120,0.0,0.0,0.0,2,1,1,2,1,0,1,0
145097,1618,0.0,6.0,0.0,6,1,1,1,5,0,1,0
145201,2856,0.0,3.0,1.0,2,1,1,1,1,0,1,0
145453,4976,0.0,0.0,0.0,6,3,2,2,5,0,1,0
145835,4049,0.0,4.0,1.0,10,3,2,4,9,0,1,0
146224,1538,0.0,0.0,0.0,10,4,1,1,9,0,1,0
14631,1272,1.0,6.0,1.0,4,2,2,3,3,0,1,0
146344,3828,0.0,4.0,0.0,15,4,2,1,13,0,1,1
147932,3363,0.0,3.0,2.0,1,1,1,1,0,0,1,0
14911,416,0.0,3.0,0.0,17,8,2,5,16,0,1,0
149323,3108,0.0,8.0,0.0,11,4,3,3,10,0,1,0
149430,2393,0.0,0.0,0.0,1,1,1,1,0,0,1,0
1497,1353,0.0,6.0,0.0,6,1,1,1,4,0,2,0
150121,2545,0.0,3.0,1.0,6,2,2,1,4,0,2,0
15033,2048,0.0,3.0,0.0,2,1,1,1,1,0,1,0
150968,2579,0.0,4.0,1.0,5,3,1,3,4,0,1,0
151207,4499,0.0,3.0,0.0,8,3,2,1,6,0,2,0
151417,2911,0.0,3.0,0.0,11,3,1,2,10,0,1,0
151477,275,0.0,0.0,0.0,5,2,2,1,4,0,1,0
151607,1892,0.0,3.0,0.0,6,4,3,4,3,0,1,2
151727,4173,1.0,2.0,0.0,17,15,6,4,5,0,1,11
151732,4744,0.0,2.0,0.0,8,3,1,2,7,0,1,0
15192,1166,0.0,4.0,0.0,5,1,1,2,4,0,1,0
15200,3152,1.0,4.0,0.0,5,3,2,1,4,0,1,0
152225,2138,0.0,3.0,0.0,24,12,6,2,19,0,5,0
152250,1900,0.0,2.0,1.0,1,1,1,1,0,0,1,0
15240,3469,0.0,2.0,1.0,13,6,2,2,12,0,1,0
152843,3822,0.0,3.0,1.0,1,1,1,1,0,0,1,0
153020,255,0.0,3.0,0.0,15,6,1,2,13,0,2,0
153141,2824,0.0,6.0,0.0,6,2,1,1,5,0,1,0
15513,4659,0.0,4.0,0.0,42,17,10,4,32,0,2,8
155198,1749,0.0,0.0,0.0,8,4,3,4,7,0,1,0
155284,2032,0.0,6.0,0.0,2,1,1,1,1,0,1,0
155350,1459,0.0,0.0,1.0,3,1,1,1,2,0,1,0
155405,437,0.0,3.0,0.0,3,2,1,1,1,0,2,0
155979,1846,0.0,6.0,0.0,3,1,1,1,2,0,1,0
156774,4864,0.0,0.0,1.0,13,3,2,1,12,0,1,0
156806,2122,0.0,5.0,0.0,9,3,2,1,8,0,1,0
156825,2883,0.0,0.0,1.0,7,1,1,2,6,0,1,0
156958,4525,0.0,2.0,0.0,19,9,2,1,15,0,4,0
157040,4287,0.0,4.0,1.0,9,3,3,2,7,0,2,0
157912,962,1.0,0.0,0.0,3,2,2,1,2,0,1,0
157949,498,0.0,4.0,0.0,16,5,1,3,13,0,2,1
158267,4349,0.0,5.0,0.0,6,2,1,1,5,0,1,0
15840,4933,0.0,2.0,0.0,8,5,1,3,7,0,1,0
158517,3954,0.0,2.0,1.0,1,1,1,1,0,0,1,0
158601,4864,0.0,4.0,1.0,9,1,1,3,8,0,1,0
158884,1833,0.0,0.0,0.0,21,16,2,1,20,0,1,0
15914,3230,0.0,4.0,1.0,3,1,1,2,2,0,1,0
159241,522,0.0,3.0,1.0,8,3,2,2,7,0,1,0
159856,1742,0.0,4.0,1.0,16,4,1,3,14,0,1,1
159881,2242,0.0,4.0,0.0,19,9,5,1,17,0,2,0
160305,4760,0.0,3.0,2.0,14,6,5,1,11,0,3,0
162474,968,0.0,0.0,0.0,2,2,1,2,0,1,1,0
16270,354,0.0,3.0,1.0,4,1,1,1,3,0,1,0
16310,3263,0.0,3.0,0.0,21,8,4,3,17,0,4,0
163425,4480,1.0,4.0,0.0,3,2,1,1,1,0,2,0
163699,121,0.0,6.0,1.0,19,10,5,1,14,0,5,0
164417,3828,0.0,4.0,0.0,11,6,5,3,10,0,1,0
164445,2217,0.0,0.0,0.0,10,1,1,1,9,0,1,0
164824,4648,0.0,0.0,1.0,1,1,1,1,0,0,1,0
165025,862,0.0,3.0,0.0,3,2,2,1,1,0,2,0
165601,4775,0.0,6.0,0.0,6,1,1,3,5,0,1,0
165657,846,0.0,6.0,0.0,2,1,1,1,1,0,1,0
165778,4818,0.0,3.0,1.0,16,6,2,3,13,0,1,2
16615,588,0.0,5.0,0.0,5,1,1,1,4,0,1,0
166300,4754,0.0,0.0,0.0,4,2,1,2,3,0,1,0
166530,4584,0.0,3.0,1.0,16,5,2,5,15,0,1,0
166540,4394,0.0,0.0,0.0,4,1,1,1,3,0,1,0
16721,3826,1.0,2.0,1.0,1,1,1,1,0,0,1,0
167596,361,0.0,5.0,0.0,13,7,2,2,12,0,1,0
167704,4659,0.0,0.0,1.0,1,1,1,1,0,0,1,0
167930,1102,0.0,4.0,0.0,2,1,1,1,1,0,1,0
167937,3355,0.0,3.0,1.0,8,3,2,3,7,0,1,0
168413,1629,0.0,3.0,1.0,9,2,1,3,7,0,1,1
168518,2669,0.0,3.0,0.0,9,4,2,1,7,0,1,1
168550,98,0.0,3.0,0.0,3,1,1,1,2,0,1,0
169158,4269,0.0,4.0,0.0,37,10,1,2,36,0,1,0
169718,1632,0.0,0.0,0.0,14,2,1,2,13,0,1,0
170057,2856,0.0,4.0,2.0,9,6,1,1,8,0,1,0
170384,3288,0.0,3.0,1.0,6,2,1,2,5,0,1,0
170421,361,0.0,3.0,0.0,18,2,2,1,16,0,1,1
170497,721,0.0,4.0,1.0,4,2,1,1,3,0,1,0
170555,1423,0.0,5.0,0.0,4,1,1,1,3,0,1,0
171148,3152,0.0,6.0,0.0,3,1,1,1,2,0,1,0
17116,3015,0.0,3.0,0.0,6,2,1,1,4,0,2,0
171292,3392,0.0,2.0,1.0,6,1,1,2,5,0,1,0
171491,1742,0.0,6.0,1.0,6,3,1,1,5,0,1,0
17160,4475,0.0,0.0,0.0,6,1,1,2,4,0,1,1
17169,1543,0.0,3.0,1.0,2,1,1,1,1,0,1,0
17277,1150,0.0,5.0,0.0,2,2,2,1,0,0,2,0
173059,598,0.0,3.0,0.0,7,5,1,2,6,0,1,0
174143,586,0.0,4.0,0.0,8,6,4,2,7,0,1,0
174164,1736,0.0,4.0,0.0,5,4,1,2,4,0,1,0
174443,156,0.0,2.0,0.0,6,3,1,1,5,0,1,0
174509,1393,0.0,2.0,0.0,43,30,4,5,42,0,1,0
174600,2217,0.0,8.0,0.0,7,2,1,2,5,0,2,0
175240,606,0.0,3.0,0.0,4,2,1,1,3,0,1,0
175316,985,0.0,6.0,0.0,4,1,1,1,3,0,1,0
175746,1407,0.0,4.0,0.0,3,1,1,1,2,0,1,0
175956,1347,0.0,2.0,0.0,5,3,1,1,4,0,1,0
176241,4394,0.0,3.0,0.0,5,3,1,1,4,0,1,0
176263,2891,0.0,2.0,0.0,2,2,1,2,0,0,1,1
176480,778,0.0,0.0,1.0,23,5,2,3,21,0,1,1
176608,4287,0.0,4.0,1.0,1,1,1,1,0,0,1,0
177110,606,0.0,0.0,1.0,6,2,1,1,5,0,1,0
177455,4394,0.0,0.0,0.0,8,6,3,1,7,0,1,0
177565,1500,0.0,0.0,0.0,2,1,1,1,1,0,1,0
17761,2482,0.0,2.0,0.0,31,12,6,3,29,0,2,0
178081,603,0.0,4.0,0.0,12,8,5,1,10,0,2,0
178487,1056,0.0,5.0,0.0,19,10,5,3,12,0,2,5
178542,2459,0.0,3.0,0.0,21,7,3,4,20,0,1,0
17892,3826,0.0,2.0,0.0,3,1,1,2,1,0,1,1
178975,3828,0.0,0.0,0.0,27,17,8,6,26,0,1,0
179239,47,0.0,2.0,0.0,1,1,1,1,0,0,1,0
179364,1356,1.0,5.0,0.0,4,1,1,1,3,0,1,0
17984,3528,0.0,6.0,0.0,9,2,1,4,7,0,1,1
179870,2014,0.0,4.0,0.0,1,1,1,1,0,0,1,0
181366,3472,0.0,3.0,0.0,5,3,1,1,4,0,1,0
181373,323,0.0,3.0,1.0,12,1,1,2,10,0,1,1
181477,1890,0.0,4.0,0.0,3,1,1,1,2,0,1,0
181515,2482,1.0,2.0,0.0,3,2,1,3,0,0,1,2
182086,598,0.0,3.0,1.0,6,2,2,1,5,0,1,0
182160,3839,0.0,5.0,2.0,4,1,1,1,3,0,1,0
182257,963,0.0,4.0,1.0,8,2,1,2,6,0,1,1
183038,2403,1.0,3.0,0.0,20,5,1,3,19,0,1,0
183772,4267,0.0,5.0,0.0,11,10,3,1,10,0,1,0
18388,1760,0.0,3.0,0.0,17,7,2,5,15,0,2,0
184250,3345,0.0,2.0,1.0,3,1,1,3,1,0,1,1
184418,1679,1.0,0.0,0.0,10,6,3,2,9,0,1,0
184738,4735,0.0,0.0,1.0,8,2,2,2,7,0,1,0
18504,1910,0.0,3.0,1.0,4,1,1,2,3,0,1,0
185079,1056,0.0,0.0,0.0,6,4,3,2,5,0,1,0
185406,1487,0.0,4.0,1.0,1,1,1,1,0,0,1,0
185747,682,0.0,3.0,0.0,7,5,2,2,6,0,1,0
185993,2502,0.0,7.0,1.0,6,2,1,1,5,0,1,0
186100,1861,0.0,4.0,0.0,2,1,1,1,1,0,1,0
186121,2767,0.0,3.0,0.0,2,1,1,1,0,0,2,0
186173,3955,0.0,0.0,0.0,6,1,1,3,4,0,1,1
186346,2482,0.0,2.0,0.0,2,2,1,1,0,0,2,0
186499,10,0.0,0.0,1.0,4,1,1,1,3,0,1,0
186624,4818,0.0,5.0,0.0,20,13,5,2,19,0,1,0
187173,4438,0.0,3.0,1.0,4,1,1,2,3,0,1,0
187369,414,0.0,7.0,0.0,19,10,4,3,18,0,1,0
187435,1370,1.0,3.0,0.0,3,1,1,1,1,0,2,0
187469,4282,0.0,2.0,1.0,17,4,1,2,14,0,2,1
187787,3623,0.0,3.0,0.0,8,3,2,1,6,0,2,0
187972,3484,0.0,5.0,1.0,7,3,1,3,6,0,1,0
188169,4976,0.0,3.0,1.0,4,2,2,1,2,0,2,0
188361,190,0.0,4.0,1.0,3,2,1,1,2,0,1,0
188393,2305,1.0,4.0,2.0,11,4,2,1,9,0,2,0
188527,1892,0.0,3.0,0.0,4,3,1,1,3,0,1,0
188774,4469,0.0,2.0,0.0,15,3,1,1,13,0,1,1
188882,2403,0.0,3.0,0.0,10,6,2,2,8,0,1,1
189425,643,0.0,3.0,0.0,8,3,3,2,6,0,2,0
18994,3578,0.0,3.0,0.0,17,4,1,3,14,0,1,2
190319,598,0.0,3.0,1.0,15,7,3,5,12,0,1,2
190385,2403,0.0,4.0,0.0,4,4,2,1,0,0,3,1
190573,4842,0.0,3.0,0.0,5,1,1,2,4,0,1,0
190878,946,0.0,0.0,0.0,12,8,3,3,11,0,1,0
191173,4847,1.0,0.0,0.0,192,69,16,17,188,0,2,2
191473,1890,0.0,3.0,null,6,3,2,2,5,0,1,0
191507,2124,0.0,4.0,1.0,25,13,1,1,24,0,1,0
191688,2273,0.0,3.0,1.0,7,1,1,2,6,0,1,0
191978,817,0.0,0.0,1.0,11,2,2,4,9,0,1,1
19224,436,0.0,4.0,0.0,6,2,1,1,5,0,1,0
192307,4438,0.0,5.0,0.0,8,2,1,2,7,0,1,0
192496,2888,0.0,4.0,0.0,2,1,1,1,1,0,1,0
1926,1013,0.0,4.0,0.0,1,1,1,1,0,0,1,0
192671,3249,0.0,0.0,0.0,2,1,1,1,1,0,1,0
192724,1840,0.0,5.0,0.0,2,1,1,1,1,0,1,0
193285,598,0.0,2.0,1.0,8,3,1,3,7,0,1,0
193919,2277,0.0,3.0,0.0,8,1,1,4,6,0,1,1
194197,2273,0.0,3.0,0.0,5,2,1,3,4,0,1,0
194487,2273,0.0,5.0,1.0,17,1,1,1,16,0,1,0
194795,778,0.0,2.0,0.0,2,1,1,1,1,0,1,0
194807,4427,0.0,2.0,1.0,2,1,1,1,1,0,1,0
195817,4658,0.0,4.0,0.0,4,1,1,1,3,0,1,0
196083,2592,0.0,4.0,0.0,8,2,2,4,7,0,1,0
196235,1619,0.0,2.0,0.0,1,1,1,1,0,0,1,0
19671,4513,0.0,4.0,0.0,4,1,1,1,3,0,1,0
196753,141,0.0,0.0,0.0,4,3,1,1,3,0,1,0
196915,2047,0.0,3.0,2.0,9,1,1,2,7,0,1,1
196932,4808,0.0,3.0,0.0,4,1,1,2,2,0,1,1
197548,3734,0.0,null,null,29,7,3,1,27,0,2,0
197845,1117,0.0,6.0,0.0,3,1,1,1,2,0,1,0
19847,1487,0.0,0.0,0.0,23,5,1,4,22,0,1,0
198558,4785,0.0,3.0,0.0,4,2,1,2,3,0,1,0
199475,133,0.0,2.0,1.0,3,1,1,1,2,0,1,0
199564,4760,0.0,2.0,1.0,7,3,3,1,5,0,2,0
200183,4090,0.0,0.0,0.0,2,1,1,2,0,0,1,1
20097,2824,0.0,0.0,0.0,8,2,2,1,6,0,1,1
201098,361,0.0,3.0,1.0,12,5,2,3,11,0,1,0
2017,897,0.0,3.0,0.0,3,1,1,1,2,0,1,0
202235,1131,0.0,3.0,0.0,10,5,3,1,9,0,1,0
202267,1827,0.0,7.0,0.0,3,2,1,1,2,0,1,0
20251,2026,0.0,2.0,1.0,3,2,1,1,2,0,1,0
202677,1495,0.0,6.0,0.0,6,3,2,1,4,0,2,0
202880,2427,0.0,2.0,1.0,9,5,1,1,8,0,1,0
203265,2767,0.0,7.0,1.0,4,1,1,2,3,0,1,0
203442,4043,0.0,0.0,0.0,19,1,1,4,18,0,1,0
203734,1592,0.0,8.0,0.0,13,4,2,1,12,0,1,0
20379,812,0.0,0.0,0.0,1,1,1,1,0,0,1,0
203938,107,0.0,3.0,0.0,3,1,1,1,2,0,1,0
204038,4976,0.0,3.0,0.0,15,7,1,1,14,0,1,0
2045,4855,1.0,4.0,0.0,10,1,1,2,9,0,1,0
204519,4044,0.0,0.0,0.0,11,2,2,3,8,0,1,2
204529,2699,0.0,4.0,0.0,23,4,3,2,19,0,4,0
205145,2489,0.0,3.0,1.0,7,2,1,1,4,0,3,0
205239,3350,1.0,5.0,0.0,4,1,1,2,1,0,2,1
205795,437,0.0,6.0,0.0,21,8,1,1,20,0,1,0
206104,191,0.0,3.0,1.0,3,1,1,1,2,0,1,0
206917,4047,0.0,4.0,0.0,17,4,2,4,15,0,1,1
207386,2928,1.0,7.0,1.0,34,7,2,2,27,0,3,4
207394,4864,0.0,6.0,1.0,2,2,1,1,0,0,2,0
207413,3930,1.0,0.0,0.0,38,2,2,2,36,0,2,0
207937,2880,0.0,2.0,0.0,9,3,1,1,8,0,1,0
208223,2761,0.0,0.0,1.0,2,1,1,1,1,0,1,0
208519,1283,0.0,2.0,0.0,8,4,2,2,6,0,1,1
208701,1024,0.0,5.0,0.0,13,3,1,2,12,0,1,0
208923,1421,0.0,3.0,0.0,1,1,1,1,0,0,1,0
209245,2854,0.0,3.0,1.0,1,1,1,1,0,0,1,0
209308,608,0.0,3.0,0.0,14,2,1,1,13,0,1,0
209667,1467,0.0,0.0,1.0,16,2,1,8,14,0,1,1
21056,3303,0.0,5.0,0.0,2,1,1,1,1,0,1,0
210578,3323,0.0,3.0,1.0,12,3,1,1,11,0,1,0
210739,1784,0.0,4.0,0.0,3,1,1,1,1,0,2,0
210984,3578,0.0,0.0,0.0,4,2,2,3,3,0,1,0
211547,2511,0.0,2.0,0.0,16,4,3,3,14,0,1,1
211653,2031,0.0,3.0,0.0,5,3,1,2,4,0,1,0
212040,3683,0.0,2.0,null,2,1,1,1,1,0,1,0
212161,2138,0.0,0.0,0.0,3,3,2,1,0,0,3,0
212164,3828,0.0,3.0,0.0,31,10,2,4,28,0,1,2
212262,4756,0.0,0.0,0.0,15,6,1,2,10,0,5,0
21263,1577,0.0,3.0,0.0,2,1,1,1,1,0,1,0
213534,2669,0.0,3.0,0.0,17,6,2,4,13,0,2,2
213658,1500,0.0,4.0,1.0,6,1,1,2,5,0,1,0
213864,4708,0.0,4.0,1.0,11,10,5,2,10,0,1,0
214478,4048,0.0,5.0,0.0,16,4,1,1,12,0,4,0
21497,4044,0.0,2.0,0.0,14,11,2,1,13,0,1,0
215381,4079,0.0,0.0,0.0,2,1,1,1,1,0,1,0
215517,3445,0.0,3.0,0.0,12,7,4,1,11,0,1,0
21562,654,0.0,4.0,0.0,5,2,1,1,4,0,1,0
215647,2361,0.0,0.0,0.0,2,1,1,1,1,0,1,0
215894,1875,0.0,5.0,0.0,24,17,6,4,22,0,2,0
215925,3828,0.0,4.0,0.0,12,7,4,5,9,1,2,0
215943,2048,0.0,4.0,0.0,1,1,1,1,0,0,1,0
216010,3290,0.0,5.0,2.0,4,1,1,1,2,0,2,0
216333,747,0.0,2.0,0.0,6,4,2,3,4,0,1,1
217146,3055,0.0,3.0,1.0,2,1,1,1,1,0,1,0
218049,1457,0.0,3.0,1.0,5,1,1,2,4,0,1,0
218117,1923,0.0,3.0,1.0,3,1,1,1,2,0,1,0
218575,3958,0.0,0.0,0.0,49,16,6,5,45,0,4,0
218575,98,0.0,0.0,0.0,23,16,1,2,20,0,1,2
218682,2273,0.0,4.0,0.0,6,1,1,2,5,0,1,0
218697,1878,0.0,2.0,0.0,4,1,1,2,2,0,2,0
218727,742,0.0,0.0,0.0,6,1,1,2,5,0,1,0
218902,4372,0.0,4.0,1.0,4,2,2,1,2,0,2,0
219061,563,0.0,7.0,0.0,2,1,1,1,1,0,1,0
219674,1514,0.0,5.0,1.0,5,1,1,1,3,0,2,0
220029,1134,0.0,4.0,0.0,7,2,2,2,6,0,1,0
220254,3432,1.0,0.0,0.0,2,1,1,1,1,0,1,0
22091,4248,1.0,6.0,0.0,4,1,1,1,2,0,1,1
221296,4474,0.0,0.0,0.0,2,1,1,1,1,0,1,0
221363,4871,0.0,2.0,1.0,6,2,1,3,5,0,1,0
221489,897,0.0,7.0,0.0,15,6,3,3,11,0,3,1
221558,1892,0.0,4.0,0.0,21,9,6,2,14,0,7,0
221574,4079,0.0,6.0,0.0,1,1,1,1,0,0,1,0
221654,1968,0.0,3.0,0.0,1,1,1,1,0,0,1,0
221859,1487,0.0,0.0,0.0,4,1,1,1,3,0,1,0
222820,2684,0.0,0.0,0.0,24,11,5,2,22,0,2,0
223740,4173,0.0,0.0,0.0,91,54,9,2,89,0,2,0
223848,682,0.0,3.0,0.0,14,10,5,4,11,0,1,2
224008,2341,0.0,3.0,1.0,4,1,1,1,3,0,1,0
224187,3588,0.0,5.0,0.0,2,1,1,1,0,0,2,0
224302,3609,0.0,0.0,0.0,1,1,1,1,0,0,1,0
224327,4085,0.0,2.0,0.0,2,1,1,2,0,0,1,1
224759,227,0.0,0.0,0.0,3,1,1,1,2,0,1,0
224771,4427,0.0,3.0,0.0,5,2,1,2,3,0,1,1
225443,3826,1.0,4.0,2.0,4,1,1,1,3,0,1,0
225506,1911,0.0,5.0,0.0,16,6,1,1,15,0,1,0
226073,3578,0.0,5.0,0.0,1,1,1,1,0,0,1,0
226804,2459,0.0,6.0,0.0,12,5,3,5,11,0,1,0
22772,606,0.0,3.0,0.0,21,12,1,2,18,0,2,1
227730,911,0.0,0.0,0.0,53,23,3,5,50,0,2,1
228176,4022,0.0,5.0,0.0,4,1,1,1,3,0,1,0
228680,3159,0.0,2.0,0.0,47,8,5,3,43,0,1,3
228797,3476,1.0,4.0,0.0,4,2,2,2,3,0,1,0
228895,3566,0.0,2.0,0.0,2,1,1,1,1,0,1,0
22988,3170,0.0,0.0,0.0,24,7,4,5,17,0,3,4
229941,1483,0.0,5.0,0.0,3,1,1,1,2,0,1,0
230239,798,0.0,0.0,0.0,4,3,2,1,3,0,1,0
230418,3057,0.0,0.0,0.0,7,2,1,1,6,0,1,0
230522,2473,0.0,2.0,1.0,1,1,1,1,0,0,1,0
230893,437,0.0,3.0,0.0,9,3,1,1,8,0,1,0
231017,134,0.0,3.0,1.0,4,1,1,1,3,0,1,0
231022,3080,0.0,0.0,1.0,9,8,4,2,8,0,1,0
231407,3480,0.0,5.0,1.0,6,2,2,3,4,0,1,1
231878,826,0.0,3.0,0.0,6,3,2,1,4,0,2,0
232123,1890,0.0,3.0,0.0,2,1,1,1,1,0,1,0
232157,183,0.0,0.0,0.0,1,1,1,1,0,0,1,0
232376,2928,0.0,3.0,0.0,8,3,3,2,7,0,1,0
232734,1509,0.0,3.0,0.0,3,1,1,1,2,0,1,0
23318,2273,0.0,0.0,0.0,6,5,1,1,5,0,1,0
234024,2869,0.0,6.0,0.0,1,1,1,1,0,0,1,0
23422,4765,0.0,2.0,1.0,11,2,1,3,10,0,1,0
234870,296,0.0,3.0,0.0,4,2,1,1,3,0,1,0
234967,2403,0.0,4.0,1.0,35,16,2,3,30,0,5,0
234999,361,0.0,4.0,1.0,9,4,2,2,7,0,1,1
235641,66,0.0,3.0,0.0,1,1,1,1,0,0,1,0
236285,4864,0.0,6.0,0.0,23,9,2,4,21,0,2,0
2366,2669,0.0,3.0,0.0,11,4,3,1,9,0,1,1
236617,4793,0.0,3.0,0.0,3,1,1,1,2,0,1,0
236983,3828,0.0,3.0,0.0,11,6,2,1,9,0,2,0
237121,4745,0.0,4.0,0.0,3,2,1,2,0,0,2,1
237757,2255,0.0,4.0,0.0,1,1,1,1,0,0,1,0
238268,537,0.0,4.0,1.0,6,2,1,1,5,0,1,0
239068,2217,0.0,0.0,1.0,23,4,1,5,20,0,1,2
239687,3323,0.0,4.0,1.0,27,9,1,2,26,0,1,0
240007,4427,0.0,2.0,1.0,3,1,1,1,2,0,1,0
240471,742,0.0,5.0,0.0,5,1,1,1,4,0,1,0
240986,2577,0.0,3.0,0.0,7,3,2,2,5,0,1,1
241086,2935,0.0,3.0,0.0,6,1,1,2,5,0,1,0
241548,1200,0.0,2.0,0.0,8,2,1,1,6,0,2,0
241601,2173,0.0,6.0,0.0,3,1,1,1,2,0,1,0
241643,1356,0.0,3.0,0.0,11,4,1,1,9,0,2,0
242055,361,0.0,3.0,0.0,15,9,5,1,9,0,5,1
242189,121,0.0,4.0,0.0,19,10,2,6,18,0,1,0
242661,121,0.0,6.0,0.0,2,1,1,1,0,0,1,1
243363,3609,0.0,0.0,0.0,7,1,1,2,4,0,1,2
24355,1742,0.0,3.0,0.0,14,5,1,3,13,0,1,0
243558,3126,0.0,4.0,0.0,3,1,1,1,2,0,1,0
243910,3471,0.0,2.0,0.0,5,2,1,1,2,0,2,1
245345,4850,1.0,0.0,1.0,29,18,7,4,27,0,2,0
24563,1833,0.0,3.0,0.0,20,7,1,1,19,0,1,0
2457,3152,0.0,3.0,0.0,5,4,2,2,0,0,1,4
245962,2435,0.0,0.0,0.0,5,1,1,2,4,0,1,0
24613,2036,0.0,4.0,1.0,5,1,1,3,3,0,1,1
2466,4043,1.0,2.0,0.0,3,2,1,3,1,0,1,1
246895,4044,0.0,0.0,1.0,37,19,2,3,36,0,1,0
247176,372,0.0,8.0,0.0,5,2,1,2,3,1,1,0
247652,1861,0.0,3.0,0.0,5,2,1,1,3,0,2,0
24772,4349,0.0,4.0,0.0,9,4,1,2,8,0,1,0
247969,438,0.0,0.0,0.0,7,2,1,2,6,0,1,0
248184,317,0.0,4.0,0.0,8,1,1,1,6,0,1,1
248533,3906,0.0,6.0,0.0,7,3,1,2,6,0,1,0
248590,3828,1.0,0.0,1.0,10,7,4,7,2,0,1,7
24895,4818,0.0,3.0,1.0,80,31,3,4,75,3,2,0
249168,742,0.0,0.0,0.0,6,1,1,2,5,0,1,0
249352,1840,0.0,5.0,0.0,1,1,1,1,0,0,1,0
249468,1861,1.0,3.0,0.0,1,1,1,1,0,0,1,0
250131,10,0.0,3.0,0.0,10,1,1,2,9,0,1,0
250150,2081,0.0,3.0,1.0,7,3,1,2,6,0,1,0
250153,4471,0.0,5.0,0.0,6,1,1,3,4,0,1,1
25043,2361,0.0,3.0,0.0,5,2,2,3,3,0,1,1
25086,3954,0.0,0.0,1.0,18,4,2,1,16,0,2,0
251114,3936,0.0,3.0,null,3,1,1,1,2,0,1,0
251587,4048,0.0,0.0,1.0,1,1,1,1,0,0,1,0
2518,4607,0.0,6.0,1.0,3,1,1,1,2,0,1,0
252593,1659,0.0,0.0,0.0,12,5,1,4,8,0,1,3
252933,372,0.0,4.0,1.0,3,1,1,2,2,0,1,0
253489,1890,0.0,3.0,0.0,23,11,3,2,22,0,1,0
254067,1821,0.0,4.0,1.0,2,1,1,1,1,0,1,0
254998,4438,0.0,3.0,0.0,8,1,1,2,7,0,1,0
255365,3893,0.0,0.0,0.0,2,1,1,1,1,0,1,0
255532,1102,0.0,3.0,0.0,9,3,3,1,6,2,1,0
256264,3471,0.0,3.0,0.0,1,1,1,1,0,0,1,0
25643,4048,0.0,0.0,0.0,1,1,1,1,0,0,1,0
256714,715,0.0,6.0,0.0,3,1,1,1,2,0,1,0
257049,293,0.0,4.0,0.0,4,1,1,2,3,0,1,0
25720,4173,0.0,7.0,0.0,3,1,1,1,2,0,1,0
257355,467,0.0,4.0,0.0,2,2,1,1,0,0,2,0
257680,4049,0.0,4.0,0.0,3,2,1,3,1,0,1,1
257928,141,0.0,3.0,0.0,6,3,2,2,4,0,2,0
258373,3456,0.0,6.0,0.0,4,2,1,1,3,0,1,0
258554,4287,1.0,0.0,0.0,4,1,1,3,3,0,1,0
258762,2435,0.0,0.0,1.0,7,3,1,1,5,0,1,1
25934,4287,0.0,0.0,1.0,14,7,4,5,12,0,2,0
259439,2173,0.0,4.0,0.0,4,3,1,1,3,0,1,0
259860,2424,0.0,0.0,0.0,1,1,1,1,0,0,1,0
259920,4659,0.0,2.0,0.0,25,9,4,3,23,0,1,1
260212,1666,0.0,0.0,0.0,3,1,1,3,0,0,1,2
260302,4044,0.0,0.0,0.0,15,4,2,2,13,0,1,1
260373,4048,0.0,3.0,0.0,3,1,1,1,2,0,1,0
260446,2055,0.0,7.0,0.0,5,2,2,2,3,1,1,0
260450,2709,0.0,4.0,1.0,3,1,1,1,2,0,1,0
260484,141,0.0,3.0,0.0,4,1,1,2,2,0,1,1
260756,1272,0.0,5.0,0.0,26,11,5,4,23,0,3,0
261241,1704,0.0,3.0,0.0,3,1,1,2,2,0,1,0
261788,1693,0.0,7.0,0.0,7,2,2,2,6,0,1,0
262721,3152,0.0,3.0,0.0,7,5,1,1,6,0,1,0
263209,1559,0.0,5.0,0.0,32,23,6,2,31,0,1,0
26364,3199,0.0,5.0,0.0,2,1,1,1,1,0,1,0
264185,2879,1.0,0.0,0.0,4,1,1,1,1,0,3,0
264546,4044,0.0,2.0,1.0,155,82,12,6,154,0,1,0
264689,2082,0.0,0.0,0.0,8,3,1,2,7,0,1,0
26470,1679,0.0,4.0,2.0,21,15,3,2,19,0,2,0
265007,2454,0.0,4.0,0.0,17,7,5,1,16,0,1,0
265098,3635,0.0,4.0,1.0,8,1,1,1,7,0,1,0
26555,3173,0.0,3.0,0.0,7,3,1,1,4,0,3,0
265583,1501,0.0,4.0,0.0,28,13,6,6,26,0,2,0
26588,685,0.0,4.0,0.0,4,1,1,1,3,0,1,0
265899,1435,0.0,3.0,0.0,6,1,1,1,5,0,1,0
26615,2669,0.0,3.0,2.0,1,1,1,1,0,0,1,0
266524,1780,0.0,6.0,0.0,2,1,1,1,1,0,1,0
267054,4173,0.0,3.0,0.0,16,10,5,3,15,0,1,0
267277,2928,0.0,5.0,0.0,2,2,1,1,0,0,1,1
267881,2102,0.0,4.0,0.0,14,9,4,1,13,0,1,0
26835,1621,0.0,0.0,0.0,2,1,1,1,1,0,1,0
268608,3205,0.0,3.0,2.0,1,1,1,1,0,0,1,0
269056,2173,0.0,0.0,0.0,13,7,1,2,12,0,1,0
26964,4976,0.0,3.0,0.0,2,2,2,1,0,0,2,0
269954,467,1.0,0.0,1.0,5,2,2,2,3,0,1,1
270207,1892,0.0,5.0,0.0,6,2,2,1,5,0,1,0
270223,474,0.0,3.0,0.0,3,1,1,1,2,0,1,0
270314,297,0.0,4.0,1.0,2,1,1,1,1,0,1,0
27036,614,0.0,4.0,1.0,2,1,1,1,1,0,1,0
270581,1415,0.0,3.0,0.0,5,2,1,2,4,0,1,0
270739,806,0.0,4.0,0.0,34,18,7,2,27,0,4,3
271800,3448,0.0,3.0,0.0,4,1,1,2,2,0,1,1
271810,3323,0.0,3.0,0.0,9,4,1,2,8,0,1,0
271925,3152,1.0,5.0,0.0,5,1,1,1,4,0,1,0
272056,3826,0.0,0.0,1.0,4,1,1,1,3,0,1,0
272449,2341,0.0,4.0,0.0,3,1,1,1,2,0,1,0
272465,361,0.0,7.0,0.0,10,4,2,4,9,0,1,0
27256,4361,0.0,4.0,0.0,5,1,1,1,4,0,1,0
273612,4224,0.0,5.0,1.0,4,1,1,1,3,0,1,0
273675,1031,1.0,3.0,0.0,4,1,1,1,3,0,1,0
273940,3828,0.0,6.0,1.0,78,60,6,5,77,0,1,0
27404,4585,0.0,5.0,1.0,11,5,3,1,8,0,3,0
274285,4475,0.0,5.0,0.0,2,1,1,1,1,0,1,0
274327,58,0.0,0.0,0.0,6,2,2,1,5,0,1,0
274908,4048,0.0,2.0,0.0,4,1,1,2,2,0,2,0
274980,1703,0.0,5.0,0.0,9,2,1,2,7,0,2,0
276101,3828,0.0,3.0,0.0,40,27,8,3,37,0,1,2
276734,1487,0.0,6.0,0.0,1,1,1,1,0,0,1,0
276846,1588,0.0,5.0,0.0,2,1,1,1,1,0,1,0
27686,4558,0.0,4.0,0.0,7,3,1,1,6,0,1,0
277863,4771,0.0,0.0,0.0,12,1,1,2,9,0,2,1
27790,4756,0.0,6.0,0.0,11,6,2,3,10,0,1,0
277990,4650,1.0,0.0,0.0,4,1,1,1,3,0,1,0
278037,2193,0.0,7.0,0.0,5,3,2,2,4,0,1,0
278124,257,0.0,5.0,0.0,5,1,1,1,4,0,1,0
278562,3022,0.0,2.0,2.0,49,29,9,1,45,0,2,2
278808,1500,0.0,0.0,1.0,5,1,1,1,4,0,1,0
278887,1470,0.0,0.0,0.0,9,3,1,1,8,0,1,0
279367,1811,0.0,2.0,1.0,1,1,1,1,0,0,1,0
279424,4760,0.0,6.0,0.0,22,7,4,8,20,0,1,1
280298,3936,0.0,2.0,1.0,11,3,1,3,10,0,1,0
280663,4043,0.0,3.0,0.0,9,4,2,3,8,0,1,0
280765,4765,0.0,0.0,0.0,8,2,1,3,7,0,1,0
28094,2928,0.0,5.0,0.0,11,8,2,2,10,0,1,0
281065,1736,0.0,4.0,0.0,1,1,1,1,0,0,1,0
281412,2273,0.0,5.0,2.0,8,1,1,1,6,0,2,0
281584,3619,0.0,2.0,0.0,2,1,1,2,0,0,1,1
281648,1131,0.0,3.0,1.0,12,1,1,5,9,0,1,2
281762,3370,0.0,6.0,2.0,3,1,1,1,2,0,1,0
282367,3843,0.0,0.0,0.0,6,2,2,1,5,0,1,0
282415,588,0.0,7.0,0.0,15,5,1,3,13,0,1,1
282424,946,0.0,4.0,1.0,21,8,2,6,20,0,1,0
282782,4282,0.0,2.0,0.0,2,2,2,1,1,0,1,0
282866,4090,0.0,3.0,0.0,8,2,1,1,6,0,1,1
282876,4131,0.0,6.0,0.0,1,1,1,1,0,0,1,0
282897,102,0.0,3.0,0.0,1,1,1,1,0,0,1,0
28352,590,0.0,3.0,1.0,2,1,1,1,1,0,1,0
283601,1885,0.0,4.0,0.0,7,2,2,3,6,0,1,0
283988,114,0.0,4.0,0.0,2,1,1,1,1,0,1,0
284141,3958,0.0,4.0,0.0,40,15,8,9,36,0,4,0
28417,1500,0.0,2.0,0.0,6,2,2,1,5,0,1,0
284848,2669,0.0,2.0,0.0,1,1,1,1,0,0,1,0
285300,2669,0.0,0.0,1.0,13,8,3,2,10,0,2,1
285789,2242,0.0,4.0,0.0,1,1,1,1,0,0,1,0
285967,2730,0.0,0.0,0.0,1,1,1,1,0,0,1,0
285970,4079,0.0,4.0,1.0,2,1,1,1,1,0,1,0
286278,4049,0.0,5.0,1.0,6,2,2,6,5,0,1,0
286597,4368,0.0,6.0,0.0,5,2,1,1,3,0,2,0
286763,2608,0.0,0.0,0.0,2,1,1,1,1,0,1,0
286980,3092,1.0,4.0,0.0,5,2,1,3,4,0,1,0
287152,1619,0.0,3.0,1.0,2,1,1,1,1,0,1,0
287259,4173,0.0,7.0,1.0,153,91,14,29,126,0,1,26
28763,1719,0.0,3.0,0.0,2,1,1,2,1,0,1,0
28807,2579,0.0,5.0,0.0,13,5,2,3,11,0,1,1
288141,4444,0.0,6.0,0.0,3,3,2,2,2,0,1,0
288238,606,0.0,5.0,1.0,7,3,3,2,6,0,1,0
288499,4265,0.0,4.0,0.0,2,1,1,1,1,0,1,0
288795,102,1.0,0.0,0.0,15,4,2,4,14,0,1,0
289811,586,0.0,3.0,0.0,3,1,1,1,2,0,1,0
289830,4846,0.0,4.0,0.0,2,2,2,1,1,0,1,0
289841,2318,0.0,3.0,1.0,2,1,1,1,0,0,1,1
290046,2981,1.0,2.0,null,3,1,1,1,2,0,1,0
290412,2093,0.0,0.0,0.0,1,1,1,1,0,0,1,0
290453,4048,1.0,4.0,1.0,12,5,1,2,11,0,1,0
290537,586,0.0,0.0,1.0,5,3,1,2,3,0,2,0
290914,586,0.0,4.0,1.0,18,14,3,1,14,0,4,0
290964,3159,0.0,0.0,0.0,13,5,3,2,11,0,1,1
29126,63,0.0,3.0,0.0,25,11,2,4,21,0,1,3
291407,1346,0.0,4.0,1.0,2,1,1,1,1,0,1,0
291432,4048,0.0,2.0,0.0,5,1,1,2,3,0,1,1
291995,3734,0.0,3.0,1.0,39,20,5,2,37,0,1,1
292030,3619,0.0,3.0,0.0,7,2,2,2,6,0,1,0
292085,2099,0.0,4.0,0.0,10,4,1,1,9,0,1,0
292172,2031,0.0,3.0,1.0,4,1,1,1,3,0,1,0
292274,2099,0.0,0.0,0.0,4,1,1,1,3,0,1,0
292586,2582,0.0,3.0,0.0,21,9,3,1,19,0,1,1
29263,323,0.0,4.0,0.0,9,3,1,3,7,0,2,0
292920,3854,0.0,4.0,0.0,7,3,1,2,4,0,1,2
29293,2217,0.0,4.0,0.0,8,3,2,2,7,0,1,0
292995,2482,1.0,2.0,0.0,21,6,5,3,18,0,3,0
293009,2537,0.0,0.0,0.0,26,5,2,7,25,0,1,0
293138,4760,0.0,3.0,0.0,15,3,1,5,11,0,1,3
293327,1049,0.0,3.0,1.0,2,1,1,1,1,0,1,0
293330,1487,0.0,3.0,0.0,2,1,1,1,1,0,1,0
293596,1142,0.0,3.0,1.0,7,1,1,2,6,0,1,0
293838,1272,0.0,6.0,0.0,16,7,5,3,13,0,2,1
294088,3085,1.0,4.0,0.0,2,1,1,1,1,0,1,0
294150,2945,0.0,4.0,1.0,1,1,1,1,0,0,1,0
294243,1000,0.0,5.0,0.0,2,1,1,2,0,0,1,1
29479,1916,0.0,7.0,1.0,1,1,1,1,0,0,1,0
295275,1760,1.0,3.0,0.0,20,7,2,1,19,0,1,0
295560,4955,0.0,4.0,0.0,5,4,3,1,2,0,3,0
295619,3319,0.0,4.0,0.0,1,1,1,1,0,0,1,0
295767,3163,0.0,2.0,1.0,2,1,1,1,1,0,1,0
295844,3401,0.0,6.0,0.0,1,1,1,1,0,0,1,0
296018,141,0.0,5.0,1.0,22,2,1,2,21,0,1,0
296283,437,0.0,5.0,0.0,4,1,1,1,3,0,1,0
296530,1597,0.0,4.0,0.0,6,4,1,4,0,0,1,5
296629,323,0.0,5.0,0.0,4,1,1,3,3,0,1,0
296811,3269,0.0,6.0,0.0,1,1,1,1,0,0,1,0
296870,946,0.0,0.0,0.0,3,1,1,1,2,0,1,0
297217,3460,1.0,0.0,0.0,7,1,1,1,0,0,7,0
297414,1861,0.0,3.0,1.0,3,1,1,1,2,0,1,0
297848,4500,0.0,4.0,null,2,1,1,1,1,0,1,0
29827,2273,0.0,4.0,1.0,5,3,2,1,4,0,1,0
29834,3578,0.0,5.0,0.0,2,2,1,1,0,0,1,1
29843,4049,0.0,3.0,0.0,10,4,2,2,9,0,1,0
300176,1514,1.0,6.0,0.0,6,5,2,2,4,0,1,1
300446,1435,0.0,3.0,0.0,1,1,1,1,0,0,1,0
300457,4044,0.0,3.0,0.0,59,23,6,2,58,0,1,0
300556,515,0.0,4.0,0.0,4,2,1,1,3,0,1,0
301439,3959,0.0,3.0,0.0,4,1,1,1,2,0,1,1
301792,2883,0.0,0.0,0.0,2,1,1,2,1,0,1,0
301967,3990,0.0,4.0,1.0,1,1,1,1,0,0,1,0
302372,946,0.0,5.0,0.0,7,6,3,4,6,0,1,0
302417,2193,0.0,3.0,0.0,12,4,1,2,11,0,1,0
302443,503,1.0,3.0,0.0,13,3,1,1,12,0,1,0
303747,3314,0.0,5.0,1.0,13,2,1,4,12,0,1,0
304004,4048,0.0,4.0,0.0,18,11,1,1,11,0,7,0
304408,4818,0.0,3.0,0.0,22,13,8,3,19,0,2,1
304422,2594,0.0,3.0,1.0,12,4,1,2,11,0,1,0
304479,3875,0.0,0.0,0.0,7,1,1,3,5,0,2,0
304721,1332,0.0,3.0,0.0,16,3,1,2,14,0,1,1
304924,2313,0.0,3.0,0.0,20,3,1,6,18,0,1,1
305037,3436,0.0,4.0,0.0,2,1,1,1,1,0,1,0
305864,4705,1.0,2.0,1.0,5,3,3,1,4,0,1,0
30592,4071,0.0,3.0,0.0,3,1,1,1,1,0,2,0
305926,4966,0.0,4.0,0.0,11,7,5,2,6,0,2,3
306020,3734,0.0,0.0,0.0,6,5,4,1,5,0,1,0
306236,3382,0.0,0.0,0.0,3,2,1,2,2,0,1,0
306418,2424,1.0,3.0,0.0,11,5,1,2,10,0,1,0
306934,4048,0.0,5.0,1.0,9,4,1,1,8,0,1,0
307977,4079,0.0,5.0,0.0,8,2,1,1,6,0,2,0
307993,590,0.0,2.0,1.0,4,1,1,1,2,0,1,1
308257,3965,0.0,2.0,0.0,6,2,1,1,4,1,1,0
308901,1968,0.0,3.0,1.0,2,1,1,1,1,0,1,0
309618,946,0.0,5.0,1.0,16,7,4,3,15,0,1,0
309735,1355,0.0,4.0,0.0,8,3,3,1,7,0,1,0
310138,3319,0.0,4.0,0.0,5,1,1,1,4,0,1,0
310156,985,0.0,3.0,0.0,4,1,1,1,3,0,1,0
310317,2435,0.0,3.0,0.0,3,2,1,1,2,0,1,0
310527,3602,1.0,3.0,0.0,9,2,1,2,6,0,1,2
31086,1102,0.0,0.0,0.0,26,13,5,1,25,0,1,0
310984,1049,0.0,2.0,0.0,12,1,1,2,10,0,1,1
311585,4044,0.0,3.0,0.0,19,12,3,1,18,0,1,0
311755,4605,0.0,3.0,0.0,9,6,5,2,7,0,2,0
312093,1116,0.0,6.0,0.0,5,3,1,1,4,0,1,0
313199,1816,0.0,0.0,1.0,1,1,1,1,0,0,1,0
313327,3979,0.0,5.0,1.0,10,1,1,3,8,1,1,0
313386,4662,0.0,4.0,0.0,12,4,1,1,10,0,2,0
31346,4282,1.0,7.0,0.0,66,23,4,4,65,0,1,0
313853,2102,0.0,4.0,1.0,8,4,1,3,6,0,1,1
313860,1494,0.0,3.0,0.0,9,2,2,1,6,0,3,0
314093,102,0.0,0.0,0.0,2,1,1,1,1,0,1,0
314122,1049,0.0,0.0,0.0,2,1,1,1,1,0,1,0
314383,4519,1.0,0.0,0.0,6,2,1,1,4,0,1,1
314407,2078,0.0,4.0,0.0,4,1,1,1,3,0,1,0
314699,474,0.0,5.0,0.0,10,5,4,3,8,0,2,0
314743,1923,0.0,5.0,0.0,3,2,1,2,2,0,1,0
314833,3239,0.0,7.0,0.0,1,1,1,1,0,0,1,0
314958,1301,0.0,0.0,null,10,1,1,1,8,0,2,0
315294,3665,0.0,4.0,0.0,11,1,1,3,10,0,1,0
315486,2138,1.0,3.0,0.0,16,7,4,4,14,0,2,0
315596,3941,0.0,2.0,0.0,6,1,1,1,5,0,1,0
316070,2828,0.0,3.0,1.0,3,1,1,2,1,0,1,1
316103,4048,0.0,4.0,0.0,4,1,1,1,2,0,2,0
316373,4385,0.0,2.0,1.0,7,1,1,2,5,0,1,1
316900,3958,0.0,0.0,null,70,17,7,3,67,0,3,0
316932,2954,0.0,4.0,0.0,1,1,1,1,0,0,1,0
317204,4173,0.0,0.0,0.0,23,18,6,2,22,0,1,0
317805,2928,0.0,2.0,0.0,2,1,1,1,1,0,1,0
318215,522,0.0,3.0,1.0,5,1,1,2,4,0,1,0
319013,1487,0.0,6.0,0.0,1,1,1,1,0,0,1,0
319748,2093,0.0,3.0,0.0,3,1,1,1,2,0,1,0
319951,168,0.0,4.0,0.0,3,1,1,1,2,0,1,0
320052,1372,0.0,2.0,1.0,3,1,1,2,2,0,1,0
320869,2138,0.0,3.0,0.0,23,13,5,4,18,0,5,0
320944,798,0.0,3.0,0.0,15,5,5,3,12,0,1,2
320964,598,0.0,0.0,1.0,2,1,1,2,1,0,1,0
321001,4371,0.0,5.0,0.0,12,1,1,2,5,0,6,1
321083,1425,0.0,0.0,1.0,5,1,1,2,3,1,1,0
321187,1760,0.0,4.0,2.0,25,7,2,3,21,0,4,0
321370,361,0.0,0.0,null,13,8,1,2,12,0,1,0
321419,786,1.0,3.0,0.0,6,2,1,3,5,0,1,0
321664,742,0.0,2.0,0.0,9,2,2,1,7,0,2,0
321901,4322,0.0,3.0,1.0,5,2,1,1,4,0,1,0
3220,4864,0.0,5.0,0.0,15,5,2,1,12,0,3,0
322042,747,0.0,4.0,0.0,1,1,1,1,0,0,1,0
322185,1742,0.0,0.0,1.0,12,3,1,1,11,0,1,0
322208,3319,0.0,4.0,0.0,2,1,1,1,1,0,1,0
322875,3363,0.0,3.0,0.0,2,1,1,1,1,0,1,0
32321,3734,0.0,3.0,0.0,24,16,5,2,19,0,1,4
323709,3876,0.0,3.0,0.0,9,2,1,1,8,0,1,0
3239,3936,0.0,6.0,0.0,5,2,2,2,4,0,1,0
324125,1618,0.0,4.0,0.0,6,1,1,1,5,0,1,0
324156,4929,0.0,4.0,2.0,9,4,2,2,8,0,1,0
324388,2403,0.0,5.0,0.0,14,9,2,2,11,0,2,1
324435,474,0.0,6.0,0.0,8,5,3,1,7,0,1,0
324859,1833,0.0,4.0,0.0,8,4,1,1,5,0,3,0
325124,2565,0.0,5.0,1.0,5,4,1,2,3,0,2,0
326233,1703,0.0,5.0,0.0,4,1,1,3,3,0,1,0
326302,1090,0.0,4.0,0.0,2,1,1,1,1,0,1,0
326311,1501,0.0,6.0,0.0,2,1,1,1,1,0,1,0
326424,798,0.0,3.0,0.0,43,15,6,2,40,0,3,0
326623,1248,0.0,2.0,0.0,19,8,5,2,16,0,3,0
326698,1964,0.0,3.0,1.0,1,1,1,1,0,0,1,0
327442,729,0.0,0.0,0.0,2,1,1,1,1,0,1,0
327449,4040,0.0,0.0,0.0,17,13,4,1,16,0,1,0
327696,1911,0.0,0.0,0.0,15,8,3,1,14,0,1,0
327836,361,0.0,0.0,0.0,58,17,3,1,53,0,4,1
327915,2008,0.0,3.0,1.0,9,2,1,2,7,0,2,0
328877,2737,0.0,6.0,1.0,3,1,1,1,2,0,1,0
328925,1487,0.0,4.0,0.0,6,2,1,1,4,0,1,1
329075,4943,0.0,0.0,1.0,14,4,3,4,11,0,3,0
329135,1393,1.0,0.0,0.0,1,1,1,1,0,0,1,0
329266,437,0.0,0.0,0.0,14,8,3,3,13,0,1,0
32932,2271,0.0,6.0,0.0,4,2,1,1,3,0,1,0
329486,1090,0.0,0.0,0.0,14,5,1,1,13,0,1,0
329538,3284,0.0,4.0,0.0,5,1,1,1,3,0,2,0
329640,3167,0.0,0.0,0.0,2,1,1,1,1,0,1,0
329962,2282,0.0,6.0,0.0,2,1,1,1,1,0,1,0
330054,3828,0.0,2.0,0.0,42,11,3,6,39,0,2,1
330071,758,0.0,5.0,0.0,5,1,1,3,3,0,1,1
330083,4871,0.0,2.0,0.0,6,2,2,2,5,0,1,0
330616,606,0.0,3.0,0.0,18,7,1,2,14,0,1,3
330676,4454,0.0,2.0,0.0,7,2,1,3,5,0,1,1
330698,897,0.0,4.0,1.0,18,11,5,1,16,0,2,0
330853,1467,0.0,0.0,0.0,2,1,1,1,1,0,1,0
33087,3734,0.0,7.0,0.0,26,7,4,8,25,0,1,0
331020,4048,0.0,3.0,0.0,3,2,1,1,2,0,1,0
331193,2124,0.0,3.0,0.0,22,10,1,4,21,0,1,0
331887,1526,0.0,2.0,0.0,8,1,1,1,7,0,1,0
332110,4048,0.0,4.0,0.0,3,1,1,1,2,0,1,0
332455,1411,0.0,3.0,1.0,4,1,1,1,3,0,1,0
33259,2669,0.0,3.0,0.0,15,7,4,1,14,0,1,0
333206,1833,0.0,3.0,0.0,34,22,3,6,30,0,1,3
333209,4336,0.0,0.0,0.0,4,2,1,1,3,0,1,0
33341,1272,0.0,0.0,0.0,19,4,2,2,17,0,1,1
333440,1899,0.0,6.0,0.0,11,5,4,3,6,0,4,1
333702,793,0.0,4.0,1.0,3,1,1,1,2,0,1,0
333847,1875,0.0,6.0,1.0,5,2,1,1,3,0,2,0
33458,4369,0.0,2.0,0.0,5,2,1,1,4,0,1,0
334597,1346,0.0,0.0,0.0,9,4,1,3,8,0,1,0
334739,2070,1.0,6.0,1.0,7,1,1,3,6,0,1,0
334808,2565,0.0,3.0,null,18,4,1,2,14,0,2,2
335082,2936,0.0,4.0,0.0,2,2,1,1,0,0,2,0
335092,747,0.0,5.0,0.0,5,2,2,1,3,0,1,1
335870,4129,0.0,4.0,1.0,54,23,4,2,50,0,2,2
336843,1393,1.0,3.0,0.0,26,17,8,1,23,0,3,0
337417,22,0.0,6.0,0.0,6,1,1,1,5,0,1,0
337941,4044,1.0,3.0,0.0,65,33,6,9,64,0,1,0
33831,2582,0.0,3.0,0.0,29,15,5,3,26,2,1,0
339592,3941,0.0,2.0,0.0,4,2,1,2,3,0,1,0
339646,1340,0.0,0.0,0.0,9,7,5,2,8,0,1,0
339772,4062,0.0,4.0,0.0,64,8,2,5,57,0,2,5
340151,141,0.0,4.0,0.0,22,5,2,2,21,0,1,0
341902,1835,1.0,0.0,0.0,4,2,2,1,3,0,1,0
34243,3154,0.0,0.0,0.0,5,1,1,2,4,0,1,0
342528,320,0.0,3.0,0.0,1,1,1,1,0,0,1,0
342999,684,0.0,0.0,0.0,28,12,8,2,27,0,1,0
343056,4985,0.0,2.0,0.0,42,26,8,2,41,0,1,0
343138,2403,0.0,6.0,0.0,5,5,1,1,0,0,5,0
343290,2284,0.0,4.0,1.0,5,1,1,2,4,0,1,0
343467,1031,1.0,3.0,0.0,1,1,1,1,0,0,1,0
344126,1346,0.0,6.0,0.0,42,6,1,7,38,0,1,3
344171,2465,0.0,2.0,1.0,14,4,2,2,13,0,1,0
344269,2102,0.0,3.0,0.0,3,1,1,2,1,0,1,1
344737,1450,0.0,2.0,1.0,22,11,5,1,21,0,1,0
344836,1090,0.0,2.0,0.0,3,1,1,1,2,0,1,0
344909,4173,0.0,3.0,0.0,6,3,2,2,2,0,1,3
345111,606,0.0,0.0,0.0,20,6,3,3,18,0,2,0
34537,4584,0.0,0.0,1.0,1,1,1,1,0,0,1,0
345760,3080,0.0,2.0,1.0,6,4,3,3,1,0,1,4
345981,3734,0.0,3.0,null,16,4,3,2,14,0,2,0
346126,1629,0.0,3.0,1.0,3,1,1,1,2,0,1,0
346505,3923,0.0,6.0,0.0,2,1,1,1,1,0,1,0
346757,2752,0.0,3.0,1.0,7,3,1,2,5,0,2,0
346898,1610,0.0,2.0,0.0,2,1,1,1,1,0,1,0
34754,1708,0.0,3.0,0.0,6,3,1,1,5,0,1,0
34756,1742,0.0,6.0,0.0,7,2,1,3,6,0,1,0
347586,467,0.0,4.0,0.0,15,9,4,1,10,0,5,0
347728,4584,0.0,2.0,1.0,4,2,1,2,2,0,1,1
348043,98,1.0,4.0,0.0,17,11,4,3,15,0,2,0
348238,3843,0.0,4.0,0.0,9,2,1,4,7,0,1,1
348331,4944,0.0,null,null,6,1,1,1,4,1,1,0
348343,724,0.0,4.0,0.0,3,1,1,2,2,0,1,0
349086,2102,0.0,7.0,0.0,21,9,3,1,18,0,3,0
349157,3345,0.0,2.0,1.0,6,3,1,1,5,0,1,0
349477,4371,0.0,0.0,0.0,7,1,1,1,3,0,3,1
349583,361,0.0,0.0,0.0,4,1,1,1,3,0,1,0
349650,1640,0.0,4.0,0.0,3,1,1,1,2,0,1,0
349890,1472,0.0,0.0,0.0,2,1,1,1,1,0,1,0
350334,1832,0.0,2.0,0.0,5,1,1,2,3,0,1,1
350770,2860,0.0,0.0,0.0,4,2,2,1,3,0,1,0
351013,4026,0.0,4.0,0.0,3,1,1,1,2,0,1,0
351148,3205,1.0,6.0,0.0,29,16,2,2,20,0,1,8
351212,4336,0.0,3.0,1.0,6,1,1,1,5,0,1,0
351847,3016,0.0,3.0,1.0,5,2,1,1,3,0,2,0
351853,4143,0.0,6.0,0.0,1,1,1,1,0,0,1,0
351861,4168,0.0,0.0,0.0,10,1,1,2,8,1,1,0
352178,794,0.0,6.0,1.0,1,1,1,1,0,0,1,0
352188,742,0.0,0.0,1.0,1,1,1,1,0,0,1,0
352954,1102,0.0,3.0,0.0,7,3,1,4,6,0,1,0
353313,4079,0.0,2.0,1.0,2,1,1,1,1,0,1,0
353335,1077,0.0,0.0,0.0,4,1,2,2,2,0,1,1
353955,588,0.0,3.0,1.0,3,1,1,1,1,0,1,1
354228,151,0.0,3.0,0.0,1,1,1,1,0,0,1,0
354730,2277,0.0,3.0,1.0,7,3,1,1,6,0,1,0
354772,946,0.0,4.0,0.0,11,7,2,4,9,0,1,1
354823,4614,0.0,0.0,0.0,2,1,1,1,1,0,1,0
355007,3828,1.0,4.0,1.0,32,17,11,3,30,0,2,0
355129,2435,0.0,3.0,0.0,3,1,1,1,0,0,3,0
355949,1000,0.0,4.0,0.0,3,1,1,2,2,0,1,0
355973,3828,0.0,0.0,1.0,46,14,6,2,44,0,2,0
356400,3350,0.0,0.0,0.0,10,4,1,1,8,0,2,0
356680,588,0.0,2.0,1.0,2,1,1,1,1,0,1,0
356726,1520,0.0,0.0,0.0,4,2,2,1,2,0,2,0
35740,4287,0.0,7.0,1.0,17,2,2,1,15,0,1,1
357436,4976,0.0,3.0,0.0,25,12,7,2,24,0,1,0
358741,3305,0.0,3.0,1.0,2,1,1,1,1,0,1,0
35895,2879,0.0,7.0,0.0,4,1,1,2,3,0,1,0
359408,2721,0.0,3.0,0.0,25,10,1,5,21,0,1,3
359661,3460,0.0,3.0,1.0,3,1,1,1,2,0,1,0
359822,2883,0.0,5.0,0.0,42,31,4,9,40,0,1,1
360281,2872,0.0,5.0,0.0,7,3,3,2,5,0,1,1
360592,4415,0.0,0.0,0.0,14,4,1,2,13,0,1,0
360997,3015,0.0,3.0,0.0,20,5,4,2,17,0,2,1
361021,804,0.0,4.0,0.0,13,4,4,1,9,0,2,2
361395,4394,0.0,0.0,0.0,2,2,1,2,1,0,1,0
361461,3578,0.0,0.0,1.0,20,13,2,2,17,0,3,0
361535,3152,0.0,0.0,0.0,1,1,1,1,0,0,1,0
361597,4044,0.0,3.0,0.0,46,34,14,1,43,0,3,0
361733,2565,0.0,0.0,0.0,13,7,2,1,12,0,1,0
361866,2397,1.0,0.0,0.0,1,1,1,1,0,0,1,0
361938,1911,0.0,7.0,0.0,33,14,1,7,31,0,1,1
362072,2952,0.0,3.0,0.0,6,4,1,2,5,0,1,0
362107,1459,0.0,3.0,1.0,2,1,1,1,1,0,1,0
362210,102,0.0,3.0,0.0,9,3,2,5,7,0,1,1
363400,4976,0.0,3.0,0.0,15,10,6,2,13,0,1,1
364033,625,0.0,0.0,0.0,3,1,1,1,2,0,1,0
365228,2447,0.0,3.0,0.0,11,5,2,1,8,0,2,1
365501,1346,1.0,8.0,1.0,5,1,1,1,4,0,1,0
365854,1944,1.0,0.0,0.0,26,10,5,1,23,0,3,0
366009,1487,0.0,3.0,0.0,2,1,1,1,1,0,1,0
366417,2537,0.0,2.0,0.0,4,2,1,1,3,0,1,0
366418,2217,0.0,4.0,2.0,1,1,1,1,0,0,1,0
366551,350,0.0,0.0,1.0,2,1,1,1,1,0,1,0
367252,4450,0.0,5.0,0.0,6,1,1,1,5,0,1,0
367540,4764,0.0,0.0,0.0,1,1,1,1,0,0,1,0
367944,4090,0.0,0.0,0.0,8,3,1,2,6,0,2,0
368138,1353,0.0,4.0,1.0,2,1,1,1,1,0,1,0
368240,4394,0.0,4.0,0.0,30,7,3,4,29,0,1,0
368582,4394,0.0,0.0,0.0,14,4,1,1,13,0,1,0
368723,4492,0.0,2.0,0.0,5,2,1,1,4,0,1,0
36900,2791,0.0,4.0,1.0,6,2,2,2,5,0,1,0
369458,2313,0.0,0.0,0.0,5,1,1,2,4,0,1,0
369515,1963,0.0,5.0,0.0,2,1,1,1,1,0,1,0
369651,323,0.0,4.0,0.0,11,3,1,2,10,0,1,0
369668,3734,0.0,3.0,1.0,12,10,6,1,11,0,1,0
369757,3191,0.0,3.0,0.0,5,2,1,2,3,0,2,0
36988,3103,1.0,5.0,0.0,1,1,1,1,0,0,1,0
369969,3350,0.0,3.0,0.0,1,1,1,1,0,0,1,0
370162,598,0.0,0.0,1.0,19,3,1,3,17,1,1,0
370630,2883,0.0,3.0,0.0,8,1,1,2,6,0,1,1
370714,293,0.0,3.0,0.0,9,1,1,3,6,0,2,1
371292,2273,0.0,4.0,0.0,2,1,1,1,1,0,1,0
371605,1830,0.0,4.0,1.0,13,1,1,2,12,0,1,0
371660,1892,0.0,6.0,0.0,41,32,17,2,35,0,6,0
371828,1102,0.0,4.0,1.0,13,11,5,4,12,0,1,0
372058,4337,0.0,0.0,0.0,2,1,1,1,1,0,1,0
372120,1500,0.0,7.0,0.0,26,9,2,1,24,0,2,0
372750,1816,0.0,4.0,0.0,5,3,3,2,3,0,1,1
373861,3500,0.0,0.0,1.0,5,1,1,1,4,0,1,0
374024,1346,0.0,4.0,0.0,5,3,1,1,4,0,1,0
374780,2007,0.0,5.0,0.0,2,1,1,1,1,0,1,0
375278,429,1.0,2.0,0.0,7,2,1,2,6,0,1,0
375425,1522,0.0,5.0,0.0,11,4,2,1,9,0,2,0
376684,1283,0.0,3.0,0.0,7,3,2,2,5,0,2,0
377198,4044,0.0,3.0,0.0,129,53,10,22,113,0,1,15
377551,73,0.0,0.0,0.0,7,1,1,3,5,0,1,1
377751,4950,0.0,4.0,0.0,4,1,1,3,3,0,1,0
378713,547,0.0,5.0,1.0,12,3,2,2,11,0,1,0
3791,598,0.0,3.0,0.0,4,1,1,2,3,0,1,0
379133,3191,0.0,3.0,0.0,5,2,1,1,4,0,1,0
379224,361,0.0,0.0,0.0,11,4,2,1,10,0,1,0
379348,4496,0.0,4.0,0.0,3,2,1,1,2,0,1,0
37937,1719,0.0,3.0,0.0,2,1,1,2,1,0,1,0
380078,4993,0.0,0.0,1.0,20,9,1,4,17,0,1,2
380650,2321,0.0,2.0,1.0,10,1,1,2,9,0,1,0
381245,1102,0.0,3.0,0.0,24,13,3,5,20,0,1,3
381752,2537,0.0,2.0,0.0,8,6,4,2,7,0,1,0
382716,4373,0.0,3.0,0.0,2,1,1,1,1,0,1,0
382975,1056,0.0,5.0,1.0,7,3,3,2,3,0,3,1
383917,1470,0.0,6.0,0.0,16,3,2,1,14,0,1,1
383989,3319,0.0,4.0,1.0,2,1,1,1,0,0,2,0
384044,4026,0.0,4.0,0.0,8,3,2,2,6,0,1,1
385026,826,0.0,4.0,1.0,1,1,1,1,0,0,1,0
385075,2436,0.0,5.0,1.0,16,9,5,3,13,0,3,0
385272,4173,1.0,6.0,0.0,2,2,2,2,1,0,1,0
385436,2138,0.0,2.0,0.0,4,2,2,1,3,0,1,0
385750,729,0.0,3.0,0.0,4,2,1,1,2,0,2,0
386490,4841,0.0,3.0,1.0,6,1,1,1,4,0,2,0
38671,3769,0.0,3.0,0.0,7,5,2,2,6,0,1,0
386749,514,0.0,6.0,0.0,3,1,1,1,2,0,1,0
386943,1495,0.0,4.0,0.0,7,1,1,3,6,0,1,0
38746,2537,0.0,4.0,0.0,4,2,1,1,3,0,1,0
387869,3623,0.0,3.0,0.0,17,9,2,1,16,0,1,0
387969,1346,0.0,3.0,0.0,2,1,1,1,1,0,1,0
388334,606,0.0,3.0,2.0,2,1,1,1,1,0,1,0
388508,4768,0.0,0.0,0.0,13,3,1,3,11,0,1,1
38852,2641,0.0,5.0,0.0,2,1,1,1,1,0,1,0
388864,2928,0.0,3.0,0.0,3,2,2,1,2,0,1,0
389344,4705,0.0,3.0,0.0,2,1,1,1,1,0,1,0
389505,4072,0.0,0.0,0.0,5,1,1,3,4,0,1,0
3896,3536,0.0,3.0,1.0,7,3,2,3,6,0,1,0
389984,4976,0.0,2.0,0.0,17,11,4,3,16,0,1,0
390199,1972,0.0,2.0,0.0,1,1,1,1,0,0,1,0
39028,4044,0.0,4.0,0.0,7,3,3,2,3,0,2,2
39033,3350,0.0,3.0,1.0,14,5,2,3,11,0,2,1
390807,1487,0.0,7.0,0.0,8,6,1,2,7,0,1,0
391889,2217,0.0,null,null,26,6,1,3,24,0,1,1
392160,1679,0.0,0.0,0.0,6,4,3,1,5,0,1,0
392230,3484,0.0,6.0,0.0,28,7,3,3,25,0,1,2
392684,4976,0.0,3.0,0.0,1,1,1,1,0,0,1,0
393144,4933,1.0,0.0,0.0,30,12,1,4,29,0,1,0
393336,993,0.0,4.0,0.0,6,3,1,1,5,0,1,0
393879,3136,0.0,0.0,0.0,10,4,2,1,9,0,1,0
39503,2981,0.0,4.0,0.0,3,2,1,1,2,0,1,0
395146,1356,0.0,4.0,1.0,1,1,1,1,0,0,1,0
395197,1678,0.0,3.0,0.0,1,1,1,1,0,0,1,0
3953,3828,0.0,4.0,0.0,24,7,3,4,22,0,2,0
395517,3635,1.0,0.0,0.0,70,22,3,14,65,0,1,4
395684,742,0.0,4.0,0.0,1,1,1,1,0,0,1,0
395701,1944,0.0,5.0,0.0,2,1,1,1,1,0,1,0
395769,742,0.0,0.0,1.0,3,1,1,1,2,0,1,0
395779,3826,0.0,2.0,0.0,5,1,1,1,4,0,1,0
396479,1162,0.0,2.0,0.0,5,2,2,2,3,0,1,1
397242,2954,0.0,3.0,0.0,2,2,2,2,1,0,1,0
397647,2611,1.0,0.0,0.0,18,12,7,2,13,0,5,0
397870,3769,1.0,6.0,1.0,45,8,4,7,44,0,1,0
398010,574,0.0,3.0,0.0,8,3,1,2,7,0,1,0
398287,4661,0.0,3.0,0.0,3,1,1,2,1,0,1,1
398434,4090,0.0,0.0,1.0,5,1,1,1,4,0,1,0
398464,1742,0.0,4.0,0.0,11,8,1,3,10,0,1,0
398805,2348,0.0,3.0,0.0,1,1,1,1,0,0,1,0
398822,1470,0.0,0.0,0.0,2,1,1,1,1,0,1,0
398927,323,0.0,4.0,0.0,4,1,1,2,2,0,1,1
399297,4660,0.0,3.0,0.0,1,1,1,1,0,0,1,0
399809,1719,0.0,2.0,1.0,2,1,1,1,1,0,1,0
400303,2424,0.0,2.0,0.0,28,5,1,4,27,0,1,0
400485,1487,0.0,5.0,1.0,5,1,1,2,4,0,1,0
400710,4450,0.0,3.0,0.0,10,4,2,3,7,0,1,2
401146,2611,1.0,3.0,0.0,15,2,1,2,12,0,3,0
401330,1875,0.0,4.0,1.0,21,9,4,2,19,0,1,1
401377,3159,0.0,3.0,0.0,29,14,6,4,28,0,1,0
402041,3609,0.0,0.0,0.0,5,4,1,1,4,0,1,0
402156,1923,1.0,7.0,0.0,16,8,4,1,15,0,1,0
402565,3826,0.0,7.0,1.0,7,1,1,1,6,0,1,0
402781,4705,0.0,2.0,0.0,6,2,2,2,5,0,1,0
403085,415,0.0,6.0,0.0,6,2,1,2,5,0,1,0
403130,2810,0.0,7.0,0.0,4,2,1,1,3,0,1,0
403355,1833,0.0,6.0,0.0,34,11,2,2,32,0,2,0
403741,777,0.0,3.0,0.0,10,6,5,1,9,0,1,0
403991,3444,0.0,3.0,1.0,25,1,1,2,22,1,1,1
404433,4198,0.0,6.0,0.0,3,1,1,3,2,0,1,0
404441,412,0.0,5.0,0.0,4,2,1,1,3,0,1,0
404494,4712,0.0,0.0,2.0,4,1,1,2,3,0,1,0
404835,1679,0.0,3.0,1.0,7,4,2,1,6,0,1,0
405023,608,0.0,4.0,0.0,9,5,3,3,8,0,1,0
40539,3734,0.0,3.0,0.0,11,3,2,2,9,0,2,0
405434,4649,0.0,4.0,1.0,1,1,1,1,0,0,1,0
405524,3578,0.0,0.0,0.0,2,1,1,1,1,0,1,0
405662,1484,0.0,4.0,0.0,13,2,1,6,11,0,1,1
407058,786,0.0,2.0,0.0,21,3,2,9,19,0,1,1
40710,4860,0.0,6.0,1.0,1,1,1,1,0,0,1,0
407852,2443,0.0,0.0,1.0,9,4,1,1,6,0,1,2
408192,1093,1.0,3.0,1.0,8,2,1,3,6,0,1,1
40850,3941,0.0,0.0,1.0,4,1,1,1,3,0,1,0
408731,3288,0.0,4.0,0.0,5,1,1,1,4,0,1,0
408989,962,0.0,4.0,2.0,8,3,2,2,7,0,1,0
409196,3734,0.0,2.0,1.0,3,3,2,2,1,0,2,0
409521,1536,0.0,6.0,1.0,10,7,6,1,4,0,6,0
409939,2045,0.0,4.0,0.0,6,2,1,2,4,0,1,1
410940,3586,0.0,5.0,2.0,3,3,3,1,0,0,3,0
41103,4282,0.0,0.0,0.0,2,1,1,1,1,0,1,0
411075,4049,0.0,4.0,0.0,6,2,2,3,5,0,1,0
411581,2634,0.0,0.0,0.0,13,5,1,2,8,0,5,0
411623,798,0.0,3.0,2.0,16,6,5,1,14,0,2,0
411960,3644,0.0,2.0,0.0,5,2,1,1,4,0,1,0
412090,3349,0.0,3.0,0.0,1,1,1,1,0,0,1,0
412284,474,0.0,0.0,0.0,5,3,3,2,3,0,2,0
412285,133,0.0,4.0,0.0,6,4,1,3,4,0,2,0
412452,145,0.0,0.0,0.0,3,1,1,1,2,0,1,0
412969,1384,0.0,4.0,0.0,12,7,4,1,10,0,2,0
412982,4325,0.0,3.0,0.0,16,3,1,1,15,0,1,0
413061,1618,0.0,5.0,0.0,6,3,3,2,4,0,2,0
413109,3085,0.0,4.0,0.0,7,5,1,1,6,0,1,0
413117,3979,0.0,3.0,0.0,9,6,3,1,8,0,1,0
413377,1062,1.0,3.0,0.0,19,5,2,1,18,0,1,0
413851,4022,0.0,6.0,0.0,18,3,1,4,17,0,1,0
414060,4079,0.0,2.0,1.0,1,1,1,1,0,0,1,0
414795,3742,0.0,4.0,0.0,1,1,1,1,0,0,1,0
414876,4585,0.0,null,null,11,4,3,2,9,1,1,0
415240,4394,0.0,0.0,0.0,9,5,2,1,8,0,1,0
415276,4648,0.0,3.0,1.0,3,1,1,1,2,0,1,0
415670,2935,0.0,4.0,0.0,9,4,2,1,8,0,1,0
415962,4044,0.0,4.0,1.0,7,4,2,2,6,0,1,0
416311,2620,0.0,4.0,0.0,9,4,2,1,7,0,1,1
416402,3022,0.0,0.0,1.0,1,1,1,1,0,0,1,0
416548,4287,0.0,4.0,0.0,5,4,2,3,0,0,2,3
416593,2031,0.0,0.0,0.0,4,2,1,2,3,0,1,0
417263,4282,0.0,3.0,1.0,8,6,3,2,7,0,1,0
417363,1884,0.0,3.0,0.0,4,1,1,1,3,0,1,0
417655,168,0.0,4.0,0.0,35,24,5,1,26,0,9,0
417849,4339,0.0,4.0,0.0,4,2,2,2,3,0,1,0
417955,4201,0.0,2.0,1.0,12,9,5,1,11,0,1,0
418064,4760,0.0,0.0,1.0,9,4,3,3,8,0,1,0
418220,3990,0.0,4.0,0.0,6,1,1,2,5,0,1,0
418739,1272,0.0,3.0,0.0,1,1,1,1,0,0,1,0
419087,2928,0.0,3.0,0.0,10,6,1,4,6,0,1,3
419518,3938,0.0,3.0,0.0,3,1,1,1,2,0,1,0
419848,4245,0.0,4.0,1.0,8,4,3,2,7,0,1,0
420224,3734,0.0,2.0,1.0,9,1,1,1,8,0,1,0
420510,2954,0.0,5.0,0.0,6,2,2,2,5,0,1,0
420547,2138,0.0,0.0,1.0,1,1,1,1,0,0,1,0
421147,1749,0.0,3.0,0.0,13,3,3,3,11,0,2,0
421264,437,0.0,2.0,1.0,16,6,2,1,12,0,1,3
421528,1193,1.0,4.0,1.0,2,1,1,1,1,0,1,0
422158,1322,0.0,7.0,0.0,4,2,1,1,2,0,2,0
42363,2143,0.0,3.0,0.0,10,6,2,2,9,0,1,0
423714,1423,0.0,5.0,0.0,2,1,1,1,1,0,1,0
423976,4779,0.0,4.0,0.0,2,1,1,2,0,0,1,1
423979,4186,0.0,4.0,0.0,23,11,1,5,20,0,1,2
4266,742,0.0,0.0,1.0,2,1,1,1,1,0,1,0
42748,4269,0.0,0.0,1.0,7,4,1,1,5,0,2,0
43043,2768,0.0,4.0,0.0,101,44,10,17,95,0,1,5
43049,4808,0.0,3.0,0.0,3,1,1,1,2,0,1,0
43184,3323,0.0,0.0,0.0,11,5,1,1,10,0,1,0
43305,4992,0.0,3.0,0.0,9,3,1,1,8,0,1,0
434,4594,0.0,2.0,1.0,8,4,4,2,6,0,2,0
4360,603,0.0,2.0,1.0,2,1,1,1,0,0,1,1
43858,4394,0.0,0.0,0.0,11,3,1,2,10,0,1,0
43937,1448,0.0,3.0,0.0,1,1,1,1,0,0,1,0
4418,1193,1.0,3.0,1.0,3,1,1,2,2,0,1,0
44465,227,0.0,0.0,0.0,9,4,2,2,8,0,1,0
44991,962,0.0,3.0,1.0,19,12,5,6,13,0,3,3
45036,3854,0.0,4.0,0.0,15,4,1,4,14,0,1,0
45066,1832,0.0,2.0,0.0,2,1,1,1,1,0,1,0
45626,275,0.0,3.0,1.0,4,1,1,2,3,0,1,0
45875,4240,0.0,6.0,0.0,4,1,1,1,3,0,1,0
46783,4607,0.0,0.0,0.0,7,5,1,1,6,0,1,0
46938,730,0.0,3.0,0.0,53,27,3,6,51,0,2,0
474,1340,0.0,3.0,0.0,6,4,2,1,5,0,1,0
47871,326,0.0,null,null,2,1,1,1,1,0,1,0
47954,3826,0.0,3.0,1.0,4,1,1,2,2,1,1,0
48084,1342,0.0,2.0,0.0,7,3,3,1,4,0,1,2
4813,3893,0.0,5.0,0.0,5,1,1,2,4,0,1,0
4821,3484,0.0,5.0,0.0,3,1,1,1,2,0,1,0
48315,1602,0.0,2.0,0.0,3,1,1,1,2,0,1,0
48659,2915,0.0,4.0,0.0,7,3,2,3,6,0,1,0
48945,234,0.0,0.0,0.0,10,2,1,1,9,0,1,0
4922,3865,0.0,0.0,2.0,4,1,1,1,3,0,1,0
49320,4112,0.0,0.0,0.0,2,1,1,1,1,0,1,0
49370,4049,0.0,3.0,0.0,1,1,1,1,0,0,1,0
49964,2545,0.0,4.0,0.0,2,1,1,1,1,0,1,0
50204,806,1.0,3.0,0.0,2,1,1,2,1,0,1,0
50738,4577,0.0,3.0,0.0,2,1,1,1,1,0,1,0
50965,4976,0.0,2.0,0.0,9,4,3,4,7,0,1,1
51285,4480,0.0,0.0,0.0,12,5,1,1,10,0,2,0
51566,4791,1.0,3.0,1.0,6,1,1,1,5,0,1,0
51839,4829,0.0,5.0,0.0,1,1,1,1,0,0,1,0
51962,2273,0.0,0.0,0.0,9,2,1,4,5,0,1,3
52049,1370,0.0,5.0,0.0,5,2,2,1,4,0,1,0
52315,2579,0.0,4.0,0.0,5,2,1,1,4,0,1,0
52729,1056,0.0,8.0,0.0,2,1,1,1,1,0,1,0
52904,4760,0.0,2.0,1.0,5,1,1,1,4,0,1,0
52985,3200,0.0,4.0,0.0,6,1,1,2,5,0,1,0
53058,148,0.0,5.0,0.0,2,2,1,1,0,0,2,0
53489,798,0.0,2.0,0.0,1,1,1,1,0,0,1,0
53600,2684,0.0,0.0,0.0,213,64,7,16,202,0,7,4
53857,4220,0.0,4.0,0.0,12,4,2,1,10,0,2,0
53882,3291,0.0,4.0,0.0,2,1,1,2,1,0,1,0
54822,1472,0.0,4.0,0.0,1,1,1,1,0,0,1,0
55166,2537,0.0,5.0,1.0,1,1,1,1,0,0,1,0
55482,4558,0.0,0.0,0.0,2,1,1,1,1,0,1,0
55829,3266,0.0,4.0,null,8,2,1,2,7,0,1,0
55945,1892,0.0,0.0,0.0,4,3,2,1,3,0,1,0
56227,4976,0.0,2.0,0.0,11,10,4,3,10,0,1,0
56356,1448,0.0,0.0,0.0,5,2,2,2,4,0,1,0
56505,3266,0.0,3.0,0.0,6,1,1,2,5,0,1,0
57786,3578,0.0,3.0,1.0,15,8,1,3,14,0,1,0
57913,3828,0.0,4.0,0.0,2,1,1,1,1,0,1,0
58456,4163,0.0,7.0,1.0,12,8,2,1,11,0,1,0
60179,4818,0.0,4.0,1.0,53,31,10,9,51,0,2,0
6067,2102,1.0,3.0,0.0,6,5,5,1,2,0,4,0
60721,2172,0.0,3.0,0.0,4,3,1,1,3,0,1,0
60731,3041,0.0,5.0,0.0,4,3,1,1,3,0,1,0
60890,4071,0.0,3.0,0.0,6,2,1,3,5,0,1,0
61121,503,0.0,0.0,0.0,2,1,1,2,1,0,1,0
61137,3955,0.0,3.0,0.0,22,2,1,3,21,0,1,0
61566,2952,0.0,0.0,0.0,4,2,1,2,3,0,1,0
61751,4043,0.0,3.0,0.0,1,1,1,1,0,0,1,0
62006,2879,0.0,2.0,0.0,4,1,1,1,3,0,1,0
62485,3444,0.0,2.0,1.0,9,1,1,3,7,0,1,1
62863,1916,0.0,4.0,0.0,5,2,1,1,3,0,2,0
63180,132,0.0,3.0,0.0,5,4,1,1,4,0,1,0
63674,812,0.0,0.0,1.0,2,1,1,1,1,0,1,0
63907,1502,0.0,4.0,0.0,5,1,1,2,3,0,2,0
63994,1948,1.0,5.0,1.0,4,4,3,2,0,0,3,1
64050,2051,0.0,0.0,0.0,3,1,1,2,0,0,2,1
64309,1679,1.0,3.0,0.0,18,6,2,3,15,0,3,0
64618,4340,0.0,3.0,0.0,8,2,2,2,7,0,1,0
65233,3554,0.0,3.0,0.0,9,2,2,3,8,0,1,0
65264,1923,0.0,3.0,0.0,2,1,1,2,1,0,1,0
65396,317,0.0,3.0,0.0,6,2,2,3,5,0,1,0
65710,535,0.0,0.0,0.0,4,1,1,1,3,0,1,0
6589,3191,1.0,2.0,0.0,11,3,1,1,9,0,2,0
66247,439,0.0,3.0,1.0,3,1,1,1,2,0,1,0
66286,102,0.0,3.0,0.0,12,2,2,3,11,0,1,0
66365,215,0.0,2.0,1.0,3,2,1,1,2,0,1,0
66496,3826,0.0,4.0,0.0,3,1,1,1,2,0,1,0
66500,2824,0.0,5.0,0.0,6,4,1,2,5,0,1,0
66563,1301,0.0,3.0,0.0,2,1,1,2,0,0,1,1
67328,2545,0.0,5.0,0.0,18,2,2,4,17,0,1,0
67512,443,0.0,4.0,1.0,2,1,1,1,1,0,1,0
67801,2140,0.0,5.0,0.0,27,12,1,8,23,0,2,2
67890,278,0.0,5.0,0.0,1,1,1,1,0,0,1,0
68192,2149,0.0,5.0,0.0,4,1,1,1,3,0,1,0
68401,4173,0.0,4.0,0.0,7,2,2,2,6,0,1,0
68469,1123,0.0,0.0,0.0,18,4,4,3,15,0,3,0
69419,3614,0.0,3.0,0.0,20,12,4,4,19,0,1,0
69740,586,0.0,5.0,0.0,16,13,8,6,15,0,1,0
69986,856,0.0,2.0,0.0,7,1,1,2,6,0,1,0
70047,4322,0.0,7.0,0.0,6,3,2,1,4,1,1,0
70574,904,0.0,5.0,2.0,12,5,1,1,10,0,2,0
70874,2639,1.0,5.0,0.0,12,11,6,3,11,0,1,0
70896,3990,0.0,6.0,0.0,2,1,1,1,0,0,2,0
70924,189,0.0,5.0,0.0,65,30,7,2,60,3,2,0
710,3152,0.0,3.0,1.0,15,3,1,2,13,0,1,1
71105,4687,0.0,3.0,0.0,2,1,1,1,1,0,1,0
71325,4966,0.0,5.0,1.0,6,3,2,1,3,0,2,1
71553,962,0.0,2.0,0.0,22,9,5,4,16,0,1,5
71816,14,0.0,4.0,0.0,8,5,5,3,6,0,1,1
72310,366,0.0,4.0,1.0,6,1,1,1,5,0,1,0
72330,4787,0.0,0.0,1.0,2,1,1,1,1,0,1,0
72453,4760,0.0,0.0,0.0,3,1,1,1,2,0,1,0
72506,2565,0.0,2.0,0.0,2,1,1,1,1,0,1,0
72568,4048,0.0,0.0,1.0,1,1,1,1,0,0,1,0
728,2124,0.0,6.0,0.0,46,14,2,3,43,0,2,1
72879,112,0.0,0.0,1.0,2,1,1,1,1,0,1,0
72952,2099,0.0,3.0,0.0,2,1,1,1,1,0,1,0
73372,3016,0.0,6.0,0.0,10,2,2,2,8,0,2,0
73664,1203,0.0,4.0,0.0,5,3,3,2,4,0,1,0
73667,4847,0.0,3.0,1.0,6,1,1,2,5,0,1,0
73708,4022,0.0,4.0,0.0,2,1,1,2,1,0,1,0
74364,4325,0.0,3.0,0.0,3,1,1,1,2,0,1,0
74568,4149,0.0,3.0,0.0,10,2,2,1,9,0,1,0
74582,1356,0.0,3.0,1.0,5,4,1,1,4,0,1,0
74765,2217,0.0,3.0,0.0,12,2,2,3,10,0,1,1
74795,1056,0.0,3.0,0.0,1,1,1,1,0,0,1,0
75472,3839,0.0,0.0,0.0,50,24,2,6,42,0,2,6
75708,1559,0.0,6.0,0.0,4,2,2,3,3,0,1,0
75751,4475,0.0,6.0,0.0,2,1,1,1,1,0,1,0
7587,2273,0.0,4.0,0.0,8,2,1,3,6,0,1,1
75889,608,0.0,4.0,0.0,17,5,3,1,16,0,1,0
75917,4325,0.0,3.0,0.0,5,1,1,2,3,1,1,0
76275,897,0.0,3.0,2.0,29,17,9,1,26,0,3,0
76985,1833,0.0,6.0,0.0,2,1,1,1,1,0,1,0
77029,1840,0.0,4.0,0.0,2,2,1,1,0,0,2,0
7722,4655,0.0,0.0,0.0,12,5,5,1,11,0,1,0
77701,1477,0.0,5.0,0.0,5,3,2,1,4,0,1,0
77871,66,0.0,2.0,1.0,6,1,1,1,5,0,1,0
78098,4871,0.0,2.0,0.0,11,3,2,1,10,0,1,0
78433,309,0.0,4.0,1.0,1,1,1,1,0,0,1,0
78688,2594,0.0,6.0,0.0,21,10,3,4,19,0,2,0
79196,3460,0.0,0.0,0.0,2,1,1,1,1,0,1,0
79283,4760,0.0,4.0,0.0,5,1,1,3,3,0,1,1
79358,1346,0.0,3.0,0.0,15,8,1,3,14,0,1,0
79467,1272,0.0,2.0,0.0,4,1,1,1,3,0,1,0
79753,4982,0.0,4.0,0.0,1,1,1,1,0,0,1,0
79865,3923,0.0,4.0,1.0,2,1,1,1,1,0,1,0
79904,2140,1.0,2.0,0.0,7,1,1,1,6,0,1,0
80484,4170,0.0,0.0,0.0,14,5,1,1,13,0,1,0
80498,3484,0.0,4.0,1.0,48,13,4,6,47,0,1,0
80787,3108,0.0,4.0,0.0,11,2,2,5,9,0,1,1
80889,1492,0.0,2.0,0.0,10,6,4,1,8,0,1,1
80915,3105,0.0,2.0,1.0,54,18,2,2,53,0,1,0
81671,643,0.0,3.0,0.0,12,4,4,1,10,0,2,0
81927,3258,1.0,3.0,2.0,316,117,12,10,312,0,2,2
84063,2738,0.0,4.0,0.0,3,1,1,1,2,0,1,0
8432,4976,0.0,0.0,0.0,15,7,7,1,13,0,1,1
85088,738,0.0,2.0,0.0,7,6,2,1,6,0,1,0
85255,4287,1.0,5.0,1.0,9,6,2,2,8,0,1,0
85525,3990,0.0,0.0,0.0,10,6,4,3,9,0,1,0
85717,3968,0.0,2.0,0.0,8,4,2,2,6,0,1,1
85790,2511,0.0,0.0,0.0,2,1,1,1,1,0,1,0
85915,4976,0.0,4.0,0.0,2,1,1,1,1,0,1,0
86311,4864,0.0,4.0,1.0,3,2,1,1,2,0,1,0
87131,4042,0.0,4.0,0.0,3,1,1,1,1,0,2,0
87403,1056,0.0,4.0,0.0,14,7,6,5,4,0,1,9
87774,4044,0.0,3.0,0.0,18,9,3,4,16,0,1,1
87826,3968,0.0,3.0,0.0,1,1,1,1,0,0,1,0
88203,2582,0.0,2.0,0.0,7,3,2,3,5,0,1,1
8826,3619,0.0,4.0,0.0,1,1,1,1,0,0,1,0
89330,4043,0.0,4.0,0.0,7,2,1,2,5,0,2,0
89398,1618,1.0,0.0,1.0,36,12,4,5,34,0,2,0
89724,4043,1.0,5.0,0.0,10,5,3,2,7,0,2,1
89815,1342,0.0,0.0,0.0,5,3,3,2,4,0,1,0
89864,643,0.0,3.0,0.0,5,3,1,1,4,0,1,0
90194,2502,0.0,6.0,0.0,9,2,1,1,8,0,1,0
90256,4240,0.0,3.0,1.0,9,2,1,3,8,0,1,0
90467,3408,0.0,4.0,0.0,7,4,1,1,6,0,1,0
90600,3865,0.0,3.0,0.0,2,1,1,1,1,0,1,0
90671,3853,0.0,6.0,0.0,1,1,1,1,0,0,1,0
90977,3828,0.0,0.0,1.0,5,2,2,1,3,0,2,0
90996,960,0.0,2.0,0.0,12,2,1,8,10,0,1,1
91370,3263,0.0,3.0,0.0,1,1,1,1,0,0,1,0
91574,3005,0.0,4.0,0.0,6,2,2,2,5,0,1,0
92259,3619,0.0,4.0,0.0,2,1,1,1,1,0,1,0
9257,4949,0.0,7.0,0.0,309,154,16,2,304,0,4,1
92633,2669,0.0,0.0,0.0,11,3,2,2,9,0,2,0
92725,2669,0.0,3.0,0.0,10,7,6,3,9,0,1,0
92976,2435,0.0,5.0,0.0,4,3,1,1,0,0,4,0
93139,1892,0.0,4.0,1.0,8,6,2,2,6,0,2,0
93881,2072,0.0,0.0,0.0,7,1,1,4,5,0,1,1
94030,121,0.0,6.0,0.0,9,5,2,1,8,0,1,0
94768,2602,0.0,4.0,0.0,5,4,3,2,4,0,1,0
9497,3460,0.0,0.0,null,1,1,1,1,0,0,1,0
95126,4044,0.0,2.0,0.0,12,5,1,1,11,0,1,0
95844,4605,0.0,2.0,0.0,5,1,1,2,3,0,1,1
96587,4765,0.0,2.0,1.0,11,4,2,1,10,0,1,0
96761,350,0.0,4.0,0.0,3,1,1,1,2,0,1,0
96929,190,0.0,3.0,0.0,2,1,1,1,1,0,1,0
97362,4474,0.0,0.0,0.0,5,2,1,1,3,0,2,0
97605,4173,0.0,2.0,0.0,64,17,4,11,60,0,1,3
98100,2284,0.0,0.0,1.0,13,8,2,1,12,0,1,0
98105,845,0.0,3.0,1.0,2,1,1,1,1,0,1,0
98188,25,0.0,2.0,0.0,1,1,1,1,0,0,1,0
98293,4659,0.0,0.0,1.0,3,1,1,1,2,0,1,0
99264,3159,0.0,5.0,0.0,3,1,1,1,2,0,1,0
