100674,4976,0.0,0.0,0.0,15,9,4,1,14,0,1,0
101436,682,1.0,5.0,0.0,3,1,1,1,2,0,1,0
101564,2208,0.0,4.0,1.0,3,1,1,2,2,0,1,0
102125,4648,0.0,null,null,4,1,1,1,3,0,1,0
102275,760,0.0,3.0,0.0,2,1,1,1,1,0,1,0
102881,951,0.0,4.0,0.0,3,1,1,1,2,0,1,0
103306,1592,0.0,3.0,1.0,6,2,1,2,5,0,1,0
10331,3022,0.0,2.0,1.0,9,3,1,1,8,0,1,0
10357,4705,0.0,3.0,0.0,4,4,4,1,2,0,2,0
103712,4554,0.0,0.0,0.0,5,1,1,2,4,0,1,0
103939,1308,0.0,3.0,1.0,6,2,1,2,5,0,1,0
104033,798,0.0,5.0,0.0,43,13,6,4,35,0,4,4
104258,1102,0.0,4.0,0.0,60,36,7,8,50,0,1,9
104522,4955,0.0,6.0,1.0,3,1,1,2,2,0,1,0
104713,2259,0.0,3.0,1.0,2,1,1,1,1,0,1,0
105129,2031,0.0,3.0,1.0,2,1,1,1,1,0,1,0
105298,3955,0.0,3.0,0.0,2,1,1,1,1,0,1,0
105978,4048,0.0,3.0,0.0,10,6,1,1,8,0,2,0
106310,1618,0.0,4.0,0.0,3,1,1,2,2,0,1,0
106707,2935,0.0,0.0,0.0,16,2,1,1,15,0,1,0
106747,3734,0.0,2.0,1.0,3,1,1,2,0,0,1,2
107106,1483,0.0,0.0,0.0,19,7,2,1,18,0,1,0
10747,4335,0.0,2.0,0.0,13,6,3,1,11,0,2,0
10771,2082,0.0,3.0,0.0,15,9,1,1,14,0,1,0
107956,219,0.0,3.0,0.0,8,3,1,3,4,0,1,3
107965,3930,0.0,2.0,0.0,4,2,2,1,2,0,1,1
108074,2011,0.0,4.0,1.0,5,1,1,3,4,0,1,0
108146,4079,0.0,0.0,0.0,6,2,2,2,5,0,1,0
108326,4765,0.0,3.0,1.0,4,1,1,2,3,0,1,0
108402,2569,0.0,4.0,0.0,8,4,2,1,5,0,3,0
108456,241,0.0,3.0,1.0,3,1,1,1,2,0,1,0
10846,1918,0.0,0.0,0.0,9,7,3,3,6,0,1,2
108481,960,0.0,4.0,0.0,6,4,1,1,5,0,1,0
108523,3971,0.0,5.0,0.0,5,1,1,2,4,0,1,0
108533,2579,0.0,3.0,2.0,3,1,1,1,2,0,1,0
108621,698,0.0,3.0,0.0,10,3,2,3,9,0,1,0
108780,4044,0.0,2.0,1.0,6,2,1,1,5,0,1,0
109085,10,0.0,4.0,0.0,3,1,1,1,2,0,1,0
109379,1861,0.0,4.0,1.0,32,14,5,3,27,0,4,1
109482,1885,0.0,3.0,0.0,1,1,1,1,0,0,1,0
109622,3815,0.0,4.0,0.0,9,1,1,1,7,0,1,1
109885,4659,1.0,0.0,0.0,5,5,4,2,1,0,4,0
110567,2776,0.0,2.0,0.0,2,1,1,1,1,0,1,0
110652,1501,0.0,5.0,0.0,9,4,3,4,8,0,1,0
110675,2776,0.0,0.0,0.0,3,1,1,1,2,0,1,0
110971,3763,0.0,3.0,1.0,2,1,1,2,0,0,1,1
111339,1511,0.0,0.0,0.0,31,10,1,4,29,0,1,1
111754,3875,0.0,4.0,0.0,1,1,1,1,0,0,1,0
111826,2626,0.0,0.0,0.0,6,4,1,1,5,0,1,0
112011,1514,0.0,4.0,0.0,2,2,2,1,0,0,2,0
11217,695,0.0,0.0,0.0,12,1,1,1,10,0,2,0
112965,255,0.0,4.0,0.0,2,1,1,1,1,0,1,0
113389,4368,0.0,2.0,0.0,15,2,1,4,13,0,1,1
113586,1875,0.0,0.0,0.0,2,1,1,1,1,0,1,0
113825,3444,0.0,3.0,1.0,4,1,1,2,3,0,1,0
114050,4044,0.0,3.0,0.0,19,8,4,3,17,0,2,0
114169,1618,0.0,4.0,0.0,2,1,1,1,1,0,1,0
114265,4978,0.0,3.0,0.0,2,1,1,1,1,0,1,0
114392,625,0.0,4.0,1.0,3,1,1,1,2,0,1,0
114547,625,0.0,0.0,0.0,13,3,1,5,11,0,1,1
114698,3990,0.0,4.0,0.0,14,8,2,3,12,0,2,0
115631,2565,0.0,5.0,1.0,5,1,1,1,4,0,1,0
117028,643,0.0,5.0,null,14,4,2,2,10,0,2,2
117243,4230,0.0,4.0,1.0,4,1,1,1,3,0,1,0
117365,3734,0.0,2.0,1.0,13,8,4,3,12,0,1,0
117368,4756,0.0,4.0,2.0,2,1,1,1,1,0,1,0
117590,3828,1.0,0.0,0.0,174,39,12,15,160,0,2,12
117649,1193,0.0,0.0,0.0,2,1,1,1,1,0,1,0
11816,4234,0.0,5.0,1.0,8,5,3,1,7,0,1,0
11818,1102,0.0,3.0,1.0,88,32,10,7,61,0,1,26
118226,1332,0.0,0.0,0.0,5,1,1,1,4,0,1,0
118410,3173,0.0,3.0,0.0,5,2,1,1,2,0,1,2
118452,2550,0.0,6.0,0.0,9,5,1,1,8,0,1,0
118542,4048,0.0,0.0,0.0,8,1,1,1,5,0,3,0
118629,3828,0.0,4.0,1.0,67,41,7,10,66,0,1,0
118885,1911,0.0,0.0,1.0,7,1,1,1,5,1,1,0
11926,1861,1.0,0.0,0.0,1,1,1,1,0,0,1,0
1194,3410,0.0,4.0,1.0,3,1,1,1,2,0,1,0
119594,66,0.0,2.0,1.0,4,1,1,1,3,0,1,0
119968,1892,0.0,0.0,0.0,2,1,1,1,1,0,1,0
120113,4367,0.0,3.0,0.0,2,1,1,1,1,0,1,0
120617,1203,0.0,0.0,0.0,5,1,1,1,4,0,1,0
120969,1892,0.0,3.0,0.0,6,3,3,2,5,0,1,0
121448,1742,0.0,4.0,0.0,9,5,1,4,8,0,1,0
121721,4818,0.0,0.0,0.0,8,5,3,1,7,0,1,0
121811,2273,0.0,0.0,1.0,12,4,1,1,11,0,1,0
122142,4727,0.0,3.0,0.0,15,2,2,2,14,0,1,0
122902,1551,0.0,6.0,0.0,1,1,1,1,0,0,1,0
123259,3640,0.0,0.0,0.0,3,2,2,3,0,0,1,2
123262,4698,0.0,2.0,1.0,3,1,1,1,2,0,1,0
123344,596,0.0,4.0,0.0,2,1,1,1,1,0,1,0
12340,4765,0.0,6.0,1.0,32,5,3,5,28,0,1,3
123717,133,0.0,5.0,0.0,5,2,1,1,4,0,1,0
124251,1884,0.0,0.0,0.0,12,2,2,7,10,0,1,1
124394,3954,0.0,3.0,1.0,6,2,2,3,5,0,1,0
124522,4438,0.0,0.0,0.0,10,2,1,2,9,0,1,0
125900,4282,0.0,2.0,0.0,23,16,8,4,20,0,3,0
125979,4992,0.0,2.0,1.0,5,2,1,1,4,0,1,0
126321,2278,0.0,7.0,0.0,7,3,3,1,4,0,3,0
127194,4760,0.0,0.0,0.0,11,3,3,1,8,0,3,0
127693,1536,0.0,6.0,0.0,13,1,1,4,12,0,1,0
127713,361,0.0,6.0,1.0,29,9,2,2,26,1,1,1
128196,2608,0.0,0.0,0.0,3,1,1,1,2,0,1,0
128538,1724,0.0,0.0,1.0,4,2,1,1,3,0,1,0
128773,408,0.0,0.0,0.0,8,4,1,1,6,0,2,0
129186,1393,0.0,3.0,0.0,28,23,6,4,27,0,1,0
129245,2473,0.0,7.0,0.0,15,3,1,1,14,0,1,0
130010,3875,0.0,3.0,0.0,2,1,1,2,0,0,1,1
130025,1538,0.0,4.0,0.0,8,2,1,1,7,0,1,0
130029,4659,0.0,0.0,0.0,3,2,2,1,1,0,2,0
130074,2876,0.0,0.0,0.0,3,2,1,2,2,0,1,0
131498,798,0.0,6.0,0.0,3,1,1,1,2,0,1,0
131678,4450,0.0,4.0,0.0,2,1,1,1,1,0,1,0
131961,4848,0.0,5.0,0.0,9,1,1,3,7,0,1,1
13218,1564,0.0,2.0,1.0,4,2,1,1,3,0,1,0
132230,1514,0.0,7.0,1.0,8,1,1,4,6,0,1,1
132585,3230,0.0,3.0,1.0,4,1,1,1,3,0,1,0
132951,2821,0.0,0.0,0.0,4,2,2,2,3,0,1,0
133906,822,0.0,null,null,12,5,1,2,9,2,1,0
133929,1861,0.0,0.0,0.0,3,2,2,1,2,0,1,0
133988,4755,0.0,3.0,0.0,3,1,1,1,2,0,1,0
134024,4043,1.0,3.0,0.0,3,1,1,1,1,0,1,1
13473,3041,0.0,6.0,0.0,14,3,1,2,13,0,1,0
135136,4282,0.0,3.0,1.0,18,3,1,4,16,0,1,1
135143,2784,0.0,0.0,0.0,13,1,1,1,10,0,3,0
136404,3152,1.0,6.0,1.0,39,13,2,5,37,0,1,1
136975,2664,0.0,6.0,1.0,43,32,4,2,36,0,7,0
137189,1346,0.0,3.0,1.0,10,6,1,1,9,0,1,0
137294,3541,0.0,0.0,0.0,7,2,1,2,6,0,1,0
137479,846,0.0,0.0,0.0,4,1,1,2,1,0,2,1
138283,3529,0.0,6.0,0.0,11,5,3,1,8,0,3,0
138802,3227,0.0,4.0,2.0,4,1,1,1,3,0,1,0
138952,1411,0.0,3.0,0.0,4,1,1,1,1,0,3,0
139738,3685,0.0,0.0,0.0,6,2,1,1,5,0,1,0
139795,4073,0.0,0.0,0.0,3,1,1,1,2,0,1,0
139995,2317,0.0,4.0,0.0,15,4,1,2,14,0,1,0
140621,4847,0.0,4.0,0.0,118,67,10,18,115,2,1,0
141459,2403,0.0,0.0,0.0,16,14,2,1,15,0,1,0
141495,2014,0.0,3.0,0.0,6,3,2,2,5,0,1,0
141638,4536,0.0,2.0,0.0,44,16,5,3,41,0,3,0
141849,3728,0.0,2.0,1.0,2,1,1,1,0,0,2,0
142002,2124,0.0,0.0,1.0,3,1,1,1,2,0,1,0
142036,685,0.0,0.0,0.0,3,2,1,2,0,0,1,2
142293,2014,0.0,4.0,1.0,1,1,1,1,0,0,1,0
142802,3986,0.0,3.0,1.0,4,1,1,2,3,0,1,0
143017,3363,0.0,0.0,0.0,9,2,1,3,7,0,1,1
143688,4491,0.0,4.0,0.0,6,3,2,1,5,0,1,0
144093,2821,0.0,5.0,0.0,3,1,1,2,2,0,1,0
144301,2072,0.0,2.0,1.0,2,1,1,1,1,0,1,0
144318,760,0.0,7.0,1.0,2,1,1,1,1,0,1,0
144319,1310,0.0,0.0,0.0,7,4,3,1,0,0,3,4
14448,946,0.0,4.0,0.0,9,8,4,5,5,0,3,1
144751,798,0.0,4.0,0.0,18,7,5,4,16,0,2,0
145867,4585,0.0,4.0,1.0,3,2,1,1,2,0,1,0
14587,317,0.0,4.0,0.0,6,1,1,1,5,0,1,0
146198,1726,0.0,3.0,0.0,14,7,5,2,7,0,1,6
146343,2721,0.0,6.0,0.0,6,3,1,1,5,0,1,0
146444,1348,0.0,0.0,0.0,4,3,2,1,1,0,3,0
14666,4760,0.0,0.0,null,7,1,1,1,6,0,1,0
146727,3693,0.0,0.0,1.0,4,2,1,1,3,0,1,0
147071,2592,0.0,4.0,1.0,9,6,2,1,8,0,1,0
14783,2857,0.0,6.0,1.0,11,4,1,1,9,0,2,0
147991,3524,0.0,6.0,0.0,12,2,1,3,10,0,1,1
148072,1816,0.0,3.0,0.0,6,1,1,2,5,0,1,0
14820,4073,0.0,4.0,0.0,5,1,1,1,4,0,1,0
149229,625,0.0,3.0,0.0,5,3,1,1,4,0,1,0
149503,3323,0.0,4.0,0.0,14,5,1,2,12,0,2,0
150171,4438,0.0,2.0,1.0,3,1,1,1,2,0,1,0
150191,66,0.0,6.0,1.0,4,2,1,2,2,0,1,1
150323,3779,0.0,2.0,1.0,1,1,1,1,0,0,1,0
150373,4756,1.0,0.0,0.0,7,3,2,1,5,0,2,0
150616,426,0.0,0.0,1.0,12,3,2,3,10,0,2,0
1513,4659,1.0,3.0,0.0,1,1,1,1,0,0,1,0
151353,2994,0.0,5.0,1.0,6,3,1,1,4,0,1,1
151462,3956,0.0,4.0,0.0,2,1,1,1,1,0,1,0
151769,1890,0.0,6.0,1.0,2,1,1,1,1,0,1,0
151780,4919,1.0,0.0,null,4,2,1,1,3,0,1,0
151807,3288,0.0,4.0,0.0,4,1,1,1,3,0,1,0
151966,4642,1.0,6.0,0.0,20,10,3,1,17,0,3,0
152137,2435,0.0,3.0,null,4,1,1,2,3,0,1,0
152156,4044,0.0,2.0,0.0,62,22,4,5,61,0,1,0
152181,3271,0.0,4.0,0.0,1,1,1,1,0,0,1,0
152517,602,0.0,2.0,1.0,1,1,1,1,0,0,1,0
152597,215,0.0,0.0,1.0,35,10,5,3,29,0,2,4
153370,1618,0.0,4.0,1.0,1,1,1,1,0,0,1,0
154207,2579,0.0,3.0,0.0,4,2,1,2,3,0,1,0
154769,4818,0.0,3.0,0.0,8,1,1,1,7,0,1,0
154789,51,0.0,2.0,0.0,1,1,1,1,0,0,1,0
154934,1833,0.0,4.0,1.0,28,13,2,1,25,2,1,0
155286,1384,0.0,0.0,null,2,1,1,1,1,0,1,0
155422,515,1.0,6.0,1.0,9,5,3,1,6,0,3,0
155716,4057,0.0,6.0,0.0,6,4,1,1,5,0,1,0
156260,2278,0.0,3.0,1.0,1,1,1,1,0,0,1,0
156612,1724,0.0,0.0,0.0,6,3,2,1,5,0,1,0
157037,1922,0.0,6.0,1.0,4,1,1,1,3,0,1,0
157561,3955,0.0,3.0,0.0,22,5,2,1,21,0,1,0
157820,4650,0.0,0.0,1.0,2,1,1,1,0,0,1,1
158445,542,0.0,3.0,0.0,2,1,1,1,0,0,2,0
158482,2403,0.0,4.0,0.0,42,23,4,3,41,0,1,0
158758,946,0.0,7.0,1.0,24,14,3,1,22,0,2,0
159064,1839,0.0,7.0,0.0,6,1,1,2,4,0,1,1
159085,652,0.0,4.0,0.0,9,4,2,2,7,0,2,0
159431,2511,0.0,0.0,0.0,5,4,2,1,4,0,1,0
159479,2745,0.0,6.0,1.0,10,4,1,1,9,0,1,0
159640,862,0.0,3.0,0.0,32,14,5,3,22,0,9,1
1597,2482,0.0,3.0,0.0,3,2,2,1,1,0,2,0
159867,4351,0.0,4.0,1.0,2,1,1,1,1,0,1,0
160262,323,0.0,0.0,1.0,7,1,1,4,6,0,1,0
160279,24,0.0,0.0,1.0,2,1,1,1,1,0,1,0
160694,3236,1.0,5.0,0.0,16,2,1,2,13,0,2,1
160861,4894,0.0,3.0,0.0,2,2,1,1,0,0,2,0
1609,4040,0.0,3.0,0.0,1,1,1,1,0,0,1,0
160908,4401,0.0,0.0,1.0,1,1,1,1,0,0,1,0
160910,1760,0.0,4.0,0.0,1,1,1,1,0,0,1,0
161395,3828,0.0,3.0,0.0,18,1,1,2,17,0,1,0
162784,2051,0.0,3.0,0.0,6,2,1,1,2,0,4,0
162936,4358,0.0,2.0,0.0,2,1,1,1,1,0,1,0
162954,639,0.0,3.0,1.0,16,5,1,4,14,0,2,0
163309,598,0.0,3.0,1.0,21,9,3,5,19,0,1,1
163477,1679,0.0,5.0,1.0,14,6,3,1,11,0,3,0
165177,4079,0.0,2.0,0.0,5,2,1,1,4,0,1,0
165190,4044,0.0,3.0,0.0,15,5,5,1,13,0,1,1
16575,2124,0.0,4.0,1.0,17,9,1,2,16,0,1,0
165775,4368,0.0,3.0,null,14,2,2,2,11,0,1,2
166150,308,0.0,6.0,1.0,4,1,1,1,3,0,1,0
166571,3983,0.0,0.0,1.0,4,2,1,1,3,0,1,0
167003,2269,0.0,6.0,0.0,6,3,1,2,4,0,2,0
167015,1393,1.0,5.0,0.0,12,1,1,1,11,0,1,0
16711,729,0.0,4.0,0.0,11,6,5,1,6,0,5,0
16720,4797,0.0,4.0,0.0,14,8,1,1,8,0,6,0
167823,1910,0.0,3.0,0.0,8,5,3,1,7,0,1,0
168067,2482,0.0,0.0,0.0,15,9,7,1,13,0,2,0
169188,416,1.0,5.0,1.0,41,25,7,3,40,0,1,0
169277,1357,0.0,0.0,0.0,8,2,1,4,5,0,2,1
169666,4048,0.0,0.0,0.0,15,7,1,1,11,0,4,0
169817,2596,1.0,7.0,0.0,6,2,1,1,5,0,1,0
170028,2436,0.0,5.0,0.0,71,36,8,4,66,0,5,0
170064,4444,0.0,4.0,1.0,63,27,6,3,56,0,7,0
170254,1884,0.0,5.0,0.0,2,1,1,1,1,0,1,0
170303,962,1.0,2.0,0.0,2,1,1,1,1,0,1,0
171272,254,0.0,4.0,1.0,10,2,1,2,9,0,1,0
172138,2031,1.0,6.0,0.0,5,2,1,1,4,0,1,0
172662,4858,0.0,3.0,0.0,3,1,1,2,2,0,1,0
172780,3159,0.0,2.0,0.0,3,1,1,1,2,0,1,0
173085,2482,0.0,2.0,0.0,7,2,2,2,6,0,1,0
173181,946,0.0,5.0,0.0,23,11,3,1,21,0,2,0
173206,2630,0.0,3.0,0.0,10,5,2,1,9,0,1,0
17327,145,0.0,6.0,0.0,4,1,1,1,3,0,1,0
173385,3906,0.0,0.0,0.0,14,2,2,2,13,0,1,0
173417,742,0.0,4.0,0.0,2,1,1,1,1,0,1,0
17348,2273,0.0,3.0,0.0,12,2,1,7,10,0,1,1
173689,3828,0.0,5.0,0.0,8,7,5,6,0,0,1,7
173771,4584,0.0,3.0,0.0,11,2,2,3,10,0,1,0
173839,3915,0.0,3.0,1.0,3,2,1,1,2,0,1,0
174115,2138,0.0,2.0,0.0,2,2,2,2,1,0,1,0
174130,3578,0.0,0.0,1.0,20,11,2,1,18,0,2,0
174219,2714,1.0,2.0,0.0,20,5,3,4,16,0,2,2
174353,3418,0.0,3.0,0.0,4,1,1,1,3,0,1,0
17466,2268,0.0,3.0,1.0,9,2,2,1,8,0,1,0
175262,1611,0.0,2.0,1.0,8,1,1,2,7,0,1,0
175543,3851,0.0,0.0,1.0,1,1,1,1,0,0,1,0
175602,598,1.0,3.0,1.0,5,4,3,1,4,0,1,0
17579,4891,0.0,4.0,0.0,2,1,1,1,1,0,1,0
176564,2318,0.0,3.0,0.0,14,3,1,3,12,0,1,1
176764,2173,0.0,4.0,0.0,10,1,1,1,9,0,1,0
178074,2272,0.0,0.0,0.0,12,5,1,1,11,0,1,0
178093,3971,0.0,0.0,1.0,4,1,1,2,3,0,1,0
179092,3966,0.0,0.0,0.0,1,1,1,1,0,0,1,0
179400,4336,0.0,4.0,0.0,6,2,2,1,4,0,2,0
179920,1399,0.0,5.0,0.0,19,12,3,2,18,0,1,0
180115,3693,0.0,2.0,1.0,7,1,1,4,6,0,1,0
180148,3418,0.0,0.0,0.0,5,1,1,1,4,0,1,0
18017,3022,0.0,2.0,1.0,21,8,3,3,19,0,2,0
180694,2935,0.0,4.0,1.0,2,1,1,1,1,0,1,0
180941,742,0.0,2.0,0.0,8,1,1,3,6,0,1,1
180981,1618,0.0,6.0,1.0,2,1,1,1,1,0,1,0
181264,255,1.0,3.0,1.0,3,2,1,1,2,0,1,0
181280,437,0.0,4.0,0.0,1,1,1,1,0,0,1,0
181910,3148,0.0,0.0,0.0,5,1,1,1,4,0,1,0
181985,3484,0.0,0.0,1.0,24,10,2,4,23,0,1,0
182234,4044,0.0,4.0,0.0,7,3,1,2,6,0,1,0
1823,1346,0.0,4.0,0.0,3,2,1,1,2,0,1,0
182569,1978,0.0,2.0,1.0,1,1,1,1,0,0,1,0
182623,4607,0.0,0.0,1.0,2,1,1,1,1,0,1,0
182808,1572,0.0,3.0,0.0,1,1,1,1,0,0,1,0
182819,1283,0.0,2.0,0.0,11,7,3,1,10,0,1,0
182904,2711,0.0,0.0,0.0,8,4,2,3,7,0,1,0
183124,4287,0.0,0.0,0.0,51,16,5,6,38,0,1,12
183675,3545,0.0,3.0,1.0,3,1,1,2,2,0,1,0
183704,241,1.0,0.0,1.0,3,1,1,1,1,0,2,0
183888,3828,1.0,3.0,1.0,27,18,3,3,24,0,2,1
184736,794,0.0,6.0,1.0,1,1,1,1,0,0,1,0
184922,145,0.0,4.0,0.0,4,1,1,1,3,0,1,0
185017,2640,1.0,0.0,1.0,23,17,10,1,20,0,3,0
185091,4305,0.0,0.0,0.0,5,4,1,1,4,0,1,0
185118,760,0.0,0.0,0.0,4,2,1,1,3,0,1,0
185970,598,0.0,3.0,0.0,31,13,3,5,28,0,1,2
186091,614,0.0,3.0,0.0,3,1,1,1,2,0,1,0
186626,1911,0.0,5.0,0.0,6,3,1,2,5,0,1,0
18688,4318,0.0,0.0,1.0,4,2,1,2,3,0,1,0
186999,4009,0.0,5.0,0.0,13,4,2,2,12,0,1,0
187159,4504,0.0,0.0,0.0,2,1,1,1,1,0,1,0
1872,3529,0.0,5.0,0.0,4,1,1,1,3,0,1,0
187389,4659,0.0,3.0,0.0,12,5,5,2,9,0,3,0
189119,2808,0.0,0.0,0.0,9,1,1,1,8,0,1,0
18976,2511,0.0,2.0,1.0,3,1,1,1,2,0,1,0
18979,1890,0.0,3.0,1.0,1,1,1,1,0,0,1,0
189810,4660,0.0,4.0,0.0,6,1,1,3,5,0,1,0
190969,1557,0.0,3.0,0.0,4,1,1,3,2,0,1,1
191367,3779,0.0,2.0,1.0,4,2,1,1,3,0,1,0
191873,1324,0.0,6.0,0.0,5,1,1,1,4,0,1,0
192562,322,0.0,5.0,0.0,3,1,1,2,1,0,1,1
192926,1514,0.0,5.0,0.0,6,3,2,1,4,0,2,0
19302,806,0.0,4.0,1.0,15,8,5,3,14,0,1,0
193241,4718,0.0,0.0,0.0,8,4,2,1,7,0,1,0
193497,2217,0.0,3.0,1.0,7,1,1,3,5,0,1,1
193780,3682,0.0,3.0,0.0,8,2,1,1,7,0,1,0
19401,794,0.0,3.0,0.0,8,2,1,3,7,0,1,0
194260,3734,0.0,3.0,0.0,2,1,1,1,1,0,1,0
194880,3163,0.0,4.0,0.0,2,1,1,1,0,0,2,0
195194,3363,0.0,3.0,0.0,4,1,1,2,2,0,1,1
196045,2641,0.0,3.0,1.0,5,2,1,1,4,0,1,0
19610,236,0.0,2.0,0.0,1,1,1,1,0,0,1,0
196199,2565,0.0,2.0,0.0,4,1,1,3,2,0,1,1
196310,3558,0.0,4.0,0.0,21,10,1,3,15,0,3,3
196906,3956,0.0,3.0,0.0,4,3,2,1,3,0,1,0
19701,1103,0.0,2.0,0.0,2,1,1,1,0,0,1,1
197058,361,0.0,0.0,1.0,5,2,2,4,3,0,1,1
197614,598,0.0,3.0,0.0,16,9,3,2,15,0,1,0
19803,1049,0.0,3.0,1.0,1,1,1,1,0,0,1,0
19867,4966,1.0,4.0,0.0,8,4,3,2,4,0,1,3
198928,1678,0.0,6.0,0.0,7,1,1,1,5,0,2,0
199002,1008,0.0,3.0,0.0,11,1,1,1,10,0,1,0
199060,3200,0.0,3.0,0.0,13,9,4,1,10,0,3,0
199116,2318,0.0,3.0,1.0,7,1,1,2,6,0,1,0
199633,1399,0.0,0.0,0.0,8,4,1,1,7,0,1,0
199962,4659,0.0,3.0,0.0,2,1,1,1,1,0,1,0
200609,2669,0.0,0.0,0.0,4,2,2,1,2,0,1,1
200727,2482,0.0,3.0,0.0,3,1,1,1,2,0,1,0
200731,3577,0.0,3.0,0.0,3,1,1,1,2,0,1,0
20082,1501,0.0,5.0,0.0,1,1,1,1,0,0,1,0
201751,4756,0.0,0.0,1.0,1,1,1,1,0,0,1,0
201967,2318,0.0,5.0,0.0,2,1,1,1,1,0,1,0
202334,3635,0.0,5.0,1.0,6,3,1,2,5,0,1,0
202350,2669,0.0,3.0,0.0,5,1,1,2,3,0,1,1
202610,2590,0.0,2.0,0.0,19,13,4,2,16,0,3,0
202617,2217,0.0,3.0,0.0,4,2,2,3,3,0,1,0
203992,4444,0.0,3.0,1.0,32,18,2,4,29,2,1,0
204152,3205,0.0,5.0,0.0,11,8,2,2,2,0,1,8
204467,361,0.0,0.0,0.0,52,17,4,3,47,0,3,2
20461,4848,1.0,4.0,0.0,1,1,1,1,0,0,1,0
204612,3022,0.0,3.0,1.0,8,3,2,2,6,0,1,1
204821,1022,0.0,5.0,0.0,2,1,1,1,1,0,1,0
205158,4617,0.0,3.0,1.0,4,1,1,2,3,0,1,0
205512,602,0.0,0.0,0.0,6,3,1,1,5,0,1,0
205642,3958,0.0,5.0,0.0,3,1,1,1,2,0,1,0
206612,2936,0.0,2.0,1.0,1,1,1,1,0,0,1,0
206735,1454,0.0,0.0,0.0,4,1,1,1,2,0,2,0
206932,2916,0.0,2.0,0.0,5,2,1,1,4,0,1,0
207058,1056,0.0,4.0,2.0,1,1,1,1,0,0,1,0
207227,2031,1.0,4.0,0.0,12,2,1,6,10,0,1,1
207424,141,0.0,3.0,1.0,17,4,3,1,16,0,1,0
20768,2712,0.0,5.0,1.0,18,5,1,1,16,1,1,0
208012,2282,0.0,4.0,0.0,3,1,1,1,2,0,1,0
208304,684,0.0,6.0,0.0,67,16,7,2,62,0,5,0
209171,1742,0.0,4.0,0.0,8,5,1,2,6,0,2,0
209615,3952,0.0,3.0,0.0,5,1,1,3,4,0,1,0
209769,4044,0.0,0.0,0.0,19,12,6,3,18,0,1,0
209884,2122,0.0,0.0,0.0,1,1,1,1,0,0,1,0
210899,4043,0.0,3.0,0.0,4,3,3,3,3,0,1,0
210952,191,0.0,3.0,0.0,2,1,1,2,0,0,1,1
212506,926,0.0,3.0,1.0,6,2,2,1,4,0,2,0
212929,1500,0.0,5.0,0.0,5,3,1,3,4,0,1,0
213142,1999,0.0,3.0,0.0,21,8,1,2,16,0,5,0
213392,958,0.0,6.0,0.0,4,2,1,1,2,0,2,0
213568,4730,0.0,0.0,0.0,1,1,1,1,0,0,1,0
213821,1393,0.0,3.0,0.0,21,18,7,1,20,0,1,0
213848,1861,0.0,2.0,0.0,22,7,2,1,18,0,4,0
213933,2361,0.0,3.0,0.0,9,3,3,1,7,0,2,0
214111,4079,0.0,5.0,1.0,4,1,1,1,2,0,2,0
214356,426,0.0,0.0,0.0,3,1,1,1,2,0,1,0
214652,1618,0.0,6.0,0.0,2,1,1,2,1,0,1,0
214662,2361,0.0,4.0,2.0,4,1,1,1,3,0,1,0
214928,2031,0.0,3.0,0.0,6,1,1,1,4,0,1,1
214996,297,0.0,0.0,1.0,5,1,1,1,4,0,1,0
215368,127,0.0,3.0,0.0,5,2,2,1,3,0,2,0
215399,4346,0.0,4.0,0.0,3,1,1,1,2,0,1,0
216282,4426,0.0,0.0,0.0,5,1,1,2,3,0,1,1
216626,1916,0.0,0.0,0.0,14,3,1,1,11,0,3,0
216820,2273,0.0,0.0,1.0,12,5,1,3,11,0,1,0
216872,3098,0.0,3.0,1.0,5,4,1,2,4,0,1,0
217150,598,0.0,3.0,0.0,20,4,3,2,19,0,1,0
217298,1412,0.0,5.0,0.0,4,1,1,3,3,0,1,0
218356,1166,0.0,7.0,0.0,3,1,1,1,2,0,1,0
218511,738,0.0,3.0,0.0,2,1,1,1,1,0,1,0
218729,4026,0.0,0.0,0.0,5,2,1,1,4,0,1,0
218762,2217,0.0,3.0,0.0,1,1,1,1,0,0,1,0
219532,1679,1.0,0.0,0.0,7,5,3,1,6,0,1,0
219762,522,0.0,0.0,1.0,4,3,2,1,2,0,2,0
220095,4171,0.0,0.0,0.0,10,2,1,5,9,0,1,0
220285,4504,0.0,4.0,0.0,3,1,1,1,2,0,1,0
221348,4108,0.0,0.0,0.0,10,2,1,5,7,0,1,2
221470,500,0.0,4.0,0.0,5,2,1,1,4,0,1,0
221475,3350,1.0,0.0,0.0,7,3,1,1,6,0,1,0
221776,590,0.0,2.0,1.0,5,4,2,1,4,0,1,0
221833,3460,0.0,2.0,0.0,6,1,1,1,4,0,1,1
22237,1512,0.0,0.0,0.0,2,1,1,1,1,0,1,0
222435,740,0.0,6.0,0.0,2,1,1,1,1,0,1,0
222924,3944,0.0,0.0,1.0,2,1,1,1,1,0,1,0
223033,416,0.0,4.0,0.0,1,1,1,1,0,0,1,0
224051,3593,0.0,3.0,0.0,9,5,1,1,8,0,1,0
224319,4265,0.0,4.0,2.0,39,21,9,4,33,0,2,4
224346,2148,0.0,0.0,0.0,4,1,1,1,3,0,1,0
224437,4287,0.0,3.0,0.0,4,3,1,3,0,0,1,3
224726,2559,0.0,5.0,0.0,7,2,2,1,6,0,1,0
224801,4976,0.0,0.0,0.0,53,22,7,7,50,0,1,2
225272,4079,0.0,3.0,1.0,1,1,1,1,0,0,1,0
225790,1890,0.0,5.0,0.0,4,4,3,4,3,0,1,0
225934,3968,0.0,2.0,0.0,14,5,5,2,10,0,3,1
225960,51,0.0,3.0,0.0,1,1,1,1,0,0,1,0
226220,4186,0.0,6.0,1.0,7,6,2,2,6,0,1,0
226472,2891,0.0,6.0,0.0,41,8,2,2,38,2,1,0
2267,3439,0.0,4.0,1.0,3,1,1,1,2,0,1,0
227428,3080,0.0,2.0,1.0,2,1,1,1,1,0,1,0
227447,4044,0.0,6.0,0.0,11,10,4,3,10,0,1,0
227449,1679,0.0,4.0,1.0,9,2,2,3,6,0,1,2
227611,3205,0.0,5.0,1.0,1,1,1,1,0,0,1,0
228187,3073,0.0,5.0,1.0,25,10,1,1,23,0,2,0
228279,4542,0.0,2.0,0.0,1,1,1,1,0,0,1,0
228906,4966,0.0,0.0,0.0,3,1,1,1,2,0,1,0
22931,4287,0.0,4.0,0.0,4,3,2,1,3,0,1,0
229441,1760,0.0,2.0,1.0,2,1,1,1,1,0,1,0
229737,1200,0.0,2.0,0.0,2,1,1,1,1,0,1,0
230159,2173,0.0,2.0,0.0,14,4,1,2,10,0,2,2
23062,1272,0.0,6.0,0.0,10,3,3,3,9,0,1,0
230762,2543,0.0,6.0,1.0,3,1,1,1,2,0,1,0
23106,2217,0.0,4.0,0.0,20,4,1,5,18,0,1,1
231400,1056,0.0,5.0,0.0,8,6,3,2,6,0,2,0
231623,416,0.0,6.0,0.0,15,9,2,2,14,0,1,0
231881,2954,0.0,4.0,1.0,1,1,1,1,0,0,1,0
231911,3160,0.0,6.0,0.0,5,1,1,1,4,0,1,0
232081,4267,0.0,5.0,0.0,57,37,6,5,54,0,3,0
232090,902,0.0,4.0,1.0,2,1,1,1,1,0,1,0
232553,1540,1.0,3.0,1.0,9,3,2,1,8,0,1,0
232572,3195,0.0,4.0,0.0,8,3,2,1,6,0,2,0
232845,4427,0.0,3.0,1.0,8,1,1,4,6,0,1,1
233356,2102,0.0,3.0,0.0,1,1,1,1,0,0,1,0
233423,3080,0.0,4.0,0.0,2,1,1,1,1,0,1,0
234210,588,0.0,0.0,0.0,4,1,1,1,3,0,1,0
234887,437,0.0,3.0,0.0,14,3,1,2,12,0,2,0
234891,1557,0.0,5.0,0.0,3,3,3,1,0,0,3,0
235023,3161,0.0,4.0,0.0,2,2,1,2,1,0,1,0
235370,4585,0.0,5.0,0.0,23,8,3,3,21,0,1,1
235550,4048,0.0,2.0,0.0,3,1,1,1,2,0,1,0
235915,3640,0.0,3.0,1.0,3,1,1,2,2,0,1,0
236020,168,0.0,3.0,0.0,2,1,1,2,1,0,1,0
236288,1049,0.0,3.0,1.0,10,1,1,1,8,0,1,1
236860,4280,0.0,6.0,0.0,3,2,1,1,2,0,1,0
237254,3152,0.0,6.0,0.0,16,3,1,2,14,0,2,0
237481,1276,0.0,0.0,0.0,20,1,1,4,19,0,1,0
237758,1968,1.0,2.0,1.0,4,1,1,1,3,0,1,0
238019,4826,0.0,6.0,0.0,4,2,2,1,3,0,1,0
238095,3136,0.0,5.0,0.0,6,3,2,1,5,0,1,0
238326,2936,0.0,2.0,1.0,4,1,1,1,3,0,1,0
238339,4368,0.0,3.0,1.0,6,1,1,2,5,0,1,0
239005,1923,0.0,0.0,0.0,13,2,1,2,12,0,1,0
239473,1499,0.0,4.0,0.0,1,1,1,1,0,0,1,0
239533,3723,0.0,0.0,0.0,3,1,1,1,2,0,1,0
239621,1810,0.0,0.0,0.0,15,4,3,5,13,0,1,1
240636,2579,0.0,0.0,0.0,4,1,1,1,3,0,1,0
241050,646,0.0,0.0,0.0,8,1,1,3,7,0,1,0
241227,4585,0.0,3.0,1.0,13,2,1,2,12,0,1,0
241950,2217,1.0,6.0,0.0,1,1,1,1,0,0,1,0
242101,1708,0.0,3.0,0.0,1,1,1,1,0,0,1,0
242653,861,0.0,0.0,1.0,4,2,1,1,3,0,1,0
242875,606,0.0,3.0,0.0,30,21,8,4,28,0,2,0
24305,2928,0.0,4.0,0.0,2,2,2,1,0,0,2,0
243257,3319,0.0,0.0,0.0,12,3,1,2,10,0,2,0
243933,1679,0.0,5.0,0.0,6,4,3,1,5,0,1,0
244004,793,0.0,7.0,1.0,5,1,1,1,4,0,1,0
244153,574,0.0,4.0,0.0,2,1,1,1,1,0,1,0
244423,730,0.0,2.0,0.0,12,8,4,2,9,0,3,0
244545,481,0.0,3.0,0.0,10,5,1,2,9,0,1,0
244691,2935,0.0,4.0,0.0,6,1,1,1,5,0,1,0
245021,1393,0.0,3.0,0.0,54,33,5,7,47,0,1,6
245328,4173,0.0,0.0,0.0,12,3,2,1,10,0,2,0
24571,1854,0.0,0.0,0.0,2,1,1,1,1,0,1,0
245892,2277,0.0,4.0,0.0,20,5,2,3,19,0,1,0
24594,4705,0.0,4.0,0.0,1,1,1,1,0,0,1,0
246352,2669,0.0,3.0,0.0,5,3,1,1,4,0,1,0
247021,1051,0.0,4.0,1.0,6,2,2,1,3,0,1,2
248236,4468,0.0,4.0,1.0,5,1,1,1,3,0,2,0
24856,4738,0.0,5.0,1.0,4,3,2,2,3,0,1,0
249901,227,0.0,2.0,1.0,10,5,3,2,9,0,1,0
249952,721,0.0,4.0,0.0,6,2,1,2,5,0,1,0
25006,2883,0.0,4.0,0.0,56,44,6,6,55,0,1,0
250065,570,0.0,6.0,0.0,56,16,6,3,48,0,5,3
251157,2872,0.0,5.0,0.0,3,2,2,1,2,0,1,0
251421,778,0.0,2.0,0.0,5,1,1,1,4,0,1,0
251789,606,0.0,0.0,1.0,2,2,1,1,1,0,1,0
252796,4842,0.0,3.0,1.0,5,2,1,1,4,0,1,0
253212,4115,0.0,5.0,0.0,14,2,2,5,13,0,1,0
253430,4768,0.0,2.0,2.0,22,17,1,2,20,0,2,0
253512,4919,0.0,0.0,0.0,3,1,1,1,2,0,1,0
253809,3828,0.0,4.0,2.0,3,3,2,2,2,0,1,0
254045,3288,0.0,4.0,2.0,2,1,1,1,1,0,1,0
255027,3350,0.0,3.0,0.0,10,3,3,1,9,0,1,0
256117,4425,0.0,4.0,0.0,20,10,5,1,19,0,1,0
256230,685,0.0,0.0,1.0,4,1,1,1,3,0,1,0
256910,2821,0.0,4.0,1.0,1,1,1,1,0,0,1,0
256959,3472,0.0,2.0,0.0,3,2,1,1,2,0,1,0
257852,4491,0.0,6.0,0.0,5,1,1,1,4,0,1,0
257857,152,0.0,6.0,0.0,4,1,1,3,2,0,1,1
258216,1399,0.0,3.0,1.0,1,1,1,1,0,0,1,0
258573,4090,0.0,0.0,0.0,3,1,1,1,2,0,1,0
258895,4577,0.0,3.0,0.0,8,4,4,2,1,0,7,0
258953,336,0.0,5.0,0.0,33,5,4,2,30,0,3,0
258966,2173,0.0,6.0,0.0,4,2,1,1,3,0,1,0
259563,1890,0.0,4.0,0.0,6,1,1,3,5,0,1,0
259574,1031,0.0,0.0,0.0,5,2,1,1,4,0,1,0
260530,2857,0.0,0.0,0.0,2,1,1,1,1,0,1,0
260579,4049,0.0,0.0,0.0,12,6,3,2,11,0,1,0
260814,4394,0.0,4.0,0.0,4,1,1,1,3,0,1,0
261151,1557,0.0,3.0,1.0,14,6,2,2,11,0,3,0
261227,962,0.0,3.0,0.0,2,1,1,1,1,0,1,0
261545,3263,0.0,0.0,0.0,2,1,1,1,1,0,1,0
262349,2294,0.0,5.0,0.0,8,4,3,3,6,0,1,1
262428,4978,0.0,7.0,1.0,3,1,1,1,2,0,1,0
262616,2664,0.0,4.0,1.0,26,9,2,4,24,0,2,0
262782,2014,0.0,0.0,1.0,15,5,2,3,13,0,2,0
262895,4282,0.0,3.0,0.0,9,7,4,1,8,0,1,0
26291,1679,0.0,4.0,0.0,40,19,3,7,32,0,2,6
263818,1393,1.0,4.0,0.0,230,106,21,27,212,0,9,9
263866,4911,0.0,4.0,1.0,3,1,1,1,2,0,1,0
264046,1557,0.0,0.0,0.0,8,5,2,2,7,0,1,0
264129,2149,0.0,3.0,0.0,1,1,1,1,0,0,1,0
264299,4173,0.0,2.0,0.0,18,9,4,10,15,0,1,2
264656,66,0.0,2.0,0.0,7,5,1,1,6,0,1,0
264942,4914,0.0,0.0,0.0,3,1,1,1,2,0,1,0
265286,2045,0.0,6.0,1.0,3,1,1,2,2,0,1,0
265519,1393,1.0,3.0,0.0,105,35,11,7,90,0,7,8
265544,4976,0.0,5.0,0.0,221,107,13,23,218,0,3,0
265755,1565,0.0,4.0,1.0,6,2,1,1,5,0,1,0
265853,3136,0.0,3.0,0.0,3,2,2,1,2,0,1,0
265889,1816,1.0,3.0,1.0,10,8,5,3,9,0,1,0
266335,3402,0.0,4.0,1.0,5,1,1,2,4,0,1,0
266337,1565,0.0,0.0,0.0,10,5,2,1,8,0,2,0
26643,1390,0.0,2.0,1.0,6,3,2,1,4,0,1,1
266824,152,0.0,4.0,2.0,3,1,1,1,2,0,1,0
266884,1056,1.0,3.0,0.0,3,2,2,1,2,0,1,0
267267,4405,0.0,3.0,0.0,6,2,1,2,4,0,2,0
267944,3630,0.0,4.0,1.0,3,1,1,1,2,0,1,0
268192,3734,1.0,3.0,1.0,36,22,5,2,35,0,1,0
268261,3622,0.0,5.0,0.0,3,1,1,2,1,0,2,0
268439,4877,0.0,5.0,0.0,4,1,1,1,3,0,1,0
2695,3828,0.0,3.0,0.0,6,1,1,1,4,0,1,1
269615,4073,0.0,4.0,0.0,4,2,1,2,0,0,3,1
270187,2318,0.0,4.0,0.0,1,1,1,1,0,0,1,0
270226,1448,0.0,3.0,0.0,6,2,2,1,4,0,2,0
270367,4525,0.0,4.0,0.0,43,17,3,5,38,0,3,2
270559,311,0.0,2.0,1.0,15,3,3,3,14,0,1,0
270692,4049,0.0,4.0,0.0,31,11,5,4,26,0,2,3
270717,2882,0.0,7.0,0.0,16,8,1,3,15,0,1,0
270782,1895,0.0,3.0,0.0,2,1,1,1,1,0,1,0
270839,4322,1.0,3.0,0.0,16,3,2,2,14,0,1,1
271252,2031,0.0,3.0,1.0,19,5,1,4,17,0,1,1
271297,4871,1.0,3.0,1.0,6,1,1,3,5,0,1,0
271346,1090,0.0,6.0,0.0,59,16,2,4,57,0,1,1
271481,120,0.0,5.0,0.0,2,1,1,1,1,0,1,0
271982,3835,0.0,5.0,0.0,90,25,5,8,89,0,1,0
273071,1916,0.0,7.0,0.0,4,1,1,2,3,0,1,0
274029,2326,0.0,3.0,1.0,3,1,1,1,2,0,1,0
274305,141,0.0,2.0,0.0,35,23,8,3,27,2,6,0
274307,3734,0.0,4.0,1.0,3,2,1,1,2,0,1,0
274694,3329,0.0,6.0,1.0,18,9,1,1,14,0,4,0
274810,2430,0.0,5.0,0.0,13,4,2,3,12,0,1,0
275096,2091,0.0,0.0,0.0,8,1,1,1,5,0,3,0
275697,2194,0.0,3.0,1.0,1,1,1,1,0,0,1,0
275971,4705,0.0,0.0,0.0,4,1,1,1,3,0,1,0
276200,3402,0.0,6.0,1.0,9,3,1,1,8,0,1,0
276252,3363,0.0,4.0,0.0,5,2,1,1,4,0,1,0
276330,4472,0.0,4.0,1.0,9,2,1,2,8,0,1,0
276472,3865,0.0,3.0,0.0,2,2,2,1,0,0,2,0
276565,882,0.0,6.0,0.0,3,1,1,1,2,0,1,0
276604,324,0.0,4.0,1.0,7,3,1,1,6,0,1,0
276677,2102,0.0,4.0,0.0,4,2,2,1,2,0,2,0
276815,1142,0.0,2.0,1.0,6,1,1,2,5,0,1,0
277659,3476,0.0,4.0,0.0,1,1,1,1,0,0,1,0
278483,4605,0.0,4.0,0.0,1,1,1,1,0,0,1,0
27860,3968,0.0,0.0,0.0,5,1,1,4,3,0,1,1
278631,1557,0.0,3.0,1.0,1,1,1,1,0,0,1,0
278949,4282,0.0,3.0,0.0,55,14,6,1,45,0,4,6
279400,3607,0.0,4.0,0.0,14,8,7,1,13,0,1,0
279451,3578,0.0,4.0,0.0,1,1,1,1,0,0,1,0
279521,1102,0.0,0.0,0.0,6,1,1,2,5,0,1,0
279601,508,0.0,3.0,0.0,2,1,1,1,0,0,2,0
280376,63,0.0,2.0,0.0,11,2,1,4,9,0,1,1
280503,4280,0.0,4.0,0.0,2,1,1,1,1,0,1,0
280616,1093,0.0,3.0,1.0,10,1,1,3,7,1,1,1
280990,2465,0.0,3.0,1.0,12,2,2,6,11,0,1,0
2820,1514,0.0,7.0,1.0,9,4,1,1,8,0,1,0
282856,1816,0.0,3.0,0.0,5,2,1,3,3,0,1,1
283161,4558,0.0,5.0,0.0,7,1,1,1,5,0,2,0
283570,2669,0.0,3.0,0.0,32,17,6,5,30,0,2,0
283780,3839,0.0,0.0,0.0,33,3,1,16,32,0,1,0
284026,1272,0.0,3.0,0.0,13,6,3,4,12,0,1,0
284061,2565,0.0,7.0,1.0,2,1,1,1,1,0,1,0
284099,898,0.0,5.0,0.0,29,16,7,4,26,0,1,2
284197,643,0.0,4.0,1.0,43,20,8,5,39,0,2,2
284321,938,0.0,5.0,0.0,30,7,3,4,28,0,2,0
284626,3822,0.0,4.0,1.0,22,14,2,1,16,0,2,4
284999,3826,0.0,5.0,0.0,5,1,1,1,4,0,1,0
285491,1296,0.0,0.0,0.0,12,3,1,2,11,0,1,0
285662,1370,0.0,6.0,0.0,5,3,2,2,4,0,1,0
285818,2122,0.0,0.0,0.0,4,1,1,1,3,0,1,0
285895,4444,0.0,0.0,0.0,4,1,1,1,3,0,1,0
286038,4044,0.0,2.0,1.0,45,27,8,3,43,0,1,1
286230,3828,0.0,6.0,0.0,2,1,1,2,1,0,1,0
287478,4966,1.0,0.0,0.0,2,1,1,1,1,0,1,0
287679,3828,0.0,0.0,0.0,6,3,2,1,5,0,1,0
287777,2915,0.0,5.0,1.0,7,3,2,1,5,0,2,0
288493,547,0.0,3.0,1.0,29,3,1,3,26,0,1,2
288886,2309,0.0,3.0,0.0,5,2,1,1,4,0,1,0
289402,2031,0.0,3.0,1.0,5,2,1,3,3,0,2,0
289665,2217,1.0,3.0,0.0,1,1,1,1,0,0,1,0
289774,2860,0.0,3.0,1.0,6,3,3,1,5,0,1,0
289860,1301,0.0,0.0,0.0,3,1,1,1,2,0,1,0
290238,3734,0.0,3.0,1.0,7,1,1,1,5,0,1,1
29119,1890,0.0,3.0,0.0,9,2,2,1,7,0,1,1
291508,3734,0.0,3.0,1.0,10,7,3,3,9,0,1,0
291562,2193,0.0,2.0,1.0,6,3,3,1,5,0,1,0
291688,4643,0.0,4.0,0.0,1,1,1,1,0,0,1,0
291862,1760,0.0,3.0,1.0,5,2,1,1,4,0,1,0
291922,862,1.0,3.0,0.0,19,9,3,5,16,0,3,0
29207,2454,0.0,4.0,1.0,4,3,1,1,3,0,1,0
29312,1911,0.0,5.0,1.0,2,1,1,1,1,0,1,0
293163,3376,0.0,3.0,0.0,7,2,2,3,6,0,1,0
293272,4978,0.0,0.0,1.0,15,8,1,1,14,0,1,0
293405,3200,0.0,3.0,0.0,19,7,3,1,16,0,3,0
293498,682,1.0,3.0,1.0,1,1,1,1,0,0,1,0
29366,1618,0.0,3.0,0.0,9,3,2,1,7,0,1,1
295327,1126,0.0,2.0,1.0,5,1,1,2,4,0,1,0
295741,1464,0.0,3.0,0.0,81,6,1,4,77,0,1,3
295828,598,0.0,4.0,1.0,49,15,4,1,48,0,1,0
296145,3350,0.0,3.0,0.0,13,3,1,2,12,0,1,0
296148,3828,0.0,5.0,0.0,3,1,1,1,2,0,1,0
2964,731,0.0,5.0,0.0,4,2,1,1,3,0,1,0
296782,2318,0.0,5.0,0.0,10,3,1,1,9,0,1,0
296935,4261,0.0,4.0,0.0,1,1,1,1,0,0,1,0
297029,1742,0.0,3.0,0.0,13,2,1,1,11,0,2,0
297386,1679,0.0,4.0,2.0,30,13,3,4,28,1,1,0
297425,963,0.0,4.0,0.0,8,1,1,2,7,0,1,0
297845,2393,0.0,2.0,1.0,3,1,1,1,2,0,1,0
297866,2445,0.0,5.0,2.0,4,2,1,2,3,0,1,0
297957,1166,0.0,3.0,1.0,8,3,1,2,6,1,1,0
298143,2255,0.0,0.0,1.0,5,1,1,1,4,0,1,0
298563,1399,0.0,6.0,1.0,10,1,1,2,8,1,1,0
298873,168,0.0,5.0,1.0,21,6,1,4,18,0,3,0
298896,3971,0.0,0.0,0.0,9,2,1,2,8,0,1,0
29920,2136,0.0,3.0,1.0,65,44,8,1,63,0,2,0
2999,4282,1.0,3.0,0.0,9,6,5,7,2,0,1,6
30029,412,0.0,3.0,1.0,5,2,2,1,4,0,1,0
30035,1467,0.0,4.0,1.0,7,1,1,2,6,0,1,0
300581,3042,1.0,4.0,0.0,12,10,4,1,3,0,9,0
300679,2108,0.0,7.0,0.0,1,1,1,1,0,0,1,0
300708,606,0.0,4.0,2.0,20,5,1,1,18,0,2,0
300760,1520,0.0,2.0,0.0,2,1,1,1,0,0,1,1
301095,3476,0.0,4.0,0.0,7,2,2,1,5,0,2,0
301396,4506,1.0,3.0,0.0,7,1,1,2,6,0,1,0
301510,742,0.0,4.0,0.0,7,2,2,2,5,0,2,0
301752,2313,0.0,5.0,2.0,3,1,1,2,2,0,1,0
302059,806,0.0,6.0,0.0,2,1,1,1,1,0,1,0
302257,606,0.0,5.0,1.0,3,1,1,1,2,0,1,0
302611,2631,0.0,7.0,0.0,20,7,4,3,17,0,3,0
302800,798,0.0,0.0,0.0,13,2,2,2,12,0,1,0
302827,3472,0.0,0.0,1.0,6,4,1,1,5,0,1,0
303127,3513,1.0,3.0,1.0,1,1,1,1,0,0,1,0
303308,2242,0.0,4.0,0.0,27,12,3,1,25,0,2,0
303339,2403,0.0,4.0,0.0,2,2,1,1,0,0,2,0
303789,1122,0.0,0.0,0.0,5,2,1,1,4,0,1,0
304337,4968,0.0,4.0,0.0,2,1,1,1,1,0,1,0
30454,1131,0.0,3.0,0.0,9,5,3,2,8,0,1,0
304631,951,0.0,5.0,0.0,1,1,1,1,0,0,1,0
304744,4569,0.0,0.0,1.0,12,2,1,1,10,0,2,0
305005,2459,0.0,4.0,1.0,5,1,1,3,4,0,1,0
305748,2447,0.0,2.0,1.0,3,2,1,1,2,0,1,0
306012,1877,0.0,5.0,2.0,16,4,1,5,15,0,1,0
306061,1501,0.0,6.0,0.0,6,4,2,1,5,0,1,0
306105,1892,0.0,4.0,0.0,36,26,7,7,33,0,3,0
30637,2928,0.0,0.0,0.0,28,17,8,7,27,0,1,0
306666,2403,0.0,4.0,0.0,10,8,1,1,9,0,1,0
306887,1346,0.0,5.0,1.0,9,1,1,1,8,0,1,0
307319,94,0.0,3.0,1.0,6,1,1,3,4,0,1,1
307407,4558,0.0,4.0,1.0,7,1,1,1,6,0,1,0
307514,46,0.0,3.0,null,4,2,1,1,3,0,1,0
307536,13,1.0,0.0,0.0,5,1,1,1,4,0,1,0
307693,4818,0.0,4.0,0.0,3,1,1,1,2,0,1,0
307722,2318,0.0,3.0,0.0,1,1,1,1,0,0,1,0
307730,1399,0.0,3.0,0.0,7,2,1,2,4,0,2,1
308196,1900,0.0,6.0,0.0,17,4,2,2,15,0,1,1
308315,606,0.0,2.0,0.0,1,1,1,1,0,0,1,0
308320,2928,0.0,5.0,0.0,12,3,3,3,10,0,1,1
30875,2255,0.0,6.0,1.0,3,1,1,1,2,0,1,0
308756,798,0.0,2.0,0.0,1,1,1,1,0,0,1,0
308972,798,0.0,3.0,0.0,12,6,5,2,9,0,3,0
309452,3323,0.0,0.0,0.0,4,1,1,3,1,0,1,2
309480,3168,0.0,3.0,1.0,16,6,2,3,15,0,1,0
309553,1500,0.0,4.0,1.0,3,1,1,1,2,0,1,0
309820,4954,0.0,0.0,0.0,12,6,3,1,8,0,1,3
310231,1356,0.0,4.0,0.0,3,1,1,2,2,0,1,0
311038,786,0.0,2.0,0.0,3,2,2,1,2,0,1,0
311093,4911,0.0,0.0,0.0,3,1,1,1,2,0,1,0
311501,1399,0.0,3.0,0.0,3,2,1,1,2,0,1,0
31173,1379,0.0,4.0,0.0,3,1,1,2,1,0,1,1
312171,3672,0.0,0.0,0.0,9,1,1,4,8,0,1,0
313239,190,0.0,4.0,0.0,2,1,1,1,1,0,1,0
313340,2415,0.0,2.0,0.0,3,1,1,1,1,0,1,1
313471,2002,0.0,0.0,1.0,5,1,1,1,4,0,1,0
313659,3363,0.0,3.0,0.0,2,1,1,1,1,0,1,0
314023,4648,0.0,0.0,1.0,21,8,6,2,16,0,5,0
314191,3063,0.0,4.0,0.0,7,2,1,2,6,0,1,0
314253,503,0.0,4.0,2.0,9,4,2,1,8,0,1,0
314363,1394,0.0,3.0,1.0,5,2,1,1,4,0,1,0
314450,2361,0.0,3.0,0.0,2,2,2,1,0,0,2,0
314655,3022,0.0,3.0,0.0,18,8,2,1,15,0,3,0
315089,1895,0.0,5.0,0.0,3,1,1,1,2,0,1,0
316469,4079,0.0,6.0,0.0,17,3,1,2,12,0,5,0
316562,1193,0.0,4.0,1.0,8,2,2,2,7,0,1,0
316909,10,0.0,4.0,0.0,3,1,1,1,2,0,1,0
317297,1090,0.0,0.0,0.0,7,4,1,1,6,0,1,0
317426,1466,0.0,6.0,0.0,7,1,1,4,5,0,2,0
317664,3623,0.0,6.0,0.0,45,27,2,2,43,0,2,0
317979,4358,0.0,3.0,0.0,5,1,1,1,4,0,1,0
318002,4480,1.0,0.0,0.0,18,8,1,2,16,0,1,1
318116,3301,0.0,6.0,1.0,7,1,1,1,6,0,1,0
318933,1910,0.0,3.0,2.0,2,1,1,2,0,0,1,1
31897,4942,0.0,0.0,0.0,6,1,1,2,5,0,1,0
319095,4493,0.0,3.0,0.0,5,5,2,1,0,0,5,0
319586,1272,0.0,0.0,0.0,83,29,8,6,78,0,5,0
319592,63,0.0,4.0,1.0,2,1,1,1,1,0,1,0
319881,361,0.0,0.0,0.0,3,1,1,1,2,0,1,0
320050,4607,0.0,6.0,0.0,9,2,1,1,8,0,1,0
32026,1910,0.0,3.0,0.0,6,1,1,1,5,0,1,0
320551,2954,0.0,4.0,0.0,2,1,1,2,0,0,1,1
320614,1124,0.0,3.0,0.0,5,1,1,2,3,1,1,0
320914,4230,0.0,3.0,1.0,7,1,1,3,6,0,1,0
320956,962,0.0,0.0,0.0,9,4,3,2,8,0,1,0
320975,1412,0.0,0.0,0.0,4,1,1,1,3,0,1,0
321154,4427,0.0,4.0,0.0,50,14,2,6,44,0,2,4
321239,2836,0.0,6.0,0.0,8,1,1,2,7,0,1,0
321471,4282,0.0,4.0,0.0,19,9,2,2,18,0,1,0
321501,2427,0.0,4.0,0.0,7,3,1,1,6,0,1,0
322818,3671,0.0,5.0,0.0,5,2,2,2,4,0,1,0
323148,2683,0.0,3.0,1.0,25,2,1,2,24,0,1,0
323946,3323,0.0,3.0,0.0,3,2,1,2,2,0,1,0
324139,3956,0.0,4.0,0.0,6,2,1,2,4,1,1,0
324222,1342,0.0,4.0,1.0,25,5,2,2,24,0,1,0
324289,4919,0.0,3.0,0.0,3,1,1,1,2,0,1,0
324326,4760,0.0,7.0,1.0,3,1,1,2,2,0,1,0
325329,1039,0.0,3.0,1.0,2,1,1,1,1,0,1,0
325357,3815,0.0,6.0,0.0,16,7,2,3,14,0,1,1
325441,3085,0.0,4.0,2.0,4,3,2,2,3,0,1,0
325909,685,0.0,5.0,0.0,7,4,1,2,6,0,1,0
326274,2031,0.0,0.0,0.0,17,8,2,2,13,0,2,2
326281,3171,0.0,3.0,1.0,3,1,1,1,2,0,1,0
326375,4282,0.0,0.0,1.0,27,15,9,3,21,0,3,3
3264,4847,0.0,0.0,0.0,35,15,8,1,33,0,2,0
326521,1340,0.0,0.0,null,42,18,5,3,30,0,4,8
326927,718,0.0,0.0,0.0,1,1,1,1,0,0,1,0
327655,503,0.0,0.0,0.0,7,2,2,1,6,0,1,0
328033,168,0.0,0.0,0.0,21,9,2,3,19,0,1,1
328167,66,0.0,4.0,1.0,8,2,1,3,7,0,1,0
328274,1263,0.0,6.0,0.0,6,1,1,1,5,0,1,0
32835,2273,0.0,3.0,0.0,7,1,1,2,5,0,1,1
328510,1570,0.0,2.0,1.0,2,1,1,1,1,0,1,0
328856,1150,0.0,4.0,0.0,3,1,1,1,2,0,1,0
329018,2447,1.0,0.0,0.0,17,8,3,1,16,0,1,0
329047,1501,0.0,3.0,1.0,25,13,2,4,23,1,1,0
329315,4270,0.0,4.0,0.0,30,19,8,3,28,0,2,0
329377,1892,0.0,0.0,1.0,37,22,13,6,22,0,1,14
329396,4183,1.0,0.0,0.0,3,1,1,1,2,0,1,0
329908,3376,0.0,3.0,1.0,5,1,1,1,4,0,1,0
330232,4474,0.0,0.0,0.0,3,1,1,2,2,0,1,0
330586,2193,0.0,5.0,1.0,3,1,1,2,2,0,1,0
330649,1050,0.0,6.0,0.0,7,2,2,1,6,0,1,0
331221,3905,0.0,6.0,1.0,6,1,1,1,5,0,1,0
332653,4750,0.0,4.0,0.0,2,1,1,1,1,0,1,0
333070,4040,0.0,4.0,0.0,2,1,1,1,1,0,1,0
333347,4950,0.0,3.0,0.0,2,1,1,1,1,0,1,0
333480,4039,0.0,0.0,0.0,10,7,1,1,9,0,1,0
33360,3893,0.0,0.0,2.0,16,3,1,1,14,0,2,0
333827,1978,0.0,0.0,1.0,8,2,2,1,6,0,2,0
333921,2124,0.0,3.0,1.0,42,17,2,5,36,0,1,5
334651,2545,0.0,5.0,1.0,23,15,7,3,20,0,3,0
334786,3936,0.0,2.0,1.0,6,1,1,1,5,0,1,0
334830,219,0.0,4.0,1.0,3,1,1,1,2,0,1,0
334969,4394,0.0,6.0,0.0,2,1,1,2,1,0,1,0
335130,3016,1.0,0.0,1.0,3,2,2,1,1,0,2,0
335148,2954,0.0,4.0,0.0,18,5,3,2,13,0,5,0
335167,614,0.0,3.0,1.0,3,1,1,1,2,0,1,0
335261,3682,0.0,5.0,1.0,5,1,1,1,4,0,1,0
335275,1111,0.0,2.0,0.0,4,1,1,2,1,0,2,1
335882,4750,0.0,3.0,1.0,7,2,1,5,6,0,1,0
336201,1892,0.0,3.0,0.0,13,3,3,3,11,0,1,1
336270,3072,0.0,2.0,1.0,3,1,1,1,2,0,1,0
336391,2318,0.0,0.0,0.0,9,1,1,2,8,0,1,0
336581,296,0.0,4.0,2.0,2,1,1,1,1,0,1,0
33715,2238,1.0,4.0,0.0,9,5,3,3,7,0,1,1
337163,2108,0.0,3.0,0.0,1,1,1,1,0,0,1,0
33729,310,0.0,0.0,0.0,2,1,1,1,1,0,1,0
337504,4744,0.0,0.0,1.0,7,1,1,1,6,0,1,0
337660,3734,0.0,7.0,0.0,14,2,2,2,12,0,1,1
337910,3536,0.0,0.0,1.0,11,4,1,1,10,0,1,0
338554,3179,0.0,3.0,1.0,11,2,2,4,8,0,1,2
338741,2,1.0,0.0,0.0,5,3,1,2,4,0,1,0
339192,2473,0.0,6.0,0.0,6,2,1,2,4,0,1,1
339250,191,0.0,4.0,0.0,1,1,1,1,0,0,1,0
339638,4173,0.0,4.0,0.0,12,1,1,1,10,1,1,0
339837,314,0.0,3.0,0.0,2,1,1,1,1,0,1,0
339842,3578,0.0,0.0,1.0,5,1,1,2,4,0,1,0
341083,4976,0.0,2.0,0.0,6,2,2,2,5,0,1,0
341190,4871,0.0,2.0,0.0,1,1,1,1,0,0,1,0
34159,3637,0.0,4.0,0.0,6,1,1,2,4,0,1,1
342030,437,0.0,3.0,0.0,7,1,1,2,5,0,1,1
342479,1090,1.0,0.0,0.0,15,4,1,1,14,0,1,0
342770,3593,0.0,6.0,0.0,7,5,1,1,6,0,1,0
342934,1167,0.0,4.0,1.0,1,1,1,1,0,0,1,0
342948,1452,0.0,3.0,0.0,3,2,1,2,2,0,1,0
343024,2928,0.0,4.0,0.0,1,1,1,1,0,0,1,0
343189,4765,0.0,4.0,0.0,3,1,1,1,2,0,1,0
343444,2928,0.0,0.0,0.0,2,1,1,1,1,0,1,0
344453,1964,1.0,3.0,0.0,13,6,3,1,11,0,2,0
344602,3022,0.0,2.0,1.0,8,4,2,2,7,0,1,0
344621,4747,0.0,5.0,1.0,12,3,2,1,9,0,3,0
345068,219,0.0,4.0,0.0,5,4,1,1,4,0,1,0
345315,4240,0.0,0.0,0.0,6,1,1,3,5,0,1,0
345378,1488,0.0,6.0,1.0,2,1,1,2,1,0,1,0
346535,1494,0.0,6.0,1.0,3,1,1,1,2,0,1,0
346677,1987,0.0,3.0,0.0,1,1,1,1,0,0,1,0
346900,1659,0.0,4.0,0.0,9,5,1,2,7,0,1,1
348189,148,0.0,4.0,1.0,9,2,1,2,8,0,1,0
348215,2683,0.0,4.0,0.0,1,1,1,1,0,0,1,0
34848,3236,0.0,6.0,0.0,17,7,1,3,12,0,2,3
348889,4306,0.0,3.0,0.0,5,1,1,3,4,0,1,0
349466,2055,0.0,7.0,0.0,17,4,1,2,14,0,2,1
349660,372,0.0,6.0,0.0,5,4,1,1,4,0,1,0
350019,51,1.0,0.0,1.0,12,3,1,1,10,0,2,0
350048,4048,0.0,4.0,0.0,12,3,1,1,11,0,1,0
350451,4871,0.0,2.0,1.0,8,2,1,2,7,0,1,0
350628,4044,0.0,0.0,0.0,35,15,7,3,26,0,1,8
35199,4947,0.0,0.0,1.0,6,1,1,4,4,0,1,1
352330,4173,0.0,null,null,13,3,2,3,12,0,1,0
353366,1890,0.0,5.0,0.0,5,1,1,3,4,0,1,0
353912,3152,0.0,2.0,1.0,14,8,1,3,13,0,1,0
353939,4173,0.0,5.0,0.0,4,3,3,1,3,0,1,0
353962,145,0.0,6.0,0.0,12,7,1,1,11,0,1,0
354016,2014,0.0,6.0,0.0,9,2,1,1,7,0,1,1
354504,3460,0.0,0.0,0.0,7,2,1,1,6,0,1,0
354772,951,0.0,4.0,0.0,3,1,1,2,1,0,1,1
354947,3545,0.0,4.0,1.0,8,1,1,1,7,0,1,0
355010,547,1.0,2.0,1.0,4,3,2,2,1,0,2,1
355031,190,0.0,4.0,1.0,19,2,1,2,16,0,1,2
355236,1854,0.0,2.0,0.0,4,1,1,1,3,0,1,0
355458,1501,0.0,0.0,0.0,26,14,9,6,25,0,1,0
355554,2047,0.0,6.0,0.0,14,8,5,1,13,0,1,0
355561,467,0.0,3.0,0.0,8,1,1,2,7,0,1,0
356290,1093,0.0,0.0,1.0,4,1,1,1,3,0,1,0
356530,2664,0.0,3.0,0.0,14,4,1,3,11,0,3,0
356879,3323,1.0,3.0,1.0,2,1,1,1,1,0,1,0
357116,1310,0.0,2.0,0.0,4,2,1,1,3,0,1,0
357472,1031,0.0,5.0,0.0,1,1,1,1,0,0,1,0
357883,2670,0.0,0.0,0.0,5,2,2,1,4,0,1,0
358791,551,0.0,3.0,0.0,44,16,6,2,40,0,1,3
358845,946,0.0,4.0,1.0,9,1,1,2,8,0,1,0
359248,4705,0.0,0.0,0.0,3,1,1,1,2,0,1,0
359491,4705,0.0,2.0,0.0,4,3,2,1,3,0,1,0
359540,3418,0.0,3.0,0.0,26,8,5,5,25,0,1,0
360721,742,0.0,2.0,1.0,3,1,1,1,2,0,1,0
360780,1346,0.0,5.0,0.0,5,2,1,1,4,0,1,0
361284,3350,0.0,3.0,1.0,5,2,1,2,3,1,1,0
361291,4764,0.0,6.0,0.0,2,1,1,1,1,0,1,0
361401,1102,0.0,4.0,0.0,10,9,4,1,9,0,1,0
361449,4079,0.0,5.0,0.0,8,3,1,1,6,0,2,0
361530,2793,0.0,3.0,1.0,3,1,1,2,2,0,1,0
362085,3022,0.0,2.0,1.0,17,7,4,2,15,0,2,0
362524,2353,0.0,0.0,0.0,19,5,1,1,16,0,2,1
362708,4942,0.0,3.0,0.0,3,1,1,2,2,0,1,0
362992,804,0.0,6.0,0.0,1,1,1,1,0,0,1,0
363778,1500,0.0,0.0,0.0,8,2,1,1,7,0,1,0
363837,927,0.0,3.0,0.0,5,2,1,2,4,0,1,0
364620,663,0.0,5.0,1.0,9,2,2,2,8,0,1,0
365343,1679,1.0,3.0,0.0,4,2,1,1,1,0,2,1
365474,114,0.0,2.0,0.0,10,5,1,3,8,0,1,1
365481,4722,0.0,3.0,0.0,1,1,1,1,0,0,1,0
365483,2303,0.0,0.0,0.0,71,31,1,4,65,0,2,4
36582,98,0.0,0.0,0.0,3,1,1,2,2,0,1,0
366141,4976,0.0,3.0,1.0,3,1,1,1,2,0,1,0
36622,2872,0.0,6.0,1.0,8,2,2,3,6,0,1,1
366602,4340,0.0,0.0,0.0,5,1,1,1,4,0,1,0
367034,2683,0.0,5.0,0.0,3,1,1,1,2,0,1,0
367308,1899,0.0,0.0,0.0,11,3,2,4,10,0,1,0
36739,4589,0.0,3.0,1.0,1,1,1,1,0,0,1,0
368096,2403,0.0,0.0,1.0,53,33,2,1,49,0,4,0
368241,3291,0.0,3.0,0.0,5,2,1,1,4,0,1,0
368870,4173,0.0,4.0,1.0,17,14,5,4,16,0,1,0
368885,2482,0.0,2.0,0.0,25,12,5,5,22,0,1,2
369046,740,0.0,4.0,0.0,3,1,1,1,2,0,1,0
369243,2193,0.0,0.0,1.0,7,2,1,1,6,0,1,0
36976,897,0.0,4.0,0.0,4,1,1,2,3,0,1,0
370328,1565,0.0,6.0,0.0,3,1,1,1,2,0,1,0
370459,738,1.0,2.0,0.0,7,5,2,3,6,0,1,0
370545,2203,0.0,5.0,1.0,6,2,1,1,4,0,2,0
371083,4050,0.0,2.0,1.0,16,5,3,1,15,0,1,0
371141,1393,0.0,0.0,0.0,35,25,9,7,30,0,2,3
371442,1468,0.0,3.0,2.0,1,1,1,1,0,0,1,0
371510,4499,0.0,7.0,0.0,1,1,1,1,0,0,1,0
371557,2537,1.0,2.0,0.0,3,2,1,1,2,0,1,0
371727,374,0.0,4.0,0.0,6,1,1,1,4,0,1,1
372227,2303,0.0,4.0,0.0,29,21,1,2,27,0,1,1
372329,2361,0.0,3.0,0.0,9,2,2,2,7,0,1,1
372482,1123,0.0,0.0,0.0,21,3,2,4,18,1,1,1
37253,2217,0.0,0.0,0.0,8,2,1,2,7,0,1,0
372623,4976,0.0,4.0,0.0,10,5,3,2,8,0,2,0
372736,4090,0.0,4.0,1.0,2,1,1,1,1,0,1,0
373319,4427,0.0,2.0,1.0,12,5,1,2,10,0,1,1
373637,3822,0.0,3.0,0.0,7,3,1,2,6,0,1,0
373736,962,0.0,2.0,0.0,7,3,1,1,6,0,1,0
373938,2475,0.0,4.0,1.0,8,2,1,2,7,0,1,0
373965,1618,0.0,8.0,1.0,8,2,1,2,7,0,1,0
374308,962,0.0,4.0,0.0,2,2,2,1,1,0,1,0
374526,1393,1.0,3.0,0.0,54,39,11,2,51,0,3,0
375634,429,0.0,5.0,1.0,8,3,2,1,7,0,1,0
375966,590,0.0,0.0,0.0,6,2,1,1,4,0,1,1
376369,4985,0.0,0.0,0.0,3,2,2,1,2,0,1,0
3769,3345,0.0,4.0,0.0,5,1,1,2,3,1,1,0
376998,2273,0.0,7.0,0.0,4,2,1,2,3,0,1,0
377299,4926,0.0,4.0,0.0,6,5,5,2,0,0,1,5
37811,3851,0.0,0.0,0.0,4,1,1,1,2,0,1,1
378527,1833,0.0,0.0,1.0,16,12,2,4,15,0,1,0
378914,1943,0.0,2.0,1.0,6,1,1,1,5,0,1,0
379197,1910,0.0,4.0,0.0,2,1,1,1,1,0,1,0
379214,4950,0.0,4.0,0.0,1,1,1,1,0,0,1,0
379650,4760,0.0,2.0,1.0,14,10,4,2,12,0,2,0
379670,4643,1.0,4.0,0.0,1,1,1,1,0,0,1,0
37983,3898,0.0,0.0,0.0,12,3,2,2,9,0,3,0
380151,4764,0.0,6.0,1.0,6,1,1,1,5,0,1,0
380922,675,0.0,5.0,0.0,4,1,1,2,3,0,1,0
380947,1760,0.0,6.0,0.0,2,1,1,2,0,0,1,1
381048,219,0.0,0.0,0.0,3,1,1,1,2,0,1,0
381259,3022,0.0,3.0,0.0,1,1,1,1,0,0,1,0
38164,4090,0.0,4.0,1.0,11,1,1,3,9,0,1,1
382744,4368,0.0,6.0,1.0,9,3,3,1,7,0,2,0
383019,1340,0.0,0.0,0.0,15,8,4,3,11,0,4,0
383662,4427,0.0,0.0,1.0,10,1,1,3,8,0,1,1
384422,1594,0.0,2.0,0.0,2,1,1,1,1,0,1,0
384966,1916,0.0,3.0,0.0,21,9,1,2,20,0,1,0
384978,4394,0.0,4.0,0.0,10,4,1,2,8,0,2,0
385123,2443,0.0,2.0,1.0,3,1,1,2,2,0,1,0
385267,3734,1.0,4.0,0.0,7,3,3,3,2,0,3,2
385415,598,0.0,2.0,1.0,8,7,3,1,7,0,1,0
385438,2537,0.0,3.0,0.0,5,3,1,1,4,0,1,0
385515,3971,0.0,2.0,1.0,10,5,3,3,8,0,1,1
386157,3319,0.0,4.0,1.0,2,1,1,1,1,0,1,0
386230,323,0.0,5.0,0.0,2,1,1,2,1,0,1,0
38669,4079,0.0,2.0,1.0,2,1,1,1,1,0,1,0
386906,1200,0.0,4.0,0.0,2,1,1,1,1,0,1,0
386922,3865,0.0,3.0,2.0,4,2,2,2,3,0,1,0
38726,4346,0.0,3.0,0.0,14,4,3,2,11,0,1,2
38743,361,0.0,6.0,0.0,7,2,1,2,5,1,1,0
388023,4234,0.0,5.0,0.0,2,1,1,1,0,0,2,0
388372,643,0.0,3.0,0.0,28,14,4,7,27,0,1,0
388790,3284,0.0,0.0,1.0,4,2,2,1,2,0,2,0
389204,1071,0.0,0.0,2.0,2,1,1,2,0,0,1,1
389710,4282,0.0,3.0,1.0,3,1,1,1,2,0,1,0
389895,1816,0.0,0.0,0.0,8,1,1,2,7,0,1,0
389930,3828,0.0,3.0,0.0,3,1,1,3,1,0,1,1
390059,3828,0.0,0.0,0.0,12,5,3,3,9,0,1,2
390193,2824,0.0,0.0,0.0,38,3,2,1,35,1,2,0
390583,2047,0.0,4.0,0.0,2,1,1,1,1,0,1,0
390630,1487,0.0,5.0,0.0,27,8,1,4,25,0,1,1
391066,4492,0.0,3.0,0.0,18,5,1,2,17,0,1,0
391385,1090,0.0,6.0,0.0,2,1,1,1,1,0,1,0
391422,3955,0.0,3.0,0.0,9,3,1,1,7,0,1,1
391603,3284,0.0,3.0,0.0,10,4,2,1,8,1,1,0
391855,798,0.0,4.0,0.0,13,6,4,1,11,0,2,0
392448,1565,0.0,0.0,0.0,8,2,1,1,7,0,1,0
3925,1556,0.0,3.0,0.0,3,1,1,2,2,0,1,0
392650,3105,0.0,0.0,0.0,2,1,1,1,1,0,1,0
392847,1346,0.0,4.0,0.0,2,1,1,1,1,0,1,0
392866,4955,1.0,3.0,0.0,51,17,8,4,36,0,5,10
392915,3339,0.0,3.0,0.0,1,1,1,1,0,0,1,0
393424,4765,0.0,0.0,0.0,7,4,3,1,5,0,2,0
39393,3266,1.0,0.0,0.0,5,2,1,2,4,0,1,0
394247,2217,0.0,3.0,0.0,18,2,1,6,15,0,1,2
394539,3826,0.0,6.0,1.0,5,2,1,1,3,0,1,1
394556,1272,0.0,0.0,1.0,35,16,5,11,31,2,1,1
394743,3828,0.0,0.0,0.0,2,2,2,1,0,0,2,0
395437,4771,0.0,4.0,0.0,8,3,2,1,7,0,1,0
395658,4287,1.0,3.0,0.0,5,3,2,1,4,0,1,0
3959,3472,0.0,6.0,0.0,3,1,1,1,2,0,1,0
396390,2099,0.0,0.0,0.0,27,8,4,1,25,0,2,0
396853,649,0.0,2.0,1.0,9,1,1,1,8,0,1,0
397031,1761,0.0,3.0,2.0,43,8,5,4,42,0,1,0
397037,3954,0.0,4.0,2.0,10,7,3,1,9,0,1,0
397213,2787,0.0,3.0,0.0,2,1,1,1,1,0,1,0
397750,1910,0.0,0.0,1.0,2,1,1,1,1,0,1,0
398252,4419,0.0,2.0,1.0,3,1,1,1,1,0,2,0
398534,2031,0.0,3.0,1.0,6,2,1,1,5,0,1,0
398885,1200,0.0,4.0,0.0,7,1,1,1,6,0,1,0
399424,3103,0.0,5.0,0.0,9,2,2,2,7,0,1,1
39961,2122,0.0,3.0,1.0,4,1,1,2,3,0,1,0
40067,742,0.0,3.0,0.0,1,1,1,1,0,0,1,0
40114,190,0.0,0.0,0.0,3,1,1,1,2,0,1,0
40139,2320,0.0,5.0,0.0,2,1,1,1,1,0,1,0
401479,3578,0.0,6.0,0.0,11,5,2,2,8,0,3,0
401693,606,0.0,5.0,0.0,5,4,1,3,0,0,1,4
402224,1133,0.0,2.0,1.0,22,10,3,3,20,0,2,0
402631,4705,0.0,2.0,0.0,9,6,3,1,7,0,2,0
402932,1861,0.0,0.0,0.0,6,1,1,1,5,0,1,0
4030,2273,0.0,3.0,1.0,8,2,1,2,6,0,1,1
403026,3484,0.0,4.0,0.0,1,1,1,1,0,0,1,0
403547,1090,0.0,4.0,0.0,31,16,2,1,28,0,3,0
403626,3793,0.0,0.0,0.0,3,1,1,1,2,0,1,0
404030,2070,0.0,6.0,0.0,2,1,1,2,0,0,1,1
40433,1412,0.0,6.0,1.0,1,1,1,1,0,0,1,0
404412,2637,0.0,0.0,0.0,4,3,1,2,3,0,1,0
404417,2669,0.0,3.0,0.0,14,10,6,1,12,0,2,0
404688,1968,0.0,2.0,0.0,3,1,1,1,2,0,1,0
40479,2821,0.0,4.0,1.0,8,3,1,2,7,0,1,0
404794,598,0.0,2.0,1.0,4,1,1,1,3,0,1,0
404905,3323,0.0,7.0,1.0,2,1,1,1,1,0,1,0
404943,4545,0.0,6.0,0.0,8,1,1,1,7,0,1,0
405053,437,0.0,4.0,0.0,86,41,4,4,80,0,1,5
405141,1487,0.0,4.0,0.0,2,1,1,1,1,0,1,0
405317,4090,1.0,3.0,0.0,4,1,1,1,3,0,1,0
405485,3828,1.0,4.0,0.0,32,19,11,8,29,0,2,1
405550,1742,0.0,3.0,0.0,14,2,1,4,11,0,1,2
406192,3396,0.0,3.0,0.0,3,1,1,1,2,0,1,0
406266,1310,0.0,4.0,1.0,3,1,1,1,2,0,1,0
406704,2403,0.0,4.0,0.0,1,1,1,1,0,0,1,0
406859,4585,0.0,3.0,0.0,2,1,1,1,0,0,2,0
407394,2954,0.0,4.0,0.0,1,1,1,1,0,0,1,0
407579,4747,0.0,2.0,1.0,6,2,2,1,4,0,1,1
408168,4536,1.0,3.0,0.0,2,2,1,2,0,0,1,1
408209,4371,0.0,4.0,0.0,3,1,1,2,2,0,1,0
40899,200,0.0,0.0,1.0,3,1,1,1,2,0,1,0
409076,168,0.0,0.0,0.0,18,9,3,2,15,0,3,0
410334,3080,0.0,2.0,1.0,14,2,2,2,12,0,2,0
411571,3971,0.0,2.0,0.0,5,1,1,1,4,0,1,0
411620,1062,0.0,4.0,1.0,10,5,4,4,8,0,1,1
411639,1583,0.0,5.0,0.0,38,18,2,3,36,0,2,0
412156,3609,0.0,3.0,0.0,1,1,1,1,0,0,1,0
412595,2108,0.0,0.0,0.0,1,1,1,1,0,0,1,0
41297,4917,0.0,4.0,0.0,4,1,1,1,3,0,1,0
413904,4049,0.0,3.0,1.0,18,7,5,1,15,0,3,0
414218,1911,0.0,6.0,0.0,7,3,1,2,6,0,1,0
414474,4524,0.0,4.0,0.0,6,2,2,2,5,0,1,0
414549,2634,0.0,0.0,0.0,38,17,5,3,36,0,1,1
414823,265,1.0,6.0,0.0,25,7,2,1,23,0,2,0
415103,3444,0.0,3.0,0.0,1,1,1,1,0,0,1,0
415221,3990,0.0,6.0,1.0,6,2,2,2,5,0,1,0
415345,4145,0.0,6.0,1.0,3,1,1,1,2,0,1,0
415830,2631,0.0,3.0,0.0,2,2,2,1,0,0,2,0
415994,3350,0.0,3.0,0.0,3,2,1,1,2,0,1,0
416095,684,0.0,6.0,0.0,34,9,4,2,28,0,4,2
416199,1892,0.0,4.0,0.0,7,4,2,1,6,0,1,0
416259,1145,0.0,5.0,0.0,3,1,1,1,2,0,1,0
416546,2592,0.0,4.0,1.0,8,1,1,3,7,0,1,0
4167,4197,0.0,0.0,0.0,6,3,2,2,3,0,2,1
416936,4760,0.0,3.0,0.0,5,1,1,2,3,0,1,1
416938,1749,0.0,3.0,1.0,7,4,2,1,6,0,1,0
417278,1186,0.0,4.0,1.0,4,2,2,1,3,0,1,0
417456,3968,0.0,3.0,0.0,7,3,2,4,6,0,1,0
417851,2537,0.0,0.0,0.0,23,9,5,1,20,0,3,0
417854,1133,0.0,4.0,1.0,5,2,2,1,4,0,1,0
417859,133,0.0,3.0,1.0,6,1,1,2,5,0,1,0
417956,141,0.0,4.0,0.0,11,3,1,2,10,0,1,0
418069,1353,0.0,6.0,0.0,2,1,1,1,1,0,1,0
418452,4170,0.0,0.0,0.0,7,1,1,3,5,0,2,0
418631,2664,0.0,3.0,0.0,12,2,1,2,10,0,2,0
41899,3828,0.0,5.0,0.0,105,79,16,8,101,0,2,2
419268,4577,0.0,5.0,1.0,2,1,1,2,1,0,1,0
419643,2031,0.0,2.0,0.0,1,1,1,1,0,0,1,0
419651,4891,0.0,0.0,1.0,4,1,1,2,3,0,1,0
419908,3622,1.0,6.0,0.0,5,1,1,1,3,0,2,0
419941,1574,0.0,4.0,0.0,5,1,1,3,2,0,2,1
420410,2273,0.0,0.0,null,22,1,1,3,18,1,1,2
420576,2273,0.0,3.0,0.0,3,1,1,1,2,0,1,0
421035,1618,1.0,6.0,0.0,3,2,1,1,2,0,1,0
421323,4536,0.0,0.0,0.0,3,2,2,2,2,0,1,0
42185,4760,0.0,0.0,1.0,8,2,1,3,7,0,1,0
421889,742,0.0,4.0,0.0,5,2,2,1,3,0,1,1
422054,3152,1.0,0.0,0.0,5,2,1,3,4,0,1,0
422373,4472,0.0,4.0,0.0,4,1,1,1,2,0,1,1
422614,4847,0.0,3.0,0.0,22,13,5,7,19,0,2,1
42273,301,0.0,3.0,1.0,3,2,1,1,2,0,1,0
422867,2278,0.0,2.0,1.0,12,2,2,2,11,0,1,0
423643,1840,0.0,0.0,0.0,4,1,1,2,3,0,1,0
423757,2882,0.0,5.0,0.0,38,10,3,3,33,0,5,0
423866,4610,0.0,0.0,0.0,2,1,1,2,0,0,1,1
42672,4818,0.0,3.0,1.0,12,3,2,2,11,0,1,0
42731,1049,0.0,2.0,0.0,5,1,1,2,4,0,1,0
43640,1393,0.0,0.0,0.0,3,2,2,1,2,0,1,0
43738,2128,0.0,0.0,0.0,2,1,1,1,1,0,1,0
43813,1183,0.0,3.0,0.0,3,1,1,1,2,0,1,0
43845,4506,0.0,2.0,0.0,2,1,1,2,1,0,1,0
441,3734,0.0,3.0,1.0,38,18,5,1,31,0,4,3
4474,3965,1.0,6.0,0.0,10,3,1,2,8,0,1,1
44802,416,0.0,4.0,0.0,6,4,3,2,5,0,1,0
45172,4086,0.0,2.0,0.0,9,1,1,2,5,0,3,1
45411,3609,0.0,3.0,0.0,32,19,2,2,30,0,2,0
45996,3266,0.0,8.0,0.0,7,1,1,1,6,0,1,0
46303,2910,0.0,5.0,0.0,4,2,2,2,3,0,1,0
46848,4427,0.0,6.0,1.0,7,2,2,2,6,0,1,0
47303,4022,0.0,0.0,0.0,10,5,2,1,8,0,2,0
47720,4492,0.0,3.0,0.0,11,5,2,1,9,0,1,1
47898,3444,0.0,3.0,1.0,7,1,1,3,5,0,1,1
48007,3878,1.0,5.0,0.0,7,5,1,3,5,0,2,0
48291,2891,1.0,3.0,1.0,2,1,1,2,1,0,1,0
48302,3545,0.0,3.0,0.0,12,7,1,1,11,0,1,0
48659,1760,0.0,4.0,0.0,9,6,1,3,7,0,2,0
49202,4450,0.0,5.0,0.0,4,3,1,1,2,0,2,0
49497,1437,0.0,3.0,1.0,2,1,1,1,0,0,1,1
49791,826,0.0,null,null,2,1,1,1,0,0,1,1
49822,4015,0.0,3.0,1.0,3,1,1,1,2,0,1,0
49839,1499,1.0,4.0,0.0,5,1,1,2,3,0,2,0
50653,4966,0.0,4.0,0.0,2,1,1,1,1,0,1,0
50734,603,0.0,0.0,0.0,1,1,1,1,0,0,1,0
51091,3828,1.0,3.0,0.0,29,11,5,6,27,0,2,0
51343,361,0.0,6.0,0.0,3,2,1,1,2,0,1,0
51370,1892,0.0,4.0,0.0,48,25,8,3,46,0,1,1
51630,1098,1.0,0.0,0.0,3,2,1,1,2,0,1,0
5199,738,0.0,3.0,0.0,2,2,2,2,1,0,1,0
52152,3095,0.0,5.0,0.0,3,1,1,1,2,0,1,0
52434,1618,0.0,6.0,1.0,9,4,1,1,8,0,1,0
52641,4042,1.0,4.0,0.0,3,1,1,1,2,0,1,0
52938,1890,0.0,0.0,1.0,17,5,1,3,16,0,1,0
53150,1825,0.0,0.0,1.0,2,2,1,1,0,0,2,0
53522,3910,0.0,4.0,0.0,1,1,1,1,0,0,1,0
53647,4876,0.0,2.0,0.0,1,1,1,1,0,0,1,0
53872,3291,0.0,0.0,null,4,1,1,2,3,0,1,0
5393,962,0.0,0.0,0.0,3,2,1,1,2,0,1,0
54049,1892,0.0,3.0,0.0,68,15,4,2,63,0,5,0
54255,4589,0.0,2.0,0.0,4,2,1,1,3,0,1,0
54854,1223,0.0,3.0,0.0,2,1,1,1,1,0,1,0
55569,3266,0.0,3.0,0.0,1,1,1,1,0,0,1,0
5566,574,1.0,4.0,0.0,1,1,1,1,0,0,1,0
55756,1916,0.0,6.0,0.0,9,4,1,2,6,0,3,0
56039,2954,0.0,5.0,0.0,7,4,2,1,6,0,1,0
56261,684,0.0,5.0,0.0,2,1,1,2,1,0,1,0
56732,3335,0.0,2.0,1.0,4,1,1,1,2,0,1,1
5717,1487,0.0,2.0,0.0,8,2,1,2,7,0,1,0
5783,467,0.0,4.0,1.0,2,1,1,1,1,0,1,0
58701,2981,0.0,6.0,0.0,3,1,1,2,2,0,1,0
58727,2935,0.0,3.0,0.0,2,1,1,1,1,0,1,0
58806,4659,0.0,0.0,0.0,3,2,2,1,1,0,2,0
59057,4848,0.0,4.0,1.0,17,6,2,1,16,0,1,0
59507,4589,0.0,0.0,0.0,5,1,1,2,4,0,1,0
59578,4542,0.0,6.0,0.0,6,1,1,3,5,0,1,0
5972,289,0.0,5.0,0.0,9,1,1,1,6,0,2,1
59785,3734,0.0,0.0,0.0,8,4,2,1,6,0,2,0
59877,4992,1.0,0.0,0.0,3,1,1,1,1,0,1,1
60061,1679,0.0,4.0,0.0,7,3,2,2,5,0,2,0
60220,66,0.0,2.0,0.0,6,1,1,1,5,0,1,0
60390,2545,0.0,3.0,0.0,6,2,1,3,3,0,1,2
60629,1195,0.0,4.0,0.0,2,1,1,2,1,0,1,0
60673,4607,0.0,4.0,0.0,11,8,3,1,10,0,1,0
60962,3965,1.0,0.0,0.0,21,7,2,1,19,0,2,0
61114,3576,0.0,4.0,0.0,9,1,1,3,7,0,1,1
61288,3127,0.0,0.0,1.0,21,7,2,3,20,0,1,0
61432,1724,0.0,4.0,1.0,4,1,1,1,3,0,1,0
62328,2545,0.0,0.0,0.0,10,5,3,3,9,0,1,0
62731,1357,0.0,4.0,0.0,3,1,1,3,2,0,1,0
62764,3455,0.0,2.0,0.0,7,3,1,1,6,0,1,0
6280,3396,0.0,4.0,1.0,9,5,1,1,8,0,1,0
62801,3271,0.0,3.0,1.0,7,1,1,2,6,0,1,0
63108,3637,0.0,4.0,0.0,4,1,1,1,2,0,1,1
63337,2901,0.0,0.0,2.0,16,3,1,2,14,0,1,1
64394,1272,0.0,0.0,0.0,17,5,3,4,13,0,1,3
64840,1031,0.0,4.0,0.0,2,2,1,2,1,0,1,0
65156,1964,1.0,3.0,0.0,129,24,9,14,117,0,10,2
65373,3828,0.0,5.0,1.0,10,2,2,3,9,0,1,0
65635,3469,0.0,2.0,0.0,1,1,1,1,0,0,1,0
65960,4388,0.0,4.0,1.0,9,3,1,1,7,0,2,0
66688,4861,0.0,3.0,0.0,2,1,1,1,1,0,1,0
66872,4043,1.0,0.0,0.0,2,2,2,1,0,0,2,0
67219,1512,0.0,4.0,0.0,11,5,1,3,8,0,2,1
67826,4173,0.0,5.0,0.0,14,7,7,6,13,0,1,0
68450,3152,0.0,4.0,0.0,35,16,2,1,32,0,3,0
6848,2954,0.0,2.0,0.0,1,1,1,1,0,0,1,0
68911,4760,0.0,2.0,1.0,18,10,4,1,17,0,1,0
69027,4173,0.0,3.0,0.0,13,9,3,1,12,0,1,0
6904,1963,0.0,0.0,0.0,27,16,2,2,26,0,1,0
69191,547,0.0,4.0,0.0,12,4,1,1,11,0,1,0
69613,1840,0.0,5.0,0.0,8,4,1,3,6,0,1,1
69871,2824,0.0,5.0,0.0,6,3,2,2,5,0,1,0
69931,1345,0.0,5.0,0.0,8,3,2,1,7,0,1,0
70310,4985,0.0,5.0,0.0,19,2,1,1,18,0,1,0
70450,4492,0.0,0.0,0.0,21,8,3,1,20,0,1,0
70564,2537,0.0,2.0,0.0,8,4,1,3,7,0,1,0
70565,4976,0.0,3.0,0.0,11,6,2,2,9,0,2,0
70728,1494,0.0,2.0,0.0,2,1,1,2,1,0,1,0
70917,1102,0.0,5.0,0.0,4,2,2,2,3,0,1,0
70937,4325,0.0,4.0,0.0,1,1,1,1,0,0,1,0
71372,2768,0.0,6.0,0.0,26,11,5,2,21,0,3,2
71477,740,0.0,5.0,1.0,1,1,1,1,0,0,1,0
71497,3363,0.0,3.0,0.0,4,1,1,1,3,0,1,0
71616,3105,0.0,3.0,0.0,7,5,2,1,2,0,5,0
71714,1890,0.0,2.0,0.0,29,14,3,5,26,0,1,2
71788,3642,0.0,2.0,0.0,26,4,2,3,24,0,2,0
7183,4369,0.0,2.0,0.0,7,2,2,2,6,0,1,0
72089,1816,0.0,0.0,1.0,14,6,4,1,12,0,2,0
7213,3152,0.0,4.0,0.0,4,1,1,2,3,0,1,0
72223,4048,0.0,2.0,1.0,2,2,2,2,1,0,1,0
72521,3108,0.0,7.0,2.0,29,6,4,8,25,0,1,3
72574,1890,0.0,6.0,1.0,3,1,1,2,2,0,1,0
72709,3455,0.0,6.0,0.0,7,2,2,1,6,0,1,0
72924,1719,0.0,3.0,0.0,1,1,1,1,0,0,1,0
7357,161,0.0,0.0,0.0,4,1,1,2,3,0,1,0
73601,2448,0.0,5.0,0.0,2,1,1,1,0,0,1,1
73660,2569,0.0,3.0,1.0,9,2,1,2,8,0,1,0
73977,4579,0.0,0.0,0.0,15,3,1,1,14,0,1,0
74129,4371,0.0,3.0,1.0,7,2,2,1,5,0,2,0
74599,2138,0.0,6.0,0.0,3,1,1,1,2,0,1,0
7470,4043,0.0,2.0,0.0,3,1,1,1,2,0,1,0
75509,4629,0.0,0.0,0.0,3,1,1,1,2,0,1,0
75763,4079,0.0,5.0,0.0,6,1,2,1,4,1,1,0
76929,606,0.0,4.0,0.0,19,7,3,3,17,0,1,1
77256,3022,0.0,4.0,0.0,8,3,1,1,6,0,2,0
77568,416,0.0,4.0,0.0,16,6,3,4,12,0,1,3
77976,2318,0.0,5.0,1.0,5,2,2,1,4,0,1,0
78017,963,0.0,0.0,1.0,4,1,1,1,3,0,1,0
79902,2237,0.0,3.0,0.0,3,1,1,1,2,0,1,0
79939,2901,0.0,3.0,0.0,9,2,2,1,8,0,1,0
80685,2447,0.0,3.0,1.0,4,2,2,2,3,0,1,0
80905,3236,0.0,0.0,0.0,10,4,1,1,8,0,1,1
82452,1760,0.0,0.0,0.0,1,1,1,1,0,0,1,0
83466,3609,0.0,4.0,0.0,12,5,1,1,11,0,1,0
83750,168,0.0,0.0,0.0,2,1,1,1,1,0,1,0
83868,3134,1.0,0.0,0.0,2,1,1,1,1,0,1,0
84659,1557,0.0,7.0,0.0,16,7,1,1,14,0,1,1
84959,730,0.0,3.0,0.0,3,2,2,2,2,0,1,0
85247,586,0.0,3.0,0.0,4,1,1,1,3,0,1,0
85329,1056,0.0,0.0,0.0,61,23,8,2,56,0,4,1
85558,1900,0.0,3.0,0.0,7,2,2,1,6,0,1,0
85758,3152,0.0,3.0,1.0,4,2,1,2,2,0,1,1
85839,1999,1.0,4.0,1.0,11,5,1,3,9,0,2,0
86056,1454,0.0,6.0,0.0,8,2,2,2,7,0,1,0
86304,1816,0.0,0.0,1.0,17,10,3,1,15,0,2,0
8651,760,0.0,3.0,1.0,3,3,1,1,1,0,2,0
86772,3734,0.0,2.0,1.0,6,5,2,1,0,0,1,5
87058,1131,0.0,3.0,0.0,22,6,4,3,18,0,3,1
87238,4954,0.0,2.0,0.0,1,1,1,1,0,0,1,0
87410,4698,0.0,3.0,0.0,14,10,5,2,13,0,1,0
88060,4090,0.0,3.0,0.0,2,1,1,2,0,0,1,1
88383,396,0.0,2.0,0.0,3,1,1,1,2,0,1,0
88794,3525,0.0,3.0,1.0,2,1,1,1,1,0,1,0
88862,4385,0.0,6.0,0.0,5,1,1,2,4,0,1,0
89081,3319,0.0,3.0,1.0,10,4,1,3,9,0,1,0
89226,396,0.0,3.0,0.0,11,2,1,1,7,0,4,0
89234,2448,0.0,3.0,1.0,7,5,2,1,6,0,1,0
89277,443,0.0,4.0,0.0,1,1,1,1,0,0,1,0
9049,793,0.0,5.0,0.0,8,3,1,1,7,0,1,0
90629,1472,0.0,2.0,1.0,5,1,1,2,3,0,1,1
90733,897,0.0,3.0,0.0,1,1,1,1,0,0,1,0
91631,1861,0.0,3.0,0.0,5,1,1,1,4,0,1,0
91833,1820,0.0,3.0,0.0,1,1,1,1,0,0,1,0
92622,3451,0.0,7.0,0.0,2,1,1,1,1,0,1,0
92659,1661,0.0,7.0,1.0,8,3,1,2,7,0,1,0
9274,1892,0.0,4.0,0.0,62,18,5,1,59,0,3,0
92772,4950,0.0,0.0,0.0,2,1,1,1,1,0,1,0
92975,3074,0.0,3.0,1.0,14,2,1,4,12,0,2,0
93176,310,0.0,0.0,null,2,1,1,1,1,0,1,0
93622,1839,0.0,4.0,2.0,3,2,1,3,2,0,1,0
93813,4818,0.0,0.0,1.0,17,5,4,4,16,0,1,0
93824,219,0.0,3.0,1.0,13,1,1,3,10,0,2,1
93864,2928,0.0,4.0,0.0,23,10,3,1,20,0,2,1
94104,4818,0.0,0.0,0.0,6,5,5,2,5,0,1,0
94226,2787,1.0,7.0,0.0,3,1,1,1,2,0,1,0
94341,3614,0.0,4.0,0.0,11,3,3,2,10,0,1,0
944,1339,0.0,0.0,0.0,4,1,1,1,3,0,1,0
94400,4306,0.0,3.0,1.0,7,1,1,2,6,0,1,0
94574,4346,0.0,3.0,0.0,2,1,1,1,1,0,1,0
94605,3828,1.0,4.0,0.0,9,5,3,3,3,0,1,5
94751,4718,0.0,0.0,0.0,3,1,1,1,2,0,1,0
94877,747,0.0,0.0,0.0,52,16,3,11,44,0,1,7
95175,1939,0.0,4.0,1.0,5,4,3,1,4,0,1,0
95275,2396,0.0,6.0,1.0,33,12,1,5,31,0,2,0
96440,4173,0.0,3.0,0.0,22,9,4,4,21,0,1,0
96481,3828,0.0,3.0,0.0,58,24,6,4,55,0,3,0
96573,3878,0.0,5.0,0.0,6,2,1,3,4,0,1,1
96591,2640,1.0,5.0,0.0,12,9,4,3,7,0,5,0
96674,4043,1.0,3.0,0.0,5,3,3,3,3,0,2,0
97365,2361,0.0,5.0,0.0,1,1,1,1,0,0,1,0
97593,1708,0.0,3.0,0.0,4,2,1,1,3,0,1,0
97981,2537,0.0,2.0,0.0,1,1,1,1,0,0,1,0
98119,2824,0.0,6.0,1.0,3,1,1,1,1,0,1,1
98906,2582,0.0,3.0,0.0,17,10,1,2,15,0,1,1
99249,3734,0.0,3.0,0.0,6,1,1,2,5,0,1,0
99782,3484,0.0,3.0,1.0,7,2,2,1,6,0,1,0
99821,102,0.0,3.0,0.0,8,2,1,3,6,0,1,1
99833,4170,0.0,4.0,0.0,4,2,1,1,3,0,1,0
