100190,3472,0.0,3.0,1.0,3,2,2,1,2,0,1,0
100343,3170,0.0,5.0,1.0,2,1,1,2,0,1,1,0
100444,2489,0.0,3.0,0.0,5,2,1,2,4,0,1,0
10076,412,0.0,5.0,0.0,12,5,4,1,7,0,5,0
101080,66,0.0,3.0,1.0,5,2,1,1,4,0,1,0
101267,1618,0.0,0.0,0.0,3,2,1,2,1,0,2,0
101502,1494,0.0,3.0,0.0,22,13,2,1,18,0,2,2
101680,1911,0.0,0.0,0.0,3,1,1,1,2,0,1,0
10180,2175,0.0,0.0,0.0,1,1,1,1,0,0,1,0
102324,4760,0.0,2.0,0.0,32,7,2,3,31,0,1,0
102873,2649,0.0,2.0,0.0,3,2,2,1,1,0,2,0
102975,2403,0.0,4.0,0.0,3,1,1,2,1,0,1,1
103235,2060,1.0,4.0,0.0,2,2,1,2,1,0,1,0
103606,1346,0.0,0.0,1.0,6,2,1,2,4,0,1,1
104087,4504,0.0,5.0,null,8,3,1,1,7,0,1,0
105085,3586,0.0,5.0,0.0,3,2,1,1,2,0,1,0
105183,1527,0.0,0.0,0.0,16,9,1,2,14,0,1,1
105208,3990,0.0,0.0,1.0,4,1,1,2,3,0,1,0
105631,66,0.0,3.0,0.0,5,1,1,3,4,0,1,0
105818,1342,0.0,2.0,0.0,4,1,1,1,3,0,1,0
105914,4955,0.0,2.0,0.0,9,4,1,2,8,0,1,0
10610,4808,0.0,4.0,0.0,20,7,1,7,18,0,1,1
106351,4371,0.0,4.0,0.0,5,2,1,1,4,0,1,0
106429,2545,0.0,3.0,2.0,1,1,1,1,0,0,1,0
106712,3419,0.0,0.0,0.0,2,1,1,1,1,0,1,0
106737,4043,1.0,0.0,1.0,11,2,1,2,10,0,1,0
106790,643,0.0,0.0,0.0,14,5,4,7,10,0,1,3
106873,4143,1.0,0.0,0.0,11,7,4,2,10,0,1,0
106882,941,0.0,3.0,1.0,3,1,1,2,2,0,1,0
107036,4325,1.0,4.0,1.0,5,1,1,1,4,0,1,0
107337,2537,0.0,3.0,0.0,10,6,5,2,7,0,3,0
107957,323,0.0,4.0,0.0,5,2,1,2,3,0,1,1
108263,3828,0.0,0.0,0.0,81,53,9,10,80,0,1,0
108651,3536,0.0,5.0,0.0,7,3,3,3,6,0,1,0
109485,4847,0.0,5.0,1.0,7,4,3,3,5,0,1,1
109847,3444,0.0,3.0,0.0,9,1,1,2,8,0,1,0
11021,1810,0.0,5.0,0.0,4,3,3,2,0,0,1,3
110798,222,0.0,4.0,1.0,2,1,1,1,1,0,1,0
111452,1722,0.0,2.0,0.0,18,6,3,2,16,0,1,1
11183,2167,0.0,7.0,1.0,7,1,1,3,6,0,1,0
112276,4394,0.0,0.0,0.0,7,3,1,1,6,0,1,0
113213,159,0.0,4.0,0.0,55,17,6,1,46,0,9,0
113356,3163,0.0,3.0,1.0,5,2,1,2,3,0,2,0
113550,1412,0.0,0.0,0.0,10,3,1,1,9,0,1,0
114703,2031,0.0,2.0,0.0,12,4,1,1,11,0,1,0
115168,415,0.0,7.0,0.0,9,1,1,1,8,0,1,0
115688,1353,0.0,2.0,1.0,6,2,1,1,5,0,1,0
11628,1752,0.0,4.0,1.0,3,1,1,1,2,0,1,0
116530,67,0.0,3.0,1.0,30,8,4,4,28,0,1,1
116869,3350,0.0,5.0,0.0,6,2,1,2,5,0,1,0
116994,2592,0.0,2.0,1.0,7,3,3,2,6,0,1,0
117091,429,0.0,4.0,1.0,1,1,1,1,0,0,1,0
117349,63,0.0,5.0,0.0,8,1,1,1,7,0,1,0
11766,191,0.0,0.0,0.0,4,1,1,2,3,0,1,0
117710,1272,0.0,6.0,0.0,7,2,2,3,6,0,1,0
118235,740,0.0,3.0,1.0,9,2,2,1,7,0,2,0
118441,1393,0.0,5.0,0.0,31,20,6,4,25,0,2,4
11865,4850,0.0,5.0,0.0,12,5,3,2,9,0,1,2
118686,4444,0.0,5.0,0.0,1,1,1,1,0,0,1,0
118729,4044,0.0,7.0,0.0,69,46,8,10,68,0,1,0
118962,2545,0.0,6.0,1.0,1,1,1,1,0,0,1,0
11908,4794,0.0,3.0,1.0,12,6,4,2,11,0,1,0
119530,4427,0.0,3.0,0.0,25,12,2,2,23,0,2,0
119780,4919,0.0,2.0,0.0,11,5,5,2,10,0,1,0
119989,4408,0.0,2.0,0.0,13,5,1,2,11,0,1,1
120117,322,0.0,3.0,0.0,10,3,3,2,9,0,1,0
120200,2640,0.0,4.0,1.0,3,3,3,1,0,0,3,0
120257,4044,0.0,4.0,0.0,20,17,7,2,19,0,1,0
120493,4044,0.0,3.0,1.0,2,1,1,1,1,0,1,0
120544,4864,1.0,5.0,0.0,2,2,2,1,0,0,2,0
121140,1583,0.0,2.0,0.0,4,3,2,1,2,0,2,0
121409,2,0.0,0.0,1.0,5,1,1,2,4,0,1,0
122096,1485,0.0,3.0,0.0,12,11,1,3,11,0,1,0
122829,4545,0.0,6.0,0.0,7,2,1,3,4,0,1,2
122850,4534,0.0,4.0,0.0,11,4,4,1,7,0,4,0
122955,4044,0.0,2.0,0.0,7,2,1,1,6,0,1,0
123063,2752,0.0,3.0,1.0,15,8,5,1,11,2,2,0
12344,1565,0.0,2.0,0.0,5,3,1,1,4,0,1,0
123593,3862,0.0,4.0,1.0,4,1,1,1,3,0,1,0
123847,4594,0.0,2.0,1.0,3,1,1,1,2,0,1,0
124086,361,0.0,6.0,0.0,28,8,1,5,26,0,2,0
124509,4085,0.0,3.0,1.0,3,1,1,1,2,0,1,0
124581,1322,0.0,0.0,0.0,9,4,1,2,8,0,1,0
124625,63,0.0,6.0,0.0,3,1,1,1,2,0,1,0
12488,3828,1.0,4.0,0.0,3,2,2,1,1,0,2,0
124935,1102,1.0,6.0,0.0,182,81,10,18,147,0,1,34
124990,1854,0.0,5.0,0.0,4,1,1,1,3,0,1,0
12520,4765,0.0,4.0,1.0,15,2,1,6,14,0,1,0
125582,4667,0.0,2.0,0.0,6,2,1,1,4,0,2,0
125757,4048,0.0,3.0,0.0,1,1,1,1,0,0,1,0
126042,4374,1.0,4.0,0.0,27,5,3,7,23,0,1,3
126728,2537,0.0,0.0,0.0,3,1,1,1,2,0,1,0
12719,4173,0.0,0.0,0.0,15,6,4,1,14,0,1,0
127529,3826,0.0,0.0,0.0,2,1,1,2,1,0,1,0
127649,2099,0.0,5.0,0.0,2,1,1,1,1,0,1,0
12809,4044,0.0,4.0,0.0,31,14,3,2,29,0,2,0
128289,3734,0.0,4.0,0.0,3,2,1,1,2,0,1,0
128534,4015,0.0,3.0,0.0,3,1,1,1,2,0,1,0
130717,3646,0.0,3.0,1.0,12,1,1,1,10,0,2,0
130725,794,0.0,0.0,0.0,5,1,1,1,3,0,2,0
130885,2193,0.0,2.0,0.0,33,18,7,4,22,0,7,4
130927,3163,0.0,3.0,1.0,19,6,2,1,12,0,7,0
130933,2193,0.0,4.0,0.0,5,2,2,1,4,0,1,0
131093,2102,0.0,4.0,1.0,9,5,3,1,8,0,1,0
131316,4282,0.0,0.0,1.0,5,1,1,1,4,0,1,0
131397,643,0.0,5.0,1.0,26,10,2,3,25,0,1,0
131904,4203,0.0,4.0,1.0,11,3,2,2,9,0,2,0
132049,652,0.0,3.0,1.0,2,1,1,1,1,0,1,0
132573,166,0.0,4.0,0.0,4,2,1,2,1,0,1,2
132601,273,0.0,5.0,0.0,13,5,4,2,10,0,3,0
132978,2435,0.0,3.0,0.0,9,2,1,1,4,0,5,0
133701,4491,0.0,0.0,0.0,6,3,2,1,0,0,6,0
133923,1708,0.0,5.0,0.0,3,1,1,1,2,0,1,0
134460,4048,0.0,4.0,1.0,6,2,1,2,4,0,1,1
13483,3923,0.0,5.0,1.0,8,3,1,1,7,0,1,0
135028,742,0.0,2.0,0.0,4,1,1,2,1,0,1,2
135105,4048,0.0,6.0,0.0,3,1,1,1,2,0,1,0
135111,215,0.0,0.0,0.0,16,2,2,1,15,0,1,0
135490,2124,0.0,6.0,0.0,8,3,1,1,7,0,1,0
135574,3990,0.0,5.0,0.0,14,9,7,4,13,0,1,0
135731,897,0.0,3.0,0.0,14,9,6,4,12,0,1,1
136338,2915,0.0,0.0,0.0,10,4,2,2,9,0,1,0
136447,608,0.0,5.0,0.0,22,8,3,1,19,0,3,0
136571,2102,0.0,3.0,0.0,9,1,1,3,8,0,1,0
136592,4966,0.0,4.0,0.0,11,9,7,2,9,0,2,0
136762,148,0.0,4.0,0.0,4,2,1,1,3,0,1,0
136852,1582,0.0,3.0,0.0,5,1,1,1,4,0,1,0
137117,1247,0.0,2.0,1.0,3,1,1,1,2,0,1,0
137399,2954,0.0,3.0,1.0,13,2,2,5,12,0,1,0
137542,3889,0.0,6.0,0.0,14,3,2,2,12,0,1,1
137588,3236,0.0,4.0,0.0,6,2,1,2,4,0,1,1
137690,4079,0.0,4.0,1.0,8,2,2,1,4,0,4,0
137793,1704,0.0,6.0,0.0,11,7,2,5,9,0,1,1
137825,1056,0.0,3.0,2.0,3,2,2,1,2,0,1,0
138548,514,0.0,6.0,1.0,29,13,2,1,27,0,1,1
138554,2664,1.0,6.0,0.0,10,4,2,1,7,0,2,1
138821,4335,0.0,5.0,0.0,2,1,1,1,0,0,1,1
138848,3288,1.0,0.0,0.0,20,3,3,3,17,0,3,0
139126,2537,0.0,0.0,1.0,3,1,1,1,2,0,1,0
139220,3236,0.0,0.0,2.0,4,1,1,3,3,0,1,0
139251,3940,0.0,0.0,0.0,11,2,1,2,8,0,1,2
139716,4401,0.0,3.0,1.0,3,1,1,1,0,0,2,1
139811,3170,0.0,3.0,1.0,3,3,2,2,1,0,2,0
139880,4793,0.0,0.0,1.0,2,1,1,1,1,0,1,0
139946,4026,0.0,5.0,0.0,2,1,1,1,1,0,1,0
140164,4335,0.0,0.0,0.0,12,2,1,1,10,0,1,1
140691,2954,0.0,4.0,1.0,13,7,3,1,12,0,1,0
140846,2173,0.0,6.0,1.0,12,6,1,1,10,0,2,0
141237,3915,0.0,3.0,0.0,3,2,2,3,0,0,1,2
141759,2700,0.0,6.0,0.0,37,8,3,6,34,0,1,2
141885,2721,0.0,6.0,1.0,64,33,8,4,56,0,4,4
142342,4687,0.0,2.0,1.0,4,1,1,2,2,1,1,0
142367,1360,0.0,2.0,0.0,3,1,1,1,2,0,1,0
142532,2721,0.0,4.0,1.0,11,6,1,1,9,0,1,1
142597,2124,0.0,3.0,0.0,17,8,2,2,16,0,1,0
142745,1923,0.0,4.0,0.0,10,5,1,1,9,0,1,0
143039,4724,0.0,6.0,0.0,13,3,1,3,11,0,2,0
143095,4763,0.0,0.0,0.0,5,1,1,1,4,0,1,0
143910,4079,0.0,0.0,1.0,5,1,1,2,4,0,1,0
144063,4083,0.0,3.0,0.0,7,1,1,3,6,0,1,0
144480,336,0.0,3.0,1.0,5,2,1,1,4,0,1,0
144824,423,0.0,3.0,0.0,1,1,1,1,0,0,1,0
145049,265,0.0,2.0,0.0,5,1,1,1,4,0,1,0
145502,3484,0.0,0.0,0.0,8,4,1,1,7,0,1,0
145757,114,0.0,5.0,0.0,53,12,4,6,50,0,2,1
145842,1102,1.0,0.0,0.0,1,1,1,1,0,0,1,0
145967,3452,0.0,3.0,0.0,2,1,1,1,1,0,1,0
146857,4978,0.0,5.0,1.0,14,9,1,2,13,0,1,0
146879,3103,0.0,3.0,1.0,9,2,1,1,8,0,1,0
146968,1618,0.0,4.0,2.0,4,2,1,1,2,0,2,0
146992,4091,0.0,0.0,1.0,3,1,1,1,1,0,2,0
147293,2935,0.0,3.0,1.0,11,3,1,2,9,1,1,0
147354,3734,0.0,3.0,0.0,12,3,3,4,11,0,1,0
147442,1875,0.0,5.0,0.0,4,4,3,2,2,0,2,0
147966,1150,0.0,5.0,0.0,3,1,1,1,2,0,1,0
147982,3350,0.0,0.0,0.0,2,1,1,1,1,0,1,0
148089,2883,0.0,4.0,0.0,9,4,1,1,8,0,1,0
148553,1393,0.0,2.0,null,83,48,10,3,60,0,1,22
148622,4659,0.0,3.0,0.0,8,3,2,3,5,0,2,1
148650,2217,0.0,4.0,0.0,4,2,1,2,3,0,1,0
148988,1272,0.0,5.0,0.0,9,2,1,2,8,0,1,0
149702,10,0.0,4.0,0.0,14,2,1,1,12,0,2,0
149727,742,0.0,3.0,0.0,4,1,1,2,3,0,1,0
14989,4760,0.0,3.0,0.0,3,2,1,1,2,0,1,0
150058,742,0.0,3.0,0.0,11,5,1,1,8,2,1,0
150094,4589,0.0,2.0,0.0,8,5,2,2,7,0,1,0
150217,1102,0.0,5.0,0.0,6,1,1,2,5,0,1,0
150400,4402,0.0,6.0,0.0,15,6,1,7,14,0,1,0
151095,4968,0.0,0.0,0.0,5,2,1,2,3,0,2,0
151577,4408,0.0,3.0,0.0,1,1,1,1,0,0,1,0
151629,2271,1.0,3.0,1.0,6,4,2,1,4,0,1,1
151875,1884,0.0,2.0,1.0,3,1,1,1,2,0,1,0
152375,3640,0.0,3.0,0.0,9,3,1,3,8,0,1,0
152604,490,0.0,0.0,0.0,12,7,1,1,11,0,1,0
152943,756,0.0,3.0,0.0,6,3,1,2,5,0,1,0
15380,2545,0.0,0.0,0.0,20,10,3,3,19,0,1,0
154229,3152,0.0,4.0,1.0,2,1,1,1,1,0,1,0
154272,2031,0.0,0.0,0.0,3,1,1,3,1,0,1,1
154351,1472,0.0,3.0,1.0,3,2,1,2,0,0,1,2
154546,4394,1.0,0.0,0.0,2,1,1,1,0,0,2,0
154669,2900,0.0,3.0,0.0,2,2,2,2,1,0,1,0
154678,1166,0.0,2.0,0.0,15,3,1,2,14,0,1,0
155663,1466,0.0,0.0,1.0,1,1,1,1,0,0,1,0
156351,2482,0.0,0.0,0.0,4,3,3,2,2,0,1,1
156650,2403,0.0,3.0,0.0,4,3,2,1,1,0,3,0
156891,66,0.0,4.0,1.0,2,1,1,1,1,0,1,0
158046,3392,0.0,6.0,0.0,3,1,1,1,2,0,1,0
158521,2242,0.0,6.0,1.0,9,5,1,1,7,0,2,0
159255,976,0.0,7.0,1.0,19,5,1,2,15,0,2,2
159809,4270,0.0,4.0,2.0,10,5,2,1,8,0,2,0
159901,4618,0.0,2.0,0.0,4,1,1,1,3,0,1,0
16028,1102,0.0,4.0,0.0,2,1,1,1,0,0,1,1
160632,2669,0.0,2.0,0.0,4,2,2,1,3,0,1,0
160695,3955,0.0,3.0,1.0,3,1,1,1,2,0,1,0
161058,4594,0.0,0.0,1.0,1,1,1,1,0,0,1,0
161065,2099,0.0,0.0,0.0,7,1,1,3,6,0,1,0
161187,3898,0.0,5.0,1.0,12,6,2,1,9,0,3,0
161343,1496,0.0,3.0,0.0,3,1,1,2,2,0,1,0
16137,4173,0.0,0.0,0.0,4,1,1,2,3,0,1,0
162130,590,0.0,4.0,1.0,10,6,4,2,8,0,2,0
162416,4569,0.0,0.0,1.0,10,3,2,1,9,0,1,0
162662,2592,0.0,7.0,0.0,7,6,3,1,5,0,2,0
162694,1489,0.0,4.0,1.0,5,1,1,2,3,0,1,1
162755,4071,0.0,5.0,1.0,3,1,1,1,2,0,1,0
163138,1899,0.0,0.0,0.0,8,3,1,2,7,0,1,0
163426,4829,0.0,4.0,0.0,4,1,1,1,3,0,1,0
163435,3936,0.0,0.0,1.0,11,1,1,4,10,0,1,0
163454,4942,0.0,0.0,0.0,1,1,1,1,0,0,1,0
163647,4472,0.0,5.0,1.0,5,2,1,1,3,0,2,0
164063,1270,0.0,5.0,0.0,10,5,1,1,9,0,1,0
164256,2273,0.0,4.0,0.0,6,2,1,1,5,0,1,0
164605,1276,0.0,0.0,1.0,2,1,1,2,0,1,1,0
164647,3329,0.0,0.0,0.0,1,1,1,1,0,0,1,0
165016,2070,0.0,3.0,1.0,3,1,1,1,2,0,1,0
165180,4949,0.0,0.0,0.0,50,23,7,10,41,0,1,8
165335,3152,0.0,0.0,0.0,10,2,1,1,9,0,1,0
165550,4919,0.0,3.0,0.0,2,1,1,1,1,0,1,0
165574,4170,0.0,0.0,1.0,9,5,1,1,7,0,2,0
165719,2205,0.0,null,null,12,2,1,1,11,0,1,0
165747,2099,0.0,2.0,0.0,17,12,5,1,14,0,3,0
165843,2031,0.0,5.0,0.0,7,1,1,1,6,0,1,0
165860,361,0.0,7.0,0.0,3,2,1,1,1,0,1,1
166551,4976,0.0,3.0,0.0,5,4,1,1,4,0,1,0
166588,1861,0.0,5.0,0.0,8,3,1,2,4,0,1,3
166712,2928,0.0,5.0,0.0,3,2,2,1,2,0,1,0
166969,2108,0.0,3.0,0.0,14,1,1,2,12,0,1,1
16745,1454,0.0,3.0,1.0,2,1,1,1,1,0,1,0
167502,2217,0.0,0.0,0.0,2,2,1,2,0,0,1,1
167814,2159,1.0,4.0,0.0,28,10,8,4,22,0,2,4
167961,1833,0.0,4.0,0.0,16,7,1,1,14,0,1,1
16797,818,0.0,2.0,0.0,7,3,1,1,5,0,1,1
168136,1200,0.0,3.0,1.0,1,1,1,1,0,0,1,0
16853,1749,0.0,0.0,0.0,13,4,1,1,11,0,2,0
169996,4044,0.0,2.0,0.0,22,15,5,6,19,0,1,2
170037,1999,0.0,4.0,1.0,10,1,1,2,7,0,2,1
170226,1784,0.0,3.0,1.0,2,1,1,1,0,0,1,1
170364,2639,0.0,3.0,0.0,46,28,13,2,43,0,3,0
170511,3148,0.0,4.0,2.0,12,5,2,2,5,0,4,3
170686,4756,0.0,2.0,1.0,19,3,3,3,16,0,1,2
170760,856,0.0,3.0,1.0,2,1,1,1,1,0,1,0
170900,361,0.0,0.0,0.0,20,8,3,1,19,0,1,0
171393,4220,0.0,4.0,1.0,1,1,1,1,0,0,1,0
171495,1370,0.0,0.0,0.0,1,1,1,1,0,0,1,0
172117,1800,0.0,4.0,0.0,31,18,6,2,30,0,1,0
172130,2954,0.0,4.0,1.0,2,1,1,1,1,0,1,0
17214,810,0.0,6.0,0.0,5,2,1,2,3,0,1,1
172321,2928,1.0,5.0,0.0,62,33,8,7,55,0,2,5
173048,320,0.0,3.0,0.0,7,3,3,2,5,0,1,1
173125,2271,0.0,3.0,0.0,10,3,2,2,5,1,4,0
173323,3734,0.0,3.0,1.0,1,1,1,1,0,0,1,0
173406,4491,0.0,0.0,0.0,14,4,2,1,12,0,2,0
173608,4966,0.0,4.0,1.0,4,1,1,3,3,0,1,0
173729,2916,1.0,4.0,1.0,1,1,1,1,0,0,1,0
173881,1013,0.0,4.0,0.0,8,3,1,2,7,0,1,0
174867,66,0.0,0.0,0.0,9,7,1,1,8,0,1,0
175218,989,0.0,3.0,1.0,2,1,1,1,0,0,1,1
175355,2318,0.0,2.0,1.0,6,1,1,3,5,0,1,0
175528,2634,0.0,3.0,0.0,114,40,12,2,109,0,5,0
175933,798,0.0,6.0,0.0,12,8,6,3,10,0,2,0
176399,3910,0.0,3.0,1.0,8,2,2,2,6,0,1,1
177172,4042,0.0,0.0,1.0,4,1,1,1,3,0,1,0
177285,1529,0.0,0.0,0.0,7,1,1,1,6,0,1,0
177526,2795,0.0,4.0,1.0,1,1,1,1,0,0,1,0
177552,1565,0.0,5.0,1.0,4,1,1,2,3,0,1,0
177993,3105,0.0,3.0,0.0,21,4,2,4,19,0,1,1
178119,4955,0.0,3.0,0.0,4,2,1,1,3,0,1,0
178152,598,0.0,3.0,1.0,3,2,1,1,2,0,1,0
178578,535,0.0,3.0,1.0,3,1,1,1,2,0,1,0
178968,3979,0.0,2.0,0.0,2,1,1,1,1,0,1,0
179814,1102,0.0,6.0,0.0,3,2,2,1,2,0,1,0
18001,148,0.0,4.0,0.0,9,6,4,2,8,0,1,0
18057,3828,0.0,4.0,1.0,8,1,1,2,7,0,1,0
181084,1892,0.0,3.0,1.0,11,4,2,3,9,0,2,0
181341,2318,0.0,0.0,1.0,2,1,1,1,1,0,1,0
181651,1916,0.0,6.0,0.0,5,1,1,1,4,0,1,0
182436,2935,0.0,4.0,1.0,2,1,1,1,1,0,1,0
182467,3314,0.0,4.0,0.0,4,1,1,2,3,0,1,0
182910,2440,0.0,3.0,0.0,6,1,1,2,5,0,1,0
182910,2582,0.0,3.0,0.0,6,3,1,1,5,0,1,0
183603,1056,0.0,4.0,0.0,39,20,16,1,33,0,6,0
183687,742,0.0,0.0,1.0,1,1,1,1,0,0,1,0
183737,1318,0.0,4.0,0.0,11,4,3,1,9,0,2,0
184296,1810,0.0,4.0,0.0,6,5,3,2,5,0,1,0
184321,4468,0.0,0.0,1.0,6,1,1,2,5,0,1,0
184323,2447,0.0,0.0,0.0,2,1,1,1,1,0,1,0
185297,4198,0.0,4.0,0.0,2,1,1,1,1,0,1,0
185436,1619,0.0,4.0,1.0,3,1,1,1,2,0,1,0
1856,3765,1.0,0.0,0.0,52,20,6,3,51,0,1,0
185644,2036,0.0,0.0,0.0,2,1,1,1,0,0,2,0
185653,1102,0.0,6.0,0.0,76,21,7,4,72,0,3,1
186018,4493,0.0,0.0,0.0,4,3,3,2,1,0,2,1
186059,95,0.0,5.0,0.0,10,2,1,5,8,0,1,1
186963,4280,0.0,3.0,0.0,6,2,1,1,5,0,1,0
18743,643,0.0,3.0,0.0,30,18,4,3,24,0,1,5
187973,2913,0.0,0.0,0.0,5,2,1,2,4,0,1,0
188355,98,0.0,2.0,0.0,3,1,1,3,0,0,1,2
188594,2031,0.0,0.0,0.0,12,5,2,2,11,0,1,0
190118,4173,0.0,6.0,1.0,5,3,3,1,4,0,1,0
19016,3433,0.0,5.0,0.0,2,1,1,1,1,0,1,0
190498,4438,0.0,6.0,0.0,17,11,1,1,16,0,1,0
190914,3411,0.0,0.0,0.0,5,1,1,3,4,0,1,0
191311,1274,0.0,0.0,0.0,2,1,1,1,1,0,1,0
191737,588,0.0,3.0,0.0,7,1,1,2,6,0,1,0
192388,4662,0.0,4.0,1.0,4,2,2,1,3,0,1,0
192641,3835,0.0,0.0,1.0,2,1,1,2,1,0,1,0
1928,1692,0.0,0.0,0.0,11,1,1,2,10,0,1,0
19301,4847,0.0,3.0,1.0,2,1,1,1,1,0,1,0
193337,614,0.0,2.0,0.0,7,2,1,2,5,0,1,1
193393,151,0.0,0.0,1.0,5,1,1,1,4,0,1,0
193437,1710,0.0,4.0,0.0,2,1,1,2,0,0,1,1
193482,4976,0.0,4.0,0.0,4,2,2,1,3,0,1,0
193808,2026,0.0,2.0,0.0,6,3,2,1,5,0,1,0
193820,92,0.0,2.0,0.0,4,1,1,1,3,0,1,0
193912,3211,0.0,3.0,0.0,4,2,1,1,3,0,1,0
194070,437,0.0,3.0,0.0,6,4,1,3,5,0,1,0
194107,4049,0.0,0.0,0.0,18,5,4,1,15,0,3,0
194272,1301,0.0,2.0,0.0,3,1,1,2,1,0,1,1
194285,4385,0.0,4.0,0.0,12,10,2,3,11,0,1,0
194754,748,0.0,3.0,1.0,6,1,1,2,4,0,1,1
195181,2082,0.0,5.0,0.0,13,4,2,5,12,0,1,0
195299,4966,0.0,0.0,0.0,11,9,6,2,5,0,6,0
196117,2482,0.0,4.0,0.0,7,2,1,2,5,0,2,0
196708,1393,0.0,4.0,1.0,11,1,1,1,10,0,1,0
19718,4760,0.0,3.0,0.0,11,3,1,2,9,0,1,1
197253,500,0.0,4.0,0.0,5,1,1,1,4,0,1,0
197442,3915,0.0,3.0,1.0,4,1,1,1,3,0,1,0
198091,3205,0.0,6.0,0.0,34,10,2,2,12,0,4,18
198160,198,0.0,4.0,0.0,18,5,3,1,14,0,4,0
198267,3614,0.0,3.0,0.0,8,2,1,4,6,0,1,1
199431,3844,0.0,0.0,1.0,12,3,3,1,11,0,1,0
199716,4876,0.0,3.0,1.0,20,8,1,2,19,0,1,0
1998,301,0.0,3.0,0.0,5,2,1,1,4,0,1,0
199972,423,0.0,null,null,2,1,1,2,0,0,1,1
200177,2582,0.0,3.0,0.0,11,1,1,1,10,0,1,0
200349,437,0.0,3.0,1.0,13,3,1,1,12,0,1,0
200615,649,0.0,4.0,2.0,3,1,1,2,2,0,1,0
200879,2424,0.0,2.0,1.0,12,2,1,1,10,0,1,1
200927,3159,0.0,2.0,0.0,17,2,1,1,15,0,2,0
201167,1054,0.0,5.0,0.0,2,1,1,2,1,0,1,0
201342,4042,0.0,3.0,0.0,1,1,1,1,0,0,1,0
201573,4129,0.0,3.0,1.0,44,26,2,2,42,0,2,0
201736,3578,0.0,4.0,0.0,10,6,2,2,8,0,2,0
201900,2326,0.0,4.0,1.0,25,9,6,2,15,0,10,0
20204,2604,1.0,6.0,0.0,20,11,5,5,15,0,4,1
202059,3448,0.0,4.0,0.0,1,1,1,1,0,0,1,0
202232,3173,0.0,2.0,1.0,5,1,1,1,2,0,2,1
203139,598,1.0,2.0,1.0,3,1,1,1,2,0,1,0
203166,141,0.0,3.0,0.0,47,34,14,9,42,0,1,4
203417,4044,0.0,2.0,0.0,31,16,6,2,29,0,2,0
203778,1485,0.0,3.0,0.0,62,28,4,2,57,0,2,3
204257,2876,0.0,3.0,0.0,6,4,1,2,5,0,1,0
20441,4079,0.0,3.0,0.0,10,3,2,1,9,0,1,0
204839,4693,0.0,6.0,0.0,146,45,4,12,142,0,2,2
204945,1816,0.0,0.0,1.0,90,23,9,17,83,0,1,6
205500,4471,1.0,6.0,1.0,4,1,1,1,1,0,3,0
205531,2229,0.0,3.0,0.0,10,4,3,1,8,0,2,0
206032,246,0.0,4.0,0.0,26,4,2,7,20,0,3,3
206191,897,0.0,0.0,0.0,1,1,1,1,0,0,1,0
20702,4950,0.0,5.0,0.0,4,2,2,2,2,0,2,0
207093,4744,0.0,0.0,0.0,8,1,1,4,7,0,1,0
207704,3249,0.0,2.0,0.0,5,1,1,1,4,0,1,0
2080,4048,1.0,6.0,0.0,14,1,1,2,10,0,3,1
208489,3345,0.0,3.0,0.0,5,3,2,1,4,0,1,0
208515,3363,0.0,2.0,0.0,1,1,1,1,0,0,1,0
208816,1742,0.0,null,null,4,3,1,1,3,0,1,0
208837,467,0.0,0.0,1.0,6,2,1,1,5,0,1,0
208897,2424,0.0,3.0,0.0,10,3,1,2,8,1,1,0
209472,2569,0.0,5.0,1.0,2,1,1,1,1,0,1,0
209649,133,0.0,2.0,1.0,4,1,1,2,3,0,1,0
210303,2294,0.0,0.0,0.0,16,6,4,2,15,0,1,0
210438,3958,0.0,4.0,0.0,35,12,5,4,32,0,1,2
210579,1916,0.0,5.0,1.0,2,1,1,1,1,0,1,0
21066,1200,0.0,0.0,1.0,9,1,1,2,6,0,3,0
211406,993,0.0,3.0,1.0,2,1,1,1,1,0,1,0
211409,4966,0.0,4.0,1.0,5,2,2,3,2,0,2,1
211637,4738,0.0,6.0,0.0,20,7,5,3,18,0,2,0
211763,687,0.0,2.0,0.0,11,1,1,4,8,0,1,2
211972,4457,0.0,0.0,0.0,6,1,1,2,4,0,1,1
212017,3022,0.0,3.0,1.0,6,1,1,1,5,0,1,0
212123,941,0.0,5.0,1.0,4,1,1,1,3,0,1,0
213160,1850,0.0,3.0,1.0,7,4,3,1,6,0,1,0
213671,1677,0.0,4.0,1.0,3,3,3,1,0,0,3,0
213707,4659,0.0,0.0,0.0,14,5,2,4,12,0,2,0
213708,2278,0.0,6.0,0.0,1,1,1,1,0,0,1,0
213752,4506,0.0,3.0,1.0,5,2,2,2,3,0,2,0
214107,3828,1.0,0.0,0.0,61,35,11,28,56,0,2,3
214310,4099,1.0,5.0,0.0,26,7,4,2,23,0,3,0
214548,323,0.0,0.0,null,4,1,1,2,3,0,1,0
214620,2592,0.0,0.0,1.0,5,1,1,2,3,1,1,0
214625,4871,0.0,6.0,0.0,2,1,1,1,1,0,1,0
21468,3609,0.0,0.0,0.0,14,9,1,1,13,0,1,0
215418,1423,0.0,0.0,1.0,5,2,1,1,4,0,1,0
215629,4745,0.0,3.0,1.0,7,2,1,2,5,0,2,0
215663,121,0.0,6.0,0.0,9,3,2,2,8,0,1,0
217055,2403,0.0,6.0,1.0,2,2,2,1,1,0,1,0
217114,2031,0.0,0.0,null,1,1,1,1,0,0,1,0
217355,4173,1.0,3.0,0.0,170,76,12,27,147,0,2,21
21755,3971,0.0,3.0,0.0,5,2,1,1,4,0,1,0
21822,2537,0.0,6.0,0.0,9,4,1,1,8,0,1,0
218245,2241,0.0,0.0,0.0,3,2,2,2,0,1,2,0
218443,2738,0.0,5.0,0.0,3,1,1,1,2,0,1,0
218492,2078,0.0,6.0,1.0,3,1,1,1,2,0,1,0
218650,1968,0.0,2.0,1.0,3,1,1,1,2,0,1,0
219339,3320,0.0,4.0,1.0,22,7,1,2,20,0,2,0
219397,1618,0.0,2.0,0.0,9,6,1,1,8,0,1,0
219406,4072,0.0,3.0,0.0,6,3,1,1,5,0,1,0
219735,3365,0.0,5.0,0.0,6,1,1,1,5,0,1,0
219776,1494,0.0,5.0,0.0,10,6,2,1,9,0,1,0
219842,200,0.0,4.0,1.0,10,2,1,1,9,0,1,0
220072,1565,0.0,3.0,1.0,4,1,1,1,3,0,1,0
220474,760,0.0,4.0,1.0,4,1,1,1,3,0,1,0
220617,4427,0.0,4.0,0.0,5,2,1,1,4,0,1,0
220792,3809,0.0,4.0,0.0,47,11,5,8,42,0,3,2
221031,3134,0.0,0.0,0.0,1,1,1,1,0,0,1,0
22106,161,0.0,6.0,0.0,9,4,1,2,8,0,1,0
221173,4955,0.0,3.0,0.0,11,2,1,3,10,0,1,0
221270,154,0.0,4.0,1.0,4,1,1,1,2,0,2,0
221344,148,0.0,0.0,0.0,4,1,1,2,3,0,1,0
22143,41,0.0,5.0,1.0,33,13,2,3,32,0,1,0
221548,2935,0.0,5.0,1.0,6,1,1,1,5,0,1,0
222477,1359,0.0,3.0,1.0,16,4,3,2,12,0,4,0
222889,1031,0.0,4.0,1.0,4,2,1,1,3,0,1,0
223246,1816,0.0,3.0,0.0,14,5,2,3,11,0,1,2
223502,3753,0.0,0.0,null,3,1,1,1,2,0,1,0
224157,1861,1.0,0.0,0.0,3,1,1,1,2,0,1,0
224205,1861,0.0,3.0,0.0,5,2,1,1,3,0,2,0
225197,1501,0.0,3.0,0.0,28,10,2,3,17,2,1,8
225611,4394,0.0,0.0,0.0,23,10,2,6,22,0,1,0
226072,3356,0.0,2.0,1.0,1,1,1,1,0,0,1,0
226122,3230,0.0,5.0,1.0,2,2,2,1,0,0,2,0
226302,2579,0.0,0.0,1.0,2,1,1,1,1,0,1,0
226330,1899,0.0,0.0,0.0,14,5,3,2,12,0,1,1
226572,2730,0.0,6.0,1.0,27,6,2,5,26,0,1,0
2275,20,0.0,4.0,2.0,8,3,1,1,6,0,2,0
227686,4137,0.0,4.0,0.0,4,1,1,4,3,0,1,0
22795,1193,0.0,6.0,1.0,4,1,1,2,3,0,1,0
228244,66,0.0,5.0,0.0,4,1,1,1,3,0,1,0
229072,1677,0.0,2.0,0.0,3,1,1,1,0,0,2,1
229353,1429,0.0,4.0,0.0,11,5,1,1,5,0,6,0
229419,3826,0.0,3.0,2.0,3,1,1,1,2,0,1,0
229625,2821,0.0,3.0,0.0,6,1,1,2,5,0,1,0
229771,2122,0.0,3.0,0.0,4,1,1,2,1,0,2,1
229956,2730,0.0,0.0,0.0,5,3,1,1,4,0,1,0
229984,4090,0.0,5.0,0.0,30,17,2,1,27,0,3,0
230245,2803,0.0,3.0,0.0,4,1,1,1,3,0,1,0
230400,3563,0.0,4.0,0.0,13,4,1,3,12,0,1,0
230604,1500,0.0,3.0,0.0,6,3,2,2,5,0,1,0
230730,2525,0.0,2.0,0.0,7,1,1,1,6,0,1,0
230846,1056,0.0,4.0,0.0,5,3,3,3,4,0,1,0
230876,4196,0.0,6.0,1.0,2,1,1,2,1,0,1,0
231478,1704,0.0,2.0,1.0,1,1,1,1,0,0,1,0
231504,1356,0.0,0.0,0.0,9,1,1,1,8,0,1,0
231772,4480,0.0,3.0,1.0,21,8,2,1,19,0,2,0
231785,3986,0.0,2.0,1.0,4,1,1,1,3,0,1,0
231793,4966,0.0,5.0,1.0,1,1,1,1,0,0,1,0
231895,4693,0.0,3.0,0.0,87,25,2,2,84,0,3,0
232,806,0.0,4.0,0.0,8,3,1,1,7,0,1,0
232134,4287,0.0,3.0,0.0,4,1,1,1,3,0,1,0
232344,4394,0.0,0.0,0.0,8,2,1,3,7,0,1,0
232409,2224,0.0,6.0,1.0,1,1,1,1,0,0,1,0
232529,4083,0.0,0.0,0.0,4,2,2,1,3,0,1,0
232585,1056,0.0,3.0,0.0,31,10,8,7,29,0,1,1
233288,1342,0.0,7.0,0.0,2,1,1,1,1,0,1,0
233446,2511,0.0,4.0,0.0,4,1,1,1,3,0,1,0
233725,4234,0.0,4.0,0.0,6,3,1,1,5,0,1,0
23442,2193,0.0,4.0,0.0,1,1,1,1,0,0,1,0
234740,219,1.0,4.0,0.0,5,1,1,4,4,0,1,0
234856,4427,0.0,3.0,0.0,6,1,1,3,4,0,1,1
235099,4173,0.0,3.0,0.0,5,2,1,1,4,0,1,0
236302,2620,0.0,5.0,0.0,3,2,1,1,2,0,1,0
23692,2403,0.0,3.0,0.0,6,3,1,1,4,0,2,0
237049,4282,0.0,0.0,1.0,4,1,1,2,3,0,1,0
237088,3822,0.0,6.0,1.0,36,4,1,6,33,0,1,2
237092,1673,0.0,3.0,0.0,2,1,1,2,1,0,1,0
237105,3828,1.0,6.0,0.0,85,53,16,23,82,0,3,0
23713,4607,0.0,5.0,0.0,89,17,3,12,79,0,2,8
237604,2278,0.0,0.0,0.0,5,3,3,1,3,0,2,0
238185,503,0.0,4.0,0.0,9,4,1,1,8,0,1,0
238737,3173,0.0,0.0,0.0,17,2,1,2,15,1,1,0
239516,66,0.0,5.0,1.0,3,2,1,1,2,0,1,0
239635,4992,0.0,3.0,0.0,2,2,1,1,0,0,2,0
240109,3835,0.0,5.0,0.0,7,4,3,1,6,0,1,0
241200,3941,0.0,6.0,1.0,14,5,3,1,12,0,2,0
241500,2255,0.0,2.0,0.0,2,1,1,2,1,0,1,0
241584,756,0.0,0.0,1.0,1,1,1,1,0,0,1,0
241979,4468,0.0,2.0,1.0,5,1,1,1,4,0,1,0
242075,3828,0.0,4.0,1.0,6,3,3,4,5,0,1,0
242388,946,0.0,6.0,1.0,6,4,1,2,5,0,1,0
242395,4079,0.0,4.0,0.0,4,1,1,1,2,0,2,0
24273,4044,0.0,4.0,1.0,20,13,4,1,19,0,1,0
243350,1393,0.0,6.0,0.0,18,4,2,3,15,0,1,2
243631,1412,0.0,3.0,0.0,3,1,1,1,2,0,1,0
243690,2318,1.0,4.0,0.0,1,1,1,1,0,0,1,0
243814,1760,0.0,3.0,0.0,4,3,1,2,0,0,1,3
243956,2026,0.0,3.0,0.0,10,9,5,1,9,0,1,0
244718,2954,0.0,3.0,1.0,19,14,11,2,6,0,2,11
244953,4580,0.0,2.0,0.0,4,1,1,1,3,0,1,0
245038,3898,0.0,0.0,0.0,5,1,1,1,4,0,1,0
245335,2482,1.0,2.0,1.0,8,3,2,2,7,0,1,0
245623,1346,0.0,6.0,0.0,18,2,1,4,14,0,1,3
245648,1200,0.0,2.0,1.0,8,4,2,4,7,0,1,0
245710,4170,0.0,5.0,0.0,3,2,1,2,2,0,1,0
245876,4658,0.0,4.0,0.0,17,2,1,3,16,0,1,0
24606,4764,0.0,4.0,0.0,5,2,1,1,4,0,1,0
24623,133,0.0,0.0,1.0,6,1,1,1,5,0,1,0
246919,1987,0.0,3.0,2.0,4,2,2,1,3,0,1,0
24695,2255,1.0,4.0,1.0,4,2,1,1,3,0,1,0
246968,4198,0.0,5.0,1.0,3,2,1,2,2,0,1,0
247082,4864,0.0,0.0,1.0,3,2,1,1,2,0,1,0
247092,2915,0.0,4.0,2.0,2,2,1,1,0,0,2,0
247792,4693,0.0,3.0,0.0,253,103,4,20,225,0,2,26
248153,415,0.0,2.0,1.0,10,4,3,1,8,0,2,0
248457,2639,0.0,5.0,0.0,6,4,3,2,3,0,3,0
248636,4659,0.0,5.0,0.0,4,3,2,1,1,0,3,0
248739,3862,0.0,0.0,0.0,2,1,1,1,1,0,1,0
249,1102,0.0,0.0,0.0,4,2,2,1,3,0,1,0
249190,4270,0.0,0.0,0.0,99,24,8,6,91,0,6,2
249712,3839,0.0,4.0,0.0,15,4,1,1,12,0,3,0
249831,4110,0.0,4.0,1.0,1,1,1,1,0,0,1,0
25052,2099,0.0,5.0,1.0,2,1,1,1,1,0,1,0
251080,3954,0.0,5.0,1.0,3,1,1,1,2,0,1,0
251247,1102,0.0,4.0,0.0,21,10,3,1,20,0,1,0
251350,4131,0.0,5.0,0.0,4,1,1,1,3,0,1,0
251777,1049,0.0,4.0,1.0,3,1,1,1,2,0,1,0
251869,3828,0.0,0.0,0.0,5,2,2,3,4,0,1,0
251971,4039,0.0,4.0,1.0,2,1,1,1,1,0,1,0
252590,3878,0.0,4.0,1.0,7,2,1,1,6,0,1,0
252831,2031,0.0,6.0,1.0,4,4,3,1,3,0,1,0
253553,2928,0.0,4.0,0.0,1,1,1,1,0,0,1,0
253589,4463,0.0,3.0,1.0,3,1,1,2,2,0,1,0
253919,793,0.0,4.0,0.0,10,6,3,1,9,0,1,0
254150,1008,0.0,2.0,1.0,1,1,1,1,0,0,1,0
254616,2629,0.0,3.0,0.0,1,1,1,1,0,0,1,0
255394,3828,0.0,6.0,0.0,5,1,1,2,4,0,1,0
255476,1200,0.0,3.0,0.0,2,1,1,1,1,0,1,0
255512,760,0.0,6.0,1.0,4,2,1,1,2,0,2,0
255623,219,0.0,4.0,0.0,2,2,1,1,0,0,2,0
256160,4637,0.0,3.0,0.0,14,6,1,1,12,0,2,0
256576,3392,0.0,4.0,0.0,3,1,1,1,1,0,2,0
256677,4256,0.0,0.0,0.0,2,1,1,1,1,0,1,0
256846,1710,0.0,0.0,1.0,2,2,1,2,1,0,1,0
257435,2511,0.0,6.0,0.0,6,1,1,3,4,0,1,1
257581,474,0.0,4.0,0.0,62,30,15,6,56,0,6,0
258717,915,0.0,2.0,1.0,47,16,2,4,46,0,1,0
258818,1916,0.0,3.0,0.0,36,10,1,4,32,0,2,2
259284,133,0.0,3.0,0.0,12,1,1,3,10,0,1,1
259983,2102,0.0,3.0,0.0,3,1,1,1,2,0,1,0
260128,398,0.0,2.0,1.0,6,1,1,1,5,0,1,0
260273,3826,1.0,6.0,1.0,1,1,1,1,0,0,1,0
260411,4173,0.0,3.0,1.0,14,6,3,2,11,0,1,2
26055,2721,0.0,2.0,0.0,4,1,1,1,3,0,1,0
26113,219,0.0,0.0,1.0,2,1,1,1,1,0,1,0
261271,1472,0.0,2.0,0.0,2,1,1,1,0,0,1,1
262062,1825,0.0,4.0,1.0,3,1,1,1,1,0,2,0
262443,2475,0.0,2.0,1.0,7,2,1,2,5,0,1,1
262519,1677,0.0,5.0,0.0,4,3,3,2,0,0,3,1
262747,4005,0.0,0.0,null,7,2,1,1,6,0,1,0
262751,1133,0.0,6.0,1.0,2,1,1,1,1,0,1,0
262977,885,0.0,6.0,0.0,12,3,2,1,8,0,3,1
263278,685,0.0,6.0,0.0,6,2,2,1,4,0,2,0
263293,4048,0.0,3.0,0.0,3,1,1,2,2,0,1,0
263672,3971,0.0,2.0,0.0,2,1,1,1,0,0,1,1
263691,4442,0.0,6.0,0.0,5,2,1,1,4,0,1,0
264296,4647,0.0,4.0,0.0,3,1,1,1,1,0,2,0
264622,2872,0.0,4.0,0.0,10,9,7,4,0,0,2,8
265015,4607,0.0,5.0,1.0,12,7,1,1,11,0,1,0
265154,168,0.0,4.0,0.0,7,4,2,1,6,0,1,0
2652,1895,0.0,3.0,0.0,19,13,6,2,17,0,2,0
26600,1719,0.0,3.0,0.0,3,1,1,1,1,0,2,0
266997,3143,0.0,6.0,1.0,3,1,1,1,2,0,1,0
267206,2051,0.0,3.0,0.0,3,1,1,2,0,0,2,1
267638,4339,0.0,3.0,0.0,3,1,1,2,2,0,1,0
267766,877,0.0,3.0,1.0,3,2,1,2,2,0,1,0
267878,1608,0.0,0.0,0.0,4,1,1,1,3,0,1,0
268252,3323,0.0,0.0,0.0,5,1,1,1,4,0,1,0
268600,3190,1.0,6.0,1.0,2,1,1,1,0,0,2,0
268830,2155,0.0,2.0,1.0,11,4,3,1,10,0,1,0
268871,3452,0.0,4.0,0.0,13,9,1,4,11,0,1,1
26904,1115,0.0,0.0,0.0,7,3,2,1,6,0,1,0
269048,1963,0.0,4.0,0.0,3,1,1,2,1,0,1,1
269048,3445,0.0,4.0,0.0,8,1,1,1,5,0,3,0
269130,794,0.0,4.0,0.0,3,1,1,1,2,0,1,0
270682,4558,0.0,6.0,0.0,9,4,3,2,7,0,2,0
270699,4687,0.0,0.0,0.0,4,1,1,2,2,0,1,1
270750,1487,0.0,3.0,1.0,4,1,1,2,2,0,1,1
271080,2767,0.0,4.0,0.0,1,1,1,1,0,0,1,0
271345,3291,1.0,4.0,1.0,3,1,1,1,1,0,2,0
271390,1574,0.0,3.0,1.0,3,2,2,1,1,0,2,0
271496,4131,0.0,4.0,0.0,1,1,1,1,0,0,1,0
271930,608,0.0,0.0,0.0,5,3,2,2,4,0,1,0
272074,2669,0.0,3.0,0.0,3,1,1,1,2,0,1,0
272098,4270,0.0,3.0,0.0,7,2,1,2,6,0,1,0
272247,3734,0.0,0.0,1.0,32,12,8,1,31,0,1,0
272344,437,0.0,3.0,0.0,16,4,1,2,13,0,1,2
272641,806,0.0,0.0,1.0,9,6,2,1,8,0,1,0
272732,1816,0.0,3.0,0.0,10,1,1,2,8,0,1,1
272894,1301,0.0,5.0,0.0,5,1,1,1,4,0,1,0
272980,4099,0.0,4.0,0.0,15,13,8,1,14,0,1,0
273292,3350,0.0,3.0,1.0,4,2,1,1,3,0,1,0
27355,219,0.0,5.0,0.0,38,15,1,1,29,0,1,8
274051,4525,0.0,3.0,0.0,30,18,2,4,28,0,2,0
27434,3240,0.0,0.0,0.0,17,5,5,2,13,0,3,1
274350,4316,0.0,null,null,2,1,1,1,1,0,1,0
274501,2537,0.0,4.0,0.0,7,1,1,2,6,0,1,0
274508,1274,0.0,4.0,1.0,5,1,1,1,4,0,1,0
274757,3345,0.0,3.0,0.0,5,1,1,1,4,0,1,0
274776,1049,0.0,5.0,1.0,1,1,1,1,0,0,1,0
274890,2001,0.0,3.0,1.0,1,1,1,1,0,0,1,0
274971,133,0.0,4.0,0.0,3,1,1,2,2,0,1,0
275634,4408,0.0,4.0,0.0,1,1,1,1,0,0,1,0
275801,13,0.0,3.0,0.0,8,1,1,2,4,0,3,1
276046,3853,1.0,5.0,0.0,70,45,12,8,67,0,3,0
27620,4589,0.0,3.0,1.0,5,4,1,1,4,0,1,0
276274,1489,0.0,2.0,0.0,2,1,1,1,1,0,1,0
276463,416,0.0,0.0,0.0,11,5,1,2,10,0,1,0
277334,1861,0.0,2.0,0.0,3,1,1,1,2,0,1,0
278041,1963,0.0,4.0,1.0,39,9,2,2,38,0,1,0
278837,606,0.0,3.0,1.0,19,17,6,4,18,0,1,0
279677,2981,0.0,0.0,0.0,13,4,2,1,12,0,1,0
280224,20,0.0,2.0,1.0,5,2,1,1,4,0,1,0
281023,3609,0.0,6.0,0.0,5,2,1,1,4,0,1,0
281349,804,0.0,3.0,0.0,2,1,1,1,1,0,1,0
281683,685,0.0,6.0,0.0,18,5,5,3,16,0,1,1
281779,4760,0.0,0.0,1.0,2,1,1,1,1,0,1,0
282053,3828,0.0,4.0,0.0,6,1,1,2,5,0,1,0
282330,4173,0.0,2.0,0.0,10,7,1,1,9,0,1,0
282568,1890,0.0,6.0,0.0,30,12,4,3,28,0,1,1
282623,424,0.0,0.0,1.0,7,2,1,1,4,0,3,0
282749,1283,0.0,0.0,0.0,12,5,4,1,11,0,1,0
282957,682,0.0,3.0,1.0,4,1,1,2,3,0,1,0
28303,2928,0.0,4.0,0.0,26,13,6,3,21,0,5,0
283117,4071,0.0,3.0,1.0,13,3,1,1,11,0,2,0
283841,738,0.0,3.0,0.0,3,2,1,1,2,0,1,0
283866,2014,0.0,0.0,0.0,61,21,2,7,57,0,1,3
284252,1102,0.0,4.0,0.0,14,2,1,2,11,0,1,2
284770,2639,0.0,4.0,0.0,10,2,1,1,8,0,2,0
284938,4287,0.0,3.0,0.0,75,27,10,4,72,0,1,2
284994,1371,0.0,3.0,0.0,4,1,1,4,2,0,1,1
285181,1102,0.0,2.0,1.0,1,1,1,1,0,0,1,0
285831,361,1.0,0.0,null,23,11,4,2,19,0,3,1
286507,1500,0.0,3.0,1.0,3,1,1,1,2,0,1,0
286643,10,0.0,3.0,0.0,1,1,1,1,0,0,1,0
287098,191,0.0,0.0,0.0,3,1,1,1,2,0,1,0
287490,2273,0.0,5.0,0.0,11,2,1,1,10,0,1,0
287892,1117,1.0,5.0,1.0,7,4,4,1,4,0,3,0
288385,4926,0.0,3.0,0.0,2,2,2,1,0,0,2,0
288933,145,0.0,3.0,0.0,1,1,1,1,0,0,1,0
289047,3780,0.0,5.0,0.0,4,2,1,1,3,0,1,0
289273,3828,1.0,8.0,0.0,19,8,4,2,18,0,1,0
289523,1379,0.0,0.0,1.0,1,1,1,1,0,0,1,0
290096,1346,0.0,3.0,1.0,3,1,1,1,2,0,1,0
290210,2721,0.0,0.0,0.0,7,3,3,1,2,0,5,0
290444,598,1.0,3.0,1.0,2,1,1,2,1,0,1,0
290554,4864,0.0,4.0,1.0,5,1,1,1,4,0,1,0
290593,4090,0.0,5.0,0.0,6,5,1,2,5,0,1,0
290606,1708,0.0,5.0,1.0,1,1,1,1,0,0,1,0
290676,2856,0.0,3.0,0.0,8,2,1,1,7,0,1,0
290737,3614,0.0,3.0,0.0,4,1,1,1,3,0,1,0
290945,1405,0.0,4.0,1.0,4,1,1,1,3,0,1,0
291004,3955,0.0,2.0,0.0,2,1,1,2,0,0,1,1
291379,606,0.0,4.0,0.0,27,23,10,5,17,0,1,9
291854,1861,0.0,0.0,0.0,11,6,2,1,10,0,1,0
292554,2403,0.0,6.0,1.0,29,12,2,4,21,0,2,6
292641,4162,0.0,2.0,0.0,1,1,1,1,0,0,1,0
292658,742,0.0,4.0,1.0,4,1,1,2,3,0,1,0
292971,1123,0.0,4.0,0.0,20,13,7,2,18,0,2,0
29380,3545,0.0,2.0,1.0,2,1,1,1,1,0,1,0
294410,2537,0.0,3.0,1.0,3,1,1,1,2,0,1,0
294994,152,0.0,0.0,0.0,2,1,1,1,1,0,1,0
295006,4352,0.0,3.0,0.0,15,3,1,3,14,0,1,0
295576,1143,1.0,6.0,0.0,20,4,3,4,19,0,1,0
295942,4756,0.0,0.0,0.0,5,1,1,1,3,0,2,0
296004,2505,0.0,6.0,0.0,3,1,1,1,2,0,1,0
296199,3476,0.0,4.0,0.0,7,1,1,4,5,0,1,1
296453,1056,0.0,3.0,2.0,11,5,4,2,5,0,4,2
296498,1810,0.0,5.0,0.0,10,3,2,2,8,0,2,0
297106,1895,0.0,2.0,0.0,10,3,1,3,8,0,1,1
297279,3460,1.0,4.0,0.0,7,2,1,3,3,0,3,1
297605,1103,0.0,0.0,0.0,9,5,2,2,6,0,3,0
29766,2031,0.0,4.0,0.0,2,1,1,1,1,0,1,0
298410,3460,0.0,5.0,0.0,6,3,2,2,4,0,2,0
298775,343,0.0,4.0,0.0,1,1,1,1,0,0,1,0
299222,1501,0.0,2.0,0.0,8,1,1,3,6,0,1,1
299668,1800,0.0,5.0,0.0,5,3,1,1,4,0,1,0
299680,255,0.0,3.0,0.0,3,1,1,1,2,0,1,0
300067,3420,0.0,4.0,0.0,12,2,1,2,10,0,2,0
300244,2511,0.0,3.0,0.0,3,2,1,1,2,0,1,0
300638,4155,0.0,4.0,0.0,2,1,1,1,1,0,1,0
300774,4966,0.0,0.0,1.0,2,1,1,1,1,0,1,0
301062,3828,1.0,3.0,0.0,37,17,9,7,32,0,1,4
301274,4394,0.0,5.0,1.0,5,2,1,1,4,0,1,0
301414,4273,0.0,3.0,0.0,3,1,1,3,2,0,1,0
301512,1301,0.0,0.0,0.0,15,2,1,2,13,0,1,1
302955,437,0.0,4.0,0.0,57,31,2,8,54,0,2,1
303892,323,0.0,0.0,0.0,55,10,2,4,54,0,1,0
304042,4090,0.0,0.0,0.0,20,10,1,6,19,0,1,0
304163,2279,0.0,7.0,0.0,8,3,2,2,7,0,1,0
30511,3794,1.0,2.0,0.0,26,10,3,2,24,0,2,0
305368,4444,0.0,6.0,0.0,16,10,2,1,14,0,2,0
306989,4394,0.0,0.0,0.0,7,3,1,1,6,0,1,0
30764,3205,0.0,6.0,0.0,9,2,1,1,7,0,2,0
308148,2608,0.0,3.0,1.0,8,2,2,1,7,0,1,0
308454,4926,0.0,6.0,0.0,2,1,1,1,1,0,1,0
308655,152,0.0,3.0,1.0,3,1,1,1,1,0,2,0
308927,4079,0.0,0.0,0.0,1,1,1,1,0,0,1,0
309043,4764,1.0,0.0,1.0,9,2,1,1,8,0,1,0
309496,3271,0.0,3.0,0.0,2,1,1,1,1,0,1,0
310002,1875,1.0,6.0,0.0,30,16,5,6,26,0,2,2
310338,145,0.0,2.0,0.0,3,1,1,1,0,0,2,1
310724,4760,0.0,0.0,1.0,14,4,2,4,13,0,1,0
310758,4933,0.0,6.0,1.0,4,1,1,1,3,0,1,0
311020,4938,0.0,0.0,0.0,18,4,1,3,13,0,2,3
311276,3954,0.0,3.0,0.0,8,6,3,1,7,0,1,0
312054,2637,0.0,3.0,0.0,1,1,1,1,0,0,1,0
312465,4659,0.0,2.0,0.0,8,5,1,4,7,0,1,0
313113,3971,0.0,0.0,null,3,3,3,2,2,0,1,0
313801,3640,0.0,3.0,0.0,21,11,1,1,17,0,2,2
314120,2791,0.0,4.0,1.0,5,2,1,1,4,0,1,0
314274,3936,1.0,0.0,0.0,2,1,1,1,1,0,1,0
314355,1661,0.0,4.0,0.0,24,5,2,3,22,0,1,1
314628,3624,0.0,3.0,1.0,2,1,1,1,1,0,1,0
31484,4281,0.0,3.0,1.0,31,2,1,6,28,0,1,2
315042,798,0.0,0.0,0.0,3,1,1,2,2,0,1,0
315247,4361,0.0,5.0,0.0,3,1,1,1,2,0,1,0
315415,514,0.0,4.0,1.0,2,1,1,1,1,0,1,0
315508,2981,0.0,4.0,0.0,5,1,1,1,4,0,1,0
31572,798,0.0,3.0,0.0,1,1,1,1,0,0,1,0
315724,432,0.0,3.0,1.0,3,1,1,2,1,0,1,1
315746,2403,0.0,4.0,0.0,23,12,1,3,21,0,2,0
316324,1738,0.0,3.0,0.0,4,3,2,3,3,0,1,0
3174,2928,0.0,0.0,0.0,8,1,1,2,7,0,1,0
317730,2403,0.0,3.0,0.0,11,9,3,1,10,0,1,0
317805,3624,0.0,2.0,0.0,7,3,2,1,6,0,1,0
317856,3370,0.0,4.0,0.0,4,2,2,1,2,0,2,0
318228,2569,0.0,3.0,0.0,1,1,1,1,0,0,1,0
319850,1890,0.0,4.0,0.0,2,1,1,1,1,0,1,0
319967,2776,0.0,0.0,0.0,2,2,1,1,0,0,2,0
319973,1393,0.0,3.0,0.0,8,6,5,4,7,0,1,0
32004,1203,0.0,5.0,0.0,3,1,1,1,2,0,1,0
320692,2144,0.0,3.0,1.0,6,2,1,2,5,0,1,0
320838,1816,0.0,0.0,1.0,10,2,1,2,8,0,1,1
321160,2928,0.0,5.0,1.0,9,1,1,1,8,0,1,0
32124,3433,0.0,4.0,0.0,14,2,2,2,11,0,1,2
321746,437,0.0,4.0,1.0,6,3,1,2,5,0,1,0
322137,2184,0.0,4.0,0.0,18,5,2,3,14,0,4,0
322270,4463,0.0,4.0,0.0,11,3,1,1,10,0,1,0
323028,1310,0.0,3.0,0.0,4,2,1,2,3,0,1,0
323339,760,0.0,4.0,1.0,4,1,1,1,3,0,1,0
323523,587,0.0,5.0,0.0,3,1,1,1,2,0,1,0
323751,350,0.0,5.0,0.0,6,1,1,1,5,0,1,0
32414,412,0.0,3.0,0.0,52,9,4,2,50,0,2,0
324334,1978,0.0,2.0,0.0,6,2,1,2,5,0,1,0
32461,1342,0.0,0.0,0.0,6,1,1,2,5,0,1,0
324798,1470,0.0,3.0,0.0,12,1,1,3,11,0,1,0
325355,4256,0.0,0.0,0.0,28,9,3,2,23,0,2,3
32560,742,0.0,6.0,0.0,3,1,1,1,2,0,1,0
325768,4305,0.0,4.0,0.0,13,6,3,2,10,0,2,1
325783,2721,0.0,3.0,1.0,52,19,3,8,51,0,1,0
32586,4044,0.0,2.0,1.0,30,16,4,2,29,0,1,0
326149,3936,0.0,3.0,1.0,3,1,1,3,2,0,1,0
326932,4186,0.0,3.0,0.0,3,1,1,1,2,0,1,0
327022,1742,0.0,0.0,0.0,19,5,1,3,17,0,1,1
327168,4966,0.0,4.0,2.0,2,2,2,1,0,0,2,0
327245,2167,0.0,6.0,0.0,4,1,1,2,2,0,1,1
327788,1408,0.0,0.0,0.0,3,1,1,1,2,0,1,0
328339,2821,0.0,0.0,0.0,4,1,1,1,3,0,1,0
329127,4618,0.0,4.0,0.0,6,1,1,4,5,0,1,0
330081,3274,0.0,4.0,0.0,2,1,1,1,1,0,1,0
330165,1393,0.0,7.0,1.0,2,1,1,2,1,0,1,0
330627,2108,0.0,3.0,0.0,2,1,1,1,1,0,1,0
331034,2952,0.0,3.0,0.0,7,1,1,1,5,0,1,1
331065,4662,0.0,3.0,1.0,1,1,1,1,0,0,1,0
331424,4775,1.0,6.0,0.0,15,5,2,5,14,0,1,0
331794,1487,0.0,0.0,0.0,4,1,1,1,3,0,1,0
332093,1816,0.0,3.0,1.0,7,5,2,1,6,0,1,0
332482,2403,1.0,3.0,0.0,136,60,4,3,126,0,9,1
332923,4938,1.0,0.0,0.0,13,1,1,1,12,0,1,0
333135,1393,0.0,0.0,0.0,14,10,5,1,13,0,1,0
333263,2545,0.0,3.0,1.0,29,18,7,4,27,0,2,0
333311,1356,0.0,7.0,0.0,1,1,1,1,0,0,1,0
333553,296,0.0,4.0,0.0,2,1,1,1,1,0,1,0
334238,742,0.0,3.0,0.0,3,1,1,1,2,0,1,0
334514,437,0.0,8.0,0.0,24,13,3,3,23,0,1,0
334563,3567,0.0,0.0,0.0,17,8,1,2,15,0,1,1
334953,2473,0.0,5.0,1.0,9,2,2,1,8,0,1,0
335209,2592,0.0,3.0,1.0,9,2,2,1,8,0,1,0
335454,684,0.0,3.0,0.0,6,3,1,1,5,0,1,0
335570,2273,0.0,3.0,1.0,1,1,1,1,0,0,1,0
335673,4049,0.0,3.0,2.0,7,3,2,2,6,0,1,0
335726,598,0.0,3.0,1.0,5,1,1,2,3,0,1,1
336015,2072,0.0,2.0,0.0,3,1,1,3,0,0,1,2
336103,1457,0.0,2.0,0.0,69,8,2,1,66,0,3,0
336368,4605,0.0,6.0,1.0,2,1,1,1,1,0,1,0
336497,4280,0.0,3.0,0.0,7,2,1,1,5,0,1,1
336564,4463,0.0,3.0,0.0,14,1,1,2,13,0,1,0
336660,4121,0.0,3.0,0.0,7,2,2,1,4,0,3,0
336680,120,0.0,4.0,0.0,4,1,1,2,3,0,1,0
33772,323,0.0,6.0,0.0,7,4,1,2,6,0,1,0
337762,2325,0.0,2.0,0.0,2,1,1,2,0,0,1,1
338177,4540,0.0,6.0,0.0,1,1,1,1,0,0,1,0
338564,3205,0.0,6.0,0.0,12,8,2,1,3,0,1,8
338567,323,0.0,5.0,0.0,4,2,1,2,3,0,1,0
338786,3623,0.0,3.0,0.0,15,6,2,2,14,0,1,0
339003,608,0.0,0.0,0.0,5,1,1,2,4,0,1,0
339582,4256,0.0,4.0,0.0,11,1,1,5,9,0,2,0
341047,2856,0.0,0.0,0.0,1,1,1,1,0,0,1,0
341271,3828,0.0,5.0,0.0,17,12,6,3,16,0,1,0
341481,4650,0.0,0.0,0.0,2,2,2,1,0,0,2,0
341498,4933,0.0,3.0,0.0,6,2,1,2,5,0,1,0
341681,4044,0.0,4.0,0.0,31,19,8,3,27,0,1,3
342202,4044,0.0,2.0,0.0,26,10,6,4,18,0,2,6
342284,606,0.0,7.0,1.0,1,1,1,1,0,0,1,0
342336,2066,0.0,0.0,0.0,9,5,1,2,7,0,1,1
343785,1755,0.0,2.0,0.0,2,1,1,2,0,0,1,1
343790,4282,0.0,5.0,0.0,14,10,6,2,13,0,1,0
344128,426,0.0,2.0,0.0,3,2,1,1,2,0,1,0
344444,1102,0.0,4.0,0.0,1,1,1,1,0,0,1,0
345107,4048,0.0,0.0,0.0,1,1,1,1,0,0,1,0
345462,1978,0.0,5.0,1.0,5,5,2,2,2,0,3,0
345932,845,0.0,3.0,1.0,1,1,1,1,0,0,1,0
346952,3734,0.0,6.0,0.0,3,2,2,3,2,0,1,0
347762,4499,0.0,2.0,0.0,7,2,1,1,6,0,1,0
348198,3161,0.0,6.0,0.0,3,2,2,2,2,0,1,0
348246,374,0.0,3.0,0.0,23,3,1,5,19,0,1,3
3490,4976,0.0,0.0,0.0,2,1,1,1,1,0,1,0
349098,4079,0.0,3.0,0.0,3,1,1,1,2,0,1,0
349538,3640,0.0,2.0,0.0,2,1,1,1,1,0,1,0
349743,960,0.0,0.0,1.0,9,2,1,4,8,0,1,0
349847,2821,0.0,0.0,0.0,1,1,1,1,0,0,1,0
349994,293,0.0,3.0,0.0,4,1,1,1,2,0,2,0
350623,2900,0.0,3.0,0.0,4,1,1,1,3,0,1,0
350683,1330,1.0,4.0,2.0,4,1,1,1,3,0,1,0
351152,3828,0.0,4.0,0.0,4,3,2,2,3,0,1,0
35140,4048,0.0,2.0,1.0,10,2,1,4,5,0,2,3
352116,1263,0.0,4.0,0.0,29,10,1,2,26,0,3,0
35222,23,0.0,4.0,0.0,9,1,1,1,8,0,1,0
35272,3609,0.0,3.0,1.0,8,4,2,2,7,0,1,0
35322,1564,0.0,5.0,2.0,2,1,1,1,1,0,1,0
353398,1485,0.0,2.0,0.0,23,10,2,5,19,0,2,2
35356,66,0.0,3.0,0.0,9,5,1,2,8,0,1,0
353614,586,0.0,0.0,0.0,2,1,1,1,1,0,1,0
353796,4768,0.0,4.0,0.0,40,26,3,3,39,0,1,0
353887,1487,0.0,0.0,1.0,9,6,1,3,8,0,1,0
354000,1890,0.0,4.0,0.0,28,7,1,3,27,0,1,0
354187,1408,0.0,3.0,1.0,1,1,1,1,0,0,1,0
354501,4178,0.0,5.0,1.0,4,1,1,2,3,0,1,0
355389,1900,0.0,3.0,0.0,4,2,1,1,3,0,1,0
355947,3549,0.0,6.0,0.0,1,1,1,1,0,0,1,0
356519,671,0.0,0.0,0.0,3,2,2,1,2,0,1,0
356707,4143,1.0,7.0,0.0,55,37,6,9,50,0,2,3
356710,3822,0.0,4.0,0.0,6,3,2,1,5,0,1,0
356855,1861,0.0,4.0,1.0,3,1,1,1,2,0,1,0
357293,3022,0.0,0.0,0.0,2,1,1,1,1,0,1,0
357453,4090,0.0,0.0,0.0,5,1,1,2,4,0,1,0
357749,1719,0.0,0.0,0.0,5,1,1,2,4,0,1,0
357755,4427,0.0,7.0,0.0,9,1,1,2,8,0,1,0
3589,1833,0.0,4.0,1.0,17,5,1,5,14,1,2,0
359013,1272,0.0,0.0,0.0,51,16,5,14,50,0,1,0
359202,4871,0.0,4.0,0.0,7,3,2,1,5,0,2,0
359537,3102,0.0,3.0,0.0,56,13,7,10,47,0,1,8
359723,4536,0.0,3.0,1.0,4,1,1,1,3,0,1,0
359724,4558,0.0,4.0,0.0,1,1,1,1,0,0,1,0
359987,4282,0.0,2.0,0.0,5,1,1,1,4,0,1,0
360136,1049,0.0,5.0,1.0,12,4,3,1,8,0,4,0
360781,2459,0.0,0.0,0.0,19,11,3,4,16,0,1,2
360874,798,0.0,2.0,0.0,12,5,4,2,10,0,2,0
360881,3828,0.0,2.0,0.0,15,10,8,1,13,0,2,0
361096,1472,0.0,4.0,0.0,1,1,1,1,0,0,1,0
361175,625,0.0,4.0,0.0,8,3,1,1,5,0,3,0
361500,437,0.0,4.0,0.0,37,16,1,1,36,0,1,0
361536,3319,0.0,4.0,1.0,2,1,1,1,1,0,1,0
361614,1916,1.0,4.0,0.0,9,4,1,2,7,0,1,1
361922,1608,0.0,0.0,1.0,8,1,1,3,7,0,1,0
361945,586,0.0,4.0,1.0,3,1,1,1,2,0,1,0
362137,63,0.0,6.0,0.0,2,1,1,1,1,0,1,0
362404,962,0.0,7.0,0.0,33,15,8,3,31,0,2,0
36257,1031,0.0,0.0,1.0,4,2,1,1,3,0,1,0
363069,1028,0.0,5.0,0.0,6,1,1,1,5,0,1,0
363191,606,0.0,4.0,0.0,9,4,4,6,7,0,1,1
364146,191,0.0,3.0,0.0,8,2,2,4,6,0,1,1
364221,2856,0.0,5.0,1.0,6,2,1,3,5,0,1,0
364405,3623,0.0,0.0,0.0,1,1,1,1,0,0,1,0
364511,3432,0.0,3.0,0.0,2,1,1,2,1,0,1,0
364989,839,0.0,0.0,0.0,11,3,2,2,9,0,2,0
365341,3319,0.0,4.0,0.0,1,1,1,1,0,0,1,0
365879,4468,0.0,0.0,0.0,7,2,1,1,6,0,1,0
366261,4864,0.0,0.0,0.0,9,1,1,1,8,0,1,0
366554,3159,0.0,4.0,0.0,6,5,2,2,3,0,3,0
366815,4705,0.0,3.0,0.0,4,2,2,1,3,0,1,0
366833,4879,0.0,7.0,0.0,23,7,2,1,22,0,1,0
367004,715,0.0,6.0,0.0,6,3,1,1,5,0,1,0
36719,3152,0.0,0.0,0.0,4,1,1,1,3,0,1,0
367526,4150,0.0,2.0,0.0,4,1,1,1,3,0,1,0
367537,2505,0.0,4.0,0.0,1,1,1,1,0,0,1,0
367601,2318,0.0,3.0,0.0,13,4,3,3,11,0,1,1
368314,685,0.0,5.0,0.0,25,12,3,2,23,0,2,0
368326,4958,0.0,4.0,1.0,18,12,7,1,17,0,1,0
368513,1134,0.0,3.0,2.0,3,2,2,1,0,0,3,0
368813,3828,0.0,4.0,0.0,5,2,2,2,4,0,1,0
369011,2583,0.0,4.0,0.0,4,1,1,2,3,0,1,0
36908,1999,0.0,5.0,1.0,6,2,1,1,4,0,2,0
369287,1811,0.0,4.0,1.0,10,2,2,3,7,0,2,1
369292,2821,0.0,3.0,1.0,8,2,1,3,7,0,1,0
369615,1704,0.0,5.0,0.0,15,8,1,1,10,0,5,0
37024,1145,0.0,3.0,0.0,4,1,1,1,3,0,1,0
370549,3889,0.0,4.0,1.0,2,1,1,1,1,0,1,0
371174,2031,0.0,2.0,1.0,10,3,1,2,8,0,1,1
371589,2036,0.0,3.0,1.0,3,1,1,1,2,0,1,0
371633,2579,0.0,4.0,1.0,5,2,2,3,3,0,2,0
371703,3102,0.0,0.0,0.0,10,1,1,1,9,0,1,0
371733,4848,0.0,4.0,0.0,6,3,1,3,5,0,1,0
371973,3173,0.0,4.0,0.0,6,4,1,1,4,0,2,0
372467,3952,0.0,0.0,0.0,3,1,1,1,2,0,1,0
372478,3173,0.0,3.0,1.0,5,1,1,1,3,0,2,0
37271,3152,0.0,0.0,1.0,6,3,1,1,4,0,2,0
372784,3195,0.0,0.0,null,1,1,1,1,0,0,1,0
373255,503,0.0,4.0,0.0,5,2,2,1,4,0,1,0
373618,159,0.0,5.0,0.0,14,6,4,5,13,0,1,0
374608,684,0.0,6.0,0.0,14,5,4,3,11,0,3,0
374856,4966,0.0,5.0,0.0,13,7,5,1,10,0,3,0
375079,547,0.0,3.0,1.0,5,1,1,2,4,0,1,0
375220,1923,0.0,3.0,0.0,18,12,2,2,17,0,1,0
375552,4173,0.0,0.0,0.0,27,16,4,1,25,0,2,0
375667,2318,0.0,2.0,1.0,13,1,1,5,11,0,1,1
375745,168,0.0,4.0,2.0,8,5,2,1,4,0,4,0
375893,1203,0.0,0.0,0.0,24,13,4,1,23,0,1,0
376110,4079,0.0,6.0,0.0,4,2,1,1,3,0,1,0
376270,2916,0.0,3.0,1.0,2,1,1,1,1,0,1,0
376597,2565,0.0,0.0,0.0,29,16,1,1,27,0,2,0
376667,3284,0.0,4.0,1.0,1,1,1,1,0,0,1,0
376847,3941,0.0,4.0,0.0,8,3,1,3,7,0,1,0
37710,3288,0.0,3.0,0.0,1,1,1,1,0,0,1,0
377142,4305,0.0,3.0,0.0,2,2,2,1,1,0,1,0
377204,2954,1.0,0.0,0.0,3,2,1,1,2,0,1,0
377419,215,0.0,0.0,0.0,14,5,3,1,13,0,1,0
377435,798,0.0,6.0,0.0,24,7,5,2,23,0,1,0
377510,1861,0.0,4.0,0.0,2,1,1,1,1,0,1,0
377926,606,0.0,3.0,1.0,14,9,6,4,10,0,1,3
378313,234,0.0,0.0,1.0,1,1,1,1,0,0,1,0
378381,141,0.0,3.0,0.0,4,3,3,2,3,0,1,0
378466,3734,0.0,0.0,0.0,21,10,6,2,20,0,1,0
378615,4044,0.0,0.0,1.0,17,3,1,4,15,1,1,0
379227,2879,0.0,3.0,1.0,2,1,1,1,1,0,1,0
379758,2193,0.0,2.0,0.0,6,1,1,2,4,0,1,1
379773,1936,1.0,6.0,0.0,6,1,1,3,5,0,1,0
379861,2755,0.0,2.0,0.0,2,1,1,1,1,0,1,0
380368,323,0.0,0.0,0.0,6,2,1,3,5,0,1,0
380478,3170,0.0,3.0,0.0,8,3,1,3,6,0,1,1
382006,2031,0.0,3.0,1.0,2,1,1,1,1,0,1,0
382062,326,0.0,4.0,0.0,2,1,1,1,1,0,1,0
382098,148,0.0,0.0,1.0,3,1,1,1,1,0,2,0
382127,1203,0.0,5.0,1.0,5,4,3,3,4,0,1,0
382345,2173,0.0,0.0,0.0,6,2,1,3,5,0,1,0
382376,4444,0.0,4.0,1.0,5,5,1,1,3,0,2,0
382389,574,0.0,3.0,1.0,9,5,1,1,8,0,1,0
382570,314,0.0,3.0,0.0,1,1,1,1,0,0,1,0
382667,826,0.0,4.0,0.0,3,1,1,1,2,0,1,0
383755,2972,0.0,3.0,0.0,11,3,2,2,10,0,1,0
384275,1102,0.0,3.0,0.0,18,4,2,4,17,0,1,0
38444,2699,0.0,2.0,1.0,3,1,1,2,2,0,1,0
384685,1495,0.0,0.0,1.0,17,3,1,1,16,0,1,0
38495,2403,0.0,4.0,2.0,16,9,1,2,13,0,3,0
385337,2857,0.0,4.0,1.0,5,2,1,1,3,0,2,0
385834,4427,0.0,0.0,1.0,8,2,2,2,7,0,1,0
385922,2459,0.0,3.0,0.0,6,3,2,2,5,0,1,0
385930,2052,0.0,3.0,1.0,1,1,1,1,0,0,1,0
387188,1393,0.0,6.0,0.0,20,7,4,2,19,0,1,0
387370,4129,0.0,3.0,0.0,7,5,2,2,6,0,1,0
387722,3350,0.0,4.0,1.0,2,2,1,2,1,0,1,0
387862,915,0.0,5.0,0.0,13,5,4,1,12,0,1,0
388029,1916,0.0,0.0,0.0,1,1,1,1,0,0,1,0
388060,4042,0.0,4.0,1.0,8,3,2,3,5,0,3,0
388293,630,0.0,6.0,0.0,28,3,3,1,26,0,2,0
388607,4783,0.0,3.0,0.0,5,1,1,1,4,0,1,0
388911,310,0.0,3.0,0.0,8,6,2,1,7,0,1,0
389393,2284,0.0,3.0,0.0,9,3,1,3,8,0,1,0
389406,2669,0.0,0.0,0.0,13,5,5,3,10,0,1,2
389933,2031,0.0,4.0,1.0,12,4,1,3,10,0,1,1
390,1346,0.0,4.0,0.0,1,1,1,1,0,0,1,0
390116,257,0.0,2.0,0.0,12,3,1,3,11,0,1,0
390530,323,0.0,6.0,0.0,5,2,1,1,4,0,1,0
39097,1073,0.0,0.0,0.0,4,1,1,3,2,0,1,1
391055,3173,0.0,5.0,1.0,17,7,2,1,15,0,2,0
391399,4966,0.0,3.0,0.0,1,1,1,1,0,0,1,0
391455,598,0.0,3.0,1.0,2,1,1,1,1,0,1,0
391730,1736,0.0,0.0,0.0,13,3,1,2,11,0,1,1
391938,1049,0.0,2.0,1.0,18,5,3,2,17,0,1,0
392171,4871,0.0,3.0,1.0,3,2,2,2,2,0,1,0
392189,3148,0.0,6.0,0.0,29,13,3,1,28,0,1,0
392298,4768,0.0,0.0,0.0,5,5,2,2,4,0,1,0
392848,2562,0.0,2.0,0.0,1,1,1,1,0,0,1,0
393146,2721,0.0,0.0,0.0,23,3,1,4,21,0,1,1
393338,1096,0.0,6.0,1.0,4,1,1,1,3,0,1,0
393573,598,0.0,2.0,0.0,4,3,2,1,3,0,1,0
39364,4693,0.0,null,null,7,5,1,1,6,0,1,0
394429,121,1.0,0.0,0.0,18,11,3,1,15,0,3,0
394716,2681,0.0,3.0,1.0,1,1,1,1,0,0,1,0
394722,2036,0.0,0.0,0.0,1,1,1,1,0,0,1,0
394803,1833,0.0,3.0,1.0,31,15,5,2,27,0,4,0
395036,3171,0.0,0.0,0.0,6,1,1,1,4,0,1,1
395982,4173,1.0,3.0,0.0,106,49,6,8,104,0,1,1
396348,1393,0.0,0.0,0.0,10,3,1,2,9,0,1,0
396752,3062,0.0,5.0,0.0,5,1,1,1,4,0,1,0
396843,4491,0.0,0.0,0.0,5,1,1,2,4,0,1,0
396975,3108,0.0,3.0,0.0,7,1,1,2,6,0,1,0
397394,4173,0.0,3.0,0.0,29,12,4,3,24,4,1,0
397846,1353,0.0,3.0,1.0,6,2,1,1,5,0,1,0
398464,4760,0.0,4.0,0.0,6,2,2,3,5,0,1,0
398718,1103,1.0,4.0,0.0,1,1,1,1,0,0,1,0
399464,742,0.0,3.0,1.0,1,1,1,1,0,0,1,0
399658,4287,0.0,5.0,0.0,3,2,2,1,2,0,1,0
400005,3152,0.0,6.0,0.0,23,3,1,3,18,0,5,0
400170,4554,0.0,4.0,1.0,42,16,5,13,41,0,1,0
400198,2928,0.0,5.0,1.0,6,1,1,3,5,0,1,0
400668,4287,0.0,4.0,1.0,14,9,4,3,13,0,1,0
400814,434,0.0,0.0,0.0,11,2,1,2,9,0,1,1
400863,1602,0.0,4.0,0.0,1,1,1,1,0,0,1,0
401126,1840,0.0,4.0,1.0,14,3,1,2,9,0,4,1
401150,4427,0.0,0.0,0.0,6,2,1,1,5,0,1,0
40120,845,0.0,3.0,0.0,3,2,1,1,2,0,1,0
402163,1203,0.0,4.0,1.0,7,1,1,1,6,0,1,0
402285,2515,0.0,null,null,13,3,1,4,12,0,1,0
402335,4494,0.0,2.0,0.0,2,1,1,1,1,0,1,0
402444,685,0.0,4.0,1.0,4,1,1,1,3,0,1,0
402572,2615,0.0,4.0,1.0,10,4,1,3,6,0,1,3
403375,740,0.0,5.0,1.0,1,1,1,1,0,0,1,0
404648,3769,0.0,4.0,0.0,13,1,1,3,11,0,1,1
40493,4022,0.0,3.0,2.0,2,2,2,1,0,0,1,1
405545,3835,0.0,5.0,0.0,11,3,3,1,10,0,1,0
406223,152,0.0,3.0,1.0,13,7,2,1,12,0,1,0
406568,1861,0.0,3.0,1.0,2,1,1,1,0,0,2,0
406993,798,0.0,2.0,0.0,9,4,2,1,8,0,1,0
407916,946,0.0,5.0,0.0,11,8,3,1,8,0,3,0
410222,1875,0.0,5.0,0.0,12,7,1,1,8,0,4,0
410554,3230,0.0,4.0,0.0,4,1,1,1,3,0,1,0
410592,3022,0.0,3.0,1.0,5,2,1,2,4,0,1,0
410635,467,0.0,3.0,0.0,2,1,1,1,1,0,1,0
410723,361,0.0,3.0,0.0,53,9,3,4,50,0,1,2
41129,3828,0.0,4.0,0.0,4,1,1,1,3,0,1,0
411614,1592,0.0,0.0,0.0,15,2,2,1,14,0,1,0
41168,4044,0.0,4.0,1.0,15,12,6,2,14,0,1,0
411694,3667,0.0,0.0,0.0,5,2,1,1,3,0,2,0
411879,4760,0.0,0.0,1.0,43,14,5,1,38,0,3,2
412223,4265,0.0,4.0,0.0,24,21,6,2,19,0,5,0
41275,2636,0.0,0.0,0.0,16,2,1,3,15,0,1,0
412963,963,0.0,4.0,1.0,20,10,2,1,19,0,1,0
413048,2821,0.0,0.0,0.0,14,5,1,1,10,0,1,3
413068,4864,0.0,5.0,1.0,9,3,2,1,7,0,2,0
413981,2055,0.0,4.0,0.0,17,9,2,1,16,0,1,0
41422,1020,0.0,0.0,0.0,5,1,1,1,3,1,1,0
414464,4976,0.0,4.0,0.0,17,12,3,1,14,0,3,0
414902,3350,0.0,0.0,0.0,9,4,1,1,8,0,1,0
415675,3472,0.0,6.0,0.0,11,2,2,1,9,0,2,0
415991,2565,0.0,6.0,1.0,11,3,2,2,9,0,1,1
416001,3828,0.0,3.0,0.0,18,9,8,3,15,2,1,0
416066,474,0.0,4.0,0.0,9,7,6,2,4,0,5,0
416202,1102,0.0,4.0,0.0,24,18,7,6,20,0,4,0
416308,3966,0.0,6.0,0.0,4,1,1,1,3,0,1,0
416519,1496,0.0,0.0,0.0,3,1,1,1,2,0,1,0
416761,1923,0.0,6.0,0.0,2,1,1,1,1,0,1,0
416850,2193,0.0,3.0,0.0,27,7,3,1,24,0,3,0
416916,1585,1.0,5.0,0.0,38,15,5,4,30,0,8,0
417316,4394,1.0,6.0,0.0,51,19,2,2,48,0,2,1
417618,3471,0.0,6.0,0.0,4,2,1,1,3,0,1,0
417931,4919,0.0,0.0,1.0,16,6,2,3,14,0,1,1
418138,3500,1.0,0.0,0.0,4,1,1,1,3,0,1,0
418154,2537,0.0,3.0,0.0,10,4,2,2,8,0,2,0
418719,4932,0.0,4.0,null,4,2,1,3,2,0,1,1
419059,4942,0.0,4.0,0.0,7,1,1,1,6,0,1,0
419245,4475,0.0,2.0,0.0,1,1,1,1,0,0,1,0
419566,114,0.0,2.0,0.0,22,5,2,3,20,0,1,1
41976,2569,1.0,5.0,0.0,6,6,2,2,4,0,2,0
42004,2124,0.0,6.0,1.0,10,3,1,1,9,0,1,0
420119,861,0.0,5.0,1.0,6,3,1,3,4,0,1,1
42055,2193,0.0,3.0,0.0,1,1,1,1,0,0,1,0
420728,1678,0.0,0.0,0.0,22,4,1,2,19,0,3,0
420950,98,0.0,3.0,0.0,14,4,3,2,11,0,2,1
421597,3501,0.0,0.0,1.0,10,6,4,2,9,0,1,0
42170,817,0.0,6.0,0.0,5,1,1,2,3,0,1,1
422156,3236,0.0,3.0,0.0,12,3,1,2,11,0,1,0
422221,1371,0.0,3.0,0.0,3,1,1,2,2,0,1,0
422844,2821,0.0,3.0,0.0,43,15,6,3,38,0,5,0
423361,3098,0.0,0.0,0.0,4,1,1,1,3,0,1,0
423548,588,0.0,0.0,0.0,3,1,1,2,2,0,1,0
423672,4760,0.0,3.0,0.0,1,1,1,1,0,0,1,0
424087,2545,0.0,2.0,1.0,95,18,6,2,93,0,2,0
424157,4079,0.0,3.0,0.0,1,1,1,1,0,0,1,0
43633,1132,0.0,0.0,1.0,5,1,1,1,4,0,1,0
43789,104,0.0,6.0,0.0,4,1,1,2,3,0,1,0
43935,4079,0.0,2.0,1.0,12,2,1,1,5,0,7,0
44077,4536,0.0,3.0,0.0,22,10,1,2,20,0,1,1
44380,2935,0.0,4.0,0.0,4,2,1,1,3,0,1,0
44402,3898,0.0,2.0,0.0,3,1,1,1,2,0,1,0
44512,1514,0.0,6.0,0.0,6,2,1,3,4,0,1,1
44644,4221,0.0,2.0,0.0,31,16,2,2,28,0,2,1
44956,3085,0.0,0.0,0.0,12,9,3,1,10,0,2,0
45027,326,0.0,2.0,1.0,20,3,1,4,19,0,1,0
45176,2639,0.0,5.0,0.0,10,7,6,1,8,0,2,0
45176,4079,0.0,5.0,0.0,7,5,3,1,5,0,2,0
45338,4871,0.0,7.0,1.0,5,1,1,2,3,0,2,0
4586,4860,0.0,0.0,0.0,17,3,1,2,15,0,2,0
4611,3476,0.0,4.0,1.0,6,3,3,2,4,0,2,0
46168,729,0.0,2.0,0.0,1,1,1,1,0,0,1,0
46243,1393,0.0,4.0,0.0,34,27,10,4,31,0,2,1
47128,1056,0.0,3.0,0.0,15,6,4,2,13,0,1,1
4714,1330,0.0,0.0,0.0,19,4,1,2,18,0,1,0
47335,4610,0.0,5.0,0.0,2,1,1,1,1,0,1,0
47450,1031,0.0,3.0,0.0,59,6,1,7,57,0,2,0
47559,3022,0.0,6.0,0.0,1,1,1,1,0,0,1,0
47901,3356,0.0,0.0,0.0,2,1,1,2,0,0,1,1
48355,3766,0.0,3.0,1.0,5,4,3,1,1,0,4,0
49044,4079,0.0,2.0,0.0,2,1,1,1,1,0,1,0
49305,1572,0.0,0.0,0.0,1,1,1,1,0,0,1,0
49365,4173,0.0,3.0,0.0,27,21,7,3,26,0,1,0
50307,2592,0.0,4.0,1.0,2,1,1,1,1,0,1,0
50312,4385,0.0,0.0,0.0,35,19,2,1,33,0,2,0
50744,2149,0.0,0.0,0.0,19,4,1,3,14,4,1,0
51079,4966,0.0,0.0,0.0,1,1,1,1,0,0,1,0
51783,1916,0.0,5.0,0.0,7,3,1,1,4,0,3,0
52035,200,0.0,2.0,0.0,4,1,1,2,2,0,1,1
52157,1892,0.0,3.0,0.0,8,7,4,2,5,0,3,0
52463,1968,0.0,0.0,0.0,2,1,1,1,1,0,1,0
54157,1968,0.0,0.0,0.0,5,1,1,1,4,0,1,0
55307,951,0.0,6.0,0.0,3,2,1,1,2,0,1,0
55389,2981,0.0,2.0,0.0,5,1,1,2,3,0,1,1
5598,2180,0.0,5.0,0.0,10,6,2,2,9,0,1,0
56201,3166,0.0,0.0,1.0,5,1,1,1,4,0,1,0
5722,3854,0.0,4.0,0.0,3,1,1,1,2,0,1,0
5728,1102,0.0,0.0,0.0,51,14,3,3,50,0,1,0
57314,606,0.0,4.0,1.0,6,2,2,1,5,0,1,0
57724,3278,0.0,3.0,0.0,2,1,1,2,1,0,1,0
57889,4173,0.0,4.0,0.0,5,2,2,3,4,0,1,0
57999,4305,0.0,3.0,0.0,1,1,1,1,0,0,1,0
58204,598,0.0,0.0,null,14,6,3,2,13,0,1,0
58210,835,0.0,5.0,1.0,2,1,1,1,0,0,2,0
58555,1910,0.0,3.0,0.0,6,3,2,2,5,0,1,0
58878,1203,1.0,5.0,0.0,24,11,7,1,15,0,4,5
59364,2066,0.0,4.0,0.0,1,1,1,1,0,0,1,0
60129,1356,0.0,4.0,0.0,6,2,1,3,5,0,1,0
6028,4388,0.0,6.0,2.0,3,1,1,1,2,0,1,0
60811,563,0.0,0.0,0.0,5,1,1,1,2,0,3,0
61542,1186,0.0,0.0,1.0,12,2,2,2,9,1,2,0
61621,522,0.0,0.0,0.0,3,1,1,1,2,0,1,0
62133,2450,0.0,0.0,0.0,1,1,1,1,0,0,1,0
62188,1272,0.0,0.0,0.0,3,1,1,1,2,0,1,0
62308,3862,0.0,3.0,1.0,3,2,1,2,1,0,1,1
62416,2002,0.0,2.0,0.0,2,1,1,1,1,0,1,0
62739,639,0.0,4.0,0.0,6,3,1,1,5,0,1,0
62822,1379,0.0,4.0,1.0,2,2,1,1,0,0,2,0
63438,4316,0.0,4.0,0.0,6,1,1,2,4,0,1,1
63595,4183,0.0,2.0,0.0,9,2,1,3,8,0,1,0
63614,2824,0.0,0.0,1.0,2,1,1,1,1,0,1,0
63650,963,0.0,6.0,1.0,10,4,3,4,8,0,1,1
63692,1512,0.0,3.0,0.0,12,2,1,3,11,0,1,0
64185,1356,0.0,3.0,0.0,2,1,1,1,1,0,1,0
64950,4728,0.0,3.0,0.0,11,1,1,2,10,0,1,0
65047,3826,0.0,2.0,0.0,1,1,1,1,0,0,1,0
65092,742,0.0,0.0,0.0,1,1,1,1,0,0,1,0
6553,3433,0.0,0.0,0.0,6,1,1,2,5,0,1,0
65830,1673,0.0,3.0,0.0,25,4,1,8,22,0,1,2
66061,1425,1.0,5.0,0.0,2,1,1,1,1,0,1,0
66166,4871,0.0,4.0,0.0,7,5,1,1,6,0,1,0
6655,1892,0.0,4.0,0.0,37,22,8,4,29,1,7,0
66651,459,0.0,7.0,0.0,12,4,1,3,11,0,1,0
6701,861,0.0,2.0,1.0,3,1,1,1,2,0,1,0
67137,1526,0.0,2.0,0.0,3,2,2,1,2,0,1,0
67232,3828,0.0,0.0,0.0,7,4,1,1,6,0,1,0
67296,2390,0.0,5.0,0.0,5,3,1,2,4,0,1,0
67471,13,0.0,6.0,0.0,2,1,1,1,1,0,1,0
67840,4992,0.0,4.0,1.0,6,2,1,1,5,0,1,0
68138,437,0.0,0.0,0.0,10,2,1,4,9,0,1,0
68167,879,0.0,4.0,1.0,2,1,1,1,1,0,1,0
6869,148,0.0,3.0,1.0,2,1,1,1,1,0,1,0
68852,2128,0.0,3.0,0.0,3,1,1,2,1,0,1,1
68925,3609,0.0,3.0,0.0,20,6,2,2,19,0,1,0
69269,1484,0.0,6.0,0.0,4,1,1,1,3,0,1,0
69423,1892,0.0,5.0,0.0,15,9,6,2,13,0,2,0
69565,2318,0.0,3.0,0.0,4,1,1,1,3,0,1,0
69636,381,0.0,3.0,0.0,3,1,1,1,2,0,1,0
69744,2154,0.0,3.0,0.0,2,1,1,1,1,0,1,0
69758,2036,0.0,4.0,0.0,3,1,1,1,2,0,1,0
69827,2187,0.0,0.0,0.0,4,1,1,2,3,0,1,0
69938,3828,0.0,0.0,0.0,5,2,1,2,4,0,1,0
69958,3828,0.0,7.0,0.0,70,25,10,7,64,0,6,0
69988,798,0.0,3.0,0.0,8,3,1,2,6,0,1,1
70436,4718,0.0,4.0,0.0,66,28,8,1,63,0,3,0
70900,1131,0.0,3.0,0.0,20,10,5,4,17,0,1,2
71184,3586,0.0,3.0,0.0,5,1,1,1,4,0,1,0
71239,4545,0.0,0.0,0.0,17,6,1,1,15,0,2,0
71672,1720,0.0,0.0,0.0,14,6,2,2,13,0,1,0
71855,1742,0.0,3.0,0.0,6,3,1,3,5,0,1,0
71868,479,0.0,3.0,0.0,3,1,1,1,2,0,1,0
72019,905,0.0,4.0,0.0,5,2,1,1,4,0,1,0
72108,1050,0.0,3.0,0.0,9,2,2,2,7,1,1,0
72627,3205,0.0,3.0,0.0,6,1,1,2,4,0,1,1
72658,2102,0.0,3.0,0.0,4,2,1,1,3,0,1,0
7292,4976,1.0,3.0,0.0,9,4,2,2,3,0,2,4
73206,1861,0.0,5.0,0.0,26,10,2,1,17,0,9,0
7486,3170,0.0,4.0,0.0,16,8,3,3,13,0,3,0
75132,4354,0.0,0.0,0.0,7,4,2,2,5,0,1,1
75158,1704,0.0,3.0,0.0,19,7,1,3,18,0,1,0
7542,1203,0.0,0.0,1.0,5,2,1,1,4,0,1,0
76148,1632,0.0,3.0,0.0,8,4,1,1,7,0,1,0
76529,4044,1.0,0.0,0.0,9,4,3,2,7,0,1,1
76795,962,0.0,5.0,1.0,3,1,1,1,2,0,1,0
7748,3986,0.0,3.0,0.0,5,1,1,1,4,0,1,0
77487,625,0.0,0.0,0.0,17,11,1,4,16,0,1,0
77533,630,0.0,0.0,0.0,21,6,3,2,17,2,2,0
77578,2786,0.0,0.0,0.0,1,1,1,1,0,0,1,0
77791,4708,0.0,4.0,0.0,5,1,1,1,4,0,1,0
7796,682,0.0,4.0,0.0,13,6,2,1,9,0,3,1
77965,1102,0.0,3.0,0.0,15,5,3,4,11,0,2,2
78118,1583,0.0,3.0,0.0,1,1,1,1,0,0,1,0
78287,4463,0.0,5.0,0.0,7,1,1,3,6,0,1,0
78375,3457,0.0,5.0,1.0,5,2,2,1,4,0,1,0
7856,2031,0.0,3.0,0.0,7,2,1,1,6,0,1,0
79229,1272,0.0,0.0,1.0,23,9,4,4,22,0,1,0
79432,1963,0.0,3.0,1.0,5,4,1,2,4,0,1,0
79987,1892,0.0,4.0,0.0,2,1,1,1,1,0,1,0
80432,861,0.0,3.0,0.0,2,1,1,2,1,0,1,0
80578,3408,0.0,3.0,0.0,9,1,1,1,8,0,1,0
81417,3402,0.0,3.0,0.0,2,1,1,1,1,0,1,0
815,3092,0.0,3.0,0.0,81,40,3,2,79,0,2,0
82031,4926,0.0,4.0,0.0,20,7,7,2,19,0,1,0
82719,416,0.0,4.0,0.0,10,5,2,2,9,0,1,0
83314,2052,0.0,6.0,1.0,1,1,1,1,0,0,1,0
83528,3472,0.0,6.0,1.0,9,1,1,1,8,0,1,0
83887,4125,0.0,6.0,0.0,17,11,6,1,14,0,3,0
84287,9,0.0,4.0,1.0,18,4,3,2,14,0,1,3
8435,3885,0.0,6.0,1.0,3,1,1,1,2,0,1,0
8473,2217,0.0,2.0,0.0,4,2,1,2,2,0,1,1
84796,191,0.0,0.0,0.0,52,22,9,4,48,0,1,3
85893,3286,0.0,3.0,0.0,8,1,1,1,7,0,1,0
86007,1708,1.0,3.0,1.0,13,5,1,2,11,0,1,1
86065,4605,0.0,3.0,0.0,9,6,3,2,8,0,1,0
86194,590,0.0,2.0,1.0,5,1,1,1,4,0,1,0
86338,3376,0.0,2.0,1.0,2,1,1,1,1,0,1,0
86554,46,0.0,0.0,2.0,3,1,1,1,2,0,1,0
86583,2645,0.0,4.0,1.0,2,1,1,1,1,0,1,0
86729,4705,0.0,4.0,0.0,2,1,1,1,1,0,1,0
86899,1102,0.0,3.0,0.0,32,7,1,4,31,0,1,0
87325,826,0.0,2.0,1.0,2,1,1,1,1,0,1,0
8739,1501,0.0,0.0,0.0,6,3,2,1,5,0,1,0
8743,4044,0.0,0.0,0.0,38,22,8,3,36,0,1,1
87545,2562,0.0,4.0,2.0,2,1,1,2,1,0,1,0
88391,3350,0.0,3.0,1.0,6,3,1,2,3,0,2,1
88454,2318,0.0,4.0,0.0,7,2,1,3,6,0,1,0
88519,2505,0.0,5.0,0.0,7,3,2,1,5,0,2,0
89374,1000,0.0,0.0,0.0,1,1,1,1,0,0,1,0
8948,4044,0.0,0.0,0.0,22,6,3,2,16,0,2,4
8956,2360,0.0,4.0,2.0,17,5,2,1,12,0,5,0
89826,1861,0.0,0.0,0.0,8,4,4,1,7,0,1,0
89831,2545,0.0,7.0,1.0,5,4,1,1,4,0,1,0
89915,3828,0.0,4.0,0.0,4,1,1,2,3,0,1,0
89989,4444,0.0,6.0,1.0,34,13,4,3,33,0,1,0
90447,361,0.0,0.0,0.0,14,8,2,3,13,0,1,0
91139,4955,0.0,6.0,0.0,3,1,1,1,2,0,1,0
91162,4173,0.0,3.0,0.0,10,5,4,2,9,0,1,0
91202,1102,0.0,3.0,0.0,3,1,1,1,2,0,1,0
91352,1102,0.0,7.0,0.0,3,2,1,1,2,0,1,0
92022,941,0.0,3.0,1.0,6,4,1,3,5,0,1,0
92222,3105,0.0,2.0,0.0,2,1,1,1,1,0,1,0
92708,3910,0.0,5.0,0.0,4,2,2,2,3,0,1,0
93070,4724,0.0,4.0,1.0,5,2,1,1,4,0,1,0
93079,3839,1.0,5.0,0.0,8,8,3,3,5,0,3,0
93492,2180,0.0,4.0,0.0,2,1,1,2,1,0,1,0
94240,2918,0.0,3.0,0.0,3,1,1,1,2,0,1,0
9450,586,0.0,4.0,0.0,13,9,4,2,11,0,2,0
95430,4322,1.0,4.0,1.0,11,5,2,2,9,1,1,0
95920,4346,0.0,3.0,1.0,2,1,1,1,1,0,1,0
96053,1760,0.0,2.0,0.0,2,1,1,1,0,0,1,1
96307,300,0.0,0.0,0.0,2,1,1,1,1,0,1,0
97134,320,0.0,3.0,0.0,4,1,1,1,3,0,1,0
97249,606,0.0,3.0,0.0,56,30,8,5,53,0,2,1
97516,2068,0.0,0.0,0.0,4,1,1,1,3,0,1,0
97727,2318,0.0,4.0,1.0,13,3,1,1,12,0,1,0
987,4871,0.0,2.0,0.0,5,2,1,1,4,0,1,0
98721,2824,0.0,3.0,0.0,9,3,2,1,8,0,1,0
99043,4079,0.0,4.0,1.0,3,1,1,1,2,0,1,0
99400,4976,0.0,0.0,0.0,35,17,3,10,28,0,1,6
99414,3734,0.0,0.0,1.0,7,4,4,3,6,0,1,0
99512,2592,0.0,7.0,0.0,2,1,1,1,1,0,1,0
9956,3828,0.0,0.0,1.0,11,5,4,4,9,0,2,0
