100317,1090,1.0,2.0,0.0,14,9,2,2,11,0,2,1
100628,742,0.0,5.0,0.0,3,1,1,1,2,0,1,0
101125,416,0.0,6.0,1.0,2,1,1,1,1,0,1,0
101338,246,0.0,6.0,0.0,4,1,1,1,3,0,1,0
102079,3734,0.0,0.0,1.0,25,8,5,6,23,0,1,1
102159,366,0.0,0.0,0.0,2,1,1,1,1,0,1,0
102237,4966,0.0,4.0,2.0,11,8,5,2,8,0,3,0
10230,4760,0.0,3.0,0.0,7,3,1,1,5,0,2,0
10248,317,0.0,0.0,0.0,1,1,1,1,0,0,1,0
102486,605,0.0,6.0,0.0,3,1,1,1,2,0,1,0
102606,500,0.0,2.0,0.0,8,1,1,2,7,0,1,0
102624,3376,0.0,3.0,1.0,6,1,1,1,5,0,1,0
102845,1470,0.0,7.0,0.0,12,2,2,3,11,0,1,0
1035,1963,0.0,0.0,1.0,5,1,1,1,4,0,1,0
103984,4043,0.0,4.0,0.0,3,1,1,1,2,0,1,0
104005,2954,0.0,4.0,0.0,5,3,2,1,3,0,2,0
104619,1911,0.0,7.0,0.0,14,5,1,2,9,0,1,4
10469,2447,0.0,5.0,0.0,14,1,1,2,13,0,1,0
104851,2900,0.0,3.0,0.0,4,1,1,1,3,0,1,0
105021,1437,0.0,7.0,0.0,2,1,1,1,1,0,1,0
10503,2943,0.0,3.0,0.0,26,7,1,10,22,0,2,2
105113,3173,0.0,4.0,0.0,1,1,1,1,0,0,1,0
105175,1166,0.0,4.0,0.0,4,1,1,1,3,0,1,0
105771,4536,0.0,0.0,0.0,4,1,1,1,3,0,1,0
105817,1978,0.0,2.0,1.0,3,1,1,1,2,0,1,0
106027,2273,0.0,0.0,0.0,18,6,1,5,15,0,1,2
106438,1618,0.0,4.0,0.0,12,4,2,1,11,0,1,0
106832,1585,0.0,0.0,1.0,51,27,8,2,48,0,1,2
106947,1841,0.0,3.0,0.0,30,13,5,4,26,0,1,3
107119,215,0.0,0.0,1.0,4,1,1,1,2,0,1,1
107762,827,0.0,4.0,0.0,1,1,1,1,0,0,1,0
108264,265,0.0,2.0,0.0,7,2,1,2,6,0,1,0
109144,1944,0.0,6.0,0.0,6,3,3,1,5,0,1,0
109150,2891,0.0,5.0,1.0,1,1,1,1,0,0,1,0
109234,215,0.0,2.0,0.0,10,3,2,3,8,0,2,0
109324,625,0.0,3.0,0.0,1,1,1,1,0,0,1,0
109536,3160,0.0,0.0,0.0,18,4,2,3,16,0,2,0
109571,3266,0.0,5.0,1.0,1,1,1,1,0,0,1,0
109591,4079,0.0,6.0,1.0,3,1,1,2,2,0,1,0
109794,3073,0.0,5.0,0.0,1,1,1,1,0,0,1,0
109817,4966,0.0,4.0,2.0,8,7,5,1,3,0,5,0
111013,2698,0.0,3.0,0.0,25,13,1,2,20,0,1,4
111149,1067,0.0,4.0,0.0,8,4,1,1,7,0,1,0
111644,1738,0.0,0.0,0.0,21,10,3,6,18,0,1,2
111870,4508,0.0,5.0,0.0,3,1,1,1,2,0,1,0
112733,408,0.0,0.0,0.0,5,1,1,1,4,0,1,0
113466,2700,0.0,2.0,0.0,14,8,2,2,12,0,1,1
113605,862,1.0,0.0,0.0,10,6,2,1,7,0,3,0
113979,3319,0.0,3.0,2.0,6,1,1,1,5,0,1,0
114522,4802,0.0,6.0,0.0,9,3,1,3,8,0,1,0
114741,3828,0.0,3.0,0.0,2,2,1,1,1,0,1,0
114769,4764,0.0,4.0,1.0,6,1,1,1,5,0,1,0
114795,534,0.0,4.0,0.0,1,1,1,1,0,0,1,0
115538,1643,0.0,6.0,0.0,7,1,1,2,6,0,1,0
115808,3941,0.0,7.0,0.0,9,2,1,1,8,0,1,0
115955,3163,0.0,3.0,1.0,2,1,1,1,0,0,2,0
116738,120,0.0,2.0,1.0,167,12,6,11,162,0,3,2
117047,423,0.0,5.0,1.0,2,2,1,1,0,0,2,0
117180,598,0.0,2.0,2.0,9,1,1,1,7,0,2,0
117293,1272,0.0,0.0,0.0,41,19,4,12,32,0,1,8
11811,2424,0.0,3.0,1.0,3,2,1,1,2,0,1,0
118274,3753,0.0,2.0,0.0,1,1,1,1,0,0,1,0
118320,3284,0.0,3.0,2.0,2,1,1,1,1,0,1,0
118394,1102,0.0,2.0,0.0,12,7,2,4,11,0,1,0
118854,1832,0.0,3.0,0.0,16,9,1,2,14,0,2,0
118903,13,0.0,3.0,1.0,14,2,1,3,12,0,2,0
118994,4542,0.0,5.0,0.0,6,1,1,2,5,0,1,0
119090,2313,0.0,4.0,1.0,7,5,2,3,6,0,1,0
11921,1831,0.0,0.0,0.0,1,1,1,1,0,0,1,0
119994,121,0.0,0.0,0.0,23,11,5,3,19,0,3,1
120058,3828,0.0,3.0,0.0,53,36,12,8,51,0,2,0
120186,4325,0.0,5.0,1.0,19,5,1,1,17,0,2,0
120304,4955,0.0,3.0,0.0,4,2,1,2,3,0,1,0
120311,3432,0.0,6.0,0.0,88,54,8,3,77,0,3,8
120678,3826,0.0,2.0,1.0,1,1,1,1,0,0,1,0
120755,3979,0.0,0.0,0.0,6,1,1,2,5,0,1,0
121150,2821,0.0,4.0,0.0,2,1,1,1,1,0,1,0
121153,4316,0.0,3.0,0.0,2,1,1,2,1,0,1,0
121574,4079,0.0,5.0,1.0,2,1,1,1,1,0,1,0
121932,4735,0.0,0.0,0.0,1,1,1,1,0,0,1,0
122236,72,0.0,0.0,null,7,2,1,3,6,0,1,0
122366,1602,0.0,3.0,0.0,1,1,1,1,0,0,1,0
122787,547,0.0,3.0,1.0,9,2,1,2,8,0,1,0
122998,4098,0.0,7.0,1.0,8,2,1,2,7,0,1,0
124116,606,0.0,3.0,0.0,1,1,1,1,0,0,1,0
124661,2447,0.0,0.0,0.0,4,2,1,1,3,0,1,0
124690,4040,0.0,4.0,1.0,1,1,1,1,0,0,1,0
124692,4072,1.0,3.0,0.0,7,1,1,1,5,0,1,1
124750,2869,0.0,3.0,0.0,4,1,1,2,2,0,1,1
12480,4043,0.0,5.0,1.0,2,1,1,1,1,0,1,0
125625,4607,0.0,5.0,1.0,40,20,3,1,39,0,1,0
125891,4234,0.0,6.0,0.0,28,14,5,2,24,0,4,0
126030,3971,0.0,6.0,1.0,4,1,1,2,3,0,1,0
126734,2448,1.0,3.0,1.0,6,1,1,3,5,0,1,0
126999,2537,0.0,5.0,0.0,23,8,2,1,16,0,7,0
127475,1486,0.0,2.0,1.0,5,2,2,1,4,0,1,0
128020,1131,0.0,3.0,0.0,30,6,5,2,26,0,3,1
128135,2217,0.0,4.0,1.0,25,11,2,4,23,0,2,0
128459,4500,0.0,0.0,0.0,4,2,1,1,3,0,1,0
128558,4949,0.0,6.0,0.0,11,11,6,4,10,0,1,0
128801,4493,0.0,2.0,0.0,10,9,5,1,9,0,1,0
12973,4491,0.0,4.0,0.0,10,4,2,2,8,0,1,1
12982,1500,0.0,0.0,0.0,4,2,1,1,3,0,1,0
129912,968,0.0,2.0,1.0,3,1,1,2,2,0,1,0
130147,3462,0.0,0.0,0.0,2,1,1,1,1,0,1,0
130398,1352,0.0,3.0,0.0,8,2,2,1,7,0,1,0
13087,3828,1.0,2.0,0.0,76,52,16,6,72,0,4,0
131113,3640,0.0,4.0,0.0,32,17,2,1,31,0,1,0
131896,2205,0.0,0.0,0.0,13,2,1,2,11,0,1,1
132856,4504,0.0,6.0,1.0,29,9,2,5,27,0,2,0
132913,3828,1.0,4.0,0.0,7,2,2,3,6,0,1,0
133254,1502,0.0,4.0,2.0,1,1,1,1,0,0,1,0
134233,682,1.0,4.0,0.0,25,9,3,6,22,0,1,2
134446,4756,0.0,4.0,0.0,2,1,1,1,1,0,1,0
134527,2652,0.0,3.0,0.0,3,2,1,2,0,0,1,2
134703,632,0.0,5.0,0.0,6,1,1,3,4,0,1,1
134855,586,0.0,4.0,0.0,10,6,2,2,8,0,2,0
135196,3971,1.0,4.0,1.0,3,1,1,2,2,0,1,0
135307,4173,0.0,4.0,0.0,10,8,6,2,8,0,2,0
135322,1760,0.0,2.0,0.0,4,3,1,1,3,0,1,0
137114,1060,0.0,4.0,0.0,3,1,1,1,2,0,1,0
137399,3982,0.0,3.0,1.0,11,2,2,4,9,0,1,1
138253,4493,0.0,4.0,0.0,119,76,17,7,117,0,2,0
138788,3826,0.0,2.0,1.0,3,1,1,1,2,0,1,0
139252,4079,0.0,5.0,1.0,13,5,2,1,9,0,4,0
139623,3952,0.0,4.0,1.0,8,5,3,1,5,0,3,0
139865,4079,0.0,4.0,1.0,10,4,2,1,8,0,2,0
140085,4049,0.0,4.0,0.0,19,8,3,4,17,0,2,0
140213,2954,0.0,3.0,0.0,6,4,3,1,1,0,5,0
140505,2102,0.0,3.0,0.0,2,1,1,1,1,0,1,0
140576,4705,0.0,6.0,0.0,1,1,1,1,0,0,1,0
140943,3055,0.0,6.0,0.0,1,1,1,1,0,0,1,0
141036,4595,0.0,4.0,1.0,4,1,1,1,3,0,1,0
141344,4090,0.0,4.0,1.0,13,8,2,1,11,0,2,0
141567,3159,0.0,3.0,0.0,3,1,1,1,2,0,1,0
142022,3607,0.0,0.0,0.0,3,1,1,1,2,0,1,0
142145,2489,0.0,0.0,0.0,13,4,1,2,11,0,1,1
142284,1760,0.0,2.0,1.0,1,1,1,1,0,0,1,0
142288,2173,1.0,0.0,1.0,13,7,1,4,12,0,1,0
142828,3022,0.0,2.0,0.0,8,4,3,1,7,0,1,0
145334,234,0.0,3.0,null,1,1,1,1,0,0,1,0
145479,2928,0.0,3.0,2.0,23,10,5,4,19,0,4,0
146218,4048,0.0,0.0,0.0,6,2,1,1,4,0,2,0
146603,4605,0.0,2.0,0.0,3,1,1,1,2,0,1,0
14731,3022,0.0,2.0,1.0,27,3,2,4,23,0,2,2
147336,946,0.0,5.0,0.0,7,4,2,3,6,0,1,0
147338,1916,0.0,0.0,0.0,1,1,1,1,0,0,1,0
147452,824,0.0,0.0,0.0,7,4,1,1,4,0,3,0
148238,598,0.0,6.0,1.0,3,1,1,1,2,0,1,0
148426,1892,0.0,3.0,0.0,31,8,5,1,26,0,5,0
148609,1056,0.0,3.0,0.0,2,1,1,1,1,0,1,0
148741,3349,0.0,5.0,0.0,37,9,1,3,34,0,3,0
148787,4358,0.0,3.0,0.0,3,1,1,1,2,0,1,0
149242,4090,0.0,4.0,0.0,5,4,1,1,4,0,1,0
149520,2102,0.0,null,null,3,1,1,1,2,0,1,0
149760,1056,0.0,3.0,0.0,5,4,4,3,4,0,1,0
150311,2167,0.0,6.0,0.0,2,1,1,1,1,0,1,0
150380,219,0.0,2.0,1.0,3,1,1,1,2,0,1,0
150435,3657,0.0,2.0,0.0,2,1,1,1,1,0,1,0
150644,2566,0.0,0.0,1.0,2,1,1,1,1,0,1,0
150979,2026,0.0,2.0,0.0,6,1,1,3,4,0,1,1
151134,4524,0.0,3.0,0.0,10,4,3,1,9,0,1,0
151377,1102,0.0,3.0,0.0,1,1,1,1,0,0,1,0
15150,2217,0.0,3.0,0.0,16,9,1,2,14,0,2,0
152202,4009,0.0,0.0,0.0,12,3,1,1,11,0,1,0
152479,4835,0.0,3.0,0.0,2,1,1,1,1,0,1,0
152719,474,0.0,4.0,0.0,9,2,1,3,8,0,1,0
153163,2473,0.0,2.0,0.0,2,1,1,1,1,0,1,0
153275,2669,0.0,5.0,0.0,5,2,2,1,4,0,1,0
153314,1102,0.0,3.0,0.0,72,44,12,8,71,0,1,0
154897,2954,0.0,0.0,2.0,7,7,6,1,6,0,1,0
155051,1565,0.0,2.0,1.0,4,2,1,1,3,0,1,0
155584,1470,0.0,6.0,null,9,1,1,1,8,0,1,0
156463,2242,0.0,4.0,0.0,23,11,2,3,21,0,2,0
156513,250,0.0,2.0,0.0,1,1,1,1,0,0,1,0
156689,2935,0.0,3.0,1.0,22,4,2,1,21,0,1,0
156943,1892,0.0,5.0,0.0,62,30,8,3,58,0,4,0
157125,2221,0.0,6.0,1.0,4,1,1,1,3,0,1,0
157261,4261,0.0,0.0,1.0,4,1,1,2,3,0,1,0
157492,4198,0.0,5.0,1.0,1,1,1,1,0,0,1,0
157736,2669,0.0,4.0,1.0,5,1,1,1,4,0,1,0
158031,3936,1.0,3.0,1.0,7,2,1,1,5,0,2,0
158631,3152,0.0,4.0,1.0,23,6,2,2,19,2,1,1
158881,3623,0.0,2.0,0.0,3,2,2,2,1,0,2,0
158905,1760,0.0,0.0,0.0,7,3,2,3,4,0,3,0
158972,2475,0.0,3.0,1.0,13,4,2,1,12,0,1,0
159310,1833,0.0,2.0,0.0,32,17,2,3,29,0,1,2
159459,4765,0.0,4.0,1.0,5,1,1,1,4,0,1,0
15965,3826,0.0,null,null,2,1,1,2,1,0,1,0
159759,415,0.0,0.0,0.0,12,4,2,1,10,0,2,0
160199,962,0.0,0.0,0.0,5,4,1,3,1,0,1,3
160253,4718,0.0,4.0,0.0,29,14,7,1,23,0,4,2
160894,3301,0.0,3.0,0.0,4,1,1,1,3,0,1,0
161240,2882,0.0,7.0,0.0,23,9,2,3,20,0,1,2
161397,4248,0.0,6.0,0.0,10,3,3,2,9,0,1,0
161426,4504,0.0,3.0,1.0,27,7,1,4,23,0,1,3
161463,2170,0.0,0.0,0.0,5,1,1,1,4,0,1,0
161573,20,0.0,0.0,0.0,7,2,1,1,5,0,2,0
1616,2393,0.0,2.0,1.0,10,2,2,2,8,0,2,0
161647,2242,1.0,4.0,0.0,43,14,5,6,30,0,4,9
161910,3502,0.0,3.0,1.0,9,1,1,1,8,0,1,0
161957,3148,0.0,6.0,1.0,56,22,4,5,51,0,4,1
162005,2629,0.0,4.0,0.0,3,2,2,1,2,0,1,0
162165,3828,0.0,0.0,0.0,2,2,2,2,1,0,1,0
162530,3098,0.0,0.0,0.0,11,3,2,2,10,0,1,0
163260,3828,0.0,2.0,0.0,35,16,5,7,31,0,1,3
163399,259,0.0,3.0,0.0,4,2,1,1,3,0,1,0
163454,1557,0.0,0.0,0.0,1,1,1,1,0,0,1,0
163798,639,0.0,2.0,1.0,3,1,1,1,2,0,1,0
164123,2325,0.0,4.0,1.0,2,1,1,1,1,0,1,0
164165,1704,0.0,6.0,1.0,6,2,1,1,5,0,1,0
16439,4120,0.0,0.0,0.0,4,1,1,2,2,0,1,1
164644,2403,0.0,0.0,0.0,13,6,2,2,12,0,1,0
164726,4173,0.0,2.0,0.0,3,1,1,1,1,0,1,1
165518,3044,0.0,3.0,0.0,7,4,4,1,5,0,2,0
165625,219,0.0,3.0,0.0,7,4,1,3,3,0,2,2
166162,3828,0.0,0.0,0.0,15,7,4,3,14,0,1,0
166248,547,0.0,0.0,1.0,1,1,1,1,0,0,1,0
166869,1978,0.0,3.0,1.0,6,3,1,2,5,0,1,0
167029,160,0.0,7.0,1.0,12,3,2,4,10,1,1,0
167154,3609,0.0,3.0,1.0,3,1,1,1,2,0,1,0
167788,4394,1.0,0.0,1.0,10,4,1,2,9,0,1,0
167794,1816,0.0,2.0,1.0,1,1,1,1,0,0,1,0
167816,2664,0.0,3.0,0.0,10,4,3,2,6,0,2,2
167858,4305,0.0,4.0,0.0,5,5,4,1,0,0,5,0
168153,3826,0.0,5.0,1.0,7,1,1,1,6,0,1,0
168180,1126,0.0,0.0,0.0,47,20,7,2,45,0,1,1
168449,4655,0.0,0.0,0.0,5,1,1,1,4,0,1,0
168625,2869,0.0,0.0,1.0,2,1,1,1,0,0,1,1
168793,4775,0.0,4.0,0.0,13,6,1,3,12,0,1,0
169135,1892,0.0,2.0,0.0,1,1,1,1,0,0,1,0
169362,1076,0.0,3.0,0.0,7,3,2,1,6,0,1,0
169568,742,0.0,3.0,0.0,2,1,1,1,1,0,1,0
169998,1679,0.0,4.0,0.0,14,7,3,1,12,0,2,0
170174,351,0.0,3.0,2.0,3,1,1,1,2,0,1,0
170178,9,0.0,4.0,1.0,2,2,2,1,0,0,2,0
170792,372,0.0,6.0,0.0,6,1,1,1,5,0,1,0
170809,66,0.0,3.0,1.0,1,1,1,1,0,0,1,0
17112,3635,0.0,4.0,1.0,3,1,1,1,2,0,1,0
171212,1763,0.0,5.0,0.0,9,3,1,1,8,0,1,0
171981,3462,0.0,2.0,0.0,1,1,1,1,0,0,1,0
172051,1133,0.0,0.0,1.0,2,1,1,1,1,0,1,0
172735,268,0.0,0.0,1.0,5,1,1,2,4,0,1,0
172939,1910,0.0,3.0,0.0,2,1,1,1,1,0,1,0
173009,4273,0.0,2.0,0.0,8,2,1,2,6,0,1,1
17310,1142,0.0,4.0,0.0,4,1,1,1,3,0,1,0
173109,1602,0.0,2.0,0.0,2,1,1,2,1,0,1,0
173128,2066,0.0,5.0,1.0,5,4,1,1,4,0,1,0
173280,3912,0.0,5.0,0.0,10,5,2,2,9,0,1,0
173573,1310,0.0,3.0,0.0,8,2,2,2,7,0,1,0
174410,3956,0.0,3.0,0.0,8,2,2,3,6,0,2,0
174882,3723,0.0,3.0,0.0,4,1,1,1,2,0,2,0
175348,4351,0.0,5.0,0.0,2,1,1,1,1,0,1,0
175743,904,0.0,4.0,0.0,4,1,1,1,3,0,1,0
175767,946,0.0,4.0,1.0,23,8,3,2,21,1,1,0
176267,1500,0.0,3.0,1.0,1,1,1,1,0,0,1,0
176347,3728,0.0,2.0,1.0,3,1,1,1,2,0,1,0
17658,1895,0.0,0.0,0.0,37,9,5,3,35,0,2,0
177265,3734,0.0,3.0,1.0,8,6,5,1,4,0,4,0
177349,4604,0.0,4.0,1.0,1,1,1,1,0,0,1,0
177590,3971,0.0,2.0,1.0,11,3,1,2,10,0,1,0
177774,66,0.0,0.0,1.0,1,1,1,1,0,0,1,0
177968,3152,0.0,4.0,1.0,3,1,1,1,2,0,1,0
178155,3645,0.0,0.0,0.0,5,1,1,1,4,0,1,0
178190,3835,1.0,6.0,0.0,7,4,1,3,5,0,1,1
180118,4173,0.0,4.0,0.0,44,20,7,11,38,0,1,5
180265,1102,0.0,3.0,0.0,10,3,3,3,9,0,1,0
180276,4044,0.0,0.0,0.0,5,1,1,2,4,0,1,0
180446,4976,0.0,5.0,0.0,4,2,2,2,3,0,1,0
180467,2403,0.0,4.0,1.0,24,15,2,1,21,0,2,1
180628,3628,0.0,4.0,0.0,2,1,1,1,1,0,1,0
181177,603,0.0,3.0,1.0,17,8,5,1,16,0,1,0
181601,4280,1.0,3.0,0.0,6,2,1,3,3,0,1,2
18161,1588,0.0,4.0,0.0,4,1,1,2,3,0,1,0
181771,4403,0.0,7.0,0.0,3,2,1,1,0,0,3,0
182751,361,0.0,0.0,0.0,12,2,2,1,11,0,1,0
18284,4499,0.0,2.0,2.0,4,1,1,2,3,0,1,0
182917,1077,0.0,6.0,1.0,2,1,1,1,1,0,1,0
184137,1399,0.0,3.0,1.0,2,2,1,1,1,0,1,0
184408,66,0.0,3.0,1.0,1,1,1,1,0,0,1,0
184470,1861,0.0,3.0,0.0,2,1,1,1,1,0,1,0
184600,2569,0.0,5.0,0.0,6,1,1,2,5,0,1,0
184612,1742,0.0,0.0,1.0,4,3,1,2,3,0,1,0
184670,2664,0.0,0.0,0.0,4,2,1,2,2,0,2,0
184681,3898,0.0,0.0,0.0,1,1,1,1,0,0,1,0
185017,4049,0.0,0.0,1.0,18,9,4,1,16,0,2,0
185126,3200,0.0,2.0,0.0,41,33,11,2,40,0,1,0
185190,4048,0.0,4.0,1.0,4,1,1,1,3,0,1,0
185392,547,0.0,4.0,1.0,4,1,1,1,3,0,1,0
185845,418,0.0,0.0,0.0,3,1,1,1,2,0,1,0
185860,606,0.0,2.0,0.0,16,11,3,1,15,0,1,0
1859,1816,0.0,2.0,1.0,12,4,3,5,9,0,1,2
186563,3828,0.0,0.0,null,12,1,1,2,10,0,1,1
186729,161,0.0,4.0,1.0,1,1,1,1,0,0,1,0
186811,1051,0.0,2.0,1.0,5,1,1,1,4,0,1,0
186937,1963,0.0,6.0,0.0,36,20,4,2,35,0,1,0
18754,1485,0.0,3.0,2.0,9,3,2,1,8,0,1,0
188183,2193,0.0,0.0,1.0,3,1,1,2,2,0,1,0
188195,2577,0.0,5.0,0.0,16,4,1,2,15,0,1,0
188447,1203,0.0,0.0,0.0,2,1,1,1,1,0,1,0
188460,4525,0.0,0.0,0.0,1,1,1,1,0,0,1,0
188531,4268,0.0,4.0,0.0,12,2,1,2,11,0,1,0
188552,323,0.0,5.0,1.0,45,9,1,10,44,0,1,0
189136,2981,0.0,3.0,0.0,5,2,2,2,4,0,1,0
18917,2447,0.0,2.0,1.0,8,2,1,1,7,0,1,0
18963,4196,0.0,2.0,1.0,4,3,1,1,3,0,1,0
190375,4926,0.0,2.0,0.0,3,1,1,2,1,0,1,1
190414,2031,0.0,6.0,1.0,4,1,1,1,3,0,1,0
190982,3822,0.0,0.0,0.0,6,4,1,2,5,0,1,0
191051,2397,0.0,4.0,0.0,21,12,3,1,20,0,1,0
191124,1102,0.0,3.0,1.0,1,1,1,1,0,0,1,0
191818,1102,0.0,2.0,0.0,7,3,1,3,6,0,1,0
192168,4044,0.0,0.0,0.0,3,1,1,1,2,0,1,0
192246,4524,0.0,3.0,1.0,6,2,1,1,5,0,1,0
192491,2856,0.0,3.0,0.0,6,3,1,1,5,0,1,0
192874,1393,0.0,3.0,0.0,66,39,14,6,60,0,1,5
193047,4394,1.0,7.0,0.0,2,2,1,2,1,0,1,0
193304,1619,0.0,6.0,1.0,6,1,1,1,5,0,1,0
193677,4282,0.0,2.0,1.0,5,1,1,2,4,0,1,0
194158,3828,1.0,4.0,0.0,45,24,10,3,40,1,4,0
194714,2482,0.0,3.0,0.0,6,3,3,2,3,0,2,1
1948,2128,0.0,3.0,0.0,6,3,3,2,4,0,2,0
194810,1918,0.0,4.0,0.0,34,14,3,1,32,0,2,0
19482,4848,0.0,5.0,1.0,30,8,3,2,28,0,2,0
194925,4170,0.0,4.0,0.0,18,4,1,2,16,0,2,0
195043,2397,0.0,4.0,0.0,5,2,1,1,4,0,1,0
195187,798,0.0,6.0,0.0,2,1,1,1,1,0,1,0
195376,1514,0.0,4.0,0.0,4,2,1,2,3,0,1,0
195719,4745,1.0,3.0,0.0,6,2,1,1,5,0,1,0
196038,4975,1.0,4.0,0.0,2,1,1,1,1,0,1,0
196068,2668,0.0,6.0,0.0,9,1,1,1,6,0,3,0
19619,500,0.0,3.0,0.0,8,1,1,3,6,0,1,1
196633,1875,0.0,2.0,0.0,2,1,1,1,1,0,1,0
197406,4992,0.0,3.0,0.0,1,1,1,1,0,0,1,0
19778,2810,0.0,4.0,0.0,3,1,1,1,2,0,1,0
197855,2810,0.0,0.0,0.0,2,1,1,1,1,0,1,0
197914,4732,0.0,2.0,0.0,24,5,1,1,21,0,1,2
197985,4044,0.0,3.0,1.0,22,11,2,2,21,0,1,0
198603,590,0.0,0.0,0.0,7,2,2,1,5,0,2,0
198672,3635,0.0,3.0,1.0,4,1,1,3,2,0,1,1
198810,4818,0.0,3.0,1.0,13,7,3,1,12,0,1,0
198889,2108,0.0,4.0,0.0,7,1,1,4,5,0,1,1
198914,1434,0.0,4.0,0.0,8,5,2,1,7,0,1,0
199769,3042,0.0,0.0,0.0,8,5,3,1,6,0,2,0
200011,3585,0.0,2.0,0.0,12,2,1,3,11,0,1,0
200272,1111,0.0,3.0,0.0,1,1,1,1,0,0,1,0
20063,1291,0.0,0.0,0.0,9,2,1,1,8,0,1,0
200708,1760,0.0,0.0,0.0,16,5,3,4,14,0,1,1
201148,1677,0.0,4.0,0.0,34,10,3,5,27,0,6,1
201386,3578,0.0,4.0,1.0,2,1,1,1,1,0,1,0
201408,323,0.0,4.0,1.0,32,6,1,2,31,0,1,0
201691,773,1.0,5.0,0.0,17,14,6,4,16,0,1,0
20179,3042,0.0,4.0,1.0,4,4,4,1,0,0,4,0
201816,804,0.0,0.0,0.0,10,1,1,2,9,0,1,0
202070,3862,0.0,0.0,0.0,3,1,1,1,2,0,1,0
202332,1506,0.0,3.0,0.0,3,1,1,1,2,0,1,0
202588,4500,0.0,0.0,0.0,37,10,2,4,32,0,5,0
20334,4527,0.0,4.0,0.0,1,1,1,1,0,0,1,0
203526,2217,0.0,2.0,null,9,2,1,1,7,0,2,0
203655,574,0.0,6.0,0.0,16,7,2,2,15,0,1,0
203766,3979,0.0,0.0,1.0,15,1,1,2,13,0,1,1
204357,262,0.0,3.0,0.0,7,1,1,3,5,0,1,1
204657,2664,0.0,4.0,0.0,55,26,3,3,47,0,8,0
204905,3176,0.0,3.0,0.0,10,1,1,1,8,0,2,0
20524,697,0.0,3.0,0.0,2,1,1,1,1,0,1,0
205260,2608,0.0,0.0,0.0,2,1,1,1,1,0,1,0
205738,3319,0.0,4.0,0.0,6,3,1,2,5,0,1,0
206252,2592,0.0,3.0,0.0,1,1,1,1,0,0,1,0
206610,3460,0.0,8.0,1.0,1,1,1,1,0,0,1,0
206743,2318,0.0,5.0,0.0,2,1,1,2,1,0,1,0
206884,141,0.0,3.0,1.0,2,1,1,1,1,0,1,0
207024,4143,0.0,0.0,0.0,44,22,5,7,42,0,1,1
207029,98,0.0,4.0,0.0,3,2,1,1,2,0,1,0
207457,2082,1.0,3.0,0.0,50,25,5,9,45,0,2,3
207458,4354,0.0,4.0,0.0,1,1,1,1,0,0,1,0
207463,4043,0.0,3.0,1.0,5,4,4,2,4,0,1,0
207521,1803,0.0,3.0,0.0,8,5,4,2,7,0,1,0
207629,2269,0.0,2.0,1.0,4,1,1,1,3,0,1,0
207767,323,0.0,5.0,1.0,4,1,1,1,3,0,1,0
2078,1073,0.0,2.0,1.0,2,1,1,1,1,0,1,0
208067,3990,0.0,4.0,0.0,1,1,1,1,0,0,1,0
208248,1892,0.0,4.0,0.0,72,19,6,4,68,0,4,0
208285,3148,0.0,5.0,0.0,1,1,1,1,0,0,1,0
208773,1090,1.0,0.0,1.0,13,7,1,1,12,0,1,0
209917,4033,0.0,3.0,0.0,5,1,1,1,3,0,2,0
210336,4316,0.0,3.0,1.0,18,5,5,2,17,0,1,0
211003,4950,1.0,4.0,0.0,7,5,3,1,6,0,1,0
211132,1540,0.0,3.0,0.0,19,12,7,3,11,0,8,0
211436,1049,0.0,5.0,0.0,2,1,1,1,1,0,1,0
211519,3349,0.0,5.0,0.0,56,38,3,4,53,0,3,0
211610,4072,0.0,3.0,0.0,6,1,1,4,5,0,1,0
211802,4048,0.0,2.0,0.0,1,1,1,1,0,0,1,0
211878,1736,0.0,0.0,0.0,7,2,1,2,6,0,1,0
211950,3347,0.0,0.0,0.0,22,8,2,2,21,0,1,0
212616,3968,0.0,3.0,0.0,9,3,2,1,8,0,1,0
213424,63,0.0,6.0,null,17,6,2,3,14,2,1,0
213452,1393,0.0,4.0,2.0,29,14,8,6,25,3,1,0
213863,742,0.0,3.0,0.0,8,2,2,1,6,0,1,1
214007,3407,0.0,3.0,0.0,6,2,1,1,5,0,1,0
214631,2002,0.0,0.0,0.0,3,1,1,2,2,0,1,0
214939,3148,0.0,0.0,0.0,130,64,5,12,128,0,2,0
21574,1068,0.0,4.0,0.0,3,1,1,2,0,0,1,2
215789,4048,0.0,2.0,1.0,7,2,1,1,6,0,1,0
215798,2529,0.0,4.0,1.0,2,1,1,1,1,0,1,0
216491,4955,0.0,2.0,0.0,10,1,1,4,8,0,1,1
216600,4287,0.0,4.0,0.0,7,2,1,2,5,0,1,1
217581,2869,0.0,2.0,0.0,38,5,1,3,36,0,1,1
217773,2448,0.0,5.0,1.0,8,3,1,1,6,0,2,0
217919,141,0.0,2.0,0.0,5,1,1,1,4,0,1,0
21802,4942,0.0,4.0,0.0,3,1,1,1,2,0,1,0
218266,2669,0.0,2.0,0.0,16,3,2,2,14,0,1,1
218684,4043,0.0,0.0,1.0,5,1,1,1,4,0,1,0
218735,3966,0.0,0.0,0.0,3,1,1,1,2,0,1,0
218803,2910,0.0,4.0,0.0,20,6,2,4,19,0,1,0
219821,2031,0.0,2.0,1.0,4,1,1,2,2,0,2,0
220349,2397,0.0,0.0,1.0,7,4,2,2,6,0,1,0
220375,4079,0.0,3.0,1.0,1,1,1,1,0,0,1,0
220473,3701,0.0,2.0,0.0,4,1,1,1,3,0,1,0
220995,1833,0.0,0.0,0.0,8,3,1,2,7,0,1,0
221011,145,0.0,0.0,0.0,8,3,1,1,7,0,1,0
22124,3576,0.0,5.0,1.0,10,1,1,3,8,0,1,1
22181,1096,0.0,0.0,1.0,7,7,2,1,0,0,7,0
221939,3876,0.0,5.0,1.0,3,1,1,1,2,0,1,0
222134,2403,0.0,4.0,1.0,9,2,1,2,7,0,2,0
222152,2559,0.0,4.0,0.0,6,3,1,1,5,0,1,0
223306,4760,0.0,0.0,0.0,7,4,3,1,5,0,2,0
223779,3152,0.0,7.0,0.0,4,2,1,1,3,0,1,0
223849,4322,0.0,2.0,0.0,5,3,1,2,4,0,1,0
224391,1556,0.0,0.0,0.0,13,2,2,1,11,0,2,0
224768,438,0.0,0.0,0.0,8,1,1,1,7,0,1,0
225620,1049,0.0,3.0,1.0,4,1,1,1,3,0,1,0
225898,2824,0.0,5.0,0.0,2,1,1,1,1,0,1,0
226099,4600,0.0,4.0,0.0,3,1,1,2,2,0,1,0
226374,4919,0.0,3.0,1.0,1,1,1,1,0,0,1,0
226862,3668,0.0,2.0,1.0,7,3,1,2,5,0,2,0
227549,1816,0.0,4.0,0.0,3,1,1,1,2,0,1,0
227654,4186,0.0,5.0,1.0,3,2,1,1,2,0,1,0
227661,1742,0.0,0.0,0.0,4,1,1,3,3,0,1,0
227769,1102,0.0,2.0,0.0,22,12,5,5,21,0,1,0
228110,742,0.0,0.0,0.0,7,1,1,2,6,0,1,0
228565,1916,0.0,0.0,1.0,5,3,1,1,3,0,2,0
228614,121,0.0,0.0,0.0,9,5,1,1,7,0,2,0
229068,2664,0.0,2.0,0.0,13,7,2,2,12,0,1,0
229232,861,0.0,0.0,1.0,4,1,1,1,3,0,1,0
229716,2821,0.0,6.0,0.0,4,1,1,1,3,0,1,0
230066,663,1.0,5.0,1.0,91,39,7,2,89,0,2,0
230401,1495,0.0,5.0,0.0,55,9,2,4,53,0,1,1
230589,3965,0.0,4.0,0.0,2,2,1,1,0,0,2,0
230763,127,0.0,3.0,0.0,3,2,2,2,2,0,1,0
230782,786,0.0,4.0,0.0,67,8,4,4,64,0,2,1
230936,1501,0.0,3.0,2.0,1,1,1,1,0,0,1,0
231183,687,0.0,3.0,0.0,5,1,1,2,4,0,1,0
231491,3769,0.0,2.0,0.0,4,1,1,1,3,0,1,0
231768,2424,0.0,3.0,0.0,17,3,1,2,15,0,1,1
232161,586,0.0,3.0,0.0,1,1,1,1,0,0,1,0
232275,4079,0.0,6.0,0.0,5,2,1,2,1,0,3,1
232777,606,0.0,6.0,0.0,45,2,2,2,44,0,1,0
23279,946,0.0,3.0,0.0,12,9,3,1,11,0,1,0
233014,2138,0.0,5.0,0.0,17,9,2,2,14,0,3,0
233020,4847,0.0,3.0,0.0,21,14,6,2,20,0,1,0
233115,2341,0.0,5.0,0.0,6,3,3,1,3,0,3,0
233781,3828,1.0,3.0,0.0,27,16,3,3,22,0,2,3
233896,3854,0.0,3.0,0.0,9,1,1,3,7,0,1,1
23422,35,0.0,2.0,1.0,39,26,7,2,37,0,2,0
234257,3484,0.0,0.0,1.0,11,6,1,1,10,0,1,0
234297,1642,0.0,0.0,0.0,13,3,2,1,12,0,1,0
234867,643,0.0,3.0,0.0,4,1,1,1,2,0,1,1
234946,3828,0.0,2.0,0.0,69,33,12,8,61,0,1,7
234985,3828,0.0,4.0,0.0,4,2,2,2,3,0,1,0
235150,1816,0.0,3.0,1.0,3,1,1,1,1,0,2,0
235658,1945,0.0,7.0,1.0,13,4,3,4,11,0,2,0
235881,2952,0.0,3.0,0.0,5,1,1,2,3,0,1,1
236169,4504,0.0,5.0,1.0,30,9,2,1,28,0,2,0
236948,4042,0.0,3.0,0.0,2,1,1,1,0,0,2,0
23695,4794,0.0,3.0,1.0,2,1,1,2,0,0,1,1
236952,4078,0.0,0.0,0.0,4,1,1,1,3,0,1,0
236966,437,0.0,3.0,0.0,2,1,1,1,1,0,1,0
237236,310,1.0,3.0,0.0,1,1,1,1,0,0,1,0
237679,2639,0.0,5.0,0.0,47,26,10,2,43,0,3,1
237917,436,0.0,0.0,0.0,7,3,2,1,6,0,1,0
238005,2537,0.0,5.0,0.0,4,1,1,1,2,0,2,0
238274,3578,0.0,6.0,0.0,13,6,1,1,12,0,1,0
238357,2217,1.0,5.0,0.0,7,1,1,3,5,0,1,1
239056,1582,0.0,0.0,0.0,1,1,1,1,0,0,1,0
239148,2545,0.0,0.0,0.0,41,14,4,6,36,0,2,3
23944,1679,0.0,4.0,0.0,3,1,1,1,1,0,2,0
239599,1839,0.0,3.0,0.0,2,1,1,1,1,0,1,0
23999,3263,1.0,4.0,0.0,8,5,4,1,6,0,2,0
240333,760,0.0,4.0,0.0,3,1,1,1,2,0,1,0
240629,2273,0.0,3.0,0.0,4,1,1,2,2,1,1,0
24086,3753,0.0,2.0,1.0,2,1,1,1,1,0,1,0
2409,3152,0.0,0.0,0.0,8,4,1,2,7,0,1,0
241250,10,0.0,2.0,0.0,5,2,2,1,4,0,1,0
241482,205,0.0,6.0,0.0,16,9,2,4,15,0,1,0
241691,4173,0.0,0.0,1.0,6,1,1,1,5,0,1,0
241950,437,0.0,6.0,0.0,3,1,1,1,2,0,1,0
24223,4475,0.0,4.0,1.0,4,1,1,1,3,0,1,0
243189,4659,0.0,4.0,2.0,11,8,3,3,0,0,3,8
243865,1162,0.0,3.0,2.0,12,4,2,4,10,0,2,0
243992,323,0.0,5.0,1.0,5,2,1,2,3,0,1,1
244145,3828,0.0,5.0,0.0,4,1,1,1,3,0,1,0
244241,2824,1.0,5.0,1.0,13,3,3,2,10,0,3,0
244404,2273,0.0,3.0,0.0,7,4,2,3,6,0,1,0
244412,1738,0.0,0.0,0.0,12,3,2,3,11,0,1,0
24469,3828,1.0,6.0,0.0,52,22,8,15,45,0,2,5
245228,4976,0.0,2.0,0.0,125,45,11,7,120,0,4,1
245272,4043,0.0,4.0,0.0,33,13,6,2,25,0,8,0
245562,3753,0.0,3.0,0.0,2,1,1,1,1,0,1,0
246144,3862,0.0,5.0,1.0,1,1,1,1,0,0,1,0
246881,1102,0.0,2.0,0.0,5,3,2,2,4,0,1,0
246894,35,0.0,0.0,0.0,3,2,2,1,1,0,2,0
247247,4650,0.0,0.0,0.0,3,1,1,1,2,0,1,0
247522,977,0.0,3.0,0.0,2,1,1,1,1,0,1,0
247592,4163,0.0,0.0,0.0,14,3,1,3,11,0,1,2
247908,2883,0.0,4.0,0.0,5,1,1,1,4,0,1,0
248782,1890,0.0,0.0,1.0,6,3,1,1,5,0,1,0
249687,4659,0.0,3.0,0.0,21,9,5,6,12,0,1,8
250107,1495,1.0,3.0,0.0,29,13,3,7,19,0,1,9
250183,4079,0.0,0.0,0.0,2,1,1,1,1,0,1,0
250388,1310,0.0,4.0,0.0,4,2,1,2,3,0,1,0
250943,3609,0.0,4.0,0.0,2,1,1,1,1,0,1,0
252416,931,0.0,3.0,0.0,9,6,5,1,8,0,1,0
252796,3693,0.0,3.0,1.0,5,1,1,2,4,0,1,0
253578,3990,0.0,0.0,0.0,2,1,1,1,1,0,1,0
254189,2318,0.0,4.0,0.0,9,2,1,2,8,0,1,0
25452,1115,0.0,4.0,0.0,4,1,1,2,3,0,1,0
254865,2283,0.0,2.0,0.0,2,2,2,1,0,0,2,0
255086,3885,0.0,3.0,1.0,3,1,1,1,2,0,1,0
255355,2102,0.0,4.0,0.0,6,1,1,1,4,0,2,0
255434,1342,0.0,3.0,0.0,9,4,2,1,7,0,2,0
256039,4408,0.0,5.0,0.0,5,2,1,3,4,0,1,0
256799,2954,0.0,7.0,null,26,12,8,1,21,0,5,0
25709,2108,0.0,3.0,0.0,7,3,1,1,6,0,1,0
257093,4173,0.0,4.0,0.0,28,14,6,5,26,0,1,1
25727,1708,0.0,4.0,0.0,2,1,1,2,1,0,1,0
257274,963,0.0,4.0,2.0,2,1,1,1,1,0,1,0
257308,1943,0.0,5.0,0.0,2,1,1,1,1,0,1,0
257394,4976,0.0,2.0,0.0,4,3,2,3,2,0,1,1
257541,3159,0.0,2.0,0.0,1,1,1,1,0,0,1,0
258346,432,0.0,0.0,0.0,19,1,1,3,17,1,1,0
258785,354,1.0,3.0,1.0,15,4,2,1,12,0,3,0
259033,3828,0.0,2.0,0.0,4,1,1,2,2,0,2,0
25915,67,0.0,4.0,0.0,4,2,2,1,3,0,1,0
259430,3191,0.0,5.0,0.0,3,1,1,1,1,0,2,0
259680,1911,0.0,6.0,0.0,6,2,1,1,4,0,2,0
25994,4040,0.0,2.0,2.0,1,1,1,1,0,0,1,0
260174,4504,0.0,2.0,0.0,5,3,1,1,4,0,1,0
260437,587,0.0,5.0,1.0,11,1,1,1,9,0,1,1
260721,1704,0.0,3.0,0.0,6,2,1,1,4,0,1,1
260906,141,0.0,2.0,0.0,4,3,3,2,0,0,1,3
261123,92,0.0,3.0,0.0,36,12,2,3,33,0,3,0
261744,1884,0.0,3.0,1.0,4,1,1,1,3,0,1,0
263350,3256,0.0,0.0,0.0,9,2,1,1,8,0,1,0
263861,4049,0.0,4.0,1.0,6,1,1,1,5,0,1,0
264344,1964,0.0,2.0,0.0,22,8,6,3,18,0,4,0
264511,2569,0.0,2.0,0.0,5,3,1,1,4,0,1,0
264715,1150,0.0,5.0,1.0,4,1,1,1,3,0,1,0
264721,4042,0.0,3.0,1.0,9,3,1,3,8,0,1,0
265216,4086,0.0,0.0,1.0,11,4,2,2,9,0,1,1
265446,3291,0.0,0.0,0.0,6,3,2,1,5,0,1,0
266001,1126,0.0,0.0,0.0,33,18,6,7,23,0,1,9
266215,3225,0.0,4.0,0.0,4,1,1,1,3,0,1,0
266371,798,0.0,4.0,0.0,3,1,1,1,2,0,1,0
266499,1102,0.0,2.0,0.0,4,1,1,2,2,0,1,1
266572,4282,0.0,3.0,0.0,5,3,2,1,3,0,2,0
266641,4265,0.0,0.0,0.0,31,17,6,3,28,0,1,2
267015,1943,0.0,2.0,1.0,2,1,1,1,0,0,1,1
267378,855,0.0,6.0,0.0,8,2,2,2,7,0,1,0
267477,145,0.0,2.0,0.0,4,2,1,1,3,0,1,0
267583,1008,0.0,6.0,1.0,3,1,1,1,2,0,1,0
26787,1162,0.0,4.0,1.0,3,2,2,1,1,0,2,0
268146,3007,1.0,4.0,0.0,2,1,1,2,1,0,1,0
268429,1911,0.0,0.0,0.0,5,1,1,3,4,0,1,0
268521,219,0.0,5.0,0.0,4,1,1,2,2,0,2,0
268662,4499,0.0,3.0,0.0,11,1,1,1,10,0,1,0
268700,1472,0.0,8.0,0.0,3,2,1,2,2,0,1,0
268886,2664,0.0,0.0,0.0,17,5,2,1,13,0,4,0
268961,2273,0.0,3.0,1.0,17,3,1,2,16,0,1,0
269191,3765,0.0,0.0,0.0,6,1,1,3,4,0,1,1
26969,1892,0.0,4.0,0.0,57,12,5,2,49,0,3,5
270382,897,0.0,2.0,0.0,2,1,1,2,1,0,1,0
270464,2303,1.0,3.0,0.0,17,9,1,5,16,0,1,0
270539,3635,0.0,0.0,1.0,2,1,1,1,1,0,1,0
270860,2403,0.0,4.0,0.0,5,3,1,2,2,0,3,0
270919,4966,0.0,4.0,0.0,1,1,1,1,0,0,1,0
271259,2397,0.0,4.0,1.0,5,3,1,1,4,0,1,0
271262,2928,0.0,0.0,0.0,6,2,1,1,5,0,1,0
271328,316,1.0,0.0,1.0,30,9,1,3,25,0,1,4
271673,946,1.0,3.0,0.0,3,2,2,2,1,0,2,0
271707,503,0.0,3.0,0.0,7,5,1,1,6,0,1,0
271780,4705,0.0,0.0,0.0,9,3,1,2,6,0,2,1
271981,4173,0.0,6.0,1.0,3,1,1,1,2,0,1,0
272318,4230,0.0,6.0,1.0,4,1,1,1,3,0,1,0
272987,3862,0.0,3.0,0.0,6,1,1,2,4,0,1,1
272991,4171,0.0,5.0,0.0,35,4,1,3,29,0,6,0
273503,547,0.0,0.0,1.0,7,1,1,2,5,1,1,0
273927,951,0.0,6.0,0.0,9,5,1,2,6,0,3,0
274364,3828,0.0,0.0,1.0,7,4,4,5,6,0,1,0
274505,2217,0.0,3.0,0.0,1,1,1,1,0,0,1,0
274573,1892,0.0,4.0,0.0,33,19,10,9,32,0,1,0
274724,523,0.0,3.0,0.0,1,1,1,1,0,0,1,0
274846,742,1.0,2.0,0.0,18,8,4,1,17,0,1,0
275023,121,1.0,0.0,0.0,18,8,6,2,15,0,3,0
275170,3941,0.0,3.0,1.0,10,1,1,2,8,0,1,1
275667,2597,0.0,0.0,0.0,7,2,1,3,6,0,1,0
275715,2776,0.0,5.0,0.0,1,1,1,1,0,0,1,0
275966,1470,0.0,0.0,1.0,7,2,1,1,6,0,1,0
276550,4938,0.0,3.0,0.0,2,1,1,1,1,0,1,0
276918,4659,0.0,0.0,0.0,3,1,1,1,2,0,1,0
27697,4976,0.0,3.0,0.0,50,27,9,2,47,0,3,0
277023,3828,0.0,3.0,1.0,7,3,2,1,6,0,1,0
277428,2824,0.0,5.0,0.0,8,2,1,1,7,0,1,0
277618,3609,0.0,5.0,0.0,36,15,1,1,35,0,1,0
278351,4658,0.0,0.0,0.0,6,3,1,2,5,0,1,0
278501,2721,0.0,3.0,1.0,4,2,1,1,3,0,1,0
27886,1100,0.0,6.0,0.0,15,6,3,1,14,0,1,0
279089,3163,0.0,3.0,1.0,10,1,1,1,6,0,4,0
279125,2403,0.0,3.0,0.0,10,6,2,1,6,0,4,0
280005,92,0.0,0.0,0.0,1,1,1,1,0,0,1,0
280500,1695,1.0,3.0,1.0,3,1,1,1,2,0,1,0
280551,1102,0.0,5.0,1.0,23,3,2,6,22,0,1,0
280866,2294,0.0,4.0,0.0,12,3,1,3,11,0,1,0
281001,3057,0.0,7.0,0.0,9,6,2,2,7,0,2,0
281754,4926,0.0,3.0,0.0,2,1,1,2,1,0,1,0
282419,4234,1.0,6.0,1.0,11,5,1,2,9,0,2,0
282576,4992,0.0,4.0,0.0,9,3,1,1,6,0,3,0
282850,3323,1.0,6.0,1.0,56,13,1,5,50,0,2,4
282877,1213,0.0,3.0,0.0,27,7,2,10,26,0,1,0
283054,3205,0.0,4.0,0.0,4,1,1,1,3,0,1,0
283256,4966,0.0,5.0,1.0,1,1,1,1,0,0,1,0
283831,3444,0.0,3.0,1.0,7,1,1,1,6,0,1,0
284225,2435,0.0,3.0,1.0,5,1,1,2,3,0,1,1
28449,3990,0.0,6.0,0.0,6,1,1,2,5,0,1,0
284592,1296,0.0,6.0,0.0,3,1,1,1,2,0,1,0
284624,3075,0.0,6.0,0.0,3,1,1,1,2,0,1,0
285166,3236,0.0,4.0,0.0,11,1,1,4,10,0,1,0
285536,3910,0.0,5.0,0.0,4,1,1,1,3,0,1,0
285578,3524,0.0,4.0,0.0,1,1,1,1,0,0,1,0
28591,3334,0.0,3.0,1.0,4,1,1,1,3,0,1,0
286300,2890,0.0,3.0,0.0,2,1,1,1,1,0,1,0
286848,2669,0.0,2.0,0.0,46,9,5,10,41,0,1,4
287474,191,0.0,2.0,0.0,19,13,8,1,18,0,1,0
287585,1346,0.0,0.0,0.0,1,1,1,1,0,0,1,0
287653,1833,0.0,0.0,0.0,21,15,1,1,20,0,1,0
288071,2225,0.0,5.0,0.0,45,26,10,4,44,0,1,0
288139,1679,0.0,0.0,1.0,2,1,1,1,1,0,1,0
288384,2565,0.0,0.0,0.0,7,2,1,2,5,0,1,1
288433,3095,0.0,2.0,0.0,4,1,1,2,2,0,1,1
288504,3578,0.0,6.0,0.0,6,1,1,1,5,0,1,0
288696,3701,0.0,0.0,1.0,11,1,1,2,9,0,1,1
289506,3954,0.0,2.0,0.0,1,1,1,1,0,0,1,0
290073,3683,0.0,0.0,0.0,1,1,1,1,0,0,1,0
290290,141,0.0,2.0,0.0,11,2,1,3,10,0,1,0
290894,2562,0.0,7.0,0.0,3,1,1,1,2,0,1,0
291132,508,0.0,5.0,1.0,2,1,1,1,1,0,1,0
291827,2786,0.0,2.0,1.0,8,2,2,2,6,0,2,0
292173,3580,0.0,0.0,0.0,3,1,1,1,2,0,1,0
292428,4480,0.0,4.0,0.0,31,10,2,1,30,0,1,0
292551,2232,0.0,6.0,0.0,1,1,1,1,0,0,1,0
292876,1407,1.0,4.0,0.0,4,3,1,2,2,0,2,0
293552,467,0.0,3.0,0.0,4,1,1,2,2,0,1,1
293982,3657,0.0,4.0,0.0,1,1,1,1,0,0,1,0
29412,4525,0.0,3.0,0.0,78,39,2,2,74,0,4,0
294250,1643,0.0,6.0,1.0,8,1,1,6,7,0,1,0
294526,3628,0.0,3.0,0.0,10,3,1,4,9,0,1,0
29488,2081,0.0,0.0,null,11,1,1,2,9,0,1,1
295101,977,0.0,3.0,0.0,27,11,4,1,26,0,1,0
295317,756,0.0,4.0,0.0,4,1,1,1,3,0,1,0
295331,3828,0.0,4.0,0.0,41,22,6,2,39,0,1,1
295480,2118,0.0,3.0,0.0,7,1,1,1,5,0,2,0
295686,1056,0.0,4.0,1.0,9,4,4,4,7,1,1,0
296072,4405,0.0,2.0,1.0,3,2,2,1,2,0,1,0
296351,3955,0.0,0.0,0.0,3,1,1,2,2,0,1,0
296368,2669,1.0,3.0,0.0,2,1,1,1,1,0,1,0
296593,4921,0.0,6.0,0.0,31,21,2,5,30,0,1,0
296909,1618,0.0,6.0,1.0,4,2,2,3,3,0,1,0
29712,4787,0.0,4.0,0.0,3,1,1,1,2,0,1,0
297284,2217,0.0,0.0,0.0,73,28,4,2,68,0,5,0
29747,1102,0.0,4.0,0.0,12,7,1,2,11,0,1,0
297486,1895,0.0,2.0,0.0,18,7,2,3,15,0,2,1
298189,1861,1.0,3.0,0.0,15,8,2,1,12,0,2,1
298900,3240,0.0,4.0,1.0,1,1,1,1,0,0,1,0
299148,2811,0.0,4.0,0.0,1,1,1,1,0,0,1,0
299161,2312,0.0,6.0,0.0,2,1,1,1,1,0,1,0
299922,1628,0.0,3.0,0.0,5,3,2,3,4,0,1,0
300031,3623,0.0,2.0,1.0,2,1,1,1,1,0,1,0
300559,2918,0.0,3.0,0.0,8,1,1,1,7,0,1,0
301513,3444,0.0,2.0,0.0,3,1,1,3,1,0,1,1
301726,523,0.0,5.0,0.0,6,1,1,1,5,0,1,0
302004,3152,1.0,8.0,1.0,2,1,1,1,1,0,1,0
302564,3828,0.0,7.0,0.0,7,4,3,2,6,0,1,0
302825,3828,0.0,5.0,0.0,6,2,2,3,5,0,1,0
303261,606,0.0,3.0,0.0,9,6,4,1,8,0,1,0
304662,1102,0.0,3.0,0.0,27,24,6,3,25,0,2,0
305296,798,0.0,2.0,0.0,11,3,3,3,9,0,1,1
305659,66,0.0,4.0,0.0,5,3,2,1,4,0,1,0
305738,2257,0.0,5.0,0.0,5,1,1,2,4,0,1,0
306452,2559,0.0,2.0,1.0,3,1,1,1,1,0,2,0
306608,2639,0.0,5.0,0.0,29,14,7,4,28,0,1,0
306724,598,0.0,0.0,0.0,5,1,1,1,4,0,1,0
306890,4993,0.0,6.0,0.0,4,3,1,1,3,0,1,0
307081,4727,0.0,3.0,0.0,5,1,1,2,4,0,1,0
307416,3734,0.0,2.0,0.0,7,2,1,2,6,0,1,0
307717,4793,0.0,4.0,0.0,1,1,1,1,0,0,1,0
308069,1861,1.0,4.0,0.0,9,3,1,1,8,0,1,0
308219,2511,0.0,0.0,0.0,8,4,1,2,7,0,1,0
308276,4670,0.0,3.0,1.0,3,1,1,1,2,0,1,0
308364,2403,0.0,3.0,0.0,29,10,1,1,27,0,2,0
308395,3545,0.0,0.0,0.0,1,1,1,1,0,0,1,0
308465,4659,0.0,3.0,0.0,12,9,4,4,2,0,3,7
308976,3964,0.0,4.0,1.0,8,3,1,2,7,0,1,0
30932,3773,0.0,2.0,1.0,4,1,1,1,3,0,1,0
309985,3958,0.0,3.0,0.0,32,9,7,4,31,0,1,0
310030,148,0.0,5.0,0.0,13,4,4,3,10,0,2,1
310375,4834,0.0,3.0,0.0,1,1,1,1,0,0,1,0
310524,4043,1.0,3.0,0.0,4,2,2,2,3,0,1,0
310717,1724,0.0,3.0,2.0,6,1,1,1,5,0,1,0
310743,786,1.0,6.0,0.0,14,4,2,5,13,0,1,0
311092,2709,0.0,3.0,0.0,14,4,2,3,11,0,1,2
311283,1056,0.0,4.0,1.0,36,12,8,4,29,0,2,5
311590,1031,0.0,3.0,0.0,42,10,1,5,39,0,1,2
311864,977,0.0,2.0,0.0,3,2,1,2,2,0,1,0
311975,3205,0.0,3.0,0.0,16,9,3,1,7,0,1,8
312168,951,0.0,0.0,2.0,3,2,1,1,2,0,1,0
31224,467,0.0,3.0,0.0,19,4,2,4,16,0,2,1
312322,337,0.0,0.0,0.0,1,1,1,1,0,0,1,0
31260,3329,0.0,2.0,0.0,6,4,1,1,5,0,1,0
312725,3345,0.0,0.0,0.0,2,1,1,1,0,0,2,0
312760,293,0.0,0.0,1.0,3,1,1,1,2,0,1,0
313110,1708,0.0,4.0,0.0,6,2,1,4,5,0,1,0
314175,1203,0.0,5.0,0.0,1,1,1,1,0,0,1,0
31426,2093,0.0,5.0,0.0,12,3,2,1,11,0,1,0
31456,1679,0.0,4.0,0.0,25,11,3,1,22,0,3,0
314624,1393,0.0,5.0,0.0,64,23,6,3,61,0,3,0
314777,3473,0.0,4.0,0.0,3,2,2,3,1,0,1,1
314991,1719,0.0,3.0,0.0,5,1,1,1,4,0,1,0
315090,4318,0.0,2.0,0.0,3,1,1,1,2,0,1,0
31538,3063,0.0,3.0,0.0,61,50,5,23,60,0,1,0
315485,1708,0.0,6.0,0.0,5,2,1,4,4,0,1,0
315518,1972,0.0,3.0,0.0,8,2,1,2,7,0,1,0
315609,596,0.0,2.0,0.0,7,2,1,1,6,0,1,0
315958,4415,0.0,2.0,1.0,1,1,1,1,0,0,1,0
315978,1200,0.0,2.0,0.0,2,1,1,1,1,0,1,0
316403,3236,0.0,3.0,0.0,5,2,1,1,4,0,1,0
316715,490,0.0,5.0,0.0,9,2,1,1,8,0,1,0
317008,2403,0.0,6.0,1.0,4,1,1,1,2,0,1,1
317444,3536,0.0,4.0,0.0,5,2,1,1,4,0,1,0
317577,4818,0.0,3.0,1.0,15,7,5,7,14,0,1,0
317606,1203,0.0,0.0,0.0,4,1,1,1,3,0,1,0
317766,2973,0.0,4.0,1.0,3,1,1,1,2,0,1,0
318102,42,0.0,3.0,0.0,129,62,13,17,121,0,2,6
318347,1000,0.0,4.0,1.0,3,1,1,1,2,0,1,0
318427,3161,0.0,0.0,0.0,18,8,2,4,17,0,1,0
31895,4079,0.0,0.0,0.0,6,1,1,1,4,0,2,0
318957,1963,0.0,0.0,1.0,70,19,1,3,58,0,3,9
31931,954,0.0,0.0,0.0,6,2,1,1,4,0,2,0
320941,2173,0.0,2.0,0.0,55,16,4,7,50,0,1,4
321060,4042,0.0,3.0,1.0,5,4,2,1,1,0,4,0
321168,1677,0.0,4.0,1.0,71,30,8,14,69,0,2,0
321834,3545,0.0,4.0,1.0,12,6,2,3,11,0,1,0
322123,2709,0.0,3.0,0.0,10,3,2,3,8,0,1,1
322799,4406,0.0,3.0,0.0,4,2,1,1,3,0,1,0
322932,1103,0.0,5.0,0.0,1,1,1,1,0,0,1,0
323,4170,0.0,0.0,0.0,5,1,1,1,4,0,1,0
323054,10,0.0,4.0,0.0,10,1,1,4,8,0,1,1
323810,4871,0.0,4.0,null,3,2,2,1,2,0,1,0
323867,4170,0.0,5.0,1.0,2,1,1,1,1,0,1,0
323886,2102,0.0,0.0,0.0,2,1,1,1,1,0,1,0
324096,4039,0.0,0.0,0.0,5,1,1,1,4,0,1,0
324166,4818,0.0,0.0,1.0,2,1,1,1,1,0,1,0
324426,4512,0.0,3.0,1.0,10,2,1,1,8,0,2,0
324620,467,0.0,3.0,1.0,2,1,1,2,1,0,1,0
32470,4760,0.0,0.0,2.0,2,2,2,1,0,0,2,0
325844,1487,0.0,6.0,0.0,19,4,2,8,17,0,1,1
326432,2014,0.0,5.0,0.0,7,1,1,4,6,0,1,0
326470,1712,0.0,5.0,0.0,2,1,1,2,0,0,1,1
327035,786,0.0,3.0,1.0,6,2,1,2,5,0,1,0
327529,1843,0.0,2.0,0.0,3,1,1,1,2,0,1,0
327594,3022,0.0,0.0,1.0,10,3,1,1,9,0,1,0
327690,3635,0.0,4.0,1.0,15,5,1,4,13,0,1,1
327834,1393,0.0,2.0,0.0,24,13,6,4,20,0,1,3
328409,2911,0.0,5.0,0.0,1,1,1,1,0,0,1,0
328883,1679,0.0,4.0,2.0,12,3,1,5,10,0,2,0
329935,2911,0.0,0.0,2.0,5,1,1,1,4,0,1,0
330144,320,0.0,3.0,0.0,4,3,3,2,3,0,1,0
330174,2928,0.0,5.0,0.0,3,1,1,1,2,0,1,0
330743,941,0.0,5.0,0.0,5,2,1,2,4,0,1,0
331243,359,0.0,4.0,1.0,4,2,1,1,2,0,1,1
331247,1840,0.0,5.0,0.0,4,1,1,2,3,0,1,0
331309,740,0.0,0.0,0.0,3,1,1,1,1,0,2,0
331332,1602,0.0,2.0,0.0,2,1,1,1,1,0,1,0
331372,653,0.0,3.0,0.0,9,5,3,1,8,0,1,0
331405,3181,0.0,0.0,1.0,5,1,1,1,4,0,1,0
331440,3042,0.0,3.0,1.0,6,3,3,1,5,0,1,0
331523,4659,0.0,3.0,0.0,2,2,2,1,0,0,2,0
331644,4771,0.0,5.0,0.0,7,2,2,1,5,0,2,0
331793,4794,0.0,7.0,1.0,8,1,1,2,7,0,1,0
331834,503,0.0,3.0,0.0,5,3,2,1,4,0,1,0
331904,3734,0.0,3.0,0.0,9,5,4,4,8,0,1,0
332234,1892,0.0,4.0,0.0,56,11,3,5,55,0,1,0
333211,1742,0.0,3.0,0.0,2,2,1,2,1,0,1,0
33325,4797,0.0,3.0,1.0,18,4,1,5,12,0,6,0
333754,2597,0.0,3.0,0.0,3,1,1,1,2,0,1,0
333836,1565,1.0,5.0,0.0,11,4,2,2,10,0,1,0
33410,1102,1.0,5.0,0.0,24,16,6,3,23,0,1,0
334146,2403,0.0,7.0,0.0,35,18,3,4,34,0,1,0
334288,1605,0.0,3.0,0.0,3,1,1,1,2,0,1,0
33470,1102,0.0,4.0,0.0,5,3,1,1,4,0,1,0
334720,4079,0.0,0.0,0.0,2,1,1,1,1,0,1,0
335009,1719,0.0,0.0,0.0,4,2,1,2,3,0,1,0
335282,2537,0.0,0.0,0.0,9,3,1,2,6,0,2,1
335504,4173,0.0,4.0,0.0,15,6,4,2,14,0,1,0
335590,2318,1.0,3.0,1.0,1,1,1,1,0,0,1,0
335669,4728,0.0,6.0,0.0,3,2,2,1,2,0,1,0
336457,1454,0.0,6.0,1.0,8,1,1,2,7,0,1,0
336605,606,0.0,3.0,0.0,27,17,8,1,25,0,2,0
336634,643,0.0,null,null,139,35,3,1,137,0,2,0
337093,4960,0.0,3.0,0.0,22,12,3,8,19,0,1,2
337181,2108,1.0,3.0,0.0,2,1,1,1,0,0,1,1
337310,416,0.0,3.0,0.0,4,3,1,2,3,0,1,0
337538,2872,0.0,5.0,0.0,26,12,9,1,17,2,7,0
337896,492,0.0,2.0,0.0,2,1,1,1,1,0,1,0
338767,1755,0.0,0.0,null,2,1,1,1,1,0,1,0
339357,3822,0.0,3.0,0.0,8,5,2,1,6,0,2,0
339360,2821,0.0,6.0,0.0,3,1,1,1,2,0,1,0
339378,1816,0.0,2.0,1.0,3,1,1,1,2,0,1,0
33940,4607,0.0,4.0,0.0,2,1,1,1,1,0,1,0
339781,416,0.0,5.0,2.0,5,1,1,1,4,0,1,0
340126,4173,0.0,4.0,0.0,12,7,5,4,10,0,1,1
34024,1543,0.0,0.0,0.0,5,1,1,2,4,0,1,0
340488,4847,1.0,2.0,0.0,2,1,1,2,1,0,1,0
340513,3971,0.0,3.0,2.0,7,2,1,1,6,0,1,0
340786,4942,0.0,4.0,0.0,7,1,1,1,6,0,1,0
340827,2459,0.0,3.0,0.0,1,1,1,1,0,0,1,0
3412,4382,0.0,4.0,1.0,4,1,1,1,2,0,2,0
341255,2791,0.0,0.0,1.0,18,7,3,1,16,0,2,0
341448,1613,0.0,2.0,0.0,2,1,1,1,1,0,1,0
341476,2036,0.0,2.0,1.0,1,1,1,1,0,0,1,0
341550,3163,0.0,2.0,1.0,4,1,1,1,2,0,2,0
342773,2175,0.0,0.0,0.0,3,2,2,1,2,0,1,0
343009,1203,0.0,3.0,0.0,33,8,3,5,31,0,1,1
343598,4079,0.0,4.0,0.0,2,1,1,1,1,0,1,0
343658,588,0.0,4.0,0.0,3,1,1,1,2,0,1,0
343821,1861,0.0,6.0,0.0,3,1,1,2,2,0,1,0
343846,2976,0.0,5.0,0.0,1,1,1,1,0,0,1,0
345016,4493,0.0,3.0,0.0,27,19,9,4,25,1,1,0
345580,742,0.0,3.0,0.0,2,1,1,1,1,0,1,0
346027,2422,0.0,3.0,0.0,6,3,2,1,5,0,1,0
346301,4173,0.0,8.0,0.0,67,21,8,10,55,0,2,10
346314,2136,0.0,3.0,0.0,31,15,3,3,29,0,2,0
346516,416,0.0,0.0,0.0,11,5,3,3,7,0,1,3
346548,4860,0.0,3.0,1.0,12,1,1,1,11,0,1,0
34656,2545,0.0,2.0,1.0,7,1,1,2,6,0,1,0
347125,2562,0.0,2.0,0.0,9,5,2,3,7,0,2,0
347142,3979,0.0,4.0,0.0,9,2,1,1,7,0,1,1
347240,2031,0.0,4.0,1.0,5,1,1,1,4,0,1,0
34731,3472,0.0,5.0,0.0,3,1,1,1,2,0,1,0
347487,3955,0.0,4.0,0.0,5,3,2,2,4,0,1,0
347669,3350,0.0,3.0,0.0,3,1,1,1,2,0,1,0
347671,1832,0.0,0.0,0.0,127,60,4,11,126,0,1,0
348293,2397,1.0,3.0,2.0,8,6,3,4,7,0,1,0
348604,1632,0.0,3.0,1.0,10,1,1,3,8,0,1,1
349208,4170,1.0,5.0,1.0,3,1,1,1,1,0,2,0
349563,4305,0.0,5.0,0.0,8,4,3,2,7,0,1,0
349610,2031,0.0,5.0,1.0,1,1,1,1,0,0,1,0
349654,2273,0.0,0.0,0.0,1,1,1,1,0,0,1,0
349718,1742,0.0,4.0,0.0,3,1,1,2,2,0,1,0
349948,1464,0.0,4.0,1.0,10,1,1,2,9,0,1,0
350314,416,0.0,6.0,1.0,16,9,3,2,14,0,2,0
351140,4079,0.0,3.0,1.0,4,2,1,1,2,0,2,0
351555,278,0.0,6.0,1.0,2,1,1,1,1,0,1,0
351683,2582,0.0,3.0,0.0,10,6,1,1,9,0,1,0
35188,1738,0.0,2.0,0.0,38,15,5,7,35,0,1,2
352049,4760,0.0,4.0,1.0,3,1,1,1,2,0,1,0
352073,4173,0.0,4.0,0.0,5,2,1,3,4,0,1,0
352086,4966,0.0,5.0,2.0,7,1,1,2,6,0,1,0
352413,4960,0.0,4.0,0.0,5,3,2,2,4,0,1,0
353421,3925,1.0,0.0,0.0,38,14,6,5,37,0,1,0
353847,2911,0.0,3.0,0.0,2,1,1,1,1,0,1,0
354198,2031,0.0,5.0,0.0,7,2,1,1,6,0,1,0
354708,3765,0.0,3.0,0.0,10,1,1,2,8,0,1,1
355080,1983,0.0,3.0,0.0,6,1,1,2,4,0,2,0
355330,3016,0.0,3.0,1.0,3,2,2,2,2,0,1,0
355567,1512,0.0,2.0,1.0,2,1,1,1,1,0,1,0
355922,4234,0.0,4.0,0.0,27,15,4,2,26,0,1,0
356134,684,0.0,4.0,0.0,2,1,1,1,1,0,1,0
356217,747,0.0,4.0,1.0,2,1,1,1,1,0,1,0
356985,1412,0.0,3.0,1.0,3,1,1,1,2,0,1,0
358468,1200,0.0,2.0,0.0,9,3,2,1,7,0,2,0
358636,1760,0.0,4.0,0.0,15,5,2,2,10,0,5,0
359176,4444,0.0,3.0,0.0,11,5,3,3,9,0,2,0
35937,1618,0.0,3.0,1.0,7,6,3,1,6,0,1,0
359920,4818,0.0,3.0,0.0,1,1,1,1,0,0,1,0
359989,3828,0.0,3.0,2.0,5,2,2,1,4,0,1,0
359998,1162,0.0,0.0,0.0,49,12,7,1,42,0,7,0
360121,4647,0.0,4.0,0.0,2,1,1,1,1,0,1,0
360376,2173,0.0,4.0,1.0,6,1,1,1,4,0,2,0
360393,4642,0.0,4.0,0.0,7,3,1,2,6,0,1,0
360433,4966,0.0,4.0,0.0,10,6,1,1,9,0,1,0
360557,416,0.0,0.0,0.0,3,1,1,1,2,0,1,0
360804,2668,1.0,6.0,0.0,6,1,1,1,4,0,2,0
360839,148,0.0,3.0,1.0,2,1,1,1,1,0,1,0
361038,1522,0.0,7.0,1.0,10,3,1,1,9,0,1,0
361924,416,0.0,4.0,0.0,1,1,1,1,0,0,1,0
362004,3734,0.0,3.0,0.0,17,8,1,1,15,0,1,1
362266,2128,0.0,3.0,0.0,1,1,1,1,0,0,1,0
362643,598,0.0,2.0,1.0,1,1,1,1,0,0,1,0
362727,1833,0.0,4.0,1.0,2,1,1,1,1,0,1,0
362883,1840,0.0,4.0,0.0,9,4,3,1,7,0,2,0
363573,4659,0.0,0.0,0.0,5,4,2,1,4,0,1,0
364046,4585,0.0,3.0,0.0,8,2,1,2,6,0,2,0
364101,1102,1.0,6.0,0.0,61,39,6,7,60,0,1,0
364243,2014,0.0,6.0,0.0,10,6,1,1,9,0,1,0
364395,2217,0.0,2.0,0.0,19,6,1,1,18,0,1,0
364578,4170,0.0,0.0,0.0,3,1,1,1,2,0,1,0
365044,4085,0.0,2.0,1.0,12,3,2,1,11,0,1,0
365208,2138,0.0,8.0,1.0,11,4,2,2,8,0,3,0
365386,3955,0.0,0.0,1.0,1,1,1,1,0,0,1,0
365582,3828,0.0,3.0,0.0,4,2,2,1,3,0,1,0
365691,3308,0.0,5.0,0.0,7,2,1,1,5,0,2,0
366172,2821,0.0,5.0,1.0,7,2,1,1,6,0,1,0
366177,1704,0.0,3.0,0.0,9,3,1,2,8,0,1,0
366306,747,0.0,3.0,0.0,1,1,1,1,0,0,1,0
366656,594,0.0,5.0,0.0,3,1,1,1,2,0,1,0
367086,598,0.0,3.0,1.0,20,12,3,4,18,1,1,0
367480,4494,0.0,0.0,0.0,1,1,1,1,0,0,1,0
367727,2668,0.0,0.0,0.0,3,1,1,1,2,0,1,0
368307,3619,0.0,5.0,1.0,4,1,1,1,3,0,1,0
368457,4370,0.0,5.0,0.0,1,1,1,1,0,0,1,0
369287,3621,0.0,4.0,1.0,4,1,1,1,2,0,1,1
369580,3862,0.0,2.0,0.0,2,1,1,1,1,0,1,0
369611,1666,0.0,6.0,0.0,18,13,6,5,16,0,2,0
370049,2397,0.0,0.0,0.0,8,2,1,1,7,0,1,0
3703,3820,0.0,4.0,1.0,6,1,1,1,5,0,1,0
370344,1640,0.0,0.0,0.0,3,2,2,1,2,0,1,0
37051,4173,0.0,5.0,1.0,25,14,5,9,24,0,1,0
370851,2403,0.0,4.0,1.0,19,8,4,4,16,0,2,1
371283,4976,0.0,3.0,0.0,18,8,3,6,15,0,1,2
371580,1840,0.0,6.0,1.0,2,1,1,1,0,0,1,1
371764,4987,0.0,2.0,0.0,3,1,1,1,2,0,1,0
3719,4049,0.0,0.0,0.0,3,1,1,1,2,0,1,0
372148,4519,0.0,4.0,0.0,3,1,1,1,2,0,1,0
372541,3319,0.0,0.0,0.0,16,4,3,2,12,0,3,1
372625,2108,0.0,3.0,2.0,12,4,1,3,11,0,1,0
372770,1875,1.0,5.0,0.0,11,5,3,2,7,0,1,3
372879,4558,0.0,7.0,1.0,6,2,1,1,4,0,2,0
372942,547,0.0,0.0,1.0,15,6,1,5,12,0,1,2
3740,603,0.0,2.0,0.0,20,14,4,1,19,0,1,0
374138,3971,0.0,3.0,0.0,5,3,1,1,4,0,1,0
374172,2994,0.0,2.0,0.0,12,2,1,1,10,0,2,0
375222,3986,0.0,3.0,2.0,3,1,1,1,2,0,1,0
375572,2026,0.0,0.0,null,1,1,1,1,0,0,1,0
375846,4438,0.0,6.0,0.0,5,1,1,2,4,0,1,0
376467,4378,0.0,5.0,1.0,10,3,1,1,9,0,1,0
376470,4282,1.0,6.0,1.0,8,8,3,3,7,0,1,0
376532,1432,1.0,0.0,0.0,4,1,1,1,3,0,1,0
376625,4760,0.0,0.0,1.0,14,5,1,2,10,0,1,3
376732,1056,0.0,4.0,0.0,15,14,8,6,13,0,2,0
377173,3291,0.0,0.0,0.0,4,1,1,1,2,0,2,0
377229,2465,0.0,3.0,0.0,3,3,3,1,0,0,2,1
377342,2081,0.0,0.0,0.0,3,2,1,2,2,0,1,0
377366,3536,0.0,6.0,1.0,7,1,1,2,5,0,1,1
377426,10,0.0,6.0,0.0,6,1,1,2,5,0,1,0
37753,3525,0.0,7.0,0.0,6,1,1,1,4,0,1,1
377825,798,0.0,0.0,0.0,1,1,1,1,0,0,1,0
378135,4589,0.0,0.0,0.0,2,1,1,1,1,0,1,0
378154,2360,0.0,3.0,2.0,3,1,1,1,2,0,1,0
378475,3323,1.0,6.0,0.0,7,3,1,1,6,0,1,0
3788,443,0.0,0.0,1.0,11,8,1,2,10,0,1,0
379152,4775,1.0,4.0,1.0,14,5,2,5,13,0,1,0
379234,41,0.0,4.0,0.0,26,14,2,2,25,0,1,0
379377,4049,0.0,0.0,1.0,9,3,2,3,8,0,1,0
379668,1808,0.0,5.0,0.0,6,2,1,2,5,0,1,0
380357,1133,0.0,4.0,1.0,6,1,1,2,5,0,1,0
3806,2583,0.0,0.0,0.0,15,3,2,2,13,0,2,0
380694,2138,0.0,3.0,0.0,5,2,2,3,3,0,2,0
381202,4966,0.0,5.0,0.0,9,5,3,2,8,0,1,0
381577,1782,0.0,4.0,0.0,2,1,1,1,1,0,1,0
381890,742,0.0,4.0,1.0,1,1,1,1,0,0,1,0
381906,2242,0.0,5.0,0.0,5,4,1,1,3,0,1,1
382045,534,0.0,6.0,0.0,8,2,1,3,6,0,1,1
382125,3029,0.0,0.0,1.0,3,1,1,1,2,0,1,0
382769,4150,0.0,3.0,0.0,4,1,1,2,2,0,1,1
382926,2939,0.0,5.0,0.0,6,1,1,3,0,0,4,2
383394,586,1.0,4.0,0.0,15,11,2,1,14,0,1,0
383419,2099,0.0,5.0,0.0,4,2,2,1,2,0,2,0
38356,4728,0.0,7.0,0.0,9,4,3,1,8,0,1,0
384352,121,0.0,0.0,1.0,15,10,3,1,13,0,2,0
38438,1056,0.0,4.0,0.0,5,1,1,1,4,0,1,0
384607,3168,0.0,5.0,1.0,5,1,1,1,4,0,1,0
384887,3828,0.0,3.0,0.0,28,11,6,6,25,0,2,1
384893,219,0.0,4.0,0.0,10,3,1,2,6,0,2,2
385119,2565,0.0,3.0,1.0,7,2,2,3,6,0,1,0
38537,3826,0.0,3.0,1.0,6,1,1,2,4,0,2,0
385486,4358,0.0,5.0,0.0,9,5,1,1,8,0,1,0
386001,3578,0.0,0.0,1.0,3,1,1,1,2,0,1,0
386363,2565,0.0,4.0,0.0,4,1,1,1,3,0,1,0
386591,2099,0.0,0.0,0.0,8,2,2,3,7,0,1,0
387141,4724,0.0,0.0,0.0,2,1,1,1,1,0,1,0
387966,962,0.0,3.0,1.0,3,2,1,1,2,0,1,0
388298,1892,0.0,3.0,1.0,17,9,5,2,13,0,4,0
388702,168,0.0,3.0,0.0,6,2,1,1,5,0,1,0
388729,4048,0.0,0.0,0.0,27,9,1,2,23,0,1,3
388869,2031,0.0,4.0,1.0,5,1,1,1,4,0,1,0
389238,2709,0.0,6.0,1.0,6,1,1,2,5,0,1,0
389901,4840,0.0,2.0,1.0,2,1,1,1,1,0,1,0
390414,786,0.0,7.0,0.0,9,5,3,1,7,0,2,0
390421,3763,0.0,3.0,0.0,2,2,1,1,0,0,2,0
390734,2922,0.0,0.0,0.0,7,1,1,2,6,0,1,0
391649,1618,0.0,3.0,0.0,1,1,1,1,0,0,1,0
391723,3161,0.0,3.0,0.0,22,5,2,6,20,0,1,1
391758,2031,0.0,2.0,0.0,5,1,1,3,3,0,1,1
392275,3898,0.0,4.0,1.0,17,6,1,1,16,0,1,0
392290,3650,0.0,3.0,1.0,6,3,1,1,5,0,1,0
392521,3363,0.0,2.0,0.0,4,1,1,1,3,0,1,0
393063,4783,0.0,0.0,0.0,4,2,1,1,3,0,1,0
393158,1565,0.0,3.0,1.0,4,1,1,2,3,0,1,0
393753,1467,0.0,7.0,0.0,16,2,1,1,15,0,1,0
393860,2928,0.0,5.0,1.0,11,5,2,2,10,0,1,0
394418,3484,0.0,0.0,1.0,13,3,1,5,9,0,1,3
394598,4708,0.0,4.0,0.0,3,3,3,1,0,0,3,0
395087,3525,0.0,0.0,1.0,4,1,1,1,2,0,1,1
395291,784,0.0,3.0,0.0,4,1,1,2,2,0,1,1
395704,4992,0.0,3.0,1.0,2,1,1,1,1,0,1,0
395822,2954,0.0,3.0,0.0,2,1,1,1,1,0,1,0
39605,1102,0.0,2.0,0.0,31,19,8,12,22,0,1,8
396208,2545,1.0,5.0,1.0,51,11,3,4,45,0,1,5
396493,2668,0.0,2.0,0.0,3,2,1,1,2,0,1,0
397906,2283,0.0,0.0,0.0,7,4,1,1,6,0,1,0
398069,1861,0.0,4.0,0.0,8,1,1,1,6,0,1,1
398341,361,0.0,5.0,0.0,5,1,1,1,4,0,1,0
398461,4659,1.0,3.0,0.0,1,1,1,1,0,0,1,0
398470,2047,0.0,4.0,0.0,2,1,1,1,1,0,1,0
39871,2642,1.0,5.0,1.0,7,3,2,1,6,0,1,0
398902,66,0.0,4.0,1.0,1,1,1,1,0,0,1,0
398904,742,0.0,4.0,1.0,2,1,1,1,0,0,1,1
398988,2954,0.0,5.0,1.0,12,4,3,1,8,0,4,0
399062,2592,0.0,0.0,1.0,1,1,1,1,0,0,1,0
399178,3098,0.0,3.0,0.0,4,1,1,2,3,0,1,0
399325,4760,0.0,0.0,1.0,6,2,2,1,4,0,2,0
399409,1816,0.0,3.0,0.0,11,3,3,1,9,0,2,0
399414,1049,1.0,0.0,1.0,2,1,1,1,1,0,1,0
399453,4960,1.0,0.0,0.0,2,1,1,1,1,0,1,0
399736,2217,0.0,0.0,null,18,4,1,1,17,0,1,0
40042,2565,0.0,6.0,0.0,4,3,1,1,2,0,2,0
400867,4280,0.0,0.0,0.0,4,2,1,3,2,0,1,1
402317,2031,0.0,5.0,0.0,25,4,3,3,21,0,2,2
402359,721,0.0,3.0,1.0,1,1,1,1,0,0,1,0
402417,740,0.0,5.0,1.0,22,11,5,2,18,0,4,0
402469,2194,0.0,2.0,1.0,8,1,1,3,6,0,1,1
403044,4585,0.0,5.0,1.0,42,18,6,1,40,0,2,0
403054,3956,0.0,3.0,0.0,19,7,4,2,15,0,2,2
403894,1487,0.0,3.0,0.0,18,6,1,1,17,0,1,0
404092,4732,0.0,3.0,1.0,44,16,3,3,43,0,1,0
404316,2242,0.0,5.0,1.0,12,6,3,2,9,0,3,0
405127,2545,0.0,3.0,0.0,17,7,3,3,16,0,1,0
405164,1090,0.0,3.0,0.0,15,5,1,3,13,0,1,1
405418,4724,0.0,6.0,0.0,4,1,1,3,2,0,1,1
406385,2768,0.0,4.0,1.0,3,1,1,2,2,0,1,0
406673,4044,0.0,0.0,1.0,2,1,1,1,1,0,1,0
407031,786,0.0,2.0,0.0,17,1,1,2,16,0,1,0
407220,1250,0.0,5.0,0.0,71,22,3,2,66,0,5,0
407674,474,0.0,3.0,0.0,16,12,11,2,8,0,8,0
407832,66,0.0,4.0,1.0,1,1,1,1,0,0,1,0
408162,102,0.0,0.0,0.0,19,2,1,4,18,0,1,0
408248,3623,0.0,0.0,0.0,4,1,1,2,2,0,1,1
408514,4659,0.0,2.0,0.0,1,1,1,1,0,0,1,0
4099,2537,0.0,3.0,1.0,4,1,1,2,2,0,1,1
409984,2828,1.0,6.0,0.0,21,9,2,1,18,0,3,0
41011,2283,0.0,3.0,0.0,9,5,1,1,8,0,1,0
41025,1487,0.0,3.0,0.0,20,6,1,2,18,0,1,1
410372,2721,0.0,3.0,0.0,10,4,1,1,9,0,1,0
410730,3826,1.0,3.0,1.0,4,2,1,1,3,0,1,0
410803,4450,0.0,5.0,0.0,1,1,1,1,0,0,1,0
41103,2608,0.0,0.0,0.0,7,3,1,1,5,0,2,0
41119,3258,0.0,4.0,0.0,4,2,1,1,3,0,1,0
411790,1013,0.0,6.0,0.0,3,2,1,1,2,0,1,0
411922,2273,0.0,0.0,0.0,5,1,1,2,2,0,1,2
412250,2003,0.0,2.0,null,1,1,1,1,0,0,1,0
412291,2592,0.0,3.0,0.0,6,1,1,2,4,0,1,1
412838,4171,0.0,4.0,1.0,6,2,1,1,4,0,2,0
412977,2138,0.0,2.0,0.0,18,8,4,4,15,0,1,2
413085,2991,0.0,5.0,0.0,3,1,1,1,2,0,1,0
413127,2447,0.0,4.0,0.0,6,3,1,1,5,0,1,0
413240,1840,0.0,5.0,0.0,15,7,1,1,12,0,3,0
413400,4305,0.0,3.0,0.0,8,3,2,2,7,0,1,0
413479,598,0.0,3.0,1.0,22,14,5,10,21,0,1,0
413634,4793,0.0,2.0,1.0,2,1,1,1,1,0,1,0
413914,4744,0.0,2.0,1.0,3,1,1,2,1,0,1,1
414407,4042,0.0,4.0,0.0,7,1,1,1,5,0,2,0
416406,2664,0.0,3.0,0.0,33,28,5,1,32,0,1,0
416443,1193,0.0,0.0,0.0,3,1,1,1,2,0,1,0
416515,2173,0.0,0.0,0.0,2,1,1,2,1,0,1,0
416917,1359,0.0,3.0,0.0,2,1,1,1,1,0,1,0
416978,2361,0.0,4.0,0.0,4,1,1,2,3,0,1,0
417524,3578,0.0,5.0,0.0,4,1,1,1,3,0,1,0
417626,4745,0.0,4.0,1.0,5,1,1,2,4,0,1,0
418157,1755,0.0,3.0,1.0,1,1,1,1,0,0,1,0
418314,2348,0.0,4.0,0.0,2,1,1,1,1,0,1,0
418472,4465,0.0,0.0,0.0,13,3,1,1,11,0,2,0
418626,2556,0.0,5.0,0.0,4,1,1,1,3,0,1,0
418923,1399,0.0,3.0,0.0,14,4,1,2,13,0,1,0
419407,1916,0.0,3.0,1.0,19,8,1,2,17,0,2,0
420254,4354,0.0,4.0,0.0,9,4,1,1,8,0,1,0
420887,1642,0.0,0.0,1.0,2,1,1,1,1,0,1,0
421039,2124,0.0,2.0,0.0,28,7,2,3,27,0,1,0
421275,3835,0.0,5.0,0.0,10,4,2,1,8,0,2,0
421600,3022,0.0,2.0,1.0,9,2,1,1,7,0,2,0
421673,3014,0.0,0.0,0.0,2,1,1,1,1,0,1,0
422311,3305,0.0,3.0,1.0,8,1,1,1,7,0,1,0
422379,827,0.0,4.0,0.0,2,1,1,1,1,0,1,0
422463,4610,0.0,2.0,0.0,8,1,1,2,7,0,1,0
42282,1272,0.0,0.0,null,30,14,4,5,24,0,1,5
423071,1243,0.0,4.0,1.0,5,1,1,2,3,0,1,1
423096,2217,0.0,0.0,1.0,5,1,1,1,4,0,1,0
423184,4322,0.0,3.0,0.0,2,1,1,1,0,0,1,1
423208,1467,0.0,3.0,0.0,7,2,1,2,6,0,1,0
423449,104,0.0,0.0,0.0,6,1,1,2,5,0,1,0
423942,3693,0.0,3.0,1.0,4,2,1,1,3,0,1,0
42443,747,0.0,3.0,0.0,6,2,1,1,4,0,1,1
42504,1429,0.0,4.0,0.0,1,1,1,1,0,0,1,0
42935,3310,0.0,3.0,0.0,3,1,1,1,1,0,2,0
43384,474,0.0,5.0,0.0,19,6,4,3,18,0,1,0
43973,3734,1.0,0.0,1.0,19,7,4,1,18,0,1,0
44181,426,0.0,null,null,6,1,1,2,5,0,1,0
44530,1285,0.0,3.0,2.0,21,5,1,4,19,0,1,1
44840,2721,0.0,6.0,1.0,10,2,2,1,9,0,1,0
44983,2664,0.0,3.0,0.0,10,7,2,1,9,0,1,0
45051,1200,0.0,3.0,1.0,16,6,2,2,9,0,7,0
45355,2318,0.0,3.0,0.0,7,2,1,2,5,0,1,1
45659,29,0.0,3.0,0.0,12,5,1,1,11,0,1,0
46489,4173,0.0,3.0,0.0,1,1,1,1,0,0,1,0
47324,1884,0.0,0.0,0.0,33,15,3,1,31,0,2,0
47910,2173,0.0,6.0,0.0,2,1,1,1,1,0,1,0
48060,2562,0.0,5.0,1.0,4,1,1,3,3,0,1,0
48078,4768,0.0,0.0,0.0,14,7,2,1,13,0,1,0
48089,4305,0.0,3.0,0.0,11,4,2,4,10,0,1,0
48511,1891,0.0,0.0,0.0,2,1,1,1,0,0,2,0
48598,2565,0.0,0.0,0.0,3,1,1,1,2,0,1,0
48962,2565,0.0,3.0,0.0,2,1,1,1,1,0,1,0
49143,3689,0.0,4.0,0.0,10,5,3,2,7,0,3,0
49311,4993,0.0,2.0,0.0,7,5,1,3,6,0,1,0
4945,2505,0.0,0.0,1.0,7,4,1,2,5,0,1,1
49520,2305,0.0,4.0,0.0,16,5,3,4,13,0,3,0
49683,4044,0.0,3.0,0.0,79,31,4,10,66,0,1,12
50946,2545,0.0,3.0,0.0,3,1,1,1,2,0,1,0
5135,2447,0.0,4.0,1.0,18,7,1,1,17,0,1,0
51357,4471,0.0,3.0,0.0,6,2,1,3,4,0,2,0
51383,4372,0.0,0.0,0.0,10,4,2,1,8,0,1,1
51569,4600,0.0,5.0,1.0,5,3,2,1,4,0,1,0
51947,3230,0.0,3.0,1.0,5,2,1,1,4,0,1,0
5221,4854,0.0,2.0,2.0,4,1,1,1,3,0,1,0
5263,2318,0.0,4.0,1.0,10,5,2,1,9,0,1,0
52663,3955,0.0,3.0,1.0,1,1,1,1,0,0,1,0
52943,1393,0.0,2.0,0.0,65,21,5,7,58,0,1,6
53339,1054,0.0,3.0,1.0,2,1,1,1,1,0,1,0
53503,2562,0.0,3.0,1.0,3,1,1,1,2,0,1,0
53703,4417,0.0,3.0,1.0,3,1,1,1,2,0,1,0
5446,121,0.0,0.0,1.0,25,20,8,3,23,0,2,0
54835,4043,1.0,3.0,0.0,11,7,4,1,8,0,3,0
55274,133,0.0,0.0,null,4,1,1,2,3,0,1,0
55487,3968,0.0,0.0,0.0,4,2,2,2,2,0,2,0
55578,3875,0.0,0.0,0.0,2,1,1,1,1,0,1,0
56097,897,0.0,4.0,2.0,4,1,1,1,3,0,1,0
56795,2348,0.0,4.0,0.0,7,1,1,1,6,0,1,0
57232,10,0.0,5.0,0.0,21,13,5,4,15,0,2,4
5752,1472,0.0,3.0,0.0,2,1,1,1,1,0,1,0
57833,4858,0.0,4.0,1.0,1,1,1,1,0,0,1,0
57843,4427,0.0,0.0,null,2,1,1,2,1,0,1,0
58225,3334,0.0,6.0,1.0,2,1,1,1,1,0,1,0
58421,14,0.0,0.0,0.0,23,12,5,1,22,0,1,0
58477,1305,0.0,7.0,0.0,1,1,1,1,0,0,1,0
58800,4976,0.0,2.0,0.0,77,24,6,2,75,0,2,0
58881,804,0.0,3.0,0.0,4,2,1,1,3,0,1,0
59837,1621,0.0,0.0,1.0,3,1,1,2,2,0,1,0
60168,4044,0.0,3.0,0.0,22,6,2,2,20,0,1,1
6023,1712,0.0,3.0,2.0,6,1,1,1,5,0,1,0
60655,2670,0.0,3.0,0.0,2,1,1,1,1,0,1,0
60859,4372,0.0,6.0,0.0,9,3,2,2,8,0,1,0
60875,3538,0.0,0.0,0.0,2,1,1,1,1,0,1,0
61252,4793,0.0,3.0,0.0,6,1,1,1,5,0,1,0
61441,416,0.0,5.0,0.0,37,29,8,5,34,0,3,0
6191,2668,0.0,0.0,0.0,4,1,1,1,2,0,2,0
61974,3181,0.0,4.0,null,2,1,1,1,1,0,1,0
62060,350,0.0,4.0,0.0,26,5,1,4,25,0,1,0
62067,2102,0.0,0.0,0.0,6,3,2,1,4,0,2,0
62122,2313,0.0,4.0,0.0,11,3,2,1,10,0,1,0
6221,2273,0.0,6.0,0.0,6,2,1,1,5,0,1,0
62927,3734,0.0,0.0,1.0,25,8,4,1,24,0,1,0
62981,1557,0.0,4.0,2.0,4,3,2,1,3,0,1,0
62995,1653,0.0,7.0,1.0,7,4,2,1,4,0,3,0
63361,4687,0.0,2.0,1.0,7,2,1,1,5,0,2,0
63606,841,0.0,5.0,1.0,2,1,1,2,1,0,1,0
63643,3893,0.0,4.0,1.0,13,9,2,1,12,0,1,0
63834,4049,0.0,3.0,0.0,4,1,1,1,3,0,1,0
64108,98,0.0,4.0,0.0,1,1,1,1,0,0,1,0
64410,4560,0.0,0.0,1.0,8,2,1,3,4,1,1,2
64734,1096,0.0,4.0,1.0,7,2,1,1,6,0,1,0
64922,133,0.0,0.0,1.0,8,3,1,2,7,0,1,0
65792,747,0.0,6.0,0.0,2,1,1,1,1,0,1,0
65935,4385,0.0,6.0,0.0,6,1,1,1,5,0,1,0
66242,2608,0.0,6.0,1.0,1,1,1,1,0,0,1,0
66388,3350,0.0,3.0,0.0,6,2,1,1,5,0,1,0
6707,4864,0.0,5.0,1.0,4,4,1,1,2,0,2,0
67313,3578,0.0,0.0,1.0,48,16,3,3,42,0,3,3
67444,1272,0.0,7.0,1.0,2,1,1,1,1,0,1,0
67608,2128,0.0,0.0,1.0,3,1,1,1,2,0,1,0
67729,4173,0.0,2.0,0.0,14,10,2,1,13,0,1,0
67784,102,0.0,3.0,1.0,8,2,2,2,6,0,1,1
68535,1597,0.0,6.0,0.0,1,1,1,1,0,0,1,0
69055,2229,0.0,3.0,0.0,28,17,10,4,25,0,3,0
69213,4850,0.0,0.0,0.0,11,9,4,1,9,0,2,0
70299,4044,0.0,4.0,0.0,11,6,2,1,8,0,3,0
70367,191,0.0,6.0,0.0,28,14,2,1,27,0,1,0
70581,3734,0.0,3.0,2.0,15,2,1,3,11,0,1,3
70877,3826,0.0,2.0,1.0,3,1,1,1,1,0,1,1
71454,1102,0.0,4.0,1.0,4,1,1,1,3,0,1,0
71596,1356,0.0,3.0,1.0,1,1,1,1,0,0,1,0
72026,416,0.0,null,null,11,8,4,1,10,0,1,0
72090,552,0.0,3.0,0.0,8,3,1,2,7,0,1,0
72369,1393,1.0,2.0,0.0,46,20,6,4,40,0,5,1
72561,4143,0.0,4.0,0.0,36,26,5,9,33,0,1,2
72603,1116,1.0,6.0,0.0,1,1,1,1,0,0,1,0
72741,3635,0.0,3.0,0.0,2,1,1,1,1,0,1,0
73080,4220,0.0,6.0,1.0,3,1,1,2,2,0,1,0
7317,598,0.0,6.0,0.0,14,9,3,2,12,0,1,1
73398,2238,0.0,3.0,0.0,4,1,1,2,3,0,1,0
7366,698,0.0,4.0,0.0,5,3,1,1,4,0,1,0
73751,3016,1.0,4.0,null,28,21,10,2,25,0,2,1
73893,3607,0.0,3.0,1.0,9,4,2,2,8,0,1,0
7482,3236,0.0,0.0,0.0,3,1,1,1,2,0,1,0
75102,4129,0.0,0.0,0.0,2,2,2,1,0,0,2,0
75213,98,0.0,6.0,0.0,22,8,2,4,20,0,1,1
75297,2313,0.0,3.0,2.0,7,1,1,3,6,0,1,0
76046,4270,0.0,5.0,0.0,4,1,1,1,3,0,1,0
76404,2537,0.0,2.0,0.0,13,3,3,2,12,0,1,0
76680,1415,0.0,2.0,0.0,4,1,1,1,3,0,1,0
76716,1892,0.0,4.0,0.0,20,11,3,4,17,0,1,2
76820,4735,0.0,2.0,1.0,6,1,1,3,4,0,1,1
77050,2397,0.0,3.0,0.0,4,2,2,1,3,0,1,0
77157,597,0.0,6.0,1.0,13,1,1,1,12,0,1,0
78703,4270,0.0,4.0,2.0,57,24,6,4,54,0,3,0
78713,2664,0.0,0.0,1.0,3,1,1,1,2,0,1,0
7882,2108,0.0,0.0,0.0,8,3,1,1,6,0,2,0
78878,4933,0.0,4.0,0.0,1,1,1,1,0,0,1,0
78963,4860,0.0,6.0,1.0,2,1,1,1,0,0,2,0
79264,4648,0.0,0.0,0.0,5,1,1,1,3,0,2,0
79343,742,0.0,7.0,0.0,2,1,1,1,1,0,1,0
8019,26,1.0,0.0,1.0,8,3,1,1,7,0,1,0
8158,2938,0.0,5.0,0.0,6,5,3,1,5,0,1,0
81836,3898,0.0,3.0,0.0,1,1,1,1,0,0,1,0
81998,4648,0.0,2.0,0.0,10,2,2,2,8,0,1,1
82251,1467,0.0,0.0,0.0,3,1,1,1,2,0,1,0
825,4841,0.0,0.0,0.0,3,1,1,1,2,0,1,0
82517,3974,0.0,0.0,0.0,8,1,1,2,7,0,1,0
83011,310,0.0,3.0,0.0,2,1,1,1,1,0,1,0
83340,3476,0.0,5.0,0.0,6,2,1,1,5,0,1,0
83521,3682,0.0,3.0,0.0,21,5,1,1,15,0,1,5
83620,4950,0.0,0.0,2.0,1,1,1,1,0,0,1,0
83720,2273,0.0,0.0,1.0,6,4,1,1,5,0,1,0
8375,1272,0.0,5.0,0.0,19,14,5,1,16,0,3,0
83864,4219,0.0,5.0,0.0,3,1,1,1,2,0,1,0
84843,1673,0.0,3.0,1.0,5,1,1,2,4,0,1,0
85513,4424,0.0,4.0,1.0,2,1,1,1,1,0,1,0
85833,4871,0.0,2.0,1.0,11,1,1,2,10,0,1,0
85931,4585,0.0,3.0,1.0,7,2,1,1,6,0,1,0
86313,4765,0.0,6.0,0.0,2,1,1,1,0,0,2,0
86533,3826,0.0,3.0,1.0,2,1,1,2,1,0,1,0
86585,2709,0.0,0.0,1.0,7,1,1,1,6,0,1,0
87020,1131,0.0,0.0,1.0,3,2,2,2,2,0,1,0
87065,3622,0.0,0.0,1.0,4,1,1,1,3,0,1,0
87076,2805,0.0,3.0,0.0,10,2,1,2,9,0,1,0
87611,2794,0.0,2.0,0.0,13,10,3,2,11,0,2,0
8821,252,0.0,5.0,0.0,6,1,1,2,5,0,1,0
88335,46,1.0,3.0,0.0,2,2,1,2,0,0,1,1
88398,643,0.0,6.0,1.0,1,1,1,1,0,0,1,0
885,606,0.0,0.0,0.0,4,2,2,1,3,0,1,0
88577,4282,0.0,3.0,0.0,4,1,1,1,3,0,1,0
8897,3329,0.0,3.0,0.0,4,2,1,2,2,1,1,0
89543,3912,0.0,6.0,0.0,1,1,1,1,0,0,1,0
89661,1102,0.0,3.0,0.0,1,1,1,1,0,0,1,0
89788,2173,0.0,5.0,1.0,44,12,1,2,37,0,2,5
89967,2935,0.0,0.0,0.0,4,1,1,2,3,0,1,0
90106,1875,0.0,4.0,1.0,35,23,5,5,33,0,1,1
90542,2459,0.0,6.0,1.0,8,4,2,2,6,0,1,1
90837,1721,0.0,5.0,0.0,4,2,2,2,3,0,1,0
91217,141,0.0,5.0,0.0,11,1,1,3,10,0,1,0
91787,1978,0.0,2.0,1.0,19,10,2,3,18,0,1,0
91797,4724,0.0,0.0,1.0,2,1,1,1,1,0,1,0
92115,598,0.0,4.0,1.0,30,12,4,10,26,0,1,3
92543,3971,0.0,3.0,1.0,4,1,1,1,3,0,1,0
9287,2537,0.0,3.0,0.0,15,8,4,1,12,0,3,0
9307,4394,0.0,3.0,1.0,3,1,1,1,2,0,1,0
93534,938,0.0,4.0,0.0,6,1,1,2,4,0,1,1
93711,4335,0.0,5.0,0.0,2,1,1,1,1,0,1,0
94607,2066,0.0,0.0,0.0,24,13,1,1,22,0,1,1
94870,1647,0.0,3.0,0.0,1,1,1,1,0,0,1,0
94978,2928,0.0,0.0,0.0,30,6,1,1,29,0,1,0
9516,724,0.0,0.0,1.0,2,1,1,1,1,0,1,0
95409,742,0.0,3.0,1.0,24,9,5,3,21,0,1,2
95630,1916,0.0,3.0,0.0,9,4,1,2,8,0,1,0
9599,2497,0.0,0.0,1.0,4,1,1,1,3,0,1,0
96295,1890,0.0,5.0,0.0,11,2,1,3,9,0,1,1
96377,608,0.0,0.0,0.0,21,7,3,1,18,0,3,0
96547,946,0.0,4.0,0.0,32,10,2,2,29,0,3,0
97021,4043,0.0,6.0,0.0,8,6,3,1,7,0,1,0
97173,1416,0.0,4.0,0.0,5,1,1,1,4,0,1,0
97193,3418,0.0,5.0,1.0,9,3,2,1,8,0,1,0
9750,4919,0.0,3.0,0.0,9,4,3,2,7,0,1,1
97692,1963,0.0,4.0,0.0,37,21,2,3,36,0,1,0
97704,2721,0.0,4.0,0.0,7,6,1,5,3,0,1,3
97862,740,0.0,3.0,1.0,7,2,1,1,5,0,2,0
98064,1031,0.0,4.0,1.0,4,2,1,1,3,0,1,0
98138,4818,0.0,2.0,1.0,5,3,2,2,4,0,1,0
9847,4955,0.0,2.0,1.0,7,4,1,1,6,0,1,0
98532,2193,0.0,5.0,0.0,8,1,1,1,7,0,1,0
9858,3536,0.0,5.0,1.0,4,1,1,3,3,0,1,0
99226,4444,0.0,4.0,0.0,10,3,2,1,8,0,2,0
9950,66,0.0,0.0,0.0,3,2,1,2,2,0,1,0
99559,3163,0.0,0.0,1.0,2,1,1,1,1,0,1,0
99934,4079,0.0,5.0,1.0,2,1,1,1,0,0,2,0
