100014,1073,1.0,6.0,0.0,1,1,1,1,0,0,1,0
100306,3839,0.0,6.0,0.0,17,8,3,3,14,0,1,2
100540,366,0.0,2.0,0.0,21,5,2,3,20,0,1,0
10072,1487,0.0,5.0,0.0,3,1,1,1,2,0,1,0
100750,2669,0.0,0.0,0.0,8,3,3,1,6,0,2,0
100892,4829,0.0,3.0,0.0,14,3,1,1,13,0,1,0
10091,643,0.0,3.0,1.0,5,1,1,2,4,0,1,0
101075,121,0.0,4.0,0.0,4,1,1,1,3,0,1,0
101868,1583,0.0,3.0,0.0,8,2,1,3,7,0,1,0
101874,1472,0.0,4.0,0.0,1,1,1,1,0,0,1,0
102116,2242,0.0,4.0,0.0,46,18,5,2,34,0,6,6
102229,653,0.0,3.0,1.0,2,1,1,1,1,0,1,0
102408,2482,0.0,3.0,1.0,3,1,1,1,2,0,1,0
102453,3734,0.0,2.0,0.0,25,12,3,1,23,0,2,0
102554,731,0.0,5.0,0.0,2,1,1,1,1,0,1,0
102918,121,0.0,4.0,0.0,9,6,4,1,8,0,1,0
103220,3784,0.0,6.0,0.0,8,1,1,1,7,0,1,0
103922,2669,0.0,4.0,0.0,3,1,1,1,2,0,1,0
10397,3392,0.0,3.0,0.0,2,1,1,1,1,0,1,0
103973,2699,0.0,4.0,0.0,63,23,6,1,61,0,2,0
10401,4022,0.0,5.0,0.0,12,4,1,2,11,0,1,0
104059,4048,0.0,6.0,0.0,28,5,1,2,27,0,1,0
104522,2393,0.0,6.0,1.0,14,8,5,3,12,0,1,1
104611,4207,0.0,0.0,null,5,2,1,1,4,0,1,0
104702,3635,0.0,4.0,0.0,3,1,1,1,2,0,1,0
105022,1102,0.0,3.0,1.0,106,1,1,2,105,0,1,0
105134,1076,0.0,3.0,0.0,5,1,1,3,4,0,1,0
105249,963,0.0,2.0,1.0,7,3,1,3,6,0,1,0
105410,2840,0.0,4.0,0.0,4,3,3,1,2,0,2,0
106179,1393,0.0,3.0,0.0,18,5,3,2,15,0,1,2
106212,2158,0.0,4.0,0.0,13,4,4,1,11,0,2,0
106504,4049,0.0,4.0,0.0,5,2,2,1,3,0,2,0
106676,4044,0.0,2.0,0.0,6,1,1,2,5,0,1,0
106711,2031,0.0,4.0,0.0,3,1,1,1,2,0,1,0
10686,4672,0.0,3.0,0.0,1,1,1,1,0,0,1,0
107047,2284,0.0,5.0,0.0,12,1,1,4,11,0,1,0
107132,4015,0.0,5.0,1.0,3,1,1,1,2,0,1,0
107610,3990,0.0,0.0,0.0,3,1,1,1,2,0,1,0
108893,4044,0.0,3.0,0.0,6,3,1,4,5,0,1,0
108939,3862,0.0,3.0,0.0,1,1,1,1,0,0,1,0
109004,114,0.0,6.0,0.0,13,6,1,3,12,0,1,0
109084,2639,0.0,5.0,0.0,40,17,8,2,34,0,4,2
109348,1679,0.0,4.0,0.0,23,17,4,1,21,0,1,1
109402,1618,0.0,4.0,0.0,1,1,1,1,0,0,1,0
109657,2589,0.0,3.0,1.0,15,4,3,1,11,0,3,1
109928,358,0.0,0.0,0.0,2,1,1,1,1,0,1,0
110484,3585,0.0,3.0,1.0,22,5,1,3,21,0,1,0
11078,4042,0.0,4.0,0.0,16,3,2,5,15,0,1,0
110789,4993,0.0,0.0,0.0,7,2,1,2,6,0,1,0
110960,66,0.0,3.0,0.0,11,4,1,3,9,0,1,1
111215,1749,0.0,3.0,0.0,18,3,2,3,17,0,1,0
111356,1522,0.0,4.0,1.0,4,3,1,2,3,0,1,0
111496,2436,0.0,4.0,0.0,22,10,6,1,19,0,3,0
111692,141,0.0,0.0,0.0,81,46,11,4,78,0,2,1
111770,1272,0.0,0.0,0.0,11,6,4,1,10,0,1,0
111780,3420,0.0,0.0,0.0,4,1,1,1,3,0,1,0
112359,4708,0.0,3.0,0.0,16,10,7,2,0,0,6,10
112381,1102,0.0,3.0,0.0,8,5,3,2,6,0,2,0
112812,66,0.0,3.0,0.0,25,2,1,8,23,0,1,1
113395,2856,0.0,3.0,0.0,3,1,1,1,2,0,1,0
114370,1412,0.0,3.0,0.0,24,3,1,1,22,0,2,0
114515,4480,0.0,4.0,1.0,2,1,1,1,1,0,1,0
114582,794,0.0,0.0,0.0,43,14,2,2,42,0,1,0
114655,2565,0.0,5.0,0.0,2,1,1,1,1,0,1,0
115316,222,0.0,4.0,0.0,3,2,2,1,1,0,2,0
115375,2099,1.0,0.0,0.0,3,1,1,1,2,0,1,0
115464,14,0.0,0.0,0.0,3,1,1,1,2,0,1,0
11564,474,0.0,4.0,1.0,1,1,1,1,0,0,1,0
115770,433,0.0,3.0,0.0,9,5,1,1,7,0,2,0
116484,3085,0.0,4.0,0.0,2,1,1,1,0,0,2,0
116788,2755,0.0,2.0,1.0,4,1,1,1,2,0,1,1
11707,4976,0.0,2.0,1.0,7,3,2,1,6,0,1,0
117386,1117,0.0,4.0,0.0,2,1,1,1,1,0,1,0
117943,1454,0.0,2.0,0.0,7,1,1,4,4,0,1,2
118196,1203,0.0,5.0,0.0,35,13,6,3,29,0,6,0
118286,630,0.0,0.0,0.0,63,29,12,3,61,0,2,0
118921,3383,0.0,4.0,0.0,2,1,1,1,1,0,1,0
120050,1520,0.0,4.0,0.0,1,1,1,1,0,0,1,0
120285,1379,0.0,5.0,0.0,6,2,2,3,4,0,2,0
1204,1530,0.0,3.0,1.0,1,1,1,1,0,0,1,0
120405,4976,0.0,0.0,0.0,7,4,3,1,5,0,2,0
120461,3319,0.0,0.0,0.0,17,12,5,3,5,0,4,8
120483,66,0.0,2.0,1.0,1,1,1,1,0,0,1,0
12089,598,1.0,6.0,1.0,40,17,2,6,37,0,1,2
121018,4577,0.0,4.0,1.0,23,11,10,1,17,0,6,0
121831,4938,0.0,2.0,0.0,6,1,1,2,5,0,1,0
121843,4044,0.0,3.0,0.0,14,8,4,3,13,0,1,0
121888,1661,0.0,3.0,0.0,2,1,1,1,1,0,1,0
121912,1223,0.0,3.0,1.0,4,1,1,1,3,0,1,0
121922,2303,0.0,0.0,1.0,3,1,1,2,2,0,1,0
12201,4294,0.0,5.0,1.0,3,1,1,1,2,0,1,0
122421,2473,0.0,2.0,1.0,27,9,2,1,26,0,1,0
122959,747,0.0,3.0,0.0,2,1,1,1,1,0,1,0
1231,1892,0.0,4.0,0.0,20,11,3,1,19,0,1,0
123173,2936,0.0,0.0,0.0,4,1,1,1,3,0,1,0
12321,4044,0.0,2.0,1.0,46,26,4,4,42,0,1,3
123865,4325,0.0,3.0,0.0,7,3,2,2,6,0,1,0
124936,361,0.0,6.0,0.0,20,8,4,1,18,0,2,0
125200,219,0.0,0.0,0.0,12,4,1,1,10,0,2,0
125288,2051,0.0,3.0,0.0,1,1,1,1,0,0,1,0
125927,1573,0.0,3.0,1.0,10,2,1,2,7,2,1,0
12664,2915,0.0,4.0,1.0,3,2,2,2,1,0,2,0
126883,2232,0.0,2.0,0.0,3,1,1,1,2,0,1,0
127220,742,0.0,0.0,0.0,18,9,4,3,17,0,1,0
127334,1068,0.0,3.0,1.0,10,5,2,1,8,0,2,0
127410,1056,0.0,3.0,0.0,22,5,5,4,15,0,2,5
128125,121,0.0,7.0,1.0,21,4,2,3,17,0,4,0
128155,3609,1.0,3.0,1.0,12,6,1,1,9,0,3,0
128525,2608,0.0,4.0,0.0,2,1,1,2,1,0,1,0
12865,2821,0.0,3.0,1.0,4,2,1,1,3,0,1,0
129347,1664,0.0,5.0,1.0,2,1,1,1,1,0,1,0
129375,2161,0.0,0.0,1.0,19,7,2,1,17,0,2,0
129525,4234,0.0,0.0,0.0,11,7,3,1,9,0,2,0
129786,2537,0.0,2.0,0.0,13,8,4,2,7,0,4,2
13043,4049,0.0,0.0,0.0,12,4,1,3,8,0,1,3
130444,3809,0.0,6.0,0.0,5,1,1,2,4,0,1,0
130474,835,0.0,4.0,1.0,44,12,2,2,37,0,3,4
13069,58,0.0,0.0,null,1,1,1,1,0,0,1,0
130755,4864,0.0,0.0,0.0,5,1,1,2,4,0,1,0
13079,3936,0.0,4.0,1.0,6,1,1,1,5,0,1,0
131018,4658,0.0,0.0,0.0,10,3,1,2,8,0,1,1
131912,4173,0.0,0.0,1.0,3,2,1,2,2,0,1,0
132029,2193,0.0,3.0,0.0,2,1,1,1,1,0,1,0
132103,1927,0.0,4.0,1.0,6,2,2,3,4,0,1,1
132181,1393,0.0,4.0,0.0,6,5,5,1,5,0,1,0
132246,4976,0.0,0.0,0.0,22,6,2,7,20,0,1,1
132815,2653,0.0,0.0,0.0,7,3,1,1,5,0,2,0
132948,1619,0.0,4.0,0.0,8,2,1,3,7,0,1,0
133219,798,0.0,2.0,0.0,4,2,2,2,2,0,1,1
133694,3191,0.0,3.0,0.0,1,1,1,1,0,0,1,0
134227,467,0.0,3.0,0.0,5,2,2,1,4,0,1,0
13428,2073,0.0,3.0,0.0,9,1,1,2,8,0,1,0
134378,4048,1.0,0.0,0.0,23,5,1,3,22,0,1,0
134542,4976,0.0,2.0,0.0,2,1,1,1,1,0,1,0
134648,2767,0.0,4.0,2.0,5,2,2,1,4,0,1,0
135333,361,0.0,6.0,0.0,6,2,1,2,5,0,1,0
135613,3163,0.0,0.0,1.0,2,1,1,1,1,0,1,0
135798,3650,0.0,3.0,1.0,3,2,1,1,2,0,1,0
136107,3828,0.0,4.0,2.0,5,2,2,2,4,0,1,0
136152,437,0.0,4.0,1.0,5,3,2,1,3,1,1,0
136563,234,0.0,2.0,0.0,5,2,1,1,4,0,1,0
136964,437,0.0,0.0,0.0,31,20,3,3,30,0,1,0
13709,1116,0.0,5.0,0.0,5,1,1,2,4,0,1,0
137695,3230,0.0,3.0,1.0,5,1,1,1,4,0,1,0
137808,4042,0.0,3.0,0.0,7,4,2,4,6,0,1,0
137824,1714,1.0,4.0,2.0,6,3,2,1,5,0,1,0
138070,2448,1.0,2.0,1.0,6,2,1,1,5,0,1,0
138142,3524,0.0,3.0,1.0,4,1,1,1,3,0,1,0
138410,2545,1.0,2.0,1.0,19,4,2,3,18,0,1,0
138710,3424,0.0,4.0,0.0,2,2,1,1,0,0,2,0
138820,3578,1.0,5.0,0.0,25,12,1,1,22,0,2,1
139296,1512,0.0,3.0,0.0,9,6,1,2,8,0,1,0
139851,1764,1.0,2.0,0.0,1,1,1,1,0,0,1,0
140200,148,0.0,3.0,0.0,5,2,1,3,4,0,1,0
140300,2173,0.0,0.0,0.0,10,2,1,2,9,0,1,0
141550,4427,0.0,3.0,1.0,3,1,1,2,2,0,1,0
14158,4427,0.0,4.0,0.0,9,2,1,2,7,0,2,0
141720,1742,0.0,3.0,0.0,2,1,1,1,0,0,1,1
141872,2031,0.0,4.0,1.0,10,3,1,1,9,0,1,0
142330,1760,0.0,4.0,0.0,22,12,2,1,18,0,4,0
142372,3460,0.0,2.0,0.0,5,2,1,1,4,0,1,0
142373,2193,0.0,5.0,0.0,11,7,2,1,10,0,1,0
142377,2565,0.0,2.0,0.0,3,1,1,1,1,0,2,0
142478,1536,0.0,2.0,0.0,9,4,4,6,8,0,1,0
14282,1102,0.0,3.0,0.0,1,1,1,1,0,0,1,0
143133,2284,0.0,3.0,0.0,8,1,1,1,7,0,1,0
143335,2684,0.0,6.0,0.0,9,6,2,2,8,0,1,0
143484,191,0.0,4.0,0.0,2,1,1,1,1,0,1,0
143930,682,0.0,3.0,0.0,20,10,4,2,15,0,2,3
144087,3460,0.0,2.0,1.0,5,1,1,1,3,0,2,0
144469,946,0.0,5.0,1.0,4,1,1,1,3,0,1,0
144583,4090,0.0,4.0,0.0,1,1,1,1,0,0,1,0
14474,1833,0.0,5.0,0.0,2,1,1,1,1,0,1,0
144754,4079,0.0,3.0,2.0,1,1,1,1,0,0,1,0
144851,215,0.0,0.0,0.0,6,1,1,1,5,0,1,0
144894,643,0.0,0.0,0.0,2,1,1,1,1,0,1,0
14492,1890,0.0,5.0,0.0,9,6,1,2,8,0,1,0
145264,2229,0.0,2.0,1.0,4,2,2,1,2,0,2,0
145644,4760,0.0,3.0,1.0,8,5,5,3,7,0,1,0
146265,1854,0.0,8.0,0.0,12,4,1,4,8,0,2,2
147642,3819,0.0,0.0,0.0,2,1,1,1,1,0,1,0
147719,2175,0.0,0.0,1.0,3,3,2,1,0,0,3,0
14930,191,0.0,3.0,0.0,54,33,13,4,49,0,3,2
149790,2102,0.0,4.0,0.0,2,1,1,1,1,0,1,0
15013,1944,0.0,6.0,1.0,8,3,1,1,7,0,1,0
150368,141,0.0,3.0,0.0,20,13,6,1,19,0,1,0
150835,2317,0.0,3.0,1.0,14,3,1,4,13,0,1,0
150859,4234,0.0,0.0,0.0,8,6,3,2,6,0,2,0
151614,2424,0.0,4.0,0.0,7,2,1,1,6,0,1,0
152040,3912,0.0,4.0,0.0,6,3,1,1,5,0,1,0
152126,1963,0.0,4.0,1.0,5,3,2,1,4,0,1,0
152460,552,0.0,5.0,0.0,6,1,1,1,5,0,1,0
152741,747,0.0,6.0,0.0,8,4,1,2,7,0,1,0
153552,1495,0.0,0.0,0.0,9,1,1,3,7,1,1,0
154649,2099,0.0,4.0,0.0,4,2,2,2,3,0,1,0
155194,1432,0.0,3.0,0.0,19,4,3,2,17,0,2,0
155712,4558,0.0,3.0,0.0,4,3,2,1,3,0,1,0
156809,3734,0.0,2.0,0.0,20,9,4,1,19,0,1,0
157490,3885,0.0,0.0,null,4,1,1,1,3,0,1,0
157787,4073,0.0,2.0,0.0,4,2,2,2,3,0,1,0
158203,3236,0.0,3.0,0.0,10,3,1,3,8,0,1,1
158289,2432,0.0,5.0,1.0,26,7,5,4,22,0,1,3
158356,2047,0.0,5.0,0.0,5,3,1,1,4,0,1,0
158360,4157,0.0,5.0,1.0,7,2,1,2,6,0,1,0
15861,2173,0.0,0.0,0.0,2,1,1,2,0,0,1,1
15878,3828,0.0,4.0,1.0,11,8,5,1,5,0,6,0
158807,606,0.0,4.0,2.0,11,8,3,2,10,0,1,0
158952,2082,1.0,0.0,0.0,3,2,2,2,2,0,1,0
159352,3828,1.0,5.0,2.0,68,55,10,2,64,0,4,0
159517,1346,0.0,3.0,0.0,10,2,1,2,8,0,2,0
159535,3593,0.0,5.0,0.0,5,2,1,3,4,0,1,0
159810,1077,0.0,4.0,0.0,3,1,1,2,1,0,1,1
160468,798,0.0,3.0,0.0,1,1,1,1,0,0,1,0
160575,797,0.0,0.0,null,6,1,1,1,5,0,1,0
160578,293,0.0,2.0,1.0,1,1,1,1,0,0,1,0
160618,1667,1.0,3.0,0.0,1,1,1,1,0,0,1,0
162291,4322,0.0,3.0,0.0,8,3,2,2,6,0,2,0
16244,2891,0.0,3.0,0.0,7,3,1,2,5,0,2,0
162448,2954,0.0,3.0,0.0,33,14,11,2,28,0,5,0
16257,1102,0.0,3.0,0.0,32,8,2,3,31,0,1,0
162736,2051,0.0,7.0,1.0,2,1,1,1,1,0,1,0
162820,1285,0.0,2.0,1.0,6,1,1,2,5,0,1,0
162833,2699,0.0,0.0,0.0,22,8,4,1,20,0,2,0
163158,1861,0.0,2.0,0.0,8,1,1,2,5,2,1,0
163639,4765,0.0,6.0,0.0,1,1,1,1,0,0,1,0
163917,4225,0.0,3.0,0.0,8,1,1,2,6,0,1,1
16418,3826,0.0,2.0,0.0,15,5,2,2,14,0,1,0
165037,4906,0.0,3.0,0.0,22,4,1,5,19,0,1,2
16572,1305,0.0,2.0,1.0,5,2,2,1,2,0,2,1
166291,1090,0.0,3.0,1.0,6,1,1,2,5,0,1,0
166561,2173,0.0,2.0,0.0,11,3,1,2,10,0,1,0
166568,1487,0.0,4.0,1.0,6,3,1,1,5,0,1,0
167219,3524,0.0,2.0,0.0,4,3,1,1,3,0,1,0
167292,4044,0.0,2.0,0.0,204,84,16,10,175,0,1,28
167941,4992,0.0,2.0,0.0,19,6,1,1,18,0,1,0
168140,682,0.0,0.0,0.0,11,8,4,2,10,0,1,0
168656,3925,0.0,0.0,1.0,18,10,6,3,15,0,3,0
168806,4186,0.0,3.0,1.0,22,14,1,3,21,0,1,0
169003,2273,0.0,6.0,0.0,1,1,1,1,0,0,1,0
16920,2932,0.0,5.0,0.0,12,7,5,2,11,0,1,0
169280,2721,0.0,6.0,0.0,14,11,1,1,13,0,1,0
169678,4170,1.0,4.0,0.0,36,7,2,1,30,0,6,0
170351,1411,0.0,3.0,0.0,2,1,1,1,1,0,1,0
170448,4044,0.0,2.0,0.0,29,16,3,2,26,0,2,1
170527,4616,0.0,3.0,1.0,19,7,3,2,18,0,1,0
170566,2553,0.0,0.0,0.0,11,1,1,1,10,0,1,0
170629,976,0.0,0.0,0.0,6,2,1,1,4,0,2,0
170968,3266,0.0,4.0,1.0,6,3,1,2,5,0,1,0
171134,3319,0.0,3.0,2.0,11,2,1,2,10,0,1,0
171681,437,0.0,2.0,0.0,9,2,1,6,8,0,1,0
171688,467,0.0,4.0,0.0,7,1,1,2,5,0,1,1
171840,4605,0.0,2.0,0.0,107,35,14,21,101,0,2,4
171896,3734,0.0,0.0,0.0,9,4,2,1,8,0,1,0
171987,145,0.0,3.0,0.0,2,1,1,1,1,0,1,0
172104,742,0.0,3.0,0.0,1,1,1,1,0,0,1,0
172141,4659,1.0,5.0,0.0,13,8,5,1,10,0,3,0
172303,4287,1.0,4.0,1.0,2,1,1,1,0,0,1,1
172383,742,0.0,4.0,0.0,21,8,3,3,18,0,2,1
172571,4584,0.0,3.0,0.0,12,4,2,3,11,0,1,0
172627,1877,0.0,5.0,0.0,11,1,1,2,9,0,2,0
172845,3136,0.0,0.0,1.0,12,7,3,2,8,0,1,3
172899,3693,0.0,0.0,1.0,5,1,1,2,4,0,1,0
172949,1356,0.0,5.0,0.0,13,2,1,3,9,0,1,3
173505,1272,0.0,4.0,0.0,1,1,1,1,0,0,1,0
17408,3363,0.0,0.0,0.0,5,1,1,1,4,0,1,0
174094,2320,0.0,5.0,0.0,10,5,4,1,8,0,2,0
174212,742,0.0,0.0,0.0,35,9,6,3,26,0,1,8
174702,3205,0.0,5.0,0.0,9,4,1,1,8,0,1,0
175390,3865,0.0,0.0,0.0,27,5,5,1,22,0,5,0
175480,4584,0.0,2.0,1.0,3,1,1,1,2,0,1,0
176209,424,0.0,0.0,1.0,3,2,1,2,2,0,1,0
176950,168,0.0,2.0,0.0,6,2,1,1,5,0,1,0
177007,1102,0.0,3.0,0.0,6,1,1,3,5,0,1,0
177041,2257,0.0,0.0,0.0,4,4,3,2,1,0,3,0
177084,2424,0.0,7.0,1.0,9,2,1,3,8,0,1,0
177324,4186,0.0,4.0,0.0,12,8,3,2,11,0,1,0
17754,398,0.0,3.0,1.0,2,1,1,1,1,0,1,0
177546,1798,0.0,0.0,0.0,3,1,1,1,2,0,1,0
177770,3323,1.0,3.0,1.0,29,10,1,3,28,0,1,0
177895,436,0.0,6.0,0.0,8,3,1,1,5,0,3,0
17841,2928,0.0,3.0,0.0,13,6,2,1,12,0,1,0
178466,962,0.0,2.0,0.0,14,5,4,1,12,0,2,0
178541,3578,0.0,3.0,0.0,4,2,1,2,3,0,1,0
178775,1092,0.0,5.0,1.0,22,4,1,2,21,0,1,0
179123,2583,0.0,4.0,0.0,10,2,1,2,9,0,1,0
179291,4864,0.0,4.0,0.0,23,6,2,3,19,0,2,2
179467,2149,0.0,0.0,0.0,10,1,1,8,8,0,1,1
179560,1272,0.0,6.0,0.0,8,1,1,2,7,0,1,0
179669,4090,0.0,0.0,0.0,3,1,1,2,2,0,1,0
179748,798,0.0,2.0,2.0,76,19,9,2,69,0,4,3
179831,2954,0.0,4.0,0.0,26,13,8,1,19,0,7,0
17988,4234,0.0,4.0,1.0,4,1,1,3,2,0,1,1
18101,215,0.0,4.0,0.0,9,2,1,1,8,0,1,0
18156,4864,0.0,5.0,0.0,3,1,1,2,2,0,1,0
181571,1272,0.0,3.0,0.0,6,1,1,3,4,0,1,1
181619,1659,0.0,6.0,0.0,20,2,1,2,17,0,2,1
181810,3766,0.0,3.0,0.0,11,8,4,1,10,0,1,0
181834,1892,0.0,3.0,0.0,24,10,5,1,20,0,4,0
181919,4525,0.0,4.0,0.0,2,1,1,1,1,0,1,0
181998,4525,0.0,4.0,1.0,27,18,1,1,25,0,2,0
182024,2482,0.0,3.0,0.0,4,1,1,3,3,0,1,0
182161,3763,0.0,2.0,0.0,10,5,1,1,6,0,4,0
182444,4480,0.0,4.0,1.0,4,2,1,2,3,0,1,0
183812,2950,0.0,4.0,1.0,4,2,1,1,3,0,1,0
183831,359,0.0,0.0,0.0,2,2,2,1,0,0,2,0
183965,4864,0.0,0.0,0.0,1,1,1,1,0,0,1,0
184060,1485,0.0,3.0,0.0,9,6,2,1,7,0,2,0
184238,1659,0.0,0.0,1.0,8,1,1,2,6,0,1,1
184659,4371,0.0,2.0,1.0,5,1,1,1,4,0,1,0
184888,3828,0.0,0.0,0.0,26,14,6,2,24,0,2,0
185409,773,0.0,5.0,0.0,1,1,1,1,0,0,1,0
185500,4044,0.0,3.0,1.0,12,2,2,4,8,0,2,2
185632,3236,0.0,0.0,0.0,3,1,1,1,2,0,1,0
186132,4491,0.0,5.0,0.0,4,2,2,3,3,0,1,0
18627,4357,0.0,3.0,2.0,2,1,1,1,1,0,1,0
186362,4808,0.0,6.0,1.0,4,1,1,2,3,0,1,0
186485,4650,0.0,3.0,0.0,4,1,1,2,2,0,1,1
186647,1659,0.0,4.0,2.0,3,1,1,1,2,0,1,0
186867,1093,0.0,6.0,1.0,20,7,2,3,18,0,1,1
187837,2221,0.0,2.0,0.0,1,1,1,1,0,0,1,0
187929,2099,0.0,0.0,0.0,19,2,2,1,18,0,1,0
187969,1031,0.0,3.0,0.0,4,2,1,2,3,0,1,0
187996,1642,0.0,3.0,0.0,3,1,1,1,2,0,1,0
188663,1487,0.0,6.0,1.0,40,4,1,2,38,0,1,1
188772,4662,0.0,5.0,0.0,6,3,2,1,4,0,2,0
188822,4787,0.0,5.0,0.0,15,5,2,1,13,1,1,0
188907,2565,0.0,4.0,0.0,4,2,1,1,3,0,1,0
188942,3769,0.0,0.0,0.0,2,1,1,1,1,0,1,0
189346,2954,0.0,0.0,0.0,17,3,2,2,16,0,1,0
189671,1412,0.0,4.0,0.0,19,12,2,2,17,1,1,0
189857,145,0.0,0.0,0.0,2,1,1,1,0,0,1,1
190291,4919,0.0,4.0,null,2,1,1,1,1,0,1,0
190319,3245,0.0,3.0,1.0,7,1,1,3,5,0,1,1
190386,4044,0.0,0.0,0.0,82,38,5,3,81,0,1,0
190535,4234,0.0,0.0,0.0,49,12,4,5,41,4,1,3
19101,168,1.0,4.0,0.0,48,24,5,2,38,0,10,0
192205,2318,0.0,6.0,1.0,4,2,2,1,3,0,1,0
192238,1142,0.0,3.0,1.0,14,1,1,1,13,0,1,0
192326,682,0.0,0.0,0.0,1,1,1,1,0,0,1,0
19291,361,1.0,4.0,1.0,25,6,3,3,23,0,1,1
193002,1833,0.0,0.0,0.0,9,7,3,2,8,0,1,0
193538,4760,0.0,3.0,1.0,3,1,1,2,2,0,1,0
194084,588,0.0,3.0,0.0,6,2,1,1,3,0,2,1
194185,3828,0.0,2.0,0.0,24,13,8,7,21,0,1,2
194255,862,0.0,4.0,2.0,7,5,2,3,4,0,3,0
195565,2973,0.0,3.0,0.0,2,1,1,1,0,0,1,1
195981,1738,0.0,3.0,0.0,4,1,1,1,3,0,1,0
196163,4454,0.0,3.0,1.0,9,1,1,2,7,0,2,0
196215,4198,0.0,3.0,0.0,3,2,1,2,2,0,1,0
197242,4594,0.0,3.0,0.0,1,1,1,1,0,0,1,0
197478,2482,0.0,2.0,0.0,4,2,2,2,2,0,1,1
197953,1833,0.0,6.0,0.0,110,51,8,13,108,0,2,0
198250,897,0.0,4.0,0.0,6,1,1,4,2,0,2,2
198372,649,0.0,0.0,1.0,27,4,1,3,25,0,2,0
198456,1178,0.0,3.0,0.0,4,1,1,1,3,0,1,0
198771,2810,0.0,2.0,0.0,4,2,1,1,3,0,1,0
199569,3016,0.0,3.0,1.0,1,1,1,1,0,0,1,0
199956,4110,0.0,3.0,0.0,6,1,1,1,5,0,1,0
19997,879,0.0,5.0,0.0,7,1,1,1,5,0,1,1
200219,4518,0.0,0.0,1.0,8,1,1,1,6,0,2,0
200569,1557,0.0,2.0,1.0,1,1,1,1,0,0,1,0
201199,621,0.0,2.0,0.0,2,2,1,1,0,0,2,0
201456,1031,0.0,0.0,0.0,39,7,1,2,38,0,1,0
201590,897,0.0,4.0,0.0,10,5,4,2,8,0,2,0
201647,3689,0.0,null,null,3,1,1,1,2,0,1,0
201885,438,0.0,0.0,0.0,2,1,1,2,1,0,1,0
202034,3826,0.0,3.0,1.0,2,1,1,1,1,0,1,0
202301,2424,0.0,0.0,1.0,9,3,1,2,8,0,1,0
202333,2281,0.0,2.0,1.0,7,4,2,1,6,0,1,0
202555,1900,0.0,3.0,1.0,13,4,1,1,12,0,1,0
202746,4319,1.0,4.0,0.0,39,23,8,2,35,0,4,0
202752,3828,1.0,0.0,0.0,70,47,13,2,61,0,9,0
202804,3462,0.0,2.0,0.0,2,1,1,1,1,0,1,0
202898,4864,0.0,2.0,1.0,15,9,2,1,14,0,1,0
203012,1495,0.0,3.0,0.0,30,20,3,1,26,0,4,0
203218,2465,0.0,2.0,1.0,5,3,1,1,3,0,2,0
203378,4976,0.0,3.0,0.0,75,47,10,2,68,0,2,5
203433,1200,1.0,4.0,1.0,8,2,1,2,6,0,2,0
203457,1754,0.0,3.0,0.0,4,2,2,1,3,0,1,0
203761,2608,0.0,5.0,0.0,6,2,1,2,5,0,1,0
203997,2284,0.0,6.0,0.0,4,1,1,2,3,0,1,0
204185,649,0.0,0.0,0.0,10,3,1,1,9,0,1,0
204501,3828,1.0,3.0,0.0,5,2,2,1,3,0,2,0
204561,2598,0.0,2.0,0.0,23,2,2,4,21,0,2,0
204786,951,0.0,4.0,0.0,2,1,1,1,1,0,1,0
205538,1833,0.0,7.0,1.0,7,1,1,1,5,1,1,0
205937,1557,0.0,3.0,0.0,4,2,2,2,3,0,1,0
206433,967,0.0,3.0,0.0,13,6,1,1,11,0,2,0
207222,4733,0.0,5.0,1.0,15,2,1,1,14,0,1,0
207255,4705,0.0,3.0,1.0,3,1,1,1,2,0,1,0
207347,4976,0.0,2.0,0.0,1,1,1,1,0,0,1,0
207438,2832,0.0,0.0,0.0,7,4,1,1,6,0,1,0
207500,4659,0.0,5.0,0.0,1,1,1,1,0,0,1,0
208480,3163,0.0,2.0,1.0,7,1,1,1,3,0,4,0
208744,121,0.0,4.0,0.0,37,18,7,4,31,0,6,0
208974,3623,0.0,0.0,0.0,7,2,1,2,5,0,1,1
209010,3408,0.0,0.0,0.0,3,1,1,2,2,0,1,0
20906,2427,0.0,4.0,0.0,11,4,1,1,10,0,1,0
209084,1346,0.0,4.0,0.0,6,3,1,1,5,0,1,0
209182,3376,0.0,4.0,2.0,10,3,2,2,8,0,1,1
209510,2821,0.0,5.0,1.0,3,1,1,2,2,0,1,0
209534,1968,0.0,2.0,1.0,3,1,1,1,2,0,1,0
209808,200,0.0,5.0,1.0,7,4,1,1,6,0,1,0
210019,2913,0.0,5.0,1.0,9,2,1,2,8,0,1,0
210453,3734,0.0,4.0,0.0,4,2,2,2,3,0,1,0
211450,3271,0.0,5.0,0.0,1,1,1,1,0,0,1,0
211501,2221,0.0,4.0,1.0,2,1,1,1,1,0,1,0
211573,3086,0.0,6.0,0.0,4,1,1,1,3,0,1,0
211891,2515,0.0,6.0,0.0,4,1,1,1,3,0,1,0
211932,3474,1.0,2.0,0.0,15,2,1,6,13,0,1,1
213027,3546,0.0,3.0,0.0,7,5,4,1,6,0,1,0
213087,946,0.0,3.0,0.0,4,2,2,1,3,0,1,0
213334,227,0.0,4.0,1.0,13,3,1,2,12,0,1,0
213398,3472,0.0,4.0,0.0,4,3,1,1,3,0,1,0
213422,602,0.0,5.0,0.0,3,1,1,1,2,0,1,0
21363,826,1.0,0.0,1.0,4,1,1,1,3,0,1,0
213634,3826,0.0,4.0,1.0,1,1,1,1,0,0,1,0
213747,3376,0.0,2.0,1.0,1,1,1,1,0,0,1,0
213974,2545,0.0,3.0,1.0,4,2,2,1,3,0,1,0
214583,3941,0.0,3.0,0.0,1,1,1,1,0,0,1,0
214918,4926,0.0,0.0,1.0,10,5,5,2,9,0,1,0
215054,697,0.0,0.0,0.0,4,1,1,1,3,0,1,0
215779,2569,0.0,2.0,0.0,19,7,1,3,18,0,1,0
215838,2099,1.0,4.0,0.0,4,2,2,1,3,0,1,0
216872,1284,0.0,3.0,1.0,4,3,1,1,3,0,1,0
217194,3199,0.0,0.0,0.0,23,11,3,1,22,0,1,0
21758,3073,0.0,2.0,1.0,1,1,1,1,0,0,1,0
217681,547,0.0,4.0,0.0,19,3,1,5,16,0,1,2
218362,2935,0.0,4.0,0.0,12,1,1,3,10,0,1,1
218499,3456,0.0,0.0,0.0,6,1,1,2,4,0,1,1
218635,1393,0.0,7.0,1.0,14,12,4,1,13,0,1,0
218664,3936,0.0,0.0,0.0,5,2,1,1,4,0,1,0
218815,1370,0.0,3.0,1.0,3,1,1,1,2,0,1,0
218851,4966,1.0,4.0,1.0,4,1,1,1,2,0,1,1
218907,1615,0.0,5.0,1.0,6,2,1,1,5,0,1,0
219105,3762,0.0,2.0,0.0,7,3,1,2,6,0,1,0
219238,777,0.0,4.0,0.0,10,6,3,3,8,0,1,1
219303,2217,0.0,0.0,0.0,14,5,1,3,13,0,1,0
219463,1393,0.0,3.0,0.0,1,1,1,1,0,0,1,0
219547,2014,0.0,3.0,0.0,23,10,2,3,20,2,1,0
219666,3460,1.0,3.0,0.0,4,2,1,1,2,0,2,0
219784,2594,0.0,6.0,0.0,66,47,12,7,63,0,1,2
220243,731,0.0,6.0,0.0,27,8,2,2,24,0,3,0
220272,2105,0.0,0.0,0.0,4,1,1,2,2,0,1,1
220792,4848,0.0,4.0,0.0,6,3,1,1,5,0,1,0
221362,4099,0.0,0.0,0.0,3,1,1,1,2,0,1,0
221404,219,0.0,3.0,0.0,13,7,1,1,12,0,1,0
222284,3839,0.0,5.0,0.0,1,1,1,1,0,0,1,0
222764,4966,0.0,0.0,0.0,1,1,1,1,0,0,1,0
222891,2883,0.0,0.0,0.0,18,7,4,5,15,0,1,2
223090,1394,0.0,3.0,1.0,3,1,1,1,2,0,1,0
223160,3622,0.0,3.0,0.0,9,2,1,1,8,0,1,0
223183,3828,0.0,3.0,0.0,3,1,1,1,2,0,1,0
223356,3389,0.0,2.0,0.0,3,1,1,2,1,0,1,1
223402,3057,0.0,2.0,0.0,9,3,1,1,8,0,1,0
223433,4864,0.0,5.0,0.0,22,12,2,3,18,0,1,3
223717,4143,0.0,0.0,0.0,100,38,9,3,69,0,8,23
22393,66,0.0,2.0,1.0,6,1,1,1,4,0,1,1
224503,4048,0.0,3.0,0.0,7,1,1,1,6,0,1,0
224804,3910,0.0,3.0,0.0,4,1,1,3,3,0,1,0
224935,2810,0.0,3.0,0.0,2,1,1,2,0,0,1,1
225015,1246,0.0,5.0,0.0,1,1,1,1,0,0,1,0
225058,4044,0.0,2.0,0.0,4,1,1,1,3,0,1,0
226027,606,0.0,3.0,0.0,2,1,1,1,0,0,1,1
226138,682,0.0,3.0,0.0,7,2,2,1,5,0,2,0
226712,234,0.0,0.0,1.0,3,1,1,1,1,0,2,0
226929,2318,0.0,0.0,0.0,1,1,1,1,0,0,1,0
227135,4607,0.0,5.0,0.0,5,3,1,1,4,0,1,0
227515,1487,0.0,3.0,0.0,1,1,1,1,0,0,1,0
22888,778,0.0,0.0,0.0,1,1,1,1,0,0,1,0
229783,1916,0.0,0.0,0.0,3,1,1,1,2,0,1,0
230141,4794,0.0,4.0,0.0,16,4,3,2,14,0,1,1
230639,3971,0.0,2.0,1.0,2,1,1,1,1,0,1,0
23078,168,0.0,4.0,1.0,2,1,1,1,1,0,1,0
230846,4049,0.0,4.0,0.0,2,1,1,1,1,0,1,0
23101,3291,0.0,2.0,0.0,5,1,1,1,3,0,2,0
231070,1000,0.0,4.0,1.0,8,3,3,2,7,0,1,0
231103,337,0.0,4.0,0.0,15,3,2,3,12,0,3,0
231115,3623,0.0,0.0,1.0,1,1,1,1,0,0,1,0
231168,3657,0.0,0.0,1.0,1,1,1,1,0,0,1,0
231552,3828,1.0,5.0,0.0,83,48,15,3,78,0,5,0
231695,742,0.0,3.0,1.0,1,1,1,1,0,0,1,0
231987,1861,1.0,4.0,2.0,12,4,2,1,11,0,1,0
232253,3578,0.0,4.0,0.0,14,4,1,1,9,0,1,4
233073,4090,0.0,0.0,0.0,1,1,1,1,0,0,1,0
233808,2193,0.0,2.0,0.0,2,1,1,2,0,0,1,1
233958,1556,0.0,4.0,0.0,3,1,1,1,2,0,1,0
235215,2482,0.0,3.0,0.0,4,2,2,1,3,0,1,0
235265,3839,0.0,2.0,0.0,7,1,1,3,5,0,1,1
235589,1911,0.0,4.0,1.0,4,2,1,2,3,0,1,0
23593,4775,1.0,3.0,0.0,22,9,3,8,21,0,1,0
237347,1448,0.0,4.0,1.0,4,1,1,1,3,0,1,0
237532,1246,0.0,2.0,1.0,4,1,1,1,3,0,1,0
237862,4992,0.0,0.0,2.0,5,1,1,1,4,0,1,0
238532,4976,0.0,4.0,0.0,36,19,5,5,35,0,1,0
238874,1102,0.0,3.0,1.0,7,6,1,3,6,0,1,0
239397,3205,0.0,4.0,0.0,4,2,1,2,3,0,1,0
239508,2031,0.0,3.0,1.0,3,2,1,1,2,0,1,0
239657,2746,0.0,3.0,2.0,18,8,6,2,17,0,1,0
239701,682,0.0,2.0,1.0,18,7,2,1,15,0,1,2
239706,4985,0.0,5.0,1.0,5,1,1,1,4,0,1,0
240015,960,0.0,2.0,1.0,8,2,1,4,7,0,1,0
240464,1123,0.0,5.0,0.0,3,2,2,3,2,0,1,0
240557,2537,0.0,0.0,0.0,7,3,2,1,5,0,2,0
240880,4079,0.0,0.0,0.0,3,1,1,1,2,0,1,0
240981,687,0.0,6.0,0.0,5,1,1,1,4,0,1,0
241207,3500,0.0,3.0,0.0,6,1,1,1,5,0,1,0
241777,2926,0.0,2.0,1.0,13,4,3,3,11,0,1,1
24295,323,0.0,5.0,1.0,4,1,1,1,3,0,1,0
243159,3538,0.0,3.0,1.0,2,1,1,1,1,0,1,0
243379,2403,0.0,3.0,0.0,3,2,1,3,2,0,1,0
24369,3954,0.0,3.0,1.0,20,3,1,5,19,0,1,0
245064,2138,0.0,4.0,0.0,21,7,4,1,18,0,3,0
245097,296,0.0,4.0,0.0,5,1,1,2,4,0,1,0
245234,2277,0.0,5.0,0.0,7,2,1,2,5,0,1,1
245372,3374,0.0,0.0,null,2,1,1,1,1,0,1,0
245588,4662,0.0,7.0,0.0,5,2,1,1,4,0,1,0
245703,2238,0.0,6.0,0.0,22,14,10,3,18,3,1,0
246102,2824,0.0,0.0,0.0,3,1,1,1,2,0,1,0
246313,3319,0.0,3.0,2.0,1,1,1,1,0,0,1,0
246429,437,0.0,3.0,0.0,12,9,2,2,11,0,1,0
246744,742,0.0,2.0,1.0,1,1,1,1,0,0,1,0
247555,1425,0.0,4.0,0.0,8,4,2,1,7,0,1,0
247626,3619,0.0,4.0,1.0,3,2,1,1,2,0,1,0
24797,2525,0.0,0.0,0.0,9,5,2,2,7,0,1,1
248239,3323,0.0,0.0,0.0,11,2,1,1,10,0,1,0
248341,598,1.0,3.0,1.0,16,6,3,4,15,0,1,0
24987,2448,0.0,4.0,1.0,1,1,1,1,0,0,1,0
250342,278,0.0,5.0,1.0,2,1,1,1,1,0,1,0
250475,4170,0.0,5.0,0.0,7,2,1,1,6,0,1,0
250505,3614,0.0,3.0,0.0,13,10,7,2,12,0,1,0
250662,794,0.0,2.0,0.0,4,2,1,1,3,0,1,0
251410,1712,1.0,6.0,0.0,19,5,2,3,18,0,1,0
25149,432,0.0,7.0,0.0,8,2,1,2,6,0,1,1
251850,1056,0.0,4.0,2.0,9,2,1,3,8,0,1,0
251915,682,0.0,2.0,0.0,2,1,1,1,1,0,1,0
252185,1833,0.0,7.0,1.0,11,4,1,1,10,0,1,0
252535,806,0.0,4.0,0.0,1,1,1,1,0,0,1,0
252792,3057,0.0,0.0,1.0,11,2,2,2,9,1,1,0
252844,3460,0.0,2.0,0.0,2,1,1,1,1,0,1,0
252860,3828,0.0,6.0,0.0,13,11,5,4,12,0,1,0
253076,1916,0.0,6.0,0.0,3,1,1,1,2,0,1,0
253170,1884,0.0,4.0,1.0,8,3,1,1,6,0,2,0
253321,3865,0.0,0.0,0.0,5,3,3,1,2,0,3,0
253747,4605,0.0,3.0,0.0,12,4,3,2,11,0,1,0
254351,3320,0.0,5.0,0.0,3,1,1,2,1,0,1,1
254384,2320,0.0,4.0,0.0,1,1,1,1,0,0,1,0
254588,630,0.0,0.0,0.0,12,10,5,2,11,0,1,0
254667,4305,0.0,0.0,0.0,1,1,1,1,0,0,1,0
254683,4079,0.0,2.0,1.0,5,1,1,1,2,0,3,0
254937,2511,0.0,0.0,0.0,6,2,1,1,5,0,1,0
254954,3984,0.0,5.0,null,9,3,1,2,8,0,1,0
255154,643,0.0,2.0,0.0,4,1,1,2,3,0,1,0
255242,3319,1.0,5.0,0.0,3,1,1,1,2,0,1,0
255284,685,1.0,5.0,0.0,11,3,1,1,10,0,1,0
255405,1360,0.0,0.0,0.0,4,1,1,1,3,0,1,0
255414,4044,0.0,3.0,0.0,90,45,13,7,80,0,2,8
256143,2709,0.0,4.0,2.0,6,1,1,1,5,0,1,0
256974,598,0.0,2.0,1.0,3,1,1,1,2,0,1,0
258102,1618,0.0,5.0,0.0,3,2,1,1,2,0,1,0
25818,3828,0.0,3.0,0.0,11,4,2,2,10,0,1,0
259465,3007,0.0,3.0,1.0,5,2,1,3,4,0,1,0
259632,4043,1.0,0.0,0.0,27,16,9,2,17,0,3,7
260727,3126,0.0,0.0,0.0,15,2,2,2,14,0,1,0
261496,3623,0.0,3.0,0.0,5,3,1,1,4,0,1,0
261866,2217,0.0,3.0,0.0,5,2,1,1,4,0,1,0
261919,4332,0.0,3.0,null,4,2,1,2,3,0,1,0
262089,92,0.0,7.0,0.0,3,1,1,1,2,0,1,0
262360,4760,0.0,2.0,0.0,1,1,1,1,0,0,1,0
262527,293,0.0,0.0,0.0,4,1,1,2,3,0,1,0
262574,3247,0.0,3.0,1.0,6,2,1,3,5,0,1,0
262860,4258,0.0,5.0,0.0,4,2,1,1,2,0,2,0
263251,2810,0.0,3.0,0.0,1,1,1,1,0,0,1,0
263503,4860,0.0,3.0,0.0,3,1,1,2,2,0,1,0
26381,3971,0.0,3.0,1.0,3,1,1,1,2,0,1,0
263814,2565,0.0,0.0,0.0,4,1,1,2,2,0,1,1
263820,1910,0.0,0.0,1.0,5,2,2,1,3,0,2,0
264050,141,0.0,3.0,0.0,1,1,1,1,0,0,1,0
264053,1212,0.0,6.0,0.0,3,1,1,1,2,0,1,0
264232,1090,0.0,3.0,1.0,4,2,1,1,3,0,1,0
264826,4848,0.0,3.0,0.0,2,1,1,1,0,0,1,1
26499,3971,0.0,2.0,1.0,61,27,5,4,56,0,3,2
266188,1557,0.0,5.0,1.0,3,1,1,2,2,0,1,0
266553,804,0.0,4.0,1.0,2,1,1,2,1,0,1,0
266762,366,0.0,2.0,0.0,4,1,1,3,3,0,1,0
266782,3225,0.0,0.0,0.0,5,2,1,2,3,0,2,0
267124,4228,0.0,4.0,1.0,15,8,1,3,14,0,1,0
267319,13,0.0,3.0,2.0,5,1,1,2,4,0,1,0
267624,963,0.0,3.0,1.0,1,1,1,1,0,0,1,0
267701,1840,1.0,6.0,0.0,41,8,2,5,39,0,1,1
268465,4785,0.0,4.0,0.0,4,2,1,1,3,0,1,0
26847,4388,1.0,0.0,0.0,6,1,1,1,3,0,3,0
268593,4499,0.0,5.0,0.0,3,1,1,1,2,0,1,0
268775,1769,0.0,4.0,0.0,8,7,2,3,7,0,1,0
269540,1115,1.0,4.0,1.0,9,2,1,2,7,0,1,1
270168,3195,0.0,3.0,0.0,17,4,2,1,14,0,3,0
27038,673,0.0,6.0,0.0,13,3,3,1,11,0,2,0
271332,1254,0.0,6.0,0.0,7,1,1,2,6,0,1,0
271413,3323,0.0,3.0,0.0,11,4,1,1,10,0,1,0
271913,2700,0.0,6.0,0.0,2,1,1,1,1,0,1,0
272244,1399,0.0,0.0,0.0,7,2,1,2,6,0,1,0
272417,2821,0.0,6.0,0.0,4,1,1,1,3,0,1,0
272438,1520,0.0,3.0,1.0,1,1,1,1,0,0,1,0
272945,3085,0.0,5.0,0.0,11,6,2,1,9,0,2,0
272985,2910,0.0,6.0,0.0,19,6,4,5,15,0,1,3
273068,1679,1.0,5.0,0.0,6,2,2,1,4,0,2,0
27386,323,0.0,6.0,0.0,5,3,1,1,4,0,1,0
27584,3472,0.0,2.0,1.0,2,1,1,1,1,0,1,0
276103,467,1.0,0.0,0.0,28,15,5,2,25,0,3,0
276186,1911,0.0,3.0,0.0,7,3,3,1,6,0,1,0
276428,2138,0.0,2.0,0.0,3,1,1,1,2,0,1,0
277370,598,0.0,3.0,0.0,5,2,2,2,4,0,1,0
277597,4765,0.0,6.0,0.0,4,2,2,1,3,0,1,0
27772,104,0.0,2.0,0.0,5,1,1,2,3,0,2,0
2779,2721,0.0,0.0,0.0,39,21,3,6,38,0,1,0
278354,4864,0.0,5.0,1.0,3,1,1,1,2,0,1,0
278363,2872,0.0,5.0,0.0,23,13,11,5,15,0,3,5
278557,4368,0.0,4.0,0.0,15,5,3,5,11,0,3,1
278857,4186,0.0,0.0,0.0,3,1,1,1,2,0,1,0
278997,1346,0.0,5.0,0.0,41,7,1,8,36,0,1,4
280470,4282,0.0,4.0,0.0,3,1,1,1,2,0,1,0
280556,2688,0.0,4.0,2.0,2,1,1,1,1,0,1,0
281081,1892,0.0,4.0,0.0,5,2,2,3,4,0,1,0
281097,4170,0.0,5.0,0.0,7,3,1,1,6,0,1,0
28110,2872,0.0,5.0,0.0,2,1,1,2,1,0,1,0
282017,1049,0.0,3.0,1.0,2,1,1,1,1,0,1,0
282208,2047,0.0,2.0,0.0,9,1,1,4,7,0,1,1
282599,104,0.0,3.0,0.0,2,1,1,1,1,0,1,0
282707,102,0.0,3.0,2.0,54,4,2,3,51,0,1,2
282784,3484,0.0,4.0,0.0,3,1,1,1,2,0,1,0
283178,4270,0.0,4.0,0.0,3,1,1,1,2,0,1,0
283290,1310,0.0,2.0,0.0,1,1,1,1,0,0,1,0
283879,1501,0.0,6.0,0.0,1,1,1,1,0,0,1,0
283945,1340,0.0,2.0,0.0,39,19,4,3,34,0,5,0
283953,602,0.0,3.0,0.0,6,1,1,2,4,0,1,1
284216,1923,0.0,0.0,0.0,2,1,1,1,1,0,1,0
284670,2447,0.0,5.0,0.0,5,1,1,1,3,0,1,1
285175,4642,0.0,5.0,0.0,9,5,2,2,7,0,2,0
285330,14,0.0,0.0,0.0,5,2,1,1,4,0,1,0
285480,962,0.0,2.0,0.0,7,2,2,3,5,0,1,1
285494,4976,0.0,0.0,0.0,80,29,10,9,79,0,1,0
285647,4966,0.0,0.0,1.0,1,1,1,1,0,0,1,0
285653,897,0.0,4.0,0.0,1,1,1,1,0,0,1,0
286055,4687,0.0,2.0,1.0,3,1,1,1,2,0,1,0
286086,1833,0.0,5.0,1.0,13,5,2,3,10,0,1,2
28615,4427,0.0,3.0,1.0,4,2,1,1,3,0,1,0
286646,2175,0.0,0.0,1.0,1,1,1,1,0,0,1,0
286734,3576,0.0,5.0,1.0,2,1,1,1,1,0,1,0
28676,4427,0.0,6.0,0.0,8,2,1,4,6,0,2,0
286816,798,0.0,0.0,0.0,2,2,2,1,0,0,2,0
286969,1514,0.0,4.0,0.0,3,2,1,2,2,0,1,0
287006,1502,0.0,3.0,0.0,1,1,1,1,0,0,1,0
287320,3588,0.0,5.0,1.0,3,2,1,1,1,0,2,0
28782,4413,1.0,0.0,0.0,6,1,1,2,5,0,1,0
288268,1102,1.0,3.0,0.0,22,11,2,2,20,0,2,0
288424,3990,1.0,5.0,0.0,2,1,1,1,1,0,1,0
289084,4775,0.0,6.0,0.0,23,10,2,2,22,0,1,0
2897,1399,0.0,0.0,0.0,7,2,2,2,6,0,1,0
289974,4049,0.0,0.0,0.0,6,4,2,3,5,0,1,0
290173,3971,0.0,2.0,0.0,4,1,1,1,3,0,1,0
290423,1440,0.0,0.0,1.0,1,1,1,1,0,0,1,0
290565,3173,0.0,4.0,1.0,3,1,1,1,1,0,2,0
290641,4281,0.0,3.0,0.0,4,2,2,1,3,0,1,0
291564,4976,0.0,2.0,0.0,25,12,5,5,22,0,1,2
291596,2014,0.0,0.0,0.0,7,2,1,2,6,0,1,0
291865,1495,0.0,4.0,0.0,10,4,1,3,8,0,1,1
292763,3554,0.0,4.0,0.0,5,1,1,2,4,0,1,0
293000,1453,0.0,0.0,0.0,20,7,1,4,19,0,1,0
293000,4848,0.0,0.0,0.0,3,1,1,1,2,0,1,0
293752,3828,0.0,4.0,1.0,10,6,4,2,4,5,1,0
294027,4044,0.0,4.0,0.0,53,34,7,2,49,0,4,0
294093,4394,0.0,4.0,0.0,32,17,2,6,30,0,2,0
294291,2935,0.0,0.0,0.0,2,1,1,1,1,0,1,0
295034,2721,0.0,3.0,0.0,26,16,2,2,24,0,1,1
295246,416,0.0,4.0,0.0,10,5,4,2,8,0,2,0
295625,3289,0.0,6.0,0.0,12,1,1,3,11,0,1,0
295785,4043,0.0,3.0,0.0,20,13,7,4,18,0,1,1
296058,738,0.0,0.0,0.0,4,3,1,1,3,0,1,0
296275,2459,0.0,4.0,0.0,7,4,3,1,6,0,1,0
296364,3154,0.0,3.0,0.0,1,1,1,1,0,0,1,0
296393,4083,0.0,2.0,1.0,1,1,1,1,0,0,1,0
296687,2303,0.0,6.0,0.0,147,38,2,26,132,0,1,14
296830,4760,0.0,2.0,1.0,25,12,5,3,23,0,2,0
296960,3152,0.0,4.0,2.0,14,8,2,4,9,0,1,4
297411,4079,0.0,3.0,0.0,1,1,1,1,0,0,1,0
298319,219,0.0,6.0,0.0,3,1,1,1,2,0,1,0
298491,2981,0.0,2.0,0.0,7,2,2,2,4,0,2,1
298623,588,0.0,3.0,0.0,14,5,1,1,13,0,1,0
298953,293,0.0,2.0,0.0,6,2,1,1,5,0,1,0
299009,2545,0.0,4.0,0.0,29,5,3,4,26,0,1,2
299351,4217,0.0,4.0,0.0,5,2,1,2,3,0,2,0
299630,2429,0.0,4.0,1.0,18,7,4,1,15,0,2,1
299686,141,0.0,2.0,0.0,37,6,3,6,35,0,1,1
2998,4099,0.0,4.0,0.0,5,1,1,1,4,0,1,0
300498,3042,0.0,4.0,0.0,5,2,2,1,4,0,1,0
300564,3448,0.0,6.0,1.0,6,3,2,3,5,0,1,0
300740,3835,1.0,6.0,1.0,68,35,5,3,64,0,2,2
301469,3022,0.0,3.0,0.0,17,7,2,1,16,0,1,0
301604,4048,0.0,4.0,0.0,4,1,1,1,3,0,1,0
302491,3013,0.0,3.0,0.0,9,2,1,2,8,0,1,0
302885,2360,0.0,3.0,0.0,5,1,1,1,4,0,1,0
302900,2051,1.0,4.0,0.0,13,4,2,2,12,0,1,0
303496,4926,0.0,4.0,2.0,44,24,20,3,43,0,1,0
303546,2696,0.0,3.0,0.0,6,1,1,2,4,0,1,1
303818,2577,0.0,7.0,0.0,4,1,1,1,3,0,1,0
303987,4015,0.0,0.0,1.0,6,4,3,1,4,0,2,0
304045,3080,0.0,3.0,1.0,20,8,3,1,19,0,1,0
304048,1514,0.0,3.0,0.0,4,2,2,1,3,0,1,0
304077,1200,0.0,2.0,0.0,4,1,1,1,3,0,1,0
304832,4282,1.0,3.0,1.0,256,134,18,28,237,0,1,18
304863,3839,0.0,3.0,0.0,34,13,3,4,30,0,1,3
304910,132,0.0,0.0,0.0,1,1,1,1,0,0,1,0
305295,4346,0.0,3.0,0.0,1,1,1,1,0,0,1,0
306186,1131,0.0,4.0,0.0,37,17,4,1,35,0,2,0
306512,4992,0.0,4.0,0.0,33,11,1,2,30,0,2,1
306543,310,0.0,2.0,1.0,5,3,2,2,4,0,1,0
306830,4414,1.0,3.0,0.0,3,1,1,1,2,0,1,0
307128,1281,0.0,4.0,1.0,8,1,1,2,7,0,1,0
307246,1501,0.0,4.0,0.0,2,1,1,1,1,0,1,0
307512,3350,0.0,0.0,0.0,3,2,1,1,2,0,1,0
307858,3206,0.0,6.0,0.0,4,1,1,3,3,0,1,0
307890,3941,0.0,4.0,0.0,17,6,1,4,15,0,1,1
308027,4048,0.0,2.0,1.0,6,1,1,2,5,0,1,0
308074,2500,0.0,6.0,0.0,6,1,1,1,5,0,1,0
30808,4044,0.0,0.0,0.0,20,5,2,1,18,0,2,0
308300,148,0.0,0.0,0.0,1,1,1,1,0,0,1,0
30832,2361,0.0,3.0,1.0,1,1,1,1,0,0,1,0
308549,3350,0.0,3.0,0.0,21,6,3,3,16,0,2,3
308576,4079,0.0,4.0,1.0,5,1,1,1,4,0,1,0
3087,1557,0.0,4.0,0.0,5,1,1,3,4,0,1,0
309206,1353,0.0,5.0,0.0,5,1,1,3,3,0,2,0
30936,2221,0.0,4.0,1.0,6,1,1,1,5,0,1,0
309531,14,0.0,4.0,0.0,12,4,3,2,10,0,1,1
309560,3484,0.0,5.0,1.0,1,1,1,1,0,0,1,0
309961,41,0.0,0.0,0.0,26,2,1,2,25,0,1,0
310015,102,0.0,5.0,1.0,23,3,1,2,22,0,1,0
310059,2592,0.0,2.0,0.0,7,1,1,2,6,0,1,0
310112,1310,0.0,2.0,0.0,35,18,10,2,31,0,4,0
310450,1916,0.0,6.0,0.0,3,2,1,1,0,0,3,0
310468,4525,0.0,3.0,0.0,12,4,2,4,7,0,3,2
311074,4140,0.0,3.0,0.0,23,14,2,1,21,0,2,0
311209,3578,0.0,5.0,1.0,2,1,1,1,1,0,1,0
311526,4667,0.0,0.0,0.0,6,2,1,2,5,0,1,0
312403,798,0.0,2.0,0.0,37,15,10,5,35,0,2,0
312652,4420,0.0,0.0,0.0,1,1,1,1,0,0,1,0
312848,323,1.0,4.0,0.0,7,1,1,2,6,0,1,0
31304,2193,0.0,3.0,0.0,2,1,1,2,1,0,1,0
313729,4906,0.0,4.0,1.0,4,2,1,1,3,0,1,0
313785,2780,0.0,0.0,0.0,8,3,1,3,7,0,1,0
313795,1945,0.0,3.0,0.0,29,21,9,2,28,0,1,0
313822,2821,0.0,4.0,1.0,3,1,1,2,2,0,1,0
314523,731,0.0,5.0,0.0,21,6,2,2,19,0,1,1
315130,4394,0.0,0.0,0.0,3,1,1,1,2,0,1,0
31521,4267,0.0,5.0,0.0,21,6,2,3,19,0,2,0
315338,3578,0.0,4.0,0.0,2,1,1,1,1,0,1,0
315607,1943,0.0,2.0,1.0,8,1,1,2,6,0,1,1
315621,630,0.0,4.0,1.0,15,8,5,3,10,0,2,3
31567,297,0.0,3.0,0.0,15,2,2,1,13,0,2,0
316331,2173,1.0,6.0,0.0,3,2,1,1,1,0,2,0
316861,2081,0.0,5.0,1.0,17,9,1,2,16,0,1,0
317579,2608,0.0,6.0,0.0,2,1,1,1,1,0,1,0
317741,621,0.0,0.0,null,7,1,1,3,6,0,1,0
318435,2900,0.0,4.0,1.0,4,1,1,1,3,0,1,0
318691,1808,0.0,5.0,0.0,5,2,1,1,4,0,1,0
319227,1999,0.0,0.0,0.0,3,1,1,1,2,0,1,0
319616,3968,0.0,0.0,0.0,6,1,1,2,4,1,1,0
320234,2928,0.0,0.0,0.0,11,5,2,1,10,0,1,0
320328,4042,0.0,3.0,1.0,6,2,2,3,4,0,2,0
320878,1555,0.0,2.0,0.0,2,1,1,1,1,0,1,0
321408,3103,0.0,6.0,1.0,8,4,2,1,7,0,1,0
321709,3015,0.0,3.0,0.0,10,2,2,2,8,0,1,1
321780,3828,0.0,0.0,0.0,6,4,2,1,4,0,2,0
322196,1102,0.0,2.0,0.0,4,2,2,2,1,0,1,2
322323,3619,0.0,3.0,1.0,6,1,1,1,5,0,1,0
322755,4282,0.0,0.0,1.0,6,4,3,2,5,0,1,0
322793,2051,0.0,3.0,0.0,4,1,1,2,3,0,1,0
322923,1890,0.0,3.0,0.0,52,6,1,2,48,0,1,3
323118,2928,0.0,5.0,0.0,10,5,3,2,8,0,1,1
323289,1102,0.0,5.0,0.0,22,15,7,1,21,0,1,0
323483,3376,0.0,4.0,1.0,102,7,2,5,100,0,1,1
324160,1557,1.0,0.0,0.0,5,2,2,3,3,0,1,1
32418,1489,0.0,3.0,0.0,6,2,1,3,4,0,1,1
32433,2031,0.0,6.0,1.0,5,1,1,2,3,1,1,0
324357,1102,0.0,0.0,0.0,18,1,1,2,17,0,1,0
324763,3418,0.0,5.0,0.0,3,1,1,2,1,0,1,1
324853,2869,0.0,3.0,1.0,3,2,2,2,2,0,1,0
325078,66,0.0,2.0,0.0,3,2,1,1,0,0,1,2
325286,1346,0.0,4.0,0.0,9,3,1,1,8,0,1,0
325314,4039,0.0,3.0,0.0,5,1,1,1,4,0,1,0
325889,3160,0.0,6.0,0.0,6,3,2,2,5,0,1,0
325911,682,0.0,6.0,0.0,15,8,3,1,12,0,3,0
326050,4131,0.0,2.0,0.0,5,1,1,2,3,0,1,1
326074,1527,0.0,3.0,1.0,2,2,1,1,1,0,1,0
326093,3399,0.0,2.0,0.0,4,1,1,1,3,0,1,0
326367,4955,0.0,2.0,0.0,11,3,3,1,7,0,4,0
326531,3080,0.0,2.0,1.0,1,1,1,1,0,0,1,0
326536,2031,0.0,6.0,0.0,8,2,1,2,7,0,1,0
326730,1501,0.0,0.0,0.0,10,8,5,3,9,0,1,0
326734,1454,0.0,3.0,0.0,1,1,1,1,0,0,1,0
326812,3329,0.0,3.0,0.0,6,3,1,2,5,0,1,0
32722,2709,0.0,5.0,0.0,5,1,1,2,4,0,1,0
32734,3828,0.0,5.0,0.0,1,1,1,1,0,0,1,0
327569,3941,1.0,5.0,0.0,3,2,2,1,1,0,2,0
328141,3889,0.0,3.0,0.0,3,1,1,1,2,0,1,0
328675,2047,0.0,7.0,1.0,7,2,1,2,6,0,1,0
329240,3230,0.0,3.0,0.0,10,2,1,3,9,0,1,0
329265,2372,0.0,7.0,0.0,24,12,5,2,23,0,1,0
329349,1642,0.0,4.0,0.0,9,1,1,4,7,0,1,1
329452,3536,0.0,3.0,0.0,3,1,1,1,2,0,1,0
32974,4234,0.0,3.0,0.0,5,1,1,1,4,0,1,0
33051,1487,0.0,5.0,0.0,7,2,1,1,6,0,1,0
331148,2307,1.0,2.0,1.0,2,1,1,2,1,0,1,0
33164,3828,1.0,4.0,0.0,11,6,4,6,10,0,1,0
331659,2664,0.0,3.0,2.0,8,3,1,3,6,0,2,0
331892,3350,0.0,6.0,0.0,19,6,2,3,11,0,4,4
331928,350,0.0,4.0,0.0,2,1,1,1,1,0,1,0
331988,3323,0.0,3.0,0.0,2,1,1,1,0,1,1,0
332317,773,0.0,4.0,1.0,2,1,1,2,1,0,1,0
33258,396,0.0,3.0,2.0,1,1,1,1,0,0,1,0
332711,1760,0.0,3.0,0.0,14,9,2,1,13,0,1,0
333448,718,0.0,3.0,0.0,5,2,2,1,4,0,1,0
333510,798,0.0,3.0,0.0,5,3,3,1,4,0,1,0
333587,104,0.0,0.0,0.0,27,3,2,3,26,0,1,0
334074,1956,0.0,6.0,1.0,5,2,1,4,4,0,1,0
334089,2545,0.0,5.0,0.0,2,1,1,1,1,0,1,0
33477,4173,0.0,0.0,0.0,26,10,5,1,23,0,3,0
334820,3828,0.0,0.0,0.0,16,6,4,1,14,0,2,0
335181,4966,0.0,4.0,0.0,8,4,1,2,7,0,1,0
335529,794,0.0,6.0,1.0,3,2,1,1,2,0,1,0
335733,3828,0.0,5.0,0.0,1,1,1,1,0,0,1,0
335874,1056,1.0,0.0,0.0,17,6,5,1,13,0,4,0
336441,3965,0.0,2.0,0.0,31,8,1,1,27,0,2,2
33646,1075,0.0,4.0,0.0,71,36,2,4,64,0,3,4
33682,2915,0.0,4.0,2.0,6,3,3,1,4,0,2,0
336999,2356,0.0,3.0,0.0,5,1,1,1,3,0,2,0
337208,608,0.0,5.0,0.0,16,2,1,1,14,0,1,1
33774,4585,0.0,3.0,0.0,1,1,1,1,0,0,1,0
338729,23,0.0,4.0,1.0,14,2,1,2,12,0,2,0
338776,4044,0.0,3.0,0.0,21,14,6,4,18,0,1,2
339351,2915,0.0,5.0,0.0,1,1,1,1,0,0,1,0
339513,500,1.0,6.0,0.0,5,1,1,1,4,0,1,0
340022,4848,0.0,6.0,1.0,6,2,1,2,5,0,1,0
340120,685,1.0,5.0,0.0,2,1,1,1,0,0,2,0
340237,3578,0.0,3.0,1.0,2,1,1,1,1,0,1,0
340313,4287,0.0,3.0,0.0,2,1,1,1,1,0,1,0
340335,2915,0.0,3.0,0.0,27,9,4,2,22,0,1,4
340410,4992,0.0,4.0,null,13,3,1,1,11,0,2,0
34098,3645,0.0,0.0,2.0,10,5,2,1,9,0,1,0
341371,4762,0.0,3.0,0.0,3,1,1,1,2,0,1,0
341637,1340,0.0,3.0,0.0,45,21,3,4,43,0,2,0
341794,10,0.0,6.0,1.0,5,3,2,2,4,0,1,0
34182,4966,0.0,0.0,0.0,14,4,2,1,12,0,2,0
341996,1643,0.0,4.0,0.0,2,1,1,2,1,0,1,0
342250,3528,0.0,null,null,15,4,1,2,13,1,1,0
342675,3103,0.0,4.0,0.0,22,8,4,3,19,0,1,2
343010,2108,0.0,5.0,0.0,7,4,2,1,6,0,1,0
343014,4079,0.0,6.0,0.0,10,2,2,3,7,0,1,2
343042,2313,0.0,6.0,1.0,10,4,1,1,9,0,1,0
343258,3657,0.0,3.0,1.0,2,1,1,1,1,0,1,0
343440,4949,0.0,0.0,0.0,20,16,8,3,19,0,1,0
343790,1102,0.0,5.0,0.0,18,6,4,6,13,0,1,4
343827,897,0.0,0.0,0.0,3,1,1,2,2,0,1,0
344164,1846,0.0,2.0,1.0,1,1,1,1,0,0,1,0
344645,1056,0.0,3.0,2.0,5,3,3,2,4,0,1,0
344722,2172,0.0,3.0,1.0,9,6,3,2,8,0,1,0
344986,2241,0.0,3.0,0.0,7,1,1,2,5,0,2,0
345082,3451,1.0,4.0,0.0,23,1,1,2,22,0,1,0
345369,1878,0.0,2.0,0.0,1,1,1,1,0,0,1,0
345743,416,1.0,5.0,0.0,28,15,7,2,22,0,6,0
34593,2141,0.0,6.0,0.0,33,20,4,5,32,0,1,0
346261,3159,0.0,0.0,1.0,12,6,4,1,11,0,1,0
347208,2608,0.0,4.0,0.0,4,2,1,1,3,0,1,0
347473,390,0.0,5.0,0.0,2,1,1,1,1,0,1,0
347571,810,0.0,3.0,0.0,1,1,1,1,0,0,1,0
347896,654,0.0,2.0,1.0,4,1,1,2,3,0,1,0
348156,2981,0.0,0.0,0.0,9,3,2,4,6,0,1,2
348680,4717,0.0,3.0,0.0,9,5,2,1,8,0,1,0
348731,1760,0.0,3.0,0.0,10,3,1,2,9,0,1,0
349328,252,0.0,2.0,1.0,2,1,1,1,1,0,1,0
34990,3682,0.0,3.0,0.0,17,5,1,5,10,0,1,6
35050,4950,0.0,0.0,2.0,11,2,2,1,6,0,4,1
350745,2565,0.0,4.0,0.0,15,6,1,2,11,0,2,2
351572,3623,0.0,3.0,0.0,2,1,1,1,1,0,1,0
351698,963,0.0,2.0,1.0,1,1,1,1,0,0,1,0
351713,1760,0.0,3.0,0.0,71,39,4,2,66,0,5,0
351913,114,1.0,3.0,0.0,16,3,1,7,15,0,1,0
35235,3954,0.0,3.0,1.0,1,1,1,1,0,0,1,0
352640,2537,0.0,2.0,0.0,2,1,1,1,1,0,1,0
35269,2217,0.0,3.0,0.0,3,1,1,1,2,0,1,0
352697,361,0.0,0.0,1.0,51,14,6,3,38,0,5,8
352918,4589,0.0,0.0,0.0,8,1,1,2,6,0,1,1
35306,1203,0.0,4.0,1.0,13,4,3,3,8,0,4,1
354108,3727,0.0,4.0,1.0,12,9,1,2,11,0,1,0
354278,2031,0.0,3.0,1.0,11,3,2,3,8,0,1,2
355264,3828,0.0,0.0,null,4,1,1,1,3,0,1,0
355343,2294,0.0,3.0,0.0,6,1,1,2,5,0,1,0
355615,3304,0.0,0.0,0.0,8,2,2,5,7,0,1,0
356250,625,0.0,3.0,0.0,5,2,1,1,4,0,1,0
356326,4336,0.0,0.0,1.0,2,1,1,1,1,0,1,0
356390,3389,0.0,4.0,0.0,3,1,1,1,2,0,1,0
356452,4044,0.0,3.0,0.0,50,27,10,7,38,0,4,8
356462,4847,0.0,2.0,0.0,78,31,14,11,69,0,1,8
356836,4049,0.0,5.0,0.0,10,5,4,3,7,0,2,1
35715,2099,0.0,3.0,0.0,10,2,2,2,7,0,1,2
357689,500,1.0,5.0,0.0,11,2,2,1,9,0,2,0
357710,790,0.0,3.0,0.0,4,1,1,2,3,0,1,0
357719,1115,0.0,2.0,1.0,4,2,1,2,3,0,1,0
357999,4048,0.0,2.0,0.0,2,1,1,1,1,0,1,0
358068,1272,0.0,0.0,0.0,3,1,1,1,2,0,1,0
358155,3640,0.0,0.0,0.0,6,1,1,2,5,0,1,0
358392,4594,0.0,0.0,1.0,3,1,1,1,2,0,1,0
358688,3365,0.0,2.0,0.0,13,1,1,2,11,0,1,1
35878,474,0.0,0.0,0.0,2,2,2,1,0,0,2,0
35882,1102,0.0,4.0,2.0,11,6,3,2,10,0,1,0
358849,4536,0.0,2.0,0.0,1,1,1,1,0,0,1,0
358909,1966,0.0,3.0,0.0,4,1,1,1,3,0,1,0
359165,1122,0.0,2.0,1.0,1,1,1,1,0,0,1,0
359356,1250,0.0,4.0,1.0,6,1,1,1,5,0,1,0
359519,4044,0.0,0.0,0.0,49,28,8,5,46,0,2,1
359747,4718,0.0,5.0,1.0,14,3,2,1,13,0,1,0
359792,2537,0.0,6.0,0.0,6,5,4,1,3,0,3,0
359922,4659,1.0,3.0,0.0,18,11,8,1,15,0,1,2
359951,2598,0.0,5.0,1.0,11,4,3,1,9,0,2,0
360182,2170,0.0,0.0,1.0,3,1,1,1,2,0,1,0
36030,1102,0.0,0.0,0.0,29,14,1,2,28,0,1,0
360380,2698,0.0,0.0,0.0,4,3,1,1,3,0,1,0
360509,4648,0.0,4.0,0.0,1,1,1,1,0,0,1,0
361423,2928,0.0,4.0,0.0,13,9,2,1,11,0,2,0
361463,4950,0.0,4.0,0.0,2,1,1,1,1,0,1,0
361693,606,0.0,5.0,0.0,13,10,7,5,3,0,2,8
362325,2138,1.0,4.0,0.0,29,12,6,2,21,0,5,3
362782,3635,0.0,0.0,1.0,3,1,1,1,2,0,1,0
362938,2727,0.0,2.0,0.0,3,2,2,2,2,0,1,0
36334,4992,0.0,3.0,1.0,1,1,1,1,0,0,1,0
363351,3005,0.0,4.0,0.0,22,7,5,7,20,0,2,0
36340,4756,0.0,3.0,0.0,3,1,1,2,2,0,1,0
36351,2709,0.0,5.0,0.0,2,2,2,1,0,0,2,0
363512,3889,1.0,3.0,2.0,6,2,1,2,5,0,1,0
364370,1454,0.0,3.0,0.0,10,1,1,5,8,0,2,0
364414,4371,0.0,2.0,0.0,5,1,1,1,1,0,4,0
364767,3826,0.0,6.0,1.0,1,1,1,1,0,0,1,0
36485,2545,0.0,3.0,1.0,3,1,1,1,2,0,1,0
365533,1340,0.0,6.0,1.0,5,1,1,1,3,0,1,1
36573,4282,0.0,0.0,0.0,18,7,2,2,17,0,1,0
365938,2482,1.0,2.0,0.0,10,2,2,3,9,0,1,0
365965,1133,0.0,5.0,0.0,4,1,1,1,3,0,1,0
366003,2537,0.0,3.0,0.0,13,3,1,2,12,0,1,0
366068,3727,0.0,3.0,1.0,10,1,1,3,8,0,1,1
366447,2266,0.0,7.0,1.0,5,1,1,1,4,0,1,0
366566,4195,0.0,5.0,0.0,1,1,1,1,0,0,1,0
366726,1892,0.0,2.0,0.0,5,3,1,1,4,0,1,0
366989,1742,0.0,0.0,0.0,14,4,1,2,12,0,2,0
367027,1322,0.0,4.0,0.0,7,2,1,1,6,0,1,0
367576,1892,0.0,0.0,1.0,13,10,5,1,11,0,2,0
367801,1506,0.0,2.0,0.0,3,1,1,1,2,0,1,0
367953,1412,0.0,5.0,0.0,23,17,4,6,22,0,1,0
367990,1102,0.0,6.0,0.0,6,2,1,1,5,0,1,0
368138,1556,0.0,4.0,1.0,23,11,3,2,21,0,2,0
368738,962,0.0,2.0,0.0,8,2,1,5,6,0,1,1
369003,66,0.0,0.0,2.0,14,4,1,2,12,0,1,1
369391,1167,0.0,5.0,0.0,13,3,3,1,11,0,2,0
370397,2031,0.0,2.0,0.0,5,3,1,2,4,0,1,0
370432,1608,0.0,4.0,0.0,7,1,1,2,5,0,1,1
370491,1618,0.0,3.0,2.0,19,9,2,1,17,0,2,0
370926,4976,0.0,4.0,0.0,40,19,4,3,36,0,4,0
371566,2594,0.0,6.0,0.0,14,9,5,2,13,0,1,0
371685,4072,0.0,3.0,1.0,3,1,1,1,2,0,1,0
371799,3152,0.0,4.0,0.0,13,6,2,5,8,0,2,3
371855,941,0.0,2.0,0.0,11,6,4,1,7,0,4,0
372029,2051,0.0,3.0,0.0,1,1,1,1,0,0,1,0
372439,1749,0.0,4.0,0.0,11,7,2,1,10,0,1,0
372876,1978,0.0,2.0,0.0,1,1,1,1,0,0,1,0
373160,3420,0.0,3.0,0.0,4,1,1,2,2,0,2,0
373618,1749,0.0,5.0,0.0,6,3,3,1,4,0,2,0
37379,2173,0.0,0.0,0.0,1,1,1,1,0,0,1,0
374448,4731,0.0,5.0,1.0,1,1,1,1,0,0,1,0
374461,1833,0.0,0.0,0.0,12,3,1,3,11,0,1,0
374739,1353,0.0,3.0,1.0,2,1,1,1,1,0,1,0
375147,1393,0.0,3.0,0.0,4,2,2,1,0,0,2,2
375211,2273,0.0,4.0,0.0,17,8,2,2,16,0,1,0
375975,3148,0.0,0.0,0.0,3,1,1,1,2,0,1,0
376020,254,0.0,4.0,1.0,8,2,1,2,7,0,1,0
376290,1356,0.0,3.0,0.0,1,1,1,1,0,0,1,0
376375,1892,0.0,4.0,0.0,59,25,6,7,57,0,2,0
376570,1084,0.0,3.0,1.0,2,1,1,1,1,0,1,0
376735,1060,0.0,6.0,0.0,1,1,1,1,0,0,1,0
37707,4976,0.0,4.0,0.0,12,5,2,3,11,0,1,0
377185,4129,0.0,3.0,0.0,20,11,3,1,18,0,2,0
377255,738,0.0,2.0,0.0,5,4,2,1,4,0,1,0
377528,2915,0.0,4.0,0.0,27,17,3,4,26,0,1,0
377539,1393,0.0,0.0,0.0,6,5,5,2,2,2,2,0
377650,946,1.0,4.0,0.0,9,3,1,2,8,0,1,0
37849,1050,0.0,5.0,0.0,5,1,1,1,4,0,1,0
378535,2935,0.0,4.0,2.0,1,1,1,1,0,0,1,0
37865,1162,0.0,0.0,0.0,25,10,6,3,24,0,1,0
37872,4322,0.0,3.0,1.0,5,1,1,1,4,0,1,0
378757,4589,0.0,0.0,0.0,3,1,1,1,2,0,1,0
3788,4173,0.0,0.0,1.0,1,1,1,1,0,0,1,0
379312,2193,0.0,2.0,1.0,2,1,1,1,1,0,1,0
379432,826,0.0,6.0,0.0,3,1,1,1,2,0,1,0
381523,2081,1.0,4.0,null,2,1,1,1,1,0,1,0
381602,4044,0.0,5.0,0.0,5,2,2,2,4,0,1,0
381657,4143,0.0,6.0,0.0,6,3,3,1,5,0,1,0
382169,4090,0.0,0.0,0.0,4,2,1,1,3,0,1,0
382310,682,0.0,4.0,1.0,5,1,1,1,4,0,1,0
382454,2051,0.0,3.0,0.0,1,1,1,1,0,0,1,0
382662,1939,0.0,5.0,0.0,1,1,1,1,0,0,1,0
382945,2242,0.0,0.0,0.0,1,1,1,1,0,0,1,0
383019,2294,0.0,0.0,0.0,4,2,1,1,3,0,1,0
38370,2793,0.0,3.0,1.0,9,1,1,3,8,0,1,0
383884,2435,0.0,4.0,0.0,2,1,1,1,1,0,1,0
383973,3701,0.0,3.0,2.0,1,1,1,1,0,0,1,0
384121,4118,0.0,2.0,0.0,3,1,1,2,2,0,1,0
384198,4372,0.0,4.0,0.0,8,1,1,2,6,0,1,1
384250,563,0.0,2.0,0.0,2,1,1,1,0,0,1,1
38453,2173,0.0,6.0,0.0,2,1,1,1,1,0,1,0
38462,2193,1.0,4.0,0.0,9,8,5,3,4,0,5,0
385286,4438,0.0,4.0,2.0,3,2,1,1,2,0,1,0
385390,606,0.0,3.0,0.0,8,2,2,3,7,0,1,0
385495,3230,0.0,5.0,0.0,2,1,1,1,1,0,1,0
386,2002,0.0,0.0,0.0,7,2,2,2,6,0,1,0
386185,2592,0.0,5.0,0.0,2,1,1,1,1,0,1,0
386407,3635,0.0,7.0,1.0,9,2,1,3,6,0,1,2
386510,3205,0.0,5.0,0.0,17,8,2,2,8,0,1,8
386925,293,0.0,2.0,1.0,5,1,1,2,3,0,1,1
387049,4219,0.0,0.0,0.0,6,1,1,3,5,0,1,0
38745,4718,1.0,3.0,0.0,24,11,5,1,22,0,2,0
387926,2537,0.0,3.0,0.0,2,1,1,1,1,0,1,0
388513,4607,0.0,6.0,0.0,12,3,2,1,11,0,1,0
388609,2746,0.0,5.0,0.0,11,2,2,2,7,0,4,0
388648,2066,0.0,2.0,1.0,8,5,1,1,7,0,1,0
388673,1703,0.0,3.0,1.0,8,1,1,3,6,0,1,1
388706,3266,0.0,4.0,0.0,1,1,1,1,0,0,1,0
388732,2856,0.0,0.0,0.0,13,4,1,4,12,0,1,0
388761,1117,0.0,4.0,0.0,1,1,1,1,0,0,1,0
389793,1581,1.0,7.0,1.0,31,10,1,3,25,0,6,0
389866,3578,0.0,3.0,0.0,11,8,2,3,9,0,2,0
389880,1031,0.0,3.0,1.0,17,4,1,3,16,0,1,0
389983,2981,0.0,5.0,0.0,9,4,2,1,7,0,1,1
390297,2545,0.0,2.0,1.0,8,7,3,2,7,0,1,0
39034,2173,0.0,5.0,0.0,34,10,1,2,30,0,4,0
390897,3545,0.0,6.0,0.0,4,1,1,1,3,0,1,0
39104,740,0.0,0.0,1.0,2,1,1,1,1,0,1,0
391541,3578,0.0,5.0,0.0,10,4,1,2,8,0,1,1
392627,1833,0.0,3.0,1.0,16,12,4,2,14,0,2,0
392692,2326,0.0,3.0,0.0,34,13,7,1,27,0,7,0
393367,2571,0.0,3.0,0.0,3,1,1,1,2,0,1,0
393493,3623,0.0,0.0,0.0,1,1,1,1,0,0,1,0
393568,534,0.0,0.0,0.0,5,1,1,2,4,0,1,0
393976,1131,0.0,4.0,0.0,13,6,5,2,12,0,1,0
394492,4234,0.0,5.0,0.0,1,1,1,1,0,0,1,0
394498,2343,0.0,4.0,0.0,2,1,1,1,1,0,1,0
39458,1437,0.0,3.0,0.0,2,1,1,1,1,0,1,0
394706,4850,0.0,4.0,0.0,50,23,9,2,43,0,4,3
394974,3205,0.0,6.0,1.0,6,1,1,3,5,0,1,0
395334,1565,0.0,0.0,0.0,4,3,2,1,3,0,1,0
395487,1035,0.0,4.0,0.0,4,1,1,2,3,0,1,0
395827,2928,0.0,4.0,0.0,21,11,4,3,19,0,2,0
395940,4044,0.0,2.0,0.0,19,12,3,3,14,0,2,3
396058,2482,1.0,0.0,0.0,20,4,3,3,19,0,1,0
396102,1742,0.0,3.0,1.0,6,1,1,3,5,0,1,0
39625,2872,0.0,4.0,1.0,2,1,1,1,1,0,1,0
396406,2721,0.0,3.0,0.0,4,1,1,1,3,0,1,0
396542,2698,0.0,3.0,0.0,10,4,1,4,8,0,1,1
396595,2895,0.0,6.0,0.0,3,1,1,1,2,0,1,0
396848,2565,0.0,7.0,0.0,31,21,2,4,28,0,1,2
396922,946,0.0,0.0,1.0,9,3,1,1,8,0,1,0
39697,915,0.0,4.0,0.0,10,2,1,2,9,0,1,0
39706,2569,0.0,4.0,0.0,15,6,1,3,9,0,3,3
397103,2482,1.0,2.0,1.0,1,1,1,1,0,0,1,0
397128,1050,0.0,6.0,1.0,2,1,1,1,1,0,1,0
397255,977,0.0,6.0,0.0,3,1,1,1,1,0,2,0
397355,586,0.0,5.0,0.0,9,5,4,4,8,0,1,0
39738,1916,0.0,0.0,0.0,2,1,1,1,1,0,1,0
398406,3160,0.0,4.0,2.0,6,2,2,1,4,0,2,0
398654,2981,0.0,3.0,0.0,7,4,2,1,6,0,1,0
399006,3007,0.0,4.0,0.0,5,2,1,1,4,0,1,0
399558,1122,0.0,5.0,0.0,3,1,1,1,2,0,1,0
399767,586,0.0,4.0,0.0,1,1,1,1,0,0,1,0
400034,4173,0.0,3.0,0.0,10,7,2,2,9,0,1,0
400116,608,0.0,4.0,1.0,4,1,1,2,3,0,1,0
400165,112,0.0,2.0,0.0,7,1,1,2,4,0,1,2
40079,951,0.0,2.0,0.0,3,1,1,1,2,0,1,0
400981,1520,0.0,3.0,1.0,15,6,6,3,14,0,1,0
401133,2911,0.0,3.0,0.0,4,2,1,2,3,0,1,0
401278,4090,0.0,3.0,0.0,17,4,1,2,16,0,1,0
402239,4173,0.0,6.0,0.0,14,7,2,2,12,1,1,0
402391,1514,0.0,3.0,1.0,4,1,1,2,3,0,1,0
40384,3870,0.0,6.0,0.0,8,2,2,2,7,0,1,0
404264,1250,0.0,0.0,0.0,6,4,1,1,3,0,3,0
404785,4173,0.0,5.0,1.0,34,21,7,8,33,0,1,0
405397,361,1.0,6.0,0.0,23,8,3,5,21,0,1,1
40585,1357,0.0,0.0,0.0,18,7,2,2,16,0,2,0
406107,4462,0.0,3.0,0.0,4,3,1,2,3,0,1,0
406345,4282,0.0,2.0,0.0,41,13,4,3,40,0,1,0
406394,574,0.0,5.0,1.0,12,3,1,1,10,0,2,0
406462,926,0.0,3.0,1.0,2,1,1,1,1,0,1,0
406638,3236,0.0,4.0,1.0,3,1,1,1,2,0,1,0
407548,4607,0.0,4.0,0.0,1,1,1,1,0,0,1,0
407704,2994,0.0,2.0,0.0,14,9,1,1,13,0,1,0
408037,3576,0.0,0.0,0.0,4,2,1,1,3,0,1,0
408346,2036,0.0,6.0,1.0,1,1,1,1,0,0,1,0
408389,1310,0.0,2.0,0.0,5,1,1,2,4,0,1,0
408464,715,0.0,6.0,1.0,2,1,1,2,1,0,1,0
409086,148,0.0,4.0,1.0,4,2,1,1,3,0,1,0
409205,1520,0.0,0.0,0.0,6,1,1,3,5,0,1,0
409237,2047,0.0,4.0,0.0,11,11,2,2,9,0,1,1
409349,4044,0.0,2.0,0.0,6,5,3,2,0,0,1,5
409529,3828,0.0,3.0,0.0,7,5,5,2,6,0,1,0
409836,1168,0.0,4.0,0.0,14,3,2,5,11,0,1,2
409941,121,0.0,0.0,0.0,14,8,5,1,11,0,3,0
41015,1102,0.0,0.0,1.0,4,3,2,2,3,0,1,0
410402,4048,0.0,5.0,1.0,12,5,1,1,8,0,4,0
410728,3207,1.0,3.0,0.0,3,1,1,2,1,0,1,1
411182,2511,0.0,2.0,1.0,5,1,1,1,4,0,1,0
412958,4779,0.0,4.0,0.0,10,2,1,1,8,0,2,0
412968,4502,1.0,3.0,1.0,15,9,3,2,14,0,1,0
413003,3851,0.0,5.0,0.0,4,1,1,2,2,0,1,1
413125,2639,1.0,6.0,0.0,176,92,17,8,124,0,2,50
413424,3734,0.0,3.0,1.0,3,1,1,2,2,0,1,0
414037,2454,0.0,4.0,0.0,3,2,2,1,2,0,1,0
414424,2810,0.0,6.0,0.0,13,4,4,2,12,0,1,0
41504,2821,0.0,2.0,0.0,6,1,1,1,5,0,1,0
415069,121,0.0,0.0,0.0,2,2,1,1,0,0,2,0
415147,2193,0.0,3.0,0.0,3,1,1,1,2,0,1,0
415459,2760,0.0,6.0,0.0,4,1,1,1,3,0,1,0
415470,671,0.0,2.0,1.0,2,1,1,1,1,0,1,0
415688,1485,0.0,3.0,0.0,15,8,4,1,14,0,1,0
415809,66,0.0,2.0,0.0,7,3,1,2,6,0,1,0
415810,4044,0.0,3.0,0.0,11,8,5,5,10,0,1,0
415986,4287,0.0,3.0,1.0,6,2,2,1,5,0,1,0
416099,2435,0.0,2.0,0.0,3,1,1,1,2,0,1,0
416183,2161,0.0,0.0,0.0,4,2,1,2,3,0,1,0
416308,215,1.0,6.0,0.0,10,5,3,3,8,0,2,0
416500,2565,0.0,6.0,1.0,2,1,1,1,1,0,1,0
416647,4044,1.0,6.0,0.0,56,29,6,8,49,0,2,5
416839,3159,1.0,2.0,1.0,2,1,1,1,1,0,1,0
416877,2255,0.0,0.0,1.0,2,1,1,2,0,0,1,1
416920,1487,0.0,4.0,0.0,6,3,1,3,5,0,1,0
417130,1760,0.0,4.0,0.0,19,14,5,3,17,0,2,0
417288,2601,0.0,2.0,1.0,18,6,3,2,16,0,1,1
41761,3471,0.0,6.0,0.0,4,2,1,1,3,0,1,0
418351,4049,0.0,4.0,0.0,2,2,1,2,1,0,1,0
418705,4170,0.0,0.0,0.0,7,2,1,2,6,0,1,0
419514,1346,1.0,4.0,1.0,45,9,1,7,38,2,1,4
419828,3392,0.0,3.0,0.0,26,5,2,10,23,0,1,2
419900,1916,0.0,4.0,0.0,4,3,1,1,3,0,1,0
420266,1142,0.0,3.0,0.0,3,1,1,1,2,0,1,0
420640,2935,0.0,3.0,0.0,2,1,1,1,1,0,1,0
42142,1150,0.0,5.0,0.0,27,8,5,4,24,0,3,0
422114,1840,0.0,5.0,0.0,3,1,1,1,2,0,1,0
422217,4044,0.0,0.0,null,36,15,2,3,35,0,1,0
422272,3085,0.0,0.0,0.0,8,2,1,1,7,0,1,0
422445,3207,0.0,3.0,0.0,10,6,4,2,4,0,5,1
422515,148,0.0,4.0,2.0,10,4,3,3,9,0,1,0
423152,1281,0.0,5.0,1.0,10,1,1,2,8,1,1,0
423251,4022,0.0,5.0,0.0,4,1,1,2,2,0,1,1
423787,4173,1.0,3.0,1.0,21,7,2,4,19,0,1,1
424103,4282,0.0,2.0,1.0,85,55,10,8,84,0,1,0
43276,4198,0.0,5.0,0.0,3,1,1,2,2,0,1,0
44133,4966,0.0,6.0,1.0,3,1,1,1,1,0,2,0
44156,798,0.0,2.0,0.0,4,1,1,1,2,0,1,1
44468,2545,0.0,3.0,1.0,6,5,3,2,5,0,1,0
44840,361,0.0,6.0,1.0,10,4,1,2,8,0,1,1
45232,3828,0.0,4.0,0.0,4,2,2,1,3,0,1,0
45244,4368,0.0,3.0,1.0,8,2,1,1,7,0,1,0
45257,3448,0.0,0.0,1.0,2,1,1,1,1,0,1,0
455,1049,0.0,3.0,0.0,2,1,1,1,1,0,1,0
45599,3472,0.0,3.0,1.0,4,2,1,1,3,0,1,0
45665,1272,0.0,3.0,0.0,54,31,9,3,52,0,2,0
45748,2991,0.0,3.0,1.0,5,2,2,1,3,0,2,0
45777,4794,0.0,3.0,1.0,4,1,1,1,3,0,1,0
45856,798,0.0,2.0,1.0,9,3,3,1,5,0,4,0
46124,1423,0.0,0.0,0.0,4,2,1,1,3,0,1,0
46399,606,0.0,4.0,0.0,59,40,11,11,58,0,1,0
46418,3288,0.0,3.0,0.0,9,2,1,1,7,0,1,1
46679,832,0.0,2.0,1.0,4,1,1,1,3,0,1,0
46951,2928,0.0,4.0,0.0,39,14,7,3,38,0,1,0
47207,4042,0.0,5.0,0.0,9,3,2,2,7,0,1,1
475,1466,0.0,0.0,0.0,5,1,1,3,3,0,2,0
47817,2664,0.0,3.0,0.0,7,4,2,2,6,0,1,0
47968,2052,0.0,2.0,0.0,9,5,2,2,8,0,1,0
4816,4287,0.0,0.0,0.0,7,3,2,3,5,1,1,0
48605,2700,0.0,7.0,0.0,4,1,1,2,3,0,1,0
49954,1742,0.0,4.0,0.0,39,15,1,2,38,0,1,0
503,3968,0.0,2.0,0.0,4,2,1,2,3,0,1,0
50356,311,0.0,6.0,0.0,12,7,3,1,10,0,2,0
50466,2307,0.0,4.0,1.0,2,1,1,1,1,0,1,0
50555,4504,0.0,7.0,0.0,14,5,1,1,13,0,1,0
50742,2537,0.0,2.0,0.0,2,1,1,1,1,0,1,0
50881,4225,0.0,4.0,1.0,23,3,2,2,18,0,3,2
51074,2981,0.0,2.0,0.0,17,4,2,7,15,0,1,1
51880,1062,0.0,6.0,0.0,24,11,5,3,22,0,2,0
52272,508,0.0,4.0,1.0,9,6,1,1,8,0,1,0
53070,3161,0.0,6.0,0.0,17,9,2,2,15,0,2,0
53308,2755,0.0,6.0,1.0,4,2,1,1,3,0,1,0
53591,350,0.0,0.0,1.0,9,1,1,3,7,0,1,1
53864,684,0.0,3.0,1.0,29,5,3,1,27,0,2,0
53970,996,0.0,3.0,0.0,7,3,2,2,5,0,2,0
53982,3959,0.0,3.0,0.0,2,1,1,1,0,0,2,0
54267,503,0.0,0.0,0.0,13,6,2,3,10,0,1,2
54505,1472,0.0,3.0,0.0,14,2,1,1,13,0,1,0
54609,1035,0.0,4.0,0.0,12,6,6,2,10,0,2,0
54841,4818,0.0,6.0,0.0,7,4,2,1,6,0,1,0
54896,2313,0.0,0.0,1.0,3,1,1,1,2,0,1,0
55303,4044,0.0,3.0,0.0,20,10,3,2,18,0,2,0
55514,3303,0.0,3.0,0.0,6,1,1,1,5,0,1,0
56165,2225,0.0,3.0,1.0,3,1,1,1,2,0,1,0
56215,1401,0.0,0.0,0.0,2,1,1,1,1,0,1,0
56928,4976,0.0,4.0,0.0,10,3,2,5,8,0,1,1
57398,2318,0.0,3.0,1.0,6,2,1,1,4,0,2,0
57821,4660,1.0,6.0,0.0,6,1,1,3,5,0,1,0
57880,798,0.0,3.0,0.0,1,1,1,1,0,0,1,0
57911,790,0.0,4.0,0.0,7,1,1,2,6,0,1,0
57938,2173,0.0,5.0,2.0,10,5,3,4,8,0,1,1
58421,4504,0.0,0.0,0.0,18,5,1,2,15,0,1,2
58444,1642,0.0,4.0,1.0,5,2,1,2,4,0,1,0
58825,3303,0.0,5.0,0.0,10,3,1,1,9,0,1,0
59181,4536,0.0,3.0,0.0,3,1,1,1,2,0,1,0
59192,1272,0.0,2.0,0.0,6,3,3,4,4,0,2,0
59256,4871,0.0,5.0,0.0,5,3,2,1,3,0,2,0
59524,2655,0.0,4.0,2.0,36,17,5,2,34,0,2,0
60026,2281,0.0,2.0,0.0,5,1,1,1,4,0,1,0
60438,4841,0.0,4.0,0.0,3,1,1,2,2,0,1,0
6056,2631,0.0,3.0,0.0,19,2,2,3,15,0,2,2
60694,1742,1.0,4.0,0.0,9,7,1,1,8,0,1,0
60768,4727,0.0,3.0,1.0,4,1,1,2,2,0,2,0
60899,3786,0.0,5.0,0.0,1,1,1,1,0,0,1,0
61172,1356,0.0,0.0,0.0,24,8,4,4,22,0,1,1
61185,1551,0.0,3.0,1.0,2,1,1,1,1,0,1,0
61392,3828,0.0,3.0,0.0,10,2,2,3,9,0,1,0
61726,1725,0.0,0.0,0.0,1,1,1,1,0,0,1,0
61746,4042,0.0,3.0,0.0,11,1,1,2,9,0,1,1
61870,361,0.0,0.0,0.0,8,3,1,1,7,0,1,0
61901,2629,0.0,7.0,0.0,11,2,1,1,10,0,1,0
62221,2273,0.0,0.0,0.0,7,1,1,2,5,0,1,1
62324,4829,0.0,6.0,1.0,8,4,2,3,7,0,1,0
62378,4648,0.0,3.0,0.0,3,1,1,1,2,0,1,0
62498,3420,0.0,4.0,1.0,5,1,1,1,4,0,1,0
62950,2173,0.0,6.0,1.0,7,4,1,2,6,0,1,0
63434,1117,0.0,2.0,1.0,15,8,4,1,12,0,3,0
63484,4747,0.0,2.0,0.0,6,5,1,1,5,0,1,0
63662,1724,0.0,5.0,0.0,29,15,3,5,28,0,1,0
65058,4950,0.0,5.0,0.0,3,2,1,1,2,0,1,0
65343,2954,0.0,0.0,0.0,2,1,1,2,1,0,1,0
65459,1816,0.0,3.0,null,4,1,1,1,3,0,1,0
65557,289,0.0,3.0,1.0,5,2,1,1,4,0,1,0
65698,1884,0.0,4.0,1.0,3,1,1,1,2,0,1,0
66301,2448,0.0,4.0,1.0,6,1,1,1,5,0,1,0
66471,1272,0.0,0.0,0.0,13,4,1,6,11,0,1,1
66709,490,0.0,5.0,1.0,9,4,2,1,7,0,2,0
668,606,0.0,3.0,0.0,7,2,2,2,5,0,2,0
66868,4048,0.0,2.0,0.0,3,1,1,2,1,0,1,1
6711,4129,0.0,6.0,0.0,15,3,2,2,13,0,2,0
67213,3828,0.0,4.0,0.0,20,15,6,8,14,0,3,3
6731,416,0.0,3.0,0.0,12,7,3,2,10,0,1,1
67318,2443,0.0,3.0,0.0,27,11,1,5,25,0,1,1
67755,685,0.0,0.0,0.0,2,1,1,1,1,0,1,0
68667,4270,0.0,0.0,0.0,2,1,1,2,0,0,1,1
6870,1102,0.0,2.0,0.0,8,6,5,3,7,0,1,0
68759,3576,0.0,0.0,1.0,6,1,1,2,5,0,1,0
68776,3105,0.0,0.0,0.0,8,5,2,4,1,0,3,4
69076,437,0.0,3.0,0.0,24,7,3,5,20,0,1,3
70022,3098,0.0,5.0,1.0,6,2,2,2,4,1,1,0
70056,1884,0.0,0.0,0.0,6,1,1,2,5,0,1,0
70194,474,0.0,4.0,0.0,11,5,3,3,9,0,2,0
70348,2217,0.0,2.0,0.0,1,1,1,1,0,0,1,0
70484,1892,0.0,3.0,0.0,28,11,5,8,24,0,2,2
7060,1346,0.0,5.0,0.0,11,4,1,1,9,0,2,0
70936,1102,0.0,3.0,0.0,7,1,1,3,6,0,1,0
7096,1816,0.0,4.0,1.0,4,2,2,1,3,0,1,0
71003,4044,0.0,3.0,0.0,23,11,3,1,22,0,1,0
71022,416,0.0,6.0,0.0,52,24,8,15,50,0,1,1
71196,1816,0.0,4.0,0.0,6,2,1,2,4,1,1,0
71212,1031,0.0,4.0,2.0,94,8,1,1,93,0,1,0
7139,4765,0.0,3.0,1.0,2,1,1,1,1,0,1,0
72255,3545,0.0,7.0,0.0,14,7,1,3,11,0,2,1
72407,3623,0.0,2.0,0.0,3,1,1,2,1,0,1,1
72510,542,0.0,4.0,1.0,2,1,1,1,1,0,1,0
72852,777,0.0,4.0,0.0,1,1,1,1,0,0,1,0
72967,2140,0.0,7.0,0.0,73,38,1,4,70,0,2,1
73131,4197,0.0,6.0,0.0,2,1,1,1,1,0,1,0
7334,3536,0.0,0.0,0.0,5,1,1,2,4,0,1,0
73864,3828,0.0,3.0,0.0,4,3,2,2,3,0,1,0
74473,3968,0.0,0.0,1.0,5,1,1,1,4,0,1,0
75060,1968,0.0,2.0,1.0,3,1,1,1,0,0,3,0
75179,4361,1.0,3.0,0.0,6,2,1,1,5,0,1,0
75218,4356,0.0,4.0,1.0,5,1,1,2,4,0,1,0
75342,2836,0.0,3.0,1.0,6,4,2,2,5,0,1,0
7621,2396,0.0,0.0,1.0,2,1,1,1,1,0,1,0
76235,4744,0.0,3.0,1.0,2,1,1,1,1,0,1,0
76428,1892,1.0,2.0,0.0,2,2,2,2,1,0,1,0
76631,227,0.0,3.0,1.0,8,6,2,1,6,0,2,0
77363,1393,0.0,4.0,0.0,4,2,2,1,2,0,2,0
77661,3528,0.0,3.0,0.0,9,5,3,3,8,0,1,0
77882,3170,1.0,0.0,0.0,10,4,3,4,6,0,3,1
78053,962,0.0,3.0,0.0,3,2,1,1,2,0,1,0
78823,4756,0.0,7.0,0.0,6,1,1,1,4,0,2,0
79041,4270,0.0,2.0,2.0,1,1,1,1,0,0,1,0
79379,1102,0.0,3.0,0.0,16,11,6,1,15,0,1,0
79408,1710,0.0,0.0,0.0,2,1,1,1,1,0,1,0
79633,4861,0.0,3.0,0.0,2,1,1,2,0,0,1,1
80063,4129,0.0,3.0,1.0,41,11,2,2,40,0,1,0
80123,2124,0.0,3.0,0.0,17,12,2,1,15,0,2,0
80229,2669,0.0,6.0,0.0,3,1,1,1,2,0,1,0
80309,3236,0.0,4.0,0.0,17,11,1,4,14,0,1,2
8043,3990,0.0,4.0,0.0,3,1,1,1,0,0,3,0
80473,4864,0.0,5.0,1.0,2,1,1,1,1,0,1,0
80514,1031,0.0,3.0,1.0,57,15,2,6,52,0,1,4
807,773,1.0,4.0,0.0,48,31,13,2,46,0,2,0
81074,4728,0.0,5.0,0.0,21,7,1,1,19,0,2,0
81143,4504,0.0,2.0,2.0,8,4,1,1,7,0,1,0
81186,4044,0.0,2.0,0.0,31,21,6,1,29,0,1,1
81818,3585,0.0,0.0,0.0,39,23,2,5,36,0,1,2
82094,4917,0.0,6.0,0.0,9,4,1,2,8,0,1,0
82102,3875,0.0,2.0,0.0,18,11,2,2,17,0,1,0
82457,4325,0.0,0.0,0.0,7,3,3,3,4,1,2,0
82842,2821,0.0,3.0,0.0,1,1,1,1,0,0,1,0
82985,2189,0.0,0.0,0.0,1,1,1,1,0,0,1,0
83135,467,0.0,3.0,0.0,4,2,1,1,2,0,2,0
84014,3910,0.0,3.0,0.0,3,2,1,1,1,0,2,0
84039,3979,0.0,0.0,1.0,6,1,1,3,4,0,1,1
84420,2288,0.0,4.0,1.0,9,3,1,1,7,0,1,1
84697,3152,1.0,3.0,0.0,2,1,1,1,1,0,1,0
84911,3159,0.0,3.0,0.0,12,7,4,1,9,0,3,0
86186,1892,0.0,0.0,1.0,12,8,5,2,10,0,2,0
8623,3682,0.0,6.0,1.0,15,2,1,1,14,0,1,0
86285,3968,0.0,0.0,0.0,4,1,1,1,3,0,1,0
88086,4325,0.0,3.0,0.0,4,1,1,2,3,0,1,0
88095,145,0.0,3.0,0.0,3,2,1,1,2,0,1,0
88146,608,0.0,0.0,1.0,8,5,2,2,7,0,1,0
88180,2241,1.0,3.0,0.0,5,1,1,3,4,0,1,0
88426,2721,0.0,2.0,0.0,25,10,1,7,23,0,2,0
88443,4044,0.0,0.0,0.0,50,16,2,2,49,0,1,0
88449,1724,0.0,2.0,0.0,4,1,1,1,3,0,1,0
88589,1310,0.0,4.0,0.0,3,1,1,2,0,0,2,1
8894,2824,0.0,4.0,0.0,1,1,1,1,0,0,1,0
89004,2447,0.0,3.0,0.0,9,2,2,1,6,2,1,0
89372,2856,0.0,3.0,1.0,2,1,1,1,1,0,1,0
89536,4864,0.0,4.0,0.0,4,2,2,1,3,0,1,0
89707,4076,0.0,6.0,1.0,9,4,2,2,8,0,1,0
89730,1102,0.0,6.0,0.0,3,1,1,2,1,0,1,1
89941,1031,0.0,3.0,1.0,7,1,1,3,4,0,1,2
90656,2066,0.0,3.0,0.0,16,3,1,2,13,0,1,2
91019,3828,0.0,2.0,0.0,55,32,12,11,51,0,1,3
91102,2589,0.0,2.0,1.0,7,5,4,1,6,0,1,0
91437,255,0.0,3.0,1.0,11,4,2,4,10,0,1,0
91479,4992,0.0,3.0,0.0,7,2,1,2,6,0,1,0
91521,416,0.0,0.0,0.0,14,7,1,1,13,0,1,0
91687,1142,0.0,6.0,1.0,8,2,1,1,7,0,1,0
9228,1393,0.0,0.0,0.0,44,20,6,2,43,0,1,0
92445,3936,0.0,3.0,0.0,7,1,1,3,5,0,1,1
92707,3822,0.0,3.0,0.0,15,4,1,5,12,0,1,2
92916,4287,1.0,4.0,2.0,17,7,4,2,16,0,1,0
93141,4357,0.0,3.0,0.0,5,1,1,2,3,0,2,0
93142,962,0.0,4.0,0.0,4,1,1,1,3,0,1,0
9414,4419,0.0,4.0,1.0,4,1,1,2,2,0,2,0
94278,1487,0.0,4.0,0.0,12,6,1,1,10,0,1,1
94290,4947,0.0,0.0,0.0,3,1,1,1,2,0,1,0
94296,1049,0.0,3.0,1.0,3,1,1,1,2,0,1,0
94368,786,0.0,6.0,0.0,17,6,3,2,16,0,1,0
9456,2361,0.0,3.0,0.0,2,1,1,2,1,0,1,0
95323,4648,0.0,3.0,1.0,2,2,2,1,0,0,2,0
9616,3396,0.0,0.0,1.0,2,1,1,1,1,0,1,0
96190,2550,0.0,4.0,0.0,22,3,1,6,20,0,2,0
96469,1760,0.0,3.0,0.0,23,8,1,2,20,0,3,0
96552,2537,0.0,6.0,0.0,20,9,3,2,17,1,2,0
96639,2140,0.0,3.0,0.0,18,8,1,3,17,0,1,0
96916,4605,0.0,3.0,0.0,27,8,5,7,23,0,3,1
97559,4966,0.0,4.0,0.0,10,4,3,1,9,0,1,0
97861,1900,0.0,3.0,0.0,8,2,1,2,6,0,1,1
98139,63,0.0,0.0,1.0,15,1,1,2,14,0,1,0
9872,804,0.0,5.0,0.0,11,4,3,1,8,0,3,0
99057,4042,0.0,4.0,0.0,2,1,1,1,1,0,1,0
