100836,4280,0.0,2.0,0.0,3,2,1,2,2,0,1,0
101131,1726,0.0,3.0,0.0,3,1,1,1,2,0,1,0
101156,4793,0.0,0.0,1.0,3,1,1,1,2,0,1,0
101382,3930,0.0,6.0,0.0,3,2,1,1,2,0,1,0
101605,1884,1.0,3.0,1.0,16,4,3,5,14,0,1,1
101821,841,0.0,0.0,2.0,11,3,2,3,8,0,1,2
102644,1808,0.0,5.0,0.0,11,3,1,2,10,0,1,0
102904,2537,0.0,0.0,0.0,44,14,4,2,43,0,1,0
103666,4173,0.0,0.0,0.0,9,7,2,1,8,0,1,0
103753,4871,0.0,0.0,1.0,3,1,1,1,2,0,1,0
103762,824,0.0,5.0,0.0,1,1,1,1,0,0,1,0
104649,1500,0.0,0.0,0.0,9,4,1,1,8,0,1,0
104724,3148,0.0,6.0,0.0,13,12,3,2,12,0,1,0
105767,1574,0.0,2.0,0.0,3,2,1,1,0,0,3,0
106127,4966,0.0,4.0,1.0,3,1,1,1,2,0,1,0
106220,3171,0.0,0.0,0.0,2,1,1,1,1,0,1,0
106400,2313,0.0,4.0,1.0,3,1,1,2,2,0,1,0
106968,2516,0.0,2.0,0.0,6,3,1,2,5,0,1,0
107545,606,0.0,5.0,0.0,24,14,7,3,23,0,1,0
107624,2872,0.0,4.0,0.0,7,5,5,1,6,0,1,0
107862,2545,1.0,2.0,1.0,25,6,3,2,24,0,1,0
108038,2537,0.0,3.0,0.0,7,6,3,2,6,0,1,0
108576,3667,0.0,0.0,0.0,2,1,1,1,1,0,1,0
108825,26,0.0,4.0,1.0,25,13,4,1,21,0,4,0
10900,1890,0.0,0.0,0.0,6,2,2,3,5,0,1,0
109614,1833,0.0,4.0,0.0,18,7,2,2,14,0,4,0
110426,3828,0.0,3.0,0.0,31,7,6,11,29,0,2,0
110489,320,0.0,4.0,0.0,8,2,1,3,6,0,1,1
1106,598,0.0,3.0,0.0,11,6,2,2,9,0,2,0
110624,2068,0.0,3.0,0.0,8,2,1,1,6,0,2,0
110677,1200,0.0,6.0,1.0,4,2,1,1,3,0,1,0
110987,3363,0.0,3.0,0.0,3,1,1,1,2,0,1,0
111371,3524,0.0,0.0,1.0,2,1,1,1,1,0,1,0
111813,1102,0.0,3.0,0.0,38,10,4,2,35,0,1,2
112009,2786,0.0,2.0,1.0,3,1,1,1,2,0,1,0
112163,4760,0.0,3.0,0.0,14,3,1,2,13,0,1,0
112932,3623,0.0,0.0,0.0,4,1,1,3,3,0,1,0
11296,3873,0.0,4.0,0.0,9,3,2,2,8,0,1,0
113007,4427,0.0,0.0,0.0,2,1,1,1,1,0,1,0
113208,4079,0.0,0.0,0.0,15,5,2,1,13,0,2,0
113225,1123,0.0,2.0,0.0,2,1,1,1,1,0,1,0
113292,1346,0.0,4.0,0.0,11,4,1,1,10,0,1,0
113389,2664,0.0,2.0,0.0,4,1,1,1,3,0,1,0
113459,718,1.0,6.0,0.0,21,8,4,1,18,0,3,0
113463,3607,0.0,3.0,0.0,1,1,1,1,0,0,1,0
113521,1204,0.0,3.0,0.0,10,4,3,1,6,0,4,0
114116,4282,0.0,3.0,null,15,11,3,1,14,0,1,0
114287,2020,0.0,5.0,0.0,4,1,1,1,3,0,1,0
11433,121,0.0,0.0,0.0,3,1,1,1,2,0,1,0
115118,4083,0.0,4.0,1.0,6,1,1,1,4,1,1,0
116250,2173,0.0,7.0,0.0,4,2,1,2,1,0,2,1
117160,3173,0.0,0.0,0.0,2,1,1,1,1,0,1,0
117512,4044,0.0,0.0,0.0,2,1,1,1,1,0,1,0
117690,1272,0.0,2.0,1.0,4,2,1,2,3,0,1,0
117895,1073,0.0,5.0,0.0,6,1,1,3,5,0,1,0
117931,804,0.0,5.0,0.0,3,2,2,1,2,0,1,0
118333,1659,0.0,5.0,0.0,2,1,1,1,1,0,1,0
120429,3889,0.0,0.0,0.0,4,1,1,1,3,0,1,0
120791,2880,0.0,3.0,0.0,4,2,2,1,2,0,2,0
120919,962,0.0,6.0,2.0,6,4,1,1,5,0,1,0
121041,4044,0.0,3.0,0.0,31,12,5,5,25,0,1,5
121043,586,0.0,6.0,0.0,17,6,1,1,16,0,1,0
121353,3073,0.0,3.0,1.0,3,1,1,1,1,0,2,0
121372,2124,0.0,7.0,1.0,3,2,1,1,2,0,1,0
121474,1619,0.0,0.0,0.0,1,1,1,1,0,0,1,0
121522,4388,0.0,5.0,0.0,2,1,1,1,0,0,2,0
121632,3034,0.0,3.0,1.0,2,1,1,1,1,0,1,0
122513,4361,0.0,5.0,1.0,6,3,1,2,5,0,1,0
12278,1581,0.0,0.0,0.0,9,5,1,1,6,0,3,0
122977,1102,0.0,3.0,0.0,5,3,3,2,2,0,1,2
123112,1272,0.0,3.0,0.0,21,7,1,2,17,0,1,3
123329,2279,0.0,0.0,0.0,1,1,1,1,0,0,1,0
123956,66,0.0,2.0,0.0,1,1,1,1,0,0,1,0
124316,1200,0.0,4.0,0.0,5,1,1,1,3,0,2,0
124815,1557,0.0,6.0,0.0,3,1,1,2,2,0,1,0
125037,1056,0.0,4.0,0.0,4,1,1,2,3,0,1,0
125147,4150,0.0,3.0,0.0,1,1,1,1,0,0,1,0
125464,1916,0.0,0.0,0.0,17,8,1,3,14,2,1,0
125663,3484,0.0,0.0,0.0,9,2,1,3,7,0,1,1
125666,2138,0.0,4.0,2.0,2,2,2,2,1,0,1,0
125781,255,1.0,3.0,0.0,8,2,1,1,6,0,2,0
126015,1346,0.0,0.0,0.0,4,2,1,3,3,0,1,0
12627,605,0.0,4.0,0.0,2,1,1,2,1,0,1,0
126596,2928,0.0,4.0,1.0,20,11,3,2,18,0,1,1
126709,1133,1.0,0.0,1.0,2,1,1,2,1,0,1,0
12823,4655,0.0,2.0,0.0,13,2,2,3,12,0,1,0
12852,2669,0.0,3.0,0.0,5,2,1,1,3,1,1,0
128548,4818,0.0,3.0,1.0,2,1,1,1,1,0,1,0
129779,794,0.0,3.0,0.0,13,7,1,1,12,0,1,0
130674,1352,1.0,3.0,0.0,9,3,2,4,6,0,1,2
131287,1090,0.0,6.0,0.0,1,1,1,1,0,0,1,0
131397,3451,0.0,5.0,1.0,2,1,1,1,0,0,2,0
131556,3826,0.0,8.0,0.0,1,1,1,1,0,0,1,0
131602,2537,0.0,3.0,0.0,12,9,4,2,11,0,1,0
131725,514,0.0,7.0,0.0,4,2,1,2,1,0,3,0
132159,2328,1.0,4.0,0.0,35,11,2,6,30,0,1,4
132172,3022,0.0,3.0,0.0,5,1,1,2,4,0,1,0
132891,4729,0.0,0.0,0.0,9,2,1,1,8,0,1,0
132934,3956,0.0,3.0,2.0,1,1,1,1,0,0,1,0
132972,3936,0.0,4.0,1.0,2,1,1,1,1,0,1,0
133398,4173,0.0,0.0,0.0,4,1,1,1,3,0,1,0
133854,1999,0.0,3.0,1.0,1,1,1,1,0,0,1,0
134031,557,0.0,4.0,0.0,23,7,2,6,20,0,1,2
134046,3452,0.0,0.0,1.0,6,4,2,1,5,0,1,0
134296,361,0.0,4.0,1.0,3,1,1,1,2,0,1,0
134980,685,0.0,0.0,0.0,19,7,4,3,17,0,2,0
135086,598,0.0,0.0,0.0,8,1,1,1,7,0,1,0
135147,3578,0.0,3.0,0.0,26,5,1,3,22,0,2,2
135965,4173,0.0,4.0,2.0,180,122,17,11,164,0,1,15
136032,1808,0.0,4.0,0.0,8,3,1,1,7,0,1,0
136324,1978,1.0,2.0,1.0,22,12,3,3,18,0,1,3
136438,2175,0.0,2.0,0.0,16,7,2,2,14,0,1,1
136533,962,0.0,3.0,0.0,5,3,2,2,4,0,1,0
136671,2592,0.0,3.0,1.0,7,3,3,1,6,0,1,0
137337,2935,0.0,2.0,1.0,15,3,1,3,14,0,1,0
137366,4726,0.0,3.0,1.0,1,1,1,1,0,0,1,0
137886,2821,0.0,3.0,0.0,12,3,2,1,11,0,1,0
138078,4605,0.0,2.0,0.0,14,6,6,3,12,0,2,0
138260,1944,1.0,5.0,0.0,2,2,2,2,1,0,1,0
138384,4287,0.0,0.0,0.0,5,2,2,2,4,0,1,0
138550,1203,0.0,5.0,0.0,9,2,2,2,7,0,2,0
138824,3054,0.0,4.0,0.0,4,2,2,2,3,0,1,0
138860,4170,0.0,4.0,0.0,11,6,1,4,10,0,1,0
138865,1642,1.0,0.0,0.0,11,2,1,1,9,0,1,1
139099,1710,0.0,4.0,1.0,7,3,1,1,5,0,1,1
139151,63,0.0,2.0,2.0,5,2,2,2,4,0,1,0
139160,1760,0.0,5.0,1.0,1,1,1,1,0,0,1,0
139370,1470,0.0,6.0,1.0,2,1,1,1,1,0,1,0
139690,4043,0.0,0.0,0.0,8,5,3,2,6,0,2,0
140025,4760,0.0,2.0,0.0,2,1,1,1,1,0,1,0
140078,3022,0.0,0.0,0.0,34,18,7,1,33,0,1,0
140155,1704,0.0,4.0,0.0,9,2,1,1,7,0,2,0
140478,1495,0.0,4.0,0.0,14,7,1,1,13,0,1,0
140682,4336,0.0,3.0,0.0,5,3,1,1,4,0,1,0
140688,4394,0.0,2.0,0.0,3,1,1,1,2,0,1,0
141707,2291,0.0,null,null,4,2,2,1,3,0,1,0
142388,1742,0.0,3.0,0.0,3,2,1,1,2,0,1,0
14294,1272,0.0,5.0,0.0,5,2,2,1,4,0,1,0
143015,3990,0.0,0.0,0.0,1,1,1,1,0,0,1,0
144290,3536,0.0,2.0,1.0,10,1,1,1,9,0,1,0
1444,3954,0.0,3.0,1.0,4,3,2,1,3,0,1,0
145580,4871,0.0,2.0,0.0,1,1,1,1,0,0,1,0
146202,2791,0.0,0.0,1.0,6,1,1,2,5,0,1,0
146449,1911,0.0,0.0,0.0,34,12,2,2,32,0,1,1
146826,3472,0.0,0.0,0.0,3,1,1,2,1,0,1,1
147360,3623,0.0,6.0,1.0,3,2,2,2,2,0,1,0
147398,534,1.0,0.0,0.0,3,1,1,1,2,0,1,0
148476,1511,0.0,6.0,0.0,2,2,1,1,0,0,2,0
148649,3819,0.0,0.0,1.0,5,1,1,2,4,0,1,0
148695,4044,1.0,3.0,0.0,25,15,6,4,18,0,7,0
148926,293,0.0,3.0,0.0,3,2,2,1,2,0,1,0
148972,4173,1.0,3.0,0.0,13,8,4,5,10,0,1,2
149343,4173,0.0,0.0,0.0,1,1,1,1,0,0,1,0
149691,1602,0.0,3.0,1.0,1,1,1,1,0,0,1,0
150687,3356,0.0,0.0,1.0,8,6,1,1,7,0,1,0
150746,2424,0.0,2.0,1.0,19,4,1,2,18,0,1,0
150791,4414,0.0,3.0,0.0,8,2,1,1,7,0,1,0
151649,3444,0.0,3.0,0.0,4,1,1,1,3,0,1,0
151869,3016,0.0,0.0,0.0,6,3,3,1,3,0,3,0
152069,2193,0.0,3.0,0.0,4,1,1,1,3,0,1,0
152093,1102,0.0,2.0,0.0,2,1,1,1,1,0,1,0
152147,2981,0.0,3.0,0.0,3,2,2,2,2,0,1,0
152182,2289,0.0,3.0,0.0,8,1,1,2,7,0,1,0
152555,2860,0.0,3.0,0.0,8,1,1,4,7,0,1,0
152650,3152,0.0,3.0,0.0,4,3,1,2,3,0,1,0
153209,4850,0.0,0.0,1.0,1,1,1,1,0,0,1,0
15344,3073,0.0,3.0,1.0,3,1,1,1,2,0,1,0
153592,2128,0.0,4.0,0.0,9,3,3,1,5,0,3,1
153857,1102,0.0,4.0,0.0,1,1,1,1,0,0,1,0
153909,1412,0.0,3.0,0.0,2,1,1,2,1,0,1,0
154016,1495,0.0,4.0,1.0,13,2,1,4,10,1,1,1
154215,1111,1.0,2.0,0.0,1,1,1,1,0,0,1,0
154921,4966,0.0,4.0,1.0,13,7,6,2,10,0,3,0
155431,2594,1.0,0.0,0.0,116,48,10,7,102,0,4,10
155504,1892,0.0,0.0,0.0,27,13,6,3,23,0,3,1
155573,1346,0.0,4.0,1.0,12,3,1,1,11,0,1,0
155941,2664,0.0,0.0,0.0,7,3,1,4,6,0,1,0
156462,2537,0.0,4.0,0.0,19,7,1,2,18,0,1,0
156673,2569,0.0,4.0,0.0,6,4,1,2,3,0,3,0
157203,1791,0.0,3.0,1.0,15,5,2,1,14,0,1,0
157236,423,0.0,0.0,0.0,8,1,1,3,7,0,1,0
157345,2592,0.0,4.0,1.0,3,1,1,1,2,0,1,0
157877,1892,0.0,0.0,0.0,43,20,8,1,39,0,4,0
157889,3826,0.0,2.0,0.0,3,1,1,2,2,0,1,0
158290,132,0.0,2.0,0.0,4,1,1,1,3,0,1,0
158506,4198,0.0,3.0,0.0,5,1,1,1,4,0,1,0
158552,1073,0.0,2.0,0.0,3,1,1,1,2,0,1,0
158988,1964,0.0,2.0,1.0,1,1,1,1,0,0,1,0
159229,798,0.0,3.0,0.0,1,1,1,1,0,0,1,0
159430,2721,0.0,4.0,1.0,44,20,2,6,43,0,1,0
159663,215,0.0,3.0,1.0,4,2,1,1,3,0,1,0
15988,4173,0.0,5.0,0.0,8,3,2,3,3,0,2,3
160336,3734,0.0,2.0,1.0,64,35,5,4,60,0,2,2
160489,3990,0.0,3.0,0.0,3,2,2,1,2,0,1,0
160589,3701,0.0,5.0,1.0,6,1,1,4,5,0,1,0
160962,2565,0.0,5.0,0.0,2,1,1,2,0,0,1,1
16133,1000,1.0,3.0,1.0,4,1,1,2,3,0,1,0
161350,4992,0.0,3.0,0.0,3,2,1,2,2,0,1,0
161393,3271,0.0,3.0,0.0,12,3,2,1,11,0,1,0
161406,1412,0.0,0.0,0.0,1,1,1,1,0,0,1,0
161677,4196,0.0,3.0,1.0,3,1,1,1,2,0,1,0
16174,3350,0.0,0.0,1.0,22,3,1,1,21,0,1,0
161822,4048,0.0,3.0,1.0,1,1,1,1,0,0,1,0
162065,1470,0.0,3.0,1.0,29,5,2,5,28,0,1,0
162108,4659,0.0,3.0,0.0,3,2,2,1,1,0,2,0
163208,2928,0.0,4.0,0.0,5,1,1,1,4,0,1,0
16333,121,0.0,5.0,0.0,5,1,1,1,4,0,1,0
163396,1255,0.0,4.0,0.0,4,2,1,1,3,0,1,0
163404,2047,0.0,3.0,1.0,7,5,3,1,6,0,1,0
16344,3179,0.0,0.0,0.0,8,1,1,2,6,0,1,1
164148,1619,0.0,0.0,1.0,10,3,1,3,9,0,1,0
16461,2138,1.0,2.0,0.0,6,6,6,1,0,0,6,0
164805,1520,0.0,0.0,1.0,3,1,1,1,2,0,1,0
164954,643,0.0,2.0,0.0,2,1,1,1,1,0,1,0
165185,474,1.0,4.0,0.0,9,4,3,2,7,0,2,0
165220,4079,0.0,3.0,0.0,23,11,2,4,16,0,6,1
165231,1738,0.0,2.0,0.0,3,1,1,1,2,0,1,0
165452,4765,0.0,2.0,1.0,3,1,1,1,2,0,1,0
165583,798,0.0,0.0,1.0,9,1,1,1,8,0,1,0
165861,4044,0.0,0.0,0.0,27,13,5,2,24,0,2,1
165919,2273,0.0,5.0,0.0,2,1,1,2,0,0,1,1
16603,3865,0.0,3.0,0.0,2,1,1,2,1,0,1,0
166084,145,0.0,3.0,0.0,17,4,1,3,16,0,1,0
166339,4976,0.0,0.0,0.0,2,2,2,1,0,0,2,0
166729,10,0.0,3.0,1.0,5,1,1,3,4,0,1,0
167083,926,0.0,3.0,null,5,2,2,1,3,0,2,0
167384,4419,0.0,3.0,0.0,5,1,1,2,4,0,1,0
167525,2036,0.0,2.0,1.0,6,1,1,1,5,0,1,0
168109,2597,0.0,0.0,0.0,3,1,1,2,1,1,1,0
16813,4118,0.0,5.0,0.0,3,2,1,1,2,0,1,0
168257,4348,0.0,6.0,0.0,13,4,2,4,11,0,1,1
168788,3898,0.0,2.0,0.0,1,1,1,1,0,0,1,0
16879,4171,0.0,2.0,0.0,6,1,1,1,3,0,3,0
168838,1738,0.0,3.0,0.0,4,1,1,1,3,0,1,0
16893,2026,0.0,2.0,null,2,1,1,1,1,0,1,0
169443,361,0.0,4.0,0.0,5,2,1,1,3,0,1,1
169484,4234,0.0,0.0,0.0,24,15,4,5,12,0,1,11
169615,4708,0.0,4.0,0.0,19,10,5,3,18,0,1,0
169679,4818,0.0,4.0,0.0,18,12,7,3,14,0,4,0
169737,4976,0.0,3.0,0.0,13,6,3,5,11,0,1,1
170458,3523,0.0,4.0,2.0,4,2,1,3,2,0,2,0
170767,2313,0.0,6.0,0.0,7,4,2,1,6,0,1,0
170976,3363,0.0,0.0,0.0,4,1,1,1,3,0,1,0
171211,2482,0.0,3.0,0.0,9,4,3,3,7,0,2,0
171390,3828,0.0,0.0,0.0,25,11,8,4,24,0,1,0
171473,2128,0.0,4.0,0.0,1,1,1,1,0,0,1,0
171476,2901,0.0,2.0,0.0,4,1,1,1,3,0,1,0
1715,1031,0.0,3.0,0.0,8,2,1,1,7,0,1,0
172225,2746,0.0,0.0,0.0,2,1,1,1,1,0,1,0
172239,293,0.0,2.0,0.0,7,2,1,1,5,0,1,1
172766,598,0.0,4.0,1.0,7,2,1,2,6,0,1,0
173189,4265,0.0,4.0,1.0,102,43,10,1,100,0,2,0
173594,1168,1.0,3.0,0.0,28,11,6,3,25,0,2,1
173911,3127,0.0,0.0,0.0,2,1,1,1,1,0,1,0
173965,1310,0.0,2.0,0.0,23,10,6,3,22,0,1,0
174349,4101,0.0,2.0,0.0,2,1,1,1,1,0,1,0
174440,2721,0.0,3.0,1.0,29,19,3,2,28,0,1,0
174777,4115,0.0,3.0,1.0,10,5,2,1,8,0,2,0
17489,4742,0.0,0.0,0.0,11,2,1,2,10,0,1,0
175018,671,0.0,6.0,0.0,6,3,3,1,4,0,2,0
175139,3828,0.0,0.0,1.0,2,2,1,1,1,0,1,0
17619,4847,0.0,3.0,0.0,28,23,9,2,24,0,4,0
176248,1167,0.0,2.0,0.0,1,1,1,1,0,0,1,0
17647,35,0.0,3.0,1.0,37,24,6,1,34,0,3,0
176515,4043,0.0,3.0,0.0,3,1,1,1,2,0,1,0
177621,3623,0.0,0.0,0.0,4,1,1,1,3,0,1,0
17823,4975,0.0,6.0,0.0,4,2,1,1,3,0,1,0
178317,3828,0.0,5.0,0.0,7,5,4,2,6,0,1,0
178777,3614,0.0,3.0,0.0,2,1,1,1,1,0,1,0
178935,1346,0.0,4.0,0.0,18,3,1,3,15,0,1,2
179198,2482,0.0,2.0,0.0,11,5,4,2,9,0,1,1
179328,1679,0.0,4.0,0.0,15,7,3,1,14,0,1,0
179891,3484,0.0,0.0,0.0,12,6,2,3,11,0,1,0
180095,3822,0.0,0.0,1.0,3,1,1,1,2,0,1,0
180796,773,0.0,4.0,0.0,2,2,2,2,0,0,1,1
18080,643,0.0,0.0,1.0,3,1,1,2,2,0,1,0
180949,3984,0.0,4.0,0.0,7,4,4,2,6,0,1,0
181416,2849,0.0,3.0,1.0,26,20,6,1,25,0,1,0
181428,1679,0.0,3.0,0.0,8,4,2,3,7,0,1,0
181640,962,0.0,4.0,0.0,4,1,1,1,3,0,1,0
181789,2821,0.0,0.0,0.0,11,2,2,1,9,0,2,0
181970,1115,0.0,6.0,1.0,3,1,1,1,2,0,1,0
182075,4444,0.0,6.0,1.0,10,5,1,3,8,0,1,1
182333,2020,0.0,4.0,0.0,3,1,1,3,1,0,1,1
182637,3828,0.0,0.0,1.0,2,1,1,1,1,0,1,0
18301,4382,0.0,7.0,0.0,2,1,1,1,1,0,1,0
18322,3578,0.0,4.0,1.0,3,1,1,1,1,0,1,1
183418,4783,0.0,0.0,0.0,1,1,1,1,0,0,1,0
183435,3103,0.0,2.0,1.0,6,4,3,1,5,0,1,0
183760,1861,0.0,4.0,0.0,10,4,2,4,8,0,1,1
183919,3316,0.0,4.0,0.0,1,1,1,1,0,0,1,0
183974,2447,0.0,3.0,0.0,16,3,2,3,14,1,1,0
184071,467,0.0,3.0,1.0,4,1,1,2,3,0,1,0
185002,2127,0.0,5.0,1.0,2,1,1,1,1,0,1,0
185473,2664,0.0,3.0,0.0,13,4,1,2,11,0,2,0
185642,4527,0.0,0.0,1.0,15,4,1,2,12,0,3,0
18597,4763,0.0,0.0,1.0,3,1,1,1,2,0,1,0
186000,134,0.0,2.0,1.0,2,1,1,1,1,0,1,0
186094,3734,0.0,0.0,1.0,15,7,3,2,14,0,1,0
186177,2124,0.0,4.0,0.0,2,1,1,1,1,0,1,0
186524,4044,1.0,2.0,0.0,15,8,4,1,14,0,1,0
18699,3734,1.0,4.0,1.0,53,21,9,2,51,0,2,0
187217,1103,0.0,0.0,0.0,8,2,1,1,6,0,2,0
187502,3936,1.0,3.0,0.0,6,1,1,2,4,1,1,0
1877,1421,0.0,5.0,0.0,15,9,2,1,13,0,2,0
187717,3472,0.0,5.0,0.0,4,2,1,1,3,0,1,0
18795,437,0.0,6.0,0.0,8,5,4,3,7,0,1,0
188106,1000,0.0,3.0,1.0,4,1,1,1,3,0,1,0
18936,3016,1.0,3.0,0.0,2,2,2,1,0,0,1,1
189388,1719,0.0,3.0,1.0,3,1,1,1,2,0,1,0
189458,3424,0.0,5.0,0.0,8,1,1,4,6,0,1,1
189516,219,0.0,3.0,1.0,5,1,1,3,3,0,2,0
189929,1145,0.0,5.0,0.0,4,2,1,1,2,0,2,0
190101,3152,0.0,4.0,0.0,3,2,1,1,2,0,1,0
190231,4871,0.0,2.0,1.0,1,1,1,1,0,0,1,0
190652,2237,0.0,0.0,1.0,1,1,1,1,0,0,1,0
190926,3781,0.0,3.0,0.0,1,1,1,1,0,0,1,0
191058,2913,1.0,3.0,0.0,36,6,1,4,33,0,1,2
191114,1679,1.0,4.0,0.0,7,6,3,2,6,0,1,0
191343,4234,0.0,4.0,0.0,2,1,1,1,1,0,1,0
191781,1922,0.0,3.0,0.0,5,1,1,2,4,0,1,0
191841,1452,0.0,4.0,1.0,13,1,1,2,11,0,1,1
191923,4042,0.0,2.0,1.0,2,1,1,1,1,0,1,0
191987,474,1.0,3.0,0.0,11,6,5,2,10,0,1,0
192124,4760,0.0,0.0,0.0,4,2,2,1,2,0,2,0
192229,4427,0.0,3.0,0.0,3,1,1,1,2,0,1,0
192231,2511,0.0,2.0,0.0,5,2,1,1,4,0,1,0
192313,4044,0.0,3.0,0.0,10,5,4,3,8,0,1,1
192526,3345,0.0,0.0,0.0,5,1,1,3,4,0,1,0
192582,2318,0.0,5.0,0.0,6,2,2,1,5,0,1,0
192821,1487,1.0,6.0,1.0,21,4,1,1,20,0,1,0
192856,4044,0.0,3.0,0.0,1,1,1,1,0,0,1,0
192874,3528,0.0,3.0,0.0,22,12,5,5,19,0,2,1
19297,1123,0.0,3.0,0.0,19,2,1,3,18,0,1,0
193298,4048,0.0,0.0,0.0,1,1,1,1,0,0,1,0
1935,4170,0.0,3.0,0.0,20,5,1,3,12,0,4,4
19354,3350,0.0,3.0,0.0,3,2,1,1,0,0,1,2
19368,4760,0.0,2.0,1.0,4,2,2,1,2,0,2,0
193978,3828,1.0,6.0,0.0,243,85,14,6,235,0,6,2
194159,4368,0.0,5.0,1.0,10,2,1,3,6,1,1,2
194529,2128,0.0,4.0,0.0,14,6,3,1,12,0,2,0
194722,4277,0.0,3.0,1.0,6,1,1,1,4,1,1,0
194891,4585,0.0,3.0,1.0,9,2,1,1,8,0,1,0
195020,4650,0.0,0.0,0.0,4,2,2,1,3,0,1,0
195066,740,0.0,4.0,0.0,4,1,1,1,2,0,2,0
195168,2935,0.0,0.0,0.0,3,1,1,1,2,0,1,0
19518,2891,0.0,4.0,1.0,18,2,1,1,16,0,2,0
195267,3152,0.0,4.0,1.0,5,3,1,1,4,0,1,0
195277,1810,0.0,2.0,0.0,11,5,2,1,10,0,1,0
195553,3570,0.0,5.0,0.0,20,8,6,1,15,0,5,0
195748,1978,0.0,null,null,1,1,1,1,0,0,1,0
196194,216,0.0,2.0,0.0,4,1,1,1,3,0,1,0
1967,2320,0.0,5.0,1.0,2,1,1,1,1,0,1,0
196717,3825,0.0,3.0,1.0,1,1,1,1,0,0,1,0
196817,3806,1.0,3.0,0.0,2,1,1,1,1,0,1,0
196962,2653,0.0,0.0,0.0,2,1,1,2,1,0,1,0
197615,2193,0.0,3.0,1.0,3,1,1,1,2,0,1,0
197834,250,0.0,0.0,0.0,5,2,1,1,4,0,1,0
198075,3990,0.0,3.0,1.0,4,2,1,1,3,0,1,0
198433,3319,0.0,5.0,1.0,3,1,1,1,2,0,1,0
198442,1618,0.0,0.0,0.0,13,2,1,2,11,0,1,1
198474,2537,0.0,6.0,0.0,3,2,1,1,2,0,1,0
198603,1102,0.0,0.0,0.0,39,24,6,1,37,0,2,0
19894,10,0.0,4.0,0.0,17,4,3,1,14,0,1,2
199609,1111,0.0,2.0,0.0,1,1,1,1,0,0,1,0
199685,1481,0.0,6.0,1.0,8,1,1,4,7,0,1,0
201096,3609,0.0,3.0,0.0,4,1,1,1,3,0,1,0
201359,3152,0.0,3.0,0.0,10,5,1,4,9,0,1,0
201789,350,0.0,3.0,0.0,6,1,1,2,5,0,1,0
202192,1134,0.0,3.0,0.0,12,6,6,1,10,0,2,0
202269,1833,0.0,4.0,0.0,36,21,1,1,35,0,1,0
203189,3828,0.0,0.0,0.0,7,1,1,1,6,0,1,0
203203,2459,0.0,0.0,0.0,6,2,1,1,5,0,1,0
203205,4281,0.0,6.0,1.0,4,1,1,2,3,0,1,0
203367,951,0.0,2.0,0.0,2,1,1,1,1,0,1,0
203514,3671,0.0,4.0,2.0,35,17,6,2,33,0,2,0
203779,4044,0.0,2.0,0.0,39,26,6,3,37,0,2,0
203843,9,0.0,3.0,1.0,2,2,2,1,0,0,2,0
203946,4813,0.0,6.0,0.0,6,1,1,3,5,0,1,0
204102,2767,0.0,3.0,0.0,2,1,1,2,1,0,1,0
204868,4879,0.0,6.0,0.0,10,2,1,3,9,0,1,0
205277,3979,0.0,5.0,0.0,3,1,1,1,2,0,1,0
206731,794,0.0,0.0,0.0,56,21,2,2,55,0,1,0
207508,141,0.0,0.0,0.0,11,2,1,5,10,0,1,0
208016,3763,0.0,null,null,15,4,1,2,13,0,2,0
208484,4073,0.0,0.0,0.0,8,3,1,1,7,0,1,0
208816,1760,0.0,null,null,14,8,1,3,12,0,2,0
208863,1760,0.0,0.0,1.0,1,1,1,1,0,0,1,0
209920,1618,0.0,0.0,0.0,8,5,1,3,7,0,1,0
210007,3742,0.0,3.0,0.0,14,5,1,1,12,0,2,0
210517,2821,0.0,2.0,1.0,7,2,2,1,5,0,1,1
211224,2273,0.0,4.0,0.0,3,1,1,1,2,0,1,0
211429,508,0.0,0.0,0.0,7,2,1,2,5,0,2,0
212734,1472,0.0,5.0,0.0,9,4,1,1,7,0,1,1
213135,4079,0.0,3.0,1.0,1,1,1,1,0,0,1,0
213440,3152,0.0,6.0,1.0,36,9,3,4,33,0,1,2
213946,1356,0.0,0.0,0.0,6,1,1,2,5,0,1,0
213974,1028,0.0,3.0,1.0,9,4,1,1,7,0,2,0
214227,1890,0.0,3.0,0.0,12,6,1,1,9,0,2,1
214375,4043,1.0,4.0,0.0,9,6,4,4,8,0,1,0
214420,1900,0.0,3.0,1.0,3,1,1,1,2,0,1,0
215116,4760,0.0,0.0,0.0,3,3,2,2,0,0,1,2
215133,4607,0.0,4.0,0.0,33,17,2,2,24,0,5,4
215155,1115,0.0,7.0,1.0,4,2,2,1,3,0,1,0
215457,958,0.0,5.0,0.0,26,9,1,2,21,0,5,0
216033,783,0.0,3.0,0.0,6,2,1,1,5,0,1,0
216308,1190,0.0,0.0,null,9,6,2,1,8,0,1,0
216426,4855,0.0,0.0,0.0,5,2,1,2,4,0,1,0
21654,1330,0.0,0.0,0.0,4,2,1,2,3,0,1,0
216973,2791,0.0,2.0,1.0,4,1,1,2,3,0,1,0
217234,587,0.0,3.0,1.0,15,2,2,2,12,0,1,2
217827,1056,0.0,3.0,1.0,3,2,2,1,0,0,3,0
218070,2482,0.0,0.0,0.0,10,3,2,3,6,2,2,0
218762,1760,0.0,3.0,0.0,1,1,1,1,0,0,1,0
219079,293,0.0,6.0,0.0,6,1,1,2,5,0,1,0
219101,3828,0.0,5.0,0.0,75,46,7,9,74,0,1,0
219825,4011,0.0,3.0,1.0,6,1,1,1,5,0,1,0
219957,4950,0.0,6.0,0.0,1,1,1,1,0,0,1,0
220198,2441,0.0,3.0,1.0,6,1,1,1,4,0,2,0
220489,2856,0.0,3.0,0.0,12,5,1,1,11,0,1,0
220509,2745,0.0,3.0,0.0,1,1,1,1,0,0,1,0
220969,946,1.0,5.0,0.0,32,23,5,8,31,0,1,0
221194,15,1.0,6.0,0.0,21,8,3,2,19,0,2,0
222079,1489,0.0,4.0,2.0,1,1,1,1,0,0,1,0
222206,467,0.0,3.0,1.0,3,1,1,1,2,0,1,0
222793,3545,0.0,0.0,0.0,2,1,1,2,0,0,1,1
223366,2448,0.0,3.0,1.0,5,1,1,2,3,0,1,1
223483,4848,0.0,6.0,0.0,8,5,2,1,6,0,2,0
223592,2031,0.0,4.0,0.0,3,1,1,1,2,0,1,0
223807,1407,0.0,3.0,1.0,27,17,1,1,26,0,1,0
224177,10,0.0,5.0,0.0,6,1,1,2,5,0,1,0
224381,4650,0.0,0.0,0.0,3,1,1,2,2,0,1,0
224714,4394,0.0,6.0,0.0,19,8,1,1,16,0,1,2
225137,3057,0.0,3.0,0.0,15,4,2,3,13,0,1,1
225463,2761,1.0,4.0,0.0,9,3,1,2,6,0,2,1
225922,4198,0.0,6.0,1.0,7,2,1,3,5,0,1,1
226230,760,0.0,3.0,1.0,4,2,1,2,2,0,2,0
226584,3420,0.0,3.0,0.0,5,1,1,3,3,1,1,0
226653,3619,0.0,3.0,0.0,6,2,1,3,3,0,1,2
226763,1784,0.0,4.0,0.0,9,4,3,3,8,0,1,0
228052,4196,0.0,4.0,1.0,3,1,1,1,0,0,3,0
228477,474,0.0,3.0,0.0,3,3,3,2,1,0,2,0
228677,4427,0.0,3.0,0.0,13,3,3,1,10,0,3,0
228885,1487,0.0,3.0,0.0,9,3,1,2,7,0,1,1
229284,2565,0.0,4.0,0.0,11,1,1,4,9,0,1,1
229476,2277,0.0,2.0,1.0,1,1,1,1,0,0,1,0
229498,598,0.0,2.0,0.0,4,1,1,1,3,0,1,0
229627,4605,0.0,0.0,0.0,31,8,4,2,26,0,4,1
230283,4131,0.0,4.0,0.0,1,1,1,1,0,0,1,0
231347,2136,0.0,3.0,1.0,40,28,6,4,39,0,1,0
231816,827,0.0,3.0,0.0,5,2,1,2,4,0,1,0
231891,962,0.0,6.0,0.0,7,2,2,1,4,0,1,2
232244,2569,0.0,3.0,0.0,42,18,2,2,37,0,5,0
232300,594,0.0,4.0,0.0,2,1,1,1,1,0,1,0
232611,2556,0.0,0.0,1.0,29,8,5,1,25,0,2,2
232883,2577,0.0,3.0,0.0,7,1,1,4,5,0,1,1
233028,4908,0.0,3.0,0.0,9,5,1,2,8,0,1,0
233466,2545,0.0,3.0,0.0,36,8,3,2,35,0,1,0
233533,3609,0.0,2.0,1.0,4,2,1,1,3,0,1,0
233565,2529,0.0,0.0,0.0,4,1,1,1,2,0,2,0
23358,390,0.0,3.0,0.0,4,1,1,1,3,0,1,0
234263,2989,0.0,4.0,2.0,5,1,1,2,4,0,1,0
234489,1359,0.0,2.0,0.0,6,1,1,1,1,0,5,0
234591,946,0.0,5.0,2.0,5,1,1,1,4,0,1,0
234791,2981,0.0,3.0,0.0,11,3,2,4,10,0,1,0
235141,4048,0.0,2.0,1.0,3,1,1,1,1,0,2,0
235150,2124,0.0,3.0,1.0,5,2,1,2,4,0,1,0
235413,3990,0.0,3.0,1.0,2,1,1,1,1,0,1,0
235678,2720,0.0,3.0,0.0,4,1,1,1,2,0,1,1
236486,3941,0.0,4.0,0.0,8,1,1,1,7,0,1,0
236864,2664,0.0,3.0,0.0,10,5,1,1,9,0,1,0
237162,2424,0.0,5.0,0.0,7,1,1,3,5,0,1,1
237183,1970,0.0,0.0,0.0,1,1,1,1,0,0,1,0
237492,4756,0.0,4.0,0.0,34,9,1,8,30,0,3,1
238516,4793,0.0,2.0,1.0,5,1,1,1,4,0,1,0
238547,3376,0.0,4.0,0.0,1,1,1,1,0,0,1,0
238708,3249,1.0,4.0,0.0,4,2,1,2,3,0,1,0
239029,2273,0.0,8.0,0.0,7,2,1,2,5,0,1,1
239162,1945,0.0,6.0,0.0,16,8,5,1,15,0,1,0
23972,2217,0.0,4.0,1.0,2,1,1,1,1,0,1,0
239901,2173,0.0,7.0,0.0,28,14,3,5,24,0,1,3
240082,2403,0.0,3.0,0.0,35,7,2,3,31,0,3,1
241236,2776,0.0,5.0,0.0,8,4,2,1,7,0,1,0
241412,1923,1.0,5.0,1.0,18,9,4,2,16,0,2,0
241599,3124,0.0,6.0,0.0,40,22,8,4,39,0,1,0
241710,4322,0.0,4.0,0.0,4,1,1,1,3,0,1,0
241904,2932,1.0,4.0,1.0,3,1,1,1,2,0,1,0
241956,4322,0.0,4.0,0.0,5,1,1,1,4,0,1,0
242036,4605,0.0,2.0,1.0,1,1,1,1,0,0,1,0
242340,1346,1.0,4.0,1.0,14,1,1,3,13,0,1,0
242575,3092,0.0,4.0,0.0,11,7,1,1,10,0,1,0
242657,2047,0.0,3.0,0.0,7,6,2,1,6,0,1,0
242944,492,0.0,0.0,0.0,3,1,1,1,2,0,1,0
243305,3865,0.0,3.0,0.0,2,1,1,1,1,0,1,0
243536,3462,0.0,2.0,null,1,1,1,1,0,0,1,0
243741,2091,0.0,3.0,0.0,8,4,1,1,7,0,1,0
243866,66,0.0,0.0,1.0,7,5,1,2,6,0,1,0
243906,606,0.0,0.0,0.0,15,9,4,3,13,0,1,1
243916,4368,0.0,4.0,1.0,15,4,2,3,12,0,2,1
244519,3173,0.0,0.0,1.0,8,2,1,1,6,1,1,0
244742,1102,0.0,3.0,0.0,13,8,2,1,12,0,1,0
245530,4173,0.0,4.0,0.0,6,3,2,4,5,0,1,0
245641,684,0.0,6.0,0.0,25,8,5,1,22,0,3,0
246379,2030,0.0,0.0,0.0,2,1,1,1,1,0,1,0
246518,14,0.0,4.0,0.0,8,5,5,1,6,0,2,0
246789,2981,0.0,3.0,0.0,6,1,1,1,4,0,1,1
247441,4173,0.0,null,null,1,1,1,1,0,0,1,0
247455,4265,0.0,3.0,2.0,2,1,1,1,1,0,1,0
247500,441,0.0,4.0,1.0,12,5,3,2,11,0,1,0
247589,4427,0.0,0.0,0.0,2,1,1,1,1,0,1,0
247966,3853,0.0,5.0,0.0,48,22,5,4,47,0,1,0
247976,2664,0.0,3.0,0.0,4,1,1,1,3,0,1,0
248991,4658,0.0,2.0,1.0,3,1,1,2,2,0,1,0
24911,1393,0.0,2.0,0.0,96,35,9,10,94,0,1,1
251234,1742,0.0,4.0,0.0,1,1,1,1,0,0,1,0
251407,794,0.0,6.0,0.0,2,1,1,1,1,0,1,0
251531,4787,0.0,8.0,0.0,2,1,1,1,1,0,1,0
251639,2193,0.0,2.0,0.0,2,1,1,1,1,0,1,0
25193,4760,0.0,3.0,0.0,20,11,4,2,16,0,3,1
252215,2124,0.0,3.0,1.0,11,5,1,2,9,0,1,1
252357,1966,0.0,4.0,0.0,5,2,1,1,4,0,1,0
252701,4049,0.0,3.0,0.0,9,3,3,2,5,0,2,2
252746,3018,0.0,2.0,0.0,5,1,1,3,3,0,1,1
253427,361,0.0,5.0,0.0,66,22,4,3,60,1,3,2
253486,3016,1.0,3.0,1.0,48,27,7,8,45,0,1,2
253679,145,0.0,2.0,0.0,9,1,1,3,7,0,1,1
255077,1501,0.0,4.0,0.0,8,2,1,1,6,0,2,0
255682,3578,0.0,5.0,1.0,25,9,1,4,22,0,3,0
25578,191,0.0,7.0,0.0,81,12,7,4,74,0,3,4
255913,588,0.0,6.0,0.0,4,1,1,1,3,0,1,0
256196,2761,0.0,0.0,0.0,1,1,1,1,0,0,1,0
256651,366,0.0,3.0,1.0,4,1,1,1,3,0,1,0
256899,1487,0.0,3.0,0.0,5,3,1,2,1,0,1,3
25749,3710,0.0,3.0,0.0,3,1,1,1,2,0,1,0
257592,4282,0.0,2.0,1.0,11,5,2,1,10,0,1,0
257596,3460,0.0,2.0,1.0,3,1,1,1,2,0,1,0
257762,2746,0.0,4.0,2.0,13,9,3,1,12,0,1,0
257897,4302,0.0,3.0,1.0,2,1,1,1,1,0,1,0
258611,1892,0.0,7.0,0.0,23,15,6,3,22,0,1,0
258750,3955,0.0,3.0,0.0,3,1,1,1,2,0,1,0
258947,3870,0.0,3.0,0.0,28,15,2,4,25,0,1,2
258963,3906,0.0,3.0,0.0,13,5,4,4,10,0,1,2
259297,20,0.0,0.0,1.0,6,4,1,1,5,0,1,0
259325,3163,1.0,2.0,0.0,3,1,1,2,0,0,2,1
259365,2669,0.0,2.0,0.0,135,27,12,12,129,0,2,4
259559,141,0.0,2.0,0.0,4,2,1,1,3,0,1,0
260389,740,0.0,3.0,1.0,1,1,1,1,0,0,1,0
260568,4048,1.0,0.0,0.0,5,2,1,1,4,0,1,0
260881,1666,0.0,5.0,0.0,50,19,9,5,49,0,1,0
261079,972,0.0,3.0,0.0,1,1,1,1,0,0,1,0
261194,3134,1.0,5.0,1.0,7,3,2,1,4,0,3,0
261264,98,0.0,0.0,0.0,3,1,1,1,2,0,1,0
261340,1390,0.0,2.0,1.0,5,2,2,2,4,0,1,0
261397,2318,0.0,5.0,0.0,3,2,2,1,1,0,2,0
261505,1742,0.0,2.0,1.0,2,1,1,1,1,0,1,0
261522,742,1.0,0.0,0.0,6,1,1,2,5,0,1,0
261572,1370,1.0,5.0,1.0,16,4,2,2,11,0,5,0
262144,4947,0.0,6.0,0.0,31,4,2,6,27,0,2,2
262386,4911,0.0,0.0,1.0,4,1,1,1,3,0,1,0
262574,4554,0.0,3.0,1.0,5,1,1,2,4,0,1,0
26261,574,0.0,5.0,0.0,1,1,1,1,0,0,1,0
263252,2900,0.0,4.0,0.0,16,5,2,4,12,0,2,2
264131,1074,0.0,6.0,1.0,25,15,1,1,23,0,2,0
264398,503,0.0,4.0,1.0,16,6,3,4,15,0,1,0
264504,4589,0.0,2.0,0.0,7,2,2,2,5,0,1,1
264805,2011,1.0,5.0,0.0,3,1,1,2,1,0,1,1
264924,4071,0.0,4.0,1.0,6,1,1,2,5,0,1,0
264927,3428,0.0,0.0,0.0,3,1,1,1,2,0,1,0
265221,3911,0.0,2.0,0.0,3,3,2,2,2,0,1,0
265926,3979,0.0,0.0,0.0,4,2,1,1,3,0,1,0
266026,3345,0.0,2.0,0.0,6,1,1,2,5,0,1,0
26617,1440,1.0,5.0,0.0,5,1,1,1,4,0,1,0
266275,1964,1.0,2.0,1.0,12,4,4,1,10,0,2,0
266355,4062,0.0,4.0,0.0,6,2,1,1,5,0,1,0
266742,4558,0.0,2.0,0.0,4,1,1,1,3,0,1,0
266893,2938,0.0,3.0,1.0,2,1,1,1,1,0,1,0
267097,4173,0.0,0.0,0.0,9,3,2,4,4,0,1,4
268363,1031,1.0,4.0,1.0,10,3,1,1,8,0,2,0
269091,310,0.0,2.0,0.0,4,1,1,2,2,0,1,1
269784,3828,0.0,3.0,0.0,12,10,4,3,11,0,1,0
270152,1190,0.0,2.0,1.0,23,17,11,2,19,0,4,0
271207,1102,0.0,4.0,1.0,12,9,4,1,11,0,1,0
271535,1356,0.0,5.0,0.0,3,1,1,1,2,0,1,0
271757,4949,0.0,3.0,0.0,4,1,1,1,3,0,1,0
272223,4605,0.0,0.0,0.0,19,4,4,4,15,2,2,0
272233,2787,1.0,0.0,1.0,3,1,1,1,2,0,1,0
272735,3173,0.0,2.0,0.0,10,6,3,2,9,0,1,0
2733,4282,0.0,4.0,1.0,13,5,3,1,12,0,1,0
273540,4765,0.0,4.0,1.0,2,1,1,1,1,0,1,0
273751,2459,1.0,3.0,0.0,8,3,3,1,7,0,1,0
274416,2537,0.0,4.0,0.0,8,6,3,2,7,0,1,0
274767,1000,0.0,4.0,0.0,22,5,3,4,17,0,2,3
274979,1102,0.0,4.0,1.0,6,1,1,1,5,0,1,0
275222,3451,0.0,0.0,1.0,2,1,1,1,1,0,1,0
275887,2537,0.0,0.0,0.0,6,2,1,2,3,0,1,2
276032,4170,0.0,0.0,0.0,12,6,3,1,8,0,4,0
276082,1031,0.0,4.0,0.0,2,1,1,1,1,0,1,0
27624,4617,0.0,0.0,1.0,9,2,1,2,7,0,1,1
276611,962,0.0,3.0,1.0,5,2,1,1,4,0,1,0
276690,481,0.0,0.0,0.0,13,7,1,1,7,0,6,0
276718,415,0.0,5.0,0.0,5,1,1,1,4,0,1,0
276826,2193,0.0,0.0,0.0,10,5,4,1,7,0,3,0
277128,1500,0.0,5.0,0.0,10,4,1,2,9,0,1,0
277232,2162,0.0,3.0,0.0,18,6,1,4,15,0,3,0
278227,2273,0.0,5.0,0.0,21,10,2,2,20,0,1,0
278559,3236,0.0,3.0,0.0,17,5,1,4,15,0,1,1
278603,3887,1.0,4.0,0.0,21,5,3,1,17,0,4,0
278954,346,0.0,4.0,0.0,5,1,1,1,4,0,1,0
279932,3578,0.0,3.0,0.0,3,1,1,1,2,0,1,0
280068,3304,0.0,3.0,0.0,26,7,3,3,17,0,1,8
280224,13,0.0,2.0,1.0,2,1,1,2,1,0,1,0
281397,3602,0.0,2.0,0.0,3,2,1,1,2,0,1,0
282091,4864,0.0,4.0,0.0,2,1,1,1,1,0,1,0
283674,3990,0.0,6.0,0.0,6,1,1,2,4,0,1,1
283717,4444,0.0,0.0,0.0,11,8,5,1,10,0,1,0
283997,4282,0.0,3.0,1.0,107,78,10,7,103,0,1,3
284402,1393,0.0,2.0,0.0,30,20,7,7,21,0,1,8
28454,3588,0.0,0.0,0.0,6,1,1,2,4,0,2,0
284649,2664,0.0,3.0,0.0,24,13,3,1,23,0,1,0
28483,4427,0.0,3.0,2.0,2,2,2,2,1,0,1,0
284867,141,0.0,3.0,0.0,2,1,1,1,1,0,1,0
285346,1100,0.0,8.0,0.0,4,2,1,1,3,0,1,0
285436,2579,0.0,4.0,0.0,26,7,3,6,24,0,1,1
285648,3826,1.0,0.0,0.0,4,1,1,1,2,0,2,0
286000,1399,0.0,3.0,1.0,1,1,1,1,0,0,1,0
286067,4960,0.0,3.0,0.0,3,2,1,1,2,0,1,0
286297,3685,0.0,0.0,null,7,2,1,1,6,0,1,0
286327,2928,0.0,3.0,1.0,10,2,1,2,6,0,3,1
286463,2124,0.0,4.0,0.0,80,39,2,3,78,0,2,0
286697,1574,0.0,3.0,0.0,2,1,1,2,0,0,1,1
287609,437,0.0,3.0,0.0,15,7,1,2,13,0,1,1
287765,1782,0.0,0.0,1.0,3,1,1,1,2,0,1,0
288935,3462,0.0,2.0,0.0,14,1,1,2,12,0,1,1
288985,1890,0.0,4.0,0.0,3,2,1,1,2,0,1,0
289192,4760,0.0,2.0,1.0,12,7,4,1,11,0,1,0
289372,2856,0.0,2.0,0.0,2,1,1,1,1,0,1,0
290917,798,0.0,3.0,0.0,4,1,1,1,3,0,1,0
291049,4057,0.0,3.0,1.0,3,1,1,1,2,0,1,0
291428,4764,0.0,4.0,0.0,3,2,1,2,2,0,1,0
291430,1833,0.0,3.0,0.0,49,24,2,1,47,0,2,0
291755,598,0.0,0.0,1.0,3,1,1,2,2,0,1,0
291871,1487,0.0,0.0,0.0,2,2,1,2,0,0,1,1
292084,590,1.0,0.0,1.0,5,2,1,1,4,0,1,0
292137,1854,0.0,2.0,1.0,2,1,1,1,1,0,1,0
292394,2031,0.0,3.0,1.0,17,7,2,1,16,0,1,0
292557,4129,0.0,3.0,0.0,28,18,6,1,27,0,1,0
292721,3898,0.0,3.0,0.0,2,1,1,1,1,0,1,0
293107,361,0.0,0.0,0.0,6,5,4,1,4,0,1,1
293115,2259,0.0,4.0,1.0,3,1,1,1,2,0,1,0
293155,3578,0.0,4.0,0.0,1,1,1,1,0,0,1,0
294034,3323,0.0,3.0,0.0,3,2,1,1,2,0,1,0
294201,606,0.0,3.0,0.0,3,1,1,2,1,0,1,1
294746,3444,0.0,0.0,0.0,5,1,1,2,4,0,1,0
295189,71,0.0,3.0,1.0,3,2,1,1,2,0,1,0
295373,2278,0.0,2.0,0.0,5,2,1,1,4,0,1,0
295490,4480,0.0,4.0,1.0,5,1,1,1,4,0,1,0
295563,3159,0.0,3.0,0.0,9,5,4,1,5,0,4,0
295914,1679,0.0,4.0,0.0,6,3,2,1,5,0,1,0
296191,3571,0.0,7.0,0.0,11,2,1,1,10,0,1,0
296596,191,0.0,3.0,0.0,3,1,1,1,2,0,1,0
296607,4787,0.0,6.0,0.0,7,2,2,1,6,0,1,0
296987,4326,0.0,5.0,0.0,2,1,1,1,1,0,1,0
297197,3941,0.0,5.0,1.0,20,4,2,4,19,0,1,0
297406,1031,0.0,3.0,1.0,26,6,1,2,24,0,2,0
297703,14,0.0,3.0,0.0,6,2,1,3,5,0,1,0
298564,4173,0.0,2.0,0.0,16,9,3,1,13,0,2,1
298992,3984,0.0,3.0,1.0,3,2,2,1,2,0,1,0
299775,102,0.0,4.0,0.0,17,2,1,2,16,0,1,0
299884,3915,0.0,5.0,2.0,8,2,1,2,7,0,1,0
300074,2099,0.0,0.0,0.0,1,1,1,1,0,0,1,0
300753,1393,0.0,3.0,2.0,4,1,1,1,3,0,1,0
300866,3577,0.0,6.0,1.0,6,4,1,1,5,0,1,0
30090,2217,0.0,3.0,0.0,2,1,1,1,0,0,1,1
301366,1346,0.0,0.0,0.0,4,2,1,1,3,0,1,0
30145,643,0.0,5.0,1.0,3,1,1,2,2,0,1,0
302217,3350,0.0,3.0,1.0,5,2,1,2,4,0,1,0
302289,2796,0.0,4.0,0.0,2,1,1,1,1,0,1,0
302874,2928,0.0,5.0,0.0,14,6,4,2,12,0,2,0
303313,1133,0.0,2.0,1.0,12,7,4,2,11,0,1,0
303392,4648,0.0,3.0,0.0,2,1,1,1,1,0,1,0
303557,3828,1.0,3.0,0.0,26,18,5,4,25,0,1,0
304077,3828,0.0,2.0,0.0,14,4,4,2,13,0,1,0
304565,1035,0.0,4.0,1.0,7,2,2,1,5,0,2,0
304700,3006,0.0,3.0,0.0,2,1,1,1,1,0,1,0
304738,4079,0.0,3.0,0.0,5,2,1,1,2,0,3,0
304859,2008,0.0,0.0,0.0,12,4,1,2,11,0,1,0
304975,4346,0.0,6.0,1.0,2,1,1,1,1,0,1,0
305038,1393,0.0,2.0,0.0,19,11,5,5,18,0,1,0
305249,3958,0.0,0.0,0.0,9,3,2,3,8,0,1,0
30608,685,0.0,5.0,0.0,10,3,1,2,8,0,2,0
306236,4079,0.0,0.0,0.0,4,1,1,1,1,0,3,0
306336,4818,0.0,3.0,2.0,44,20,4,1,38,0,6,0
307613,4079,0.0,5.0,0.0,4,2,1,1,2,0,2,0
307753,2435,0.0,0.0,1.0,4,1,1,1,2,0,2,0
307941,1922,0.0,3.0,0.0,7,1,1,1,6,0,1,0
307996,598,0.0,3.0,1.0,3,1,1,1,2,0,1,0
308019,1502,0.0,3.0,0.0,3,2,1,1,2,0,1,0
308937,1724,0.0,5.0,0.0,8,4,2,1,5,0,3,0
309275,2565,0.0,4.0,1.0,5,2,1,1,4,0,1,0
309609,2537,0.0,6.0,0.0,29,3,1,4,26,0,3,0
309784,2744,0.0,4.0,0.0,15,8,4,5,14,0,1,0
30986,200,0.0,4.0,1.0,2,1,1,2,1,0,1,0
310103,10,0.0,6.0,1.0,7,2,1,1,6,0,1,0
31019,2173,0.0,6.0,0.0,3,2,1,2,1,0,2,0
31025,1850,0.0,0.0,null,4,2,1,1,3,0,1,0
3106,1502,0.0,0.0,0.0,19,5,4,1,16,0,3,0
310868,4173,0.0,3.0,2.0,6,2,1,2,5,0,1,0
311117,3571,0.0,4.0,0.0,18,7,1,3,15,0,1,2
311175,3445,0.0,0.0,0.0,4,2,1,1,3,0,1,0
311290,66,1.0,3.0,0.0,1,1,1,1,0,0,1,0
311496,10,0.0,0.0,0.0,6,2,1,1,5,0,1,0
311499,4336,0.0,4.0,0.0,27,8,1,3,24,0,1,2
311682,1708,0.0,3.0,0.0,7,2,1,2,6,0,1,0
311893,102,0.0,3.0,0.0,12,2,1,3,11,0,1,0
311918,4600,0.0,5.0,1.0,3,1,1,1,1,0,2,0
312260,3173,0.0,3.0,1.0,3,1,1,2,2,0,1,0
312663,320,0.0,3.0,1.0,12,4,3,2,11,0,1,0
312899,3472,0.0,2.0,0.0,4,1,1,1,3,0,1,0
313708,2537,0.0,3.0,1.0,11,3,3,2,8,0,3,0
31374,2070,0.0,6.0,1.0,7,1,1,1,6,0,1,0
314038,2328,0.0,3.0,0.0,3,1,1,1,2,0,1,0
314070,3471,0.0,3.0,0.0,4,1,1,2,2,0,1,1
314367,793,0.0,6.0,0.0,1,1,1,1,0,0,1,0
314732,2273,0.0,3.0,0.0,5,2,1,2,3,0,1,1
315082,1677,0.0,4.0,0.0,14,8,5,1,13,0,1,0
315258,1392,0.0,4.0,1.0,5,1,1,2,4,0,1,0
315270,416,0.0,0.0,0.0,61,35,8,5,55,0,1,5
315457,1203,0.0,null,null,4,1,1,3,3,0,1,0
315527,4641,0.0,2.0,1.0,2,1,1,1,1,0,1,0
315532,2786,0.0,4.0,1.0,7,2,2,1,6,0,1,0
315597,798,0.0,4.0,0.0,4,3,2,3,3,0,1,0
31583,4336,0.0,5.0,0.0,12,6,2,1,11,0,1,0
316285,4693,0.0,4.0,0.0,3,1,1,1,2,0,1,0
316480,3839,0.0,4.0,0.0,3,2,2,1,2,0,1,0
31661,3105,0.0,0.0,0.0,7,2,1,3,6,0,1,0
316714,489,0.0,4.0,1.0,3,1,1,1,2,0,1,0
316930,652,0.0,4.0,2.0,5,4,1,1,4,0,1,0
31736,4090,0.0,2.0,0.0,24,9,1,2,23,0,1,0
317599,4641,0.0,4.0,2.0,8,2,2,2,7,0,1,0
317899,2928,0.0,6.0,1.0,9,3,2,2,7,0,2,0
317936,590,0.0,null,null,8,4,3,3,5,0,1,2
318367,4234,0.0,4.0,0.0,33,27,6,1,31,0,2,0
318489,63,0.0,0.0,0.0,17,1,1,3,16,0,1,0
319711,1356,0.0,6.0,1.0,4,1,1,1,2,0,1,1
31980,4072,0.0,2.0,0.0,19,8,4,2,17,0,1,1
319889,2553,0.0,3.0,1.0,13,3,1,2,11,0,1,1
320259,296,1.0,4.0,0.0,4,2,1,1,2,0,2,0
320822,2108,0.0,4.0,1.0,7,3,1,2,6,0,1,0
320855,236,0.0,3.0,0.0,1,1,1,1,0,0,1,0
321391,3734,0.0,0.0,0.0,2,1,1,1,1,0,1,0
321413,1963,0.0,2.0,0.0,8,5,2,4,0,0,1,7
322481,1102,0.0,2.0,0.0,20,17,2,4,14,0,4,2
322994,4579,0.0,5.0,1.0,7,1,1,1,6,0,1,0
323280,587,0.0,3.0,1.0,6,2,2,1,5,0,1,0
32349,783,0.0,3.0,0.0,6,1,1,1,5,0,1,0
324031,2403,0.0,2.0,0.0,1,1,1,1,0,0,1,0
324825,1494,0.0,0.0,0.0,2,1,1,1,1,0,1,0
32489,879,0.0,0.0,1.0,1,1,1,1,0,0,1,0
325208,1324,0.0,7.0,0.0,3,1,1,1,1,0,1,1
325676,3080,1.0,2.0,1.0,2,1,1,2,0,0,1,1
325783,4858,0.0,3.0,1.0,7,1,1,2,6,0,1,0
32589,412,0.0,0.0,0.0,2,1,1,1,1,0,1,0
325952,3854,0.0,3.0,2.0,6,5,3,2,3,0,3,0
327079,2808,0.0,6.0,0.0,2,1,1,2,1,0,1,0
327902,4760,0.0,0.0,0.0,9,2,2,1,8,0,1,0
328596,2546,0.0,3.0,2.0,10,3,1,1,9,0,1,0
328674,3828,1.0,6.0,1.0,16,9,3,7,11,0,2,3
328835,4318,0.0,0.0,0.0,5,2,1,1,4,0,1,0
328887,3662,0.0,5.0,0.0,2,1,1,1,1,0,1,0
328933,2288,0.0,2.0,0.0,9,1,1,3,7,0,1,1
329165,731,0.0,3.0,0.0,9,4,1,3,7,0,2,0
329427,3284,0.0,4.0,0.0,2,1,1,2,1,0,1,0
329719,1522,0.0,5.0,0.0,2,1,1,1,1,0,1,0
330050,2928,0.0,4.0,2.0,11,2,1,3,8,0,2,1
33020,4388,0.0,0.0,0.0,3,1,1,1,2,0,1,0
33071,1472,0.0,3.0,0.0,1,1,1,1,0,0,1,0
330962,2662,1.0,4.0,0.0,53,23,3,9,51,0,2,0
331651,4042,0.0,5.0,0.0,5,2,1,1,4,0,1,0
332136,3893,0.0,0.0,0.0,2,1,1,1,1,0,1,0
332285,1900,0.0,4.0,1.0,5,2,1,1,4,0,1,0
332394,1557,0.0,4.0,1.0,17,5,3,2,16,0,1,0
332507,2047,0.0,2.0,0.0,13,5,2,3,12,0,1,0
332584,437,0.0,0.0,null,4,3,2,1,3,0,1,0
333049,2821,0.0,6.0,0.0,2,1,1,1,1,0,1,0
333144,1833,1.0,7.0,1.0,5,2,1,1,4,0,1,0
333399,2569,0.0,0.0,0.0,43,23,1,3,41,0,2,0
333583,1840,0.0,4.0,0.0,1,1,1,1,0,0,1,0
333749,2935,0.0,3.0,1.0,4,1,1,1,3,0,1,0
334461,1861,0.0,4.0,0.0,1,1,1,1,0,0,1,0
334806,2545,1.0,2.0,0.0,39,23,10,4,35,0,2,2
335347,4049,0.0,0.0,1.0,2,1,1,1,1,0,1,0
335558,1340,0.0,7.0,0.0,63,12,4,8,62,0,1,0
335612,1243,0.0,7.0,0.0,15,5,1,2,14,0,1,0
33575,2173,0.0,5.0,0.0,5,3,1,2,3,0,2,0
335878,2537,0.0,0.0,0.0,22,8,4,2,20,0,2,0
336184,1679,0.0,4.0,0.0,18,7,2,2,17,0,1,0
336506,1026,0.0,6.0,1.0,8,3,2,2,6,0,2,0
336573,1124,0.0,4.0,0.0,2,1,1,1,0,0,2,0
337014,2583,0.0,4.0,0.0,1,1,1,1,0,0,1,0
337170,1833,0.0,5.0,1.0,2,1,1,1,1,0,1,0
337216,1900,0.0,2.0,1.0,5,2,1,1,4,0,1,0
337437,2193,0.0,6.0,0.0,9,5,5,2,4,0,5,0
338792,3367,0.0,3.0,0.0,5,2,1,1,3,0,2,0
33900,2068,0.0,7.0,0.0,1,1,1,1,0,0,1,0
339078,1116,1.0,4.0,1.0,9,6,2,1,6,0,3,0
339261,4658,0.0,2.0,1.0,1,1,1,1,0,0,1,0
339686,3862,0.0,2.0,0.0,3,1,1,1,2,0,1,0
340002,1393,0.0,2.0,0.0,13,8,5,2,12,0,1,0
34009,4818,0.0,3.0,1.0,6,3,3,4,5,0,1,0
340090,2579,0.0,3.0,1.0,16,4,2,6,13,0,1,2
340092,1346,0.0,4.0,0.0,4,1,1,1,2,0,2,0
340329,141,0.0,2.0,0.0,5,1,1,3,4,0,1,0
340372,547,0.0,4.0,0.0,9,8,2,1,8,0,1,0
340637,3979,0.0,3.0,1.0,11,4,2,2,9,0,2,0
340993,323,0.0,4.0,2.0,1,1,1,1,0,0,1,0
341098,2193,0.0,3.0,0.0,1,1,1,1,0,0,1,0
342575,2273,0.0,3.0,1.0,5,4,1,2,4,0,1,0
342790,221,1.0,5.0,0.0,2,1,1,1,1,0,1,0
342803,4860,0.0,0.0,0.0,7,1,1,3,5,0,2,0
342830,508,0.0,2.0,0.0,5,1,1,3,2,0,2,1
342918,3955,0.0,3.0,0.0,15,1,1,3,14,0,1,0
342928,236,0.0,3.0,0.0,17,4,2,3,15,0,1,1
342929,3173,0.0,3.0,0.0,15,3,1,2,12,0,3,0
343217,227,0.0,0.0,0.0,3,2,1,1,2,0,1,0
343435,3971,0.0,3.0,1.0,4,2,2,1,3,0,1,0
343686,121,0.0,0.0,1.0,5,2,1,1,4,0,1,0
343888,4585,0.0,0.0,1.0,5,2,1,1,4,0,1,0
34412,2899,0.0,3.0,2.0,2,1,1,1,1,0,1,0
344295,2031,0.0,0.0,0.0,27,4,2,3,25,0,2,0
345209,643,0.0,4.0,0.0,2,1,1,1,1,0,1,0
34561,2824,0.0,6.0,1.0,5,1,1,1,4,0,1,0
346166,742,0.0,3.0,0.0,4,2,2,1,3,0,1,0
346675,3376,0.0,3.0,1.0,6,2,1,2,5,0,1,0
346713,2640,0.0,4.0,1.0,4,2,2,1,3,0,1,0
346904,1203,0.0,4.0,0.0,9,2,1,2,8,0,1,0
347405,2138,0.0,2.0,0.0,2,1,1,1,1,0,1,0
347423,2447,0.0,0.0,0.0,7,2,1,1,6,0,1,0
348442,1742,0.0,4.0,0.0,6,3,1,3,5,0,1,0
348471,3389,0.0,6.0,1.0,6,1,1,1,4,0,1,1
348489,1661,0.0,3.0,0.0,2,2,1,1,1,0,1,0
348904,1659,0.0,4.0,1.0,1,1,1,1,0,0,1,0
349694,1340,0.0,0.0,0.0,3,2,2,1,0,0,2,1
350100,2138,0.0,2.0,0.0,2,1,1,1,0,0,1,1
351139,346,0.0,6.0,1.0,15,1,1,5,13,0,1,1
35120,1067,0.0,6.0,1.0,7,2,1,2,5,0,1,1
351273,4091,0.0,2.0,1.0,5,2,2,2,3,0,1,1
351303,2278,0.0,4.0,0.0,1,1,1,1,0,0,1,0
352273,2639,0.0,4.0,0.0,28,16,8,4,22,0,1,5
352370,4427,0.0,5.0,0.0,4,1,1,2,3,0,1,0
352653,598,0.0,2.0,1.0,3,2,2,3,2,0,1,0
352868,608,0.0,2.0,1.0,4,1,1,1,3,0,1,0
352999,2273,0.0,6.0,1.0,6,1,1,2,5,0,1,0
354147,361,0.0,6.0,0.0,5,1,1,1,4,0,1,0
354726,323,0.0,5.0,0.0,5,1,1,2,3,0,1,1
35473,606,0.0,3.0,0.0,62,30,2,3,55,0,1,6
354881,4747,0.0,3.0,1.0,6,1,1,1,4,0,2,0
355624,605,0.0,5.0,1.0,3,1,1,2,2,0,1,0
355659,3471,0.0,0.0,0.0,3,1,1,1,2,0,1,0
356182,3614,1.0,3.0,0.0,11,2,1,2,10,0,1,0
356751,4540,0.0,4.0,0.0,2,1,1,1,1,0,1,0
357123,803,0.0,6.0,0.0,40,11,3,2,38,0,1,1
357243,1102,0.0,2.0,0.0,1,1,1,1,0,0,1,0
357435,1923,0.0,2.0,0.0,8,1,1,3,6,0,1,1
357730,1816,0.0,3.0,1.0,3,1,1,1,2,0,1,0
358200,3319,0.0,3.0,0.0,2,1,1,1,1,0,1,0
358402,293,0.0,3.0,0.0,3,1,1,1,2,0,1,0
358527,2283,0.0,2.0,1.0,5,1,1,1,4,0,1,0
358665,1760,1.0,4.0,0.0,6,3,1,2,5,0,1,0
360664,2552,0.0,0.0,0.0,3,2,1,1,2,0,1,0
361035,2664,0.0,5.0,1.0,13,9,1,2,11,0,2,0
361146,1412,0.0,3.0,0.0,15,8,2,2,14,0,1,0
361188,4335,0.0,4.0,0.0,4,2,1,1,3,0,1,0
361463,1892,0.0,4.0,0.0,4,1,1,1,3,0,1,0
361790,3828,0.0,4.0,0.0,15,5,4,4,12,0,1,2
361848,3986,0.0,2.0,null,7,2,2,1,4,0,3,0
361901,817,0.0,3.0,0.0,7,1,1,1,6,0,1,0
362295,3016,1.0,2.0,1.0,11,6,3,2,9,0,2,0
36257,2173,0.0,0.0,1.0,10,5,2,1,8,1,1,0
3626,643,0.0,3.0,1.0,12,6,1,2,11,0,1,0
36267,2994,0.0,6.0,0.0,9,6,1,1,8,0,1,0
363276,4044,0.0,0.0,0.0,12,5,4,1,9,0,3,0
363817,2928,0.0,0.0,0.0,1,1,1,1,0,0,1,0
364047,148,0.0,3.0,2.0,3,2,2,2,2,0,1,0
364065,1348,0.0,0.0,0.0,4,1,1,2,3,0,1,0
364619,598,0.0,3.0,1.0,9,7,3,3,7,0,1,1
36492,4589,0.0,4.0,1.0,3,2,1,1,2,0,1,0
365789,2935,0.0,4.0,1.0,3,1,1,1,2,0,1,0
366067,786,0.0,0.0,0.0,2,1,1,1,1,0,1,0
366332,777,0.0,4.0,2.0,7,4,1,1,4,0,3,0
366510,1564,0.0,0.0,0.0,2,1,1,1,1,0,1,0
366618,2900,0.0,0.0,0.0,9,1,1,2,8,0,1,0
366978,2279,0.0,3.0,0.0,7,1,1,3,6,0,1,0
367344,3734,0.0,0.0,0.0,4,2,1,2,3,0,1,0
367680,2681,0.0,0.0,0.0,4,1,1,1,3,0,1,0
367725,23,0.0,6.0,1.0,7,1,1,1,6,0,1,0
367741,1816,0.0,6.0,1.0,2,1,1,1,1,0,1,0
367845,4903,0.0,3.0,0.0,8,1,1,1,7,0,1,0
368155,3912,0.0,0.0,1.0,4,2,1,1,3,0,1,0
36829,3593,0.0,3.0,0.0,15,4,2,2,13,0,1,1
368738,357,0.0,2.0,0.0,3,1,1,1,2,0,1,0
369311,1272,0.0,4.0,0.0,5,1,1,1,4,0,1,0
369371,3323,1.0,4.0,0.0,9,4,1,2,8,0,1,0
369434,1399,0.0,0.0,1.0,5,1,1,2,4,0,1,0
369603,817,0.0,0.0,1.0,8,1,1,1,7,0,1,0
370543,3862,0.0,5.0,1.0,1,1,1,1,0,0,1,0
370802,1840,0.0,4.0,0.0,5,1,1,1,3,0,2,0
370885,685,0.0,3.0,0.0,5,2,1,1,4,0,1,0
371081,3619,0.0,4.0,0.0,3,1,1,1,2,0,1,0
371290,10,0.0,3.0,0.0,4,2,2,2,2,0,1,1
371294,1833,0.0,4.0,1.0,18,7,2,1,15,0,3,0
371441,1102,1.0,4.0,0.0,35,21,6,2,33,0,2,0
371457,3574,0.0,3.0,0.0,16,5,1,2,15,0,1,0
372111,3399,0.0,5.0,0.0,2,1,1,1,1,0,1,0
37353,1854,0.0,0.0,1.0,6,2,1,1,5,0,1,0
374214,314,0.0,2.0,1.0,14,5,2,4,13,0,1,0
374578,3159,0.0,0.0,0.0,2,1,1,1,1,0,1,0
374612,2569,0.0,3.0,0.0,16,9,2,2,15,0,1,0
374724,3152,0.0,0.0,0.0,8,5,2,2,7,0,1,0
37494,2465,0.0,5.0,1.0,22,6,1,2,21,0,1,0
375200,3476,0.0,4.0,1.0,4,1,1,3,2,0,1,1
375884,3536,0.0,0.0,0.0,15,11,1,1,13,0,2,0
376305,1415,0.0,2.0,0.0,3,1,1,2,2,0,1,0
376711,962,0.0,3.0,1.0,3,1,1,2,1,0,1,1
376839,2886,0.0,5.0,1.0,20,1,1,6,19,0,1,0
376945,1520,1.0,2.0,0.0,3,1,1,1,2,0,1,0
37726,361,1.0,3.0,0.0,2,2,1,1,0,0,1,1
377492,742,0.0,0.0,0.0,8,4,2,1,7,0,1,0
379028,3152,0.0,4.0,0.0,23,14,2,3,20,0,1,2
379077,1999,1.0,4.0,1.0,3,2,1,3,1,0,1,1
379113,4829,0.0,2.0,0.0,5,1,1,2,3,0,1,1
379479,361,0.0,0.0,0.0,10,3,2,2,8,0,1,1
380207,4650,0.0,3.0,0.0,2,2,2,1,0,0,2,0
380340,1557,0.0,3.0,0.0,81,27,6,3,77,0,4,0
380419,4044,0.0,0.0,0.0,1,1,1,1,0,0,1,0
381473,1399,0.0,4.0,1.0,8,2,1,4,6,0,1,1
38167,219,0.0,2.0,1.0,3,1,1,1,1,0,2,0
381734,1056,0.0,3.0,0.0,26,19,9,3,24,1,1,0
381982,1978,1.0,3.0,1.0,13,4,1,3,12,0,1,0
381997,2664,0.0,0.0,0.0,6,3,2,1,4,0,2,0
382330,429,0.0,2.0,0.0,1,1,1,1,0,0,1,0
382658,3171,0.0,3.0,1.0,4,1,1,1,3,0,1,0
382936,685,0.0,0.0,1.0,4,1,1,1,3,0,1,0
383640,1890,0.0,4.0,0.0,8,1,1,2,7,0,1,0
383743,152,0.0,3.0,0.0,6,1,1,1,5,0,1,0
384050,2124,0.0,4.0,0.0,58,18,1,6,50,0,2,6
384540,1833,0.0,4.0,1.0,20,8,1,2,16,0,4,0
385475,2318,0.0,3.0,0.0,10,3,1,2,9,0,1,0
385524,66,0.0,0.0,1.0,1,1,1,1,0,0,1,0
38563,4765,0.0,5.0,1.0,2,2,1,2,1,0,1,0
385739,742,0.0,3.0,1.0,4,1,1,1,3,0,1,0
386542,4322,0.0,2.0,1.0,1,1,1,1,0,0,1,0
386760,416,1.0,4.0,0.0,4,2,2,3,3,0,1,0
386822,500,0.0,6.0,0.0,38,4,2,3,36,0,1,1
387069,4797,0.0,4.0,1.0,4,1,1,2,3,0,1,0
387355,2051,0.0,3.0,1.0,7,2,1,2,6,0,1,0
387971,4648,0.0,2.0,2.0,1,1,1,1,0,0,1,0
388177,3258,0.0,0.0,1.0,5,1,1,2,3,0,1,1
388277,3828,0.0,0.0,0.0,4,1,1,1,3,0,1,0
388780,4605,0.0,3.0,1.0,1,1,1,1,0,0,1,0
389329,4605,0.0,3.0,0.0,13,6,5,1,6,0,7,0
389731,730,0.0,3.0,0.0,1,1,1,1,0,0,1,0
389743,1892,0.0,4.0,1.0,11,6,3,1,10,0,1,0
390116,4403,0.0,2.0,0.0,23,7,1,1,19,0,4,0
390225,2403,0.0,6.0,0.0,8,5,1,2,7,0,1,0
390350,1407,0.0,2.0,0.0,14,5,1,3,10,0,1,3
390494,1056,0.0,5.0,1.0,29,14,7,1,26,0,3,0
390712,4427,0.0,0.0,0.0,1,1,1,1,0,0,1,0
390844,4026,0.0,4.0,1.0,3,1,1,1,2,0,1,0
390987,2138,0.0,2.0,0.0,2,1,1,2,1,0,1,0
391681,200,0.0,4.0,0.0,2,1,1,1,1,0,1,0
392392,1810,0.0,2.0,0.0,57,38,15,6,52,0,5,0
392623,1166,0.0,0.0,1.0,21,6,1,1,19,0,1,1
393281,3374,0.0,0.0,0.0,18,9,2,1,17,0,1,0
39372,1541,0.0,6.0,1.0,1,1,1,1,0,0,1,0
393933,798,0.0,2.0,0.0,22,9,8,3,17,0,1,4
394036,219,0.0,4.0,0.0,15,6,1,1,12,0,3,0
394039,66,0.0,3.0,1.0,5,3,1,1,4,0,1,0
394292,1895,1.0,4.0,0.0,2,1,1,1,1,0,1,0
394304,1978,0.0,3.0,1.0,7,4,1,1,5,0,2,0
394908,1023,0.0,4.0,0.0,2,1,1,2,1,0,1,0
395090,1162,0.0,6.0,0.0,4,1,1,1,3,0,1,0
395297,4268,0.0,4.0,1.0,20,3,1,2,19,0,1,0
395515,3875,0.0,4.0,0.0,11,5,3,3,7,0,3,1
39568,898,0.0,2.0,0.0,5,2,2,1,2,0,3,0
395856,4280,0.0,2.0,0.0,20,2,1,2,18,0,1,1
39588,588,0.0,3.0,0.0,4,1,1,1,3,0,1,0
396273,1103,0.0,5.0,1.0,2,1,1,1,1,0,1,0
397015,3501,0.0,0.0,1.0,45,18,6,5,42,0,1,2
397547,1827,0.0,0.0,0.0,9,2,1,1,8,0,1,0
397917,2545,0.0,3.0,0.0,7,2,1,2,6,0,1,0
398101,3472,0.0,0.0,0.0,1,1,1,1,0,0,1,0
398942,4982,0.0,0.0,0.0,2,1,1,1,1,0,1,0
400074,598,0.0,0.0,1.0,2,1,1,1,1,0,1,0
40010,2786,0.0,2.0,0.0,2,1,1,1,1,0,1,0
400385,2341,0.0,4.0,0.0,9,2,1,1,8,0,1,0
400780,2537,0.0,4.0,1.0,21,6,2,4,18,0,2,1
400894,3915,0.0,2.0,0.0,1,1,1,1,0,0,1,0
4014,2353,0.0,4.0,1.0,11,2,1,4,10,0,1,0
401566,747,0.0,4.0,0.0,2,1,1,1,1,0,1,0
402241,676,0.0,3.0,1.0,2,1,1,1,1,0,1,0
402478,1850,0.0,3.0,1.0,7,1,1,1,6,0,1,0
402722,4394,0.0,5.0,null,2,1,1,1,1,0,1,0
403040,3734,0.0,2.0,1.0,7,6,5,1,0,0,7,0
403090,3284,0.0,0.0,1.0,5,1,1,2,4,0,1,0
403476,2055,0.0,0.0,0.0,6,3,1,2,5,0,1,0
403930,3912,0.0,4.0,0.0,5,3,3,2,3,0,1,1
403935,1062,0.0,0.0,0.0,12,8,1,2,11,0,1,0
404055,2872,0.0,5.0,2.0,4,4,3,2,3,0,1,0
404308,2856,0.0,3.0,0.0,15,7,1,2,13,0,2,0
404482,2856,0.0,6.0,0.0,6,2,1,2,5,0,1,0
404496,3657,0.0,2.0,1.0,4,2,1,1,3,0,1,0
404749,257,0.0,3.0,0.0,10,1,1,2,9,0,1,0
404927,3727,0.0,0.0,0.0,15,11,1,1,14,0,1,0
405155,4712,1.0,6.0,0.0,5,3,2,1,3,0,2,0
405383,1843,0.0,0.0,1.0,4,3,3,1,1,0,3,0
406215,190,0.0,0.0,null,4,1,1,1,3,0,1,0
406811,3990,0.0,2.0,1.0,4,1,1,2,3,0,1,0
406955,361,0.0,5.0,0.0,7,2,1,1,5,0,1,1
406965,4033,0.0,3.0,0.0,9,4,1,1,7,0,2,0
407095,1067,0.0,3.0,1.0,3,1,1,1,2,0,1,0
40711,1145,0.0,5.0,1.0,18,6,1,1,14,0,3,1
407221,4173,0.0,0.0,0.0,5,2,2,1,3,0,2,0
407767,4090,0.0,5.0,0.0,5,2,1,3,4,0,1,0
407811,1346,0.0,3.0,0.0,11,2,1,1,9,0,2,0
4085,951,0.0,0.0,0.0,3,1,1,1,1,0,2,0
408533,3063,0.0,3.0,0.0,32,18,3,4,31,0,1,0
409171,1916,0.0,4.0,0.0,9,5,1,2,7,0,2,0
409211,2124,0.0,6.0,0.0,4,1,1,1,3,0,1,0
409328,3042,0.0,4.0,0.0,2,2,2,1,0,0,2,0
409484,4044,0.0,0.0,0.0,17,1,1,2,15,0,1,1
410291,4905,0.0,5.0,1.0,3,1,1,1,2,0,1,0
410591,2916,0.0,2.0,2.0,2,1,1,1,1,0,1,0
410607,4542,0.0,0.0,0.0,7,1,1,1,5,0,1,1
410753,4173,0.0,3.0,1.0,9,4,1,1,8,0,1,0
410908,946,0.0,5.0,2.0,9,4,2,3,8,0,1,0
410931,4173,0.0,0.0,0.0,30,14,5,2,29,0,1,0
41116,1978,0.0,0.0,1.0,3,1,1,1,2,0,1,0
411167,1472,0.0,2.0,0.0,5,1,1,1,3,1,1,0
411589,4198,0.0,0.0,null,1,1,1,1,0,0,1,0
411636,10,0.0,0.0,0.0,12,4,2,1,11,0,1,0
412024,2594,0.0,3.0,0.0,1,1,1,1,0,0,1,0
412829,4273,0.0,4.0,0.0,4,3,2,1,1,0,3,0
413653,3524,0.0,4.0,0.0,3,1,1,1,2,0,1,0
413662,747,0.0,3.0,0.0,13,7,2,2,12,0,1,0
414052,289,0.0,5.0,0.0,3,1,1,1,2,0,1,0
414132,2793,0.0,4.0,1.0,6,2,1,1,5,0,1,0
415042,1618,0.0,0.0,1.0,10,3,2,3,9,0,1,0
415118,4173,0.0,0.0,null,23,12,5,2,22,0,1,0
415273,4760,0.0,0.0,1.0,9,2,2,1,7,0,2,0
415602,3893,0.0,0.0,1.0,7,3,2,1,5,0,2,0
415670,2669,0.0,4.0,0.0,15,11,4,1,14,0,1,0
415846,2608,0.0,4.0,0.0,9,5,2,1,8,0,1,0
415977,492,0.0,2.0,1.0,4,1,1,2,3,0,1,0
41602,4605,0.0,2.0,0.0,18,3,3,1,17,0,1,0
416564,1133,0.0,3.0,0.0,14,5,2,2,11,0,2,1
417391,3472,0.0,2.0,0.0,3,1,1,1,2,0,1,0
417392,1049,0.0,2.0,1.0,4,1,1,2,3,0,1,0
417408,3828,0.0,6.0,0.0,27,11,5,11,23,0,1,3
417600,742,0.0,5.0,0.0,4,1,1,1,2,0,1,1
417862,1346,0.0,4.0,0.0,1,1,1,1,0,0,1,0
418441,2608,0.0,0.0,1.0,5,2,1,1,4,0,1,0
418827,1272,0.0,4.0,0.0,18,12,5,1,17,0,1,0
419558,1816,0.0,2.0,1.0,2,1,1,1,0,1,1,0
41981,4585,0.0,3.0,1.0,40,21,6,1,38,0,2,0
419902,4976,0.0,2.0,0.0,11,3,2,1,10,0,1,0
420041,1762,0.0,3.0,2.0,3,1,1,1,2,0,1,0
420346,989,0.0,2.0,0.0,3,1,1,2,2,0,1,0
420479,4043,0.0,3.0,0.0,84,18,7,4,74,0,3,7
420882,4858,0.0,3.0,0.0,1,1,1,1,0,0,1,0
421697,121,0.0,0.0,1.0,7,4,1,1,6,0,1,0
423174,2928,0.0,3.0,0.0,9,4,1,1,8,0,1,0
423276,1892,0.0,3.0,0.0,8,4,3,1,4,0,2,2
423448,416,0.0,0.0,0.0,20,7,2,3,19,0,1,0
424003,4942,0.0,2.0,0.0,1,1,1,1,0,0,1,0
424155,1394,0.0,6.0,0.0,2,1,1,1,1,0,1,0
42463,804,0.0,4.0,0.0,1,1,1,1,0,0,1,0
42472,1618,0.0,0.0,1.0,6,2,1,2,4,1,1,0
42605,121,0.0,0.0,1.0,33,15,3,2,28,0,1,4
42841,3650,0.0,3.0,0.0,10,3,2,2,9,0,1,0
43884,3990,0.0,0.0,0.0,10,1,1,1,8,0,2,0
44071,4616,0.0,0.0,0.0,33,19,5,2,27,0,6,0
44116,94,0.0,0.0,0.0,2,1,1,1,1,0,1,0
4414,1827,0.0,7.0,0.0,10,6,1,2,9,0,1,0
44255,1833,0.0,5.0,0.0,1,1,1,1,0,0,1,0
44412,1742,0.0,0.0,0.0,7,2,1,1,5,0,2,0
44850,2081,0.0,3.0,1.0,11,1,1,4,10,0,1,0
44958,4183,0.0,0.0,1.0,5,2,1,1,4,0,1,0
4514,3310,0.0,4.0,0.0,2,2,1,1,0,0,2,0
45791,4775,0.0,7.0,0.0,14,1,1,2,13,0,1,0
46285,594,0.0,2.0,0.0,1,1,1,1,0,0,1,0
47604,4427,0.0,2.0,1.0,2,1,1,1,1,0,1,0
48006,2482,0.0,3.0,0.0,5,2,2,3,2,0,1,2
48294,2448,0.0,2.0,1.0,4,2,2,2,3,0,1,0
4903,4143,0.0,0.0,0.0,78,41,8,1,76,0,2,0
49206,3245,0.0,0.0,0.0,5,3,1,1,4,0,1,0
49894,2954,0.0,3.0,0.0,4,3,1,1,3,0,1,0
5028,1708,0.0,2.0,0.0,4,1,1,1,3,0,1,0
50364,2795,0.0,4.0,0.0,2,1,1,1,1,0,1,0
50649,2989,0.0,4.0,0.0,6,2,1,1,5,0,1,0
50870,3979,0.0,3.0,1.0,43,4,1,3,41,0,2,0
51024,3073,1.0,2.0,1.0,1,1,1,1,0,0,1,0
51231,2745,1.0,0.0,1.0,10,8,2,2,9,0,1,0
51873,1808,0.0,5.0,0.0,3,2,1,1,2,0,1,0
52406,2709,0.0,0.0,1.0,6,1,1,1,5,0,1,0
52415,1890,0.0,7.0,2.0,27,4,2,2,26,0,1,0
52850,3623,0.0,2.0,0.0,20,15,3,2,17,0,1,2
53108,740,0.0,0.0,0.0,1,1,1,1,0,0,1,0
53341,1618,0.0,5.0,0.0,4,1,1,1,3,0,1,0
53411,2403,0.0,2.0,2.0,10,3,1,2,8,0,2,0
54325,606,0.0,0.0,0.0,7,3,1,1,6,0,1,0
54636,1166,0.0,4.0,1.0,3,2,2,1,1,0,2,0
54777,2821,0.0,3.0,1.0,3,1,1,1,2,0,1,0
54891,2303,0.0,6.0,1.0,6,4,1,3,5,0,1,0
55203,301,0.0,2.0,1.0,2,1,1,1,1,0,1,0
56024,2390,0.0,5.0,0.0,10,2,1,2,8,1,1,0
56143,293,0.0,0.0,0.0,4,1,1,2,2,0,2,0
56322,1861,0.0,2.0,1.0,3,1,1,1,2,0,1,0
56569,2036,0.0,3.0,1.0,2,1,1,1,1,0,1,0
56641,1093,0.0,2.0,1.0,7,2,1,1,6,0,1,0
56792,2218,0.0,6.0,1.0,4,1,1,1,3,0,1,0
5724,4346,0.0,2.0,0.0,15,7,3,3,12,0,2,1
57471,1203,0.0,4.0,0.0,12,3,1,2,11,0,1,0
57623,2664,0.0,3.0,1.0,2,1,1,1,1,0,1,0
57937,4492,0.0,0.0,0.0,6,1,1,1,5,0,1,0
58203,3073,0.0,2.0,1.0,5,1,1,1,4,0,1,0
58358,4504,0.0,0.0,1.0,19,3,1,2,13,3,1,2
5865,2138,0.0,0.0,0.0,3,2,2,1,2,0,1,0
58663,1749,0.0,3.0,2.0,4,1,1,1,3,0,1,0
59146,4966,0.0,3.0,0.0,10,3,3,2,8,0,2,0
59227,1168,0.0,0.0,0.0,2,1,1,1,1,0,1,0
59691,133,0.0,3.0,0.0,10,2,1,1,9,0,1,0
59877,3578,0.0,0.0,0.0,8,3,2,2,5,0,1,2
60828,794,0.0,4.0,0.0,8,4,1,1,7,0,1,0
60859,742,0.0,6.0,0.0,11,5,4,4,10,0,1,0
60891,4864,0.0,5.0,0.0,10,3,2,3,8,0,2,0
61062,1150,0.0,3.0,1.0,2,1,1,1,1,0,1,0
61102,1506,0.0,3.0,1.0,2,1,1,1,1,0,1,0
61399,4976,0.0,3.0,0.0,11,4,2,5,8,0,1,2
61486,4039,0.0,0.0,1.0,3,2,1,2,2,0,1,0
61878,2639,0.0,0.0,0.0,73,31,9,3,67,0,5,1
62609,1013,0.0,4.0,1.0,3,1,1,1,2,0,1,0
63006,3545,0.0,4.0,0.0,3,1,1,2,0,0,2,1
63016,2562,0.0,5.0,0.0,4,1,1,1,3,0,1,0
63270,4976,0.0,3.0,0.0,36,18,7,8,35,0,1,0
63522,2579,0.0,3.0,0.0,5,2,2,2,4,0,1,0
63894,598,0.0,3.0,1.0,15,2,2,2,13,0,1,1
63993,1993,0.0,3.0,0.0,4,1,1,1,2,0,2,0
64181,2454,1.0,6.0,0.0,12,7,5,2,9,0,3,0
64189,1470,0.0,2.0,0.0,4,1,1,1,3,0,1,0
64495,67,1.0,6.0,0.0,6,2,1,3,5,0,1,0
65256,4468,0.0,3.0,1.0,9,1,1,1,8,0,1,0
65432,204,0.0,3.0,1.0,4,2,1,1,3,0,1,0
65983,98,0.0,2.0,0.0,1,1,1,1,0,0,1,0
66040,2872,0.0,4.0,0.0,6,5,3,1,5,0,1,0
66060,2353,0.0,5.0,0.0,17,3,1,3,16,0,1,0
66145,4099,0.0,5.0,0.0,6,4,3,1,5,0,1,0
66890,1916,1.0,4.0,0.0,38,11,2,5,33,0,3,2
66994,360,0.0,2.0,1.0,4,2,1,1,3,0,1,0
67023,4198,0.0,4.0,1.0,1,1,1,1,0,0,1,0
6732,946,0.0,4.0,0.0,3,1,1,1,2,0,1,0
67375,1892,1.0,0.0,0.0,24,19,9,1,20,0,4,0
67560,960,0.0,0.0,1.0,11,2,1,1,10,0,1,0
67671,798,0.0,0.0,0.0,37,17,7,3,36,0,1,0
67731,3205,0.0,4.0,0.0,2,1,1,1,1,0,1,0
67768,2652,0.0,0.0,0.0,10,7,5,4,7,0,3,0
68138,2602,0.0,0.0,0.0,14,3,2,4,13,0,1,0
6825,1485,0.0,2.0,0.0,22,13,2,1,21,0,1,0
6887,1500,0.0,4.0,0.0,10,1,1,6,8,0,1,1
69183,4955,0.0,2.0,0.0,35,10,3,7,27,0,1,7
6998,1489,0.0,4.0,0.0,14,7,1,1,13,0,1,0
70077,479,0.0,3.0,1.0,3,1,1,1,2,0,1,0
70182,2943,0.0,0.0,1.0,14,2,1,1,12,0,1,1
7024,3667,0.0,4.0,1.0,3,1,1,1,1,0,2,0
70255,4558,1.0,4.0,0.0,5,2,1,1,4,0,1,0
70471,1840,0.0,3.0,0.0,3,3,2,1,0,0,3,0
70600,4044,0.0,0.0,0.0,4,2,2,1,2,0,2,0
7106,3984,0.0,6.0,0.0,21,11,4,2,19,0,2,0
71234,2217,0.0,6.0,0.0,7,3,1,1,6,0,1,0
71922,3734,0.0,2.0,1.0,10,4,2,2,9,0,1,0
72174,424,0.0,3.0,0.0,1,1,1,1,0,0,1,0
72836,2313,0.0,6.0,0.0,7,2,2,2,5,0,2,0
73431,2273,0.0,3.0,1.0,8,3,1,2,6,0,1,1
73668,3828,0.0,2.0,1.0,10,7,4,2,9,0,1,0
73730,3763,0.0,4.0,0.0,2,1,1,1,1,0,1,0
73805,1116,0.0,7.0,1.0,8,2,1,1,6,0,2,0
73897,4847,0.0,4.0,0.0,11,10,7,1,10,0,1,0
74022,1412,1.0,0.0,0.0,6,1,1,1,5,0,1,0
74048,1134,0.0,4.0,0.0,5,3,3,1,4,0,1,0
74250,4976,0.0,0.0,0.0,2,1,1,1,1,0,1,0
74387,2836,0.0,0.0,0.0,2,1,1,1,1,0,1,0
74397,2630,0.0,2.0,0.0,6,4,4,1,5,0,1,0
74786,3284,0.0,0.0,0.0,2,1,1,1,1,0,1,0
74836,2776,0.0,2.0,0.0,2,1,1,1,1,0,1,0
74918,1031,0.0,3.0,0.0,4,1,1,1,3,0,1,0
75226,3689,0.0,0.0,0.0,24,6,2,11,23,0,1,0
76526,2594,1.0,2.0,0.0,18,7,4,2,16,0,2,0
76549,2047,0.0,0.0,0.0,13,11,2,3,12,0,1,0
76575,151,0.0,5.0,1.0,27,1,1,4,26,0,1,0
77240,4394,0.0,3.0,0.0,5,2,1,3,3,0,1,1
77759,824,0.0,3.0,0.0,5,2,1,1,4,0,1,0
77918,4394,0.0,3.0,0.0,8,3,1,1,7,0,1,0
78150,1355,0.0,3.0,0.0,7,3,1,1,6,0,1,0
78297,2991,1.0,2.0,1.0,5,1,1,1,4,0,1,0
78446,4917,0.0,6.0,0.0,5,2,1,1,4,0,1,0
78647,606,1.0,3.0,2.0,275,124,21,13,245,0,1,29
79021,2217,0.0,0.0,0.0,3,2,1,1,2,0,1,0
79751,4558,0.0,3.0,0.0,5,1,1,1,3,0,1,1
79874,141,0.0,2.0,1.0,1,1,1,1,0,0,1,0
79902,3828,0.0,3.0,0.0,5,5,5,2,4,0,1,0
8009,467,0.0,0.0,0.0,19,7,6,1,10,0,9,0
80100,2124,0.0,0.0,0.0,58,22,2,8,57,0,1,0
80514,2954,0.0,3.0,1.0,12,7,6,3,10,0,1,1
80767,3432,0.0,6.0,0.0,4,1,1,2,2,0,1,1
80841,621,0.0,5.0,0.0,4,1,1,1,3,0,1,0
81063,1892,0.0,3.0,0.0,9,6,3,3,5,0,4,0
81081,4585,0.0,5.0,0.0,11,2,1,1,9,0,2,0
81280,4042,0.0,3.0,0.0,11,3,2,4,9,0,1,1
81398,141,0.0,0.0,0.0,86,55,15,5,79,0,3,4
81835,4976,0.0,4.0,1.0,6,2,2,2,4,1,1,0
82039,1639,0.0,0.0,0.0,4,3,2,1,3,0,1,0
82065,4850,1.0,5.0,0.0,68,32,8,2,62,0,6,0
82087,1056,1.0,5.0,0.0,2,2,2,2,1,0,1,0
8254,4847,0.0,0.0,0.0,22,9,7,4,17,0,2,3
82740,1203,0.0,4.0,0.0,6,3,2,1,5,0,1,0
82767,747,0.0,0.0,0.0,13,3,1,1,12,0,1,0
83222,3529,0.0,0.0,0.0,4,2,2,2,2,0,2,0
83635,3103,0.0,0.0,0.0,4,1,1,2,2,0,2,0
8369,2138,0.0,6.0,0.0,2,1,1,1,1,0,1,0
8424,2772,1.0,4.0,1.0,5,3,3,2,3,0,2,0
84504,3236,0.0,0.0,0.0,6,3,1,1,5,0,1,0
84697,1760,0.0,3.0,0.0,2,1,1,1,1,0,1,0
84749,3734,1.0,4.0,0.0,6,4,2,3,2,0,1,3
84875,3102,0.0,4.0,1.0,1,1,1,1,0,0,1,0
85048,548,0.0,4.0,2.0,4,1,1,2,3,0,1,0
85325,4525,1.0,3.0,0.0,34,14,2,2,33,0,1,0
85735,2653,0.0,6.0,0.0,9,1,1,2,7,0,1,1
85773,4658,0.0,0.0,1.0,5,2,1,1,3,1,1,0
85888,4125,0.0,0.0,0.0,16,1,1,5,13,0,1,2
8594,3350,0.0,0.0,0.0,2,1,1,1,1,0,1,0
86052,3609,0.0,4.0,0.0,4,1,1,3,2,0,1,1
86936,1923,0.0,4.0,2.0,7,2,1,3,5,0,1,1
87024,4504,0.0,3.0,0.0,63,22,1,5,57,0,2,4
87065,4760,0.0,0.0,1.0,6,1,1,1,5,0,1,0
87594,2138,0.0,4.0,1.0,20,8,3,3,17,0,1,2
87598,1203,0.0,2.0,1.0,5,1,1,2,3,0,1,1
87754,3763,0.0,4.0,2.0,3,2,1,1,1,0,2,0
88026,2014,0.0,0.0,0.0,5,1,1,1,4,0,1,0
88077,4585,1.0,3.0,1.0,4,2,1,1,3,0,1,0
88325,3828,0.0,0.0,0.0,14,6,3,4,13,0,1,0
8870,2403,0.0,5.0,0.0,32,13,1,2,29,0,1,2
89011,4589,0.0,3.0,1.0,15,3,1,2,13,0,1,1
90004,296,1.0,4.0,0.0,14,4,2,2,12,0,2,0
90033,2928,0.0,4.0,1.0,1,1,1,1,0,0,1,0
90205,2047,0.0,6.0,1.0,1,1,1,1,0,0,1,0
90242,4596,0.0,0.0,1.0,4,3,3,1,3,0,1,0
91003,4394,0.0,0.0,1.0,8,2,1,2,7,0,1,0
91143,1966,0.0,0.0,1.0,7,2,1,1,6,0,1,0
91511,1679,0.0,3.0,2.0,14,2,1,5,12,0,1,1
9153,1243,0.0,0.0,1.0,16,2,1,3,15,0,1,0
92134,2361,0.0,2.0,0.0,2,1,1,1,1,0,1,0
92268,3323,0.0,4.0,0.0,2,1,1,1,1,0,1,0
92275,3619,0.0,3.0,1.0,17,6,1,3,16,0,1,0
92305,1679,0.0,3.0,0.0,20,7,2,1,18,0,2,0
92783,2511,0.0,4.0,1.0,23,4,2,3,21,0,2,0
92934,1816,0.0,0.0,1.0,5,2,2,1,4,0,1,0
92940,3291,0.0,0.0,1.0,5,1,1,1,4,0,1,0
93047,4605,0.0,2.0,2.0,21,9,5,2,20,0,1,0
93416,2313,0.0,2.0,0.0,13,4,2,1,11,0,1,1
93623,897,0.0,3.0,1.0,5,2,1,1,4,0,1,0
93910,2162,0.0,3.0,1.0,3,1,1,2,2,0,1,0
94027,4642,0.0,0.0,1.0,4,2,1,1,3,0,1,0
9483,1659,0.0,5.0,0.0,3,2,1,1,2,0,1,0
95132,2565,0.0,6.0,0.0,7,1,1,1,5,0,2,0
95139,2217,0.0,2.0,0.0,6,1,1,2,5,0,1,0
95159,547,0.0,3.0,1.0,16,9,2,2,15,0,1,0
95405,2193,0.0,2.0,0.0,2,1,1,1,1,0,1,0
95439,4500,0.0,2.0,1.0,1,1,1,1,0,0,1,0
96049,3205,0.0,0.0,0.0,3,1,1,1,2,0,1,0
96457,4408,0.0,0.0,0.0,1,1,1,1,0,0,1,0
96804,534,0.0,6.0,0.0,2,1,1,1,1,0,1,0
97219,953,0.0,2.0,0.0,5,1,1,1,4,0,1,0
97319,3041,0.0,3.0,2.0,10,3,1,3,9,0,1,0
97470,1310,0.0,4.0,0.0,3,3,3,1,0,0,3,0
97965,1538,0.0,5.0,1.0,2,1,1,1,1,0,1,0
98882,1506,0.0,5.0,0.0,9,3,1,1,8,0,1,0
99035,798,0.0,0.0,0.0,4,1,1,1,3,0,1,0
99452,1272,0.0,2.0,0.0,10,4,3,2,8,0,1,1
9951,1092,0.0,3.0,0.0,5,2,1,1,4,0,1,0
