100216,4601,0.0,2.0,0.0,9,1,1,1,7,0,1,1
100582,1803,0.0,0.0,1.0,5,3,1,1,4,0,1,0
100895,4394,0.0,0.0,0.0,1,1,1,1,0,0,1,0
101223,4638,0.0,3.0,0.0,3,1,1,1,2,0,1,0
101423,2175,0.0,3.0,0.0,10,6,2,1,9,0,1,0
10189,4818,0.0,2.0,1.0,5,3,3,2,4,0,1,0
101988,2318,0.0,6.0,1.0,2,1,1,2,1,0,1,0
102113,2971,0.0,5.0,0.0,2,1,1,1,1,0,1,0
102206,3578,0.0,4.0,1.0,1,1,1,1,0,0,1,0
102352,3828,0.0,0.0,1.0,19,8,2,2,15,0,2,2
103146,4221,0.0,2.0,0.0,4,1,1,1,3,0,1,0
103450,790,0.0,3.0,1.0,36,10,6,4,30,0,1,5
103480,2556,0.0,0.0,0.0,10,3,2,1,7,0,3,0
103622,2224,0.0,5.0,0.0,1,1,1,1,0,0,1,0
103788,3619,0.0,3.0,0.0,2,1,1,1,1,0,1,0
103885,4649,0.0,5.0,1.0,3,2,1,1,2,0,1,0
104047,946,0.0,4.0,0.0,7,3,3,1,4,0,3,0
104241,2699,0.0,4.0,0.0,3,1,1,1,2,0,1,0
104578,63,0.0,3.0,1.0,4,1,1,1,3,0,1,0
104592,4659,0.0,2.0,0.0,4,4,2,1,2,0,2,0
104594,1916,0.0,6.0,1.0,7,2,1,2,6,0,1,0
104800,1659,0.0,6.0,0.0,3,1,1,1,2,0,1,0
105002,4282,0.0,0.0,1.0,8,5,3,2,7,0,1,0
105644,4658,0.0,5.0,0.0,6,4,1,1,5,0,1,0
105995,1840,0.0,5.0,0.0,7,2,2,2,5,0,2,0
106457,300,0.0,5.0,0.0,8,2,1,1,7,0,1,0
106509,4079,0.0,2.0,0.0,5,2,1,1,3,0,2,0
107295,1742,0.0,2.0,1.0,2,1,1,1,1,0,1,0
107639,1742,0.0,5.0,1.0,4,2,1,2,3,0,1,0
107850,4760,0.0,0.0,0.0,4,1,1,2,2,0,2,0
107881,3103,0.0,6.0,0.0,3,1,1,1,2,0,1,0
10790,3586,0.0,4.0,0.0,26,12,4,3,5,0,1,20
108158,1964,0.0,2.0,0.0,6,1,1,2,5,0,1,0
108389,1968,0.0,0.0,0.0,2,1,1,1,1,0,1,0
109185,316,0.0,3.0,0.0,4,1,1,1,3,0,1,0
109510,3826,0.0,2.0,1.0,5,1,1,1,4,0,1,0
110604,1200,0.0,2.0,1.0,1,1,1,1,0,0,1,0
110845,2158,0.0,5.0,2.0,6,1,1,1,5,0,1,0
110845,2273,0.0,5.0,2.0,4,1,1,3,3,0,1,0
110953,1742,0.0,2.0,1.0,2,1,1,1,1,0,1,0
110971,1031,0.0,3.0,1.0,1,1,1,1,0,0,1,0
111765,415,0.0,0.0,0.0,10,2,2,2,8,0,2,0
112080,687,0.0,2.0,1.0,1,1,1,1,0,0,1,0
1126,1506,0.0,0.0,1.0,4,1,1,1,3,0,1,0
112786,786,0.0,3.0,0.0,2,1,1,1,1,0,1,0
113047,3266,0.0,2.0,1.0,2,1,1,1,1,0,1,0
114283,747,0.0,6.0,0.0,11,1,1,7,10,0,1,0
114320,4044,0.0,2.0,0.0,32,13,5,6,28,0,2,2
114357,3624,0.0,3.0,0.0,4,1,1,1,2,0,2,0
11508,3675,0.0,4.0,0.0,5,1,1,1,4,0,1,0
115385,2138,0.0,4.0,0.0,72,32,10,3,70,0,2,0
115598,1346,0.0,3.0,0.0,18,7,1,4,16,0,1,1
115664,1742,0.0,5.0,0.0,8,3,1,2,6,0,2,0
115743,4220,0.0,3.0,0.0,3,1,1,1,2,0,1,0
116,1132,0.0,2.0,1.0,2,1,1,1,1,0,1,0
116234,3979,0.0,0.0,0.0,3,2,2,1,1,0,2,0
116690,3578,0.0,4.0,0.0,7,2,1,1,6,0,1,0
116822,2537,0.0,3.0,0.0,1,1,1,1,0,0,1,0
117316,2883,0.0,7.0,1.0,15,4,3,1,14,0,1,0
118160,2047,0.0,5.0,2.0,3,1,1,2,2,0,1,0
118269,4705,0.0,2.0,0.0,2,1,1,1,1,0,1,0
118735,1963,0.0,2.0,1.0,14,8,3,3,12,0,1,1
119805,1435,0.0,3.0,0.0,11,2,1,2,9,0,1,1
120298,2856,0.0,3.0,0.0,4,1,1,1,2,0,1,1
12039,2856,0.0,3.0,1.0,4,2,1,1,3,0,1,0
120511,4044,0.0,2.0,0.0,30,15,4,2,28,0,2,0
120530,4282,0.0,3.0,0.0,8,5,2,1,7,0,1,0
120874,1875,0.0,0.0,1.0,25,14,4,2,23,0,2,0
121447,4079,0.0,4.0,1.0,1,1,1,1,0,0,1,0
12175,3828,1.0,0.0,1.0,10,3,2,3,9,0,1,0
121931,1408,0.0,0.0,0.0,3,1,1,1,2,0,1,0
121997,2721,0.0,6.0,0.0,4,2,1,2,3,0,1,0
12281,3236,0.0,3.0,0.0,8,4,1,2,6,0,1,1
123352,3418,0.0,null,null,8,1,1,1,6,0,1,1
123578,3862,1.0,4.0,1.0,5,1,1,1,3,0,1,1
123735,4374,0.0,3.0,0.0,4,1,1,1,3,0,1,0
124352,4760,0.0,0.0,1.0,1,1,1,1,0,0,1,0
124935,3567,0.0,6.0,0.0,4,2,1,1,3,0,1,0
125008,547,1.0,3.0,1.0,47,23,2,8,43,0,1,3
125084,1204,0.0,6.0,0.0,2,1,1,1,1,0,1,0
125188,4408,0.0,0.0,0.0,15,5,2,3,14,0,1,0
125198,102,0.0,4.0,0.0,27,6,3,8,25,0,1,1
125533,4173,0.0,3.0,0.0,17,6,3,2,16,0,1,0
125671,2268,0.0,5.0,0.0,5,1,1,1,4,0,1,0
12628,98,0.0,3.0,0.0,8,4,4,1,5,0,3,0
127398,2954,0.0,4.0,0.0,4,2,2,1,3,0,1,0
127772,3898,0.0,2.0,0.0,13,4,1,3,12,0,1,0
12800,2537,1.0,3.0,0.0,17,6,3,5,15,0,2,0
128003,2642,0.0,3.0,0.0,9,4,3,1,7,0,2,0
128138,4129,0.0,2.0,0.0,57,20,3,2,54,0,3,0
128387,4536,0.0,2.0,0.0,2,1,1,1,1,0,1,0
128688,2047,1.0,3.0,1.0,1,1,1,1,0,0,1,0
129065,1399,0.0,6.0,1.0,7,4,2,1,6,0,1,0
129538,3098,0.0,3.0,1.0,38,25,2,2,37,0,1,0
129624,2571,0.0,2.0,1.0,7,4,1,1,5,0,1,1
129667,4090,0.0,3.0,1.0,9,3,1,1,8,0,1,0
129898,1892,0.0,5.0,1.0,15,10,5,3,14,0,1,0
1306,977,0.0,0.0,0.0,16,2,1,4,12,0,1,3
13060,4228,0.0,3.0,0.0,6,3,2,1,4,0,2,0
130879,4336,0.0,6.0,2.0,2,1,1,1,1,0,1,0
130921,4280,0.0,0.0,0.0,5,2,1,1,4,0,1,0
132098,2587,0.0,3.0,1.0,5,1,1,3,3,0,1,1
132231,4659,0.0,3.0,0.0,5,4,3,2,0,0,4,1
132259,4850,0.0,5.0,0.0,14,7,2,2,12,0,2,0
132266,4760,0.0,4.0,1.0,11,5,4,1,6,0,3,2
13271,3205,0.0,4.0,0.0,3,1,1,1,2,0,1,0
13278,3936,0.0,5.0,null,5,1,1,1,3,1,1,0
13294,276,0.0,0.0,0.0,14,1,1,2,13,0,1,0
133375,1487,0.0,2.0,0.0,19,1,1,1,18,0,1,0
13353,2031,0.0,3.0,1.0,12,2,1,2,8,0,1,3
133833,3828,0.0,4.0,0.0,10,3,2,1,9,0,1,0
134330,4394,0.0,0.0,0.0,1,1,1,1,0,0,1,0
134500,1102,0.0,3.0,1.0,8,1,1,2,7,0,1,0
134559,1346,0.0,3.0,0.0,13,7,1,2,12,0,1,0
134687,4846,0.0,0.0,0.0,4,1,1,2,2,0,1,1
134752,1557,0.0,4.0,0.0,30,9,4,1,29,0,1,0
135085,1393,0.0,0.0,0.0,34,18,5,4,31,0,3,0
135450,4394,0.0,0.0,0.0,65,7,2,4,57,0,1,7
137137,3152,0.0,0.0,0.0,4,1,1,2,3,0,1,0
137309,3925,0.0,5.0,0.0,20,7,5,3,19,0,1,0
137341,4351,0.0,6.0,0.0,3,1,1,1,2,0,1,0
137749,2031,0.0,6.0,1.0,18,1,1,4,17,0,1,0
137920,4650,0.0,3.0,0.0,3,1,1,1,2,0,1,0
138090,2162,0.0,4.0,1.0,11,5,1,3,9,0,1,1
1382,3875,0.0,3.0,0.0,10,3,2,1,7,0,3,0
138344,4173,0.0,3.0,0.0,67,19,5,3,64,0,2,1
138988,2031,0.0,3.0,1.0,4,2,1,1,3,0,1,0
139451,3022,0.0,0.0,0.0,8,3,2,1,6,0,2,0
139457,1673,0.0,0.0,0.0,7,1,1,4,6,0,1,0
139493,4099,0.0,5.0,0.0,10,3,1,2,9,0,1,0
139613,4992,0.0,4.0,1.0,5,2,1,1,3,1,1,0
140111,3826,0.0,3.0,1.0,9,2,1,4,8,0,1,0
140519,649,0.0,5.0,1.0,13,3,1,4,12,0,1,0
141313,46,0.0,5.0,1.0,2,1,1,1,1,0,1,0
141486,63,0.0,5.0,0.0,7,3,3,2,5,0,2,0
141874,525,0.0,2.0,0.0,10,5,1,1,7,0,3,0
142127,3042,0.0,3.0,2.0,7,4,2,2,5,0,2,0
142420,2680,0.0,3.0,0.0,12,5,2,2,11,0,1,0
142635,66,0.0,0.0,0.0,5,2,1,1,4,0,1,0
143109,350,0.0,0.0,0.0,4,1,1,2,3,0,1,0
143773,1375,0.0,4.0,0.0,19,11,5,2,17,0,2,0
143888,1923,0.0,3.0,0.0,5,3,1,1,4,0,1,0
144238,4287,0.0,4.0,0.0,17,4,3,1,14,0,3,0
144266,3734,0.0,2.0,1.0,11,4,2,2,10,0,1,0
144670,1472,0.0,5.0,0.0,15,5,1,2,14,0,1,0
144788,2776,0.0,2.0,0.0,6,1,1,4,5,0,1,0
144898,4044,0.0,4.0,0.0,22,14,7,3,20,0,2,0
14520,3314,0.0,4.0,0.0,6,2,2,1,5,0,1,0
145234,2810,0.0,0.0,0.0,3,1,1,2,2,0,1,0
145242,4993,0.0,3.0,1.0,4,2,1,3,3,0,1,0
145584,702,0.0,4.0,0.0,9,1,1,2,8,0,1,0
145660,4450,0.0,5.0,0.0,4,1,1,1,3,0,1,0
145817,2883,0.0,5.0,0.0,2,1,1,1,1,0,1,0
146008,1640,0.0,0.0,0.0,2,1,1,1,1,0,1,0
14610,3374,0.0,3.0,0.0,88,50,5,3,86,0,2,0
146611,3205,0.0,4.0,0.0,7,3,1,1,6,0,1,0
146643,200,0.0,4.0,1.0,5,2,1,1,4,0,1,0
146848,2745,0.0,2.0,0.0,4,1,1,1,3,0,1,0
146874,1643,0.0,5.0,0.0,6,3,1,2,5,0,1,0
147081,474,1.0,3.0,0.0,4,4,4,1,0,0,4,0
147359,1141,0.0,3.0,1.0,12,3,2,3,11,0,1,0
147382,320,0.0,3.0,0.0,7,2,2,2,4,0,2,1
147484,2441,0.0,2.0,1.0,4,1,1,1,2,0,2,0
14750,3016,0.0,4.0,0.0,3,1,1,1,2,0,1,0
147739,2459,0.0,4.0,0.0,6,4,2,1,5,0,1,0
148136,2403,0.0,6.0,0.0,14,8,2,1,12,0,2,0
148332,4171,0.0,5.0,0.0,4,1,1,1,3,0,1,0
148356,4079,0.0,3.0,0.0,23,7,1,1,19,0,4,0
148416,2955,0.0,2.0,0.0,3,1,1,1,1,0,2,0
14874,1511,0.0,0.0,1.0,12,2,1,1,11,0,1,0
14882,1679,0.0,0.0,0.0,15,8,1,1,14,0,1,0
148998,1200,0.0,3.0,1.0,3,2,1,1,2,0,1,0
149290,2435,0.0,3.0,0.0,1,1,1,1,0,0,1,0
149401,2162,0.0,2.0,0.0,4,1,1,1,3,0,1,0
149509,4385,0.0,0.0,0.0,4,2,1,2,3,0,1,0
149536,1487,0.0,0.0,0.0,12,5,2,4,11,0,1,0
149848,3350,0.0,4.0,1.0,3,1,1,1,2,0,1,0
150351,3623,0.0,3.0,1.0,6,3,1,1,3,0,3,0
15046,3108,0.0,0.0,1.0,5,1,1,2,4,0,1,0
150473,437,0.0,5.0,0.0,4,2,1,2,3,0,1,0
150621,1816,0.0,2.0,1.0,7,4,2,1,6,0,1,0
151173,4079,0.0,2.0,1.0,37,4,1,4,31,0,5,1
151187,4099,0.0,6.0,0.0,3,1,1,1,2,0,1,0
151191,3828,0.0,4.0,1.0,3,3,3,1,0,0,3,0
151346,10,0.0,3.0,0.0,5,1,1,1,4,0,1,0
151943,3642,0.0,2.0,1.0,1,1,1,1,0,0,1,0
152651,4536,0.0,0.0,0.0,6,1,1,1,5,0,1,0
15279,3898,0.0,3.0,0.0,6,1,1,1,3,0,3,0
154190,2566,0.0,3.0,1.0,15,5,5,1,11,0,3,1
154473,3826,0.0,3.0,0.0,1,1,1,1,0,0,1,0
154524,4040,0.0,0.0,0.0,1,1,1,1,0,0,1,0
154564,1763,0.0,0.0,0.0,1,1,1,1,0,0,1,0
154826,1784,0.0,3.0,1.0,44,18,10,1,35,0,8,1
15497,1997,0.0,4.0,0.0,13,3,2,1,10,0,2,1
155044,2173,0.0,6.0,0.0,23,9,2,4,22,0,1,0
155268,3472,0.0,0.0,0.0,5,1,1,1,4,0,1,0
155350,2989,0.0,0.0,1.0,5,2,2,1,4,0,1,0
155934,4564,0.0,3.0,0.0,3,2,1,1,2,0,1,0
156134,2669,0.0,3.0,0.0,25,3,2,2,24,0,1,0
156219,4976,0.0,3.0,0.0,5,2,2,2,4,0,1,0
156220,2138,1.0,3.0,0.0,2,2,2,1,0,0,2,0
156305,3220,0.0,5.0,0.0,7,1,1,2,6,0,1,0
156572,29,0.0,6.0,0.0,3,1,1,2,2,0,1,0
156672,3554,0.0,2.0,0.0,11,3,2,3,8,0,1,2
156859,3476,0.0,4.0,2.0,1,1,1,1,0,0,1,0
157701,4607,0.0,4.0,0.0,7,4,1,1,6,0,1,0
157881,35,0.0,3.0,1.0,13,4,4,1,12,0,1,0
157957,3291,0.0,5.0,0.0,4,1,1,1,3,0,1,0
158022,4860,0.0,2.0,0.0,4,1,1,1,3,0,1,0
15834,2772,0.0,7.0,1.0,3,1,1,1,2,0,1,0
158364,2066,0.0,3.0,0.0,13,6,1,1,12,0,1,0
158950,1346,0.0,4.0,1.0,9,4,1,1,8,0,1,0
159169,4558,0.0,5.0,1.0,4,1,1,2,3,0,1,0
160000,134,0.0,3.0,1.0,12,3,2,4,8,3,1,0
160422,3971,0.0,3.0,1.0,4,2,2,1,3,0,1,0
16067,2128,0.0,5.0,0.0,5,2,2,1,4,0,1,0
16072,1203,0.0,6.0,0.0,20,7,5,1,16,0,4,0
161069,3727,0.0,3.0,0.0,4,2,1,2,3,0,1,0
162250,1487,0.0,5.0,1.0,6,1,1,2,5,0,1,0
162944,9,0.0,3.0,0.0,8,1,1,1,7,0,1,0
163182,532,0.0,0.0,0.0,2,1,1,2,1,0,1,0
163196,2473,0.0,2.0,1.0,4,3,1,1,3,0,1,0
163261,3727,0.0,3.0,0.0,55,29,1,2,53,0,1,1
163371,503,0.0,0.0,1.0,1,1,1,1,0,0,1,0
164239,168,0.0,4.0,0.0,3,3,1,2,1,0,2,0
164291,715,1.0,2.0,1.0,4,1,1,1,3,0,1,0
164386,4818,1.0,3.0,0.0,55,18,8,7,46,1,2,6
164911,2099,0.0,2.0,0.0,4,1,1,2,2,0,1,1
165281,4607,0.0,7.0,0.0,3,1,1,1,1,0,1,1
165864,2976,0.0,3.0,0.0,2,1,1,1,1,0,1,0
166283,1466,0.0,6.0,0.0,8,1,1,1,5,0,3,0
166746,2928,0.0,0.0,0.0,3,1,1,1,2,0,1,0
167371,4352,0.0,0.0,1.0,7,3,1,2,6,0,1,0
167971,4234,0.0,0.0,0.0,2,1,1,2,1,0,1,0
169147,2217,0.0,2.0,0.0,13,6,1,3,12,0,1,0
169334,2105,0.0,2.0,0.0,2,1,1,1,1,0,1,0
169343,3734,0.0,4.0,1.0,2,1,1,1,0,0,2,0
169639,3418,0.0,4.0,1.0,18,6,3,1,17,0,1,0
169650,4783,0.0,6.0,0.0,8,4,3,2,7,0,1,0
169885,3623,0.0,0.0,1.0,1,1,1,1,0,0,1,0
170636,590,0.0,7.0,null,6,2,2,2,5,0,1,0
170646,3420,0.0,4.0,0.0,2,2,1,2,0,0,1,1
170825,293,0.0,0.0,0.0,5,2,1,3,4,0,1,0
170859,1013,0.0,5.0,0.0,1,1,1,1,0,0,1,0
171041,2424,1.0,5.0,0.0,2,1,1,1,1,0,1,0
171176,4308,0.0,4.0,0.0,5,1,1,1,4,0,1,0
171196,3350,0.0,6.0,0.0,27,3,1,1,25,0,2,0
171454,2193,0.0,0.0,0.0,4,1,1,2,2,0,1,1
171468,1833,0.0,0.0,1.0,3,2,2,2,2,0,1,0
171730,4234,0.0,0.0,0.0,15,9,2,1,13,0,2,0
171763,2562,0.0,3.0,1.0,2,1,1,1,1,0,1,0
171976,2318,0.0,0.0,0.0,4,2,2,1,3,0,1,0
171995,1526,0.0,3.0,0.0,8,1,1,2,6,0,1,1
172613,2173,1.0,4.0,0.0,3,1,1,1,2,0,1,0
173778,1131,0.0,0.0,1.0,47,17,5,2,46,0,1,0
173799,1760,0.0,3.0,0.0,34,10,2,4,31,0,3,0
174298,4098,0.0,3.0,1.0,3,1,1,1,2,0,1,0
17499,67,0.0,0.0,1.0,4,1,1,2,3,0,1,0
175685,4491,0.0,4.0,0.0,15,3,2,3,12,0,3,0
175782,145,0.0,3.0,0.0,4,3,1,1,3,0,1,0
175993,2051,0.0,2.0,1.0,4,1,1,2,2,0,2,0
176183,3835,0.0,0.0,0.0,6,1,1,2,5,0,1,0
176294,2224,0.0,0.0,0.0,8,1,1,2,6,0,2,0
176425,1679,0.0,6.0,0.0,24,11,3,2,19,0,2,3
176775,4256,0.0,5.0,0.0,19,2,1,4,17,0,1,1
177327,4287,0.0,4.0,1.0,11,5,3,1,8,0,3,0
178026,3432,1.0,0.0,0.0,23,18,5,1,19,0,4,0
178388,4791,0.0,6.0,1.0,12,1,1,1,10,0,2,0
178492,4976,0.0,0.0,0.0,14,11,2,1,13,0,1,0
178842,4173,0.0,3.0,0.0,35,21,8,6,34,0,1,0
178896,2102,0.0,6.0,0.0,1,1,1,1,0,0,1,0
17891,3826,0.0,4.0,1.0,2,1,1,1,1,0,1,0
179457,3541,0.0,4.0,0.0,3,1,1,2,1,0,1,1
179862,639,0.0,3.0,1.0,1,1,1,1,0,0,1,0
17989,4536,0.0,4.0,1.0,24,10,2,2,23,0,1,0
180327,1102,0.0,0.0,0.0,30,19,4,4,29,0,1,0
181500,4043,0.0,6.0,0.0,5,3,2,1,2,0,3,0
181943,2913,0.0,3.0,1.0,3,1,1,1,2,0,1,0
182735,2273,0.0,7.0,0.0,3,1,1,2,0,0,2,1
18318,798,0.0,3.0,0.0,16,8,4,2,15,0,1,0
183332,598,0.0,3.0,1.0,79,36,4,14,74,0,1,4
183837,4287,0.0,4.0,1.0,7,1,1,1,5,0,2,0
184411,3974,0.0,3.0,1.0,5,2,1,1,4,0,1,0
18463,3111,0.0,3.0,0.0,3,1,1,1,2,0,1,0
185452,1911,0.0,0.0,1.0,26,8,1,6,25,0,1,0
185910,4705,0.0,0.0,0.0,5,1,1,2,3,1,1,0
186409,3173,0.0,2.0,1.0,2,1,1,1,1,0,1,0
186417,1659,0.0,6.0,1.0,5,2,1,1,4,0,1,0
186452,4687,0.0,3.0,0.0,6,1,1,1,4,0,2,0
186470,4044,0.0,0.0,0.0,7,4,2,1,6,0,1,0
186541,4678,0.0,null,null,3,1,1,1,2,0,1,0
186675,4048,0.0,0.0,1.0,10,1,1,1,7,0,2,1
186778,4950,0.0,0.0,0.0,3,1,1,1,2,0,1,0
187291,3173,0.0,0.0,0.0,6,3,1,1,5,0,1,0
18747,3828,0.0,3.0,0.0,1,1,1,1,0,0,1,0
187611,4170,0.0,0.0,0.0,8,3,1,2,6,0,2,0
187706,4427,0.0,3.0,1.0,4,1,1,1,3,0,1,0
187774,2278,0.0,2.0,1.0,3,2,2,2,2,0,1,0
188162,3588,0.0,3.0,0.0,6,1,1,1,5,0,1,0
188509,3418,0.0,3.0,0.0,2,1,1,1,1,0,1,0
188720,1760,0.0,4.0,0.0,9,2,1,2,7,0,2,0
18879,4044,0.0,4.0,1.0,27,14,3,1,24,0,1,2
188826,2901,1.0,5.0,1.0,5,3,2,1,4,0,1,0
189795,3406,0.0,0.0,0.0,13,1,1,3,12,0,1,0
190576,326,0.0,4.0,0.0,2,1,1,1,1,0,1,0
190996,3734,0.0,4.0,0.0,104,48,8,4,100,0,4,0
191071,2193,0.0,3.0,0.0,6,1,1,1,4,0,1,1
191299,4966,0.0,3.0,2.0,9,2,2,2,7,0,1,1
191644,3635,0.0,0.0,0.0,6,2,1,2,3,0,1,2
192090,845,0.0,4.0,1.0,15,3,1,2,14,0,1,0
192145,2066,1.0,3.0,0.0,1,1,1,1,0,0,1,0
192235,1203,0.0,4.0,1.0,19,11,6,3,18,0,1,0
192322,2275,0.0,5.0,0.0,7,3,2,1,6,0,1,0
192333,2138,0.0,5.0,0.0,2,1,1,1,1,0,1,0
192370,3480,0.0,3.0,0.0,3,1,1,1,2,0,1,0
192376,3541,0.0,0.0,0.0,8,3,1,4,7,0,1,0
192914,2403,0.0,3.0,0.0,14,9,1,1,9,0,1,4
19304,4026,0.0,6.0,0.0,4,1,1,1,3,0,1,0
193075,4760,0.0,6.0,1.0,6,1,1,2,4,1,1,0
193521,1031,0.0,0.0,0.0,4,2,1,1,2,0,1,1
194040,2149,0.0,3.0,0.0,7,1,1,3,6,0,1,0
194277,4408,0.0,3.0,0.0,16,7,2,1,15,0,1,0
194509,4708,0.0,4.0,1.0,6,1,1,2,5,0,1,0
194522,3350,0.0,6.0,0.0,4,1,1,2,3,0,1,0
194695,1892,0.0,0.0,2.0,8,7,3,1,7,0,1,0
19616,4636,0.0,7.0,0.0,21,2,1,3,20,0,1,0
196190,951,0.0,3.0,0.0,4,1,1,2,3,0,1,0
197504,1308,0.0,4.0,0.0,3,1,1,1,2,0,1,0
197559,4499,0.0,3.0,0.0,1,1,1,1,0,0,1,0
198311,4173,0.0,3.0,1.0,27,10,4,5,23,0,1,3
198377,1978,0.0,3.0,1.0,2,1,1,1,1,0,1,0
200253,1816,0.0,6.0,1.0,7,2,2,2,6,0,1,0
201104,1605,0.0,3.0,0.0,9,5,1,1,6,0,3,0
20159,4708,0.0,3.0,0.0,6,2,1,2,5,0,1,0
201666,598,0.0,5.0,0.0,19,10,2,3,18,0,1,0
201680,58,0.0,4.0,0.0,11,3,2,1,8,1,1,1
201768,2872,1.0,5.0,0.0,8,6,6,2,3,0,5,0
201838,3022,0.0,3.0,1.0,1,1,1,1,0,0,1,0
202370,3103,0.0,6.0,0.0,4,2,1,2,3,0,1,0
202762,4170,0.0,0.0,0.0,4,1,1,1,3,0,1,0
202961,4783,0.0,0.0,0.0,6,2,1,1,5,0,1,0
203016,2471,0.0,6.0,0.0,3,1,1,3,2,0,1,0
203625,2026,0.0,2.0,1.0,8,3,2,3,7,0,1,0
203653,508,0.0,0.0,0.0,12,4,1,3,8,0,4,0
20403,191,0.0,5.0,0.0,1,1,1,1,0,0,1,0
204105,66,0.0,3.0,1.0,9,5,2,2,8,0,1,0
20436,3080,0.0,2.0,0.0,3,2,2,1,2,0,1,0
204870,3806,0.0,6.0,1.0,11,2,1,3,10,0,1,0
204966,3898,0.0,0.0,0.0,6,2,1,1,5,0,1,0
205186,316,0.0,3.0,1.0,3,1,1,1,1,0,2,0
205290,3345,0.0,0.0,0.0,2,1,1,2,0,0,1,1
205292,3022,0.0,0.0,1.0,4,1,1,1,3,0,1,0
20554,1583,0.0,3.0,0.0,6,2,1,1,5,0,1,0
20557,1300,0.0,5.0,1.0,12,3,1,2,11,0,1,0
205586,1487,0.0,0.0,0.0,15,5,1,2,14,0,1,0
205665,742,0.0,4.0,0.0,12,8,6,1,11,0,1,0
206011,2128,0.0,7.0,0.0,4,1,1,1,3,0,1,0
206349,2273,0.0,4.0,0.0,2,1,1,1,1,0,1,0
206919,2475,0.0,4.0,1.0,4,2,1,1,3,0,1,0
207201,2608,0.0,0.0,0.0,4,1,1,2,2,0,1,1
207548,4394,0.0,7.0,0.0,4,2,2,1,3,0,1,0
207797,4760,0.0,2.0,1.0,12,5,3,1,10,0,2,0
208160,3578,0.0,3.0,0.0,36,16,4,7,31,0,1,4
20825,4926,0.0,4.0,0.0,2,1,1,1,1,0,1,0
20860,390,0.0,4.0,1.0,1,1,1,1,0,0,1,0
20894,4976,0.0,4.0,0.0,51,28,8,12,33,0,1,17
209009,1997,0.0,5.0,1.0,2,1,1,1,1,0,1,0
209254,1522,0.0,4.0,0.0,4,1,1,1,3,0,1,0
209328,3828,1.0,5.0,0.0,23,8,6,3,20,0,3,0
209417,1487,0.0,3.0,0.0,7,2,1,2,4,0,1,2
209625,1749,0.0,4.0,0.0,11,7,3,1,10,0,1,0
209625,4368,0.0,4.0,0.0,4,1,1,2,2,0,2,0
209784,786,1.0,2.0,0.0,2,1,1,1,1,0,1,0
21045,1502,0.0,3.0,0.0,1,1,1,1,0,0,1,0
211007,798,0.0,3.0,0.0,2,1,1,1,1,0,1,0
211028,1166,0.0,6.0,0.0,6,2,2,1,5,0,1,0
211447,829,0.0,6.0,0.0,74,23,2,5,69,0,1,4
211625,598,1.0,2.0,1.0,7,5,2,3,6,0,1,0
211799,747,0.0,3.0,0.0,2,1,1,1,1,0,1,0
211805,1472,0.0,3.0,0.0,2,1,1,1,0,0,2,0
211824,3828,0.0,0.0,0.0,14,8,4,3,13,0,1,0
211967,4500,0.0,2.0,0.0,9,2,1,3,8,0,1,0
212074,963,0.0,0.0,1.0,3,1,1,1,2,0,1,0
212438,1890,0.0,4.0,0.0,33,10,2,4,31,0,1,1
212603,2187,0.0,3.0,0.0,9,4,1,1,8,0,1,0
213066,3650,0.0,3.0,0.0,7,4,1,1,6,0,1,0
214079,4554,0.0,6.0,0.0,5,1,1,2,3,0,1,1
214249,3288,0.0,3.0,0.0,1,1,1,1,0,0,1,0
214273,1850,0.0,3.0,0.0,9,2,2,1,8,0,1,0
214756,2447,0.0,6.0,0.0,2,1,1,1,1,0,1,0
214820,1999,1.0,4.0,2.0,18,3,1,4,17,0,1,0
215043,4287,1.0,0.0,1.0,5,2,2,1,3,0,2,0
215452,1884,0.0,0.0,0.0,3,1,1,1,2,0,1,0
215525,3320,0.0,0.0,1.0,4,1,1,1,2,0,2,0
215553,1698,0.0,5.0,1.0,3,1,1,1,1,0,2,0
215568,1833,0.0,5.0,0.0,34,17,5,1,33,0,1,0
215976,3640,0.0,0.0,1.0,7,1,1,2,6,0,1,0
216,4942,0.0,0.0,0.0,2,1,1,1,1,0,1,0
2165,2629,0.0,4.0,1.0,6,3,1,1,5,0,1,0
216649,3163,0.0,4.0,1.0,1,1,1,1,0,0,1,0
217027,553,0.0,0.0,1.0,7,1,1,2,5,0,1,1
217079,3912,0.0,4.0,1.0,12,7,4,2,11,0,1,0
217443,1910,0.0,0.0,0.0,2,1,1,1,1,0,1,0
21749,4356,0.0,3.0,1.0,4,1,1,2,3,0,1,0
217697,4605,0.0,3.0,0.0,8,3,3,1,6,0,1,1
217975,4186,0.0,0.0,0.0,3,2,1,1,2,0,1,0
217985,534,0.0,3.0,0.0,3,2,1,1,2,0,1,0
218141,3227,0.0,4.0,0.0,3,1,1,1,2,0,1,0
218478,4474,0.0,0.0,1.0,2,1,1,1,1,0,1,0
218705,3990,0.0,6.0,0.0,2,1,1,1,1,0,1,0
218809,3819,0.0,3.0,0.0,10,2,2,2,9,0,1,0
219074,547,0.0,5.0,0.0,10,1,1,3,8,0,1,1
219562,1884,0.0,2.0,0.0,3,1,1,1,2,0,1,0
219905,742,0.0,5.0,0.0,1,1,1,1,0,0,1,0
219956,2698,0.0,3.0,0.0,4,3,1,1,3,0,1,0
220004,4280,0.0,0.0,0.0,11,3,1,2,7,0,1,3
220528,361,0.0,0.0,0.0,7,2,1,1,5,0,2,0
221116,1355,0.0,3.0,0.0,4,1,1,2,3,0,1,0
221486,2579,0.0,5.0,2.0,8,2,1,1,5,0,1,2
221797,4826,0.0,0.0,1.0,6,1,1,2,5,0,1,0
222026,1574,0.0,0.0,1.0,2,1,1,1,1,0,1,0
222779,3753,0.0,4.0,0.0,9,3,1,1,8,0,1,0
223073,4659,0.0,3.0,0.0,1,1,1,1,0,0,1,0
223087,26,0.0,4.0,1.0,1,1,1,1,0,0,1,0
223373,861,0.0,0.0,1.0,1,1,1,1,0,0,1,0
224062,1851,0.0,2.0,0.0,8,3,2,1,6,0,1,1
22415,2136,0.0,6.0,0.0,3,1,1,1,2,0,1,0
224502,3586,0.0,4.0,0.0,15,8,4,2,13,0,2,0
224839,323,0.0,4.0,0.0,2,1,1,2,0,0,1,1
224845,4871,0.0,3.0,0.0,1,1,1,1,0,0,1,0
225904,4629,0.0,3.0,0.0,4,1,1,1,3,0,1,0
226141,4643,0.0,3.0,0.0,7,3,1,1,6,0,1,0
226422,4043,0.0,3.0,0.0,10,3,2,5,6,0,2,2
226805,1968,0.0,2.0,1.0,4,1,1,1,3,0,1,0
227539,4616,0.0,4.0,1.0,26,14,6,4,21,0,3,2
227589,611,0.0,5.0,1.0,4,2,2,1,3,0,1,0
227946,946,0.0,0.0,0.0,2,1,1,2,1,0,1,0
228034,1840,0.0,0.0,0.0,4,1,1,1,2,0,1,1
228086,2552,0.0,4.0,1.0,5,2,1,1,3,0,2,0
228298,2273,0.0,5.0,0.0,16,4,1,4,13,0,1,2
228508,71,0.0,3.0,1.0,17,5,3,1,16,0,1,0
228781,66,0.0,5.0,1.0,1,1,1,1,0,0,1,0
228823,1399,0.0,4.0,0.0,12,2,1,4,11,0,1,0
22890,4043,0.0,0.0,1.0,2,1,1,1,1,0,1,0
228927,474,0.0,0.0,0.0,2,1,1,1,1,0,1,0
229057,4871,0.0,3.0,0.0,2,1,1,1,1,0,1,0
229107,423,0.0,2.0,0.0,7,1,1,1,6,0,1,0
229615,4976,0.0,4.0,0.0,8,3,3,2,6,0,2,0
229882,2173,0.0,5.0,0.0,20,14,2,2,19,0,1,0
230698,3205,0.0,4.0,0.0,3,1,1,1,2,0,1,0
231216,1890,0.0,5.0,2.0,11,5,3,2,10,0,1,0
231468,4950,0.0,4.0,0.0,9,4,2,2,8,0,1,0
231739,2742,0.0,0.0,0.0,14,6,4,3,13,0,1,0
23221,4666,0.0,5.0,0.0,3,1,1,2,2,0,1,0
232313,3152,0.0,6.0,0.0,25,18,1,2,23,0,2,0
233022,161,0.0,2.0,1.0,6,2,1,2,5,0,1,0
233144,1892,0.0,0.0,0.0,15,13,7,4,14,0,1,0
233355,2891,0.0,5.0,2.0,8,6,1,4,7,0,1,0
233443,2699,0.0,3.0,0.0,18,10,3,2,15,0,2,1
233613,121,0.0,0.0,0.0,10,3,2,1,7,0,2,1
233677,4648,0.0,0.0,0.0,4,3,2,1,3,0,1,0
233964,1494,1.0,5.0,0.0,13,5,2,1,11,0,2,0
23405,552,0.0,3.0,0.0,31,4,2,8,28,0,1,2
234725,2217,0.0,6.0,0.0,1,1,1,1,0,0,1,0
235221,4607,0.0,4.0,1.0,22,14,3,2,21,0,1,0
235261,3014,0.0,3.0,0.0,4,1,1,1,3,0,1,0
235384,3191,0.0,3.0,0.0,2,1,1,1,1,0,1,0
235726,1111,0.0,2.0,1.0,2,1,1,1,1,0,1,0
237638,676,0.0,0.0,0.0,2,1,1,1,1,0,1,0
237675,4044,0.0,2.0,0.0,8,2,2,2,7,0,1,0
237892,3588,0.0,0.0,0.0,3,1,1,1,1,0,2,0
238117,2811,0.0,4.0,0.0,1,1,1,1,0,0,1,0
238391,3828,0.0,4.0,0.0,13,8,4,5,12,0,1,0
238504,2273,0.0,6.0,0.0,11,2,1,3,10,0,1,0
239380,2954,0.0,6.0,null,17,5,3,3,14,0,3,0
239587,424,0.0,2.0,1.0,5,1,1,1,4,0,1,0
240077,3476,0.0,0.0,0.0,4,3,3,2,3,0,1,0
24014,2403,0.0,4.0,1.0,4,4,1,1,1,0,3,0
240310,3645,0.0,0.0,0.0,9,3,1,1,8,0,1,0
240623,2752,0.0,3.0,1.0,9,4,2,1,7,0,2,0
240910,179,0.0,6.0,0.0,4,1,1,1,3,0,1,0
241070,1892,1.0,3.0,0.0,13,10,6,1,12,0,1,0
241167,4173,0.0,3.0,0.0,143,65,11,15,125,0,1,17
241429,1679,0.0,4.0,1.0,9,3,1,1,5,0,4,0
241448,3103,0.0,5.0,0.0,9,5,1,1,8,0,1,0
242201,1840,0.0,4.0,0.0,1,1,1,1,0,0,1,0
242211,4071,0.0,2.0,0.0,2,1,1,2,1,0,1,0
24225,1742,0.0,3.0,2.0,14,9,1,3,13,0,1,0
242299,152,0.0,0.0,0.0,1,1,1,1,0,0,1,0
242473,4270,0.0,0.0,0.0,6,1,1,1,5,0,1,0
242744,1501,0.0,2.0,0.0,5,1,1,1,4,0,1,0
242762,4783,0.0,5.0,1.0,4,2,1,1,3,0,1,0
242885,3105,0.0,3.0,0.0,3,2,2,1,1,0,1,1
243566,1892,0.0,0.0,1.0,6,1,1,1,5,0,1,0
2436,4173,1.0,3.0,0.0,96,45,7,4,95,0,1,0
245041,66,0.0,3.0,1.0,8,4,2,3,7,0,1,0
245632,1235,0.0,0.0,0.0,7,2,1,2,6,0,1,0
246061,2559,0.0,null,null,4,1,1,1,3,0,1,0
24634,4525,0.0,0.0,0.0,7,4,1,2,5,0,2,0
246553,73,1.0,0.0,0.0,4,1,1,3,3,0,1,0
247110,1892,0.0,3.0,1.0,5,3,2,1,2,0,3,0
247957,3614,0.0,4.0,0.0,18,7,6,1,16,0,2,0
248199,3022,0.0,3.0,1.0,5,2,1,2,3,0,1,1
248476,1495,0.0,3.0,0.0,14,4,1,5,13,0,1,0
248655,323,0.0,6.0,0.0,4,1,1,1,3,0,1,0
249339,4044,1.0,3.0,0.0,1,1,1,1,0,0,1,0
249343,2611,0.0,2.0,1.0,1,1,1,1,0,0,1,0
249406,2217,0.0,2.0,0.0,1,1,1,1,0,0,1,0
249470,3850,0.0,0.0,0.0,9,2,2,1,8,0,1,0
249472,1703,0.0,4.0,0.0,2,1,1,1,1,0,1,0
249915,361,0.0,6.0,1.0,17,6,1,3,15,0,1,1
250012,2424,0.0,2.0,1.0,4,1,1,2,2,0,1,1
250134,2915,0.0,3.0,1.0,3,1,1,1,2,0,1,0
250636,3432,0.0,0.0,0.0,69,47,11,7,67,0,2,0
250683,4196,0.0,3.0,1.0,3,1,1,1,2,0,1,0
250984,1447,0.0,3.0,1.0,8,4,1,1,7,0,1,0
251092,773,0.0,0.0,0.0,13,8,5,2,10,0,3,0
251143,3971,0.0,0.0,0.0,8,1,1,1,7,0,1,0
251885,3347,0.0,4.0,0.0,4,1,1,1,3,0,1,0
253034,4263,0.0,3.0,0.0,4,2,1,4,1,0,1,2
253303,1166,0.0,2.0,0.0,15,5,3,2,14,0,1,0
253361,914,1.0,0.0,0.0,1,1,1,1,0,0,1,0
253743,3968,0.0,5.0,0.0,2,1,1,1,1,0,1,0
253745,127,0.0,2.0,1.0,2,1,1,1,1,0,1,0
253771,250,0.0,2.0,1.0,6,2,1,3,5,0,1,0
254626,2537,0.0,0.0,0.0,9,5,2,1,6,0,3,0
254652,1833,0.0,4.0,1.0,28,20,4,5,23,0,3,2
254745,4760,0.0,0.0,0.0,7,4,1,1,6,0,1,0
254928,46,0.0,0.0,0.0,6,1,1,2,4,0,1,1
255075,2727,0.0,2.0,0.0,2,1,1,1,1,0,1,0
255823,1111,0.0,2.0,0.0,5,1,1,1,2,0,3,0
256011,4536,0.0,3.0,0.0,12,3,1,2,8,0,4,0
257325,114,1.0,4.0,2.0,5,3,2,2,4,0,1,0
257351,3646,0.0,7.0,0.0,4,1,1,1,3,0,1,0
258325,3042,0.0,4.0,0.0,4,2,2,2,3,0,1,0
258691,2981,0.0,6.0,0.0,10,3,2,1,8,0,2,0
258774,606,0.0,4.0,0.0,27,13,6,6,26,0,1,0
259082,4950,0.0,5.0,1.0,6,1,1,1,5,0,1,0
259231,508,0.0,6.0,0.0,7,3,1,2,6,0,1,0
26050,13,0.0,7.0,0.0,1,1,1,1,0,0,1,0
260500,1861,0.0,0.0,0.0,6,3,1,1,5,0,1,0
260540,3971,0.0,6.0,1.0,4,1,1,2,3,0,1,0
260651,1742,0.0,6.0,0.0,1,1,1,1,0,0,1,0
260708,3828,0.0,0.0,0.0,13,7,6,5,10,0,1,2
260964,4647,0.0,0.0,0.0,10,5,1,2,9,0,1,0
261275,3329,0.0,3.0,0.0,4,2,1,1,3,0,1,0
261453,3828,0.0,4.0,0.0,52,15,5,5,51,0,1,0
261469,4048,0.0,2.0,1.0,2,1,1,2,0,0,1,1
26147,1892,1.0,3.0,2.0,28,11,5,1,25,0,3,0
261634,1134,0.0,3.0,1.0,4,1,1,1,3,0,1,0
261838,4826,0.0,0.0,0.0,6,4,1,1,5,0,1,0
262631,1760,0.0,4.0,1.0,7,2,1,1,5,0,2,0
262771,2014,0.0,3.0,0.0,1,1,1,1,0,0,1,0
262850,606,0.0,5.0,0.0,37,20,7,6,31,0,1,5
262871,1142,0.0,4.0,1.0,3,1,1,1,2,0,1,0
263520,3528,0.0,5.0,1.0,1,1,1,1,0,0,1,0
264095,1427,0.0,2.0,0.0,4,1,1,2,3,0,1,0
264296,2592,0.0,4.0,0.0,5,2,1,1,4,0,1,0
264427,3152,1.0,3.0,0.0,14,6,1,2,13,0,1,0
26460,4442,0.0,6.0,1.0,3,1,1,1,2,0,1,0
264759,3828,0.0,0.0,0.0,3,1,1,2,2,0,1,0
26503,141,1.0,3.0,0.0,38,22,12,1,37,0,1,0
265106,2217,0.0,4.0,0.0,4,1,1,1,3,0,1,0
265408,4427,0.0,5.0,1.0,3,1,1,1,2,0,1,0
265655,361,0.0,2.0,1.0,3,1,1,1,2,0,1,0
265835,437,0.0,5.0,0.0,31,20,3,6,30,0,1,0
266765,720,0.0,2.0,0.0,4,2,1,1,3,0,1,0
266915,3536,0.0,3.0,0.0,5,1,1,2,4,0,1,0
267384,1150,0.0,4.0,0.0,8,1,1,1,6,0,1,1
26769,3152,0.0,3.0,1.0,3,2,1,2,2,0,1,0
267925,3578,0.0,3.0,0.0,3,1,1,1,2,0,1,0
268089,3541,1.0,3.0,0.0,21,2,1,2,17,0,2,2
268475,4044,0.0,2.0,0.0,284,117,14,21,283,0,1,0
268711,682,0.0,2.0,1.0,1,1,1,1,0,0,1,0
269446,2821,0.0,4.0,1.0,3,1,1,1,2,0,1,0
269975,1679,0.0,4.0,1.0,8,4,3,1,6,0,2,0
270063,1557,0.0,0.0,1.0,5,2,1,2,4,0,1,0
270476,2652,0.0,5.0,0.0,7,4,2,2,6,0,1,0
270749,4594,0.0,8.0,1.0,5,1,1,2,3,0,2,0
271073,1310,0.0,3.0,0.0,19,7,4,2,16,0,3,0
271370,1512,0.0,6.0,0.0,55,23,1,2,51,0,4,0
271430,1487,0.0,0.0,0.0,6,1,1,2,5,0,1,0
271449,4170,0.0,4.0,1.0,9,1,1,2,7,0,2,0
271958,4589,0.0,3.0,1.0,3,1,1,1,2,0,1,0
272214,3159,0.0,2.0,0.0,19,7,4,2,15,0,1,3
272271,3665,0.0,3.0,1.0,12,4,1,2,11,0,1,0
272765,2761,0.0,4.0,1.0,4,2,1,1,3,0,1,0
274098,586,0.0,3.0,0.0,6,2,1,1,5,0,1,0
275049,2601,0.0,2.0,1.0,4,2,2,2,3,0,1,0
275419,390,0.0,4.0,1.0,3,2,2,2,2,0,1,0
275452,1200,0.0,2.0,0.0,1,1,1,1,0,0,1,0
275708,2619,0.0,4.0,0.0,3,2,1,2,2,0,1,0
276009,1512,0.0,4.0,1.0,9,6,1,2,8,0,1,0
276703,778,0.0,0.0,0.0,41,15,7,3,34,0,4,3
277030,4427,1.0,3.0,0.0,1,1,1,1,0,0,1,0
277147,1327,0.0,null,null,13,1,1,2,12,0,1,0
277291,2864,0.0,0.0,1.0,2,1,1,1,1,0,1,0
277438,1412,0.0,2.0,0.0,9,1,1,1,8,0,1,0
277491,4073,0.0,0.0,0.0,7,2,2,1,6,0,1,0
277503,4265,0.0,4.0,0.0,4,2,2,2,3,0,1,0
277659,3469,0.0,4.0,0.0,1,1,1,1,0,0,1,0
277934,1621,0.0,4.0,0.0,6,2,1,2,5,0,1,0
278090,4392,0.0,3.0,0.0,16,4,2,4,14,0,1,1
278302,4385,0.0,0.0,0.0,6,3,2,1,5,0,1,0
27856,685,0.0,0.0,0.0,16,6,3,1,15,0,1,0
278636,2471,0.0,0.0,0.0,5,3,2,1,4,0,1,0
279999,4171,0.0,4.0,0.0,2,1,1,1,1,0,1,0
280395,3230,0.0,0.0,1.0,2,1,1,1,1,0,1,0
280453,2928,0.0,0.0,1.0,26,7,3,2,24,0,2,0
281048,2696,0.0,4.0,0.0,4,2,1,2,3,0,1,0
281079,1131,1.0,6.0,0.0,18,7,1,2,17,0,1,0
281268,4282,0.0,2.0,1.0,5,3,2,2,4,0,1,0
281362,4048,0.0,2.0,0.0,5,2,1,1,4,0,1,0
281375,9,0.0,4.0,0.0,3,1,1,1,2,0,1,0
281489,1356,0.0,4.0,0.0,4,1,1,2,3,0,1,0
282062,3462,0.0,6.0,0.0,1,1,1,1,0,0,1,0
282645,1013,1.0,0.0,0.0,11,7,3,1,8,0,3,0
282661,4658,0.0,3.0,1.0,5,2,1,1,4,0,1,0
283333,4992,0.0,3.0,1.0,6,2,1,1,5,0,1,0
283626,4847,0.0,0.0,0.0,3,2,2,1,1,0,1,1
283757,4605,0.0,4.0,0.0,4,2,2,4,3,0,1,0
284135,2318,0.0,3.0,0.0,26,7,3,5,23,0,1,2
284163,794,0.0,2.0,1.0,22,13,2,3,21,0,1,0
2844,608,0.0,5.0,0.0,19,10,4,4,18,0,1,0
284423,3734,0.0,0.0,0.0,16,8,6,1,13,0,2,1
28451,790,0.0,5.0,1.0,6,1,1,1,4,1,1,0
284734,3912,0.0,5.0,0.0,2,1,1,1,1,0,1,0
284750,4558,1.0,3.0,0.0,1,1,1,1,0,0,1,0
28491,1102,0.0,3.0,0.0,13,4,2,2,11,0,1,1
285255,2099,0.0,4.0,0.0,6,3,1,2,5,0,1,0
285352,3034,0.0,6.0,0.0,2,1,1,1,1,0,1,0
285483,2895,1.0,3.0,0.0,9,2,1,1,8,0,1,0
285797,104,0.0,2.0,0.0,14,2,1,2,12,0,1,1
286176,2318,0.0,4.0,2.0,4,3,3,2,3,0,1,0
286210,4502,0.0,5.0,0.0,3,1,1,1,1,0,2,0
286274,503,0.0,0.0,0.0,6,5,3,1,5,0,1,0
286554,2,0.0,5.0,0.0,3,1,1,1,2,0,1,0
286622,255,0.0,3.0,0.0,10,6,1,1,9,0,1,0
286674,1496,0.0,2.0,0.0,2,1,1,1,1,0,1,0
286806,3578,0.0,0.0,1.0,51,29,4,6,47,0,3,1
286866,1628,0.0,3.0,0.0,5,3,1,1,4,0,1,0
287270,2928,0.0,4.0,0.0,9,7,3,2,8,0,1,0
287693,1145,0.0,5.0,0.0,11,3,1,2,9,0,2,0
28804,4534,0.0,0.0,0.0,9,3,2,2,6,0,3,0
28809,3614,0.0,0.0,0.0,12,1,1,2,10,0,1,1
288755,4760,0.0,0.0,0.0,8,3,2,1,7,0,1,0
288896,742,0.0,3.0,0.0,38,8,4,6,35,0,2,1
289006,2879,0.0,4.0,1.0,5,1,1,1,4,0,1,0
289042,2397,0.0,4.0,0.0,3,2,2,1,1,0,2,0
289120,98,0.0,3.0,0.0,4,2,2,1,3,0,1,0
289839,4871,0.0,2.0,0.0,11,6,4,3,10,0,1,0
289897,643,0.0,0.0,0.0,34,10,2,2,30,0,3,1
289942,682,0.0,5.0,0.0,7,4,1,4,5,0,1,1
290039,1678,0.0,6.0,null,1,1,1,1,0,0,1,0
290286,2913,0.0,6.0,0.0,4,2,1,1,3,0,1,0
290403,742,0.0,2.0,0.0,5,2,1,1,4,0,1,0
290417,4705,0.0,2.0,0.0,1,1,1,1,0,0,1,0
29090,191,0.0,4.0,0.0,7,6,3,1,6,0,1,0
291421,2569,0.0,3.0,0.0,155,57,6,8,149,0,3,3
29144,778,0.0,4.0,0.0,2,1,1,1,1,0,1,0
291594,806,0.0,2.0,0.0,16,8,3,5,13,0,2,1
292187,962,0.0,4.0,2.0,5,1,1,3,4,0,1,0
292457,1187,0.0,6.0,0.0,17,9,3,2,13,0,4,0
292507,1182,0.0,4.0,2.0,13,4,2,1,11,0,1,1
292651,2091,0.0,2.0,1.0,1,1,1,1,0,0,1,0
292734,3406,0.0,4.0,2.0,7,2,1,2,6,0,1,0
292867,4170,1.0,4.0,0.0,3,1,1,1,1,0,2,0
293455,1514,0.0,4.0,1.0,3,1,1,1,2,0,1,0
293565,1892,0.0,4.0,1.0,9,4,3,1,4,0,5,0
293799,4950,0.0,3.0,0.0,3,3,3,1,1,0,2,0
293889,4727,0.0,3.0,1.0,4,2,2,2,3,0,1,0
293974,2269,0.0,5.0,1.0,2,1,1,1,0,0,1,1
294578,2294,0.0,5.0,0.0,14,5,2,3,13,0,1,0
295295,4950,0.0,3.0,0.0,31,15,9,3,23,0,6,2
295321,141,0.0,0.0,0.0,11,4,3,1,10,0,1,0
29627,2237,0.0,6.0,0.0,7,2,1,2,6,0,1,0
296507,148,0.0,4.0,0.0,14,5,3,1,9,0,5,0
296543,598,0.0,3.0,1.0,3,2,1,2,2,0,1,0
296876,4438,0.0,0.0,0.0,8,1,1,2,6,1,1,0
296930,2273,0.0,2.0,0.0,5,2,1,2,4,0,1,0
297067,3826,0.0,4.0,0.0,7,2,2,1,6,0,1,0
297199,3460,0.0,2.0,1.0,2,1,1,1,1,0,1,0
297265,2447,0.0,0.0,0.0,5,3,1,1,4,0,1,0
297283,4170,0.0,4.0,0.0,1,1,1,1,0,0,1,0
297426,4594,0.0,3.0,1.0,3,1,1,1,1,0,2,0
29748,3072,0.0,3.0,1.0,11,4,1,1,10,0,1,0
297797,2047,0.0,3.0,0.0,6,1,1,1,5,0,1,0
297817,4282,0.0,3.0,0.0,11,5,3,5,10,0,1,0
298141,1708,0.0,3.0,1.0,1,1,1,1,0,0,1,0
298362,3685,0.0,3.0,0.0,7,3,1,1,6,0,1,0
298420,685,0.0,0.0,0.0,6,2,1,1,5,0,1,0
29844,4560,0.0,4.0,0.0,10,4,2,2,9,0,1,0
298601,474,0.0,5.0,1.0,8,6,2,1,7,0,1,0
299141,1500,0.0,8.0,0.0,9,2,1,2,7,0,1,1
299468,742,0.0,0.0,1.0,6,2,2,1,4,0,2,0
299617,2869,0.0,5.0,0.0,3,1,1,1,2,0,1,0
299833,2273,0.0,5.0,0.0,2,1,1,1,1,0,1,0
300473,1659,0.0,5.0,0.0,18,7,1,2,15,0,1,2
30060,2545,0.0,4.0,1.0,2,1,1,1,1,0,1,0
300731,4282,0.0,0.0,1.0,13,1,1,5,12,0,1,0
301013,2313,0.0,4.0,0.0,2,2,2,1,0,0,2,0
301077,3965,0.0,3.0,0.0,45,19,3,3,40,0,5,0
301281,219,0.0,0.0,0.0,3,1,1,1,2,0,1,0
301347,1597,0.0,3.0,1.0,7,2,1,1,6,0,1,0
301456,590,0.0,3.0,1.0,29,4,2,3,24,0,2,3
302593,2915,0.0,0.0,2.0,2,2,2,2,0,0,1,1
302992,4173,1.0,0.0,0.0,11,10,4,3,10,0,1,0
303083,3753,0.0,4.0,1.0,10,3,1,1,9,0,1,0
303468,3614,0.0,5.0,0.0,9,3,2,2,8,0,1,0
304058,4079,0.0,4.0,0.0,16,4,2,1,14,0,2,0
304561,416,0.0,4.0,0.0,4,3,1,1,3,0,1,0
305171,3892,0.0,0.0,1.0,7,2,1,2,6,0,1,0
305759,3878,0.0,3.0,0.0,140,42,2,5,136,0,4,0
306123,2128,0.0,2.0,0.0,12,5,4,1,9,0,3,0
306260,804,1.0,5.0,0.0,15,2,1,2,14,0,1,0
306279,2537,0.0,0.0,0.0,3,1,1,1,2,0,1,0
306575,4385,0.0,0.0,0.0,5,3,2,1,3,0,2,0
30661,1840,0.0,6.0,1.0,3,1,1,1,2,0,1,0
306746,4050,0.0,3.0,0.0,4,2,1,1,2,0,2,0
306891,3016,0.0,null,null,4,3,2,1,3,0,1,0
307061,2353,0.0,7.0,1.0,11,4,1,1,10,0,1,0
307062,1346,0.0,3.0,1.0,19,10,1,5,16,0,1,2
307191,2312,0.0,6.0,0.0,1,1,1,1,0,0,1,0
30755,2550,0.0,0.0,0.0,10,1,1,3,9,0,1,0
307550,1618,0.0,0.0,1.0,2,1,1,1,1,0,1,0
307598,1895,1.0,3.0,0.0,1,1,1,1,0,0,1,0
307624,2397,0.0,3.0,0.0,26,8,2,3,24,0,2,0
307699,4864,0.0,4.0,0.0,4,3,1,1,3,0,1,0
307957,574,0.0,0.0,0.0,2,1,1,1,1,0,1,0
308029,1808,0.0,4.0,1.0,39,8,1,2,36,0,1,2
308399,361,0.0,0.0,1.0,14,10,3,2,13,0,1,0
308631,914,0.0,0.0,0.0,4,1,1,1,2,1,1,0
308784,557,1.0,4.0,0.0,36,12,5,2,34,0,1,1
308914,2589,0.0,2.0,1.0,6,1,1,1,5,0,1,0
309419,2721,0.0,4.0,0.0,12,6,2,3,8,0,2,2
309945,4385,0.0,0.0,0.0,7,1,1,2,5,0,1,1
310554,2318,0.0,0.0,0.0,13,4,3,2,11,0,2,0
310618,4221,0.0,6.0,0.0,17,7,3,1,12,0,5,0
310939,4848,0.0,0.0,1.0,2,1,1,2,1,0,1,0
31123,2664,0.0,5.0,0.0,3,2,2,1,2,0,1,0
311451,3873,0.0,6.0,0.0,4,2,2,2,3,0,1,0
311931,1346,1.0,4.0,0.0,12,5,1,3,11,0,1,0
312320,4569,0.0,0.0,0.0,9,1,1,2,8,0,1,0
312653,1393,0.0,3.0,0.0,34,23,8,8,25,0,2,7
312831,3682,0.0,4.0,1.0,7,1,1,1,6,0,1,0
313023,2039,0.0,5.0,1.0,15,6,1,3,13,0,1,1
313456,4050,0.0,3.0,1.0,6,1,1,2,5,0,1,0
313464,598,0.0,3.0,1.0,6,3,2,3,5,0,1,0
313795,1673,0.0,3.0,0.0,6,3,1,1,5,0,1,0
314716,1067,0.0,4.0,1.0,1,1,1,1,0,0,1,0
315052,1481,0.0,3.0,1.0,20,6,2,2,19,0,1,0
315110,1067,0.0,5.0,1.0,1,1,1,1,0,0,1,0
315499,1370,0.0,0.0,0.0,10,4,2,1,7,0,3,0
315550,4554,0.0,6.0,1.0,5,3,3,1,3,0,2,0
31589,2746,0.0,0.0,0.0,21,2,2,4,17,0,2,2
31590,2857,0.0,0.0,1.0,5,1,1,1,3,0,2,0
316625,2780,0.0,5.0,1.0,3,1,1,1,2,0,1,0
316741,4960,0.0,2.0,0.0,6,4,4,1,4,0,1,1
317429,1090,0.0,0.0,0.0,34,10,2,5,32,0,1,1
317865,2108,0.0,3.0,0.0,6,2,1,2,5,0,1,0
317969,3906,0.0,4.0,0.0,6,1,1,1,5,0,1,0
318811,66,0.0,3.0,1.0,2,1,1,2,0,1,1,0
319158,2318,0.0,4.0,0.0,1,1,1,1,0,0,1,0
31948,1749,0.0,0.0,0.0,8,5,3,1,7,0,1,0
319684,1854,0.0,3.0,0.0,12,3,1,1,11,0,1,0
320066,1310,0.0,5.0,0.0,2,1,1,2,1,0,1,0
320078,4044,0.0,3.0,1.0,2,1,1,1,1,0,1,0
32038,4137,0.0,0.0,0.0,3,1,1,1,2,0,1,0
320423,1356,0.0,3.0,1.0,5,2,1,1,4,0,1,0
320455,946,0.0,0.0,0.0,12,8,2,2,11,0,1,0
320650,4143,0.0,4.0,0.0,18,14,6,3,10,0,3,5
320889,1502,0.0,4.0,0.0,2,1,1,2,0,0,1,1
321393,4818,0.0,2.0,1.0,28,11,7,2,27,0,1,0
321638,1661,0.0,3.0,0.0,2,1,1,1,0,0,1,1
322383,4616,0.0,0.0,1.0,4,2,2,2,2,0,1,1
323115,4282,0.0,4.0,0.0,45,32,6,1,43,0,2,0
323812,3111,0.0,3.0,0.0,2,1,1,2,0,0,1,1
324070,3667,0.0,4.0,0.0,2,1,1,1,1,0,1,0
324817,4976,0.0,0.0,0.0,7,1,1,4,6,0,1,0
32569,2537,0.0,6.0,1.0,26,7,2,1,18,0,8,0
325736,1399,0.0,2.0,0.0,21,2,1,4,19,0,1,1
325933,2124,0.0,5.0,0.0,18,12,2,1,17,0,1,0
326643,4083,0.0,0.0,1.0,17,4,4,1,15,0,2,0
32776,1415,0.0,3.0,1.0,1,1,1,1,0,0,1,0
327804,598,0.0,0.0,1.0,22,4,2,3,20,0,1,1
327817,4325,1.0,6.0,0.0,2,1,1,1,1,0,1,0
327997,4525,0.0,0.0,1.0,14,8,2,1,12,0,2,0
32886,2361,0.0,2.0,1.0,3,1,1,3,0,0,1,2
329258,1102,0.0,0.0,0.0,14,4,3,6,12,0,1,1
329312,1203,0.0,0.0,0.0,10,7,2,1,8,0,2,0
329875,1187,0.0,4.0,0.0,7,1,1,2,5,0,1,1
32991,4772,0.0,3.0,1.0,8,1,1,1,6,0,2,0
330149,951,0.0,2.0,0.0,2,1,1,1,1,0,1,0
330208,4493,0.0,5.0,0.0,3,1,1,1,2,0,1,0
331006,588,0.0,2.0,1.0,5,1,1,1,3,0,1,1
331453,3484,0.0,4.0,0.0,20,4,2,6,19,0,1,0
331645,1916,0.0,4.0,0.0,2,1,1,1,0,0,2,0
3320,1816,0.0,0.0,0.0,5,1,1,1,4,0,1,0
332450,2810,0.0,6.0,0.0,2,1,1,1,1,0,1,0
333966,4044,0.0,3.0,0.0,53,36,9,3,44,0,1,8
334224,806,0.0,4.0,0.0,2,1,1,1,1,0,1,0
334498,66,0.0,2.0,0.0,9,3,2,2,8,0,1,0
334587,1890,0.0,5.0,0.0,6,2,2,3,5,0,1,0
335061,1871,0.0,4.0,0.0,3,1,1,2,2,0,1,0
335288,606,0.0,0.0,0.0,22,13,3,1,20,0,1,1
335869,1340,0.0,4.0,0.0,1,1,1,1,0,0,1,0
33593,2876,0.0,5.0,0.0,30,27,1,2,28,0,2,0
335950,4044,0.0,3.0,1.0,13,10,3,1,12,0,1,0
336214,3609,0.0,4.0,1.0,3,1,1,1,2,0,1,0
336432,2255,0.0,0.0,1.0,3,1,1,1,2,0,1,0
336951,804,0.0,4.0,0.0,5,1,1,1,4,0,1,0
336973,3455,0.0,3.0,0.0,16,4,3,2,15,0,1,0
337123,1166,0.0,2.0,0.0,12,4,1,3,11,0,1,0
337331,2099,0.0,0.0,0.0,5,2,1,2,4,0,1,0
337825,1495,0.0,3.0,0.0,2,1,1,1,1,0,1,0
337862,102,0.0,3.0,0.0,9,2,1,1,8,0,1,0
338033,2592,0.0,0.0,0.0,11,5,4,1,8,0,3,0
338145,2794,0.0,3.0,0.0,6,4,3,2,5,0,1,0
338324,3191,0.0,3.0,0.0,2,2,1,1,0,0,2,0
338390,1501,0.0,3.0,0.0,19,6,3,4,14,0,1,4
338497,946,0.0,2.0,0.0,26,14,2,3,23,0,1,2
338522,2971,0.0,3.0,0.0,3,2,1,1,2,0,1,0
338959,3159,0.0,0.0,0.0,7,3,2,2,6,0,1,0
339020,2318,0.0,4.0,0.0,7,1,1,2,5,0,1,1
339041,3236,0.0,0.0,0.0,2,1,1,2,1,0,1,0
339437,4826,0.0,3.0,0.0,3,1,1,2,2,0,1,0
339466,1031,0.0,4.0,0.0,4,1,1,1,3,0,1,0
339589,962,0.0,4.0,0.0,13,8,5,3,9,0,4,0
339728,2646,0.0,4.0,0.0,3,1,1,2,2,0,1,0
339815,2124,0.0,4.0,0.0,13,6,1,4,11,0,1,1
340334,4775,0.0,4.0,0.0,25,7,2,2,21,0,3,1
340702,671,0.0,3.0,0.0,6,3,2,2,5,0,1,0
34084,1738,1.0,3.0,1.0,11,7,5,1,10,0,1,0
341412,3971,0.0,0.0,1.0,11,4,1,3,9,0,1,1
34318,3828,0.0,6.0,0.0,27,9,7,2,25,0,2,0
343435,310,0.0,3.0,1.0,5,1,1,1,4,0,1,0
343524,2537,0.0,0.0,0.0,2,1,1,1,1,0,1,0
343776,1678,0.0,0.0,1.0,18,6,2,4,17,0,1,0
343911,798,0.0,2.0,0.0,65,16,9,4,61,0,2,2
344198,1310,0.0,4.0,0.0,21,11,8,1,14,0,7,0
345519,3054,0.0,5.0,0.0,4,3,2,1,3,0,1,0
345614,1056,0.0,0.0,0.0,6,2,1,1,5,0,1,0
346627,3484,0.0,7.0,1.0,7,2,1,1,6,0,1,0
346792,3471,0.0,0.0,0.0,6,3,2,1,4,0,2,0
347064,4525,0.0,2.0,1.0,3,1,1,1,1,0,2,0
347132,2099,0.0,3.0,0.0,3,1,1,1,2,0,1,0
347530,1840,0.0,6.0,1.0,1,1,1,1,0,0,1,0
34761,3444,0.0,2.0,0.0,8,1,1,2,6,1,1,0
347625,2664,0.0,0.0,0.0,2,2,1,2,1,0,1,0
347705,3365,0.0,3.0,0.0,3,1,1,2,2,0,1,0
348230,2630,0.0,0.0,1.0,2,1,1,1,1,0,1,0
348311,3080,0.0,2.0,1.0,3,2,2,1,2,0,1,0
34872,3314,0.0,0.0,1.0,9,1,1,1,8,0,1,0
349016,4173,0.0,3.0,0.0,28,23,5,2,27,0,1,0
349345,4589,0.0,5.0,1.0,4,1,1,1,3,0,1,0
349427,1557,0.0,2.0,0.0,11,4,2,1,10,0,1,0
349596,255,0.0,3.0,0.0,8,4,2,1,7,0,1,0
350081,1708,0.0,3.0,0.0,13,4,1,1,12,0,1,0
350188,361,0.0,6.0,0.0,5,3,1,1,4,0,1,0
350232,2915,0.0,3.0,1.0,12,6,3,1,10,0,2,0
350924,46,0.0,3.0,0.0,7,1,1,1,5,0,2,0
351326,1892,0.0,3.0,0.0,28,20,9,3,26,0,2,0
351463,472,0.0,4.0,0.0,4,1,1,1,2,0,2,0
351732,4744,1.0,5.0,1.0,2,1,1,1,1,0,1,0
35203,2608,0.0,3.0,0.0,1,1,1,1,0,0,1,0
352136,4322,0.0,7.0,1.0,3,1,1,1,2,0,1,0
352539,2102,0.0,2.0,0.0,1,1,1,1,0,0,1,0
352648,4042,0.0,0.0,0.0,9,5,3,2,8,0,1,0
352778,2592,0.0,7.0,1.0,4,2,2,1,3,0,1,0
353340,4394,0.0,0.0,0.0,7,3,1,1,6,0,1,0
353778,2097,0.0,3.0,1.0,9,6,2,2,8,0,1,0
354105,2569,0.0,4.0,1.0,12,2,1,3,10,0,1,1
354985,2720,0.0,5.0,1.0,6,1,1,4,5,0,1,0
35514,474,0.0,4.0,0.0,5,1,1,2,3,1,1,0
355180,2229,0.0,3.0,0.0,1,1,1,1,0,0,1,0
355583,2577,0.0,6.0,0.0,4,1,1,3,3,0,1,0
355597,3828,0.0,3.0,0.0,14,5,3,4,9,0,1,4
355732,2775,0.0,5.0,0.0,3,1,1,2,2,0,1,0
356497,2695,0.0,3.0,0.0,7,3,2,1,6,0,1,0
356839,2482,0.0,5.0,0.0,13,6,5,4,12,0,1,0
357553,2277,0.0,3.0,0.0,4,1,1,2,3,0,1,0
358055,293,0.0,3.0,1.0,11,3,1,5,9,0,1,1
358298,3545,0.0,0.0,1.0,3,2,1,2,1,0,1,1
358305,3350,0.0,6.0,0.0,18,3,1,6,17,0,1,0
358334,4044,0.0,3.0,0.0,21,16,3,4,17,0,1,3
358407,798,0.0,0.0,0.0,14,10,7,2,12,0,2,0
358910,4261,0.0,4.0,0.0,6,4,3,2,4,0,2,0
359393,4385,1.0,3.0,0.0,6,4,2,1,5,0,1,0
359514,3941,0.0,0.0,0.0,3,1,1,1,2,0,1,0
359823,1485,0.0,0.0,0.0,7,1,1,3,6,0,1,0
359875,2273,0.0,3.0,0.0,3,2,1,2,0,0,1,2
36004,3933,0.0,5.0,0.0,3,1,1,1,2,0,1,0
36117,416,0.0,4.0,0.0,25,16,6,4,23,0,2,0
361248,1501,0.0,3.0,1.0,24,14,5,2,23,0,1,0
36128,4659,0.0,3.0,0.0,9,5,1,3,7,0,2,0
361784,2810,0.0,3.0,0.0,3,1,1,2,2,0,1,0
361853,4110,0.0,3.0,0.0,3,1,1,1,2,0,1,0
361913,2537,0.0,0.0,0.0,2,1,1,1,1,0,1,0
362245,3806,0.0,0.0,0.0,2,1,1,1,1,0,1,0
362524,2173,0.0,0.0,0.0,5,3,1,1,3,0,2,0
362655,588,0.0,2.0,0.0,2,2,1,1,0,0,1,1
362811,1457,0.0,4.0,0.0,327,2,1,1,324,1,1,1
362937,424,0.0,4.0,0.0,3,1,1,1,2,0,1,0
362941,3022,0.0,4.0,1.0,3,1,1,1,2,0,1,0
363061,1803,0.0,0.0,0.0,9,2,1,6,8,0,1,0
363061,1892,0.0,0.0,0.0,41,22,9,6,39,0,2,0
363484,960,0.0,2.0,0.0,4,1,1,1,3,0,1,0
36362,1016,0.0,3.0,0.0,3,1,1,2,2,0,1,0
363751,3640,1.0,3.0,0.0,6,4,1,2,5,0,1,0
363899,3974,0.0,0.0,1.0,1,1,1,1,0,0,1,0
363967,3578,0.0,3.0,0.0,7,1,1,2,6,0,1,0
364189,3828,0.0,5.0,0.0,4,2,2,2,3,0,1,0
364947,1943,0.0,2.0,1.0,4,2,2,1,3,0,1,0
365264,2403,0.0,4.0,0.0,4,2,1,2,2,0,2,0
365635,390,0.0,6.0,0.0,1,1,1,1,0,0,1,0
365740,4871,0.0,3.0,1.0,1,1,1,1,0,0,1,0
366518,4282,1.0,4.0,1.0,30,12,5,5,29,0,1,0
366788,1833,0.0,4.0,1.0,3,1,1,2,2,0,1,0
366832,1377,0.0,5.0,null,9,2,1,3,8,0,1,0
367018,4401,0.0,2.0,0.0,2,2,1,1,1,0,1,0
367050,2613,1.0,4.0,0.0,10,3,2,4,8,0,1,1
367238,2537,0.0,5.0,1.0,5,2,2,2,4,0,1,0
367433,2664,0.0,6.0,0.0,2,1,1,1,1,0,1,0
368144,168,0.0,3.0,0.0,58,27,6,1,53,0,5,0
368225,3925,0.0,4.0,0.0,5,1,1,1,4,0,1,0
368637,4044,0.0,2.0,0.0,20,9,2,2,19,0,1,0
369110,643,0.0,0.0,0.0,5,1,1,1,4,0,1,0
369763,4558,0.0,4.0,1.0,2,1,1,1,1,0,1,0
369873,653,0.0,0.0,0.0,8,2,2,3,7,0,1,0
370067,4756,0.0,4.0,0.0,1,1,1,1,0,0,1,0
370515,2030,0.0,3.0,1.0,3,1,1,1,1,0,2,0
371022,608,0.0,0.0,0.0,11,4,2,1,9,0,1,1
371632,4170,0.0,0.0,0.0,22,7,2,7,20,0,1,1
371935,2266,0.0,3.0,0.0,2,1,1,1,1,0,1,0
372667,4358,0.0,6.0,0.0,6,2,1,1,4,0,2,0
372678,742,0.0,3.0,0.0,39,18,5,3,37,0,1,1
372834,3148,0.0,6.0,0.0,59,20,5,5,58,0,1,0
373089,3163,0.0,0.0,1.0,3,1,1,1,1,0,2,0
373962,4427,0.0,2.0,1.0,8,4,2,2,7,0,1,0
374285,3784,0.0,4.0,1.0,1,1,1,1,0,0,1,0
375023,4811,0.0,5.0,0.0,20,2,2,2,17,0,2,1
375195,4129,0.0,0.0,0.0,2,2,2,2,0,1,1,0
375227,1031,1.0,4.0,0.0,17,5,1,3,15,0,2,0
375348,798,0.0,0.0,1.0,6,3,2,2,5,0,1,0
376214,1167,0.0,4.0,0.0,14,3,1,2,10,0,2,2
376389,2318,0.0,4.0,1.0,5,1,1,2,3,1,1,0
376886,1892,0.0,4.0,1.0,5,2,2,1,3,0,2,0
377324,1708,0.0,2.0,0.0,4,2,1,3,2,0,1,1
377651,2403,0.0,4.0,0.0,7,5,1,2,6,0,1,0
377866,2215,0.0,3.0,0.0,24,8,3,5,21,0,2,1
378166,784,0.0,2.0,0.0,1,1,1,1,0,0,1,0
378183,3925,0.0,5.0,0.0,2,1,1,2,0,0,1,1
378328,4256,0.0,5.0,0.0,9,5,2,3,8,0,1,0
378366,2309,0.0,0.0,1.0,4,1,1,1,3,0,1,0
378610,4949,0.0,0.0,0.0,3,3,3,1,2,0,1,0
378721,3822,0.0,4.0,0.0,9,2,1,4,8,0,1,0
379307,1892,0.0,4.0,1.0,1,1,1,1,0,0,1,0
3797,1679,0.0,4.0,0.0,28,10,3,2,27,0,1,0
379971,1615,0.0,3.0,1.0,8,3,1,2,6,0,2,0
380204,2032,0.0,4.0,1.0,23,15,1,3,19,0,4,0
380350,1703,0.0,5.0,0.0,13,2,1,2,12,0,1,0
380536,4071,0.0,3.0,0.0,3,1,1,2,2,0,1,0
38067,2108,1.0,4.0,0.0,4,1,1,1,3,0,1,0
380717,1892,0.0,4.0,null,12,7,3,2,11,0,1,0
380783,812,0.0,5.0,0.0,3,1,1,1,2,0,1,0
380841,1200,0.0,5.0,1.0,4,3,2,2,3,0,1,0
380870,1999,0.0,4.0,0.0,12,10,1,1,10,0,2,0
380978,4305,0.0,3.0,0.0,8,2,1,2,7,0,1,0
381256,66,0.0,3.0,0.0,6,1,1,2,3,0,2,1
381637,3073,0.0,2.0,1.0,13,4,1,2,11,0,1,1
381696,2397,0.0,3.0,1.0,43,15,6,3,41,0,2,0
381736,3730,0.0,3.0,0.0,2,1,1,1,1,0,1,0
381749,3073,0.0,3.0,1.0,8,1,1,1,3,0,5,0
381825,2138,0.0,3.0,0.0,5,3,2,1,3,0,1,1
381989,4173,0.0,3.0,0.0,9,2,2,3,8,0,1,0
382387,3687,0.0,4.0,1.0,6,1,1,1,5,0,1,0
382841,3484,0.0,3.0,0.0,8,4,1,1,7,0,1,0
383167,1071,0.0,6.0,1.0,10,2,2,2,9,0,1,0
383695,2780,0.0,0.0,0.0,3,1,1,2,2,0,1,0
384215,4225,0.0,0.0,0.0,5,2,2,1,4,0,1,0
384314,3609,0.0,0.0,0.0,13,4,1,2,11,0,2,0
384488,66,0.0,3.0,0.0,1,1,1,1,0,0,1,0
384490,1102,0.0,0.0,1.0,10,8,5,1,8,0,1,1
38501,698,0.0,0.0,0.0,9,2,2,1,6,0,1,2
38523,598,1.0,4.0,1.0,17,10,2,3,9,0,2,6
385573,1425,0.0,3.0,1.0,4,1,1,2,3,0,1,0
385866,4044,1.0,2.0,0.0,37,16,4,1,36,0,1,0
386472,4282,0.0,3.0,1.0,7,2,2,2,6,0,1,0
386948,1923,0.0,0.0,0.0,3,1,1,1,2,0,1,0
387142,2140,1.0,0.0,0.0,12,2,1,3,11,0,1,0
387357,4873,0.0,5.0,0.0,5,1,1,2,3,1,1,0
3876,4659,0.0,3.0,0.0,2,2,2,2,1,0,1,0
387817,2273,0.0,3.0,2.0,5,3,1,1,4,0,1,0
388017,3910,0.0,5.0,0.0,4,3,2,1,3,0,1,0
388139,2860,0.0,5.0,0.0,2,1,1,1,1,0,1,0
388492,1056,0.0,4.0,0.0,17,10,5,1,16,0,1,0
388531,1923,0.0,0.0,1.0,2,1,1,1,1,0,1,0
388697,4976,0.0,3.0,0.0,20,4,2,4,16,0,2,2
389106,3609,0.0,0.0,0.0,37,21,1,2,33,0,4,0
389237,3044,0.0,3.0,0.0,2,1,1,1,1,0,1,0
389783,3075,0.0,0.0,0.0,4,3,1,1,3,0,1,0
390068,492,0.0,2.0,0.0,4,1,1,1,2,0,1,1
390173,4388,0.0,4.0,0.0,12,6,1,2,11,0,1,0
390845,760,0.0,0.0,0.0,4,2,1,1,3,0,1,0
391153,740,0.0,4.0,1.0,5,1,1,1,4,0,1,0
391159,4394,0.0,3.0,0.0,8,3,1,1,7,0,1,0
391455,3819,0.0,3.0,1.0,4,1,1,1,2,0,2,0
391530,2193,0.0,3.0,0.0,1,1,1,1,0,0,1,0
392124,132,0.0,3.0,0.0,3,2,1,3,0,0,1,2
392365,4173,0.0,6.0,0.0,10,6,2,3,9,0,1,0
392906,2424,0.0,4.0,0.0,2,1,1,1,1,0,1,0
393116,1370,0.0,0.0,0.0,2,1,1,1,1,0,1,0
393260,1643,0.0,6.0,0.0,2,2,1,1,1,0,1,0
393371,4928,0.0,0.0,0.0,3,1,1,1,0,0,3,0
393645,2537,0.0,3.0,0.0,3,1,1,1,2,0,1,0
39374,4659,0.0,0.0,0.0,2,2,2,1,0,0,2,0
393759,1621,0.0,2.0,0.0,5,2,2,2,2,0,1,2
394086,4542,0.0,4.0,0.0,9,2,2,4,8,0,1,0
394230,2072,0.0,3.0,0.0,3,1,1,1,2,0,1,0
394289,4079,0.0,6.0,1.0,2,1,1,1,0,0,2,0
394889,790,0.0,3.0,0.0,11,7,4,3,8,0,3,0
395103,4932,0.0,5.0,2.0,7,3,2,3,6,0,1,0
395749,2447,0.0,4.0,0.0,3,1,1,1,2,0,1,0
396583,4042,1.0,3.0,0.0,5,3,1,2,3,0,2,0
396705,2935,0.0,4.0,1.0,5,1,1,2,4,0,1,0
397017,4992,0.0,3.0,0.0,4,1,1,2,3,0,1,0
397091,1134,0.0,5.0,0.0,25,11,5,1,21,0,4,0
397132,946,0.0,6.0,2.0,4,1,1,2,3,0,1,0
397527,3878,1.0,2.0,1.0,9,3,1,1,6,0,3,0
397541,3671,0.0,0.0,0.0,4,1,1,2,3,0,1,0
397899,784,0.0,0.0,0.0,1,1,1,1,0,0,1,0
398299,4309,0.0,0.0,0.0,5,2,1,1,4,0,1,0
398424,472,1.0,3.0,1.0,4,1,1,1,3,0,1,0
398541,4090,0.0,5.0,0.0,14,4,1,4,13,0,1,0
398708,2565,0.0,0.0,0.0,6,3,1,1,5,0,1,0
399416,1978,0.0,2.0,1.0,15,7,2,2,13,1,1,0
399632,4026,0.0,3.0,0.0,7,2,2,1,6,0,1,0
399744,4173,0.0,4.0,1.0,6,5,4,4,5,0,1,0
399871,606,0.0,6.0,0.0,83,35,12,12,80,0,1,2
399967,4044,0.0,2.0,0.0,26,16,5,1,18,0,3,5
400030,102,0.0,4.0,0.0,3,1,1,1,2,0,1,0
400322,2935,0.0,3.0,1.0,4,1,1,2,2,0,1,1
400342,4009,0.0,0.0,0.0,1,1,1,1,0,0,1,0
400383,946,0.0,5.0,0.0,4,2,2,1,3,0,1,0
400413,4170,1.0,0.0,0.0,5,3,1,1,3,0,2,0
400493,3063,0.0,0.0,null,2,1,1,1,0,0,2,0
400651,2900,0.0,0.0,0.0,11,2,2,1,10,0,1,0
400739,1451,0.0,3.0,0.0,7,1,1,3,6,0,1,0
400767,4287,0.0,4.0,0.0,7,4,4,1,5,0,2,0
401188,4110,0.0,2.0,1.0,2,1,1,1,1,0,1,0
401244,4427,0.0,4.0,1.0,9,3,3,3,7,0,2,0
401413,10,0.0,6.0,1.0,1,1,1,1,0,0,1,0
402380,731,0.0,0.0,1.0,13,6,1,4,12,0,1,0
402482,2720,0.0,0.0,0.0,1,1,1,1,0,0,1,0
402654,3205,0.0,0.0,1.0,27,9,2,2,10,0,1,16
402754,4039,0.0,6.0,0.0,5,2,1,2,2,0,3,0
402802,1190,0.0,0.0,0.0,12,8,4,4,4,0,5,3
403417,3968,0.0,3.0,1.0,2,1,1,1,1,0,1,0
403538,3005,0.0,2.0,0.0,8,6,3,1,7,0,1,0
403585,777,0.0,3.0,0.0,12,8,4,2,11,0,1,0
403641,669,0.0,3.0,1.0,3,1,1,1,2,0,1,0
403907,141,0.0,2.0,0.0,3,1,1,2,0,0,1,2
404098,862,0.0,0.0,1.0,32,21,13,1,25,0,6,1
404476,2592,0.0,4.0,1.0,5,1,1,2,4,0,1,0
40467,1133,0.0,4.0,1.0,7,2,2,1,6,0,1,0
404817,2511,0.0,0.0,0.0,6,4,3,1,4,0,2,0
404877,1357,0.0,4.0,0.0,9,5,3,2,8,0,1,0
40569,3828,0.0,3.0,0.0,4,3,3,1,2,0,2,0
405906,3734,0.0,0.0,1.0,8,1,1,2,7,0,1,0
406000,4336,0.0,5.0,0.0,5,1,1,2,4,0,1,0
40622,4198,1.0,0.0,1.0,3,2,1,1,2,0,1,0
406569,3392,0.0,0.0,1.0,2,1,1,1,1,0,1,0
406694,1131,0.0,3.0,0.0,2,1,1,1,0,0,2,0
406875,3176,0.0,2.0,0.0,11,1,1,1,10,0,1,0
407022,1131,0.0,5.0,1.0,2,1,1,1,1,0,1,0
407302,2448,0.0,4.0,2.0,3,1,1,1,1,0,2,0
407814,4722,0.0,2.0,0.0,2,1,1,1,1,0,1,0
408222,606,0.0,0.0,0.0,18,6,3,2,16,1,1,0
408844,1407,1.0,0.0,1.0,4,3,1,2,2,1,1,0
409153,4044,0.0,7.0,0.0,11,1,1,1,10,0,1,0
409331,2031,0.0,5.0,1.0,2,1,1,1,1,0,1,0
40956,4966,0.0,6.0,0.0,1,1,1,1,0,0,1,0
410213,1760,0.0,5.0,2.0,21,12,2,2,20,0,1,0
410270,3965,0.0,0.0,0.0,3,1,1,1,2,0,1,0
410457,4287,0.0,0.0,0.0,2,2,2,2,1,0,1,0
410469,2011,0.0,6.0,1.0,15,1,1,2,13,0,1,1
410923,321,0.0,0.0,0.0,12,2,1,2,10,0,1,1
4110,3766,0.0,3.0,0.0,3,1,1,1,2,0,1,0
411175,414,0.0,6.0,0.0,23,3,2,4,22,0,1,0
411394,4765,0.0,2.0,0.0,2,1,1,1,1,0,1,0
41145,3971,0.0,3.0,0.0,4,2,1,3,3,0,1,0
41149,1892,0.0,4.0,0.0,19,6,2,1,15,0,4,0
411983,4281,0.0,0.0,0.0,1,1,1,1,0,0,1,0
412460,1861,0.0,0.0,1.0,2,1,1,1,1,0,1,0
412505,685,0.0,6.0,0.0,16,9,4,1,15,0,1,0
412838,4043,0.0,4.0,1.0,3,1,1,1,2,0,1,0
413127,1742,0.0,4.0,0.0,1,1,1,1,0,0,1,0
413394,2569,0.0,null,null,12,5,1,2,11,0,1,0
413495,4919,0.0,0.0,1.0,6,1,1,1,5,0,1,0
414090,3734,0.0,5.0,1.0,78,29,9,2,76,0,2,0
414347,4044,0.0,2.0,0.0,33,10,2,6,31,0,1,1
414878,1922,0.0,4.0,0.0,12,7,2,1,10,0,2,0
415398,586,1.0,0.0,0.0,34,25,13,7,17,0,4,13
415849,798,0.0,4.0,0.0,3,2,2,1,2,0,1,0
415868,2537,1.0,3.0,0.0,9,5,3,1,7,0,2,0
41610,2988,0.0,0.0,0.0,2,1,1,2,1,0,1,0
416526,773,0.0,4.0,1.0,3,1,1,2,1,0,1,1
416767,2482,0.0,3.0,1.0,4,1,1,1,3,0,1,0
416795,4659,0.0,3.0,0.0,3,2,1,2,2,0,1,0
417243,508,0.0,3.0,1.0,6,1,1,1,5,0,1,0
417317,3323,0.0,2.0,0.0,15,3,1,7,12,0,1,2
417652,2255,0.0,4.0,1.0,9,2,1,1,7,1,1,0
417970,4760,0.0,null,null,4,2,1,2,3,0,1,0
418020,1530,0.0,3.0,0.0,2,1,1,1,1,0,1,0
418385,1500,0.0,0.0,1.0,16,4,4,3,15,0,1,0
418959,4976,0.0,3.0,0.0,21,11,4,5,19,0,1,1
419055,1833,0.0,4.0,1.0,5,2,1,2,2,0,2,1
419121,4118,0.0,6.0,0.0,4,2,1,1,3,0,1,0
419221,1049,0.0,3.0,0.0,8,2,2,2,6,0,2,0
419644,3161,0.0,0.0,0.0,8,1,1,1,6,0,1,1
420505,1557,0.0,5.0,0.0,1,1,1,1,0,0,1,0
420954,3578,0.0,3.0,0.0,6,3,1,2,5,0,1,0
421144,3579,0.0,4.0,0.0,7,2,1,2,6,0,1,0
421315,2047,0.0,0.0,0.0,11,7,5,3,9,0,1,1
421620,1884,0.0,3.0,1.0,5,3,2,2,4,0,1,0
421640,403,0.0,2.0,1.0,3,1,1,2,1,0,1,1
421899,1310,0.0,0.0,1.0,3,1,1,1,2,0,1,0
422352,1692,0.0,6.0,0.0,17,3,1,4,15,0,2,0
422586,794,0.0,4.0,0.0,2,1,1,1,1,0,1,0
42314,63,0.0,0.0,0.0,18,1,1,2,17,0,1,0
423454,3273,0.0,2.0,0.0,3,1,1,1,1,0,2,0
423629,4325,0.0,2.0,1.0,4,1,1,1,3,0,1,0
424008,2883,0.0,3.0,0.0,5,1,1,1,3,0,1,1
424074,1890,0.0,0.0,0.0,4,1,1,1,3,0,1,0
424131,1340,0.0,4.0,0.0,11,4,4,2,9,0,2,0
42475,4876,0.0,3.0,0.0,3,1,1,1,2,0,1,0
42928,2500,0.0,4.0,0.0,2,1,1,1,1,0,1,0
43057,1470,0.0,3.0,0.0,5,2,1,2,4,0,1,0
43657,1983,1.0,3.0,0.0,3,1,1,1,2,0,1,0
44489,121,0.0,0.0,0.0,3,1,1,1,2,0,1,0
4474,4949,0.0,6.0,0.0,25,14,5,7,22,0,1,2
44929,3887,0.0,4.0,1.0,18,13,6,1,15,0,3,0
45761,4826,0.0,5.0,0.0,1,1,1,1,0,0,1,0
464,4234,0.0,6.0,0.0,4,1,1,1,3,0,1,0
468,3230,0.0,3.0,0.0,2,1,1,1,1,0,1,0
4741,2981,0.0,4.0,0.0,5,3,2,1,4,0,1,0
47571,3462,0.0,2.0,0.0,8,3,1,2,7,0,1,0
48280,1997,0.0,3.0,0.0,3,1,1,1,2,0,1,0
4850,4217,0.0,0.0,0.0,4,2,2,2,3,0,1,0
48603,323,1.0,6.0,0.0,15,4,1,2,14,0,1,0
49246,2981,0.0,0.0,1.0,2,1,1,1,1,0,1,0
4947,1200,0.0,3.0,0.0,4,1,1,1,3,0,1,0
50196,1346,0.0,3.0,2.0,5,2,1,1,4,0,1,0
50296,2448,0.0,5.0,1.0,3,2,1,1,2,0,1,0
50467,2876,0.0,0.0,0.0,48,14,1,2,46,0,2,0
50472,2720,0.0,3.0,1.0,12,3,1,3,11,0,1,0
50655,4729,0.0,0.0,0.0,33,16,9,2,30,1,2,0
51103,2910,0.0,2.0,1.0,3,1,1,1,2,0,1,0
51452,3828,0.0,4.0,0.0,6,2,1,1,5,0,1,0
51467,4760,0.0,2.0,0.0,1,1,1,1,0,0,1,0
51606,3828,0.0,0.0,1.0,4,2,2,2,2,0,2,0
51770,2639,0.0,6.0,1.0,36,16,6,4,31,0,4,1
51895,598,0.0,3.0,1.0,9,4,2,2,7,0,1,1
51947,542,0.0,3.0,1.0,3,1,1,1,2,0,1,0
52033,4173,0.0,4.0,0.0,9,5,3,3,7,0,1,1
52788,4708,0.0,4.0,0.0,3,1,1,1,2,0,1,0
53267,4976,0.0,3.0,0.0,12,2,2,4,10,0,1,1
53517,2303,0.0,3.0,1.0,5,1,1,1,4,0,1,0
53766,2559,0.0,3.0,0.0,11,5,4,1,10,0,1,0
54583,4044,0.0,3.0,0.0,16,13,7,9,14,0,2,0
55227,3844,0.0,4.0,0.0,12,7,5,2,11,0,1,0
56299,3623,0.0,6.0,0.0,14,6,3,2,13,0,1,0
56306,4847,1.0,0.0,null,70,28,7,3,62,0,3,5
56628,2787,0.0,3.0,1.0,2,1,1,1,1,0,1,0
5675,145,0.0,0.0,0.0,2,1,1,1,1,0,1,0
56842,1412,0.0,6.0,0.0,78,32,3,3,72,0,5,1
57758,4499,0.0,2.0,0.0,3,1,1,1,2,0,1,0
57817,4512,0.0,4.0,1.0,3,2,1,2,2,0,1,0
57951,3085,0.0,4.0,1.0,2,1,1,1,1,0,1,0
59002,1900,0.0,2.0,1.0,3,1,1,1,2,0,1,0
59279,523,0.0,5.0,1.0,13,5,2,3,12,0,1,0
59338,4022,0.0,0.0,0.0,10,4,2,2,7,0,1,2
59949,2131,0.0,5.0,0.0,8,2,1,1,7,0,1,0
59961,3266,0.0,7.0,1.0,13,4,1,2,12,0,1,0
60210,4280,0.0,2.0,0.0,1,1,1,1,0,0,1,0
60550,598,1.0,3.0,1.0,1,1,1,1,0,0,1,0
60648,1353,0.0,3.0,null,7,2,2,2,5,0,1,1
61112,4519,0.0,5.0,0.0,5,2,1,1,4,0,1,0
61535,3205,0.0,0.0,1.0,11,4,1,2,9,0,2,0
61650,4584,0.0,6.0,0.0,2,1,1,1,1,0,1,0
61760,1117,0.0,5.0,0.0,31,12,6,2,26,0,5,0
62074,2403,0.0,4.0,0.0,7,5,1,2,5,0,1,1
62259,1393,1.0,4.0,0.0,14,8,4,4,13,0,1,0
6260,293,0.0,3.0,0.0,8,1,1,3,6,0,1,1
62605,3420,0.0,0.0,0.0,1,1,1,1,0,0,1,0
62952,2611,1.0,0.0,1.0,3,1,1,2,2,0,1,0
6333,3004,0.0,3.0,0.0,9,2,1,4,6,0,1,2
63370,3828,0.0,4.0,0.0,4,1,1,1,3,0,1,0
63496,2403,0.0,3.0,1.0,18,3,1,2,16,0,1,1
64805,3095,0.0,3.0,1.0,2,1,1,1,1,0,1,0
64853,1457,1.0,4.0,1.0,14,6,2,3,13,0,1,0
64952,1031,0.0,4.0,0.0,43,9,2,4,41,0,1,1
65107,4536,0.0,2.0,0.0,25,13,1,1,22,0,3,0
65375,2242,0.0,5.0,1.0,23,13,6,3,15,0,7,1
65384,2447,0.0,3.0,1.0,14,6,1,2,13,0,1,0
65509,1892,0.0,4.0,0.0,1,1,1,1,0,0,1,0
65645,3484,0.0,0.0,1.0,11,5,1,1,10,0,1,0
65674,4076,0.0,5.0,1.0,6,2,1,1,5,0,1,0
66363,3835,0.0,5.0,1.0,18,6,3,3,16,1,1,0
67131,1340,0.0,3.0,0.0,6,5,1,2,3,0,1,2
67469,3986,0.0,6.0,1.0,4,3,3,2,3,0,1,0
67569,127,0.0,0.0,0.0,6,1,1,2,3,1,2,0
67784,4049,0.0,3.0,1.0,8,3,2,2,3,0,2,3
68009,1948,0.0,4.0,0.0,10,5,2,2,8,0,2,0
68022,1102,0.0,3.0,1.0,5,2,2,3,4,0,1,0
68283,2577,0.0,4.0,0.0,16,1,1,4,14,0,1,1
68669,2273,0.0,6.0,0.0,7,5,1,2,6,0,1,0
68757,1999,0.0,4.0,0.0,9,1,1,2,8,0,1,0
69100,219,0.0,0.0,0.0,5,2,1,1,3,0,1,1
69568,2537,0.0,8.0,null,6,3,1,1,5,0,1,0
6967,3159,0.0,0.0,2.0,6,2,1,1,4,0,2,0
69769,1484,0.0,4.0,0.0,7,1,1,1,6,0,1,0
70195,412,0.0,2.0,0.0,9,5,2,2,7,0,1,1
7038,4044,0.0,4.0,0.0,6,6,4,1,0,0,2,4
70681,3687,0.0,4.0,0.0,5,1,1,1,2,0,3,0
71218,3986,0.0,3.0,1.0,3,1,1,1,2,0,1,0
71313,2401,0.0,6.0,0.0,9,4,1,1,8,0,1,0
71348,4571,0.0,3.0,0.0,4,3,1,1,3,0,1,0
71521,2582,0.0,0.0,0.0,37,9,1,1,36,0,1,0
71566,4043,0.0,2.0,0.0,6,4,2,1,4,0,2,0
73155,4282,0.0,3.0,1.0,30,21,6,4,28,0,1,1
7382,3085,0.0,0.0,0.0,13,4,2,3,11,0,2,0
7429,2546,0.0,2.0,0.0,4,1,1,2,2,0,1,1
74509,4173,0.0,6.0,0.0,9,2,2,2,8,0,1,0
74688,3826,1.0,4.0,1.0,8,1,1,2,7,0,1,0
74710,2303,0.0,3.0,0.0,17,5,1,2,14,0,1,2
75187,4760,0.0,3.0,1.0,32,16,5,2,23,0,2,7
756,1384,0.0,2.0,1.0,4,1,1,1,3,0,1,0
7573,4394,0.0,0.0,1.0,5,1,1,1,4,0,1,0
75822,2403,0.0,4.0,0.0,18,8,3,3,14,0,2,2
75948,3578,0.0,3.0,0.0,5,2,1,2,4,0,1,0
76072,793,0.0,5.0,1.0,3,1,1,3,2,0,1,0
76121,3828,1.0,0.0,0.0,23,14,7,7,20,0,1,2
7653,2273,1.0,4.0,0.0,7,3,1,1,6,0,1,0
7698,35,0.0,3.0,1.0,6,3,3,1,5,0,1,0
77003,1102,0.0,3.0,0.0,24,14,7,3,19,0,1,4
77106,1892,1.0,0.0,0.0,2,2,2,1,0,0,2,0
77138,4444,0.0,0.0,0.0,6,4,1,2,4,0,2,0
78040,1918,0.0,4.0,0.0,19,8,2,2,18,0,1,0
78113,402,0.0,0.0,0.0,4,2,1,1,3,0,1,0
78227,1761,0.0,4.0,0.0,9,1,1,1,8,0,1,0
78372,386,0.0,4.0,0.0,12,7,1,2,11,0,1,0
78398,241,0.0,3.0,0.0,6,1,1,1,5,0,1,0
78541,4044,0.0,3.0,1.0,3,1,1,1,2,0,1,0
78812,3965,0.0,4.0,0.0,12,4,2,1,8,0,4,0
79769,4808,0.0,3.0,1.0,1,1,1,1,0,0,1,0
79950,3345,0.0,4.0,0.0,10,2,2,3,8,0,2,0
80212,4173,0.0,3.0,0.0,15,10,5,4,13,0,1,1
80235,3420,0.0,6.0,0.0,16,8,3,2,14,0,2,0
80374,1357,1.0,5.0,1.0,4,1,1,1,2,0,2,0
80569,2786,0.0,6.0,0.0,14,5,1,3,13,0,1,0
80592,2569,0.0,4.0,0.0,23,18,3,3,18,0,3,2
80609,1884,0.0,0.0,0.0,2,1,1,1,1,0,1,0
80776,4048,0.0,2.0,0.0,3,2,2,2,2,0,1,0
80826,4157,0.0,0.0,null,3,1,1,1,2,0,1,0
81469,1618,0.0,6.0,0.0,18,10,3,1,16,0,2,0
82017,3644,0.0,3.0,0.0,3,1,1,1,2,0,1,0
82119,2904,0.0,0.0,0.0,29,4,1,3,28,0,1,0
8224,3734,0.0,2.0,1.0,40,9,4,4,37,0,2,1
82327,4764,0.0,0.0,1.0,12,4,1,2,11,0,1,0
82417,4976,0.0,2.0,0.0,23,9,6,3,20,0,3,0
82472,3635,0.0,6.0,0.0,3,1,1,1,2,0,1,0
82599,3622,0.0,4.0,1.0,2,1,1,1,1,0,1,0
83178,606,0.0,4.0,0.0,98,71,12,16,80,0,1,17
83430,3965,0.0,2.0,0.0,5,2,1,2,4,0,1,0
83664,1393,1.0,3.0,0.0,66,44,8,5,64,0,1,1
84277,4850,0.0,5.0,0.0,12,4,1,4,10,0,1,1
84844,3727,1.0,2.0,0.0,45,7,1,2,42,0,2,1
85392,1713,0.0,3.0,1.0,5,5,4,2,0,0,3,2
85527,4926,0.0,4.0,1.0,9,1,1,3,7,0,1,1
86247,3472,0.0,3.0,0.0,1,1,1,1,0,0,1,0
86720,2928,0.0,0.0,0.0,8,2,2,1,7,0,1,0
87663,1618,0.0,3.0,0.0,2,1,1,2,1,0,1,0
88204,3420,0.0,4.0,0.0,8,2,1,2,7,0,1,0
88625,361,1.0,6.0,1.0,2,1,1,1,1,0,1,0
88921,4039,0.0,0.0,0.0,8,1,1,2,7,0,1,0
89042,1494,0.0,6.0,1.0,3,2,1,1,2,0,1,0
89768,1356,0.0,4.0,0.0,6,2,1,1,5,0,1,0
90077,3734,0.0,3.0,0.0,27,13,6,7,23,0,1,3
90219,262,0.0,2.0,1.0,2,1,1,2,0,0,1,1
9029,2031,0.0,0.0,1.0,3,1,1,1,2,0,1,0
90536,1481,0.0,0.0,1.0,18,5,2,1,17,0,1,0
90689,2537,0.0,4.0,0.0,6,3,2,1,5,0,1,0
90981,3057,0.0,0.0,0.0,5,1,1,3,4,0,1,0
91196,4427,0.0,3.0,0.0,11,3,1,3,9,0,1,1
91231,1825,0.0,0.0,0.0,4,3,2,1,3,0,1,0
91450,4044,0.0,2.0,0.0,7,4,3,2,5,0,2,0
91802,3444,0.0,3.0,1.0,20,2,1,1,19,0,1,0
93248,1393,0.0,4.0,0.0,31,26,9,3,29,0,1,1
93672,3319,0.0,3.0,1.0,4,1,1,1,3,0,1,0
94136,2343,0.0,3.0,0.0,4,1,1,2,3,0,1,0
94306,4966,0.0,4.0,1.0,4,3,2,1,3,0,1,0
94435,1102,0.0,3.0,0.0,1,1,1,1,0,0,1,0
95188,606,0.0,3.0,0.0,3,1,1,1,2,0,1,0
956,4724,0.0,3.0,0.0,7,3,1,1,5,0,1,1
97043,4504,0.0,4.0,0.0,14,3,1,2,13,0,1,0
97064,4818,0.0,5.0,0.0,9,3,2,2,7,0,2,0
97205,3103,0.0,6.0,0.0,15,3,1,3,13,0,1,1
97226,4050,0.0,3.0,0.0,1,1,1,1,0,0,1,0
97438,914,0.0,3.0,0.0,13,1,1,3,12,0,1,0
97886,3865,0.0,4.0,0.0,2,1,1,1,1,0,1,0
98286,1339,0.0,4.0,1.0,7,2,1,1,6,0,1,0
98519,547,0.0,3.0,0.0,13,2,1,5,10,0,1,2
9865,4966,0.0,4.0,1.0,3,2,1,2,0,0,1,2
98683,4079,0.0,4.0,0.0,3,2,1,1,0,0,3,0
99070,2403,0.0,5.0,0.0,6,3,1,4,2,0,2,2
99181,2459,0.0,0.0,0.0,8,2,2,1,7,0,1,0
99205,1890,0.0,3.0,0.0,7,2,2,5,4,0,1,2
99639,3152,0.0,0.0,0.0,75,26,2,2,72,0,3,0
