100058,1182,0.0,6.0,null,6,1,1,2,4,0,1,1
100153,1102,1.0,3.0,0.0,6,4,1,1,5,0,1,0
100359,4659,0.0,3.0,0.0,3,2,2,1,2,0,1,0
100510,798,0.0,3.0,0.0,18,5,3,3,14,0,3,1
100823,1332,1.0,8.0,1.0,41,5,1,4,34,0,1,6
100939,3136,0.0,0.0,0.0,17,5,4,5,13,1,1,2
101203,2269,0.0,2.0,0.0,12,7,2,1,4,0,1,7
101885,2565,0.0,6.0,0.0,7,1,1,4,6,0,1,0
102003,3102,0.0,5.0,0.0,8,2,2,3,7,0,1,0
102507,2145,0.0,3.0,1.0,6,1,1,1,5,0,1,0
102712,3968,0.0,0.0,0.0,11,7,6,2,10,0,1,0
10274,4744,0.0,2.0,0.0,8,3,1,1,7,0,1,0
103285,2403,0.0,4.0,0.0,2,2,2,1,0,0,2,0
103378,1948,0.0,5.0,0.0,1,1,1,1,0,0,1,0
104148,4291,0.0,4.0,0.0,1,1,1,1,0,0,1,0
104567,1923,0.0,3.0,0.0,6,3,1,1,4,0,2,0
10496,2255,1.0,4.0,1.0,6,2,1,1,5,0,1,0
105116,1310,0.0,3.0,0.0,4,3,3,2,3,0,1,0
105145,4324,0.0,4.0,0.0,2,1,1,1,1,0,1,0
105191,276,0.0,0.0,0.0,3,1,1,1,2,0,1,0
105471,1742,0.0,4.0,1.0,11,3,1,2,10,0,1,0
105607,4173,0.0,3.0,0.0,11,1,1,4,10,0,1,0
105825,3979,0.0,3.0,1.0,1,1,1,1,0,0,1,0
106117,4775,0.0,4.0,0.0,17,4,2,3,15,0,2,0
106211,1833,0.0,7.0,0.0,38,15,2,2,35,0,3,0
106637,1816,0.0,0.0,0.0,2,1,1,2,1,0,1,0
107499,1131,0.0,3.0,0.0,16,7,4,2,15,0,1,0
108260,598,0.0,2.0,1.0,15,3,1,3,14,0,1,0
108299,1487,1.0,3.0,1.0,6,2,1,1,5,0,1,0
108551,1520,0.0,0.0,0.0,5,2,2,2,4,0,1,0
109748,1892,0.0,4.0,1.0,24,16,6,2,17,0,7,0
110050,598,1.0,3.0,1.0,17,8,4,5,15,0,1,1
110466,3734,0.0,5.0,1.0,8,2,1,3,6,0,1,1
110468,4009,1.0,0.0,0.0,138,41,6,13,136,0,1,1
110619,4044,0.0,3.0,0.0,29,15,7,6,23,0,1,5
110808,358,0.0,5.0,1.0,5,1,1,1,4,0,1,0
11113,4044,0.0,3.0,0.0,19,9,6,6,17,0,1,1
111362,2821,0.0,3.0,1.0,4,1,1,1,3,0,1,0
111457,3191,0.0,2.0,0.0,3,1,1,3,1,0,1,1
111638,3941,0.0,3.0,0.0,2,1,1,2,1,0,1,0
111834,4015,0.0,3.0,0.0,4,1,1,1,3,0,1,0
111943,227,0.0,4.0,0.0,22,7,2,1,21,0,1,0
113030,2799,0.0,7.0,null,2,1,1,1,1,0,1,0
113168,1685,0.0,2.0,0.0,3,1,1,1,2,0,1,0
11322,1895,0.0,0.0,0.0,6,3,1,1,4,0,2,0
114152,3614,0.0,5.0,1.0,4,2,1,1,3,0,1,0
114226,3266,0.0,3.0,1.0,3,1,1,1,2,0,1,0
114431,3965,0.0,0.0,0.0,3,1,1,1,2,0,1,0
114563,3971,0.0,null,null,2,1,1,1,1,0,1,0
114652,1840,0.0,4.0,0.0,2,1,1,1,1,0,1,0
115064,412,0.0,2.0,0.0,93,60,19,4,88,0,1,4
115809,4336,0.0,6.0,0.0,6,2,1,2,4,0,1,1
116422,1464,0.0,6.0,0.0,3,1,1,1,2,0,1,0
116487,4420,0.0,6.0,0.0,1,1,1,1,0,0,1,0
11681,547,0.0,0.0,1.0,9,2,1,1,8,0,1,0
116883,2031,0.0,5.0,0.0,3,1,1,1,2,0,1,0
117411,3410,0.0,5.0,0.0,3,1,1,1,2,0,1,0
117413,1375,0.0,2.0,0.0,4,3,3,1,3,0,1,0
117629,2721,0.0,6.0,0.0,68,28,3,9,61,0,2,5
118108,3350,0.0,0.0,0.0,4,2,1,1,3,0,1,0
118497,141,0.0,3.0,0.0,24,13,7,3,23,0,1,0
118689,4950,0.0,0.0,0.0,7,4,3,2,4,0,3,0
118707,2403,0.0,6.0,0.0,39,29,5,2,36,0,3,0
118910,2279,0.0,3.0,0.0,10,3,2,1,8,0,2,0
119617,1168,0.0,4.0,0.0,1,1,1,1,0,0,1,0
120203,2879,0.0,5.0,0.0,2,1,1,1,0,0,2,0
120345,1145,0.0,0.0,0.0,11,3,2,2,7,3,1,0
120581,643,0.0,8.0,1.0,24,14,6,3,19,0,3,2
120784,3693,0.0,0.0,1.0,2,1,1,1,1,0,1,0
120954,4732,0.0,3.0,1.0,4,2,1,1,3,0,1,0
121212,2501,0.0,3.0,0.0,15,7,3,3,13,0,2,0
121266,2031,0.0,2.0,null,5,3,1,2,4,0,1,0
121276,4256,0.0,0.0,0.0,20,5,2,3,17,0,1,2
121368,2952,1.0,5.0,0.0,3,1,1,1,2,0,1,0
121469,2361,1.0,3.0,0.0,2,1,1,1,1,0,1,0
12153,817,0.0,4.0,0.0,2,1,1,2,1,0,1,0
122408,4287,0.0,4.0,1.0,3,1,1,1,2,0,1,0
122471,4287,0.0,4.0,0.0,12,8,3,2,8,0,4,0
123081,4394,1.0,0.0,0.0,3,1,1,1,0,0,2,1
123588,804,0.0,4.0,0.0,8,5,3,1,7,0,1,0
124287,1399,0.0,5.0,0.0,7,1,1,4,6,0,1,0
124315,4394,0.0,4.0,1.0,6,1,1,1,4,0,2,0
124520,3961,0.0,0.0,0.0,7,2,2,1,5,0,2,0
124677,4361,0.0,0.0,0.0,3,1,1,1,2,0,1,0
124682,1585,0.0,4.0,2.0,8,4,3,1,7,0,1,0
124999,2565,0.0,6.0,0.0,1,1,1,1,0,0,1,0
125398,1190,0.0,3.0,1.0,7,1,1,2,4,0,2,1
125542,1166,0.0,4.0,0.0,22,7,3,2,20,0,2,0
125711,4481,0.0,0.0,1.0,10,1,1,2,9,0,1,0
126097,687,0.0,4.0,0.0,1,1,1,1,0,0,1,0
126551,2928,0.0,4.0,1.0,2,1,1,1,1,0,1,0
126565,2821,0.0,2.0,1.0,5,1,1,2,3,0,1,1
12697,2562,1.0,3.0,1.0,4,2,1,1,2,0,2,0
127226,1393,0.0,3.0,0.0,49,33,5,3,15,0,2,32
127407,1964,0.0,0.0,0.0,4,1,1,1,3,0,1,0
127660,3828,0.0,7.0,0.0,6,5,3,2,0,0,1,5
127840,2821,0.0,6.0,1.0,7,2,2,2,5,0,2,0
128074,598,0.0,4.0,0.0,8,2,2,1,6,0,2,0
12893,1126,1.0,6.0,0.0,26,17,7,2,25,0,1,0
129017,2435,0.0,3.0,1.0,2,1,1,1,1,0,1,0
129659,1340,0.0,6.0,0.0,34,18,3,2,29,1,4,0
129804,2579,0.0,6.0,0.0,3,1,1,1,2,0,1,0
130815,2025,0.0,6.0,1.0,11,3,1,1,9,0,2,0
131399,1816,0.0,0.0,1.0,39,14,6,6,35,0,1,3
131588,4044,0.0,4.0,null,4,1,1,1,3,0,1,0
131983,2403,0.0,5.0,1.0,4,1,1,2,3,0,1,0
132317,3613,0.0,3.0,0.0,5,1,1,1,4,0,1,0
132335,684,0.0,3.0,0.0,26,13,7,4,24,0,2,0
132361,4525,0.0,0.0,0.0,5,1,1,1,4,0,1,0
132537,3925,0.0,3.0,0.0,6,1,1,2,5,0,1,0
132701,4976,0.0,0.0,0.0,20,6,2,1,18,0,2,0
133296,4605,0.0,0.0,0.0,4,2,1,1,3,0,1,0
133525,4171,0.0,6.0,0.0,2,1,1,1,1,0,1,0
133620,1892,0.0,3.0,0.0,80,29,12,4,65,0,7,8
133794,2159,0.0,4.0,0.0,60,29,9,11,57,0,2,1
133919,3291,0.0,3.0,0.0,6,1,1,2,5,0,1,0
134414,3016,0.0,2.0,1.0,8,2,2,3,7,0,1,0
134849,4248,0.0,2.0,0.0,3,1,1,1,2,0,1,0
134935,2856,0.0,5.0,0.0,2,1,1,1,1,0,1,0
135076,1892,0.0,4.0,0.0,15,4,3,3,11,0,3,1
13554,4079,0.0,3.0,0.0,17,7,3,1,15,0,2,0
136538,3689,0.0,0.0,0.0,3,2,2,1,1,0,2,0
136800,2193,0.0,5.0,2.0,1,1,1,1,0,0,1,0
137104,2991,0.0,0.0,0.0,10,3,1,1,9,0,1,0
137328,2684,0.0,6.0,1.0,7,4,1,1,6,0,1,0
137427,4234,0.0,6.0,0.0,9,4,2,3,8,0,1,0
137852,3013,0.0,3.0,0.0,3,1,1,1,2,0,1,0
13812,4730,0.0,3.0,0.0,3,1,1,1,2,0,1,0
138146,3016,1.0,4.0,1.0,19,10,4,3,18,0,1,0
138164,1346,0.0,3.0,0.0,34,12,1,3,33,0,1,0
138569,323,0.0,5.0,0.0,7,3,1,1,6,0,1,0
138836,132,0.0,3.0,0.0,9,2,1,2,8,0,1,0
13890,2144,0.0,2.0,1.0,3,1,1,1,2,0,1,0
139124,4150,0.0,7.0,0.0,1,1,1,1,0,0,1,0
139663,2093,0.0,2.0,1.0,5,1,1,1,3,0,2,0
139796,2500,1.0,2.0,1.0,9,2,1,2,6,0,2,1
14065,1736,0.0,5.0,0.0,3,2,2,1,2,0,1,0
140671,148,0.0,0.0,0.0,16,12,4,2,15,0,1,0
140873,3374,0.0,3.0,0.0,44,18,3,1,43,0,1,0
141286,3936,0.0,2.0,0.0,1,1,1,1,0,0,1,0
14170,2193,0.0,2.0,0.0,2,1,1,1,1,0,1,0
142555,2537,0.0,6.0,0.0,2,2,2,2,0,0,1,1
142802,1557,0.0,3.0,1.0,3,1,1,1,2,0,1,0
143428,1943,0.0,5.0,0.0,1,1,1,1,0,0,1,0
144374,2162,0.0,0.0,1.0,14,5,1,3,12,1,1,0
144737,168,0.0,4.0,0.0,12,8,4,1,10,0,2,0
144838,625,0.0,7.0,0.0,11,5,1,1,10,0,1,0
144893,168,0.0,3.0,1.0,8,4,3,1,4,0,4,0
145116,3471,0.0,3.0,0.0,5,1,1,2,3,0,1,1
145255,416,0.0,4.0,0.0,7,4,3,2,4,0,3,0
145819,3319,0.0,3.0,1.0,13,3,1,4,8,0,2,3
14591,742,0.0,5.0,1.0,9,2,2,2,6,0,2,1
146363,3271,1.0,4.0,1.0,4,2,2,2,2,0,1,1
146383,4976,0.0,0.0,0.0,15,1,1,2,14,0,1,0
146574,3819,0.0,3.0,0.0,11,2,1,2,10,0,1,0
146903,4848,0.0,4.0,0.0,7,3,2,1,4,0,3,0
147865,4173,0.0,0.0,0.0,28,8,4,6,21,0,1,6
14846,3173,0.0,2.0,1.0,5,1,1,2,4,0,1,0
148665,1134,0.0,3.0,0.0,6,1,1,2,5,0,1,0
148923,2014,0.0,3.0,1.0,6,3,2,1,5,0,1,0
149318,416,0.0,4.0,0.0,7,7,2,2,0,0,5,2
149585,1501,0.0,2.0,0.0,2,1,1,1,1,0,1,0
149953,587,1.0,5.0,0.0,4,1,1,1,3,0,1,0
15048,2026,0.0,2.0,1.0,7,2,2,1,6,0,1,0
150587,594,0.0,0.0,0.0,3,1,1,1,2,0,1,0
150952,2031,0.0,0.0,null,9,3,1,2,8,0,1,0
151253,614,0.0,3.0,1.0,2,1,1,1,1,0,1,0
152048,1393,0.0,4.0,0.0,26,15,7,2,23,0,3,0
152123,1425,0.0,2.0,1.0,2,1,1,1,1,0,1,0
152363,3289,0.0,3.0,0.0,5,2,1,1,4,0,1,0
152993,121,1.0,5.0,1.0,29,12,2,2,27,0,2,0
153991,4921,0.0,6.0,0.0,8,3,1,2,7,0,1,0
154047,1102,0.0,3.0,2.0,12,9,4,2,11,0,1,0
154058,2473,0.0,2.0,1.0,2,2,2,1,0,0,2,0
154354,729,1.0,0.0,0.0,2,1,1,2,0,0,1,1
154711,1393,0.0,3.0,0.0,17,9,3,2,16,0,1,0
155161,10,0.0,6.0,0.0,11,1,1,1,10,0,1,0
155186,2565,1.0,4.0,0.0,2,1,1,1,1,0,1,0
155443,4787,0.0,3.0,0.0,4,1,1,1,3,0,1,0
1556,1760,0.0,2.0,0.0,5,1,1,1,3,0,2,0
15591,2613,0.0,2.0,0.0,2,1,1,1,1,0,1,0
155947,1710,0.0,4.0,1.0,5,1,1,2,4,0,1,0
156618,2501,0.0,0.0,1.0,2,1,1,1,1,0,1,0
156791,862,0.0,4.0,0.0,5,2,1,1,3,0,2,0
157002,4129,0.0,3.0,0.0,2,2,2,1,0,0,1,1
157080,66,0.0,3.0,0.0,1,1,1,1,0,0,1,0
157611,2173,0.0,4.0,1.0,12,1,1,1,11,0,1,0
157859,2602,1.0,3.0,0.0,34,22,8,3,32,0,1,1
157909,4186,0.0,7.0,0.0,30,11,1,2,29,0,1,0
158301,3809,0.0,5.0,0.0,11,2,2,1,9,0,2,0
158730,4361,0.0,2.0,0.0,8,1,1,1,6,0,1,1
158733,2596,0.0,6.0,0.0,2,2,2,1,0,0,2,0
158891,3236,0.0,0.0,0.0,5,5,1,2,4,0,1,0
15891,2082,0.0,3.0,0.0,45,9,2,12,42,0,2,1
159377,3984,0.0,5.0,0.0,34,11,3,4,29,2,3,0
159790,1722,0.0,0.0,0.0,7,1,1,1,6,0,1,0
16005,2821,0.0,4.0,0.0,3,1,1,1,2,0,1,0
160266,2277,0.0,3.0,1.0,2,1,1,1,1,0,1,0
160833,3105,0.0,3.0,0.0,15,7,3,4,13,0,2,0
160961,1464,0.0,2.0,1.0,3,1,1,1,2,0,1,0
161381,3444,0.0,2.0,0.0,3,1,1,2,2,0,1,0
161719,1618,0.0,3.0,0.0,24,8,4,1,21,0,3,0
162279,4985,0.0,4.0,1.0,3,1,1,1,2,0,1,0
162295,2273,0.0,5.0,0.0,26,8,1,7,22,0,1,3
162444,742,0.0,0.0,0.0,4,3,2,1,3,0,1,0
162567,2051,0.0,2.0,0.0,1,1,1,1,0,0,1,0
162979,1556,1.0,0.0,0.0,6,1,1,2,3,0,2,1
163799,4775,1.0,0.0,0.0,14,9,2,4,12,0,1,1
164219,3266,0.0,6.0,1.0,3,1,1,2,2,0,1,0
164600,3828,0.0,0.0,1.0,9,5,2,2,6,0,1,2
16481,4049,0.0,2.0,0.0,1,1,1,1,0,0,1,0
165251,4818,0.0,3.0,1.0,19,8,4,2,18,0,1,0
165438,606,0.0,4.0,0.0,2,1,1,1,1,0,1,0
165578,2,0.0,3.0,0.0,5,1,1,2,3,0,1,1
165607,4847,1.0,3.0,0.0,7,6,3,2,0,0,2,5
16583,2221,0.0,5.0,0.0,7,3,1,1,6,0,1,0
165992,3558,0.0,0.0,0.0,3,1,1,1,2,0,1,0
16694,3160,0.0,6.0,0.0,4,1,1,1,3,0,1,0
16715,2397,0.0,0.0,0.0,11,8,4,2,10,0,1,0
167758,170,0.0,3.0,0.0,10,1,1,4,9,0,1,0
167945,1102,0.0,3.0,1.0,8,3,2,1,7,0,1,0
167949,3350,0.0,4.0,0.0,12,2,1,4,9,0,1,2
167986,4044,0.0,3.0,0.0,4,1,1,1,3,0,1,0
168069,1500,0.0,0.0,1.0,23,9,4,6,18,1,1,3
168160,1840,0.0,0.0,0.0,3,1,1,2,2,0,1,0
16854,594,0.0,0.0,0.0,6,1,1,2,5,0,1,0
169172,205,0.0,5.0,0.0,5,2,1,1,4,0,1,0
169675,2208,0.0,0.0,null,3,1,1,1,1,0,2,0
170096,3635,0.0,3.0,0.0,5,2,1,1,4,0,1,0
170513,361,0.0,0.0,0.0,20,7,1,3,18,0,1,1
171977,2051,0.0,2.0,0.0,7,2,1,1,6,0,1,0
17252,3022,0.0,8.0,0.0,7,3,1,1,6,0,1,0
172995,1276,0.0,6.0,0.0,5,2,1,1,4,0,1,0
173704,963,0.0,3.0,1.0,19,5,2,3,17,0,2,0
173721,1890,0.0,5.0,0.0,2,2,1,2,1,0,1,0
174040,2318,0.0,0.0,1.0,4,2,1,1,3,0,1,0
174094,4976,0.0,5.0,0.0,12,11,2,1,11,0,1,0
174174,129,0.0,4.0,0.0,5,1,1,2,4,0,1,0
17421,2864,1.0,5.0,0.0,19,8,2,2,18,0,1,0
174245,685,0.0,0.0,1.0,9,4,2,2,6,0,2,1
175271,1096,0.0,2.0,1.0,29,5,1,1,28,0,1,0
175448,2175,0.0,3.0,1.0,1,1,1,1,0,0,1,0
175811,2668,0.0,2.0,0.0,3,2,2,1,2,0,1,0
175844,1056,0.0,4.0,0.0,5,1,1,2,3,0,1,1
176465,2976,0.0,4.0,0.0,2,1,1,1,1,0,1,0
176532,747,0.0,0.0,0.0,11,3,1,2,10,0,1,0
176800,4536,0.0,3.0,0.0,8,6,5,1,6,0,2,0
177289,523,0.0,0.0,1.0,2,1,1,1,1,0,1,0
177442,3328,0.0,6.0,0.0,6,3,2,2,5,0,1,0
177701,3771,0.0,4.0,0.0,3,1,1,1,2,0,1,0
177726,1500,0.0,0.0,0.0,2,1,1,1,1,0,1,0
178172,2173,0.0,0.0,0.0,14,5,1,2,12,0,2,0
178327,4048,0.0,2.0,0.0,3,1,1,1,2,0,1,0
178330,4605,0.0,3.0,0.0,46,16,8,9,38,0,4,4
178563,3780,0.0,7.0,0.0,9,2,1,2,4,0,4,1
179235,4228,0.0,2.0,0.0,20,12,3,2,16,0,1,3
179466,3016,0.0,2.0,0.0,2,1,1,1,1,0,1,0
179530,643,0.0,0.0,1.0,5,3,2,1,3,0,2,0
179882,4043,0.0,0.0,0.0,37,10,4,12,36,0,1,0
1802,4039,0.0,2.0,0.0,15,9,1,3,13,0,2,0
180250,1076,0.0,3.0,0.0,3,1,1,2,2,0,1,0
180257,1891,0.0,2.0,0.0,12,3,3,3,10,0,1,1
180373,574,0.0,6.0,1.0,7,4,1,1,4,0,3,0
180433,121,0.0,3.0,1.0,6,1,1,1,5,0,1,0
181215,1166,0.0,6.0,0.0,6,1,1,1,4,0,2,0
181220,3956,0.0,3.0,null,8,5,4,1,6,0,1,1
181243,1346,1.0,5.0,1.0,10,4,1,3,8,0,1,1
181406,4234,0.0,0.0,0.0,38,26,6,2,37,0,1,0
181802,479,0.0,8.0,0.0,3,1,1,1,2,0,1,0
183032,415,0.0,8.0,1.0,2,1,1,1,1,0,1,0
183341,2447,0.0,0.0,1.0,14,6,2,1,13,0,1,0
183890,742,0.0,0.0,0.0,2,1,1,1,1,0,1,0
184027,2217,0.0,2.0,0.0,12,2,1,1,11,0,1,0
184441,3528,0.0,3.0,0.0,6,2,2,1,5,0,1,0
184745,3471,0.0,2.0,0.0,6,3,1,1,4,0,1,1
184885,1102,0.0,3.0,1.0,17,9,5,9,16,0,1,0
185003,1559,0.0,3.0,0.0,23,14,1,5,22,0,1,0
185246,1839,0.0,0.0,1.0,7,6,4,1,6,0,1,0
185377,1833,0.0,0.0,1.0,7,3,1,1,6,0,1,0
186002,1327,0.0,6.0,0.0,21,5,2,3,20,0,1,0
186315,1472,0.0,0.0,1.0,3,1,1,1,1,1,1,0
186458,2173,0.0,6.0,0.0,20,10,1,1,17,0,3,0
186486,1067,0.0,4.0,0.0,12,2,1,2,9,0,1,2
186504,586,0.0,3.0,0.0,13,9,7,2,10,2,1,0
186525,3529,0.0,4.0,1.0,7,4,3,2,6,0,1,0
186704,2529,0.0,5.0,1.0,4,2,1,1,3,0,1,0
18671,4427,0.0,5.0,0.0,9,2,1,3,7,0,1,1
186754,4585,0.0,0.0,1.0,7,3,2,3,6,0,1,0
187163,191,0.0,3.0,0.0,4,1,1,2,2,0,1,1
18737,4048,0.0,2.0,1.0,2,1,1,1,1,0,1,0
187579,2589,0.0,2.0,1.0,4,1,1,1,3,0,1,0
187894,3484,0.0,3.0,1.0,5,2,1,1,4,0,1,0
188484,2537,0.0,5.0,1.0,3,1,1,1,2,0,1,0
188492,1708,0.0,0.0,1.0,11,2,2,2,10,0,1,0
188733,1742,0.0,0.0,0.0,4,1,1,1,3,0,1,0
189069,1472,0.0,4.0,0.0,6,2,1,1,4,0,2,0
189130,1884,0.0,3.0,1.0,5,1,1,2,3,0,1,1
189530,4947,1.0,0.0,0.0,19,7,3,1,14,0,5,0
190060,590,0.0,0.0,1.0,1,1,1,1,0,0,1,0
190280,3609,0.0,3.0,0.0,7,2,1,1,6,0,1,0
191143,1840,0.0,4.0,1.0,16,15,3,2,15,0,1,0
191672,1340,0.0,0.0,0.0,9,3,2,2,8,0,1,0
191821,3500,0.0,5.0,0.0,3,1,1,1,2,0,1,0
191862,1472,0.0,4.0,0.0,6,1,1,1,5,0,1,0
192135,3471,0.0,4.0,0.0,9,3,2,1,8,0,1,0
192414,3893,0.0,4.0,0.0,18,5,1,2,17,0,1,0
192424,1340,0.0,3.0,0.0,15,11,5,2,13,0,2,0
192425,1923,0.0,3.0,1.0,2,1,1,1,1,0,1,0
19268,777,0.0,0.0,0.0,10,5,2,1,9,0,1,0
192767,132,0.0,5.0,0.0,3,2,2,2,2,0,1,0
19298,4789,0.0,4.0,1.0,2,1,1,1,1,0,1,0
193026,2099,0.0,4.0,1.0,1,1,1,1,0,0,1,0
193342,4992,0.0,4.0,0.0,1,1,1,1,0,0,1,0
194105,1183,0.0,3.0,1.0,5,1,1,1,4,0,1,0
194450,4760,0.0,0.0,0.0,11,3,2,5,7,0,4,0
194891,2592,0.0,3.0,1.0,6,1,1,1,5,0,1,0
195309,1248,0.0,0.0,0.0,8,1,1,4,6,0,1,1
195497,4976,0.0,4.0,0.0,4,2,2,2,3,0,1,0
196106,1049,0.0,2.0,1.0,6,1,1,1,5,0,1,0
196246,3159,0.0,3.0,0.0,14,6,3,3,13,0,1,0
196459,4173,0.0,0.0,0.0,23,9,4,5,19,1,2,1
196693,3828,0.0,3.0,0.0,8,4,2,2,7,0,1,0
19722,3875,0.0,3.0,0.0,4,1,1,2,3,0,1,0
19811,4705,0.0,0.0,0.0,1,1,1,1,0,0,1,0
198160,4705,0.0,4.0,0.0,4,3,2,3,2,0,1,1
198815,4584,0.0,2.0,0.0,4,1,1,1,3,0,1,0
198897,1346,1.0,3.0,0.0,3,1,1,1,2,0,1,0
19891,2320,0.0,4.0,0.0,1,1,1,1,0,0,1,0
198949,777,0.0,3.0,0.0,21,11,4,3,19,0,2,0
199085,962,0.0,3.0,0.0,3,1,1,1,2,0,1,0
199089,3098,0.0,null,null,11,2,2,2,9,0,2,0
199649,2128,0.0,4.0,0.0,2,2,2,1,0,0,2,0
200527,3780,0.0,4.0,0.0,8,2,1,1,7,0,1,0
200574,3828,0.0,0.0,0.0,13,8,5,4,12,0,1,0
200576,415,0.0,4.0,0.0,2,1,1,1,0,0,2,0
201388,3623,0.0,2.0,0.0,9,1,1,2,8,0,1,0
201927,127,0.0,2.0,0.0,2,1,1,1,0,0,1,1
202377,1762,0.0,4.0,0.0,14,4,2,1,12,0,2,0
202442,4173,0.0,0.0,0.0,10,3,3,2,7,0,3,0
203112,4044,0.0,6.0,0.0,63,40,10,3,62,0,1,0
20386,2031,0.0,3.0,0.0,2,1,1,1,1,0,1,0
204308,3825,0.0,6.0,0.0,3,1,1,1,2,0,1,0
204508,1618,0.0,5.0,0.0,3,1,1,1,2,0,1,0
204515,1978,0.0,2.0,0.0,5,1,1,2,3,0,1,1
205217,3173,0.0,4.0,0.0,12,4,1,2,10,0,2,0
205500,1963,0.0,6.0,1.0,2,1,1,1,1,0,1,0
205863,4976,0.0,2.0,null,6,1,1,2,4,1,1,0
206645,4427,0.0,0.0,1.0,3,1,1,1,2,0,1,0
206662,2273,0.0,0.0,0.0,3,1,1,1,2,0,1,0
207205,2664,0.0,4.0,0.0,16,7,2,1,15,0,1,0
207709,361,0.0,4.0,0.0,2,2,1,2,0,0,1,1
207727,3828,0.0,6.0,0.0,19,4,4,4,18,0,1,0
207762,4048,0.0,5.0,0.0,6,2,1,1,5,0,1,0
208955,2224,0.0,5.0,0.0,5,4,1,2,4,0,1,0
209204,3956,0.0,2.0,0.0,5,1,1,2,4,0,1,0
209759,2273,0.0,3.0,0.0,1,1,1,1,0,0,1,0
211027,3022,0.0,3.0,0.0,6,1,1,1,5,0,1,0
211039,2273,0.0,4.0,0.0,8,3,1,2,7,0,1,0
211109,4044,0.0,2.0,0.0,58,33,7,2,48,0,2,8
211352,1664,0.0,3.0,0.0,3,2,2,1,2,0,1,0
211438,4585,0.0,4.0,1.0,6,2,1,2,5,0,1,0
211472,4282,0.0,3.0,0.0,4,2,1,1,3,0,1,0
211697,361,0.0,0.0,1.0,7,2,1,1,5,0,1,1
211766,1062,0.0,4.0,1.0,13,6,4,4,10,2,1,0
212407,790,0.0,4.0,1.0,5,3,3,3,1,0,2,2
213188,4173,0.0,3.0,0.0,5,1,1,1,4,0,1,0
213417,2499,0.0,5.0,0.0,7,2,1,3,4,0,1,2
213933,1467,0.0,3.0,0.0,10,2,1,1,9,0,1,0
214469,2511,0.0,4.0,0.0,11,5,2,2,9,0,2,0
214546,1628,0.0,3.0,0.0,36,4,2,5,35,0,1,0
215633,1102,0.0,3.0,0.0,56,16,5,4,55,0,1,0
215704,598,0.0,0.0,0.0,2,1,1,1,1,0,1,0
216045,301,0.0,0.0,0.0,5,1,1,2,3,0,2,0
216048,2639,0.0,0.0,0.0,24,10,5,3,11,0,9,4
216498,4950,0.0,3.0,0.0,2,1,1,1,1,0,1,0
216661,3835,0.0,3.0,0.0,6,3,1,1,5,0,1,0
216707,2269,0.0,2.0,1.0,14,7,2,1,7,0,1,6
21679,1724,0.0,4.0,0.0,6,2,1,3,5,0,1,0
217062,390,0.0,0.0,1.0,8,4,3,4,7,0,1,0
218,3392,0.0,6.0,0.0,2,1,1,1,1,0,1,0
218090,4319,0.0,4.0,0.0,7,7,5,2,2,0,5,0
218110,1509,0.0,0.0,0.0,15,1,1,3,12,0,1,2
218561,3349,0.0,5.0,0.0,82,41,1,2,80,0,2,0
218775,2082,0.0,5.0,0.0,18,8,4,5,17,0,1,0
218963,845,0.0,3.0,0.0,17,4,2,1,16,0,1,0
21898,1494,0.0,0.0,0.0,8,3,2,1,7,0,1,0
219214,2447,0.0,3.0,0.0,2,1,1,1,1,0,1,0
219636,2143,0.0,3.0,0.0,9,4,2,1,6,0,3,0
220076,3323,0.0,3.0,0.0,4,1,1,1,3,0,1,0
220139,4641,0.0,4.0,0.0,9,3,3,3,8,0,1,0
220647,3433,0.0,2.0,0.0,35,17,9,2,32,0,2,1
220711,1861,0.0,0.0,1.0,2,1,1,2,1,0,1,0
220755,1102,0.0,4.0,0.0,9,2,2,4,7,0,1,1
220774,416,0.0,0.0,0.0,2,1,1,1,1,0,1,0
221074,2776,0.0,4.0,0.0,2,1,1,1,1,0,1,0
221116,467,0.0,3.0,0.0,1,1,1,1,0,0,1,0
22126,3683,0.0,2.0,0.0,2,1,1,1,0,0,1,1
221329,2891,1.0,3.0,1.0,5,3,2,2,4,0,1,0
221640,4472,0.0,0.0,0.0,6,1,1,2,5,0,1,0
221817,2193,0.0,0.0,1.0,1,1,1,1,0,0,1,0
221869,901,0.0,5.0,1.0,6,3,1,2,5,0,1,0
222073,310,1.0,2.0,1.0,17,11,6,3,15,0,2,0
222504,2935,0.0,3.0,1.0,16,8,2,2,15,0,1,0
222590,1133,0.0,0.0,1.0,17,9,5,2,13,0,4,0
222994,4871,1.0,2.0,1.0,12,3,2,2,10,0,2,0
223072,1485,0.0,5.0,1.0,21,11,2,1,16,0,5,0
223168,1939,0.0,0.0,0.0,7,1,1,1,5,0,2,0
22336,2936,0.0,0.0,0.0,12,4,3,3,10,0,1,1
223399,3828,0.0,3.0,0.0,101,59,13,21,98,0,2,1
223798,1710,0.0,2.0,0.0,4,1,1,1,3,0,1,0
224709,381,0.0,5.0,0.0,2,1,1,1,1,0,1,0
225003,2026,0.0,0.0,2.0,6,1,1,3,5,0,1,0
225166,4791,1.0,4.0,1.0,7,2,2,1,5,0,2,0
225625,4282,0.0,3.0,1.0,7,1,1,1,6,0,1,0
22573,2242,0.0,0.0,0.0,7,5,2,1,4,0,2,1
225825,4508,0.0,3.0,0.0,7,2,1,1,3,0,3,1
225827,4022,0.0,5.0,0.0,8,1,1,3,7,0,1,0
226048,1092,0.0,5.0,0.0,7,3,1,1,6,0,1,0
226358,2162,0.0,3.0,0.0,5,2,1,2,4,0,1,0
226745,3451,0.0,3.0,1.0,8,1,1,2,6,0,1,1
226961,1875,0.0,5.0,0.0,14,4,3,2,12,0,2,0
226962,1437,0.0,6.0,0.0,2,1,1,1,1,0,1,0
227363,1943,0.0,4.0,1.0,1,1,1,1,0,0,1,0
227489,2695,0.0,3.0,1.0,4,1,1,2,2,1,1,0
227507,798,0.0,3.0,0.0,4,1,1,1,2,0,1,1
22783,1673,0.0,5.0,0.0,6,1,1,1,5,0,1,0
227943,1963,0.0,3.0,1.0,21,12,2,3,20,0,1,0
228025,1890,0.0,0.0,1.0,13,5,1,1,11,0,2,0
228531,4919,0.0,5.0,0.0,20,4,3,1,17,0,2,1
228791,4336,0.0,3.0,1.0,7,2,1,3,5,0,2,0
228989,3828,1.0,0.0,1.0,63,37,2,4,59,3,1,0
22907,4044,1.0,2.0,0.0,48,22,9,2,45,0,3,0
229237,2031,0.0,3.0,1.0,1,1,1,1,0,0,1,0
229647,1760,0.0,5.0,1.0,14,11,1,1,13,0,1,0
229791,3689,0.0,4.0,1.0,52,21,7,7,41,0,4,7
230125,598,0.0,3.0,0.0,1,1,1,1,0,0,1,0
230214,148,0.0,4.0,1.0,4,1,1,1,3,0,1,0
230320,3839,0.0,4.0,0.0,4,1,1,2,3,0,1,0
230508,3588,0.0,3.0,0.0,1,1,1,1,0,0,1,0
231081,4173,0.0,3.0,0.0,6,1,1,2,4,0,1,1
231204,3614,0.0,4.0,0.0,9,4,2,1,8,0,1,0
231278,3930,0.0,6.0,0.0,3,1,1,1,2,0,1,0
231311,4976,0.0,4.0,0.0,23,11,4,5,17,0,2,4
231643,4985,0.0,5.0,0.0,11,6,2,1,10,0,1,0
231792,1102,0.0,6.0,0.0,9,1,1,2,8,0,1,0
231891,3207,0.0,6.0,0.0,15,2,2,1,12,0,2,1
232721,4659,0.0,2.0,1.0,3,1,1,2,2,0,1,0
232985,3080,1.0,3.0,1.0,4,2,2,2,3,0,1,0
233946,4282,0.0,2.0,1.0,25,10,4,2,24,0,1,0
234258,1618,0.0,5.0,0.0,3,1,1,1,2,0,1,0
234285,3934,0.0,5.0,1.0,6,1,1,2,4,0,1,1
234297,4860,0.0,0.0,0.0,3,1,1,1,1,0,1,1
234774,3819,0.0,3.0,1.0,12,3,1,3,9,0,1,2
235079,215,0.0,0.0,0.0,18,8,2,2,17,0,1,0
23528,1371,0.0,0.0,0.0,3,1,1,1,2,0,1,0
235442,1816,0.0,3.0,1.0,4,2,2,2,3,0,1,0
235892,588,0.0,4.0,0.0,1,1,1,1,0,0,1,0
236087,152,0.0,4.0,0.0,2,1,1,1,1,0,1,0
236175,1659,0.0,0.0,0.0,30,6,1,3,29,0,1,0
23632,4919,0.0,0.0,1.0,5,3,2,1,4,0,1,0
236346,4871,0.0,5.0,1.0,7,2,1,2,5,0,2,0
236667,798,0.0,5.0,0.0,4,2,2,1,3,0,1,0
237022,2699,0.0,4.0,0.0,21,9,2,2,15,0,6,0
237201,3828,0.0,0.0,0.0,16,3,3,3,14,0,2,0
23722,3528,0.0,5.0,0.0,26,14,8,2,22,0,2,2
237332,96,0.0,0.0,0.0,1,1,1,1,0,0,1,0
237407,1831,0.0,3.0,0.0,3,1,1,1,2,0,1,0
237499,4120,0.0,0.0,0.0,15,5,4,2,14,0,1,0
237574,2048,0.0,4.0,1.0,5,1,1,1,4,0,1,0
237966,3578,0.0,5.0,0.0,2,2,1,1,0,0,2,0
238490,4577,0.0,4.0,0.0,4,1,1,2,2,0,1,1
238779,2242,0.0,0.0,0.0,4,2,1,1,2,0,2,0
238911,4542,0.0,4.0,0.0,2,1,1,2,0,1,1,0
23906,1742,0.0,5.0,0.0,2,1,1,1,1,0,1,0
239267,4908,0.0,5.0,2.0,4,2,1,1,3,0,1,0
239364,3571,1.0,7.0,0.0,36,5,1,6,34,0,2,0
239711,4282,0.0,2.0,0.0,26,14,9,7,22,0,1,3
239746,1102,0.0,3.0,0.0,17,9,5,3,15,0,2,0
239805,145,0.0,2.0,0.0,4,1,1,1,3,0,1,0
240086,443,0.0,2.0,1.0,9,2,1,1,8,0,1,0
24010,2241,0.0,3.0,0.0,12,6,3,2,9,0,2,1
240157,817,0.0,2.0,1.0,11,1,1,2,10,0,1,0
240190,3303,0.0,4.0,0.0,3,1,1,2,1,0,1,1
240716,1892,0.0,4.0,2.0,69,27,10,4,66,0,3,0
240763,98,0.0,3.0,0.0,6,4,2,3,5,0,1,0
241567,3828,0.0,3.0,1.0,22,4,4,4,19,0,2,1
241917,1916,0.0,0.0,0.0,8,4,1,2,5,0,2,1
242048,1726,0.0,6.0,0.0,1,1,1,1,0,0,1,0
242660,4480,0.0,4.0,0.0,7,4,3,1,6,0,1,0
24295,4607,0.0,5.0,1.0,6,4,1,1,5,0,1,0
243034,3578,0.0,0.0,0.0,31,18,2,6,30,0,1,0
243168,1585,0.0,3.0,2.0,1,1,1,1,0,0,1,0
243185,1900,0.0,4.0,0.0,4,3,1,3,1,0,2,1
24321,4756,0.0,0.0,0.0,7,1,1,1,6,0,1,0
243977,1551,0.0,4.0,0.0,3,2,1,1,2,0,1,0
24406,2976,0.0,7.0,1.0,5,1,1,1,4,0,1,0
244230,3936,0.0,4.0,1.0,27,21,6,2,0,0,6,21
244546,66,0.0,4.0,0.0,12,6,1,2,11,0,1,0
244656,3878,0.0,3.0,2.0,4,2,1,1,2,0,2,0
244908,643,0.0,6.0,1.0,1,1,1,1,0,0,1,0
245053,3085,0.0,0.0,1.0,20,13,4,2,17,0,3,0
245095,608,0.0,6.0,0.0,10,8,2,2,9,0,1,0
245441,649,0.0,6.0,1.0,10,2,1,3,8,0,1,1
245465,4485,0.0,3.0,0.0,4,1,1,1,3,0,1,0
245564,4605,0.0,0.0,0.0,7,1,1,2,5,0,1,1
245672,2545,0.0,4.0,0.0,5,1,1,1,4,0,1,0
245865,3523,0.0,0.0,1.0,16,1,1,4,14,0,1,1
246160,2592,0.0,6.0,1.0,4,2,1,2,3,0,1,0
246267,3982,0.0,3.0,2.0,2,1,1,1,1,0,1,0
247342,1910,0.0,3.0,0.0,2,1,1,1,0,0,1,1
247577,2435,0.0,3.0,1.0,3,3,1,1,2,0,1,0
247878,4480,0.0,3.0,0.0,7,5,2,1,6,0,1,0
247912,1133,0.0,4.0,0.0,9,4,1,1,7,0,2,0
248239,2821,0.0,0.0,0.0,12,6,3,1,11,0,1,0
24829,4115,0.0,5.0,0.0,4,1,1,2,2,0,2,0
248742,4143,0.0,5.0,0.0,21,8,4,4,19,0,1,1
248802,1520,0.0,6.0,0.0,3,1,1,1,1,0,2,0
249128,2721,0.0,7.0,1.0,3,2,1,2,2,0,1,0
249393,4071,0.0,5.0,0.0,10,1,1,3,8,0,1,1
249785,3105,0.0,3.0,0.0,35,14,2,1,30,0,5,0
250249,1987,0.0,3.0,0.0,8,3,2,1,7,0,1,0
250568,3933,0.0,3.0,0.0,7,1,1,3,5,0,2,0
250707,4173,0.0,3.0,0.0,16,4,2,1,15,0,1,0
25134,1346,0.0,4.0,1.0,4,1,1,1,3,0,1,0
251565,588,0.0,0.0,0.0,8,5,1,2,6,0,1,1
251664,3734,0.0,3.0,0.0,1,1,1,1,0,0,1,0
252270,215,0.0,2.0,0.0,3,1,1,1,2,0,1,0
252399,1272,0.0,0.0,0.0,4,1,1,1,3,0,1,0
252708,4125,0.0,null,null,2,1,1,1,1,0,1,0
253979,4044,0.0,0.0,0.0,71,52,13,11,67,0,3,1
254025,3126,0.0,6.0,1.0,6,1,1,1,5,0,1,0
254729,4043,0.0,3.0,0.0,5,4,3,3,4,0,1,0
254743,868,0.0,5.0,0.0,3,1,1,1,2,0,1,0
254910,2537,0.0,4.0,1.0,2,1,1,1,1,0,1,0
255232,416,0.0,6.0,0.0,4,1,1,2,3,0,1,0
255243,219,0.0,3.0,0.0,9,2,1,1,7,0,2,0
255647,2361,0.0,2.0,0.0,2,1,1,1,1,0,1,0
255785,4043,1.0,3.0,0.0,3,1,1,1,2,0,1,0
256101,4647,0.0,0.0,1.0,8,2,1,3,6,0,2,0
25714,2271,0.0,0.0,0.0,3,1,1,1,1,0,1,1
258486,4558,0.0,2.0,0.0,3,1,1,1,2,0,1,0
258613,3433,1.0,0.0,0.0,14,3,2,5,13,0,1,0
258806,3308,0.0,0.0,0.0,2,1,1,1,1,0,1,0
258874,532,0.0,6.0,1.0,6,3,1,1,5,0,1,0
259444,598,0.0,2.0,1.0,4,2,2,1,3,0,1,0
259740,2193,0.0,3.0,0.0,14,4,2,2,13,0,1,0
260011,1861,0.0,3.0,1.0,3,2,1,1,2,0,1,0
260030,4708,0.0,0.0,0.0,14,5,5,3,11,0,2,1
260310,1193,0.0,3.0,0.0,12,3,2,3,10,0,1,1
261144,2482,0.0,2.0,0.0,1,1,1,1,0,0,1,0
261471,4256,0.0,5.0,0.0,6,1,1,1,4,0,2,0
261738,4322,0.0,0.0,1.0,9,1,1,2,7,1,1,0
262032,542,0.0,3.0,0.0,3,1,1,1,2,0,1,0
262106,2811,0.0,0.0,0.0,4,1,1,2,2,0,1,1
262408,2138,0.0,6.0,0.0,3,1,1,1,2,0,1,0
263244,1899,0.0,0.0,0.0,2,1,1,1,1,0,1,0
263477,3541,0.0,3.0,0.0,9,1,1,3,8,0,1,0
263486,133,0.0,0.0,0.0,7,2,1,2,5,0,2,0
263517,1726,0.0,3.0,1.0,2,2,1,1,0,0,2,0
263552,2849,0.0,5.0,0.0,51,21,6,3,48,0,1,2
263693,1000,0.0,5.0,0.0,3,2,2,2,2,0,1,0
263712,1500,0.0,0.0,1.0,2,1,1,1,1,0,1,0
263951,3444,0.0,0.0,1.0,3,1,1,1,2,0,1,0
264209,2081,0.0,2.0,1.0,2,1,1,1,1,0,1,0
264239,412,0.0,7.0,0.0,5,1,1,1,4,0,1,0
264368,3205,0.0,6.0,0.0,48,13,2,6,28,0,2,18
264592,598,0.0,3.0,1.0,85,39,3,12,79,0,1,5
264775,3168,0.0,5.0,2.0,8,1,1,1,6,0,2,0
264944,4926,0.0,3.0,0.0,1,1,1,1,0,0,1,0
264948,3152,0.0,0.0,0.0,5,3,1,1,4,0,1,0
265073,3734,0.0,2.0,1.0,15,4,2,2,14,0,1,0
265349,2579,1.0,4.0,0.0,38,13,4,4,35,0,2,1
265501,3170,0.0,3.0,0.0,34,15,6,2,25,0,9,0
2660,960,0.0,3.0,0.0,1,1,1,1,0,0,1,0
266796,4636,0.0,3.0,0.0,7,4,1,2,6,0,1,0
267308,2273,0.0,3.0,0.0,4,1,1,1,3,0,1,0
267548,4196,0.0,3.0,1.0,7,2,1,2,6,0,1,0
267572,4589,0.0,2.0,0.0,2,1,1,1,0,0,2,0
267632,2238,0.0,0.0,1.0,3,1,1,1,2,0,1,0
267991,4044,0.0,5.0,0.0,6,3,3,1,5,0,1,0
268143,2981,0.0,3.0,0.0,12,3,2,9,4,0,1,7
268333,2047,0.0,0.0,0.0,8,1,1,2,6,0,1,1
268348,4049,0.0,5.0,1.0,7,3,2,1,6,0,1,0
269514,4079,0.0,6.0,0.0,9,4,2,1,7,0,2,0
269879,1810,0.0,3.0,1.0,1,1,1,1,0,0,1,0
270517,63,0.0,6.0,0.0,1,1,1,1,0,0,1,0
270550,2303,0.0,3.0,1.0,38,11,1,2,37,0,1,0
270882,2482,0.0,0.0,1.0,1,1,1,1,0,0,1,0
271105,1470,0.0,3.0,1.0,14,4,1,2,12,1,1,0
271845,2618,0.0,3.0,0.0,6,2,1,1,5,0,1,0
272038,4818,0.0,0.0,1.0,19,5,1,4,17,0,1,1
272139,1393,1.0,4.0,0.0,37,18,7,8,30,0,1,6
272414,682,0.0,2.0,0.0,26,10,3,9,23,0,1,2
272541,4322,0.0,0.0,1.0,1,1,1,1,0,0,1,0
273086,798,0.0,4.0,0.0,1,1,1,1,0,0,1,0
273185,4009,0.0,0.0,0.0,6,1,1,3,5,0,1,0
273781,2052,0.0,4.0,0.0,4,2,1,1,3,0,1,0
273807,2047,0.0,4.0,0.0,16,6,2,5,15,0,1,0
273911,1679,0.0,0.0,0.0,32,13,3,1,29,0,2,1
273970,301,0.0,2.0,0.0,11,1,1,2,9,0,2,0
274022,4713,0.0,2.0,1.0,6,1,1,1,5,0,1,0
274269,3979,0.0,0.0,0.0,4,2,1,1,3,0,1,0
275319,3734,0.0,3.0,0.0,28,15,4,1,25,0,3,0
275385,2031,0.0,0.0,1.0,2,1,1,1,1,0,1,0
275489,3609,0.0,3.0,1.0,5,2,1,1,4,0,1,0
275676,3826,0.0,2.0,0.0,1,1,1,1,0,0,1,0
276127,361,0.0,0.0,1.0,13,3,2,2,12,0,1,0
276604,3444,0.0,4.0,1.0,6,2,1,2,5,0,1,0
2770,1031,0.0,4.0,1.0,26,8,1,2,24,0,1,1
277356,3476,0.0,5.0,0.0,7,5,3,2,5,0,1,1
2775,1250,0.0,4.0,2.0,9,5,3,1,8,0,1,0
27787,3769,0.0,3.0,0.0,6,1,1,2,4,0,1,1
277936,2824,0.0,6.0,0.0,4,1,1,1,3,0,1,0
278088,4698,1.0,3.0,0.0,14,3,3,2,11,0,3,0
278578,1102,0.0,6.0,0.0,7,2,1,2,6,0,1,0
278676,1346,0.0,4.0,0.0,9,7,1,1,8,0,1,0
279430,511,0.0,4.0,0.0,7,1,1,2,4,0,2,1
279501,141,0.0,3.0,1.0,1,1,1,1,0,0,1,0
279556,4137,0.0,5.0,2.0,1,1,1,1,0,0,1,0
279795,2273,0.0,3.0,1.0,1,1,1,1,0,0,1,0
279928,1247,0.0,0.0,0.0,10,3,1,2,7,0,2,1
280018,3793,0.0,4.0,0.0,4,1,1,1,3,0,1,0
280833,1760,0.0,3.0,0.0,8,4,1,1,2,0,3,3
281732,1487,0.0,0.0,0.0,1,1,1,1,0,0,1,0
281778,738,0.0,3.0,0.0,20,7,2,2,17,0,3,0
281783,127,0.0,0.0,0.0,13,2,1,2,11,0,2,0
281994,4374,0.0,3.0,0.0,28,17,4,4,27,0,1,0
28218,1964,0.0,2.0,0.0,6,2,2,2,5,0,1,0
282244,1821,0.0,3.0,1.0,2,1,1,1,1,0,1,0
28225,2688,0.0,5.0,0.0,12,5,2,1,10,0,1,1
282678,3588,0.0,7.0,0.0,5,2,1,1,4,0,1,0
282774,3319,0.0,4.0,2.0,2,1,1,1,1,0,1,0
282851,3022,0.0,6.0,1.0,1,1,1,1,0,0,1,0
283022,4813,0.0,7.0,0.0,11,3,2,4,10,0,1,0
28307,4708,0.0,3.0,0.0,1,1,1,1,0,0,1,0
283258,1393,0.0,4.0,0.0,5,2,1,2,4,0,1,0
283556,3971,0.0,3.0,1.0,8,1,1,1,7,0,1,0
283973,63,0.0,4.0,0.0,4,1,1,3,2,0,1,1
284251,1703,0.0,3.0,2.0,2,1,1,2,0,0,1,1
284901,4480,0.0,0.0,1.0,4,2,1,1,3,0,1,0
284970,4173,0.0,3.0,2.0,11,7,5,3,8,0,1,2
285408,2138,0.0,0.0,0.0,17,3,3,2,15,0,2,0
285646,3828,0.0,3.0,0.0,10,3,1,2,7,0,1,2
286465,4170,0.0,0.0,1.0,11,4,1,1,8,0,3,0
286582,66,0.0,2.0,0.0,6,2,1,1,4,0,2,0
286842,1978,0.0,0.0,0.0,4,1,1,3,3,0,1,0
286915,66,0.0,4.0,0.0,27,8,3,1,24,0,3,0
287008,1324,0.0,2.0,1.0,5,1,1,1,3,0,1,1
287595,2204,0.0,0.0,1.0,2,1,1,1,1,0,1,0
287881,4864,0.0,0.0,0.0,4,1,1,1,3,0,1,0
288159,4173,0.0,3.0,0.0,15,5,3,2,14,0,1,0
288220,3236,1.0,0.0,1.0,3,1,1,1,2,0,1,0
288408,1514,0.0,6.0,1.0,7,1,1,1,5,0,1,1
288481,2537,0.0,0.0,0.0,1,1,1,1,0,0,1,0
288632,3472,0.0,2.0,1.0,1,1,1,1,0,0,1,0
28870,1875,0.0,5.0,0.0,1,1,1,1,0,0,1,0
290122,4322,0.0,3.0,0.0,4,1,1,2,3,0,1,0
290207,4938,0.0,3.0,0.0,4,1,1,1,3,0,1,0
290545,2447,0.0,6.0,0.0,3,2,1,1,2,0,1,0
290568,2565,1.0,6.0,0.0,9,3,1,2,8,0,1,0
290644,3419,0.0,0.0,1.0,6,3,1,1,5,0,1,0
291403,1738,0.0,0.0,0.0,7,3,2,1,6,0,1,0
291457,1356,0.0,3.0,0.0,4,1,1,2,3,0,1,0
291619,2849,0.0,4.0,0.0,28,22,9,1,26,0,2,0
291895,2926,0.0,5.0,1.0,6,2,1,2,5,0,1,0
291929,3828,0.0,4.0,0.0,14,8,5,3,13,0,1,0
292689,320,0.0,3.0,0.0,2,1,1,2,0,0,1,1
293075,4493,0.0,0.0,0.0,11,6,5,1,10,0,1,0
293232,963,0.0,7.0,1.0,8,6,1,1,7,0,1,0
293863,3163,0.0,0.0,0.0,11,1,1,1,9,0,2,0
294225,4048,0.0,0.0,0.0,1,1,1,1,0,0,1,0
294362,1840,0.0,4.0,0.0,3,1,1,1,2,0,1,0
29437,1768,0.0,0.0,0.0,1,1,1,1,0,0,1,0
29463,4976,0.0,3.0,0.0,5,3,3,1,4,0,1,0
294855,4649,0.0,5.0,0.0,8,1,1,2,6,0,1,1
294924,2396,0.0,0.0,1.0,4,1,1,2,3,0,1,0
295346,534,0.0,4.0,0.0,22,12,1,2,20,0,2,0
296697,121,0.0,4.0,0.0,6,4,4,3,5,0,1,0
296906,3016,0.0,3.0,1.0,7,2,2,2,6,0,1,0
297354,2928,0.0,0.0,0.0,9,5,3,2,7,0,2,0
297472,1502,1.0,0.0,0.0,3,2,2,1,2,0,1,0
297495,2031,0.0,3.0,2.0,2,1,1,1,1,0,1,0
297510,2928,0.0,5.0,1.0,24,14,6,5,23,0,1,0
297560,2140,0.0,5.0,0.0,2,2,1,1,0,0,2,0
29776,3961,0.0,6.0,0.0,22,9,1,2,20,0,2,0
297917,2445,0.0,6.0,1.0,5,2,1,1,4,0,1,0
299156,1487,0.0,0.0,0.0,8,3,1,1,7,0,1,0
299762,1056,0.0,3.0,0.0,47,22,14,2,43,0,4,0
299884,4079,0.0,5.0,2.0,2,1,1,1,1,0,1,0
29991,1999,1.0,4.0,0.0,10,3,1,1,8,0,2,0
300362,1618,0.0,5.0,0.0,2,1,1,1,1,0,1,0
300434,4955,0.0,0.0,0.0,3,1,1,2,2,0,1,0
300674,3784,0.0,4.0,0.0,7,1,1,3,6,0,1,0
301034,1968,0.0,2.0,1.0,10,3,2,2,9,0,1,0
301279,794,0.0,3.0,0.0,4,1,1,2,2,0,1,1
301455,3990,0.0,4.0,1.0,8,4,2,1,7,0,1,0
301952,3392,0.0,4.0,1.0,2,1,1,1,1,0,1,0
302290,234,0.0,5.0,0.0,2,1,1,1,1,0,1,0
302360,1978,0.0,2.0,1.0,1,1,1,1,0,0,1,0
302645,4170,0.0,6.0,1.0,5,4,1,2,4,0,1,0
302828,3990,0.0,5.0,0.0,6,4,1,2,5,0,1,0
302883,310,0.0,2.0,1.0,7,1,1,1,6,0,1,0
302936,3984,0.0,0.0,0.0,5,2,1,2,3,0,1,1
303088,4173,0.0,3.0,0.0,52,14,5,4,50,1,1,0
303885,2217,0.0,3.0,0.0,26,17,2,1,23,0,3,0
30445,4444,0.0,6.0,1.0,9,6,1,1,7,0,2,0
304827,4083,0.0,0.0,0.0,11,4,1,2,10,0,1,0
304886,1393,0.0,0.0,1.0,12,8,5,2,11,0,1,0
305220,361,0.0,5.0,2.0,5,1,1,1,3,0,1,1
305379,3990,1.0,0.0,0.0,11,5,4,5,10,0,1,0
305652,2683,1.0,3.0,1.0,7,1,1,3,6,0,1,0
30574,4163,0.0,0.0,0.0,4,1,1,1,3,0,1,0
305848,2403,0.0,0.0,1.0,1,1,1,1,0,0,1,0
305952,3828,0.0,0.0,0.0,25,10,4,4,19,0,1,5
306698,1963,0.0,4.0,0.0,6,5,1,2,5,0,1,0
30733,2217,1.0,3.0,0.0,2,2,1,2,0,0,1,1
307479,4049,0.0,3.0,0.0,4,3,2,2,3,0,1,0
307785,3160,0.0,0.0,0.0,17,9,5,1,13,0,4,0
308341,2217,0.0,0.0,0.0,16,1,1,2,13,0,2,1
308671,4043,1.0,0.0,1.0,79,35,9,3,62,0,10,7
309151,1762,1.0,2.0,1.0,12,4,2,1,9,0,3,0
309222,4044,0.0,3.0,0.0,19,6,2,1,17,0,1,1
310400,2545,0.0,null,null,21,10,5,2,19,0,1,1
310545,4829,0.0,6.0,0.0,1,1,1,1,0,0,1,0
31057,1810,0.0,4.0,0.0,3,1,1,1,1,0,2,0
311305,219,1.0,3.0,0.0,12,3,1,3,11,0,1,0
311490,3063,0.0,2.0,0.0,66,28,2,3,65,0,1,0
311790,2052,0.0,6.0,0.0,4,1,1,3,3,0,1,0
311904,2445,0.0,5.0,1.0,4,3,1,1,3,0,1,0
31229,3727,0.0,2.0,0.0,5,1,1,1,3,0,1,1
312346,2592,0.0,0.0,0.0,18,7,4,1,15,0,3,0
312387,4985,0.0,5.0,1.0,3,1,1,1,2,0,1,0
312510,2727,0.0,2.0,0.0,7,1,1,1,6,0,1,0
313176,3016,0.0,5.0,0.0,5,1,1,2,3,1,1,0
313324,2767,0.0,2.0,1.0,5,1,1,1,3,0,2,0
313695,1074,1.0,5.0,0.0,19,10,2,1,17,0,2,0
314028,1399,0.0,4.0,0.0,4,2,1,1,3,0,1,0
314267,905,0.0,0.0,0.0,4,1,1,2,3,0,1,0
314822,2644,0.0,0.0,1.0,3,1,1,1,2,0,1,0
314975,2537,0.0,0.0,0.0,3,1,1,1,1,0,1,1
315016,3578,0.0,4.0,1.0,7,3,1,1,6,0,1,0
315585,3350,0.0,4.0,0.0,11,2,2,2,9,0,1,1
31617,4346,0.0,4.0,1.0,1,1,1,1,0,0,1,0
316444,1348,0.0,6.0,1.0,2,1,1,1,1,0,1,0
316537,437,1.0,4.0,1.0,9,1,1,2,8,0,1,0
316543,310,0.0,2.0,1.0,1,1,1,1,0,0,1,0
317104,168,0.0,3.0,0.0,19,7,2,2,17,0,2,0
317696,3152,0.0,4.0,0.0,26,9,1,4,24,0,2,0
317893,1900,0.0,0.0,0.0,4,1,1,2,3,0,1,0
317952,1102,0.0,5.0,1.0,15,12,7,5,1,0,3,11
318141,4659,0.0,4.0,0.0,4,2,2,2,1,0,2,1
318673,293,0.0,4.0,0.0,14,5,2,1,11,2,1,0
318798,4044,0.0,2.0,0.0,15,7,2,3,14,0,1,0
3190,1821,0.0,3.0,0.0,2,1,1,1,1,0,1,0
319265,302,0.0,6.0,0.0,9,3,1,2,4,0,5,0
319780,3173,0.0,6.0,0.0,6,1,1,1,3,0,3,0
319849,3701,0.0,2.0,0.0,3,1,1,1,2,0,1,0
319997,3623,0.0,4.0,0.0,10,3,2,1,9,0,1,0
320273,687,0.0,3.0,1.0,11,1,1,2,9,0,2,0
320592,2002,0.0,2.0,0.0,20,6,3,4,15,0,2,3
320703,1340,0.0,5.0,0.0,2,1,1,1,1,0,1,0
320963,3828,0.0,4.0,0.0,4,1,1,1,3,0,1,0
321240,4847,0.0,3.0,0.0,49,24,8,3,44,0,2,3
321313,4044,0.0,4.0,0.0,6,1,1,1,5,0,1,0
321807,2768,0.0,6.0,0.0,30,24,5,10,29,0,1,0
321874,962,0.0,3.0,0.0,21,14,9,2,16,0,5,0
321917,4982,0.0,0.0,0.0,3,1,1,1,2,0,1,0
322005,1910,0.0,2.0,null,4,1,1,2,2,0,1,1
322403,254,0.0,4.0,0.0,1,1,1,1,0,0,1,0
32273,4745,0.0,4.0,0.0,16,5,1,2,14,0,1,1
322817,4589,0.0,4.0,0.0,3,1,1,1,2,0,1,0
322818,1168,1.0,5.0,0.0,30,18,6,1,23,0,7,0
32288,3471,0.0,2.0,1.0,2,1,1,1,1,0,1,0
323684,1346,0.0,3.0,0.0,2,1,1,1,1,0,1,0
323849,4287,0.0,6.0,0.0,8,3,1,1,7,0,1,0
324090,3875,0.0,3.0,1.0,4,1,1,2,3,0,1,0
324362,4240,0.0,4.0,1.0,6,1,1,2,4,0,2,0
324769,4966,1.0,5.0,1.0,58,33,16,2,55,0,2,1
32543,2099,0.0,3.0,1.0,1,1,1,1,0,0,1,0
326192,778,0.0,2.0,0.0,5,3,1,1,4,0,1,0
32633,1346,0.0,3.0,0.0,24,8,1,6,21,0,1,2
326521,1840,0.0,0.0,null,2,1,1,2,0,0,1,1
326571,3990,0.0,7.0,0.0,10,4,2,4,8,0,1,1
32696,141,1.0,3.0,0.0,1,1,1,1,0,0,1,0
328250,4966,0.0,3.0,0.0,5,2,2,1,4,0,1,0
328485,4493,0.0,4.0,0.0,25,14,7,3,15,0,10,0
328957,661,0.0,0.0,0.0,11,5,1,1,10,0,1,0
328959,1434,0.0,2.0,0.0,1,1,1,1,0,0,1,0
329097,4150,0.0,0.0,0.0,3,1,1,1,2,0,1,0
329458,412,0.0,5.0,0.0,26,10,5,2,24,0,1,1
32984,2242,0.0,4.0,0.0,3,3,2,1,0,0,2,1
330136,3734,0.0,0.0,0.0,7,2,2,2,6,0,1,0
330300,3545,0.0,2.0,1.0,4,1,1,1,3,0,1,0
330805,115,0.0,6.0,0.0,2,1,1,1,1,0,1,0
3309,643,0.0,0.0,0.0,25,17,4,2,21,0,4,0
33147,3629,0.0,4.0,0.0,8,4,2,1,7,0,1,0
33161,2537,0.0,0.0,0.0,3,2,1,2,2,0,1,0
331814,145,0.0,3.0,0.0,3,1,1,1,2,0,1,0
332177,3958,1.0,0.0,0.0,7,2,1,4,6,0,1,0
332603,361,0.0,6.0,1.0,15,6,1,4,13,0,1,1
33263,1997,0.0,4.0,0.0,4,2,1,1,3,0,1,0
332722,1102,0.0,3.0,0.0,4,4,2,3,2,0,2,0
332848,503,1.0,0.0,0.0,1,1,1,1,0,0,1,0
332956,1679,0.0,4.0,0.0,3,2,2,1,2,0,1,0
333516,1073,0.0,null,null,2,1,1,1,0,0,1,1
333863,3936,0.0,0.0,1.0,4,2,1,1,3,0,1,0
333888,4079,0.0,2.0,0.0,4,1,1,1,3,0,1,0
334065,2545,0.0,5.0,1.0,80,22,5,13,79,0,1,0
3346,2318,0.0,4.0,1.0,12,3,1,3,10,1,1,0
334667,1673,0.0,2.0,0.0,1,1,1,1,0,0,1,0
33486,2008,0.0,4.0,0.0,10,4,2,1,9,0,1,0
33530,4569,0.0,2.0,1.0,2,1,1,1,0,0,2,0
335572,2273,0.0,0.0,0.0,2,1,1,1,1,0,1,0
335896,598,0.0,0.0,1.0,2,1,1,1,1,0,1,0
336116,1268,1.0,0.0,0.0,12,3,2,1,11,0,1,0
336282,3085,0.0,4.0,0.0,8,7,2,1,7,0,1,0
336714,4346,0.0,4.0,1.0,3,1,1,1,2,0,1,0
337506,742,0.0,4.0,0.0,7,2,1,1,5,0,1,1
33827,4049,0.0,4.0,1.0,3,3,3,1,0,0,3,0
33830,4960,1.0,3.0,0.0,9,4,3,1,8,0,1,0
33844,661,0.0,5.0,0.0,3,2,1,1,2,0,1,0
338938,738,0.0,4.0,0.0,5,2,1,1,4,0,1,0
339355,3126,0.0,5.0,1.0,5,1,1,1,4,0,1,0
339570,1602,0.0,0.0,0.0,6,4,1,4,3,0,1,2
340025,2403,0.0,2.0,2.0,68,28,2,1,67,0,1,0
340232,695,0.0,3.0,0.0,8,3,1,1,6,0,1,1
34064,3545,0.0,0.0,0.0,4,2,1,1,3,0,1,0
340933,2138,0.0,5.0,0.0,1,1,1,1,0,0,1,0
341071,1015,0.0,4.0,0.0,2,1,1,2,1,0,1,0
341805,4048,0.0,3.0,0.0,2,1,1,1,1,0,1,0
341978,588,0.0,6.0,1.0,3,1,1,1,2,0,1,0
342222,2273,0.0,6.0,0.0,4,3,1,1,3,0,1,0
343612,2664,0.0,3.0,0.0,10,5,1,1,8,0,2,0
344694,4605,0.0,2.0,1.0,4,1,1,1,3,0,1,0
345043,3640,0.0,6.0,1.0,1,1,1,1,0,0,1,0
345129,4992,0.0,4.0,0.0,21,6,1,1,19,0,2,0
345589,2036,1.0,3.0,1.0,3,1,1,2,2,0,1,0
346102,4594,0.0,2.0,1.0,12,7,4,2,10,0,2,0
346828,3159,0.0,2.0,0.0,16,6,3,3,14,0,2,0
347239,2450,0.0,2.0,0.0,12,4,1,1,10,0,2,0
348217,4585,0.0,2.0,1.0,2,1,1,1,1,0,1,0
348283,897,0.0,3.0,0.0,3,1,1,1,2,0,1,0
348905,1557,0.0,2.0,1.0,3,2,2,1,2,0,1,0
348952,3687,0.0,0.0,0.0,2,1,1,1,1,0,1,0
349375,3828,0.0,3.0,1.0,13,3,1,3,12,0,1,0
35030,3619,0.0,5.0,0.0,47,17,5,5,45,0,2,0
350446,1103,0.0,0.0,0.0,2,1,1,2,1,0,1,0
350782,606,0.0,4.0,1.0,7,2,1,1,6,0,1,0
351151,652,0.0,5.0,0.0,19,8,5,2,16,0,3,0
351795,786,0.0,2.0,0.0,5,2,1,1,4,0,1,0
351835,4687,0.0,0.0,1.0,1,1,1,1,0,0,1,0
351962,1487,0.0,3.0,0.0,9,2,1,2,7,0,1,1
352074,946,0.0,4.0,0.0,1,1,1,1,0,0,1,0
352267,663,0.0,6.0,1.0,10,7,3,2,9,0,1,0
352771,1968,0.0,2.0,0.0,2,1,1,1,1,0,1,0
352896,2537,0.0,0.0,0.0,6,1,1,1,5,0,1,0
353395,3685,0.0,0.0,0.0,4,2,1,2,3,0,1,0
353606,685,0.0,6.0,1.0,28,8,3,2,26,0,2,0
353968,1679,0.0,6.0,0.0,24,18,3,2,23,0,1,0
354037,1060,0.0,4.0,1.0,1,1,1,1,0,0,1,0
354180,1708,0.0,3.0,0.0,7,2,1,2,5,0,2,0
355499,3986,0.0,0.0,0.0,3,1,1,1,2,0,1,0
355502,4408,0.0,4.0,0.0,6,2,2,1,5,0,1,0
355625,354,0.0,5.0,0.0,6,1,1,1,4,0,2,0
356139,3484,0.0,5.0,0.0,4,1,1,1,3,0,1,0
356576,4471,0.0,4.0,1.0,5,1,1,1,4,0,1,0
356691,3734,0.0,3.0,0.0,3,2,2,2,0,0,1,2
35673,3828,0.0,0.0,0.0,46,30,12,11,44,0,1,1
357058,1581,0.0,3.0,0.0,6,5,1,1,2,0,4,0
357299,1284,0.0,0.0,2.0,4,1,1,2,2,0,2,0
357816,3578,0.0,3.0,0.0,2,1,1,1,1,0,1,0
358125,1264,0.0,5.0,1.0,9,7,1,1,7,0,2,0
358141,1310,0.0,3.0,0.0,4,2,2,1,2,0,2,0
359310,4325,0.0,0.0,0.0,2,1,1,2,1,0,1,0
359400,2928,0.0,5.0,2.0,10,4,1,1,8,0,2,0
359513,4513,0.0,4.0,0.0,2,2,2,1,0,0,2,0
359983,1346,1.0,3.0,0.0,2,2,1,2,1,0,1,0
360037,1618,0.0,3.0,null,2,1,1,1,1,0,1,0
360367,3828,0.0,3.0,1.0,4,2,2,3,3,0,1,0
36041,3955,0.0,4.0,0.0,2,1,1,1,1,0,1,0
360659,3402,0.0,4.0,0.0,5,3,1,2,3,0,1,1
360667,1585,0.0,0.0,0.0,2,1,1,1,1,0,1,0
360717,1203,0.0,0.0,0.0,8,3,3,2,7,0,1,0
361489,3473,0.0,2.0,0.0,3,1,1,1,2,0,1,0
361744,1900,0.0,3.0,1.0,4,1,1,1,3,0,1,0
362013,4129,1.0,7.0,0.0,174,66,9,9,163,0,4,7
362137,3990,0.0,6.0,0.0,3,1,1,1,2,0,1,0
362570,2639,0.0,6.0,0.0,95,41,10,2,92,0,3,0
36271,1922,0.0,3.0,0.0,1,1,1,1,0,0,1,0
362940,4349,0.0,3.0,0.0,1,1,1,1,0,0,1,0
362973,1452,0.0,3.0,0.0,10,6,2,2,9,0,1,0
363566,1890,0.0,3.0,0.0,60,24,4,8,55,0,1,4
363960,1145,0.0,4.0,0.0,3,1,1,2,2,0,1,0
364049,1640,0.0,3.0,1.0,10,2,2,3,8,0,1,1
364339,3828,0.0,5.0,0.0,1,1,1,1,0,0,1,0
365307,3828,0.0,3.0,1.0,36,25,12,3,34,0,2,0
365340,2569,0.0,5.0,0.0,47,21,3,7,42,0,5,0
365411,3042,0.0,3.0,0.0,9,3,2,3,8,0,1,0
365467,3734,0.0,2.0,1.0,9,8,4,2,8,0,1,0
365831,114,0.0,0.0,0.0,13,5,1,6,11,0,1,1
365934,4394,0.0,0.0,0.0,1,1,1,1,0,0,1,0
366114,3826,0.0,4.0,2.0,22,4,2,2,20,0,1,1
366135,643,0.0,5.0,0.0,2,1,1,1,1,0,1,0
366274,1830,0.0,0.0,0.0,11,5,5,2,7,0,4,0
366402,2403,0.0,4.0,0.0,19,17,3,1,17,0,2,0
366480,2161,0.0,3.0,0.0,4,1,1,1,3,0,1,0
367617,2935,0.0,5.0,1.0,9,1,1,3,7,0,1,1
367690,3319,0.0,4.0,0.0,2,1,1,1,1,0,1,0
368194,4648,0.0,2.0,0.0,4,2,2,2,3,0,1,0
368475,323,0.0,7.0,1.0,3,3,1,2,2,0,1,0
368576,1467,0.0,4.0,0.0,12,2,1,5,9,0,1,2
368676,4976,1.0,3.0,2.0,20,3,1,5,19,0,1,0
368800,1916,0.0,6.0,1.0,2,1,1,1,1,0,1,0
368890,630,0.0,0.0,1.0,11,6,4,2,9,0,2,0
368917,2981,0.0,0.0,0.0,3,1,1,1,2,0,1,0
369014,2669,0.0,3.0,0.0,6,4,1,2,5,0,1,0
36922,404,0.0,4.0,1.0,2,1,1,2,1,0,1,0
369221,1861,1.0,0.0,1.0,1,1,1,1,0,0,1,0
369314,598,0.0,3.0,0.0,15,6,2,5,14,0,1,0
36938,1742,0.0,0.0,0.0,5,2,1,2,4,0,1,0
369787,4536,0.0,4.0,0.0,6,2,2,1,5,0,1,0
370561,742,0.0,8.0,0.0,1,1,1,1,0,0,1,0
371530,322,0.0,2.0,0.0,6,2,2,3,4,0,2,0
371870,1150,0.0,0.0,0.0,1,1,1,1,0,0,1,0
372600,436,0.0,5.0,2.0,48,20,3,1,34,0,2,12
373009,951,0.0,2.0,0.0,4,2,2,1,2,0,2,0
373206,1093,0.0,4.0,0.0,5,2,2,2,3,0,1,1
373225,4976,0.0,3.0,0.0,79,18,4,5,76,0,2,1
373912,1393,0.0,3.0,0.0,11,3,3,2,10,0,1,0
37399,4374,0.0,3.0,1.0,6,2,2,1,5,0,1,0
374208,4267,0.0,4.0,0.0,10,4,2,3,9,0,1,0
37460,3826,0.0,6.0,0.0,7,1,1,3,5,0,1,1
375059,4171,0.0,6.0,0.0,15,5,2,2,9,0,6,0
37527,588,0.0,3.0,1.0,6,1,1,1,4,0,1,1
375303,2954,0.0,0.0,0.0,12,5,4,2,6,0,5,1
375863,3828,0.0,3.0,0.0,13,9,4,1,12,0,1,0
376086,4173,1.0,0.0,0.0,16,5,3,4,15,0,1,0
37618,1102,0.0,3.0,0.0,11,4,3,1,9,0,2,0
376460,3819,0.0,3.0,0.0,2,1,1,1,1,0,1,0
376586,3271,0.0,4.0,1.0,6,1,1,2,5,0,1,0
376899,3958,0.0,4.0,0.0,62,33,10,3,61,0,1,0
376973,1102,0.0,0.0,0.0,24,12,4,4,22,1,1,0
377645,4475,0.0,3.0,1.0,4,1,1,1,3,0,1,0
377821,3365,0.0,2.0,1.0,6,3,1,1,5,0,1,0
378544,798,0.0,3.0,0.0,2,1,1,1,1,0,1,0
378682,3462,0.0,3.0,1.0,2,1,1,1,0,0,1,1
37871,3803,0.0,0.0,1.0,16,4,2,4,13,0,1,2
378878,2795,0.0,4.0,0.0,5,1,1,1,4,0,1,0
379061,4040,0.0,8.0,1.0,6,1,1,2,5,0,1,0
379719,4818,0.0,0.0,0.0,17,13,7,6,15,0,2,0
379831,3472,0.0,2.0,0.0,4,1,1,2,3,0,1,0
380260,3349,0.0,4.0,1.0,29,8,2,5,27,0,2,0
380295,2849,0.0,4.0,0.0,39,22,7,3,33,0,1,5
380429,3763,0.0,4.0,2.0,12,3,1,3,10,0,1,1
380628,4388,0.0,0.0,0.0,4,2,1,1,3,0,1,0
380927,962,0.0,4.0,0.0,4,1,1,1,3,0,1,0
381445,4687,0.0,2.0,1.0,4,1,1,1,2,0,1,1
381613,3578,0.0,2.0,0.0,2,1,1,1,1,0,1,0
382036,4438,0.0,2.0,0.0,14,2,1,3,13,0,1,0
382136,2537,0.0,0.0,0.0,3,1,1,1,2,0,1,0
38314,3670,0.0,4.0,0.0,8,2,1,2,7,0,1,0
383449,4186,0.0,6.0,1.0,9,4,1,3,8,0,1,0
383574,2220,0.0,0.0,1.0,9,3,2,1,8,0,1,0
383639,1618,0.0,3.0,0.0,17,8,3,2,16,0,1,0
383759,1514,0.0,6.0,0.0,2,1,1,1,1,0,1,0
383766,3828,1.0,5.0,0.0,69,38,12,6,66,0,3,0
383876,3941,0.0,4.0,0.0,3,1,1,2,2,0,1,0
384801,236,0.0,4.0,1.0,7,1,1,2,6,0,1,0
385079,1526,0.0,3.0,0.0,93,44,13,3,89,0,4,0
385652,3271,0.0,2.0,0.0,2,1,1,2,1,0,1,0
385780,4044,0.0,2.0,2.0,5,3,1,1,4,0,1,0
385856,676,0.0,0.0,1.0,1,1,1,1,0,0,1,0
386406,2175,0.0,3.0,0.0,21,13,5,2,19,0,2,0
386635,308,0.0,4.0,1.0,1,1,1,1,0,0,1,0
386695,3399,0.0,3.0,1.0,11,7,1,1,10,0,1,0
386706,1330,0.0,0.0,0.0,1,1,1,1,0,0,1,0
387729,4585,1.0,5.0,0.0,6,1,1,1,2,0,4,0
387836,3828,0.0,2.0,0.0,88,17,8,14,83,0,2,3
388,503,0.0,3.0,1.0,14,9,2,1,13,0,1,0
388569,310,0.0,0.0,0.0,3,2,1,1,0,0,1,2
388702,1892,0.0,3.0,0.0,87,53,12,8,86,0,1,0
389114,4316,1.0,3.0,1.0,3,1,1,1,2,0,1,0
389714,4585,0.0,0.0,0.0,14,1,1,1,13,0,1,0
390373,1370,0.0,5.0,1.0,6,1,1,1,2,0,4,0
390418,4173,0.0,3.0,0.0,39,19,4,7,35,0,1,3
390557,1833,0.0,4.0,0.0,44,19,3,2,38,0,4,2
390650,3819,0.0,0.0,0.0,1,1,1,1,0,0,1,0
390690,4793,0.0,2.0,1.0,5,3,1,1,4,0,1,0
392045,1983,0.0,4.0,1.0,2,1,1,1,1,0,1,0
392047,4976,0.0,4.0,0.0,3,1,1,2,1,0,1,1
392330,2537,0.0,2.0,0.0,8,2,1,1,7,0,1,0
39269,4090,0.0,0.0,0.0,9,2,1,2,8,0,1,0
392880,4438,0.0,0.0,0.0,11,2,1,2,10,0,1,0
393226,1679,0.0,5.0,0.0,6,4,3,1,5,0,1,0
393344,2318,0.0,4.0,0.0,4,2,1,2,3,0,1,0
393354,962,0.0,3.0,0.0,6,2,1,2,5,0,1,0
393668,4186,0.0,4.0,0.0,23,4,1,4,22,0,1,0
39378,4267,0.0,4.0,0.0,41,29,7,4,33,0,1,7
393824,3256,1.0,6.0,0.0,3,1,1,2,2,0,1,0
393930,742,0.0,3.0,1.0,2,1,1,1,1,0,1,0
393948,1496,0.0,0.0,0.0,7,2,1,2,6,0,1,0
394458,212,0.0,3.0,0.0,4,1,1,1,3,0,1,0
394569,2636,0.0,2.0,0.0,3,1,1,1,2,0,1,0
394794,995,1.0,3.0,0.0,3,1,1,2,2,0,1,0
394849,4992,0.0,6.0,0.0,7,4,1,1,6,0,1,0
395002,786,0.0,3.0,0.0,7,4,2,2,6,0,1,0
395388,3609,0.0,0.0,0.0,25,11,2,1,21,0,2,2
395704,2108,0.0,3.0,1.0,10,1,1,2,8,0,2,0
395845,2691,0.0,3.0,1.0,3,2,1,2,1,0,1,1
396290,2856,0.0,0.0,0.0,2,1,1,1,1,0,1,0
396965,2905,1.0,2.0,0.0,3,1,1,1,2,0,1,0
397054,824,0.0,null,null,2,1,1,1,1,0,1,0
39775,2824,0.0,5.0,1.0,6,3,2,1,5,0,1,0
39859,3628,0.0,4.0,0.0,4,1,1,1,3,0,1,0
398645,4585,0.0,4.0,0.0,7,1,1,2,6,0,1,0
399247,2180,0.0,0.0,0.0,4,2,2,1,3,0,1,0
399580,1514,1.0,0.0,0.0,1,1,1,1,0,0,1,0
40072,1421,0.0,3.0,1.0,2,1,1,2,1,0,1,0
401056,4282,0.0,5.0,1.0,315,131,20,22,311,0,2,2
401242,3727,0.0,5.0,2.0,6,1,1,2,5,0,1,0
401417,3640,0.0,0.0,null,8,1,1,2,7,0,1,0
401686,4044,0.0,3.0,0.0,4,1,1,2,3,0,1,0
401766,2124,0.0,0.0,1.0,6,2,1,1,5,0,1,0
401827,2615,0.0,4.0,1.0,4,1,1,2,3,0,1,0
402315,2824,0.0,0.0,0.0,5,2,2,2,4,0,1,0
403626,3990,0.0,0.0,0.0,3,1,1,1,2,0,1,0
40388,3971,0.0,3.0,1.0,22,7,1,2,19,0,1,2
403933,1936,0.0,4.0,2.0,1,1,1,1,0,0,1,0
40407,2644,0.0,3.0,0.0,7,1,1,2,6,0,1,0
404073,1939,0.0,3.0,0.0,5,2,1,2,2,0,1,2
404222,4950,0.0,4.0,0.0,11,4,4,2,9,0,2,0
404675,4322,0.0,3.0,1.0,4,1,1,2,3,0,1,0
404698,2217,0.0,0.0,0.0,4,1,1,2,2,0,1,1
404887,760,0.0,null,null,1,1,1,1,0,0,1,0
404947,2592,0.0,4.0,0.0,3,1,1,1,2,0,1,0
405197,1892,0.0,0.0,0.0,23,16,5,2,22,0,1,0
405201,373,0.0,0.0,0.0,32,5,4,3,30,0,2,0
405385,817,0.0,4.0,0.0,2,1,1,1,1,0,1,0
405734,3345,0.0,0.0,0.0,3,1,1,2,1,0,1,1
405812,3500,0.0,6.0,0.0,7,2,1,2,6,0,1,0
406280,1704,0.0,5.0,0.0,3,2,2,1,2,0,1,0
406429,2051,0.0,0.0,0.0,5,3,2,2,4,0,1,0
407280,2447,0.0,2.0,0.0,4,2,1,1,3,0,1,0
407739,4793,0.0,3.0,1.0,4,1,1,2,3,0,1,0
408377,1501,0.0,0.0,0.0,32,16,3,2,26,0,6,0
408937,3136,0.0,null,null,9,3,3,1,6,0,3,0
408978,275,0.0,0.0,0.0,2,1,1,1,1,0,1,0
409151,4987,0.0,2.0,0.0,4,1,1,1,3,0,1,0
409651,2681,0.0,0.0,0.0,6,2,1,2,4,1,1,0
410124,868,0.0,0.0,0.0,1,1,1,1,0,0,1,0
410698,3350,0.0,0.0,1.0,2,1,1,1,1,0,1,0
410746,3266,0.0,6.0,1.0,8,1,1,1,6,0,2,0
410893,2856,0.0,0.0,0.0,1,1,1,1,0,0,1,0
411091,1353,0.0,2.0,null,4,1,1,1,3,0,1,0
411555,1618,0.0,4.0,1.0,21,6,5,3,18,0,3,0
411580,4463,0.0,0.0,0.0,19,4,1,1,16,0,1,2
411608,4171,0.0,5.0,1.0,8,4,3,1,5,0,3,0
411751,2904,0.0,3.0,0.0,4,1,1,2,3,0,1,0
412347,729,0.0,2.0,1.0,9,1,1,3,7,0,1,1
412437,1346,0.0,4.0,0.0,12,5,1,7,10,0,1,1
412604,361,0.0,0.0,0.0,33,15,3,2,30,0,2,1
41375,265,0.0,3.0,0.0,18,2,1,5,16,0,2,0
413817,3682,0.0,5.0,0.0,47,6,2,4,45,0,1,1
414011,259,0.0,3.0,1.0,4,1,1,1,2,0,2,0
414451,3828,0.0,4.0,0.0,18,11,5,3,17,0,1,0
416134,3971,0.0,3.0,1.0,3,1,1,2,2,0,1,0
416205,630,0.0,3.0,0.0,2,2,1,1,0,0,2,0
417225,4143,0.0,5.0,0.0,63,43,10,6,60,0,2,1
417262,1203,0.0,4.0,0.0,57,14,9,3,46,0,6,5
417279,4150,0.0,4.0,1.0,6,5,2,1,5,0,1,0
417528,4042,0.0,3.0,0.0,5,1,1,2,3,0,2,0
417945,742,0.0,2.0,0.0,4,1,1,2,3,0,1,0
418106,608,0.0,5.0,0.0,4,2,1,1,3,0,1,0
418372,4234,0.0,5.0,1.0,1,1,1,1,0,0,1,0
418537,1352,0.0,0.0,1.0,4,2,1,2,3,0,1,0
418879,1886,0.0,4.0,0.0,2,1,1,1,1,0,1,0
419344,402,0.0,3.0,1.0,4,1,1,2,3,0,1,0
420405,1340,0.0,4.0,0.0,46,25,5,2,43,0,3,0
420407,4976,0.0,0.0,0.0,44,30,8,2,40,0,4,0
420902,3990,0.0,0.0,0.0,36,12,4,6,34,0,2,0
421349,373,1.0,4.0,0.0,71,57,16,5,56,0,9,6
421411,4073,0.0,6.0,0.0,4,1,1,1,3,0,1,0
421894,1346,0.0,4.0,0.0,3,1,1,2,2,0,1,0
422242,2459,0.0,6.0,1.0,3,2,1,1,2,0,1,0
422473,3689,0.0,3.0,0.0,14,9,4,2,13,0,1,0
422515,1502,0.0,4.0,2.0,6,1,1,2,5,0,1,0
422967,3828,0.0,5.0,0.0,2,2,2,1,0,0,1,1
422974,3828,0.0,3.0,0.0,25,10,2,1,24,0,1,0
423387,2954,0.0,3.0,0.0,22,9,6,7,21,0,1,0
423574,2891,0.0,4.0,0.0,1,1,1,1,0,0,1,0
423739,2794,0.0,5.0,0.0,72,23,10,5,63,0,3,6
423758,963,0.0,7.0,0.0,5,1,1,1,4,0,1,0
42852,3955,0.0,3.0,1.0,3,1,1,1,2,0,1,0
4292,3898,0.0,4.0,0.0,10,1,1,1,8,0,2,0
43872,3878,0.0,3.0,0.0,10,2,1,2,8,0,1,1
43875,2403,0.0,3.0,0.0,23,6,2,3,14,0,2,7
44253,1134,0.0,5.0,0.0,6,2,1,2,5,0,1,0
44321,2108,0.0,0.0,0.0,3,1,1,2,2,0,1,0
4435,798,0.0,4.0,0.0,6,2,1,1,5,0,1,0
44696,4044,0.0,0.0,0.0,54,28,4,3,51,0,1,2
45415,3436,0.0,3.0,1.0,8,1,1,2,7,0,1,0
45778,608,0.0,5.0,0.0,9,5,3,1,7,0,2,0
46617,4044,0.0,2.0,1.0,1,1,1,1,0,0,1,0
46852,1412,0.0,3.0,0.0,3,1,1,1,2,0,1,0
47193,3051,0.0,3.0,1.0,3,1,1,1,2,0,1,0
47599,2886,0.0,4.0,0.0,11,1,1,2,9,0,1,1
47788,3538,0.0,0.0,2.0,3,1,1,1,1,0,2,0
47843,120,0.0,5.0,0.0,8,1,1,1,6,0,2,0
49219,4431,0.0,0.0,1.0,3,1,1,2,2,0,1,0
49240,4050,0.0,2.0,0.0,7,1,1,2,6,0,1,0
49446,474,0.0,8.0,0.0,13,7,5,3,9,0,3,1
50172,1760,0.0,4.0,0.0,9,6,1,2,6,0,3,0
50466,4568,0.0,4.0,1.0,4,3,3,1,3,0,1,0
50968,2361,0.0,4.0,1.0,2,1,1,1,1,0,1,0
51625,311,0.0,3.0,0.0,12,8,4,1,9,0,3,0
51671,594,0.0,3.0,0.0,7,2,1,1,6,0,1,0
51724,606,0.0,4.0,0.0,13,5,4,2,11,0,2,0
51732,2031,0.0,0.0,1.0,5,3,1,1,4,0,1,0
51935,2447,0.0,8.0,1.0,4,2,1,2,2,0,2,0
52013,4950,0.0,4.0,0.0,23,6,4,9,22,0,1,0
52172,2828,0.0,0.0,0.0,10,8,1,2,9,0,1,0
52957,2403,0.0,4.0,2.0,9,4,1,2,8,0,1,0
53026,4772,0.0,4.0,0.0,1,1,1,1,0,0,1,0
53273,2579,0.0,3.0,0.0,8,3,2,2,6,0,1,1
53286,4042,0.0,3.0,0.0,3,1,1,1,2,0,1,0
53472,4659,0.0,0.0,0.0,22,14,10,3,20,0,2,0
53991,4282,0.0,2.0,1.0,10,8,1,1,8,0,2,0
54539,4658,0.0,2.0,1.0,4,2,1,1,3,0,1,0
55067,2537,0.0,0.0,0.0,3,1,1,1,2,0,1,0
55315,4173,0.0,3.0,1.0,19,12,4,3,18,0,1,0
55341,2158,1.0,0.0,0.0,7,2,2,1,5,0,2,0
55641,4493,0.0,2.0,0.0,6,4,4,1,5,0,1,0
55692,2149,0.0,5.0,0.0,2,1,1,1,1,0,1,0
55796,963,0.0,0.0,1.0,6,3,2,1,5,0,1,0
56084,1122,0.0,2.0,0.0,14,1,1,6,12,0,1,1
5632,4171,0.0,4.0,0.0,7,3,1,1,1,0,6,0
56856,4976,1.0,3.0,0.0,34,24,7,10,30,0,1,3
57094,4724,0.0,0.0,0.0,8,2,1,1,6,0,2,0
57481,1272,0.0,6.0,0.0,26,20,3,8,25,0,1,0
57638,1861,0.0,5.0,0.0,6,3,1,2,4,0,1,1
57949,3463,0.0,5.0,0.0,16,1,1,4,13,0,2,1
5806,316,0.0,3.0,0.0,6,2,1,2,4,0,1,1
58084,4765,0.0,3.0,0.0,7,1,1,3,6,0,1,0
58286,2876,0.0,2.0,1.0,7,5,1,1,6,0,1,0
58367,2289,0.0,6.0,1.0,14,2,1,1,13,0,1,0
58398,2273,0.0,3.0,0.0,19,4,1,4,18,0,1,0
58921,3361,1.0,3.0,0.0,2,1,1,1,1,0,1,0
59017,1454,0.0,3.0,0.0,4,1,1,2,2,0,2,0
59152,3635,0.0,4.0,1.0,1,1,1,1,0,0,1,0
59196,4043,0.0,0.0,0.0,2,2,2,1,1,0,1,0
59461,2193,0.0,0.0,0.0,7,2,2,1,6,0,1,0
59534,586,0.0,4.0,0.0,62,11,5,1,61,0,1,0
60448,3205,0.0,5.0,0.0,2,1,1,1,0,0,2,0
60468,141,0.0,3.0,0.0,13,11,2,1,12,0,1,0
60915,3941,0.0,4.0,2.0,19,6,1,5,16,0,1,2
60915,4444,0.0,4.0,2.0,21,11,1,2,19,0,2,0
61395,4976,0.0,4.0,0.0,3,1,1,1,2,0,1,0
61405,474,1.0,null,null,16,7,4,3,14,0,2,0
6148,3609,0.0,0.0,0.0,5,4,1,1,4,0,1,0
61818,993,0.0,0.0,1.0,5,2,2,1,4,0,1,0
61980,459,0.0,5.0,1.0,8,1,1,1,7,0,1,0
62031,4818,0.0,3.0,1.0,20,4,2,3,17,0,1,2
62569,1489,0.0,4.0,1.0,6,3,3,2,3,0,3,0
62854,4369,0.0,3.0,0.0,2,1,1,1,1,0,1,0
63476,4589,0.0,3.0,1.0,7,3,2,2,5,0,2,0
6472,643,0.0,3.0,0.0,9,8,4,1,8,0,1,0
64949,2424,0.0,3.0,0.0,20,3,1,2,19,0,1,0
65021,742,0.0,0.0,0.0,10,1,1,2,8,0,1,1
65149,1487,0.0,5.0,0.0,9,4,1,2,8,0,1,0
65225,4282,0.0,4.0,2.0,19,12,6,2,18,0,1,0
6543,794,0.0,4.0,1.0,10,6,3,1,8,0,2,0
65722,3614,0.0,3.0,1.0,5,1,1,3,4,0,1,0
66119,4659,0.0,0.0,0.0,2,1,1,1,0,0,1,1
66455,4504,0.0,2.0,0.0,26,12,1,2,24,0,2,0
66833,3826,0.0,3.0,1.0,7,1,1,1,6,0,1,0
67104,246,0.0,4.0,1.0,3,2,2,2,0,0,2,1
67163,1816,0.0,0.0,1.0,13,5,3,1,12,0,1,0
67726,1833,0.0,5.0,0.0,1,1,1,1,0,0,1,0
67790,2061,0.0,2.0,0.0,3,1,1,1,2,0,1,0
67857,2872,0.0,6.0,0.0,12,8,6,1,11,0,1,0
6909,4829,0.0,2.0,0.0,8,3,1,4,6,0,1,1
69440,492,0.0,0.0,0.0,2,1,1,1,1,0,1,0
69464,4197,0.0,3.0,1.0,2,1,1,1,1,0,1,0
69599,1200,0.0,3.0,0.0,7,1,1,1,3,0,4,0
69605,4044,0.0,3.0,0.0,15,13,6,1,14,0,1,0
69656,1062,0.0,2.0,1.0,42,25,7,1,41,0,1,0
70147,1487,0.0,0.0,0.0,14,3,1,2,13,0,1,0
7032,1504,0.0,2.0,0.0,1,1,1,1,0,0,1,0
70917,4427,0.0,5.0,0.0,3,1,1,2,2,0,1,0
71001,3236,0.0,0.0,0.0,8,1,1,2,7,0,1,0
71002,3546,0.0,5.0,0.0,2,1,1,1,1,0,1,0
71095,3022,0.0,3.0,0.0,7,2,1,2,6,0,1,0
71118,361,0.0,3.0,0.0,6,1,1,1,5,0,1,0
71359,4417,0.0,3.0,0.0,7,1,1,1,6,0,1,0
72047,1618,0.0,5.0,0.0,3,2,2,1,1,0,2,0
72104,4368,0.0,3.0,0.0,3,1,1,1,2,0,1,0
72318,1592,0.0,3.0,1.0,5,2,1,3,4,0,1,0
72342,2545,0.0,2.0,1.0,10,1,1,2,8,0,1,1
72544,1978,0.0,0.0,1.0,12,4,1,2,11,0,1,0
72902,3578,0.0,4.0,null,2,1,1,1,1,0,1,0
73347,3173,0.0,4.0,0.0,2,1,1,1,1,0,1,0
73388,4919,0.0,3.0,1.0,12,6,5,2,11,0,1,0
73916,2193,0.0,0.0,0.0,24,10,4,3,22,0,2,0
74125,2273,0.0,0.0,0.0,4,1,1,1,3,0,1,0
7485,845,0.0,5.0,0.0,5,2,1,1,3,0,2,0
75227,3154,0.0,0.0,2.0,3,1,1,2,2,0,1,0
75295,67,0.0,2.0,0.0,4,1,1,1,3,0,1,0
75871,1608,0.0,0.0,1.0,9,2,2,2,7,0,2,0
76178,3622,1.0,4.0,0.0,5,1,1,2,4,0,1,0
7665,141,0.0,3.0,0.0,8,2,2,2,6,0,1,1
76720,503,0.0,3.0,1.0,4,1,1,1,2,0,2,0
76869,2160,0.0,4.0,0.0,4,1,1,1,2,0,2,0
77490,4043,0.0,6.0,0.0,10,5,5,2,8,0,1,1
7751,2569,0.0,2.0,2.0,6,1,1,1,5,0,1,0
78260,4067,0.0,3.0,0.0,51,17,7,6,49,0,2,0
78288,1352,0.0,3.0,0.0,18,10,4,2,15,0,3,0
78328,2099,0.0,0.0,0.0,3,1,1,1,1,0,1,1
78728,4764,1.0,6.0,0.0,24,5,1,2,23,0,1,0
79028,4992,0.0,4.0,0.0,6,1,1,1,5,0,1,0
79629,3305,0.0,2.0,1.0,3,1,1,1,2,0,1,0
80306,133,0.0,3.0,0.0,3,2,1,1,2,0,1,0
80542,1841,0.0,3.0,0.0,1,1,1,1,0,0,1,0
80582,2031,0.0,3.0,0.0,15,4,1,2,13,0,1,1
81005,3851,0.0,2.0,0.0,11,3,3,2,8,0,3,0
81205,2745,0.0,3.0,0.0,4,1,1,1,3,0,1,0
81789,4049,0.0,0.0,0.0,3,2,1,1,2,0,1,0
82706,437,0.0,3.0,0.0,39,12,2,11,36,0,1,2
82791,1102,0.0,0.0,0.0,2,1,1,1,1,0,1,0
8356,474,0.0,3.0,0.0,40,17,13,3,30,0,9,1
83591,4585,0.0,0.0,0.0,3,1,1,2,2,0,1,0
8437,606,0.0,2.0,0.0,7,5,2,2,6,0,1,0
84476,4351,0.0,2.0,1.0,7,2,2,1,6,0,1,0
84696,2217,0.0,3.0,0.0,5,2,1,1,4,0,1,0
85070,1093,0.0,0.0,1.0,4,3,1,1,3,0,1,0
85074,3484,0.0,4.0,0.0,13,6,3,2,10,0,1,2
85417,3990,0.0,7.0,0.0,29,10,4,4,28,0,1,0
8551,1875,0.0,5.0,0.0,13,11,3,2,11,0,1,1
86355,1403,0.0,0.0,0.0,15,3,2,2,14,0,1,0
86468,1500,0.0,3.0,1.0,2,1,1,1,1,0,1,0
86609,4048,0.0,3.0,0.0,2,2,1,1,0,0,2,0
86654,2556,0.0,6.0,0.0,2,1,1,1,1,0,1,0
86724,4385,0.0,0.0,0.0,6,2,2,2,5,0,1,0
8678,687,0.0,7.0,1.0,8,2,1,2,7,0,1,0
86913,129,0.0,4.0,0.0,4,1,1,1,3,0,1,0
87054,2284,0.0,3.0,1.0,10,1,1,2,8,0,1,1
8717,747,0.0,4.0,0.0,1,1,1,1,0,0,1,0
87175,523,0.0,4.0,1.0,4,2,1,1,3,0,1,0
87253,3968,0.0,2.0,0.0,1,1,1,1,0,0,1,0
87298,66,0.0,4.0,1.0,9,2,1,2,7,0,2,0
87959,1035,0.0,6.0,0.0,23,8,5,2,19,0,4,0
88126,2932,1.0,6.0,0.0,10,5,5,3,9,0,1,0
88212,2821,0.0,0.0,1.0,5,1,1,1,4,0,1,0
88322,742,1.0,0.0,1.0,9,2,1,1,8,0,1,0
8881,4173,0.0,5.0,0.0,13,4,3,3,11,1,1,0
88866,557,0.0,0.0,0.0,4,1,1,3,3,0,1,0
89150,4044,0.0,3.0,0.0,5,4,2,1,4,0,1,0
89199,120,0.0,0.0,0.0,3,1,1,1,1,0,2,0
89243,3723,0.0,0.0,0.0,5,1,1,1,3,0,2,0
89465,4026,0.0,5.0,0.0,9,3,1,1,8,0,1,0
89533,2928,0.0,7.0,0.0,32,13,6,2,27,0,5,0
8960,729,1.0,0.0,0.0,8,2,2,2,7,0,1,0
90167,4245,0.0,0.0,0.0,4,2,2,1,3,0,1,0
90602,4072,0.0,3.0,0.0,35,13,5,9,30,0,3,2
91135,598,1.0,3.0,1.0,53,14,3,6,51,0,2,0
91964,1246,0.0,2.0,0.0,1,1,1,1,0,0,1,0
92085,4394,1.0,5.0,0.0,8,5,2,1,7,0,1,0
92236,3990,0.0,2.0,1.0,13,2,1,1,11,0,1,1
92295,2318,0.0,3.0,0.0,13,6,2,2,11,0,2,0
93067,3266,0.0,3.0,0.0,2,1,1,1,1,0,1,0
93157,2284,0.0,4.0,0.0,2,2,1,1,0,0,2,0
93644,748,0.0,4.0,0.0,6,1,1,1,4,1,1,0
93721,1470,0.0,5.0,0.0,1,1,1,1,0,0,1,0
94264,3103,0.0,4.0,0.0,3,1,1,2,2,0,1,0
94498,2422,1.0,4.0,1.0,20,7,5,4,17,0,3,0
94707,416,0.0,6.0,0.0,11,9,2,1,9,0,2,0
94847,4491,0.0,4.0,0.0,6,3,2,1,4,0,2,0
94986,2217,0.0,3.0,0.0,10,7,1,2,7,0,2,1
95260,4756,1.0,3.0,0.0,9,4,1,4,7,0,2,0
95915,1466,0.0,0.0,0.0,2,1,1,1,0,0,1,1
9594,4044,0.0,3.0,1.0,21,11,6,8,19,0,1,1
96279,1346,0.0,4.0,0.0,7,1,1,4,4,0,1,2
96448,4818,0.0,0.0,1.0,20,11,4,4,18,0,2,0
96526,2637,0.0,2.0,0.0,2,1,1,1,1,0,1,0
96896,361,0.0,0.0,1.0,16,7,3,2,15,0,1,0
97306,2242,0.0,4.0,0.0,9,8,3,2,8,0,1,0
97563,1345,0.0,3.0,0.0,7,4,1,2,6,0,1,0
97675,1318,0.0,3.0,0.0,23,6,2,1,22,0,1,0
98008,2313,0.0,3.0,0.0,6,2,1,2,4,0,1,1
98022,4039,0.0,3.0,1.0,2,1,1,1,1,0,1,0
98630,1102,0.0,3.0,0.0,2,2,1,2,0,0,1,1
98925,2403,0.0,5.0,1.0,5,2,1,1,3,0,2,0
99499,2900,0.0,4.0,1.0,2,1,1,1,1,0,1,0
99510,1738,0.0,3.0,0.0,29,18,4,1,28,0,1,0
