100034,4042,0.0,3.0,1.0,2,2,1,2,1,0,1,0
100220,3828,0.0,5.0,0.0,9,3,3,1,6,0,3,0
100320,2864,0.0,5.0,0.0,8,3,1,2,6,0,1,1
10039,4568,0.0,0.0,0.0,9,6,3,1,8,0,1,0
100550,4115,0.0,2.0,0.0,3,1,1,2,2,0,1,0
10111,3230,0.0,3.0,1.0,1,1,1,1,0,0,1,0
101393,4976,0.0,6.0,0.0,3,1,1,1,1,0,1,1
101802,4585,0.0,6.0,0.0,3,1,1,1,1,0,2,0
10267,1923,1.0,4.0,1.0,6,2,1,2,4,0,1,1
102762,2255,0.0,0.0,1.0,4,2,2,1,2,0,2,0
103787,645,0.0,4.0,0.0,11,2,1,3,9,0,1,1
104330,4540,0.0,3.0,0.0,4,1,1,1,3,0,1,0
104518,2746,0.0,3.0,0.0,7,2,1,4,6,0,1,0
105051,2217,0.0,4.0,0.0,6,2,1,1,5,0,1,0
105383,4727,0.0,5.0,1.0,7,1,1,1,6,0,1,0
105462,1843,0.0,6.0,0.0,8,5,2,1,7,0,1,0
105629,926,0.0,5.0,0.0,4,2,2,1,2,0,2,0
105978,4078,0.0,3.0,0.0,1,1,1,1,0,0,1,0
106022,3578,0.0,2.0,0.0,3,1,1,1,2,0,1,0
106702,4760,0.0,2.0,0.0,9,3,3,1,7,0,2,0
106901,3263,0.0,3.0,0.0,7,2,2,3,6,0,1,0
10693,606,0.0,0.0,0.0,4,2,2,1,3,0,1,0
107075,1102,0.0,4.0,0.0,22,9,6,3,21,0,1,0
107283,2031,0.0,3.0,0.0,3,1,1,1,2,0,1,0
107529,2229,0.0,7.0,0.0,5,3,3,1,3,0,2,0
107703,742,0.0,4.0,0.0,9,4,4,2,7,0,1,1
108038,812,0.0,3.0,0.0,3,2,1,1,2,0,1,0
108062,3959,0.0,4.0,0.0,11,5,4,1,7,0,4,0
109541,121,0.0,5.0,0.0,8,1,1,3,7,0,1,0
10976,4444,1.0,4.0,2.0,7,4,2,1,6,0,1,0
110052,1892,0.0,4.0,0.0,6,5,2,1,4,0,1,1
11009,1346,1.0,4.0,0.0,3,1,1,1,2,0,1,0
11035,4394,0.0,3.0,0.0,23,6,2,3,21,0,2,0
110871,2427,0.0,0.0,0.0,6,1,1,2,5,0,1,0
111370,798,0.0,0.0,0.0,29,8,7,3,26,0,2,1
111398,1393,1.0,4.0,0.0,97,45,11,8,79,0,2,16
111468,2361,0.0,3.0,0.0,1,1,1,1,0,0,1,0
111834,3476,0.0,3.0,0.0,10,4,3,2,9,0,1,0
111896,1437,0.0,4.0,0.0,14,1,1,3,13,0,1,0
112008,1056,0.0,3.0,2.0,3,3,3,3,1,0,1,1
11237,1936,0.0,3.0,0.0,2,1,1,1,1,0,1,0
112530,4044,0.0,4.0,0.0,8,2,1,2,6,0,1,1
113726,2721,0.0,0.0,1.0,6,1,1,1,5,0,1,0
113817,1031,0.0,3.0,0.0,131,12,2,6,126,0,4,1
113998,2273,0.0,0.0,0.0,53,7,1,6,45,0,1,7
114286,3727,0.0,3.0,0.0,4,2,1,2,3,0,1,0
114319,1760,0.0,3.0,0.0,44,16,4,2,39,0,3,2
114492,2081,0.0,4.0,1.0,6,1,1,2,4,0,2,0
114492,4071,0.0,4.0,1.0,9,4,1,3,8,0,1,0
114682,3893,0.0,5.0,0.0,1,1,1,1,0,0,1,0
114768,1526,0.0,0.0,0.0,3,1,1,1,2,0,1,0
114850,1512,0.0,5.0,1.0,1,1,1,1,0,0,1,0
114983,4783,0.0,5.0,1.0,3,1,1,1,1,0,2,0
115476,742,0.0,2.0,0.0,1,1,1,1,0,0,1,0
115586,4513,0.0,5.0,0.0,3,1,1,1,2,0,1,0
115865,786,0.0,2.0,0.0,13,4,2,3,10,0,1,2
116182,4666,0.0,4.0,0.0,4,1,1,2,3,0,1,0
11622,3619,0.0,0.0,0.0,4,1,1,2,3,0,1,0
116455,1742,0.0,4.0,1.0,3,1,1,1,2,0,1,0
116656,2138,0.0,3.0,0.0,10,2,2,2,7,0,1,2
116768,3476,0.0,0.0,1.0,4,1,1,3,2,0,1,1
116911,2161,0.0,0.0,0.0,2,1,1,1,1,0,1,0
116928,1434,0.0,0.0,0.0,5,1,1,1,4,0,1,0
117194,3728,0.0,2.0,1.0,2,1,1,1,1,0,1,0
117425,908,0.0,6.0,1.0,6,1,1,2,4,1,1,0
118493,861,0.0,6.0,1.0,9,2,1,1,8,0,1,0
119031,1541,0.0,2.0,1.0,8,1,1,1,7,0,1,0
119747,4265,0.0,3.0,0.0,12,3,3,1,10,0,2,0
120121,2403,0.0,0.0,0.0,20,10,2,5,14,0,1,5
120222,4090,0.0,0.0,0.0,9,3,1,2,8,0,1,0
120358,2821,0.0,5.0,0.0,3,1,1,1,2,0,1,0
121182,1816,0.0,0.0,0.0,21,12,4,1,19,0,1,1
122178,2928,0.0,4.0,1.0,11,5,3,1,10,0,1,0
122321,1487,0.0,2.0,0.0,1,1,1,1,0,0,1,0
122427,4960,0.0,5.0,0.0,2,1,1,1,1,0,1,0
122482,3828,0.0,3.0,0.0,14,5,5,3,13,0,1,0
122616,1056,0.0,3.0,0.0,6,3,1,2,4,0,2,0
122761,4170,0.0,4.0,1.0,2,2,1,1,0,0,2,0
122770,4270,0.0,4.0,0.0,6,3,2,1,5,0,1,0
12367,1393,1.0,5.0,0.0,16,10,6,5,13,0,1,2
123699,2051,0.0,6.0,0.0,16,2,1,3,12,0,4,0
124599,4735,0.0,3.0,1.0,6,2,1,2,5,0,1,0
124716,2698,0.0,3.0,1.0,11,7,1,1,10,0,1,0
12497,4044,0.0,3.0,1.0,5,2,1,1,4,0,1,0
125078,3345,0.0,3.0,0.0,4,2,2,2,2,0,1,1
125356,3828,0.0,3.0,0.0,15,9,2,3,14,0,1,0
125367,1487,0.0,4.0,1.0,7,1,1,1,6,0,1,0
12538,4783,0.0,6.0,1.0,1,1,1,1,0,0,1,0
126008,3054,0.0,0.0,2.0,2,1,1,1,1,0,1,0
126029,4287,1.0,3.0,2.0,27,4,3,8,23,0,2,2
126107,3288,0.0,7.0,1.0,3,2,2,1,2,0,1,0
126126,2537,0.0,3.0,0.0,15,7,3,5,12,0,3,0
1262,2138,0.0,2.0,0.0,9,4,4,2,6,0,2,1
126596,168,0.0,4.0,1.0,6,2,1,1,5,0,1,0
127283,3022,0.0,3.0,1.0,3,1,1,1,2,0,1,0
128103,2011,0.0,0.0,1.0,4,1,1,1,3,0,1,0
128114,4605,0.0,5.0,1.0,1,1,1,1,0,0,1,0
128787,4731,0.0,4.0,0.0,18,4,1,2,16,0,2,0
129420,962,0.0,3.0,0.0,2,1,1,1,1,0,1,0
129494,1102,0.0,2.0,0.0,23,15,4,2,21,0,2,0
129770,4775,1.0,0.0,0.0,3,1,1,2,2,0,1,0
130183,4818,0.0,0.0,1.0,15,2,2,1,14,0,1,0
130461,1875,1.0,5.0,1.0,5,3,1,1,4,0,1,0
130717,423,0.0,3.0,1.0,3,1,1,2,2,0,1,0
130842,4793,0.0,0.0,1.0,9,6,1,1,8,0,1,0
130965,2170,0.0,2.0,1.0,3,1,1,1,2,0,1,0
131361,2291,0.0,4.0,0.0,2,1,1,1,1,0,1,0
131576,398,0.0,0.0,0.0,3,1,1,2,2,0,1,0
131579,3111,0.0,3.0,0.0,8,5,2,2,7,0,1,0
131668,2193,0.0,2.0,1.0,10,6,4,3,8,0,2,0
133125,4605,0.0,3.0,0.0,1,1,1,1,0,0,1,0
133174,2008,0.0,0.0,1.0,4,1,1,1,3,0,1,0
133485,2954,0.0,4.0,2.0,4,1,1,1,2,0,2,0
134047,3944,0.0,6.0,1.0,2,1,1,1,0,0,2,0
134519,2620,0.0,2.0,0.0,7,2,2,1,5,0,2,0
134596,4465,0.0,6.0,0.0,7,4,1,1,2,0,5,0
134755,4044,0.0,4.0,0.0,22,15,5,2,19,0,3,0
134946,4026,0.0,0.0,0.0,4,2,2,2,3,0,1,0
135909,822,0.0,3.0,null,9,3,1,1,8,0,1,0
135995,3682,0.0,4.0,1.0,17,4,1,3,16,0,1,0
136040,3726,0.0,4.0,0.0,2,1,1,2,0,0,1,1
136163,1512,0.0,0.0,null,5,1,1,1,4,0,1,0
136466,2465,0.0,3.0,1.0,141,18,4,4,140,0,1,0
136649,3502,0.0,2.0,0.0,3,1,1,1,2,0,1,0
138264,1916,0.0,3.0,0.0,2,1,1,1,1,0,1,0
138702,1310,0.0,3.0,0.0,3,1,1,1,1,0,2,0
138913,4992,0.0,2.0,1.0,5,3,1,1,4,0,1,0
1390,1474,0.0,0.0,0.0,9,3,3,2,7,0,1,1
139558,4585,0.0,0.0,1.0,2,1,1,1,1,0,1,0
139610,2699,1.0,5.0,0.0,35,9,4,4,33,0,2,0
140088,3160,0.0,2.0,0.0,25,20,9,3,24,0,1,0
140127,1833,0.0,6.0,1.0,30,17,4,1,28,0,2,0
14015,2928,0.0,3.0,0.0,1,1,1,1,0,0,1,0
140724,361,0.0,0.0,0.0,13,7,3,1,11,0,1,1
140818,2857,0.0,0.0,1.0,9,1,1,1,5,0,4,0
141069,4079,0.0,4.0,0.0,8,3,1,1,6,0,2,0
141212,4371,0.0,4.0,1.0,4,1,1,1,3,0,1,0
141281,3623,0.0,2.0,0.0,11,1,1,1,9,0,2,0
141466,4724,0.0,4.0,0.0,15,4,1,5,13,0,1,1
141539,4071,0.0,3.0,0.0,4,1,1,1,3,0,1,0
141901,4705,0.0,6.0,0.0,5,1,1,1,2,0,2,1
142743,4976,0.0,5.0,0.0,7,4,3,1,5,0,2,0
143167,3609,0.0,2.0,0.0,1,1,1,1,0,0,1,0
143297,2099,0.0,6.0,0.0,2,1,1,1,1,0,1,0
143612,1054,1.0,3.0,0.0,2,1,1,1,1,0,1,0
143732,1342,0.0,0.0,0.0,5,1,1,1,4,0,1,0
143845,2217,0.0,3.0,0.0,1,1,1,1,0,0,1,0
143911,2001,0.0,5.0,0.0,2,2,1,1,0,0,2,0
143929,1193,0.0,6.0,1.0,2,1,1,2,1,0,1,0
144180,2721,0.0,0.0,0.0,8,2,1,1,7,0,1,0
144327,2277,0.0,3.0,1.0,7,1,1,2,6,0,1,0
144593,467,0.0,0.0,0.0,1,1,1,1,0,0,1,0
144910,4048,0.0,5.0,1.0,3,3,1,1,2,0,1,0
147105,2891,0.0,6.0,0.0,7,2,1,1,6,0,1,0
147161,3396,0.0,4.0,1.0,47,12,3,5,40,0,2,5
147479,534,0.0,0.0,0.0,2,1,1,1,1,0,1,0
147542,3545,0.0,3.0,1.0,3,2,1,1,2,0,1,0
147729,4079,0.0,3.0,0.0,3,2,1,1,0,0,3,0
148035,3073,0.0,4.0,1.0,1,1,1,1,0,0,1,0
148617,3022,0.0,4.0,1.0,4,1,1,1,3,0,1,0
149721,3304,0.0,0.0,1.0,6,2,2,2,5,0,1,0
149808,3912,0.0,3.0,1.0,25,9,4,2,21,0,3,1
149825,3784,0.0,0.0,1.0,5,3,2,2,4,0,1,0
149892,2537,0.0,3.0,0.0,9,4,2,2,6,0,3,0
150373,2537,0.0,0.0,0.0,10,6,3,1,6,0,4,0
150873,2821,0.0,4.0,1.0,5,2,2,1,4,0,1,0
151290,4173,0.0,4.0,1.0,3,1,1,1,2,0,1,0
151481,740,0.0,4.0,1.0,9,4,2,1,5,0,4,0
15174,2482,0.0,2.0,0.0,12,6,4,2,9,0,2,1
15191,2598,0.0,3.0,0.0,16,4,2,1,15,0,1,0
152093,1483,0.0,2.0,0.0,10,1,1,1,9,0,1,0
152492,1948,0.0,4.0,1.0,8,3,1,1,7,0,1,0
152520,1923,0.0,0.0,1.0,5,1,1,2,4,0,1,0
152682,685,0.0,5.0,1.0,3,1,1,2,2,0,1,0
152710,3826,0.0,0.0,0.0,9,1,1,4,8,0,1,0
152925,1618,0.0,0.0,0.0,1,1,1,1,0,0,1,0
153203,2592,0.0,4.0,2.0,7,1,1,1,6,0,1,0
153221,4724,0.0,3.0,1.0,4,2,1,1,3,0,1,0
154006,1020,0.0,4.0,0.0,4,3,1,1,3,0,1,0
154037,798,0.0,2.0,0.0,23,12,8,1,21,0,2,0
154082,1833,0.0,5.0,0.0,5,2,1,1,3,0,2,0
155154,145,0.0,2.0,1.0,5,1,1,1,4,0,1,0
155638,1918,0.0,5.0,1.0,1,1,1,1,0,0,1,0
155892,2422,0.0,3.0,0.0,2,1,1,1,1,0,1,0
156297,742,0.0,0.0,0.0,3,3,2,1,0,0,3,0
158242,2014,0.0,8.0,0.0,3,1,1,1,2,0,1,0
158275,3936,0.0,7.0,1.0,23,11,4,2,21,0,2,0
158415,1272,0.0,0.0,0.0,8,5,5,1,6,0,2,0
158778,547,1.0,3.0,0.0,2,1,1,1,1,0,1,0
159246,4090,0.0,5.0,1.0,10,3,1,1,9,0,1,0
159351,1393,0.0,6.0,1.0,7,6,4,2,0,0,1,6
159430,1892,1.0,4.0,1.0,33,22,8,8,32,0,1,0
159676,598,1.0,3.0,1.0,40,22,4,14,36,0,1,3
159897,1056,0.0,7.0,1.0,16,4,2,2,13,0,3,0
160105,3205,0.0,5.0,0.0,32,15,5,1,22,0,2,8
160432,2565,0.0,0.0,0.0,3,1,1,1,2,0,1,0
160562,606,1.0,0.0,1.0,39,23,9,5,36,0,3,0
160639,1443,0.0,4.0,1.0,5,1,1,1,4,0,1,0
1607,492,0.0,2.0,0.0,2,1,1,1,1,0,1,0
161041,898,0.0,5.0,0.0,5,3,3,1,4,0,1,0
161223,3159,0.0,4.0,0.0,2,1,1,1,1,0,1,0
161324,505,0.0,3.0,0.0,12,3,1,1,8,0,2,2
161601,933,0.0,0.0,0.0,2,1,1,1,1,0,1,0
16172,720,0.0,6.0,0.0,8,3,1,1,7,0,1,0
162883,3249,0.0,3.0,0.0,2,1,1,1,1,0,1,0
163183,4047,0.0,2.0,1.0,1,1,1,1,0,0,1,0
163627,3205,0.0,4.0,1.0,8,3,1,2,6,0,1,1
164038,2669,0.0,3.0,0.0,6,3,1,2,4,0,1,1
164208,4050,0.0,4.0,1.0,2,1,1,1,1,0,1,0
164209,2669,0.0,0.0,0.0,18,2,2,2,15,0,2,1
164407,4336,0.0,4.0,1.0,1,1,1,1,0,0,1,0
164641,786,0.0,3.0,0.0,9,5,2,1,8,0,1,0
164825,2775,0.0,3.0,0.0,3,1,1,1,2,0,1,0
165081,2435,0.0,0.0,0.0,3,1,1,2,1,0,1,1
166032,3886,0.0,3.0,1.0,6,2,2,1,4,0,2,0
166433,3376,0.0,0.0,0.0,3,1,1,1,2,0,1,0
167205,4976,0.0,2.0,0.0,2,2,2,2,1,0,1,0
16721,4871,0.0,2.0,1.0,1,1,1,1,0,0,1,0
167599,1667,0.0,4.0,1.0,12,3,1,3,10,0,1,1
167750,2193,0.0,3.0,0.0,1,1,1,1,0,0,1,0
168092,95,0.0,2.0,0.0,12,2,1,2,9,0,1,2
168236,66,0.0,4.0,0.0,1,1,1,1,0,0,1,0
168478,2824,0.0,0.0,0.0,3,2,2,1,2,0,1,0
168552,1816,0.0,2.0,1.0,23,9,4,4,19,0,1,3
168751,296,0.0,3.0,0.0,63,18,8,5,62,0,1,0
169020,2217,0.0,4.0,0.0,8,3,1,1,7,0,1,0
169471,606,0.0,4.0,0.0,107,37,11,3,105,0,2,0
169601,293,0.0,0.0,0.0,15,1,1,4,12,1,1,1
169810,643,0.0,4.0,0.0,12,8,3,1,10,0,1,1
170638,1923,0.0,3.0,1.0,4,1,1,1,3,0,1,0
170689,1399,0.0,0.0,1.0,3,1,1,2,2,0,1,0
170695,1816,0.0,2.0,0.0,8,4,2,2,7,0,1,0
171743,4173,0.0,4.0,0.0,2,2,2,2,1,0,1,0
171815,1412,0.0,6.0,0.0,1,1,1,1,0,0,1,0
171892,632,0.0,3.0,0.0,12,2,1,3,11,0,1,0
172646,790,1.0,0.0,0.0,9,4,4,1,5,0,4,0
173616,3460,0.0,2.0,0.0,5,1,1,2,3,0,1,1
173720,3105,0.0,3.0,2.0,2,1,1,1,0,0,2,0
175191,4325,0.0,3.0,1.0,7,2,1,1,6,0,1,0
175530,2569,0.0,5.0,0.0,12,2,1,3,10,0,2,0
17554,2318,0.0,7.0,1.0,2,1,1,1,1,0,1,0
175557,2821,0.0,4.0,0.0,1,1,1,1,0,0,1,0
175598,4143,0.0,2.0,0.0,54,22,9,1,50,0,4,0
175837,2447,0.0,0.0,0.0,1,1,1,1,0,0,1,0
175861,2448,1.0,3.0,0.0,3,1,1,1,2,0,1,0
176238,3828,0.0,0.0,0.0,18,10,3,1,17,0,1,0
1763,4847,0.0,0.0,0.0,25,14,6,1,21,0,1,3
176739,643,0.0,4.0,0.0,4,2,1,2,1,0,1,2
177012,783,0.0,0.0,0.0,4,1,1,2,3,0,1,0
177148,4282,0.0,4.0,0.0,1,1,1,1,0,0,1,0
178394,1618,0.0,5.0,0.0,8,3,1,2,6,0,1,1
178735,474,0.0,3.0,0.0,1,1,1,1,0,0,1,0
178986,3642,0.0,0.0,0.0,1,1,1,1,0,0,1,0
179438,900,0.0,0.0,1.0,7,1,1,1,0,0,7,0
180835,4282,0.0,3.0,1.0,4,4,4,2,3,0,1,0
181217,467,0.0,3.0,0.0,7,3,1,1,5,0,2,0
181796,798,0.0,2.0,0.0,1,1,1,1,0,0,1,0
181818,1102,0.0,2.0,0.0,68,21,3,4,62,0,2,4
182032,1679,0.0,3.0,2.0,12,3,1,1,11,0,1,0
182577,2443,0.0,5.0,0.0,6,3,1,3,5,0,1,0
182614,1712,0.0,3.0,0.0,8,3,2,1,7,0,1,0
183054,2565,0.0,0.0,0.0,2,1,1,2,1,0,1,0
183731,3734,0.0,3.0,0.0,7,3,1,4,6,0,1,0
183814,3609,0.0,5.0,0.0,5,2,1,1,4,0,1,0
183814,4580,0.0,5.0,0.0,1,1,1,1,0,0,1,0
184317,3323,0.0,0.0,0.0,4,3,1,1,3,0,1,0
184444,2273,0.0,3.0,1.0,2,1,1,1,1,0,1,0
184560,4659,0.0,4.0,0.0,15,9,6,2,13,0,2,0
185256,4705,0.0,2.0,0.0,1,1,1,1,0,0,1,0
185377,3585,0.0,0.0,1.0,3,1,1,2,2,0,1,0
18572,3854,0.0,3.0,0.0,4,1,1,2,3,0,1,0
186329,1126,0.0,0.0,0.0,30,12,6,3,25,0,1,4
186629,4605,0.0,3.0,0.0,6,3,3,1,3,0,3,0
187190,3472,0.0,5.0,0.0,2,1,1,1,1,0,1,0
187633,2193,0.0,6.0,0.0,7,1,1,1,6,0,1,0
187719,4710,0.0,2.0,0.0,6,1,1,3,4,0,1,1
187834,927,0.0,4.0,1.0,4,1,1,1,3,0,1,0
18790,2303,0.0,5.0,0.0,8,2,1,4,7,0,1,0
188203,2173,1.0,3.0,0.0,11,6,1,1,8,0,3,0
188213,3168,0.0,0.0,0.0,18,5,2,4,15,0,1,2
188396,3803,0.0,4.0,0.0,2,1,1,1,1,0,1,0
188825,1861,0.0,3.0,0.0,1,1,1,1,0,0,1,0
188922,198,0.0,0.0,0.0,4,1,1,1,3,0,1,0
189315,4499,0.0,4.0,1.0,2,1,1,1,1,0,1,0
189891,682,0.0,3.0,0.0,8,5,2,3,7,0,1,0
190476,2891,0.0,2.0,0.0,16,7,2,1,14,0,2,0
190494,3176,0.0,3.0,0.0,6,2,2,1,4,0,1,1
191260,2128,0.0,3.0,0.0,6,3,2,3,5,0,1,0
191865,606,0.0,3.0,0.0,47,26,6,2,44,0,1,2
192852,278,0.0,4.0,0.0,9,1,1,2,7,0,1,1
193108,1892,0.0,3.0,0.0,8,2,2,1,6,0,2,0
193210,1840,0.0,0.0,0.0,2,1,1,1,1,0,1,0
194222,1798,0.0,4.0,1.0,16,3,1,5,13,0,1,2
194540,4993,0.0,5.0,0.0,8,2,1,1,5,0,3,0
194723,1076,0.0,4.0,1.0,3,2,1,1,2,0,1,0
194734,4427,0.0,3.0,1.0,15,6,2,2,12,0,2,1
194735,3127,0.0,3.0,0.0,6,3,2,1,5,0,1,0
195113,1833,0.0,6.0,0.0,9,3,2,1,8,0,1,0
19518,4083,0.0,4.0,1.0,8,2,2,2,6,0,2,0
195358,547,0.0,3.0,1.0,36,16,2,1,33,0,1,2
195548,4071,0.0,6.0,0.0,5,2,1,1,3,0,2,0
195677,4394,0.0,3.0,0.0,53,16,3,6,46,0,1,6
195749,2795,0.0,5.0,0.0,1,1,1,1,0,0,1,0
195874,4731,0.0,3.0,0.0,7,1,1,2,5,1,1,0
195884,4394,0.0,3.0,0.0,4,2,1,1,3,0,1,0
196488,4079,0.0,6.0,0.0,1,1,1,1,0,0,1,0
196589,2511,0.0,2.0,0.0,3,1,1,1,2,0,1,0
196699,4600,0.0,0.0,0.0,4,1,1,1,3,0,1,0
197837,2128,0.0,0.0,0.0,4,3,3,2,1,0,3,0
198462,3938,0.0,2.0,1.0,3,1,1,1,2,0,1,0
19864,2173,0.0,5.0,0.0,16,5,2,1,15,0,1,0
198655,721,0.0,4.0,0.0,16,4,1,2,14,0,1,1
199125,2014,0.0,4.0,0.0,41,21,3,8,40,0,1,0
199155,1472,0.0,2.0,1.0,3,1,1,1,2,0,1,0
199173,2128,0.0,3.0,0.0,2,1,1,1,1,0,1,0
199331,897,0.0,3.0,0.0,14,4,2,1,8,0,3,3
200063,621,0.0,0.0,1.0,2,1,1,1,1,0,1,0
200064,3734,0.0,4.0,1.0,1,1,1,1,0,0,1,0
200870,1926,0.0,3.0,0.0,14,3,1,4,11,0,1,2
201015,2173,0.0,3.0,1.0,15,9,3,2,13,0,1,1
201065,1978,0.0,4.0,0.0,4,1,1,1,3,0,1,0
20114,2443,0.0,0.0,0.0,4,2,1,1,3,0,1,0
201464,2209,0.0,3.0,0.0,7,2,1,3,6,0,1,0
201484,2397,0.0,4.0,1.0,11,5,1,2,9,0,1,1
201704,3898,0.0,4.0,0.0,17,2,1,6,16,0,1,0
201972,3578,0.0,3.0,0.0,20,8,3,2,19,0,1,0
202289,4361,0.0,0.0,0.0,1,1,1,1,0,0,1,0
2029,1963,0.0,0.0,1.0,7,3,1,1,6,0,1,0
203169,3335,0.0,4.0,0.0,2,1,1,1,1,0,1,0
203361,4079,1.0,3.0,1.0,7,1,1,1,3,0,4,0
203929,121,0.0,4.0,1.0,3,1,1,1,2,0,1,0
204106,1740,0.0,2.0,1.0,14,3,1,1,12,0,2,0
204199,1661,0.0,4.0,1.0,1,1,1,1,0,0,1,0
204511,3102,0.0,2.0,0.0,21,2,2,2,19,0,1,1
205310,2505,0.0,0.0,0.0,1,1,1,1,0,0,1,0
205488,1393,0.0,4.0,0.0,41,23,5,7,26,0,3,12
205757,1359,1.0,2.0,0.0,6,1,1,1,5,0,1,0
206405,4044,0.0,5.0,0.0,126,54,9,6,124,0,2,0
206726,1910,0.0,0.0,0.0,4,2,1,2,3,0,1,0
206876,2856,0.0,3.0,0.0,6,2,1,1,5,0,1,0
206936,141,0.0,3.0,0.0,7,4,3,4,2,0,2,3
207134,4116,0.0,3.0,1.0,18,5,2,3,16,0,2,0
207151,2273,0.0,5.0,0.0,4,2,1,1,3,0,1,0
207296,2108,0.0,5.0,1.0,3,1,1,1,2,0,1,0
207333,1582,0.0,3.0,0.0,22,5,2,2,21,0,1,0
207539,960,0.0,0.0,0.0,6,1,1,2,5,0,1,0
20762,3766,0.0,2.0,0.0,6,4,3,1,5,0,1,0
207842,2217,0.0,2.0,0.0,4,1,1,2,3,0,1,0
208049,2883,0.0,3.0,0.0,10,1,1,1,8,0,2,0
208101,3013,0.0,0.0,0.0,15,2,2,1,13,0,2,0
208270,4044,0.0,2.0,0.0,56,21,5,3,49,0,1,6
208794,4659,0.0,3.0,0.0,13,7,5,3,12,0,1,0
209472,22,0.0,5.0,1.0,5,3,2,1,4,0,1,0
210057,3853,0.0,6.0,0.0,22,5,3,6,20,0,1,1
210109,2613,0.0,0.0,0.0,10,4,3,2,7,0,3,0
210423,145,0.0,3.0,0.0,3,1,1,1,2,0,1,0
21066,1133,0.0,0.0,1.0,6,1,1,2,5,0,1,0
210781,1583,0.0,6.0,0.0,24,5,3,3,23,0,1,0
21171,687,0.0,3.0,1.0,7,1,1,3,5,0,1,1
211953,1090,0.0,6.0,1.0,7,1,1,3,6,0,1,0
212103,3826,0.0,0.0,0.0,3,1,1,1,1,0,1,1
212585,3152,0.0,3.0,0.0,3,1,1,1,2,0,1,0
212667,1885,0.0,3.0,0.0,10,4,2,1,8,0,2,0
212883,2447,0.0,3.0,0.0,10,1,1,2,8,0,1,1
213370,1831,0.0,3.0,0.0,2,1,1,1,1,0,1,0
213523,835,0.0,0.0,0.0,2,1,1,1,1,0,1,0
214017,4394,0.0,4.0,2.0,30,18,2,5,28,0,2,0
214199,4783,0.0,4.0,1.0,3,1,1,1,2,0,1,0
2142,574,0.0,0.0,0.0,6,3,1,2,5,0,1,0
214450,2173,1.0,7.0,0.0,32,14,2,3,30,0,1,1
214522,1200,0.0,null,null,6,3,2,2,4,0,2,0
215366,3675,0.0,5.0,0.0,1,1,1,1,0,0,1,0
215742,1833,0.0,4.0,0.0,34,8,4,2,32,0,2,0
216288,58,0.0,2.0,0.0,2,1,1,1,1,0,1,0
21696,4394,1.0,6.0,0.0,15,3,2,3,14,0,1,0
218052,3809,0.0,4.0,1.0,8,2,2,5,7,0,1,0
218676,2537,1.0,4.0,0.0,9,4,1,1,8,0,1,0
218786,1487,1.0,6.0,0.0,2,1,1,2,1,0,1,0
218837,1454,0.0,3.0,0.0,4,1,1,1,2,0,2,0
218999,412,0.0,4.0,1.0,5,1,1,2,4,0,1,0
219552,2313,0.0,6.0,1.0,2,1,1,1,1,0,1,0
219807,1031,0.0,3.0,0.0,6,1,1,2,5,0,1,0
220254,2279,0.0,0.0,0.0,4,1,1,1,3,0,1,0
221345,3152,0.0,6.0,1.0,4,1,1,1,3,0,1,0
221492,1332,0.0,6.0,1.0,7,1,1,3,5,0,1,1
222142,2482,0.0,2.0,0.0,7,1,1,3,5,0,1,1
222184,3319,0.0,4.0,2.0,4,2,2,2,3,0,1,0
222194,4044,0.0,3.0,0.0,5,2,2,1,4,0,1,0
222780,2482,0.0,0.0,0.0,4,2,2,2,3,0,1,0
223249,2014,0.0,3.0,0.0,6,4,2,2,4,0,1,1
224188,1102,0.0,0.0,0.0,2,1,1,1,1,0,1,0
224392,1096,0.0,null,null,10,3,2,2,7,0,1,2
224746,1726,0.0,4.0,0.0,9,1,1,2,8,0,1,0
224780,4585,0.0,4.0,0.0,4,1,1,1,3,0,1,0
225170,2824,0.0,6.0,1.0,6,2,2,3,5,0,1,0
225302,4607,0.0,5.0,0.0,12,3,1,1,11,0,1,0
225330,2935,0.0,3.0,0.0,1,1,1,1,0,0,1,0
225725,1742,0.0,4.0,0.0,15,7,1,2,13,0,2,0
226085,2935,0.0,0.0,0.0,3,1,1,1,2,0,1,0
226270,3236,0.0,4.0,1.0,1,1,1,1,0,0,1,0
226348,2353,0.0,3.0,0.0,12,2,1,3,11,0,1,0
226474,4760,0.0,3.0,0.0,8,3,1,1,7,0,1,0
227190,3541,0.0,3.0,1.0,4,1,1,1,3,0,1,0
227643,4354,0.0,0.0,1.0,2,1,1,1,1,0,1,0
227925,4282,1.0,3.0,0.0,161,95,13,11,131,0,1,29
228074,1892,0.0,5.0,0.0,18,4,3,1,16,0,2,0
228159,361,0.0,3.0,0.0,5,1,1,1,4,0,1,0
228296,3291,0.0,0.0,0.0,4,1,1,1,3,0,1,0
228307,598,0.0,3.0,1.0,7,3,2,3,6,0,1,0
228598,2872,0.0,4.0,0.0,8,4,3,2,7,0,1,0
22862,3734,0.0,0.0,1.0,14,3,3,1,12,0,2,0
228718,2066,0.0,3.0,1.0,9,7,1,3,8,0,1,0
228990,2309,0.0,0.0,0.0,9,2,1,2,7,0,1,1
229010,4607,0.0,0.0,1.0,11,2,1,3,10,0,1,0
229433,503,1.0,0.0,0.0,16,13,3,2,15,0,1,0
23044,724,0.0,6.0,1.0,3,1,1,1,2,0,1,0
230749,2128,0.0,5.0,0.0,5,1,1,1,3,0,2,0
231007,2565,0.0,4.0,0.0,9,7,1,1,7,0,2,0
231288,1890,0.0,7.0,0.0,25,5,3,3,23,0,1,1
231477,3129,0.0,3.0,1.0,9,1,1,1,8,0,1,0
231615,1683,1.0,3.0,0.0,6,1,1,1,3,0,3,0
233013,4150,0.0,3.0,0.0,5,2,2,1,3,0,2,0
233274,2082,0.0,4.0,0.0,7,2,1,1,6,0,1,0
233834,1393,0.0,3.0,0.0,4,2,2,1,2,0,2,0
233977,1393,1.0,2.0,0.0,9,6,5,1,8,0,1,0
234164,4724,0.0,0.0,0.0,1,1,1,1,0,0,1,0
234200,4512,0.0,4.0,1.0,16,8,1,1,15,0,1,0
234421,2450,1.0,4.0,0.0,4,1,1,1,3,0,1,0
23443,1840,0.0,6.0,1.0,2,1,1,1,1,0,1,0
234565,2936,0.0,4.0,0.0,3,1,1,1,2,0,1,0
234693,4499,0.0,7.0,0.0,12,2,1,3,9,0,1,2
23471,3683,0.0,3.0,0.0,8,2,1,2,6,0,1,1
235041,1890,0.0,0.0,1.0,14,4,2,6,11,0,1,2
235156,817,0.0,4.0,0.0,4,1,1,3,3,0,1,0
235344,3844,0.0,4.0,0.0,20,13,6,2,19,0,1,0
235607,4641,0.0,4.0,1.0,6,3,2,1,3,0,3,0
235874,3619,0.0,4.0,1.0,25,7,5,2,23,0,1,1
235956,4198,0.0,3.0,0.0,3,1,1,1,2,0,1,0
236052,4504,1.0,0.0,0.0,12,2,1,1,11,0,1,0
236193,1026,0.0,3.0,0.0,3,1,1,1,2,0,1,0
23620,2435,0.0,2.0,1.0,7,2,1,1,5,0,2,0
23639,547,1.0,3.0,1.0,23,17,2,1,22,0,1,0
236771,4742,0.0,7.0,0.0,2,1,1,1,1,0,1,0
237307,1487,0.0,0.0,0.0,2,1,1,1,1,0,1,0
237412,2505,0.0,7.0,1.0,1,1,1,1,0,0,1,0
237431,3558,1.0,5.0,0.0,3,1,1,1,2,0,1,0
237669,933,0.0,4.0,0.0,7,2,1,3,6,0,1,0
239010,1565,0.0,4.0,2.0,25,5,2,4,24,0,1,0
239022,1679,1.0,4.0,0.0,2,1,1,1,1,0,1,0
239045,4171,0.0,4.0,0.0,23,7,2,1,13,0,10,0
240218,2082,0.0,6.0,0.0,19,6,3,5,18,0,1,0
240866,4346,1.0,6.0,0.0,3,1,1,1,2,0,1,0
241140,742,0.0,3.0,0.0,4,1,1,3,1,0,1,2
241697,2776,0.0,3.0,0.0,2,1,1,1,1,0,1,0
241943,598,0.0,0.0,1.0,5,2,2,1,4,0,1,0
241953,3541,0.0,2.0,1.0,9,1,1,4,8,0,1,0
242076,3571,0.0,2.0,0.0,2,1,1,2,0,0,1,1
242251,2537,1.0,0.0,1.0,3,2,2,1,2,0,1,0
242596,2273,0.0,3.0,0.0,6,2,1,2,5,0,1,0
242820,1412,0.0,2.0,0.0,5,1,1,3,4,0,1,0
24298,4048,0.0,2.0,1.0,3,1,1,1,2,0,1,0
243434,3955,0.0,5.0,null,4,3,1,1,3,0,1,0
243469,2954,0.0,0.0,1.0,36,10,5,1,30,0,5,1
243743,4382,0.0,5.0,0.0,5,2,1,1,4,0,1,0
243966,4322,0.0,0.0,0.0,8,2,1,3,7,0,1,0
244199,1348,0.0,6.0,0.0,2,1,1,1,1,0,1,0
244294,1899,0.0,0.0,0.0,4,2,2,1,3,0,1,0
244329,4569,0.0,0.0,0.0,5,1,1,1,3,0,2,0
24435,2836,0.0,2.0,0.0,7,2,2,3,6,0,1,0
244517,1926,1.0,5.0,0.0,125,59,13,10,118,0,7,0
245473,2001,0.0,4.0,0.0,7,1,1,1,6,0,1,0
24551,4048,0.0,3.0,0.0,2,1,1,1,1,0,1,0
245682,2618,0.0,2.0,0.0,3,2,1,1,2,0,1,0
246164,2981,0.0,0.0,0.0,32,11,3,2,26,0,1,5
246336,574,0.0,0.0,1.0,2,1,1,1,1,0,1,0
246675,1878,0.0,4.0,0.0,3,1,1,1,2,0,1,0
247166,1126,0.0,6.0,0.0,41,18,8,2,39,0,2,0
247614,4783,0.0,5.0,0.0,3,1,1,2,1,0,1,1
248024,2273,0.0,4.0,0.0,9,2,1,1,8,0,1,0
248120,882,0.0,3.0,0.0,2,1,1,1,1,0,1,0
248145,4659,1.0,3.0,0.0,19,8,2,2,18,0,1,0
248582,4044,0.0,3.0,null,14,5,3,1,13,0,1,0
248826,2473,0.0,0.0,null,4,2,2,2,3,0,1,0
249916,1695,0.0,3.0,0.0,2,1,1,1,1,0,1,0
250968,4499,0.0,3.0,0.0,2,1,1,1,1,0,1,0
251056,3959,0.0,4.0,0.0,4,1,1,1,2,0,2,0
251625,1102,0.0,3.0,0.0,13,7,1,5,11,0,1,1
251636,4558,0.0,3.0,0.0,3,1,1,1,2,0,1,0
252124,2769,0.0,0.0,1.0,7,4,2,2,5,0,1,1
252169,804,0.0,3.0,0.0,3,1,1,1,2,0,1,0
252855,1305,0.0,4.0,0.0,2,1,1,2,1,0,1,0
253175,2320,0.0,3.0,0.0,1,1,1,1,0,0,1,0
253287,4534,0.0,null,null,9,3,3,2,4,0,5,0
253412,1816,0.0,2.0,1.0,5,1,1,3,4,0,1,0
253605,3444,0.0,3.0,0.0,12,1,1,1,11,0,1,0
253815,1784,0.0,6.0,0.0,1,1,1,1,0,0,1,0
25408,3501,0.0,3.0,0.0,11,9,6,2,10,0,1,0
25424,3839,0.0,6.0,0.0,9,2,1,2,8,0,1,0
254548,1495,0.0,6.0,1.0,7,3,1,3,6,0,1,0
254577,2099,1.0,4.0,0.0,1,1,1,1,0,0,1,0
255058,1150,0.0,4.0,1.0,2,1,1,1,1,0,1,0
255364,2161,0.0,6.0,0.0,5,3,2,1,4,0,1,0
255528,4131,0.0,4.0,0.0,7,1,1,2,6,0,1,0
255625,4403,0.0,0.0,0.0,2,1,1,1,1,0,1,0
256171,2981,0.0,0.0,1.0,6,1,1,2,5,0,1,0
256442,1102,0.0,0.0,0.0,3,2,2,2,1,1,1,0
25652,4578,0.0,4.0,0.0,8,1,1,2,7,0,1,0
25663,4281,0.0,4.0,1.0,2,1,1,1,1,0,1,0
25731,66,0.0,6.0,1.0,5,3,1,1,3,0,2,0
257355,4049,0.0,4.0,0.0,2,1,1,1,1,0,1,0
257842,1892,0.0,3.0,0.0,24,3,1,4,21,0,1,2
258161,742,0.0,3.0,0.0,5,3,3,1,4,0,1,0
258911,2669,0.0,4.0,0.0,7,2,1,2,6,0,1,0
259070,2060,0.0,6.0,1.0,4,1,1,1,2,0,2,0
259198,2102,0.0,0.0,0.0,2,1,1,1,1,0,1,0
259415,4280,0.0,4.0,0.0,8,1,1,4,7,0,1,0
259541,2273,0.0,6.0,1.0,1,1,1,1,0,0,1,0
259654,221,0.0,2.0,0.0,5,1,1,1,4,0,1,0
259901,3159,0.0,4.0,0.0,22,7,4,2,18,0,4,0
260452,1407,0.0,3.0,0.0,35,1,1,1,34,0,1,0
261289,2108,0.0,3.0,1.0,1,1,1,1,0,0,1,0
26184,396,0.0,5.0,0.0,2,1,1,1,1,0,1,0
26192,2537,0.0,2.0,1.0,7,2,2,1,6,0,1,0
262537,474,0.0,5.0,0.0,9,5,1,2,8,0,1,0
262890,3955,0.0,5.0,1.0,2,1,1,1,1,0,1,0
26373,4662,0.0,3.0,0.0,7,2,1,2,6,0,1,0
263810,2099,0.0,6.0,1.0,3,1,1,1,2,0,1,0
263910,1832,1.0,3.0,0.0,2,1,1,1,1,0,1,0
264197,742,0.0,5.0,0.0,2,1,1,1,1,0,1,0
264329,4911,0.0,0.0,0.0,5,3,3,2,4,0,1,0
264693,2928,0.0,5.0,1.0,2,2,1,1,0,0,2,0
264740,1448,0.0,8.0,0.0,2,1,1,1,1,0,1,0
264848,606,0.0,0.0,0.0,1,1,1,1,0,0,1,0
264999,3291,0.0,3.0,0.0,4,2,1,1,3,0,1,0
26526,1031,0.0,4.0,1.0,11,5,1,1,10,0,1,0
265278,508,0.0,2.0,1.0,16,7,1,2,10,0,2,4
265546,4848,0.0,0.0,0.0,9,2,1,2,7,0,1,1
265721,66,0.0,0.0,null,5,3,2,1,4,0,1,0
265824,4527,0.0,3.0,0.0,9,3,1,1,8,0,1,0
266004,2238,0.0,0.0,0.0,11,6,4,1,8,0,3,0
266895,408,0.0,3.0,0.0,9,1,1,2,6,0,2,1
267130,606,0.0,2.0,0.0,43,6,4,5,40,0,1,2
267218,4170,0.0,0.0,1.0,4,1,1,1,2,0,2,0
267381,798,0.0,3.0,0.0,47,16,10,1,42,0,5,0
267563,4044,0.0,0.0,0.0,37,13,2,3,32,0,1,4
267828,4073,0.0,0.0,0.0,10,1,1,1,9,0,1,0
267976,689,0.0,2.0,0.0,4,2,1,1,3,0,1,0
268040,3578,0.0,4.0,0.0,5,1,1,1,4,0,1,0
26836,2537,0.0,3.0,0.0,3,1,1,1,2,0,1,0
268559,2448,1.0,3.0,0.0,100,37,4,2,91,0,4,5
269667,4044,0.0,0.0,0.0,24,11,3,2,20,0,4,0
269769,4605,0.0,6.0,1.0,10,8,7,2,9,0,1,0
270653,3306,0.0,3.0,0.0,5,1,1,1,4,0,1,0
271525,4818,0.0,3.0,0.0,17,10,3,1,15,1,1,0
271731,2565,1.0,0.0,0.0,5,2,1,1,1,0,4,0
271731,437,0.0,0.0,0.0,5,4,1,1,4,0,1,0
272269,2170,0.0,4.0,0.0,2,1,1,1,1,0,1,0
27247,2611,0.0,3.0,2.0,19,6,6,1,15,0,3,1
273765,3347,0.0,0.0,0.0,23,4,1,3,22,0,1,0
273945,4335,0.0,0.0,0.0,9,3,2,1,7,0,1,1
274288,962,0.0,3.0,0.0,7,3,1,1,6,0,1,0
274330,2928,0.0,3.0,0.0,2,1,1,1,1,0,1,0
274514,1489,0.0,6.0,0.0,7,4,1,2,6,0,1,0
274514,3236,0.0,6.0,0.0,4,1,1,2,3,0,1,0
274642,4367,1.0,3.0,0.0,4,2,1,1,3,0,1,0
274992,794,0.0,4.0,0.0,11,7,1,2,10,0,1,0
275466,2397,0.0,4.0,1.0,9,1,1,3,7,0,1,1
275745,2403,0.0,5.0,0.0,2,1,1,1,1,0,1,0
276185,3623,0.0,2.0,0.0,4,2,2,2,3,0,1,0
276217,2284,0.0,5.0,0.0,5,1,1,1,4,0,1,0
276337,3205,0.0,5.0,0.0,9,3,1,1,6,0,2,1
276733,2954,0.0,3.0,1.0,4,1,1,3,3,0,1,0
277227,4048,0.0,6.0,0.0,1,1,1,1,0,0,1,0
2776,66,0.0,0.0,1.0,3,1,1,2,2,0,1,0
277748,1890,0.0,4.0,0.0,7,4,2,1,6,0,1,0
277944,2031,0.0,2.0,1.0,8,2,1,1,7,0,1,0
279445,4687,0.0,0.0,2.0,22,1,1,1,21,0,1,0
279673,3954,0.0,4.0,1.0,2,1,1,1,1,0,1,0
281008,1415,1.0,6.0,0.0,3,1,1,2,2,0,1,0
281270,598,0.0,3.0,1.0,4,1,1,1,3,0,1,0
281666,3938,0.0,4.0,2.0,2,1,1,1,1,0,1,0
282214,66,0.0,3.0,1.0,1,1,1,1,0,0,1,0
282443,1451,0.0,3.0,0.0,18,10,2,2,16,0,2,0
282629,3971,0.0,3.0,0.0,1,1,1,1,0,0,1,0
282757,1679,1.0,4.0,0.0,12,7,3,1,10,0,2,0
283173,4976,0.0,0.0,1.0,5,3,3,1,4,0,1,0
283197,1346,0.0,3.0,0.0,12,5,1,2,7,0,1,4
283437,4760,0.0,5.0,1.0,2,1,1,2,1,0,1,0
283451,1472,0.0,0.0,0.0,9,4,1,2,7,1,1,0
283782,1878,0.0,0.0,0.0,18,4,2,3,17,0,1,0
283881,1352,0.0,4.0,0.0,2,1,1,1,1,0,1,0
283923,897,0.0,4.0,0.0,41,13,10,3,35,0,6,0
283953,630,0.0,3.0,0.0,52,21,10,4,45,0,5,2
284003,4049,0.0,4.0,0.0,5,3,3,3,0,0,3,2
284582,3954,0.0,3.0,1.0,4,2,2,1,3,0,1,0
28483,4287,0.0,3.0,2.0,3,2,2,1,1,0,2,0
285579,1056,0.0,3.0,0.0,10,5,4,1,6,0,4,0
285620,4044,0.0,3.0,0.0,43,26,8,2,39,0,4,0
286043,798,0.0,0.0,1.0,8,5,3,1,7,0,1,0
286215,3753,0.0,2.0,1.0,2,1,1,1,0,0,2,0
286219,168,0.0,5.0,0.0,17,6,3,2,11,0,6,0
28634,1892,1.0,0.0,0.0,29,19,6,2,23,0,6,0
286422,798,0.0,4.0,0.0,3,1,1,1,2,0,1,0
286676,4540,0.0,8.0,0.0,5,2,1,3,4,0,1,0
286690,2138,0.0,3.0,1.0,3,1,1,1,2,0,1,0
28679,2916,1.0,2.0,0.0,5,3,1,1,4,0,1,0
287001,2099,1.0,4.0,0.0,6,1,1,2,5,0,1,0
287193,3549,0.0,4.0,1.0,3,1,1,1,2,0,1,0
287481,1411,0.0,0.0,0.0,6,1,1,1,4,0,2,0
287511,2459,0.0,4.0,2.0,4,3,2,1,3,0,1,0
287985,1457,0.0,4.0,1.0,18,4,4,2,17,0,1,0
288686,3990,0.0,0.0,0.0,4,1,1,2,3,0,1,0
288721,2669,0.0,3.0,0.0,1,1,1,1,0,0,1,0
28928,1485,0.0,5.0,0.0,3,1,1,2,2,0,1,0
289354,1131,0.0,4.0,0.0,10,7,3,2,9,0,1,0
289444,4976,0.0,3.0,0.0,4,1,1,3,2,0,1,1
28960,4049,0.0,4.0,0.0,5,4,4,2,4,0,1,0
289962,4906,0.0,0.0,0.0,10,1,1,1,9,0,1,0
290022,786,0.0,2.0,0.0,6,1,1,1,5,0,1,0
29025,700,0.0,2.0,1.0,1,1,1,1,0,0,1,0
290431,4368,0.0,3.0,0.0,4,3,2,2,3,0,1,0
290444,315,0.0,3.0,1.0,4,2,1,2,3,0,1,0
290544,3990,0.0,4.0,0.0,22,8,2,5,21,0,1,0
290691,3345,0.0,0.0,0.0,1,1,1,1,0,0,1,0
29087,2928,0.0,0.0,1.0,10,4,2,2,8,0,2,0
291116,4617,1.0,3.0,0.0,9,1,1,3,8,0,1,0
291405,1494,0.0,0.0,0.0,7,2,2,1,5,0,2,0
292139,4756,0.0,5.0,0.0,1,1,1,1,0,0,1,0
292356,423,0.0,0.0,0.0,13,4,1,1,10,0,1,2
292380,4976,0.0,3.0,0.0,3,2,1,2,1,0,1,1
292763,1738,0.0,4.0,0.0,25,16,2,2,24,0,1,0
293245,390,0.0,4.0,0.0,2,1,1,1,1,0,1,0
293365,4571,0.0,5.0,0.0,9,6,2,5,7,0,1,1
294104,1102,0.0,4.0,0.0,3,1,1,1,2,0,1,0
294317,4601,0.0,4.0,1.0,4,1,1,1,3,0,1,0
294430,1661,0.0,5.0,1.0,6,3,1,1,5,0,1,0
294890,1650,1.0,4.0,0.0,2,1,1,1,1,0,1,0
295042,2482,0.0,3.0,0.0,4,1,1,1,3,0,1,0
295283,4506,0.0,3.0,0.0,2,1,1,1,1,0,1,0
295526,2229,0.0,2.0,0.0,5,3,3,2,0,0,2,3
296108,2935,0.0,4.0,0.0,1,1,1,1,0,0,1,0
296516,786,0.0,6.0,0.0,1,1,1,1,0,0,1,0
296759,3828,0.0,3.0,0.0,107,61,9,15,103,0,1,3
296869,1679,0.0,3.0,1.0,13,5,3,2,12,0,1,0
297253,4039,0.0,5.0,0.0,30,14,2,1,26,0,4,0
297348,3085,1.0,4.0,0.0,17,13,5,1,14,0,3,0
297500,1145,0.0,5.0,0.0,10,7,1,2,8,0,2,0
298218,3593,1.0,5.0,0.0,6,2,2,2,5,0,1,0
298454,2776,0.0,4.0,0.0,111,31,6,5,102,0,4,5
299765,3445,0.0,0.0,0.0,4,2,1,1,3,0,1,0
300109,4282,0.0,0.0,1.0,35,19,4,2,30,0,2,3
300296,4090,0.0,0.0,1.0,4,2,1,1,3,0,1,0
30041,96,0.0,5.0,0.0,6,2,1,1,5,0,1,0
300674,1467,1.0,4.0,0.0,22,4,2,4,18,0,4,0
300864,2309,0.0,3.0,0.0,2,1,1,2,1,0,1,0
301337,1833,0.0,6.0,0.0,25,17,1,2,24,0,1,0
301497,2217,0.0,3.0,1.0,15,6,2,3,14,0,1,0
302745,586,0.0,4.0,0.0,11,5,1,2,10,0,1,0
302813,426,0.0,0.0,1.0,3,1,1,1,2,0,1,0
302944,2273,0.0,3.0,1.0,7,3,1,1,6,0,1,0
303272,508,0.0,3.0,0.0,4,2,1,2,2,0,1,1
303661,1133,0.0,0.0,null,5,1,1,1,4,0,1,0
303829,1131,0.0,4.0,0.0,2,2,1,2,0,0,1,1
303903,1642,0.0,3.0,1.0,8,1,1,2,7,0,1,0
303990,4659,0.0,3.0,0.0,26,15,6,3,23,0,3,0
304148,4049,0.0,3.0,0.0,2,1,1,1,1,0,1,0
304367,1167,0.0,5.0,1.0,6,1,1,1,5,0,1,0
304478,4287,0.0,0.0,1.0,20,11,5,3,17,0,3,0
304509,2699,0.0,6.0,1.0,10,2,2,2,9,0,1,0
304686,4322,0.0,0.0,0.0,12,3,2,1,11,0,1,0
30480,2482,0.0,4.0,0.0,4,1,1,2,3,0,1,0
304810,4267,0.0,3.0,1.0,17,1,1,2,15,0,1,1
305166,3301,1.0,0.0,1.0,9,2,1,1,8,0,1,0
305320,3828,1.0,3.0,0.0,31,26,3,2,27,0,3,1
305742,2565,0.0,4.0,0.0,3,1,1,1,2,0,1,0
306226,58,0.0,4.0,0.0,3,1,1,1,2,0,1,0
306284,1102,0.0,2.0,0.0,37,19,3,9,30,0,1,6
306639,3578,0.0,4.0,0.0,9,2,1,2,8,0,1,0
306930,2435,1.0,0.0,0.0,3,1,1,2,1,0,2,0
307101,4966,0.0,4.0,1.0,10,4,2,2,9,0,1,0
307111,3301,0.0,0.0,1.0,22,6,2,1,21,0,1,0
308214,4787,0.0,3.0,0.0,4,2,2,1,3,0,1,0
308481,4171,0.0,5.0,0.0,17,4,1,2,7,0,10,0
309183,4708,0.0,4.0,1.0,6,4,3,2,3,0,3,0
310019,1719,0.0,3.0,2.0,3,1,1,1,2,0,1,0
310110,4950,0.0,3.0,0.0,3,1,1,1,2,0,1,0
310461,684,0.0,3.0,0.0,1,1,1,1,0,0,1,0
310811,3345,0.0,4.0,1.0,7,1,1,1,3,0,4,0
311294,2569,0.0,4.0,0.0,9,6,1,1,8,0,1,0
311330,3826,0.0,4.0,1.0,2,1,1,1,1,0,1,0
311464,4955,0.0,3.0,1.0,7,3,3,1,6,0,1,0
311510,168,0.0,4.0,0.0,9,4,2,1,8,0,1,0
312086,1111,0.0,0.0,0.0,2,1,1,1,0,0,1,1
312887,168,0.0,3.0,1.0,15,9,3,1,14,0,1,0
313349,1342,1.0,2.0,0.0,29,4,3,2,27,0,1,1
313765,3016,0.0,2.0,1.0,10,7,6,1,6,0,4,0
31456,3614,0.0,4.0,0.0,3,2,2,1,2,0,1,0
314607,1031,0.0,4.0,1.0,62,4,1,1,60,0,2,0
315568,803,0.0,7.0,0.0,28,22,5,3,26,0,1,1
315837,2856,0.0,4.0,0.0,7,1,1,3,5,0,1,1
316221,4042,0.0,3.0,0.0,18,5,5,7,15,0,1,2
317338,1613,1.0,3.0,0.0,8,3,3,1,7,0,1,0
31735,1393,0.0,3.0,0.0,8,7,6,2,0,0,1,7
317853,643,0.0,0.0,1.0,28,7,2,4,25,0,1,2
318282,66,0.0,6.0,0.0,1,1,1,1,0,0,1,0
318425,2981,0.0,0.0,0.0,8,1,1,1,7,0,1,0
318567,416,0.0,4.0,1.0,4,3,2,1,3,0,1,0
318779,946,0.0,6.0,1.0,27,11,3,3,26,0,1,0
319046,3350,0.0,4.0,0.0,3,1,1,1,1,0,2,0
319103,219,0.0,2.0,0.0,18,12,1,1,16,0,2,0
31928,2569,0.0,7.0,1.0,2,1,1,1,1,0,1,0
319568,3968,0.0,2.0,1.0,2,1,1,1,1,0,1,0
319744,4687,0.0,0.0,0.0,5,1,1,1,4,0,1,0
319865,946,0.0,3.0,0.0,8,1,1,4,5,0,1,2
320198,104,0.0,0.0,0.0,3,1,1,1,2,0,1,0
320235,3205,0.0,4.0,1.0,14,8,2,1,5,0,1,8
320615,4308,0.0,3.0,0.0,5,2,1,1,4,0,1,0
321169,1852,0.0,3.0,0.0,2,1,1,1,1,0,1,0
321259,590,0.0,2.0,1.0,38,22,5,5,37,0,1,0
322214,4370,0.0,5.0,0.0,3,1,1,1,2,0,1,0
32235,2752,0.0,2.0,0.0,13,8,4,1,10,0,3,0
322824,3828,0.0,0.0,1.0,3,1,1,1,2,0,1,0
323031,1501,0.0,3.0,null,37,10,3,2,30,0,3,4
323060,1619,0.0,4.0,0.0,3,1,1,1,2,0,1,0
323215,1964,0.0,2.0,0.0,9,1,1,1,7,0,2,0
323278,1892,0.0,4.0,1.0,104,41,9,5,100,0,4,0
323546,323,0.0,4.0,2.0,6,2,1,2,4,0,1,1
323632,293,0.0,2.0,1.0,5,1,1,3,4,0,1,0
323696,4504,0.0,5.0,0.0,18,7,2,1,16,0,2,0
323839,946,0.0,0.0,0.0,12,3,2,4,10,0,1,1
323883,3236,0.0,4.0,0.0,7,4,1,2,2,0,1,4
324915,1472,0.0,0.0,0.0,17,3,1,2,15,0,2,0
324923,3236,0.0,0.0,0.0,10,3,1,2,7,0,1,2
325252,357,0.0,2.0,0.0,8,3,1,1,5,0,2,1
325453,467,1.0,3.0,0.0,20,8,2,4,16,0,4,0
326341,2429,0.0,2.0,0.0,4,2,2,1,3,0,1,0
32643,2565,0.0,3.0,0.0,3,1,1,2,2,0,1,0
326835,3545,0.0,3.0,1.0,11,4,2,1,10,0,1,0
326872,1754,0.0,0.0,0.0,4,1,1,1,3,0,1,0
327761,4382,0.0,7.0,0.0,12,1,1,3,10,0,1,1
327920,798,0.0,3.0,0.0,2,1,1,1,1,0,1,0
327939,2138,0.0,2.0,0.0,31,17,6,1,25,0,6,0
328345,4265,0.0,6.0,0.0,56,34,7,1,54,0,2,0
329102,4044,0.0,5.0,0.0,10,7,5,1,9,0,1,0
330316,4325,0.0,null,null,2,1,1,1,1,0,1,0
330663,777,0.0,6.0,0.0,40,18,8,5,35,0,2,3
330739,2592,0.0,0.0,1.0,7,2,2,1,5,0,2,0
331112,3022,0.0,6.0,null,6,2,1,1,5,0,1,0
331133,3941,0.0,3.0,0.0,5,1,1,1,4,0,1,0
331188,4048,0.0,4.0,0.0,3,1,1,2,2,0,1,0
331684,1324,0.0,7.0,1.0,1,1,1,1,0,0,1,0
332072,4760,0.0,2.0,0.0,6,2,1,1,4,0,1,1
332688,2562,0.0,5.0,1.0,2,1,1,1,1,0,1,0
333215,436,0.0,6.0,0.0,23,9,2,2,21,0,1,1
333311,4427,0.0,7.0,0.0,4,1,1,1,3,0,1,0
333592,4760,0.0,4.0,0.0,14,3,3,2,11,0,1,2
333593,3103,0.0,0.0,0.0,33,5,3,3,30,0,3,0
334056,1203,0.0,0.0,0.0,16,6,5,3,13,2,1,0
334085,4173,0.0,0.0,0.0,16,12,2,3,15,0,1,0
334449,839,0.0,3.0,0.0,1,1,1,1,0,0,1,0
33478,794,0.0,5.0,1.0,7,4,1,2,6,0,1,0
334923,4742,0.0,0.0,0.0,14,7,1,1,13,0,1,0
335054,2459,0.0,0.0,null,11,8,4,1,7,0,4,0
335211,4339,0.0,0.0,0.0,7,2,1,1,5,1,1,0
335565,1102,0.0,3.0,0.0,142,36,6,8,140,0,2,0
336027,4079,0.0,4.0,0.0,15,3,3,1,8,0,7,0
336570,1062,0.0,5.0,1.0,13,7,2,3,12,0,1,0
336666,4589,0.0,3.0,1.0,2,1,1,1,1,0,1,0
336924,46,0.0,2.0,1.0,7,2,1,1,5,1,1,0
337435,4173,1.0,3.0,0.0,41,21,4,8,37,0,2,2
337591,4840,1.0,3.0,0.0,23,9,1,1,21,0,2,0
338715,1487,0.0,0.0,0.0,9,5,1,2,8,0,1,0
338847,2397,0.0,0.0,0.0,22,13,4,1,21,0,1,0
338917,3578,0.0,3.0,0.0,7,3,1,2,6,0,1,0
339871,4368,1.0,6.0,0.0,2,2,2,1,0,0,2,0
339917,402,0.0,3.0,0.0,1,1,1,1,0,0,1,0
339930,1031,0.0,5.0,1.0,3,1,1,1,2,0,1,0
340540,643,0.0,3.0,0.0,8,5,3,2,6,0,1,1
341218,663,0.0,4.0,0.0,2,2,1,1,0,0,2,0
341382,4171,0.0,6.0,1.0,2,1,1,1,0,0,2,0
341442,3624,0.0,3.0,0.0,4,1,1,1,3,0,1,0
34176,2217,0.0,6.0,0.0,2,1,1,1,1,0,1,0
342085,1495,0.0,3.0,0.0,1,1,1,1,0,0,1,0
342319,1102,0.0,3.0,1.0,18,1,1,2,17,0,1,0
342381,4170,0.0,3.0,0.0,7,2,1,3,6,0,1,0
342423,3984,0.0,0.0,0.0,6,2,2,2,5,0,1,0
342570,1840,0.0,6.0,0.0,3,2,2,1,2,0,1,0
342884,2981,0.0,4.0,0.0,11,2,2,4,10,0,1,0
343010,4171,0.0,5.0,0.0,11,2,1,1,5,0,6,0
343516,2008,0.0,5.0,1.0,1,1,1,1,0,0,1,0
343851,1102,0.0,3.0,0.0,10,5,4,3,9,0,1,0
343916,4975,0.0,2.0,0.0,4,1,1,1,3,0,1,0
344119,2482,0.0,2.0,0.0,1,1,1,1,0,0,1,0
344381,3271,0.0,6.0,0.0,2,1,1,1,1,0,1,0
344455,4129,0.0,3.0,0.0,5,2,2,1,4,0,1,0
34570,3523,0.0,3.0,0.0,1,1,1,1,0,0,1,0
345700,2928,0.0,5.0,0.0,1,1,1,1,0,0,1,0
345848,2435,0.0,0.0,0.0,2,1,1,1,1,0,1,0
346350,2824,0.0,5.0,0.0,2,1,1,1,1,0,1,0
346423,2482,0.0,3.0,0.0,2,1,1,1,1,0,1,0
346426,1679,0.0,5.0,0.0,1,1,1,1,0,0,1,0
34678,3159,0.0,6.0,0.0,8,4,3,3,6,0,2,0
347059,2954,1.0,4.0,1.0,25,9,6,6,14,0,5,6
347673,2928,0.0,0.0,0.0,5,4,2,1,3,0,2,0
347713,1916,0.0,4.0,0.0,5,1,1,1,3,0,2,0
347869,474,0.0,4.0,0.0,4,1,1,1,3,0,1,0
347897,2403,0.0,4.0,0.0,15,10,2,2,13,0,2,0
348050,817,0.0,6.0,1.0,2,1,1,1,1,0,1,0
348389,2447,0.0,0.0,0.0,2,1,1,1,1,0,1,0
348496,1310,0.0,0.0,0.0,19,11,7,1,16,0,3,0
348880,3898,0.0,0.0,1.0,2,1,1,1,1,0,1,0
349256,1272,0.0,0.0,0.0,7,4,1,4,6,0,1,0
349333,4079,1.0,3.0,0.0,5,1,1,1,3,0,2,0
349556,4371,0.0,6.0,0.0,6,2,1,2,5,0,1,0
349803,219,0.0,0.0,0.0,4,1,1,2,2,0,2,0
350758,946,0.0,3.0,0.0,37,21,3,6,35,0,2,0
350975,1016,0.0,5.0,0.0,12,2,1,1,10,0,2,0
351389,608,0.0,5.0,0.0,30,9,3,2,29,0,1,0
351422,1423,0.0,0.0,1.0,2,1,1,1,1,0,1,0
35144,596,0.0,0.0,1.0,1,1,1,1,0,0,1,0
352085,4087,0.0,4.0,0.0,7,3,1,1,5,0,2,0
352740,2793,0.0,0.0,1.0,2,1,1,1,1,0,1,0
35277,4079,0.0,3.0,0.0,15,2,1,2,10,0,5,0
352982,2768,0.0,4.0,0.0,41,20,7,4,36,0,2,3
35304,4906,0.0,4.0,1.0,4,1,1,2,3,0,1,0
353165,3105,0.0,2.0,1.0,9,5,1,1,7,0,2,0
353449,1892,1.0,3.0,0.0,55,7,3,2,53,0,2,0
353527,594,0.0,4.0,2.0,2,1,1,1,1,0,1,0
354108,4090,0.0,4.0,1.0,3,3,1,2,1,0,2,0
354273,4245,1.0,4.0,0.0,19,7,5,1,15,0,4,0
354440,1193,0.0,4.0,1.0,9,3,1,1,8,0,1,0
354750,1200,0.0,2.0,1.0,2,1,1,1,1,0,1,0
355137,1359,0.0,0.0,1.0,6,3,1,2,5,0,1,0
355167,2935,0.0,0.0,0.0,1,1,1,1,0,0,1,0
355217,2102,0.0,6.0,1.0,15,9,3,1,14,0,1,0
35530,1679,0.0,4.0,0.0,24,10,3,2,22,0,2,0
356317,4044,0.0,4.0,0.0,44,29,8,1,42,0,2,0
357068,3529,0.0,0.0,0.0,2,1,1,1,1,0,1,0
357068,3635,0.0,0.0,0.0,7,3,1,1,6,0,1,0
357384,4079,0.0,6.0,0.0,6,1,1,3,5,0,1,0
35741,951,0.0,2.0,0.0,4,1,1,2,2,1,1,0
357479,2630,0.0,3.0,0.0,6,1,1,1,5,0,1,0
357632,4438,0.0,2.0,0.0,13,6,1,2,12,0,1,0
358048,2664,0.0,2.0,0.0,11,4,2,2,9,0,2,0
358140,1056,0.0,3.0,1.0,6,4,3,2,5,0,1,0
358405,738,0.0,2.0,0.0,6,1,1,3,4,0,1,1
358452,3258,0.0,6.0,1.0,5,3,1,2,4,0,1,0
358800,2670,0.0,5.0,0.0,2,1,1,1,1,0,1,0
35885,1327,0.0,4.0,1.0,1,1,1,1,0,0,1,0
358896,742,0.0,2.0,0.0,4,3,3,1,3,0,1,0
359059,927,0.0,2.0,0.0,12,2,1,2,11,0,1,0
360326,2928,0.0,3.0,0.0,5,1,1,1,4,0,1,0
360342,1301,0.0,3.0,0.0,36,12,4,6,29,0,1,6
36056,4049,0.0,4.0,0.0,5,2,1,3,3,0,1,1
360836,1885,0.0,4.0,0.0,7,2,2,1,6,0,1,0
361659,1916,0.0,6.0,0.0,2,1,1,1,1,0,1,0
362142,1963,0.0,6.0,1.0,2,1,1,2,1,0,1,0
362679,1840,0.0,4.0,0.0,1,1,1,1,0,0,1,0
36302,1467,0.0,0.0,0.0,6,2,1,1,5,0,1,0
363026,3734,0.0,4.0,1.0,25,7,2,6,24,0,1,0
363129,4358,0.0,3.0,1.0,11,1,1,3,10,0,1,0
36345,3614,0.0,4.0,0.0,4,3,3,2,3,0,1,0
364242,2353,0.0,3.0,0.0,3,1,1,1,2,0,1,0
364449,598,0.0,3.0,0.0,5,2,2,1,4,0,1,0
364476,963,1.0,4.0,1.0,2,1,1,1,1,0,1,0
364603,1760,0.0,6.0,0.0,5,1,1,1,3,0,2,0
365235,2475,0.0,4.0,1.0,8,3,2,1,6,0,2,0
365242,4044,1.0,0.0,0.0,64,48,12,1,62,0,2,0
365277,4044,0.0,3.0,1.0,15,7,3,3,14,0,1,0
365694,794,0.0,6.0,1.0,64,19,1,1,62,0,2,0
365765,4724,0.0,4.0,2.0,11,4,1,2,9,0,2,0
366799,845,0.0,0.0,0.0,2,1,1,1,1,0,1,0
366842,2954,0.0,5.0,0.0,49,12,4,8,45,0,2,2
367126,4589,0.0,0.0,0.0,2,1,1,1,1,0,1,0
367363,4491,0.0,0.0,0.0,4,1,1,1,2,0,2,0
367639,810,0.0,6.0,0.0,2,1,1,1,1,0,1,0
368036,1496,0.0,5.0,0.0,23,2,1,5,21,0,1,1
368317,4150,0.0,0.0,0.0,3,1,1,1,2,0,1,0
368446,1698,0.0,0.0,0.0,8,1,1,2,6,0,1,1
368671,1346,0.0,4.0,0.0,8,3,1,2,7,0,1,0
368836,3971,0.0,3.0,1.0,6,4,3,1,5,0,1,0
369090,4267,0.0,0.0,0.0,15,10,6,1,10,0,5,0
369187,4083,1.0,0.0,0.0,12,3,3,2,11,0,1,0
369644,2669,0.0,3.0,0.0,18,5,4,4,15,0,1,2
369735,3734,0.0,2.0,1.0,2,1,1,1,1,0,1,0
370095,416,0.0,3.0,0.0,5,1,1,2,4,0,1,0
371988,897,0.0,3.0,1.0,8,1,1,2,6,0,1,1
372204,1708,0.0,3.0,1.0,1,1,1,1,0,0,1,0
372387,3640,1.0,4.0,0.0,1,1,1,1,0,0,1,0
373202,1538,0.0,0.0,0.0,9,3,1,1,8,0,1,0
37332,682,0.0,0.0,0.0,7,3,2,1,6,0,1,0
373763,152,0.0,4.0,0.0,6,2,1,1,5,0,1,0
373975,259,0.0,3.0,1.0,9,4,2,2,8,0,1,0
374489,2294,0.0,0.0,1.0,16,5,2,1,15,0,1,0
374517,2203,0.0,6.0,0.0,10,2,2,3,8,0,2,0
37468,598,0.0,2.0,1.0,10,3,3,2,6,0,1,3
374862,66,1.0,3.0,1.0,6,1,1,2,4,0,2,0
37493,1487,0.0,4.0,0.0,8,4,1,2,5,0,1,2
375422,222,0.0,4.0,0.0,11,4,2,2,9,1,1,0
37583,1978,0.0,2.0,1.0,6,3,1,1,5,0,1,0
376132,46,0.0,0.0,0.0,4,1,1,1,3,0,1,0
377061,1512,0.0,0.0,0.0,14,6,1,2,12,0,2,0
377291,361,0.0,6.0,1.0,32,13,6,5,28,0,1,3
377800,1102,0.0,2.0,0.0,1,1,1,1,0,0,1,0
378498,946,0.0,3.0,0.0,37,14,4,1,35,0,2,0
378977,262,0.0,4.0,0.0,3,1,1,2,2,0,1,0
380145,190,0.0,2.0,1.0,3,1,1,2,1,0,1,1
380218,1393,0.0,3.0,0.0,3,2,2,1,2,0,1,0
38074,1608,0.0,5.0,0.0,7,6,2,1,6,0,1,0
380919,2482,0.0,0.0,0.0,4,3,3,3,3,0,1,0
381595,1000,0.0,5.0,0.0,3,1,1,1,2,0,1,0
382050,350,0.0,3.0,1.0,9,1,1,2,7,0,1,1
382517,2579,0.0,0.0,0.0,8,2,1,1,6,0,2,0
382773,3912,0.0,0.0,0.0,7,2,2,1,6,0,1,0
382852,4976,0.0,3.0,1.0,18,6,2,1,16,0,2,0
382955,503,0.0,4.0,0.0,2,1,1,1,1,0,1,0
383082,742,0.0,5.0,0.0,4,1,1,1,3,0,1,0
383097,804,0.0,3.0,0.0,3,1,1,1,2,0,1,0
383421,862,0.0,3.0,0.0,39,24,16,2,31,0,8,0
383426,2954,0.0,4.0,0.0,4,1,1,1,3,0,1,0
38373,2014,0.0,2.0,0.0,23,2,1,7,21,0,1,1
383953,2769,0.0,2.0,0.0,6,1,1,2,4,0,1,1
384276,1890,0.0,4.0,0.0,3,1,1,2,2,0,1,0
384588,4864,1.0,0.0,0.0,1,1,1,1,0,0,1,0
385251,3405,0.0,0.0,1.0,1,1,1,1,0,0,1,0
385372,4950,0.0,3.0,0.0,2,1,1,1,1,0,1,0
385616,1501,0.0,3.0,0.0,10,4,2,2,9,0,1,0
385838,4775,0.0,5.0,1.0,28,12,3,10,27,0,1,0
386633,4584,0.0,4.0,1.0,1,1,1,1,0,0,1,0
386905,2124,0.0,5.0,0.0,4,2,1,1,2,0,2,0
387923,2711,1.0,4.0,0.0,45,29,2,4,44,0,1,0
388114,1968,0.0,2.0,0.0,1,1,1,1,0,0,1,0
388506,4427,0.0,0.0,1.0,12,2,1,2,10,0,1,1
388528,2669,0.0,0.0,0.0,3,1,1,1,2,0,1,0
388690,2082,0.0,3.0,0.0,16,7,2,4,13,0,1,2
388702,4523,0.0,3.0,0.0,15,7,1,2,14,0,1,0
389169,3826,0.0,2.0,1.0,11,3,1,2,9,0,1,1
389231,2031,0.0,3.0,1.0,9,3,1,2,7,0,2,0
389245,2435,0.0,0.0,1.0,1,1,1,1,0,0,1,0
389526,2699,0.0,3.0,1.0,31,8,4,4,30,0,1,0
390340,2445,0.0,3.0,1.0,5,1,1,2,4,0,1,0
390380,4043,0.0,4.0,0.0,10,7,2,3,6,0,3,1
390397,2482,0.0,0.0,0.0,2,2,2,2,1,0,1,0
390428,3773,0.0,3.0,0.0,14,5,2,3,12,0,1,1
391017,1679,0.0,4.0,0.0,148,43,5,2,144,0,4,0
391018,1487,0.0,5.0,0.0,36,14,2,8,35,0,1,0
391195,3938,0.0,2.0,1.0,4,1,1,1,3,0,1,0
391451,4836,0.0,6.0,0.0,6,5,4,1,4,0,2,0
391774,1393,0.0,3.0,1.0,8,7,5,4,7,0,1,0
39253,1200,0.0,4.0,0.0,2,1,1,1,1,0,1,0
393042,3063,0.0,4.0,0.0,13,6,3,4,12,0,1,0
393175,951,0.0,4.0,0.0,4,1,1,1,2,0,2,0
393516,3826,0.0,3.0,1.0,3,1,1,1,2,0,1,0
393714,1187,0.0,0.0,1.0,5,1,1,2,3,1,1,0
395512,3484,0.0,3.0,0.0,15,4,1,2,13,0,1,1
395535,3979,0.0,2.0,1.0,30,4,3,3,29,0,1,0
395618,2138,0.0,3.0,0.0,20,8,5,2,18,0,2,0
39572,1742,0.0,0.0,0.0,31,7,1,3,29,0,1,1
396231,2928,0.0,4.0,0.0,26,9,3,6,23,0,3,0
396535,649,0.0,4.0,0.0,6,3,1,2,5,0,1,0
397092,2072,0.0,2.0,0.0,8,3,1,1,6,0,1,1
39720,3578,0.0,3.0,0.0,2,1,1,1,1,0,1,0
397599,4377,1.0,6.0,0.0,3,1,1,2,2,0,1,0
397868,4958,0.0,0.0,0.0,1,1,1,1,0,0,1,0
398002,1840,0.0,4.0,0.0,27,5,3,1,23,0,3,1
398567,3984,0.0,5.0,0.0,16,4,2,4,13,0,1,2
398758,1831,0.0,3.0,2.0,3,1,1,1,2,0,1,0
39920,3105,0.0,3.0,1.0,4,2,1,1,3,0,1,0
399548,3258,0.0,4.0,0.0,14,4,1,4,10,0,1,3
399611,963,0.0,3.0,1.0,4,1,1,1,3,0,1,0
399909,141,0.0,3.0,1.0,9,1,1,1,7,0,2,0
400090,2954,1.0,3.0,0.0,36,11,6,4,34,0,2,0
400150,630,0.0,3.0,0.0,20,12,8,2,17,0,2,1
400448,2482,0.0,0.0,0.0,1,1,1,1,0,0,1,0
400932,1628,0.0,4.0,1.0,6,1,1,2,4,0,1,1
401017,4648,0.0,3.0,0.0,7,2,2,1,5,0,2,0
401390,786,0.0,6.0,0.0,4,2,1,2,3,0,1,0
401437,4090,0.0,2.0,1.0,10,1,1,1,9,0,1,0
401542,1102,0.0,3.0,0.0,15,4,2,2,10,0,1,4
401633,3662,1.0,5.0,0.0,13,5,3,1,12,0,1,0
40182,742,0.0,2.0,0.0,5,2,2,2,3,0,1,1
402140,1966,0.0,0.0,0.0,9,3,1,3,8,0,1,0
402615,2639,0.0,0.0,0.0,25,13,4,3,21,0,4,0
402973,3828,0.0,6.0,0.0,13,8,5,2,5,0,1,7
403099,141,0.0,3.0,0.0,52,32,10,7,48,0,3,1
403703,786,0.0,6.0,0.0,6,3,1,2,5,0,1,0
403850,3828,0.0,4.0,0.0,14,8,4,1,12,0,2,0
40393,1487,0.0,6.0,1.0,7,2,1,1,6,0,1,0
404058,4044,0.0,3.0,0.0,18,12,2,1,15,0,2,1
404924,4727,0.0,4.0,0.0,9,3,2,1,8,0,1,0
40529,4048,0.0,2.0,1.0,2,1,1,1,1,0,1,0
405358,1840,0.0,3.0,1.0,3,1,1,1,2,0,1,0
405512,2435,0.0,2.0,0.0,1,1,1,1,0,0,1,0
405663,3635,0.0,5.0,0.0,4,1,1,1,2,0,2,0
405843,2318,0.0,4.0,1.0,2,1,1,1,1,0,1,0
406083,2020,0.0,0.0,0.0,2,1,1,1,1,0,1,0
406698,2608,0.0,0.0,1.0,4,2,1,1,3,0,1,0
406743,1846,0.0,3.0,1.0,4,1,1,1,3,0,1,0
406991,71,0.0,3.0,0.0,33,11,3,2,31,0,2,0
407386,2562,0.0,2.0,1.0,3,1,1,1,2,0,1,0
407490,293,0.0,2.0,0.0,3,1,1,2,1,0,1,1
40788,2361,0.0,3.0,0.0,2,2,2,2,0,0,1,1
407973,653,0.0,3.0,1.0,4,2,2,1,3,0,1,0
408350,968,0.0,0.0,0.0,5,2,2,2,4,0,1,0
408495,3249,0.0,0.0,0.0,1,1,1,1,0,0,1,0
40890,687,0.0,3.0,1.0,1,1,1,1,0,0,1,0
408953,3152,0.0,4.0,1.0,1,1,1,1,0,0,1,0
409237,3016,0.0,4.0,0.0,8,6,4,2,0,0,6,2
409408,2099,0.0,0.0,0.0,2,1,1,1,1,0,1,0
409409,4589,0.0,0.0,0.0,4,1,1,1,3,0,1,0
409762,2872,0.0,4.0,0.0,3,1,1,1,2,0,1,0
41074,4871,0.0,4.0,2.0,24,10,7,3,20,0,4,0
411122,3205,0.0,0.0,0.0,5,1,1,2,4,0,1,0
411247,3954,0.0,3.0,0.0,7,3,2,1,6,0,1,0
411440,3762,0.0,3.0,0.0,20,2,1,5,18,0,1,1
41155,3898,0.0,5.0,0.0,5,2,1,1,4,0,1,0
411805,293,1.0,0.0,0.0,7,2,1,1,5,0,2,0
412368,3159,0.0,2.0,0.0,5,4,2,1,4,0,1,0
412557,1305,0.0,2.0,1.0,30,2,2,7,27,0,1,2
412779,1832,0.0,4.0,0.0,20,13,3,1,19,0,1,0
412936,4585,0.0,4.0,0.0,4,1,1,1,3,0,1,0
413136,2173,0.0,4.0,0.0,14,2,1,1,10,0,3,1
413336,3545,0.0,5.0,0.0,1,1,1,1,0,0,1,0
413945,3305,0.0,2.0,0.0,2,1,1,2,1,0,1,0
414498,4480,0.0,6.0,2.0,13,8,1,2,12,0,1,0
414611,3734,0.0,6.0,1.0,7,2,1,4,5,0,2,0
414749,598,0.0,4.0,0.0,3,2,2,2,2,0,1,0
414799,4388,0.0,2.0,1.0,2,1,1,1,1,0,1,0
414867,3936,0.0,0.0,0.0,4,1,1,1,3,0,1,0
414953,322,0.0,3.0,0.0,6,2,1,1,5,0,1,0
415295,1890,0.0,3.0,0.0,6,1,1,1,5,0,1,0
415455,1489,0.0,2.0,0.0,1,1,1,1,0,0,1,0
415533,2821,0.0,0.0,0.0,7,1,1,1,6,0,1,0
41568,738,0.0,2.0,0.0,6,2,2,3,5,0,1,0
415788,586,0.0,4.0,0.0,9,1,1,1,8,0,1,0
415965,4388,0.0,4.0,0.0,9,5,1,1,8,0,1,0
416222,1708,0.0,2.0,1.0,2,1,1,1,1,0,1,0
41643,4648,0.0,2.0,0.0,6,2,1,2,5,0,1,0
416484,2124,1.0,6.0,0.0,6,4,1,3,4,0,1,1
416488,2679,0.0,3.0,0.0,9,1,1,1,8,0,1,0
417252,2583,0.0,4.0,1.0,13,1,1,2,12,0,1,0
4177,4607,0.0,0.0,0.0,14,2,1,1,13,0,1,0
417842,3549,0.0,5.0,1.0,3,1,1,1,2,0,1,0
418261,3080,0.0,2.0,1.0,4,1,1,1,3,0,1,0
418551,4616,0.0,0.0,null,14,4,2,3,12,1,1,0
419466,3513,1.0,0.0,0.0,5,2,1,2,3,0,1,1
419517,2108,0.0,3.0,0.0,11,3,1,1,10,0,1,0
420061,653,0.0,0.0,1.0,2,1,1,1,1,0,1,0
420444,10,0.0,4.0,0.0,4,3,2,1,3,0,1,0
420641,437,0.0,3.0,0.0,11,1,1,2,10,0,1,0
42066,1724,0.0,2.0,0.0,3,1,1,1,2,0,1,0
420710,777,0.0,0.0,1.0,24,7,4,3,21,0,1,2
420983,2562,0.0,6.0,0.0,3,1,1,1,2,0,1,0
421183,2709,0.0,3.0,0.0,7,1,1,1,6,0,1,0
421517,1182,0.0,0.0,1.0,10,1,1,1,6,0,4,0
422008,594,0.0,0.0,1.0,5,4,3,1,4,0,1,0
422278,66,0.0,0.0,0.0,5,1,1,1,4,0,1,0
42364,361,0.0,0.0,0.0,13,5,2,2,12,0,1,0
42478,3176,0.0,3.0,0.0,5,2,2,1,3,0,1,1
42643,4079,0.0,4.0,2.0,2,1,1,1,1,0,1,0
42648,3013,0.0,3.0,0.0,7,4,1,2,5,0,1,1
4312,1487,0.0,6.0,0.0,59,30,4,4,58,0,1,0
43297,778,0.0,2.0,0.0,3,1,1,1,2,0,1,0
4330,643,0.0,3.0,0.0,10,6,3,1,9,0,1,0
440,3127,0.0,6.0,0.0,2,1,1,1,1,0,1,0
44012,2031,0.0,2.0,1.0,2,1,1,2,0,0,1,1
4474,4265,1.0,6.0,0.0,78,37,13,9,64,0,1,13
45109,2537,1.0,4.0,0.0,2,2,2,1,1,0,1,0
45335,1892,0.0,0.0,0.0,2,2,2,1,0,0,2,0
45440,1840,0.0,4.0,0.0,12,6,1,1,11,0,1,0
457,1272,0.0,0.0,0.0,23,12,2,5,18,0,2,3
45769,2459,0.0,3.0,0.0,2,1,1,1,1,0,1,0
4645,1884,0.0,0.0,0.0,2,1,1,1,1,0,1,0
47358,4580,0.0,3.0,0.0,3,2,1,1,2,0,1,0
48412,1861,0.0,0.0,0.0,8,2,1,1,7,0,1,0
48469,426,0.0,6.0,0.0,1,1,1,1,0,0,1,0
48504,4976,0.0,4.0,0.0,7,4,3,4,3,0,1,3
48571,4848,0.0,3.0,0.0,8,1,1,2,6,0,1,1
48834,2173,0.0,6.0,0.0,2,1,1,1,1,0,1,0
49126,3912,0.0,3.0,1.0,6,2,2,1,5,0,1,0
49576,4043,0.0,0.0,0.0,6,1,1,2,5,0,1,0
50190,3444,0.0,8.0,0.0,10,2,1,1,9,0,1,0
50280,3683,0.0,0.0,0.0,7,2,2,1,5,0,2,0
50284,3784,0.0,4.0,0.0,11,9,5,1,10,0,1,0
50306,1340,0.0,3.0,0.0,3,1,1,1,2,0,1,0
50503,3163,0.0,3.0,1.0,8,2,2,1,6,0,2,0
51903,361,0.0,4.0,0.0,5,2,2,1,4,0,1,0
51913,1892,0.0,0.0,0.0,4,1,1,1,3,0,1,0
52041,1861,0.0,0.0,0.0,3,1,1,2,1,0,2,0
52459,962,0.0,3.0,0.0,89,15,5,3,88,0,1,0
52864,4605,0.0,4.0,0.0,3,1,1,1,2,0,1,0
52957,2664,0.0,4.0,2.0,14,9,1,1,13,0,1,0
54035,2711,0.0,3.0,1.0,3,1,1,1,2,0,1,0
54495,4493,0.0,0.0,null,8,2,1,1,7,0,1,0
54527,1840,0.0,5.0,0.0,3,1,1,1,1,0,2,0
55407,2662,0.0,6.0,0.0,2,1,1,1,1,0,1,0
55428,3173,0.0,0.0,null,4,2,1,1,3,0,1,0
55668,2393,0.0,2.0,1.0,4,1,1,2,2,0,1,1
56163,1840,0.0,5.0,0.0,4,2,2,1,3,0,1,0
56361,3826,0.0,0.0,0.0,2,1,1,1,1,0,1,0
56371,1162,0.0,0.0,0.0,1,1,1,1,0,0,1,0
56448,1724,0.0,3.0,0.0,6,2,1,2,5,0,1,0
57191,3323,0.0,0.0,0.0,11,4,1,5,10,0,1,0
57982,3843,0.0,3.0,1.0,10,3,2,2,9,0,1,0
58364,2537,0.0,5.0,0.0,9,4,3,2,8,0,1,0
58371,3004,1.0,3.0,0.0,54,31,5,2,52,0,2,0
58381,2664,0.0,5.0,0.0,3,1,1,2,1,0,1,1
58715,2173,0.0,0.0,0.0,2,2,2,1,0,0,2,0
59357,4183,0.0,4.0,0.0,13,7,1,2,12,0,1,0
59388,2613,0.0,4.0,1.0,14,2,1,3,13,0,1,0
5947,4589,0.0,3.0,1.0,9,1,1,4,7,0,1,1
59769,1079,0.0,6.0,0.0,2,1,1,1,1,0,1,0
60326,2081,0.0,3.0,1.0,21,3,2,2,20,0,1,0
60506,1704,0.0,0.0,0.0,1,1,1,1,0,0,1,0
60739,2639,1.0,4.0,0.0,2,1,1,1,1,0,1,0
60915,2954,1.0,4.0,2.0,11,3,1,2,10,0,1,0
61234,2360,0.0,5.0,1.0,2,1,1,1,1,0,1,0
61249,3536,0.0,0.0,0.0,10,2,1,1,8,0,2,0
6136,4044,0.0,3.0,0.0,116,67,11,24,105,0,2,9
61976,2136,0.0,3.0,1.0,6,3,3,2,5,0,1,0
62168,1310,0.0,4.0,null,8,4,4,3,7,0,1,0
6225,1049,0.0,6.0,0.0,3,1,1,1,2,0,1,0
6227,1618,0.0,4.0,1.0,1,1,1,1,0,0,1,0
62574,2511,1.0,2.0,0.0,4,1,1,1,3,0,1,0
63471,798,0.0,3.0,0.0,1,1,1,1,0,0,1,0
6363,4992,0.0,0.0,1.0,5,1,1,1,4,0,1,0
64374,4191,0.0,4.0,1.0,4,1,1,2,3,0,1,0
64770,4540,0.0,3.0,0.0,6,1,1,2,4,0,1,1
64865,1892,0.0,4.0,1.0,9,5,3,1,6,0,3,0
64878,817,0.0,4.0,0.0,3,1,1,1,2,0,1,0
65516,4589,0.0,2.0,0.0,1,1,1,1,0,0,1,0
65543,386,0.0,3.0,0.0,4,1,1,2,2,0,1,1
6557,1749,0.0,4.0,0.0,2,1,1,1,0,0,2,0
66352,4850,0.0,6.0,0.0,1,1,1,1,0,0,1,0
66967,2173,0.0,5.0,0.0,9,7,1,1,8,0,1,0
67018,3090,0.0,6.0,1.0,4,1,1,3,2,0,1,1
67260,3460,0.0,3.0,0.0,2,1,1,1,1,0,1,0
67266,10,0.0,2.0,0.0,16,4,2,1,15,0,1,0
67331,4693,0.0,5.0,0.0,7,5,3,2,5,0,1,1
67726,1495,0.0,5.0,0.0,11,5,1,1,10,0,1,0
68012,4173,0.0,4.0,0.0,19,10,5,6,10,0,1,8
68162,191,0.0,2.0,0.0,9,5,4,1,7,0,2,0
68468,4775,0.0,6.0,0.0,1,1,1,1,0,0,1,0
68530,10,0.0,4.0,0.0,4,1,1,2,3,0,1,0
68560,2427,0.0,3.0,1.0,6,2,1,1,5,0,1,0
6893,4173,0.0,3.0,0.0,22,11,2,2,21,0,1,0
690,4462,0.0,2.0,0.0,9,4,1,1,7,0,2,0
69280,1861,0.0,0.0,1.0,6,1,1,1,4,0,1,1
69680,141,1.0,3.0,0.0,163,79,11,13,156,0,3,4
70040,3363,0.0,2.0,0.0,3,1,1,1,2,0,1,0
7026,1816,0.0,3.0,1.0,6,1,1,1,5,0,1,0
71094,2646,0.0,3.0,0.0,4,1,1,1,2,0,2,0
71469,4044,0.0,3.0,0.0,32,15,4,1,29,0,3,0
71587,2746,0.0,3.0,0.0,5,2,2,1,3,0,2,0
71665,1056,0.0,4.0,0.0,5,2,1,2,3,0,1,1
7172,1305,0.0,5.0,0.0,2,1,1,2,1,0,1,0
72076,3323,0.0,4.0,0.0,3,2,1,1,2,0,1,0
72458,4090,0.0,2.0,0.0,14,3,1,4,12,0,1,1
7258,145,0.0,0.0,0.0,9,1,1,2,7,1,1,0
7280,2361,0.0,0.0,0.0,2,1,1,1,1,0,1,0
72859,35,0.0,3.0,0.0,4,2,1,2,3,0,1,0
73008,1512,0.0,6.0,0.0,29,15,2,5,26,0,3,0
73585,4173,0.0,4.0,0.0,12,4,2,2,11,0,1,0
73752,4457,0.0,4.0,0.0,1,1,1,1,0,0,1,0
73990,479,0.0,4.0,0.0,5,2,1,1,4,0,1,0
7428,437,0.0,0.0,0.0,38,13,3,5,36,0,1,1
74672,503,0.0,2.0,0.0,12,2,1,2,9,0,3,0
75086,2397,0.0,4.0,0.0,35,14,3,2,34,0,1,0
75194,3965,1.0,0.0,0.0,7,3,1,1,3,0,4,0
75350,1892,0.0,0.0,1.0,17,12,5,3,15,0,1,1
75460,4871,1.0,3.0,0.0,4,1,1,1,3,0,1,0
75557,1500,0.0,0.0,1.0,20,15,3,1,18,0,2,0
75690,168,0.0,3.0,0.0,3,3,1,2,2,0,1,0
76491,3925,0.0,5.0,0.0,4,1,1,1,3,0,1,0
76592,2318,0.0,3.0,1.0,8,5,3,1,7,0,1,0
7682,661,0.0,4.0,0.0,4,3,1,1,3,0,1,0
76860,4368,0.0,4.0,0.0,4,2,1,3,3,0,1,0
77202,4705,0.0,3.0,0.0,4,1,1,1,3,0,1,0
77600,4519,0.0,5.0,0.0,5,1,1,1,3,0,2,0
77772,4760,0.0,2.0,1.0,1,1,1,1,0,0,1,0
79159,4267,1.0,4.0,0.0,79,50,7,2,76,0,2,1
79266,4044,0.0,3.0,0.0,100,36,10,5,93,0,7,0
79279,1122,0.0,4.0,2.0,5,2,1,3,4,0,1,0
79722,3392,0.0,5.0,0.0,4,2,1,2,2,0,2,0
79915,4044,0.0,2.0,0.0,9,2,2,2,7,0,1,1
80018,3938,1.0,2.0,0.0,1,1,1,1,0,0,1,0
80065,4536,0.0,2.0,0.0,9,4,2,1,7,0,2,0
81561,2051,0.0,4.0,0.0,12,4,1,2,11,0,1,0
81592,2664,0.0,3.0,0.0,3,1,1,1,2,0,1,0
81689,4980,0.0,2.0,0.0,2,1,1,1,1,0,1,0
81819,3769,0.0,2.0,null,2,1,1,1,1,0,1,0
82388,962,0.0,4.0,1.0,2,1,1,1,1,0,1,0
82419,200,0.0,2.0,0.0,5,1,1,1,4,0,1,0
82491,2140,0.0,4.0,0.0,29,21,1,4,28,0,1,0
82936,2403,0.0,5.0,0.0,2,2,2,1,0,0,2,0
83123,4043,0.0,3.0,0.0,5,2,2,2,4,0,1,0
83163,1840,0.0,4.0,0.0,3,1,1,1,2,0,1,0
83252,1708,0.0,0.0,0.0,10,4,1,1,9,0,1,0
83297,3889,0.0,3.0,1.0,1,1,1,1,0,0,1,0
83492,2393,0.0,0.0,0.0,8,3,1,2,6,1,1,0
83610,293,1.0,3.0,0.0,3,2,1,1,1,0,2,0
8412,1892,0.0,4.0,1.0,14,8,4,1,12,0,2,0
84302,4535,0.0,7.0,0.0,8,3,1,1,6,0,1,1
84441,3841,0.0,4.0,0.0,2,1,1,1,1,0,1,0
85195,4316,0.0,2.0,1.0,7,1,1,1,6,0,1,0
8543,3936,0.0,0.0,0.0,4,2,1,1,2,0,2,0
85530,4287,0.0,4.0,1.0,3,1,1,1,2,0,1,0
85543,4966,0.0,3.0,0.0,2,1,1,1,1,0,1,0
85958,4079,0.0,0.0,0.0,2,1,1,1,1,0,1,0
86062,4005,0.0,3.0,1.0,2,1,1,1,1,0,1,0
86517,1712,0.0,0.0,1.0,4,1,1,1,3,0,1,0
8697,2684,0.0,6.0,1.0,3,1,1,2,1,0,1,1
87340,2847,0.0,null,null,6,1,1,4,5,0,1,0
87818,3578,0.0,0.0,1.0,7,2,1,1,6,0,1,0
8809,1760,0.0,6.0,0.0,15,5,1,3,13,0,1,1
88275,3828,1.0,4.0,0.0,46,32,12,6,44,0,1,1
88321,606,0.0,8.0,0.0,1,1,1,1,0,0,1,0
88628,4048,0.0,4.0,0.0,3,1,1,1,2,0,1,0
88722,1393,0.0,5.0,2.0,10,8,4,1,8,0,1,1
888,4659,0.0,3.0,0.0,6,3,2,1,4,0,2,0
88938,2138,0.0,0.0,0.0,9,3,3,3,7,0,1,1
89021,1875,0.0,5.0,0.0,9,7,2,2,6,0,2,1
89581,3578,0.0,4.0,0.0,2,2,1,1,0,0,2,0
89710,1605,0.0,4.0,0.0,9,4,1,1,8,0,1,0
89754,2273,0.0,3.0,0.0,7,3,1,3,6,0,1,0
89775,4950,0.0,4.0,2.0,1,1,1,1,0,0,1,0
89873,1854,0.0,3.0,0.0,2,1,1,1,1,0,1,0
9032,2289,0.0,5.0,0.0,13,7,4,2,12,0,1,0
90765,2821,0.0,0.0,0.0,3,1,1,1,2,0,1,0
90894,2545,0.0,3.0,1.0,17,14,5,1,16,0,1,0
90920,4850,0.0,5.0,0.0,20,9,5,3,19,0,1,0
91022,239,0.0,4.0,1.0,1,1,1,1,0,0,1,0
9105,2277,0.0,4.0,0.0,5,2,1,1,4,0,1,0
91070,4039,0.0,3.0,0.0,1,1,1,1,0,0,1,0
91334,3159,0.0,3.0,0.0,3,1,1,1,1,0,2,0
92110,4847,0.0,2.0,0.0,22,13,6,1,18,0,1,3
92942,2768,0.0,2.0,0.0,21,15,10,4,18,0,1,2
92973,4079,0.0,6.0,0.0,15,5,1,2,11,0,4,0
93027,4985,0.0,0.0,0.0,5,1,1,1,4,0,1,0
93274,1102,0.0,4.0,1.0,3,1,1,2,2,0,1,0
93351,1495,0.0,6.0,0.0,20,9,3,1,19,0,1,0
9343,682,0.0,2.0,0.0,6,3,2,2,5,0,1,0
93448,4048,0.0,0.0,0.0,1,1,1,1,0,0,1,0
93925,3734,0.0,2.0,0.0,1,1,1,1,0,0,1,0
9400,2158,0.0,0.0,0.0,4,2,1,2,3,0,1,0
94031,4282,0.0,5.0,1.0,34,25,7,1,30,0,4,0
94988,1529,0.0,4.0,0.0,6,3,3,1,3,0,3,0
95089,1056,0.0,4.0,0.0,21,7,6,2,16,0,5,0
95219,574,0.0,6.0,0.0,11,6,1,2,10,0,1,0
95378,3549,0.0,0.0,0.0,9,3,1,2,7,0,1,1
96138,3828,0.0,6.0,0.0,13,2,1,1,12,0,1,0
96303,2128,0.0,6.0,0.0,2,1,1,1,1,0,1,0
96459,2145,0.0,5.0,0.0,3,1,1,3,2,0,1,0
96467,586,0.0,0.0,0.0,9,5,3,1,7,0,2,0
96751,3828,0.0,0.0,0.0,17,6,3,2,16,0,1,0
96937,1272,0.0,6.0,0.0,8,1,1,2,7,0,1,0
97231,3152,0.0,4.0,1.0,3,1,1,1,2,0,1,0
97779,3469,0.0,0.0,0.0,8,2,1,1,7,0,1,0
97808,2321,0.0,3.0,1.0,6,1,1,1,5,0,1,0
97854,4864,0.0,0.0,0.0,4,3,2,1,3,0,1,0
98539,3964,0.0,4.0,1.0,5,1,1,1,4,0,1,0
98673,2545,0.0,3.0,1.0,38,12,3,2,32,0,6,0
99640,700,0.0,4.0,1.0,7,3,2,1,5,0,2,0
9983,1892,0.0,4.0,2.0,5,3,1,1,4,0,1,0
