100841,467,0.0,4.0,0.0,16,5,3,5,12,0,1,3
100897,2669,0.0,4.0,0.0,26,10,5,3,25,0,1,0
100942,4585,0.0,0.0,0.0,2,1,1,1,1,0,1,0
10117,2537,0.0,0.0,0.0,2,1,1,1,1,0,1,0
10121,1281,0.0,6.0,0.0,2,1,1,1,1,0,1,0
101652,3826,1.0,2.0,0.0,3,2,2,1,1,0,2,0
101815,3826,0.0,3.0,1.0,2,1,1,1,1,0,1,0
10245,2435,0.0,4.0,0.0,9,4,1,1,6,0,3,0
103359,4282,0.0,4.0,0.0,1,1,1,1,0,0,1,0
103461,586,1.0,5.0,2.0,50,29,7,2,48,0,2,0
103484,4756,0.0,5.0,0.0,1,1,1,1,0,0,1,0
10350,4536,0.0,0.0,0.0,8,4,3,2,6,0,1,1
104081,4926,0.0,4.0,0.0,21,12,10,4,18,0,2,1
104086,824,0.0,2.0,1.0,1,1,1,1,0,0,1,0
104573,3990,0.0,5.0,0.0,21,3,2,6,18,0,1,2
10492,4048,0.0,4.0,0.0,6,1,1,2,4,1,1,0
105031,3665,0.0,6.0,1.0,4,1,1,2,3,0,1,0
105095,3683,0.0,3.0,1.0,14,1,1,3,13,0,1,0
105165,3734,0.0,3.0,1.0,2,1,1,1,1,0,1,0
105178,3303,0.0,4.0,0.0,5,1,1,1,4,0,1,0
10524,4050,0.0,4.0,2.0,2,1,1,1,1,0,1,0
105352,1708,0.0,3.0,1.0,7,1,1,4,6,0,1,0
106147,4585,0.0,6.0,0.0,1,1,1,1,0,0,1,0
106321,3420,0.0,5.0,1.0,13,3,3,3,12,0,1,0
106463,3609,0.0,4.0,0.0,18,6,1,3,10,0,1,7
106896,1096,0.0,3.0,1.0,3,1,1,1,2,0,1,0
106925,3323,0.0,5.0,0.0,3,1,1,1,2,0,1,0
107127,4726,0.0,0.0,0.0,11,5,3,1,9,0,2,0
107543,3672,0.0,0.0,0.0,3,1,1,2,2,0,1,0
108106,1754,1.0,2.0,0.0,103,38,11,1,102,0,1,0
108404,412,0.0,3.0,0.0,3,1,1,2,2,0,1,0
108714,1892,0.0,5.0,0.0,50,25,6,2,42,0,4,4
109410,1964,0.0,0.0,0.0,24,8,4,4,19,0,3,2
109493,608,0.0,6.0,2.0,17,4,1,3,16,0,1,0
110219,1878,0.0,3.0,1.0,1,1,1,1,0,0,1,0
110298,1923,0.0,0.0,0.0,1,1,1,1,0,0,1,0
110507,63,0.0,0.0,0.0,4,2,1,1,3,0,1,0
110841,3734,0.0,5.0,1.0,12,7,4,1,11,0,1,0
111265,112,0.0,3.0,1.0,8,3,1,1,7,0,1,0
111656,4739,0.0,0.0,0.0,10,1,1,1,9,0,1,0
111763,4394,0.0,0.0,0.0,9,3,1,1,7,0,2,0
111814,742,0.0,3.0,1.0,6,4,3,1,5,0,1,0
112016,2008,0.0,0.0,null,4,1,1,1,3,0,1,0
112268,2445,0.0,0.0,1.0,6,2,1,1,5,0,1,0
112845,4648,0.0,3.0,0.0,2,1,1,1,1,0,1,0
113019,3828,0.0,3.0,1.0,2,1,1,2,0,0,1,1
113279,4287,0.0,3.0,1.0,6,1,1,2,5,0,1,0
113336,2928,0.0,4.0,0.0,26,13,3,1,23,0,3,0
114224,773,0.0,4.0,0.0,30,13,6,2,29,0,1,0
114483,2445,1.0,0.0,0.0,1,1,1,1,0,0,1,0
115030,4150,0.0,2.0,1.0,7,3,1,1,4,0,3,0
115982,2550,0.0,4.0,0.0,10,8,1,2,9,0,1,0
116133,4558,0.0,3.0,0.0,5,3,1,1,4,0,1,0
116348,946,0.0,4.0,0.0,9,3,1,1,8,0,1,0
116732,4979,0.0,4.0,1.0,4,1,1,1,3,0,1,0
116794,786,0.0,2.0,0.0,2,1,1,1,1,0,1,0
11737,3865,0.0,6.0,1.0,7,2,2,1,5,0,2,0
117596,2273,0.0,0.0,1.0,9,1,1,4,7,0,1,1
11789,1272,0.0,0.0,0.0,8,3,2,1,6,0,2,0
118775,4170,0.0,4.0,0.0,4,1,1,2,2,0,2,0
119633,4197,0.0,3.0,1.0,2,1,1,1,1,0,1,0
119824,3063,1.0,3.0,0.0,16,14,4,5,15,0,1,0
119910,1963,0.0,3.0,0.0,47,23,2,2,45,0,2,0
120238,2700,0.0,0.0,0.0,63,17,5,7,61,0,2,0
120249,3826,1.0,3.0,1.0,6,1,1,2,4,0,1,1
120471,2916,0.0,3.0,1.0,1,1,1,1,0,0,1,0
120619,4605,0.0,3.0,0.0,17,8,7,1,12,0,5,0
120928,3356,0.0,0.0,0.0,1,1,1,1,0,0,1,0
121468,148,0.0,0.0,0.0,1,1,1,1,0,0,1,0
122235,1472,0.0,6.0,1.0,7,2,1,2,5,0,1,1
122306,416,0.0,0.0,0.0,11,3,2,5,10,0,1,0
122404,3891,0.0,2.0,1.0,3,2,1,1,1,0,2,0
12248,4256,0.0,4.0,0.0,21,7,4,1,20,0,1,0
123139,2553,0.0,0.0,0.0,18,11,1,1,17,0,1,0
123570,2138,0.0,2.0,0.0,5,5,3,1,0,0,5,0
123720,1840,0.0,0.0,1.0,3,1,1,1,2,0,1,0
124061,3955,0.0,6.0,0.0,11,5,1,2,10,0,1,0
1241,3964,0.0,3.0,0.0,14,8,5,1,11,0,3,0
124158,1594,0.0,4.0,1.0,5,1,1,1,4,0,1,0
124709,1944,0.0,6.0,0.0,13,5,2,1,11,0,2,0
124870,2403,0.0,4.0,0.0,20,7,1,3,16,0,2,2
124921,4177,0.0,0.0,0.0,7,1,1,4,3,0,1,3
125104,4067,1.0,3.0,0.0,4,3,3,1,3,0,1,0
125493,1895,0.0,3.0,0.0,16,9,4,1,13,0,3,0
125519,2592,0.0,0.0,1.0,2,1,1,1,1,0,1,0
125934,2582,0.0,3.0,0.0,12,8,1,2,10,0,1,1
126536,2014,0.0,5.0,0.0,10,2,1,6,8,0,1,1
127033,437,0.0,5.0,0.0,13,4,1,3,12,0,1,0
127672,1056,0.0,4.0,0.0,14,6,2,2,10,0,4,0
127930,3875,0.0,6.0,0.0,6,1,1,1,5,0,1,0
128215,4044,0.0,0.0,0.0,5,2,2,1,4,0,1,0
128251,2928,0.0,4.0,0.0,8,4,3,3,7,0,1,0
129164,3979,0.0,0.0,null,2,1,1,1,1,0,1,0
129212,1861,0.0,4.0,1.0,4,2,1,1,3,0,1,0
129343,1948,0.0,0.0,1.0,10,2,2,1,7,0,2,1
129541,3828,0.0,6.0,0.0,22,11,6,2,21,0,1,0
13096,1346,0.0,4.0,1.0,34,6,1,3,33,0,1,0
131041,437,1.0,4.0,0.0,30,13,2,1,28,0,2,0
131246,2761,0.0,0.0,0.0,15,5,1,1,12,0,1,2
131595,4267,0.0,4.0,1.0,7,2,2,2,6,0,1,0
13239,793,0.0,5.0,2.0,34,7,2,4,32,0,1,1
13282,2664,0.0,0.0,0.0,126,69,9,6,119,0,7,0
133101,798,0.0,2.0,1.0,84,27,11,4,79,0,4,1
133122,141,0.0,4.0,0.0,7,6,1,2,6,0,1,0
133460,3685,0.0,0.0,0.0,8,3,2,1,7,0,1,0
13377,649,0.0,2.0,0.0,21,5,1,4,16,0,2,3
134222,3163,0.0,0.0,1.0,5,1,1,3,4,0,1,0
134489,1056,0.0,0.0,2.0,18,10,8,4,17,0,1,0
134615,1816,0.0,0.0,0.0,39,6,3,4,37,0,1,1
134754,1487,0.0,3.0,0.0,8,1,1,1,7,0,1,0
134888,547,0.0,5.0,1.0,3,1,1,1,2,0,1,0
135349,3915,0.0,4.0,0.0,3,1,1,1,2,0,1,0
135456,798,0.0,0.0,0.0,3,2,2,2,2,0,1,0
136355,2891,0.0,7.0,null,9,2,1,4,6,0,1,2
136425,2138,0.0,3.0,1.0,2,1,1,1,1,0,1,0
136635,416,0.0,2.0,0.0,1,1,1,1,0,0,1,0
136724,2108,0.0,2.0,1.0,6,1,1,2,5,0,1,0
137011,3080,0.0,2.0,1.0,4,2,1,1,3,0,1,0
137343,1704,0.0,0.0,0.0,10,10,3,2,6,0,4,0
137434,951,0.0,3.0,0.0,2,1,1,1,0,0,1,1
137587,4044,0.0,0.0,0.0,6,3,1,1,5,0,1,0
138166,2918,0.0,2.0,0.0,3,1,1,1,2,0,1,0
138490,798,0.0,3.0,0.0,3,2,2,1,2,0,1,0
138917,4427,0.0,2.0,0.0,2,1,1,1,0,0,1,1
139186,3230,0.0,3.0,0.0,1,1,1,1,0,0,1,0
139224,2430,1.0,2.0,0.0,20,9,3,2,19,0,1,0
139486,4388,0.0,2.0,0.0,3,1,1,1,2,0,1,0
139659,416,0.0,4.0,0.0,7,4,3,3,6,0,1,0
139976,4280,0.0,3.0,0.0,7,1,1,2,5,0,1,1
140455,3545,0.0,2.0,0.0,2,1,1,1,1,0,1,0
140796,3057,0.0,3.0,0.0,4,1,1,1,3,0,1,0
140804,4976,0.0,0.0,0.0,25,16,5,2,22,0,2,1
14176,403,0.0,4.0,0.0,4,1,1,2,3,0,1,0
141760,3897,0.0,0.0,0.0,1,1,1,1,0,0,1,0
142766,1084,1.0,7.0,0.0,4,2,1,1,3,0,1,0
14362,2303,0.0,0.0,0.0,1,1,1,1,0,0,1,0
143977,3420,0.0,3.0,2.0,20,12,7,2,19,0,1,0
144287,1103,1.0,3.0,0.0,4,3,2,3,0,0,1,3
144394,1342,0.0,3.0,0.0,56,11,6,1,51,0,1,4
144394,2051,0.0,3.0,0.0,16,4,2,2,14,0,1,1
144630,2565,1.0,4.0,null,3,1,1,1,2,0,1,0
145604,1435,0.0,7.0,1.0,4,1,1,2,3,0,1,0
146215,1738,0.0,6.0,0.0,1,1,1,1,0,0,1,0
146256,4871,1.0,3.0,0.0,3,3,2,1,0,0,3,0
146706,141,0.0,3.0,0.0,8,5,4,5,3,0,2,3
146731,4072,0.0,3.0,1.0,5,2,2,1,3,0,2,0
14705,3839,0.0,4.0,0.0,2,1,1,1,1,0,1,0
14707,4793,0.0,0.0,0.0,3,1,1,1,2,0,1,0
147405,2608,0.0,4.0,1.0,2,1,1,2,1,0,1,0
147884,4932,0.0,4.0,0.0,1,1,1,1,0,0,1,0
148178,606,0.0,2.0,2.0,79,32,8,7,76,0,2,1
148345,13,0.0,7.0,0.0,9,1,1,1,8,0,1,0
148490,3085,0.0,4.0,1.0,14,9,3,3,5,0,2,7
148491,2318,0.0,4.0,0.0,3,2,1,1,0,0,1,2
148544,2220,0.0,3.0,0.0,10,1,1,4,8,0,1,1
148646,2031,0.0,4.0,0.0,1,1,1,1,0,0,1,0
149303,1854,0.0,0.0,0.0,5,1,1,3,2,0,1,2
149314,2655,0.0,4.0,0.0,2,1,1,1,0,0,2,0
149570,4033,0.0,3.0,0.0,4,3,1,3,0,0,1,3
149715,3444,0.0,2.0,1.0,24,1,1,3,23,0,1,0
149746,3456,0.0,2.0,0.0,4,1,1,1,3,0,1,0
149775,4234,0.0,0.0,0.0,8,4,3,1,7,0,1,0
14988,794,0.0,5.0,1.0,3,2,1,2,1,0,1,1
150518,4351,0.0,6.0,0.0,5,2,2,2,4,0,1,0
150557,1346,1.0,4.0,1.0,2,1,1,1,1,0,1,0
151326,3524,0.0,4.0,1.0,5,2,1,1,4,0,1,0
151660,3835,0.0,5.0,0.0,9,4,3,2,6,0,1,2
15169,648,0.0,2.0,0.0,7,4,1,1,6,0,1,0
15178,1557,0.0,4.0,0.0,8,7,3,2,7,0,1,0
151967,3635,0.0,3.0,1.0,4,1,1,1,3,0,1,0
152127,416,0.0,0.0,0.0,11,4,2,1,8,0,3,0
153090,4171,0.0,0.0,1.0,4,1,1,3,3,0,1,0
153093,1964,0.0,2.0,1.0,1,1,1,1,0,0,1,0
153120,949,0.0,0.0,1.0,21,9,3,1,20,0,1,0
153201,3085,0.0,4.0,1.0,5,2,2,1,4,0,1,0
153536,3365,0.0,3.0,0.0,8,2,1,1,7,0,1,0
155444,4841,0.0,0.0,0.0,2,1,1,1,1,0,1,0
156248,1111,0.0,2.0,0.0,10,8,1,1,9,0,1,0
156341,1437,0.0,3.0,1.0,8,1,1,2,6,0,1,1
156348,740,0.0,6.0,1.0,1,1,1,1,0,0,1,0
156356,588,0.0,4.0,1.0,10,4,1,2,9,0,1,0
156645,121,0.0,6.0,0.0,8,3,3,1,6,0,2,0
156842,514,0.0,3.0,0.0,2,1,1,1,1,0,1,0
157590,3968,0.0,0.0,0.0,2,1,1,1,1,0,1,0
158472,2002,0.0,2.0,0.0,6,4,3,2,5,0,1,0
158945,390,0.0,4.0,0.0,17,10,7,3,14,0,1,2
159136,4044,1.0,3.0,1.0,1,1,1,1,0,0,1,0
159152,962,0.0,2.0,0.0,13,5,3,2,11,0,2,0
159322,4513,0.0,5.0,0.0,1,1,1,1,0,0,1,0
159594,3350,1.0,0.0,0.0,8,4,1,2,7,0,1,0
160657,1840,0.0,5.0,1.0,1,1,1,1,0,0,1,0
160662,1861,0.0,7.0,0.0,3,1,1,1,2,0,1,0
160735,1833,1.0,3.0,1.0,24,12,4,3,22,0,2,0
161560,2397,0.0,4.0,0.0,10,2,2,4,7,0,1,2
161591,515,0.0,2.0,0.0,20,9,3,3,12,0,2,6
161864,1102,0.0,3.0,0.0,22,16,4,5,19,0,1,2
161909,2981,0.0,0.0,0.0,12,2,2,3,10,0,1,1
162057,416,0.0,6.0,0.0,9,7,1,1,8,0,1,0
162395,4860,1.0,0.0,0.0,2,1,1,1,1,0,1,0
162449,2459,0.0,4.0,0.0,2,1,1,1,1,0,1,0
162951,2031,0.0,3.0,0.0,4,2,1,1,3,0,1,0
163194,4765,0.0,4.0,0.0,6,1,1,1,4,0,2,0
163310,786,0.0,0.0,0.0,13,2,1,1,12,0,1,0
163592,15,0.0,4.0,2.0,47,12,3,2,42,0,5,0
163726,3728,0.0,4.0,2.0,4,1,1,2,3,0,1,0
163744,2537,0.0,5.0,1.0,1,1,1,1,0,0,1,0
164270,3080,0.0,2.0,0.0,1,1,1,1,0,0,1,0
164995,4173,0.0,6.0,0.0,11,6,3,5,10,0,1,0
165105,1356,0.0,4.0,0.0,17,4,1,4,16,0,1,0
165752,4322,0.0,0.0,1.0,18,7,1,2,17,0,1,0
16595,4044,0.0,0.0,1.0,2,1,1,1,1,0,1,0
166087,2592,0.0,6.0,0.0,3,1,1,1,2,0,1,0
166356,524,0.0,3.0,0.0,6,5,1,1,5,0,1,0
16647,4044,0.0,2.0,0.0,24,14,8,6,20,0,1,3
166560,2821,1.0,5.0,1.0,14,2,2,3,13,0,1,0
166743,2242,0.0,0.0,0.0,1,1,1,1,0,0,1,0
167167,1890,0.0,3.0,0.0,13,7,3,5,12,0,1,0
167618,2810,0.0,4.0,1.0,6,2,1,1,5,0,1,0
167726,3276,0.0,2.0,1.0,7,1,1,1,6,0,1,0
167943,1272,0.0,6.0,1.0,3,1,1,1,2,0,1,0
167959,4173,0.0,6.0,0.0,90,50,13,16,85,0,1,4
168539,66,0.0,5.0,1.0,3,1,1,1,2,0,1,0
1686,1272,0.0,0.0,0.0,18,11,3,4,15,0,3,0
169477,1435,0.0,5.0,1.0,2,1,1,1,1,0,1,0
169516,4173,0.0,0.0,0.0,13,2,2,3,11,0,1,1
169906,3327,0.0,5.0,0.0,5,1,1,1,4,0,1,0
170443,310,0.0,0.0,0.0,4,1,1,3,3,0,1,0
170622,3968,0.0,2.0,0.0,5,3,2,1,4,0,1,0
170897,742,0.0,0.0,0.0,2,1,1,1,1,0,1,0
171331,2014,0.0,4.0,0.0,9,2,1,2,6,0,1,2
17237,3968,0.0,0.0,0.0,2,1,1,1,0,0,1,1
172562,598,0.0,2.0,1.0,8,6,2,2,7,0,1,0
17289,2173,0.0,4.0,0.0,27,8,1,5,26,0,1,0
17305,4648,0.0,0.0,1.0,4,2,2,1,3,0,1,0
173058,783,0.0,4.0,0.0,5,1,1,1,4,0,1,0
173125,3271,0.0,3.0,0.0,13,4,3,4,12,0,1,0
17381,2047,0.0,3.0,0.0,33,10,5,7,28,0,1,4
174146,1892,0.0,4.0,0.0,73,24,7,4,65,0,2,6
174153,2124,0.0,0.0,2.0,50,11,3,1,49,0,1,0
174247,3609,0.0,4.0,2.0,16,4,1,4,13,0,1,2
174483,2217,1.0,0.0,1.0,11,2,1,3,10,0,1,0
174876,684,0.0,0.0,0.0,3,1,1,1,2,0,1,0
174900,2775,0.0,6.0,0.0,3,1,1,1,2,0,1,0
174953,2031,0.0,3.0,2.0,8,3,1,1,6,0,1,1
175189,3889,0.0,4.0,0.0,2,1,1,1,1,0,1,0
175462,698,0.0,3.0,0.0,10,3,2,1,8,0,2,0
175798,1272,1.0,3.0,0.0,17,4,2,2,16,0,1,0
176898,2995,0.0,4.0,1.0,7,3,2,1,5,0,2,0
177373,4049,0.0,2.0,0.0,5,3,1,3,1,0,1,3
177527,523,0.0,4.0,0.0,2,1,1,1,1,0,1,0
177627,812,0.0,7.0,1.0,26,8,1,7,24,0,1,1
177870,4504,0.0,3.0,1.0,3,1,1,1,2,0,1,0
178524,3502,0.0,4.0,0.0,4,2,1,2,2,0,1,1
179396,846,0.0,2.0,1.0,4,1,1,1,3,0,1,0
179500,219,0.0,3.0,1.0,4,1,1,1,2,0,2,0
179671,1126,0.0,0.0,null,55,24,8,10,41,0,2,12
179955,3905,0.0,4.0,1.0,13,4,1,3,11,0,1,1
181011,1504,0.0,4.0,0.0,2,1,1,1,1,0,1,0
18116,1031,0.0,4.0,1.0,3,1,1,1,2,0,1,0
181424,426,0.0,0.0,1.0,5,2,1,1,4,0,1,0
181887,4282,0.0,3.0,0.0,4,4,2,2,3,0,1,0
182129,4871,0.0,4.0,0.0,4,1,1,1,3,0,1,0
182660,3473,0.0,4.0,1.0,14,6,2,2,13,0,1,0
18276,1053,0.0,2.0,0.0,14,6,4,1,12,0,2,0
183741,2928,0.0,5.0,0.0,1,1,1,1,0,0,1,0
183842,2664,0.0,4.0,1.0,10,9,1,2,9,0,1,0
183860,3826,0.0,2.0,0.0,6,2,1,2,4,0,1,1
184110,1031,0.0,0.0,0.0,2,1,1,1,1,0,1,0
18424,3350,0.0,5.0,1.0,1,1,1,1,0,0,1,0
184330,3941,0.0,3.0,0.0,18,4,3,3,16,0,1,1
184521,3080,0.0,5.0,1.0,2,1,1,1,1,0,1,0
184706,1763,0.0,0.0,0.0,3,1,1,2,2,0,1,0
184927,4966,0.0,5.0,2.0,12,1,1,6,9,0,1,2
184930,3828,0.0,6.0,0.0,12,6,4,3,10,1,1,0
18500,1673,0.0,5.0,0.0,6,4,3,1,5,0,1,0
185017,862,1.0,0.0,1.0,35,23,12,1,30,0,5,0
185217,2634,0.0,6.0,0.0,13,5,1,2,12,0,1,0
185307,1357,0.0,0.0,0.0,6,2,1,1,5,0,1,0
186178,416,0.0,0.0,0.0,8,3,1,2,7,0,1,0
186404,415,0.0,2.0,1.0,6,1,1,2,5,0,1,0
187012,3826,0.0,5.0,1.0,6,3,3,1,5,0,1,0
187120,2441,0.0,3.0,0.0,3,1,1,2,2,0,1,0
187173,2108,0.0,3.0,1.0,1,1,1,1,0,0,1,0
187784,10,0.0,5.0,0.0,1,1,1,1,0,0,1,0
188051,827,0.0,3.0,0.0,15,2,2,1,13,0,2,0
188684,2313,0.0,3.0,2.0,17,4,2,2,15,0,2,0
188694,222,0.0,5.0,0.0,2,1,1,1,0,0,1,1
189,467,0.0,3.0,2.0,2,1,1,1,1,0,1,0
189045,1190,0.0,2.0,1.0,38,11,6,4,33,0,5,0
189088,2193,0.0,0.0,0.0,6,1,1,2,4,1,1,0
18924,2436,0.0,5.0,0.0,6,1,1,1,5,0,1,0
191009,1892,0.0,4.0,0.0,8,7,4,2,2,0,6,0
191277,2318,0.0,4.0,0.0,9,1,1,1,7,0,1,1
191285,98,0.0,0.0,1.0,7,3,3,3,6,0,1,0
191452,4993,0.0,5.0,0.0,5,4,1,2,4,0,1,0
191535,1031,0.0,5.0,1.0,7,5,1,3,6,0,1,0
191615,3576,0.0,4.0,0.0,1,1,1,1,0,0,1,0
191715,515,0.0,3.0,0.0,10,3,2,2,9,0,1,0
191840,297,0.0,3.0,2.0,12,3,2,1,11,0,1,0
192120,1102,0.0,4.0,0.0,10,6,1,2,9,0,1,0
192122,3570,0.0,4.0,0.0,1,1,1,1,0,0,1,0
192613,3301,0.0,6.0,1.0,3,2,1,1,2,0,1,0
192801,94,0.0,7.0,0.0,23,3,2,3,22,0,1,0
192899,4705,0.0,2.0,0.0,20,7,3,3,16,0,2,2
193517,1742,0.0,4.0,0.0,3,2,1,1,2,0,1,0
193686,4958,0.0,2.0,0.0,29,5,3,2,23,0,4,2
194333,3938,0.0,4.0,2.0,1,1,1,1,0,0,1,0
194386,4504,0.0,4.0,0.0,24,8,1,1,23,0,1,0
194591,1923,0.0,2.0,1.0,1,1,1,1,0,0,1,0
195186,4829,0.0,0.0,0.0,8,7,1,3,2,0,1,5
195243,3925,0.0,6.0,0.0,4,1,1,1,3,0,1,0
195617,1100,0.0,5.0,0.0,17,6,4,3,13,0,1,3
195723,1100,0.0,5.0,0.0,13,6,2,1,10,0,3,0
196204,1597,0.0,7.0,0.0,16,7,1,3,15,0,1,0
196214,4864,0.0,5.0,1.0,3,1,1,2,2,0,1,0
196337,2283,0.0,0.0,null,7,5,1,1,6,0,1,0
197166,1522,0.0,0.0,0.0,14,10,3,3,13,0,1,0
197381,643,0.0,0.0,0.0,19,8,5,1,17,0,2,0
197649,1495,0.0,2.0,0.0,7,1,1,2,5,0,1,1
197835,4336,0.0,0.0,0.0,4,1,1,3,3,0,1,0
198062,4760,0.0,5.0,1.0,8,3,2,2,7,0,1,0
198097,3938,0.0,2.0,0.0,4,1,1,2,3,0,1,0
198725,2099,0.0,0.0,0.0,7,1,1,1,6,0,1,0
19883,4043,0.0,2.0,0.0,5,2,1,2,3,0,1,1
199807,786,0.0,3.0,0.0,26,8,3,4,24,0,1,1
200377,4926,0.0,5.0,1.0,18,9,4,1,17,0,1,0
20061,3839,0.0,5.0,0.0,9,2,1,3,7,0,1,1
201156,4173,0.0,2.0,1.0,24,15,4,2,23,0,1,0
201420,3205,0.0,4.0,1.0,21,8,2,3,12,0,1,8
202032,605,0.0,0.0,0.0,5,1,1,3,3,0,1,1
202292,4480,0.0,4.0,0.0,1,1,1,1,0,0,1,0
202301,596,0.0,0.0,1.0,3,1,1,1,2,0,1,0
202319,1168,0.0,3.0,0.0,1,1,1,1,0,0,1,0
202464,3284,0.0,4.0,0.0,3,2,2,1,2,0,1,0
202502,1749,0.0,0.0,0.0,7,2,1,4,6,0,1,0
202751,4966,0.0,3.0,0.0,5,4,2,1,3,0,2,0
20307,1096,0.0,0.0,1.0,7,1,1,2,6,0,1,0
203155,3828,0.0,3.0,0.0,11,6,3,6,9,0,1,1
20339,46,0.0,2.0,1.0,3,1,1,2,2,0,1,0
203570,4648,0.0,4.0,0.0,1,1,1,1,0,0,1,0
203604,4042,0.0,0.0,0.0,4,2,1,1,3,0,1,0
203772,2569,0.0,3.0,0.0,11,4,1,2,10,0,1,0
203774,798,0.0,2.0,0.0,2,1,1,1,1,0,1,0
203982,1190,0.0,5.0,0.0,1,1,1,1,0,0,1,0
204459,563,1.0,5.0,1.0,2,1,1,1,1,0,1,0
20529,3502,0.0,6.0,0.0,7,3,3,1,4,0,3,0
205440,4864,0.0,5.0,1.0,1,1,1,1,0,0,1,0
205998,2178,0.0,3.0,1.0,5,1,1,3,4,0,1,0
206083,1049,0.0,6.0,0.0,7,3,3,1,5,0,2,0
206523,314,0.0,3.0,1.0,19,2,1,2,16,0,1,2
206809,3727,0.0,4.0,0.0,7,2,1,2,5,0,1,1
207510,4234,0.0,0.0,0.0,2,2,2,1,0,0,2,0
208983,4091,0.0,4.0,0.0,2,1,1,1,1,0,1,0
209455,1840,0.0,5.0,1.0,1,1,1,1,0,0,1,0
209896,2124,0.0,6.0,1.0,13,2,1,1,11,0,2,0
210074,2193,0.0,2.0,0.0,6,2,2,2,5,0,1,0
210258,3828,0.0,4.0,0.0,7,2,2,3,6,0,1,0
210479,3288,0.0,0.0,0.0,6,1,1,1,4,0,1,1
210565,2880,0.0,0.0,0.0,1,1,1,1,0,0,1,0
211328,415,0.0,3.0,0.0,6,3,2,1,5,0,1,0
211353,3448,0.0,6.0,0.0,10,3,2,1,8,0,2,0
211368,3205,0.0,5.0,0.0,1,1,1,1,0,0,1,0
211678,1487,0.0,6.0,0.0,5,3,2,2,4,0,1,0
21221,760,0.0,3.0,0.0,2,1,1,1,1,0,1,0
21251,2669,0.0,4.0,1.0,1,1,1,1,0,0,1,0
212867,4009,0.0,4.0,0.0,4,2,1,1,3,0,1,0
213177,1308,0.0,0.0,null,4,1,1,1,2,0,1,1
213193,4616,0.0,3.0,0.0,2,2,2,1,0,0,2,0
213303,219,0.0,0.0,0.0,16,5,1,2,13,0,3,0
213467,2217,0.0,2.0,0.0,15,1,1,1,14,0,1,0
213522,183,0.0,0.0,0.0,1,1,1,1,0,0,1,0
213545,4966,0.0,5.0,0.0,5,2,1,3,4,0,1,0
213873,4966,0.0,2.0,0.0,2,1,1,1,1,0,1,0
213878,1890,0.0,7.0,0.0,1,1,1,1,0,0,1,0
213942,3245,0.0,3.0,1.0,5,2,1,1,4,0,1,0
21456,3828,0.0,3.0,0.0,43,31,11,5,42,0,1,0
2147,4173,0.0,3.0,0.0,9,1,1,3,7,0,1,1
214748,3545,0.0,3.0,1.0,3,2,1,1,2,0,1,0
215290,3004,0.0,3.0,1.0,7,3,1,1,5,0,2,0
215470,4322,0.0,3.0,0.0,5,1,1,1,4,0,1,0
216203,2821,0.0,3.0,0.0,15,2,1,2,14,0,1,0
216323,1890,0.0,3.0,1.0,4,1,1,3,3,0,1,0
216613,2403,0.0,4.0,1.0,22,11,2,2,20,0,2,0
217151,4976,0.0,0.0,1.0,3,3,1,1,2,0,1,0
217582,4270,0.0,3.0,0.0,6,2,1,4,5,0,1,0
217783,3545,0.0,2.0,1.0,2,1,1,1,1,0,1,0
21849,2601,0.0,0.0,1.0,2,1,1,1,1,0,1,0
218606,4044,0.0,4.0,0.0,41,30,8,1,38,0,3,0
21900,3103,0.0,3.0,0.0,2,1,1,1,1,0,1,0
219499,3085,0.0,5.0,1.0,3,2,2,1,2,0,1,0
220046,25,0.0,3.0,1.0,3,1,1,1,2,0,1,0
22017,643,0.0,4.0,0.0,5,3,2,2,3,0,2,0
220728,1353,0.0,2.0,0.0,3,1,1,1,2,0,1,0
221147,3965,0.0,5.0,2.0,13,3,1,1,2,0,10,1
221233,3460,0.0,3.0,0.0,1,1,1,1,0,0,1,0
22134,1875,0.0,3.0,0.0,29,18,7,2,26,0,1,2
221980,1810,1.0,0.0,0.0,45,31,10,4,44,0,1,0
222066,24,0.0,0.0,1.0,8,2,2,1,6,0,2,0
2225,1050,0.0,4.0,0.0,1,1,1,1,0,0,1,0
222660,3826,0.0,2.0,0.0,7,2,1,2,5,0,1,1
222789,2537,0.0,2.0,0.0,25,5,3,8,22,0,1,2
222850,361,0.0,6.0,0.0,3,1,1,1,2,0,1,0
223142,1891,0.0,4.0,0.0,2,1,1,1,1,0,1,0
223455,4325,0.0,0.0,1.0,2,1,1,1,1,0,1,0
223888,4319,0.0,6.0,0.0,6,2,2,1,4,0,2,0
22393,1305,0.0,2.0,1.0,3,1,1,2,2,0,1,0
22403,1538,0.0,0.0,0.0,5,1,1,2,4,0,1,0
224326,3936,0.0,3.0,0.0,12,2,2,1,11,0,1,0
22513,3954,0.0,4.0,0.0,11,5,2,1,9,0,2,0
225290,2031,0.0,4.0,0.0,1,1,1,1,0,0,1,0
226254,3936,1.0,0.0,1.0,57,18,8,3,48,0,3,6
226866,4988,0.0,2.0,1.0,5,2,1,1,4,0,1,0
226964,4985,0.0,5.0,0.0,29,5,3,1,27,0,2,0
227038,1056,0.0,4.0,0.0,21,6,1,3,17,0,4,0
22716,4871,0.0,2.0,1.0,3,2,1,1,2,0,1,0
227401,2545,0.0,3.0,1.0,11,2,2,3,9,0,2,0
227446,1355,0.0,3.0,0.0,10,5,5,3,9,0,1,0
227487,4143,0.0,5.0,1.0,6,1,1,1,5,0,1,0
227542,110,0.0,0.0,0.0,3,1,1,1,2,0,1,0
229244,2102,0.0,3.0,0.0,7,3,2,1,5,0,2,0
22932,354,0.0,0.0,0.0,5,1,1,2,4,0,1,0
229431,361,0.0,2.0,0.0,6,1,1,1,5,0,1,0
229509,4267,1.0,4.0,1.0,6,5,2,1,5,0,1,0
229669,1102,0.0,4.0,0.0,2,1,1,1,1,0,1,0
229684,4712,0.0,4.0,0.0,12,3,2,1,11,0,1,0
229723,1425,0.0,3.0,1.0,15,2,1,3,13,0,1,1
229741,3693,0.0,3.0,1.0,3,1,1,1,2,0,1,0
230222,1090,0.0,4.0,2.0,9,5,2,2,8,0,1,0
23104,4049,0.0,4.0,0.0,1,1,1,1,0,0,1,0
231372,4394,0.0,6.0,1.0,4,1,1,1,3,0,1,0
231605,3578,0.0,4.0,1.0,5,1,1,1,4,0,1,0
23193,1890,0.0,2.0,0.0,3,1,1,1,2,0,1,0
232060,310,0.0,2.0,1.0,1,1,1,1,0,0,1,0
232248,323,0.0,4.0,1.0,13,3,1,3,11,0,1,1
232558,564,0.0,3.0,0.0,7,3,1,1,6,0,1,0
232593,1659,0.0,0.0,0.0,5,1,1,2,2,1,1,1
232894,2173,0.0,4.0,0.0,1,1,1,1,0,0,1,0
233005,1308,0.0,2.0,0.0,1,1,1,1,0,0,1,0
233177,1415,0.0,3.0,1.0,4,1,1,1,3,0,1,0
233355,606,0.0,5.0,2.0,38,20,6,2,36,0,2,0
233619,416,0.0,6.0,0.0,14,11,6,3,12,0,1,1
233727,2543,0.0,0.0,0.0,19,5,1,2,16,0,2,1
233831,2482,0.0,2.0,0.0,9,4,3,3,6,0,2,1
233898,1028,0.0,6.0,0.0,49,20,1,7,46,0,1,2
234423,1026,0.0,6.0,0.0,3,1,1,1,2,0,1,0
234478,2081,0.0,3.0,1.0,8,1,1,4,7,0,1,0
234625,1557,1.0,2.0,1.0,50,19,5,4,49,0,1,0
235250,1500,0.0,5.0,0.0,6,2,1,1,5,0,1,0
235366,3376,0.0,3.0,1.0,3,1,1,1,2,0,1,0
235634,3152,0.0,4.0,1.0,3,1,1,1,1,0,2,0
235719,3727,0.0,0.0,0.0,1,1,1,1,0,0,1,0
236148,3356,0.0,6.0,0.0,25,8,5,3,19,0,6,0
236238,598,0.0,2.0,1.0,9,7,3,3,8,0,1,0
236631,1679,0.0,4.0,1.0,26,12,3,2,24,0,2,0
23691,4607,0.0,5.0,1.0,3,1,1,2,2,0,1,0
236948,608,0.0,3.0,0.0,4,1,1,1,2,0,2,0
237098,332,0.0,4.0,0.0,5,3,1,1,4,0,1,0
237234,1878,0.0,4.0,0.0,2,1,1,1,0,0,2,0
237485,4954,0.0,3.0,0.0,6,1,1,1,4,0,1,1
237653,3966,0.0,3.0,1.0,8,1,1,1,7,0,1,0
237715,3826,1.0,0.0,0.0,2,1,1,1,1,0,1,0
237767,1340,0.0,3.0,0.0,55,39,6,2,53,0,1,1
237781,3701,0.0,5.0,0.0,6,3,2,1,5,0,1,0
237987,4560,0.0,0.0,1.0,2,1,1,1,1,0,1,0
238139,804,0.0,5.0,0.0,5,3,3,1,4,0,1,0
23871,643,1.0,6.0,0.0,63,14,2,4,56,0,3,4
238875,1514,0.0,4.0,1.0,4,2,1,1,3,0,1,0
239625,1487,0.0,0.0,0.0,7,3,1,4,3,0,2,2
24065,532,0.0,0.0,0.0,14,2,2,10,13,0,1,0
240725,1557,0.0,4.0,1.0,4,1,1,1,3,0,1,0
241206,2935,0.0,3.0,0.0,8,1,1,3,6,0,1,1
241964,2187,0.0,3.0,0.0,1,1,1,1,0,0,1,0
242896,1133,0.0,4.0,0.0,9,2,2,1,8,0,1,0
242999,4585,0.0,2.0,1.0,7,3,1,2,5,0,1,1
244014,643,0.0,4.0,1.0,6,4,1,1,5,0,1,0
24426,1892,0.0,4.0,2.0,16,8,5,2,12,0,4,0
244457,4240,0.0,2.0,null,3,1,1,1,2,0,1,0
244460,4480,0.0,6.0,0.0,16,10,1,2,14,0,2,0
244839,2435,0.0,2.0,0.0,9,4,1,1,5,1,1,2
244854,2394,0.0,0.0,0.0,3,1,1,1,1,0,2,0
245444,246,0.0,6.0,1.0,9,3,1,1,8,0,1,0
245678,112,0.0,0.0,0.0,8,1,1,1,7,0,1,0
245967,10,0.0,3.0,1.0,3,2,1,1,2,0,1,0
246155,3054,0.0,0.0,0.0,14,4,3,2,13,0,1,0
246513,586,0.0,3.0,0.0,37,18,4,2,35,0,2,0
246850,720,0.0,2.0,0.0,4,2,1,1,3,0,1,0
24687,1056,0.0,5.0,1.0,11,8,5,1,10,0,1,0
246877,4813,0.0,4.0,0.0,4,2,1,1,3,0,1,0
246889,3484,0.0,3.0,0.0,12,4,1,2,11,0,1,0
24732,1272,0.0,0.0,0.0,10,7,1,2,9,0,1,0
247354,2403,0.0,3.0,2.0,28,11,3,2,25,0,1,2
247453,3545,0.0,3.0,1.0,11,3,1,2,10,0,1,0
247521,1133,0.0,2.0,1.0,33,9,4,3,30,0,1,2
247605,2158,0.0,0.0,0.0,4,1,1,1,3,0,1,0
247707,3876,0.0,3.0,1.0,2,1,1,1,1,0,1,0
247790,4424,0.0,3.0,1.0,14,2,1,2,13,0,1,0
248023,3320,0.0,2.0,0.0,12,5,1,1,11,0,1,0
248038,4262,0.0,3.0,0.0,3,2,1,1,2,0,1,0
248186,685,0.0,0.0,0.0,7,1,1,2,6,0,1,0
248425,2994,0.0,2.0,0.0,3,2,1,1,1,0,1,1
248537,742,0.0,0.0,0.0,10,5,3,1,9,0,1,0
248586,278,0.0,4.0,0.0,43,15,3,8,39,0,1,3
249168,2537,0.0,0.0,0.0,5,1,1,2,4,0,1,0
2502,3806,0.0,0.0,1.0,3,1,1,1,2,0,1,0
250485,3350,0.0,6.0,0.0,2,2,1,1,1,0,1,0
250519,4858,0.0,6.0,1.0,5,3,1,1,4,0,1,0
251054,4044,0.0,4.0,0.0,7,2,2,1,5,0,2,0
251901,3173,1.0,4.0,0.0,7,3,1,1,5,0,2,0
252152,1310,0.0,0.0,1.0,2,1,1,1,1,0,1,0
252281,412,0.0,6.0,0.0,3,2,1,2,2,0,1,0
25287,2436,0.0,4.0,1.0,10,3,2,1,8,0,1,1
253447,332,0.0,3.0,0.0,3,2,1,2,1,0,1,1
253497,3160,0.0,0.0,0.0,1,1,1,1,0,0,1,0
25377,547,0.0,null,null,14,1,1,1,13,0,1,0
253867,2313,0.0,3.0,1.0,2,1,1,1,1,0,1,0
253898,3683,0.0,3.0,0.0,5,1,1,2,3,0,1,1
253899,4363,0.0,7.0,0.0,10,1,1,3,9,0,1,0
254130,1272,0.0,2.0,0.0,9,4,1,3,7,0,1,1
254583,535,0.0,3.0,0.0,14,3,1,2,13,0,1,0
254919,3979,0.0,6.0,0.0,4,1,1,1,3,0,1,0
254956,2668,0.0,0.0,1.0,9,1,1,1,8,0,1,0
255022,4099,0.0,0.0,0.0,2,1,1,2,0,0,1,1
255343,1948,0.0,5.0,0.0,9,4,2,3,8,0,1,0
255686,4976,0.0,5.0,2.0,5,3,3,1,2,0,3,0
256162,4173,0.0,0.0,0.0,7,2,2,3,6,0,1,0
256546,1090,0.0,3.0,0.0,20,8,2,2,18,0,2,0
256938,1605,0.0,0.0,0.0,8,2,1,3,7,0,1,0
257225,3509,0.0,5.0,0.0,5,1,1,2,4,0,1,0
257400,606,0.0,3.0,0.0,32,24,9,3,30,0,2,0
257512,2708,0.0,0.0,0.0,5,1,1,1,3,0,2,0
258217,2994,0.0,0.0,0.0,8,3,1,1,7,0,1,0
258545,4919,0.0,0.0,1.0,8,1,1,2,7,0,1,0
258719,66,0.0,3.0,0.0,1,1,1,1,0,0,1,0
2591,226,0.0,3.0,0.0,1,1,1,1,0,0,1,0
25920,361,0.0,0.0,0.0,4,2,2,1,2,0,2,0
259225,2322,0.0,3.0,1.0,2,2,2,1,0,0,2,0
259593,4137,0.0,4.0,1.0,7,4,1,2,6,0,1,0
259822,2592,0.0,4.0,0.0,4,1,1,2,3,0,1,0
260033,297,0.0,0.0,1.0,3,1,1,1,2,0,1,0
260466,4240,0.0,7.0,1.0,6,1,1,1,5,0,1,0
260607,2669,0.0,3.0,0.0,32,11,6,5,31,0,1,0
261067,2928,0.0,4.0,0.0,3,1,1,1,2,0,1,0
261068,3476,0.0,4.0,0.0,1,1,1,1,0,0,1,0
261496,2891,0.0,3.0,0.0,3,2,1,1,2,0,1,0
261624,3205,0.0,0.0,0.0,7,3,1,1,6,0,1,0
262281,4173,0.0,0.0,1.0,34,16,7,4,30,3,1,0
262702,1585,0.0,5.0,0.0,4,1,1,2,3,0,1,0
262992,2562,0.0,3.0,1.0,1,1,1,1,0,0,1,0
263426,1861,0.0,2.0,0.0,1,1,1,1,0,0,1,0
263503,4005,0.0,3.0,0.0,3,1,1,2,2,0,1,0
264208,1708,0.0,4.0,0.0,6,2,1,1,5,0,1,0
264844,359,0.0,4.0,0.0,16,3,2,1,12,0,4,0
264954,4468,0.0,0.0,1.0,2,1,1,1,1,0,1,0
26553,649,0.0,3.0,0.0,10,4,2,2,8,0,2,0
265537,4143,0.0,5.0,1.0,2,1,1,1,1,0,1,0
265756,4079,0.0,0.0,0.0,3,1,1,1,2,0,1,0
266035,3971,0.0,2.0,0.0,2,1,1,1,1,0,1,0
266138,1487,0.0,3.0,1.0,17,12,1,1,15,0,1,1
266384,747,0.0,4.0,0.0,11,3,1,3,10,0,1,0
267233,4242,0.0,null,null,3,1,1,1,2,0,1,0
267564,4976,0.0,2.0,0.0,26,14,3,1,24,0,2,0
268308,2403,0.0,3.0,0.0,26,17,3,3,24,0,2,0
268341,2711,0.0,4.0,0.0,19,3,1,5,17,0,1,1
268782,1501,0.0,2.0,1.0,19,6,3,4,17,0,1,1
269053,1501,0.0,0.0,0.0,16,7,2,2,13,0,1,2
2692,2284,0.0,6.0,0.0,5,1,1,1,4,0,1,0
269742,129,0.0,6.0,0.0,3,1,1,1,2,0,1,0
26999,4536,0.0,2.0,0.0,3,1,1,1,2,0,1,0
270185,4143,0.0,4.0,0.0,9,3,1,2,8,0,1,0
270323,1470,0.0,3.0,1.0,13,4,2,1,12,0,1,0
270479,587,0.0,5.0,1.0,1,1,1,1,0,0,1,0
270741,2721,0.0,0.0,1.0,4,1,1,1,2,0,2,0
270771,1618,0.0,3.0,0.0,34,10,4,2,32,0,2,0
270957,3519,0.0,2.0,1.0,4,2,2,1,3,0,1,0
271042,2952,0.0,2.0,0.0,2,1,1,1,0,0,1,1
271325,2883,0.0,0.0,0.0,14,7,1,1,13,0,1,0
27219,1978,0.0,3.0,1.0,10,4,2,2,7,1,2,0
272204,3301,0.0,6.0,1.0,8,2,2,1,6,0,2,0
272231,71,0.0,5.0,0.0,18,13,3,2,17,0,1,0
273413,3936,0.0,5.0,0.0,29,18,8,1,25,0,4,0
273641,1393,1.0,0.0,0.0,41,9,5,3,40,0,1,0
273853,1435,0.0,2.0,0.0,3,1,1,1,2,0,1,0
273887,1370,0.0,6.0,0.0,11,5,2,1,8,0,3,0
274148,4978,0.0,6.0,0.0,20,5,1,2,19,0,1,0
274437,4856,0.0,4.0,0.0,3,1,1,1,2,0,1,0
274645,4760,0.0,3.0,0.0,10,1,1,2,9,0,1,0
274783,3111,1.0,3.0,0.0,4,2,1,1,3,0,1,0
275371,1437,0.0,4.0,1.0,13,8,2,2,12,0,1,0
275908,2124,0.0,4.0,0.0,6,2,1,2,5,0,1,0
276016,2709,0.0,7.0,1.0,4,1,1,1,2,0,1,1
276114,1972,0.0,0.0,0.0,11,3,2,1,9,0,1,1
276465,2648,0.0,4.0,1.0,3,1,1,1,2,0,1,0
276468,3424,0.0,3.0,0.0,2,1,1,1,1,0,1,0
276865,152,0.0,5.0,2.0,9,2,1,3,8,0,1,0
277038,1495,0.0,4.0,0.0,1,1,1,1,0,0,1,0
27709,3350,0.0,3.0,0.0,3,1,1,2,2,0,1,0
277269,3545,0.0,3.0,0.0,9,2,1,1,7,0,2,0
277470,598,0.0,3.0,1.0,7,4,3,2,6,0,1,0
277552,3161,0.0,0.0,0.0,8,3,2,2,5,0,1,2
277690,3199,1.0,0.0,0.0,44,19,2,3,43,0,1,0
277827,2565,0.0,6.0,0.0,4,1,1,2,3,0,1,0
277829,3828,0.0,0.0,0.0,29,12,3,2,28,0,1,0
277999,2954,0.0,4.0,0.0,28,12,6,4,24,0,4,0
278074,2047,0.0,2.0,0.0,24,2,2,2,22,0,2,0
278287,4282,0.0,3.0,0.0,17,10,2,1,13,0,4,0
278496,684,0.0,4.0,1.0,15,6,4,4,12,0,3,0
278688,2821,0.0,3.0,1.0,1,1,1,1,0,0,1,0
278894,598,0.0,3.0,0.0,29,7,2,2,26,0,1,2
278973,1203,0.0,3.0,0.0,5,3,2,3,4,0,1,0
279018,2579,0.0,3.0,0.0,6,4,3,2,4,0,2,0
279195,1704,0.0,0.0,0.0,7,2,2,2,6,0,1,0
279440,1264,0.0,4.0,1.0,6,4,1,2,4,0,2,0
279686,4855,0.0,5.0,0.0,8,3,1,2,7,0,1,0
27981,4659,0.0,4.0,0.0,4,4,1,1,0,0,4,0
279922,1298,0.0,4.0,0.0,8,3,2,1,6,0,1,1
280314,3828,0.0,4.0,0.0,1,1,1,1,0,0,1,0
280990,4282,0.0,3.0,1.0,11,4,3,5,10,0,1,0
281108,4594,0.0,0.0,1.0,21,9,4,2,18,1,2,0
281574,4564,0.0,0.0,1.0,7,1,1,2,5,0,1,1
281811,3168,0.0,3.0,1.0,17,8,4,3,15,0,1,1
282622,3912,0.0,0.0,0.0,3,1,1,1,2,0,1,0
282783,3619,0.0,3.0,0.0,2,1,1,2,0,0,1,1
282835,2981,0.0,3.0,0.0,8,3,2,5,5,0,1,2
283614,4928,0.0,0.0,1.0,5,1,1,1,4,0,1,0
283644,3098,0.0,3.0,0.0,3,1,1,1,2,0,1,0
284050,2511,0.0,4.0,0.0,1,1,1,1,0,0,1,0
28424,1332,0.0,4.0,1.0,36,11,4,5,34,0,2,0
284264,2565,0.0,0.0,0.0,5,3,1,1,4,0,1,0
28444,1830,0.0,0.0,0.0,4,2,1,1,3,0,1,0
284623,1840,0.0,6.0,0.0,4,2,1,2,3,0,1,0
284718,586,0.0,4.0,0.0,25,10,2,2,22,0,2,1
284917,1000,0.0,6.0,0.0,3,1,1,1,2,0,1,0
285134,3981,0.0,5.0,0.0,10,4,1,2,9,0,1,0
285139,1565,0.0,4.0,0.0,5,2,1,1,4,0,1,0
28535,1472,0.0,2.0,1.0,5,4,1,1,4,0,1,0
286509,141,0.0,6.0,1.0,14,5,2,1,13,0,1,0
286680,812,0.0,4.0,0.0,9,2,1,3,8,0,1,0
287173,4173,0.0,3.0,0.0,14,11,5,2,12,0,1,1
287418,941,0.0,6.0,0.0,6,2,2,1,5,0,1,0
287479,437,0.0,4.0,1.0,14,6,2,1,13,0,1,0
287792,3310,0.0,7.0,0.0,14,1,1,2,12,0,2,0
288034,1346,0.0,0.0,1.0,23,4,1,3,21,0,1,1
288370,2193,0.0,3.0,0.0,1,1,1,1,0,0,1,0
288646,2273,0.0,3.0,0.0,5,1,1,1,4,0,1,0
288752,1692,0.0,0.0,0.0,9,1,1,3,8,0,1,0
289137,3124,0.0,5.0,1.0,15,8,5,1,14,0,1,0
289222,4744,0.0,0.0,0.0,2,1,1,1,1,0,1,0
289268,3153,0.0,3.0,1.0,3,2,2,3,0,0,1,2
289475,4636,1.0,3.0,0.0,2,1,1,1,1,0,1,0
289650,2313,0.0,6.0,0.0,5,1,1,2,4,0,1,0
290052,3268,0.0,3.0,1.0,4,1,1,1,3,0,1,0
290198,606,0.0,0.0,0.0,4,4,3,1,0,0,4,0
290258,3734,0.0,3.0,0.0,10,2,2,4,9,0,1,0
290446,3640,0.0,6.0,1.0,3,1,1,1,2,0,1,0
290518,3545,0.0,5.0,0.0,7,1,1,2,5,0,1,1
291188,361,0.0,6.0,1.0,13,3,2,2,8,0,2,3
291629,4760,0.0,null,null,2,1,1,1,1,0,1,0
291780,4585,0.0,4.0,0.0,13,2,1,1,11,0,2,0
292448,4048,0.0,0.0,1.0,2,1,1,1,1,0,1,0
292492,2711,0.0,4.0,0.0,54,3,1,2,53,0,1,0
293033,1968,0.0,2.0,1.0,8,4,4,2,6,0,2,0
293407,4044,0.0,2.0,0.0,4,2,1,2,3,0,1,0
293718,361,0.0,5.0,1.0,6,1,1,1,5,0,1,0
294314,1748,0.0,0.0,0.0,4,1,1,1,3,0,1,0
294365,2954,0.0,3.0,0.0,4,1,1,1,2,0,2,0
294385,3472,0.0,2.0,1.0,9,2,1,1,7,0,1,1
294445,2943,0.0,5.0,0.0,14,3,1,2,12,0,1,1
294654,3173,0.0,2.0,0.0,1,1,1,1,0,0,1,0
294894,4173,0.0,5.0,0.0,2,1,1,1,1,0,1,0
295087,4042,0.0,3.0,0.0,1,1,1,1,0,0,1,0
295459,614,0.0,5.0,0.0,4,3,3,1,3,0,1,0
295629,4976,0.0,0.0,0.0,19,5,2,1,17,0,2,0
296000,4569,0.0,2.0,1.0,6,2,1,2,5,0,1,0
296294,1559,0.0,6.0,0.0,49,39,5,5,48,0,1,0
296770,219,0.0,3.0,0.0,4,1,1,3,2,0,1,1
29745,718,0.0,6.0,1.0,4,1,1,1,3,0,1,0
297875,3835,0.0,5.0,0.0,7,3,3,1,5,0,2,0
298471,141,0.0,4.0,0.0,41,31,11,3,38,0,3,0
298475,968,0.0,0.0,1.0,4,1,1,2,3,0,1,0
298695,1274,0.0,4.0,2.0,13,8,4,1,12,0,1,0
299208,4926,0.0,3.0,1.0,8,2,1,1,7,0,1,0
299313,2360,0.0,4.0,0.0,5,2,1,1,4,0,1,0
29952,4760,0.0,0.0,0.0,10,2,1,1,9,0,1,0
300076,2415,0.0,2.0,1.0,2,1,1,2,1,0,1,0
300369,2435,0.0,2.0,0.0,5,1,1,1,3,0,1,1
300553,2255,0.0,4.0,0.0,2,1,1,1,1,0,1,0
301344,2669,0.0,3.0,0.0,11,4,1,1,10,0,1,0
301510,4137,0.0,4.0,0.0,3,1,1,2,2,0,1,0
301999,4906,0.0,0.0,0.0,10,5,1,2,9,0,1,0
30208,742,0.0,3.0,0.0,12,2,1,1,10,0,1,1
302208,4558,0.0,2.0,0.0,2,1,1,1,1,0,1,0
302403,3815,0.0,4.0,1.0,3,1,1,1,2,0,1,0
302887,3727,0.0,3.0,0.0,7,1,1,2,6,0,1,0
303074,643,0.0,6.0,0.0,3,1,1,1,2,0,1,0
303088,1581,0.0,3.0,0.0,7,7,1,1,0,0,7,0
303164,3971,0.0,4.0,0.0,9,3,2,3,5,0,3,1
303445,2569,0.0,4.0,0.0,6,5,2,2,1,0,4,1
303948,1964,1.0,0.0,1.0,12,2,2,2,11,0,1,0
304168,2592,0.0,5.0,0.0,3,1,1,2,2,0,1,0
305445,4648,0.0,6.0,0.0,2,2,1,1,0,0,2,0
305535,4282,1.0,3.0,1.0,14,10,5,4,13,0,1,0
305672,2482,0.0,2.0,0.0,7,4,4,1,5,0,2,0
30579,3910,0.0,3.0,0.0,8,4,3,1,7,0,1,0
305925,4976,0.0,4.0,0.0,16,5,3,3,13,0,1,2
306250,3993,0.0,4.0,1.0,3,1,1,1,2,0,1,0
306313,4287,0.0,0.0,0.0,6,2,2,1,4,0,2,0
306380,4252,0.0,4.0,0.0,2,1,1,1,1,0,1,0
306505,2609,0.0,5.0,0.0,2,1,1,1,1,0,1,0
306929,2273,0.0,2.0,1.0,10,2,1,3,9,0,1,0
306968,3350,0.0,0.0,0.0,3,1,1,1,2,0,1,0
30730,1435,0.0,0.0,0.0,4,1,1,2,3,0,1,0
307606,4847,0.0,0.0,0.0,25,19,5,2,24,0,1,0
307783,1833,0.0,4.0,1.0,7,2,1,2,5,0,2,0
307807,1495,0.0,3.0,1.0,18,10,2,3,17,0,1,0
308998,3968,1.0,2.0,0.0,5,1,1,2,4,0,1,0
309977,2318,0.0,2.0,1.0,3,1,1,2,2,0,1,0
310680,3080,0.0,3.0,1.0,2,1,1,1,1,0,1,0
310856,3411,0.0,4.0,0.0,1,1,1,1,0,0,1,0
311678,2193,0.0,0.0,0.0,4,1,1,1,3,0,1,0
31177,2639,0.0,4.0,0.0,36,25,8,11,34,0,2,0
31191,1123,0.0,3.0,0.0,21,7,3,2,19,0,1,1
312373,1131,0.0,5.0,0.0,4,2,1,1,3,0,1,0
312738,10,1.0,3.0,0.0,3,2,2,2,1,0,1,1
312848,2579,0.0,4.0,0.0,11,3,1,2,10,0,1,0
313304,742,0.0,3.0,0.0,11,5,2,2,10,0,1,0
313510,3350,0.0,6.0,0.0,7,1,1,2,4,0,3,0
313943,2634,1.0,3.0,1.0,46,36,9,8,43,0,3,0
314797,179,0.0,3.0,0.0,3,1,1,1,2,0,1,0
314817,3065,0.0,0.0,0.0,2,1,1,1,1,0,1,0
315476,4848,0.0,3.0,0.0,6,1,1,1,5,0,1,0
315491,4026,0.0,5.0,2.0,1,1,1,1,0,0,1,0
316217,3319,0.0,2.0,0.0,5,1,1,1,4,0,1,0
316350,3578,0.0,5.0,0.0,11,6,1,1,10,0,1,0
316557,2680,0.0,2.0,1.0,2,1,1,1,1,0,1,0
317036,4667,0.0,0.0,0.0,8,2,2,1,7,0,1,0
317134,1999,0.0,0.0,0.0,135,23,2,1,129,0,6,0
317322,2811,0.0,2.0,0.0,3,1,1,2,1,0,1,1
317524,2569,0.0,4.0,1.0,14,10,2,2,12,0,2,0
317547,1832,0.0,0.0,0.0,13,3,1,2,11,0,2,0
31938,4756,0.0,4.0,0.0,4,1,1,1,2,0,2,0
319414,474,0.0,3.0,0.0,23,12,9,1,14,0,9,0
31949,424,0.0,3.0,0.0,2,1,1,1,1,0,1,0
320369,1970,0.0,6.0,0.0,9,5,3,1,5,0,4,0
320908,4043,0.0,5.0,0.0,6,2,2,3,5,0,1,0
321010,3825,0.0,4.0,1.0,4,1,1,1,3,0,1,0
321013,1910,0.0,0.0,1.0,6,3,2,1,5,0,1,0
321427,1102,0.0,4.0,0.0,20,11,5,5,18,1,1,0
321560,2639,0.0,3.0,1.0,23,5,4,1,17,0,6,0
321561,2128,0.0,6.0,0.0,3,1,1,3,2,0,1,0
321674,2229,0.0,5.0,0.0,6,3,1,2,5,0,1,0
321682,685,0.0,4.0,1.0,12,6,2,3,9,0,3,0
32192,3602,0.0,0.0,0.0,3,1,1,1,2,0,1,0
321968,3420,0.0,0.0,0.0,22,12,6,2,20,0,2,0
322100,437,0.0,5.0,1.0,1,1,1,1,0,0,1,0
322471,4955,0.0,2.0,0.0,1,1,1,1,0,0,1,0
322529,4742,0.0,6.0,0.0,7,3,1,1,6,0,1,0
323034,4044,0.0,3.0,0.0,10,9,2,1,9,0,1,0
323035,3451,0.0,6.0,1.0,3,1,1,1,2,0,1,0
323117,3411,0.0,3.0,0.0,3,1,1,1,2,0,1,0
32337,946,0.0,3.0,2.0,14,9,4,2,13,0,1,0
323444,1760,0.0,5.0,1.0,3,3,1,1,0,0,3,0
323592,2173,1.0,2.0,0.0,12,6,1,2,11,0,1,0
323632,1500,0.0,2.0,1.0,12,1,1,2,11,0,1,0
323700,649,0.0,5.0,0.0,2,2,1,1,1,0,1,0
32397,4785,0.0,0.0,0.0,30,11,5,6,29,0,1,0
324576,4131,0.0,3.0,0.0,2,1,1,1,1,0,1,0
324819,4710,0.0,0.0,0.0,3,1,1,2,2,0,1,0
325,794,0.0,6.0,1.0,7,2,1,1,5,0,2,0
325603,1618,0.0,0.0,0.0,7,4,2,1,5,0,2,0
325903,570,0.0,0.0,0.0,14,2,2,2,10,0,3,1
326712,1494,1.0,0.0,0.0,3,1,1,2,1,0,1,1
32745,3288,0.0,4.0,1.0,3,1,1,1,1,0,2,0
327842,2221,0.0,2.0,0.0,4,2,1,2,3,0,1,0
328248,2482,0.0,3.0,0.0,4,3,3,3,2,0,1,1
328458,4444,0.0,6.0,1.0,4,2,2,2,3,0,1,0
328523,1187,0.0,4.0,1.0,9,7,3,3,8,0,1,0
328776,4173,0.0,4.0,0.0,66,34,6,11,64,0,2,0
328937,4091,0.0,3.0,0.0,2,1,1,1,1,0,1,0
328944,4336,0.0,5.0,0.0,1,1,1,1,0,0,1,0
328997,1268,0.0,3.0,0.0,3,1,1,1,2,0,1,0
328998,1659,0.0,0.0,0.0,6,1,1,1,5,0,1,0
329090,1911,0.0,0.0,0.0,23,8,1,3,22,0,1,0
329487,3734,0.0,3.0,1.0,8,4,4,3,6,0,2,0
329930,141,0.0,5.0,0.0,1,1,1,1,0,0,1,0
329951,1272,0.0,6.0,0.0,2,1,1,1,1,0,1,0
330265,3862,0.0,2.0,1.0,3,1,1,1,2,0,1,0
330568,598,0.0,null,null,31,6,2,5,30,0,1,0
330614,2217,1.0,3.0,0.0,14,6,2,1,12,0,2,0
330645,3629,0.0,2.0,null,4,1,1,1,3,0,1,0
330990,1031,0.0,3.0,0.0,1,1,1,1,0,0,1,0
331106,4659,0.0,0.0,0.0,5,2,2,3,4,0,1,0
331202,2699,0.0,3.0,0.0,24,11,2,1,22,0,2,0
331230,4659,0.0,5.0,0.0,2,1,1,1,1,0,1,0
331580,4049,0.0,3.0,0.0,2,1,1,1,1,0,1,0
331636,2436,0.0,0.0,0.0,4,1,1,1,3,0,1,0
33165,1370,0.0,4.0,0.0,13,5,3,1,10,0,3,0
331961,2047,0.0,3.0,0.0,3,1,1,1,1,0,1,1
332092,3085,0.0,5.0,0.0,7,3,3,2,5,0,2,0
333380,4724,0.0,3.0,0.0,4,1,1,2,3,0,1,0
333518,1379,0.0,0.0,0.0,1,1,1,1,0,0,1,0
333977,3147,0.0,3.0,0.0,3,1,1,1,2,0,1,0
334239,1393,0.0,0.0,1.0,1,1,1,1,0,0,1,0
334417,1272,0.0,0.0,0.0,17,3,1,7,16,0,1,0
334588,2099,0.0,6.0,0.0,4,1,1,1,3,0,1,0
334741,2436,0.0,0.0,0.0,7,1,1,2,5,0,1,1
335161,3734,0.0,2.0,1.0,3,2,2,1,2,0,1,0
335291,4026,0.0,3.0,1.0,5,1,1,2,4,0,1,0
335480,3878,0.0,4.0,0.0,71,37,2,7,67,0,2,2
335674,58,0.0,4.0,0.0,3,1,1,1,2,0,1,0
336046,4605,0.0,3.0,0.0,9,9,4,3,0,0,3,6
336087,310,0.0,3.0,1.0,4,1,1,1,3,0,1,0
336090,2954,0.0,4.0,0.0,18,6,3,4,17,0,1,0
336428,4196,0.0,0.0,0.0,9,5,2,3,6,0,2,1
336829,1833,0.0,0.0,1.0,103,46,3,10,95,0,2,6
337082,2242,0.0,4.0,0.0,2,1,1,1,1,0,1,0
337264,3420,0.0,0.0,0.0,11,6,3,1,0,0,5,6
337266,4090,0.0,3.0,0.0,11,4,1,3,9,0,1,1
337716,3148,0.0,2.0,0.0,44,18,4,2,38,0,6,0
338185,2935,0.0,4.0,0.0,2,1,1,1,1,0,1,0
33869,215,0.0,3.0,1.0,2,2,2,2,1,0,1,0
339244,4976,0.0,0.0,0.0,43,4,1,4,41,1,1,0
339305,3959,1.0,0.0,0.0,3,2,1,1,2,0,1,0
339414,4469,0.0,4.0,0.0,7,1,1,2,5,0,1,1
339472,4647,0.0,0.0,0.0,6,1,1,1,5,0,1,0
339519,3826,0.0,2.0,0.0,1,1,1,1,0,0,1,0
339715,3769,0.0,5.0,1.0,7,1,1,2,6,0,1,0
339775,4542,0.0,0.0,0.0,11,5,2,4,10,0,1,0
339816,1102,0.0,2.0,0.0,3,3,2,1,1,0,2,0
339890,2217,0.0,3.0,0.0,9,1,1,2,8,0,1,0
339926,215,0.0,2.0,1.0,2,1,1,1,1,0,1,0
34008,2981,0.0,3.0,0.0,3,3,1,1,2,0,1,0
340165,4783,0.0,0.0,0.0,1,1,1,1,0,0,1,0
340166,3734,0.0,3.0,0.0,18,6,2,1,17,0,1,0
340273,1760,0.0,0.0,1.0,1,1,1,1,0,0,1,0
340670,4431,0.0,3.0,1.0,12,2,1,1,10,0,1,1
341264,2832,0.0,6.0,0.0,1,1,1,1,0,0,1,0
341289,2721,0.0,0.0,0.0,5,2,1,2,4,0,1,0
341308,4745,0.0,6.0,0.0,27,5,1,3,26,0,1,0
341436,1692,0.0,3.0,0.0,8,1,1,2,7,0,1,0
341907,1393,0.0,0.0,0.0,24,22,9,2,23,0,1,0
342046,1689,0.0,3.0,2.0,4,3,3,1,1,0,3,0
342243,845,0.0,5.0,0.0,5,1,1,1,4,0,1,0
342254,3839,0.0,5.0,0.0,85,46,3,12,84,0,1,0
342549,2313,0.0,0.0,0.0,1,1,1,1,0,0,1,0
34265,152,0.0,0.0,0.0,4,1,1,1,2,0,2,0
342718,1102,0.0,3.0,0.0,18,3,1,3,16,0,1,1
343671,3640,0.0,4.0,1.0,14,2,1,2,12,0,2,0
344001,1506,0.0,0.0,0.0,4,1,1,1,3,0,1,0
344138,415,0.0,2.0,1.0,1,1,1,1,0,0,1,0
344162,3792,0.0,0.0,1.0,6,1,1,2,5,0,1,0
344199,4768,0.0,3.0,0.0,25,11,1,3,23,0,2,0
344299,2278,0.0,0.0,0.0,67,14,8,7,62,0,4,1
344809,1884,0.0,4.0,1.0,2,1,1,1,1,0,1,0
344864,359,0.0,4.0,0.0,3,1,1,2,2,0,1,0
345153,1102,0.0,3.0,0.0,56,42,13,11,53,0,2,1
345283,1514,0.0,5.0,0.0,5,1,1,2,3,0,1,1
345364,4090,0.0,3.0,0.0,1,1,1,1,0,0,1,0
345393,4690,0.0,4.0,0.0,8,4,1,1,7,0,1,0
346349,66,0.0,3.0,1.0,14,4,1,1,13,0,1,0
346624,2767,0.0,5.0,1.0,10,3,1,3,8,0,1,1
346756,2453,1.0,2.0,0.0,8,2,1,1,6,0,1,1
347288,4605,0.0,0.0,1.0,5,2,2,1,3,0,1,1
347428,1618,0.0,2.0,0.0,18,12,6,2,15,0,3,0
347680,10,0.0,5.0,0.0,5,1,1,1,4,0,1,0
347713,14,0.0,4.0,0.0,37,13,4,4,32,0,2,3
3478,3971,0.0,5.0,1.0,9,2,2,1,8,0,1,0
348154,4992,0.0,6.0,1.0,22,5,1,2,20,0,2,0
348491,2313,0.0,5.0,0.0,4,2,1,1,3,0,1,0
348523,3477,0.0,4.0,0.0,5,2,1,1,4,0,1,0
348845,1346,0.0,4.0,0.0,12,1,1,2,10,0,1,1
34903,3095,0.0,6.0,0.0,7,1,1,1,6,0,1,0
349046,1357,0.0,3.0,0.0,16,12,5,2,11,0,4,1
349256,2900,0.0,0.0,0.0,2,1,1,1,1,0,1,0
349507,3971,0.0,3.0,1.0,7,2,1,1,4,0,3,0
349587,4049,0.0,3.0,0.0,12,5,2,2,11,0,1,0
349805,4659,0.0,0.0,0.0,53,21,8,6,44,0,2,7
350014,2537,0.0,0.0,1.0,2,1,1,2,0,0,1,1
350854,66,0.0,0.0,0.0,5,2,1,1,4,0,1,0
351470,1861,0.0,3.0,0.0,2,1,1,1,1,0,1,0
351803,1679,0.0,4.0,0.0,5,2,2,1,3,0,2,0
352284,794,0.0,3.0,0.0,37,9,2,1,35,0,1,1
352456,2721,0.0,2.0,0.0,8,1,1,3,6,0,1,1
353303,4090,0.0,5.0,1.0,3,1,1,2,2,0,1,0
353432,1833,0.0,4.0,0.0,30,12,2,4,22,0,2,6
353508,586,0.0,6.0,1.0,39,25,9,1,23,0,8,8
353567,4950,0.0,0.0,0.0,5,4,2,2,4,0,1,0
354193,4986,0.0,4.0,1.0,3,1,1,1,2,0,1,0
354230,1346,0.0,3.0,0.0,10,3,1,2,6,0,2,2
354443,3456,0.0,0.0,0.0,4,3,3,1,3,0,1,0
355203,4282,0.0,0.0,0.0,17,5,1,1,16,0,1,0
355794,2397,0.0,4.0,0.0,4,2,1,1,3,0,1,0
356060,1487,0.0,3.0,1.0,7,3,1,1,6,0,1,0
356580,4186,0.0,2.0,0.0,7,1,1,2,5,0,1,1
356842,1840,0.0,6.0,0.0,4,1,1,1,2,0,2,0
356968,2926,0.0,6.0,0.0,4,2,1,2,3,0,1,0
357312,2429,0.0,4.0,0.0,1,1,1,1,0,0,1,0
357397,4614,0.0,3.0,0.0,6,3,2,1,4,0,2,0
357402,798,0.0,3.0,0.0,3,1,1,1,2,0,1,0
357530,4048,0.0,6.0,0.0,11,1,1,1,9,0,1,1
357821,4143,1.0,5.0,0.0,1,1,1,1,0,0,1,0
35935,3723,0.0,0.0,0.0,1,1,1,1,0,0,1,0
35967,594,0.0,0.0,0.0,1,1,1,1,0,0,1,0
359703,1393,0.0,6.0,0.0,13,3,2,2,12,0,1,0
360055,418,0.0,4.0,0.0,4,1,1,2,3,0,1,0
360240,1468,0.0,3.0,0.0,23,2,2,9,20,0,1,2
360374,786,0.0,3.0,0.0,4,2,1,1,3,0,1,0
360385,1166,0.0,6.0,0.0,7,2,1,4,6,0,1,0
36076,2655,0.0,3.0,1.0,6,1,1,2,3,0,3,0
361380,547,0.0,4.0,1.0,5,1,1,3,3,0,1,1
361434,897,0.0,4.0,1.0,4,2,2,1,3,0,1,0
361470,2791,0.0,3.0,1.0,1,1,1,1,0,0,1,0
361946,3936,0.0,6.0,0.0,3,3,2,1,2,0,1,0
362196,3826,0.0,4.0,1.0,2,1,1,1,1,0,1,0
362450,4282,0.0,3.0,0.0,1,1,1,1,0,0,1,0
362492,643,0.0,0.0,0.0,7,2,1,2,6,0,1,0
363332,4527,0.0,0.0,null,15,8,2,1,14,0,1,0
363780,1916,0.0,3.0,0.0,3,1,1,2,2,0,1,0
364359,4650,1.0,0.0,0.0,2,1,1,2,0,0,1,1
364837,3472,0.0,6.0,1.0,11,3,1,3,10,0,1,0
365046,3323,0.0,4.0,0.0,4,2,1,1,2,0,2,0
365623,200,0.0,2.0,0.0,10,2,1,3,8,0,1,1
366161,643,0.0,0.0,0.0,6,2,1,2,3,0,1,2
366541,4170,0.0,5.0,0.0,10,3,1,1,8,0,2,0
367107,4955,0.0,0.0,0.0,3,1,1,1,2,0,1,0
367772,4335,0.0,0.0,1.0,6,4,2,1,5,0,1,0
368468,4044,0.0,0.0,0.0,8,2,1,1,7,0,1,0
368922,1330,0.0,0.0,0.0,3,1,1,1,2,0,1,0
369089,1346,0.0,4.0,0.0,53,9,1,4,44,0,1,8
369441,73,0.0,3.0,0.0,4,1,1,2,3,0,1,0
369670,474,1.0,4.0,1.0,8,3,2,2,7,0,1,0
369904,941,0.0,0.0,1.0,5,1,1,2,4,0,1,0
370740,598,0.0,3.0,0.0,12,5,2,4,9,0,2,1
371449,3350,0.0,3.0,0.0,11,2,1,1,9,0,2,0
371494,3148,0.0,3.0,0.0,63,12,3,5,55,0,3,5
371683,4605,0.0,4.0,0.0,2,1,1,1,1,0,1,0
37182,3986,0.0,6.0,1.0,1,1,1,1,0,0,1,0
372116,1403,0.0,4.0,0.0,1,1,1,1,0,0,1,0
372573,2824,0.0,4.0,0.0,11,2,2,1,9,0,2,0
372639,2569,0.0,2.0,0.0,12,4,1,2,11,0,1,0
373359,2537,0.0,3.0,0.0,10,7,2,4,9,0,1,0
373405,1487,0.0,3.0,0.0,11,6,1,1,10,0,1,0
37346,598,0.0,0.0,0.0,4,2,2,1,3,0,1,0
373771,2273,0.0,8.0,0.0,7,1,1,3,4,0,1,2
37450,760,0.0,0.0,0.0,8,4,1,2,6,0,2,0
374620,1840,0.0,4.0,0.0,17,5,3,1,16,0,1,0
374661,2215,0.0,6.0,0.0,52,8,5,2,48,0,3,1
375014,989,0.0,0.0,0.0,2,1,1,1,1,0,1,0
375393,2876,0.0,3.0,0.0,1,1,1,1,0,0,1,0
376026,2403,0.0,4.0,0.0,3,1,1,1,2,0,1,0
37620,4322,0.0,0.0,1.0,1,1,1,1,0,0,1,0
376423,3460,0.0,3.0,1.0,2,1,1,1,1,0,1,0
377827,3057,0.0,4.0,0.0,1,1,1,1,0,0,1,0
378582,132,0.0,4.0,0.0,15,6,1,2,14,0,1,0
379188,3090,0.0,0.0,0.0,34,20,3,3,33,0,1,0
379263,4864,0.0,6.0,1.0,57,24,2,3,55,0,1,1
379806,773,0.0,4.0,0.0,60,40,21,7,59,0,1,0
380027,3173,0.0,6.0,0.0,3,2,1,1,2,0,1,0
380380,1922,0.0,4.0,0.0,1,1,1,1,0,0,1,0
380657,3289,0.0,0.0,0.0,5,2,1,2,4,0,1,0
381041,2128,0.0,4.0,0.0,3,1,1,1,2,0,1,0
381522,4760,0.0,2.0,1.0,1,1,1,1,0,0,1,0
381584,4385,0.0,0.0,0.0,4,2,2,1,3,0,1,0
382817,4950,0.0,3.0,1.0,5,1,1,3,4,0,1,0
38296,1102,0.0,3.0,0.0,111,39,9,7,89,0,1,21
383381,4044,0.0,6.0,0.0,69,39,8,3,65,0,3,1
383561,2824,0.0,4.0,0.0,20,12,2,2,17,0,3,0
383606,4339,0.0,5.0,0.0,3,2,1,1,2,0,1,0
383607,598,0.0,2.0,1.0,7,1,1,2,5,0,1,1
383771,4921,0.0,3.0,0.0,23,16,2,2,22,0,1,0
384099,4044,0.0,3.0,0.0,30,22,10,4,29,0,1,0
384157,1412,0.0,3.0,0.0,5,4,2,1,4,0,1,0
384268,1492,0.0,0.0,0.0,12,4,3,3,9,0,1,2
38465,2745,0.0,5.0,0.0,4,2,1,1,3,0,1,0
3848,219,0.0,3.0,2.0,4,1,1,2,2,0,1,1
385131,2721,0.0,3.0,0.0,8,1,1,1,7,0,1,0
385157,1102,1.0,4.0,0.0,6,2,2,1,4,0,1,1
385235,2473,0.0,3.0,0.0,6,3,1,1,5,0,1,0
385413,2217,0.0,3.0,0.0,11,5,1,2,8,0,1,2
385643,2149,0.0,3.0,0.0,21,3,1,2,16,0,2,3
385776,2138,0.0,2.0,0.0,1,1,1,1,0,0,1,0
386242,3392,0.0,2.0,0.0,6,1,1,2,5,0,1,0
386572,1346,0.0,3.0,0.0,19,7,1,3,17,0,1,1
386652,3828,0.0,0.0,0.0,5,3,2,2,4,0,1,0
386726,1346,0.0,4.0,1.0,6,3,1,1,5,0,1,0
387407,3822,0.0,0.0,0.0,4,2,1,2,3,0,1,0
387787,2320,0.0,0.0,1.0,2,1,1,1,1,0,1,0
388154,1102,0.0,3.0,0.0,4,2,2,2,3,0,1,0
388247,1102,0.0,3.0,1.0,63,12,7,5,51,0,6,6
388608,1840,0.0,7.0,1.0,3,2,2,1,0,0,3,0
388647,586,0.0,4.0,2.0,2,1,1,1,0,0,2,0
389159,1310,0.0,0.0,0.0,13,7,5,6,5,0,3,5
390296,2448,0.0,3.0,2.0,3,1,1,1,2,0,1,0
390801,3554,0.0,0.0,1.0,1,1,1,1,0,0,1,0
391100,2128,0.0,5.0,0.0,1,1,1,1,0,0,1,0
39158,3982,0.0,3.0,2.0,8,2,1,2,6,0,2,0
392043,3655,0.0,6.0,0.0,3,1,1,2,2,0,1,0
392048,2099,0.0,0.0,0.0,3,1,1,1,2,0,1,0
392309,1096,0.0,3.0,1.0,6,2,1,1,5,0,1,0
392355,4394,0.0,3.0,1.0,2,1,1,1,1,0,1,0
392939,4282,0.0,3.0,1.0,5,3,2,2,3,0,1,1
393110,4170,0.0,5.0,0.0,27,7,1,2,24,0,3,0
39322,1501,0.0,5.0,0.0,14,8,5,2,13,0,1,0
393280,2981,0.0,4.0,0.0,22,4,2,2,20,0,1,1
393490,1854,0.0,3.0,0.0,2,1,1,1,1,0,1,0
393604,114,0.0,3.0,0.0,2,1,1,1,1,0,1,0
394201,590,0.0,4.0,1.0,25,12,2,2,24,0,1,0
394234,1102,0.0,2.0,0.0,6,2,2,5,1,0,1,4
394340,4427,0.0,4.0,0.0,16,7,1,3,13,0,2,1
394343,773,1.0,3.0,0.0,21,14,6,1,18,0,3,0
394717,3460,0.0,4.0,0.0,2,1,1,1,0,0,2,0
39476,4349,1.0,3.0,0.0,3,2,2,2,2,0,1,0
395011,3878,0.0,5.0,0.0,13,5,1,1,12,0,1,0
395051,3843,0.0,6.0,0.0,7,4,4,1,6,0,1,0
395175,1884,0.0,3.0,1.0,2,1,1,1,1,0,1,0
395506,2066,0.0,3.0,0.0,3,1,1,1,2,0,1,0
395682,2234,0.0,5.0,0.0,9,1,1,1,7,0,1,1
395691,361,0.0,0.0,0.0,7,4,2,1,5,0,1,1
395901,4797,0.0,2.0,0.0,31,13,1,1,24,0,6,1
396792,310,0.0,2.0,0.0,10,5,3,1,9,0,1,0
396821,3029,0.0,0.0,0.0,3,1,1,1,2,0,1,0
397271,915,0.0,4.0,1.0,23,13,4,3,22,0,1,0
397352,1393,0.0,0.0,0.0,2,2,2,1,0,0,2,0
397376,4394,0.0,4.0,0.0,3,2,2,2,1,0,2,0
397875,3080,1.0,3.0,0.0,5,1,1,2,4,0,1,0
398127,4173,0.0,3.0,1.0,4,1,1,1,3,0,1,0
398175,4605,0.0,0.0,1.0,7,2,1,1,4,2,1,0
398227,2795,0.0,0.0,1.0,3,2,2,2,1,0,2,0
398425,4173,0.0,4.0,1.0,9,5,3,2,8,0,1,0
398760,4120,0.0,6.0,1.0,2,1,1,1,1,0,1,0
398899,3910,0.0,3.0,0.0,3,1,1,1,2,0,1,0
399361,2269,0.0,6.0,0.0,2,1,1,1,1,0,1,0
400086,4217,0.0,4.0,0.0,3,3,1,1,0,0,3,0
400162,2592,0.0,0.0,1.0,2,1,1,1,1,0,1,0
400655,1500,0.0,4.0,0.0,7,1,1,3,5,0,1,1
400997,4760,0.0,0.0,0.0,2,2,2,1,0,0,2,0
401096,2134,0.0,3.0,1.0,21,1,1,5,19,0,1,1
401392,4540,0.0,4.0,0.0,2,1,1,1,0,0,1,1
401430,643,0.0,3.0,0.0,5,2,1,1,3,0,2,0
402091,1619,0.0,4.0,0.0,5,3,1,1,4,0,1,0
402658,3148,0.0,0.0,1.0,6,1,1,2,5,0,1,0
403142,590,0.0,3.0,1.0,4,1,1,1,3,0,1,0
403871,537,0.0,4.0,0.0,6,2,1,1,5,0,1,0
404306,3646,0.0,0.0,0.0,3,1,1,1,2,0,1,0
404526,730,0.0,0.0,0.0,45,33,2,5,44,0,1,0
405580,4864,0.0,5.0,0.0,6,2,1,1,5,0,1,0
405830,3936,1.0,0.0,1.0,11,6,4,1,10,0,1,0
406055,145,0.0,7.0,0.0,2,1,1,1,1,0,1,0
406080,1494,0.0,4.0,0.0,1,1,1,1,0,0,1,0
406156,4850,0.0,4.0,1.0,4,1,1,1,3,0,1,0
406173,3392,0.0,0.0,null,4,1,1,2,2,0,1,1
406258,4221,1.0,6.0,0.0,3,1,1,2,2,0,1,0
406374,4265,0.0,0.0,0.0,13,7,4,2,12,0,1,0
406640,2981,0.0,2.0,0.0,3,1,1,1,2,0,1,0
406652,3444,0.0,4.0,0.0,9,1,1,3,8,0,1,0
406671,4641,0.0,4.0,1.0,1,1,1,1,0,0,1,0
408084,2138,0.0,6.0,0.0,8,3,3,4,5,0,1,2
408156,4336,0.0,6.0,0.0,3,1,1,1,2,0,1,0
408411,416,0.0,6.0,0.0,2,1,1,2,0,0,1,1
408711,2537,1.0,0.0,0.0,38,12,7,1,35,0,3,0
408988,685,1.0,4.0,0.0,1,1,1,1,0,0,1,0
409156,1892,0.0,3.0,2.0,17,5,3,2,15,0,1,1
409270,3173,0.0,0.0,0.0,3,1,1,1,1,0,2,0
409796,1522,0.0,5.0,0.0,3,2,2,1,1,0,2,0
409803,941,0.0,0.0,0.0,5,1,1,1,4,0,1,0
409886,2669,0.0,4.0,0.0,7,3,2,2,6,0,1,0
410003,2915,0.0,4.0,1.0,8,3,2,1,6,0,2,0
411335,4966,0.0,3.0,0.0,12,4,4,5,8,0,2,2
411365,3734,0.0,3.0,0.0,2,1,1,1,1,0,1,0
411666,1390,0.0,2.0,1.0,2,1,1,1,1,0,1,0
411711,2454,0.0,0.0,0.0,6,2,1,3,5,0,1,0
411826,4950,1.0,3.0,0.0,2,1,1,2,0,0,1,1
412828,1500,0.0,3.0,1.0,2,1,1,1,1,0,1,0
412935,1393,0.0,2.0,0.0,16,9,4,4,15,0,1,0
412989,1618,0.0,5.0,0.0,35,12,3,5,32,0,3,0
413295,4710,0.0,7.0,0.0,7,1,1,1,4,0,3,0
413352,346,0.0,0.0,1.0,9,3,1,4,8,0,1,0
414290,3173,0.0,4.0,0.0,4,1,1,1,3,0,1,0
414340,4491,1.0,5.0,0.0,6,6,2,1,1,0,5,0
414583,3433,0.0,0.0,0.0,6,1,1,3,5,0,1,0
414739,750,0.0,3.0,0.0,3,1,1,1,2,0,1,0
416390,4044,0.0,6.0,0.0,1,1,1,1,0,0,1,0
416584,2359,0.0,3.0,0.0,21,7,2,1,20,0,1,0
416957,1096,0.0,0.0,1.0,6,1,1,1,5,0,1,0
4170,320,0.0,5.0,0.0,2,1,1,1,1,0,1,0
417652,2006,0.0,4.0,1.0,3,1,1,1,2,0,1,0
417707,4536,0.0,0.0,0.0,3,1,1,1,2,0,1,0
417712,2217,0.0,6.0,0.0,12,7,1,1,10,0,1,1
417764,798,0.0,3.0,0.0,14,4,3,6,13,0,1,0
417859,4282,0.0,3.0,1.0,3,2,1,1,2,0,1,0
41793,1833,0.0,4.0,0.0,10,8,1,3,9,0,1,0
41814,3609,0.0,5.0,0.0,3,1,1,1,2,0,1,0
418449,1760,0.0,6.0,0.0,24,11,2,6,19,0,2,3
419282,1103,0.0,0.0,0.0,1,1,1,1,0,0,1,0
419528,2435,0.0,3.0,0.0,1,1,1,1,0,0,1,0
419648,1703,0.0,4.0,1.0,13,3,1,2,11,0,1,1
420640,13,0.0,3.0,0.0,3,1,1,1,2,0,1,0
42083,1698,0.0,0.0,1.0,8,1,1,2,5,1,1,1
420930,3826,0.0,3.0,0.0,7,1,1,2,6,0,1,0
421564,2055,0.0,0.0,0.0,2,1,1,1,1,0,1,0
421566,1370,1.0,5.0,0.0,5,2,1,2,3,0,2,0
421972,4731,0.0,0.0,0.0,6,2,2,2,5,0,1,0
422873,900,0.0,5.0,0.0,13,7,2,3,12,0,1,0
423328,1487,0.0,3.0,1.0,2,1,1,1,1,0,1,0
423490,1710,0.0,4.0,0.0,2,1,1,2,0,0,1,1
42616,2175,0.0,4.0,0.0,1,1,1,1,0,0,1,0
42883,4605,0.0,4.0,0.0,10,4,2,2,8,0,2,0
43041,885,0.0,4.0,0.0,2,1,1,1,1,0,1,0
43382,4091,0.0,3.0,0.0,1,1,1,1,0,0,1,0
43815,1911,0.0,5.0,0.0,6,4,1,1,5,0,1,0
44027,606,0.0,2.0,2.0,16,9,5,3,15,0,1,0
44102,977,0.0,0.0,0.0,5,2,1,2,4,0,1,0
44464,1501,0.0,5.0,0.0,12,3,3,4,11,0,1,0
45375,145,0.0,2.0,0.0,4,1,1,1,3,0,1,0
45802,2864,0.0,0.0,0.0,10,2,1,2,8,0,1,1
46116,2318,0.0,3.0,0.0,1,1,1,1,0,0,1,0
4764,2721,1.0,0.0,0.0,11,2,1,3,9,0,1,1
48046,4186,0.0,0.0,0.0,5,1,1,4,4,0,1,0
48333,4500,0.0,4.0,0.0,1,1,1,1,0,0,1,0
48617,4783,0.0,6.0,0.0,2,1,1,2,1,0,1,0
48715,2055,0.0,6.0,0.0,9,2,1,2,5,2,1,1
489,4871,0.0,2.0,0.0,4,3,2,1,3,0,1,0
49084,3965,0.0,2.0,0.0,6,2,1,1,4,0,2,0
49420,4008,0.0,4.0,0.0,14,4,1,3,13,0,1,0
5019,3955,0.0,2.0,0.0,3,1,1,2,1,0,1,1
50485,4955,0.0,2.0,0.0,7,5,1,1,6,0,1,0
50765,3990,0.0,3.0,0.0,1,1,1,1,0,0,1,0
50781,2445,0.0,3.0,1.0,10,3,2,2,9,0,1,0
51348,4993,0.0,3.0,0.0,4,2,1,2,3,0,1,0
51452,416,0.0,4.0,0.0,41,18,7,1,40,0,1,0
52215,1959,0.0,3.0,0.0,5,2,2,1,3,0,2,0
52301,4079,0.0,3.0,0.0,10,4,1,1,9,0,1,0
52936,1167,0.0,4.0,0.0,1,1,1,1,0,0,1,0
53004,2248,0.0,2.0,1.0,2,1,1,1,1,0,1,0
53291,2459,0.0,3.0,0.0,25,12,6,7,23,0,2,0
53634,3853,0.0,6.0,0.0,19,11,5,2,18,0,1,0
53687,4048,0.0,0.0,0.0,2,1,1,1,1,0,1,0
53926,4400,0.0,3.0,0.0,4,1,1,2,3,0,1,0
54355,3693,0.0,3.0,1.0,8,2,1,3,6,0,1,1
54375,4580,0.0,4.0,1.0,2,1,1,1,1,0,1,0
54638,2727,0.0,0.0,0.0,4,1,1,1,3,0,1,0
55039,3471,0.0,3.0,0.0,2,1,1,2,0,0,1,1
55166,534,0.0,5.0,1.0,2,1,1,1,1,0,1,0
55377,625,0.0,4.0,1.0,4,1,1,2,3,0,1,0
55378,3291,0.0,2.0,0.0,8,2,1,1,6,0,2,0
56349,3439,0.0,6.0,0.0,4,1,1,1,3,0,1,0
56374,3288,0.0,6.0,0.0,2,1,1,1,1,0,1,0
56574,4655,0.0,0.0,0.0,10,6,3,3,9,0,1,0
56809,3126,0.0,5.0,0.0,3,1,1,1,2,0,1,0
56900,1816,0.0,2.0,1.0,11,1,1,2,10,0,1,0
56993,503,1.0,5.0,1.0,2,1,1,1,1,0,1,0
5745,590,0.0,2.0,0.0,4,1,1,1,3,0,1,0
57489,1068,0.0,0.0,2.0,11,6,2,1,10,0,1,0
57643,4678,0.0,3.0,0.0,2,1,1,1,1,0,1,0
57925,3979,0.0,2.0,1.0,1,1,1,1,0,0,1,0
58208,1673,0.0,3.0,0.0,10,2,1,4,9,0,1,0
58233,3445,0.0,0.0,1.0,4,1,1,1,3,0,1,0
58596,2128,0.0,3.0,0.0,2,1,1,1,1,0,1,0
58640,4480,0.0,4.0,0.0,18,9,3,3,17,0,1,0
58856,3080,0.0,3.0,0.0,17,3,2,2,12,0,2,3
59044,1454,0.0,3.0,0.0,5,2,2,1,4,0,1,0
59192,437,0.0,2.0,0.0,18,10,2,4,17,0,1,0
59293,4336,0.0,0.0,0.0,16,8,1,1,15,0,1,0
59452,2626,0.0,0.0,0.0,3,1,1,2,2,0,1,0
60129,324,0.0,4.0,0.0,5,1,1,2,3,0,1,1
60451,3345,0.0,3.0,0.0,3,1,1,2,1,0,1,1
61526,685,0.0,4.0,0.0,8,3,1,1,6,0,2,0
61575,1592,0.0,3.0,1.0,5,1,1,1,4,0,1,0
62311,2031,1.0,0.0,1.0,8,1,1,2,5,1,1,1
6240,2869,0.0,3.0,0.0,8,1,1,3,6,0,1,1
62480,133,0.0,2.0,0.0,10,2,1,3,9,0,1,0
62687,4394,0.0,4.0,0.0,6,1,1,1,5,0,1,0
6279,3941,0.0,5.0,1.0,5,2,2,1,4,0,1,0
62952,1262,0.0,0.0,1.0,4,1,1,2,3,0,1,0
63075,4170,0.0,5.0,0.0,5,2,1,1,3,0,2,0
63684,2105,0.0,3.0,0.0,6,1,1,2,4,1,1,0
64353,1250,0.0,2.0,0.0,8,4,2,3,6,0,2,0
64568,1963,0.0,4.0,1.0,5,2,2,2,4,0,1,0
64584,3990,0.0,3.0,2.0,3,1,1,1,2,0,1,0
65504,3179,0.0,0.0,0.0,8,2,1,2,7,0,1,0
65511,2397,1.0,0.0,0.0,7,2,1,2,6,0,1,0
65679,4976,0.0,0.0,0.0,3,1,1,2,2,0,1,0
6620,3105,0.0,3.0,0.0,11,6,2,1,8,0,3,0
66470,574,0.0,0.0,null,22,9,1,2,21,0,1,0
66566,1501,0.0,0.0,1.0,5,3,3,1,4,0,1,0
67477,4500,0.0,3.0,2.0,2,1,1,2,0,0,1,1
67752,1384,0.0,3.0,0.0,5,2,2,1,4,0,1,0
68425,66,0.0,3.0,1.0,3,1,1,1,2,0,1,0
69755,92,0.0,2.0,0.0,7,1,1,1,6,0,1,0
70358,4090,0.0,3.0,0.0,2,1,1,1,1,0,1,0
70642,3635,1.0,3.0,1.0,4,1,1,1,3,0,1,0
70647,1724,0.0,3.0,1.0,1,1,1,1,0,0,1,0
71141,1888,0.0,6.0,1.0,2,1,1,1,1,0,1,0
71145,1708,0.0,0.0,2.0,6,2,1,1,5,0,1,0
71495,2465,0.0,6.0,0.0,14,7,3,1,13,0,1,0
71801,3609,0.0,0.0,1.0,5,1,1,2,3,0,1,1
71914,4494,0.0,2.0,0.0,20,2,2,6,17,0,2,1
72173,1659,0.0,6.0,1.0,16,4,1,1,14,1,1,0
7307,4856,0.0,2.0,0.0,19,4,1,2,16,0,1,2
73679,3619,0.0,3.0,0.0,4,1,1,1,3,0,1,0
73929,4579,0.0,3.0,0.0,4,2,1,1,3,0,1,0
73960,962,0.0,2.0,0.0,6,5,2,1,5,0,1,0
73973,1583,0.0,4.0,0.0,16,5,2,2,15,0,1,0
74299,1708,0.0,3.0,0.0,9,2,1,3,7,0,2,0
74323,4044,1.0,3.0,0.0,67,32,4,6,54,0,1,12
74849,2928,0.0,3.0,1.0,9,2,1,2,8,0,1,0
75293,2644,0.0,3.0,1.0,48,9,2,3,46,0,1,1
75328,3016,0.0,6.0,1.0,6,3,1,1,5,0,1,0
75554,2577,0.0,6.0,0.0,4,1,1,2,3,0,1,0
75973,4115,0.0,3.0,2.0,17,8,2,2,16,0,1,0
76015,1487,0.0,6.0,0.0,30,6,1,1,24,0,1,5
76061,1340,0.0,0.0,0.0,6,4,2,1,4,0,2,0
7753,3881,0.0,3.0,1.0,14,13,6,1,13,0,1,0
77746,3734,0.0,3.0,1.0,5,3,2,1,3,0,2,0
77880,4269,0.0,4.0,0.0,3,2,1,2,2,0,1,0
78108,2078,0.0,0.0,0.0,3,1,1,2,1,0,2,0
78138,2935,0.0,5.0,2.0,4,2,1,1,3,0,1,0
78285,2224,0.0,0.0,0.0,1,1,1,1,0,0,1,0
78429,1324,0.0,3.0,0.0,19,1,1,7,17,0,1,1
78477,2173,0.0,4.0,0.0,43,12,1,7,37,0,4,2
78913,1840,0.0,0.0,0.0,2,1,1,1,1,0,1,0
79576,2066,0.0,2.0,1.0,14,8,2,3,13,0,1,0
79798,2066,0.0,4.0,0.0,6,6,1,2,5,0,1,0
80147,3828,0.0,4.0,0.0,2,1,1,1,1,0,1,0
80270,2180,0.0,4.0,0.0,14,2,2,2,12,0,2,0
80509,63,0.0,3.0,0.0,4,3,2,1,1,0,3,0
80888,3898,0.0,4.0,0.0,1,1,1,1,0,0,1,0
81068,2684,0.0,0.0,0.0,4,2,2,3,3,0,1,0
8136,588,0.0,3.0,0.0,4,2,1,1,3,0,1,0
81471,2872,0.0,5.0,0.0,1,1,1,1,0,0,1,0
81614,1738,0.0,4.0,0.0,27,14,4,2,26,0,1,0
81665,2649,0.0,3.0,0.0,5,2,2,3,3,0,1,1
81896,4558,0.0,3.0,0.0,2,1,1,1,0,0,2,0
81898,4491,0.0,5.0,0.0,5,2,1,2,4,0,1,0
82219,4491,0.0,4.0,0.0,3,1,1,1,1,0,2,0
8250,1833,0.0,4.0,0.0,3,1,1,1,2,0,1,0
82539,1966,0.0,2.0,1.0,4,1,1,2,2,0,1,1
82741,1713,0.0,4.0,1.0,4,1,1,1,2,0,2,0
82790,1050,0.0,5.0,1.0,10,2,2,1,9,0,1,0
82890,4388,0.0,4.0,0.0,4,2,1,1,2,0,2,0
82916,2278,1.0,0.0,0.0,7,1,1,2,6,0,1,0
83251,1987,0.0,3.0,0.0,5,2,2,1,4,0,1,0
84139,2424,0.0,0.0,0.0,6,1,1,1,5,0,1,0
84201,1056,0.0,5.0,0.0,14,8,2,4,10,0,4,0
84428,3826,1.0,4.0,0.0,12,4,1,2,10,0,2,0
84668,1588,0.0,4.0,1.0,4,1,1,1,3,0,1,0
8483,168,0.0,6.0,1.0,14,5,3,2,13,0,1,0
84910,4048,0.0,3.0,1.0,3,1,1,1,1,0,2,0
85004,2872,0.0,4.0,0.0,5,3,1,1,4,0,1,0
85080,4265,0.0,3.0,0.0,3,2,1,1,1,0,2,0
8512,3126,0.0,0.0,0.0,5,1,1,2,3,0,1,1
85605,2918,0.0,2.0,0.0,2,1,1,1,0,0,1,1
86109,3567,0.0,2.0,0.0,9,1,1,1,7,0,1,1
86341,467,0.0,4.0,1.0,63,22,8,7,55,0,8,0
86380,915,0.0,3.0,0.0,11,3,3,1,10,0,1,0
86481,2856,0.0,0.0,0.0,5,1,1,1,4,0,1,0
87086,2935,0.0,3.0,1.0,3,1,1,1,2,0,1,0
87114,3819,0.0,0.0,1.0,1,1,1,1,0,0,1,0
87145,4639,0.0,3.0,0.0,5,2,1,1,4,0,1,0
87375,1416,0.0,6.0,0.0,1,1,1,1,0,0,1,0
87575,2047,0.0,6.0,0.0,14,5,2,4,13,0,1,0
8766,4173,0.0,3.0,0.0,69,47,11,7,67,0,2,0
88293,1719,0.0,2.0,0.0,5,1,1,1,3,0,2,0
88344,1892,0.0,0.0,0.0,4,3,2,1,3,0,1,0
88736,1900,0.0,0.0,0.0,4,1,1,1,3,0,1,0
88977,3689,0.0,4.0,0.0,1,1,1,1,0,0,1,0
89636,1285,0.0,7.0,0.0,8,1,1,2,7,0,1,0
8976,1370,0.0,0.0,0.0,3,1,1,2,2,0,1,0
89803,1117,0.0,6.0,1.0,7,4,2,1,4,0,3,0
90593,4991,0.0,3.0,1.0,3,1,1,1,2,0,1,0
91084,1719,0.0,5.0,0.0,5,3,1,1,4,0,1,0
91342,2620,0.0,2.0,0.0,12,4,2,2,11,0,1,0
91440,121,0.0,0.0,0.0,12,7,3,2,11,0,1,0
91841,586,0.0,4.0,0.0,4,4,1,1,3,0,1,0
9207,2639,1.0,3.0,0.0,6,3,1,1,4,0,2,0
9244,4848,0.0,0.0,0.0,6,3,2,2,5,0,1,0
93125,962,0.0,2.0,0.0,43,6,4,2,41,0,1,1
93129,4768,0.0,3.0,0.0,5,3,1,1,4,0,1,0
9327,3319,0.0,3.0,0.0,5,3,1,3,4,0,1,0
93858,492,0.0,3.0,0.0,2,1,1,1,1,0,1,0
93964,2821,0.0,3.0,0.0,8,1,1,2,6,1,1,0
94473,4864,0.0,4.0,0.0,12,4,1,1,11,0,1,0
94496,2644,0.0,4.0,2.0,3,2,2,1,2,0,1,0
9463,3291,0.0,2.0,0.0,6,1,1,3,4,0,1,1
94877,2708,0.0,0.0,0.0,14,4,2,1,13,0,1,0
95118,2397,1.0,3.0,0.0,2,2,2,1,0,0,2,0
95155,4850,1.0,4.0,0.0,16,9,5,1,14,0,2,0
9531,2159,0.0,5.0,0.0,5,3,3,2,4,0,1,0
95311,396,0.0,3.0,0.0,2,1,1,2,1,0,1,0
95436,1573,0.0,0.0,0.0,7,3,2,1,6,0,1,0
9569,962,0.0,4.0,0.0,9,2,2,6,6,0,3,0
95794,3635,0.0,0.0,1.0,17,8,1,1,14,0,1,2
95921,4976,0.0,0.0,0.0,31,14,4,5,28,0,1,2
96179,742,0.0,3.0,0.0,3,2,2,1,2,0,1,0
9652,794,0.0,4.0,0.0,32,14,3,5,28,0,1,3
96816,731,0.0,5.0,1.0,6,4,1,3,5,0,1,0
97029,1487,0.0,0.0,0.0,16,5,1,1,15,0,1,0
97059,1203,0.0,5.0,1.0,10,7,3,2,6,0,4,0
97072,1000,0.0,4.0,1.0,2,1,1,1,1,0,1,0
97193,46,0.0,5.0,1.0,10,1,1,4,8,0,1,1
97302,1079,0.0,3.0,0.0,6,2,2,1,5,0,1,0
97690,4650,0.0,5.0,1.0,1,1,1,1,0,0,1,0
9835,574,0.0,0.0,1.0,9,3,1,2,8,0,1,0
99034,1276,0.0,2.0,0.0,40,8,1,4,38,0,2,0
9994,2639,0.0,5.0,0.0,32,14,6,5,27,0,5,0
99950,3288,0.0,0.0,0.0,5,2,1,2,4,0,1,0
