100015,4282,0.0,3.0,1.0,28,18,9,4,27,0,1,0
100274,2954,0.0,4.0,0.0,14,2,1,4,11,0,1,2
100730,2836,0.0,5.0,0.0,15,5,2,1,14,0,1,0
100939,1017,1.0,0.0,0.0,6,1,1,1,5,0,1,0
101295,3734,0.0,0.0,0.0,10,7,4,1,8,0,2,0
101448,2644,0.0,5.0,1.0,7,3,1,1,6,0,1,0
101685,2915,0.0,3.0,0.0,29,14,5,5,25,0,2,2
101844,1581,0.0,2.0,0.0,11,6,1,1,7,0,4,0
102041,3148,0.0,6.0,0.0,9,2,2,1,8,0,1,0
102355,4802,0.0,2.0,1.0,1,1,1,1,0,0,1,0
102797,4033,0.0,3.0,0.0,3,1,1,1,0,0,2,1
103103,359,0.0,3.0,2.0,4,2,2,2,3,0,1,0
103127,3152,1.0,4.0,0.0,11,7,1,3,8,0,1,2
103900,1892,0.0,4.0,1.0,3,1,1,1,2,0,1,0
103915,1594,0.0,6.0,0.0,3,1,1,1,2,0,1,0
105290,2066,0.0,3.0,0.0,11,8,2,1,10,0,1,0
10535,2066,0.0,2.0,1.0,7,3,1,1,6,0,1,0
10618,2928,0.0,3.0,0.0,37,20,4,6,36,0,1,0
106689,1093,0.0,5.0,1.0,5,2,1,2,4,0,1,0
106911,2099,0.0,2.0,0.0,4,2,2,3,2,0,1,1
10724,4044,0.0,2.0,0.0,23,10,3,2,20,0,1,2
107428,1501,0.0,3.0,0.0,4,1,1,2,2,0,1,1
107433,1372,0.0,0.0,0.0,3,1,1,1,2,0,1,0
107469,3841,0.0,null,null,10,2,1,2,9,0,1,0
107528,2303,0.0,0.0,0.0,4,2,1,1,2,0,2,0
107677,1049,0.0,4.0,0.0,3,1,1,1,2,0,1,0
107692,2821,0.0,6.0,0.0,7,1,1,2,5,0,1,1
107907,1447,0.0,4.0,0.0,4,1,1,2,2,0,2,0
108016,4427,0.0,3.0,0.0,3,1,1,1,1,0,1,1
108115,2582,0.0,2.0,0.0,23,11,3,4,21,0,1,1
108311,911,0.0,5.0,0.0,42,17,3,3,37,0,5,0
108536,4705,0.0,3.0,0.0,4,2,2,2,3,0,1,0
108881,2128,0.0,3.0,0.0,7,3,2,1,5,0,2,0
108999,3734,0.0,0.0,1.0,10,7,3,1,8,0,2,0
109616,416,0.0,6.0,0.0,3,1,1,1,2,0,1,0
109762,3073,0.0,0.0,0.0,4,2,1,1,3,0,1,0
111103,145,0.0,0.0,0.0,7,3,1,3,6,0,1,0
111422,2224,0.0,5.0,1.0,1,1,1,1,0,0,1,0
111857,1053,0.0,6.0,0.0,1,1,1,1,0,0,1,0
112165,3875,0.0,2.0,0.0,2,2,1,1,0,0,2,0
112354,2236,1.0,3.0,2.0,2,2,2,1,0,0,2,0
113284,3105,0.0,0.0,1.0,16,5,2,4,12,0,2,2
113544,4173,0.0,3.0,0.0,20,12,7,5,18,0,1,1
11357,2138,1.0,6.0,1.0,1,1,1,1,0,0,1,0
113617,4775,0.0,7.0,0.0,11,1,1,4,10,0,1,0
114219,1102,0.0,3.0,0.0,16,6,2,1,15,0,1,0
115101,3828,0.0,5.0,1.0,7,1,1,1,6,0,1,0
115320,1647,0.0,6.0,0.0,4,3,1,1,2,0,2,0
11546,2537,0.0,0.0,1.0,2,1,1,1,1,0,1,0
115729,2273,0.0,6.0,0.0,4,1,1,2,3,0,1,0
115738,2284,0.0,0.0,1.0,3,1,1,1,2,0,1,0
115753,4607,0.0,4.0,0.0,10,3,1,3,8,0,1,1
11602,4079,0.0,2.0,0.0,4,1,1,1,3,0,1,0
116065,2537,0.0,4.0,1.0,6,2,1,2,4,0,1,1
116227,4335,0.0,3.0,0.0,1,1,1,1,0,0,1,0
116677,1272,0.0,3.0,0.0,9,4,2,2,6,0,1,2
116820,4976,0.0,0.0,0.0,41,17,6,5,32,0,6,3
11759,1425,0.0,4.0,1.0,4,1,1,1,3,0,1,0
11759,361,0.0,4.0,1.0,5,2,2,1,4,0,1,0
118528,3938,1.0,2.0,0.0,1,1,1,1,0,0,1,0
118753,684,0.0,6.0,0.0,3,1,1,2,2,0,1,0
119004,3054,0.0,5.0,0.0,11,3,1,3,10,0,1,0
119008,500,0.0,0.0,0.0,1,1,1,1,0,0,1,0
119086,3734,0.0,3.0,1.0,16,7,3,3,13,0,2,1
11910,4760,0.0,6.0,0.0,5,1,1,2,4,0,1,0
119408,3303,0.0,5.0,0.0,1,1,1,1,0,0,1,0
119630,3147,0.0,5.0,1.0,9,1,1,2,8,0,1,0
119829,1592,0.0,3.0,1.0,7,2,1,3,6,0,1,0
11988,4322,0.0,6.0,1.0,12,1,1,6,10,0,1,1
120717,1203,0.0,4.0,0.0,37,24,9,6,36,0,1,0
120764,3941,0.0,7.0,1.0,1,1,1,1,0,0,1,0
120903,1133,0.0,2.0,1.0,3,2,1,1,1,0,2,0
120914,1487,0.0,4.0,0.0,2,1,1,2,0,0,1,1
120915,2543,0.0,2.0,0.0,4,2,1,3,1,0,1,2
121385,4438,0.0,2.0,0.0,5,2,1,1,4,0,1,0
121620,547,0.0,3.0,1.0,15,5,2,3,12,2,1,0
121686,4270,0.0,6.0,0.0,8,3,3,1,5,0,3,0
12176,1031,1.0,4.0,0.0,3,1,1,2,1,0,2,0
12206,1204,0.0,6.0,0.0,4,1,1,1,3,0,1,0
122159,2397,0.0,4.0,0.0,11,1,1,3,9,0,2,0
122614,13,0.0,0.0,0.0,5,1,1,2,3,0,1,1
122727,515,0.0,3.0,0.0,3,2,1,1,2,0,1,0
122756,3727,0.0,3.0,0.0,13,9,1,2,12,0,1,0
123027,3682,0.0,3.0,0.0,2,1,1,1,1,0,1,0
123119,2991,0.0,3.0,1.0,7,1,1,1,6,0,1,0
12337,4385,0.0,4.0,1.0,3,1,1,1,2,0,1,0
123443,826,0.0,2.0,1.0,4,1,1,1,3,0,1,0
123621,4992,0.0,4.0,0.0,2,2,1,1,1,0,1,0
123863,946,0.0,3.0,0.0,9,4,2,1,8,0,1,0
12403,3955,0.0,2.0,0.0,8,2,1,4,6,0,1,1
124172,414,0.0,6.0,0.0,10,7,2,4,9,0,1,0
124643,812,0.0,0.0,1.0,15,2,1,1,12,0,2,1
125930,4394,0.0,5.0,0.0,12,3,1,3,9,0,1,2
126111,1000,0.0,4.0,0.0,15,3,1,2,14,0,1,0
126413,4444,1.0,5.0,1.0,8,2,1,1,5,0,3,0
126905,4438,0.0,3.0,0.0,1,1,1,1,0,0,1,0
127000,1102,0.0,3.0,0.0,6,1,1,3,5,0,1,0
127080,2036,0.0,5.0,0.0,1,1,1,1,0,0,1,0
127318,1190,0.0,3.0,0.0,10,3,2,1,4,0,6,0
127393,1557,0.0,3.0,0.0,11,2,1,1,10,0,1,0
127610,4705,1.0,3.0,0.0,2,2,2,1,0,0,2,0
127802,4394,1.0,6.0,1.0,2,1,1,1,1,0,1,0
12790,3075,0.0,0.0,0.0,7,2,1,2,6,0,1,0
128128,4090,0.0,0.0,0.0,1,1,1,1,0,0,1,0
128367,3085,0.0,0.0,0.0,19,6,4,1,15,0,4,0
128413,2550,0.0,0.0,0.0,3,2,1,1,2,0,1,0
128464,395,0.0,0.0,0.0,4,2,1,1,3,0,1,0
129168,760,0.0,3.0,1.0,3,1,1,2,2,0,1,0
129299,3578,0.0,0.0,0.0,2,1,1,1,1,0,1,0
129677,1272,0.0,6.0,0.0,2,1,1,1,1,0,1,0
129973,1618,0.0,4.0,0.0,3,1,1,1,2,0,1,0
130121,2824,0.0,0.0,1.0,8,4,2,1,7,0,1,0
130157,1742,0.0,0.0,0.0,24,6,1,2,20,0,1,3
13036,2537,0.0,0.0,0.0,1,1,1,1,0,0,1,0
130360,1724,0.0,6.0,0.0,3,1,1,2,2,0,1,0
130650,3734,0.0,6.0,1.0,10,2,2,2,8,1,1,0
130726,1056,0.0,3.0,0.0,1,1,1,1,0,0,1,0
131897,798,0.0,5.0,0.0,4,2,2,1,2,0,2,0
131952,4642,0.0,0.0,0.0,14,8,5,4,11,0,3,0
132,4129,0.0,3.0,0.0,3,3,2,1,0,0,3,0
132340,4044,0.0,4.0,0.0,2,1,1,1,1,0,1,0
132804,1704,0.0,0.0,0.0,6,3,1,1,5,0,1,0
132923,2217,0.0,2.0,0.0,3,1,1,1,2,0,1,0
133093,534,0.0,5.0,0.0,3,1,1,1,2,0,1,0
133269,977,0.0,0.0,0.0,13,4,2,4,11,1,1,0
133422,2592,0.0,6.0,0.0,2,1,1,1,1,0,1,0
133798,1892,0.0,4.0,0.0,31,13,5,2,27,0,4,0
133972,3734,0.0,7.0,1.0,26,10,5,2,23,0,2,1
134005,4594,0.0,3.0,1.0,7,1,1,2,5,0,2,0
134015,2883,0.0,4.0,0.0,12,2,1,2,10,0,1,1
134178,2318,0.0,0.0,1.0,7,1,1,3,5,0,1,1
134574,2217,1.0,3.0,0.0,12,4,1,2,11,0,1,0
134605,1200,0.0,4.0,2.0,5,2,1,1,3,0,2,0
134690,4648,0.0,2.0,0.0,1,1,1,1,0,0,1,0
134807,3445,0.0,6.0,0.0,10,8,3,1,9,0,1,0
134992,1356,0.0,5.0,0.0,9,5,3,1,7,0,2,0
134998,3968,0.0,2.0,0.0,9,2,2,1,7,0,2,0
135065,1861,1.0,3.0,0.0,9,3,1,2,8,0,1,0
136451,742,0.0,4.0,1.0,9,5,3,1,8,0,1,0
136803,4249,0.0,0.0,1.0,6,2,1,1,4,0,2,0
13701,574,0.0,4.0,1.0,1,1,1,1,0,0,1,0
13708,1978,1.0,5.0,1.0,8,1,1,1,6,0,2,0
13729,3685,0.0,0.0,0.0,8,2,1,2,6,0,1,1
137436,1346,0.0,4.0,1.0,1,1,1,1,0,0,1,0
137489,3420,0.0,0.0,0.0,7,1,1,3,5,0,1,1
137696,1020,1.0,0.0,0.0,7,1,1,1,6,0,1,0
13840,2482,0.0,3.0,0.0,9,1,1,3,8,0,1,0
138413,121,0.0,4.0,0.0,44,25,6,4,42,0,2,0
138438,962,0.0,4.0,0.0,1,1,1,1,0,0,1,0
139370,2790,1.0,6.0,1.0,2,1,1,1,1,0,1,0
139800,1840,0.0,4.0,0.0,6,2,1,1,5,0,1,0
14014,467,0.0,3.0,0.0,4,1,1,1,2,0,2,0
140176,2952,0.0,2.0,0.0,5,2,1,1,4,0,1,0
140236,133,0.0,0.0,0.0,9,1,1,5,7,0,1,1
140254,168,0.0,4.0,0.0,25,12,3,1,18,0,7,0
140258,1916,1.0,0.0,0.0,10,4,2,1,6,0,4,0
140511,1340,0.0,4.0,1.0,25,13,4,2,24,0,1,0
140567,742,0.0,4.0,0.0,9,3,2,2,8,0,1,0
140748,98,0.0,2.0,0.0,7,4,3,2,5,0,2,0
141,114,0.0,4.0,0.0,9,2,1,1,7,0,2,0
141126,4090,0.0,null,null,5,1,1,1,4,0,1,0
141627,4173,0.0,3.0,1.0,7,1,1,2,6,0,1,0
143206,10,0.0,0.0,0.0,5,2,2,3,4,0,1,0
143298,4394,0.0,4.0,1.0,8,3,2,1,5,0,3,0
143436,3152,0.0,6.0,0.0,19,7,1,2,17,0,2,0
143650,3629,0.0,3.0,1.0,4,2,1,2,3,0,1,0
143671,4044,0.0,2.0,1.0,10,3,2,2,8,0,2,0
143865,2482,0.0,0.0,0.0,2,1,1,1,1,0,1,0
144318,514,0.0,7.0,1.0,3,1,1,1,1,0,2,0
14473,3463,0.0,6.0,0.0,60,29,8,8,57,0,1,2
144909,121,0.0,0.0,0.0,7,1,1,2,6,0,1,0
145286,1056,0.0,3.0,0.0,16,7,4,1,12,0,3,1
145579,3646,0.0,2.0,1.0,1,1,1,1,0,0,1,0
146338,3870,0.0,6.0,1.0,1,1,1,1,0,0,1,0
146395,4044,0.0,7.0,0.0,13,4,1,1,12,0,1,0
146660,4183,0.0,5.0,0.0,3,1,1,1,2,0,1,0
146915,742,1.0,4.0,0.0,19,2,1,1,14,0,3,2
146965,1134,0.0,0.0,null,2,1,1,1,1,0,1,0
147381,4950,0.0,5.0,0.0,3,3,1,1,0,0,3,0
147755,4044,0.0,3.0,0.0,13,5,3,1,10,0,1,2
14816,4850,0.0,5.0,0.0,27,20,10,3,26,0,1,0
148922,4170,0.0,0.0,0.0,13,8,3,1,12,0,1,0
149621,1891,0.0,4.0,0.0,2,1,1,1,1,0,1,0
149625,2459,0.0,3.0,0.0,7,2,2,1,3,0,2,2
149748,2321,0.0,5.0,0.0,5,2,1,1,4,0,1,0
149791,3878,0.0,3.0,0.0,10,3,2,2,8,0,1,1
149905,4042,0.0,3.0,0.0,18,6,2,2,15,0,3,0
150138,4234,0.0,0.0,1.0,1,1,1,1,0,0,1,0
150644,1850,0.0,0.0,1.0,6,2,2,2,5,0,1,0
151026,3472,0.0,3.0,1.0,2,1,1,1,1,0,1,0
151066,3284,0.0,3.0,0.0,1,1,1,1,0,0,1,0
151994,2193,0.0,3.0,1.0,26,10,3,3,23,2,1,0
152056,3578,0.0,6.0,1.0,7,1,1,3,6,0,1,0
152266,2409,0.0,0.0,0.0,1,1,1,1,0,0,1,0
15268,2824,0.0,5.0,0.0,52,9,3,2,49,0,3,0
153011,3893,0.0,3.0,0.0,23,10,1,2,21,0,2,0
153012,2036,0.0,2.0,1.0,3,1,1,1,2,0,1,0
153252,1679,0.0,4.0,0.0,2,1,1,1,1,0,1,0
153306,684,0.0,4.0,2.0,19,6,3,3,16,0,3,0
153318,1850,0.0,4.0,1.0,9,4,2,2,8,0,1,0
153350,4173,0.0,4.0,1.0,13,1,1,1,10,0,3,0
153360,2669,0.0,0.0,0.0,41,16,5,3,36,0,2,3
153445,4729,0.0,3.0,0.0,4,3,2,1,3,0,1,0
153892,855,0.0,4.0,1.0,12,2,1,2,10,0,2,0
155144,359,0.0,4.0,1.0,9,3,1,3,7,0,1,1
155400,1639,0.0,4.0,0.0,4,3,1,1,3,0,1,0
155552,4044,0.0,2.0,0.0,30,10,4,3,27,0,3,0
156423,2099,0.0,2.0,1.0,3,1,1,1,2,0,1,0
156772,3392,0.0,0.0,null,4,1,1,1,3,0,1,0
156854,141,0.0,3.0,0.0,5,1,1,1,4,0,1,0
156952,4234,0.0,6.0,0.0,2,1,1,1,1,0,1,0
157029,3689,0.0,3.0,1.0,6,4,3,2,3,0,3,0
157422,4708,0.0,5.0,2.0,54,27,17,27,53,0,1,0
157988,547,0.0,5.0,1.0,14,6,3,3,13,0,1,0
158449,1474,0.0,0.0,1.0,2,1,1,1,1,0,1,0
158624,3062,0.0,3.0,1.0,3,1,1,2,1,0,1,1
158697,2985,0.0,2.0,0.0,2,1,1,1,1,0,1,0
158779,3524,0.0,3.0,0.0,6,4,2,2,4,0,2,0
158907,4976,0.0,3.0,0.0,24,18,6,3,21,0,3,0
158963,4265,0.0,3.0,0.0,9,4,3,1,7,0,1,1
159292,1393,0.0,0.0,0.0,30,16,7,5,29,0,1,0
159604,3623,0.0,4.0,0.0,5,3,1,1,3,0,2,0
16014,2571,0.0,2.0,1.0,3,1,1,1,2,0,1,0
160567,1840,0.0,6.0,0.0,6,3,1,1,5,0,1,0
160610,2167,1.0,5.0,0.0,9,2,1,2,7,0,2,0
160669,1963,0.0,0.0,1.0,30,18,6,9,29,0,1,0
160741,2879,0.0,6.0,0.0,4,1,1,1,3,0,1,0
161213,1026,0.0,2.0,1.0,1,1,1,1,0,0,1,0
161330,1840,0.0,4.0,1.0,2,1,1,1,1,0,1,0
161350,3763,0.0,3.0,0.0,7,4,1,2,5,1,1,0
16170,168,0.0,4.0,0.0,48,24,5,1,40,0,8,0
162173,2639,1.0,6.0,0.0,4,3,2,1,3,0,1,0
163622,1572,0.0,0.0,1.0,3,1,1,1,2,0,1,0
16393,145,0.0,0.0,0.0,5,3,1,2,4,0,1,0
164048,4659,0.0,2.0,0.0,6,5,3,2,5,0,1,0
164615,2031,0.0,4.0,0.0,3,1,1,1,2,0,1,0
164659,4044,0.0,0.0,1.0,29,11,3,2,26,1,1,1
164660,3473,0.0,3.0,0.0,3,1,1,2,2,0,1,0
164695,3826,1.0,2.0,0.0,2,1,1,1,0,0,1,1
164714,3609,0.0,0.0,0.0,8,3,1,1,7,0,1,0
164716,4198,0.0,3.0,0.0,1,1,1,1,0,0,1,0
164849,3271,0.0,3.0,1.0,2,1,1,1,1,0,1,0
165015,606,0.0,0.0,0.0,79,59,12,10,68,0,1,10
165925,1978,0.0,2.0,1.0,1,1,1,1,0,0,1,0
165969,2857,1.0,4.0,0.0,3,1,1,1,2,0,1,0
166087,722,0.0,6.0,0.0,26,5,1,2,25,0,1,0
166098,4047,0.0,3.0,1.0,4,2,2,2,3,0,1,0
166334,66,0.0,2.0,1.0,3,1,1,1,2,0,1,0
166645,3016,0.0,6.0,0.0,10,6,2,4,9,0,1,0
16760,293,0.0,4.0,0.0,6,1,1,2,5,0,1,0
167825,2047,0.0,0.0,0.0,4,1,1,2,3,0,1,0
168000,2712,0.0,4.0,1.0,3,1,1,1,2,0,1,0
169038,2556,0.0,0.0,0.0,4,1,1,2,3,0,1,0
169105,3599,0.0,2.0,2.0,16,3,3,1,14,0,2,0
16922,4044,0.0,2.0,0.0,66,11,4,1,65,0,1,0
169405,642,0.0,4.0,0.0,11,2,2,2,8,0,1,2
170084,4287,0.0,4.0,0.0,1,1,1,1,0,0,1,0
170153,2579,0.0,3.0,1.0,6,2,1,1,5,0,1,0
170194,1429,0.0,4.0,0.0,12,8,2,1,10,0,2,0
170577,606,1.0,3.0,0.0,24,15,7,2,20,0,1,3
17129,3341,0.0,0.0,0.0,11,1,1,2,10,0,1,0
171416,4234,0.0,4.0,1.0,7,1,1,2,6,0,1,0
171678,2361,0.0,2.0,0.0,1,1,1,1,0,0,1,0
171771,386,0.0,4.0,1.0,2,1,1,1,1,0,1,0
171992,2189,0.0,2.0,0.0,6,1,1,1,5,0,1,0
172041,2143,0.0,3.0,0.0,5,2,1,1,4,0,1,0
172811,4842,0.0,6.0,0.0,11,2,1,2,10,0,1,0
172892,3339,0.0,3.0,0.0,3,1,1,2,2,0,1,0
17347,416,0.0,0.0,0.0,17,12,4,1,15,0,1,1
173819,1816,0.0,2.0,1.0,10,1,1,2,9,0,1,0
175034,221,0.0,4.0,1.0,10,2,1,2,9,0,1,0
175293,1049,0.0,4.0,0.0,6,1,1,2,4,0,1,1
1753,121,1.0,0.0,0.0,60,24,7,2,52,0,8,0
175370,4871,0.0,0.0,1.0,1,1,1,1,0,0,1,0
175452,4173,0.0,3.0,2.0,53,18,7,6,47,0,1,5
175468,2149,0.0,5.0,1.0,4,1,1,1,3,0,1,0
175674,1679,1.0,5.0,0.0,15,13,3,3,7,0,1,7
176105,1592,0.0,2.0,1.0,7,2,1,1,6,0,1,0
176123,4850,0.0,0.0,0.0,14,5,3,2,10,0,4,0
176413,4079,0.0,0.0,0.0,12,4,1,1,9,0,3,0
176576,2730,0.0,3.0,0.0,8,1,1,1,7,0,1,0
17695,1618,0.0,0.0,0.0,12,4,1,1,11,0,1,0
177190,2879,0.0,4.0,0.0,3,1,1,2,2,0,1,0
177487,2436,0.0,4.0,2.0,6,5,4,2,5,0,1,0
177538,2767,0.0,0.0,0.0,4,1,1,2,2,0,2,0
177712,1356,1.0,4.0,0.0,2,1,1,1,1,0,1,0
178410,4933,0.0,3.0,0.0,32,19,1,2,31,0,1,0
178469,4966,0.0,4.0,0.0,1,1,1,1,0,0,1,0
179062,3828,0.0,4.0,1.0,84,37,8,15,79,0,2,3
17929,4950,0.0,0.0,0.0,12,6,4,1,11,0,1,0
179733,4775,0.0,5.0,0.0,6,2,1,2,5,0,1,0
180095,2328,0.0,0.0,1.0,2,1,1,1,1,0,1,0
180100,3350,0.0,5.0,0.0,9,4,2,1,8,0,1,0
180390,968,0.0,0.0,0.0,1,1,1,1,0,0,1,0
180411,112,0.0,2.0,1.0,6,1,1,1,5,0,1,0
180548,4687,0.0,3.0,1.0,5,1,1,1,4,0,1,0
181180,1432,0.0,0.0,1.0,3,2,2,1,2,0,1,0
1815,502,0.0,0.0,0.0,8,2,1,1,7,0,1,0
181890,4966,0.0,5.0,0.0,2,2,2,1,0,0,2,0
182083,3826,1.0,3.0,1.0,4,1,1,1,2,0,1,1
182095,4992,0.0,0.0,0.0,6,4,1,1,5,0,1,0
182162,320,0.0,4.0,1.0,24,2,1,4,20,0,1,3
182505,66,0.0,5.0,1.0,8,5,1,3,6,0,2,0
182694,724,0.0,4.0,0.0,4,1,1,2,3,0,1,0
182811,2810,0.0,3.0,1.0,13,5,2,1,12,0,1,0
182918,66,0.0,2.0,0.0,23,8,1,4,21,0,1,1
183135,1916,0.0,5.0,0.0,9,4,1,1,8,0,1,0
183339,3619,0.0,3.0,2.0,6,4,2,1,4,0,2,0
183537,4580,0.0,2.0,1.0,3,2,2,2,2,0,1,0
183800,289,0.0,6.0,0.0,6,1,1,1,5,0,1,0
18390,2721,0.0,6.0,1.0,4,1,1,2,3,0,1,0
183903,798,1.0,6.0,1.0,4,2,2,1,2,0,2,0
185076,951,0.0,5.0,1.0,1,1,1,1,0,0,1,0
185341,3080,0.0,2.0,1.0,5,2,2,1,4,0,1,0
185506,3734,0.0,2.0,0.0,49,17,5,5,46,0,3,0
185586,4783,0.0,6.0,0.0,5,1,1,1,4,0,1,0
18565,915,0.0,0.0,0.0,5,3,2,3,3,0,2,0
185744,548,0.0,0.0,0.0,5,2,1,1,4,0,1,0
186157,4594,0.0,2.0,1.0,2,1,1,1,1,0,1,0
186436,1760,0.0,3.0,0.0,2,1,1,1,1,0,1,0
18655,2318,0.0,4.0,0.0,1,1,1,1,0,0,1,0
186628,4040,0.0,2.0,0.0,8,2,2,1,6,0,2,0
186656,3971,0.0,0.0,1.0,3,1,1,1,2,0,1,0
186738,2639,0.0,6.0,0.0,25,11,6,2,22,0,3,0
187132,4871,0.0,5.0,0.0,12,6,3,1,8,0,4,0
187205,4394,0.0,6.0,1.0,2,1,1,1,1,0,1,0
187438,1346,0.0,3.0,0.0,18,8,1,2,16,0,2,0
187723,121,0.0,2.0,0.0,20,10,6,1,19,0,1,0
187737,102,0.0,4.0,0.0,6,2,2,4,4,0,1,1
188080,4698,0.0,4.0,0.0,67,33,8,2,63,0,4,0
188168,2543,0.0,3.0,0.0,3,1,1,1,2,0,1,0
188519,2981,0.0,7.0,0.0,7,1,1,2,5,0,1,1
189024,3152,0.0,4.0,1.0,10,2,1,2,8,0,1,1
189048,3619,0.0,3.0,0.0,10,6,2,1,9,0,1,0
189266,4976,0.0,0.0,0.0,20,6,3,4,19,0,1,0
189318,2652,0.0,6.0,0.0,15,11,6,3,12,0,3,0
189962,35,0.0,4.0,1.0,2,1,1,1,1,0,1,0
191991,4605,0.0,3.0,0.0,1,1,1,1,0,0,1,0
192284,2536,0.0,5.0,1.0,5,1,1,3,4,0,1,0
192453,3984,0.0,2.0,0.0,12,7,5,2,11,0,1,0
19363,4976,1.0,3.0,0.0,46,27,8,6,36,0,1,9
193670,1592,0.0,3.0,0.0,25,7,2,2,23,0,1,1
193966,3092,0.0,4.0,0.0,11,8,1,3,10,0,1,0
194219,4508,0.0,0.0,1.0,4,1,1,1,3,0,1,0
195018,747,0.0,0.0,0.0,6,1,1,2,5,0,1,0
195211,1487,0.0,4.0,0.0,24,3,1,1,23,0,1,0
195376,1470,0.0,4.0,0.0,6,2,1,4,5,0,1,0
195867,2608,0.0,3.0,0.0,4,2,1,3,3,0,1,0
195987,4871,0.0,3.0,0.0,10,3,2,1,6,0,4,0
196344,652,0.0,3.0,0.0,1,1,1,1,0,0,1,0
197099,598,0.0,0.0,1.0,1,1,1,1,0,0,1,0
197194,3148,0.0,0.0,0.0,4,1,1,1,2,0,1,1
197197,3851,0.0,2.0,0.0,2,1,1,1,1,0,1,0
19772,1632,0.0,2.0,0.0,5,4,1,1,4,0,1,0
197856,2791,0.0,0.0,0.0,2,1,1,2,1,0,1,0
197983,1760,1.0,0.0,0.0,34,21,3,1,32,0,2,0
198267,3284,0.0,3.0,0.0,5,1,1,1,4,0,1,0
199052,4325,0.0,3.0,0.0,3,1,1,1,2,0,1,0
199194,2124,0.0,3.0,0.0,7,3,1,1,6,0,1,0
199570,4850,1.0,0.0,0.0,63,30,10,5,61,0,2,0
199654,2511,0.0,6.0,0.0,6,2,1,2,5,0,1,0
199856,4966,0.0,4.0,0.0,2,1,1,1,1,0,1,0
199879,4536,0.0,3.0,0.0,2,1,1,1,1,0,1,0
199947,3288,0.0,4.0,2.0,1,1,1,1,0,0,1,0
200268,4976,0.0,3.0,0.0,1,1,1,1,0,0,1,0
201118,1346,0.0,4.0,0.0,4,3,1,1,1,0,1,2
201209,2109,0.0,4.0,1.0,8,3,3,2,6,0,2,0
201273,1008,0.0,4.0,0.0,8,1,1,1,7,0,1,0
201432,3624,0.0,0.0,0.0,13,3,1,2,12,0,1,0
201641,574,0.0,0.0,0.0,7,2,1,1,6,0,1,0
201824,1102,0.0,0.0,0.0,8,4,2,1,7,0,1,0
202881,1661,0.0,4.0,2.0,3,2,2,1,2,0,1,0
203275,1353,0.0,5.0,0.0,14,1,1,1,12,0,1,1
203290,66,0.0,3.0,1.0,3,1,1,1,2,0,1,0
203312,3200,0.0,3.0,1.0,3,1,1,1,2,0,1,0
203313,4044,0.0,0.0,0.0,33,21,6,3,32,0,1,0
203351,1597,0.0,0.0,1.0,13,10,2,2,12,0,1,0
203428,429,0.0,5.0,0.0,4,1,1,1,3,0,1,0
204036,66,0.0,3.0,1.0,17,6,2,1,14,0,2,1
204317,66,0.0,3.0,0.0,11,3,1,1,10,0,1,0
204334,322,0.0,5.0,0.0,1,1,1,1,0,0,1,0
204729,597,0.0,0.0,0.0,6,1,1,1,5,0,1,0
205542,2448,0.0,0.0,1.0,8,3,1,1,6,0,2,0
206153,10,0.0,4.0,0.0,4,1,1,1,3,0,1,0
206156,4585,1.0,0.0,0.0,1,1,1,1,0,0,1,0
206194,4926,0.0,4.0,1.0,32,12,10,2,31,0,1,0
206343,798,0.0,4.0,0.0,3,1,1,1,2,0,1,0
206462,2766,0.0,4.0,0.0,2,2,2,1,0,0,2,0
207412,1204,0.0,2.0,0.0,7,2,1,2,3,0,2,2
207538,3347,0.0,4.0,1.0,2,1,1,1,1,0,1,0
207840,3545,0.0,3.0,1.0,25,14,1,3,24,0,1,0
207911,4648,1.0,4.0,0.0,2,1,1,1,1,0,1,0
207996,4601,0.0,4.0,0.0,8,2,2,1,6,0,1,1
208317,4648,0.0,3.0,0.0,9,3,1,2,6,0,1,2
208997,2669,0.0,3.0,0.0,5,2,2,2,3,0,1,1
209210,1346,0.0,3.0,0.0,16,6,1,3,14,0,1,1
209463,2730,0.0,0.0,1.0,15,2,1,6,12,0,1,2
20974,2047,0.0,2.0,1.0,6,2,1,1,5,0,1,0
209778,3936,0.0,2.0,1.0,3,1,1,1,2,0,1,0
210513,2928,0.0,4.0,0.0,8,4,1,1,6,0,2,0
210863,2755,0.0,6.0,0.0,1,1,1,1,0,0,1,0
211106,4048,0.0,2.0,0.0,13,5,1,1,12,0,1,0
211417,3971,0.0,5.0,0.0,16,8,3,3,13,0,2,1
21179,598,0.0,3.0,1.0,4,3,1,1,0,0,1,3
211872,3500,0.0,5.0,0.0,11,2,1,1,10,0,1,0
212048,2821,0.0,3.0,0.0,15,5,3,3,14,0,1,0
212173,1056,0.0,0.0,0.0,19,10,8,1,14,0,5,0
212931,3152,0.0,2.0,1.0,7,2,1,1,6,0,1,0
212975,2317,0.0,3.0,1.0,6,2,1,1,5,0,1,0
213072,3152,0.0,0.0,0.0,7,3,1,1,6,0,1,0
213091,996,0.0,5.0,0.0,7,2,2,2,5,0,1,1
213201,654,0.0,0.0,0.0,4,1,1,1,3,0,1,0
213218,2108,0.0,3.0,0.0,2,1,1,2,1,0,1,0
213459,2154,0.0,3.0,0.0,2,1,1,1,1,0,1,0
214074,3936,0.0,0.0,1.0,30,19,6,2,27,1,2,0
214182,2928,0.0,5.0,1.0,14,7,4,1,11,0,3,0
214891,2565,0.0,5.0,0.0,1,1,1,1,0,0,1,0
215107,1416,0.0,4.0,0.0,1,1,1,1,0,0,1,0
21561,2789,0.0,3.0,0.0,6,2,2,3,5,0,1,0
215684,552,0.0,0.0,0.0,10,4,1,3,8,0,1,1
216162,3536,0.0,4.0,0.0,6,2,2,4,5,0,1,0
216487,3665,0.0,0.0,1.0,12,4,1,2,11,0,1,0
218068,4198,0.0,0.0,0.0,5,1,1,2,4,0,1,0
218176,2318,0.0,3.0,1.0,6,1,1,3,5,0,1,0
218194,663,0.0,6.0,1.0,5,1,1,1,4,0,1,0
218462,4420,0.0,3.0,1.0,4,1,1,1,3,0,1,0
218645,4316,0.0,5.0,1.0,2,1,1,1,1,0,1,0
218674,3022,0.0,6.0,1.0,4,1,1,1,3,0,1,0
218825,4140,0.0,3.0,0.0,1,1,1,1,0,0,1,0
218943,1305,0.0,4.0,1.0,1,1,1,1,0,0,1,0
218958,4976,0.0,3.0,0.0,8,5,2,2,7,0,1,0
218999,4173,0.0,4.0,1.0,8,4,3,3,6,0,1,1
2192,2122,0.0,2.0,0.0,15,6,2,1,14,0,1,0
219295,2273,0.0,0.0,0.0,5,1,1,2,4,0,1,0
219855,3822,0.0,3.0,0.0,3,1,1,1,2,0,1,0
220540,547,0.0,3.0,0.0,29,10,1,7,26,0,1,2
221907,255,0.0,3.0,0.0,4,1,1,1,2,0,1,1
22214,2454,0.0,4.0,0.0,18,7,6,1,15,0,3,0
222248,2138,0.0,0.0,0.0,1,1,1,1,0,0,1,0
222402,133,0.0,3.0,2.0,13,5,1,4,8,0,1,4
223159,3536,0.0,3.0,1.0,3,2,1,1,2,0,1,0
223182,1412,0.0,2.0,0.0,4,2,1,1,3,0,1,0
223411,3328,0.0,4.0,0.0,1,1,1,1,0,0,1,0
223770,2810,0.0,2.0,0.0,6,1,1,3,4,0,1,1
223880,3419,0.0,2.0,1.0,2,1,1,1,1,0,1,0
224061,3614,1.0,4.0,0.0,4,1,1,1,3,0,1,0
224070,2236,0.0,0.0,0.0,1,1,1,1,0,0,1,0
22471,4048,0.0,2.0,0.0,7,1,1,1,6,0,1,0
225198,1203,1.0,5.0,1.0,3,1,1,2,2,0,1,0
225447,503,0.0,3.0,1.0,17,2,1,1,16,0,1,0
225450,3472,0.0,5.0,1.0,2,1,1,2,1,0,1,0
225601,1346,0.0,4.0,0.0,6,3,1,1,5,0,1,0
225664,2537,0.0,4.0,1.0,1,1,1,1,0,0,1,0
225875,1526,0.0,0.0,0.0,3,1,1,2,2,0,1,0
226479,1187,0.0,0.0,0.0,3,1,1,1,2,0,1,0
226787,1416,0.0,4.0,0.0,6,2,2,3,5,0,1,0
227125,2155,0.0,0.0,1.0,1,1,1,1,0,0,1,0
227708,1704,0.0,0.0,0.0,18,2,1,2,16,0,2,0
228117,3102,0.0,3.0,0.0,11,3,2,2,9,0,1,1
229010,2700,0.0,0.0,1.0,66,39,9,6,63,0,3,0
229696,798,0.0,0.0,0.0,9,8,6,2,4,0,5,0
229728,3578,0.0,7.0,0.0,24,10,1,2,22,0,1,1
230023,3839,0.0,6.0,1.0,14,3,1,1,13,0,1,0
230851,4394,0.0,5.0,0.0,4,1,1,4,3,0,1,0
231294,522,0.0,3.0,1.0,4,1,1,1,3,0,1,0
231459,4282,0.0,0.0,1.0,24,12,4,8,20,0,1,3
23226,1056,0.0,4.0,0.0,4,2,1,2,3,0,1,0
232527,1840,1.0,6.0,1.0,4,1,1,1,3,0,1,0
233101,3063,1.0,3.0,0.0,29,8,2,4,25,0,1,3
233394,1470,0.0,4.0,0.0,3,1,1,1,1,0,1,1
233571,1526,0.0,3.0,0.0,2,1,1,1,1,0,1,0
234511,2175,0.0,4.0,0.0,2,1,1,1,1,0,1,0
234548,1916,0.0,4.0,0.0,3,1,1,1,2,0,1,0
234629,1742,0.0,0.0,0.0,6,1,1,2,5,0,1,0
235166,663,0.0,3.0,1.0,23,6,3,3,22,0,1,0
23620,3981,0.0,2.0,1.0,4,1,1,1,3,0,1,0
236392,2821,0.0,0.0,0.0,9,2,2,2,7,0,1,1
236553,3472,0.0,4.0,0.0,6,1,1,1,5,0,1,0
23658,1752,0.0,2.0,1.0,6,1,1,1,5,0,1,0
237438,3323,0.0,4.0,0.0,6,2,1,2,5,0,1,0
237445,320,0.0,3.0,1.0,15,7,6,1,12,0,2,1
237686,1755,1.0,3.0,0.0,1,1,1,1,0,0,1,0
237803,1854,0.0,0.0,0.0,4,2,1,1,3,0,1,0
237811,1884,0.0,7.0,0.0,2,1,1,2,0,0,1,1
238325,310,0.0,2.0,1.0,1,1,1,1,0,0,1,0
238327,2928,0.0,5.0,0.0,6,4,3,1,4,0,2,0
238588,4585,0.0,2.0,0.0,36,21,8,4,35,0,1,0
239093,682,0.0,2.0,0.0,1,1,1,1,0,0,1,0
239304,4426,0.0,0.0,0.0,26,9,3,3,23,0,3,0
240258,3323,0.0,4.0,0.0,6,4,1,1,5,0,1,0
240392,3536,0.0,8.0,1.0,3,1,1,1,2,0,1,0
240785,357,0.0,2.0,1.0,3,1,1,2,2,0,1,0
241242,4049,1.0,4.0,0.0,1,1,1,1,0,0,1,0
24136,3383,0.0,4.0,2.0,8,3,1,2,7,0,1,0
241397,3419,0.0,2.0,0.0,6,2,1,1,5,0,1,0
24165,467,0.0,3.0,0.0,1,1,1,1,0,0,1,0
242145,1093,0.0,4.0,1.0,3,1,1,1,2,0,1,0
242415,1134,0.0,0.0,0.0,2,1,1,2,1,0,1,0
242738,1270,0.0,6.0,0.0,5,2,2,2,4,0,1,0
24322,742,0.0,3.0,0.0,16,9,3,2,15,0,1,0
243282,598,0.0,3.0,1.0,2,1,1,1,1,0,1,0
243615,472,0.0,2.0,0.0,3,1,1,1,2,0,1,0
243793,3622,0.0,6.0,1.0,6,1,1,1,4,0,2,0
243836,798,0.0,0.0,0.0,11,1,1,1,9,1,1,0
244330,2173,0.0,6.0,0.0,14,10,1,1,12,0,2,0
244647,1501,0.0,5.0,1.0,7,1,1,1,6,0,1,0
245144,740,0.0,0.0,0.0,16,7,6,1,13,0,2,1
245464,1308,0.0,3.0,1.0,2,1,1,1,1,0,1,0
245811,4848,0.0,4.0,0.0,8,4,1,2,7,0,1,0
24621,748,0.0,0.0,0.0,4,1,1,1,3,0,1,0
246539,1810,0.0,4.0,0.0,7,2,2,3,6,0,1,0
246892,1019,0.0,6.0,0.0,16,9,1,1,14,0,2,0
247092,1892,0.0,4.0,2.0,32,22,8,6,29,0,3,0
247119,191,0.0,3.0,0.0,4,2,1,1,3,0,1,0
247748,2193,0.0,4.0,0.0,8,2,1,1,6,0,2,0
247789,3955,0.0,2.0,0.0,10,2,2,5,9,0,1,0
248063,2545,0.0,2.0,1.0,11,5,1,3,10,0,1,0
248711,1483,0.0,7.0,null,2,1,1,1,1,0,1,0
248751,2031,0.0,4.0,1.0,7,3,2,2,6,0,1,0
249174,2911,0.0,3.0,0.0,4,1,1,2,2,0,1,1
249218,3854,0.0,0.0,0.0,5,2,1,2,4,0,1,0
249295,606,0.0,2.0,0.0,3,2,2,2,2,0,1,0
249324,1340,0.0,6.0,0.0,5,4,4,2,1,0,4,0
249380,1780,0.0,6.0,0.0,4,1,1,2,3,0,1,0
249402,646,0.0,6.0,0.0,2,1,1,1,1,0,1,0
249726,4043,0.0,3.0,0.0,5,2,1,1,3,0,2,0
250279,1884,0.0,5.0,1.0,5,1,1,1,4,0,1,0
25058,1310,0.0,2.0,0.0,8,4,4,2,5,0,1,2
250834,4431,0.0,2.0,1.0,14,2,1,1,13,0,1,0
250966,2193,0.0,4.0,1.0,9,4,2,1,7,0,2,0
250971,4542,0.0,6.0,0.0,24,1,1,6,23,0,1,0
251125,1353,0.0,3.0,1.0,3,2,2,1,2,0,1,0
251692,2879,0.0,0.0,0.0,8,1,1,1,6,0,2,0
251786,2318,0.0,2.0,0.0,13,3,2,1,11,0,2,0
251786,963,0.0,2.0,0.0,2,1,1,2,1,0,1,0
25209,3593,0.0,0.0,2.0,19,6,1,1,18,0,1,0
252562,412,0.0,3.0,0.0,19,10,6,4,18,0,1,0
252640,4079,0.0,4.0,0.0,3,1,1,1,2,0,1,0
252641,4966,0.0,4.0,0.0,7,2,2,1,6,0,1,0
254127,1272,0.0,4.0,0.0,15,6,3,4,14,0,1,0
254370,3152,0.0,5.0,0.0,10,5,1,1,9,0,1,0
254507,1183,0.0,3.0,0.0,4,2,2,1,3,0,1,0
254617,3022,0.0,0.0,0.0,1,1,1,1,0,0,1,0
254789,2217,1.0,3.0,0.0,2,1,1,1,1,0,1,0
2556,2344,0.0,0.0,1.0,11,2,1,2,10,0,1,0
255704,1074,0.0,5.0,0.0,11,8,1,1,8,0,2,1
25584,590,0.0,4.0,1.0,21,13,3,2,19,0,2,0
256125,1892,0.0,5.0,0.0,8,5,3,2,5,0,2,1
256582,3958,1.0,4.0,0.0,14,5,4,3,13,0,1,0
256801,2916,0.0,7.0,0.0,4,1,1,1,2,0,1,1
256875,3602,0.0,3.0,0.0,6,2,1,2,5,0,1,0
256895,1679,0.0,0.0,0.0,19,9,3,2,17,0,2,0
256924,3734,0.0,0.0,1.0,20,5,3,3,18,0,2,0
257279,1667,0.0,6.0,1.0,2,1,1,1,1,0,1,0
257830,2821,0.0,4.0,1.0,3,1,1,1,2,0,1,0
258237,2699,0.0,6.0,0.0,14,7,3,1,12,0,1,1
258759,3968,0.0,0.0,0.0,3,1,1,1,2,0,1,0
259660,3205,0.0,6.0,0.0,1,1,1,1,0,0,1,0
25987,630,1.0,0.0,0.0,10,2,1,4,8,0,1,1
261158,3578,0.0,0.0,0.0,3,1,1,1,2,0,1,0
26119,1016,0.0,4.0,0.0,3,1,1,2,2,0,1,0
261193,3734,0.0,4.0,0.0,4,1,1,2,2,0,1,1
261745,1491,0.0,2.0,0.0,2,1,1,1,1,0,1,0
26186,2824,0.0,0.0,0.0,5,2,2,1,4,0,1,0
262037,2193,0.0,8.0,0.0,6,3,1,1,5,0,1,0
262093,234,0.0,0.0,0.0,8,4,3,1,5,0,1,2
262369,797,0.0,4.0,0.0,2,1,1,1,1,0,1,0
262491,1102,0.0,3.0,0.0,73,33,11,2,72,0,1,0
263153,4992,0.0,0.0,0.0,1,1,1,1,0,0,1,0
263356,1833,0.0,4.0,0.0,5,2,1,1,3,0,2,0
263821,4173,0.0,3.0,0.0,1,1,1,1,0,0,1,0
264247,4850,0.0,4.0,0.0,11,7,4,4,10,0,1,0
264732,614,0.0,3.0,0.0,9,2,2,2,7,0,2,0
26518,1272,0.0,7.0,1.0,6,3,3,2,5,0,1,0
265273,1022,0.0,2.0,0.0,2,1,1,1,1,0,1,0
265312,1816,0.0,3.0,1.0,5,2,2,1,4,0,1,0
266368,1487,0.0,6.0,0.0,21,6,1,6,18,0,1,2
266934,1740,0.0,0.0,null,3,2,1,1,2,0,1,0
267181,1100,0.0,5.0,1.0,8,1,1,1,7,0,1,0
267251,4049,0.0,0.0,0.0,1,1,1,1,0,0,1,0
267298,2935,0.0,3.0,0.0,5,2,1,1,4,0,1,0
267392,141,0.0,3.0,1.0,4,1,1,2,2,0,1,1
26772,3650,1.0,4.0,0.0,8,3,1,1,7,0,1,0
267771,3016,1.0,2.0,1.0,18,11,7,3,12,0,3,3
268046,742,0.0,3.0,0.0,13,5,5,3,10,0,2,1
26806,1892,0.0,3.0,0.0,3,2,1,2,2,0,1,0
268288,4887,0.0,6.0,0.0,3,2,1,1,2,0,1,0
268787,2995,0.0,4.0,1.0,7,3,3,1,4,0,3,0
268806,1742,0.0,3.0,0.0,12,2,1,5,11,0,1,0
268938,2537,0.0,3.0,0.0,8,3,2,1,6,0,2,0
269074,2193,0.0,0.0,0.0,4,1,1,1,2,0,1,1
269078,1246,0.0,2.0,1.0,7,3,2,2,6,0,1,0
269116,437,0.0,4.0,0.0,6,2,1,2,4,0,1,1
269609,2537,0.0,0.0,0.0,1,1,1,1,0,0,1,0
269645,3319,0.0,3.0,0.0,7,3,2,4,4,0,1,2
270894,2102,1.0,0.0,0.0,2,1,1,1,1,0,1,0
270995,4394,1.0,4.0,0.0,2,2,1,1,0,0,2,0
271124,2639,0.0,6.0,null,3,2,1,1,2,0,1,0
271270,120,0.0,4.0,1.0,2,1,1,1,0,0,2,0
272539,278,0.0,0.0,0.0,4,1,1,2,2,0,1,1
272656,4394,0.0,2.0,1.0,3,2,1,2,2,0,1,0
272734,3826,0.0,2.0,0.0,3,1,1,1,2,0,1,0
273012,323,0.0,5.0,0.0,1,1,1,1,0,0,1,0
273287,1051,0.0,0.0,1.0,2,1,1,1,1,0,1,0
273723,1916,0.0,3.0,0.0,33,13,1,2,31,0,2,0
27377,2277,0.0,3.0,1.0,7,1,1,3,5,0,1,1
273793,1639,0.0,4.0,0.0,5,1,1,1,4,0,1,0
274201,3602,1.0,4.0,0.0,20,5,1,4,17,0,3,0
274702,1632,0.0,2.0,0.0,11,4,1,2,10,0,1,0
274876,2709,0.0,6.0,0.0,2,1,1,1,1,0,1,0
27520,4044,0.0,3.0,0.0,54,26,3,3,52,0,2,0
275627,3971,0.0,3.0,1.0,1,1,1,1,0,0,1,0
275753,382,0.0,0.0,0.0,10,6,4,1,9,0,1,0
276514,4494,0.0,0.0,0.0,2,1,1,1,1,0,1,0
277561,239,0.0,0.0,0.0,4,2,1,2,3,0,1,0
278345,3954,0.0,4.0,2.0,3,1,1,1,2,0,1,0
278401,4847,1.0,5.0,0.0,3,2,2,1,1,0,2,0
278595,1115,0.0,3.0,0.0,5,1,1,1,4,0,1,0
279794,923,0.0,0.0,0.0,4,2,2,1,3,0,1,0
280003,145,0.0,0.0,1.0,11,1,1,3,10,0,1,0
280478,3578,0.0,2.0,1.0,1,1,1,1,0,0,1,0
280743,2592,0.0,3.0,1.0,2,1,1,1,1,0,1,0
281306,4217,0.0,4.0,2.0,2,2,2,1,0,0,2,0
281968,151,0.0,5.0,0.0,12,2,2,2,11,0,1,0
282303,4906,0.0,0.0,0.0,2,1,1,1,1,0,1,0
282309,590,0.0,0.0,null,11,5,1,2,10,0,1,0
282588,2193,0.0,6.0,0.0,17,7,6,5,15,0,1,1
282704,2278,0.0,3.0,0.0,4,1,1,2,2,0,1,1
282748,3734,0.0,4.0,0.0,10,3,1,3,9,0,1,0
283003,1412,0.0,3.0,1.0,4,1,1,1,3,0,1,0
283991,4234,0.0,0.0,0.0,10,6,4,2,9,0,1,0
284342,3964,0.0,6.0,0.0,14,5,3,2,12,0,2,0
284560,1340,0.0,4.0,1.0,8,1,1,3,7,0,1,0
284712,3289,0.0,5.0,1.0,8,3,1,1,6,0,2,0
284909,1890,0.0,5.0,0.0,5,1,1,1,4,0,1,0
285194,1678,0.0,2.0,0.0,3,1,1,1,2,0,1,0
285392,2954,0.0,3.0,0.0,4,1,1,1,3,0,1,0
285800,2872,0.0,4.0,1.0,22,9,8,2,20,0,1,1
286098,1330,0.0,8.0,null,4,1,1,1,3,0,1,0
28614,4079,0.0,3.0,0.0,2,2,1,1,0,0,2,0
28633,4143,0.0,5.0,0.0,10,4,3,1,9,0,1,0
286435,2397,0.0,5.0,1.0,8,5,3,1,7,0,1,0
287508,2026,0.0,2.0,1.0,1,1,1,1,0,0,1,0
28775,4324,0.0,6.0,0.0,6,1,1,3,4,0,2,0
288407,1487,0.0,0.0,0.0,4,2,1,1,3,0,1,0
288557,963,0.0,3.0,0.0,18,11,3,3,17,0,1,0
288939,2664,0.0,6.0,1.0,182,85,6,4,161,0,8,13
289520,2234,0.0,4.0,0.0,3,1,1,1,2,0,1,0
28983,4491,0.0,3.0,1.0,11,6,1,3,10,0,1,0
289988,1356,0.0,0.0,0.0,2,1,1,1,1,0,1,0
290254,532,0.0,0.0,0.0,19,4,2,2,18,0,1,0
29026,1999,0.0,0.0,0.0,7,3,1,1,6,0,1,0
290407,4864,0.0,5.0,0.0,8,1,1,2,7,0,1,0
290758,798,0.0,3.0,0.0,12,3,2,6,9,0,1,2
290860,3206,0.0,3.0,0.0,9,2,1,3,7,0,1,1
291376,842,0.0,2.0,1.0,11,3,1,4,9,1,1,0
291545,4173,0.0,0.0,1.0,44,25,6,6,40,0,1,3
291715,1588,0.0,5.0,0.0,2,1,1,1,1,0,1,0
292997,4417,0.0,0.0,0.0,1,1,1,1,0,0,1,0
293389,3853,0.0,4.0,0.0,2,1,1,2,1,0,1,0
293573,1704,0.0,2.0,0.0,2,1,1,2,0,0,1,1
29427,3771,0.0,2.0,0.0,3,2,1,1,1,0,2,0
29453,3510,0.0,0.0,0.0,2,1,1,1,1,0,1,0
294609,1425,0.0,4.0,1.0,3,1,1,1,2,0,1,0
294796,2856,0.0,0.0,0.0,4,1,1,1,3,0,1,0
294916,141,0.0,3.0,0.0,33,6,4,7,30,0,1,2
295021,3191,0.0,3.0,0.0,16,9,3,1,12,0,4,0
295104,2482,0.0,0.0,0.0,6,2,2,2,2,0,2,2
295196,4044,0.0,2.0,0.0,63,46,14,9,57,0,1,5
295279,3965,0.0,6.0,0.0,8,2,1,1,5,0,3,0
295397,4048,1.0,3.0,0.0,2,1,1,1,1,0,1,0
295449,2108,0.0,0.0,0.0,5,1,1,2,4,0,1,0
295658,1126,0.0,3.0,0.0,40,13,7,4,34,0,2,4
296411,2273,0.0,4.0,0.0,3,1,1,2,1,0,1,1
296696,2318,0.0,3.0,0.0,7,3,1,2,6,0,1,0
297265,63,0.0,0.0,0.0,2,1,1,1,1,0,1,0
297491,3828,0.0,0.0,0.0,22,8,2,2,21,0,1,0
297622,598,1.0,3.0,1.0,5,2,2,3,4,0,1,0
298814,2173,0.0,6.0,0.0,5,1,1,2,4,0,1,0
29989,255,0.0,4.0,0.0,10,4,2,2,9,0,1,0
299913,4444,0.0,5.0,1.0,19,13,5,1,16,0,3,0
300597,1618,0.0,6.0,0.0,7,1,1,1,6,0,1,0
300613,2928,0.0,6.0,1.0,13,2,1,2,12,0,1,0
300738,3570,0.0,4.0,1.0,5,2,1,2,4,0,1,0
300972,4044,0.0,4.0,0.0,5,1,1,1,4,0,1,0
301173,4042,0.0,4.0,0.0,3,1,1,1,2,0,1,0
301337,643,0.0,6.0,0.0,4,4,3,1,3,0,1,0
301568,3288,0.0,3.0,0.0,1,1,1,1,0,0,1,0
30159,1103,0.0,3.0,0.0,4,1,1,2,2,0,1,1
301827,4044,0.0,3.0,0.0,15,4,3,5,13,0,1,1
30223,860,0.0,4.0,0.0,4,2,2,2,3,0,1,0
302424,3607,0.0,3.0,0.0,3,2,1,1,2,0,1,0
303478,1131,0.0,5.0,0.0,12,3,3,3,9,2,1,0
304305,3990,1.0,6.0,0.0,70,19,7,6,68,0,1,1
304534,3971,0.0,0.0,0.0,4,1,1,1,3,0,1,0
305898,1556,0.0,0.0,0.0,3,1,1,1,2,0,1,0
306051,4394,0.0,6.0,0.0,13,3,1,2,12,0,1,0
306997,3034,0.0,3.0,1.0,3,1,1,2,2,0,1,0
307132,598,0.0,null,null,10,4,2,2,8,1,1,0
307231,3955,0.0,5.0,1.0,1,1,1,1,0,0,1,0
30819,2537,0.0,0.0,0.0,6,1,1,1,5,0,1,0
309067,4860,1.0,0.0,0.0,6,1,1,2,4,0,2,0
309997,1393,0.0,4.0,0.0,24,10,4,3,21,1,2,0
310999,1327,0.0,5.0,0.0,8,1,1,1,7,0,1,0
312104,2810,0.0,2.0,0.0,23,5,3,3,19,0,2,2
31214,35,0.0,2.0,1.0,2,1,1,1,1,0,1,0
312570,1203,0.0,4.0,0.0,23,10,5,4,21,0,1,1
312811,1263,0.0,0.0,0.0,4,3,1,1,3,0,1,0
312833,4976,0.0,0.0,null,8,8,3,3,7,0,1,0
312868,1050,0.0,2.0,0.0,3,1,1,1,2,0,1,0
312929,602,0.0,null,null,3,1,1,1,2,0,1,0
313825,793,0.0,6.0,0.0,1,1,1,1,0,0,1,0
31427,3955,0.0,0.0,1.0,6,1,1,2,4,0,1,1
314414,1708,0.0,2.0,0.0,2,2,1,1,0,0,2,0
314674,2537,0.0,3.0,0.0,2,1,1,1,1,0,1,0
314675,2138,0.0,6.0,0.0,21,14,7,4,20,0,1,0
314737,1111,0.0,7.0,0.0,1,1,1,1,0,0,1,0
315021,296,0.0,4.0,0.0,7,2,1,1,6,0,1,0
315120,946,0.0,6.0,0.0,13,7,3,1,11,0,2,0
315300,3323,0.0,4.0,1.0,8,2,1,1,7,0,1,0
315528,1840,0.0,null,null,2,1,1,1,1,0,1,0
315577,4763,0.0,5.0,0.0,9,3,1,1,8,0,1,0
317036,1472,0.0,0.0,0.0,5,1,1,2,4,0,1,0
317427,794,0.0,4.0,0.0,12,9,1,1,11,0,1,0
317972,4705,1.0,5.0,0.0,18,2,2,3,16,0,2,0
318276,1742,0.0,3.0,0.0,8,1,1,4,7,0,1,0
318527,4335,0.0,4.0,0.0,1,1,1,1,0,0,1,0
319259,1679,0.0,3.0,2.0,10,5,2,1,9,0,1,0
319368,1310,0.0,2.0,0.0,29,12,6,4,22,0,1,6
319404,2149,0.0,0.0,0.0,11,4,1,3,10,0,1,0
319730,3828,0.0,0.0,0.0,3,3,2,3,2,0,1,0
319880,2317,0.0,6.0,0.0,14,1,1,2,12,0,1,1
320133,4269,0.0,4.0,0.0,11,3,1,5,9,0,1,1
320436,1582,0.0,3.0,0.0,4,1,1,1,3,0,1,0
320503,3734,0.0,3.0,0.0,24,16,4,1,21,0,3,0
320594,1487,0.0,3.0,0.0,10,4,1,2,9,0,1,0
320647,3955,0.0,3.0,0.0,5,2,1,1,4,0,1,0
320830,3878,0.0,7.0,0.0,3,1,1,1,1,0,1,1
321138,1618,0.0,0.0,1.0,5,3,1,1,4,0,1,0
321140,804,0.0,4.0,0.0,6,5,4,2,5,0,1,0
322209,2278,0.0,2.0,0.0,3,1,1,1,2,0,1,0
322408,2810,0.0,3.0,0.0,8,4,2,2,6,0,1,1
322928,4848,0.0,0.0,0.0,4,3,1,2,3,0,1,0
323101,1936,0.0,5.0,0.0,3,1,1,1,2,0,1,0
323333,3349,0.0,0.0,1.0,14,4,1,2,13,0,1,0
324110,4955,0.0,0.0,0.0,15,9,2,1,10,0,5,0
324210,1875,0.0,5.0,0.0,5,1,1,3,4,0,1,0
324500,915,0.0,3.0,1.0,27,14,3,5,25,0,1,1
324950,2664,0.0,4.0,0.0,11,8,1,1,10,0,1,0
325555,4097,0.0,5.0,0.0,6,3,2,1,5,0,1,0
326571,4043,1.0,7.0,0.0,25,11,6,4,18,0,2,5
326740,3938,0.0,0.0,0.0,1,1,1,1,0,0,1,0
327081,523,0.0,0.0,0.0,14,6,1,5,11,0,2,1
327464,3822,0.0,0.0,0.0,2,1,1,2,1,0,1,0
327512,3898,0.0,null,null,3,1,1,1,2,0,1,0
327638,4173,0.0,3.0,0.0,11,6,2,1,10,0,1,0
32767,121,0.0,4.0,0.0,17,13,6,2,15,0,2,0
327925,2279,1.0,3.0,1.0,2,1,1,1,1,0,1,0
327937,756,0.0,2.0,0.0,3,1,1,2,2,0,1,0
328061,3925,0.0,0.0,0.0,9,5,4,4,6,0,1,2
328063,3173,0.0,3.0,0.0,4,1,1,2,1,0,3,0
328757,479,0.0,0.0,0.0,1,1,1,1,0,0,1,0
330271,310,0.0,2.0,0.0,5,2,2,1,3,0,2,0
330617,2006,0.0,4.0,0.0,12,2,1,3,10,0,1,1
330912,4196,0.0,3.0,1.0,3,1,1,1,2,0,1,0
331695,2915,0.0,3.0,2.0,4,2,2,2,2,0,1,1
331917,2869,0.0,2.0,0.0,2,1,1,1,0,0,1,1
333113,133,0.0,0.0,0.0,7,1,1,1,6,0,1,0
333143,3549,0.0,3.0,0.0,2,1,1,1,1,0,1,0
333190,2928,0.0,4.0,0.0,11,2,2,1,9,0,2,0
333791,2954,0.0,3.0,0.0,14,10,6,1,13,0,1,0
334518,2569,0.0,4.0,0.0,12,10,1,1,11,0,1,0
334887,2447,0.0,0.0,1.0,1,1,1,1,0,0,1,0
335186,4601,0.0,4.0,0.0,4,2,2,1,3,0,1,0
335232,3889,0.0,0.0,0.0,2,1,1,1,1,0,1,0
335623,3614,0.0,4.0,0.0,4,1,1,1,3,0,1,0
335884,4585,0.0,0.0,1.0,5,3,1,1,4,0,1,0
335899,2730,0.0,6.0,1.0,15,5,1,3,14,0,1,0
336034,4982,0.0,0.0,0.0,5,1,1,2,4,0,1,0
336144,4043,0.0,0.0,0.0,8,2,2,3,6,1,1,0
336687,1618,0.0,6.0,1.0,4,1,1,1,3,0,1,0
337551,1102,0.0,0.0,0.0,10,2,2,2,8,0,2,0
337903,598,0.0,4.0,1.0,26,6,2,3,25,0,1,0
337927,4457,0.0,2.0,0.0,3,1,1,1,2,0,1,0
338188,4048,0.0,0.0,0.0,13,4,1,1,8,0,5,0
33820,3350,0.0,2.0,0.0,1,1,1,1,0,0,1,0
338391,760,0.0,3.0,2.0,1,1,1,1,0,0,1,0
338593,4043,1.0,3.0,0.0,8,5,4,2,5,0,3,0
33909,4966,0.0,3.0,2.0,2,1,1,1,1,0,1,0
33949,4650,0.0,2.0,0.0,2,1,1,1,1,0,1,0
339684,2259,1.0,3.0,1.0,35,14,4,2,32,0,2,1
340727,3085,0.0,3.0,0.0,1,1,1,1,0,0,1,0
340813,1653,0.0,4.0,0.0,1,1,1,1,0,0,1,0
341066,1116,0.0,3.0,0.0,3,2,1,1,0,0,1,2
341094,742,0.0,3.0,0.0,28,9,4,1,26,0,2,0
341116,4760,0.0,0.0,1.0,2,1,1,1,1,0,1,0
341318,1875,0.0,4.0,0.0,19,6,3,2,17,1,1,0
341331,2928,0.0,3.0,0.0,10,9,5,4,0,0,1,9
341386,4085,0.0,2.0,1.0,2,1,1,1,1,0,1,0
341519,4727,0.0,2.0,1.0,2,1,1,1,1,0,1,0
341591,4171,0.0,5.0,2.0,2,1,1,2,1,0,1,0
342222,3484,1.0,6.0,0.0,9,5,2,3,8,0,1,0
342294,508,1.0,0.0,0.0,6,2,1,1,4,0,2,0
342379,1200,0.0,3.0,0.0,3,1,1,1,1,0,2,0
342957,102,0.0,2.0,0.0,20,4,2,7,19,0,1,0
343281,4356,1.0,0.0,0.0,2,2,1,1,0,0,2,0
343484,904,0.0,0.0,0.0,4,1,1,1,3,0,1,0
343627,4346,0.0,3.0,0.0,3,2,2,1,2,0,1,0
344199,4607,0.0,3.0,0.0,7,4,3,2,6,0,1,0
344835,2494,0.0,6.0,1.0,9,3,2,2,8,0,1,0
345392,4834,0.0,6.0,0.0,18,9,1,1,16,0,2,0
345646,3875,0.0,4.0,0.0,10,2,2,1,9,0,1,0
345671,598,0.0,3.0,0.0,21,7,3,2,18,1,1,1
345969,3966,0.0,0.0,1.0,4,2,2,1,3,0,1,0
346417,1890,0.0,3.0,0.0,12,3,3,2,10,0,1,1
347097,4793,0.0,3.0,1.0,4,1,1,1,3,0,1,0
347782,3159,0.0,3.0,0.0,7,3,3,3,5,0,1,1
348069,474,0.0,4.0,0.0,13,2,2,3,12,0,1,0
348109,3609,0.0,0.0,0.0,1,1,1,1,0,0,1,0
348305,474,0.0,3.0,1.0,29,9,7,2,20,0,9,0
348314,4499,0.0,3.0,0.0,2,1,1,2,0,0,1,1
348349,1049,1.0,2.0,1.0,2,1,1,1,1,0,1,0
34848,2167,0.0,6.0,0.0,20,11,2,2,16,0,4,0
348670,4173,0.0,3.0,0.0,8,1,1,1,5,0,3,0
348677,3472,0.0,2.0,1.0,6,2,1,1,5,0,1,0
348814,4173,0.0,3.0,1.0,15,8,4,1,14,0,1,0
349062,2189,0.0,0.0,0.0,11,1,1,1,10,0,1,0
349250,2066,0.0,6.0,1.0,4,2,2,1,2,0,2,0
349393,1150,0.0,2.0,0.0,2,2,2,1,0,0,2,0
349799,4125,0.0,3.0,1.0,7,1,1,1,6,0,1,0
349909,2664,0.0,0.0,0.0,5,4,1,1,2,0,3,0
350659,1892,0.0,3.0,0.0,11,4,2,2,10,0,1,0
35073,3460,0.0,0.0,0.0,4,1,1,2,2,0,2,0
350793,4050,0.0,2.0,1.0,1,1,1,1,0,0,1,0
350895,255,0.0,5.0,2.0,12,5,2,1,11,0,1,0
351023,2613,0.0,0.0,0.0,6,2,1,1,5,0,1,0
351281,1145,1.0,0.0,0.0,2,1,1,1,1,0,1,0
351436,4905,0.0,0.0,0.0,2,1,1,1,1,0,1,0
351586,1356,0.0,3.0,0.0,2,1,1,2,0,0,1,1
351636,4710,0.0,4.0,0.0,35,13,2,1,30,0,5,0
351805,1618,0.0,5.0,1.0,1,1,1,1,0,0,1,0
351813,408,0.0,0.0,0.0,6,3,1,1,3,0,3,0
352072,42,0.0,5.0,0.0,13,11,4,4,12,0,1,0
352077,2869,0.0,0.0,1.0,8,1,1,3,7,0,1,0
352148,4308,0.0,2.0,0.0,12,3,3,3,10,0,2,0
35246,1840,1.0,4.0,1.0,2,1,1,1,1,0,1,0
352556,3419,0.0,4.0,0.0,2,1,1,1,1,0,1,0
353060,4427,0.0,3.0,0.0,3,1,1,1,2,0,1,0
35322,2031,0.0,5.0,2.0,1,1,1,1,0,0,1,0
353465,1892,0.0,6.0,0.0,10,7,3,2,8,0,2,0
353481,1116,0.0,2.0,0.0,16,11,5,2,12,0,4,0
353507,1340,0.0,3.0,0.0,7,4,3,1,5,0,2,0
353668,1357,0.0,4.0,0.0,64,25,10,3,62,0,2,0
353867,423,0.0,0.0,0.0,1,1,1,1,0,0,1,0
353975,3271,0.0,3.0,0.0,1,1,1,1,0,0,1,0
354115,227,0.0,3.0,1.0,4,1,1,1,3,0,1,0
354252,742,0.0,4.0,0.0,4,3,3,2,0,0,1,3
354267,1839,0.0,3.0,0.0,5,1,1,4,4,0,1,0
354277,2003,0.0,3.0,0.0,1,1,1,1,0,0,1,0
354321,66,0.0,2.0,0.0,4,1,1,1,3,0,1,0
354399,317,0.0,2.0,0.0,8,2,1,2,6,0,2,0
35455,4427,0.0,6.0,0.0,8,6,3,1,7,0,1,0
354741,1487,0.0,3.0,0.0,7,1,1,1,6,0,1,0
354827,1514,1.0,5.0,0.0,3,2,1,2,2,0,1,0
354932,4818,0.0,4.0,1.0,3,2,2,1,0,0,3,0
355770,4718,0.0,4.0,0.0,3,1,1,1,2,0,1,0
35734,3015,0.0,0.0,1.0,5,1,1,1,4,0,1,0
357514,4049,0.0,3.0,0.0,1,1,1,1,0,0,1,0
358154,4305,0.0,7.0,0.0,4,1,1,1,3,0,1,0
358365,1310,0.0,2.0,0.0,46,19,10,5,40,0,6,0
358858,4044,0.0,2.0,0.0,2,1,1,1,1,0,1,0
359014,2173,0.0,7.0,1.0,5,2,2,1,2,0,3,0
359061,1340,0.0,5.0,0.0,2,1,1,1,1,0,1,0
359187,4847,1.0,3.0,0.0,23,10,5,9,19,0,1,3
359231,1166,0.0,6.0,1.0,22,4,2,3,20,0,2,0
359566,1642,0.0,2.0,0.0,1,1,1,1,0,0,1,0
359836,4760,0.0,3.0,0.0,3,1,1,2,2,0,1,0
360039,1557,0.0,3.0,0.0,5,2,2,2,4,0,1,0
360349,2403,0.0,4.0,0.0,23,13,2,3,21,0,2,0
360736,402,0.0,2.0,0.0,2,1,1,2,1,0,1,0
360810,1900,0.0,0.0,null,6,2,1,1,5,0,1,0
361866,4394,0.0,0.0,0.0,4,2,1,1,3,0,1,0
361877,3941,0.0,3.0,1.0,7,2,1,3,6,0,1,0
362239,1760,0.0,3.0,0.0,14,4,1,2,11,0,1,2
363290,1850,0.0,4.0,1.0,4,2,2,1,3,0,1,0
363310,2888,0.0,3.0,1.0,2,1,1,1,1,0,1,0
363361,1103,0.0,0.0,1.0,2,1,1,1,1,0,1,0
363400,4044,0.0,3.0,0.0,15,5,4,1,13,0,2,0
363561,3163,0.0,0.0,1.0,5,2,2,1,3,0,2,0
363588,2173,0.0,6.0,0.0,8,6,3,2,6,0,2,0
363704,630,0.0,3.0,0.0,6,2,1,2,5,0,1,0
364064,1111,0.0,2.0,0.0,3,1,1,2,2,0,1,0
364101,2569,0.0,6.0,0.0,23,13,2,2,21,0,2,0
364873,597,0.0,6.0,0.0,1,1,1,1,0,0,1,0
365059,2273,0.0,7.0,0.0,22,8,1,2,21,0,1,0
365357,4982,0.0,4.0,0.0,3,1,1,1,2,0,1,0
365655,1494,0.0,4.0,0.0,2,1,1,2,1,0,1,0
365697,4760,0.0,3.0,1.0,3,3,2,1,2,0,1,0
367003,606,0.0,3.0,0.0,10,6,2,2,9,0,1,0
367054,323,0.0,4.0,0.0,5,2,1,1,4,0,1,0
367344,121,0.0,0.0,0.0,7,5,3,2,6,0,1,0
367633,3640,0.0,0.0,0.0,15,6,1,1,14,0,1,0
367662,4472,0.0,0.0,0.0,3,1,1,1,2,0,1,0
367995,3693,0.0,4.0,1.0,2,1,1,1,1,0,1,0
368054,2664,0.0,3.0,1.0,6,3,2,1,5,0,1,0
368328,643,0.0,6.0,0.0,17,14,3,3,16,0,1,0
368829,4044,0.0,6.0,0.0,5,2,1,2,3,0,2,0
369098,606,0.0,6.0,0.0,2,1,1,1,1,0,1,0
369329,2273,0.0,3.0,1.0,9,5,1,2,8,0,1,0
369331,3826,0.0,5.0,0.0,8,1,1,3,4,0,2,2
369533,4438,0.0,3.0,1.0,1,1,1,1,0,0,1,0
369610,1760,0.0,6.0,0.0,1,1,1,1,0,0,1,0
369876,2138,0.0,0.0,0.0,4,1,1,1,3,0,1,0
370009,4394,0.0,6.0,0.0,21,8,1,6,19,0,2,0
370463,643,0.0,0.0,0.0,6,1,1,2,5,0,1,0
370978,1056,0.0,0.0,1.0,7,4,4,2,6,0,1,0
371256,3826,0.0,3.0,1.0,2,1,1,1,1,0,1,0
371302,3266,0.0,5.0,0.0,3,1,1,1,2,0,1,0
371624,4322,0.0,2.0,1.0,2,1,1,1,1,0,1,0
372238,730,0.0,3.0,0.0,17,9,4,2,15,0,1,1
372471,1936,0.0,0.0,0.0,7,1,1,1,6,0,1,0
372487,1487,0.0,4.0,0.0,2,1,1,1,1,0,1,0
372644,570,0.0,6.0,0.0,7,1,1,2,6,0,1,0
37282,3828,0.0,3.0,0.0,9,7,5,1,7,0,2,0
3729,3029,0.0,0.0,0.0,8,2,1,2,7,0,1,0
372926,2175,0.0,6.0,0.0,27,10,3,1,23,0,2,2
373210,4558,0.0,3.0,1.0,6,1,1,1,5,0,1,0
373229,2582,0.0,2.0,0.0,1,1,1,1,0,0,1,0
374820,1538,0.0,2.0,0.0,1,1,1,1,0,0,1,0
37494,4724,0.0,5.0,1.0,5,2,1,1,4,0,1,0
37548,2752,1.0,4.0,0.0,1,1,1,1,0,0,1,0
375702,3159,0.0,0.0,0.0,3,2,1,1,2,0,1,0
375825,1340,0.0,0.0,0.0,6,2,2,2,4,0,2,0
376322,4087,0.0,2.0,1.0,3,1,1,1,2,0,1,0
376649,2061,0.0,3.0,0.0,2,2,1,1,1,0,1,0
377022,3828,1.0,3.0,0.0,51,40,12,7,50,0,1,0
377105,121,0.0,6.0,0.0,8,2,1,2,6,0,2,0
377327,4171,0.0,4.0,0.0,10,2,1,2,8,0,2,0
37757,3828,0.0,3.0,0.0,88,63,12,7,87,0,1,0
377931,2298,0.0,0.0,0.0,1,1,1,1,0,0,1,0
378128,3288,0.0,0.0,0.0,4,1,1,1,2,0,2,0
37881,4864,0.0,4.0,2.0,3,3,1,2,0,0,2,1
379427,598,0.0,3.0,0.0,12,3,1,1,11,0,1,0
379685,1056,0.0,0.0,0.0,13,3,3,3,11,0,2,0
379715,4234,0.0,0.0,0.0,5,2,2,2,4,0,1,0
379992,3022,0.0,0.0,1.0,5,1,1,1,4,0,1,0
380958,2954,0.0,5.0,0.0,9,5,4,1,8,0,1,0
381043,2217,0.0,6.0,1.0,1,1,1,1,0,0,1,0
381287,4090,0.0,0.0,1.0,6,3,1,3,4,0,1,1
381317,1724,0.0,3.0,0.0,9,5,2,1,8,0,1,0
382157,4744,0.0,0.0,null,4,2,2,1,3,0,1,0
382485,3152,0.0,null,null,9,1,1,4,8,0,1,0
382584,3887,0.0,2.0,0.0,37,11,4,6,33,0,1,3
38262,685,0.0,6.0,0.0,7,4,1,1,6,0,1,0
383291,4044,0.0,4.0,0.0,45,26,4,4,43,0,1,1
383864,2279,0.0,2.0,1.0,5,1,1,1,4,0,1,0
384017,94,0.0,6.0,1.0,1,1,1,1,0,0,1,0
384071,4336,0.0,3.0,1.0,17,8,2,4,15,0,2,0
384174,1200,0.0,3.0,0.0,6,2,2,1,4,0,2,0
384633,3828,0.0,3.0,0.0,32,25,11,3,31,0,1,0
385350,3484,0.0,5.0,0.0,2,1,1,1,1,0,1,0
385834,361,0.0,0.0,1.0,12,6,3,2,11,0,1,0
385947,3910,0.0,3.0,1.0,4,1,1,2,2,1,1,0
385985,4687,0.0,3.0,1.0,8,2,1,2,6,0,1,1
38733,3828,0.0,2.0,0.0,49,11,4,5,47,0,1,1
387348,3955,0.0,2.0,0.0,2,1,1,1,1,0,1,0
387433,3990,1.0,0.0,0.0,70,14,6,7,63,0,3,4
387610,2639,0.0,6.0,0.0,19,13,6,2,18,0,1,0
38783,4735,0.0,2.0,0.0,4,3,3,1,3,0,1,0
388084,3462,0.0,5.0,0.0,1,1,1,1,0,0,1,0
388475,4427,0.0,3.0,0.0,5,2,1,1,3,0,2,0
388564,3319,0.0,3.0,0.0,5,1,1,1,4,0,1,0
388614,2639,0.0,4.0,0.0,5,2,1,2,4,0,1,0
389145,239,0.0,2.0,0.0,5,1,1,3,4,0,1,0
389173,3323,0.0,6.0,1.0,17,2,1,2,15,0,1,1
389255,606,0.0,5.0,0.0,11,2,2,1,10,0,1,0
389438,114,0.0,4.0,1.0,19,11,3,1,17,0,2,0
389553,3723,0.0,6.0,1.0,3,1,1,2,2,0,1,0
389691,1892,0.0,3.0,2.0,1,1,1,1,0,0,1,0
390006,4600,0.0,4.0,0.0,3,2,2,1,2,0,1,0
390198,4173,0.0,0.0,null,6,4,2,2,4,0,1,1
390280,1890,0.0,3.0,0.0,10,5,1,1,9,0,1,0
390422,1111,0.0,5.0,0.0,8,2,1,1,6,0,2,0
39046,2991,0.0,2.0,1.0,14,1,1,7,12,0,1,1
390500,3080,0.0,0.0,1.0,1,1,1,1,0,0,1,0
390681,215,0.0,3.0,0.0,4,1,1,1,3,0,1,0
391500,1401,0.0,3.0,0.0,6,1,1,1,5,0,1,0
39152,2138,0.0,6.0,1.0,5,2,2,1,4,0,1,0
391584,4170,0.0,4.0,1.0,20,5,1,2,17,0,3,0
391677,4090,0.0,6.0,0.0,28,6,1,9,26,0,1,1
392452,1892,0.0,3.0,2.0,1,1,1,1,0,0,1,0
392806,1816,0.0,2.0,1.0,5,2,2,1,4,0,1,0
393488,1102,0.0,2.0,0.0,19,1,1,2,18,0,1,0
393967,4876,0.0,5.0,1.0,2,1,1,1,1,0,1,0
394156,2454,0.0,0.0,0.0,3,1,1,1,1,0,1,1
394424,4352,0.0,3.0,2.0,3,1,1,1,2,0,1,0
394702,4427,0.0,0.0,0.0,3,1,1,1,1,0,1,1
394850,1116,1.0,4.0,2.0,7,2,1,4,5,0,1,1
394861,4647,1.0,0.0,0.0,1,1,1,1,0,0,1,0
394898,682,0.0,0.0,0.0,5,3,1,1,4,0,1,0
395103,4864,0.0,5.0,2.0,1,1,1,1,0,0,1,0
395186,4324,0.0,3.0,0.0,18,11,1,1,12,0,6,0
395254,429,0.0,4.0,0.0,1,1,1,1,0,0,1,0
395493,4871,0.0,2.0,1.0,23,7,5,1,19,0,4,0
395548,3460,0.0,3.0,1.0,4,2,2,1,3,0,1,0
396254,3644,0.0,4.0,0.0,3,1,1,1,2,0,1,0
396684,748,0.0,4.0,1.0,2,1,1,1,1,0,1,0
397115,1892,0.0,2.0,0.0,31,19,7,1,30,0,1,0
397696,3826,0.0,3.0,1.0,8,1,1,2,7,0,1,0
398595,2711,0.0,5.0,0.0,6,1,1,2,5,0,1,0
399192,4427,0.0,5.0,0.0,1,1,1,1,0,0,1,0
399425,4265,0.0,3.0,0.0,65,41,11,10,64,0,1,0
399946,1485,0.0,3.0,1.0,33,18,2,3,31,0,2,0
400154,1884,0.0,2.0,0.0,1,1,1,1,0,0,1,0
400249,2255,0.0,5.0,1.0,5,2,2,1,4,0,1,0
400253,2767,1.0,0.0,0.0,6,2,1,1,4,0,2,0
400594,1557,0.0,6.0,1.0,8,2,1,2,6,0,2,0
400934,2795,0.0,5.0,0.0,3,3,3,1,0,0,3,0
401097,1900,0.0,7.0,1.0,3,1,1,2,1,0,1,1
401099,3291,0.0,0.0,1.0,8,1,1,2,7,0,1,0
401920,938,0.0,7.0,1.0,9,1,1,5,8,0,1,0
402321,3839,0.0,4.0,0.0,57,20,2,8,51,0,1,5
402483,3727,0.0,0.0,0.0,6,3,1,1,3,0,3,0
402664,500,0.0,2.0,0.0,2,1,1,1,1,0,1,0
402688,2582,0.0,6.0,0.0,15,6,1,1,14,0,1,0
402881,574,0.0,0.0,0.0,16,7,2,1,15,0,1,0
402982,1751,0.0,0.0,0.0,4,1,1,1,3,0,1,0
403098,2482,0.0,0.0,0.0,17,10,5,2,16,0,1,0
403620,594,0.0,3.0,0.0,2,1,1,1,1,0,1,0
403816,2279,0.0,2.0,0.0,43,14,6,3,39,0,3,1
404067,995,0.0,4.0,1.0,10,4,1,1,7,0,1,2
404340,4044,0.0,3.0,0.0,6,2,2,1,5,0,1,0
404552,2122,0.0,4.0,0.0,4,1,1,1,2,0,2,0
404778,1310,0.0,2.0,0.0,7,3,3,2,6,0,1,0
405060,3206,0.0,3.0,0.0,10,1,1,2,7,0,1,2
405416,4796,0.0,2.0,0.0,8,3,2,1,6,0,1,1
40548,1502,1.0,null,null,3,1,1,1,2,0,1,0
405803,649,0.0,2.0,0.0,6,2,1,3,5,0,1,0
406373,3588,0.0,5.0,0.0,2,1,1,1,1,0,1,0
406548,1742,0.0,3.0,0.0,12,3,1,4,10,0,1,1
4066,2108,0.0,0.0,0.0,8,2,1,2,7,0,1,0
406600,437,0.0,3.0,0.0,6,2,1,2,5,0,1,0
406908,3524,0.0,2.0,0.0,3,2,1,2,2,0,1,0
407076,786,0.0,2.0,0.0,1,1,1,1,0,0,1,0
407454,786,0.0,2.0,1.0,6,2,1,1,5,0,1,0
408109,467,0.0,4.0,1.0,2,1,1,1,1,0,1,0
408116,2821,0.0,0.0,0.0,4,1,1,2,3,0,1,0
40914,685,0.0,3.0,1.0,3,1,1,1,2,0,1,0
409351,2031,0.0,2.0,1.0,2,1,1,1,1,0,1,0
410012,3289,0.0,0.0,0.0,4,1,1,2,3,0,1,0
410052,189,0.0,0.0,0.0,9,1,1,3,6,0,1,2
410370,4173,1.0,0.0,0.0,6,3,2,2,5,0,1,0
410586,1223,0.0,3.0,0.0,2,1,1,1,1,0,1,0
410773,1594,0.0,3.0,0.0,1,1,1,1,0,0,1,0
411735,2397,1.0,5.0,0.0,19,12,5,1,17,0,2,0
411797,2273,0.0,0.0,0.0,5,1,1,1,4,0,1,0
411800,2318,0.0,3.0,0.0,1,1,1,1,0,0,1,0
412382,606,0.0,6.0,0.0,23,12,7,6,21,0,1,1
412730,1131,0.0,3.0,0.0,4,2,2,1,3,0,1,0
412768,3640,0.0,2.0,1.0,2,1,1,1,1,0,1,0
412825,2328,0.0,2.0,1.0,2,1,1,2,1,0,1,0
413073,396,0.0,3.0,0.0,2,1,1,1,1,0,1,0
413517,1916,0.0,4.0,2.0,3,1,1,1,2,0,1,0
414003,3473,0.0,4.0,0.0,11,3,2,4,9,0,1,1
414057,3734,0.0,3.0,0.0,3,1,1,2,2,0,1,0
414270,4044,0.0,3.0,0.0,3,1,1,1,2,0,1,0
414562,1678,0.0,3.0,0.0,37,13,8,1,33,0,4,0
415353,161,0.0,3.0,0.0,5,1,1,2,4,0,1,0
417008,4044,0.0,5.0,1.0,18,9,2,2,11,0,1,6
417198,1916,0.0,0.0,1.0,16,6,1,1,12,1,3,0
417423,1412,0.0,0.0,0.0,4,1,1,2,3,0,1,0
417680,3629,0.0,2.0,0.0,5,3,1,2,4,0,1,0
417952,1102,0.0,3.0,0.0,30,16,7,5,29,0,1,0
41821,4524,0.0,3.0,0.0,2,1,1,1,1,0,1,0
418586,598,1.0,3.0,1.0,19,12,3,6,17,0,1,1
418721,1472,0.0,2.0,1.0,2,1,1,1,0,0,2,0
418868,1916,0.0,5.0,0.0,5,2,1,1,4,0,1,0
41906,598,0.0,3.0,0.0,5,1,1,1,4,0,1,0
419243,4966,0.0,0.0,1.0,1,1,1,1,0,0,1,0
41988,4480,0.0,3.0,0.0,30,19,7,8,28,0,1,1
420529,3875,0.0,3.0,1.0,27,9,1,2,21,1,5,0
420744,2879,0.0,3.0,0.0,5,1,1,2,4,0,1,0
420772,963,0.0,2.0,1.0,4,1,1,1,3,0,1,0
421301,4771,0.0,4.0,0.0,9,4,3,1,6,0,3,0
421473,3586,0.0,0.0,1.0,2,2,1,1,0,0,2,0
421616,503,0.0,3.0,0.0,7,1,1,1,6,0,1,0
421681,3105,0.0,0.0,1.0,2,1,1,1,1,0,1,0
422073,3853,0.0,3.0,0.0,2,1,1,1,1,0,1,0
422117,3335,0.0,6.0,0.0,12,2,2,1,10,0,1,1
422219,547,0.0,2.0,1.0,17,7,2,4,15,0,1,1
422477,2465,0.0,2.0,1.0,8,4,1,1,7,0,1,0
42322,1502,0.0,4.0,0.0,17,7,5,2,15,0,1,1
423764,2020,0.0,5.0,1.0,9,1,1,2,7,0,1,1
423827,13,0.0,6.0,1.0,12,2,1,2,10,0,2,0
424040,1200,0.0,3.0,0.0,1,1,1,1,0,0,1,0
424133,3225,0.0,6.0,1.0,11,3,1,1,9,0,1,1
43191,3730,0.0,0.0,0.0,1,1,1,1,0,0,1,0
43240,1050,0.0,0.0,1.0,12,3,3,1,11,0,1,0
43308,1892,0.0,4.0,0.0,4,1,1,1,3,0,1,0
43346,4950,0.0,3.0,1.0,11,5,3,2,9,0,2,0
43410,1704,0.0,3.0,1.0,7,5,1,1,6,0,1,0
43457,962,0.0,3.0,0.0,1,1,1,1,0,0,1,0
43671,4336,0.0,6.0,0.0,3,1,1,1,2,0,1,0
44029,13,0.0,3.0,0.0,8,1,1,2,5,0,2,1
44650,2217,0.0,0.0,0.0,2,1,1,2,1,0,1,0
45201,4067,0.0,6.0,0.0,29,14,8,1,26,0,3,0
45540,10,0.0,3.0,0.0,2,1,1,1,1,0,1,0
46424,4491,0.0,6.0,1.0,3,2,1,1,2,0,1,0
4684,26,1.0,4.0,1.0,27,13,7,1,24,0,3,0
46884,1485,0.0,3.0,0.0,3,1,1,1,1,0,2,0
46968,4607,0.0,6.0,0.0,2,1,1,1,1,0,1,0
47505,2138,0.0,5.0,0.0,40,4,2,1,38,0,2,0
47674,4605,0.0,0.0,0.0,14,6,4,5,10,0,2,2
47863,3971,0.0,2.0,1.0,7,1,1,1,6,0,1,0
48370,73,0.0,3.0,0.0,1,1,1,1,0,0,1,0
48477,336,0.0,4.0,1.0,4,1,1,2,3,0,1,0
49278,2662,0.0,4.0,1.0,2,1,1,1,0,0,1,1
4971,2161,0.0,0.0,0.0,4,2,1,1,3,0,1,0
49741,2559,0.0,5.0,0.0,2,1,1,1,1,0,1,0
49795,2158,0.0,0.0,0.0,8,2,1,1,7,0,1,0
49858,3558,0.0,6.0,1.0,5,2,1,1,2,0,3,0
50070,3828,0.0,null,null,1,1,1,1,0,0,1,0
50803,1067,0.0,2.0,0.0,8,4,2,2,7,0,1,0
50806,1738,0.0,5.0,0.0,4,1,1,4,3,0,1,0
51193,3578,0.0,6.0,0.0,52,19,3,4,46,0,1,5
51703,2565,0.0,7.0,0.0,2,1,1,1,0,0,2,0
52162,2981,0.0,4.0,2.0,14,4,2,1,12,0,2,0
52180,954,0.0,3.0,1.0,9,1,1,2,8,0,1,0
52677,3828,0.0,3.0,null,4,2,2,2,3,0,1,0
52741,4858,0.0,6.0,1.0,3,1,1,1,1,0,2,0
53037,1411,0.0,3.0,1.0,11,1,1,1,8,0,2,1
53315,778,0.0,3.0,0.0,3,1,1,1,1,0,1,1
5333,4848,0.0,4.0,1.0,6,3,1,1,5,0,1,0
53655,1892,0.0,0.0,1.0,49,27,5,2,46,0,3,0
54019,1499,0.0,3.0,0.0,1,1,1,1,0,0,1,0
54158,4504,1.0,0.0,1.0,22,13,1,2,21,0,1,0
54541,1555,0.0,6.0,1.0,1,1,1,1,0,0,1,0
54625,2208,0.0,0.0,0.0,4,2,2,2,3,0,1,0
55215,2356,0.0,3.0,0.0,4,3,1,2,3,0,1,0
55653,317,0.0,6.0,0.0,5,1,1,3,4,0,1,0
55671,1840,1.0,0.0,0.0,2,1,1,1,1,0,1,0
5574,2031,0.0,2.0,1.0,7,1,1,1,6,0,1,0
55760,4280,0.0,0.0,0.0,8,2,1,4,6,0,1,1
56254,323,0.0,0.0,1.0,19,7,1,4,18,0,1,0
56720,2205,0.0,3.0,0.0,14,2,2,1,12,0,2,0
56751,152,0.0,3.0,0.0,2,1,1,1,1,0,1,0
57082,1467,0.0,2.0,0.0,3,1,1,1,2,0,1,0
57422,1892,0.0,4.0,0.0,19,9,6,2,16,0,3,0
5750,4265,0.0,3.0,0.0,5,1,1,1,4,0,1,0
57707,747,0.0,4.0,0.0,10,4,1,2,8,0,1,1
5772,2721,0.0,3.0,0.0,15,2,1,4,14,0,1,0
5776,310,0.0,3.0,0.0,23,9,4,3,17,0,2,4
57781,4526,0.0,3.0,0.0,2,1,1,1,1,0,1,0
578,1356,0.0,3.0,0.0,5,2,2,1,4,0,1,0
58647,1283,0.0,2.0,0.0,6,2,2,1,5,0,1,0
58848,1861,0.0,5.0,0.0,12,4,1,2,10,0,2,0
59203,3206,0.0,3.0,0.0,7,2,2,2,6,0,1,0
59587,4079,0.0,0.0,1.0,9,5,1,2,6,0,3,0
59594,2155,0.0,3.0,1.0,9,2,2,1,8,0,1,0
59748,4270,0.0,5.0,0.0,15,6,5,5,13,0,1,1
60148,2482,0.0,2.0,2.0,2,1,1,1,1,0,1,0
6030,4173,0.0,4.0,1.0,25,12,4,2,22,0,1,2
6077,4864,0.0,0.0,0.0,2,1,1,1,1,0,1,0
60778,4438,0.0,0.0,1.0,10,2,1,5,8,0,1,1
60917,1393,1.0,3.0,0.0,65,36,9,13,57,0,1,7
61117,2562,0.0,0.0,1.0,3,1,1,2,2,0,1,0
61125,1742,0.0,3.0,1.0,15,5,1,5,13,0,1,1
62221,1393,0.0,0.0,0.0,45,38,9,5,44,0,1,0
62360,3971,1.0,3.0,0.0,1,1,1,1,0,0,1,0
62568,1102,0.0,2.0,0.0,7,3,3,4,5,0,1,1
63084,4504,0.0,6.0,0.0,14,4,1,2,11,0,1,2
63344,2810,0.0,4.0,0.0,3,2,1,1,2,0,1,0
63718,215,0.0,3.0,1.0,1,1,1,1,0,0,1,0
63756,1916,0.0,4.0,0.0,3,2,1,1,2,0,1,0
63793,625,0.0,4.0,0.0,4,2,1,1,3,0,1,0
64651,4687,0.0,3.0,1.0,10,4,2,1,8,0,2,0
65383,4280,0.0,0.0,0.0,16,7,1,2,15,0,1,0
65535,3734,0.0,3.0,1.0,2,1,1,1,1,0,1,0
65923,4339,0.0,5.0,0.0,5,3,1,2,4,0,1,0
6611,317,0.0,3.0,null,6,1,1,1,4,1,1,0
66554,3092,0.0,0.0,0.0,2,1,1,1,1,0,1,0
66625,1892,0.0,3.0,0.0,1,1,1,1,0,0,1,0
66960,508,0.0,6.0,0.0,9,7,1,1,8,0,1,0
67078,2936,0.0,0.0,1.0,9,6,2,2,7,1,1,0
6736,861,1.0,2.0,1.0,15,4,1,5,14,0,1,0
67667,2882,0.0,4.0,1.0,21,3,3,10,19,0,1,1
68254,2664,0.0,3.0,0.0,12,12,2,3,0,0,3,9
68466,3472,0.0,0.0,0.0,1,1,1,1,0,0,1,0
68639,13,0.0,5.0,0.0,11,2,1,2,9,0,2,0
68733,3531,0.0,6.0,0.0,4,1,1,2,2,0,1,1
68847,2795,0.0,2.0,1.0,14,4,4,3,8,0,3,3
6927,2811,0.0,0.0,0.0,2,1,1,1,1,0,1,0
69790,4234,0.0,0.0,0.0,11,5,5,4,9,0,2,0
70068,46,0.0,4.0,0.0,3,1,1,1,2,0,1,0
70625,2031,0.0,3.0,0.0,11,2,1,1,10,0,1,0
71226,4976,0.0,3.0,0.0,37,19,6,3,32,0,4,1
71967,4044,0.0,5.0,1.0,12,3,1,2,11,0,1,0
73167,1453,0.0,0.0,1.0,22,13,1,1,21,0,1,0
73412,1203,0.0,4.0,0.0,1,1,1,1,0,0,1,0
73499,3619,0.0,3.0,0.0,4,1,1,1,3,0,1,0
74150,2857,0.0,0.0,0.0,7,2,1,1,5,0,2,0
74247,3828,0.0,0.0,0.0,3,3,3,3,2,0,1,0
74288,2891,1.0,0.0,0.0,6,1,1,2,4,0,1,1
7463,598,0.0,0.0,1.0,8,2,1,3,7,0,1,0
75184,3968,0.0,3.0,0.0,2,1,1,1,1,0,1,0
75720,467,0.0,3.0,2.0,1,1,1,1,0,0,1,0
76262,1978,0.0,3.0,1.0,42,22,2,2,41,0,1,0
76620,4578,0.0,0.0,0.0,2,1,1,1,1,0,1,0
76774,643,0.0,3.0,0.0,49,25,7,4,45,0,4,0
76777,4044,1.0,2.0,0.0,105,46,13,13,87,0,2,16
76903,2273,0.0,5.0,0.0,4,1,1,1,2,0,1,1
77106,1499,0.0,0.0,0.0,2,2,1,2,0,0,1,1
77216,1708,0.0,3.0,0.0,16,6,1,4,14,0,1,1
77391,4950,0.0,3.0,0.0,1,1,1,1,0,0,1,0
77734,747,0.0,3.0,0.0,3,1,1,1,2,0,1,0
78238,4775,0.0,0.0,1.0,1,1,1,1,0,0,1,0
78358,1346,1.0,0.0,0.0,10,5,1,3,9,0,1,0
78572,2791,0.0,2.0,1.0,20,10,2,2,18,0,1,1
78650,4760,0.0,3.0,1.0,6,2,2,1,5,0,1,0
7911,1944,0.0,0.0,1.0,1,1,1,1,0,0,1,0
79344,845,0.0,5.0,0.0,4,2,1,1,3,0,1,0
79428,3005,0.0,3.0,0.0,5,1,1,1,4,0,1,0
79565,3476,0.0,4.0,1.0,5,3,3,2,0,0,2,3
7988,4610,0.0,6.0,0.0,3,1,1,2,2,0,1,0
79926,4955,0.0,0.0,0.0,4,1,1,3,3,0,1,0
80201,2821,0.0,6.0,1.0,1,1,1,1,0,0,1,0
80401,3635,0.0,0.0,0.0,29,12,1,7,23,0,1,5
80515,4756,0.0,3.0,0.0,48,19,7,2,44,0,4,0
80798,46,0.0,5.0,1.0,4,1,1,1,3,0,1,0
81030,1283,0.0,2.0,0.0,7,5,3,1,6,0,1,0
81107,437,0.0,3.0,0.0,14,13,4,3,6,0,1,7
81115,793,0.0,4.0,0.0,11,6,2,2,8,0,1,2
81436,3349,0.0,0.0,0.0,6,2,1,2,4,0,2,0
81612,897,0.0,3.0,0.0,4,2,2,1,3,0,1,0
81749,1861,0.0,2.0,1.0,1,1,1,1,0,0,1,0
81884,1464,0.0,null,null,2,1,1,2,1,0,1,0
81978,3734,0.0,2.0,0.0,3,1,1,1,2,0,1,0
8206,3958,0.0,5.0,0.0,14,7,3,5,13,0,1,0
82217,3826,0.0,2.0,1.0,3,1,1,1,2,0,1,0
82314,2597,0.0,3.0,0.0,4,1,1,2,2,0,1,1
82701,4173,0.0,0.0,0.0,8,5,3,1,7,0,1,0
82854,2447,0.0,4.0,1.0,1,1,1,1,0,0,1,0
82865,4427,0.0,2.0,1.0,5,1,1,2,4,0,1,0
8305,4818,0.0,3.0,1.0,13,8,6,3,12,0,1,0
83288,773,1.0,3.0,1.0,2,1,1,1,1,0,1,0
83299,1102,0.0,0.0,0.0,71,14,4,2,70,0,1,0
83366,4659,0.0,3.0,0.0,10,6,3,2,9,0,1,0
8347,4079,0.0,0.0,1.0,2,1,1,1,1,0,1,0
84239,1203,0.0,3.0,null,3,1,1,1,2,0,1,0
84284,508,0.0,3.0,0.0,8,2,1,1,6,0,2,0
84384,630,0.0,4.0,1.0,3,2,2,1,2,0,1,0
84420,951,0.0,4.0,1.0,10,2,1,1,7,0,2,1
84707,4929,0.0,0.0,0.0,15,2,1,3,14,0,1,0
8483,652,0.0,6.0,1.0,4,3,2,1,3,0,1,0
85191,4044,0.0,4.0,0.0,8,1,1,1,7,0,1,0
85243,320,0.0,0.0,0.0,2,1,1,1,1,0,1,0
85894,3734,0.0,3.0,1.0,5,1,1,2,3,0,1,1
86205,1724,0.0,4.0,0.0,2,1,1,1,1,0,1,0
86408,503,0.0,3.0,0.0,4,3,1,2,3,0,1,0
86421,1116,0.0,4.0,0.0,8,3,2,1,6,0,2,0
86834,2403,0.0,4.0,0.0,10,6,2,2,8,0,2,0
86900,2669,0.0,0.0,0.0,7,5,1,1,6,0,1,0
87446,3828,0.0,5.0,2.0,11,10,6,2,10,0,1,0
87469,4173,0.0,3.0,1.0,7,3,2,1,6,0,1,0
87847,4044,0.0,3.0,0.0,30,7,2,2,26,2,1,1
88958,219,0.0,4.0,1.0,3,1,1,1,2,0,1,0
89174,1103,0.0,3.0,2.0,14,7,4,3,12,0,1,1
89279,1393,0.0,3.0,0.0,25,15,6,9,24,0,1,0
89380,4234,0.0,6.0,0.0,9,1,1,2,8,0,1,0
89430,2469,0.0,6.0,0.0,22,1,1,1,20,0,2,0
89615,2790,0.0,6.0,0.0,2,1,1,1,1,0,1,0
89625,4976,0.0,0.0,0.0,10,1,1,1,8,0,1,1
90466,4976,0.0,3.0,1.0,8,1,1,2,6,1,1,0
90470,804,0.0,4.0,0.0,4,2,2,1,3,0,1,0
90478,366,0.0,3.0,0.0,1,1,1,1,0,0,1,0
90737,4728,0.0,0.0,0.0,10,5,3,2,9,0,1,0
90906,598,0.0,2.0,1.0,2,1,1,1,1,0,1,0
91,2579,0.0,5.0,0.0,13,4,3,1,12,0,1,0
91118,1056,0.0,6.0,0.0,10,4,3,3,7,0,2,1
91186,900,0.0,4.0,0.0,7,4,2,1,6,0,1,0
91397,4966,0.0,4.0,0.0,1,1,1,1,0,0,1,0
91917,790,0.0,2.0,1.0,1,1,1,1,0,0,1,0
92085,2141,0.0,5.0,0.0,17,11,3,1,16,0,1,0
9230,4835,0.0,0.0,0.0,11,6,1,1,8,0,3,0
92449,4727,0.0,0.0,0.0,8,2,1,5,7,0,1,0
93000,684,0.0,7.0,0.0,16,3,2,2,15,0,1,0
93411,1477,0.0,4.0,1.0,10,4,2,3,9,0,1,0
94033,3356,0.0,0.0,null,11,3,3,3,10,0,1,0
94381,1939,0.0,7.0,1.0,6,4,2,1,2,0,4,0
94544,3249,0.0,2.0,0.0,3,1,1,2,2,0,1,0
9518,1067,0.0,4.0,0.0,5,1,1,3,3,0,1,1
9527,3726,0.0,3.0,1.0,9,2,1,2,7,0,1,1
95469,962,0.0,3.0,0.0,14,2,2,5,11,0,1,2
95745,110,0.0,3.0,0.0,5,1,1,1,4,0,1,0
96118,2905,0.0,5.0,0.0,8,3,2,1,7,0,1,0
96360,1049,0.0,3.0,1.0,3,2,2,2,2,0,1,0
96579,1721,0.0,0.0,1.0,2,1,1,1,1,0,1,0
96742,3578,0.0,3.0,0.0,44,13,3,4,35,0,2,7
97194,951,0.0,3.0,0.0,2,1,1,1,1,0,1,0
97248,1890,0.0,3.0,2.0,9,6,3,3,7,0,1,1
97383,1494,0.0,5.0,0.0,10,2,2,2,8,0,2,0
97393,148,0.0,4.0,0.0,2,1,1,2,1,0,1,0
97476,4850,0.0,5.0,0.0,13,9,7,1,10,0,3,0
98609,4678,0.0,4.0,0.0,6,1,1,3,5,0,1,0
99003,839,0.0,4.0,0.0,6,2,2,2,5,0,1,0
99528,241,1.0,0.0,1.0,1,1,1,1,0,0,1,0
99830,9,0.0,7.0,0.0,5,2,1,1,4,0,1,0
99832,2537,0.0,4.0,0.0,1,1,1,1,0,0,1,0
