100418,3624,0.0,8.0,null,2,1,1,1,1,0,1,0
100505,798,0.0,3.0,0.0,6,3,3,2,5,0,1,0
100669,276,0.0,5.0,2.0,4,1,1,1,3,0,1,0
10068,2565,0.0,0.0,0.0,1,1,1,1,0,0,1,0
10114,1916,1.0,4.0,1.0,25,10,1,5,21,0,1,3
101187,3578,0.0,0.0,0.0,16,3,1,6,14,0,1,1
101580,1557,1.0,3.0,0.0,13,11,3,1,12,0,1,0
101787,1200,0.0,6.0,0.0,9,3,1,2,8,0,1,0
102171,4052,0.0,2.0,0.0,2,1,1,2,1,0,1,0
102259,2821,0.0,3.0,1.0,10,1,1,2,8,0,1,1
102321,4050,0.0,2.0,1.0,4,1,1,2,2,0,2,0
102477,3323,0.0,5.0,1.0,18,6,1,2,16,0,1,1
102602,1748,0.0,2.0,0.0,2,1,1,1,0,0,1,1
10282,3828,0.0,5.0,0.0,1,1,1,1,0,0,1,0
10307,798,0.0,0.0,0.0,28,12,4,2,26,0,2,0
103187,798,0.0,3.0,1.0,10,1,1,1,9,0,1,0
103306,3290,0.0,3.0,1.0,4,1,1,1,3,0,1,0
103346,1203,0.0,5.0,0.0,2,1,1,1,1,0,1,0
103480,3912,0.0,0.0,0.0,8,1,1,2,6,0,2,0
103618,4976,0.0,0.0,1.0,18,7,4,4,13,3,2,0
103713,3181,0.0,4.0,0.0,8,2,1,6,6,0,1,1
103962,818,0.0,2.0,0.0,15,6,1,3,13,0,1,1
104352,2403,0.0,5.0,1.0,30,18,2,1,26,0,4,0
104687,1203,1.0,6.0,0.0,27,12,5,2,21,0,4,2
104877,4009,0.0,6.0,0.0,10,4,2,3,9,0,1,0
105096,1565,0.0,4.0,0.0,7,1,1,3,4,0,1,2
105233,3444,0.0,0.0,1.0,20,1,1,2,19,0,1,0
10573,2952,0.0,0.0,0.0,13,2,1,1,9,0,4,0
106017,1076,0.0,4.0,0.0,9,2,1,2,7,0,1,1
106073,3865,0.0,3.0,2.0,58,18,12,2,48,0,10,0
106912,2711,0.0,4.0,0.0,27,9,2,10,26,0,1,0
107007,3502,0.0,4.0,0.0,6,3,1,1,5,0,1,0
107548,625,0.0,6.0,0.0,8,3,1,4,6,0,1,1
10771,1102,0.0,3.0,0.0,12,7,1,1,11,0,1,0
108071,1489,0.0,0.0,null,3,1,1,2,2,0,1,0
108199,2537,0.0,3.0,0.0,4,2,2,1,3,0,1,0
108431,1968,0.0,2.0,0.0,4,2,2,1,1,0,3,0
1086,3727,0.0,2.0,0.0,8,2,1,1,7,0,1,0
109008,4783,0.0,4.0,0.0,4,1,1,1,1,0,3,0
109114,794,0.0,5.0,0.0,5,1,1,1,4,0,1,0
109228,216,0.0,0.0,0.0,3,1,1,1,2,0,1,0
109234,3444,0.0,2.0,0.0,6,1,1,2,4,0,1,1
109372,4655,0.0,2.0,0.0,3,1,1,2,2,0,1,0
109583,2891,0.0,4.0,0.0,3,1,1,1,2,0,1,0
109777,2124,0.0,5.0,1.0,2,1,1,1,1,0,1,0
109839,293,0.0,3.0,0.0,16,5,1,3,15,0,1,0
110075,4394,0.0,6.0,0.0,13,2,1,2,12,0,1,0
110596,4230,0.0,4.0,1.0,1,1,1,1,0,0,1,0
11073,2537,0.0,3.0,0.0,11,8,1,1,10,0,1,0
111209,2821,0.0,4.0,0.0,5,1,1,1,4,0,1,0
111678,4687,0.0,0.0,1.0,6,2,1,1,3,0,3,0
112201,3448,0.0,3.0,0.0,3,2,1,1,2,0,1,0
112226,1653,0.0,0.0,0.0,4,2,1,1,3,0,1,0
112242,606,0.0,4.0,0.0,5,4,4,4,1,0,1,3
112433,1500,0.0,0.0,0.0,13,1,1,5,12,0,1,0
112488,416,0.0,0.0,0.0,11,8,3,2,10,0,1,0
113710,3955,1.0,0.0,0.0,1,1,1,1,0,0,1,0
113899,1425,0.0,0.0,1.0,6,1,1,2,5,0,1,0
114123,3159,0.0,5.0,0.0,2,1,1,1,1,0,1,0
114243,1356,0.0,0.0,1.0,6,2,2,1,5,0,1,0
114264,1538,0.0,6.0,0.0,4,1,1,2,3,0,1,0
114366,1489,0.0,3.0,1.0,3,1,1,1,2,0,1,0
114448,3319,0.0,0.0,0.0,2,1,1,1,1,0,1,0
114651,2945,0.0,5.0,1.0,7,3,2,1,6,0,1,0
114747,1827,0.0,4.0,1.0,34,16,1,5,33,0,1,0
114927,4919,1.0,6.0,null,5,3,2,2,4,0,1,0
1157,2318,0.0,0.0,1.0,5,1,1,2,4,0,1,0
116134,2031,0.0,6.0,0.0,9,1,1,3,7,0,1,1
116424,4864,1.0,4.0,0.0,32,14,2,2,31,0,1,0
117181,4976,0.0,3.0,1.0,9,6,3,3,8,0,1,0
117365,3905,0.0,2.0,1.0,15,1,1,5,13,0,1,1
117452,882,0.0,6.0,2.0,11,5,3,3,9,0,2,0
118324,3152,1.0,2.0,0.0,5,3,3,1,4,0,1,0
118614,4861,0.0,0.0,0.0,4,1,1,1,3,0,1,0
118675,2047,0.0,0.0,0.0,17,4,4,3,16,0,1,0
118704,3159,0.0,3.0,0.0,7,1,1,3,5,0,1,1
118871,117,0.0,3.0,2.0,7,1,1,6,2,0,1,4
118982,2562,0.0,0.0,0.0,1,1,1,1,0,0,1,0
119872,4842,0.0,2.0,0.0,5,1,1,1,4,0,1,0
119885,107,0.0,0.0,0.0,5,1,1,1,4,0,1,0
119941,4829,0.0,4.0,0.0,2,1,1,1,1,0,1,0
120067,938,0.0,3.0,0.0,1,1,1,1,0,0,1,0
120287,4173,0.0,4.0,1.0,89,52,9,16,87,0,2,0
120443,3984,1.0,2.0,0.0,13,6,4,1,12,0,1,0
121677,4976,0.0,3.0,0.0,3,1,1,2,1,0,1,1
121759,606,0.0,4.0,0.0,26,16,8,1,25,0,1,0
12180,4468,0.0,3.0,1.0,4,1,1,2,3,0,1,0
121967,742,0.0,0.0,0.0,8,3,2,1,6,0,2,0
122179,3529,0.0,6.0,0.0,6,3,3,1,4,0,2,0
122368,804,0.0,4.0,1.0,2,1,1,1,1,0,1,0
122753,4908,0.0,2.0,0.0,4,1,1,1,3,0,1,0
122877,361,1.0,5.0,0.0,87,23,5,3,84,0,1,2
123143,3910,1.0,0.0,0.0,3,1,1,1,2,0,1,0
124098,2698,0.0,2.0,0.0,14,11,2,2,13,0,1,0
124932,4607,0.0,3.0,0.0,170,34,4,21,162,0,1,7
125029,1719,0.0,0.0,0.0,4,1,1,1,2,0,2,0
125358,293,0.0,4.0,1.0,17,4,1,5,14,0,1,2
125558,4992,0.0,4.0,0.0,17,5,1,2,14,0,2,1
125610,3828,0.0,3.0,0.0,35,27,5,3,34,0,1,0
125816,742,0.0,4.0,0.0,6,2,1,1,5,0,1,0
126003,1861,0.0,0.0,0.0,10,2,1,1,9,0,1,0
126327,1272,1.0,4.0,0.0,9,7,1,2,8,0,1,0
126573,4044,0.0,3.0,1.0,3,2,1,1,1,0,2,0
126749,4419,0.0,3.0,0.0,6,1,1,2,5,0,1,0
126850,416,0.0,3.0,0.0,9,3,1,2,7,0,1,1
127155,2031,0.0,5.0,1.0,3,1,1,1,2,0,1,0
127580,1610,0.0,0.0,0.0,1,1,1,1,0,0,1,0
127721,2505,1.0,5.0,1.0,4,2,1,1,2,0,2,0
128105,4271,0.0,null,null,4,1,1,2,3,0,1,0
128279,2149,0.0,0.0,0.0,4,1,1,1,3,0,1,0
128667,2900,0.0,0.0,0.0,2,1,1,1,1,0,1,0
128991,3319,1.0,4.0,2.0,4,2,1,2,2,0,1,1
129020,3152,0.0,4.0,0.0,19,4,1,2,18,0,1,0
129693,3524,0.0,2.0,0.0,2,1,1,2,1,0,1,0
130688,946,0.0,3.0,0.0,15,4,1,1,14,0,1,0
130713,2184,0.0,3.0,0.0,25,7,2,7,23,0,1,1
130848,2511,0.0,2.0,0.0,8,3,2,1,6,0,2,0
131082,1892,0.0,4.0,0.0,6,4,3,1,2,0,4,0
131264,1840,0.0,4.0,0.0,2,1,1,1,1,0,1,0
131273,4427,0.0,6.0,0.0,44,10,2,2,40,0,3,1
131600,4368,0.0,3.0,0.0,8,2,1,2,6,0,1,1
132189,1393,0.0,0.0,0.0,50,39,13,3,49,0,1,0
132312,4044,0.0,4.0,null,58,25,5,2,52,4,1,1
132605,3619,0.0,5.0,0.0,6,3,1,1,5,0,1,0
132905,3472,0.0,4.0,1.0,6,2,1,1,5,0,1,0
133111,4079,0.0,0.0,1.0,2,1,1,2,1,0,1,0
133356,2721,0.0,6.0,0.0,11,7,1,1,10,0,1,0
133910,4560,0.0,4.0,0.0,3,1,1,1,2,0,1,0
134005,3080,0.0,3.0,1.0,6,2,1,3,5,0,1,0
134780,4173,0.0,3.0,0.0,31,12,5,3,30,0,1,0
134990,3727,0.0,3.0,0.0,18,12,1,1,17,0,1,0
135568,1501,0.0,3.0,0.0,1,1,1,1,0,0,1,0
135586,4727,0.0,4.0,1.0,5,1,1,2,4,0,1,0
13589,606,0.0,3.0,1.0,24,7,2,3,23,0,1,0
136148,415,0.0,null,null,2,1,1,1,1,0,1,0
136271,3263,0.0,3.0,0.0,3,3,2,1,0,0,3,0
136455,1861,1.0,3.0,0.0,9,6,2,2,8,0,1,0
13665,3791,0.0,3.0,1.0,4,2,1,1,3,0,1,0
136784,2721,0.0,0.0,1.0,16,8,1,2,15,0,1,0
136904,3471,0.0,4.0,0.0,4,2,2,2,3,0,1,0
136927,1892,0.0,4.0,0.0,4,3,3,2,1,0,3,0
137002,4444,0.0,0.0,0.0,7,3,1,1,5,0,2,0
13712,2124,0.0,4.0,0.0,1,1,1,1,0,0,1,0
137149,3979,0.0,3.0,0.0,3,2,1,1,2,0,1,0
137361,926,0.0,3.0,0.0,10,1,1,2,9,0,1,0
137828,3042,0.0,4.0,0.0,4,3,3,1,3,0,1,0
138093,133,0.0,0.0,1.0,3,1,1,1,2,0,1,0
138328,3160,0.0,5.0,0.0,28,12,8,2,25,0,2,1
138335,1370,0.0,3.0,0.0,3,1,1,1,2,0,1,0
138517,2952,0.0,2.0,0.0,3,1,1,1,2,0,1,0
138611,3288,0.0,4.0,0.0,2,1,1,2,0,0,1,1
139143,2810,0.0,4.0,1.0,10,1,1,1,8,1,1,0
139173,404,0.0,0.0,0.0,5,3,3,2,3,0,2,0
139463,1679,1.0,5.0,0.0,10,7,2,1,9,0,1,0
139498,3809,0.0,4.0,1.0,57,22,6,9,54,0,2,1
139537,3865,0.0,5.0,1.0,2,1,1,1,1,0,1,0
139943,552,0.0,2.0,0.0,2,1,1,2,0,0,1,1
13996,514,0.0,6.0,0.0,3,1,1,2,1,0,2,0
140093,4860,0.0,4.0,0.0,5,1,1,2,3,0,1,1
140171,1421,0.0,4.0,0.0,1,1,1,1,0,0,1,0
140462,416,0.0,6.0,0.0,16,8,3,1,13,0,3,0
141029,4976,0.0,6.0,0.0,10,2,1,2,9,0,1,0
14127,310,0.0,0.0,1.0,3,1,1,2,2,0,1,0
141336,200,0.0,3.0,0.0,5,2,1,1,4,0,1,0
141453,2765,0.0,0.0,0.0,7,1,1,3,5,0,1,1
141818,1679,0.0,3.0,1.0,17,10,4,1,14,0,3,0
142479,3578,0.0,4.0,0.0,36,14,2,2,33,0,1,2
142514,1861,0.0,4.0,1.0,1,1,1,1,0,0,1,0
142639,4050,1.0,2.0,1.0,4,1,1,1,3,0,1,0
142654,1760,0.0,4.0,0.0,15,8,2,1,11,0,4,0
142662,632,0.0,4.0,0.0,5,1,1,1,4,0,1,0
142799,4976,1.0,0.0,0.0,30,11,3,2,29,0,1,0
142872,2031,0.0,4.0,0.0,10,9,1,1,9,0,1,0
143215,798,0.0,3.0,0.0,7,6,4,5,5,0,1,1
143354,1203,0.0,5.0,0.0,37,12,7,4,30,0,2,5
143613,1618,0.0,4.0,1.0,1,1,1,1,0,0,1,0
143759,416,0.0,5.0,0.0,53,32,9,7,48,0,2,3
144309,1310,0.0,2.0,0.0,85,29,13,11,83,0,2,0
144313,1487,0.0,3.0,0.0,15,6,1,2,14,0,1,0
146051,962,0.0,4.0,0.0,2,1,1,1,1,0,1,0
146509,1472,0.0,4.0,1.0,2,1,1,1,1,0,1,0
147014,586,0.0,3.0,2.0,22,11,5,5,18,0,1,3
147109,4648,0.0,0.0,0.0,4,1,1,2,2,0,1,1
147590,4079,0.0,3.0,0.0,3,1,1,1,1,0,2,0
147698,4811,0.0,6.0,0.0,20,12,2,2,17,0,3,0
147809,2403,0.0,0.0,null,1,1,1,1,0,0,1,0
147817,4607,0.0,4.0,0.0,6,4,2,1,5,0,1,0
147830,2669,1.0,3.0,0.0,34,14,4,3,32,0,1,1
147830,798,1.0,3.0,0.0,83,18,8,5,77,0,1,5
147845,4044,0.0,2.0,0.0,144,28,8,3,140,0,4,0
147875,4294,0.0,5.0,0.0,1,1,1,1,0,0,1,0
148136,323,0.0,6.0,0.0,3,2,1,1,2,0,1,0
148563,1502,1.0,4.0,1.0,6,2,2,1,4,0,1,1
148782,643,0.0,4.0,2.0,40,23,6,3,36,0,4,0
149843,1117,0.0,3.0,0.0,6,1,1,1,4,0,1,1
149846,2592,0.0,4.0,1.0,3,1,1,1,1,0,2,0
150655,1356,0.0,4.0,0.0,5,1,1,1,4,0,1,0
150872,2537,0.0,3.0,0.0,25,10,4,3,21,0,2,2
15100,2277,0.0,4.0,1.0,9,4,2,2,8,0,1,0
151477,4527,0.0,0.0,0.0,53,17,2,6,48,0,1,4
151629,4083,0.0,3.0,1.0,2,1,1,2,0,0,1,1
15186,402,0.0,3.0,0.0,2,1,1,1,1,0,1,0
152059,1310,0.0,3.0,0.0,1,1,1,1,0,0,1,0
152136,4992,0.0,0.0,0.0,2,1,1,1,1,0,1,0
152391,1846,1.0,3.0,1.0,2,1,1,1,1,0,1,0
153529,4584,0.0,0.0,0.0,5,3,2,2,4,0,1,0
153782,4605,0.0,5.0,0.0,2,1,1,1,1,0,1,0
154029,575,0.0,3.0,0.0,5,1,1,1,4,0,1,0
155612,4966,0.0,3.0,0.0,1,1,1,1,0,0,1,0
156166,1203,0.0,0.0,0.0,5,2,2,2,4,0,1,0
156619,4605,0.0,6.0,0.0,3,1,1,1,2,0,1,0
156842,3732,0.0,3.0,0.0,4,2,1,3,3,0,1,0
157208,1816,1.0,3.0,1.0,20,9,4,1,18,0,2,0
157395,3323,0.0,4.0,0.0,1,1,1,1,0,0,1,0
157607,3826,0.0,0.0,1.0,2,1,1,1,1,0,1,0
158203,3105,0.0,3.0,0.0,21,8,1,2,18,0,2,1
158288,1585,0.0,4.0,0.0,22,12,4,1,20,0,1,1
158393,3408,0.0,6.0,0.0,2,1,1,2,0,0,1,1
15886,587,0.0,0.0,0.0,3,2,1,1,2,0,1,0
159078,4569,0.0,6.0,1.0,1,1,1,1,0,0,1,0
159320,2436,0.0,5.0,0.0,33,18,8,1,29,0,4,0
160179,3080,0.0,null,null,7,4,3,1,6,0,1,0
160676,671,0.0,0.0,0.0,4,1,1,2,3,0,1,0
160855,3683,0.0,2.0,1.0,3,1,1,1,2,0,1,0
160879,2161,0.0,7.0,0.0,2,1,1,1,1,0,1,0
160923,1495,0.0,0.0,0.0,46,18,2,4,45,0,1,0
160979,416,0.0,5.0,1.0,9,3,1,2,5,0,2,2
161195,3925,1.0,0.0,0.0,42,11,5,7,40,0,2,0
162113,603,0.0,2.0,0.0,9,2,2,1,7,0,2,0
162225,3345,0.0,0.0,0.0,10,6,1,1,9,0,1,0
162616,4605,0.0,2.0,0.0,4,3,2,2,3,0,1,0
162711,2108,0.0,4.0,1.0,8,4,1,1,7,0,1,0
162824,3624,0.0,0.0,0.0,6,2,1,1,5,0,1,0
163211,390,0.0,4.0,0.0,2,1,1,1,1,0,1,0
163269,4850,1.0,4.0,0.0,30,5,3,1,28,0,2,0
163408,4044,0.0,2.0,0.0,75,28,9,2,63,0,2,10
163627,773,0.0,4.0,1.0,18,12,5,3,17,0,1,0
163665,66,0.0,5.0,1.0,1,1,1,1,0,0,1,0
163713,1062,0.0,4.0,1.0,9,3,2,2,7,0,1,1
163747,2746,0.0,4.0,1.0,4,1,1,1,3,0,1,0
164238,1673,0.0,5.0,0.0,1,1,1,1,0,0,1,0
16431,4545,0.0,5.0,0.0,4,1,1,1,3,0,1,0
164720,1356,0.0,2.0,1.0,5,1,1,1,4,0,1,0
164725,1470,0.0,4.0,0.0,5,2,1,1,4,0,1,0
165042,598,0.0,0.0,1.0,2,1,1,1,1,0,1,0
165375,3205,0.0,6.0,0.0,5,2,1,1,4,0,1,0
165489,1346,0.0,4.0,0.0,7,2,1,1,6,0,1,0
165737,1816,0.0,2.0,1.0,12,6,4,2,11,0,1,0
166031,2482,1.0,2.0,0.0,3,3,1,1,0,0,3,0
166357,3323,0.0,3.0,1.0,6,3,1,2,5,0,1,0
166361,2565,0.0,2.0,0.0,1,1,1,1,0,0,1,0
166585,2669,0.0,2.0,1.0,13,7,2,2,11,0,1,1
16701,4595,0.0,5.0,1.0,3,1,1,1,2,0,1,0
167095,2294,0.0,0.0,0.0,5,1,1,1,4,0,1,0
16714,1816,0.0,3.0,1.0,4,2,2,1,1,0,1,2
167229,361,0.0,5.0,0.0,9,5,2,2,8,0,1,0
167267,3536,0.0,4.0,0.0,4,1,1,2,3,0,1,0
167374,2569,1.0,4.0,0.0,160,52,3,8,155,0,5,0
167438,2537,0.0,3.0,0.0,6,3,2,1,4,0,2,0
167836,4369,0.0,0.0,1.0,3,1,1,2,2,0,1,0
168154,1922,0.0,0.0,0.0,5,2,1,2,4,0,1,0
168759,2318,0.0,4.0,1.0,8,2,1,2,6,0,1,1
168949,3578,0.0,3.0,0.0,9,4,1,5,4,0,1,4
169033,4427,0.0,0.0,0.0,12,5,3,1,11,0,1,0
169072,3080,0.0,2.0,1.0,2,2,2,1,0,0,2,0
169898,3173,0.0,4.0,1.0,3,2,1,1,1,0,2,0
170004,4919,0.0,0.0,0.0,10,5,1,1,9,0,1,0
170380,4457,0.0,2.0,1.0,3,2,1,1,2,0,1,0
170971,3826,0.0,3.0,2.0,3,1,1,1,2,0,1,0
17151,1861,0.0,0.0,null,2,1,1,1,1,0,1,0
171949,4747,0.0,3.0,1.0,4,1,1,1,3,0,1,0
172826,3205,0.0,4.0,0.0,2,1,1,1,1,0,1,0
173033,145,0.0,2.0,0.0,43,20,1,2,41,0,2,0
173784,2173,0.0,0.0,0.0,8,4,1,3,7,0,1,0
174386,1667,0.0,5.0,0.0,18,2,1,5,16,0,1,1
174458,1412,0.0,0.0,0.0,6,1,1,1,5,0,1,0
17446,2099,0.0,2.0,0.0,5,2,2,1,4,0,1,0
174820,861,0.0,8.0,0.0,2,1,1,1,1,0,1,0
175382,2031,0.0,0.0,1.0,1,1,1,1,0,0,1,0
175957,4335,0.0,5.0,0.0,4,2,2,1,3,0,1,0
176123,1203,0.0,0.0,0.0,4,2,2,2,3,0,1,0
176440,219,0.0,4.0,2.0,1,1,1,1,0,0,1,0
176447,434,0.0,5.0,0.0,5,1,1,1,4,0,1,0
176889,426,0.0,0.0,1.0,5,1,1,1,4,0,1,0
176967,2565,0.0,3.0,0.0,24,17,2,2,21,0,2,1
177162,3578,0.0,4.0,0.0,15,4,1,1,13,0,2,0
177231,346,0.0,3.0,1.0,9,2,1,2,7,0,1,1
178656,1495,0.0,0.0,1.0,11,4,2,4,10,0,1,0
178951,1090,0.0,4.0,0.0,1,1,1,1,0,0,1,0
179932,574,0.0,0.0,1.0,3,1,1,1,1,0,2,0
180030,1661,0.0,3.0,0.0,2,1,1,2,1,0,1,0
180211,4585,0.0,3.0,0.0,2,2,1,2,0,0,1,1
180244,598,0.0,3.0,1.0,6,1,1,1,5,0,1,0
180317,773,0.0,0.0,0.0,11,5,3,2,7,0,3,1
180859,3971,0.0,3.0,1.0,1,1,1,1,0,0,1,0
181241,1346,0.0,0.0,2.0,6,2,1,2,5,0,1,0
181363,4732,0.0,7.0,1.0,24,7,2,2,22,0,2,0
181685,682,0.0,2.0,1.0,6,1,1,2,4,0,1,1
181819,102,0.0,0.0,1.0,20,2,1,4,17,0,1,2
182778,1102,0.0,5.0,0.0,10,3,3,3,9,0,1,0
183061,4363,0.0,5.0,1.0,7,2,1,2,5,0,2,0
183329,946,0.0,5.0,2.0,9,3,2,1,6,0,3,0
183408,798,0.0,2.0,0.0,1,1,1,1,0,0,1,0
183830,115,0.0,5.0,0.0,5,1,1,1,4,0,1,0
183905,2482,0.0,2.0,1.0,2,1,1,2,0,0,1,1
184114,598,1.0,3.0,0.0,24,4,1,2,22,0,2,0
184277,396,0.0,2.0,0.0,2,1,1,1,1,0,1,0
184336,2422,0.0,3.0,1.0,14,2,1,2,13,0,1,0
184442,3163,0.0,2.0,1.0,4,1,1,1,2,0,2,0
184759,2608,0.0,0.0,0.0,4,2,1,1,3,0,1,0
185142,4864,0.0,4.0,1.0,3,1,1,1,2,0,1,0
185410,3356,0.0,6.0,0.0,6,2,2,1,5,0,1,0
18549,2303,0.0,3.0,1.0,7,2,1,1,5,0,1,1
185502,3159,0.0,0.0,0.0,3,1,1,1,2,0,1,0
185849,1200,0.0,4.0,1.0,6,2,2,1,4,0,2,0
186013,4280,0.0,3.0,0.0,23,5,1,10,22,0,1,0
187036,3828,0.0,4.0,0.0,16,11,7,8,15,0,1,0
187062,4287,0.0,3.0,0.0,20,14,4,2,18,0,2,0
187119,4265,0.0,4.0,1.0,31,20,9,2,30,0,1,0
187166,402,0.0,2.0,1.0,4,1,1,1,3,0,1,0
187173,2273,0.0,3.0,1.0,15,2,1,2,14,0,1,0
188060,104,0.0,3.0,0.0,3,1,1,1,2,0,1,0
188917,4605,1.0,0.0,0.0,6,3,3,1,3,0,3,0
189167,963,0.0,4.0,1.0,1,1,1,1,0,0,1,0
190074,63,0.0,2.0,0.0,1,1,1,1,0,0,1,0
190285,826,0.0,4.0,1.0,2,1,1,1,1,0,1,0
190569,1168,0.0,0.0,0.0,1,1,1,1,0,0,1,0
190665,2450,0.0,3.0,0.0,4,2,1,1,3,0,1,0
191726,4942,0.0,5.0,0.0,3,1,1,2,1,0,1,1
191731,4073,0.0,0.0,0.0,6,1,1,1,5,0,1,0
192063,2138,0.0,6.0,0.0,14,5,2,5,11,0,1,2
192086,4472,0.0,6.0,0.0,4,1,1,1,3,0,1,0
192413,1827,1.0,2.0,1.0,7,2,1,3,6,0,1,0
192589,4787,0.0,3.0,1.0,3,1,1,1,2,0,1,0
192617,1393,0.0,0.0,0.0,1,1,1,1,0,0,1,0
193741,2950,0.0,4.0,0.0,5,2,1,3,4,0,1,0
193798,4042,0.0,4.0,1.0,3,2,1,1,2,0,1,0
194290,4756,0.0,6.0,0.0,7,1,1,1,5,0,1,1
195056,66,0.0,4.0,0.0,2,1,1,1,1,0,1,0
195288,4240,0.0,3.0,0.0,3,1,1,1,2,0,1,0
195341,2935,0.0,3.0,1.0,3,1,1,2,2,0,1,0
195714,798,0.0,3.0,0.0,2,1,1,2,1,0,1,0
195763,3571,0.0,4.0,0.0,4,4,1,1,0,0,4,0
195812,2031,0.0,0.0,0.0,14,2,1,4,13,0,1,0
195878,121,0.0,0.0,0.0,36,30,8,2,35,0,1,0
196195,3029,0.0,0.0,0.0,9,1,1,4,6,2,1,0
196199,742,0.0,2.0,0.0,24,6,2,3,21,0,1,2
196331,2872,0.0,4.0,0.0,11,2,2,1,9,0,2,0
196446,4542,0.0,3.0,0.0,7,6,2,2,6,0,1,0
197330,4605,0.0,2.0,1.0,30,6,5,9,25,0,1,4
197333,66,0.0,3.0,1.0,5,2,1,2,4,0,1,0
197343,1489,0.0,3.0,1.0,3,1,1,2,2,0,1,0
198469,4957,0.0,2.0,1.0,36,5,2,2,31,2,3,0
198556,4044,0.0,4.0,0.0,19,12,3,4,15,0,4,0
199249,3230,0.0,0.0,0.0,1,1,1,1,0,0,1,0
199421,2403,0.0,7.0,2.0,12,6,2,1,10,0,2,0
199436,3578,0.0,4.0,0.0,8,4,2,2,7,0,1,0
199548,2278,0.0,3.0,1.0,2,1,1,1,1,0,1,0
200095,3420,0.0,3.0,0.0,4,1,1,2,3,0,1,0
200121,1840,0.0,0.0,0.0,4,3,1,1,3,0,1,0
201139,1332,0.0,0.0,1.0,9,1,1,5,8,0,1,0
201190,1679,0.0,4.0,0.0,4,4,3,1,3,0,1,0
201450,508,0.0,2.0,0.0,5,1,1,2,4,0,1,0
201748,778,0.0,3.0,0.0,12,3,2,2,10,0,1,1
202037,2592,0.0,4.0,0.0,2,1,1,2,0,0,1,1
202255,1340,0.0,3.0,0.0,17,4,2,3,15,0,2,0
202322,4744,0.0,2.0,1.0,17,9,2,2,15,0,2,0
202768,3685,0.0,0.0,null,10,2,1,1,9,0,1,0
202878,4011,0.0,null,null,16,4,2,2,15,0,1,0
202973,2273,0.0,6.0,0.0,4,2,1,1,3,0,1,0
203094,1203,0.0,4.0,0.0,5,3,1,1,4,0,1,0
203252,4885,1.0,0.0,0.0,4,1,1,1,3,0,1,0
203265,1968,0.0,7.0,1.0,4,1,1,1,3,0,1,0
203380,3004,0.0,3.0,0.0,7,6,2,2,6,0,1,0
203752,3593,0.0,0.0,0.0,17,6,2,2,16,0,1,0
203795,2145,0.0,3.0,1.0,3,1,1,1,2,0,1,0
204031,4885,0.0,null,null,2,1,1,1,1,0,1,0
204233,2856,0.0,5.0,0.0,3,1,1,1,2,0,1,0
204530,2047,0.0,3.0,0.0,10,1,1,2,8,0,2,0
204669,4955,0.0,2.0,0.0,5,3,1,1,4,0,1,0
205318,4129,0.0,6.0,0.0,7,3,2,2,5,0,2,0
205442,1890,0.0,5.0,0.0,16,10,2,4,15,0,1,0
205924,1911,0.0,0.0,0.0,17,5,1,2,15,0,2,0
206606,4731,0.0,0.0,0.0,9,1,1,2,7,0,1,1
207253,2397,0.0,0.0,0.0,13,6,4,2,12,0,1,0
207274,2565,0.0,6.0,0.0,10,5,1,2,8,0,2,0
207549,3392,0.0,3.0,0.0,8,3,1,2,7,0,1,0
207781,2711,0.0,3.0,0.0,23,11,2,4,22,0,1,0
207987,3152,1.0,4.0,0.0,2,1,1,1,1,0,1,0
208927,1890,0.0,2.0,0.0,9,6,2,4,8,0,1,0
208998,4368,0.0,0.0,0.0,2,1,1,1,1,0,1,0
209294,748,0.0,0.0,1.0,29,6,1,5,26,1,2,0
209404,2303,0.0,null,null,28,12,1,5,26,1,1,0
209626,897,0.0,5.0,1.0,4,1,1,1,3,0,1,0
209715,4171,0.0,4.0,0.0,2,1,1,1,1,0,1,0
20977,4057,0.0,0.0,0.0,6,3,2,1,5,0,1,0
209817,4950,0.0,4.0,2.0,1,1,1,1,0,0,1,0
210287,1102,0.0,3.0,0.0,2,1,1,2,0,0,1,1
210345,3236,0.0,5.0,0.0,21,8,1,4,18,0,2,1
210513,4850,0.0,4.0,0.0,9,6,2,1,7,0,2,0
21065,806,0.0,3.0,0.0,1,1,1,1,0,0,1,0
210888,3525,0.0,5.0,1.0,3,2,1,1,2,0,1,0
211157,10,0.0,5.0,0.0,3,1,1,2,2,0,1,0
211373,731,0.0,3.0,0.0,5,2,1,1,4,0,1,0
211412,2936,0.0,0.0,0.0,3,1,1,2,1,0,2,0
211705,4506,0.0,3.0,0.0,3,1,1,1,2,0,1,0
211983,1270,0.0,6.0,0.0,5,2,1,1,4,0,1,0
212442,2864,1.0,5.0,2.0,9,3,1,3,8,0,1,0
21250,4955,0.0,0.0,0.0,1,1,1,1,0,0,1,0
212607,1821,0.0,4.0,0.0,5,1,1,1,4,0,1,0
212803,1342,0.0,null,null,20,8,3,1,19,0,1,0
213002,4414,0.0,4.0,0.0,7,2,1,2,5,0,2,0
214782,685,0.0,0.0,1.0,2,1,1,1,1,0,1,0
214833,4718,0.0,0.0,0.0,10,3,3,1,8,0,2,0
214910,1719,0.0,4.0,0.0,4,2,1,1,3,0,1,0
215357,2981,0.0,4.0,0.0,4,2,2,1,3,0,1,0
215558,2482,0.0,3.0,0.0,18,3,2,5,14,0,3,1
21619,1210,0.0,0.0,1.0,40,17,5,2,34,0,1,5
216270,598,0.0,3.0,1.0,6,2,1,1,5,0,1,0
216550,3578,0.0,0.0,0.0,3,1,1,1,2,0,1,0
216658,2755,0.0,3.0,0.0,3,1,1,1,2,0,1,0
216787,960,0.0,0.0,1.0,5,2,1,1,4,0,1,0
217179,1861,0.0,0.0,0.0,2,1,1,1,1,0,1,0
217301,2403,0.0,0.0,0.0,26,13,1,1,25,0,1,0
217438,104,0.0,0.0,0.0,9,5,2,1,7,0,2,0
217499,275,0.0,2.0,0.0,8,2,2,1,6,0,1,1
218008,2639,0.0,5.0,0.0,6,1,1,1,5,0,1,0
218178,2278,1.0,3.0,0.0,9,8,4,3,4,0,5,0
218496,4322,0.0,0.0,0.0,8,3,2,2,6,0,2,0
218646,4125,0.0,4.0,0.0,1,1,1,1,0,0,1,0
218772,4450,0.0,5.0,0.0,10,3,3,4,8,0,1,1
218858,1749,0.0,0.0,0.0,6,3,2,1,4,0,2,0
218974,460,0.0,4.0,0.0,6,4,4,1,5,0,1,0
219185,66,0.0,0.0,0.0,5,3,1,1,4,0,1,0
219263,3323,0.0,4.0,1.0,1,1,1,1,0,0,1,0
219659,2108,0.0,3.0,0.0,1,1,1,1,0,0,1,0
220698,4240,0.0,6.0,0.0,6,3,1,2,5,0,1,0
221537,1884,0.0,3.0,0.0,5,2,1,2,3,0,1,1
221969,1131,0.0,4.0,0.0,11,5,4,3,10,0,1,0
222103,1543,0.0,3.0,0.0,2,1,1,1,1,0,1,0
222367,897,0.0,4.0,1.0,2,1,1,1,1,0,1,0
222571,4198,0.0,3.0,1.0,1,1,1,1,0,0,1,0
223277,653,0.0,0.0,1.0,11,2,1,2,10,0,1,0
223323,685,0.0,4.0,0.0,3,1,1,1,2,0,1,0
223704,2821,0.0,4.0,1.0,7,5,2,1,6,0,1,0
223892,241,0.0,3.0,1.0,4,1,1,1,3,0,1,0
224325,1677,0.0,3.0,2.0,22,11,3,2,21,0,1,0
224560,1408,0.0,2.0,1.0,4,2,1,2,1,0,1,2
225478,1890,0.0,3.0,0.0,14,5,1,3,12,0,1,1
225485,300,0.0,4.0,1.0,7,2,1,1,6,0,1,0
225562,4282,0.0,2.0,0.0,8,2,1,3,7,0,1,0
226072,4219,0.0,2.0,1.0,2,1,1,1,1,0,1,0
226141,3347,0.0,3.0,0.0,8,2,1,1,7,0,1,0
226301,4325,0.0,0.0,0.0,7,2,2,2,5,0,2,0
226303,1738,0.0,5.0,0.0,6,2,1,3,4,0,1,1
227406,1861,0.0,3.0,1.0,1,1,1,1,0,0,1,0
227506,2031,0.0,8.0,1.0,17,4,1,3,14,0,2,1
227556,3460,0.0,3.0,0.0,5,1,1,1,4,0,1,0
227725,415,0.0,0.0,0.0,10,1,1,2,7,0,2,1
228342,2693,0.0,6.0,0.0,10,2,1,4,8,0,2,0
228469,1963,0.0,2.0,1.0,3,1,1,1,2,0,1,0
228839,2313,0.0,6.0,0.0,9,3,2,1,8,0,1,0
228918,1594,0.0,0.0,2.0,1,1,1,1,0,0,1,0
229299,2615,0.0,2.0,1.0,1,1,1,1,0,0,1,0
229846,1944,0.0,5.0,1.0,8,3,1,2,7,0,1,0
230675,1370,0.0,null,null,8,5,3,2,6,0,2,0
231045,2435,0.0,3.0,0.0,5,1,1,1,3,0,2,0
231360,4368,0.0,4.0,0.0,6,2,2,1,5,0,1,0
231422,4044,0.0,3.0,0.0,43,24,7,7,37,0,1,5
231592,1763,0.0,2.0,0.0,3,1,1,1,2,0,1,0
232577,1437,0.0,3.0,0.0,5,3,2,2,4,0,1,0
232803,700,0.0,2.0,1.0,7,1,1,1,5,0,1,1
233112,3609,0.0,4.0,0.0,4,1,1,1,3,0,1,0
233596,4760,0.0,4.0,0.0,17,4,3,3,15,0,2,0
233787,3288,0.0,4.0,1.0,2,1,1,1,1,0,1,0
233941,4494,0.0,3.0,0.0,4,2,2,1,3,0,1,0
234825,2014,0.0,4.0,0.0,4,1,1,2,3,0,1,0
235237,2397,0.0,5.0,0.0,4,2,1,1,3,0,1,0
235278,4659,0.0,5.0,0.0,6,2,1,2,3,0,2,1
235301,3303,0.0,4.0,0.0,4,1,1,1,3,0,1,0
235579,1193,0.0,6.0,1.0,3,1,1,1,2,0,1,0
235587,3173,0.0,3.0,1.0,8,1,1,2,5,0,3,0
235639,1602,0.0,6.0,0.0,4,2,2,1,2,0,2,0
235871,3609,0.0,3.0,0.0,3,1,1,1,2,0,1,0
23613,1342,0.0,4.0,1.0,23,15,4,1,22,0,1,0
236473,962,0.0,2.0,1.0,4,1,1,1,3,0,1,0
236959,1910,0.0,0.0,0.0,2,1,1,1,1,0,1,0
23704,1203,0.0,4.0,0.0,8,5,4,1,6,0,2,0
237701,3753,0.0,3.0,0.0,10,2,1,2,8,0,1,1
237887,652,0.0,2.0,2.0,5,4,2,2,4,0,1,0
23826,4765,0.0,5.0,1.0,4,2,1,1,3,0,1,0
238437,3614,0.0,3.0,0.0,3,1,1,1,2,0,1,0
239365,1742,0.0,6.0,0.0,2,1,1,1,1,0,1,0
239437,1679,0.0,0.0,0.0,9,7,2,1,8,0,1,0
239704,3392,0.0,4.0,2.0,4,1,1,1,3,0,1,0
240583,168,0.0,4.0,0.0,23,10,3,5,18,0,1,4
240882,1816,0.0,3.0,0.0,7,5,3,2,6,0,1,0
241140,1574,0.0,3.0,0.0,10,6,2,1,7,0,3,0
241244,4659,0.0,2.0,0.0,5,2,2,2,3,0,1,1
241251,661,0.0,3.0,1.0,5,1,1,2,4,0,1,0
242147,4079,0.0,3.0,0.0,2,1,1,1,0,0,2,0
2429,2124,0.0,6.0,0.0,10,6,1,2,8,0,2,0
243282,2482,0.0,3.0,1.0,4,1,1,2,2,0,1,1
243856,3875,0.0,2.0,1.0,22,4,2,2,19,0,3,0
244386,590,0.0,3.0,1.0,14,6,2,2,11,0,3,0
244420,804,0.0,4.0,0.0,2,1,1,1,1,0,1,0
244473,4022,0.0,5.0,1.0,5,3,2,1,4,0,1,0
244504,2108,0.0,3.0,1.0,2,1,1,1,1,0,1,0
245495,3013,0.0,4.0,1.0,18,9,2,4,17,0,1,0
245751,1835,0.0,4.0,0.0,13,10,3,1,12,0,1,0
245974,2608,0.0,0.0,1.0,5,3,1,1,4,0,1,0
246352,594,0.0,3.0,0.0,3,1,1,1,2,0,1,0
246369,2124,1.0,5.0,0.0,24,18,2,5,23,0,1,0
246739,2954,0.0,0.0,0.0,13,7,3,1,11,0,2,0
247105,3968,0.0,2.0,0.0,2,2,2,1,0,0,1,1
24733,3622,0.0,0.0,1.0,4,2,1,2,2,0,1,1
247392,3098,0.0,5.0,0.0,65,47,9,3,63,0,1,1
247449,4850,0.0,5.0,0.0,1,1,1,1,0,0,1,0
247617,4976,0.0,3.0,0.0,17,15,4,2,16,0,1,0
247689,1632,0.0,6.0,1.0,17,9,1,1,15,0,1,1
247754,4793,0.0,3.0,0.0,3,1,1,1,2,0,1,0
247843,742,0.0,3.0,0.0,2,1,1,2,0,0,1,1
248089,606,0.0,4.0,2.0,5,2,1,1,4,0,1,0
248287,3734,1.0,2.0,1.0,10,6,4,4,8,0,1,1
248377,3541,0.0,0.0,0.0,6,4,1,1,5,0,1,0
248493,1816,0.0,0.0,1.0,2,1,1,1,1,0,1,0
248698,4308,0.0,7.0,1.0,3,1,1,1,2,0,1,0
248756,63,0.0,3.0,0.0,2,2,2,1,0,0,2,0
248819,598,0.0,3.0,0.0,4,2,1,1,3,0,1,0
248927,1223,0.0,3.0,0.0,7,5,2,1,6,0,1,0
248974,951,0.0,5.0,0.0,4,1,1,2,2,1,1,0
249408,3585,0.0,3.0,0.0,43,15,2,1,42,0,1,0
249503,4173,0.0,3.0,1.0,5,4,2,2,4,0,1,0
249725,4044,0.0,5.0,1.0,2,1,1,1,1,0,1,0
250052,803,0.0,0.0,1.0,8,3,2,1,7,0,1,0
250067,3451,0.0,5.0,0.0,1,1,1,1,0,0,1,0
250234,4775,0.0,6.0,0.0,1,1,1,1,0,0,1,0
250927,2082,0.0,0.0,0.0,41,10,3,5,37,0,2,2
251031,598,0.0,4.0,1.0,11,1,1,3,10,0,1,0
251434,1724,0.0,3.0,1.0,1,1,1,1,0,0,1,0
251454,748,0.0,4.0,1.0,7,4,1,1,6,0,1,0
251807,2883,0.0,3.0,0.0,12,6,3,2,10,0,1,1
252038,145,0.0,3.0,0.0,7,6,1,1,6,0,1,0
252042,2026,0.0,0.0,1.0,11,6,5,1,10,0,1,0
252389,4287,0.0,6.0,0.0,4,1,1,1,3,0,1,0
252391,503,0.0,3.0,0.0,4,2,1,2,3,0,1,0
252702,2008,0.0,0.0,0.0,6,2,1,1,5,0,1,0
253050,3004,0.0,4.0,0.0,2,1,1,1,1,0,1,0
25337,3898,0.0,5.0,1.0,5,1,1,1,4,0,1,0
253570,1305,0.0,3.0,0.0,2,1,1,2,0,0,1,1
2551,200,0.0,0.0,1.0,2,1,1,1,1,0,1,0
255227,2873,0.0,4.0,1.0,5,3,3,1,3,0,2,0
255248,2639,1.0,0.0,1.0,6,3,1,1,3,0,3,0
25609,3339,0.0,0.0,1.0,22,3,2,2,19,0,2,1
256474,3424,0.0,0.0,0.0,10,7,1,2,8,0,2,0
256987,1487,0.0,0.0,0.0,6,3,1,1,5,0,1,0
257504,2950,0.0,0.0,0.0,3,1,1,2,2,0,1,0
257521,4043,0.0,3.0,1.0,1,1,1,1,0,0,1,0
257553,3965,0.0,5.0,0.0,37,11,2,1,32,0,4,1
257722,1816,0.0,2.0,1.0,4,1,1,1,3,0,1,0
258282,1888,0.0,0.0,1.0,6,3,1,1,5,0,1,0
258341,4568,0.0,5.0,0.0,3,1,1,1,2,0,1,0
258445,2482,0.0,3.0,0.0,10,4,3,2,8,0,2,0
258554,1892,0.0,0.0,0.0,16,6,4,2,13,0,3,0
259008,4648,0.0,2.0,1.0,2,1,1,1,1,0,1,0
259188,1724,0.0,4.0,0.0,21,4,2,4,19,0,1,1
259192,4783,0.0,5.0,0.0,3,1,1,1,1,0,2,0
259200,4048,1.0,7.0,0.0,10,2,1,2,8,0,2,0
259285,437,0.0,3.0,0.0,16,3,1,3,15,0,1,0
259579,3865,0.0,2.0,0.0,2,1,1,1,1,0,1,0
259709,951,0.0,3.0,0.0,3,1,1,1,1,0,2,0
260423,4976,0.0,3.0,0.0,36,24,4,2,35,0,1,0
260540,2634,0.0,6.0,1.0,10,6,1,1,9,0,1,0
260697,4099,0.0,5.0,0.0,5,3,2,2,4,0,1,0
260869,4173,0.0,0.0,0.0,18,9,4,6,17,0,1,0
261414,4460,0.0,2.0,0.0,2,1,1,1,1,0,1,0
262419,2569,0.0,3.0,0.0,4,3,1,1,3,0,1,0
262469,3057,0.0,0.0,0.0,4,1,1,2,3,0,1,0
262539,2124,0.0,3.0,0.0,106,47,3,38,96,0,1,9
262585,2278,0.0,2.0,0.0,10,1,1,3,8,0,1,1
263056,351,1.0,2.0,1.0,6,1,1,2,4,0,1,1
263308,1661,0.0,3.0,0.0,10,3,1,2,7,0,1,2
264682,1679,0.0,4.0,0.0,19,6,3,2,13,0,2,4
265987,2559,0.0,3.0,0.0,2,1,1,2,0,0,1,1
266285,4170,0.0,4.0,0.0,1,1,1,1,0,0,1,0
266847,2821,0.0,4.0,0.0,4,1,1,1,3,0,1,0
266848,1056,0.0,3.0,0.0,8,5,4,4,7,0,1,0
267002,2639,0.0,3.0,0.0,6,2,1,1,5,0,1,0
26704,2981,0.0,3.0,0.0,2,1,1,1,1,0,1,0
26720,4760,0.0,0.0,1.0,8,5,4,2,7,0,1,0
267291,4718,0.0,3.0,0.0,14,5,4,2,12,0,2,0
267345,4818,0.0,3.0,1.0,12,1,1,1,9,0,2,1
267380,3471,0.0,5.0,0.0,4,1,1,3,2,0,1,1
267927,3476,0.0,4.0,2.0,2,1,1,1,1,0,1,0
268710,4662,0.0,3.0,0.0,4,3,2,1,3,0,1,0
269376,2821,0.0,4.0,0.0,5,1,1,2,4,0,1,0
269399,1102,0.0,0.0,0.0,55,35,8,6,54,0,1,0
269404,1379,0.0,6.0,0.0,2,1,1,1,1,0,1,0
270049,4818,0.0,0.0,0.0,21,13,4,8,18,0,1,2
270134,4976,0.0,2.0,0.0,3,2,1,1,2,0,1,0
27034,2031,0.0,0.0,0.0,2,1,1,1,1,0,1,0
270684,1340,1.0,6.0,0.0,20,13,4,3,16,1,3,0
270944,4044,0.0,6.0,0.0,6,3,2,2,4,0,1,1
271067,1923,0.0,0.0,0.0,3,1,1,1,2,0,1,0
271100,2175,0.0,2.0,0.0,7,2,2,1,6,0,1,0
271141,4847,0.0,4.0,2.0,8,3,3,4,5,0,2,1
271276,586,0.0,6.0,1.0,52,37,8,1,50,0,2,0
271340,3103,0.0,0.0,0.0,9,2,2,1,8,0,1,0
271630,2880,0.0,0.0,0.0,1,1,1,1,0,0,1,0
272179,1923,0.0,3.0,1.0,1,1,1,1,0,0,1,0
272322,3623,0.0,0.0,0.0,5,1,1,1,4,0,1,0
272387,1557,0.0,0.0,0.0,6,2,2,2,5,0,1,0
27244,2883,0.0,4.0,0.0,30,14,1,2,29,0,1,0
272643,2683,0.0,2.0,0.0,5,2,1,1,4,0,1,0
272668,1968,0.0,null,null,6,1,1,1,4,0,2,0
27283,1126,0.0,3.0,0.0,10,4,3,4,9,0,1,0
272894,4438,0.0,5.0,0.0,10,4,1,3,9,0,1,0
273003,1784,0.0,4.0,0.0,18,10,5,1,14,0,4,0
273777,2445,0.0,5.0,1.0,3,1,1,1,2,0,1,0
274292,3734,1.0,4.0,0.0,4,3,2,2,1,0,3,0
274466,1308,0.0,3.0,1.0,11,3,3,1,9,0,2,0
274610,4282,0.0,2.0,1.0,51,34,13,7,45,0,1,5
274886,1890,0.0,3.0,0.0,2,1,1,2,0,0,1,1
2749,4926,0.0,0.0,0.0,1,1,1,1,0,0,1,0
27491,1437,0.0,0.0,0.0,7,4,1,1,6,0,1,0
275148,10,0.0,0.0,0.0,25,7,3,2,23,0,2,0
275305,1875,1.0,5.0,0.0,8,7,4,2,5,0,2,1
275376,1116,0.0,2.0,0.0,5,1,1,1,4,0,1,0
275504,2118,0.0,0.0,0.0,3,1,1,1,2,0,1,0
275679,4976,0.0,2.0,1.0,23,1,1,2,22,0,1,0
276092,1485,0.0,3.0,0.0,20,11,4,4,17,0,1,2
276717,4607,0.0,0.0,1.0,2,1,1,1,1,0,1,0
27681,323,0.0,4.0,1.0,34,6,1,6,32,1,1,0
276817,2780,0.0,4.0,1.0,13,1,1,2,11,0,1,1
276956,3463,0.0,0.0,0.0,10,5,4,3,9,0,1,0
278390,3614,0.0,0.0,1.0,1,1,1,1,0,0,1,0
278520,4605,0.0,3.0,0.0,7,3,2,2,4,0,3,0
278697,4659,0.0,3.0,0.0,10,8,3,4,8,0,2,0
278798,654,0.0,3.0,1.0,2,1,1,1,1,0,1,0
27881,351,0.0,2.0,0.0,2,1,1,1,1,0,1,0
27935,4847,0.0,0.0,0.0,10,5,1,1,9,0,1,0
279693,3822,0.0,0.0,0.0,2,1,1,2,1,0,1,0
279979,682,1.0,0.0,1.0,4,2,2,2,3,0,1,0
279985,3350,0.0,3.0,0.0,2,2,1,1,0,0,2,0
280742,778,0.0,0.0,1.0,7,1,1,2,6,0,1,0
280968,415,0.0,4.0,0.0,4,1,1,1,3,0,1,0
280973,1487,0.0,0.0,0.0,4,1,1,1,3,0,1,0
281001,3286,0.0,7.0,0.0,14,4,2,2,12,0,2,0
281357,1076,0.0,7.0,0.0,8,2,1,2,7,0,1,0
281557,4325,0.0,4.0,2.0,13,7,3,3,12,0,1,0
282359,4150,0.0,3.0,0.0,5,2,1,1,4,0,1,0
282906,1393,0.0,3.0,0.0,41,14,4,5,35,0,2,4
283451,503,0.0,0.0,0.0,8,5,3,3,7,0,1,0
283528,4050,0.0,4.0,1.0,1,1,1,1,0,0,1,0
28380,4354,0.0,3.0,0.0,1,1,1,1,0,0,1,0
283913,4992,0.0,0.0,0.0,3,2,1,1,2,0,1,0
284985,3195,0.0,0.0,0.0,7,2,1,3,6,0,1,0
285350,3826,0.0,3.0,1.0,3,1,1,1,2,0,1,0
285392,3085,0.0,3.0,0.0,24,17,3,1,22,0,2,0
285578,2124,0.0,4.0,0.0,4,3,2,1,3,0,1,0
286172,1272,0.0,0.0,0.0,10,2,1,3,8,0,1,1
286182,4044,0.0,3.0,0.0,26,12,5,2,20,0,2,4
286237,4265,0.0,3.0,1.0,18,5,4,2,17,0,1,0
286336,1861,1.0,7.0,0.0,12,6,2,1,11,0,1,0
286456,4171,0.0,4.0,0.0,2,1,1,1,0,0,2,0
286825,3971,0.0,0.0,1.0,6,5,1,1,5,0,1,0
286920,4043,1.0,3.0,0.0,16,9,2,2,11,0,4,1
287329,3323,0.0,4.0,0.0,6,3,1,1,5,0,1,0
287666,602,0.0,4.0,1.0,3,1,1,1,2,0,1,0
28786,4558,0.0,3.0,0.0,1,1,1,1,0,0,1,0
287931,4044,1.0,2.0,0.0,23,12,5,2,19,0,1,3
288040,1075,0.0,0.0,0.0,5,1,1,4,4,0,1,0
288739,2436,0.0,3.0,2.0,2,1,1,2,0,0,1,1
289303,641,0.0,5.0,0.0,3,2,2,2,1,0,2,0
289543,3936,0.0,0.0,1.0,2,1,1,1,1,0,1,0
290868,1884,0.0,6.0,0.0,6,1,1,1,5,0,1,0
291013,4044,0.0,0.0,0.0,3,1,1,1,2,0,1,0
291134,4256,0.0,0.0,0.0,18,3,3,3,16,0,1,1
291640,1346,0.0,3.0,1.0,9,3,1,2,7,0,1,1
291670,3936,1.0,3.0,1.0,3,2,2,2,2,0,1,0
292305,310,0.0,3.0,1.0,5,2,1,1,4,0,1,0
292524,2138,0.0,2.0,1.0,9,2,2,2,8,0,1,0
292541,1272,0.0,3.0,1.0,10,1,1,3,9,0,1,0
292915,4933,0.0,3.0,0.0,3,1,1,1,2,0,1,0
29303,1352,0.0,5.0,0.0,1,1,1,1,0,0,1,0
293069,2565,0.0,0.0,0.0,3,1,1,1,2,0,1,0
29359,3609,0.0,3.0,0.0,3,2,1,1,2,0,1,0
293694,4071,0.0,3.0,0.0,5,1,1,2,2,0,3,0
29441,3536,0.0,3.0,0.0,10,5,3,1,8,0,2,0
294650,3230,0.0,5.0,1.0,1,1,1,1,0,0,1,0
294733,4281,0.0,6.0,0.0,1,1,1,1,0,0,1,0
294900,1102,0.0,4.0,1.0,7,2,1,1,6,0,1,0
294942,4919,0.0,0.0,1.0,6,2,2,1,5,0,1,0
295284,1784,0.0,6.0,0.0,15,9,5,2,13,0,2,0
295781,3576,0.0,3.0,0.0,2,1,1,2,0,0,1,1
296958,1504,0.0,0.0,1.0,2,1,1,1,1,0,1,0
297313,2102,0.0,3.0,0.0,12,4,4,1,11,0,1,0
29737,4336,0.0,0.0,0.0,13,6,1,1,12,0,1,0
297426,2108,0.0,3.0,1.0,4,1,1,1,3,0,1,0
297647,3578,0.0,0.0,1.0,4,1,1,1,3,0,1,0
298459,4420,0.0,5.0,0.0,10,2,1,3,8,0,1,1
298654,3828,0.0,2.0,0.0,5,2,2,1,4,0,1,0
298702,2664,0.0,3.0,0.0,7,6,3,1,6,0,1,0
299041,2523,0.0,6.0,1.0,2,1,1,1,1,0,1,0
299052,4847,1.0,4.0,0.0,4,4,3,1,0,0,4,0
299098,227,0.0,2.0,0.0,24,7,2,5,22,0,1,1
299303,3607,0.0,3.0,0.0,10,5,2,2,9,0,1,0
299367,2445,0.0,3.0,1.0,17,6,3,1,16,0,1,0
299448,293,0.0,4.0,1.0,4,1,1,1,3,0,1,0
300006,189,0.0,3.0,0.0,3,1,1,2,2,0,1,0
300010,1122,0.0,0.0,0.0,7,3,1,2,5,0,1,1
300111,685,0.0,4.0,1.0,5,2,1,1,4,0,1,0
300146,1764,0.0,6.0,1.0,4,1,1,1,3,0,1,0
30024,2403,0.0,4.0,0.0,48,26,7,3,33,0,6,9
30030,2422,0.0,4.0,0.0,6,2,1,2,5,0,1,0
300975,3723,0.0,2.0,1.0,12,2,1,1,10,0,2,0
300992,1833,0.0,2.0,0.0,15,6,3,3,14,0,1,0
301038,4150,0.0,4.0,0.0,2,1,1,1,1,0,1,0
301063,4079,0.0,3.0,1.0,8,3,1,1,1,0,7,0
301090,2066,0.0,2.0,0.0,3,1,1,1,2,0,1,0
301223,3205,0.0,4.0,0.0,15,5,4,2,12,0,3,0
301732,742,0.0,0.0,null,3,1,1,1,2,0,1,0
302736,4728,0.0,0.0,1.0,9,2,2,1,8,0,1,0
302798,1514,0.0,4.0,0.0,7,3,1,3,3,0,1,3
303022,323,0.0,5.0,0.0,3,1,1,1,2,0,1,0
303142,3545,0.0,0.0,1.0,3,2,1,1,1,0,2,0
303494,4071,0.0,3.0,1.0,13,3,1,2,11,0,1,1
303586,740,0.0,5.0,1.0,2,1,1,2,1,0,1,0
303634,3463,1.0,7.0,1.0,35,17,6,2,34,0,1,0
303999,4048,0.0,3.0,1.0,3,1,1,3,2,0,1,0
304919,1892,0.0,3.0,0.0,12,3,2,1,10,0,2,0
304946,4830,0.0,2.0,0.0,34,5,1,6,31,0,1,2
304979,4728,0.0,0.0,null,12,5,2,1,11,0,1,0
305635,3826,0.0,4.0,0.0,2,1,1,1,0,0,2,0
305697,2403,0.0,3.0,1.0,11,3,2,1,7,0,4,0
305873,302,1.0,4.0,0.0,22,10,1,3,16,0,6,0
306255,398,0.0,6.0,0.0,16,4,1,2,14,0,1,1
306276,3734,0.0,3.0,1.0,58,33,7,2,53,0,4,1
306568,4594,0.0,2.0,0.0,2,1,1,1,1,0,1,0
307408,3205,0.0,3.0,0.0,22,8,2,3,13,0,1,8
307572,1943,0.0,2.0,1.0,14,4,3,1,13,0,1,0
307800,4966,0.0,0.0,0.0,20,9,5,4,17,0,3,0
307858,1923,0.0,6.0,0.0,1,1,1,1,0,0,1,0
307894,4589,0.0,3.0,0.0,1,1,1,1,0,0,1,0
308349,4043,1.0,2.0,0.0,14,9,8,2,12,0,1,1
308704,1964,0.0,0.0,0.0,6,2,2,1,5,0,1,0
309123,474,0.0,4.0,0.0,3,2,2,1,2,0,1,0
309285,534,0.0,4.0,0.0,2,1,1,2,1,0,1,0
309747,4468,0.0,3.0,1.0,18,11,2,1,17,0,1,0
309972,3986,0.0,2.0,0.0,11,2,1,2,10,0,1,0
310221,1056,0.0,5.0,0.0,24,15,10,3,23,0,1,0
310675,2193,0.0,4.0,0.0,16,7,4,1,14,0,2,0
311050,3990,0.0,4.0,0.0,2,1,1,2,1,0,1,0
311649,4090,1.0,2.0,2.0,3,1,1,1,2,0,1,0
311772,4049,0.0,4.0,2.0,20,8,4,4,16,0,1,3
311820,3460,0.0,2.0,0.0,5,3,1,2,4,0,1,0
311963,2131,0.0,2.0,1.0,7,3,1,2,6,0,1,0
312317,337,0.0,2.0,0.0,57,37,9,2,53,0,4,0
312525,4044,0.0,2.0,0.0,60,37,7,2,59,0,1,0
312559,3159,0.0,3.0,0.0,7,2,2,2,5,0,2,0
312565,2545,0.0,4.0,1.0,95,50,17,12,93,0,2,0
31261,310,0.0,5.0,0.0,3,1,1,1,2,0,1,0
312917,2303,0.0,3.0,1.0,9,2,1,2,8,0,1,0
313110,4217,0.0,4.0,0.0,4,1,1,1,1,0,3,0
313540,3925,0.0,4.0,1.0,3,1,1,3,1,0,1,1
314224,2537,1.0,3.0,0.0,8,5,3,3,6,0,2,0
314449,2397,0.0,0.0,0.0,10,3,1,3,9,0,1,0
314866,4976,0.0,3.0,0.0,7,6,2,2,0,0,1,6
315186,3541,0.0,0.0,0.0,3,2,1,1,2,0,1,0
315700,4735,0.0,null,null,1,1,1,1,0,0,1,0
316049,1788,0.0,2.0,1.0,8,2,1,1,7,0,1,0
316481,2161,0.0,6.0,0.0,17,6,3,2,15,0,2,0
316497,4056,0.0,4.0,1.0,8,3,2,3,6,1,1,0
316506,4745,0.0,6.0,0.0,21,3,1,1,19,0,2,0
31678,2217,0.0,4.0,0.0,3,1,1,1,2,0,1,0
316826,4044,0.0,2.0,0.0,4,3,3,1,2,0,1,1
317244,1752,0.0,2.0,0.0,21,6,3,1,16,0,5,0
317383,4818,1.0,5.0,1.0,41,17,5,4,40,0,1,0
317447,121,0.0,5.0,0.0,27,10,5,3,24,0,2,1
317823,4976,0.0,4.0,2.0,5,2,1,2,4,0,1,0
318211,1895,0.0,3.0,0.0,2,1,1,1,1,0,1,0
31858,1760,0.0,5.0,1.0,3,1,1,1,2,0,1,0
318709,2511,0.0,0.0,0.0,23,3,1,5,20,0,1,2
319082,949,0.0,5.0,0.0,4,3,2,1,3,0,1,0
319416,2447,1.0,4.0,0.0,13,1,1,2,12,0,1,0
319440,1923,0.0,3.0,1.0,4,1,1,1,3,0,1,0
319456,598,0.0,3.0,1.0,7,4,3,1,6,0,1,0
319473,2273,0.0,4.0,0.0,2,1,1,1,1,0,1,0
319761,2669,0.0,5.0,0.0,17,9,3,4,15,0,1,1
320411,574,0.0,3.0,0.0,3,1,1,1,2,0,1,0
320550,4048,0.0,2.0,0.0,11,5,1,2,10,0,1,0
320597,414,0.0,6.0,0.0,30,16,5,8,22,0,1,7
320730,4992,0.0,3.0,2.0,7,2,1,2,6,0,1,0
320822,3472,0.0,4.0,1.0,4,1,1,2,3,0,1,0
32096,4173,0.0,3.0,1.0,8,2,1,3,7,0,1,0
321570,1346,0.0,3.0,2.0,2,1,1,1,0,0,1,1
321816,2565,1.0,3.0,0.0,1,1,1,1,0,0,1,0
322171,4048,0.0,2.0,0.0,3,1,1,1,2,0,1,0
322666,2721,0.0,6.0,0.0,1,1,1,1,0,0,1,0
322696,742,0.0,4.0,0.0,7,2,1,1,6,0,1,0
323280,1318,0.0,3.0,1.0,15,7,5,1,14,0,1,0
32383,310,0.0,3.0,1.0,5,1,1,2,4,0,1,0
324106,4079,0.0,4.0,0.0,3,1,1,1,2,0,1,0
324287,3080,0.0,5.0,1.0,5,2,1,1,4,0,1,0
32443,1760,0.0,0.0,0.0,7,4,2,2,5,0,2,0
324553,2273,1.0,6.0,0.0,6,1,1,3,5,0,1,0
325062,1102,0.0,0.0,0.0,41,10,1,6,40,0,1,0
325159,1150,0.0,0.0,0.0,8,1,1,2,7,0,1,0
325251,320,0.0,4.0,0.0,1,1,1,1,0,0,1,0
325411,3154,0.0,3.0,0.0,3,1,1,2,2,0,1,0
325961,967,0.0,5.0,0.0,3,2,1,1,2,0,1,0
326196,1024,0.0,4.0,0.0,5,1,1,1,4,0,1,0
326524,20,0.0,2.0,1.0,17,12,1,1,15,0,1,1
327188,2536,0.0,4.0,2.0,1,1,1,1,0,0,1,0
327263,4358,0.0,3.0,0.0,17,8,3,1,16,0,1,0
327430,4504,0.0,0.0,1.0,73,4,1,2,72,0,1,0
32756,4173,0.0,0.0,0.0,8,5,4,1,7,0,1,0
327697,2403,0.0,2.0,0.0,2,2,2,1,0,0,2,0
327947,1375,0.0,0.0,null,33,14,7,3,26,0,7,0
327957,3345,0.0,3.0,0.0,4,1,1,1,3,0,1,0
328843,4950,0.0,3.0,0.0,27,10,3,1,23,0,2,2
329308,1131,0.0,3.0,0.0,16,5,5,9,14,0,1,1
32941,4368,0.0,4.0,0.0,4,3,3,2,3,0,1,0
329421,3635,0.0,4.0,0.0,3,1,1,1,2,0,1,0
32967,4705,0.0,0.0,0.0,13,3,2,1,12,0,1,0
329691,66,0.0,2.0,0.0,1,1,1,1,0,0,1,0
330183,3979,0.0,3.0,1.0,11,3,2,2,10,0,1,0
330670,1698,0.0,7.0,0.0,8,2,2,2,5,0,1,2
330978,1890,0.0,4.0,0.0,14,5,2,2,10,0,1,3
331621,1102,0.0,3.0,0.0,54,21,6,5,53,0,1,0
332597,3586,0.0,3.0,0.0,6,3,2,1,3,0,3,0
332720,1885,0.0,0.0,0.0,2,1,1,1,1,0,1,0
332856,963,0.0,2.0,0.0,2,1,1,1,1,0,1,0
333054,3954,0.0,3.0,0.0,2,1,1,1,1,0,1,0
33313,4504,0.0,3.0,1.0,8,2,1,1,7,0,1,0
33351,296,0.0,4.0,0.0,4,1,1,1,3,0,1,0
333626,3424,0.0,3.0,0.0,8,4,2,2,7,0,1,0
333659,20,0.0,3.0,1.0,2,1,1,1,1,0,1,0
333684,2565,0.0,0.0,null,2,1,1,1,1,0,1,0
334048,3480,0.0,5.0,1.0,3,1,1,1,2,0,1,0
334281,1916,0.0,3.0,1.0,15,7,1,1,13,0,2,0
33444,1472,0.0,3.0,0.0,21,2,1,3,20,0,1,0
334844,2450,0.0,3.0,0.0,7,1,1,1,5,0,2,0
335188,2895,0.0,4.0,0.0,4,3,2,3,0,0,1,3
335573,3726,0.0,3.0,0.0,8,2,1,2,7,0,1,0
335875,1166,0.0,2.0,0.0,1,1,1,1,0,0,1,0
336922,2273,0.0,0.0,0.0,4,1,1,1,3,0,1,0
336945,2954,0.0,3.0,0.0,4,2,2,2,3,0,1,0
337159,4234,0.0,3.0,0.0,6,2,2,2,5,0,1,0
337319,1499,0.0,4.0,2.0,24,8,5,1,19,0,4,1
337416,2611,1.0,6.0,0.0,6,4,3,1,4,0,2,0
337502,3693,0.0,4.0,1.0,7,1,1,1,6,0,1,0
337677,794,0.0,4.0,1.0,12,5,1,4,11,0,1,0
337786,2244,0.0,3.0,0.0,5,3,1,1,4,0,1,0
338151,1050,0.0,6.0,0.0,4,1,1,1,3,0,1,0
338448,523,0.0,6.0,0.0,3,2,1,1,2,0,1,0
338616,3941,0.0,2.0,0.0,32,7,2,3,29,0,1,2
33869,2465,0.0,3.0,1.0,10,5,3,2,9,0,1,0
338725,1076,0.0,6.0,1.0,3,1,1,2,2,0,1,0
339526,1628,0.0,5.0,0.0,3,1,1,1,2,0,1,0
339659,3826,1.0,2.0,1.0,11,2,1,2,8,1,2,0
339785,977,0.0,0.0,1.0,2,1,1,1,1,0,1,0
339886,2981,0.0,6.0,0.0,2,1,1,1,1,0,1,0
33995,3887,0.0,3.0,0.0,5,4,2,1,4,0,1,0
340104,3263,0.0,2.0,0.0,5,3,3,1,3,0,2,0
340258,3965,0.0,6.0,0.0,9,3,1,1,8,0,1,0
340403,1102,0.0,0.0,0.0,66,19,3,6,64,0,2,0
341131,4044,0.0,0.0,0.0,4,1,1,1,3,0,1,0
341266,2217,0.0,0.0,1.0,16,3,1,5,15,0,1,0
341397,4966,0.0,3.0,2.0,22,13,10,3,20,0,2,0
341436,3925,0.0,3.0,0.0,52,30,5,1,50,0,1,1
341485,2928,0.0,5.0,0.0,4,1,1,1,3,0,1,0
341491,4648,0.0,0.0,0.0,3,2,1,1,1,0,2,0
341525,1939,0.0,6.0,1.0,5,2,1,1,4,0,1,0
341922,4124,0.0,3.0,0.0,7,1,1,3,6,0,1,0
341949,4584,0.0,4.0,0.0,2,1,1,2,0,0,1,1
342289,1851,0.0,0.0,1.0,7,3,3,1,6,0,1,0
342354,4605,0.0,4.0,1.0,35,15,9,1,27,0,8,0
342632,2888,0.0,0.0,1.0,6,1,1,1,3,0,3,0
343138,1102,1.0,6.0,0.0,8,6,3,3,6,0,2,0
343169,3063,0.0,0.0,0.0,4,1,1,1,3,0,1,0
343343,1679,0.0,5.0,0.0,35,21,4,2,29,0,1,5
343428,2026,0.0,2.0,1.0,7,2,2,1,6,0,1,0
344326,1346,0.0,0.0,0.0,1,1,1,1,0,0,1,0
344895,317,0.0,0.0,0.0,9,1,1,2,6,1,1,1
344918,3839,0.0,4.0,0.0,24,10,2,3,23,0,1,0
345084,3668,0.0,4.0,0.0,2,2,2,1,0,0,2,0
345715,2856,0.0,0.0,1.0,3,1,1,1,2,0,1,0
345962,2051,0.0,3.0,0.0,14,6,2,2,12,0,1,1
346085,2321,0.0,0.0,0.0,6,1,1,1,5,0,1,0
346853,2991,0.0,0.0,1.0,5,1,1,1,4,0,1,0
347077,3954,1.0,5.0,1.0,3,1,1,1,2,0,1,0
347254,3968,0.0,0.0,0.0,2,1,1,1,1,0,1,0
347732,1501,0.0,6.0,2.0,13,6,2,1,11,0,2,0
347941,4335,0.0,0.0,0.0,2,1,1,1,1,0,1,0
34802,2537,0.0,5.0,0.0,11,5,4,2,10,0,1,0
348300,3839,0.0,0.0,0.0,3,1,1,1,2,0,1,0
348304,390,0.0,5.0,0.0,16,7,4,1,13,0,3,0
348859,2592,0.0,3.0,0.0,3,2,2,1,2,0,1,0
349137,4589,0.0,2.0,1.0,5,1,1,1,3,0,1,1
349325,4282,0.0,0.0,1.0,1,1,1,1,0,0,1,0
349579,2882,1.0,4.0,1.0,27,15,3,3,26,0,1,0
35029,1742,0.0,3.0,1.0,1,1,1,1,0,0,1,0
350525,1999,0.0,0.0,1.0,1,1,1,1,0,0,1,0
351049,3350,0.0,3.0,0.0,10,4,2,5,5,0,1,4
35158,4079,0.0,0.0,0.0,7,3,1,1,0,0,7,0
351907,4508,0.0,4.0,0.0,10,4,1,1,6,0,4,0
351913,3828,1.0,3.0,0.0,140,66,14,19,130,0,1,9
352169,547,0.0,4.0,0.0,59,4,2,18,55,0,1,3
352865,1840,0.0,5.0,0.0,3,2,1,1,2,0,1,0
353091,2099,0.0,3.0,0.0,7,1,1,1,6,0,1,0
353341,2318,0.0,4.0,1.0,1,1,1,1,0,0,1,0
353541,2281,0.0,3.0,0.0,4,1,1,1,3,0,1,0
353581,2582,0.0,0.0,0.0,5,2,1,1,3,0,1,1
353609,3152,0.0,0.0,1.0,18,7,1,3,16,1,1,0
354032,3828,0.0,4.0,0.0,1,1,1,1,0,0,1,0
354333,1900,0.0,0.0,1.0,4,1,1,1,3,0,1,0
354560,2730,0.0,6.0,1.0,16,9,1,4,15,0,1,0
354960,2091,0.0,3.0,1.0,4,2,1,1,3,0,1,0
354994,4385,0.0,6.0,1.0,3,1,1,1,2,0,1,0
355325,3734,1.0,2.0,1.0,6,5,3,1,5,0,1,0
35546,2424,0.0,6.0,0.0,7,2,1,2,5,0,1,1
355679,254,0.0,5.0,1.0,2,1,1,1,1,0,1,0
355757,1679,0.0,0.0,0.0,52,25,5,3,47,0,5,0
356129,2766,0.0,0.0,0.0,3,1,1,1,2,0,1,0
356437,3448,0.0,3.0,0.0,4,1,1,1,3,0,1,0
356509,323,0.0,5.0,0.0,5,1,1,1,4,0,1,0
357184,361,0.0,5.0,0.0,2,1,1,1,1,0,1,0
357194,4659,0.0,2.0,0.0,34,15,6,9,27,0,2,5
357356,3629,0.0,4.0,0.0,8,4,2,1,7,0,1,0
357453,1861,0.0,0.0,0.0,4,2,1,1,3,0,1,0
357526,2664,0.0,3.0,0.0,31,17,2,2,30,0,1,0
357609,606,0.0,3.0,0.0,35,17,5,1,32,0,3,0
357624,1892,0.0,3.0,0.0,5,3,3,2,0,0,2,3
35763,1028,0.0,6.0,0.0,2,1,1,1,1,0,1,0
35788,4938,0.0,3.0,0.0,4,2,2,2,3,0,1,0
358213,1892,0.0,4.0,0.0,6,4,2,2,5,0,1,0
358228,1703,0.0,3.0,2.0,11,5,2,5,6,0,3,2
358430,2928,0.0,0.0,0.0,25,17,7,1,22,0,3,0
358460,1203,1.0,4.0,0.0,2,1,1,1,1,0,1,0
358913,1833,0.0,0.0,1.0,4,1,1,1,3,0,1,0
359111,4388,0.0,3.0,0.0,3,1,1,1,2,0,1,0
359119,4860,0.0,2.0,1.0,2,1,1,1,1,0,1,0
359225,4585,0.0,5.0,0.0,15,5,1,2,14,0,1,0
359824,3968,0.0,3.0,0.0,5,1,1,1,4,0,1,0
359980,3734,0.0,3.0,0.0,2,1,1,1,1,0,1,0
360044,4044,0.0,0.0,0.0,26,18,5,2,25,0,1,0
36021,2569,0.0,3.0,0.0,5,3,1,1,3,0,2,0
360283,4659,0.0,0.0,0.0,21,4,4,3,14,0,3,4
360494,4500,0.0,3.0,0.0,16,4,2,1,13,0,3,0
360778,4403,0.0,0.0,0.0,4,3,1,1,3,0,1,0
361112,742,0.0,0.0,0.0,37,4,2,4,36,0,1,0
361844,3545,0.0,3.0,1.0,5,1,1,2,3,0,1,1
362681,3288,0.0,3.0,0.0,4,1,1,1,1,0,3,0
363192,1948,0.0,0.0,0.0,6,1,1,1,4,0,1,1
36343,4480,0.0,4.0,1.0,7,3,2,1,5,0,2,0
363563,2669,0.0,5.0,1.0,8,6,1,2,7,0,1,0
363870,2928,0.0,5.0,0.0,8,2,1,1,7,0,1,0
364071,4992,0.0,4.0,1.0,2,1,1,2,0,0,1,1
364238,4864,0.0,0.0,1.0,7,2,2,1,6,0,1,0
364385,4938,0.0,2.0,1.0,4,1,1,1,3,0,1,0
365064,4090,0.0,5.0,0.0,13,4,1,2,12,0,1,0
365532,2545,0.0,3.0,1.0,21,11,4,3,20,0,1,0
36566,4394,0.0,0.0,0.0,1,1,1,1,0,0,1,0
365898,4976,0.0,2.0,0.0,9,3,1,3,8,0,1,0
366210,2318,0.0,3.0,0.0,14,4,3,3,12,0,1,1
366263,574,0.0,0.0,1.0,10,2,2,1,8,0,2,0
367257,3433,0.0,0.0,0.0,1,1,1,1,0,0,1,0
367331,3225,0.0,2.0,0.0,8,3,1,1,7,0,1,0
367708,416,1.0,0.0,0.0,27,13,4,2,26,0,1,0
367946,4525,1.0,5.0,0.0,13,9,2,3,8,0,5,0
368024,4368,0.0,5.0,2.0,6,3,2,1,5,0,1,0
368723,1642,0.0,2.0,0.0,2,1,1,1,1,0,1,0
369361,1126,0.0,2.0,1.0,5,1,1,1,4,0,1,0
369419,2536,0.0,4.0,0.0,6,1,1,2,4,0,1,1
369969,2795,1.0,3.0,0.0,3,1,1,2,1,0,1,1
370171,1432,0.0,4.0,0.0,3,1,1,1,2,0,1,0
370453,2014,0.0,4.0,0.0,1,1,1,1,0,0,1,0
370654,1918,0.0,4.0,0.0,10,4,2,2,9,0,1,0
371204,3734,0.0,0.0,1.0,9,4,2,2,8,0,1,0
371270,2746,0.0,3.0,1.0,2,1,1,1,1,0,1,0
371546,2318,1.0,5.0,0.0,5,3,2,2,4,0,1,0
371642,3080,0.0,3.0,1.0,3,1,1,1,2,0,1,0
371971,2026,0.0,2.0,1.0,6,2,1,2,4,0,1,1
372198,1330,0.0,5.0,0.0,13,3,1,2,12,0,1,0
372958,1891,0.0,5.0,2.0,4,1,1,1,3,0,1,0
373497,4976,0.0,4.0,0.0,1,1,1,1,0,0,1,0
373618,773,0.0,5.0,0.0,10,6,2,4,8,0,1,1
373675,2811,1.0,2.0,0.0,11,3,3,2,7,0,2,2
374016,4976,0.0,0.0,0.0,2,2,2,1,0,0,1,1
374089,4358,0.0,3.0,0.0,1,1,1,1,0,0,1,0
374277,4708,0.0,3.0,0.0,6,2,1,2,5,0,1,0
374536,2669,1.0,4.0,0.0,50,22,9,2,47,0,3,0
374883,141,0.0,2.0,0.0,57,30,11,4,46,0,2,9
37587,1884,0.0,6.0,0.0,14,6,2,1,12,0,2,0
376119,124,0.0,4.0,0.0,3,1,1,1,2,0,1,0
376425,1056,0.0,3.0,1.0,1,1,1,1,0,0,1,0
376626,682,0.0,2.0,1.0,2,1,1,1,1,0,1,0
3767,4860,1.0,5.0,0.0,5,1,1,1,3,0,2,0
377984,3912,0.0,5.0,0.0,1,1,1,1,0,0,1,0
378088,4022,0.0,0.0,0.0,9,4,2,2,7,0,2,0
378120,4708,0.0,4.0,1.0,5,1,1,3,4,0,1,0
37814,1067,0.0,4.0,0.0,2,1,1,1,1,0,1,0
378147,3432,1.0,7.0,0.0,196,112,13,10,170,1,6,19
378389,3528,0.0,5.0,0.0,4,1,1,2,3,0,1,0
378415,598,0.0,3.0,1.0,6,3,2,2,5,0,1,0
378563,1102,0.0,4.0,0.0,79,47,13,15,71,0,2,6
378569,1760,0.0,5.0,0.0,2,1,1,1,1,0,1,0
378744,643,0.0,4.0,1.0,1,1,1,1,0,0,1,0
379799,2318,0.0,3.0,0.0,5,2,2,2,4,0,1,0
380247,1679,0.0,4.0,1.0,5,1,1,1,4,0,1,0
380249,4044,0.0,3.0,0.0,94,31,10,5,87,0,3,4
380257,4919,0.0,3.0,0.0,4,1,1,2,3,0,1,0
380341,3303,1.0,5.0,0.0,10,3,2,3,8,0,1,1
380986,721,0.0,6.0,1.0,1,1,1,1,0,0,1,0
381198,2981,0.0,2.0,0.0,19,9,3,1,14,0,1,4
381562,522,0.0,5.0,0.0,2,1,1,2,1,0,1,0
381612,4926,0.0,4.0,0.0,3,3,2,2,2,0,1,0
3817,219,0.0,2.0,0.0,3,2,1,2,1,0,1,1
381713,606,0.0,3.0,0.0,10,4,3,2,9,0,1,0
381928,1890,0.0,4.0,1.0,6,1,1,2,5,0,1,0
382641,1495,0.0,2.0,0.0,1,1,1,1,0,0,1,0
382800,1923,0.0,0.0,0.0,8,1,1,1,6,0,1,1
382957,1393,0.0,4.0,0.0,17,13,6,4,16,0,1,0
383208,2403,1.0,3.0,0.0,52,20,3,3,47,0,5,0
383487,4336,0.0,6.0,1.0,4,1,1,1,3,0,1,0
383728,3173,0.0,0.0,0.0,3,1,1,1,0,0,2,1
38469,2791,0.0,2.0,1.0,3,1,1,1,2,0,1,0
385294,1056,0.0,0.0,0.0,10,5,4,2,8,0,2,0
38554,2766,0.0,0.0,0.0,2,1,1,1,1,0,1,0
385589,443,0.0,5.0,0.0,6,2,1,1,5,0,1,0
385775,1489,0.0,2.0,0.0,2,1,1,1,0,0,1,1
385846,4042,0.0,2.0,1.0,6,1,1,1,3,1,1,1
386208,632,0.0,6.0,0.0,4,1,1,1,3,0,1,0
387426,20,0.0,5.0,2.0,16,10,3,4,14,0,2,0
387692,4044,0.0,3.0,0.0,1,1,1,1,0,0,1,0
388132,1890,0.0,0.0,1.0,20,13,4,5,19,0,1,0
388618,905,0.0,3.0,0.0,1,1,1,1,0,0,1,0
388827,3152,0.0,4.0,1.0,5,5,1,1,0,0,5,0
389066,3289,0.0,4.0,0.0,9,7,2,1,8,0,1,0
389153,2403,0.0,4.0,0.0,5,3,1,1,4,0,1,0
389855,1557,1.0,0.0,1.0,13,5,1,1,11,0,2,0
389943,3500,0.0,0.0,0.0,12,3,1,1,11,0,1,0
389968,1833,0.0,6.0,0.0,40,13,1,2,37,0,3,0
390014,598,0.0,2.0,1.0,7,2,1,4,6,0,1,0
390248,3734,0.0,0.0,0.0,4,3,1,1,0,0,1,3
390992,1618,0.0,3.0,0.0,4,2,2,2,3,0,1,0
391059,289,0.0,2.0,1.0,5,2,1,2,4,0,1,0
39140,1098,1.0,6.0,0.0,6,2,1,3,5,0,1,0
391544,1538,0.0,0.0,1.0,7,2,1,1,6,0,1,0
391556,1432,0.0,2.0,1.0,1,1,1,1,0,0,1,0
391717,241,0.0,0.0,1.0,21,3,1,2,20,0,1,0
39180,3351,0.0,0.0,0.0,3,1,1,2,2,0,1,0
39194,4648,0.0,2.0,1.0,2,1,1,1,1,0,1,0
392414,1131,1.0,3.0,0.0,78,29,9,3,73,2,3,0
392547,946,0.0,4.0,0.0,12,5,3,1,8,0,4,0
393517,133,0.0,0.0,0.0,27,4,1,10,23,0,1,3
393669,4173,1.0,3.0,0.0,56,27,7,4,55,0,1,0
393681,2537,0.0,5.0,1.0,2,2,1,2,0,0,1,1
393687,66,0.0,3.0,1.0,6,2,1,2,5,0,1,0
393946,4949,0.0,7.0,0.0,57,25,8,2,54,1,2,0
394043,358,0.0,3.0,0.0,1,1,1,1,0,0,1,0
39428,1742,0.0,0.0,0.0,19,6,1,2,18,0,1,0
394350,437,0.0,0.0,0.0,5,3,2,3,4,0,1,0
3946,4444,0.0,3.0,1.0,6,1,1,1,2,0,4,0
394630,748,0.0,0.0,1.0,14,3,1,3,12,0,1,1
39561,4173,0.0,3.0,0.0,11,8,6,4,8,0,2,1
395619,4942,1.0,4.0,0.0,4,1,1,1,3,0,1,0
395892,2681,0.0,3.0,0.0,5,1,1,1,4,0,1,0
396041,2403,0.0,6.0,0.0,5,3,2,1,4,0,1,0
396171,946,0.0,5.0,0.0,25,9,2,8,21,0,1,3
396576,3411,0.0,4.0,0.0,4,1,1,2,3,0,1,0
397494,3578,0.0,4.0,0.0,45,17,2,4,43,0,2,0
397721,67,0.0,2.0,0.0,5,2,1,1,4,0,1,0
398023,798,0.0,3.0,0.0,3,3,2,2,2,0,1,0
398057,467,1.0,3.0,0.0,12,9,5,4,3,0,1,8
39842,1056,0.0,3.0,0.0,11,6,3,5,9,0,1,1
398421,1551,0.0,3.0,0.0,11,2,1,3,10,0,1,0
398503,1664,0.0,3.0,0.0,4,1,1,1,3,0,1,0
398918,4173,0.0,0.0,0.0,17,14,2,3,16,0,1,0
399161,861,0.0,3.0,1.0,4,1,1,1,3,0,1,0
399191,4818,0.0,3.0,1.0,46,30,3,6,45,0,1,0
399263,4044,0.0,3.0,0.0,35,16,4,2,34,0,1,0
399776,190,0.0,6.0,0.0,2,1,1,1,1,0,1,0
399974,4560,0.0,4.0,2.0,9,3,2,1,7,0,2,0
400670,3635,0.0,6.0,0.0,5,2,1,1,3,0,1,1
401071,4545,0.0,6.0,1.0,2,1,1,1,1,0,1,0
401427,685,0.0,4.0,0.0,1,1,1,1,0,0,1,0
402044,3670,0.0,6.0,0.0,9,3,1,2,8,0,1,0
402111,1963,0.0,4.0,0.0,27,14,2,1,26,0,1,0
402518,2537,0.0,0.0,0.0,3,1,1,1,2,0,1,0
402980,2193,0.0,3.0,0.0,17,11,4,3,16,0,1,0
403182,977,0.0,3.0,0.0,2,1,1,1,1,0,1,0
404237,1754,1.0,0.0,0.0,14,9,5,1,10,0,4,0
404522,643,0.0,6.0,1.0,5,1,1,2,4,0,1,0
404664,3968,0.0,3.0,0.0,7,3,3,5,5,0,1,1
404736,3936,0.0,2.0,1.0,4,1,1,2,3,0,1,0
405093,951,0.0,4.0,0.0,2,1,1,1,1,0,1,0
405768,684,0.0,3.0,1.0,19,9,4,2,16,0,3,0
405852,2031,0.0,4.0,0.0,6,3,3,2,4,0,2,0
406147,3173,0.0,3.0,0.0,8,4,2,1,6,0,2,0
406568,1708,0.0,3.0,1.0,1,1,1,1,0,0,1,0
406575,4871,0.0,3.0,1.0,1,1,1,1,0,0,1,0
406585,1526,0.0,3.0,0.0,24,11,3,3,22,0,1,1
407,4173,0.0,4.0,0.0,10,5,3,3,8,0,1,1
407297,1850,0.0,3.0,0.0,3,1,1,1,2,0,1,0
407459,2061,0.0,3.0,1.0,13,3,3,1,10,0,3,0
407515,3356,0.0,4.0,0.0,27,11,3,4,25,0,1,1
407649,3476,0.0,4.0,0.0,12,7,6,3,11,0,1,0
407659,962,0.0,4.0,null,7,3,2,1,6,0,1,0
408057,4793,0.0,0.0,1.0,10,2,1,1,9,0,1,0
408291,4043,0.0,3.0,1.0,7,3,3,2,4,0,3,0
408610,684,0.0,0.0,0.0,3,1,1,1,2,0,1,0
408923,4871,0.0,4.0,1.0,5,3,1,1,3,0,2,0
408982,4234,0.0,0.0,1.0,3,2,2,1,2,0,1,0
409258,424,0.0,0.0,0.0,4,2,1,1,3,0,1,0
409863,3545,0.0,3.0,0.0,1,1,1,1,0,0,1,0
410401,2995,0.0,2.0,0.0,3,2,1,2,2,0,1,0
410576,2397,0.0,4.0,0.0,1,1,1,1,0,0,1,0
411055,3095,0.0,3.0,2.0,5,2,2,2,4,0,1,0
411746,3319,0.0,4.0,0.0,43,19,6,3,38,0,3,2
411882,3734,1.0,3.0,0.0,9,1,1,1,7,0,1,1
412222,1890,0.0,0.0,1.0,6,1,1,1,5,0,1,0
412304,4648,0.0,3.0,0.0,46,20,7,1,41,0,5,0
41256,1703,0.0,4.0,0.0,14,5,2,4,12,0,1,1
413291,3873,0.0,6.0,0.0,2,1,1,1,1,0,1,0
413631,1056,0.0,3.0,1.0,25,10,5,4,24,0,1,0
413804,3763,1.0,3.0,0.0,6,2,1,1,5,0,1,0
413812,3323,0.0,4.0,1.0,16,5,1,1,15,0,1,0
414575,606,0.0,3.0,0.0,3,2,2,2,2,0,1,0
414896,4115,0.0,0.0,0.0,1,1,1,1,0,0,1,0
415312,2031,0.0,3.0,0.0,4,2,1,1,3,0,1,0
415820,4171,0.0,3.0,1.0,6,1,1,1,5,0,1,0
415961,4173,0.0,3.0,1.0,7,5,2,1,6,0,1,0
416281,2187,0.0,4.0,0.0,13,6,1,1,12,0,1,0
416672,594,0.0,2.0,2.0,4,1,1,2,3,0,1,0
416702,1487,0.0,3.0,0.0,45,17,1,3,43,0,1,1
416796,2543,0.0,0.0,0.0,2,1,1,1,1,0,1,0
416906,3102,0.0,3.0,2.0,8,1,1,1,7,0,1,0
416952,2721,0.0,5.0,0.0,42,30,1,2,37,0,2,3
416990,2193,0.0,3.0,0.0,9,4,2,1,8,0,1,0
417183,2629,0.0,6.0,0.0,1,1,1,1,0,0,1,0
418150,4585,0.0,6.0,1.0,2,1,1,2,1,0,1,0
418531,250,0.0,3.0,0.0,3,1,1,2,2,0,1,0
418555,2353,0.0,0.0,0.0,7,1,1,1,6,0,1,0
418766,653,0.0,3.0,1.0,4,2,2,1,3,0,1,0
419366,2124,0.0,6.0,0.0,17,9,2,1,14,0,1,2
419504,1275,0.0,2.0,1.0,9,1,1,2,7,0,1,1
419722,1272,0.0,6.0,0.0,16,6,3,3,15,0,1,0
419813,326,0.0,0.0,0.0,16,2,1,1,15,0,1,0
42054,3822,0.0,2.0,0.0,26,16,2,2,25,0,1,0
420719,3828,0.0,4.0,0.0,3,1,1,1,1,0,1,1
421008,1150,0.0,4.0,0.0,9,5,1,1,8,0,1,0
421356,2935,0.0,0.0,0.0,2,1,1,2,1,0,1,0
421407,141,0.0,0.0,0.0,6,4,3,1,5,0,1,0
421630,3350,0.0,0.0,0.0,3,1,1,1,2,0,1,0
421679,2108,0.0,4.0,0.0,3,1,1,2,2,0,1,0
421773,3075,0.0,0.0,1.0,2,1,1,1,1,0,1,0
42197,2537,0.0,2.0,0.0,59,12,6,4,55,0,2,2
42224,2569,0.0,4.0,0.0,29,18,2,4,22,0,3,4
422790,3841,0.0,0.0,0.0,6,1,1,1,4,0,1,1
423349,2403,0.0,0.0,0.0,56,16,2,5,54,0,2,0
423395,3090,0.0,0.0,0.0,16,11,3,1,14,0,1,1
42423,370,0.0,0.0,1.0,5,1,1,1,4,0,1,0
42952,1056,1.0,3.0,0.0,7,3,3,1,5,0,2,0
44055,4039,0.0,0.0,0.0,2,1,1,1,1,0,1,0
44371,3941,1.0,4.0,0.0,3,3,1,2,0,0,1,2
44668,962,0.0,3.0,0.0,2,1,1,1,1,0,1,0
44860,191,0.0,4.0,1.0,9,2,2,1,8,0,1,0
45337,4744,0.0,2.0,null,2,1,1,1,1,0,1,0
45677,3635,0.0,3.0,0.0,17,3,1,2,16,0,1,0
4586,1978,0.0,0.0,0.0,20,8,4,2,19,0,1,0
46411,3323,0.0,3.0,1.0,7,3,1,2,6,0,1,0
46577,1200,0.0,2.0,0.0,15,3,1,1,11,0,4,0
46670,4992,0.0,3.0,1.0,4,1,1,1,3,0,1,0
47261,2167,0.0,5.0,0.0,4,1,1,1,3,0,1,0
4730,1827,0.0,6.0,0.0,1,1,1,1,0,0,1,0
48758,3687,0.0,0.0,0.0,2,1,1,1,1,0,1,0
48959,3042,0.0,4.0,1.0,29,16,7,1,25,0,4,0
50388,4145,0.0,0.0,1.0,20,6,1,3,11,0,1,8
50422,941,0.0,3.0,0.0,2,2,2,2,1,0,1,0
5058,1454,1.0,0.0,0.0,5,3,3,1,3,0,2,0
50845,1102,1.0,0.0,0.0,138,61,13,6,124,0,1,13
5120,3828,0.0,4.0,1.0,10,3,1,1,9,0,1,0
51606,3462,0.0,0.0,1.0,3,1,1,1,2,0,1,0
52073,1704,0.0,3.0,0.0,3,1,1,2,2,0,1,0
52163,606,0.0,4.0,0.0,10,5,3,2,9,0,1,0
52363,1618,0.0,0.0,1.0,26,3,1,3,25,0,1,0
5259,4008,0.0,5.0,0.0,3,1,1,1,2,0,1,0
53375,3828,1.0,0.0,0.0,191,98,11,24,173,0,1,17
53862,2221,0.0,2.0,0.0,2,2,1,1,0,0,2,0
53939,104,0.0,3.0,0.0,2,1,1,1,0,0,2,0
54058,3065,0.0,6.0,0.0,3,1,1,2,1,0,1,1
54983,361,0.0,5.0,1.0,2,1,1,1,1,0,1,0
55308,293,0.0,4.0,0.0,4,1,1,1,3,0,1,0
55446,4091,0.0,4.0,0.0,2,1,1,1,1,0,1,0
56,3828,0.0,3.0,0.0,42,30,14,7,35,0,1,6
56854,58,0.0,5.0,0.0,8,3,2,2,7,0,1,0
56862,2821,0.0,3.0,1.0,6,1,1,1,5,0,1,0
57709,3682,0.0,4.0,0.0,44,5,1,7,38,0,1,5
58430,1102,0.0,3.0,0.0,3,2,2,1,2,0,1,0
58973,4760,0.0,4.0,1.0,15,5,3,4,12,0,1,2
591,3256,0.0,4.0,0.0,8,1,1,2,7,0,1,0
59107,2583,0.0,6.0,0.0,14,4,3,1,11,0,3,0
60410,3536,0.0,7.0,0.0,2,1,1,1,1,0,1,0
60664,747,0.0,3.0,2.0,5,1,1,1,4,0,1,0
60753,200,0.0,3.0,1.0,14,4,1,1,13,0,1,0
6161,1102,0.0,0.0,0.0,32,6,4,7,29,0,1,2
62040,4564,0.0,0.0,1.0,6,1,1,1,5,0,1,0
62122,4708,0.0,4.0,0.0,18,8,4,4,16,0,2,0
62203,598,0.0,3.0,1.0,10,3,2,3,6,0,1,3
6222,2294,0.0,5.0,0.0,5,1,1,1,4,0,1,0
63047,1427,0.0,0.0,0.0,9,3,3,1,8,0,1,0
63364,3881,0.0,0.0,0.0,3,1,1,1,2,0,1,0
63607,403,0.0,3.0,0.0,13,3,1,2,11,0,1,1
6367,3230,0.0,4.0,0.0,4,1,1,2,3,0,1,0
6392,4268,0.0,0.0,0.0,3,2,1,1,2,0,1,0
64573,3310,0.0,3.0,0.0,3,1,1,1,2,0,1,0
64773,3444,0.0,3.0,0.0,6,1,1,2,5,0,1,0
65268,1340,0.0,5.0,0.0,61,26,6,5,55,0,6,0
65407,3971,0.0,0.0,1.0,2,1,1,1,1,0,1,0
65898,3955,0.0,0.0,0.0,7,3,1,3,5,0,1,1
65946,1399,0.0,6.0,1.0,7,5,2,1,6,0,1,0
65961,4043,0.0,3.0,0.0,24,2,2,4,22,0,1,1
66221,3460,0.0,4.0,0.0,11,3,1,2,8,0,3,0
66226,2403,0.0,4.0,0.0,39,15,2,2,35,0,4,0
66975,1679,0.0,0.0,0.0,20,13,3,3,19,0,1,0
67193,1839,0.0,6.0,0.0,6,3,1,1,5,0,1,0
67273,2082,0.0,3.0,0.0,5,1,1,2,4,0,1,0
67542,2193,0.0,4.0,0.0,5,1,1,1,4,0,1,0
67622,4282,0.0,5.0,0.0,6,2,2,3,4,0,2,0
67632,1808,0.0,4.0,1.0,18,5,1,3,17,0,1,0
67721,311,0.0,3.0,0.0,1,1,1,1,0,0,1,0
67922,4926,0.0,0.0,0.0,24,12,10,3,21,0,3,0
68364,2795,0.0,3.0,0.0,5,4,3,2,4,0,1,0
68736,2093,0.0,4.0,1.0,10,2,1,1,9,0,1,0
69026,4731,0.0,4.0,0.0,3,1,1,2,2,0,1,0
69120,66,0.0,3.0,1.0,17,6,2,1,16,0,1,0
69210,1356,0.0,2.0,0.0,9,5,1,1,8,0,1,0
69356,3134,0.0,3.0,0.0,5,2,2,2,4,0,1,0
69557,3734,0.0,0.0,1.0,1,1,1,1,0,0,1,0
69732,395,0.0,3.0,0.0,4,1,1,1,3,0,1,0
70507,608,0.0,5.0,1.0,34,9,3,2,32,0,2,0
70576,191,0.0,3.0,0.0,2,1,1,2,0,0,1,1
70659,2790,0.0,5.0,0.0,17,6,3,2,14,0,3,0
70662,2167,0.0,3.0,1.0,3,1,1,2,1,0,1,1
70689,311,0.0,2.0,1.0,19,5,1,1,18,0,1,0
70708,2014,0.0,3.0,0.0,16,2,1,5,14,0,1,1
70750,2592,0.0,0.0,0.0,15,4,2,1,13,0,2,0
71161,1679,1.0,0.0,0.0,16,6,3,6,14,0,2,0
71231,4043,0.0,0.0,0.0,12,4,4,1,9,0,3,0
71736,1679,0.0,4.0,1.0,3,2,2,1,2,0,1,0
71964,1892,0.0,3.0,0.0,14,4,2,3,13,0,1,0
72085,2565,0.0,0.0,1.0,15,1,1,3,13,0,2,0
72438,4826,0.0,2.0,0.0,11,1,1,1,9,0,1,1
7302,522,0.0,2.0,1.0,7,4,3,2,6,0,1,0
7328,3042,0.0,4.0,0.0,33,19,8,1,31,0,2,0
73399,817,0.0,5.0,1.0,6,2,2,1,4,0,2,0
73436,2014,0.0,4.0,0.0,2,1,1,1,1,0,1,0
7364,4043,0.0,5.0,0.0,11,4,2,2,6,0,3,2
73919,643,0.0,5.0,0.0,13,6,3,2,10,0,1,2
74143,3609,0.0,3.0,0.0,3,1,1,1,2,0,1,0
74484,2279,0.0,2.0,0.0,5,1,1,1,4,0,1,0
75707,1742,0.0,4.0,1.0,5,4,1,2,4,0,1,0
76571,2091,1.0,3.0,0.0,24,1,1,3,17,0,7,0
77071,1936,0.0,4.0,0.0,2,1,1,2,1,0,1,0
77122,4708,0.0,4.0,1.0,6,3,2,2,5,0,1,0
7736,3875,0.0,5.0,1.0,6,2,1,2,3,0,2,1
77388,4325,0.0,0.0,0.0,4,2,1,1,3,0,1,0
77404,4536,0.0,3.0,0.0,1,1,1,1,0,0,1,0
77406,4413,0.0,6.0,1.0,12,5,4,1,5,0,3,4
79,2786,0.0,3.0,0.0,3,2,2,1,1,0,2,0
79068,474,1.0,5.0,2.0,4,2,1,1,2,0,2,0
79632,1861,0.0,3.0,0.0,5,3,1,2,4,0,1,0
79818,3152,0.0,6.0,0.0,2,1,1,1,1,0,1,0
8030,3205,0.0,6.0,0.0,3,1,1,2,2,0,1,0
80441,2294,0.0,5.0,0.0,2,1,1,1,1,0,1,0
80703,71,1.0,0.0,1.0,13,5,2,1,11,0,2,0
80802,2193,0.0,7.0,0.0,4,1,1,2,3,0,1,0
80967,2273,0.0,3.0,0.0,8,4,1,2,6,0,1,1
81268,1840,0.0,4.0,0.0,2,1,1,1,1,0,1,0
81292,2173,0.0,0.0,0.0,5,4,1,1,4,0,1,0
82132,1495,0.0,6.0,0.0,33,9,1,4,30,0,1,2
8246,110,0.0,3.0,1.0,15,10,1,1,13,0,2,0
8257,1708,0.0,3.0,0.0,2,1,1,1,1,0,1,0
83190,3451,0.0,6.0,0.0,4,1,1,1,2,0,2,0
83292,2537,0.0,2.0,0.0,2,1,1,1,1,0,1,0
8388,2639,1.0,5.0,0.0,26,20,9,5,22,0,4,0
83888,2149,0.0,0.0,0.0,17,5,1,1,16,0,1,0
84000,4504,0.0,5.0,0.0,5,3,1,2,4,0,1,0
84272,3536,0.0,3.0,0.0,6,3,1,2,5,0,1,0
8488,2954,1.0,5.0,0.0,22,7,7,2,15,0,7,0
85106,861,0.0,6.0,0.0,4,1,1,1,3,0,1,0
85579,2799,0.0,5.0,1.0,10,2,1,4,7,0,1,2
85616,4427,0.0,6.0,0.0,2,1,1,1,1,0,1,0
85634,4049,0.0,5.0,0.0,4,1,1,2,3,0,1,0
87127,3463,0.0,0.0,0.0,6,3,1,1,5,0,1,0
87508,2989,0.0,4.0,1.0,7,2,1,3,5,1,1,0
88271,246,0.0,5.0,1.0,7,3,2,1,6,0,1,0
88371,2821,0.0,3.0,1.0,8,1,1,1,7,0,1,0
88513,3979,0.0,3.0,null,9,1,1,3,7,1,1,0
88595,3968,0.0,3.0,0.0,12,9,9,1,6,0,6,0
88865,4280,0.0,0.0,0.0,11,2,1,1,9,0,2,0
88916,4670,0.0,6.0,0.0,7,1,1,1,5,0,1,1
89085,151,0.0,0.0,1.0,2,1,1,1,1,0,1,0
89290,3205,0.0,4.0,0.0,6,2,1,4,5,0,1,0
89323,4173,0.0,0.0,0.0,14,2,1,2,12,0,1,1
89407,415,0.0,0.0,0.0,2,1,1,1,1,0,1,0
89533,4864,0.0,7.0,0.0,20,15,3,1,19,0,1,0
89901,2545,0.0,4.0,0.0,11,5,2,3,10,0,1,0
90154,3734,1.0,3.0,0.0,60,32,6,5,58,0,2,0
90349,3339,0.0,4.0,0.0,2,1,1,1,1,0,1,0
9052,2545,0.0,3.0,1.0,22,16,6,2,21,0,1,0
90599,1049,0.0,3.0,0.0,2,1,1,1,1,0,1,0
90979,1892,0.0,3.0,null,1,1,1,1,0,0,1,0
9124,4727,0.0,3.0,1.0,4,1,1,1,3,0,1,0
91257,4173,0.0,3.0,1.0,20,12,5,6,19,0,1,0
91257,4605,0.0,3.0,1.0,47,11,6,3,42,0,5,0
91712,1816,0.0,5.0,0.0,14,7,5,3,12,0,2,0
91835,998,0.0,0.0,null,3,1,1,1,2,0,1,0
92147,2047,1.0,5.0,0.0,8,4,1,2,7,0,1,0
92314,2072,0.0,0.0,0.0,6,1,1,1,5,0,1,0
92714,685,0.0,5.0,0.0,16,2,2,2,15,0,1,0
92935,3349,0.0,null,null,32,5,2,4,24,4,1,3
9333,3971,0.0,2.0,1.0,4,1,1,1,3,0,1,0
93400,2217,0.0,0.0,0.0,1,1,1,1,0,0,1,0
9378,2026,0.0,3.0,1.0,3,1,1,1,2,0,1,0
9487,1561,0.0,3.0,0.0,10,1,1,2,9,0,1,0
95182,1182,0.0,6.0,0.0,6,1,1,1,3,0,3,0
95591,4687,0.0,5.0,0.0,7,2,1,1,6,0,1,0
95822,1056,0.0,4.0,0.0,17,8,6,2,15,0,2,0
9590,1408,0.0,4.0,0.0,2,1,1,1,1,0,1,0
96328,4760,0.0,3.0,1.0,10,3,2,2,8,0,1,1
96706,2217,0.0,4.0,0.0,49,29,3,5,47,0,2,0
96720,3022,0.0,6.0,1.0,3,1,1,1,2,0,1,0
97048,361,0.0,3.0,0.0,6,2,2,2,5,0,1,0
97377,3915,0.0,3.0,0.0,3,1,1,2,1,0,1,1
97381,1679,0.0,6.0,0.0,1,1,1,1,0,0,1,0
98253,812,0.0,0.0,0.0,5,1,1,3,3,0,2,0
98312,3418,0.0,0.0,0.0,7,2,2,1,6,0,1,0
98391,1520,0.0,0.0,0.0,7,1,1,1,6,0,1,0
98594,4659,1.0,3.0,0.0,15,11,5,1,13,0,2,0
98639,3073,0.0,3.0,1.0,12,1,1,1,2,0,10,0
98720,914,0.0,5.0,0.0,4,2,1,1,2,0,2,0
99007,4558,0.0,7.0,0.0,3,1,1,1,2,0,1,0
99546,946,0.0,0.0,1.0,9,5,1,1,8,0,1,0
99690,4294,0.0,0.0,0.0,4,1,1,1,3,0,1,0
99951,3614,0.0,3.0,1.0,2,1,1,1,1,0,1,0
