100229,2102,0.0,4.0,1.0,62,15,6,2,57,0,5,0
100325,790,0.0,4.0,0.0,3,1,1,1,2,0,1,0
10034,3968,0.0,3.0,0.0,13,4,4,1,12,0,1,0
100479,3968,0.0,2.0,0.0,1,1,1,1,0,0,1,0
100800,3828,0.0,3.0,0.0,33,10,4,2,23,5,1,4
100945,1187,0.0,6.0,0.0,9,1,1,3,7,0,1,1
100995,2900,0.0,3.0,1.0,7,2,2,2,6,0,1,0
101302,4325,0.0,4.0,0.0,3,1,1,1,2,0,1,0
101334,4841,0.0,0.0,0.0,15,2,1,2,14,0,1,0
102001,198,0.0,6.0,0.0,1,1,1,1,0,0,1,0
102123,4170,0.0,5.0,0.0,12,1,1,1,11,0,1,0
102136,2556,0.0,null,null,6,2,2,1,5,0,1,0
10244,2138,0.0,3.0,1.0,2,1,1,1,1,0,1,0
102520,4976,0.0,4.0,2.0,11,3,2,3,10,0,1,0
102811,4636,0.0,4.0,1.0,7,2,1,2,6,0,1,0
103088,4044,0.0,4.0,1.0,17,4,2,1,16,0,1,0
103810,4871,0.0,4.0,0.0,19,9,4,2,18,0,1,0
103937,563,0.0,3.0,0.0,3,2,2,1,2,0,1,0
103975,682,0.0,3.0,0.0,4,1,1,3,3,0,1,0
10399,2242,0.0,5.0,0.0,26,15,6,2,20,0,6,0
104217,4981,0.0,2.0,1.0,4,1,1,2,3,0,1,0
10456,523,0.0,5.0,0.0,10,6,1,1,9,0,1,0
104675,1704,0.0,0.0,0.0,1,1,1,1,0,0,1,0
104844,4465,0.0,2.0,1.0,27,12,1,2,20,0,4,3
104922,3828,0.0,3.0,0.0,1,1,1,1,0,0,1,0
105016,684,0.0,4.0,0.0,1,1,1,1,0,0,1,0
105666,2175,0.0,4.0,0.0,3,1,1,2,2,0,1,0
105752,3819,0.0,4.0,0.0,3,1,1,1,2,0,1,0
106167,1132,0.0,3.0,1.0,3,1,1,2,2,0,1,0
106193,4388,0.0,2.0,1.0,1,1,1,1,0,0,1,0
106599,4282,0.0,2.0,1.0,59,24,9,6,49,0,2,8
106663,2396,0.0,3.0,1.0,8,6,1,1,7,0,1,0
107054,4871,1.0,2.0,1.0,4,2,2,1,3,0,1,0
107666,4044,0.0,2.0,0.0,12,7,5,2,10,0,2,0
108004,296,0.0,4.0,2.0,8,2,1,4,7,0,1,0
108231,3200,0.0,3.0,0.0,6,1,1,1,5,0,1,0
108360,4305,0.0,4.0,1.0,1,1,1,1,0,0,1,0
108977,1784,0.0,4.0,2.0,5,2,1,2,4,0,1,0
1095,806,0.0,3.0,0.0,11,7,3,5,9,0,1,1
109600,1608,0.0,6.0,1.0,12,3,2,4,11,0,1,0
109679,4048,0.0,0.0,0.0,1,1,1,1,0,0,1,0
109763,1487,0.0,6.0,0.0,22,7,1,8,20,0,1,1
1101,2482,0.0,6.0,0.0,15,2,1,6,14,0,1,0
110622,3853,0.0,4.0,0.0,7,2,2,2,6,0,1,0
111407,2242,0.0,0.0,0.0,2,2,2,1,0,0,2,0
111653,2128,0.0,3.0,1.0,18,7,4,2,15,0,2,1
111684,760,1.0,4.0,1.0,4,1,1,1,3,0,1,0
111809,2765,0.0,6.0,0.0,4,1,1,2,3,0,1,0
111978,2981,0.0,0.0,0.0,12,1,1,4,11,0,1,0
112241,402,1.0,7.0,0.0,23,6,1,2,19,0,4,0
112558,2390,0.0,4.0,1.0,6,2,1,2,5,0,1,0
112736,1619,0.0,0.0,0.0,3,1,1,2,2,0,1,0
112795,1235,0.0,3.0,1.0,2,1,1,2,1,0,1,0
11284,3968,0.0,3.0,1.0,15,3,2,1,12,0,3,0
113370,4078,0.0,0.0,0.0,4,2,2,1,3,0,1,0
113372,3444,0.0,3.0,0.0,5,1,1,1,4,0,1,0
113981,1944,0.0,6.0,0.0,2,1,1,2,1,0,1,0
114077,4394,1.0,7.0,0.0,7,3,1,2,6,0,1,0
114389,2899,0.0,4.0,0.0,2,1,1,1,1,0,1,0
115047,1031,0.0,0.0,0.0,112,7,1,2,110,0,2,0
116070,1393,0.0,3.0,1.0,8,3,2,2,7,0,1,0
116346,4558,0.0,3.0,0.0,24,1,1,1,23,0,1,0
116457,474,0.0,0.0,0.0,3,1,1,2,2,0,1,0
116698,3378,0.0,0.0,0.0,8,1,1,1,7,0,1,0
116712,4426,0.0,7.0,0.0,1,1,1,1,0,0,1,0
117682,3103,0.0,0.0,0.0,3,1,1,2,2,0,1,0
117800,361,0.0,0.0,0.0,6,2,1,1,5,0,1,0
118439,4594,0.0,3.0,1.0,5,2,2,2,3,0,1,1
118677,1039,0.0,3.0,1.0,1,1,1,1,0,0,1,0
119233,3484,0.0,6.0,1.0,14,8,3,1,12,0,2,0
119296,4926,0.0,5.0,0.0,5,2,2,1,4,0,1,0
119379,1393,0.0,6.0,1.0,4,2,2,2,1,0,1,2
119394,606,0.0,0.0,0.0,4,1,1,2,3,0,1,0
119701,3578,0.0,4.0,1.0,6,3,1,1,5,0,1,0
119876,3826,0.0,2.0,1.0,6,1,1,2,5,0,1,0
120139,4173,0.0,4.0,1.0,67,37,4,5,61,0,1,5
120456,1393,0.0,3.0,0.0,101,47,12,3,93,0,3,5
120605,4760,0.0,3.0,0.0,3,2,1,2,2,0,1,0
12083,4639,0.0,4.0,0.0,5,1,1,1,4,0,1,0
121325,1056,1.0,4.0,0.0,17,12,4,2,16,0,1,0
121407,2031,0.0,2.0,0.0,33,7,4,1,30,0,2,1
12165,2872,0.0,4.0,0.0,4,1,1,1,3,0,1,0
122864,3786,1.0,0.0,0.0,9,2,2,2,8,0,1,0
122898,2695,0.0,0.0,1.0,6,4,2,1,5,0,1,0
123130,4173,0.0,3.0,0.0,16,8,5,3,14,0,1,1
123666,1166,0.0,3.0,0.0,5,1,1,1,4,0,1,0
123852,4143,0.0,4.0,0.0,7,1,1,1,5,0,1,1
124095,1615,0.0,3.0,1.0,39,14,1,1,37,0,2,0
124312,2435,1.0,3.0,0.0,3,1,1,3,2,0,1,0
12479,35,0.0,2.0,0.0,4,1,1,1,3,0,1,0
12491,594,0.0,3.0,0.0,8,4,2,1,6,0,2,0
125730,3623,0.0,2.0,0.0,1,1,1,1,0,0,1,0
125803,4044,0.0,3.0,0.0,109,40,8,2,100,0,9,0
12595,4281,0.0,5.0,0.0,2,1,1,1,1,0,1,0
126019,962,0.0,3.0,1.0,5,4,2,2,4,0,1,0
126132,4508,0.0,3.0,1.0,15,3,1,1,9,0,6,0
126322,685,0.0,5.0,0.0,11,1,1,4,8,0,2,1
127250,2273,0.0,3.0,0.0,3,2,1,1,2,0,1,0
12853,2403,0.0,6.0,0.0,48,29,3,3,35,0,6,7
128764,66,0.0,4.0,0.0,2,1,1,1,1,0,1,0
128918,4335,0.0,5.0,0.0,8,3,2,1,7,0,1,0
128931,1067,0.0,0.0,1.0,15,3,1,6,12,0,1,2
129339,4605,0.0,0.0,0.0,5,3,3,1,4,0,1,0
129463,2124,0.0,4.0,0.0,9,5,1,1,8,0,1,0
129513,361,0.0,3.0,1.0,11,1,1,2,9,0,2,0
129788,2465,0.0,3.0,1.0,10,5,4,1,9,0,1,0
130030,4506,0.0,2.0,0.0,8,2,2,4,5,0,1,2
130038,1861,0.0,3.0,0.0,1,1,1,1,0,0,1,0
130337,2273,0.0,0.0,0.0,24,4,1,2,23,0,1,0
130456,4427,0.0,3.0,1.0,17,1,1,2,16,0,1,0
131034,3472,0.0,7.0,0.0,1,1,1,1,0,0,1,0
131319,133,0.0,0.0,0.0,8,2,1,3,7,0,1,0
131396,673,0.0,2.0,1.0,6,1,1,4,5,0,1,0
131529,2242,1.0,5.0,0.0,21,11,2,1,17,0,4,0
131821,993,0.0,0.0,1.0,5,1,1,1,3,1,1,0
132124,1642,0.0,4.0,0.0,2,1,1,1,1,0,1,0
132157,3090,0.0,2.0,0.0,4,1,1,1,3,0,1,0
132481,2099,0.0,0.0,0.0,5,1,1,1,4,0,1,0
13284,3578,1.0,5.0,0.0,21,14,2,3,20,0,1,0
132855,4933,0.0,2.0,1.0,5,2,1,2,4,0,1,0
133579,4568,0.0,3.0,1.0,5,1,1,1,4,0,1,0
134123,66,0.0,2.0,0.0,9,1,1,2,8,0,1,0
134195,3828,0.0,3.0,0.0,25,5,2,1,23,0,2,0
134688,2099,0.0,0.0,0.0,6,3,3,1,4,0,2,0
134978,141,0.0,6.0,1.0,4,1,1,2,3,0,1,0
135503,121,0.0,4.0,1.0,4,2,2,1,3,0,1,0
135651,3911,0.0,4.0,0.0,4,2,1,1,3,0,1,0
135734,914,0.0,3.0,0.0,2,1,1,1,1,0,1,0
135850,897,0.0,0.0,0.0,6,2,2,1,5,0,1,0
135931,1142,0.0,3.0,0.0,3,1,1,1,2,0,1,0
136419,3205,0.0,4.0,0.0,5,3,1,3,4,0,1,0
136577,3168,0.0,2.0,1.0,10,2,1,1,9,0,1,0
136688,598,0.0,2.0,1.0,4,1,1,1,3,0,1,0
136740,2954,0.0,3.0,0.0,8,5,4,2,4,0,4,0
137145,2821,0.0,3.0,0.0,2,1,1,1,1,0,1,0
137197,1500,0.0,0.0,1.0,6,2,2,1,5,0,1,0
137446,2639,0.0,5.0,0.0,4,3,2,2,3,0,1,0
137785,897,0.0,3.0,0.0,16,10,7,1,15,0,1,0
137988,1013,0.0,6.0,0.0,3,1,1,1,2,0,1,0
138551,1447,0.0,3.0,0.0,6,3,1,1,5,0,1,0
139346,4731,0.0,4.0,0.0,5,1,1,2,4,0,1,0
139711,4079,0.0,6.0,0.0,9,4,2,2,5,0,3,1
139982,946,0.0,0.0,0.0,1,1,1,1,0,0,1,0
140054,845,0.0,4.0,1.0,6,2,2,1,5,0,1,0
14034,3971,0.0,3.0,1.0,4,3,2,1,3,0,1,0
140584,1126,0.0,3.0,0.0,10,6,2,1,9,0,1,0
140756,2173,0.0,5.0,0.0,12,7,1,1,11,0,1,0
141226,4079,0.0,0.0,0.0,12,3,1,3,6,0,6,0
141464,2721,0.0,0.0,0.0,6,3,1,1,5,0,1,0
141965,3126,0.0,3.0,1.0,5,1,1,2,4,0,1,0
142046,236,0.0,0.0,0.0,7,1,1,2,6,0,1,0
142094,4047,0.0,3.0,0.0,9,3,1,3,7,0,2,0
142171,2026,0.0,4.0,0.0,7,4,3,1,6,0,1,0
143076,2745,0.0,0.0,1.0,5,2,1,1,4,0,1,0
143180,3159,0.0,3.0,1.0,25,8,4,3,23,0,2,0
143210,3828,0.0,2.0,0.0,3,1,1,1,2,0,1,0
143357,145,0.0,4.0,0.0,12,5,1,1,11,0,1,0
143541,3401,0.0,3.0,0.0,2,1,1,1,1,0,1,0
144013,3912,0.0,6.0,0.0,24,10,5,2,17,0,4,3
144215,4170,0.0,4.0,0.0,4,2,1,2,2,0,2,0
14476,598,0.0,4.0,1.0,10,5,2,2,6,0,3,1
145001,4043,1.0,5.0,1.0,4,4,3,2,3,0,1,0
14503,1122,0.0,2.0,0.0,2,1,1,1,1,0,1,0
145214,3457,0.0,6.0,1.0,9,3,1,1,8,0,1,0
145332,3734,0.0,6.0,1.0,1,1,1,1,0,0,1,0
145792,3236,0.0,0.0,1.0,4,1,1,1,3,0,1,0
14641,3873,0.0,6.0,1.0,6,1,1,1,5,0,1,0
146544,1910,0.0,4.0,0.0,3,1,1,1,2,0,1,0
146598,1923,1.0,0.0,0.0,6,1,1,3,5,0,1,0
147162,760,0.0,0.0,0.0,4,1,1,1,3,0,1,0
147427,594,0.0,2.0,0.0,4,2,1,1,3,0,1,0
14782,2583,0.0,5.0,2.0,3,2,2,2,2,0,1,0
14814,2791,0.0,2.0,0.0,2,1,1,2,1,0,1,0
148247,2173,0.0,3.0,0.0,12,6,3,3,8,0,3,1
148274,1541,1.0,0.0,1.0,3,1,1,1,2,0,1,0
148468,2030,0.0,3.0,1.0,12,4,1,1,10,0,1,1
148552,1275,0.0,5.0,1.0,13,2,1,1,12,0,1,0
148637,148,0.0,0.0,0.0,4,2,1,1,2,0,2,0
149110,2217,0.0,6.0,0.0,7,4,2,2,6,0,1,0
149222,2592,0.0,3.0,0.0,1,1,1,1,0,0,1,0
149247,4049,0.0,3.0,2.0,2,1,1,1,1,0,1,0
149298,1102,0.0,3.0,0.0,18,3,2,4,17,0,1,0
149786,514,0.0,6.0,0.0,3,1,1,1,1,0,2,0
149953,2915,0.0,5.0,0.0,1,1,1,1,0,0,1,0
150099,2608,0.0,2.0,1.0,2,1,1,1,1,0,1,0
150299,437,0.0,5.0,0.0,14,5,2,3,13,0,1,0
150429,2122,0.0,4.0,0.0,9,2,1,2,6,0,1,2
150927,4966,0.0,3.0,0.0,4,1,1,3,3,0,1,0
150929,3545,0.0,4.0,1.0,6,3,1,1,5,0,1,0
150956,1472,0.0,3.0,0.0,2,1,1,1,0,0,1,1
151709,63,0.0,0.0,0.0,3,1,1,1,2,0,1,0
153183,3173,1.0,0.0,1.0,2,1,1,1,1,0,1,0
153369,4982,0.0,7.0,0.0,1,1,1,1,0,0,1,0
153370,1833,0.0,4.0,1.0,1,1,1,1,0,0,1,0
153424,2014,0.0,2.0,0.0,14,3,1,2,13,0,1,0
153819,2849,0.0,4.0,0.0,50,23,7,5,45,0,5,0
154788,3784,0.0,0.0,0.0,8,1,1,1,7,0,1,0
15490,1892,0.0,2.0,1.0,8,3,3,1,6,0,2,0
15509,4791,0.0,3.0,0.0,3,1,1,1,2,0,1,0
155857,2031,0.0,2.0,0.0,1,1,1,1,0,0,1,0
156104,1204,0.0,4.0,1.0,21,4,3,2,18,0,2,1
156416,2915,1.0,0.0,0.0,9,4,3,2,6,0,2,1
157111,2745,0.0,3.0,1.0,11,5,4,3,10,0,1,0
157352,4658,0.0,3.0,1.0,9,3,1,2,8,0,1,0
157413,1454,0.0,0.0,0.0,12,1,1,1,10,0,2,0
157469,3537,0.0,0.0,0.0,13,6,3,2,10,0,3,0
157757,3938,0.0,null,null,1,1,1,1,0,0,1,0
158531,1102,0.0,3.0,0.0,38,17,5,6,28,0,2,8
158921,1093,0.0,0.0,0.0,16,7,3,2,15,0,1,0
158968,2403,0.0,2.0,0.0,39,22,2,2,37,0,2,0
15936,323,0.0,4.0,0.0,14,3,1,3,13,0,1,0
159660,4697,0.0,5.0,0.0,5,3,1,1,4,0,1,0
160021,3014,0.0,4.0,1.0,8,1,1,3,6,0,1,1
160106,671,0.0,0.0,1.0,2,1,1,1,1,0,1,0
16067,798,0.0,5.0,0.0,5,1,1,1,3,0,1,1
160857,4173,0.0,6.0,0.0,30,11,4,3,29,0,1,0
160925,3819,0.0,0.0,1.0,17,4,2,2,15,0,1,1
161092,1710,0.0,6.0,0.0,6,2,2,2,5,0,1,0
16151,2821,0.0,3.0,1.0,4,1,1,1,3,0,1,0
161691,346,0.0,3.0,1.0,9,2,1,3,8,0,1,0
162084,4760,0.0,4.0,0.0,3,2,1,1,2,0,1,0
162351,361,0.0,6.0,0.0,4,1,1,2,3,0,1,0
162471,3136,0.0,4.0,0.0,6,4,2,1,5,0,1,0
162706,4287,0.0,0.0,0.0,3,1,1,1,2,0,1,0
163009,2445,0.0,5.0,0.0,4,2,1,1,3,0,1,0
163196,2031,0.0,2.0,1.0,1,1,1,1,0,0,1,0
163217,2397,0.0,3.0,2.0,8,4,3,2,7,0,1,0
163236,4818,0.0,3.0,1.0,3,1,1,1,2,0,1,0
163446,1679,0.0,4.0,0.0,1,1,1,1,0,0,1,0
163661,3965,0.0,4.0,0.0,3,1,1,1,2,0,1,0
163916,3080,0.0,3.0,1.0,26,3,1,1,25,0,1,0
163927,10,0.0,0.0,0.0,7,3,1,1,5,0,1,1
164543,4091,0.0,2.0,1.0,2,1,1,2,1,0,1,0
164611,2221,0.0,5.0,0.0,3,1,1,1,2,0,1,0
164903,1751,0.0,3.0,1.0,8,3,1,1,7,0,1,0
165160,4370,0.0,0.0,0.0,17,3,2,3,15,0,2,0
165260,156,0.0,5.0,0.0,1,1,1,1,0,0,1,0
165512,15,0.0,5.0,0.0,13,8,3,3,12,0,1,0
166078,4357,1.0,3.0,0.0,4,1,1,1,3,0,1,0
16625,102,0.0,4.0,0.0,10,2,1,2,8,0,1,1
166684,412,0.0,3.0,0.0,113,80,18,16,110,0,2,1
167296,2134,0.0,3.0,0.0,6,1,1,2,3,0,1,2
16803,3205,0.0,4.0,0.0,2,1,1,2,1,0,1,0
168174,2738,0.0,3.0,0.0,2,1,1,1,0,0,2,0
168377,104,0.0,4.0,1.0,3,1,1,1,2,0,1,0
168521,1618,0.0,5.0,0.0,3,1,1,1,2,0,1,0
168671,1892,0.0,0.0,0.0,12,4,4,3,8,0,1,3
168694,2869,0.0,3.0,0.0,5,2,1,1,4,0,1,0
169269,606,0.0,5.0,0.0,2,1,1,1,0,0,1,1
169715,2318,0.0,2.0,0.0,2,1,1,1,1,0,1,0
169873,3734,0.0,2.0,1.0,1,1,1,1,0,0,1,0
170183,3484,0.0,2.0,1.0,4,1,1,2,3,0,1,0
170395,66,0.0,4.0,1.0,1,1,1,1,0,0,1,0
170513,2688,1.0,0.0,0.0,7,1,1,1,6,0,1,0
170514,1811,0.0,5.0,0.0,6,6,4,2,4,0,2,0
170839,1895,0.0,3.0,0.0,9,3,1,1,8,0,1,0
170912,3826,0.0,2.0,0.0,7,1,1,2,5,0,1,1
172619,3263,0.0,3.0,1.0,41,12,6,6,35,0,2,4
172678,2565,0.0,5.0,0.0,34,10,1,3,32,0,2,0
172754,2072,0.0,2.0,0.0,3,2,1,1,2,0,1,0
172966,3828,1.0,5.0,0.0,42,27,8,9,41,0,1,0
173033,4039,0.0,2.0,0.0,5,2,1,1,4,0,1,0
173095,416,0.0,0.0,1.0,13,5,2,4,12,0,1,0
173274,1425,0.0,4.0,0.0,4,2,1,1,3,0,1,0
173778,1895,0.0,0.0,1.0,2,1,1,1,1,0,1,0
174330,1013,0.0,0.0,1.0,2,1,1,1,1,0,1,0
174482,3102,0.0,4.0,0.0,1,1,1,1,0,0,1,0
174501,3826,0.0,2.0,1.0,1,1,1,1,0,0,1,0
174501,4079,0.0,2.0,1.0,2,2,1,1,0,0,2,0
175190,13,1.0,3.0,0.0,3,1,1,2,2,0,1,0
175609,3602,0.0,0.0,1.0,10,2,1,4,8,0,1,1
175671,141,0.0,3.0,0.0,10,4,4,3,8,0,1,1
175825,3471,0.0,3.0,0.0,2,1,1,2,0,0,1,1
175837,2424,0.0,0.0,0.0,1,1,1,1,0,0,1,0
175840,798,0.0,3.0,0.0,8,5,3,1,7,0,1,0
17602,1496,0.0,null,null,7,1,1,3,6,0,1,0
177373,4287,0.0,2.0,0.0,3,1,1,2,1,0,1,1
177690,3650,0.0,3.0,0.0,7,4,2,1,6,0,1,0
177772,2721,0.0,3.0,0.0,16,6,1,1,15,0,1,0
177928,2608,0.0,0.0,0.0,2,1,1,2,1,0,1,0
179520,1784,0.0,3.0,0.0,4,1,1,1,3,0,1,0
180944,1618,0.0,4.0,0.0,194,49,8,11,181,0,6,7
181189,1200,0.0,0.0,0.0,7,1,1,1,5,0,2,0
181624,4850,0.0,0.0,0.0,42,16,3,1,37,0,5,0
181950,4536,1.0,3.0,0.0,6,1,1,1,5,0,1,0
182179,4163,0.0,3.0,0.0,8,1,1,2,7,0,1,0
182395,3609,0.0,0.0,1.0,16,8,1,4,14,1,1,0
182975,2589,0.0,3.0,0.0,6,1,1,1,5,0,1,0
18364,1393,0.0,3.0,0.0,25,17,6,3,22,0,1,2
1839,2108,0.0,5.0,1.0,5,3,2,1,4,0,1,0
184154,3159,0.0,5.0,0.0,1,1,1,1,0,0,1,0
185314,2791,1.0,6.0,0.0,4,2,1,1,3,0,1,0
185444,2217,0.0,5.0,0.0,9,2,1,1,8,0,1,0
185603,2136,0.0,3.0,1.0,33,11,5,2,31,0,2,0
185638,256,1.0,4.0,0.0,13,3,2,2,8,0,2,3
186610,1618,0.0,3.0,1.0,6,2,1,2,5,0,1,0
186714,4992,0.0,4.0,0.0,9,5,1,3,8,0,1,0
187048,1384,0.0,4.0,0.0,7,3,1,1,6,0,1,0
187655,2876,0.0,0.0,0.0,3,2,1,1,1,0,2,0
187886,2167,0.0,0.0,0.0,2,2,1,1,0,0,2,0
187919,4043,0.0,2.0,0.0,3,1,1,2,2,0,1,0
188282,2639,0.0,5.0,0.0,24,7,5,2,20,2,2,0
188361,2810,0.0,4.0,1.0,4,1,1,1,3,0,1,0
188740,3905,0.0,0.0,1.0,2,1,1,1,1,0,1,0
190423,3306,0.0,0.0,0.0,6,1,1,3,4,1,1,0
191091,423,0.0,0.0,0.0,20,8,1,3,17,2,1,0
191577,3088,0.0,3.0,0.0,5,1,1,1,3,0,2,0
191761,1272,0.0,4.0,0.0,10,8,4,1,9,0,1,0
192793,598,0.0,0.0,0.0,28,11,4,2,27,0,1,0
193120,3819,0.0,3.0,1.0,14,6,3,1,12,0,1,1
193328,437,0.0,4.0,0.0,2,1,1,1,1,0,1,0
193506,902,0.0,5.0,0.0,5,1,1,2,4,0,1,0
194225,1983,1.0,0.0,0.0,9,2,1,3,6,0,2,1
19489,941,0.0,2.0,0.0,18,8,1,4,17,0,1,0
195311,1833,0.0,5.0,0.0,1,1,1,1,0,0,1,0
195898,1851,0.0,2.0,1.0,2,1,1,1,1,0,1,0
195909,586,0.0,5.0,0.0,2,1,1,1,1,0,1,0
196497,4173,0.0,3.0,0.0,15,8,2,6,12,0,1,2
19674,4864,0.0,5.0,0.0,22,10,3,5,19,0,1,2
196951,4394,0.0,7.0,0.0,14,3,1,1,13,0,1,0
197485,4427,0.0,0.0,0.0,7,2,1,1,6,0,1,0
197564,614,0.0,3.0,1.0,5,1,1,1,4,0,1,0
197883,1499,0.0,4.0,2.0,9,2,2,1,7,0,2,0
198553,1892,0.0,4.0,1.0,2,2,2,2,0,0,1,1
198864,2175,0.0,5.0,0.0,7,5,2,1,5,0,2,0
199425,2448,1.0,3.0,1.0,4,1,1,1,3,0,1,0
199904,1999,0.0,4.0,0.0,7,2,1,2,3,0,2,2
20001,1900,0.0,2.0,1.0,5,1,1,1,4,0,1,0
200035,1487,0.0,2.0,0.0,3,2,1,1,2,0,1,0
201203,1679,0.0,5.0,0.0,15,9,3,2,13,0,2,0
201651,915,0.0,4.0,1.0,15,5,3,2,14,0,1,0
201727,1084,0.0,3.0,0.0,3,1,1,1,1,0,2,0
201914,4783,0.0,5.0,1.0,6,2,2,1,5,0,1,0
202002,3323,0.0,0.0,0.0,9,4,1,1,8,0,1,0
202084,2936,0.0,3.0,0.0,5,2,1,2,3,0,2,0
202828,1049,0.0,7.0,1.0,1,1,1,1,0,0,1,0
203325,104,0.0,4.0,0.0,3,1,1,1,2,0,1,0
203457,503,0.0,3.0,0.0,14,3,1,1,10,0,2,2
203531,2721,0.0,4.0,1.0,26,14,5,1,25,0,1,0
204160,1642,0.0,3.0,0.0,2,1,1,1,1,0,1,0
204435,1742,0.0,3.0,0.0,25,12,1,3,23,0,2,0
204617,2031,0.0,0.0,0.0,4,1,1,2,3,0,1,0
205553,4044,0.0,2.0,0.0,13,8,2,2,12,0,1,0
205628,2208,0.0,3.0,0.0,4,3,2,2,3,0,1,0
20593,2138,0.0,0.0,0.0,2,1,1,2,1,0,1,0
20611,2339,0.0,2.0,0.0,5,1,1,2,4,0,1,0
20640,941,0.0,2.0,1.0,5,1,1,1,4,0,1,0
206742,412,0.0,5.0,0.0,15,7,4,5,13,0,1,1
207457,2565,0.0,3.0,0.0,63,36,2,1,60,0,2,1
207546,4450,0.0,0.0,0.0,3,1,1,1,0,0,3,0
207643,2396,0.0,3.0,1.0,11,4,2,2,10,0,1,0
207650,1840,1.0,3.0,0.0,3,1,1,1,2,0,1,0
208914,1322,0.0,3.0,0.0,7,2,1,1,6,0,1,0
20894,3898,0.0,4.0,0.0,4,2,2,2,3,0,1,0
209247,323,0.0,8.0,1.0,18,4,1,2,17,0,1,0
209415,1911,0.0,7.0,0.0,9,2,1,4,8,0,1,0
209509,4219,0.0,3.0,0.0,26,13,3,3,22,0,2,2
210020,324,0.0,0.0,0.0,3,1,1,1,2,0,1,0
210143,1102,0.0,2.0,0.0,3,1,1,1,1,0,1,1
210283,1679,0.0,4.0,0.0,11,8,4,3,10,0,1,0
210435,441,1.0,0.0,0.0,6,4,3,1,5,0,1,0
21115,4932,0.0,4.0,0.0,22,8,2,4,20,0,1,1
212070,1487,0.0,0.0,0.0,5,1,1,1,4,0,1,0
212092,2099,0.0,5.0,0.0,3,1,1,1,2,0,1,0
212350,2900,0.0,2.0,0.0,2,1,1,1,1,0,1,0
212356,2459,0.0,0.0,1.0,2,2,2,1,0,0,2,0
212364,4760,0.0,2.0,1.0,2,2,2,1,0,0,2,0
212517,4993,0.0,4.0,0.0,5,2,1,2,3,0,1,1
212606,1892,1.0,5.0,0.0,25,8,5,2,23,0,2,0
212938,1359,0.0,0.0,0.0,3,2,1,2,2,0,1,0
213238,3073,0.0,3.0,1.0,1,1,1,1,0,0,1,0
2133,2700,0.0,5.0,0.0,6,5,4,2,4,0,2,0
213323,798,0.0,5.0,0.0,2,1,1,1,1,0,1,0
214129,2824,0.0,4.0,0.0,5,2,2,2,3,0,1,1
214147,4079,0.0,2.0,0.0,9,2,1,4,8,0,1,0
215136,594,0.0,3.0,1.0,4,1,1,1,3,0,1,0
21529,4950,0.0,4.0,0.0,2,2,1,2,0,0,1,1
215378,3455,0.0,6.0,1.0,16,7,2,2,15,0,1,0
215980,3473,0.0,4.0,0.0,10,4,1,4,9,0,1,0
216026,4044,0.0,3.0,0.0,13,10,5,4,12,0,1,0
216093,3820,0.0,3.0,0.0,4,1,1,1,3,0,1,0
216157,2669,0.0,3.0,1.0,16,9,4,4,15,0,1,0
216312,2236,0.0,0.0,1.0,9,7,6,2,8,0,1,0
216664,2289,0.0,8.0,0.0,8,2,2,2,7,0,1,0
217038,1075,0.0,0.0,0.0,6,4,1,1,5,0,1,0
217115,1472,0.0,0.0,0.0,5,1,1,3,4,0,1,0
217511,3865,0.0,3.0,2.0,5,2,2,1,4,0,1,0
217657,3319,0.0,4.0,2.0,5,2,1,1,4,0,1,0
217707,4186,0.0,2.0,0.0,26,8,1,3,20,0,1,5
218112,121,0.0,4.0,0.0,96,74,15,5,94,0,2,0
21846,4438,0.0,3.0,0.0,5,2,1,3,4,0,1,0
218771,4287,0.0,2.0,0.0,3,2,2,1,2,0,1,0
219011,3578,0.0,4.0,0.0,3,2,2,1,2,0,1,0
219791,3179,0.0,4.0,1.0,6,1,1,2,5,0,1,0
22002,2482,0.0,3.0,0.0,19,7,7,2,15,2,2,0
220567,2821,0.0,6.0,0.0,10,3,2,3,9,0,1,0
220724,534,0.0,7.0,1.0,3,1,1,1,2,0,1,0
221181,4976,0.0,4.0,0.0,9,3,2,1,8,0,1,0
221457,1133,0.0,5.0,1.0,32,10,3,1,29,0,3,0
221600,4108,0.0,6.0,0.0,8,3,2,1,7,0,1,0
221888,798,0.0,4.0,0.0,30,9,3,1,27,0,2,1
222233,2283,0.0,0.0,1.0,14,7,2,1,9,0,5,0
222243,4589,0.0,4.0,0.0,5,2,1,1,4,0,1,0
22246,3578,0.0,3.0,0.0,14,7,1,3,13,0,1,0
223089,1618,0.0,6.0,1.0,4,2,1,1,3,0,1,0
22328,4308,0.0,4.0,0.0,3,1,1,1,2,0,1,0
223812,4270,0.0,0.0,0.0,1,1,1,1,0,0,1,0
223953,1437,0.0,3.0,1.0,3,1,1,2,1,0,1,1
224263,4170,0.0,4.0,0.0,4,2,1,2,3,0,1,0
224312,1102,0.0,4.0,1.0,106,50,13,5,102,0,4,0
224475,3828,0.0,0.0,1.0,31,24,9,4,29,0,1,1
224781,1742,0.0,3.0,0.0,6,5,1,1,5,0,1,0
225505,2403,0.0,6.0,0.0,9,5,3,1,7,0,2,0
225511,4708,0.0,2.0,1.0,2,1,1,1,1,0,1,0
225551,2562,0.0,0.0,1.0,2,1,1,1,1,0,1,0
22569,3073,0.0,2.0,1.0,4,2,1,2,3,0,1,0
225729,2938,0.0,4.0,0.0,33,6,6,2,28,0,4,1
225885,3471,0.0,3.0,0.0,6,3,1,1,5,0,1,0
226254,4219,0.0,0.0,1.0,4,1,1,1,2,0,1,1
226873,3319,0.0,4.0,0.0,23,15,10,3,21,0,1,1
227097,289,0.0,4.0,0.0,1,1,1,1,0,0,1,0
227470,2291,0.0,7.0,0.0,4,1,1,2,3,0,1,0
227603,4607,0.0,3.0,0.0,18,6,1,1,16,0,2,0
22800,1031,0.0,4.0,0.0,32,11,1,2,30,0,2,0
228105,268,0.0,5.0,0.0,6,3,3,2,5,0,1,0
229304,3734,0.0,2.0,1.0,8,4,3,1,7,0,1,0
229614,2569,0.0,3.0,0.0,54,23,2,4,45,0,1,8
22982,2935,0.0,3.0,1.0,11,6,2,1,10,0,1,0
230910,2155,0.0,2.0,1.0,1,1,1,1,0,0,1,0
231617,503,0.0,3.0,0.0,14,7,2,1,13,0,1,0
231663,4282,0.0,4.0,1.0,6,5,3,1,2,0,4,0
231828,2313,0.0,5.0,1.0,20,7,2,2,19,0,1,0
232006,293,0.0,4.0,1.0,1,1,1,1,0,0,1,0
232171,4131,0.0,0.0,0.0,1,1,1,1,0,0,1,0
232964,3350,1.0,2.0,0.0,28,12,3,3,27,0,1,0
233921,2318,0.0,5.0,1.0,4,2,2,1,3,0,1,0
233950,2500,0.0,0.0,0.0,1,1,1,1,0,0,1,0
235285,630,0.0,4.0,0.0,115,71,14,4,114,0,1,0
235318,3545,0.0,6.0,0.0,6,1,1,2,3,0,2,1
236376,3484,0.0,5.0,0.0,6,3,1,2,5,0,1,0
236519,742,0.0,4.0,0.0,2,1,1,2,0,0,1,1
236755,4337,0.0,0.0,1.0,2,1,1,1,1,0,1,0
236952,2954,0.0,0.0,0.0,3,1,1,1,2,0,1,0
237211,1742,0.0,3.0,0.0,11,5,1,2,8,0,1,2
237234,1212,0.0,4.0,0.0,1,1,1,1,0,0,1,0
237296,1890,0.0,4.0,0.0,29,4,1,1,28,0,1,0
237306,3828,1.0,0.0,0.0,33,24,12,2,14,0,3,16
237688,1978,0.0,5.0,1.0,3,2,1,1,2,0,1,0
237823,1472,0.0,3.0,0.0,5,1,1,2,3,0,1,1
237858,20,0.0,6.0,0.0,8,3,1,1,7,0,1,0
237935,817,1.0,5.0,0.0,8,1,1,1,7,0,1,0
237998,3536,0.0,5.0,0.0,2,1,1,1,1,0,1,0
238235,2824,0.0,0.0,0.0,13,2,2,2,10,0,1,2
238555,2592,0.0,5.0,0.0,1,1,1,1,0,0,1,0
23907,293,0.0,0.0,1.0,7,1,1,2,5,0,1,1
239448,323,0.0,4.0,0.0,2,1,1,1,0,0,1,1
239552,3472,0.0,0.0,1.0,3,1,1,2,2,0,1,0
239723,4527,0.0,0.0,0.0,11,4,1,1,10,0,1,0
239998,3990,0.0,null,null,3,1,1,1,2,0,1,0
240048,685,1.0,5.0,0.0,5,3,1,2,4,0,1,0
240190,4265,0.0,4.0,0.0,18,11,6,4,16,0,1,1
240467,1602,0.0,2.0,0.0,5,3,3,2,3,0,1,1
240802,1008,0.0,4.0,1.0,3,1,1,1,2,0,1,0
240971,2645,0.0,0.0,0.0,6,1,1,2,4,0,1,1
240989,3828,1.0,3.0,0.0,14,10,7,4,13,0,1,0
241047,4050,0.0,4.0,0.0,4,1,1,1,3,0,1,0
241509,4249,0.0,3.0,0.0,10,6,1,1,9,0,1,0
241522,320,0.0,3.0,0.0,3,2,2,2,2,0,1,0
241949,3687,0.0,3.0,0.0,7,3,2,2,5,0,1,1
242474,3159,1.0,6.0,1.0,20,9,5,2,14,2,4,0
242523,4818,1.0,4.0,0.0,34,9,3,4,32,0,2,0
242569,4129,0.0,3.0,0.0,6,3,2,1,2,0,4,0
24367,503,0.0,4.0,1.0,2,1,1,1,1,0,1,0
24420,23,0.0,0.0,0.0,5,2,1,2,3,0,1,1
244632,1618,0.0,0.0,0.0,3,1,1,1,2,0,1,0
245411,1102,0.0,4.0,1.0,27,22,8,7,7,0,1,19
24570,4648,0.0,3.0,1.0,3,1,1,1,2,0,1,0
245920,2505,0.0,0.0,1.0,1,1,1,1,0,0,1,0
245931,2102,0.0,4.0,0.0,3,1,1,1,2,0,1,0
246271,2669,0.0,3.0,0.0,11,2,1,1,10,0,1,0
24632,3349,0.0,2.0,0.0,4,2,1,3,3,0,1,0
246801,4071,0.0,4.0,0.0,7,2,1,2,5,0,2,0
247167,594,0.0,7.0,1.0,1,1,1,1,0,0,1,0
247186,685,1.0,5.0,0.0,5,1,1,1,3,0,2,0
247199,2954,0.0,3.0,1.0,1,1,1,1,0,0,1,0
247260,4976,0.0,0.0,0.0,7,6,4,2,6,0,1,0
247301,3853,0.0,0.0,0.0,9,2,2,3,8,0,1,0
24748,4042,0.0,0.0,0.0,8,1,1,2,7,0,1,0
24757,1434,0.0,6.0,0.0,7,1,1,1,5,0,1,1
24757,1852,0.0,6.0,0.0,8,1,1,1,6,0,1,1
247573,4594,0.0,3.0,1.0,4,1,1,1,3,0,1,0
247628,2935,0.0,3.0,0.0,3,1,1,2,2,0,1,0
247746,598,0.0,null,null,8,2,1,1,7,0,1,0
249290,1742,0.0,0.0,null,20,7,1,3,19,0,1,0
250262,1963,0.0,4.0,0.0,2,1,1,1,1,0,1,0
250534,503,0.0,0.0,0.0,3,1,1,1,2,0,1,0
250750,1661,0.0,3.0,0.0,5,3,1,1,4,0,1,0
251344,2102,0.0,6.0,0.0,2,1,1,1,1,0,1,0
251345,479,0.0,6.0,0.0,2,1,1,1,1,0,1,0
2516,3173,1.0,0.0,0.0,3,1,1,1,0,0,3,0
251703,1353,0.0,4.0,1.0,9,1,1,2,8,0,1,0
251914,1742,0.0,0.0,1.0,9,4,1,2,7,0,1,1
252000,1487,0.0,4.0,0.0,5,3,1,1,4,0,1,0
252076,4687,0.0,0.0,0.0,6,1,1,1,2,0,4,0
252202,4173,0.0,5.0,0.0,7,5,1,1,6,0,1,0
252386,1861,0.0,0.0,0.0,13,3,2,1,12,0,1,0
25275,1340,0.0,3.0,0.0,21,6,3,2,18,0,3,0
252813,4775,0.0,0.0,1.0,9,3,1,3,8,0,1,0
252975,3472,0.0,2.0,0.0,8,3,2,4,5,0,1,2
253091,4871,0.0,4.0,0.0,1,1,1,1,0,0,1,0
253115,437,0.0,4.0,0.0,39,9,1,3,38,0,1,0
253653,4991,0.0,6.0,1.0,5,1,1,2,3,1,1,0
253745,1246,0.0,2.0,1.0,2,1,1,1,1,0,1,0
254191,3462,0.0,4.0,1.0,2,1,1,1,1,0,1,0
254345,1643,1.0,3.0,0.0,2,1,1,1,1,0,1,0
254715,3854,0.0,5.0,0.0,5,1,1,4,4,0,1,0
255521,10,0.0,0.0,1.0,9,4,1,2,7,1,1,0
255701,1911,0.0,0.0,0.0,5,2,1,1,4,0,1,0
255740,3621,1.0,3.0,0.0,4,1,1,1,3,0,1,0
255776,4044,0.0,0.0,0.0,37,23,7,4,36,0,1,0
256097,4796,0.0,4.0,0.0,3,1,1,1,2,0,1,0
256301,1710,0.0,0.0,1.0,2,1,1,1,1,0,1,0
256322,2273,0.0,6.0,0.0,6,2,1,1,5,0,1,0
256396,3205,1.0,0.0,0.0,1,1,1,1,0,0,1,0
256657,1221,0.0,6.0,0.0,13,7,4,2,11,0,2,0
256794,1272,0.0,6.0,1.0,6,2,2,2,4,0,1,1
256805,1393,1.0,5.0,0.0,35,19,5,4,34,0,1,0
256940,141,0.0,3.0,0.0,18,13,7,1,16,0,2,0
257108,3271,0.0,6.0,0.0,3,1,1,1,2,0,1,0
257875,4818,0.0,4.0,1.0,6,4,1,2,0,0,2,4
258283,4129,0.0,2.0,0.0,21,12,2,4,20,0,1,0
258317,1500,0.0,0.0,1.0,6,2,1,2,4,0,1,1
258420,2138,0.0,3.0,0.0,6,2,2,1,5,0,1,0
259681,2318,0.0,0.0,0.0,11,5,3,3,9,0,1,1
259886,2435,0.0,4.0,1.0,22,6,2,3,19,0,2,1
259963,1470,0.0,6.0,0.0,3,1,1,1,1,0,2,0
260067,4090,0.0,4.0,0.0,24,5,1,1,23,0,1,0
260221,3843,0.0,4.0,0.0,5,1,1,1,4,0,1,0
261102,1305,0.0,5.0,2.0,1,1,1,1,0,0,1,0
261121,226,1.0,5.0,1.0,3,2,2,2,2,0,1,0
261428,3154,0.0,3.0,0.0,4,1,1,1,3,0,1,0
261931,1330,0.0,6.0,0.0,2,1,1,1,1,0,1,0
262728,4420,0.0,0.0,null,1,1,1,1,0,0,1,0
263131,4043,0.0,3.0,0.0,38,5,3,16,31,0,1,6
263534,3428,0.0,6.0,0.0,2,1,1,1,1,0,1,0
263558,3022,0.0,2.0,0.0,23,6,3,3,21,0,2,0
263610,4042,0.0,0.0,1.0,2,1,1,1,0,0,2,0
263674,4143,0.0,null,null,30,7,6,2,25,0,3,2
263761,1399,0.0,3.0,0.0,4,1,1,3,3,0,1,0
263802,1210,0.0,3.0,1.0,32,15,7,2,31,0,1,0
263880,962,0.0,0.0,0.0,13,7,5,1,10,0,3,0
264104,154,0.0,5.0,0.0,7,3,2,1,6,0,1,0
26565,1499,0.0,0.0,0.0,9,3,2,1,8,0,1,0
266244,1679,0.0,5.0,1.0,19,11,4,2,15,0,2,2
266415,2099,0.0,3.0,0.0,4,2,1,1,2,0,2,0
266969,625,0.0,0.0,null,3,1,1,1,2,0,1,0
267142,2981,0.0,3.0,0.0,3,2,2,1,2,0,1,0
267289,2448,0.0,3.0,0.0,9,6,4,2,6,0,3,0
268429,1487,1.0,0.0,0.0,7,1,1,3,6,0,1,0
268656,2208,0.0,3.0,0.0,2,1,1,1,0,0,2,0
268702,3545,0.0,0.0,1.0,7,2,1,3,5,0,1,1
269479,1900,0.0,6.0,0.0,3,1,1,3,2,0,1,0
269639,962,0.0,2.0,1.0,1,1,1,1,0,0,1,0
269798,1556,0.0,3.0,0.0,8,1,1,3,5,0,1,2
269971,798,0.0,4.0,1.0,2,1,1,1,1,0,1,0
270276,2459,0.0,3.0,0.0,3,2,1,1,2,0,1,0
270308,3826,0.0,3.0,0.0,1,1,1,1,0,0,1,0
270439,4394,0.0,4.0,1.0,11,2,1,2,10,0,1,0
270579,1501,0.0,2.0,0.0,10,4,3,2,9,0,1,0
270765,219,0.0,3.0,0.0,4,2,1,1,3,0,1,0
270802,1816,0.0,5.0,0.0,2,1,1,1,1,0,1,0
271276,2928,0.0,6.0,1.0,26,16,7,1,23,0,3,0
271389,1916,0.0,5.0,0.0,3,1,1,2,1,0,1,1
271529,3022,0.0,3.0,1.0,2,1,1,1,1,0,1,0
271595,2928,0.0,5.0,0.0,6,1,1,1,5,0,1,0
272458,3727,0.0,0.0,0.0,4,2,1,1,3,0,1,0
272566,2789,0.0,0.0,1.0,21,2,2,2,19,0,2,0
272825,1875,0.0,4.0,0.0,5,1,1,2,3,1,1,0
27294,606,1.0,0.0,0.0,15,11,5,4,14,0,1,0
2735,4071,0.0,3.0,1.0,2,1,1,1,1,0,1,0
273546,3968,0.0,0.0,0.0,10,3,1,1,8,0,1,1
274036,2424,1.0,6.0,0.0,3,1,1,1,2,0,1,0
274432,2721,0.0,6.0,1.0,6,1,1,1,5,0,1,0
274698,606,0.0,5.0,0.0,9,5,3,1,8,0,1,0
275736,4985,0.0,7.0,1.0,11,2,2,2,10,0,1,0
276046,606,0.0,5.0,0.0,15,8,7,6,14,0,1,0
276445,1742,0.0,4.0,0.0,5,1,1,1,4,0,1,0
276909,3484,0.0,null,null,2,1,1,1,1,0,1,0
276952,168,0.0,4.0,0.0,17,4,3,4,13,1,2,1
277093,4855,0.0,7.0,0.0,10,4,1,1,7,0,2,1
277786,1538,0.0,2.0,1.0,3,1,1,1,2,0,1,0
278259,2935,0.0,3.0,0.0,3,1,1,2,2,0,1,0
278270,2537,0.0,6.0,0.0,1,1,1,1,0,0,1,0
278498,1707,0.0,6.0,1.0,10,4,2,1,8,0,2,0
279076,1742,0.0,3.0,0.0,13,2,1,2,11,0,1,1
279384,4043,1.0,5.0,1.0,13,6,5,6,10,0,1,2
27961,588,0.0,2.0,1.0,5,1,1,3,4,0,1,0
279837,4850,0.0,4.0,0.0,9,6,4,4,8,0,1,0
280072,4078,0.0,0.0,0.0,6,2,1,2,5,0,1,0
280357,1664,0.0,3.0,2.0,1,1,1,1,0,0,1,0
280525,773,0.0,4.0,0.0,1,1,1,1,0,0,1,0
280574,2594,0.0,2.0,0.0,17,8,3,3,15,0,1,1
280711,2913,0.0,2.0,0.0,1,1,1,1,0,0,1,0
280962,1890,0.0,3.0,0.0,9,5,2,2,8,0,1,0
280964,2014,0.0,4.0,0.0,2,1,1,1,1,0,1,0
281067,2128,0.0,0.0,0.0,4,2,2,1,3,0,1,0
28136,437,1.0,6.0,0.0,112,49,4,13,108,0,1,3
281620,4605,0.0,3.0,0.0,9,3,1,5,6,0,1,2
281971,2236,0.0,3.0,0.0,4,1,1,2,3,0,1,0
282037,1466,1.0,0.0,0.0,3,1,1,2,2,0,1,0
282289,3828,0.0,5.0,1.0,6,1,1,2,5,0,1,0
282573,416,0.0,3.0,0.0,3,1,1,1,2,0,1,0
282775,4120,0.0,4.0,0.0,5,1,1,2,4,0,1,0
283136,1499,0.0,4.0,1.0,5,3,2,1,4,0,1,0
283248,1619,0.0,2.0,0.0,16,3,1,1,13,0,1,2
283602,2977,0.0,0.0,0.0,11,1,1,1,7,2,2,0
284056,2954,0.0,5.0,0.0,34,18,6,4,30,0,4,0
284461,326,0.0,6.0,1.0,3,1,1,1,2,0,1,0
284728,1816,0.0,0.0,null,20,6,2,2,18,1,1,0
284774,3839,0.0,4.0,0.0,6,3,1,1,5,0,1,0
285242,1888,0.0,0.0,0.0,2,1,1,1,1,0,1,0
285271,1200,0.0,4.0,2.0,5,2,1,1,2,0,3,0
285659,4760,0.0,0.0,0.0,7,1,1,3,5,0,1,1
285693,3444,0.0,3.0,1.0,91,1,1,1,90,0,1,0
28623,4554,0.0,3.0,1.0,3,1,1,1,2,0,1,0
286463,121,0.0,4.0,0.0,4,3,2,2,3,0,1,0
286685,1861,0.0,0.0,0.0,2,1,1,1,1,0,1,0
286762,3941,0.0,6.0,0.0,38,9,5,9,36,0,2,0
286783,4659,0.0,4.0,1.0,1,1,1,1,0,0,1,0
2870,3536,0.0,3.0,0.0,2,1,1,1,1,0,1,0
287059,4282,1.0,2.0,0.0,1,1,1,1,0,0,1,0
287068,4394,0.0,4.0,0.0,4,4,2,3,2,0,1,1
287104,1393,0.0,3.0,0.0,18,15,8,3,17,0,1,0
28721,4480,0.0,4.0,2.0,7,2,1,2,6,0,1,0
287270,1724,0.0,4.0,0.0,6,3,1,2,5,0,1,0
287479,3402,0.0,4.0,1.0,20,7,1,3,19,0,1,0
287530,3225,0.0,4.0,0.0,6,1,1,1,5,0,1,0
28776,4302,0.0,5.0,0.0,6,3,1,2,5,0,1,0
287834,2031,0.0,2.0,1.0,1,1,1,1,0,0,1,0
288165,1203,0.0,5.0,0.0,5,1,1,1,4,0,1,0
288617,437,0.0,3.0,0.0,70,45,3,3,67,0,2,1
288907,121,0.0,3.0,0.0,32,16,4,2,24,0,3,5
290240,4536,0.0,6.0,0.0,4,2,1,1,3,0,1,0
290313,962,0.0,3.0,0.0,6,2,2,1,3,0,1,2
290527,1472,0.0,6.0,1.0,5,1,1,1,3,0,1,1
290670,66,0.0,6.0,0.0,4,3,1,2,3,0,1,0
290777,4659,1.0,3.0,0.0,63,32,9,13,37,0,9,17
291621,10,0.0,0.0,1.0,16,8,3,5,13,0,1,2
291842,1546,0.0,3.0,0.0,47,7,1,4,44,0,2,1
292208,2273,0.0,3.0,0.0,4,1,1,1,3,0,1,0
292677,598,0.0,4.0,1.0,4,1,1,2,2,0,1,1
292853,1487,0.0,3.0,0.0,2,2,1,1,0,0,1,1
29306,3134,0.0,2.0,0.0,3,1,1,1,2,0,1,0
293297,4976,0.0,3.0,0.0,2,1,1,1,0,0,1,1
29356,4976,0.0,2.0,1.0,10,3,1,2,9,0,1,0
294516,121,0.0,6.0,1.0,5,1,1,1,4,0,1,0
294707,2450,0.0,3.0,1.0,20,3,1,1,16,0,4,0
294757,798,0.0,0.0,1.0,6,4,4,2,5,0,1,0
294836,3327,0.0,3.0,0.0,4,1,1,2,3,0,1,0
296470,2954,0.0,0.0,0.0,27,7,5,4,23,0,1,3
296721,1356,0.0,4.0,1.0,6,2,1,1,5,0,1,0
296935,4589,0.0,4.0,0.0,1,1,1,1,0,0,1,0
296940,598,0.0,3.0,1.0,10,6,1,3,9,0,1,0
297267,2928,0.0,5.0,0.0,8,6,4,4,6,0,1,1
297334,4992,0.0,0.0,2.0,1,1,1,1,0,0,1,0
297495,1031,0.0,3.0,2.0,2,1,1,1,1,0,1,0
297500,4173,0.0,5.0,0.0,53,20,7,3,52,0,1,0
29763,3958,0.0,3.0,0.0,15,12,7,1,13,0,2,0
297862,361,1.0,4.0,0.0,24,8,2,2,21,0,1,2
298111,4536,0.0,0.0,0.0,8,3,1,2,6,0,2,0
298179,3958,0.0,2.0,0.0,19,10,3,4,18,0,1,0
298336,4708,0.0,4.0,0.0,3,2,2,1,2,0,1,0
298361,1557,0.0,3.0,0.0,3,1,1,2,2,0,1,0
298404,2284,0.0,3.0,0.0,3,2,1,1,2,0,1,0
298508,4966,0.0,4.0,1.0,3,2,2,1,0,0,2,1
29863,4648,0.0,2.0,0.0,20,11,4,1,13,0,7,0
298842,1890,1.0,0.0,2.0,20,10,5,5,19,0,1,0
299229,3665,0.0,3.0,null,32,12,3,1,30,0,2,0
299738,2217,0.0,6.0,0.0,5,1,1,1,3,0,2,0
29980,1900,0.0,2.0,1.0,3,1,1,1,2,0,1,0
299827,191,0.0,4.0,0.0,3,3,3,2,2,0,1,0
300053,361,0.0,4.0,0.0,7,4,2,2,5,0,1,1
300541,4976,0.0,2.0,0.0,53,40,10,5,52,0,1,0
300573,1472,0.0,2.0,1.0,27,10,1,2,24,0,2,1
301085,3085,0.0,4.0,0.0,27,11,3,1,26,0,1,0
301134,1892,0.0,0.0,0.0,7,4,2,3,4,0,3,0
301635,1760,0.0,4.0,0.0,46,24,3,4,39,0,4,3
30164,2031,0.0,2.0,0.0,5,2,1,1,2,0,2,1
301965,1067,0.0,4.0,1.0,6,2,1,2,4,0,1,1
302209,63,0.0,5.0,1.0,1,1,1,1,0,0,1,0
302911,2193,0.0,2.0,2.0,6,2,2,1,5,0,1,0
303028,3472,0.0,2.0,1.0,2,1,1,1,1,0,1,0
303065,416,0.0,3.0,0.0,32,22,3,3,28,0,4,0
303192,3727,0.0,4.0,0.0,2,1,1,2,0,0,1,1
303574,2935,0.0,0.0,1.0,8,2,1,3,7,0,1,0
303592,4659,0.0,4.0,0.0,21,15,7,1,18,0,3,0
303950,2746,1.0,3.0,0.0,5,4,2,2,4,0,1,0
304082,4325,0.0,0.0,0.0,2,1,1,1,1,0,1,0
30416,3862,0.0,0.0,0.0,5,2,1,1,4,0,1,0
304290,4955,0.0,4.0,0.0,2,1,1,1,1,0,1,0
304509,3609,0.0,6.0,1.0,14,6,2,1,12,0,2,0
304683,503,0.0,3.0,0.0,1,1,1,1,0,0,1,0
305573,1393,0.0,0.0,0.0,1,1,1,1,0,0,1,0
305687,4335,0.0,0.0,0.0,3,1,1,1,2,0,1,0
305748,3289,0.0,2.0,1.0,5,4,2,1,4,0,1,0
306102,590,0.0,2.0,1.0,1,1,1,1,0,0,1,0
306593,3828,0.0,5.0,2.0,34,20,8,4,30,0,3,1
306947,1470,0.0,3.0,0.0,7,1,1,1,6,0,1,0
307142,1840,0.0,6.0,1.0,2,1,1,1,1,0,1,0
307311,2217,0.0,6.0,0.0,3,1,1,1,2,0,1,0
307351,4641,0.0,0.0,0.0,20,5,4,3,17,0,2,1
307573,3828,0.0,2.0,0.0,20,12,4,4,19,0,1,0
308590,537,0.0,0.0,0.0,10,2,1,1,9,0,1,0
309514,1031,0.0,3.0,0.0,24,8,1,3,23,0,1,0
30959,643,0.0,5.0,1.0,4,2,2,1,2,0,2,0
309802,1378,0.0,3.0,0.0,5,2,1,1,3,0,2,0
309905,2055,0.0,6.0,0.0,2,1,1,1,1,0,1,0
310898,4044,0.0,0.0,0.0,16,2,1,2,14,0,1,1
311838,4585,0.0,7.0,1.0,30,4,2,6,25,0,1,4
312139,2403,0.0,4.0,0.0,3,3,1,1,0,0,3,0
31215,1102,0.0,0.0,0.0,49,21,13,15,47,0,1,1
312508,114,0.0,7.0,0.0,3,2,2,2,0,0,1,2
312655,2592,0.0,3.0,1.0,5,1,1,1,4,0,1,0
312693,3159,0.0,3.0,0.0,2,2,1,1,0,0,2,0
313102,3558,0.0,3.0,0.0,8,2,1,4,7,0,1,0
313347,1816,0.0,2.0,1.0,30,11,5,1,28,0,2,0
314520,503,1.0,4.0,0.0,15,10,1,1,13,0,2,0
314544,2891,0.0,4.0,0.0,4,2,1,2,3,0,1,0
314856,4536,0.0,5.0,1.0,13,2,1,1,11,0,2,0
315033,2805,0.0,5.0,1.0,8,2,1,3,6,0,1,1
315055,4648,0.0,3.0,0.0,8,4,2,1,5,0,3,0
315165,2543,0.0,0.0,0.0,29,8,1,1,21,0,1,7
315287,3350,0.0,0.0,0.0,2,1,1,2,1,0,1,0
31581,1944,0.0,5.0,1.0,5,2,2,2,4,0,1,0
315835,2545,0.0,3.0,0.0,10,5,3,1,9,0,1,0
316022,2670,1.0,5.0,1.0,5,2,2,2,3,0,1,1
316321,740,0.0,2.0,0.0,3,1,1,1,2,0,1,0
316332,3432,1.0,7.0,0.0,12,8,4,3,0,0,2,10
316402,1131,0.0,0.0,0.0,14,4,3,2,11,0,2,1
317274,2108,0.0,2.0,0.0,13,4,2,2,11,0,1,1
318589,4044,0.0,3.0,1.0,9,3,3,1,8,0,1,0
318755,1102,0.0,2.0,0.0,112,43,9,10,95,0,1,16
31979,2318,0.0,6.0,0.0,13,7,2,1,12,0,1,0
319963,354,1.0,0.0,0.0,3,1,1,1,1,0,2,0
320969,1056,1.0,4.0,0.0,120,41,20,7,86,0,7,27
321544,3205,0.0,4.0,1.0,10,8,2,1,1,0,1,8
321601,3016,0.0,4.0,1.0,2,2,2,1,0,0,2,0
321658,1425,0.0,0.0,0.0,3,1,1,1,2,0,1,0
322125,323,0.0,4.0,0.0,11,4,1,2,10,0,1,0
322450,2505,0.0,4.0,0.0,10,2,1,2,9,0,1,0
322550,4659,0.0,2.0,0.0,1,1,1,1,0,0,1,0
322942,310,0.0,3.0,1.0,30,16,7,4,25,0,1,4
323254,4982,0.0,2.0,0.0,5,1,1,1,3,0,2,0
323619,4427,0.0,4.0,0.0,1,1,1,1,0,0,1,0
323699,4731,0.0,3.0,1.0,10,5,3,1,9,0,1,0
32428,1491,0.0,0.0,null,2,1,1,1,1,0,1,0
324380,1056,1.0,4.0,0.0,36,15,7,8,34,0,2,0
325722,1056,0.0,3.0,0.0,4,2,1,2,3,0,1,0
325987,2492,0.0,3.0,1.0,1,1,1,1,0,0,1,0
32655,977,0.0,3.0,1.0,1,1,1,1,0,0,1,0
327062,1346,0.0,4.0,1.0,4,1,1,3,3,0,1,0
327116,3383,1.0,3.0,2.0,18,7,2,2,15,0,3,0
327609,1541,0.0,4.0,1.0,5,1,1,3,3,0,1,1
327856,951,0.0,3.0,1.0,3,1,1,1,1,0,2,0
327980,4385,0.0,6.0,0.0,4,1,1,1,3,0,1,0
328205,2141,0.0,0.0,0.0,2,1,1,1,1,0,1,0
328206,3727,0.0,3.0,0.0,12,5,1,3,11,0,1,0
328367,1103,0.0,6.0,1.0,2,1,1,2,0,0,1,1
328541,1077,0.0,0.0,0.0,4,1,1,2,3,0,1,0
328985,3448,0.0,7.0,1.0,5,2,1,1,4,0,1,0
329252,4287,0.0,4.0,0.0,16,5,4,1,13,0,3,0
329681,2328,0.0,3.0,0.0,21,10,1,1,20,0,1,0
329916,4472,0.0,5.0,0.0,3,1,1,2,2,0,1,0
329981,3329,0.0,0.0,0.0,26,6,1,5,20,0,3,3
330384,2454,0.0,0.0,0.0,7,2,2,2,4,2,1,0
330801,3154,0.0,4.0,0.0,23,9,5,4,19,0,4,0
331036,2124,0.0,5.0,0.0,10,1,1,2,9,0,1,0
33107,1193,0.0,3.0,0.0,3,1,1,1,2,0,1,0
331330,1126,0.0,2.0,0.0,65,37,9,1,64,0,1,0
331400,2872,0.0,3.0,1.0,1,1,1,1,0,0,1,0
331528,2824,0.0,4.0,1.0,8,1,1,1,7,0,1,0
331712,1833,0.0,7.0,0.0,6,2,2,1,3,0,3,0
331894,4110,0.0,4.0,1.0,5,2,1,1,4,0,1,0
332498,1310,0.0,6.0,0.0,3,1,1,2,2,0,1,0
332847,412,0.0,3.0,0.0,21,13,7,2,16,0,2,3
333130,3319,0.0,4.0,1.0,6,3,2,1,5,0,1,0
333539,323,0.0,3.0,0.0,3,1,1,1,2,0,1,0
333575,1742,0.0,5.0,0.0,4,2,1,3,3,0,1,0
333842,4783,0.0,0.0,0.0,5,2,2,1,4,0,1,0
333913,2915,0.0,0.0,0.0,1,1,1,1,0,0,1,0
334426,133,0.0,6.0,0.0,17,12,2,1,16,0,1,0
334474,1102,0.0,3.0,0.0,7,3,3,3,6,0,1,0
335172,3826,0.0,0.0,1.0,1,1,1,1,0,0,1,0
335393,3958,0.0,5.0,2.0,6,1,1,2,5,0,1,0
335787,4864,0.0,0.0,0.0,7,3,1,2,6,0,1,0
335847,685,0.0,0.0,0.0,1,1,1,1,0,0,1,0
336632,786,0.0,6.0,0.0,9,4,2,2,8,0,1,0
336719,3022,0.0,6.0,0.0,5,1,1,2,3,0,1,1
336742,3472,0.0,5.0,0.0,4,2,2,1,3,0,1,0
337068,73,0.0,0.0,0.0,12,5,4,1,10,1,1,0
337116,1760,0.0,4.0,0.0,8,2,1,2,7,0,1,0
33724,4282,0.0,2.0,1.0,19,9,4,6,14,0,1,4
337303,1890,0.0,0.0,null,3,1,1,1,2,0,1,0
337505,1122,0.0,4.0,1.0,4,1,1,1,3,0,1,0
337539,3152,0.0,2.0,1.0,18,6,2,3,16,0,2,0
338743,4079,0.0,5.0,0.0,3,1,1,1,1,0,2,0
338799,1583,0.0,0.0,0.0,6,3,2,1,4,0,2,0
338816,4585,0.0,0.0,1.0,3,1,1,1,2,0,1,0
339142,1642,0.0,7.0,0.0,6,3,1,1,5,0,1,0
339729,1182,0.0,5.0,1.0,3,2,1,1,2,0,1,0
340027,3288,0.0,0.0,0.0,1,1,1,1,0,0,1,0
340167,293,0.0,3.0,1.0,3,1,1,3,1,0,1,1
340263,3126,0.0,0.0,0.0,11,4,3,3,10,0,1,0
340438,3191,0.0,0.0,0.0,1,1,1,1,0,0,1,0
340514,1704,0.0,3.0,1.0,5,2,1,1,4,0,1,0
340926,2273,0.0,6.0,0.0,5,4,1,1,4,0,1,0
341183,3646,0.0,3.0,1.0,3,1,1,1,2,0,1,0
3413,4234,0.0,0.0,1.0,3,1,1,1,1,1,1,0
341845,1056,0.0,4.0,0.0,4,3,2,2,3,0,1,0
341971,4043,1.0,5.0,0.0,43,17,4,10,37,0,2,4
342009,4705,0.0,6.0,0.0,1,1,1,1,0,0,1,0
342287,2436,0.0,5.0,0.0,7,4,3,3,4,0,3,0
342461,92,0.0,3.0,0.0,3,1,1,2,2,0,1,0
342474,4502,1.0,4.0,0.0,10,5,2,1,8,0,2,0
342615,3288,0.0,4.0,0.0,14,3,2,1,11,0,3,0
343157,1077,0.0,2.0,0.0,6,1,1,1,5,0,1,0
344245,4992,0.0,0.0,0.0,11,6,1,2,8,0,2,1
344887,2403,0.0,4.0,0.0,18,14,1,1,16,0,2,0
34535,4595,0.0,0.0,0.0,4,1,1,1,3,0,1,0
345355,587,0.0,4.0,1.0,6,3,2,1,5,0,1,0
345408,1884,0.0,4.0,1.0,11,1,2,2,7,2,1,1
345463,537,0.0,2.0,0.0,5,1,1,1,4,0,1,0
346062,4903,0.0,4.0,0.0,9,2,2,1,3,0,6,0
346482,4735,0.0,2.0,1.0,2,1,1,1,1,0,1,0
346546,1123,0.0,3.0,1.0,20,4,3,3,16,0,3,1
346845,2523,0.0,4.0,0.0,7,3,1,2,6,0,1,0
347070,4049,0.0,5.0,0.0,1,1,1,1,0,0,1,0
347248,361,0.0,5.0,1.0,7,2,1,3,6,0,1,0
3475,4424,0.0,6.0,1.0,3,1,1,1,2,0,1,0
347719,4287,1.0,0.0,0.0,8,4,4,1,7,0,1,0
34784,3727,0.0,0.0,0.0,10,7,1,1,9,0,1,0
34805,1713,0.0,4.0,0.0,11,9,2,1,9,0,2,0
348101,3828,0.0,3.0,0.0,13,1,1,3,11,0,1,1
348492,4607,0.0,0.0,1.0,5,4,1,1,4,0,1,0
348852,3955,0.0,0.0,0.0,5,2,1,1,4,0,1,0
349010,3990,0.0,3.0,0.0,3,1,1,1,2,0,1,0
34936,4044,0.0,4.0,0.0,28,15,5,4,25,0,2,1
3495,4976,0.0,3.0,1.0,9,4,2,1,7,0,2,0
349795,4966,0.0,4.0,1.0,5,4,3,1,3,0,2,0
349928,3665,0.0,0.0,1.0,11,1,1,2,10,0,1,0
350016,1340,0.0,3.0,0.0,85,36,4,3,73,0,4,8
350405,2537,0.0,3.0,0.0,4,2,1,1,3,0,1,0
350495,4258,0.0,0.0,0.0,2,1,1,1,1,0,1,0
351089,2193,0.0,3.0,0.0,3,1,1,1,2,0,1,0
352055,2579,0.0,3.0,0.0,15,4,1,3,14,0,1,0
352289,2821,0.0,4.0,0.0,9,4,3,3,8,0,1,0
352313,1710,1.0,3.0,0.0,6,2,1,1,5,0,1,0
352594,3734,0.0,3.0,0.0,7,2,1,3,6,0,1,0
352630,414,0.0,0.0,0.0,10,1,1,7,9,0,1,0
353112,326,0.0,0.0,0.0,8,2,2,1,6,0,2,0
353117,3753,0.0,4.0,0.0,1,1,1,1,0,0,1,0
353351,4976,0.0,0.0,0.0,24,16,8,2,23,0,1,0
353408,4955,0.0,0.0,0.0,4,1,1,1,3,0,1,0
353433,962,0.0,3.0,1.0,1,1,1,1,0,0,1,0
353534,1262,0.0,4.0,0.0,10,6,3,2,7,0,3,0
353972,1481,0.0,2.0,0.0,13,2,2,4,11,0,1,1
354125,2326,0.0,4.0,2.0,1,1,1,1,0,0,1,0
354143,179,0.0,3.0,0.0,5,2,1,2,3,0,1,1
354293,1679,0.0,0.0,0.0,6,3,2,1,5,0,1,0
35431,1352,0.0,3.0,0.0,4,2,1,2,3,0,1,0
354472,3965,0.0,4.0,2.0,7,3,1,1,5,0,2,0
354694,2134,0.0,2.0,1.0,3,1,1,1,2,0,1,0
354830,3580,0.0,4.0,1.0,2,2,2,1,1,0,1,0
354964,1827,0.0,0.0,1.0,15,3,1,2,14,0,1,0
354968,4765,0.0,3.0,0.0,8,3,1,2,7,0,1,0
354990,4648,0.0,2.0,0.0,8,3,1,2,7,0,1,0
355621,1346,0.0,4.0,0.0,22,10,1,2,21,0,1,0
356114,1049,0.0,3.0,1.0,11,5,4,1,10,0,1,0
356127,606,0.0,6.0,0.0,21,16,7,8,19,0,1,1
356268,1884,0.0,3.0,0.0,2,1,1,1,1,0,1,0
356652,2940,0.0,0.0,0.0,6,2,2,2,5,0,1,0
356696,798,0.0,3.0,0.0,28,14,10,3,26,0,2,0
358143,145,0.0,0.0,0.0,24,5,1,4,20,0,1,3
358181,2569,0.0,5.0,0.0,2,1,1,1,1,0,1,0
358205,598,0.0,4.0,1.0,4,1,1,1,3,0,1,0
358401,2031,0.0,2.0,1.0,5,2,1,1,4,0,1,0
35858,4079,0.0,0.0,0.0,11,5,1,1,7,0,3,1
358875,1356,0.0,0.0,0.0,7,1,1,1,6,0,1,0
359060,3205,0.0,4.0,0.0,1,1,1,1,0,0,1,0
359144,168,0.0,5.0,1.0,22,7,3,4,20,0,2,0
359900,1393,0.0,3.0,0.0,16,10,7,1,15,0,1,0
360216,426,0.0,2.0,1.0,3,1,1,2,2,0,1,0
360393,1594,0.0,4.0,0.0,7,5,1,2,6,0,1,0
360414,3323,1.0,2.0,0.0,4,3,1,1,3,0,1,0
360564,1031,0.0,3.0,2.0,5,3,1,2,4,0,1,0
360857,3609,0.0,0.0,0.0,11,5,1,5,10,0,1,0
361119,3578,0.0,3.0,0.0,33,10,2,2,28,2,1,2
362176,1816,0.0,4.0,0.0,5,2,1,1,4,0,1,0
362434,2955,1.0,3.0,2.0,11,1,1,3,10,0,1,0
362662,323,0.0,3.0,0.0,2,1,1,1,1,0,1,0
363407,740,0.0,3.0,0.0,3,1,1,2,2,0,1,0
363624,3462,0.0,6.0,0.0,2,1,1,2,0,0,1,1
363772,2047,0.0,4.0,0.0,5,4,3,1,4,0,1,0
36420,4044,0.0,0.0,0.0,29,7,2,4,23,1,1,4
364213,2313,0.0,6.0,0.0,4,2,2,1,3,0,1,0
364240,4917,0.0,0.0,0.0,1,1,1,1,0,0,1,0
364609,1841,0.0,3.0,0.0,5,1,1,2,3,1,1,0
36479,1076,0.0,4.0,1.0,3,1,1,1,2,0,1,0
364901,2435,0.0,0.0,0.0,5,1,1,1,4,0,1,0
364981,1487,0.0,4.0,1.0,12,2,1,1,11,0,1,0
365221,4444,0.0,6.0,0.0,16,7,2,3,14,0,2,0
365283,1502,0.0,4.0,0.0,2,1,1,1,1,0,1,0
365295,1073,0.0,3.0,1.0,12,3,1,3,9,0,2,1
36531,467,0.0,3.0,0.0,1,1,1,1,0,0,1,0
365815,3022,0.0,2.0,1.0,1,1,1,1,0,0,1,0
365894,3111,0.0,5.0,0.0,3,1,1,1,2,0,1,0
365907,3571,0.0,4.0,1.0,10,2,1,1,8,0,2,0
366334,395,0.0,3.0,1.0,3,1,1,1,2,0,1,0
366484,1250,0.0,0.0,0.0,7,2,1,3,5,0,2,0
366695,1810,0.0,6.0,0.0,150,87,14,20,144,0,1,5
367032,3230,0.0,2.0,1.0,5,1,1,2,4,0,1,0
367097,1272,0.0,0.0,1.0,4,2,1,2,3,0,1,0
367424,4294,0.0,4.0,1.0,29,1,1,1,27,0,1,1
367428,3622,0.0,6.0,0.0,11,1,1,2,9,0,2,0
367565,204,0.0,0.0,0.0,9,2,1,1,8,0,1,0
368062,361,0.0,2.0,0.0,4,1,1,2,2,0,1,1
368348,3014,0.0,0.0,0.0,5,3,1,1,4,0,1,0
368614,1923,0.0,3.0,0.0,4,2,1,1,2,0,2,0
368755,4267,0.0,5.0,0.0,25,8,4,2,19,0,6,0
369072,1659,0.0,0.0,0.0,3,1,1,1,2,0,1,0
36920,216,0.0,0.0,0.0,13,9,1,1,11,0,2,0
369608,66,1.0,6.0,0.0,13,7,3,5,12,0,1,0
369631,747,1.0,0.0,0.0,13,3,1,4,12,0,1,0
370233,2448,0.0,4.0,1.0,2,1,1,1,1,0,1,0
370441,4368,0.0,3.0,0.0,3,1,1,1,2,0,1,0
370545,323,0.0,5.0,1.0,21,7,1,1,19,0,2,0
370560,3152,0.0,4.0,0.0,7,1,1,1,6,0,1,0
370706,1884,0.0,0.0,1.0,4,1,1,1,3,0,1,0
37091,606,0.0,5.0,2.0,18,9,5,7,17,0,1,0
371035,4221,0.0,4.0,2.0,3,1,1,1,2,0,1,0
371061,2173,0.0,4.0,1.0,13,11,2,2,11,0,2,0
371142,4049,0.0,3.0,1.0,3,1,1,1,2,0,1,0
371152,4374,0.0,6.0,1.0,3,1,1,1,2,0,1,0
371343,4760,0.0,4.0,1.0,28,12,7,2,26,0,1,1
372063,127,0.0,3.0,2.0,2,1,1,1,1,0,1,0
372300,4554,0.0,3.0,0.0,12,9,1,1,11,0,1,0
372462,4763,0.0,0.0,0.0,11,2,1,4,10,0,1,0
37249,2271,0.0,3.0,0.0,13,3,1,2,12,0,1,0
372752,812,0.0,null,null,2,1,1,1,1,0,1,0
372842,3323,0.0,3.0,0.0,7,1,1,1,6,0,1,0
373005,4173,0.0,4.0,0.0,5,3,2,2,3,0,1,1
373107,3578,0.0,4.0,0.0,11,4,1,2,10,0,1,0
373139,2025,0.0,6.0,1.0,3,1,1,1,2,0,1,0
373844,2821,0.0,0.0,0.0,4,1,1,1,2,0,1,1
373926,3640,0.0,3.0,1.0,6,3,2,3,4,0,2,0
374129,4048,0.0,0.0,0.0,2,1,1,1,1,0,1,0
374490,3500,1.0,3.0,0.0,4,1,1,1,3,0,1,0
374784,321,0.0,4.0,0.0,3,2,1,1,1,0,2,0
376010,4986,1.0,2.0,0.0,17,5,3,2,16,0,1,0
376285,4044,0.0,2.0,0.0,74,44,8,3,71,0,1,2
3763,4705,0.0,0.0,0.0,7,3,1,2,5,0,1,1
376655,1145,0.0,5.0,0.0,9,4,1,3,8,0,1,0
376920,557,0.0,4.0,2.0,8,3,2,1,7,0,1,0
377284,2730,0.0,4.0,1.0,1,1,1,1,0,0,1,0
377393,317,0.0,3.0,0.0,2,2,2,1,1,0,1,0
377662,1487,0.0,5.0,2.0,18,8,1,2,17,0,1,0
377922,2721,0.0,0.0,0.0,6,4,1,1,5,0,1,0
378228,1840,0.0,0.0,0.0,4,1,1,1,2,0,1,1
378722,1810,0.0,0.0,0.0,17,11,7,4,16,0,1,0
37917,2499,0.0,2.0,0.0,8,1,1,1,7,0,1,0
379203,2646,0.0,2.0,0.0,11,3,2,1,5,0,6,0
379313,3129,0.0,3.0,0.0,10,2,1,3,8,0,1,1
379380,4173,0.0,4.0,1.0,3,2,2,1,2,0,1,0
379570,2273,0.0,4.0,0.0,19,9,2,3,18,0,1,0
379776,3134,0.0,3.0,0.0,3,1,1,1,2,0,1,0
38032,606,0.0,0.0,0.0,27,11,5,4,20,0,1,6
380845,4765,0.0,5.0,0.0,1,1,1,1,0,0,1,0
381218,4270,0.0,0.0,0.0,2,1,1,2,1,0,1,0
381221,653,0.0,4.0,1.0,6,1,1,1,5,0,1,0
381225,1878,0.0,4.0,0.0,4,1,1,2,3,0,1,0
38155,663,0.0,5.0,1.0,1,1,1,1,0,0,1,0
382514,1618,0.0,4.0,1.0,6,3,2,1,5,0,1,0
38271,2766,0.0,5.0,0.0,12,2,2,1,11,0,1,0
383239,2639,0.0,4.0,0.0,18,10,6,4,16,0,2,0
383832,2569,0.0,3.0,0.0,3,1,1,1,2,0,1,0
383871,4044,0.0,0.0,0.0,5,1,1,1,3,0,1,1
384041,168,0.0,3.0,0.0,2,1,1,2,0,0,1,1
384162,3152,0.0,3.0,1.0,11,1,1,1,10,0,1,0
38424,296,0.0,3.0,0.0,12,5,1,4,11,0,1,0
385029,121,0.0,5.0,0.0,20,9,4,2,18,0,2,0
38594,1501,0.0,0.0,0.0,12,3,1,2,10,0,1,1
386265,4789,0.0,3.0,1.0,5,3,1,1,4,0,1,0
386566,4465,0.0,5.0,0.0,2,1,1,1,0,0,2,0
386576,1310,0.0,2.0,0.0,24,14,7,3,23,0,1,0
387178,1605,0.0,4.0,0.0,3,1,1,1,2,0,1,0
387720,133,0.0,3.0,0.0,13,6,1,2,12,0,1,0
387742,2173,0.0,0.0,0.0,5,3,1,3,4,0,1,0
387800,4504,0.0,2.0,0.0,5,1,1,2,4,0,1,0
387809,2273,0.0,4.0,0.0,5,2,1,1,3,0,2,0
38800,2608,0.0,4.0,0.0,3,1,1,1,2,0,1,0
388094,2821,0.0,4.0,1.0,3,1,1,1,2,0,1,0
38822,2928,0.0,3.0,0.0,40,15,4,1,38,0,2,0
388937,606,0.0,0.0,2.0,2,1,1,1,1,0,1,0
389514,2856,0.0,5.0,0.0,2,2,1,1,1,0,1,0
389521,621,0.0,0.0,0.0,13,7,1,5,10,0,1,2
391132,4504,0.0,2.0,0.0,23,13,2,2,22,0,1,0
39134,4143,0.0,3.0,0.0,30,14,5,1,26,0,3,1
391699,145,0.0,4.0,0.0,3,1,1,1,1,0,2,0
391744,1056,0.0,5.0,0.0,2,2,2,1,1,0,1,0
391777,1884,0.0,5.0,0.0,7,4,3,3,6,0,1,0
391972,2721,1.0,2.0,0.0,14,9,1,4,12,0,1,1
39222,1102,0.0,4.0,0.0,28,16,3,4,21,0,3,4
392478,2047,0.0,3.0,2.0,66,13,3,5,60,0,2,4
392597,1102,1.0,4.0,0.0,4,4,2,4,0,0,1,3
393453,2565,1.0,6.0,1.0,2,1,1,1,1,0,1,0
393559,3205,0.0,4.0,0.0,21,8,2,4,12,0,1,8
395609,2014,0.0,3.0,0.0,9,7,2,1,8,0,1,0
395862,3545,0.0,0.0,0.0,2,1,1,1,1,0,1,0
395962,1520,0.0,4.0,0.0,6,2,2,2,4,0,1,1
396034,3284,0.0,4.0,1.0,15,1,1,2,13,0,1,1
396097,94,0.0,4.0,0.0,4,1,1,1,3,0,1,0
396148,3545,0.0,4.0,0.0,2,1,1,1,1,0,1,0
396507,3734,0.0,3.0,1.0,17,10,1,1,16,0,1,0
396542,1393,0.0,3.0,0.0,9,4,3,2,7,0,1,1
396850,4818,0.0,3.0,0.0,24,5,1,1,23,0,1,0
397064,649,0.0,2.0,1.0,2,1,1,2,0,0,1,1
397185,2273,0.0,3.0,0.0,2,2,1,1,1,0,1,0
397219,4942,1.0,5.0,0.0,3,1,1,1,2,0,1,0
397855,963,0.0,5.0,1.0,1,1,1,1,0,0,1,0
398140,4765,0.0,4.0,0.0,3,1,1,1,2,0,1,0
398307,1203,0.0,5.0,1.0,2,1,1,1,1,0,1,0
398516,1557,0.0,3.0,0.0,11,8,5,3,9,0,1,1
398635,3374,0.0,3.0,0.0,7,4,1,1,5,0,1,1
39869,1816,0.0,6.0,0.0,15,6,3,2,13,0,2,0
399344,3941,0.0,6.0,0.0,6,1,1,1,5,0,1,0
399498,1538,0.0,4.0,2.0,3,1,1,1,2,0,1,0
399685,1254,0.0,2.0,0.0,1,1,1,1,0,0,1,0
399724,1081,0.0,4.0,1.0,2,1,1,1,1,0,1,0
400131,4966,0.0,0.0,0.0,7,3,3,1,5,0,1,1
400210,3956,0.0,4.0,1.0,1,1,1,1,0,0,1,0
400900,4170,0.0,0.0,0.0,16,4,1,1,14,0,2,0
401040,4425,0.0,4.0,0.0,2,1,1,1,1,0,1,0
401453,3682,0.0,4.0,1.0,6,1,1,1,5,0,1,0
401559,3392,0.0,0.0,0.0,1,1,1,1,0,0,1,0
402262,742,0.0,2.0,0.0,5,3,3,2,4,0,1,0
402509,2847,0.0,3.0,1.0,3,1,1,1,2,0,1,0
402542,2537,0.0,0.0,2.0,22,13,5,2,17,0,3,2
402650,4731,0.0,3.0,0.0,6,3,3,2,4,0,1,1
402989,2138,0.0,0.0,0.0,11,6,4,2,9,0,2,0
403065,1721,0.0,0.0,0.0,18,3,2,7,15,0,1,2
403244,946,0.0,4.0,0.0,26,4,1,2,24,0,1,1
403411,4858,0.0,4.0,0.0,6,3,1,1,5,0,1,0
403537,3609,0.0,4.0,1.0,4,1,1,2,3,0,1,0
40356,361,0.0,3.0,1.0,1,1,1,1,0,0,1,0
403594,996,0.0,0.0,0.0,9,2,2,1,7,0,2,0
403781,598,0.0,3.0,0.0,29,10,2,6,22,0,2,5
404050,806,0.0,3.0,0.0,7,3,3,2,6,0,1,0
404066,4525,0.0,4.0,0.0,4,3,1,1,0,0,4,0
40472,1443,0.0,5.0,0.0,4,1,1,1,3,0,1,0
404907,2856,0.0,2.0,0.0,20,10,1,2,19,0,1,0
40608,4718,0.0,5.0,0.0,5,2,1,2,4,0,1,0
406840,4388,0.0,3.0,0.0,5,2,1,1,3,0,2,0
406974,4282,0.0,3.0,1.0,3,3,2,1,0,1,2,0
407275,2608,0.0,2.0,0.0,4,1,1,1,3,0,1,0
407720,2569,0.0,0.0,null,347,64,2,4,343,0,3,1
407807,3635,1.0,4.0,1.0,2,1,1,1,1,0,1,0
407948,2709,0.0,3.0,0.0,1,1,1,1,0,0,1,0
408030,4976,0.0,3.0,0.0,1,1,1,1,0,0,1,0
408117,293,0.0,3.0,1.0,7,2,1,2,6,0,1,0
408385,646,0.0,3.0,0.0,6,1,1,1,5,0,1,0
408507,2592,0.0,0.0,1.0,5,1,1,1,4,0,1,0
409178,1305,0.0,3.0,1.0,5,1,1,1,3,0,2,0
410296,2320,0.0,4.0,1.0,2,1,1,1,1,0,1,0
410497,2193,0.0,3.0,0.0,1,1,1,1,0,0,1,0
41070,3831,0.0,3.0,0.0,1,1,1,1,0,0,1,0
410944,1922,0.0,0.0,0.0,20,2,1,3,18,0,1,1
411764,1103,0.0,3.0,0.0,3,2,1,2,2,0,1,0
412384,71,1.0,4.0,1.0,16,9,4,3,14,0,2,0
412406,3850,0.0,0.0,0.0,6,1,1,1,4,1,1,0
412431,4044,0.0,3.0,0.0,104,43,11,6,101,0,3,0
412486,1437,0.0,3.0,0.0,8,1,1,1,7,0,1,0
412616,323,0.0,4.0,1.0,6,1,1,2,5,0,1,0
41268,3828,0.0,3.0,0.0,60,25,9,6,55,0,1,4
412740,1816,0.0,3.0,1.0,6,2,2,1,4,0,2,0
412876,2497,0.0,0.0,0.0,7,3,1,1,6,0,1,0
413038,2173,1.0,6.0,1.0,14,4,1,5,11,0,1,2
413242,2709,0.0,4.0,0.0,6,2,1,1,5,0,1,0
414036,3693,0.0,3.0,1.0,6,3,2,2,5,0,1,0
414156,3628,0.0,3.0,0.0,3,1,1,1,2,0,1,0
414821,2273,0.0,3.0,0.0,3,2,1,1,2,0,1,0
415123,1071,0.0,5.0,0.0,2,1,1,1,1,0,1,0
415175,3392,0.0,0.0,0.0,5,4,1,2,4,0,1,0
416166,3545,0.0,2.0,0.0,10,6,1,1,9,0,1,0
416324,4605,0.0,0.0,0.0,12,5,4,3,10,0,2,0
416385,798,0.0,2.0,0.0,2,1,1,1,1,0,1,0
416403,2459,0.0,4.0,0.0,2,1,1,1,1,0,1,0
416616,4444,0.0,4.0,0.0,25,15,3,1,21,0,4,0
416649,2482,0.0,5.0,1.0,10,2,2,3,9,0,1,0
416888,3057,0.0,3.0,0.0,7,1,1,2,5,0,1,1
417371,643,0.0,4.0,0.0,6,2,1,1,5,0,1,0
417454,1067,1.0,4.0,0.0,15,3,1,5,12,0,1,2
417553,962,0.0,2.0,0.0,14,8,7,1,12,0,2,0
418171,2436,0.0,4.0,0.0,10,6,5,2,6,0,4,0
418273,2991,0.0,2.0,0.0,5,1,1,1,4,0,1,0
418330,2072,0.0,0.0,0.0,7,3,2,1,6,0,1,0
418747,4765,0.0,2.0,0.0,6,1,1,3,5,0,1,0
418988,4067,0.0,3.0,0.0,7,4,3,1,6,0,1,0
419150,3022,0.0,4.0,0.0,3,1,1,1,2,0,1,0
419413,4170,0.0,5.0,0.0,12,3,1,1,10,0,1,1
419524,2403,0.0,3.0,0.0,39,21,4,5,36,0,1,2
41958,4605,0.0,3.0,0.0,3,1,1,1,2,0,1,0
42004,4368,0.0,6.0,1.0,3,1,1,1,2,0,1,0
420269,2066,0.0,7.0,1.0,16,5,1,2,15,0,1,0
420361,4858,0.0,3.0,0.0,2,1,1,1,1,0,1,0
420377,1760,0.0,5.0,0.0,1,1,1,1,0,0,1,0
420846,1340,0.0,3.0,0.0,4,2,2,1,3,0,1,0
420899,1115,0.0,2.0,1.0,7,2,1,3,6,0,1,0
420944,3022,0.0,2.0,1.0,25,12,6,3,24,0,1,0
421552,3819,0.0,4.0,0.0,16,3,1,3,13,0,1,2
421868,322,0.0,2.0,0.0,6,4,3,2,5,0,1,0
421970,2954,0.0,5.0,0.0,4,2,1,2,3,0,1,0
422286,4083,0.0,4.0,1.0,11,3,1,2,10,0,1,0
423586,4772,0.0,6.0,1.0,6,1,1,1,5,0,1,0
423772,4150,0.0,4.0,0.0,3,2,1,1,2,0,1,0
42981,4008,0.0,0.0,2.0,17,3,1,2,15,0,2,0
43563,3734,0.0,3.0,1.0,6,3,3,1,4,0,1,1
43598,1276,0.0,0.0,null,27,12,1,2,14,0,1,12
43829,4336,0.0,4.0,1.0,17,6,2,1,15,0,1,1
44105,1067,0.0,5.0,0.0,7,3,1,2,6,0,1,0
44527,3835,0.0,3.0,2.0,4,3,2,2,3,0,1,0
45068,219,0.0,2.0,0.0,20,10,1,3,16,0,2,2
45194,862,0.0,3.0,1.0,17,9,3,1,14,0,3,0
45398,1031,0.0,7.0,1.0,3,1,1,1,2,0,1,0
46125,390,1.0,4.0,2.0,19,12,4,3,18,0,1,0
46244,1487,1.0,6.0,0.0,12,5,3,4,11,0,1,0
46325,3225,0.0,5.0,0.0,3,1,1,1,2,0,1,0
46793,4282,0.0,2.0,1.0,11,2,1,2,10,0,1,0
46872,4966,0.0,4.0,0.0,9,2,2,2,7,0,2,0
47652,3420,0.0,0.0,0.0,3,1,1,1,2,0,1,0
47759,4079,0.0,3.0,1.0,9,1,1,3,7,0,1,1
48490,3578,0.0,3.0,0.0,12,6,2,2,7,0,5,0
48514,4894,0.0,8.0,0.0,3,1,1,1,2,0,1,0
4886,3968,0.0,3.0,0.0,21,8,7,1,18,0,2,1
48935,3541,0.0,6.0,1.0,8,4,1,1,7,0,1,0
49353,4090,0.0,6.0,0.0,3,1,1,1,2,0,1,0
49519,1346,0.0,3.0,0.0,15,6,1,4,14,0,1,0
49974,1710,1.0,4.0,0.0,3,1,1,1,2,0,1,0
50291,4256,0.0,5.0,0.0,13,1,1,6,11,0,1,1
50416,2051,0.0,4.0,0.0,4,1,1,1,3,0,1,0
50684,2649,0.0,3.0,0.0,26,7,3,2,22,0,4,0
51087,4979,0.0,6.0,0.0,6,3,1,1,5,0,1,0
51539,941,0.0,0.0,0.0,3,1,1,1,2,0,1,0
51643,4039,0.0,3.0,1.0,13,4,2,1,10,0,3,0
51832,1816,0.0,2.0,1.0,4,1,1,1,3,0,1,0
52038,2668,0.0,3.0,0.0,2,1,1,1,1,0,1,0
5237,590,0.0,3.0,1.0,20,16,5,3,19,0,1,0
52464,2102,1.0,2.0,0.0,3,1,1,2,2,0,1,0
52617,1250,0.0,0.0,0.0,5,2,1,1,4,0,1,0
52768,2669,0.0,3.0,0.0,7,4,2,1,5,0,2,0
53368,3173,0.0,3.0,1.0,2,1,1,1,1,0,1,0
53394,2505,0.0,5.0,0.0,2,1,1,1,1,0,1,0
53415,2856,0.0,4.0,1.0,6,3,1,3,5,0,1,0
53633,4919,0.0,2.0,1.0,2,1,1,1,1,0,1,0
53985,4394,0.0,3.0,1.0,4,2,1,1,3,0,1,0
54556,4760,0.0,0.0,1.0,8,2,2,1,6,0,2,0
54807,3765,0.0,0.0,0.0,5,2,1,1,4,0,1,0
56811,598,0.0,3.0,0.0,8,3,2,1,6,1,1,0
56976,467,0.0,3.0,0.0,7,4,4,2,4,0,3,0
56981,4363,0.0,3.0,1.0,8,4,1,2,7,0,1,0
57327,3579,0.0,4.0,1.0,9,3,2,1,8,0,1,0
57461,2669,0.0,2.0,0.0,6,2,1,2,4,0,1,1
57478,1923,0.0,3.0,1.0,7,3,1,1,6,0,1,0
57649,1102,0.0,2.0,null,12,2,1,2,11,0,1,0
57798,4173,0.0,3.0,0.0,19,2,2,3,18,0,1,0
57945,989,0.0,3.0,1.0,6,2,2,1,5,0,1,0
57984,1056,0.0,0.0,0.0,17,2,1,2,16,0,1,0
58161,503,0.0,4.0,0.0,8,5,2,3,7,0,1,0
58333,2680,0.0,0.0,0.0,6,1,1,1,5,0,1,0
58361,4427,0.0,7.0,1.0,7,1,1,1,6,0,1,0
58593,1031,0.0,3.0,0.0,7,3,1,2,6,0,1,0
58610,1557,0.0,0.0,0.0,9,1,1,1,8,0,1,0
58768,4173,0.0,3.0,1.0,19,10,4,3,18,0,1,0
58948,2397,1.0,4.0,0.0,2,2,1,1,0,0,2,0
59040,904,0.0,4.0,0.0,5,3,1,1,4,0,1,0
59143,4966,0.0,5.0,0.0,3,1,1,1,2,0,1,0
59588,962,0.0,7.0,0.0,11,4,2,1,9,0,2,0
59634,4357,0.0,3.0,0.0,13,2,2,3,11,0,2,0
60219,3541,0.0,0.0,0.0,3,1,1,3,2,0,1,0
60529,2051,0.0,2.0,1.0,4,1,1,1,3,0,1,0
60660,3828,0.0,2.0,0.0,22,8,5,3,21,0,1,0
60979,1816,0.0,0.0,0.0,23,6,3,1,21,0,1,1
61232,2138,0.0,5.0,0.0,19,10,7,1,13,0,6,0
61430,4960,0.0,3.0,0.0,3,1,1,2,2,0,1,0
61569,1142,0.0,3.0,0.0,6,2,1,1,5,0,1,0
6167,4618,0.0,0.0,0.0,10,5,1,2,8,0,2,0
63856,879,0.0,7.0,0.0,1,1,1,1,0,0,1,0
64370,4976,0.0,3.0,0.0,1,1,1,1,0,0,1,0
64481,4861,0.0,0.0,0.0,2,1,1,1,1,0,1,0
64572,4705,0.0,2.0,0.0,2,1,1,1,1,0,1,0
6482,3536,0.0,4.0,1.0,4,2,2,1,3,0,1,0
64857,2286,0.0,4.0,0.0,5,4,2,2,3,0,2,0
65127,2193,0.0,2.0,1.0,2,1,1,1,1,0,1,0
65618,145,0.0,0.0,0.0,8,3,1,2,7,0,1,0
65784,4394,1.0,5.0,0.0,11,6,2,1,9,0,2,0
67,946,0.0,0.0,0.0,7,3,2,1,4,0,3,0
67263,2915,0.0,4.0,1.0,9,4,1,2,7,0,2,0
67375,2361,0.0,0.0,0.0,1,1,1,1,0,0,1,0
67389,3753,0.0,2.0,0.0,4,1,1,1,3,0,1,0
6809,1704,0.0,4.0,0.0,13,11,3,1,12,0,1,0
68656,4090,0.0,0.0,0.0,2,1,1,2,1,0,1,0
68823,1051,0.0,0.0,0.0,7,2,1,1,5,0,2,0
68904,246,0.0,3.0,0.0,1,1,1,1,0,0,1,0
68939,588,0.0,4.0,0.0,1,1,1,1,0,0,1,0
69253,643,0.0,5.0,1.0,2,1,1,2,1,0,1,0
69338,2099,0.0,3.0,0.0,5,3,2,1,4,0,1,0
69562,239,1.0,4.0,0.0,4,2,2,1,2,0,2,0
69860,2361,0.0,3.0,0.0,2,1,1,1,1,0,1,0
70096,4197,0.0,5.0,0.0,7,3,3,2,6,0,1,0
70138,1443,0.0,5.0,1.0,12,1,1,2,10,0,1,1
70164,4267,0.0,5.0,0.0,1,1,1,1,0,0,1,0
71060,3609,0.0,4.0,0.0,8,6,1,1,7,0,1,0
71418,611,0.0,2.0,0.0,26,7,1,3,25,0,1,0
71886,2447,0.0,3.0,0.0,7,3,2,1,6,0,1,0
72582,661,0.0,2.0,0.0,5,1,1,1,4,0,1,0
72830,416,0.0,3.0,0.0,4,2,1,3,3,0,1,0
73384,1659,0.0,0.0,0.0,6,1,1,1,4,1,1,0
73542,1477,0.0,0.0,0.0,22,6,5,2,20,0,2,0
7357,1538,0.0,0.0,0.0,5,1,1,2,4,0,1,0
73787,1283,0.0,7.0,0.0,7,2,1,2,5,0,1,1
7390,798,0.0,2.0,0.0,127,14,9,3,123,0,3,1
74154,3954,0.0,0.0,1.0,4,3,3,1,3,0,1,0
74329,1710,0.0,0.0,1.0,5,1,1,1,4,0,1,0
7435,594,0.0,2.0,0.0,2,2,1,1,0,0,2,0
74598,2821,0.0,4.0,1.0,4,1,1,1,3,0,1,0
75192,141,0.0,4.0,0.0,10,8,3,2,9,0,1,0
75248,3136,0.0,3.0,0.0,7,1,1,1,6,0,1,0
75490,643,0.0,0.0,1.0,6,1,1,1,5,0,1,0
76158,1760,0.0,6.0,0.0,1,1,1,1,0,0,1,0
7671,3065,0.0,5.0,0.0,6,3,1,1,5,0,1,0
7680,2160,0.0,2.0,1.0,4,1,1,1,2,0,2,0
77128,2824,0.0,4.0,0.0,15,9,1,1,14,0,1,0
77367,4950,0.0,5.0,0.0,1,1,1,1,0,0,1,0
77437,4966,0.0,4.0,0.0,5,4,4,3,2,0,3,0
77529,4605,0.0,4.0,1.0,2,1,1,1,1,0,1,0
77903,3303,1.0,0.0,0.0,18,10,3,2,17,0,1,0
78239,4287,0.0,4.0,0.0,8,2,2,2,7,0,1,0
78476,3622,0.0,2.0,0.0,5,1,1,1,4,0,1,0
78702,4048,0.0,2.0,0.0,1,1,1,1,0,0,1,0
79343,2273,0.0,7.0,0.0,2,1,1,1,1,0,1,0
79538,2217,0.0,3.0,0.0,1,1,1,1,0,0,1,0
80128,897,0.0,4.0,2.0,16,9,8,2,13,0,3,0
8033,14,0.0,4.0,0.0,12,9,4,1,11,0,1,0
80467,1332,0.0,5.0,1.0,17,3,1,1,16,0,1,0
80739,827,0.0,4.0,1.0,14,5,3,1,12,0,2,0
81169,415,0.0,0.0,2.0,1,1,1,1,0,0,1,0
8121,467,0.0,3.0,0.0,32,14,3,2,24,0,5,3
81616,35,0.0,0.0,1.0,2,1,1,1,1,0,1,0
81888,320,0.0,0.0,0.0,24,13,9,1,22,0,2,0
82180,415,0.0,0.0,0.0,1,1,1,1,0,0,1,0
82383,1020,0.0,6.0,0.0,4,1,1,2,3,0,1,0
82403,2482,0.0,2.0,0.0,5,2,2,1,4,0,1,0
82490,2072,0.0,3.0,1.0,8,2,1,1,7,0,1,0
82752,1922,0.0,5.0,1.0,19,3,1,1,17,0,1,1
82829,1738,0.0,4.0,1.0,1,1,1,1,0,0,1,0
83602,467,0.0,3.0,0.0,11,4,3,4,7,0,1,3
83709,1346,0.0,3.0,0.0,6,2,1,1,5,0,1,0
84122,434,0.0,0.0,0.0,1,1,1,1,0,0,1,0
84194,4760,0.0,0.0,0.0,30,12,4,3,25,0,2,3
84377,542,0.0,2.0,0.0,3,1,1,2,2,0,1,0
84435,3460,0.0,0.0,0.0,5,1,1,1,3,0,2,0
84464,2309,0.0,4.0,0.0,5,1,1,1,4,0,1,0
84640,2669,0.0,3.0,0.0,27,8,4,7,21,0,2,4
84920,2954,0.0,4.0,0.0,2,1,1,1,1,0,1,0
85223,474,0.0,4.0,0.0,7,2,1,3,6,0,1,0
85558,682,0.0,3.0,0.0,16,3,1,1,15,0,1,0
85719,4745,1.0,0.0,0.0,1,1,1,1,0,0,1,0
86121,1963,0.0,4.0,0.0,147,40,2,4,143,0,4,0
86738,361,0.0,6.0,1.0,3,2,1,2,2,0,1,0
87388,4336,0.0,0.0,0.0,5,1,1,1,4,0,1,0
87474,1470,0.0,3.0,0.0,6,2,1,1,5,0,1,0
87770,590,0.0,3.0,1.0,4,3,2,1,3,0,1,0
88002,590,0.0,3.0,0.0,5,2,2,1,3,0,2,0
8837,2424,0.0,3.0,0.0,3,1,1,1,1,0,2,0
88760,1496,0.0,4.0,0.0,2,1,1,1,1,0,1,0
89223,1393,0.0,3.0,0.0,14,5,4,7,11,0,1,2
89294,3407,0.0,3.0,1.0,4,2,2,1,3,0,1,0
89424,3308,0.0,4.0,2.0,10,3,1,4,7,0,2,1
89963,1570,0.0,6.0,0.0,7,4,2,4,1,0,1,5
9024,1827,0.0,3.0,1.0,8,2,1,2,7,0,1,0
90298,3022,0.0,3.0,1.0,2,1,1,1,1,0,1,0
90334,695,0.0,3.0,1.0,14,3,2,2,13,0,1,0
90381,191,0.0,2.0,0.0,8,4,2,1,7,0,1,0
90754,1340,0.0,0.0,0.0,3,2,1,1,2,0,1,0
91537,2447,0.0,0.0,1.0,11,3,1,1,10,0,1,0
92428,2318,0.0,3.0,0.0,2,1,1,1,1,0,1,0
92742,4073,0.0,3.0,2.0,5,1,1,2,4,0,1,0
93011,3828,0.0,0.0,1.0,5,1,1,1,4,0,1,0
93037,2537,0.0,3.0,1.0,4,1,1,1,3,0,1,0
93274,2511,0.0,4.0,1.0,2,1,1,1,1,0,1,0
93290,1056,0.0,0.0,0.0,3,1,1,1,2,0,1,0
93437,361,0.0,3.0,1.0,44,20,4,1,43,0,1,0
93464,4488,0.0,7.0,1.0,5,3,1,1,4,0,1,0
94341,2954,0.0,4.0,0.0,14,1,1,6,13,0,1,0
9470,3588,0.0,5.0,0.0,9,3,1,1,6,0,3,0
94750,3471,0.0,0.0,0.0,5,2,1,1,4,0,1,0
95208,2294,0.0,0.0,2.0,9,2,1,3,8,0,1,0
95783,747,0.0,0.0,0.0,7,3,1,1,6,0,1,0
95917,3892,0.0,0.0,0.0,11,7,1,1,10,0,1,0
9592,963,0.0,7.0,1.0,5,2,1,2,4,0,1,0
96179,2031,0.0,3.0,0.0,3,2,1,1,2,0,1,0
96645,1500,0.0,6.0,1.0,4,1,1,3,3,0,1,0
97153,4648,0.0,3.0,2.0,1,1,1,1,0,0,1,0
97222,3484,0.0,3.0,0.0,1,1,1,1,0,0,1,0
98468,1966,0.0,0.0,0.0,7,3,2,1,3,0,1,3
98802,121,0.0,5.0,0.0,14,7,3,1,12,0,2,0
99574,3828,0.0,5.0,0.0,1,1,1,1,0,0,1,0
99779,1259,0.0,3.0,1.0,4,1,1,1,3,0,1,0
