100081,4485,0.0,3.0,0.0,5,1,1,1,4,0,1,0
100351,94,0.0,6.0,0.0,2,1,1,1,1,0,1,0
100457,4173,0.0,3.0,0.0,43,33,8,6,40,0,1,2
100534,1704,0.0,0.0,0.0,9,5,2,2,6,0,3,0
10108,594,1.0,3.0,0.0,2,1,1,2,1,0,1,0
10120,1502,0.0,0.0,1.0,9,2,2,1,6,0,3,0
101244,3668,0.0,2.0,0.0,2,1,1,1,1,0,1,0
102402,3159,0.0,3.0,1.0,1,1,1,1,0,0,1,0
102682,4050,0.0,4.0,1.0,6,1,1,2,3,0,3,0
102804,3984,0.0,0.0,0.0,9,2,1,3,7,0,2,0
102983,121,0.0,0.0,0.0,9,6,4,2,7,0,2,0
10304,1472,1.0,4.0,1.0,1,1,1,1,0,0,1,0
103082,962,0.0,0.0,0.0,24,10,3,4,22,0,2,0
103150,1978,0.0,2.0,1.0,1,1,1,1,0,0,1,0
103367,3955,0.0,4.0,1.0,10,5,3,2,8,0,1,1
103480,1167,0.0,0.0,0.0,4,1,1,2,3,0,1,0
103631,4976,0.0,4.0,0.0,3,1,1,1,2,0,1,0
103892,4836,0.0,0.0,0.0,10,1,1,3,9,0,1,0
103941,1997,1.0,4.0,0.0,8,2,2,2,6,0,1,1
104053,1854,0.0,0.0,0.0,11,3,1,2,10,0,1,0
104156,3912,0.0,6.0,1.0,1,1,1,1,0,0,1,0
104237,700,0.0,2.0,1.0,2,1,1,1,1,0,1,0
104359,4976,0.0,3.0,0.0,23,10,5,3,18,0,1,4
104507,3577,0.0,4.0,0.0,5,2,1,1,4,0,1,0
104718,1512,0.0,4.0,0.0,17,12,1,2,15,0,1,1
104837,4044,0.0,2.0,0.0,4,1,1,2,3,0,1,0
105102,1393,0.0,0.0,1.0,27,5,4,1,23,0,4,0
105994,4605,0.0,0.0,0.0,16,9,6,5,13,0,3,0
106057,4438,0.0,4.0,1.0,5,1,1,1,4,0,1,0
106242,625,0.0,3.0,0.0,3,1,1,1,2,0,1,0
106432,3350,0.0,4.0,0.0,2,1,1,2,1,0,1,0
106559,361,0.0,4.0,0.0,8,3,1,2,6,0,1,1
106691,4026,0.0,2.0,0.0,10,7,4,1,8,0,2,0
107151,832,0.0,0.0,0.0,8,3,1,2,7,0,1,0
107877,3734,0.0,0.0,1.0,11,2,1,2,9,0,1,1
108046,3723,0.0,2.0,0.0,11,4,1,1,9,0,2,0
108056,1522,0.0,0.0,0.0,1,1,1,1,0,0,1,0
108430,66,0.0,2.0,0.0,11,5,2,1,10,0,1,0
108547,2318,0.0,0.0,0.0,4,2,1,1,3,0,1,0
109152,3685,0.0,2.0,0.0,16,1,1,1,15,0,1,0
109504,1393,1.0,3.0,0.0,136,87,17,11,127,0,1,8
109540,547,0.0,4.0,0.0,9,2,2,2,8,0,1,0
109588,1102,0.0,3.0,0.0,17,7,1,1,15,0,1,1
110132,3152,0.0,4.0,0.0,10,5,1,2,7,0,1,2
110174,794,0.0,3.0,0.0,26,12,1,2,23,0,2,1
110307,3451,0.0,5.0,1.0,1,1,1,1,0,0,1,0
110330,1840,0.0,0.0,0.0,13,3,1,2,11,0,1,1
110734,219,0.0,5.0,0.0,1,1,1,1,0,0,1,0
110840,3418,0.0,6.0,1.0,17,1,1,1,16,0,1,0
111646,4171,0.0,0.0,0.0,8,1,1,1,4,0,4,0
111902,1090,0.0,3.0,1.0,65,42,4,4,64,0,1,0
112393,3288,0.0,5.0,0.0,3,1,1,1,1,0,2,0
112441,2562,0.0,0.0,1.0,1,1,1,1,0,0,1,0
112656,1618,0.0,6.0,0.0,71,29,4,14,69,0,1,1
112916,4280,0.0,4.0,1.0,11,1,1,4,9,0,1,1
112920,4438,0.0,5.0,0.0,1,1,1,1,0,0,1,0
112937,2361,0.0,3.0,0.0,2,1,1,1,1,0,1,0
113034,1056,0.0,4.0,0.0,21,11,9,3,15,0,6,0
11308,2002,0.0,3.0,2.0,9,5,3,2,7,0,2,0
113189,3727,0.0,5.0,0.0,10,3,1,1,9,0,1,0
113429,3524,0.0,7.0,1.0,3,1,1,2,2,0,1,0
113805,1272,1.0,6.0,0.0,54,25,6,10,46,0,1,7
114129,4108,0.0,6.0,0.0,2,1,1,1,1,0,1,0
114180,1851,0.0,0.0,0.0,2,1,1,1,1,0,1,0
114203,3042,0.0,4.0,2.0,37,13,7,3,33,0,4,0
114443,1187,0.0,5.0,0.0,1,1,1,1,0,0,1,0
114471,557,0.0,4.0,1.0,26,15,7,3,10,0,7,9
114548,3159,0.0,3.0,0.0,20,11,4,2,16,0,4,0
114824,3173,0.0,0.0,1.0,14,2,1,4,13,0,1,0
114828,4394,1.0,0.0,0.0,5,1,1,3,3,0,2,0
114899,778,0.0,2.0,0.0,7,2,2,2,6,0,1,0
115048,1056,0.0,3.0,0.0,9,6,3,2,6,0,2,1
11553,2047,0.0,0.0,0.0,2,1,1,1,1,0,1,0
115826,2891,0.0,5.0,0.0,9,3,2,2,6,0,2,1
116023,3396,0.0,3.0,0.0,20,12,3,2,17,0,3,0
116254,2448,0.0,4.0,1.0,4,2,1,1,3,0,1,0
116382,557,0.0,5.0,0.0,3,1,1,1,2,0,1,0
11675,320,0.0,3.0,1.0,2,1,1,1,1,0,1,0
11713,4450,0.0,5.0,0.0,3,1,1,1,2,0,1,0
117154,3887,0.0,3.0,0.0,23,18,3,1,22,0,1,0
117183,1213,0.0,3.0,1.0,8,1,1,2,7,0,1,0
117355,4090,0.0,3.0,0.0,54,15,2,11,48,0,3,3
117853,1026,0.0,3.0,1.0,2,1,1,1,1,0,1,0
117942,1892,0.0,5.0,0.0,27,20,7,2,25,0,2,0
11822,3613,0.0,6.0,0.0,6,1,1,1,5,0,1,0
118917,3578,0.0,5.0,0.0,3,2,1,1,2,0,1,0
118929,3179,0.0,2.0,1.0,9,1,1,3,7,0,1,1
119032,1074,0.0,4.0,2.0,5,1,1,1,4,0,1,0
119223,4607,0.0,3.0,0.0,13,3,1,2,9,0,1,3
11933,1501,0.0,0.0,1.0,7,3,1,3,6,0,1,0
119506,4558,0.0,0.0,0.0,8,1,1,1,6,0,2,0
119890,4919,0.0,3.0,1.0,1,1,1,1,0,0,1,0
120081,191,1.0,2.0,0.0,152,81,15,2,145,0,1,6
120226,2537,0.0,4.0,1.0,7,4,1,2,5,1,1,0
120288,2031,0.0,2.0,1.0,3,2,1,1,2,0,1,0
120671,4394,1.0,3.0,0.0,1,1,1,1,0,0,1,0
121115,3484,0.0,4.0,1.0,8,2,1,2,7,0,1,0
121421,684,0.0,4.0,0.0,1,1,1,1,0,0,1,0
121453,738,0.0,5.0,1.0,4,3,2,1,3,0,1,0
121586,1884,0.0,2.0,1.0,1,1,1,1,0,0,1,0
12165,1102,0.0,4.0,0.0,2,1,1,1,1,0,1,0
121737,3150,0.0,0.0,2.0,2,2,1,1,1,0,1,0
121873,4864,0.0,5.0,1.0,4,1,1,2,3,0,1,0
122128,1353,0.0,0.0,0.0,3,2,2,2,1,0,1,1
122490,684,0.0,2.0,0.0,3,2,2,2,2,0,1,0
12274,246,0.0,6.0,1.0,6,2,1,4,5,0,1,0
122748,3835,0.0,3.0,1.0,4,1,1,1,3,0,1,0
122781,2002,0.0,3.0,0.0,3,1,1,1,2,0,1,0
123037,3236,0.0,0.0,0.0,15,7,1,5,14,0,1,0
123209,4554,0.0,6.0,1.0,11,8,3,4,10,0,1,0
123230,773,1.0,4.0,0.0,1,1,1,1,0,0,1,0
123410,3057,0.0,0.0,0.0,1,1,1,1,0,0,1,0
123514,2448,0.0,5.0,0.0,6,3,1,4,5,0,1,0
123640,3005,0.0,5.0,0.0,72,38,13,3,52,0,2,18
123707,3828,0.0,3.0,0.0,17,6,3,5,16,0,1,0
124561,4022,0.0,0.0,0.0,6,2,1,2,4,0,2,0
124752,4043,0.0,3.0,0.0,1,1,1,1,0,0,1,0
125363,1742,0.0,3.0,0.0,8,5,1,1,6,0,2,0
125512,2272,0.0,2.0,0.0,29,3,1,2,28,0,1,0
125601,2872,0.0,5.0,1.0,11,5,4,2,10,0,1,0
125650,1840,0.0,4.0,0.0,4,1,1,1,3,0,1,0
125676,1895,1.0,2.0,1.0,8,5,3,1,6,0,2,0
126029,4049,0.0,3.0,2.0,3,1,1,2,2,0,1,0
12625,4282,0.0,2.0,0.0,16,12,2,2,14,0,1,1
126392,3319,1.0,4.0,0.0,8,2,1,2,7,0,1,0
12646,4346,0.0,4.0,1.0,5,1,1,3,4,0,1,0
127214,2954,0.0,5.0,0.0,20,12,6,2,15,0,3,2
127373,1268,1.0,3.0,1.0,7,2,2,1,6,0,1,0
127444,4504,0.0,4.0,1.0,18,2,1,3,15,0,1,2
128041,1890,0.0,6.0,0.0,11,5,1,2,10,0,1,0
128591,3095,0.0,0.0,null,4,1,1,1,3,0,1,0
128779,2629,1.0,3.0,0.0,2,1,1,1,1,0,1,0
128854,3472,0.0,6.0,0.0,5,3,2,1,2,0,3,0
129037,960,0.0,2.0,1.0,9,3,1,1,8,0,1,0
129523,4141,0.0,5.0,0.0,10,6,1,1,9,0,1,0
129562,2482,0.0,2.0,0.0,2,1,1,1,1,0,1,0
130218,1816,0.0,6.0,0.0,12,1,1,4,10,0,1,1
130614,474,1.0,0.0,0.0,14,6,4,2,4,0,4,6
131483,2189,0.0,4.0,0.0,1,1,1,1,0,0,1,0
132155,2318,0.0,3.0,1.0,6,1,1,1,5,0,1,0
132271,4797,0.0,0.0,1.0,6,4,1,1,0,0,6,0
13311,326,0.0,3.0,0.0,6,1,1,2,5,0,1,0
133155,608,0.0,3.0,0.0,6,1,1,2,4,0,1,1
133373,1661,0.0,4.0,1.0,3,2,1,2,2,0,1,0
133467,4879,0.0,4.0,2.0,17,6,1,2,13,0,2,2
133701,742,0.0,0.0,0.0,1,1,1,1,0,0,1,0
134047,2766,0.0,6.0,1.0,1,1,1,1,0,0,1,0
134229,2447,0.0,3.0,0.0,2,1,1,1,1,0,1,0
134230,1067,1.0,5.0,1.0,3,2,1,2,2,0,1,0
134684,4966,0.0,6.0,0.0,9,6,4,1,7,0,2,0
13501,4079,0.0,3.0,0.0,3,1,1,2,1,0,2,0
135644,104,0.0,0.0,0.0,2,1,1,1,1,0,1,0
135653,4413,0.0,4.0,1.0,2,1,1,1,1,0,1,0
135875,3968,0.0,0.0,0.0,4,1,1,1,3,0,1,0
136377,508,0.0,2.0,0.0,2,1,1,1,0,0,2,0
136673,2737,0.0,0.0,0.0,11,3,1,2,9,1,1,0
136826,1679,0.0,4.0,0.0,20,11,3,1,18,0,2,0
136833,2828,0.0,0.0,0.0,13,3,1,3,10,0,1,2
137779,1102,0.0,6.0,0.0,12,7,3,2,11,0,1,0
13791,4731,0.0,4.0,0.0,4,1,1,2,3,0,1,0
138640,2482,0.0,3.0,0.0,3,2,2,1,2,0,1,0
138691,2767,0.0,3.0,0.0,12,3,3,3,10,0,1,1
13879,2537,0.0,2.0,0.0,4,2,1,1,3,0,1,0
138993,2928,1.0,4.0,0.0,87,26,11,10,75,0,4,8
139199,1356,0.0,3.0,0.0,4,3,1,1,3,0,1,0
139283,1216,0.0,4.0,0.0,3,1,1,1,2,0,1,0
139824,2318,0.0,3.0,0.0,4,3,2,1,3,0,1,0
140387,1116,0.0,5.0,0.0,7,4,2,2,4,0,3,0
140421,1944,0.0,4.0,1.0,3,2,2,1,2,0,1,0
140813,606,0.0,0.0,2.0,11,7,4,3,10,0,1,0
140817,614,0.0,2.0,1.0,9,1,1,1,8,0,1,0
140850,1890,0.0,6.0,0.0,8,2,1,1,7,0,1,0
140892,3227,0.0,2.0,1.0,2,1,1,1,1,0,1,0
141047,1846,0.0,2.0,1.0,1,1,1,1,0,0,1,0
141082,2277,0.0,0.0,0.0,3,1,1,1,2,0,1,0
14109,3424,0.0,5.0,0.0,15,3,1,2,13,0,2,0
141350,2193,0.0,5.0,0.0,9,7,5,3,6,0,3,0
1415,4044,0.0,3.0,0.0,84,37,8,1,82,0,2,0
141642,2122,1.0,2.0,0.0,4,1,1,2,3,0,1,0
141803,4571,0.0,0.0,0.0,17,3,1,1,16,0,1,0
142122,4044,0.0,0.0,0.0,13,7,2,1,12,0,1,0
142144,13,0.0,4.0,1.0,1,1,1,1,0,0,1,0
143132,4475,0.0,2.0,1.0,5,1,1,1,4,0,1,0
143466,2078,0.0,6.0,0.0,6,2,1,3,4,0,1,1
14377,1659,0.0,5.0,0.0,7,3,1,1,6,0,1,0
143798,2006,0.0,5.0,0.0,2,1,1,1,1,0,1,0
144121,3148,0.0,0.0,0.0,21,12,3,2,19,1,1,0
144330,4071,0.0,3.0,0.0,1,1,1,1,0,0,1,0
144487,3925,0.0,3.0,0.0,137,29,6,6,133,0,3,1
144565,1467,0.0,0.0,0.0,7,3,2,1,6,0,1,0
144915,2639,0.0,5.0,0.0,63,21,4,4,60,0,3,0
145131,2928,0.0,3.0,1.0,14,3,1,1,11,0,2,1
145332,3136,0.0,6.0,1.0,2,1,1,1,0,0,1,1
145490,1500,0.0,3.0,0.0,3,2,1,1,2,0,1,0
145813,3428,0.0,5.0,0.0,4,1,1,2,3,0,1,0
146145,715,0.0,3.0,0.0,1,1,1,1,0,0,1,0
146295,1050,0.0,2.0,0.0,2,1,1,1,0,0,1,1
146531,1755,0.0,0.0,0.0,3,1,1,1,2,0,1,0
14677,1500,0.0,3.0,1.0,15,1,1,2,14,0,1,0
14684,2954,0.0,6.0,1.0,4,3,2,1,3,0,1,0
14728,1060,0.0,0.0,0.0,1,1,1,1,0,0,1,0
149505,804,0.0,3.0,1.0,2,1,1,1,1,0,1,0
14952,1403,0.0,5.0,0.0,2,1,1,1,1,0,1,0
149555,3753,0.0,2.0,0.0,6,1,1,1,4,1,1,0
1496,2031,0.0,2.0,1.0,11,1,1,4,8,0,3,0
150429,1763,0.0,4.0,0.0,20,6,4,5,17,0,1,2
150984,1272,0.0,0.0,0.0,14,5,2,2,11,0,1,2
150996,1754,0.0,4.0,1.0,7,3,1,1,6,0,1,0
151416,1272,1.0,6.0,0.0,35,27,6,7,33,0,2,0
151460,1193,0.0,3.0,1.0,2,2,1,2,1,0,1,0
152102,3528,0.0,2.0,0.0,9,1,1,1,8,0,1,0
152155,4438,0.0,2.0,0.0,2,2,1,1,0,0,2,0
152367,3906,0.0,3.0,0.0,10,5,4,1,8,0,1,1
152540,1927,0.0,4.0,1.0,1,1,1,1,0,0,1,0
15318,408,0.0,4.0,0.0,10,4,1,1,8,0,2,0
153327,4648,0.0,null,null,6,3,1,1,5,0,1,0
153387,403,0.0,3.0,0.0,15,1,1,4,14,0,1,0
153519,1708,0.0,3.0,0.0,4,2,1,2,3,0,1,0
153761,1890,0.0,4.0,1.0,11,2,2,3,8,0,2,1
154448,2545,0.0,2.0,1.0,17,9,4,4,11,0,1,5
154512,3073,0.0,2.0,1.0,1,1,1,1,0,0,1,0
154845,4245,0.0,4.0,0.0,5,1,2,2,3,1,1,0
154861,2618,0.0,5.0,1.0,1,1,1,1,0,0,1,0
154948,514,0.0,3.0,1.0,1,1,1,1,0,0,1,0
155577,3933,0.0,3.0,1.0,3,1,1,1,2,0,1,0
155605,200,0.0,3.0,1.0,3,1,1,1,2,0,1,0
155628,414,0.0,6.0,0.0,12,9,3,2,11,0,1,0
155837,3073,0.0,2.0,1.0,2,1,1,1,1,0,1,0
156371,168,0.0,2.0,0.0,65,12,4,3,61,0,4,0
15679,4793,0.0,2.0,1.0,2,1,1,1,1,0,1,0
157281,3578,0.0,0.0,0.0,4,2,1,1,3,0,1,0
157874,4394,0.0,5.0,0.0,4,1,1,1,2,0,1,1
15800,1900,0.0,4.0,0.0,3,1,1,1,2,0,1,0
158027,3519,0.0,0.0,1.0,2,1,1,1,1,0,1,0
158373,1166,0.0,2.0,1.0,2,1,1,1,1,0,1,0
158447,1472,0.0,3.0,1.0,2,1,1,1,1,0,1,0
158919,4129,0.0,2.0,0.0,10,7,2,2,8,0,1,1
159021,4306,0.0,3.0,0.0,5,1,1,2,4,0,1,0
159588,4369,0.0,6.0,1.0,8,1,1,3,7,0,1,0
160120,1067,0.0,4.0,1.0,10,1,1,2,9,0,1,0
160257,1708,0.0,0.0,0.0,2,1,1,1,1,0,1,0
160405,416,0.0,4.0,0.0,2,1,1,1,1,0,1,0
160938,2579,0.0,5.0,0.0,6,2,1,1,5,0,1,0
161116,4079,0.0,5.0,1.0,4,1,1,1,3,0,1,0
161560,1784,0.0,4.0,0.0,9,1,1,6,7,0,1,1
161901,1327,0.0,0.0,0.0,14,4,2,2,13,0,1,0
161941,1454,0.0,2.0,1.0,6,1,1,3,4,0,1,1
162379,798,0.0,7.0,1.0,26,3,2,2,24,0,1,1
162516,102,0.0,6.0,0.0,7,1,1,4,6,0,1,0
16260,1885,0.0,4.0,1.0,2,1,1,1,1,0,1,0
163247,4427,0.0,6.0,0.0,3,1,1,1,2,0,1,0
163724,2537,0.0,5.0,0.0,2,1,1,2,0,0,1,1
163726,2036,0.0,4.0,2.0,9,1,1,2,8,0,1,0
16381,598,0.0,4.0,1.0,21,12,2,6,19,0,1,1
164395,2579,0.0,8.0,1.0,3,1,1,1,2,0,1,0
165728,1911,0.0,0.0,0.0,7,3,1,1,6,0,1,0
166115,1999,0.0,3.0,2.0,13,7,1,3,11,0,2,0
166305,1051,0.0,3.0,0.0,1,1,1,1,0,0,1,0
166376,4979,0.0,5.0,0.0,4,1,1,1,3,0,1,0
166408,3401,0.0,3.0,0.0,4,2,1,1,2,0,2,0
166757,1978,0.0,2.0,1.0,5,1,1,1,4,0,1,0
167832,4783,0.0,0.0,0.0,2,1,1,1,1,0,1,0
169164,1945,0.0,2.0,0.0,15,10,4,3,14,0,1,0
169193,2645,0.0,0.0,1.0,6,2,2,1,5,0,1,0
169230,3528,0.0,0.0,0.0,8,4,3,1,7,0,1,0
169673,104,0.0,0.0,0.0,4,2,1,1,3,0,1,0
170128,1618,0.0,3.0,0.0,11,3,2,5,10,0,1,0
170132,2031,0.0,0.0,0.0,2,1,1,1,1,0,1,0
170499,2149,0.0,3.0,0.0,8,2,1,1,6,0,1,1
170887,3159,0.0,0.0,0.0,8,6,3,2,5,0,3,0
171317,4420,0.0,5.0,0.0,36,15,10,7,32,0,2,2
171960,4525,1.0,3.0,0.0,22,13,3,5,21,0,1,0
172042,4280,0.0,3.0,0.0,22,6,1,3,20,0,1,1
172125,3609,0.0,0.0,0.0,36,17,2,6,35,0,1,0
172547,2545,0.0,3.0,1.0,41,15,6,6,40,0,1,0
172769,3042,0.0,3.0,0.0,5,4,2,1,3,0,2,0
173165,4368,0.0,4.0,null,1,1,1,1,0,0,1,0
173352,3445,0.0,4.0,1.0,3,1,1,2,2,0,1,0
174304,2824,0.0,0.0,0.0,2,1,1,1,0,0,1,1
174354,3148,0.0,4.0,0.0,13,8,3,2,11,0,1,1
174520,4708,0.0,3.0,0.0,2,2,2,1,1,0,1,0
174913,4492,0.0,6.0,0.0,14,3,2,1,11,0,1,2
175534,4287,0.0,3.0,0.0,2,1,1,1,1,0,1,0
175780,2765,0.0,3.0,0.0,3,2,2,1,0,0,3,0
176150,3826,0.0,3.0,1.0,7,1,1,1,5,0,1,1
176247,4760,0.0,3.0,1.0,1,1,1,1,0,0,1,0
176615,2598,0.0,3.0,0.0,22,3,2,2,19,0,1,2
176878,4855,0.0,4.0,0.0,20,9,2,2,14,0,3,3
177014,2876,0.0,2.0,0.0,5,2,1,1,2,0,3,0
177351,3484,1.0,0.0,1.0,7,2,1,1,6,0,1,0
177687,4287,0.0,3.0,0.0,9,7,5,1,8,0,1,0
17777,2313,0.0,4.0,2.0,9,3,2,2,8,0,1,0
177862,423,0.0,3.0,0.0,5,1,1,2,3,0,1,1
178228,4044,0.0,3.0,0.0,20,5,4,2,19,0,1,0
178309,416,0.0,5.0,2.0,10,6,1,2,8,0,2,0
178453,2891,0.0,4.0,0.0,12,6,1,1,10,0,2,0
178590,2579,0.0,5.0,1.0,4,2,2,1,2,0,2,0
178937,4270,0.0,4.0,0.0,6,2,2,3,3,0,1,2
179065,4419,0.0,3.0,0.0,14,9,4,3,12,0,2,0
179176,4942,0.0,3.0,0.0,5,1,1,1,4,0,1,0
179315,740,0.0,2.0,1.0,1,1,1,1,0,0,1,0
179429,2919,0.0,6.0,0.0,7,1,1,3,5,0,1,1
179758,148,0.0,4.0,0.0,2,1,1,1,1,0,1,0
179990,1861,0.0,3.0,0.0,2,2,1,1,0,0,1,1
180030,4765,1.0,3.0,0.0,7,2,2,3,5,0,2,0
180492,522,0.0,5.0,0.0,12,3,1,3,10,0,1,1
180665,2031,0.0,4.0,1.0,20,10,4,4,18,0,2,0
18069,2746,0.0,2.0,0.0,13,3,1,2,12,0,1,0
180690,66,0.0,5.0,0.0,1,1,1,1,0,0,1,0
180746,2664,0.0,4.0,0.0,19,15,2,1,18,0,1,0
180758,2217,0.0,3.0,0.0,29,14,2,2,23,0,1,5
180791,2710,0.0,5.0,1.0,4,2,1,1,3,0,1,0
181179,2124,0.0,5.0,0.0,25,14,2,2,20,0,3,2
18146,1501,0.0,0.0,0.0,11,7,3,1,10,0,1,0
181913,4976,0.0,0.0,0.0,4,2,1,1,3,0,1,0
181984,4325,0.0,3.0,1.0,1,1,1,1,0,0,1,0
182101,2721,0.0,0.0,null,3,2,1,1,2,0,1,0
182519,2318,0.0,3.0,0.0,4,2,1,1,3,0,1,0
182775,4385,0.0,0.0,0.0,4,2,1,1,3,0,1,0
182802,1393,0.0,3.0,0.0,46,33,10,3,43,0,1,2
183098,4131,0.0,3.0,0.0,4,1,1,1,3,0,1,0
183417,1022,0.0,4.0,0.0,7,1,1,2,3,0,3,1
183693,4765,0.0,5.0,1.0,2,1,1,1,0,0,2,0
184044,1102,0.0,3.0,0.0,5,4,2,2,3,0,2,0
184619,1861,0.0,0.0,0.0,7,1,1,2,6,0,1,0
184657,2268,0.0,4.0,0.0,6,1,1,4,5,0,1,0
184876,1393,0.0,4.0,0.0,2,2,2,1,1,0,1,0
185163,2138,0.0,2.0,1.0,8,2,1,2,7,0,1,0
185832,129,0.0,0.0,0.0,15,7,1,1,14,0,1,0
185927,2582,0.0,null,null,19,4,2,4,17,1,1,0
186127,121,0.0,6.0,0.0,29,12,3,2,25,0,4,0
186668,4506,0.0,2.0,0.0,5,2,2,1,3,0,2,0
186800,416,1.0,5.0,0.0,2,2,1,1,0,0,2,0
187143,2047,0.0,0.0,0.0,24,13,9,5,21,0,1,2
187432,2856,0.0,6.0,0.0,12,2,1,1,10,1,1,0
187953,2981,0.0,2.0,0.0,10,4,3,3,9,0,1,0
188316,2972,0.0,2.0,0.0,10,2,2,3,9,0,1,0
188526,4730,0.0,0.0,0.0,9,3,1,2,5,1,2,1
188581,1943,0.0,0.0,1.0,4,1,1,1,3,0,1,0
188766,1890,0.0,3.0,1.0,12,7,2,3,10,0,1,1
18928,1890,0.0,2.0,0.0,5,1,1,5,4,0,1,0
189468,2273,0.0,4.0,0.0,2,1,1,1,1,0,1,0
189545,4564,0.0,6.0,0.0,8,1,1,6,5,0,1,2
189561,2047,0.0,3.0,1.0,3,1,1,2,2,0,1,0
189689,1203,0.0,6.0,0.0,5,2,2,3,3,0,1,1
191007,1056,1.0,3.0,0.0,23,13,5,1,19,0,4,0
19113,4173,0.0,0.0,0.0,2,1,1,1,1,0,1,0
191143,439,0.0,4.0,1.0,4,2,1,1,3,0,1,0
191526,1760,0.0,2.0,0.0,12,9,1,2,11,0,1,0
1916,4356,0.0,0.0,0.0,6,2,1,1,4,0,2,0
192008,92,0.0,6.0,0.0,3,1,1,1,2,0,1,0
19201,1963,1.0,4.0,0.0,13,7,2,2,11,0,2,0
192059,4525,0.0,0.0,0.0,14,6,2,1,4,0,10,0
192145,4765,0.0,3.0,0.0,5,2,1,2,3,0,1,1
19257,1760,0.0,0.0,0.0,2,1,1,1,1,0,1,0
192581,4992,0.0,4.0,0.0,17,6,1,1,16,0,1,0
192773,323,0.0,0.0,0.0,4,1,1,2,2,0,1,1
193263,3826,0.0,5.0,1.0,1,1,1,1,0,0,1,0
193539,4887,0.0,3.0,1.0,5,2,1,1,4,0,1,0
193758,2928,0.0,5.0,0.0,7,4,1,1,6,0,1,0
193831,1031,0.0,3.0,0.0,5,2,1,3,3,0,1,1
193833,190,0.0,3.0,0.0,2,1,1,2,1,0,1,0
19389,4173,0.0,3.0,0.0,15,6,3,2,14,0,1,0
193896,4836,0.0,0.0,0.0,17,6,2,5,15,0,1,1
194147,4394,0.0,2.0,0.0,3,1,1,1,2,0,1,0
194339,2895,0.0,4.0,0.0,31,15,7,5,29,0,1,1
194431,1310,0.0,2.0,0.0,10,7,6,2,8,0,2,0
1947,4585,1.0,0.0,1.0,17,4,2,2,16,0,1,0
194833,798,0.0,0.0,0.0,33,16,9,1,31,0,2,0
194893,4129,0.0,4.0,0.0,1,1,1,1,0,0,1,0
195238,3148,0.0,3.0,0.0,9,2,1,1,8,0,1,0
195434,2273,0.0,0.0,0.0,5,1,1,2,3,0,1,1
195563,2173,0.0,0.0,1.0,45,24,2,4,44,0,1,0
195938,4976,0.0,0.0,0.0,3,3,2,3,1,0,1,1
196037,2664,0.0,6.0,0.0,7,1,1,5,5,0,2,0
196082,606,0.0,4.0,1.0,8,7,5,2,6,0,2,0
196652,479,0.0,3.0,0.0,1,1,1,1,0,0,1,0
197772,4219,0.0,0.0,1.0,1,1,1,1,0,0,1,0
198191,1031,0.0,4.0,0.0,4,1,1,1,3,0,1,0
198713,1861,0.0,2.0,0.0,5,2,1,1,4,0,1,0
199419,1022,0.0,4.0,1.0,2,1,1,2,0,0,1,1
199478,2459,0.0,4.0,1.0,9,3,2,2,8,0,1,0
199957,1008,0.0,6.0,0.0,6,1,1,1,5,0,1,0
200558,2361,0.0,5.0,0.0,3,1,1,1,2,0,1,0
201253,1272,1.0,4.0,2.0,5,1,1,1,4,0,1,0
201849,4605,0.0,2.0,0.0,3,1,1,1,2,0,1,0
201868,2537,0.0,3.0,0.0,2,1,1,1,1,0,1,0
202192,3887,0.0,3.0,0.0,2,2,2,1,1,0,1,0
202748,4648,0.0,4.0,0.0,3,1,1,1,2,0,1,0
202835,4976,0.0,3.0,0.0,9,8,5,2,8,0,1,0
203220,2036,0.0,0.0,1.0,1,1,1,1,0,0,1,0
203454,588,0.0,0.0,0.0,4,2,1,2,2,0,1,1
203979,946,1.0,0.0,0.0,47,23,4,5,43,0,4,0
204876,1272,0.0,6.0,0.0,61,20,5,4,53,0,3,5
205044,4524,0.0,0.0,0.0,12,3,2,1,10,0,1,1
20535,4322,0.0,3.0,1.0,4,1,1,1,3,0,1,0
205520,98,0.0,4.0,0.0,12,6,5,3,10,0,2,0
20591,3080,0.0,0.0,null,1,1,1,1,0,0,1,0
206004,1102,0.0,2.0,0.0,35,21,8,1,34,0,1,0
206257,4388,0.0,6.0,1.0,5,1,1,1,3,0,2,0
206453,219,0.0,3.0,0.0,4,1,1,1,3,0,1,0
206455,2138,0.0,4.0,0.0,7,6,5,2,0,0,2,5
206624,3562,0.0,0.0,1.0,6,2,2,2,5,0,1,0
206635,332,0.0,3.0,0.0,8,4,3,1,6,0,1,1
206872,2869,0.0,3.0,0.0,5,2,2,2,4,0,1,0
20718,4605,0.0,4.0,1.0,4,1,1,1,3,0,1,0
207364,416,0.0,0.0,0.0,9,3,2,2,7,0,2,0
207587,862,0.0,3.0,0.0,17,12,7,1,16,0,1,0
207689,1755,0.0,2.0,0.0,10,6,3,3,6,0,3,1
207698,685,0.0,6.0,0.0,15,10,4,1,14,0,1,0
208197,590,1.0,4.0,1.0,10,5,3,2,9,0,1,0
208736,1115,0.0,4.0,1.0,4,1,1,1,3,0,1,0
208826,4949,0.0,0.0,0.0,16,7,4,1,15,0,1,0
209053,4198,0.0,0.0,0.0,2,1,1,1,1,0,1,0
209091,310,0.0,6.0,0.0,6,1,1,2,5,0,1,0
209127,685,0.0,0.0,0.0,2,1,1,1,1,0,1,0
209291,3531,0.0,3.0,1.0,3,1,1,1,2,0,1,0
209339,1816,0.0,3.0,0.0,68,25,5,3,59,0,9,0
209832,2273,0.0,0.0,0.0,3,2,1,1,2,0,1,0
209854,1816,0.0,null,null,5,3,1,1,4,0,1,0
209920,1472,0.0,0.0,0.0,23,11,1,3,22,0,1,0
210006,2128,0.0,3.0,0.0,9,1,1,1,8,0,1,0
210028,66,0.0,3.0,0.0,4,2,2,1,3,0,1,0
210557,3828,0.0,4.0,0.0,40,24,7,2,34,0,5,1
210754,3990,0.0,2.0,0.0,7,1,1,1,5,0,1,1
210846,2008,0.0,4.0,2.0,1,1,1,1,0,0,1,0
211030,1895,0.0,3.0,0.0,6,1,1,1,5,0,1,0
211088,1800,0.0,4.0,0.0,2,1,1,1,1,0,1,0
211397,4847,0.0,2.0,0.0,41,11,5,5,35,0,2,4
211596,2394,0.0,6.0,0.0,3,1,1,1,2,0,1,0
211674,3181,0.0,5.0,0.0,6,3,2,2,5,0,1,0
211966,3835,0.0,0.0,0.0,11,7,3,2,8,0,2,1
212519,3955,0.0,2.0,0.0,9,1,1,2,8,0,1,0
212711,2128,0.0,3.0,0.0,3,2,2,1,1,0,2,0
212714,941,0.0,7.0,0.0,2,1,1,1,1,0,1,0
213136,1944,0.0,0.0,0.0,4,3,2,3,3,0,1,0
213144,1360,0.0,0.0,0.0,2,1,1,1,1,0,1,0
214267,1724,0.0,3.0,1.0,7,4,2,2,6,0,1,0
215157,361,0.0,0.0,0.0,5,2,1,1,4,0,1,0
215277,1673,0.0,0.0,0.0,12,4,1,2,10,0,1,1
215832,3826,0.0,4.0,0.0,1,1,1,1,0,0,1,0
216944,3323,1.0,4.0,1.0,10,4,1,1,9,0,1,0
216949,4958,0.0,0.0,null,6,2,1,1,3,0,3,0
217039,3968,0.0,0.0,0.0,5,1,1,2,2,0,1,2
217085,1483,0.0,6.0,1.0,11,3,1,2,10,0,1,0
217311,66,0.0,4.0,0.0,2,1,1,1,1,0,1,0
217324,3341,0.0,4.0,1.0,14,5,2,3,13,0,1,0
217388,3623,0.0,0.0,1.0,7,3,3,2,6,0,1,0
217480,731,0.0,4.0,1.0,6,2,1,2,4,0,1,1
217737,4022,0.0,6.0,0.0,2,1,1,1,1,0,1,0
217780,2569,0.0,6.0,1.0,2,2,2,1,0,0,2,0
217835,1495,0.0,3.0,0.0,4,2,1,2,3,0,1,0
218061,4840,0.0,3.0,0.0,3,1,1,1,2,0,1,0
218530,1891,0.0,3.0,1.0,4,1,1,2,3,0,1,0
219060,4659,0.0,4.0,0.0,6,2,1,3,4,0,1,1
220047,2618,0.0,5.0,0.0,6,1,1,1,3,0,2,1
221096,4504,0.0,3.0,1.0,32,21,1,1,31,0,1,0
221133,1875,0.0,4.0,1.0,5,4,3,2,4,0,1,0
22119,1166,0.0,6.0,1.0,5,1,1,1,4,0,1,0
22137,4500,0.0,2.0,1.0,4,2,1,1,3,0,1,0
221536,3541,0.0,4.0,0.0,1,1,1,1,0,0,1,0
221738,1647,0.0,0.0,1.0,3,1,1,1,2,0,1,0
22196,4966,0.0,4.0,1.0,8,4,2,2,7,0,1,0
221976,1272,1.0,6.0,0.0,46,7,3,10,45,0,1,0
222037,2768,0.0,4.0,0.0,2,1,1,1,1,0,1,0
222083,2193,0.0,7.0,1.0,2,1,1,2,1,0,1,0
222178,1298,0.0,0.0,0.0,2,1,1,1,1,0,1,0
222194,812,0.0,3.0,0.0,5,1,1,1,4,0,1,0
223257,3392,0.0,3.0,1.0,13,8,1,1,12,0,1,0
223365,1407,0.0,3.0,0.0,9,5,1,1,8,0,1,0
223484,1833,0.0,4.0,1.0,8,6,1,1,7,0,1,0
223510,1494,0.0,6.0,0.0,13,5,2,1,11,0,2,0
223789,4043,0.0,0.0,0.0,1,1,1,1,0,0,1,0
224253,4693,0.0,5.0,0.0,4,1,1,1,2,0,2,0
224508,3205,1.0,3.0,0.0,2,1,1,2,0,0,1,1
224782,4371,0.0,2.0,0.0,1,1,1,1,0,0,1,0
225642,951,0.0,0.0,0.0,6,1,1,1,4,1,1,0
226037,1922,0.0,2.0,1.0,5,2,1,1,4,0,1,0
227047,3941,0.0,3.0,0.0,8,1,1,1,7,0,1,0
227267,3734,0.0,4.0,1.0,18,6,2,3,16,0,2,0
228156,1833,0.0,5.0,0.0,6,5,1,1,5,0,1,0
228338,3938,0.0,0.0,0.0,11,1,1,1,10,0,1,0
228431,4605,0.0,4.0,0.0,7,3,1,1,6,0,1,0
228504,4071,0.0,4.0,0.0,7,1,1,1,5,0,1,1
228543,2325,0.0,3.0,0.0,3,2,2,1,2,0,1,0
228652,1487,0.0,0.0,0.0,3,1,1,2,2,0,1,0
22904,2138,0.0,2.0,0.0,8,7,3,1,7,0,1,0
229398,4044,0.0,0.0,0.0,32,13,2,1,30,0,2,0
229545,297,0.0,4.0,0.0,4,1,1,2,3,0,1,0
230002,4950,0.0,4.0,1.0,4,1,1,1,3,0,1,0
230621,606,0.0,4.0,0.0,1,1,1,1,0,0,1,0
230639,4760,0.0,2.0,1.0,2,1,1,1,1,0,1,0
230973,4724,0.0,3.0,1.0,8,1,1,1,5,0,3,0
23108,361,0.0,0.0,0.0,20,10,3,2,17,0,2,1
232150,2318,0.0,3.0,1.0,1,1,1,1,0,0,1,0
232224,2217,0.0,0.0,0.0,2,1,1,1,1,0,1,0
232437,547,0.0,3.0,0.0,36,12,2,6,33,0,1,2
23263,1270,0.0,2.0,1.0,8,1,1,1,7,0,1,0
232758,1760,0.0,2.0,0.0,2,1,1,1,1,0,1,0
232779,4438,0.0,3.0,0.0,7,3,1,1,6,0,1,0
232906,1522,0.0,3.0,0.0,8,5,2,1,6,0,2,0
23294,2447,0.0,0.0,0.0,1,1,1,1,0,0,1,0
233009,2193,0.0,3.0,1.0,15,5,2,2,14,0,1,0
233672,2459,0.0,3.0,0.0,1,1,1,1,0,0,1,0
233733,1487,0.0,4.0,0.0,7,1,1,4,6,0,1,0
233993,1884,0.0,0.0,0.0,3,2,2,1,1,0,2,0
234096,13,0.0,0.0,1.0,7,2,2,1,6,0,1,0
234213,2559,0.0,5.0,0.0,2,1,1,1,1,0,1,0
234521,2553,0.0,0.0,0.0,4,3,2,1,3,0,1,0
234818,4589,0.0,0.0,0.0,2,1,1,2,1,0,1,0
234966,4450,0.0,5.0,0.0,2,1,1,1,1,0,1,0
235164,3609,0.0,3.0,1.0,4,2,2,1,3,0,1,0
235301,4585,0.0,4.0,0.0,3,2,1,1,1,0,2,0
235354,1742,0.0,0.0,0.0,1,1,1,1,0,0,1,0
23553,3473,0.0,0.0,0.0,3,1,1,3,1,0,1,1
235553,951,0.0,2.0,0.0,1,1,1,1,0,0,1,0
235665,2273,0.0,7.0,0.0,8,1,1,2,7,0,1,0
236044,219,0.0,2.0,0.0,15,11,2,2,13,0,2,0
236562,4693,0.0,4.0,0.0,4,2,1,2,3,0,1,0
237442,3954,0.0,3.0,2.0,6,4,4,1,5,0,1,0
237837,824,0.0,null,null,2,1,1,1,1,0,1,0
237926,4659,0.0,3.0,0.0,18,8,3,2,17,0,1,0
238184,3826,0.0,2.0,0.0,2,1,1,1,0,0,1,1
238274,3536,0.0,6.0,0.0,4,3,2,2,3,0,1,0
238904,827,0.0,3.0,0.0,8,1,1,2,7,0,1,0
239027,1916,1.0,5.0,0.0,7,1,1,2,5,1,1,0
239249,4325,0.0,3.0,1.0,8,3,2,1,7,0,1,0
239555,1285,0.0,6.0,0.0,25,8,1,2,22,0,2,1
239969,503,0.0,5.0,0.0,20,10,2,2,12,0,8,0
2400,3063,0.0,3.0,0.0,17,6,1,3,16,0,1,0
240140,361,0.0,6.0,1.0,11,4,2,1,10,0,1,0
240339,3016,0.0,2.0,1.0,18,12,3,1,16,0,2,0
24047,4079,0.0,0.0,0.0,2,1,1,1,1,0,1,0
240840,1370,0.0,5.0,2.0,9,3,1,1,5,0,4,0
242154,3225,0.0,5.0,1.0,3,1,1,2,2,0,1,0
242328,3301,0.0,5.0,0.0,2,1,1,1,1,0,1,0
243287,1000,0.0,0.0,0.0,2,1,1,1,1,0,1,0
243550,2066,0.0,4.0,1.0,4,2,1,2,3,0,1,0
243829,3668,0.0,3.0,0.0,4,2,2,2,2,0,2,0
243883,4992,0.0,3.0,0.0,8,4,1,1,7,0,1,0
243919,3578,0.0,2.0,0.0,2,1,1,1,1,0,1,0
244051,1850,0.0,3.0,1.0,5,3,3,3,0,0,2,3
244206,1618,0.0,6.0,0.0,19,8,3,3,17,0,2,0
244365,1710,1.0,0.0,0.0,3,1,1,1,2,0,1,0
245127,3148,0.0,4.0,0.0,24,16,4,4,22,0,2,0
24539,818,0.0,0.0,0.0,3,1,1,1,2,0,1,0
245409,643,0.0,5.0,0.0,1,1,1,1,0,0,1,0
24586,2776,0.0,2.0,0.0,12,5,4,3,10,0,1,1
246624,1322,1.0,3.0,0.0,3,2,1,2,2,0,1,0
246727,4765,0.0,6.0,0.0,4,2,1,1,3,0,1,0
247197,4842,0.0,2.0,0.0,4,1,1,1,3,0,1,0
248437,1659,0.0,0.0,0.0,6,2,1,3,5,0,1,0
248494,2780,0.0,0.0,null,3,1,1,1,2,0,1,0
248497,3524,0.0,4.0,1.0,2,1,1,1,1,0,1,0
248532,1193,0.0,0.0,0.0,1,1,1,1,0,0,1,0
248891,4864,1.0,4.0,0.0,15,5,1,2,12,0,2,1
249152,4605,0.0,0.0,0.0,1,1,1,1,0,0,1,0
249345,3727,0.0,2.0,0.0,2,1,1,1,1,0,1,0
249460,1582,0.0,3.0,0.0,28,20,6,2,26,0,2,0
249678,3990,0.0,3.0,0.0,3,2,1,1,2,0,1,0
249679,1719,0.0,4.0,1.0,4,3,1,1,3,0,1,0
249770,1501,0.0,4.0,0.0,8,1,1,1,7,0,1,0
249815,1618,0.0,6.0,0.0,10,1,1,1,8,0,1,1
250561,1999,0.0,3.0,1.0,14,9,1,1,13,0,1,0
250802,1916,0.0,2.0,0.0,4,1,1,1,3,0,1,0
250854,10,0.0,6.0,0.0,19,5,3,2,16,0,1,2
250871,4116,0.0,0.0,1.0,13,9,6,1,9,0,4,0
251120,4420,0.0,3.0,0.0,15,2,1,5,14,0,1,0
251540,4173,0.0,4.0,1.0,3,1,1,1,2,0,1,0
252339,603,0.0,0.0,1.0,8,1,1,1,6,0,2,0
252548,102,0.0,3.0,0.0,4,1,1,2,3,0,1,0
252989,1574,0.0,0.0,1.0,1,1,1,1,0,0,1,0
253534,2746,1.0,0.0,1.0,9,4,3,3,8,0,1,0
253782,2273,0.0,3.0,1.0,3,1,1,2,2,0,1,0
254637,4394,0.0,6.0,0.0,17,3,1,1,15,0,2,0
2547,416,0.0,5.0,1.0,28,18,1,2,24,0,2,2
25488,3965,0.0,3.0,0.0,13,3,1,5,11,0,2,0
255099,3225,0.0,3.0,1.0,1,1,1,1,0,0,1,0
255113,4607,0.0,4.0,0.0,6,1,1,2,5,0,1,0
255119,3984,0.0,5.0,1.0,3,1,1,1,2,0,1,0
255964,1708,0.0,3.0,0.0,5,2,1,1,4,0,1,0
256279,2435,0.0,2.0,0.0,10,1,1,2,7,0,2,1
25653,2217,0.0,0.0,0.0,1,1,1,1,0,0,1,0
256646,2915,0.0,4.0,1.0,9,5,2,5,6,0,2,1
257001,3965,0.0,0.0,0.0,26,10,1,1,22,0,4,0
257470,860,0.0,4.0,0.0,3,1,1,1,2,0,1,0
257908,598,0.0,3.0,1.0,2,1,1,1,1,0,1,0
258433,3609,1.0,4.0,1.0,2,1,1,1,1,0,1,0
25851,2545,0.0,3.0,1.0,11,2,2,2,9,0,2,0
259334,4261,0.0,4.0,0.0,29,16,7,1,26,0,3,0
259476,4157,0.0,4.0,0.0,2,1,1,1,1,0,1,0
25950,2273,0.0,4.0,0.0,1,1,1,1,0,0,1,0
259605,1943,0.0,0.0,1.0,2,1,1,1,1,0,1,0
259917,2876,0.0,2.0,0.0,1,1,1,1,0,0,1,0
259994,4394,0.0,6.0,0.0,1,1,1,1,0,0,1,0
260501,3075,0.0,0.0,0.0,12,2,1,3,8,0,2,2
260877,773,0.0,3.0,0.0,42,33,11,3,37,1,1,3
261642,2448,0.0,4.0,2.0,10,3,3,4,9,0,1,0
262152,1719,0.0,6.0,0.0,4,2,1,1,3,0,1,0
262703,4693,0.0,3.0,0.0,1,1,1,1,0,0,1,0
263027,2403,0.0,3.0,0.0,9,7,1,2,6,0,3,0
263145,4760,0.0,3.0,0.0,13,7,5,3,12,0,1,0
263363,4775,0.0,4.0,0.0,7,2,1,1,6,0,1,0
263687,4659,0.0,3.0,0.0,3,1,1,3,2,0,1,0
263816,598,0.0,2.0,1.0,32,11,3,7,27,0,1,4
264086,2821,0.0,4.0,null,3,1,1,1,2,0,1,0
264367,3420,0.0,4.0,1.0,20,5,2,4,17,0,3,0
264473,1096,0.0,0.0,1.0,5,2,1,1,4,0,1,0
26454,3472,0.0,3.0,2.0,12,2,1,3,11,0,1,0
264545,4871,0.0,3.0,1.0,2,2,2,1,0,0,2,0
264657,145,0.0,4.0,0.0,13,3,1,1,11,0,2,0
264711,1013,0.0,4.0,1.0,3,1,1,1,2,0,1,0
264795,66,0.0,4.0,1.0,14,3,2,2,13,0,1,0
265182,4444,0.0,0.0,0.0,2,1,1,2,1,0,1,0
265438,4079,0.0,2.0,1.0,2,1,1,2,1,0,1,0
265512,3163,0.0,3.0,0.0,12,5,2,1,10,0,2,0
266587,257,0.0,0.0,1.0,7,2,1,1,5,1,1,0
266875,1359,0.0,4.0,0.0,2,1,1,1,1,0,1,0
267111,3154,0.0,0.0,0.0,12,4,3,2,11,0,1,0
267166,4402,0.0,5.0,0.0,5,1,1,1,4,0,1,0
267451,3630,0.0,4.0,0.0,5,2,1,3,3,0,1,1
268008,4048,0.0,3.0,1.0,4,1,1,2,3,0,1,0
268075,962,0.0,0.0,0.0,9,1,1,3,8,0,1,0
268283,4976,1.0,4.0,0.0,28,16,7,1,25,0,3,0
268348,3304,0.0,5.0,1.0,2,1,1,1,1,0,1,0
26843,3111,0.0,3.0,0.0,2,1,1,2,0,0,1,1
268512,361,1.0,6.0,1.0,10,3,1,2,7,0,2,1
268517,685,0.0,5.0,0.0,3,2,1,1,2,0,1,0
268543,4042,0.0,4.0,2.0,1,1,1,1,0,0,1,0
268706,682,0.0,2.0,0.0,18,11,4,2,14,0,1,3
268990,3912,0.0,6.0,1.0,1,1,1,1,0,0,1,0
269024,4420,0.0,4.0,0.0,2,1,1,2,1,0,1,0
269194,2273,0.0,5.0,1.0,3,1,1,1,2,0,1,0
269537,4043,0.0,5.0,0.0,2,1,1,1,1,0,1,0
269851,1356,0.0,3.0,0.0,2,1,1,1,1,0,1,0
270063,2791,0.0,0.0,1.0,11,2,1,2,9,0,1,1
270115,1131,0.0,3.0,0.0,46,15,6,3,39,0,4,3
270243,3181,0.0,0.0,1.0,3,1,1,1,2,0,1,0
270305,3308,0.0,4.0,0.0,5,2,1,1,4,0,1,0
270399,4026,0.0,4.0,1.0,13,4,3,3,11,0,1,1
270427,4230,0.0,3.0,1.0,4,1,1,1,3,0,1,0
270497,205,0.0,6.0,0.0,16,8,1,2,12,0,3,1
270914,1714,0.0,3.0,0.0,3,1,1,1,2,0,1,0
27180,1679,1.0,6.0,0.0,16,12,3,1,14,0,1,1
272005,3854,0.0,3.0,1.0,4,1,1,2,3,0,1,0
272096,2242,0.0,4.0,0.0,50,26,9,1,45,0,5,0
272104,4394,0.0,4.0,0.0,3,1,1,1,2,0,1,0
272111,200,0.0,4.0,0.0,2,1,1,2,0,0,1,1
272609,1918,1.0,2.0,0.0,29,5,3,6,23,0,3,3
272955,4871,0.0,4.0,0.0,6,2,2,2,3,0,3,0
272998,4504,0.0,3.0,0.0,19,13,1,2,18,0,1,0
274573,587,0.0,4.0,0.0,4,1,1,1,3,0,1,0
274610,227,0.0,2.0,1.0,13,7,4,3,10,0,1,2
274753,2318,0.0,6.0,0.0,13,3,1,3,9,0,1,3
275269,1056,0.0,4.0,1.0,15,4,2,1,8,0,3,4
275326,293,0.0,3.0,0.0,2,2,1,2,1,0,1,0
275548,2545,0.0,3.0,1.0,9,1,1,2,8,0,1,0
275717,4090,0.0,0.0,0.0,2,1,1,1,1,0,1,0
275771,4764,0.0,5.0,0.0,10,1,1,2,9,0,1,0
27611,3444,0.0,4.0,0.0,70,1,1,1,68,0,1,1
276182,4325,0.0,4.0,2.0,9,5,3,1,8,0,1,0
277171,798,0.0,2.0,2.0,1,1,1,1,0,0,1,0
277316,1259,0.0,0.0,0.0,9,3,1,1,6,0,2,1
277490,2149,0.0,3.0,0.0,15,7,1,3,14,0,1,0
277977,3862,0.0,4.0,2.0,1,1,1,1,0,0,1,0
277998,4044,1.0,3.0,2.0,17,13,4,4,12,0,1,4
278105,2594,0.0,0.0,0.0,31,13,6,2,30,0,1,0
278572,3085,0.0,4.0,0.0,27,13,6,2,26,0,1,0
278605,2669,0.0,4.0,0.0,7,3,2,1,5,0,2,0
27895,2072,0.0,3.0,0.0,1,1,1,1,0,0,1,0
27960,257,0.0,6.0,0.0,5,2,2,2,4,0,1,0
279882,4352,0.0,3.0,0.0,5,1,1,2,4,0,1,0
279937,3828,0.0,6.0,1.0,4,3,3,1,3,0,1,0
280103,2242,0.0,4.0,0.0,10,6,4,3,6,0,2,2
280307,234,0.0,2.0,0.0,5,1,1,1,4,0,1,0
28066,3236,0.0,2.0,0.0,4,2,1,1,3,0,1,0
281398,522,0.0,3.0,null,4,1,1,1,3,0,1,0
282162,923,0.0,4.0,1.0,10,3,2,2,9,0,1,0
282591,4079,0.0,2.0,0.0,3,1,1,1,2,0,1,0
282724,3455,0.0,4.0,0.0,9,2,1,2,8,0,1,0
282833,4009,0.0,7.0,0.0,13,5,2,6,12,0,1,0
283002,1077,0.0,0.0,0.0,5,1,1,2,3,0,1,1
283021,2124,0.0,4.0,0.0,5,3,1,1,4,0,1,0
283174,1031,0.0,3.0,0.0,4,2,1,2,3,0,1,0
283220,4079,0.0,5.0,0.0,9,4,1,1,8,0,1,0
283359,1667,0.0,4.0,0.0,6,1,1,1,5,0,1,0
284160,416,0.0,0.0,0.0,7,3,2,1,5,0,1,1
284737,3105,0.0,2.0,1.0,3,1,1,1,2,0,1,0
284927,3609,0.0,4.0,1.0,15,2,1,3,13,0,1,1
285174,3769,0.0,3.0,0.0,11,6,4,1,10,0,1,0
285426,1272,0.0,6.0,0.0,1,1,1,1,0,0,1,0
285507,1272,0.0,6.0,0.0,4,1,1,1,3,0,1,0
285660,598,0.0,2.0,0.0,10,2,1,3,9,0,1,0
286442,3152,1.0,3.0,1.0,4,1,1,2,3,0,1,0
286905,1840,0.0,4.0,0.0,3,1,1,1,2,0,1,0
287078,1093,0.0,3.0,1.0,6,3,1,1,5,0,1,0
287814,718,0.0,4.0,0.0,6,1,1,1,4,0,2,0
288155,1068,0.0,6.0,0.0,1,1,1,1,0,0,1,0
288337,2441,0.0,4.0,0.0,5,2,1,3,2,0,1,2
28854,514,0.0,3.0,1.0,6,2,1,2,4,0,1,1
288628,310,0.0,3.0,0.0,5,1,1,1,4,0,1,0
288708,2273,0.0,3.0,2.0,8,2,1,2,6,0,1,1
288820,1393,0.0,2.0,0.0,1,1,1,1,0,0,1,0
289135,4848,0.0,0.0,0.0,9,1,1,2,8,0,1,0
2896,1203,0.0,4.0,0.0,4,1,1,1,3,0,1,0
289836,2845,0.0,4.0,0.0,1,1,1,1,0,0,1,0
290021,1103,0.0,6.0,0.0,2,1,1,1,1,0,1,0
290098,1964,0.0,3.0,0.0,2,1,1,1,1,0,1,0
290437,1100,0.0,4.0,1.0,23,8,3,3,21,0,1,1
290550,1555,0.0,0.0,1.0,2,1,1,2,1,0,1,0
291171,4864,0.0,5.0,null,8,5,3,1,7,0,1,0
291554,594,0.0,3.0,2.0,2,1,1,1,1,0,1,0
291684,1916,0.0,5.0,0.0,31,13,1,3,21,0,2,8
292042,3519,0.0,4.0,0.0,1,1,1,1,0,0,1,0
292305,1978,0.0,3.0,1.0,24,14,7,3,23,0,1,0
292801,4765,0.0,6.0,0.0,3,1,1,1,2,0,1,0
292917,747,0.0,3.0,0.0,2,1,1,1,1,0,1,0
292972,2031,0.0,3.0,1.0,2,1,1,2,1,0,1,0
293044,4221,0.0,0.0,1.0,1,1,1,1,0,0,1,0
293087,423,0.0,0.0,null,32,18,1,2,29,0,1,2
293099,786,0.0,3.0,0.0,46,16,4,5,39,0,4,3
293779,3170,1.0,3.0,0.0,2,2,1,1,0,0,2,0
294054,4760,1.0,3.0,1.0,14,6,2,3,11,0,3,0
295241,4726,0.0,4.0,0.0,2,1,1,1,1,0,1,0
296108,4708,0.0,4.0,0.0,1,1,1,1,0,0,1,0
296383,3266,0.0,3.0,1.0,3,1,1,2,2,0,1,0
296860,1203,0.0,6.0,0.0,4,3,1,1,3,0,1,0
297848,3940,0.0,4.0,null,14,4,1,2,12,1,1,0
297877,152,0.0,6.0,0.0,1,1,1,1,0,0,1,0
298201,2828,0.0,0.0,1.0,6,2,2,2,4,0,1,1
298648,4044,0.0,0.0,0.0,9,4,1,2,8,0,1,0
29870,3319,0.0,4.0,0.0,1,1,1,1,0,0,1,0
298818,4044,0.0,3.0,0.0,60,28,4,4,58,0,2,0
299145,1522,0.0,0.0,0.0,4,2,1,2,3,0,1,0
299298,3536,0.0,8.0,0.0,5,1,1,2,4,0,1,0
300456,1840,0.0,4.0,0.0,10,6,2,2,9,0,1,0
30081,786,0.0,2.0,0.0,13,5,3,2,11,0,2,0
300867,3463,0.0,6.0,1.0,36,26,8,9,33,0,3,0
301028,606,0.0,0.0,0.0,2,2,2,2,1,0,1,0
301292,2273,0.0,4.0,0.0,4,3,1,1,3,0,1,0
301718,4917,0.0,0.0,0.0,13,5,1,1,12,0,1,0
3021,643,1.0,0.0,1.0,3,2,2,2,2,0,1,0
302180,4760,0.0,3.0,0.0,4,2,2,1,2,0,2,0
302667,2664,0.0,4.0,1.0,10,6,1,1,9,0,1,0
302732,3473,0.0,0.0,0.0,2,2,2,2,1,0,1,0
303204,3753,0.0,3.0,1.0,5,2,1,1,4,0,1,0
303215,4499,0.0,0.0,0.0,2,1,1,1,1,0,1,0
304114,1393,0.0,3.0,2.0,21,17,4,1,20,0,1,0
304266,2664,0.0,6.0,1.0,9,4,2,1,3,0,6,0
305189,3958,0.0,5.0,0.0,34,14,8,2,28,0,3,3
305291,1468,0.0,3.0,1.0,2,1,1,1,1,0,1,0
305325,13,0.0,3.0,0.0,1,1,1,1,0,0,1,0
305404,783,0.0,4.0,1.0,7,1,1,2,6,0,1,0
305560,3524,0.0,0.0,1.0,2,1,1,1,1,0,1,0
306283,3230,0.0,4.0,1.0,8,2,1,4,7,0,1,0
307054,503,0.0,4.0,1.0,17,4,2,7,15,0,2,0
307215,3451,0.0,5.0,0.0,3,1,1,1,1,0,2,0
307938,817,0.0,0.0,1.0,4,1,1,2,3,0,1,0
308570,4173,0.0,4.0,0.0,28,7,3,7,24,0,1,3
309002,2242,0.0,4.0,0.0,15,9,2,3,4,0,4,7
309208,4444,0.0,3.0,1.0,17,7,1,2,15,0,2,0
309445,4536,0.0,2.0,0.0,1,1,1,1,0,0,1,0
309586,1900,0.0,3.0,0.0,5,2,2,1,3,0,2,0
309904,4491,0.0,4.0,1.0,4,1,1,1,2,0,1,1
31036,293,0.0,0.0,0.0,7,3,2,2,5,0,1,1
310381,3159,0.0,2.0,0.0,21,3,2,2,18,0,1,2
311234,3968,0.0,3.0,2.0,4,1,1,1,2,0,2,0
311489,742,0.0,0.0,0.0,21,10,6,3,18,0,2,1
311596,2435,0.0,0.0,0.0,2,1,1,2,0,0,1,1
312232,3408,0.0,3.0,0.0,27,7,1,2,25,0,2,0
312423,2273,0.0,2.0,1.0,11,5,1,1,10,0,1,0
313677,3578,0.0,4.0,1.0,6,4,2,1,5,0,1,0
313717,2810,0.0,4.0,1.0,1,1,1,1,0,0,1,0
313898,129,0.0,6.0,1.0,15,3,1,4,13,0,1,1
313940,4525,0.0,3.0,0.0,29,19,4,1,28,0,1,0
313993,798,0.0,2.0,0.0,10,5,2,2,9,0,1,0
314562,1643,0.0,6.0,0.0,13,2,2,6,12,0,1,0
314825,2032,0.0,3.0,0.0,4,1,1,1,3,0,1,0
31498,1685,0.0,0.0,0.0,3,1,1,1,2,0,1,0
315087,685,0.0,5.0,0.0,4,2,2,2,3,0,1,0
315166,3624,1.0,4.0,0.0,1,1,1,1,0,0,1,0
315189,902,0.0,2.0,1.0,8,1,1,2,7,0,1,0
315201,4444,0.0,5.0,0.0,20,7,2,5,11,0,5,4
315309,4710,0.0,3.0,0.0,5,3,1,1,4,0,1,0
315407,2229,0.0,3.0,0.0,7,4,4,1,6,0,1,0
315614,2821,0.0,5.0,1.0,11,4,2,1,10,0,1,0
315757,3982,0.0,0.0,0.0,4,3,1,1,3,0,1,0
315768,4044,0.0,3.0,0.0,10,6,5,5,2,0,1,7
31638,2883,0.0,4.0,0.0,16,5,1,1,15,0,1,0
316729,357,0.0,3.0,0.0,4,1,1,1,3,0,1,0
316774,2976,0.0,3.0,1.0,17,9,5,1,14,0,3,0
316993,1639,0.0,6.0,0.0,3,1,1,1,1,0,2,0
317439,4079,0.0,6.0,1.0,4,1,1,1,2,0,2,0
317672,2031,0.0,4.0,1.0,1,1,1,1,0,0,1,0
317889,1013,0.0,0.0,0.0,2,1,1,1,1,0,1,0
319039,2473,0.0,4.0,0.0,5,1,1,1,4,0,1,0
319207,1618,0.0,0.0,0.0,39,6,2,2,38,0,1,0
31925,1923,0.0,3.0,0.0,4,1,1,1,3,0,1,0
319520,2639,0.0,0.0,1.0,5,2,2,3,3,0,2,0
319555,3545,0.0,6.0,0.0,9,5,1,1,8,0,1,0
319663,2565,0.0,5.0,0.0,47,15,2,2,45,0,2,0
320119,4044,0.0,0.0,0.0,7,2,1,2,6,0,1,0
32013,574,0.0,5.0,1.0,3,1,1,2,1,0,1,1
320315,4756,0.0,3.0,0.0,3,1,1,1,2,0,1,0
320878,265,0.0,2.0,0.0,2,1,1,1,1,0,1,0
321922,1056,0.0,4.0,1.0,74,12,9,3,71,0,3,0
322253,1103,0.0,5.0,0.0,1,1,1,1,0,0,1,0
322397,1703,0.0,4.0,0.0,9,3,2,1,8,0,1,0
322860,4170,0.0,4.0,0.0,14,4,1,1,11,0,3,0
32311,2936,0.0,4.0,1.0,2,1,1,1,0,0,2,0
323414,145,0.0,5.0,0.0,10,5,1,2,9,0,1,0
324709,1372,0.0,4.0,0.0,3,2,1,1,1,0,2,0
324995,4157,0.0,2.0,1.0,2,1,1,1,1,0,1,0
3257,2277,0.0,5.0,0.0,5,2,2,1,4,0,1,0
325815,2099,0.0,5.0,2.0,10,1,1,3,8,0,1,1
325939,1618,0.0,0.0,0.0,3,2,2,1,1,0,2,0
326304,3074,0.0,3.0,1.0,17,9,1,1,15,0,2,0
326928,2537,1.0,0.0,0.0,29,3,2,2,26,1,2,0
326951,2047,0.0,0.0,0.0,1,1,1,1,0,0,1,0
326974,523,0.0,2.0,0.0,18,9,1,1,16,0,1,1
327271,48,0.0,4.0,0.0,1,1,1,1,0,0,1,0
327646,3828,0.0,3.0,0.0,14,6,3,4,12,0,2,0
327676,786,0.0,2.0,0.0,9,5,3,1,8,0,1,0
327749,1213,0.0,3.0,1.0,3,1,1,1,1,0,1,1
327765,687,0.0,3.0,1.0,5,1,1,2,4,0,1,0
328053,2031,0.0,3.0,0.0,6,2,1,1,5,0,1,0
328934,4385,0.0,0.0,0.0,10,3,2,1,7,0,2,1
329210,3971,0.0,3.0,0.0,1,1,1,1,0,0,1,0
329622,3444,0.0,3.0,1.0,2,1,1,1,1,0,1,0
330053,23,0.0,2.0,0.0,10,2,1,2,9,0,1,0
330175,3635,0.0,0.0,1.0,1,1,1,1,0,0,1,0
330415,3323,0.0,3.0,0.0,2,1,1,1,1,0,1,0
330605,2081,0.0,5.0,0.0,15,6,1,2,14,0,1,0
330732,4718,0.0,2.0,0.0,22,9,7,2,21,0,1,0
330985,3990,0.0,3.0,0.0,3,1,1,1,2,0,1,0
331045,3105,0.0,0.0,0.0,2,1,1,2,1,0,1,0
33164,1090,0.0,4.0,0.0,3,2,2,1,2,0,1,0
331739,505,0.0,4.0,0.0,3,1,1,1,1,0,2,0
331837,4850,0.0,5.0,0.0,8,5,1,1,6,1,1,0
33192,1429,0.0,5.0,0.0,1,1,1,1,0,0,1,0
33204,1393,0.0,3.0,1.0,18,3,2,1,17,0,1,0
332236,1283,0.0,6.0,0.0,12,6,4,5,10,0,2,0
332280,361,0.0,6.0,0.0,38,21,5,4,35,0,1,2
332491,1079,0.0,0.0,null,1,1,1,1,0,0,1,0
332998,3323,0.0,4.0,0.0,17,3,1,2,14,0,2,1
333097,2020,0.0,5.0,1.0,4,1,1,1,3,0,1,0
333421,2879,0.0,5.0,1.0,12,5,2,1,11,0,1,0
333673,191,0.0,3.0,0.0,53,35,13,4,52,0,1,0
333745,588,0.0,3.0,0.0,5,1,1,2,3,0,1,1
334141,822,1.0,3.0,0.0,16,6,1,1,14,0,2,0
335302,2482,0.0,2.0,0.0,3,2,1,2,0,0,1,2
335460,3623,0.0,3.0,1.0,2,2,2,1,0,0,2,0
335818,586,1.0,4.0,2.0,88,34,7,6,81,0,4,3
33592,4282,0.0,2.0,1.0,26,12,4,1,25,0,1,0
336453,2318,0.0,4.0,0.0,1,1,1,1,0,0,1,0
336866,2745,0.0,3.0,0.0,6,4,3,2,5,0,1,0
33690,141,0.0,3.0,0.0,8,1,1,1,7,0,1,0
336928,1126,0.0,7.0,0.0,14,7,2,6,10,0,1,3
337614,534,0.0,0.0,0.0,14,6,1,5,13,0,1,0
338175,3986,0.0,2.0,1.0,4,1,1,1,3,0,1,0
338200,4361,0.0,0.0,0.0,1,1,1,1,0,0,1,0
338557,3644,0.0,6.0,0.0,2,1,1,1,1,0,1,0
33885,2396,0.0,4.0,0.0,10,6,1,3,9,0,1,0
338854,897,0.0,5.0,0.0,24,15,13,1,19,4,1,0
3391,3954,0.0,3.0,1.0,8,3,2,2,5,0,1,2
339169,3230,0.0,2.0,1.0,22,3,2,6,19,2,1,0
33921,310,0.0,0.0,1.0,23,2,1,5,20,1,2,0
339548,586,0.0,4.0,0.0,13,8,7,5,12,0,1,0
339552,4247,0.0,4.0,0.0,1,1,1,1,0,0,1,0
340018,588,0.0,5.0,0.0,3,1,1,1,2,0,1,0
340170,827,0.0,0.0,0.0,4,2,1,1,3,0,1,0
340334,1102,1.0,4.0,0.0,13,5,4,3,11,0,2,0
340403,4950,0.0,0.0,0.0,5,1,1,3,4,0,1,0
34069,798,0.0,4.0,0.0,1,1,1,1,0,0,1,0
340896,4173,0.0,3.0,0.0,4,2,1,1,3,0,1,0
34111,1705,0.0,0.0,0.0,7,1,1,1,5,0,2,0
341445,1270,0.0,6.0,0.0,6,2,1,2,5,0,1,0
341488,4744,0.0,2.0,1.0,5,1,1,1,4,0,1,0
342414,611,0.0,0.0,0.0,11,4,2,2,10,0,1,0
342448,941,0.0,0.0,1.0,20,1,1,2,19,0,1,0
342489,3159,0.0,3.0,0.0,2,2,1,1,0,0,2,0
342576,1963,0.0,3.0,0.0,22,7,1,2,21,0,1,0
3429,1840,0.0,0.0,0.0,2,1,1,1,1,0,1,0
342924,1393,0.0,3.0,0.0,71,43,11,7,59,0,1,11
343117,4985,0.0,5.0,0.0,1,1,1,1,0,0,1,0
343318,2688,0.0,0.0,0.0,15,5,2,6,14,0,1,0
343828,2513,0.0,6.0,0.0,2,1,1,1,1,0,1,0
343937,2170,0.0,0.0,0.0,4,1,1,1,3,0,1,0
344104,1978,0.0,3.0,1.0,18,4,1,1,15,0,3,0
344609,3936,0.0,4.0,0.0,2,1,1,1,1,0,1,0
345029,2047,0.0,3.0,0.0,3,1,1,2,1,0,1,1
345519,1871,0.0,5.0,0.0,13,3,2,1,12,0,1,0
345702,1134,0.0,4.0,0.0,4,1,1,1,3,0,1,0
345940,3828,1.0,0.0,1.0,12,4,2,1,11,0,1,0
346219,2497,0.0,6.0,0.0,5,1,1,2,4,0,1,0
346248,1131,0.0,4.0,0.0,13,7,3,4,12,0,1,0
346256,1310,0.0,3.0,0.0,13,5,4,2,11,0,2,0
346406,412,0.0,6.0,0.0,8,4,2,2,7,0,1,0
346475,3826,0.0,3.0,1.0,6,2,1,2,4,0,1,1
346659,1102,1.0,3.0,0.0,104,37,5,8,100,0,1,3
346742,3941,0.0,3.0,1.0,28,3,3,4,24,0,1,3
347167,1861,0.0,0.0,1.0,1,1,1,1,0,0,1,0
347556,2928,0.0,4.0,1.0,21,7,2,1,20,0,1,0
347780,4048,0.0,2.0,1.0,1,1,1,1,0,0,1,0
347898,416,0.0,0.0,0.0,6,2,2,2,4,0,1,1
348467,121,0.0,0.0,1.0,6,1,1,1,5,0,1,0
348581,4170,0.0,6.0,0.0,10,5,1,1,9,0,1,0
349060,3448,0.0,4.0,0.0,2,1,1,1,1,0,1,0
349453,4536,0.0,2.0,0.0,3,1,1,1,1,0,1,1
349904,4982,0.0,3.0,0.0,7,1,1,2,5,0,2,0
350056,4170,0.0,4.0,1.0,29,7,2,3,26,0,2,1
350226,4607,0.0,3.0,1.0,17,11,1,1,16,0,1,0
351328,4605,0.0,3.0,0.0,3,1,1,1,2,0,1,0
351637,1861,0.0,3.0,0.0,3,1,1,1,2,0,1,0
351783,3585,0.0,4.0,0.0,78,37,2,12,72,0,1,5
352358,4249,0.0,5.0,0.0,2,1,1,1,1,0,1,0
352709,1618,0.0,4.0,0.0,7,6,2,1,6,0,1,0
353110,3828,0.0,5.0,0.0,8,6,5,2,7,0,1,0
353202,4131,0.0,3.0,0.0,5,2,1,1,4,0,1,0
353226,1487,0.0,0.0,0.0,3,2,1,1,2,0,1,0
353348,4658,0.0,0.0,1.0,4,1,1,2,3,0,1,0
35362,4173,0.0,2.0,1.0,7,4,1,2,3,0,1,3
35377,798,0.0,6.0,0.0,36,17,10,6,35,0,1,0
353845,437,0.0,4.0,0.0,1,1,1,1,0,0,1,0
353861,3828,0.0,4.0,0.0,2,1,1,1,1,0,1,0
354076,547,0.0,0.0,0.0,5,2,1,1,4,0,1,0
354135,4401,0.0,6.0,1.0,2,1,1,1,1,0,1,0
354291,1742,0.0,5.0,0.0,7,3,1,1,5,1,1,0
354581,3828,0.0,0.0,0.0,6,5,2,1,5,0,1,0
354859,4768,0.0,4.0,0.0,26,17,2,3,25,0,1,0
355037,2447,0.0,3.0,0.0,8,2,2,1,6,0,2,0
355664,684,0.0,2.0,0.0,11,2,1,2,9,0,1,1
355759,4270,0.0,4.0,0.0,4,3,3,1,1,0,3,0
356225,2242,0.0,5.0,1.0,15,8,2,1,8,0,7,0
357041,1102,0.0,3.0,0.0,1,1,1,1,0,0,1,0
357269,2596,0.0,3.0,0.0,32,5,3,5,31,0,1,0
357438,606,0.0,3.0,0.0,6,2,2,2,4,0,1,1
357905,3484,0.0,3.0,0.0,8,3,2,1,6,0,1,1
358229,2954,0.0,5.0,1.0,3,1,1,1,1,0,2,0
358245,3152,0.0,0.0,1.0,7,1,1,1,5,0,2,0
358322,1168,0.0,0.0,0.0,13,9,5,1,9,0,4,0
358652,310,0.0,3.0,1.0,4,1,1,1,1,0,3,0
358739,2565,0.0,4.0,1.0,11,2,1,5,9,0,1,1
358843,3593,0.0,0.0,1.0,11,6,2,2,10,0,1,0
358853,2639,0.0,3.0,0.0,3,1,1,3,2,0,1,0
358940,4724,0.0,4.0,1.0,1,1,1,1,0,0,1,0
359120,2808,0.0,0.0,1.0,6,1,1,1,4,0,2,0
35922,786,0.0,2.0,0.0,7,3,1,2,6,0,1,0
359857,4976,0.0,3.0,0.0,10,9,3,3,9,0,1,0
360346,1102,0.0,4.0,1.0,28,17,10,2,25,0,3,0
361427,4131,0.0,2.0,0.0,14,5,1,5,13,0,1,0
361495,3614,0.0,3.0,0.0,9,1,1,2,7,0,1,1
361537,1923,0.0,4.0,2.0,3,2,1,1,2,0,1,0
361979,3460,0.0,3.0,1.0,2,1,1,1,0,0,2,0
361984,4026,0.0,0.0,0.0,22,7,3,3,19,0,2,1
362261,3472,0.0,3.0,1.0,4,2,1,1,3,0,1,0
363488,3170,0.0,5.0,0.0,22,8,1,1,20,0,2,0
363664,3160,0.0,6.0,0.0,24,9,6,3,21,0,1,2
364348,3323,0.0,4.0,0.0,20,6,1,3,16,0,3,1
364717,4913,0.0,0.0,0.0,1,1,1,1,0,0,1,0
36547,2303,0.0,2.0,0.0,12,4,1,4,11,0,1,0
365843,4044,0.0,4.0,0.0,6,2,2,1,4,0,2,0
366370,586,0.0,4.0,0.0,13,6,1,1,11,0,2,0
36670,2562,0.0,4.0,0.0,1,1,1,1,0,0,1,0
367026,4525,0.0,0.0,0.0,3,1,1,2,2,0,1,0
367161,4044,0.0,2.0,0.0,79,39,7,15,72,0,1,6
367222,606,0.0,3.0,0.0,116,59,15,19,99,0,2,15
367625,4966,0.0,5.0,1.0,2,1,1,2,1,0,1,0
367648,2652,0.0,0.0,1.0,11,5,3,1,9,0,2,0
367893,1310,0.0,4.0,0.0,24,13,7,2,22,0,2,0
368923,361,0.0,6.0,0.0,2,1,1,2,1,0,1,0
369504,602,0.0,0.0,0.0,10,2,1,3,9,0,1,0
370119,4322,0.0,3.0,0.0,1,1,1,1,0,0,1,0
370218,2440,0.0,5.0,0.0,12,7,1,1,11,0,1,0
370272,1840,0.0,4.0,0.0,1,1,1,1,0,0,1,0
3703,1495,0.0,4.0,1.0,18,5,1,4,15,0,1,2
370326,1487,0.0,0.0,0.0,7,1,1,2,6,0,1,0
370672,1467,0.0,4.0,0.0,3,2,1,2,2,0,1,0
370677,3428,0.0,5.0,0.0,5,1,1,2,4,0,1,0
37091,4270,0.0,5.0,2.0,10,7,5,2,9,0,1,0
371068,3022,0.0,0.0,0.0,4,2,2,1,2,0,2,0
371192,1704,0.0,3.0,2.0,2,1,1,1,0,0,1,1
37135,1346,0.0,5.0,0.0,50,9,1,6,43,0,1,6
371617,4079,0.0,3.0,0.0,2,1,1,1,1,0,1,0
371865,4079,0.0,5.0,0.0,6,2,2,2,4,0,1,1
372141,2450,0.0,3.0,0.0,11,5,1,3,10,0,1,0
372534,2403,0.0,5.0,2.0,6,4,1,1,4,0,2,0
372656,3839,0.0,0.0,0.0,20,10,2,2,19,0,1,0
373025,4346,0.0,3.0,0.0,3,1,1,1,2,0,1,0
37398,2482,0.0,4.0,0.0,1,1,1,1,0,0,1,0
374054,4267,0.0,5.0,1.0,3,2,2,1,0,0,3,0
374272,4444,0.0,5.0,1.0,1,1,1,1,0,0,1,0
374357,2413,0.0,4.0,0.0,3,2,1,1,2,0,1,0
374387,2448,0.0,3.0,1.0,1,1,1,1,0,0,1,0
374743,1470,0.0,4.0,0.0,2,1,1,1,1,0,1,0
374813,2821,0.0,3.0,0.0,6,2,1,1,4,0,1,1
374858,215,0.0,3.0,0.0,16,9,4,2,14,0,2,0
374889,3986,0.0,3.0,0.0,2,1,1,1,1,0,1,0
37535,3042,0.0,5.0,0.0,4,4,2,1,0,0,4,0
375854,3376,0.0,5.0,1.0,8,1,1,1,7,0,1,0
376029,1102,0.0,4.0,1.0,5,1,1,2,4,0,1,0
376123,685,0.0,0.0,1.0,9,5,3,1,8,0,1,0
376168,322,0.0,6.0,0.0,9,2,1,1,7,0,2,0
376733,2565,0.0,6.0,0.0,34,15,1,2,32,0,2,0
377409,1736,0.0,3.0,0.0,10,9,3,1,9,0,1,0
377457,1203,0.0,3.0,1.0,4,1,1,1,3,0,1,0
377486,1892,0.0,4.0,0.0,12,5,4,3,10,0,2,0
377523,4099,0.0,0.0,0.0,3,1,1,1,2,0,1,0
377803,3365,0.0,2.0,0.0,4,1,1,1,3,0,1,0
378006,1708,0.0,2.0,0.0,6,1,1,1,4,0,1,1
378153,317,0.0,0.0,1.0,1,1,1,1,0,0,1,0
37931,1968,0.0,2.0,0.0,2,1,1,1,1,0,1,0
379389,361,0.0,0.0,0.0,22,7,2,1,20,0,1,1
379464,3971,0.0,0.0,null,5,1,1,1,4,0,1,0
379467,1454,0.0,3.0,0.0,5,1,1,1,4,0,1,0
379633,4876,0.0,2.0,0.0,24,12,3,2,22,0,1,1
379839,3126,0.0,5.0,0.0,2,1,1,1,1,0,1,0
380020,4648,0.0,2.0,0.0,4,1,1,1,3,0,1,0
380046,437,0.0,3.0,0.0,7,3,1,2,6,0,1,0
380265,503,0.0,3.0,1.0,6,1,1,1,5,0,1,0
380634,1557,0.0,5.0,0.0,3,1,1,1,2,0,1,0
380835,350,0.0,4.0,0.0,4,1,1,3,2,0,1,1
380954,3629,0.0,7.0,0.0,3,2,2,1,2,0,1,0
381206,1102,0.0,4.0,0.0,11,1,1,2,9,0,1,1
38122,3410,0.0,3.0,1.0,5,2,1,1,4,0,1,0
381610,941,0.0,4.0,1.0,6,3,1,2,5,0,1,0
381670,4044,0.0,2.0,0.0,8,7,5,1,7,0,1,0
38172,1500,0.0,6.0,1.0,8,5,1,2,7,0,1,0
38234,2318,0.0,4.0,0.0,6,1,1,2,5,0,1,0
382509,1618,0.0,3.0,0.0,15,6,4,3,12,0,3,0
382606,1068,0.0,0.0,0.0,2,1,1,1,1,0,1,0
382878,2277,0.0,3.0,1.0,6,2,1,1,5,0,1,0
383259,1511,0.0,0.0,1.0,6,1,1,2,5,0,1,0
383754,3609,0.0,7.0,0.0,15,6,1,1,14,0,1,0
38439,4554,0.0,3.0,0.0,8,3,2,1,7,0,1,0
384462,3173,0.0,3.0,0.0,5,1,1,1,4,0,1,0
384988,3990,0.0,4.0,0.0,7,1,1,3,5,0,1,1
385124,3578,0.0,4.0,0.0,5,2,1,1,4,0,1,0
385404,395,0.0,6.0,0.0,6,1,1,1,5,0,1,0
386843,3828,0.0,4.0,0.0,5,3,1,2,4,0,1,0
38814,2620,0.0,3.0,0.0,19,5,3,2,17,0,1,1
388172,3828,1.0,4.0,0.0,2,2,2,2,1,0,1,0
388508,437,0.0,0.0,0.0,1,1,1,1,0,0,1,0
388578,3826,0.0,5.0,0.0,11,3,1,1,10,0,1,0
388748,3955,0.0,0.0,0.0,9,4,1,1,8,0,1,0
388897,1346,1.0,4.0,2.0,3,1,1,1,2,0,1,0
389066,1150,0.0,4.0,0.0,14,9,3,1,13,0,1,0
389275,2872,0.0,6.0,0.0,15,9,7,3,13,0,1,1
389356,133,0.0,6.0,0.0,9,3,1,1,7,0,2,0
38956,141,0.0,3.0,0.0,6,4,2,3,5,0,1,0
39024,1500,0.0,0.0,0.0,11,8,1,1,10,0,1,0
390554,4121,0.0,0.0,0.0,2,1,1,1,0,0,2,0
390651,1850,0.0,0.0,0.0,4,2,1,1,3,0,1,0
390913,742,0.0,5.0,0.0,4,1,1,2,2,0,1,1
391107,4760,0.0,4.0,0.0,14,10,4,1,13,0,1,0
391324,897,0.0,4.0,2.0,4,2,2,2,2,0,2,0
391658,161,0.0,3.0,1.0,10,2,1,4,9,0,1,0
391778,2360,0.0,3.0,1.0,2,1,1,1,0,0,2,0
392576,141,0.0,3.0,0.0,24,13,9,1,21,0,3,0
392935,1124,0.0,3.0,0.0,8,1,1,2,7,0,1,0
393346,1056,0.0,4.0,0.0,26,10,7,2,18,0,1,7
393391,2954,0.0,8.0,0.0,5,1,1,2,3,0,2,0
393398,4282,0.0,5.0,0.0,69,20,8,3,52,0,4,13
393634,962,0.0,4.0,0.0,2,1,1,2,1,0,1,0
39366,4043,0.0,3.0,0.0,25,12,7,1,20,0,5,0
393949,1133,0.0,2.0,1.0,7,3,3,1,6,0,1,0
394279,1993,0.0,0.0,0.0,9,2,2,1,7,0,2,0
394287,3566,0.0,0.0,1.0,8,2,1,1,6,0,2,0
394602,24,0.0,6.0,0.0,3,1,1,1,2,0,1,0
394682,35,0.0,0.0,1.0,6,1,1,2,4,0,1,1
394783,3098,0.0,3.0,0.0,15,3,2,2,14,0,1,0
39522,3828,0.0,4.0,0.0,10,5,4,2,8,0,2,0
396016,3968,0.0,8.0,2.0,1,1,1,1,0,0,1,0
39635,3959,0.0,5.0,0.0,8,3,3,1,5,0,3,0
396437,4976,0.0,3.0,0.0,4,2,2,1,3,0,1,0
396447,1861,0.0,2.0,0.0,4,1,1,1,3,0,1,0
396777,145,0.0,3.0,0.0,4,3,1,1,3,0,1,0
397076,503,0.0,0.0,0.0,11,3,1,1,10,0,1,0
397634,324,0.0,3.0,0.0,1,1,1,1,0,0,1,0
398096,2482,0.0,3.0,0.0,5,3,2,2,4,0,1,0
398264,806,0.0,3.0,0.0,5,3,3,1,3,0,2,0
398475,4091,0.0,3.0,1.0,3,2,1,1,2,0,1,0
398941,3291,0.0,6.0,0.0,2,1,1,1,1,0,1,0
399315,4659,0.0,4.0,0.0,9,4,2,2,8,0,1,0
399591,643,0.0,4.0,0.0,2,2,2,2,0,0,1,1
400138,3614,0.0,3.0,0.0,11,7,6,3,10,0,1,0
400168,474,0.0,4.0,2.0,3,1,1,2,2,0,1,0
401139,2138,0.0,0.0,0.0,1,1,1,1,0,0,1,0
401195,2845,0.0,2.0,0.0,1,1,1,1,0,0,1,0
401594,4472,0.0,3.0,0.0,4,1,1,1,3,0,1,0
402497,3484,0.0,3.0,0.0,3,1,1,2,2,0,1,0
402709,3828,0.0,0.0,0.0,12,5,4,4,11,0,1,0
402935,4039,0.0,3.0,1.0,10,1,1,1,8,0,2,0
403626,3828,0.0,0.0,0.0,7,1,1,1,4,0,3,0
403893,1150,0.0,0.0,1.0,8,2,2,1,6,0,2,0
403941,4044,0.0,2.0,0.0,23,11,6,2,21,0,1,1
403978,630,0.0,3.0,0.0,7,4,3,1,6,0,1,0
404020,3905,0.0,6.0,1.0,6,1,1,3,4,1,1,0
404405,3080,0.0,3.0,1.0,2,1,1,1,0,0,1,1
404716,2935,0.0,4.0,1.0,2,1,1,1,1,0,1,0
405420,2242,0.0,4.0,0.0,13,10,3,3,6,0,1,6
405425,4848,0.0,5.0,0.0,2,1,1,1,1,0,1,0
405723,4137,1.0,4.0,0.0,33,11,2,4,32,0,1,0
405894,2277,0.0,3.0,2.0,4,2,1,2,3,0,1,0
406688,381,0.0,3.0,0.0,10,5,4,2,9,0,1,0
407499,570,0.0,5.0,0.0,23,8,4,3,20,0,2,1
407796,10,0.0,0.0,0.0,10,4,1,1,9,0,1,0
407815,2791,0.0,2.0,1.0,4,2,1,1,3,0,1,0
407873,4371,0.0,3.0,0.0,3,1,1,1,0,0,3,0
408194,1678,0.0,4.0,0.0,1,1,1,1,0,0,1,0
409952,2255,0.0,3.0,1.0,2,1,1,1,1,0,1,0
41085,4048,0.0,0.0,0.0,6,2,1,1,4,0,1,1
410908,4170,0.0,5.0,2.0,8,5,1,3,7,0,1,0
410928,3609,0.0,0.0,1.0,2,1,1,1,1,0,1,0
411034,2954,0.0,0.0,0.0,6,1,1,1,5,0,1,0
411691,794,1.0,8.0,2.0,71,26,3,9,61,0,2,8
41247,4394,0.0,0.0,0.0,2,1,1,1,1,0,1,0
412614,4048,0.0,5.0,0.0,13,7,1,2,10,0,3,0
41265,4756,0.0,0.0,0.0,17,13,5,1,11,0,6,0
413123,643,0.0,2.0,0.0,26,21,8,5,25,0,1,0
413174,742,0.0,3.0,0.0,7,4,3,1,6,0,1,0
41319,798,0.0,4.0,2.0,5,3,2,2,4,0,1,0
413305,2072,0.0,2.0,0.0,9,3,2,2,7,0,1,1
413402,4976,0.0,0.0,0.0,19,8,3,4,18,0,1,0
413900,3562,0.0,6.0,0.0,3,1,1,1,2,0,1,0
413911,756,0.0,3.0,0.0,7,1,1,1,6,0,1,0
414049,3835,0.0,5.0,0.0,7,3,3,3,6,0,1,0
414221,190,0.0,4.0,0.0,2,1,1,1,1,0,1,0
414245,4568,0.0,0.0,1.0,4,2,2,2,3,0,1,0
415203,2108,0.0,0.0,1.0,5,1,1,1,4,0,1,0
415520,2278,0.0,3.0,1.0,6,2,1,2,4,1,1,0
415543,2935,0.0,3.0,0.0,3,1,1,1,2,0,1,0
415882,2403,0.0,3.0,0.0,4,2,1,1,3,0,1,0
415889,3173,0.0,3.0,0.0,10,5,1,1,8,0,2,0
415977,4938,0.0,2.0,1.0,6,1,1,2,5,0,1,0
416412,4287,0.0,4.0,0.0,1,1,1,1,0,0,1,0
416464,2193,0.0,3.0,1.0,5,2,1,1,4,0,1,0
416620,3727,0.0,3.0,0.0,22,2,1,5,20,0,1,1
416690,4976,0.0,4.0,0.0,26,16,4,5,18,0,2,6
416850,2537,0.0,3.0,0.0,20,6,4,2,16,0,4,0
417293,798,0.0,6.0,0.0,2,1,1,2,0,0,1,1
417376,4526,0.0,5.0,0.0,4,1,1,1,3,0,1,0
417542,3769,0.0,6.0,0.0,3,1,1,1,2,0,1,0
417630,3445,0.0,3.0,0.0,5,4,2,2,4,0,1,0
417655,1679,0.0,4.0,0.0,67,42,6,2,61,0,6,0
417725,3771,0.0,3.0,1.0,6,1,1,1,5,0,1,0
418036,1900,0.0,3.0,1.0,5,1,1,1,4,0,1,0
418103,2821,0.0,4.0,0.0,5,1,1,1,4,0,1,0
418604,1250,0.0,2.0,0.0,7,1,1,2,5,0,1,1
41897,4044,0.0,3.0,0.0,10,8,4,2,9,0,1,0
419220,4710,0.0,2.0,0.0,10,5,2,1,8,0,2,0
419230,4273,0.0,0.0,0.0,4,1,1,1,3,0,1,0
419452,946,0.0,0.0,0.0,23,6,3,4,19,0,1,3
419820,630,0.0,4.0,2.0,63,34,15,4,61,0,2,0
419862,4722,0.0,3.0,0.0,1,1,1,1,0,0,1,0
419931,3159,1.0,6.0,0.0,7,4,3,1,5,0,2,0
420010,120,0.0,6.0,0.0,1,1,1,1,0,0,1,0
420434,4095,0.0,3.0,1.0,4,1,1,2,3,0,1,0
421515,166,0.0,0.0,0.0,13,10,1,2,12,0,1,0
42182,2031,0.0,4.0,1.0,10,7,5,1,9,0,1,0
422059,2821,0.0,3.0,1.0,18,3,2,3,17,0,1,0
422205,1916,0.0,6.0,0.0,25,13,2,2,24,0,1,0
422275,114,0.0,4.0,0.0,2,1,1,1,1,0,1,0
423053,2194,0.0,4.0,0.0,4,1,1,1,3,0,1,0
423511,4267,0.0,5.0,0.0,9,6,3,1,6,0,3,0
423640,434,0.0,4.0,1.0,12,3,1,1,11,0,1,0
423879,3276,0.0,3.0,1.0,1,1,1,1,0,0,1,0
423895,4841,0.0,0.0,1.0,13,3,1,3,12,0,1,0
42453,4864,1.0,4.0,1.0,6,2,1,1,4,0,2,0
42486,4616,0.0,3.0,1.0,2,1,1,1,1,0,1,0
42503,2175,0.0,5.0,0.0,3,1,1,1,2,0,1,0
42997,3014,0.0,2.0,0.0,18,3,1,3,16,0,1,1
43451,4170,0.0,0.0,0.0,5,2,1,2,4,0,1,0
43550,3022,0.0,2.0,1.0,1,1,1,1,0,0,1,0
43867,4585,0.0,4.0,0.0,5,1,1,3,3,0,1,1
44648,437,0.0,4.0,0.0,10,5,1,1,8,0,1,1
44791,1703,0.0,4.0,1.0,3,1,1,1,2,0,1,0
44798,2545,1.0,5.0,1.0,3,1,1,2,2,0,1,0
44988,1353,0.0,3.0,1.0,1,1,1,1,0,0,1,0
45235,2273,0.0,0.0,0.0,3,1,1,1,1,1,1,0
45329,4500,0.0,4.0,0.0,4,2,1,1,3,0,1,0
46215,1501,0.0,3.0,1.0,2,2,2,2,1,0,1,0
46471,3345,0.0,0.0,1.0,2,1,1,2,1,0,1,0
46691,4847,0.0,3.0,0.0,68,30,10,2,67,0,1,0
47313,598,1.0,3.0,0.0,19,9,2,2,18,0,1,0
47352,3154,0.0,5.0,0.0,10,3,2,5,9,0,1,0
47771,293,0.0,0.0,0.0,7,2,1,2,6,0,1,0
47880,1890,0.0,0.0,0.0,9,6,2,2,8,0,1,0
47978,1763,0.0,6.0,0.0,2,1,1,1,1,0,1,0
48430,1111,0.0,3.0,0.0,2,1,1,1,1,0,1,0
48434,3173,0.0,3.0,1.0,2,1,1,1,1,0,1,0
48449,503,0.0,0.0,0.0,29,16,3,1,26,0,2,1
48666,3269,1.0,4.0,0.0,3,1,1,1,2,0,1,0
48704,2913,0.0,0.0,0.0,3,1,1,1,2,0,1,0
48756,2939,0.0,0.0,0.0,2,2,2,1,0,0,2,0
48906,4316,0.0,2.0,0.0,4,1,1,1,3,0,1,0
4892,2014,0.0,4.0,0.0,47,19,2,1,45,0,2,0
48972,1056,0.0,3.0,0.0,6,1,1,3,5,0,1,0
48973,2217,0.0,3.0,0.0,12,6,1,1,11,0,1,0
49160,2664,0.0,2.0,0.0,16,11,1,2,13,0,3,0
49332,1724,0.0,0.0,0.0,14,7,2,1,13,0,1,0
49658,3611,0.0,2.0,1.0,6,1,1,1,5,0,1,0
49714,4731,0.0,4.0,1.0,26,17,4,1,22,0,4,0
49767,3443,0.0,3.0,0.0,4,1,1,2,3,0,1,0
49901,3513,0.0,4.0,0.0,14,5,2,4,13,0,1,0
49936,2890,0.0,0.0,0.0,2,1,1,1,0,0,1,1
50712,1833,1.0,6.0,1.0,24,11,6,2,22,0,1,1
50917,10,0.0,0.0,0.0,9,3,1,2,8,0,1,0
51104,742,0.0,null,null,3,1,1,1,2,0,1,0
51314,3826,0.0,3.0,0.0,8,2,1,1,7,0,1,0
51341,1000,0.0,4.0,1.0,1,1,1,1,0,0,1,0
51535,2879,0.0,2.0,1.0,4,2,2,1,3,0,1,0
51600,3473,0.0,5.0,0.0,5,1,1,1,4,0,1,0
5168,3350,0.0,3.0,0.0,11,6,1,1,10,0,1,0
51682,1102,0.0,0.0,1.0,9,3,1,1,8,0,1,0
5203,4864,0.0,0.0,0.0,6,2,1,2,5,0,1,0
52998,2014,0.0,3.0,0.0,8,1,1,3,7,0,1,0
53394,2036,0.0,5.0,0.0,3,2,1,1,0,0,3,0
53792,740,1.0,3.0,0.0,1,1,1,1,0,0,1,0
54372,1833,0.0,6.0,0.0,41,20,4,3,39,0,1,1
54526,1861,0.0,6.0,0.0,8,1,1,3,5,0,2,1
54868,4605,0.0,2.0,0.0,9,5,3,2,5,0,1,3
5581,3650,0.0,3.0,0.0,2,2,1,1,0,0,2,0
55841,2566,0.0,3.0,1.0,12,1,1,1,10,0,2,0
55953,1093,0.0,4.0,1.0,27,10,1,1,26,0,1,0
55963,1780,0.0,2.0,1.0,6,2,1,1,5,0,1,0
56183,1557,0.0,4.0,0.0,34,4,4,2,32,0,2,0
56246,3543,0.0,2.0,0.0,36,12,2,4,31,0,1,4
56565,2954,1.0,4.0,0.0,12,2,2,2,11,0,1,0
5693,241,0.0,4.0,0.0,3,1,1,1,2,0,1,0
56944,3006,0.0,0.0,1.0,2,1,1,1,1,0,1,0
57049,4976,0.0,2.0,0.0,5,1,1,2,4,0,1,0
57071,2669,0.0,3.0,0.0,11,5,3,1,10,0,1,0
57084,1816,0.0,3.0,0.0,3,1,1,1,2,0,1,0
57106,4282,0.0,4.0,1.0,27,11,5,2,25,0,2,0
57734,4966,0.0,3.0,0.0,2,1,1,1,1,0,1,0
57970,4760,0.0,0.0,0.0,5,2,2,3,4,0,1,0
58559,102,0.0,3.0,0.0,1,1,1,1,0,0,1,0
58600,643,0.0,2.0,0.0,12,7,5,3,10,0,2,0
58778,191,1.0,0.0,0.0,8,6,4,1,7,0,1,0
58975,1999,0.0,0.0,1.0,10,5,1,3,9,0,1,0
59007,742,0.0,4.0,0.0,1,1,1,1,0,0,1,0
59443,1520,0.0,6.0,0.0,2,1,1,1,1,0,1,0
59511,2424,1.0,4.0,0.0,7,2,1,1,6,0,1,0
61519,523,0.0,0.0,0.0,8,4,1,2,7,0,1,0
62112,946,0.0,5.0,0.0,40,20,4,4,34,0,2,4
62343,3230,0.0,3.0,1.0,2,1,1,1,1,0,1,0
62657,3828,1.0,0.0,0.0,11,8,4,5,10,0,1,0
63157,2883,0.0,4.0,1.0,13,8,1,1,12,0,1,0
63473,1291,0.0,5.0,0.0,2,1,1,1,1,0,1,0
63906,2730,1.0,3.0,0.0,10,1,1,2,8,0,1,1
63999,3136,0.0,2.0,0.0,10,2,1,4,9,0,1,0
64040,2745,0.0,3.0,1.0,2,2,1,1,1,0,1,0
6410,1689,0.0,3.0,0.0,8,2,2,2,7,0,1,0
64394,3990,0.0,0.0,0.0,30,9,2,3,27,0,1,2
6447,2668,0.0,2.0,0.0,6,1,1,1,5,0,1,0
64586,773,0.0,3.0,0.0,28,16,11,3,27,0,1,0
6466,574,0.0,3.0,0.0,2,1,1,1,1,0,1,0
64801,1432,0.0,2.0,1.0,22,3,1,4,20,0,1,1
65300,2608,0.0,4.0,0.0,1,1,1,1,0,0,1,0
65498,1572,0.0,4.0,0.0,5,1,1,1,4,0,1,0
66041,3159,0.0,5.0,1.0,6,3,3,1,4,0,2,0
66081,522,0.0,3.0,1.0,9,1,1,1,7,0,2,0
66223,1487,0.0,7.0,0.0,5,1,1,2,4,0,1,0
66589,1736,0.0,6.0,0.0,4,1,1,2,3,0,1,0
66968,3971,0.0,3.0,0.0,23,5,3,2,18,0,2,3
66980,643,0.0,5.0,0.0,5,3,2,1,4,0,1,0
67400,1850,0.0,4.0,1.0,12,4,3,1,11,0,1,0
67638,3443,0.0,0.0,1.0,5,2,2,1,4,0,1,0
67982,2277,0.0,2.0,1.0,27,9,3,3,25,0,2,0
68106,1276,0.0,6.0,0.0,4,3,1,1,3,0,1,0
68389,2696,1.0,5.0,2.0,11,5,4,3,9,0,1,1
68399,630,0.0,0.0,0.0,12,6,4,2,10,0,1,1
68993,1203,0.0,6.0,0.0,13,4,3,2,11,0,2,0
69159,4173,0.0,0.0,0.0,16,5,4,2,14,1,1,0
69436,2721,0.0,6.0,0.0,4,3,1,1,3,0,1,0
69470,2565,1.0,3.0,0.0,9,2,1,1,7,0,2,0
69635,3469,1.0,4.0,0.0,6,1,1,3,3,0,1,2
69806,2454,0.0,0.0,0.0,3,2,2,2,2,0,1,0
69938,3424,0.0,0.0,0.0,14,8,2,2,11,0,3,0
70000,760,0.0,2.0,1.0,3,1,1,1,2,0,1,0
71815,168,0.0,3.0,1.0,4,2,1,2,3,0,1,0
72255,4504,0.0,7.0,0.0,12,7,1,2,9,0,1,2
72402,1250,0.0,6.0,0.0,4,1,1,1,2,0,2,0
72412,2928,0.0,4.0,0.0,6,3,1,1,5,0,1,0
72931,3181,0.0,3.0,1.0,7,1,1,2,6,0,1,0
72998,1719,0.0,3.0,1.0,3,1,1,1,2,0,1,0
73051,2824,1.0,5.0,0.0,5,1,1,2,4,0,1,0
7315,953,0.0,3.0,0.0,1,1,1,1,0,0,1,0
74364,1832,0.0,3.0,0.0,3,1,1,2,2,0,1,0
74449,3683,0.0,0.0,0.0,4,1,1,1,3,0,1,0
74601,1322,0.0,4.0,0.0,8,3,1,1,7,0,1,0
74909,35,0.0,3.0,0.0,6,3,2,1,5,0,1,0
75185,4368,0.0,6.0,0.0,4,3,2,2,3,0,1,0
75425,3578,0.0,2.0,1.0,2,1,1,1,1,0,1,0
75855,1200,0.0,0.0,0.0,2,1,1,1,1,0,1,0
76478,1472,0.0,0.0,0.0,27,13,1,5,22,0,1,4
76624,4282,0.0,3.0,1.0,68,43,14,10,65,0,2,1
77024,685,0.0,3.0,1.0,24,6,2,1,22,0,1,1
7709,1031,0.0,4.0,0.0,1,1,1,1,0,0,1,0
7751,4220,0.0,2.0,2.0,9,2,1,3,8,0,1,0
78494,2811,0.0,2.0,1.0,2,1,1,1,0,0,1,1
78664,798,0.0,2.0,0.0,32,9,7,2,29,0,3,0
78669,2888,0.0,0.0,1.0,7,1,1,1,5,0,2,0
78734,4438,0.0,4.0,2.0,19,15,3,3,18,0,1,0
78974,2791,0.0,3.0,0.0,6,2,1,2,5,0,1,0
79395,1661,0.0,5.0,0.0,1,1,1,1,0,0,1,0
794,1719,0.0,6.0,0.0,2,1,1,1,0,0,2,0
79985,4499,0.0,2.0,0.0,6,1,1,1,5,0,1,0
80173,1923,0.0,6.0,0.0,24,5,2,5,22,0,2,0
80187,941,0.0,4.0,1.0,13,3,1,3,12,0,1,0
80474,3822,0.0,0.0,0.0,12,4,1,1,11,0,1,0
80526,145,0.0,0.0,0.0,28,7,1,2,24,0,1,3
81166,2066,0.0,6.0,0.0,9,5,1,2,8,0,1,0
82088,2954,0.0,3.0,0.0,7,3,2,2,6,0,1,0
82441,1538,0.0,2.0,0.0,15,7,1,1,14,0,1,0
82620,4856,0.0,2.0,null,4,1,1,1,3,0,1,0
82642,3930,0.0,0.0,0.0,9,1,1,2,8,0,1,0
82651,3541,0.0,0.0,0.0,7,1,1,1,4,0,2,1
83302,190,0.0,2.0,0.0,3,1,1,2,2,0,1,0
83493,4140,0.0,6.0,0.0,114,51,2,4,111,0,3,0
83954,3350,0.0,3.0,2.0,2,1,1,1,1,0,1,0
84052,2453,0.0,0.0,0.0,5,4,1,1,0,0,5,0
84118,1393,1.0,6.0,0.0,17,7,4,7,13,0,1,3
84194,3016,0.0,0.0,0.0,33,14,4,3,30,0,1,2
84864,2545,0.0,2.0,1.0,41,8,4,3,37,0,1,3
85938,547,0.0,2.0,1.0,6,3,1,2,5,0,1,0
86142,2031,0.0,3.0,1.0,2,1,1,1,1,0,1,0
86409,3635,0.0,3.0,0.0,5,1,1,1,4,0,1,0
86570,1393,0.0,6.0,0.0,20,8,4,7,17,0,1,2
86635,598,0.0,3.0,1.0,13,6,2,3,12,0,1,0
86955,4325,0.0,0.0,1.0,8,4,2,1,7,0,1,0
87031,760,1.0,3.0,0.0,4,1,1,2,3,0,1,0
87068,262,0.0,0.0,1.0,6,1,1,1,5,0,1,0
87335,13,0.0,3.0,1.0,7,1,1,1,6,0,1,0
87527,4043,0.0,2.0,0.0,27,14,8,3,26,0,1,0
87535,4120,0.0,3.0,1.0,7,1,1,1,6,0,1,0
87674,606,1.0,6.0,0.0,30,24,9,1,27,0,2,1
87682,2047,0.0,3.0,0.0,11,8,3,1,10,0,1,0
88047,2128,0.0,3.0,0.0,8,6,5,1,7,0,1,0
8817,4270,0.0,4.0,0.0,3,1,1,1,2,0,1,0
88270,2372,0.0,6.0,0.0,8,3,2,3,6,0,1,1
88541,685,0.0,2.0,0.0,13,3,2,2,11,0,2,0
88776,3828,0.0,0.0,0.0,6,3,2,1,5,0,1,0
89081,2619,0.0,3.0,1.0,6,1,1,2,5,0,1,0
89244,1342,1.0,5.0,1.0,18,4,3,2,16,1,1,0
90294,3350,0.0,5.0,0.0,4,2,1,1,3,0,1,0
90494,1071,0.0,3.0,1.0,6,1,1,1,5,0,1,0
90617,255,0.0,3.0,0.0,20,6,2,4,18,0,1,1
90877,1710,0.0,3.0,0.0,6,2,1,1,5,0,1,0
91051,2127,0.0,3.0,0.0,2,1,1,2,1,0,1,0
91187,3609,0.0,0.0,1.0,3,1,1,1,2,0,1,0
91246,437,0.0,3.0,0.0,5,3,1,1,4,0,1,0
91415,1602,0.0,0.0,0.0,9,7,3,1,8,0,1,0
91447,4079,0.0,5.0,0.0,1,1,1,1,0,0,1,0
91511,2954,0.0,3.0,2.0,23,4,2,9,20,0,1,2
91585,2031,0.0,0.0,0.0,4,2,1,1,3,0,1,0
9190,3227,0.0,6.0,0.0,5,1,1,1,4,0,1,0
92584,778,0.0,4.0,1.0,5,2,1,2,4,0,1,0
92823,3831,0.0,3.0,1.0,3,1,1,1,2,0,1,0
92971,2422,0.0,2.0,1.0,3,3,2,1,0,0,3,0
93040,2981,0.0,2.0,0.0,10,2,2,2,9,0,1,0
93344,1522,0.0,3.0,0.0,3,1,1,1,2,0,1,0
93606,1393,1.0,0.0,0.0,15,13,4,3,12,0,3,0
93903,2108,0.0,3.0,0.0,8,3,1,1,7,0,1,0
93971,4648,0.0,2.0,0.0,9,4,2,1,7,0,2,0
94197,4268,0.0,0.0,0.0,6,2,1,4,5,0,1,0
9433,4044,0.0,4.0,0.0,2,1,1,1,1,0,1,0
95264,1854,0.0,3.0,0.0,10,4,1,2,7,0,3,0
95896,962,0.0,4.0,1.0,7,4,2,1,5,0,2,0
9590,514,0.0,4.0,0.0,4,2,2,1,3,0,1,0
95998,2928,0.0,5.0,0.0,5,1,1,1,4,0,1,0
96245,3284,0.0,6.0,0.0,2,1,1,1,1,0,1,0
96468,4049,0.0,3.0,0.0,4,2,1,1,3,0,1,0
96472,1223,0.0,6.0,0.0,6,2,1,1,4,0,1,1
9656,2149,0.0,0.0,0.0,1,1,1,1,0,0,1,0
96849,4871,0.0,4.0,0.0,6,2,1,1,5,0,1,0
96873,4044,0.0,4.0,0.0,9,4,3,2,8,0,1,0
97100,2036,0.0,5.0,1.0,5,1,1,1,4,0,1,0
97610,1102,0.0,7.0,0.0,6,2,2,1,4,0,2,0
98565,2856,0.0,3.0,0.0,2,1,1,1,1,0,1,0
989,3609,0.0,3.0,0.0,14,10,1,2,13,0,1,0
98987,760,0.0,4.0,1.0,4,1,1,1,3,0,1,0
99122,1514,0.0,4.0,1.0,4,1,1,2,2,0,1,1
9925,3266,0.0,0.0,0.0,3,1,1,1,2,0,1,0
