100175,845,0.0,3.0,1.0,5,1,1,1,4,0,1,0
100354,1472,0.0,4.0,0.0,1,1,1,1,0,0,1,0
100652,1861,0.0,3.0,0.0,5,2,2,1,4,0,1,0
100783,4403,0.0,2.0,1.0,2,1,1,1,1,0,1,0
100913,3439,0.0,3.0,1.0,10,1,1,1,9,0,1,0
101046,523,0.0,4.0,0.0,81,67,3,4,80,0,1,0
101077,4794,0.0,5.0,1.0,10,4,2,2,9,0,1,0
101667,4171,0.0,3.0,0.0,7,2,1,1,1,0,6,0
101768,4976,0.0,2.0,0.0,29,16,7,3,26,0,1,2
102560,3685,0.0,3.0,0.0,12,4,1,1,10,0,2,0
102662,1454,0.0,6.0,1.0,2,1,1,2,1,0,1,0
103518,1749,0.0,3.0,2.0,11,3,2,2,10,0,1,0
103679,1472,0.0,5.0,0.0,3,1,1,1,1,0,2,0
103773,4079,0.0,0.0,0.0,5,2,1,1,3,0,2,0
103846,219,0.0,4.0,0.0,2,1,1,1,1,0,1,0
104173,4044,0.0,0.0,1.0,3,2,2,1,1,0,2,0
104366,3176,0.0,4.0,0.0,4,1,1,2,2,0,1,1
105417,552,0.0,0.0,0.0,14,1,1,2,13,0,1,0
105446,1134,0.0,4.0,0.0,2,2,2,1,0,0,2,0
1061,845,0.0,5.0,0.0,5,2,1,1,4,0,1,0
106335,1200,0.0,4.0,1.0,37,5,2,2,32,0,5,0
106596,2394,0.0,3.0,1.0,6,1,1,1,4,0,2,0
106603,4267,0.0,4.0,1.0,13,7,3,2,12,0,1,0
106763,2872,0.0,4.0,0.0,2,1,1,1,1,0,1,0
107001,2935,0.0,0.0,0.0,20,4,2,1,18,0,2,0
107217,4385,0.0,3.0,0.0,2,1,1,1,1,0,1,0
107738,2217,0.0,4.0,2.0,1,1,1,1,0,0,1,0
107920,4173,0.0,3.0,0.0,5,4,1,2,4,0,1,0
107975,1678,0.0,4.0,1.0,17,5,2,3,15,0,2,0
108168,3057,0.0,2.0,0.0,11,1,1,4,10,0,1,0
108383,2700,0.0,4.0,1.0,13,7,1,1,11,0,2,0
108821,3476,0.0,4.0,0.0,2,2,1,1,0,0,2,0
108869,2036,0.0,2.0,1.0,1,1,1,1,0,0,1,0
109117,1561,0.0,4.0,1.0,2,1,1,1,1,0,1,0
109177,3239,0.0,3.0,1.0,14,6,1,1,12,0,2,0
110207,4724,0.0,0.0,0.0,8,1,1,1,7,0,1,0
110212,2273,0.0,2.0,0.0,4,2,1,1,3,0,1,0
110308,13,0.0,5.0,1.0,7,2,1,2,4,0,3,0
110858,2989,0.0,0.0,0.0,9,5,4,2,4,0,1,4
110858,3432,1.0,0.0,0.0,25,15,2,4,21,0,3,1
11119,227,0.0,6.0,0.0,1,1,1,1,0,0,1,0
111416,1570,0.0,2.0,0.0,2,1,1,1,1,0,1,0
111860,222,0.0,3.0,0.0,2,1,1,1,1,0,1,0
111958,2791,0.0,3.0,0.0,19,9,3,1,17,0,2,0
11229,241,0.0,4.0,0.0,2,1,1,1,1,0,1,0
112833,1494,0.0,0.0,1.0,4,2,1,1,2,0,2,0
113470,2629,0.0,3.0,0.0,5,2,1,2,4,0,1,0
114126,1895,0.0,4.0,0.0,4,3,2,1,3,0,1,0
114429,4072,0.0,2.0,1.0,4,1,1,1,3,0,1,0
114554,4616,0.0,5.0,0.0,5,1,1,3,3,1,1,0
114583,4306,0.0,7.0,0.0,4,1,1,1,3,0,1,0
114593,4234,0.0,4.0,0.0,14,6,3,2,13,0,1,0
114608,4267,0.0,4.0,0.0,38,22,4,2,36,0,2,0
114782,4765,0.0,0.0,0.0,3,1,1,2,2,0,1,0
114882,2545,0.0,0.0,1.0,18,3,1,5,16,0,1,1
115038,1895,0.0,0.0,0.0,8,5,4,2,7,0,1,0
115189,3578,0.0,3.0,0.0,6,3,1,1,5,0,1,0
115379,1102,0.0,3.0,0.0,37,10,3,4,36,0,1,0
115549,3640,0.0,0.0,0.0,15,3,1,2,11,0,2,2
115627,4992,0.0,0.0,0.0,4,1,1,2,3,0,1,0
115687,4499,0.0,0.0,0.0,2,1,1,1,1,0,1,0
115908,1056,0.0,4.0,0.0,3,2,2,2,2,0,1,0
116132,4385,0.0,2.0,0.0,7,2,1,2,5,0,1,1
117592,1308,0.0,2.0,0.0,3,1,1,1,2,0,1,0
118475,2482,0.0,0.0,0.0,5,1,1,2,3,0,1,1
11921,2424,0.0,0.0,0.0,1,1,1,1,0,0,1,0
119348,1943,0.0,3.0,1.0,8,1,1,2,6,0,1,1
119714,2066,0.0,3.0,1.0,1,1,1,1,0,0,1,0
120080,2099,0.0,0.0,0.0,4,1,1,1,3,0,1,0
120194,1892,0.0,3.0,0.0,3,3,3,1,0,0,1,2
120409,949,0.0,5.0,0.0,105,47,6,16,101,0,1,3
120509,2928,0.0,0.0,0.0,55,12,5,7,52,0,3,0
121272,4044,0.0,4.0,1.0,16,10,5,3,15,0,1,0
121445,2397,0.0,4.0,1.0,10,6,3,1,9,0,1,0
121445,742,0.0,4.0,1.0,7,4,4,1,6,0,1,0
122588,4760,0.0,2.0,0.0,14,3,1,2,13,0,1,0
122943,1602,0.0,6.0,0.0,5,1,1,1,4,0,1,0
122990,2441,0.0,0.0,1.0,12,3,2,3,9,0,1,2
123347,2217,0.0,6.0,0.0,1,1,1,1,0,0,1,0
123476,941,0.0,3.0,0.0,9,3,1,1,8,0,1,0
123580,275,0.0,4.0,0.0,5,1,1,1,4,0,1,0
123780,4966,0.0,0.0,1.0,4,1,1,2,3,0,1,0
124172,2298,0.0,6.0,0.0,3,1,1,2,2,0,1,0
124284,2723,0.0,6.0,0.0,27,15,3,1,23,0,4,0
124425,474,0.0,3.0,0.0,5,2,2,2,3,0,2,0
124502,4955,0.0,0.0,0.0,2,2,2,1,0,0,2,0
124732,2273,0.0,3.0,0.0,1,1,1,1,0,0,1,0
124818,2313,0.0,0.0,0.0,8,1,1,2,6,1,1,0
12543,3163,0.0,6.0,0.0,3,1,1,1,2,0,1,0
125971,1487,0.0,5.0,0.0,10,1,1,2,9,0,1,0
126229,3925,0.0,4.0,1.0,3,1,1,1,2,0,1,0
126392,3609,0.0,4.0,0.0,11,1,1,1,10,0,1,0
126396,1884,0.0,3.0,0.0,2,1,1,1,1,0,1,0
126431,2981,0.0,3.0,0.0,11,4,2,2,8,0,1,2
1268,3941,0.0,4.0,1.0,4,1,1,1,3,0,1,0
126868,1049,0.0,0.0,1.0,8,1,1,3,6,0,1,1
127273,1407,0.0,3.0,1.0,27,14,1,3,26,0,1,0
127815,4444,0.0,5.0,1.0,11,5,1,2,8,0,3,0
128440,3878,0.0,2.0,0.0,3,1,1,1,1,0,2,0
128684,437,0.0,5.0,0.0,4,1,1,1,3,0,1,0
129248,1470,0.0,4.0,0.0,5,1,1,1,4,0,1,0
129611,3862,0.0,3.0,1.0,3,1,1,1,2,0,1,0
129633,1340,0.0,0.0,0.0,10,6,2,1,8,0,2,0
130120,191,0.0,3.0,0.0,61,31,11,4,58,0,2,1
130857,4087,0.0,6.0,1.0,12,8,2,3,10,0,2,0
130960,4270,0.0,4.0,0.0,43,21,6,1,37,0,6,0
131030,4527,0.0,5.0,0.0,9,3,1,2,8,0,1,0
131573,1116,0.0,5.0,0.0,9,6,3,1,6,0,3,0
131921,3955,0.0,5.0,0.0,14,7,2,2,13,0,1,0
131996,2318,0.0,0.0,1.0,9,1,1,2,8,0,1,0
132126,3152,0.0,3.0,1.0,5,2,1,2,4,0,1,0
132131,606,0.0,0.0,1.0,10,4,3,2,9,0,1,0
132244,4438,0.0,4.0,1.0,11,5,1,1,10,0,1,0
132582,3545,1.0,0.0,1.0,17,4,1,2,15,0,2,0
132594,1816,0.0,6.0,1.0,6,2,2,1,5,0,1,0
132790,2173,0.0,6.0,0.0,7,5,2,2,6,0,1,0
132889,4044,0.0,3.0,0.0,36,15,4,8,31,0,1,4
133102,4504,0.0,4.0,0.0,26,7,1,1,25,0,1,0
133110,3439,0.0,2.0,0.0,4,2,1,2,3,0,1,0
133305,2664,0.0,3.0,0.0,20,4,1,1,19,0,1,0
133445,3968,0.0,4.0,1.0,7,3,3,2,5,0,2,0
134132,885,0.0,0.0,1.0,2,1,1,1,1,0,1,0
134237,4438,0.0,3.0,0.0,3,1,1,1,2,0,1,0
134488,63,0.0,null,null,9,8,6,1,8,0,1,0
135274,963,0.0,6.0,1.0,4,2,1,2,3,0,1,0
135574,1916,0.0,5.0,0.0,6,2,1,1,5,0,1,0
136245,4581,0.0,0.0,1.0,2,1,1,1,1,0,1,0
136448,4044,0.0,2.0,0.0,19,2,2,3,17,0,1,1
136457,3103,1.0,0.0,0.0,16,8,1,2,12,0,3,1
136933,4718,0.0,4.0,0.0,11,10,6,1,10,0,1,0
136960,2891,0.0,0.0,0.0,11,4,1,2,10,0,1,0
138111,1393,0.0,4.0,1.0,2,1,1,1,0,0,2,0
138307,2031,0.0,5.0,0.0,4,1,1,1,3,0,1,0
138956,3910,1.0,2.0,0.0,1,1,1,1,0,0,1,0
139098,1049,0.0,2.0,0.0,16,2,2,1,13,0,1,2
139532,3578,0.0,4.0,0.0,2,1,1,1,1,0,1,0
139985,4765,0.0,6.0,0.0,5,2,1,1,4,0,1,0
140185,2810,0.0,6.0,0.0,6,2,1,4,2,0,1,3
140764,4545,0.0,0.0,1.0,3,1,1,1,2,0,1,0
141102,2432,0.0,4.0,1.0,10,6,5,4,9,0,1,0
14134,361,0.0,0.0,0.0,10,2,1,2,8,0,1,1
141349,4011,0.0,3.0,0.0,6,2,1,1,5,0,1,0
141748,479,0.0,4.0,1.0,3,1,1,1,2,0,1,0
142096,2193,0.0,6.0,1.0,13,7,2,3,11,0,2,0
142684,3042,0.0,3.0,1.0,10,4,4,2,9,0,1,0
142899,3436,0.0,3.0,1.0,4,1,1,1,3,0,1,0
142954,2447,0.0,5.0,0.0,8,4,4,1,7,0,1,0
143234,1726,1.0,0.0,0.0,6,3,1,1,5,0,1,0
143305,4718,0.0,6.0,0.0,7,6,4,1,5,0,2,0
143339,1340,0.0,2.0,0.0,8,3,2,1,7,0,1,0
143515,4042,0.0,0.0,0.0,4,1,1,2,3,0,1,0
144179,625,0.0,0.0,0.0,11,5,1,1,9,0,2,0
144296,1608,0.0,6.0,1.0,3,1,1,1,2,0,1,0
144424,4760,0.0,2.0,0.0,12,4,2,1,11,0,1,0
145214,3536,0.0,6.0,1.0,12,3,1,1,11,0,1,0
145556,4980,0.0,2.0,0.0,4,2,1,1,2,0,1,1
145895,3828,1.0,4.0,0.0,4,1,1,1,3,0,1,0
146106,3618,1.0,5.0,0.0,4,1,1,1,3,0,1,0
146390,1102,0.0,2.0,0.0,35,13,5,5,33,0,1,1
146488,14,0.0,4.0,0.0,6,5,3,2,4,0,2,0
146986,2664,0.0,6.0,0.0,10,8,4,2,7,0,3,0
147130,598,0.0,3.0,0.0,6,1,1,1,5,0,1,0
147257,66,0.0,3.0,0.0,5,1,1,1,4,0,1,0
147431,1502,0.0,5.0,0.0,3,2,2,2,2,0,1,0
147889,3160,0.0,4.0,1.0,1,1,1,1,0,0,1,0
147965,4282,0.0,7.0,1.0,3,1,1,2,2,0,1,0
14844,4394,0.0,3.0,0.0,6,2,1,3,3,0,1,2
148536,3350,0.0,0.0,0.0,41,16,3,6,36,0,1,4
148574,1679,0.0,4.0,0.0,9,7,4,2,8,0,1,0
148782,1501,0.0,4.0,2.0,17,14,5,2,16,0,1,0
148918,2856,0.0,2.0,1.0,5,2,1,1,4,0,1,0
149397,949,0.0,6.0,0.0,11,5,1,1,10,0,1,0
149763,3828,0.0,8.0,0.0,34,29,13,21,33,0,1,0
149779,2730,0.0,0.0,0.0,3,1,1,2,1,1,1,0
150283,4090,0.0,0.0,0.0,11,1,1,3,8,0,1,2
150607,2217,0.0,2.0,0.0,16,1,1,2,14,0,1,1
15069,4308,0.0,3.0,0.0,7,5,3,1,6,0,1,0
150732,2669,0.0,3.0,0.0,18,11,4,2,14,0,4,0
150852,4513,0.0,4.0,0.0,20,9,5,1,19,0,1,0
150856,152,0.0,4.0,0.0,9,1,1,3,8,0,1,0
151759,1538,0.0,3.0,0.0,3,1,1,2,2,0,1,0
151986,2440,0.0,2.0,0.0,2,2,2,1,1,0,1,0
152082,2915,0.0,4.0,1.0,2,1,1,1,1,0,1,0
152402,2173,0.0,6.0,0.0,2,1,1,1,0,0,1,1
15242,3835,1.0,0.0,1.0,8,6,2,1,7,0,1,0
15259,3230,0.0,3.0,1.0,4,1,1,2,3,0,1,0
152675,798,0.0,0.0,1.0,2,1,1,1,1,0,1,0
152812,2981,0.0,0.0,0.0,2,1,1,1,0,0,2,0
152950,3828,0.0,3.0,0.0,34,23,9,7,30,0,1,3
153984,4044,0.0,3.0,0.0,7,1,1,2,5,0,1,1
154246,977,0.0,0.0,0.0,18,12,3,1,17,0,1,0
154792,3460,0.0,null,null,8,1,1,3,6,0,2,0
154914,697,0.0,0.0,0.0,2,1,1,2,1,0,1,0
155496,4044,0.0,3.0,0.0,25,17,3,1,24,0,1,0
155511,3635,0.0,3.0,1.0,2,1,1,2,0,0,1,1
155520,323,0.0,7.0,1.0,12,2,1,1,11,0,1,0
155565,3826,0.0,2.0,0.0,3,1,1,1,2,0,1,0
155774,3828,0.0,6.0,0.0,22,13,4,4,21,0,1,0
156563,3828,0.0,6.0,0.0,23,11,3,1,21,0,1,1
156734,1272,1.0,5.0,0.0,3,2,2,3,0,0,1,2
157102,2482,0.0,3.0,0.0,8,2,2,1,7,0,1,0
157522,4173,0.0,3.0,0.0,40,5,5,3,39,0,1,0
157553,4394,0.0,5.0,0.0,2,1,1,1,0,0,2,0
157981,361,0.0,7.0,1.0,2,1,1,1,1,0,1,0
158144,1852,1.0,3.0,0.0,2,1,1,1,0,0,2,0
158198,3971,0.0,2.0,1.0,2,1,1,1,1,0,1,0
158300,3263,0.0,3.0,0.0,7,5,4,3,6,0,1,0
158653,1502,1.0,4.0,0.0,5,2,1,3,3,0,1,1
158852,2108,0.0,3.0,0.0,15,4,2,1,14,0,1,0
159160,4818,0.0,2.0,1.0,30,11,4,6,29,0,1,0
159386,4504,0.0,5.0,0.0,6,3,1,1,5,0,1,0
159396,2928,0.0,7.0,0.0,21,6,4,3,19,0,2,0
159405,168,0.0,3.0,0.0,21,6,2,3,20,0,1,0
159735,588,0.0,4.0,2.0,19,4,1,4,17,0,1,1
159919,4306,0.0,0.0,1.0,4,1,1,2,3,0,1,0
160349,3320,0.0,0.0,0.0,3,1,1,1,1,0,2,0
160840,2278,0.0,2.0,0.0,2,1,1,1,1,0,1,0
161263,4131,0.0,4.0,0.0,2,1,1,1,1,0,1,0
16177,1760,0.0,2.0,0.0,11,8,2,2,10,0,1,0
16198,4589,0.0,4.0,0.0,3,2,1,1,2,0,1,0
162591,2273,0.0,0.0,0.0,2,1,1,1,1,0,1,0
162739,4706,0.0,3.0,0.0,1,1,1,1,0,0,1,0
162851,1502,0.0,3.0,0.0,6,4,1,1,5,0,1,0
163052,145,0.0,3.0,0.0,7,3,1,2,6,0,1,0
163495,4747,0.0,5.0,1.0,1,1,1,1,0,0,1,0
163549,4026,0.0,5.0,0.0,6,4,3,5,5,0,1,0
163804,590,0.0,3.0,0.0,7,1,1,1,6,0,1,0
165254,4120,1.0,0.0,1.0,7,2,2,4,6,0,1,0
166696,2940,1.0,3.0,1.0,3,1,1,1,2,0,1,0
16683,3411,1.0,5.0,0.0,5,1,1,2,3,0,1,1
167027,2954,0.0,5.0,0.0,27,14,7,3,25,0,2,0
167607,760,0.0,4.0,1.0,7,2,1,1,6,0,1,0
167764,715,1.0,2.0,0.0,26,8,2,1,25,0,1,0
16785,3349,0.0,0.0,0.0,13,4,1,2,11,0,1,1
168332,474,0.0,3.0,0.0,19,12,6,1,14,0,5,0
168385,1495,0.0,0.0,0.0,20,6,2,3,19,0,1,0
1684,598,0.0,4.0,0.0,4,2,2,1,3,0,1,0
168601,1703,0.0,4.0,0.0,13,1,1,1,12,0,1,0
16873,3349,0.0,3.0,0.0,25,7,2,2,23,0,1,1
168986,1203,0.0,5.0,0.0,24,10,5,4,21,0,2,1
169055,1640,0.0,0.0,1.0,10,3,2,1,9,0,1,0
169221,4871,0.0,8.0,0.0,3,1,1,2,1,0,1,1
169942,4760,0.0,2.0,1.0,5,2,2,2,3,1,1,0
170009,1142,0.0,2.0,1.0,7,1,1,1,6,0,1,0
17006,4173,0.0,4.0,0.0,7,5,1,3,6,0,1,0
170784,2523,0.0,6.0,1.0,2,1,1,1,1,0,1,0
170860,1708,0.0,7.0,0.0,6,1,1,1,5,0,1,0
171250,2459,0.0,7.0,0.0,29,12,4,3,28,0,1,0
171299,2445,0.0,4.0,0.0,4,1,1,1,3,0,1,0
171815,63,0.0,6.0,0.0,1,1,1,1,0,0,1,0
17202,1892,0.0,4.0,0.0,20,8,4,2,19,0,1,0
172022,598,0.0,3.0,1.0,11,5,3,4,10,0,1,0
172203,4992,0.0,4.0,0.0,9,4,2,1,6,0,3,0
173063,4463,0.0,0.0,0.0,4,1,1,1,3,0,1,0
173490,13,0.0,4.0,2.0,8,4,2,1,7,0,1,0
173621,152,0.0,2.0,0.0,9,1,1,2,7,0,1,1
173629,3159,0.0,4.0,0.0,2,1,1,1,1,0,1,0
173971,3936,0.0,0.0,0.0,1,1,1,1,0,0,1,0
174000,121,0.0,5.0,0.0,24,17,4,2,22,0,2,0
174322,4718,0.0,5.0,0.0,4,2,1,1,3,0,1,0
174360,4198,0.0,4.0,1.0,10,4,1,2,9,0,1,0
174902,1356,0.0,0.0,0.0,27,3,2,1,23,0,4,0
17521,2928,0.0,4.0,1.0,12,7,5,1,10,0,2,0
175699,2454,0.0,3.0,1.0,14,6,3,1,9,2,1,2
176169,1090,0.0,6.0,0.0,3,1,1,1,2,0,1,0
176473,2545,0.0,3.0,1.0,31,11,4,6,30,0,1,0
17686,845,0.0,4.0,2.0,2,1,1,1,1,0,1,0
176997,3828,0.0,3.0,1.0,10,5,2,2,8,0,2,0
177651,3080,0.0,3.0,1.0,5,2,2,1,4,0,1,0
177777,2669,0.0,0.0,0.0,23,20,9,4,22,0,1,0
177841,4905,0.0,6.0,0.0,4,1,1,1,2,0,2,0
178834,2891,1.0,4.0,2.0,15,5,2,3,12,1,1,1
178853,1090,0.0,6.0,0.0,11,1,1,1,10,0,1,0
178931,3828,0.0,0.0,null,21,15,4,2,20,0,1,0
178945,1742,0.0,0.0,1.0,57,13,1,2,55,0,2,0
17895,1738,0.0,2.0,0.0,21,9,6,5,18,0,1,2
17896,3657,1.0,3.0,1.0,3,1,1,1,2,0,1,0
179005,2669,1.0,0.0,0.0,8,4,3,1,6,0,2,0
179160,1831,1.0,6.0,0.0,2,1,1,1,1,0,1,0
17924,1487,0.0,4.0,0.0,4,1,1,1,3,0,1,0
17974,1895,0.0,2.0,0.0,20,3,3,3,17,0,1,2
17989,4499,0.0,4.0,1.0,5,1,1,2,4,0,1,0
180253,2767,0.0,4.0,0.0,4,2,1,2,2,0,1,1
180265,3955,0.0,3.0,0.0,4,1,1,2,3,0,1,0
18031,926,0.0,3.0,1.0,19,4,2,2,18,0,1,0
181494,145,0.0,3.0,2.0,6,5,1,1,5,0,1,0
181517,2709,1.0,4.0,0.0,10,6,2,2,9,0,1,0
182219,73,0.0,5.0,0.0,12,3,3,1,11,0,1,0
18234,4558,0.0,7.0,0.0,18,2,1,2,13,0,3,2
182730,1890,0.0,3.0,0.0,15,4,2,3,11,1,1,2
183930,1272,0.0,6.0,0.0,5,1,1,2,3,0,1,1
184008,2954,0.0,4.0,0.0,28,11,11,3,22,0,6,0
184008,296,0.0,4.0,0.0,5,1,1,2,3,0,1,1
184261,320,0.0,3.0,1.0,5,2,1,2,4,0,1,0
184839,2597,0.0,3.0,1.0,4,1,1,2,3,0,1,0
18498,1000,0.0,5.0,0.0,4,1,1,1,3,0,1,0
186226,1377,0.0,3.0,0.0,3,1,1,1,2,0,1,0
186524,4048,0.0,2.0,0.0,2,2,1,1,0,0,2,0
186630,3480,1.0,3.0,0.0,9,4,3,1,5,0,4,0
186892,4071,0.0,2.0,1.0,6,3,1,1,5,0,1,0
186923,1895,0.0,2.0,0.0,3,1,1,1,2,0,1,0
187004,3628,0.0,5.0,0.0,6,2,1,1,5,0,1,0
187131,1885,0.0,2.0,0.0,6,1,1,2,5,0,1,0
187166,700,0.0,2.0,1.0,16,4,3,3,15,0,1,0
188944,4163,0.0,5.0,0.0,9,2,2,1,8,0,1,0
18898,4131,0.0,5.0,1.0,3,1,1,3,2,0,1,0
189062,1514,0.0,3.0,1.0,6,3,1,2,5,0,1,0
189276,3327,0.0,4.0,0.0,1,1,1,1,0,0,1,0
189309,3205,0.0,3.0,0.0,9,2,1,2,7,0,2,0
189494,1016,0.0,0.0,0.0,15,3,1,3,13,0,1,1
189590,1890,0.0,0.0,0.0,3,1,1,1,2,0,1,0
190007,4648,0.0,0.0,1.0,2,1,1,1,1,0,1,0
190103,1223,0.0,2.0,1.0,2,1,1,1,1,0,1,0
190241,3609,0.0,3.0,0.0,16,11,1,2,14,0,1,1
191319,1742,0.0,0.0,0.0,6,1,1,3,5,0,1,0
191466,2709,0.0,0.0,1.0,4,1,1,1,3,0,1,0
191977,2604,0.0,3.0,0.0,20,8,2,1,17,0,3,0
192133,1102,0.0,7.0,1.0,30,14,5,5,29,0,1,0
192139,4282,0.0,2.0,0.0,11,3,2,1,10,0,1,0
192206,2602,0.0,2.0,0.0,4,1,1,1,3,0,1,0
192234,4554,0.0,6.0,0.0,5,4,3,2,4,0,1,0
192893,4818,0.0,3.0,0.0,1,1,1,1,0,0,1,0
192926,4394,0.0,5.0,0.0,5,4,2,1,4,0,1,0
193402,2031,0.0,3.0,1.0,12,2,1,3,10,0,2,0
194032,314,0.0,0.0,0.0,3,1,1,1,2,0,1,0
194248,3898,0.0,0.0,1.0,9,1,1,1,8,0,1,0
19444,1978,0.0,0.0,0.0,1,1,1,1,0,0,1,0
19468,3477,0.0,6.0,1.0,6,2,1,2,5,0,1,0
194839,1131,0.0,5.0,0.0,5,3,2,2,4,0,1,0
195366,4050,0.0,6.0,0.0,2,1,1,1,1,0,1,0
195403,4760,0.0,2.0,1.0,4,1,1,1,3,0,1,0
195768,3614,0.0,4.0,0.0,8,5,3,3,7,0,1,0
196104,3728,0.0,0.0,0.0,3,1,1,1,1,0,2,0
196257,862,0.0,4.0,1.0,37,17,5,1,31,0,6,0
196309,1983,0.0,3.0,1.0,4,1,1,1,3,0,1,0
196762,3057,0.0,2.0,0.0,22,4,2,5,21,0,1,0
197219,4309,0.0,6.0,1.0,4,2,1,1,2,0,2,0
197281,3376,0.0,3.0,1.0,4,2,2,1,3,0,1,0
197287,3545,0.0,4.0,1.0,4,2,1,1,3,0,1,0
197765,3578,1.0,4.0,1.0,8,2,1,2,7,0,1,0
197891,1963,0.0,2.0,1.0,321,101,9,14,295,0,1,25
197999,2935,1.0,0.0,1.0,2,1,1,1,1,0,1,0
198686,1454,1.0,0.0,1.0,3,1,1,2,1,0,2,0
198732,4584,0.0,0.0,0.0,3,1,1,2,2,0,1,0
199062,310,1.0,2.0,1.0,2,1,1,1,1,0,1,0
199662,148,0.0,5.0,1.0,12,8,7,1,11,0,1,0
199790,4073,0.0,3.0,0.0,7,1,1,1,6,0,1,0
199973,2273,0.0,5.0,0.0,5,2,1,2,4,0,1,0
200132,4926,0.0,0.0,0.0,4,3,2,1,3,0,1,0
20030,1102,0.0,3.0,0.0,87,33,5,12,82,0,1,4
200634,2810,0.0,null,null,4,1,1,2,2,0,1,1
201036,168,0.0,3.0,0.0,4,1,1,1,3,0,1,0
201128,2217,0.0,2.0,0.0,5,1,1,2,3,0,1,1
201517,4818,1.0,3.0,1.0,3,1,1,2,2,0,1,0
201554,234,0.0,3.0,1.0,1,1,1,1,0,0,1,0
201598,951,0.0,0.0,0.0,3,1,1,1,2,0,1,0
202098,4732,0.0,3.0,1.0,3,1,1,2,2,0,1,0
202137,293,1.0,0.0,1.0,8,1,1,1,7,0,1,0
202326,1346,0.0,4.0,1.0,11,3,1,2,8,0,1,2
203229,3472,0.0,2.0,1.0,1,1,1,1,0,0,1,0
203572,370,0.0,3.0,0.0,4,1,1,1,3,0,1,0
203579,1200,0.0,3.0,0.0,4,1,1,1,3,0,1,0
203730,3179,0.0,4.0,0.0,7,2,2,3,5,0,2,0
204384,2140,0.0,6.0,0.0,2,2,1,1,0,0,2,0
204832,2515,0.0,0.0,0.0,2,1,1,1,1,0,1,0
205710,3825,0.0,0.0,0.0,32,15,6,3,29,0,1,2
205890,416,0.0,6.0,0.0,14,4,2,4,13,0,1,0
206051,4605,0.0,6.0,0.0,3,1,1,1,2,0,1,0
206145,3105,0.0,2.0,0.0,6,3,2,1,4,0,2,0
20646,4137,0.0,4.0,0.0,2,1,1,1,1,0,1,0
206655,2242,0.0,4.0,0.0,15,10,5,2,2,0,8,5
206782,4482,0.0,4.0,0.0,11,6,2,1,9,0,2,0
207051,3536,0.0,0.0,0.0,1,1,1,1,0,0,1,0
207288,1840,0.0,5.0,0.0,3,2,2,1,2,0,1,0
207452,1760,0.0,6.0,0.0,12,6,1,2,10,0,2,0
207650,2217,0.0,3.0,0.0,3,1,1,1,2,0,1,0
208056,503,0.0,5.0,0.0,10,3,1,3,9,0,1,0
20807,3622,0.0,7.0,0.0,7,3,2,1,6,0,1,0
20832,523,0.0,4.0,0.0,2,1,1,2,0,0,1,1
208918,598,0.0,0.0,0.0,98,26,3,7,97,0,1,0
209431,1340,0.0,3.0,0.0,23,11,4,2,19,0,1,3
210102,4607,0.0,7.0,0.0,1,1,1,1,0,0,1,0
210215,1412,0.0,3.0,1.0,1,1,1,1,0,0,1,0
210774,3898,0.0,0.0,0.0,16,1,1,1,15,0,1,0
210982,1051,0.0,2.0,0.0,6,1,1,1,5,0,1,0
211122,4171,0.0,4.0,0.0,2,1,1,1,1,0,1,0
21128,783,0.0,2.0,0.0,1,1,1,1,0,0,1,0
211703,3420,0.0,3.0,0.0,14,4,2,3,12,0,2,0
211773,2482,0.0,0.0,0.0,3,3,3,1,0,0,3,0
211957,4605,0.0,3.0,0.0,11,4,2,1,8,0,3,0
212117,3675,0.0,4.0,2.0,10,5,3,2,9,0,1,0
212319,4052,0.0,3.0,0.0,1,1,1,1,0,0,1,0
212610,1808,0.0,4.0,0.0,2,1,1,1,1,0,1,0
212689,3448,0.0,5.0,0.0,8,2,1,2,5,0,1,2
212732,784,0.0,4.0,0.0,2,2,2,1,0,0,2,0
213284,2167,0.0,4.0,0.0,5,3,1,2,2,2,1,0
213461,3623,0.0,3.0,0.0,9,4,2,1,7,0,1,1
213534,4129,0.0,3.0,0.0,13,3,2,5,8,0,1,4
213851,742,0.0,5.0,0.0,11,2,2,1,9,0,2,0
214343,503,0.0,0.0,0.0,9,4,2,1,8,0,1,0
214701,2397,0.0,4.0,0.0,6,1,1,2,5,0,1,0
214713,4760,0.0,3.0,0.0,9,7,6,2,4,0,5,0
215008,2448,0.0,2.0,1.0,9,5,2,1,6,0,3,0
215227,861,0.0,2.0,0.0,7,4,1,1,6,0,1,0
215416,2102,0.0,3.0,0.0,4,1,1,1,3,0,1,0
215759,2537,0.0,0.0,0.0,5,3,2,1,4,0,1,0
216321,1719,1.0,3.0,0.0,9,7,5,1,7,0,2,0
216338,4793,1.0,3.0,0.0,3,1,1,1,2,0,1,0
216583,3614,0.0,3.0,1.0,4,1,1,1,3,0,1,0
216588,586,0.0,3.0,0.0,22,13,7,1,20,0,2,0
216717,2684,0.0,6.0,0.0,4,3,2,1,3,0,1,0
216937,4427,0.0,2.0,0.0,1,1,1,1,0,0,1,0
217021,145,0.0,3.0,0.0,2,1,1,2,0,0,1,1
217212,1487,0.0,3.0,0.0,16,7,1,2,14,0,1,1
217578,4957,0.0,4.0,1.0,6,3,2,1,4,0,2,0
217664,2140,1.0,5.0,1.0,11,6,1,2,8,0,2,1
2177,4079,0.0,3.0,0.0,18,15,1,1,17,0,1,0
218020,2447,0.0,4.0,2.0,4,2,2,1,3,0,1,0
218342,1963,0.0,0.0,0.0,33,13,3,2,32,0,1,0
218372,4073,0.0,6.0,0.0,6,3,1,1,5,0,1,0
218433,2082,0.0,0.0,0.0,10,3,1,2,9,0,1,0
218607,2928,0.0,0.0,0.0,14,7,1,2,12,0,1,1
218977,4876,0.0,3.0,0.0,6,3,1,1,5,0,1,0
21904,1425,0.0,0.0,1.0,5,2,2,2,4,0,1,0
219485,3406,0.0,4.0,0.0,5,1,1,1,3,0,2,0
219489,2712,0.0,0.0,0.0,11,2,1,3,10,0,1,0
220011,3828,0.0,5.0,0.0,4,1,1,2,3,0,1,0
220270,1760,0.0,0.0,0.0,23,14,2,1,20,0,3,0
220341,361,1.0,3.0,0.0,6,1,1,1,5,0,1,0
220563,141,0.0,3.0,0.0,2,1,1,2,1,0,1,0
220889,760,0.0,3.0,0.0,7,3,2,1,6,0,1,0
220910,4044,0.0,2.0,0.0,21,11,5,2,17,0,1,3
221112,1679,0.0,3.0,1.0,39,20,3,2,35,0,3,1
222038,1816,0.0,3.0,0.0,10,3,2,1,9,0,1,0
222550,798,0.0,0.0,0.0,38,10,3,3,36,0,2,0
222590,4818,0.0,0.0,1.0,22,8,5,2,18,2,2,0
222641,1472,0.0,3.0,0.0,10,3,1,2,8,0,1,1
222727,311,0.0,2.0,1.0,2,1,1,1,1,0,1,0
223173,416,0.0,3.0,1.0,1,1,1,1,0,0,1,0
22327,2217,0.0,7.0,0.0,2,1,1,1,0,0,1,1
223980,120,0.0,3.0,0.0,3,2,1,1,2,0,1,0
224367,4662,0.0,3.0,0.0,4,2,2,1,3,0,1,0
224945,3236,0.0,6.0,1.0,4,3,1,1,3,0,1,0
224970,523,0.0,6.0,0.0,1,1,1,1,0,0,1,0
225311,2026,0.0,2.0,1.0,5,2,2,1,3,0,2,0
225632,4044,1.0,4.0,0.0,7,3,2,2,6,0,1,0
225757,3055,0.0,2.0,0.0,4,1,1,1,2,0,1,1
225928,862,0.0,3.0,0.0,32,11,5,4,27,0,5,0
22639,4049,0.0,4.0,1.0,10,5,2,3,8,0,2,0
22648,241,0.0,3.0,null,32,9,1,2,31,0,1,0
226645,4043,0.0,4.0,0.0,4,1,1,2,3,0,1,0
226730,4976,0.0,0.0,0.0,1,1,1,1,0,0,1,0
22676,946,0.0,4.0,0.0,9,3,1,2,8,0,1,0
226828,3329,0.0,2.0,0.0,12,2,1,2,10,1,1,0
226932,3473,0.0,4.0,0.0,1,1,1,1,0,0,1,0
226977,1760,0.0,3.0,0.0,16,11,3,5,14,0,2,0
227006,141,0.0,5.0,0.0,7,1,1,2,5,0,1,1
227155,2273,0.0,0.0,0.0,2,1,1,1,1,0,1,0
228024,121,0.0,6.0,0.0,21,5,3,4,18,0,3,0
228039,2849,0.0,5.0,0.0,6,3,2,3,4,0,1,1
228124,3578,0.0,6.0,0.0,52,28,3,1,50,0,2,0
228171,2026,0.0,0.0,0.0,2,1,1,1,1,0,1,0
228259,4150,0.0,3.0,1.0,2,1,1,1,1,0,1,0
228302,3091,0.0,4.0,0.0,3,1,1,2,2,0,1,0
228487,1133,0.0,3.0,1.0,4,1,1,1,3,0,1,0
228492,4605,0.0,0.0,0.0,3,1,1,1,2,0,1,0
228594,3828,1.0,2.0,0.0,42,32,9,5,41,0,1,0
228795,742,0.0,0.0,1.0,2,1,1,1,1,0,1,0
228855,2277,0.0,0.0,1.0,14,2,1,3,13,0,1,0
229841,3288,0.0,0.0,0.0,2,1,1,1,1,0,1,0
23137,1978,0.0,3.0,1.0,5,2,2,1,4,0,1,0
231516,3826,0.0,2.0,1.0,3,1,1,1,2,0,1,0
231673,3376,0.0,3.0,0.0,122,6,2,21,118,0,1,3
231794,2592,0.0,4.0,1.0,13,8,2,2,12,0,1,0
231813,3828,0.0,5.0,0.0,28,5,3,2,27,0,1,0
232189,3161,0.0,2.0,1.0,26,16,4,1,25,0,1,0
232922,4079,0.0,4.0,0.0,10,1,1,2,7,0,3,0
232941,2273,0.0,4.0,0.0,9,2,1,1,8,0,1,0
234577,2136,0.0,3.0,1.0,22,19,5,1,21,0,1,0
234977,402,0.0,6.0,0.0,18,8,1,4,17,0,1,0
235676,860,0.0,0.0,0.0,6,2,1,1,5,0,1,0
235695,1298,0.0,2.0,0.0,6,2,2,2,5,0,1,0
235946,2435,0.0,3.0,0.0,1,1,1,1,0,0,1,0
236177,1512,0.0,3.0,0.0,6,2,2,2,5,0,1,0
236318,3635,0.0,3.0,0.0,3,1,1,1,1,0,1,1
23693,4219,0.0,3.0,0.0,11,4,2,1,9,0,2,0
237264,1968,0.0,2.0,1.0,7,1,1,2,5,1,1,0
237576,1890,0.0,3.0,0.0,42,2,1,3,40,0,1,1
237748,4044,0.0,3.0,0.0,65,5,3,4,61,0,1,3
237912,594,0.0,3.0,1.0,1,1,1,1,0,0,1,0
237945,2565,0.0,6.0,0.0,2,1,1,1,1,0,1,0
238065,2454,0.0,3.0,1.0,3,1,1,1,2,0,1,0
238351,3912,0.0,4.0,1.0,8,3,2,1,6,0,2,0
238439,4744,0.0,0.0,0.0,4,1,1,1,3,0,1,0
238457,1559,0.0,2.0,0.0,16,5,3,4,15,0,1,0
238566,1393,0.0,3.0,1.0,1,1,1,1,0,0,1,0
238599,4044,0.0,3.0,0.0,12,4,2,2,10,0,2,0
238869,4731,0.0,0.0,0.0,1,1,1,1,0,0,1,0
238904,4170,0.0,3.0,0.0,4,1,1,1,2,0,2,0
239009,4042,0.0,3.0,0.0,4,1,1,1,3,0,1,0
239226,4394,0.0,3.0,0.0,10,1,1,1,7,0,2,1
239691,3350,0.0,4.0,0.0,23,3,1,2,22,0,1,0
239725,467,0.0,2.0,0.0,4,1,1,1,3,0,1,0
239813,4558,0.0,0.0,0.0,5,2,1,1,4,0,1,0
239922,594,0.0,4.0,1.0,2,1,1,1,1,0,1,0
240136,2175,0.0,2.0,0.0,20,8,2,1,18,0,2,0
240318,783,0.0,2.0,0.0,3,1,1,2,1,0,1,1
24045,4661,0.0,3.0,0.0,3,2,2,1,2,0,1,0
240595,120,0.0,4.0,0.0,3,1,1,1,2,0,1,0
240652,2128,0.0,0.0,0.0,8,6,5,3,6,0,2,0
240656,1393,0.0,4.0,0.0,4,1,1,1,3,0,1,0
241060,58,0.0,4.0,0.0,4,1,1,2,3,0,1,0
241210,1695,0.0,5.0,1.0,1,1,1,1,0,0,1,0
241494,3263,0.0,3.0,0.0,7,1,1,1,6,0,1,0
24164,2721,0.0,6.0,0.0,69,18,3,16,67,0,1,1
241876,2721,0.0,6.0,0.0,7,4,2,1,4,0,3,0
242541,4043,0.0,4.0,2.0,12,8,4,1,8,0,4,0
242631,2341,0.0,4.0,0.0,9,3,2,1,7,0,2,0
242672,4960,0.0,2.0,0.0,5,3,2,1,4,0,1,0
243275,2821,0.0,5.0,1.0,6,4,2,1,5,0,1,0
243452,4731,0.0,3.0,0.0,13,7,3,2,10,0,3,0
243584,4950,0.0,5.0,1.0,2,2,2,1,0,0,2,0
243588,611,0.0,0.0,0.0,11,1,1,1,10,0,1,0
24363,3856,0.0,0.0,0.0,1,1,1,1,0,0,1,0
243729,4647,0.0,2.0,0.0,3,1,1,1,2,0,1,0
244111,3408,1.0,4.0,0.0,8,2,1,1,6,0,1,1
244542,1353,0.0,0.0,0.0,2,1,1,1,1,0,1,0
244914,1016,0.0,6.0,0.0,9,3,1,2,7,0,1,1
245016,1494,0.0,0.0,1.0,6,2,2,1,5,0,1,0
245528,2459,0.0,3.0,0.0,7,3,1,2,6,0,1,0
245563,2790,0.0,0.0,1.0,10,2,1,2,8,0,2,0
245600,4527,0.0,2.0,1.0,2,1,1,1,1,0,1,0
245607,323,0.0,3.0,0.0,1,1,1,1,0,0,1,0
246011,3828,0.0,3.0,0.0,18,9,3,3,17,0,1,0
246380,3609,0.0,4.0,0.0,13,1,1,3,11,0,1,1
246398,729,0.0,5.0,0.0,4,2,1,1,3,0,1,0
246757,2149,0.0,0.0,0.0,3,1,1,1,1,0,1,1
246936,3538,0.0,3.0,1.0,4,3,3,1,0,0,4,0
24734,3889,0.0,0.0,0.0,3,2,1,1,2,0,1,0
247428,3891,0.0,4.0,0.0,4,1,1,1,3,0,1,0
248004,4976,0.0,2.0,1.0,2,1,1,1,1,0,1,0
248236,2036,0.0,4.0,1.0,1,1,1,1,0,0,1,0
248682,1102,0.0,3.0,0.0,23,10,6,5,20,0,3,0
248725,841,0.0,3.0,0.0,1,1,1,1,0,0,1,0
248884,437,0.0,3.0,0.0,22,13,3,2,21,0,1,0
249163,1067,0.0,6.0,1.0,5,3,1,3,4,0,1,0
249342,2760,0.0,2.0,0.0,8,1,1,2,7,0,1,0
249444,239,0.0,4.0,0.0,15,5,2,2,13,0,1,1
249464,4731,0.0,3.0,1.0,3,1,1,1,2,0,1,0
249528,1557,0.0,4.0,0.0,6,2,1,1,4,0,1,1
250287,2928,0.0,4.0,0.0,21,5,2,2,16,0,5,0
250887,3350,0.0,0.0,0.0,5,1,1,1,4,0,1,0
251161,2768,0.0,5.0,0.0,22,13,9,1,21,0,1,0
25137,2422,0.0,2.0,0.0,2,1,1,1,1,0,1,0
251585,4079,0.0,0.0,0.0,13,4,2,2,12,0,1,0
251984,3356,0.0,6.0,1.0,7,2,2,2,5,0,1,1
252021,4765,0.0,2.0,1.0,3,1,1,1,2,0,1,0
252112,2217,1.0,5.0,0.0,2,1,1,1,1,0,1,0
252137,3675,0.0,0.0,0.0,18,6,5,2,13,0,4,1
252173,3029,0.0,4.0,0.0,3,1,1,1,2,0,1,0
252690,4585,0.0,3.0,0.0,5,1,1,1,4,0,1,0
252793,3622,0.0,5.0,2.0,5,1,1,2,3,1,1,0
252828,3129,0.0,3.0,1.0,2,1,1,2,0,0,1,1
253065,3701,0.0,0.0,0.0,7,1,1,1,6,0,1,0
253210,3159,0.0,6.0,0.0,2,1,1,1,1,0,1,0
253746,4444,1.0,4.0,0.0,18,10,2,1,13,0,5,0
253758,1393,0.0,6.0,0.0,8,5,3,4,7,0,1,0
253783,598,0.0,0.0,1.0,11,3,1,2,10,0,1,0
253866,698,1.0,5.0,0.0,3,1,1,1,2,0,1,0
254273,4818,0.0,0.0,0.0,8,4,3,2,5,0,2,1
254287,1276,0.0,2.0,1.0,19,5,3,3,18,0,1,0
254595,608,0.0,0.0,0.0,24,5,3,2,21,0,2,1
254907,4427,0.0,2.0,1.0,1,1,1,1,0,0,1,0
25502,4458,0.0,0.0,1.0,5,1,1,1,4,0,1,0
255021,3609,0.0,3.0,1.0,7,2,1,3,6,0,1,0
255054,4871,0.0,4.0,1.0,5,2,2,2,4,0,1,0
25516,1393,0.0,3.0,0.0,33,30,9,6,32,0,1,0
255868,2102,0.0,2.0,1.0,8,3,2,1,5,0,3,0
256175,361,1.0,4.0,0.0,4,1,1,1,3,0,1,0
256341,129,0.0,5.0,0.0,6,1,1,2,4,0,1,1
25671,798,0.0,2.0,0.0,20,6,4,1,19,0,1,0
257415,3683,0.0,0.0,1.0,6,1,1,2,4,1,1,0
257477,3602,0.0,0.0,0.0,17,5,1,2,16,0,1,0
257529,1884,1.0,0.0,0.0,11,8,1,2,9,0,1,1
257598,4589,0.0,4.0,0.0,1,1,1,1,0,0,1,0
257823,4793,0.0,4.0,0.0,1,1,1,1,0,0,1,0
257885,4079,0.0,6.0,0.0,3,2,2,1,0,1,2,0
258170,2205,0.0,3.0,0.0,12,1,1,1,11,0,1,0
258205,606,0.0,3.0,0.0,13,8,6,3,12,0,1,0
25821,685,0.0,4.0,1.0,8,3,1,1,6,0,2,0
25828,2162,0.0,2.0,0.0,15,4,1,6,13,0,1,1
258402,3968,0.0,3.0,0.0,14,4,4,3,13,0,1,0
25849,2691,0.0,2.0,1.0,2,1,1,1,1,0,1,0
258524,4049,0.0,3.0,0.0,3,1,1,2,1,0,1,1
258893,1926,0.0,0.0,0.0,49,2,1,1,48,0,1,0
259846,2879,0.0,0.0,0.0,2,1,1,2,1,0,1,0
260777,3971,0.0,2.0,1.0,6,1,1,3,5,0,1,0
260921,1679,0.0,4.0,1.0,12,1,1,3,9,1,2,0
260976,594,0.0,0.0,0.0,2,1,1,1,1,0,1,0
261715,4847,0.0,3.0,0.0,19,11,3,4,17,0,1,1
262290,590,0.0,0.0,1.0,5,4,2,1,4,0,1,0
262464,1340,0.0,6.0,0.0,2,1,1,1,0,0,2,0
262799,1565,0.0,3.0,1.0,2,1,1,1,1,0,1,0
263527,1487,0.0,null,null,8,2,1,2,7,0,1,0
263971,4558,0.0,5.0,0.0,2,1,1,1,1,0,1,0
264040,1346,0.0,5.0,0.0,3,1,1,1,2,0,1,0
264083,2172,0.0,2.0,0.0,2,2,2,2,1,0,1,0
264320,1142,0.0,4.0,1.0,5,1,1,2,3,1,1,0
265460,2577,0.0,3.0,1.0,3,1,1,1,2,0,1,0
265735,4589,0.0,2.0,0.0,8,2,1,3,7,0,1,0
26585,1485,0.0,3.0,0.0,2,2,1,1,0,0,2,0
265866,1485,0.0,0.0,1.0,20,14,1,1,19,0,1,0
266094,4966,0.0,4.0,0.0,17,9,4,4,15,0,2,0
26618,2022,0.0,5.0,null,15,7,2,1,14,0,1,0
266605,1268,0.0,4.0,1.0,11,5,3,3,10,0,1,0
266783,1884,0.0,2.0,0.0,1,1,1,1,0,0,1,0
266812,590,0.0,3.0,1.0,9,5,1,1,8,0,1,0
267248,1892,0.0,2.0,0.0,6,2,2,1,4,0,1,1
267263,3971,0.0,2.0,1.0,3,2,1,1,2,0,1,0
267652,152,0.0,4.0,0.0,12,8,4,1,11,0,1,0
267818,415,0.0,3.0,0.0,5,2,2,1,4,0,1,0
268035,1102,0.0,6.0,0.0,63,38,17,6,59,0,1,3
26815,594,0.0,0.0,0.0,7,1,1,1,6,0,1,0
268687,951,0.0,4.0,0.0,3,1,1,1,2,0,1,0
268737,4793,0.0,null,null,2,1,1,1,1,0,1,0
269246,3143,0.0,0.0,1.0,11,5,1,1,9,0,2,0
269334,4957,0.0,4.0,0.0,14,4,2,2,11,0,3,0
269539,2031,0.0,4.0,1.0,2,1,1,1,1,0,1,0
269807,4705,0.0,2.0,0.0,4,1,1,1,3,0,1,0
27063,2571,0.0,0.0,1.0,6,2,2,1,5,0,1,0
270881,4351,0.0,3.0,0.0,11,3,3,2,8,0,2,1
270913,1890,0.0,4.0,0.0,8,3,1,3,4,0,1,3
271012,1090,0.0,0.0,null,4,1,1,2,3,0,1,0
271218,2397,0.0,4.0,0.0,14,5,2,2,12,0,2,0
271644,4044,1.0,2.0,0.0,18,9,4,1,17,0,1,0
271827,1861,0.0,3.0,0.0,5,2,1,1,4,0,1,0
271984,1890,0.0,3.0,0.0,6,2,2,2,4,0,1,1
27241,4585,0.0,5.0,1.0,2,1,1,1,1,0,1,0
272734,66,0.0,2.0,0.0,5,2,1,3,4,0,1,0
272789,4268,0.0,4.0,0.0,4,1,1,1,3,0,1,0
272977,3828,0.0,7.0,1.0,15,3,3,3,13,0,1,1
273103,474,0.0,4.0,1.0,5,2,1,1,4,0,1,0
273366,3828,0.0,5.0,0.0,29,23,12,9,27,0,1,1
273386,3291,0.0,3.0,0.0,2,1,1,1,1,0,1,0
273437,4170,0.0,5.0,0.0,7,3,1,2,6,0,1,0
273681,227,0.0,3.0,0.0,7,1,1,3,6,0,1,0
273704,2537,0.0,3.0,0.0,4,3,3,1,1,0,3,0
273908,1485,0.0,4.0,0.0,5,2,1,2,4,0,1,0
274196,685,0.0,0.0,0.0,18,7,2,2,17,0,1,0
274475,643,0.0,4.0,0.0,135,65,8,17,127,0,2,6
275062,121,1.0,6.0,0.0,80,40,5,1,76,0,4,0
275182,145,0.0,4.0,1.0,1,1,1,1,0,0,1,0
275276,4976,0.0,0.0,0.0,7,2,1,2,6,0,1,0
275463,2326,0.0,3.0,0.0,3,1,1,1,2,0,1,0
275669,1134,0.0,3.0,0.0,3,2,2,1,2,0,1,0
275900,1923,0.0,6.0,0.0,54,15,1,2,52,0,1,1
276102,4903,0.0,3.0,1.0,10,3,3,3,9,0,1,0
276311,191,0.0,6.0,0.0,12,11,3,1,11,0,1,0
276738,4687,0.0,0.0,0.0,2,1,1,2,1,0,1,0
276865,2821,0.0,5.0,2.0,7,2,1,2,6,0,1,0
277306,416,0.0,4.0,0.0,6,1,1,1,5,0,1,0
277358,3536,0.0,0.0,1.0,4,1,1,2,3,0,1,0
277410,4173,0.0,5.0,0.0,13,12,4,2,12,0,1,0
277709,1339,0.0,7.0,1.0,2,1,1,1,1,0,1,0
277770,3323,0.0,0.0,0.0,4,3,1,1,3,0,1,0
277781,3432,0.0,6.0,0.0,56,31,9,4,55,0,1,0
277862,4976,0.0,3.0,0.0,52,26,7,5,48,0,4,0
278235,66,0.0,2.0,0.0,11,1,1,3,9,0,1,1
278374,361,0.0,3.0,0.0,9,4,1,2,8,0,1,0
278424,2178,0.0,5.0,0.0,2,1,1,1,1,0,1,0
278439,1911,0.0,2.0,0.0,18,5,1,4,14,0,2,2
27857,2108,0.0,3.0,1.0,1,1,1,1,0,0,1,0
278918,2318,0.0,0.0,0.0,7,2,1,1,6,0,1,0
279777,3323,1.0,4.0,0.0,9,2,1,1,8,0,1,0
279800,4564,0.0,5.0,0.0,2,1,1,2,1,0,1,0
280236,416,0.0,6.0,0.0,5,2,1,3,3,0,1,1
280420,3230,0.0,3.0,1.0,1,1,1,1,0,0,1,0
280740,4129,0.0,0.0,0.0,48,37,7,5,47,0,1,0
280872,110,0.0,6.0,0.0,5,1,1,1,4,0,1,0
28089,2669,0.0,3.0,0.0,11,7,2,2,10,0,1,0
280895,1530,0.0,2.0,1.0,3,1,1,1,2,0,1,0
281167,3073,0.0,2.0,1.0,3,1,1,1,1,0,2,0
281488,4420,0.0,4.0,0.0,5,2,2,1,4,0,1,0
281538,3291,0.0,3.0,1.0,1,1,1,1,0,0,1,0
281973,3841,0.0,6.0,0.0,8,4,1,1,7,0,1,0
282123,1399,0.0,5.0,1.0,1,1,1,1,0,0,1,0
282331,2954,0.0,4.0,0.0,5,1,1,2,3,0,1,1
282538,3444,0.0,2.0,0.0,10,1,1,4,9,0,1,0
282690,4044,0.0,3.0,0.0,20,14,3,1,19,0,1,0
282736,4086,0.0,3.0,0.0,6,1,1,2,4,0,1,1
283087,2709,0.0,4.0,0.0,2,1,1,1,1,0,1,0
283230,4044,0.0,3.0,0.0,120,53,14,14,110,0,1,9
283646,415,0.0,6.0,0.0,2,1,1,1,1,0,1,0
284261,3955,0.0,7.0,2.0,10,2,1,3,8,0,1,1
284702,1150,0.0,5.0,1.0,5,1,1,1,3,0,2,0
284811,1472,0.0,0.0,0.0,22,6,1,2,16,0,1,5
284857,1708,0.0,2.0,0.0,13,3,1,2,11,0,1,1
284873,3803,0.0,6.0,0.0,5,1,1,1,4,0,1,0
285063,4079,0.0,3.0,0.0,1,1,1,1,0,0,1,0
285984,2435,0.0,0.0,2.0,2,1,1,1,0,0,1,1
286048,1272,0.0,2.0,0.0,9,3,1,1,8,0,1,0
286058,3173,0.0,0.0,0.0,15,6,2,2,10,0,5,0
28664,3057,0.0,3.0,0.0,7,5,3,2,5,0,1,1
286713,360,0.0,4.0,0.0,2,1,1,1,1,0,1,0
286766,951,0.0,3.0,1.0,2,1,1,1,1,0,1,0
287083,2664,0.0,6.0,1.0,4,2,1,2,2,0,2,0
287382,4760,0.0,5.0,0.0,6,3,1,1,4,0,1,1
287727,4173,0.0,3.0,0.0,18,6,5,4,17,0,1,0
287758,4475,0.0,3.0,0.0,8,3,1,2,5,0,2,1
287976,1916,0.0,4.0,0.0,32,10,1,1,29,0,3,0
288090,3339,0.0,0.0,0.0,14,7,2,2,13,0,1,0
288338,4616,0.0,3.0,0.0,18,6,2,5,13,2,1,2
288385,4949,0.0,3.0,0.0,1,1,1,1,0,0,1,0
288757,4850,1.0,0.0,0.0,16,10,6,1,15,0,1,0
288936,503,0.0,4.0,0.0,5,2,1,1,4,0,1,0
289005,2173,0.0,6.0,0.0,7,2,1,4,6,0,1,0
289176,3080,0.0,2.0,1.0,4,2,2,1,2,0,2,0
289433,4079,0.0,0.0,0.0,5,2,1,1,4,0,1,0
290158,3734,0.0,0.0,1.0,10,7,3,1,8,0,2,0
29083,4256,1.0,4.0,0.0,9,4,3,2,8,0,1,0
29093,3323,1.0,0.0,0.0,9,4,1,1,8,0,1,0
291433,2459,0.0,5.0,0.0,1,1,1,1,0,0,1,0
291434,323,0.0,0.0,0.0,8,2,1,1,6,0,2,0
291466,1895,0.0,4.0,0.0,22,9,7,2,19,0,3,0
291724,1679,0.0,4.0,0.0,17,10,3,2,16,0,1,0
291940,1592,0.0,3.0,0.0,2,1,1,1,1,0,1,0
292236,1487,0.0,4.0,0.0,2,1,1,1,1,0,1,0
292358,2134,0.0,5.0,0.0,21,4,2,4,18,0,1,2
292530,4048,0.0,3.0,0.0,4,3,1,1,3,0,1,0
29284,2680,0.0,3.0,0.0,8,1,1,4,6,0,1,1
292868,1359,0.0,4.0,0.0,3,1,1,1,2,0,1,0
293094,3929,0.0,2.0,0.0,4,1,1,2,3,0,1,0
293306,4578,0.0,3.0,1.0,8,1,1,3,7,0,1,0
293407,1708,0.0,2.0,0.0,2,1,1,2,0,0,1,1
293965,3623,0.0,3.0,0.0,26,13,3,4,23,0,2,1
294204,4976,0.0,3.0,0.0,8,3,2,3,7,0,1,0
294548,3015,0.0,2.0,0.0,4,1,1,1,3,0,1,0
29468,4762,0.0,4.0,0.0,3,1,1,1,2,0,1,0
294856,2791,0.0,0.0,1.0,14,8,2,1,12,0,2,0
295006,4585,0.0,3.0,0.0,29,9,4,2,27,0,2,0
295131,2669,0.0,8.0,0.0,25,10,4,5,24,0,1,0
295202,946,0.0,4.0,0.0,49,23,4,9,42,0,2,5
295520,311,0.0,3.0,1.0,11,6,2,1,10,0,1,0
295786,1602,0.0,2.0,0.0,3,2,1,2,2,0,1,0
296024,794,0.0,3.0,1.0,26,8,1,3,22,0,1,3
296087,1500,0.0,6.0,0.0,12,3,2,1,10,0,2,0
296159,4050,0.0,3.0,1.0,3,1,1,1,2,0,1,0
296171,742,0.0,2.0,0.0,4,1,1,1,2,0,1,1
296201,4560,0.0,2.0,0.0,8,5,3,1,7,0,1,0
29631,3350,0.0,6.0,0.0,4,1,1,1,3,0,1,0
296551,4346,0.0,2.0,1.0,13,4,2,2,12,0,1,0
296941,2124,0.0,0.0,0.0,328,50,2,45,323,0,3,2
296992,3822,0.0,0.0,0.0,8,3,2,2,7,0,1,0
297102,1719,0.0,0.0,0.0,4,1,1,1,3,0,1,0
297473,2232,0.0,4.0,1.0,1,1,1,1,0,0,1,0
298019,4394,0.0,3.0,0.0,11,6,1,1,10,0,1,0
298546,598,1.0,2.0,1.0,9,2,2,2,8,0,1,0
298902,4171,0.0,3.0,0.0,15,4,1,2,8,0,7,0
299039,3687,0.0,4.0,0.0,5,1,1,2,4,0,1,0
299559,4600,0.0,4.0,0.0,4,2,2,1,3,0,1,0
299613,3288,0.0,0.0,0.0,6,2,2,2,4,0,1,1
299699,3968,0.0,3.0,0.0,3,1,1,1,2,0,1,0
299966,63,0.0,3.0,0.0,2,1,1,2,0,0,1,1
300062,2108,0.0,0.0,0.0,5,1,1,1,4,0,1,0
300103,2808,0.0,3.0,0.0,2,1,1,1,1,0,1,0
301755,4358,0.0,4.0,0.0,2,1,1,1,1,0,1,0
301857,962,0.0,4.0,0.0,3,3,1,1,1,0,2,0
30248,2459,1.0,6.0,0.0,22,11,4,3,21,0,1,0
302547,4718,0.0,3.0,1.0,7,2,2,3,6,0,1,0
30298,2642,0.0,3.0,1.0,6,1,1,2,5,0,1,0
303291,4043,0.0,3.0,0.0,9,2,2,3,7,0,1,1
303449,1090,0.0,3.0,0.0,11,5,1,2,10,0,1,0
303663,2217,0.0,0.0,0.0,3,2,2,2,2,0,1,0
303751,4048,0.0,7.0,0.0,12,3,1,1,8,0,1,3
304111,4265,0.0,3.0,0.0,22,15,6,5,21,0,1,0
304940,2440,0.0,0.0,0.0,4,2,2,2,3,0,1,0
304941,2795,0.0,4.0,1.0,6,1,1,2,5,0,1,0
305044,2284,0.0,3.0,1.0,9,2,1,1,8,0,1,0
305067,2278,0.0,4.0,0.0,2,2,2,1,0,0,2,0
305243,190,0.0,4.0,1.0,3,1,1,1,2,0,1,0
305580,3288,0.0,0.0,0.0,2,1,1,1,1,0,1,0
305648,3545,0.0,6.0,1.0,6,3,1,1,5,0,1,0
305929,4173,0.0,0.0,0.0,10,7,4,2,9,0,1,0
306002,3005,0.0,5.0,0.0,8,5,3,2,7,0,1,0
306581,1840,0.0,5.0,1.0,8,3,3,2,3,0,5,0
306633,3609,0.0,5.0,0.0,2,1,1,1,1,0,1,0
306843,1310,0.0,2.0,0.0,48,25,11,4,42,0,4,2
307060,949,0.0,6.0,0.0,10,6,2,3,8,0,1,1
307586,4976,0.0,3.0,0.0,50,23,5,5,43,5,2,0
307771,98,0.0,0.0,0.0,22,13,7,1,21,0,1,0
308075,3955,0.0,2.0,0.0,2,2,1,1,0,0,2,0
308386,1875,0.0,5.0,1.0,1,1,1,1,0,0,1,0
308469,2768,0.0,3.0,0.0,17,15,7,1,16,0,1,0
308526,608,0.0,0.0,0.0,18,6,2,2,15,0,2,1
308719,3965,0.0,2.0,0.0,6,3,1,2,5,0,1,0
308739,4708,0.0,4.0,0.0,14,6,6,3,11,0,1,2
308816,437,0.0,4.0,0.0,1,1,1,1,0,0,1,0
309548,4090,0.0,3.0,0.0,4,3,1,1,3,0,1,0
30956,4678,0.0,6.0,0.0,6,2,2,2,4,0,1,1
310158,786,0.0,2.0,0.0,13,4,2,3,12,0,1,0
310327,481,0.0,4.0,0.0,2,1,1,2,1,0,1,0
310619,2278,1.0,5.0,1.0,1,1,1,1,0,0,1,0
310847,962,0.0,0.0,1.0,2,1,1,1,1,0,1,0
310866,1827,0.0,4.0,0.0,3,1,1,1,2,0,1,0
311172,4256,0.0,0.0,0.0,4,1,1,1,3,0,1,0
311963,3954,0.0,2.0,1.0,8,1,1,2,6,0,2,0
31218,4864,0.0,0.0,null,15,6,2,5,12,0,3,0
312466,1536,0.0,0.0,0.0,38,16,8,4,27,0,10,1
312976,4079,0.0,4.0,0.0,4,1,1,1,3,0,1,0
31302,2138,0.0,2.0,0.0,5,2,2,1,4,0,1,0
313115,1495,1.0,5.0,0.0,3,1,1,1,1,0,2,0
31317,2755,0.0,0.0,0.0,1,1,1,1,0,0,1,0
313277,63,0.0,2.0,0.0,8,3,1,1,7,0,1,0
313312,2537,0.0,0.0,0.0,10,2,1,2,8,0,1,1
313816,63,0.0,0.0,0.0,1,1,1,1,0,0,1,0
314132,1760,0.0,0.0,0.0,3,2,1,1,2,0,1,0
315007,1618,0.0,3.0,0.0,17,3,3,8,16,0,1,0
315019,1346,0.0,3.0,1.0,3,2,1,1,2,0,1,0
315020,1270,0.0,3.0,1.0,1,1,1,1,0,0,1,0
315150,1808,0.0,0.0,0.0,1,1,1,1,0,0,1,0
315426,1725,0.0,4.0,0.0,1,1,1,1,0,0,1,0
316048,1056,0.0,4.0,0.0,2,2,2,2,1,0,1,0
316078,326,0.0,0.0,0.0,7,1,1,4,6,0,1,0
316310,3844,0.0,5.0,0.0,10,3,1,1,9,0,1,0
316442,314,0.0,2.0,1.0,5,1,1,1,3,0,1,1
316779,4949,0.0,5.0,2.0,65,44,6,8,60,0,2,3
317029,4079,0.0,6.0,0.0,1,1,1,1,0,0,1,0
317120,826,0.0,6.0,1.0,12,4,3,1,11,0,1,0
317187,4044,0.0,2.0,0.0,39,20,6,3,37,0,1,1
317483,1223,0.0,4.0,0.0,4,1,1,1,3,0,1,0
31781,246,0.0,6.0,0.0,4,1,1,1,3,0,1,0
318605,3940,0.0,2.0,0.0,1,1,1,1,0,0,1,0
31892,3835,0.0,5.0,0.0,10,2,2,2,8,1,1,0
318932,4043,0.0,0.0,0.0,12,5,5,1,7,0,5,0
319058,1056,0.0,2.0,0.0,17,8,5,1,15,0,2,0
319281,2099,0.0,3.0,0.0,16,5,5,2,13,2,1,0
319518,4026,0.0,5.0,0.0,4,2,2,1,2,0,2,0
320339,2453,0.0,2.0,1.0,1,1,1,1,0,0,1,0
320412,3085,0.0,4.0,1.0,1,1,1,1,0,0,1,0
320516,1999,0.0,3.0,0.0,2,1,1,2,0,0,1,1
320871,3623,1.0,0.0,0.0,10,1,1,3,9,0,1,0
320930,2173,0.0,3.0,1.0,3,2,1,2,2,0,1,0
320937,3014,0.0,3.0,0.0,4,1,1,1,3,0,1,0
321158,3941,0.0,2.0,0.0,22,1,1,2,20,0,2,0
321294,3473,0.0,4.0,0.0,5,1,1,1,4,0,1,0
321684,3291,0.0,0.0,0.0,2,1,1,1,1,0,1,0
321876,586,0.0,4.0,0.0,24,14,3,3,23,0,1,0
322409,1489,0.0,3.0,1.0,3,1,1,1,2,0,1,0
322567,2709,0.0,4.0,1.0,2,1,1,1,1,0,1,0
322720,3806,0.0,3.0,0.0,6,1,1,1,5,0,1,0
323351,3965,0.0,2.0,0.0,11,4,1,2,8,0,1,2
323700,358,0.0,5.0,0.0,4,1,1,1,2,0,2,0
323833,4048,0.0,4.0,0.0,4,1,1,2,3,0,1,0
32391,4727,0.0,3.0,0.0,11,4,1,2,10,0,1,0
32401,2138,0.0,4.0,0.0,15,7,6,3,14,0,1,0
324197,1833,0.0,4.0,1.0,14,5,1,2,13,0,1,0
324862,302,0.0,6.0,0.0,10,3,1,1,7,0,3,0
325527,3734,0.0,3.0,1.0,6,1,1,3,5,0,1,0
326489,3753,0.0,3.0,1.0,3,1,1,1,2,0,1,0
326756,2321,0.0,4.0,2.0,11,4,3,1,9,0,2,0
327043,474,0.0,4.0,1.0,3,1,1,1,2,0,1,0
327338,1833,0.0,6.0,0.0,68,20,1,3,66,0,2,0
327356,4871,0.0,2.0,1.0,4,1,1,1,3,0,1,0
327561,3484,0.0,5.0,0.0,6,1,1,1,5,0,1,0
328192,4306,0.0,2.0,0.0,4,1,1,1,3,0,1,0
328676,4504,0.0,3.0,0.0,16,9,1,2,15,0,1,0
328864,2450,1.0,3.0,0.0,6,1,1,1,5,0,1,0
329278,855,0.0,0.0,1.0,3,1,1,2,2,0,1,0
329604,3826,0.0,4.0,1.0,3,1,1,1,2,0,1,0
329640,1246,0.0,0.0,0.0,3,2,1,1,1,0,2,0
329669,3245,1.0,3.0,1.0,3,2,1,1,0,0,1,2
329701,747,0.0,2.0,0.0,12,5,1,3,10,0,1,1
330836,798,0.0,6.0,0.0,2,1,1,1,1,0,1,0
331862,4950,0.0,5.0,1.0,3,2,1,1,1,0,2,0
331992,3376,0.0,6.0,1.0,5,2,1,1,4,0,1,0
33218,602,0.0,5.0,0.0,2,2,1,2,0,0,1,1
332615,311,0.0,0.0,1.0,5,1,1,1,4,0,1,0
332855,2372,0.0,4.0,0.0,18,12,5,1,17,0,1,0
333406,3073,0.0,2.0,1.0,5,1,1,2,4,0,1,0
333540,2217,0.0,2.0,0.0,12,1,1,2,10,0,1,1
334528,2273,0.0,3.0,1.0,6,1,1,2,4,0,1,1
334560,1840,0.0,6.0,0.0,5,4,2,1,4,0,1,0
334932,1512,0.0,6.0,0.0,11,4,1,2,10,0,1,0
335180,1495,0.0,6.0,0.0,3,1,1,1,2,0,1,0
335273,1111,0.0,0.0,1.0,9,1,1,1,7,1,1,0
335810,1748,0.0,3.0,2.0,6,1,1,2,5,0,1,0
33585,1487,0.0,3.0,0.0,12,2,1,6,9,0,1,2
336343,2936,0.0,0.0,0.0,7,4,1,3,5,0,2,0
336546,1875,1.0,4.0,1.0,15,8,3,1,14,0,1,0
337482,1075,0.0,3.0,1.0,4,1,1,1,3,0,1,0
337769,1724,0.0,3.0,1.0,18,5,2,2,16,1,1,0
337829,2278,0.0,3.0,0.0,10,2,1,3,7,0,2,1
33787,4966,0.0,4.0,0.0,7,2,2,3,6,0,1,0
338095,4744,0.0,3.0,0.0,55,29,4,2,50,0,5,0
338440,2273,0.0,4.0,0.0,6,2,1,1,5,0,1,0
338463,532,0.0,0.0,1.0,6,2,1,1,5,0,1,0
339471,3329,0.0,4.0,0.0,2,1,1,1,1,0,1,0
339570,2283,0.0,0.0,0.0,8,6,2,4,5,0,1,2
340137,4659,0.0,3.0,0.0,1,1,1,1,0,0,1,0
340548,4864,0.0,2.0,0.0,10,2,1,2,8,0,1,1
34146,3984,0.0,6.0,0.0,27,17,5,2,26,0,1,0
342074,1816,0.0,2.0,1.0,3,1,1,1,2,0,1,0
342116,3351,0.0,3.0,0.0,3,1,1,1,2,0,1,0
34314,3472,0.0,6.0,0.0,6,2,1,4,5,0,1,0
343320,4129,0.0,0.0,0.0,18,9,2,2,14,0,4,0
343529,4425,0.0,0.0,0.0,8,2,1,3,6,0,1,1
343768,598,0.0,6.0,0.0,9,3,1,4,7,0,1,1
34388,1031,0.0,6.0,0.0,24,4,1,2,23,0,1,0
343956,1963,0.0,5.0,0.0,10,6,3,3,9,0,1,0
344970,472,0.0,2.0,0.0,5,1,1,1,3,0,2,0
345038,4173,0.0,4.0,1.0,233,33,9,5,229,0,4,0
345248,2138,0.0,6.0,0.0,9,3,3,2,6,0,3,0
345323,4157,0.0,2.0,1.0,11,1,1,3,10,0,1,0
345729,429,0.0,4.0,1.0,10,1,1,4,8,0,1,1
346357,4183,0.0,6.0,0.0,10,4,1,1,9,0,1,0
346413,1890,0.0,3.0,0.0,15,4,2,2,13,0,1,1
346522,3734,0.0,null,null,27,8,5,2,21,3,3,0
346780,4745,0.0,6.0,1.0,8,2,1,1,6,0,2,0
346893,1679,0.0,0.0,0.0,23,15,5,3,21,0,2,0
34755,2799,0.0,4.0,1.0,5,4,2,2,3,0,2,0
347559,598,0.0,2.0,1.0,24,14,2,3,23,0,1,0
347661,2891,0.0,4.0,2.0,9,3,1,1,7,0,2,0
347733,798,0.0,5.0,0.0,1,1,1,1,0,0,1,0
348096,1429,0.0,5.0,1.0,4,1,1,1,2,0,2,0
34821,66,0.0,0.0,0.0,2,1,1,1,1,0,1,0
348526,145,0.0,0.0,1.0,2,1,1,1,1,0,1,0
348632,1679,0.0,3.0,0.0,2,2,2,1,0,0,2,0
349475,4605,0.0,0.0,0.0,6,6,5,2,4,0,2,0
349600,1031,0.0,4.0,0.0,2,1,1,1,1,0,1,0
349636,1102,0.0,4.0,1.0,10,4,1,3,8,0,1,1
349749,4760,0.0,0.0,1.0,4,1,1,2,3,0,1,0
349967,4026,0.0,3.0,0.0,2,1,1,1,0,0,1,1
35035,2128,0.0,3.0,0.0,2,1,1,2,1,0,1,0
350568,1356,0.0,7.0,1.0,11,2,1,1,10,0,1,0
350604,3541,0.0,0.0,1.0,3,2,1,1,2,0,1,0
351034,4491,0.0,5.0,0.0,4,1,1,1,3,0,1,0
351124,4170,0.0,4.0,1.0,1,1,1,1,0,0,1,0
351505,2545,0.0,3.0,1.0,2,1,1,1,1,0,1,0
351902,3734,0.0,3.0,0.0,5,2,2,2,4,0,1,0
351905,534,0.0,5.0,0.0,6,2,1,2,5,0,1,0
352179,2047,0.0,4.0,0.0,2,2,2,1,0,0,2,0
352217,2799,0.0,6.0,0.0,5,1,1,1,4,0,1,0
352451,4248,0.0,0.0,0.0,1,1,1,1,0,0,1,0
3525,643,0.0,2.0,1.0,6,4,2,1,5,0,1,0
352548,4044,1.0,0.0,0.0,30,22,6,2,29,0,1,0
352732,3990,0.0,5.0,0.0,7,4,2,1,6,0,1,0
352914,1200,0.0,4.0,1.0,5,1,1,3,4,0,1,0
353206,4120,0.0,5.0,0.0,8,2,2,2,7,0,1,0
353449,1416,0.0,3.0,0.0,7,2,2,1,6,0,1,0
353670,786,0.0,2.0,0.0,12,7,3,1,11,0,1,0
353734,1423,0.0,6.0,0.0,1,1,1,1,0,0,1,0
353749,2448,1.0,5.0,1.0,5,4,2,3,4,0,1,0
353863,3269,0.0,3.0,0.0,5,2,2,1,4,0,1,0
354122,3484,0.0,5.0,1.0,2,1,1,1,1,0,1,0
354157,2609,0.0,2.0,0.0,5,1,1,1,3,0,2,0
354288,1761,0.0,0.0,0.0,5,1,1,2,3,0,1,1
354301,3578,0.0,8.0,0.0,9,6,2,3,7,0,1,1
354589,293,0.0,4.0,0.0,4,1,1,2,3,0,1,0
354808,2883,0.0,5.0,0.0,13,7,2,3,12,0,1,0
355309,3171,0.0,3.0,0.0,3,1,1,1,2,0,1,0
355457,1429,0.0,5.0,1.0,5,3,1,2,3,0,2,0
355585,3828,0.0,0.0,2.0,3,2,2,2,1,0,1,1
355767,1393,0.0,3.0,0.0,86,52,15,4,76,0,1,9
355958,4585,1.0,4.0,1.0,1,1,1,1,0,0,1,0
355974,2141,0.0,0.0,1.0,8,1,1,4,7,0,1,0
356626,1095,0.0,3.0,1.0,3,1,1,1,2,0,1,0
356672,4794,0.0,5.0,0.0,4,1,1,1,2,0,2,0
356774,1968,0.0,2.0,0.0,3,1,1,1,1,0,1,1
356882,3614,1.0,3.0,0.0,11,6,4,1,10,0,1,0
357098,1487,0.0,3.0,1.0,12,4,2,2,11,0,1,0
357108,1340,0.0,0.0,0.0,43,25,4,4,40,0,3,0
357391,2872,0.0,4.0,0.0,3,1,1,1,2,0,1,0
357617,2482,1.0,6.0,2.0,5,3,2,2,4,0,1,0
358005,1447,0.0,5.0,0.0,2,1,1,1,1,0,1,0
358034,4048,1.0,3.0,2.0,2,1,1,1,1,0,1,0
358931,4760,0.0,2.0,0.0,12,1,1,3,11,0,1,0
359690,3205,0.0,5.0,0.0,11,8,2,1,2,0,1,8
35994,4976,0.0,4.0,0.0,2,2,2,2,0,0,1,1
359943,121,0.0,3.0,0.0,44,23,5,3,41,0,1,2
359989,1833,0.0,3.0,2.0,10,2,1,1,8,0,2,0
360216,2545,1.0,2.0,1.0,76,18,7,5,67,0,2,7
36039,4976,0.0,3.0,0.0,17,6,3,3,13,0,1,3
360950,4458,1.0,3.0,0.0,9,5,1,3,4,0,2,3
361160,2608,0.0,3.0,0.0,4,1,1,1,3,0,1,0
361565,148,0.0,3.0,0.0,5,3,3,1,4,0,1,0
361571,1472,0.0,7.0,0.0,3,1,1,1,2,0,1,0
361863,2238,0.0,3.0,0.0,7,4,4,1,6,0,1,0
361945,669,0.0,4.0,1.0,4,2,1,1,3,0,1,0
362082,2175,0.0,0.0,0.0,8,3,2,2,7,0,1,0
362361,1272,0.0,6.0,0.0,63,40,9,10,62,0,1,0
36258,1585,0.0,0.0,0.0,7,3,2,1,6,0,1,0
363522,4043,0.0,2.0,0.0,7,4,3,3,6,0,1,0
364278,1487,0.0,0.0,0.0,10,4,1,1,9,0,1,0
364302,3191,0.0,3.0,0.0,9,2,1,1,8,0,1,0
364391,1272,0.0,2.0,0.0,15,6,3,2,14,0,1,0
365562,2309,0.0,7.0,0.0,5,1,1,2,3,0,1,1
365743,3462,0.0,4.0,0.0,6,2,1,1,5,0,1,0
365868,1056,0.0,0.0,0.0,5,2,2,2,4,0,1,0
365998,4171,0.0,5.0,0.0,7,1,1,1,1,0,6,0
366013,2397,1.0,0.0,0.0,4,1,1,1,2,0,2,0
366621,4960,0.0,5.0,0.0,1,1,1,1,0,0,1,0
366715,4049,0.0,4.0,1.0,2,1,1,1,1,0,1,0
3671,2721,0.0,4.0,1.0,4,2,1,1,3,0,1,0
367153,2629,0.0,5.0,0.0,5,1,1,2,3,0,1,1
36721,4044,0.0,3.0,0.0,23,7,2,5,17,0,1,5
367394,1050,0.0,0.0,0.0,4,1,1,1,2,0,2,0
369161,3734,0.0,3.0,0.0,5,2,1,2,4,0,1,0
369895,1327,0.0,3.0,0.0,35,9,4,1,33,0,1,1
370141,2320,0.0,0.0,0.0,1,1,1,1,0,0,1,0
370315,4171,0.0,6.0,0.0,6,2,1,1,4,0,2,0
370874,3734,0.0,8.0,0.0,4,1,1,1,2,0,1,1
371550,2403,0.0,0.0,0.0,34,20,2,2,33,0,1,0
371755,2916,0.0,4.0,0.0,2,1,1,1,1,0,1,0
372090,3898,0.0,0.0,0.0,5,1,1,1,4,0,1,0
372111,1499,0.0,5.0,0.0,1,1,1,1,0,0,1,0
372719,4539,0.0,0.0,0.0,8,1,1,1,7,0,1,0
373218,4985,0.0,6.0,0.0,19,11,3,1,18,0,1,0
373415,4394,0.0,2.0,0.0,2,1,1,1,1,0,1,0
374118,3472,0.0,4.0,1.0,14,6,3,2,11,0,3,0
374646,1721,0.0,3.0,0.0,17,6,2,4,16,0,1,0
37510,4605,1.0,2.0,0.0,2,2,2,1,0,0,2,0
37527,2810,0.0,3.0,1.0,6,1,1,1,5,0,1,0
375379,1501,0.0,0.0,0.0,6,2,2,2,5,0,1,0
375752,4658,0.0,0.0,0.0,3,1,1,1,2,0,1,0
375838,3954,0.0,2.0,0.0,4,1,1,1,3,0,1,0
375862,4659,0.0,0.0,0.0,3,2,1,1,2,0,1,0
375960,798,0.0,3.0,0.0,6,3,3,2,5,0,1,0
375968,4450,0.0,5.0,0.0,9,5,3,2,7,0,1,1
376080,4371,0.0,7.0,1.0,4,1,1,1,3,0,1,0
376147,2282,0.0,3.0,0.0,2,1,1,1,1,0,1,0
376326,3168,0.0,3.0,0.0,12,1,1,5,11,0,1,0
376502,4427,0.0,2.0,1.0,49,22,5,3,45,0,2,2
377508,4864,0.0,0.0,1.0,2,1,1,2,1,0,1,0
378486,1013,0.0,0.0,0.0,8,2,1,1,7,0,1,0
378808,3828,0.0,3.0,0.0,16,11,5,4,14,0,2,0
378953,3473,0.0,4.0,0.0,19,5,2,4,15,0,1,3
379070,1203,0.0,0.0,0.0,4,1,1,2,3,0,1,0
379117,643,1.0,4.0,0.0,2,1,1,2,1,0,1,0
379242,1944,0.0,6.0,1.0,1,1,1,1,0,0,1,0
379391,3105,0.0,2.0,0.0,3,1,1,1,2,0,1,0
379657,4659,0.0,3.0,0.0,4,3,3,2,0,0,3,1
380107,2204,0.0,2.0,0.0,1,1,1,1,0,0,1,0
380150,4540,0.0,3.0,1.0,2,1,1,1,1,0,1,0
380169,1411,0.0,3.0,1.0,5,1,1,1,1,0,4,0
380271,4955,0.0,3.0,0.0,1,1,1,1,0,0,1,0
3804,803,0.0,3.0,0.0,2,2,2,1,0,0,2,0
380534,4512,1.0,4.0,1.0,9,3,1,2,8,0,1,0
381253,4358,0.0,4.0,0.0,12,3,1,2,10,0,2,0
381336,3191,0.0,3.0,0.0,5,1,1,1,4,0,1,0
381929,4173,0.0,0.0,0.0,16,6,2,1,15,0,1,0
382064,4173,0.0,3.0,2.0,5,2,1,3,2,0,1,2
38225,4493,0.0,2.0,0.0,2,1,1,1,1,0,1,0
384531,1262,0.0,4.0,1.0,2,1,1,1,1,0,1,0
384817,3288,0.0,6.0,0.0,3,1,1,1,2,0,1,0
385220,4170,0.0,0.0,0.0,5,1,1,1,4,0,1,0
385504,522,0.0,2.0,1.0,7,2,1,1,6,0,1,0
385695,3159,0.0,2.0,0.0,4,2,1,1,3,0,1,0
386050,682,0.0,2.0,0.0,7,3,2,4,5,0,1,1
386734,2318,0.0,6.0,1.0,18,6,3,3,16,0,1,1
386791,4287,0.0,3.0,2.0,25,6,3,3,15,0,3,7
387009,1126,0.0,2.0,0.0,21,9,6,3,19,0,2,0
387492,3022,0.0,0.0,0.0,4,1,1,1,3,0,1,0
388123,2066,0.0,2.0,0.0,4,1,1,1,3,0,1,0
388599,1166,0.0,2.0,1.0,37,3,1,2,36,0,1,0
38882,2273,0.0,0.0,0.0,4,2,1,2,3,0,1,0
389224,2397,0.0,2.0,0.0,3,1,1,1,2,0,1,0
389923,4678,0.0,0.0,0.0,6,1,1,1,5,0,1,0
390123,4775,0.0,0.0,0.0,2,1,1,1,1,0,1,0
390156,1557,0.0,7.0,0.0,6,1,1,2,4,0,2,0
390156,4198,0.0,7.0,0.0,14,6,1,1,12,0,2,0
39022,1963,0.0,3.0,0.0,11,2,1,1,10,0,1,0
390467,3022,0.0,0.0,1.0,11,7,1,1,10,0,1,0
390498,4052,0.0,3.0,0.0,1,1,1,1,0,0,1,0
390976,3205,0.0,2.0,0.0,4,3,1,1,3,0,1,0
391358,2173,0.0,6.0,0.0,48,14,1,2,38,0,9,1
3914,255,0.0,3.0,0.0,4,2,1,2,3,0,1,0
391532,2985,0.0,7.0,0.0,13,1,1,1,11,0,2,0
391757,2592,0.0,0.0,1.0,1,1,1,1,0,0,1,0
391813,3826,0.0,4.0,1.0,1,1,1,1,0,0,1,0
392161,4173,0.0,0.0,0.0,6,3,3,1,5,0,1,0
392682,4960,0.0,3.0,0.0,7,1,1,2,6,0,1,0
392781,4043,1.0,3.0,0.0,14,7,4,3,11,0,3,0
39297,4940,0.0,7.0,0.0,10,2,1,1,9,0,1,0
393044,2915,0.0,0.0,0.0,19,4,1,2,17,0,2,0
393105,2459,0.0,3.0,0.0,25,7,3,5,24,0,1,0
393565,2318,0.0,2.0,1.0,1,1,1,1,0,0,1,0
39358,2795,0.0,3.0,0.0,3,2,1,1,2,0,1,0
39398,1487,0.0,4.0,0.0,3,1,1,1,2,0,1,0
394212,2278,0.0,0.0,0.0,5,1,1,1,4,0,1,0
39537,2699,0.0,0.0,0.0,3,1,1,1,2,0,1,0
39554,4750,0.0,4.0,0.0,7,1,1,3,6,0,1,0
395791,4718,0.0,6.0,1.0,3,2,1,1,2,0,1,0
396176,323,0.0,6.0,0.0,16,5,1,3,14,0,2,0
396342,569,0.0,2.0,1.0,1,1,1,1,0,0,1,0
396555,1356,0.0,3.0,0.0,6,1,1,1,4,0,1,1
397565,1667,1.0,6.0,0.0,1,1,1,1,0,0,1,0
39758,1659,0.0,6.0,1.0,4,3,1,2,2,0,2,0
397663,2102,0.0,0.0,0.0,2,2,1,1,0,0,2,0
398087,3578,0.0,4.0,0.0,34,10,2,2,33,0,1,0
398273,4040,0.0,7.0,0.0,3,1,1,1,2,0,1,0
398365,3912,0.0,6.0,1.0,9,2,2,2,6,0,3,0
398395,1013,0.0,0.0,0.0,12,5,2,2,10,0,1,1
398665,2821,0.0,5.0,0.0,12,6,1,1,11,0,1,0
399393,3862,0.0,2.0,0.0,2,1,1,1,1,0,1,0
399536,1884,0.0,2.0,1.0,3,1,1,1,2,0,1,0
399615,4444,0.0,4.0,1.0,22,12,3,3,20,0,2,0
399955,2664,0.0,3.0,0.0,16,5,1,1,14,0,2,0
400061,1499,0.0,0.0,0.0,2,1,1,1,1,0,1,0
400602,1102,0.0,0.0,0.0,6,2,1,2,4,0,2,0
400931,2401,0.0,0.0,0.0,2,1,1,1,1,0,1,0
401072,2913,0.0,3.0,0.0,7,1,1,3,6,0,1,0
401118,4198,0.0,7.0,0.0,6,2,1,2,5,0,1,0
401329,2746,0.0,3.0,0.0,2,1,1,1,1,0,1,0
401689,3319,0.0,5.0,0.0,14,1,1,2,13,0,1,0
402101,2879,0.0,0.0,0.0,7,1,1,1,6,0,1,0
402222,416,0.0,0.0,0.0,11,6,2,1,9,0,2,0
403689,2791,0.0,0.0,1.0,9,3,1,2,6,0,2,1
404097,148,0.0,4.0,1.0,7,5,3,2,6,0,1,0
404136,3828,0.0,3.0,1.0,23,5,3,3,20,0,1,2
404800,4048,0.0,3.0,1.0,2,1,1,1,1,0,1,0
404890,1056,0.0,4.0,0.0,14,7,3,1,12,0,2,0
405365,3152,0.0,3.0,0.0,7,1,1,2,5,0,1,1
405469,2303,0.0,0.0,0.0,6,3,1,2,3,0,1,2
405503,1749,0.0,4.0,1.0,8,1,1,2,7,0,1,0
40554,2278,0.0,0.0,0.0,4,2,1,1,3,0,1,0
405730,2525,0.0,0.0,1.0,2,1,1,1,1,0,1,0
406073,4249,0.0,2.0,1.0,9,4,1,2,7,0,1,1
40624,1923,0.0,2.0,0.0,1,1,1,1,0,0,1,0
406918,1573,0.0,0.0,null,3,1,1,1,2,0,1,0
407247,4589,0.0,3.0,0.0,4,2,2,1,2,0,2,0
407365,2569,0.0,0.0,0.0,22,6,2,1,18,0,4,0
407392,3898,0.0,3.0,0.0,3,1,1,1,2,0,1,0
407417,2856,0.0,3.0,0.0,10,5,1,3,8,0,1,1
408228,4427,0.0,5.0,1.0,17,3,2,4,15,0,1,1
408543,4966,0.0,4.0,0.0,5,2,2,2,2,0,1,2
408567,4976,0.0,0.0,1.0,1,1,1,1,0,0,1,0
409266,354,0.0,3.0,0.0,3,1,1,1,2,0,1,0
409326,1342,0.0,3.0,1.0,6,1,1,2,4,0,1,1
409362,3685,0.0,3.0,1.0,7,2,1,2,6,0,1,0
410177,3936,0.0,4.0,1.0,9,1,1,5,6,1,1,1
410496,3622,0.0,5.0,0.0,4,2,1,1,3,0,1,0
410558,4756,0.0,0.0,0.0,2,1,1,1,1,0,1,0
410951,4764,0.0,5.0,1.0,12,2,2,5,11,0,1,0
41111,3657,0.0,2.0,1.0,5,1,1,2,4,0,1,0
412115,4354,0.0,0.0,0.0,10,1,1,1,8,0,1,1
412319,227,0.0,0.0,1.0,6,2,1,1,4,0,1,1
412377,2834,0.0,6.0,0.0,18,7,5,4,17,0,1,0
412691,4377,0.0,2.0,1.0,1,1,1,1,0,0,1,0
412775,2193,0.0,3.0,1.0,3,2,1,2,2,0,1,0
413307,685,0.0,4.0,0.0,8,1,1,2,6,0,2,0
41353,4044,0.0,2.0,0.0,180,98,17,2,176,0,4,0
413789,3073,0.0,0.0,0.0,5,1,1,1,2,0,3,0
413990,1489,0.0,3.0,1.0,2,1,1,1,1,0,1,0
414222,66,0.0,5.0,0.0,4,2,1,1,3,0,1,0
414538,4718,0.0,3.0,0.0,12,3,3,4,10,0,2,0
414786,3191,0.0,2.0,0.0,7,2,1,1,6,0,1,0
414831,790,0.0,4.0,1.0,60,30,11,6,59,0,1,0
415024,310,0.0,2.0,1.0,2,1,1,2,1,0,1,0
415682,2294,0.0,0.0,0.0,5,1,1,1,3,0,1,1
415894,806,0.0,4.0,0.0,9,4,4,1,8,0,1,0
416231,1356,0.0,0.0,0.0,4,1,1,1,3,0,1,0
416300,4829,0.0,5.0,0.0,18,4,1,2,14,0,1,3
416662,1102,0.0,3.0,0.0,206,15,7,4,198,0,1,7
416740,2278,1.0,0.0,0.0,44,14,8,3,38,0,6,0
41689,4943,0.0,4.0,1.0,4,2,1,1,3,0,1,0
417167,4508,0.0,3.0,0.0,9,6,1,2,8,0,1,0
417712,129,0.0,6.0,0.0,3,2,1,2,1,0,1,1
417986,1150,0.0,4.0,0.0,3,2,1,1,2,0,1,0
418119,4078,0.0,3.0,1.0,6,1,1,3,4,0,1,1
418282,4097,0.0,0.0,0.0,61,11,4,4,58,0,3,0
418342,3323,0.0,3.0,2.0,7,4,1,3,5,0,2,0
418963,4129,0.0,3.0,0.0,21,15,2,2,15,0,6,0
419026,685,1.0,0.0,0.0,2,1,1,1,1,0,1,0
419260,3176,0.0,3.0,0.0,3,1,1,3,2,0,1,0
419289,2482,0.0,3.0,null,9,2,2,3,7,0,1,1
419358,1408,0.0,3.0,0.0,4,2,1,1,3,0,1,0
41940,161,0.0,0.0,0.0,21,4,1,5,20,0,1,0
419930,1608,0.0,6.0,1.0,8,1,1,2,6,0,2,0
420384,4494,0.0,2.0,1.0,5,1,1,1,4,0,1,0
421003,962,0.0,4.0,1.0,8,4,3,3,6,0,1,1
421219,2669,0.0,2.0,1.0,11,9,2,1,9,0,2,0
421656,3042,0.0,2.0,0.0,3,1,1,1,2,0,1,0
422593,4976,0.0,2.0,0.0,11,6,2,3,10,0,1,0
422969,2102,0.0,5.0,0.0,15,5,4,1,13,0,2,0
423199,2277,0.0,0.0,1.0,3,1,1,1,2,0,1,0
423343,2348,0.0,6.0,0.0,3,1,1,2,2,0,1,0
42629,4756,0.0,0.0,0.0,1,1,1,1,0,0,1,0
42721,832,0.0,6.0,0.0,11,1,1,2,10,0,1,0
42723,2482,0.0,2.0,0.0,11,5,3,1,9,0,2,0
42738,4836,0.0,6.0,0.0,1,1,1,1,0,0,1,0
42915,2448,0.0,3.0,1.0,3,1,1,1,2,0,1,0
43560,4894,0.0,3.0,0.0,2,1,1,1,1,0,1,0
44373,2482,1.0,2.0,0.0,2,1,1,2,0,0,1,1
44380,4336,0.0,4.0,0.0,18,2,1,11,16,0,1,1
45405,2805,0.0,3.0,1.0,49,6,3,6,47,0,1,1
46051,3284,0.0,5.0,0.0,3,1,1,1,2,0,1,0
46321,773,0.0,4.0,0.0,42,18,10,3,39,0,2,1
46462,1270,0.0,2.0,0.0,3,1,1,2,2,0,1,0
46474,4043,0.0,2.0,0.0,5,1,1,2,4,0,1,0
46899,2349,0.0,3.0,0.0,6,1,1,1,5,0,1,0
47064,2422,0.0,0.0,1.0,14,6,4,7,13,0,1,0
47074,1679,0.0,4.0,0.0,12,7,3,3,11,0,1,0
47339,2821,0.0,null,null,4,2,1,2,3,0,1,0
47453,3536,0.0,6.0,0.0,1,1,1,1,0,0,1,0
4752,191,0.0,4.0,0.0,10,4,3,2,8,0,1,1
47882,1719,0.0,null,null,2,1,1,2,1,0,1,0
48013,1487,0.0,0.0,0.0,5,1,1,1,4,0,1,0
48146,3954,0.0,4.0,1.0,2,1,1,1,1,0,1,0
48362,1472,0.0,3.0,0.0,2,1,1,1,1,0,1,0
48744,1017,0.0,0.0,0.0,5,2,1,1,4,0,1,0
48952,361,0.0,0.0,0.0,1,1,1,1,0,0,1,0
50076,95,1.0,5.0,0.0,11,2,1,3,8,0,1,2
50354,821,0.0,0.0,0.0,14,6,1,1,13,0,1,0
50760,621,0.0,2.0,1.0,2,1,1,1,1,0,1,0
50854,3887,0.0,0.0,1.0,37,15,3,1,35,0,2,0
50886,2278,1.0,3.0,1.0,6,1,1,1,5,0,1,0
51099,1131,0.0,5.0,0.0,23,11,5,3,21,0,2,0
51498,104,0.0,0.0,0.0,2,1,1,1,1,0,1,0
5165,1724,0.0,0.0,0.0,3,2,1,1,2,0,1,0
517,625,0.0,5.0,0.0,1,1,1,1,0,0,1,0
51811,826,0.0,3.0,0.0,3,1,1,1,2,0,1,0
52612,4377,0.0,0.0,1.0,8,3,2,1,7,0,1,0
52992,1963,0.0,0.0,1.0,17,6,4,4,16,0,1,0
53182,718,0.0,6.0,0.0,10,7,3,1,8,0,2,0
53379,4044,0.0,3.0,0.0,26,15,3,5,22,0,1,3
53420,4294,0.0,3.0,1.0,14,1,1,2,13,0,1,0
53461,2545,0.0,3.0,0.0,3,1,1,1,2,0,1,0
5363,4750,0.0,3.0,1.0,10,2,1,5,9,0,1,0
53775,1910,0.0,7.0,0.0,4,2,1,1,3,0,1,0
53991,598,1.0,2.0,1.0,7,2,2,1,6,0,1,0
54033,951,0.0,0.0,0.0,2,1,1,1,1,0,1,0
54517,3828,0.0,0.0,1.0,3,1,1,2,2,0,1,0
54816,4073,0.0,0.0,0.0,8,5,2,1,7,0,1,0
54954,121,0.0,6.0,0.0,40,22,5,2,35,0,4,1
55244,3160,0.0,6.0,0.0,4,2,1,1,3,0,1,0
55334,2655,0.0,5.0,0.0,6,3,1,1,3,0,3,0
55377,2008,0.0,4.0,1.0,6,1,1,2,5,0,1,0
55601,4690,0.0,6.0,2.0,4,1,1,2,3,0,1,0
56086,4282,0.0,2.0,1.0,6,2,1,2,5,0,1,0
56095,361,0.0,4.0,1.0,13,6,3,2,11,0,1,1
56118,3073,0.0,3.0,1.0,10,4,1,3,9,0,1,0
56784,2594,0.0,3.0,0.0,9,3,3,2,7,0,1,1
57325,941,0.0,3.0,1.0,7,2,1,1,6,0,1,0
57422,474,1.0,4.0,0.0,25,7,6,2,19,0,6,0
57568,2811,1.0,6.0,0.0,24,8,5,2,19,0,5,0
58080,1564,0.0,4.0,1.0,10,7,2,1,9,0,1,0
58205,1393,0.0,4.0,0.0,19,18,1,1,18,0,1,0
58265,1346,0.0,2.0,0.0,1,1,1,1,0,0,1,0
58899,1536,0.0,3.0,0.0,1,1,1,1,0,0,1,0
59570,4992,0.0,3.0,0.0,3,1,1,2,2,0,1,0
59751,3623,0.0,2.0,0.0,3,1,1,1,2,0,1,0
59785,3263,0.0,0.0,0.0,5,2,2,1,3,0,2,0
59853,2286,0.0,3.0,0.0,4,1,1,1,3,0,1,0
60444,98,0.0,3.0,0.0,4,2,2,3,3,0,1,0
60863,1784,0.0,4.0,2.0,13,4,2,2,10,0,3,0
60863,4048,0.0,4.0,2.0,4,1,1,1,3,0,1,0
61141,1704,0.0,4.0,0.0,10,2,1,2,8,0,2,0
6133,1695,0.0,3.0,0.0,11,4,2,3,8,0,1,2
6141,2652,0.0,3.0,0.0,27,8,2,5,24,0,1,2
61671,1466,0.0,0.0,0.0,4,1,1,1,3,0,1,0
61741,227,0.0,5.0,0.0,9,2,1,2,8,0,1,0
62361,1053,0.0,3.0,0.0,15,2,2,3,14,0,1,0
62495,4367,0.0,2.0,0.0,8,2,1,3,7,0,1,0
62588,416,0.0,5.0,0.0,13,3,2,4,11,0,1,1
62811,4009,0.0,7.0,1.0,1,1,1,1,0,0,1,0
62855,963,0.0,4.0,1.0,6,4,1,2,5,0,1,0
62965,4394,0.0,3.0,1.0,5,1,1,2,4,0,1,0
63103,4173,1.0,0.0,0.0,30,20,4,3,29,0,1,0
63263,4768,0.0,3.0,0.0,7,5,1,1,6,0,1,0
63330,2873,0.0,6.0,0.0,12,7,5,2,11,0,1,0
6337,3635,0.0,4.0,0.0,4,1,1,1,3,0,1,0
63642,3524,0.0,0.0,0.0,3,2,1,2,2,0,1,0
63700,2652,0.0,5.0,1.0,19,8,3,3,18,0,1,0
64248,3578,0.0,3.0,0.0,1,1,1,1,0,0,1,0
64422,2981,0.0,4.0,0.0,8,5,2,2,6,0,1,1
64951,316,0.0,0.0,0.0,6,2,1,1,5,0,1,0
65019,4760,0.0,2.0,1.0,3,2,2,1,2,0,1,0
65251,2592,0.0,2.0,1.0,2,1,1,1,1,0,1,0
6558,3828,0.0,3.0,0.0,8,1,1,3,7,0,1,0
65675,3536,0.0,6.0,0.0,2,1,1,1,1,0,1,0
65975,2828,0.0,5.0,0.0,5,4,1,4,4,0,1,0
66050,4394,0.0,4.0,0.0,1,1,1,1,0,0,1,0
66104,1031,1.0,4.0,0.0,16,4,1,3,15,0,1,0
66236,3645,0.0,4.0,1.0,9,1,1,2,8,0,1,0
67453,4760,0.0,4.0,1.0,8,2,2,2,6,0,1,1
67459,1895,1.0,2.0,0.0,1,1,1,1,0,0,1,0
68129,2415,0.0,4.0,1.0,2,1,1,1,1,0,1,0
68427,3629,0.0,0.0,0.0,27,4,2,5,25,0,2,0
68797,4170,0.0,6.0,0.0,6,2,1,1,5,0,1,0
68857,1618,0.0,6.0,0.0,30,11,2,7,28,0,1,1
69051,3274,0.0,5.0,1.0,9,3,1,1,7,0,2,0
69364,1272,0.0,7.0,0.0,21,8,3,3,20,0,1,0
69403,2081,0.0,2.0,1.0,6,2,1,1,5,0,1,0
69604,3271,1.0,5.0,0.0,13,2,2,2,11,0,1,1
70124,1352,0.0,0.0,0.0,4,2,2,1,2,0,2,0
70488,1167,0.0,3.0,0.0,2,1,1,1,1,0,1,0
72713,301,0.0,0.0,0.0,3,1,1,1,2,0,1,0
73611,3614,0.0,0.0,1.0,1,1,1,1,0,0,1,0
73878,1685,0.0,3.0,0.0,3,1,1,1,2,0,1,0
74413,4090,0.0,0.0,1.0,5,1,1,1,4,0,1,0
74782,4280,0.0,0.0,1.0,9,3,1,1,8,0,1,0
75283,4071,0.0,4.0,0.0,2,1,1,1,1,0,1,0
75485,3545,0.0,0.0,0.0,12,5,1,1,11,0,1,0
75511,2883,1.0,3.0,0.0,27,14,3,9,25,0,1,1
75546,2102,0.0,4.0,1.0,27,6,3,4,25,0,1,1
77259,3936,1.0,2.0,1.0,4,1,1,1,3,0,1,0
77269,4394,0.0,5.0,0.0,11,9,2,1,9,0,2,0
77543,4850,0.0,5.0,0.0,10,4,2,3,5,0,5,0
77753,1031,0.0,0.0,1.0,3,2,1,1,2,0,1,0
78719,1492,0.0,3.0,1.0,14,1,1,2,13,0,1,0
79045,4296,0.0,3.0,1.0,18,4,1,4,16,0,2,0
79098,3898,0.0,0.0,0.0,8,2,1,2,7,0,1,0
79314,1495,0.0,6.0,0.0,11,2,1,1,9,0,2,0
79595,1910,0.0,3.0,0.0,2,1,1,1,1,0,1,0
79841,4079,0.0,7.0,0.0,2,2,1,2,1,0,1,0
80099,414,0.0,4.0,0.0,50,34,12,5,49,0,1,0
80209,4296,0.0,8.0,0.0,2,2,2,2,1,0,1,0
80367,4705,0.0,4.0,0.0,3,1,1,1,2,0,1,0
80371,4044,0.0,3.0,0.0,12,6,1,1,10,0,1,1
80634,4186,0.0,3.0,0.0,11,5,1,1,10,0,1,0
80691,4871,0.0,3.0,1.0,10,2,1,3,7,2,1,0
81026,2193,0.0,5.0,0.0,2,1,1,2,1,0,1,0
81039,4090,0.0,0.0,null,2,1,1,1,1,0,1,0
81169,1639,0.0,0.0,2.0,7,3,1,2,6,0,1,0
81700,2954,0.0,0.0,0.0,26,15,9,2,23,0,3,0
81983,3619,0.0,2.0,1.0,5,1,1,1,4,0,1,0
822,3473,0.0,4.0,0.0,5,3,2,4,4,0,1,0
82393,2550,0.0,0.0,0.0,13,5,1,2,10,0,1,2
82463,3955,0.0,3.0,0.0,1,1,1,1,0,0,1,0
83199,3614,0.0,4.0,1.0,2,1,1,1,1,0,1,0
83481,3828,0.0,2.0,0.0,14,4,3,4,11,0,2,1
83739,4992,1.0,4.0,2.0,1,1,1,1,0,0,1,0
83950,3080,0.0,2.0,1.0,11,5,3,2,10,0,1,0
84340,1067,0.0,0.0,1.0,4,1,1,1,2,0,1,1
84642,2403,0.0,6.0,0.0,5,1,1,2,4,0,1,0
85072,1495,0.0,5.0,1.0,11,3,1,3,10,0,1,0
85332,2619,0.0,0.0,0.0,4,1,1,1,3,0,1,0
8558,1964,0.0,0.0,0.0,8,2,2,4,7,0,1,0
85931,2093,0.0,3.0,1.0,6,2,1,3,4,1,1,0
85970,121,0.0,4.0,0.0,3,1,1,1,2,0,1,0
86144,1454,1.0,4.0,0.0,6,3,1,1,5,0,1,0
86145,4173,0.0,0.0,0.0,12,4,3,1,10,0,2,0
86349,685,0.0,5.0,0.0,5,1,1,2,4,0,1,0
86493,4444,0.0,5.0,0.0,24,10,1,1,20,0,4,0
86605,4043,1.0,3.0,2.0,9,5,5,1,5,0,4,0
86855,1062,0.0,4.0,0.0,32,9,4,5,30,0,1,1
87389,148,0.0,3.0,1.0,2,1,1,1,1,0,1,0
87538,361,0.0,5.0,1.0,5,1,1,1,4,0,1,0
87632,326,0.0,0.0,0.0,7,1,1,1,6,0,1,0
87710,742,0.0,6.0,1.0,9,6,3,1,8,0,1,0
87778,4431,0.0,6.0,0.0,1,1,1,1,0,0,1,0
87886,3578,0.0,5.0,0.0,12,4,2,3,11,0,1,0
87922,35,0.0,0.0,1.0,33,11,7,1,32,0,1,0
88776,3042,0.0,0.0,0.0,1,1,1,1,0,0,1,0
88882,3536,0.0,2.0,0.0,3,2,2,2,2,0,1,0
88979,10,0.0,4.0,0.0,13,5,2,1,11,0,2,0
89043,1678,0.0,5.0,0.0,5,1,1,2,3,0,2,0
89099,2273,0.0,5.0,1.0,1,1,1,1,0,0,1,0
89663,2325,0.0,3.0,0.0,2,1,1,1,1,0,1,0
90459,3476,0.0,8.0,1.0,3,1,1,1,2,0,1,0
90747,1015,0.0,3.0,0.0,7,3,3,3,5,0,2,0
90800,1359,0.0,3.0,0.0,27,11,2,2,25,0,2,0
91018,4143,1.0,0.0,0.0,126,62,14,11,121,2,3,0
9184,4519,0.0,5.0,0.0,1,1,1,1,0,0,1,0
91914,4368,0.0,3.0,1.0,11,6,4,2,9,0,1,1
92257,320,0.0,3.0,0.0,6,1,1,1,5,0,1,0
93277,2099,0.0,3.0,0.0,7,3,3,1,5,1,1,0
93792,1346,0.0,5.0,0.0,9,2,1,1,8,0,1,0
94001,2229,0.0,3.0,0.0,22,5,3,4,18,0,2,2
94176,1892,0.0,4.0,0.0,18,8,3,1,17,0,1,0
94211,3971,0.0,0.0,0.0,4,3,3,1,3,0,1,0
94416,3152,1.0,6.0,1.0,2,1,1,1,1,0,1,0
94668,2545,0.0,3.0,1.0,23,6,5,2,22,0,1,0
94673,2795,0.0,0.0,0.0,8,5,4,1,6,0,2,0
95480,133,0.0,4.0,0.0,13,4,1,2,11,0,2,0
96003,2008,0.0,0.0,0.0,2,1,1,1,1,0,1,0
96201,598,1.0,0.0,0.0,1,1,1,1,0,0,1,0
96516,2836,0.0,0.0,0.0,3,1,1,1,2,0,1,0
9677,4043,0.0,4.0,0.0,2,2,1,1,1,0,1,0
97078,835,1.0,0.0,0.0,2,1,1,1,1,0,1,0
9708,141,0.0,null,null,5,1,1,1,4,0,1,0
97259,374,0.0,0.0,0.0,13,4,1,3,12,0,1,0
97272,4523,0.0,4.0,0.0,24,8,3,2,20,0,2,2
98358,4282,0.0,2.0,1.0,19,12,5,3,16,0,2,1
9841,361,1.0,6.0,1.0,34,20,4,2,30,0,2,2
98527,1514,0.0,5.0,0.0,1,1,1,1,0,0,1,0
98872,361,0.0,5.0,0.0,6,3,1,2,4,0,1,1
99251,1749,0.0,3.0,0.0,2,1,1,2,0,0,1,1
99302,41,0.0,4.0,0.0,10,5,2,3,5,0,1,4
