100033,4729,0.0,0.0,0.0,3,2,1,1,2,0,1,0
10039,3662,0.0,0.0,0.0,7,5,4,1,5,0,2,0
100391,1742,0.0,3.0,0.0,12,4,1,3,10,0,1,1
100455,121,0.0,6.0,0.0,12,8,5,4,9,0,1,2
100686,824,0.0,3.0,2.0,4,1,1,1,3,0,1,0
101080,2397,0.0,3.0,1.0,4,3,2,1,3,0,1,0
101224,1102,0.0,3.0,0.0,6,5,1,1,5,0,1,0
101275,3826,0.0,4.0,0.0,4,1,1,1,3,0,1,0
10148,134,0.0,0.0,1.0,7,1,1,1,5,0,2,0
10187,3345,0.0,2.0,0.0,13,4,2,3,11,0,1,1
101875,748,0.0,3.0,0.0,17,6,2,3,16,0,1,0
102167,2981,0.0,0.0,0.0,5,3,1,1,4,0,1,0
102960,3586,0.0,4.0,0.0,12,7,2,1,10,0,2,0
102990,4605,0.0,0.0,1.0,4,2,2,2,3,0,1,0
103230,4230,0.0,2.0,1.0,4,1,1,2,3,0,1,0
103346,3765,0.0,5.0,0.0,15,9,3,1,13,0,2,0
104071,3828,0.0,3.0,0.0,15,6,4,3,14,0,1,0
10453,1679,0.0,4.0,0.0,30,16,3,1,28,0,2,0
105032,1861,0.0,4.0,0.0,4,3,2,1,3,0,1,0
105087,1031,0.0,4.0,1.0,155,14,2,3,150,0,2,3
105659,2669,0.0,7.0,0.0,24,6,5,5,19,0,3,2
106476,3734,0.0,0.0,1.0,20,7,3,2,17,2,1,0
106885,4363,0.0,3.0,1.0,3,1,1,1,2,0,1,0
106892,2273,0.0,7.0,0.0,4,2,1,1,3,0,1,0
106947,127,0.0,3.0,0.0,3,1,1,1,2,0,1,0
107617,3554,0.0,5.0,1.0,12,4,2,1,9,0,3,0
109731,3022,0.0,0.0,0.0,25,9,2,3,20,0,1,4
109970,4388,0.0,0.0,0.0,6,1,1,2,4,1,1,0
110118,685,0.0,4.0,0.0,3,1,1,3,2,0,1,0
110221,4392,0.0,3.0,0.0,1,1,1,1,0,0,1,0
110296,2320,0.0,4.0,0.0,8,1,1,1,6,0,2,0
110505,4648,0.0,2.0,0.0,1,1,1,1,0,0,1,0
110604,4871,0.0,2.0,1.0,1,1,1,1,0,0,1,0
110797,4325,0.0,3.0,0.0,1,1,1,1,0,0,1,0
111226,2126,0.0,6.0,0.0,13,7,1,1,12,0,1,0
111428,1916,0.0,3.0,1.0,5,2,1,1,4,0,1,0
112111,3955,0.0,2.0,0.0,7,2,2,1,6,0,1,0
112134,3766,0.0,4.0,1.0,18,6,4,2,15,0,1,2
112405,4475,0.0,0.0,0.0,3,1,1,2,2,0,1,0
112425,310,0.0,2.0,1.0,15,6,4,1,13,0,2,0
1125,4131,0.0,5.0,0.0,2,1,1,1,1,0,1,0
112955,4173,0.0,4.0,0.0,2,1,1,1,0,0,1,1
113067,747,0.0,7.0,0.0,14,6,1,5,13,0,1,0
113637,361,0.0,0.0,0.0,7,1,1,4,6,0,1,0
114705,4474,0.0,2.0,0.0,6,1,1,2,4,0,1,1
114801,2289,0.0,4.0,1.0,3,2,1,1,2,0,1,0
115338,3466,0.0,3.0,0.0,5,2,1,2,4,0,1,0
115455,2664,0.0,5.0,0.0,75,43,4,4,73,0,2,0
115703,1150,0.0,0.0,0.0,5,1,1,2,3,0,1,1
116030,1259,0.0,3.0,0.0,1,1,1,1,0,0,1,0
116471,1102,0.0,4.0,0.0,2,1,1,1,1,0,1,0
116485,1916,0.0,0.0,0.0,8,5,1,3,6,0,2,0
116684,4336,0.0,4.0,0.0,3,1,1,1,2,0,1,0
116747,3624,1.0,5.0,1.0,2,1,1,2,1,0,1,0
117123,588,0.0,3.0,0.0,16,3,1,3,12,0,1,3
117497,474,0.0,4.0,0.0,41,16,9,2,37,0,4,0
11760,915,0.0,4.0,0.0,4,2,2,1,3,0,1,0
117675,1704,0.0,3.0,0.0,4,1,1,2,3,0,1,0
117958,4504,0.0,0.0,1.0,7,1,1,2,6,0,1,0
118435,2592,0.0,3.0,1.0,7,1,1,1,6,0,1,0
118602,3828,0.0,3.0,2.0,2,1,1,1,1,0,1,0
118609,1111,0.0,2.0,0.0,1,1,1,1,0,0,1,0
118986,2639,0.0,5.0,0.0,35,17,8,3,32,0,3,0
119213,1704,0.0,4.0,1.0,8,1,1,2,7,0,1,0
119506,4662,0.0,0.0,0.0,5,1,1,1,2,0,3,0
119569,1916,0.0,0.0,0.0,10,4,1,1,7,0,2,1
120598,3159,0.0,3.0,0.0,8,4,3,2,6,1,1,0
120650,1760,0.0,3.0,0.0,13,4,2,1,12,0,1,0
121210,1166,0.0,3.0,1.0,3,1,1,1,2,0,1,0
121549,2318,0.0,4.0,0.0,10,3,1,3,9,0,1,0
122022,904,0.0,4.0,0.0,1,1,1,1,0,0,1,0
122070,1346,0.0,5.0,0.0,1,1,1,1,0,0,1,0
122133,412,0.0,4.0,0.0,33,21,12,5,32,0,1,0
123340,1760,0.0,5.0,1.0,37,15,2,1,35,0,2,0
123957,861,0.0,4.0,0.0,4,1,1,1,3,0,1,0
124446,121,0.0,0.0,0.0,2,1,1,1,1,0,1,0
12449,350,0.0,2.0,0.0,1,1,1,1,0,0,1,0
124565,3929,0.0,5.0,1.0,6,1,1,2,5,0,1,0
124699,4826,0.0,3.0,2.0,1,1,1,1,0,0,1,0
125225,2318,0.0,5.0,1.0,7,4,2,1,6,0,1,0
125355,361,0.0,6.0,0.0,10,4,2,2,8,0,1,1
125652,2928,0.0,5.0,0.0,13,8,2,2,10,0,3,0
126381,474,0.0,4.0,0.0,2,1,1,2,0,0,1,1
126507,4173,0.0,3.0,0.0,1,1,1,1,0,0,1,0
126589,4240,0.0,0.0,1.0,8,3,1,1,7,0,1,0
126998,1393,0.0,3.0,0.0,20,18,8,5,19,0,1,0
127194,361,0.0,0.0,0.0,3,1,1,1,2,0,1,0
128063,547,0.0,3.0,2.0,2,2,1,1,1,0,1,0
128388,2565,0.0,4.0,0.0,6,3,1,2,5,0,1,0
128458,2913,0.0,3.0,0.0,9,2,1,1,7,0,2,0
128480,3826,0.0,4.0,1.0,3,1,1,1,2,0,1,0
128564,1618,0.0,5.0,1.0,8,3,1,1,6,0,2,0
128768,4492,0.0,2.0,0.0,3,1,1,1,2,0,1,0
128846,3085,0.0,4.0,0.0,29,7,6,4,25,2,2,0
12896,2482,0.0,0.0,0.0,1,1,1,1,0,0,1,0
129032,3578,0.0,4.0,0.0,25,4,2,4,24,0,1,0
129160,3955,0.0,0.0,0.0,4,2,2,1,3,0,1,0
129226,3432,0.0,0.0,0.0,19,11,4,7,18,0,1,0
129240,4794,0.0,5.0,1.0,3,1,1,1,2,0,1,0
129275,4198,0.0,3.0,0.0,15,4,1,3,13,0,1,1
129325,588,0.0,4.0,0.0,3,1,1,2,2,0,1,0
129537,1131,0.0,3.0,0.0,22,8,4,3,19,0,1,2
129966,278,0.0,3.0,1.0,20,4,2,2,17,0,3,0
12998,2031,0.0,3.0,0.0,12,6,2,2,11,0,1,0
130012,4267,0.0,0.0,0.0,15,11,3,2,14,0,1,0
130015,682,0.0,0.0,1.0,5,2,2,2,3,0,2,0
1303,1760,0.0,2.0,0.0,12,2,1,2,9,0,1,2
130362,3734,0.0,4.0,0.0,35,26,7,2,31,0,4,0
130511,416,0.0,4.0,0.0,5,4,1,1,4,0,1,0
130703,1133,0.0,3.0,0.0,13,4,3,2,8,0,1,4
130911,3734,0.0,3.0,1.0,1,1,1,1,0,0,1,0
131478,4494,0.0,3.0,0.0,17,4,3,4,13,0,2,2
131614,2569,0.0,5.0,0.0,128,52,5,8,122,0,5,1
132171,2711,0.0,4.0,0.0,10,4,1,2,9,0,1,0
132814,1583,0.0,0.0,0.0,18,9,2,2,17,0,1,0
132979,4864,0.0,5.0,1.0,5,1,1,1,3,0,2,0
133019,2401,0.0,3.0,0.0,1,1,1,1,0,0,1,0
133524,3734,0.0,6.0,0.0,19,4,2,1,18,0,1,0
134031,2565,0.0,4.0,0.0,6,3,1,3,5,0,1,0
134379,786,0.0,5.0,0.0,11,4,2,2,10,0,1,0
13449,4793,0.0,3.0,1.0,2,1,1,1,1,0,1,0
134645,575,1.0,3.0,0.0,9,1,1,1,7,0,1,1
134766,963,0.0,5.0,1.0,3,3,2,1,0,0,3,0
134882,1968,0.0,0.0,0.0,2,1,1,1,0,0,2,0
13532,296,0.0,3.0,2.0,3,2,1,1,1,0,2,0
136014,1831,0.0,0.0,1.0,5,3,1,1,3,0,2,0
136066,2891,0.0,0.0,0.0,19,7,2,2,17,0,2,0
136338,1892,0.0,0.0,0.0,3,1,1,1,2,0,1,0
136717,4256,0.0,4.0,0.0,4,1,1,1,3,0,1,0
13686,3350,0.0,3.0,2.0,12,5,3,3,10,0,2,0
13692,2011,0.0,6.0,1.0,6,2,1,2,5,0,1,0
137193,742,0.0,6.0,0.0,10,2,2,1,9,0,1,0
137527,3291,0.0,5.0,2.0,4,1,1,1,1,0,3,0
138370,4394,1.0,5.0,0.0,6,4,1,1,5,0,1,0
139123,3455,0.0,6.0,0.0,22,10,3,3,21,0,1,0
139572,3828,0.0,6.0,0.0,9,3,1,1,8,0,1,0
139675,1466,0.0,0.0,0.0,2,1,1,1,1,0,1,0
140220,2669,0.0,3.0,0.0,76,22,7,7,73,0,2,1
140299,1916,0.0,0.0,1.0,1,1,1,1,0,0,1,0
140656,2187,0.0,0.0,0.0,45,17,2,3,43,0,2,0
140959,812,0.0,0.0,0.0,1,1,1,1,0,0,1,0
141327,643,0.0,5.0,0.0,6,3,1,1,5,0,1,0
141675,4979,0.0,3.0,1.0,4,1,1,2,3,0,1,0
142209,1102,0.0,3.0,1.0,1,1,1,1,0,0,1,0
142641,4492,0.0,6.0,0.0,12,2,1,2,10,0,1,1
142765,4818,0.0,4.0,1.0,17,7,3,5,16,0,1,0
143067,3484,0.0,0.0,1.0,14,5,2,2,13,0,1,0
144442,2236,0.0,4.0,0.0,10,5,4,2,8,0,2,0
144893,4322,0.0,3.0,1.0,6,3,2,1,4,0,2,0
145103,2447,0.0,3.0,1.0,8,2,1,3,6,0,1,1
145315,191,0.0,3.0,0.0,27,10,5,1,21,0,1,5
145369,4499,0.0,3.0,0.0,1,1,1,1,0,0,1,0
145403,1359,0.0,6.0,0.0,1,1,1,1,0,0,1,0
145487,4966,0.0,3.0,0.0,2,1,1,1,1,0,1,0
146055,1861,0.0,2.0,0.0,6,4,2,2,4,0,1,1
146197,3607,0.0,3.0,0.0,9,2,1,3,8,0,1,0
146282,4926,0.0,4.0,0.0,33,13,7,3,32,0,1,0
146454,3370,0.0,4.0,0.0,4,2,2,1,3,0,1,0
146455,941,0.0,4.0,0.0,16,6,2,2,15,0,1,0
146575,3623,0.0,3.0,1.0,13,1,1,4,12,0,1,0
146715,3284,0.0,2.0,1.0,3,1,1,1,2,0,1,0
146854,1742,0.0,4.0,0.0,3,1,1,1,2,0,1,0
147049,3734,0.0,0.0,0.0,3,2,2,1,2,0,1,0
147102,1943,0.0,0.0,1.0,2,1,1,1,1,0,1,0
147124,4483,0.0,4.0,0.0,4,1,1,1,1,0,3,0
147364,474,0.0,0.0,0.0,11,6,3,1,9,0,1,1
147778,2026,0.0,0.0,1.0,4,1,1,2,3,0,1,0
147820,1966,0.0,4.0,0.0,5,2,1,1,4,0,1,0
147925,3685,0.0,5.0,0.0,6,1,1,2,4,0,1,1
148013,1102,0.0,4.0,0.0,20,11,7,6,9,0,1,10
148195,4143,0.0,0.0,0.0,7,3,2,3,6,0,1,0
148298,1193,0.0,2.0,0.0,7,2,1,2,6,0,1,0
148489,1500,0.0,6.0,0.0,10,3,1,2,9,0,1,0
148594,2669,0.0,2.0,0.0,1,1,1,1,0,0,1,0
148830,3843,0.0,4.0,0.0,6,4,3,1,4,0,2,0
148947,1501,0.0,2.0,null,61,30,5,3,59,0,2,0
149658,608,0.0,4.0,0.0,12,6,4,2,11,0,1,0
149962,3854,0.0,4.0,0.0,13,4,3,3,12,0,1,0
150902,4336,0.0,6.0,0.0,4,1,1,1,3,0,1,0
15162,1861,0.0,4.0,0.0,4,3,1,1,2,0,2,0
151821,915,1.0,4.0,1.0,11,6,1,2,10,0,1,0
152546,4394,0.0,0.0,0.0,7,4,1,1,6,0,1,0
152797,4976,0.0,5.0,0.0,2,1,1,1,1,0,1,0
152833,4472,1.0,5.0,1.0,2,1,1,1,1,0,1,0
153142,2269,0.0,4.0,1.0,12,2,1,2,11,0,1,0
153174,4474,0.0,3.0,0.0,3,1,1,1,2,0,1,0
153901,2720,0.0,3.0,0.0,6,1,1,1,5,0,1,0
154021,500,0.0,0.0,0.0,6,2,2,2,4,0,1,1
154662,2020,0.0,4.0,1.0,5,2,1,1,4,0,1,0
154749,3472,0.0,0.0,0.0,4,1,1,1,3,0,1,0
155107,4079,0.0,0.0,0.0,1,1,1,1,0,0,1,0
155409,209,0.0,5.0,0.0,6,2,1,1,5,0,1,0
155430,2537,0.0,4.0,1.0,2,1,1,1,1,0,1,0
155596,2403,0.0,0.0,1.0,9,6,1,1,5,0,4,0
155735,4143,0.0,5.0,0.0,42,30,8,2,40,0,2,0
155838,2403,0.0,3.0,0.0,12,8,1,2,9,0,3,0
155947,3477,0.0,4.0,1.0,4,1,1,3,3,0,1,0
156322,4919,0.0,3.0,0.0,24,6,4,4,22,0,2,0
157338,2596,0.0,2.0,1.0,3,1,1,1,2,0,1,0
158229,4043,0.0,3.0,1.0,10,7,3,1,8,1,1,0
15825,4079,0.0,5.0,0.0,6,1,1,1,4,0,1,1
158579,598,0.0,3.0,1.0,17,6,3,5,16,0,1,0
159227,3906,0.0,2.0,0.0,4,2,2,2,2,0,1,1
15925,3350,1.0,6.0,0.0,4,1,1,1,1,0,3,0
159635,4848,0.0,4.0,0.0,5,2,1,1,4,0,1,0
159724,4775,1.0,6.0,0.0,2,1,1,1,1,0,1,0
1598,4186,0.0,4.0,0.0,20,5,1,5,17,0,1,2
159828,793,0.0,6.0,0.0,15,5,2,5,14,0,1,0
160122,2597,0.0,4.0,0.0,5,2,1,2,3,0,1,1
160194,3682,0.0,4.0,1.0,3,1,1,1,2,0,1,0
160666,1272,0.0,0.0,0.0,9,1,1,1,7,0,1,1
160857,1412,0.0,6.0,0.0,13,4,2,1,12,0,1,0
161242,1592,0.0,5.0,0.0,5,2,1,2,4,0,1,0
161700,2664,0.0,4.0,0.0,17,9,1,1,14,0,3,0
161895,4847,0.0,0.0,0.0,10,6,4,4,7,0,2,1
162033,3181,0.0,0.0,0.0,7,1,1,2,6,0,1,0
162168,786,0.0,0.0,0.0,9,1,1,1,8,0,1,0
162855,976,0.0,7.0,0.0,3,1,1,1,1,1,1,0
163551,4558,0.0,2.0,0.0,8,3,1,3,6,0,1,1
163884,3170,0.0,3.0,0.0,4,1,1,1,2,0,2,0
164477,798,0.0,4.0,0.0,3,2,1,1,2,0,1,0
16481,586,0.0,2.0,0.0,26,19,4,1,23,0,3,0
165270,4044,0.0,3.0,1.0,15,6,1,3,14,0,1,0
1656,4760,0.0,3.0,0.0,4,3,2,3,2,0,1,1
165630,3319,0.0,3.0,0.0,2,1,1,1,1,0,1,0
165648,2981,0.0,6.0,0.0,1,1,1,1,0,0,1,0
165672,4760,0.0,5.0,0.0,16,9,3,3,9,0,1,6
166138,4085,0.0,5.0,0.0,7,2,2,1,6,0,1,0
166212,1719,0.0,0.0,1.0,7,3,1,1,6,0,1,0
166504,3853,0.0,3.0,0.0,29,15,3,2,28,0,1,0
166821,3607,0.0,3.0,null,5,1,1,1,4,0,1,0
167473,1890,0.0,0.0,1.0,4,1,1,1,3,0,1,0
168383,4600,0.0,5.0,0.0,3,1,1,2,2,0,1,0
168487,258,0.0,6.0,0.0,4,1,1,2,2,0,1,1
169211,963,0.0,2.0,1.0,1,1,1,1,0,0,1,0
169273,2721,0.0,6.0,1.0,16,3,1,3,15,0,1,0
169433,1049,0.0,0.0,1.0,8,3,1,1,7,0,1,0
169442,1102,0.0,3.0,0.0,64,52,10,8,63,0,1,0
169656,1582,0.0,3.0,1.0,5,1,1,1,4,0,1,0
169776,4942,0.0,2.0,0.0,4,1,1,1,3,0,1,0
169807,2537,0.0,4.0,1.0,43,9,3,2,41,0,1,1
170240,2641,0.0,3.0,0.0,3,1,1,1,2,0,1,0
170342,3826,0.0,3.0,0.0,4,1,1,1,2,0,1,1
170422,437,0.0,4.0,0.0,16,14,1,1,15,0,1,0
170464,4793,0.0,0.0,1.0,6,1,1,1,5,0,1,0
170588,2883,0.0,7.0,0.0,2,1,1,2,1,0,1,0
170935,3734,0.0,0.0,1.0,160,24,8,3,156,0,3,1
17160,1543,0.0,0.0,0.0,15,1,1,3,13,0,1,1
171780,3473,0.0,2.0,0.0,2,1,1,2,1,0,1,0
171780,3828,0.0,2.0,0.0,4,1,1,2,3,0,1,0
172476,1031,1.0,3.0,0.0,23,7,1,2,22,0,1,0
17266,643,0.0,3.0,1.0,2,1,1,1,1,0,1,0
172714,3954,0.0,4.0,0.0,2,1,1,1,1,0,1,0
173034,293,0.0,3.0,0.0,4,1,1,3,1,0,1,2
173316,3472,0.0,3.0,0.0,3,2,2,1,2,0,1,0
174,3163,0.0,3.0,1.0,4,2,1,2,3,0,1,0
174141,1968,0.0,4.0,0.0,3,1,1,1,2,0,1,0
174591,168,0.0,4.0,1.0,13,6,2,3,11,0,1,1
174851,4044,0.0,2.0,0.0,30,19,6,2,25,0,2,3
175009,3510,0.0,2.0,1.0,5,1,1,1,4,0,1,0
175118,1031,0.0,4.0,0.0,55,8,2,6,50,0,2,3
17516,4049,0.0,4.0,2.0,2,1,1,2,0,0,1,1
175307,361,0.0,6.0,1.0,19,4,1,8,16,0,2,1
176103,2730,0.0,3.0,0.0,3,1,1,1,2,0,1,0
176291,1957,0.0,0.0,0.0,4,1,1,1,3,0,1,0
176448,4882,0.0,4.0,1.0,12,8,3,2,9,0,3,0
176638,534,0.0,0.0,0.0,6,2,1,3,5,0,1,0
177734,2680,0.0,0.0,0.0,10,2,1,1,8,0,2,0
177860,3766,0.0,3.0,0.0,2,1,1,2,1,0,1,0
177891,4049,0.0,4.0,0.0,6,3,3,2,5,0,1,0
178019,1738,0.0,4.0,0.0,2,1,1,2,0,0,1,1
178127,962,0.0,3.0,0.0,4,1,1,2,2,0,1,1
179054,1272,0.0,0.0,1.0,5,2,2,1,4,0,1,0
179448,4044,0.0,3.0,1.0,24,18,5,1,23,0,1,0
179579,1495,0.0,3.0,0.0,24,8,1,3,18,0,1,5
179757,3236,0.0,3.0,1.0,3,1,1,1,1,0,2,0
180255,3702,0.0,5.0,0.0,2,1,1,1,1,0,1,0
180287,715,0.0,4.0,1.0,25,6,1,2,24,0,1,0
180875,2620,0.0,0.0,0.0,24,4,2,2,21,0,3,0
180970,1150,0.0,0.0,1.0,14,2,1,3,12,0,1,1
181005,995,0.0,0.0,2.0,5,1,1,1,4,0,1,0
18157,361,0.0,0.0,0.0,3,1,1,1,2,0,1,0
181622,4826,0.0,3.0,1.0,2,1,1,1,1,0,1,0
181790,4044,0.0,2.0,0.0,71,42,8,4,69,0,2,0
181978,4090,1.0,3.0,1.0,6,2,1,1,5,0,1,0
182033,481,0.0,2.0,1.0,1,1,1,1,0,0,1,0
182116,4265,0.0,4.0,0.0,13,9,4,3,11,0,2,0
182181,2031,0.0,2.0,0.0,7,1,1,4,6,0,1,0
182562,416,0.0,3.0,0.0,7,2,2,2,6,0,1,0
18260,2257,0.0,0.0,0.0,4,1,1,1,3,0,1,0
182722,4335,0.0,0.0,0.0,3,1,1,1,2,0,1,0
183074,4950,0.0,3.0,2.0,15,3,1,4,11,0,1,3
183132,1749,0.0,3.0,0.0,11,5,4,2,10,0,1,0
183192,4760,0.0,0.0,1.0,5,1,1,2,4,0,1,0
183358,320,0.0,3.0,0.0,19,10,10,5,15,0,3,1
183483,621,0.0,3.0,1.0,4,1,1,1,3,0,1,0
183689,1330,1.0,0.0,0.0,5,4,1,1,4,0,1,0
183869,3826,0.0,2.0,0.0,7,1,1,2,5,0,1,1
184411,3284,0.0,3.0,1.0,12,5,3,1,10,0,2,0
184797,2618,0.0,3.0,0.0,5,1,1,1,4,0,1,0
184804,2014,0.0,3.0,0.0,8,2,1,2,6,0,1,1
186176,3956,0.0,0.0,null,7,2,2,2,6,0,1,0
186398,3650,0.0,4.0,0.0,3,1,1,1,2,0,1,0
18645,630,1.0,3.0,0.0,18,3,3,4,16,0,2,0
186523,598,0.0,3.0,1.0,3,1,1,2,1,0,1,1
186584,1511,0.0,6.0,0.0,6,1,1,1,4,0,2,0
186875,3374,0.0,0.0,0.0,4,1,1,1,3,0,1,0
187019,3319,0.0,4.0,0.0,8,2,1,3,7,0,1,0
187084,747,0.0,3.0,0.0,1,1,1,1,0,0,1,0
187503,3623,0.0,6.0,0.0,1,1,1,1,0,0,1,0
187671,4042,0.0,0.0,0.0,3,1,1,3,0,0,1,2
187886,1013,0.0,0.0,0.0,11,6,2,1,9,0,2,0
188219,3826,0.0,5.0,1.0,4,1,1,1,3,0,1,0
188335,3734,0.0,4.0,1.0,15,6,3,1,14,0,1,0
188388,897,0.0,5.0,0.0,3,1,1,2,1,0,1,1
188428,2482,0.0,3.0,0.0,2,1,1,1,1,0,1,0
188632,2273,0.0,0.0,0.0,12,3,1,2,10,1,1,0
18928,1340,0.0,2.0,0.0,36,17,5,8,32,0,3,1
189839,4558,0.0,2.0,0.0,2,1,1,2,1,0,1,0
189864,4848,0.0,0.0,1.0,7,3,2,1,6,0,1,0
190480,3734,0.0,5.0,0.0,19,12,5,1,18,0,1,0
190832,1090,0.0,0.0,0.0,13,4,1,5,12,0,1,0
19099,2684,0.0,0.0,0.0,16,12,6,4,14,0,2,0
191557,1760,0.0,6.0,1.0,2,1,1,1,1,0,1,0
191955,104,0.0,0.0,0.0,6,2,1,1,4,0,2,0
192173,1487,0.0,3.0,0.0,6,2,1,1,5,0,1,0
192421,4282,0.0,0.0,1.0,20,12,4,1,18,0,2,0
192754,3819,0.0,6.0,0.0,2,1,1,1,1,0,1,0
19337,1500,0.0,0.0,1.0,1,1,1,1,0,0,1,0
193885,1203,0.0,5.0,0.0,24,18,7,3,21,0,1,2
194332,4150,0.0,3.0,null,3,1,1,2,2,0,1,0
194688,2273,0.0,3.0,1.0,5,1,1,2,3,0,1,1
195094,498,0.0,4.0,1.0,3,1,1,1,2,0,1,0
195416,4173,0.0,0.0,0.0,36,22,8,1,34,0,1,1
195794,3621,0.0,2.0,1.0,1,1,1,1,0,0,1,0
196244,4744,0.0,0.0,1.0,3,1,1,1,2,0,1,0
197033,608,0.0,0.0,0.0,10,2,1,1,9,0,1,0
197311,2727,0.0,3.0,0.0,2,1,1,1,1,0,1,0
197910,590,0.0,4.0,1.0,12,7,1,1,11,0,1,0
198351,4044,0.0,6.0,1.0,6,3,1,1,5,0,1,0
198637,3230,0.0,3.0,1.0,12,4,2,2,10,0,1,1
198999,742,0.0,4.0,0.0,3,2,2,1,2,0,1,0
199650,4585,0.0,2.0,0.0,6,3,1,1,4,0,2,0
199827,4585,1.0,6.0,0.0,7,4,2,1,6,0,1,0
199984,1884,0.0,0.0,1.0,7,2,2,3,6,0,1,0
200381,429,0.0,3.0,1.0,1,1,1,1,0,0,1,0
200600,4026,0.0,0.0,0.0,3,1,1,1,1,0,1,1
200646,4009,0.0,0.0,2.0,4,2,2,1,3,0,1,0
200652,1216,0.0,0.0,0.0,6,2,3,2,4,1,1,0
201473,1840,0.0,0.0,0.0,2,1,1,1,1,0,1,0
20150,3734,0.0,3.0,1.0,3,1,1,1,2,0,1,0
201884,574,0.0,0.0,0.0,5,3,1,1,4,0,1,0
201905,603,0.0,0.0,0.0,11,5,3,2,10,0,1,0
202371,2031,0.0,0.0,1.0,4,1,1,1,3,0,1,0
202463,416,0.0,3.0,0.0,24,19,5,4,21,0,3,0
202799,4954,0.0,4.0,0.0,8,5,2,1,7,0,1,0
203031,2353,0.0,3.0,1.0,11,1,1,5,8,0,1,2
203067,3314,0.0,3.0,0.0,3,1,1,1,2,0,1,0
203071,2081,0.0,null,null,19,5,1,4,18,0,1,0
20316,2317,0.0,2.0,0.0,1,1,1,1,0,0,1,0
203181,4739,0.0,2.0,0.0,3,2,2,1,2,0,1,0
203419,3955,0.0,5.0,1.0,4,3,2,2,3,0,1,0
204020,4871,0.0,2.0,1.0,2,1,1,1,1,0,1,0
204298,2124,0.0,4.0,0.0,5,2,1,1,4,0,1,0
204774,879,0.0,3.0,1.0,7,2,2,2,6,0,1,0
204875,4079,0.0,6.0,1.0,3,1,1,1,2,0,1,0
205415,2559,0.0,4.0,0.0,9,3,1,2,8,0,1,0
205453,1861,0.0,0.0,1.0,4,1,1,1,3,0,1,0
206513,3335,0.0,7.0,0.0,5,1,1,2,3,0,1,1
206882,1760,0.0,0.0,0.0,1,1,1,1,0,0,1,0
206924,1272,0.0,null,null,9,1,1,2,7,0,1,1
207013,4585,0.0,3.0,0.0,9,2,1,1,6,0,2,1
207642,2072,0.0,2.0,0.0,1,1,1,1,0,0,1,0
20775,2173,0.0,5.0,0.0,7,6,1,2,6,0,1,0
208090,1283,0.0,2.0,0.0,10,3,2,3,6,0,2,2
208278,4256,0.0,0.0,0.0,3,1,1,2,2,0,1,0
208576,4775,0.0,3.0,0.0,13,3,2,4,11,0,1,1
209271,1200,0.0,4.0,2.0,5,1,1,1,3,0,1,1
209623,1487,0.0,6.0,0.0,11,5,1,3,10,0,1,0
210023,3080,0.0,0.0,0.0,31,8,3,1,28,0,3,0
210069,1884,0.0,4.0,0.0,21,5,1,5,16,0,1,4
210137,3102,0.0,0.0,0.0,25,5,2,2,23,0,1,1
210215,742,0.0,3.0,1.0,1,1,1,1,0,0,1,0
210232,1056,0.0,0.0,2.0,14,6,4,2,9,0,5,0
210528,10,0.0,0.0,0.0,9,5,1,1,6,2,1,0
210793,3826,1.0,3.0,1.0,4,2,1,1,3,0,1,0
211387,2066,0.0,2.0,0.0,12,5,1,2,10,0,1,1
211422,3227,0.0,0.0,0.0,7,2,2,1,5,0,1,1
21275,4099,0.0,4.0,0.0,2,1,1,1,0,0,1,1
212782,2465,0.0,0.0,1.0,8,4,1,1,7,0,1,0
213934,3057,0.0,4.0,0.0,6,2,2,4,5,0,1,0
213962,2664,0.0,4.0,0.0,21,14,3,1,20,0,1,0
213978,4762,0.0,6.0,1.0,5,1,1,1,4,0,1,0
213993,4234,0.0,2.0,0.0,8,3,2,2,7,0,1,0
214044,4052,0.0,0.0,0.0,5,1,1,1,4,0,1,0
214231,2721,1.0,6.0,0.0,12,4,2,3,11,0,1,0
214261,2325,0.0,null,null,11,4,4,2,9,0,2,0
21482,3173,0.0,2.0,1.0,2,1,1,1,1,0,1,0
215334,4129,0.0,4.0,1.0,20,10,1,3,17,0,2,1
216000,1618,0.0,3.0,1.0,22,12,3,1,20,0,2,0
216125,1618,0.0,0.0,1.0,5,1,1,1,4,0,1,0
216320,1488,0.0,2.0,1.0,3,1,1,1,2,0,1,0
216325,968,0.0,4.0,0.0,25,7,4,1,21,0,4,0
216480,46,0.0,4.0,0.0,3,2,1,1,2,0,1,0
216928,200,0.0,3.0,1.0,2,1,1,1,1,0,1,0
217255,2776,0.0,3.0,1.0,3,2,2,1,0,0,2,1
217343,1577,0.0,0.0,0.0,15,1,1,3,13,0,1,1
217564,2278,1.0,0.0,0.0,4,3,2,2,2,0,2,0
217804,3536,0.0,3.0,0.0,1,1,1,1,0,0,1,0
218115,2916,0.0,3.0,0.0,5,1,1,1,4,0,1,0
218282,3152,0.0,6.0,1.0,2,1,1,1,1,0,1,0
218284,1708,0.0,3.0,1.0,9,1,1,2,8,0,1,0
218416,3018,0.0,3.0,0.0,4,1,1,1,3,0,1,0
218940,3536,0.0,3.0,0.0,9,3,1,2,8,0,1,0
219137,2173,0.0,6.0,0.0,8,2,1,1,6,0,1,1
219595,1944,0.0,6.0,1.0,2,1,1,1,1,0,1,0
220063,2752,0.0,0.0,0.0,29,7,3,2,24,0,5,0
220063,396,0.0,0.0,0.0,11,2,1,1,7,0,4,0
220079,1075,0.0,5.0,0.0,2,1,1,1,1,0,1,0
220445,1875,0.0,0.0,0.0,24,6,2,4,21,0,2,1
22079,598,0.0,2.0,0.0,11,3,2,2,10,0,1,0
220820,1487,1.0,6.0,0.0,3,1,1,1,2,0,1,0
220852,3484,0.0,5.0,2.0,8,4,2,1,6,1,1,0
220862,4177,0.0,6.0,1.0,4,1,1,1,3,0,1,0
221558,1667,0.0,4.0,0.0,12,5,2,2,9,0,2,1
222394,4585,0.0,2.0,0.0,2,1,1,2,1,0,1,0
223096,4394,0.0,0.0,0.0,4,1,1,1,2,0,1,1
224394,2721,0.0,0.0,0.0,9,7,1,1,8,0,1,0
224529,4826,0.0,2.0,0.0,2,1,1,1,0,0,2,0
224763,2669,0.0,3.0,0.0,11,5,1,1,10,0,1,0
224765,4871,1.0,3.0,1.0,21,6,3,1,18,0,3,0
2250,1618,0.0,0.0,1.0,89,41,8,5,84,0,2,3
22524,2313,0.0,4.0,1.0,5,1,1,1,4,0,1,0
225383,4042,0.0,4.0,1.0,2,1,1,1,1,0,1,0
2255,1833,0.0,3.0,0.0,7,4,3,1,6,0,1,0
225769,10,0.0,6.0,0.0,10,5,3,2,9,0,1,0
225965,3578,0.0,6.0,0.0,1,1,1,1,0,0,1,0
22614,4585,0.0,0.0,1.0,2,1,1,1,1,0,1,0
226690,3835,0.0,4.0,0.0,3,1,1,1,2,0,1,0
226917,2273,0.0,0.0,0.0,3,1,1,1,2,0,1,0
227021,1520,0.0,0.0,0.0,2,1,1,1,1,0,1,0
227106,4044,0.0,2.0,1.0,10,4,2,1,9,0,1,0
227937,2175,0.0,3.0,0.0,2,2,1,2,0,0,1,1
227976,1911,0.0,0.0,0.0,35,13,1,3,31,0,1,3
228112,4775,0.0,6.0,0.0,4,2,1,1,2,0,2,0
228289,1833,0.0,3.0,1.0,10,5,1,2,9,0,1,0
229258,698,0.0,5.0,0.0,17,10,5,6,11,0,6,0
229498,3609,0.0,2.0,0.0,4,1,1,1,3,0,1,0
2299,361,0.0,3.0,1.0,2,1,1,1,1,0,1,0
230184,293,0.0,4.0,1.0,1,1,1,1,0,0,1,0
230752,3205,0.0,0.0,0.0,13,8,2,2,12,0,1,0
231196,1466,1.0,5.0,0.0,2,1,1,1,1,0,1,0
232075,4842,0.0,2.0,0.0,32,2,1,5,28,0,1,3
232188,1200,0.0,4.0,1.0,2,1,1,1,1,0,1,0
232261,1133,0.0,0.0,1.0,24,15,2,2,23,0,1,0
23231,3828,0.0,0.0,null,9,3,2,1,6,0,1,2
232507,3022,0.0,3.0,0.0,5,1,1,1,3,0,2,0
232510,4525,0.0,6.0,0.0,1,1,1,1,0,0,1,0
23302,3828,1.0,5.0,1.0,11,10,8,5,9,0,2,0
233084,1557,0.0,4.0,1.0,16,11,7,1,14,0,2,0
233321,3826,0.0,0.0,null,1,1,1,1,0,0,1,0
233350,4078,0.0,3.0,0.0,6,3,2,1,3,0,3,0
233663,1467,1.0,6.0,0.0,2,1,1,1,1,0,1,0
233992,4079,0.0,5.0,0.0,1,1,1,1,0,0,1,0
234131,1443,0.0,4.0,1.0,12,3,2,1,10,0,1,1
23436,3828,0.0,6.0,1.0,1,1,1,1,0,0,1,0
234414,1416,0.0,5.0,0.0,8,1,1,2,7,0,1,0
23538,4340,0.0,4.0,0.0,2,1,1,1,1,0,1,0
235523,2824,0.0,0.0,0.0,12,3,2,2,11,0,1,0
235741,3225,0.0,4.0,0.0,5,3,1,1,4,0,1,0
235819,2318,0.0,0.0,0.0,5,2,1,2,3,0,1,1
235856,3599,0.0,4.0,0.0,30,15,3,3,28,1,1,0
235936,1861,0.0,3.0,0.0,5,1,1,2,4,0,1,0
235954,4078,0.0,0.0,0.0,2,1,1,1,0,0,1,1
23612,2149,0.0,4.0,0.0,3,1,1,1,2,0,1,0
236169,2721,0.0,5.0,1.0,46,25,1,2,45,0,1,0
236384,191,0.0,3.0,0.0,37,10,7,3,33,0,1,3
236476,962,0.0,3.0,1.0,6,2,1,1,5,0,1,0
236789,3645,0.0,6.0,0.0,14,4,2,3,13,0,1,0
236856,3576,0.0,3.0,0.0,5,1,1,2,3,0,1,1
237044,4558,0.0,3.0,0.0,4,2,1,1,2,0,2,0
238124,2138,0.0,0.0,null,17,9,3,2,12,0,2,3
238167,4044,0.0,2.0,0.0,5,3,2,1,4,0,1,0
238812,1050,0.0,4.0,0.0,4,1,1,1,3,0,1,0
239265,1708,0.0,4.0,0.0,15,4,1,4,13,0,2,0
239306,4860,0.0,0.0,0.0,8,2,1,1,7,0,1,0
23961,4332,0.0,6.0,0.0,3,1,1,1,2,0,1,0
239754,4198,0.0,3.0,1.0,2,1,1,1,1,0,1,0
240247,3163,0.0,0.0,0.0,4,1,1,1,2,0,2,0
240915,606,0.0,2.0,0.0,71,37,10,11,59,0,1,11
240932,1816,0.0,3.0,0.0,10,2,2,1,8,0,2,0
241013,1557,0.0,2.0,1.0,2,1,1,1,1,0,1,0
24119,2943,0.0,4.0,1.0,16,5,1,3,15,0,1,0
241577,10,0.0,3.0,0.0,63,18,3,1,57,0,1,5
241623,4090,0.0,0.0,0.0,4,1,1,2,3,0,1,0
241997,608,0.0,4.0,0.0,5,3,2,1,4,0,1,0
242074,1900,0.0,7.0,1.0,3,1,1,1,2,0,1,0
242124,2537,0.0,4.0,0.0,2,1,1,1,1,0,1,0
242225,1963,0.0,0.0,0.0,37,10,1,12,35,0,2,0
242309,2138,0.0,4.0,0.0,3,1,1,1,2,0,1,0
242825,1031,0.0,3.0,0.0,17,6,2,1,16,0,1,0
243177,168,0.0,4.0,2.0,1,1,1,1,0,0,1,0
243767,2582,0.0,3.0,1.0,8,4,2,1,7,0,1,0
244164,3828,0.0,4.0,0.0,101,78,16,6,100,0,1,0
244358,415,0.0,3.0,1.0,8,4,3,1,6,0,2,0
244487,4808,1.0,6.0,1.0,10,4,1,3,8,0,2,0
244525,2916,0.0,0.0,0.0,2,1,1,2,0,0,1,1
244864,310,0.0,2.0,1.0,10,2,2,1,9,0,1,0
244883,4760,0.0,3.0,0.0,30,8,4,3,25,0,4,1
245154,2173,0.0,4.0,0.0,17,11,2,1,16,0,1,0
24527,4499,0.0,2.0,0.0,2,1,1,1,1,0,1,0
245524,1861,0.0,3.0,0.0,6,3,1,1,5,0,1,0
245600,625,0.0,2.0,1.0,1,1,1,1,0,0,1,0
245641,2477,0.0,6.0,0.0,82,28,10,4,76,0,6,0
246042,66,0.0,6.0,0.0,1,1,1,1,0,0,1,0
246393,742,0.0,3.0,0.0,18,3,2,4,15,0,2,1
246753,3915,0.0,0.0,1.0,9,1,1,1,8,0,1,0
247306,2403,0.0,8.0,0.0,4,2,1,2,3,0,1,0
247596,2459,0.0,0.0,0.0,3,1,1,1,2,0,1,0
24902,794,0.0,5.0,0.0,6,3,1,1,5,0,1,0
249045,1659,0.0,0.0,1.0,3,2,1,1,2,0,1,0
249461,756,0.0,4.0,1.0,1,1,1,1,0,0,1,0
249602,268,0.0,3.0,0.0,5,2,1,1,4,0,1,0
249957,4966,0.0,0.0,1.0,3,1,1,1,1,0,1,1
250649,2180,0.0,4.0,0.0,7,2,2,1,3,0,2,2
251081,1093,0.0,4.0,1.0,6,2,1,2,5,0,1,0
251089,257,0.0,2.0,0.0,6,1,1,3,4,0,1,1
252231,2891,0.0,0.0,0.0,1,1,1,1,0,0,1,0
252551,1679,0.0,4.0,0.0,36,14,3,2,33,0,1,2
252684,3734,0.0,3.0,0.0,1,1,1,1,0,0,1,0
252814,2128,0.0,3.0,0.0,3,1,1,1,2,0,1,0
252899,114,0.0,4.0,0.0,14,3,3,1,13,0,1,0
253155,4372,0.0,3.0,0.0,3,2,1,1,2,0,1,0
253200,1832,0.0,5.0,0.0,3,1,1,1,2,0,1,0
253264,66,0.0,6.0,0.0,13,4,1,1,12,0,1,0
253399,4325,0.0,4.0,1.0,2,1,1,1,1,0,1,0
253722,3865,0.0,2.0,2.0,12,5,5,3,6,0,5,1
253766,3116,0.0,6.0,1.0,23,10,6,1,20,0,3,0
254040,2128,1.0,3.0,0.0,7,5,3,1,6,0,1,0
254122,2664,0.0,5.0,0.0,40,28,1,3,37,0,2,1
254202,606,0.0,0.0,1.0,5,3,1,1,4,0,1,0
254315,3929,0.0,4.0,1.0,3,1,1,1,2,0,1,0
254841,3501,0.0,4.0,1.0,10,10,6,2,8,0,2,0
255301,2913,0.0,3.0,0.0,9,3,1,1,8,0,1,0
255570,941,0.0,2.0,1.0,21,10,2,3,19,0,2,0
255723,4504,0.0,3.0,0.0,18,12,1,1,17,0,1,0
255745,2193,0.0,2.0,0.0,4,1,1,1,3,0,1,0
256001,1900,0.0,4.0,0.0,1,1,1,1,0,0,1,0
256243,1031,0.0,0.0,0.0,5,2,1,1,4,0,1,0
256266,4170,0.0,0.0,0.0,12,4,1,2,10,0,2,0
256516,2791,0.0,2.0,0.0,22,7,3,3,19,0,1,2
256681,2131,0.0,2.0,0.0,1,1,1,1,0,0,1,0
25684,1760,0.0,null,null,2,2,2,1,0,0,2,0
257185,2821,0.0,6.0,2.0,10,1,1,2,9,0,1,0
257568,4394,0.0,5.0,1.0,4,1,1,1,3,0,1,0
25825,1102,0.0,6.0,0.0,6,1,1,2,4,0,1,1
258586,2821,0.0,5.0,1.0,6,2,1,1,5,0,1,0
258740,574,0.0,7.0,0.0,12,1,1,3,11,0,1,0
259577,467,0.0,0.0,0.0,7,2,2,3,4,0,1,2
259657,643,0.0,6.0,0.0,1,1,1,1,0,0,1,0
260160,358,0.0,0.0,0.0,19,3,1,6,18,0,1,0
260266,3323,0.0,4.0,1.0,4,2,1,1,3,0,1,0
260662,4042,0.0,0.0,0.0,6,2,2,1,5,0,1,0
260910,63,0.0,3.0,0.0,10,4,4,3,9,0,1,0
26126,1250,0.0,0.0,0.0,3,1,1,1,2,0,1,0
261370,2872,0.0,3.0,0.0,10,1,1,1,9,0,1,0
262675,3065,0.0,5.0,1.0,5,2,1,1,4,0,1,0
262827,2313,0.0,5.0,0.0,2,1,1,1,1,0,1,0
263564,2459,0.0,5.0,1.0,4,1,1,2,3,0,1,0
263711,3571,0.0,7.0,0.0,4,1,1,1,3,0,1,0
264009,1892,1.0,4.0,0.0,7,3,2,2,6,0,1,0
264295,314,0.0,0.0,0.0,8,3,2,3,7,0,1,0
264404,472,0.0,6.0,0.0,9,1,1,1,8,0,1,0
264603,4554,0.0,6.0,0.0,13,2,1,4,11,0,2,0
264928,374,0.0,4.0,0.0,10,2,2,3,9,0,1,0
265219,3578,0.0,0.0,0.0,2,1,1,2,0,0,1,1
265376,598,0.0,2.0,1.0,9,1,1,1,8,0,1,0
265390,1464,0.0,3.0,0.0,7,3,1,2,6,0,1,0
265563,1448,0.0,0.0,0.0,5,1,1,1,4,0,1,0
267542,4043,0.0,3.0,0.0,5,2,2,2,4,0,1,0
267750,3912,0.0,4.0,0.0,5,2,2,2,3,0,2,0
268405,1131,0.0,4.0,0.0,68,21,6,4,67,0,1,0
26856,2856,0.0,3.0,0.0,1,1,1,1,0,0,1,0
268580,67,0.0,2.0,0.0,6,2,1,2,4,0,1,1
268607,4539,0.0,4.0,1.0,3,1,1,2,2,0,1,0
268835,963,0.0,5.0,0.0,1,1,1,1,0,0,1,0
268956,4050,0.0,6.0,0.0,3,1,1,2,2,0,1,0
269252,1031,0.0,0.0,0.0,10,2,1,1,7,0,1,2
269288,4764,0.0,5.0,0.0,1,1,1,1,0,0,1,0
269862,1827,0.0,0.0,0.0,9,2,1,1,8,0,1,0
270536,426,0.0,2.0,1.0,10,3,2,4,9,0,1,0
270868,3484,0.0,3.0,1.0,3,1,1,2,2,0,1,0
271051,3734,0.0,4.0,0.0,8,1,1,2,7,0,1,0
271145,653,0.0,3.0,1.0,21,12,6,1,17,0,1,3
271513,2537,0.0,3.0,0.0,4,2,1,2,3,0,1,0
271756,437,0.0,3.0,1.0,1,1,1,1,0,0,1,0
271777,2886,0.0,5.0,0.0,10,1,1,1,9,0,1,0
272248,1910,0.0,0.0,0.0,3,1,1,2,2,0,1,0
272689,3828,0.0,4.0,1.0,6,2,2,2,5,0,1,0
27315,3984,0.0,6.0,1.0,14,4,3,3,13,0,1,0
273314,960,0.0,2.0,0.0,22,7,1,4,21,0,1,0
273508,2545,0.0,0.0,1.0,19,6,3,2,17,0,2,0
274174,570,0.0,5.0,1.0,30,9,5,4,22,0,6,2
27512,152,0.0,0.0,0.0,2,1,1,2,1,0,1,0
275320,2221,0.0,6.0,0.0,2,1,1,1,1,0,1,0
275915,1840,0.0,4.0,0.0,6,3,1,2,5,0,1,0
276139,4170,0.0,3.0,0.0,6,2,1,1,4,0,2,0
276279,2459,0.0,3.0,null,9,4,2,1,8,0,1,0
276374,4083,0.0,4.0,0.0,15,1,1,2,13,0,2,0
277144,4471,0.0,5.0,1.0,6,1,1,1,5,0,1,0
277236,4427,0.0,4.0,0.0,10,4,2,3,8,0,2,0
277290,2099,0.0,5.0,0.0,10,4,2,1,9,0,1,0
277807,145,0.0,2.0,0.0,7,2,1,1,6,0,1,0
27819,2031,0.0,2.0,0.0,4,1,1,2,3,0,1,0
278605,3586,0.0,4.0,0.0,14,8,4,1,11,0,3,0
278743,1618,0.0,0.0,1.0,9,7,1,1,8,0,1,0
278843,361,0.0,0.0,0.0,6,3,1,1,5,0,1,0
278881,1102,0.0,0.0,0.0,14,5,3,3,13,0,1,0
278884,3205,0.0,5.0,0.0,2,1,1,1,1,0,1,0
279164,685,0.0,5.0,0.0,2,2,2,2,1,0,1,0
279249,3971,0.0,0.0,1.0,4,1,1,1,3,0,1,0
279418,2565,0.0,6.0,0.0,10,3,1,2,8,0,2,0
279424,1963,0.0,6.0,0.0,13,7,2,4,12,0,1,0
28002,66,0.0,2.0,0.0,7,3,1,2,5,0,2,0
280260,621,0.0,2.0,1.0,6,1,1,2,5,0,1,0
280650,2459,0.0,6.0,0.0,3,1,1,1,2,0,1,0
281940,4394,0.0,2.0,0.0,1,1,1,1,0,0,1,0
282153,3225,0.0,0.0,0.0,6,1,1,2,5,0,1,0
282830,2810,0.0,3.0,1.0,2,1,1,1,1,0,1,0
283136,4042,0.0,4.0,1.0,2,1,1,1,1,0,1,0
284484,1892,0.0,3.0,0.0,17,11,9,4,16,0,1,0
284560,3585,0.0,4.0,1.0,69,14,2,4,62,0,2,5
284995,4394,0.0,0.0,0.0,4,1,1,1,3,0,1,0
285048,4648,0.0,0.0,0.0,3,1,1,1,2,0,1,0
285437,3655,0.0,0.0,0.0,4,2,1,1,3,0,1,0
285472,962,0.0,4.0,0.0,1,1,1,1,0,0,1,0
285654,503,0.0,0.0,0.0,3,2,1,1,2,0,1,0
286150,121,0.0,6.0,0.0,15,9,4,4,12,0,1,2
28616,1272,0.0,2.0,0.0,10,1,1,4,8,0,1,1
286189,839,0.0,6.0,1.0,2,1,1,1,1,0,1,0
286528,3103,0.0,3.0,1.0,4,3,1,1,3,0,1,0
286738,1760,0.0,0.0,0.0,9,4,1,1,6,0,3,0
286983,3828,0.0,3.0,0.0,92,39,12,7,89,0,2,1
287436,4079,0.0,0.0,0.0,3,1,1,1,2,0,1,0
287495,4850,0.0,3.0,0.0,16,3,1,1,15,0,1,0
288554,1073,0.0,4.0,0.0,3,1,1,1,2,0,1,0
288593,4309,0.0,3.0,1.0,3,1,1,2,2,0,1,0
288925,2273,0.0,2.0,0.0,1,1,1,1,0,0,1,0
289000,3205,0.0,4.0,0.0,3,1,1,2,2,0,1,0
289038,1356,0.0,2.0,0.0,4,2,1,2,3,0,1,0
289243,1997,0.0,3.0,0.0,13,2,2,2,12,0,1,0
289254,778,0.0,4.0,0.0,2,1,1,2,0,0,1,1
289384,3355,0.0,null,null,4,1,1,1,3,0,1,0
289396,1511,1.0,6.0,0.0,6,3,1,2,5,0,1,0
289544,2273,0.0,4.0,0.0,16,7,1,4,15,0,1,0
289555,3472,0.0,6.0,0.0,3,1,1,1,2,0,1,0
289843,4048,0.0,0.0,0.0,11,5,1,1,9,0,2,0
290387,3173,0.0,0.0,0.0,2,1,1,1,1,0,1,0
290591,4731,0.0,4.0,2.0,25,5,2,3,19,0,1,5
291018,563,0.0,5.0,1.0,6,2,2,1,4,0,2,0
291560,4542,0.0,2.0,0.0,10,3,1,1,9,0,1,0
291622,1437,0.0,0.0,2.0,20,4,1,2,17,0,1,2
291965,2099,0.0,6.0,0.0,2,1,1,1,1,0,1,0
292229,4044,1.0,3.0,0.0,17,11,5,1,16,0,1,0
292389,3102,0.0,4.0,0.0,27,12,5,6,23,0,1,3
292632,2752,0.0,4.0,0.0,3,2,1,2,2,0,1,0
292696,1115,0.0,2.0,1.0,3,1,1,1,2,0,1,0
292711,606,0.0,3.0,1.0,4,4,3,3,3,0,1,0
292775,1911,0.0,6.0,0.0,5,2,2,2,4,0,1,0
292975,4450,0.0,0.0,0.0,18,8,4,3,16,0,1,1
29332,58,0.0,3.0,0.0,1,1,1,1,0,0,1,0
293424,2879,0.0,0.0,1.0,14,1,1,2,12,0,2,0
293565,2145,0.0,4.0,1.0,2,1,1,2,1,0,1,0
293586,1339,0.0,0.0,0.0,2,1,1,1,1,0,1,0
293662,3891,0.0,4.0,2.0,2,1,1,1,1,0,1,0
294002,2642,0.0,0.0,1.0,5,1,1,1,4,0,1,0
294026,121,0.0,4.0,0.0,6,5,2,2,5,0,1,0
294357,121,0.0,3.0,0.0,6,4,3,2,5,0,1,0
294389,4256,0.0,0.0,0.0,15,2,1,3,13,0,1,1
295326,2193,0.0,3.0,1.0,1,1,1,1,0,0,1,0
295482,437,0.0,0.0,0.0,24,17,2,2,23,0,1,0
296915,3161,0.0,5.0,0.0,8,4,2,1,6,0,2,0
296921,1384,0.0,3.0,1.0,6,1,1,3,4,0,1,1
297438,1618,0.0,3.0,1.0,31,6,2,2,28,0,1,2
29744,2537,0.0,0.0,0.0,3,1,1,1,2,0,1,0
298728,798,0.0,2.0,0.0,3,2,2,2,2,0,1,0
298891,4976,0.0,4.0,0.0,86,44,13,8,83,0,3,0
299357,1296,1.0,4.0,0.0,10,5,1,2,9,0,1,0
29955,58,0.0,3.0,1.0,5,1,1,2,4,0,1,0
299646,1062,0.0,0.0,0.0,20,6,3,1,17,0,3,0
300043,4173,0.0,5.0,1.0,17,3,1,2,16,0,1,0
300064,4090,0.0,0.0,0.0,6,2,1,2,5,0,1,0
300508,4666,0.0,0.0,0.0,23,12,1,1,19,0,4,0
301305,2149,0.0,3.0,0.0,10,5,1,1,9,0,1,0
301659,2051,0.0,2.0,1.0,3,1,1,1,2,0,1,0
301797,63,0.0,3.0,0.0,3,1,1,2,2,0,1,0
30201,3284,0.0,7.0,1.0,12,7,4,1,10,0,2,0
302104,2664,0.0,4.0,1.0,2,1,1,1,1,0,1,0
302183,3460,0.0,3.0,0.0,2,1,1,1,1,0,1,0
302423,798,0.0,3.0,0.0,6,2,2,2,5,0,1,0
302577,1393,0.0,0.0,0.0,21,14,10,7,13,0,2,6
302681,1978,0.0,4.0,1.0,2,1,1,1,1,0,1,0
302689,1102,0.0,4.0,0.0,20,9,3,5,19,0,1,0
303100,3734,0.0,3.0,1.0,22,7,4,5,19,0,2,1
303213,2149,0.0,2.0,0.0,1,1,1,1,0,0,1,0
303343,798,0.0,3.0,0.0,7,2,2,2,6,0,1,0
303960,145,0.0,3.0,0.0,2,1,1,1,1,0,1,0
304317,474,0.0,5.0,0.0,10,5,5,2,9,0,1,0
304538,2869,0.0,3.0,0.0,1,1,1,1,0,0,1,0
304667,1203,0.0,4.0,1.0,5,4,2,1,4,0,1,0
304673,4044,0.0,5.0,1.0,4,1,1,1,3,0,1,0
304972,4976,0.0,3.0,0.0,11,7,2,7,10,0,1,0
30546,4864,1.0,4.0,0.0,3,3,1,3,2,0,1,0
305487,1453,1.0,6.0,0.0,12,10,2,3,11,0,1,0
306030,1028,0.0,4.0,1.0,21,6,1,2,19,0,2,0
306048,2579,0.0,2.0,0.0,15,7,3,3,12,0,1,2
306637,1487,0.0,3.0,0.0,7,3,2,3,6,0,1,0
306660,1916,0.0,4.0,0.0,9,3,1,3,7,0,1,1
306904,4294,0.0,3.0,0.0,4,1,1,2,2,0,1,1
306972,3938,1.0,4.0,0.0,3,1,1,1,2,0,1,0
307236,159,0.0,3.0,0.0,5,1,1,1,4,0,1,0
307468,3509,0.0,6.0,0.0,1,1,1,1,0,0,1,0
307506,4177,0.0,6.0,1.0,17,4,1,2,16,0,1,0
308192,4173,0.0,5.0,0.0,77,40,10,18,64,0,1,12
308558,1704,0.0,0.0,1.0,3,2,1,2,2,0,1,0
308912,4042,0.0,4.0,0.0,8,1,1,2,6,0,2,0
309034,598,0.0,4.0,1.0,3,2,1,1,2,0,1,0
309262,1840,0.0,4.0,1.0,2,1,1,1,1,0,1,0
309850,4385,0.0,4.0,0.0,3,1,1,1,2,0,1,0
309893,933,0.0,0.0,0.0,5,1,1,1,4,0,1,0
309896,4747,0.0,2.0,0.0,3,1,1,1,2,0,1,0
310159,3088,1.0,0.0,0.0,27,7,2,2,24,0,3,0
310358,2556,0.0,3.0,0.0,1,1,1,1,0,0,1,0
310701,4043,0.0,3.0,0.0,26,11,6,7,21,0,3,2
310772,3723,0.0,2.0,0.0,5,1,1,1,3,0,2,0
310894,4044,0.0,2.0,1.0,24,17,6,1,23,0,1,0
310965,2981,0.0,2.0,0.0,7,2,2,1,6,0,1,0
31112,2482,1.0,3.0,0.0,5,4,4,1,1,0,4,0
311650,3779,0.0,0.0,0.0,2,1,1,1,0,0,2,0
312419,3965,0.0,3.0,0.0,2,1,1,1,1,0,1,0
313414,1102,0.0,2.0,0.0,6,3,2,2,5,0,1,0
313925,3345,0.0,0.0,0.0,3,1,1,1,2,0,1,0
314120,4542,0.0,4.0,1.0,3,1,1,1,2,0,1,0
314559,3826,1.0,0.0,0.0,2,1,1,1,0,0,1,1
314736,3484,0.0,0.0,1.0,7,2,2,2,5,0,2,0
315216,320,0.0,0.0,0.0,18,5,5,2,17,0,1,0
315329,3794,0.0,0.0,1.0,1,1,1,1,0,0,1,0
315825,1890,0.0,4.0,0.0,9,1,1,3,8,0,1,0
315833,790,0.0,0.0,0.0,44,22,10,5,40,0,4,0
316170,1356,0.0,5.0,0.0,30,11,4,4,26,0,1,3
316312,4340,0.0,5.0,0.0,14,6,4,1,12,0,2,0
316463,2236,0.0,4.0,1.0,11,3,3,1,8,0,3,0
316623,3941,0.0,4.0,0.0,4,1,1,1,3,0,1,0
317337,2173,0.0,4.0,0.0,9,6,1,1,7,0,2,0
317532,1067,0.0,3.0,1.0,10,2,1,2,8,0,1,1
318004,3075,0.0,0.0,0.0,1,1,1,1,0,0,1,0
318127,1667,0.0,4.0,1.0,10,2,2,1,9,0,1,0
31831,1861,0.0,4.0,0.0,2,1,1,2,1,0,1,0
31832,415,1.0,6.0,0.0,6,2,1,1,5,0,1,0
318672,4796,0.0,3.0,0.0,31,15,7,1,25,0,6,0
319841,2441,0.0,2.0,0.0,2,1,1,1,1,0,1,0
320340,747,0.0,3.0,0.0,6,1,1,1,5,0,1,0
320394,4894,1.0,5.0,0.0,4,2,2,3,3,0,1,0
320551,804,1.0,4.0,0.0,1,1,1,1,0,0,1,0
321165,1703,0.0,0.0,0.0,5,1,1,1,4,0,1,0
321301,246,0.0,3.0,1.0,3,1,1,1,2,0,1,0
321737,2652,0.0,0.0,0.0,15,9,4,2,13,0,2,0
321967,503,0.0,5.0,0.0,18,3,1,4,16,0,2,0
322114,4090,0.0,4.0,0.0,4,1,1,1,3,0,1,0
322491,2928,1.0,3.0,1.0,128,30,4,4,125,0,3,0
322515,121,0.0,5.0,1.0,13,2,1,2,9,0,2,2
323170,323,0.0,5.0,0.0,4,2,1,2,3,0,1,0
323466,1557,0.0,3.0,1.0,10,3,1,2,9,0,1,0
323998,596,0.0,0.0,0.0,3,1,1,2,2,0,1,0
324449,3941,0.0,3.0,0.0,11,3,2,2,8,0,1,2
324500,358,0.0,3.0,1.0,21,4,1,3,18,0,2,1
324644,4044,0.0,0.0,0.0,24,8,2,3,22,0,2,0
32476,2138,0.0,3.0,0.0,2,1,1,1,1,0,1,0
325278,2639,0.0,5.0,0.0,11,7,3,1,10,0,1,0
325694,2669,0.0,2.0,0.0,7,4,1,2,6,0,1,0
326218,3645,0.0,3.0,0.0,9,2,1,2,7,0,1,1
326230,1102,0.0,5.0,1.0,5,1,1,3,3,0,1,1
326250,3828,0.0,0.0,1.0,7,1,1,1,6,0,1,0
327349,3955,0.0,2.0,0.0,10,5,2,3,7,0,1,2
327467,4363,0.0,3.0,1.0,9,2,1,2,7,0,1,1
32822,2649,0.0,2.0,0.0,2,1,1,2,1,0,1,0
328396,2537,0.0,0.0,0.0,18,9,2,2,15,0,1,2
329142,643,0.0,0.0,0.0,1,1,1,1,0,0,1,0
329619,4382,0.0,3.0,0.0,8,2,1,2,7,0,1,0
329885,4705,0.0,3.0,0.0,2,1,1,1,1,0,1,0
329918,1500,0.0,4.0,0.0,5,2,2,3,3,0,1,1
330269,4711,0.0,0.0,0.0,8,1,1,3,6,0,1,1
330481,1393,0.0,4.0,1.0,3,2,2,2,2,0,1,0
330599,1574,0.0,3.0,0.0,28,7,3,1,25,0,2,1
331262,3873,0.0,3.0,1.0,6,1,1,3,5,0,1,0
331833,2138,1.0,0.0,0.0,5,2,2,1,4,0,1,0
331906,2954,0.0,4.0,2.0,11,7,6,4,10,0,1,0
331969,3420,0.0,0.0,0.0,3,1,1,1,2,0,1,0
332288,1713,0.0,3.0,0.0,3,1,1,1,2,0,1,0
332439,4256,0.0,0.0,0.0,2,2,2,2,0,0,1,1
33359,3363,0.0,3.0,0.0,2,1,1,1,1,0,1,0
334430,416,0.0,0.0,0.0,27,9,3,6,21,0,2,4
334526,4848,0.0,4.0,0.0,35,6,1,4,31,0,1,3
334704,3828,0.0,0.0,2.0,30,14,7,2,29,0,1,0
33509,191,0.0,0.0,0.0,5,2,1,1,4,0,1,0
335662,2543,0.0,3.0,0.0,4,1,1,1,3,0,1,0
336302,1143,0.0,0.0,0.0,11,1,1,2,9,0,1,1
33637,3484,0.0,2.0,0.0,17,6,1,2,14,0,1,2
336631,3734,0.0,2.0,0.0,11,4,2,4,10,0,1,0
3367,3828,1.0,6.0,0.0,15,8,3,1,14,0,1,0
336802,416,1.0,3.0,0.0,5,1,1,2,4,0,1,0
337435,1393,1.0,3.0,0.0,13,6,4,4,11,0,1,1
338084,2289,0.0,5.0,0.0,13,3,2,4,12,0,1,0
338390,3990,0.0,3.0,0.0,36,13,8,6,29,0,4,3
338422,2537,0.0,3.0,0.0,12,5,1,3,10,0,1,1
338762,2745,0.0,2.0,1.0,165,45,9,20,162,0,1,2
339675,4524,0.0,2.0,0.0,10,3,2,1,8,0,1,1
340749,3968,0.0,0.0,0.0,2,1,1,1,1,0,1,0
340946,3954,0.0,4.0,0.0,5,1,1,1,4,0,1,0
34099,3912,0.0,0.0,1.0,2,1,1,1,1,0,1,0
341082,1056,0.0,3.0,0.0,22,9,5,6,20,0,2,0
341179,2727,0.0,3.0,0.0,3,1,1,1,2,0,1,0
341183,3376,1.0,3.0,1.0,1,1,1,1,0,0,1,0
34150,1742,0.0,4.0,1.0,2,1,1,1,1,0,1,0
341552,3398,0.0,0.0,0.0,15,7,6,3,12,0,3,0
341742,3826,0.0,3.0,0.0,15,3,2,2,12,0,2,1
341933,4950,1.0,4.0,0.0,1,1,1,1,0,0,1,0
342505,1839,0.0,4.0,0.0,11,5,2,2,10,0,1,0
342761,1356,0.0,4.0,0.0,9,5,1,3,8,0,1,0
342863,2051,0.0,6.0,0.0,1,1,1,1,0,0,1,0
342946,1760,0.0,3.0,0.0,2,1,1,1,0,0,2,0
343111,1816,1.0,0.0,0.0,33,18,5,3,32,0,1,0
343494,2403,0.0,3.0,0.0,7,7,3,1,6,0,1,0
343655,2396,0.0,4.0,0.0,8,4,1,2,7,0,1,0
343660,1916,0.0,3.0,0.0,7,5,1,2,6,0,1,0
343692,4173,0.0,3.0,0.0,6,1,1,3,5,0,1,0
343993,4325,0.0,4.0,0.0,6,1,1,2,4,0,1,1
344012,242,0.0,4.0,0.0,5,2,2,1,4,0,1,0
3442,2537,1.0,0.0,0.0,4,2,2,1,3,0,1,0
344468,3635,0.0,3.0,1.0,11,2,1,5,9,0,1,1
344896,2173,0.0,3.0,1.0,15,7,2,2,13,0,2,0
344977,4659,0.0,3.0,1.0,15,9,3,2,13,0,1,1
345253,598,0.0,3.0,0.0,4,3,1,1,3,0,1,0
345257,296,1.0,4.0,0.0,3,2,1,3,2,0,1,0
345564,4659,0.0,2.0,1.0,2,1,1,1,1,0,1,0
345578,3116,0.0,0.0,0.0,4,1,1,2,3,0,1,0
345654,4318,0.0,6.0,0.0,4,1,1,1,3,0,1,0
346036,416,0.0,0.0,0.0,34,19,9,2,31,0,3,0
34667,3906,0.0,0.0,0.0,3,1,1,1,2,0,1,0
347033,1193,0.0,6.0,1.0,15,1,1,2,14,0,1,0
347113,2926,0.0,4.0,0.0,10,2,1,4,9,0,1,0
347663,474,0.0,4.0,0.0,21,11,9,2,18,0,3,0
347734,2537,0.0,3.0,0.0,4,1,1,1,3,0,1,0
348218,2318,0.0,6.0,0.0,3,1,1,1,2,0,1,0
348496,4067,0.0,0.0,0.0,2,1,1,2,1,0,1,0
348638,71,0.0,6.0,1.0,52,15,4,1,50,0,2,0
34888,4090,0.0,0.0,1.0,10,1,1,2,9,0,1,0
348963,3685,0.0,3.0,1.0,2,1,1,1,1,0,1,0
349120,141,0.0,3.0,0.0,6,6,5,2,5,0,1,0
349190,296,1.0,4.0,0.0,5,1,1,5,4,0,1,0
349618,3685,0.0,3.0,0.0,6,1,1,1,5,0,1,0
350486,1724,1.0,0.0,0.0,35,9,2,1,33,0,2,0
351464,1049,0.0,2.0,1.0,3,1,1,1,2,0,1,0
351521,2403,1.0,4.0,0.0,1,1,1,1,0,0,1,0
351895,3887,0.0,0.0,0.0,45,11,4,1,43,0,2,0
352,361,0.0,0.0,0.0,11,2,1,4,6,0,1,4
352019,3205,0.0,4.0,0.0,4,1,1,3,3,0,1,0
352070,4371,0.0,0.0,0.0,4,1,1,1,2,0,2,0
352078,1393,0.0,3.0,1.0,2,2,2,1,0,0,2,0
352266,2469,0.0,0.0,1.0,19,4,2,2,15,3,1,0
35240,3689,0.0,0.0,0.0,6,3,2,2,5,0,1,0
352499,2273,0.0,3.0,0.0,44,13,2,4,41,0,1,2
352509,4061,0.0,3.0,0.0,44,9,2,2,40,0,1,3
352686,1720,0.0,6.0,0.0,3,1,1,2,2,0,1,0
352915,3915,0.0,0.0,0.0,4,1,1,1,3,0,1,0
352926,1724,0.0,4.0,0.0,7,3,2,2,6,0,1,0
353078,1784,0.0,5.0,0.0,5,2,1,1,2,0,3,0
353184,4403,0.0,5.0,0.0,4,1,1,1,1,0,3,0
353409,1049,0.0,0.0,0.0,1,1,1,1,0,0,1,0
353463,1483,0.0,4.0,0.0,3,2,1,1,2,0,1,0
353620,1978,0.0,2.0,1.0,2,1,1,1,1,0,1,0
354350,1122,0.0,2.0,0.0,9,1,1,2,7,0,1,1
355033,1126,0.0,3.0,1.0,20,12,5,2,19,0,1,0
356098,2217,0.0,0.0,0.0,18,7,1,2,17,0,1,0
356166,989,0.0,0.0,0.0,6,1,1,3,4,0,2,0
356488,2403,0.0,6.0,1.0,2,2,2,1,0,0,2,0
356553,4048,0.0,2.0,0.0,4,1,1,1,3,0,1,0
356607,1084,0.0,3.0,0.0,4,1,1,1,3,0,1,0
356866,3893,0.0,7.0,0.0,1,1,1,1,0,0,1,0
357086,4607,0.0,4.0,1.0,19,7,4,3,17,1,1,0
357294,2537,0.0,4.0,0.0,8,5,3,2,6,0,2,0
357377,4155,0.0,3.0,1.0,9,3,2,4,7,0,1,1
35745,2649,0.0,4.0,1.0,1,1,1,1,0,0,1,0
357567,3826,0.0,7.0,1.0,10,2,1,2,9,0,1,0
35813,2928,0.0,5.0,0.0,16,6,3,2,12,0,4,0
358275,1031,0.0,4.0,1.0,2,1,1,1,1,0,1,0
358327,2803,0.0,2.0,1.0,4,1,1,1,3,0,1,0
358602,2577,0.0,4.0,2.0,10,1,1,4,9,0,1,0
358767,2273,0.0,3.0,0.0,14,4,1,1,13,0,1,0
359149,1664,0.0,4.0,0.0,1,1,1,1,0,0,1,0
359239,414,0.0,5.0,0.0,2,1,1,1,1,0,1,0
359531,3609,0.0,5.0,0.0,4,1,1,1,3,0,1,0
36051,121,0.0,4.0,2.0,5,2,1,1,4,0,1,0
360656,4976,0.0,3.0,0.0,4,2,1,1,3,0,1,0
361096,2126,0.0,4.0,0.0,1,1,1,1,0,0,1,0
361184,1968,0.0,2.0,1.0,3,1,1,1,2,0,1,0
361309,102,0.0,0.0,0.0,34,7,3,3,32,0,1,1
361500,2082,0.0,4.0,0.0,14,6,4,4,12,0,1,1
363089,4143,0.0,5.0,0.0,11,5,4,3,8,1,1,1
363245,2482,1.0,3.0,0.0,4,1,1,3,3,0,1,0
363252,4361,0.0,3.0,1.0,5,1,1,1,3,0,1,1
363830,3734,1.0,5.0,1.0,4,1,1,1,3,0,1,0
363897,2193,0.0,3.0,0.0,1,1,1,1,0,0,1,0
364262,1393,0.0,3.0,0.0,9,2,2,1,8,0,1,0
364993,643,0.0,0.0,0.0,5,1,1,1,4,0,1,0
365148,2242,0.0,6.0,1.0,10,3,2,2,8,0,2,0
36593,4687,0.0,2.0,1.0,8,1,1,1,7,0,1,0
366207,2537,0.0,3.0,0.0,7,4,3,1,6,0,1,0
366402,586,0.0,4.0,0.0,48,24,7,6,30,0,2,16
36658,293,0.0,4.0,1.0,6,2,1,2,5,0,1,0
366755,1738,0.0,3.0,0.0,2,1,1,2,0,0,1,1
367136,1031,0.0,3.0,0.0,3,1,1,1,2,0,1,0
367475,4491,0.0,5.0,1.0,15,5,1,1,13,0,2,0
368331,742,0.0,0.0,0.0,4,1,1,2,3,0,1,0
368383,1892,0.0,4.0,1.0,106,39,8,4,102,0,4,0
369163,4747,0.0,0.0,0.0,6,1,1,2,4,0,1,1
369324,4048,0.0,3.0,0.0,4,1,1,1,3,0,1,0
369784,1936,0.0,3.0,1.0,2,1,1,1,1,0,1,0
370298,2278,1.0,3.0,0.0,3,1,1,2,2,0,1,0
370306,3906,0.0,3.0,2.0,12,3,1,1,11,0,1,0
370549,742,0.0,4.0,1.0,2,1,1,1,1,0,1,0
370956,4256,0.0,5.0,0.0,7,1,1,4,6,0,1,0
370975,4336,0.0,0.0,0.0,26,8,1,2,25,0,1,0
371093,3693,0.0,0.0,1.0,4,2,2,1,3,0,1,0
371160,946,0.0,3.0,0.0,2,1,1,2,1,0,1,0
371466,4256,1.0,0.0,0.0,23,10,6,5,22,0,1,0
371795,2579,0.0,3.0,0.0,1,1,1,1,0,0,1,0
37180,4282,0.0,0.0,0.0,15,12,5,3,9,1,2,3
371894,2118,0.0,0.0,0.0,2,1,1,1,1,0,1,0
372250,590,0.0,4.0,0.0,19,12,3,1,16,0,2,1
372740,685,0.0,0.0,0.0,13,7,2,2,12,0,1,0
372848,4115,0.0,4.0,0.0,2,1,1,1,1,0,1,0
372962,3022,0.0,4.0,1.0,4,1,1,2,3,0,1,0
373220,2138,0.0,4.0,1.0,1,1,1,1,0,0,1,0
373522,3936,1.0,3.0,0.0,14,6,4,1,10,0,4,0
373618,2928,0.0,5.0,0.0,88,37,10,21,83,0,3,2
373749,1310,0.0,3.0,0.0,11,7,7,3,8,0,2,1
374128,2636,0.0,0.0,0.0,6,2,1,2,3,0,1,2
374252,862,0.0,5.0,1.0,81,29,8,5,76,0,5,0
374867,4976,0.0,3.0,0.0,2,1,1,1,1,0,1,0
375150,2744,0.0,0.0,0.0,3,1,1,2,1,0,2,0
375961,63,0.0,6.0,0.0,7,2,1,1,6,0,1,0
376304,4414,0.0,3.0,0.0,1,1,1,1,0,0,1,0
376504,416,0.0,4.0,0.0,3,1,1,1,2,0,1,0
376585,423,0.0,3.0,0.0,16,11,1,1,15,0,1,0
376695,4444,0.0,4.0,0.0,1,1,1,1,0,0,1,0
377030,1031,1.0,3.0,0.0,1,1,1,1,0,0,1,0
377159,1966,0.0,4.0,0.0,5,1,1,1,4,0,1,0
377251,3291,0.0,2.0,0.0,8,2,1,1,1,0,5,2
377483,3766,0.0,0.0,0.0,3,1,1,1,2,0,1,0
37749,1131,0.0,3.0,0.0,30,11,4,2,27,0,3,0
377530,190,0.0,0.0,1.0,18,4,2,2,16,0,1,1
377738,1963,0.0,2.0,1.0,29,9,7,5,28,0,1,0
377768,190,0.0,3.0,1.0,4,1,1,1,3,0,1,0
377920,798,0.0,null,null,10,5,3,2,5,4,1,0
378134,1500,0.0,0.0,null,4,1,1,1,3,0,1,0
378244,416,0.0,0.0,0.0,5,1,1,1,4,0,1,0
37831,2066,0.0,3.0,0.0,6,3,1,1,5,0,1,0
378708,4465,0.0,7.0,0.0,7,6,1,1,1,0,6,0
378937,3873,0.0,0.0,1.0,11,4,2,2,8,0,3,0
379411,1530,0.0,0.0,0.0,6,2,1,2,5,0,1,0
37967,1235,0.0,3.0,1.0,7,1,1,1,6,0,1,0
379907,4198,0.0,4.0,1.0,4,1,1,1,3,0,1,0
380391,3968,0.0,2.0,0.0,1,1,1,1,0,0,1,0
380627,3105,0.0,3.0,0.0,14,6,2,2,12,0,1,1
380764,2128,0.0,2.0,0.0,1,1,1,1,0,0,1,0
380857,4724,0.0,3.0,0.0,1,1,1,1,0,0,1,0
381203,4818,0.0,4.0,0.0,3,1,1,1,2,0,1,0
381485,4500,0.0,2.0,1.0,5,2,1,1,4,0,1,0
381556,4282,1.0,3.0,1.0,5,4,2,1,4,0,1,0
381807,3990,1.0,0.0,0.0,6,1,1,1,5,0,1,0
381885,2860,0.0,5.0,0.0,3,1,1,1,2,0,1,0
381941,467,0.0,0.0,0.0,1,1,1,1,0,0,1,0
382192,2127,1.0,4.0,0.0,33,10,5,5,31,0,2,0
382407,412,0.0,4.0,1.0,4,1,1,3,2,0,1,1
382537,1704,0.0,0.0,0.0,10,6,3,3,8,0,1,1
382588,4044,0.0,0.0,1.0,7,4,2,1,5,0,2,0
382795,437,0.0,5.0,0.0,12,5,3,2,11,0,1,0
38318,4847,1.0,3.0,0.0,101,55,15,9,95,0,3,3
383460,1272,0.0,4.0,0.0,29,14,6,6,27,0,1,1
38352,3154,0.0,4.0,0.0,9,5,3,2,6,0,3,0
383671,3306,0.0,3.0,0.0,10,2,1,4,9,0,1,0
383756,4079,0.0,0.0,0.0,2,1,1,1,1,0,1,0
384163,1762,0.0,3.0,0.0,4,2,1,1,3,0,1,0
38421,682,0.0,2.0,1.0,10,8,4,2,8,0,2,0
384445,643,0.0,7.0,0.0,27,5,1,8,25,0,2,0
384592,4282,0.0,2.0,1.0,83,31,8,5,80,0,3,0
38495,1015,0.0,4.0,2.0,12,5,4,3,9,0,2,1
385426,3484,0.0,4.0,1.0,4,1,1,1,3,0,1,0
385870,236,0.0,0.0,1.0,4,1,1,1,3,0,1,0
386315,4968,0.0,0.0,0.0,4,2,1,1,3,0,1,0
386365,2597,0.0,2.0,0.0,6,1,1,1,4,0,2,0
386617,2693,0.0,6.0,0.0,2,1,1,1,1,0,1,0
386867,3022,0.0,3.0,0.0,8,3,2,1,6,0,2,0
387801,2435,0.0,3.0,0.0,1,1,1,1,0,0,1,0
38782,2891,0.0,4.0,0.0,35,12,1,3,14,0,9,12
388555,2052,0.0,7.0,0.0,17,4,1,2,16,0,1,0
388744,3990,0.0,0.0,0.0,3,1,1,1,2,0,1,0
388844,2217,1.0,3.0,0.0,7,3,1,1,6,0,1,0
38898,1393,0.0,3.0,0.0,9,8,3,3,8,0,1,0
388988,4183,0.0,3.0,0.0,6,5,1,1,5,0,1,0
388990,227,0.0,7.0,0.0,14,4,3,4,13,0,1,0
389170,1359,0.0,4.0,0.0,5,2,1,1,4,0,1,0
389207,941,0.0,3.0,1.0,2,1,1,1,1,0,1,0
389441,1764,0.0,2.0,1.0,2,1,1,1,1,0,1,0
389890,121,0.0,3.0,0.0,8,2,1,1,7,0,1,0
389974,4643,0.0,0.0,0.0,7,1,1,2,5,0,1,1
390047,467,0.0,4.0,2.0,16,9,3,3,14,0,2,0
390233,3013,0.0,0.0,1.0,5,2,2,1,4,0,1,0
390841,4724,0.0,3.0,2.0,5,1,1,2,4,0,1,0
390905,4985,0.0,4.0,1.0,2,1,1,1,1,0,1,0
390922,492,0.0,2.0,0.0,3,1,1,2,2,0,1,0
390933,4207,0.0,3.0,0.0,3,1,1,1,2,0,1,0
391219,2664,0.0,4.0,0.0,7,4,2,2,6,0,1,0
39122,3990,1.0,0.0,1.0,9,4,3,1,7,0,2,0
391284,897,0.0,0.0,0.0,8,4,2,2,5,0,3,0
391580,2318,0.0,3.0,0.0,7,2,1,1,6,0,1,0
392172,4090,0.0,0.0,0.0,3,2,1,1,2,0,1,0
392268,742,0.0,5.0,1.0,3,2,2,1,2,0,1,0
39234,2403,0.0,0.0,0.0,6,3,1,1,5,0,1,0
392524,1890,0.0,5.0,0.0,14,2,1,2,11,0,2,1
392912,2128,0.0,3.0,0.0,35,12,8,1,31,0,4,0
393147,2448,1.0,2.0,1.0,1,1,1,1,0,0,1,0
393405,606,0.0,4.0,0.0,3,2,2,3,1,0,1,1
393489,3851,0.0,3.0,0.0,6,1,1,1,5,0,1,0
393921,4607,0.0,3.0,0.0,23,8,2,3,21,1,1,0
394197,2440,0.0,4.0,0.0,10,6,2,1,9,0,1,0
394319,2780,0.0,3.0,0.0,5,1,1,1,4,0,1,0
394702,534,0.0,0.0,0.0,1,1,1,1,0,0,1,0
394813,1854,0.0,3.0,0.0,2,1,1,1,1,0,1,0
395084,2161,0.0,4.0,0.0,1,1,1,1,0,0,1,0
395368,4659,0.0,2.0,0.0,1,1,1,1,0,0,1,0
395550,773,0.0,4.0,0.0,2,2,2,1,0,0,2,0
395766,3968,0.0,0.0,null,1,1,1,1,0,0,1,0
395795,2545,0.0,2.0,1.0,33,4,2,3,32,0,1,0
396301,1899,0.0,4.0,1.0,3,3,3,1,0,0,3,0
396422,786,0.0,6.0,0.0,2,1,1,1,0,0,2,0
396517,4919,0.0,4.0,0.0,23,3,1,3,22,0,1,0
396804,897,0.0,4.0,1.0,3,2,2,1,2,0,1,0
396981,2436,0.0,5.0,0.0,27,9,4,3,24,0,3,0
397070,4697,0.0,0.0,0.0,6,2,1,4,5,0,1,0
397801,4048,0.0,0.0,0.0,33,7,1,5,28,0,2,3
398304,3350,0.0,4.0,1.0,6,2,1,2,5,0,1,0
399587,1742,0.0,null,null,4,1,1,1,3,0,1,0
399667,4976,0.0,2.0,0.0,26,12,2,3,21,0,1,4
400066,1346,0.0,3.0,1.0,7,1,1,2,6,0,1,0
40030,2954,0.0,3.0,1.0,6,3,2,1,4,0,2,0
401116,684,0.0,3.0,0.0,3,2,2,1,2,0,1,0
401176,3022,0.0,6.0,1.0,3,1,1,1,2,0,1,0
401194,1557,0.0,3.0,0.0,17,11,4,4,15,1,1,0
401203,2821,0.0,0.0,0.0,3,1,1,1,2,0,1,0
401386,4079,0.0,3.0,1.0,8,1,1,1,6,0,2,0
401684,3173,0.0,4.0,0.0,12,1,1,1,8,0,4,0
401957,682,0.0,5.0,1.0,13,5,3,4,12,0,1,0
401996,4491,0.0,0.0,0.0,3,1,1,1,2,0,1,0
402157,4143,1.0,5.0,0.0,8,2,2,2,7,0,1,0
402218,3148,0.0,6.0,0.0,8,3,2,1,6,0,1,1
402431,2277,0.0,2.0,1.0,2,1,1,1,1,0,1,0
402433,2545,0.0,3.0,0.0,6,5,4,1,3,0,3,0
402443,4316,0.0,0.0,0.0,1,1,1,1,0,0,1,0
402537,3301,0.0,4.0,0.0,8,2,1,1,7,0,1,0
4038,4368,0.0,4.0,0.0,2,1,1,1,1,0,1,0
403806,1255,0.0,7.0,0.0,12,1,1,2,10,0,1,1
403978,4131,0.0,3.0,0.0,15,8,1,2,10,0,1,4
404332,2810,0.0,6.0,1.0,2,1,1,1,1,0,1,0
404738,2565,0.0,4.0,0.0,4,2,1,2,3,0,1,0
404937,141,0.0,2.0,0.0,2,1,1,2,0,0,1,1
40523,3420,0.0,2.0,1.0,4,2,2,1,1,0,3,0
405806,4280,0.0,2.0,0.0,5,1,1,2,4,0,1,0
405890,1123,0.0,0.0,0.0,2,1,1,2,1,0,1,0
405909,742,0.0,4.0,1.0,32,6,2,3,31,0,1,0
406149,1346,1.0,3.0,0.0,18,6,1,1,17,0,1,0
406503,4129,0.0,3.0,0.0,25,7,3,2,23,0,2,0
406776,3350,0.0,3.0,1.0,6,1,1,3,5,0,1,0
406981,1466,0.0,3.0,1.0,9,3,1,2,8,0,1,0
407103,1611,0.0,6.0,1.0,2,1,1,1,1,0,1,0
407415,1679,0.0,4.0,0.0,6,2,1,2,5,0,1,0
407464,4864,0.0,0.0,0.0,2,1,1,1,1,0,1,0
407469,1356,0.0,6.0,0.0,9,2,1,1,8,0,1,0
408393,4760,0.0,3.0,0.0,12,4,2,3,11,0,1,0
40866,1679,0.0,3.0,0.0,162,34,5,9,151,0,2,9
409516,4855,0.0,5.0,0.0,3,1,1,1,2,0,1,0
409580,3925,0.0,0.0,0.0,59,21,5,7,58,0,1,0
409902,2582,0.0,null,null,7,3,1,2,6,0,1,0
410145,4589,0.0,4.0,1.0,3,1,1,3,1,0,1,1
410319,3269,1.0,0.0,1.0,3,1,1,1,2,0,1,0
411316,3211,0.0,4.0,1.0,4,1,1,2,3,0,1,0
411691,2872,1.0,8.0,2.0,9,6,4,4,6,0,1,2
411692,3727,0.0,3.0,0.0,14,8,1,2,11,0,3,0
411927,1501,0.0,6.0,0.0,11,5,2,4,8,0,1,2
413013,3954,0.0,2.0,1.0,2,1,1,1,1,0,1,0
413620,4186,0.0,5.0,1.0,6,4,1,1,5,0,1,0
414322,145,0.0,3.0,0.0,5,3,1,1,4,0,1,0
414438,4492,0.0,0.0,0.0,18,4,2,4,17,0,1,0
414568,2794,0.0,7.0,0.0,7,4,4,1,5,0,2,0
414625,3319,0.0,4.0,0.0,2,1,1,1,1,0,1,0
4147,503,0.0,4.0,0.0,5,3,1,1,4,0,1,0
415360,4976,0.0,0.0,0.0,2,1,1,1,1,0,1,0
415552,4760,0.0,2.0,0.0,3,2,2,1,2,0,1,0
415663,3152,1.0,3.0,0.0,2,1,1,2,1,0,1,0
415731,523,0.0,2.0,0.0,6,4,2,1,4,0,2,0
415815,4040,0.0,5.0,0.0,4,1,1,2,3,0,1,0
416670,4394,0.0,4.0,0.0,4,2,1,2,2,1,1,0
417217,2452,0.0,0.0,0.0,5,1,1,1,3,0,1,1
417751,3971,0.0,3.0,1.0,14,5,2,2,12,1,1,0
417763,2543,0.0,8.0,0.0,8,1,1,2,6,0,1,1
418115,2031,0.0,4.0,1.0,4,1,1,3,3,0,1,0
418145,1485,0.0,0.0,0.0,9,5,2,1,8,0,1,0
418744,4234,1.0,3.0,0.0,5,3,3,1,4,0,1,0
419060,1423,0.0,3.0,0.0,4,1,1,1,3,0,1,0
419151,4090,0.0,3.0,0.0,6,2,1,3,4,0,1,1
419769,2403,0.0,6.0,1.0,3,1,1,1,2,0,1,0
419803,2148,0.0,4.0,1.0,4,1,1,2,3,0,1,0
419901,3870,0.0,6.0,0.0,36,10,2,9,35,0,1,0
420348,4864,0.0,4.0,0.0,10,6,2,1,9,0,1,0
421047,2081,0.0,6.0,0.0,2,1,1,1,1,0,1,0
421462,4394,0.0,5.0,0.0,1,1,1,1,0,0,1,0
421924,1031,0.0,3.0,0.0,4,2,1,1,3,0,1,0
422253,4976,0.0,2.0,0.0,3,2,2,1,2,0,1,0
422516,4659,0.0,2.0,0.0,29,17,7,4,24,0,2,3
422549,2592,0.0,5.0,1.0,2,1,1,1,1,0,1,0
423115,2821,0.0,4.0,1.0,7,2,2,2,5,0,2,0
423712,2594,0.0,0.0,0.0,8,5,5,4,7,0,1,0
43352,1067,0.0,0.0,2.0,2,1,1,1,1,0,1,0
43532,4336,0.0,6.0,0.0,4,1,1,2,3,0,1,0
43627,1150,0.0,3.0,0.0,3,1,1,1,2,0,1,0
43868,323,0.0,3.0,1.0,1,1,1,1,0,0,1,0
44938,4044,0.0,3.0,0.0,9,9,6,2,5,0,1,3
44944,390,0.0,4.0,0.0,6,1,1,1,5,0,1,0
45479,320,0.0,0.0,0.0,2,1,1,1,0,1,1,0
45648,300,0.0,4.0,0.0,16,4,1,1,15,0,1,0
46100,1892,0.0,0.0,1.0,18,5,3,1,15,0,3,0
46569,4044,0.0,3.0,0.0,4,2,2,2,3,0,1,0
48019,1466,0.0,3.0,0.0,5,1,1,1,4,0,1,0
48580,4808,0.0,6.0,0.0,4,2,1,2,2,0,2,0
48846,2795,0.0,4.0,0.0,3,1,1,1,2,0,1,0
49671,1501,0.0,0.0,0.0,12,4,2,2,11,0,1,0
49739,3205,0.0,6.0,0.0,10,1,1,1,8,0,2,0
50080,4502,0.0,0.0,1.0,2,1,1,2,1,0,1,0
50286,1760,0.0,3.0,0.0,13,5,1,2,5,0,3,5
50409,3350,0.0,6.0,0.0,5,2,1,1,4,0,1,0
50468,3979,0.0,4.0,1.0,9,1,1,2,8,0,1,0
50668,4394,0.0,4.0,0.0,9,3,2,3,7,0,1,1
50847,3098,0.0,0.0,1.0,5,2,1,1,4,0,1,0
51022,1102,0.0,2.0,0.0,2,1,1,1,0,0,1,1
51059,3809,0.0,4.0,0.0,5,1,1,2,4,0,1,0
51116,3566,0.0,4.0,0.0,1,1,1,1,0,0,1,0
51620,414,0.0,0.0,0.0,51,27,9,5,48,0,2,1
51686,3549,0.0,4.0,1.0,5,1,1,1,4,0,1,0
51852,1689,0.0,0.0,0.0,2,2,1,1,0,0,2,0
52208,2928,0.0,4.0,0.0,3,1,1,1,2,0,1,0
52338,1821,0.0,4.0,0.0,3,1,1,1,2,0,1,0
52393,2545,0.0,2.0,1.0,23,8,6,2,18,1,1,3
52554,608,0.0,4.0,0.0,77,12,4,3,70,0,3,4
52796,3350,0.0,0.0,0.0,4,1,1,1,3,0,1,0
53024,608,1.0,4.0,1.0,34,10,4,4,29,0,1,4
53276,2424,0.0,3.0,1.0,10,4,1,4,9,0,1,0
53422,3541,0.0,3.0,0.0,2,1,1,1,1,0,1,0
53484,1102,0.0,3.0,1.0,5,2,1,2,4,0,1,0
53997,1435,0.0,2.0,1.0,1,1,1,1,0,0,1,0
54094,4173,1.0,0.0,0.0,7,3,2,1,5,0,2,0
54562,3839,1.0,0.0,0.0,32,14,1,3,31,0,1,0
54708,2664,0.0,7.0,0.0,18,12,2,2,16,0,2,0
54869,4050,0.0,2.0,1.0,3,1,1,1,2,0,1,0
55044,798,1.0,5.0,0.0,1,1,1,1,0,0,1,0
55124,1435,0.0,0.0,0.0,5,2,1,2,2,0,2,1
55181,4287,0.0,3.0,0.0,3,2,2,1,2,0,1,0
55865,3545,0.0,4.0,0.0,7,4,1,2,6,0,1,0
55902,740,0.0,3.0,1.0,1,1,1,1,0,0,1,0
56219,3350,0.0,2.0,0.0,4,3,1,1,0,0,4,0
56425,1102,0.0,4.0,0.0,11,4,2,3,9,0,1,1
56547,2217,0.0,3.0,1.0,5,1,1,1,4,0,1,0
56814,2162,0.0,6.0,1.0,43,8,1,10,41,0,1,1
5719,4976,0.0,0.0,0.0,6,1,1,1,5,0,1,0
5752,2273,0.0,3.0,0.0,8,1,1,3,6,0,1,1
57674,3954,0.0,2.0,0.0,3,1,1,1,2,0,1,0
58457,2307,1.0,0.0,1.0,6,3,2,1,5,0,1,0
58580,3941,0.0,3.0,0.0,2,1,1,1,1,0,1,0
58737,598,0.0,2.0,1.0,63,22,3,14,55,0,1,7
59542,4173,1.0,5.0,0.0,12,4,2,3,11,0,1,0
60274,1900,0.0,4.0,0.0,2,1,1,1,1,0,1,0
60586,798,0.0,0.0,0.0,7,4,3,1,4,0,3,0
60679,3095,0.0,3.0,0.0,2,1,1,1,1,0,1,0
60761,3971,0.0,3.0,1.0,3,2,1,1,2,0,1,0
60780,4444,0.0,5.0,0.0,10,3,1,3,7,0,3,0
61038,2273,0.0,2.0,1.0,8,3,1,1,7,0,1,0
61599,798,0.0,5.0,0.0,3,2,2,1,2,0,1,0
61771,590,1.0,4.0,1.0,17,10,2,1,16,0,1,0
61780,4287,0.0,3.0,0.0,14,9,6,4,12,0,2,0
61866,168,1.0,3.0,0.0,8,3,1,1,7,0,1,0
61954,4919,0.0,0.0,0.0,4,2,2,2,3,0,1,0
62630,326,0.0,3.0,0.0,4,1,1,1,3,0,1,0
62776,3958,1.0,0.0,0.0,30,14,8,5,29,0,1,0
62909,588,0.0,6.0,0.0,2,1,1,2,0,0,1,1
63566,3965,0.0,4.0,0.0,13,7,1,1,11,0,2,0
63652,630,0.0,0.0,0.0,25,16,7,1,24,0,1,0
63791,742,0.0,4.0,2.0,5,2,2,2,4,0,1,0
64290,4170,0.0,5.0,1.0,12,3,1,1,10,0,2,0
64406,310,0.0,2.0,0.0,3,1,1,1,2,0,1,0
64803,3444,0.0,0.0,0.0,2,1,1,1,1,0,1,0
64858,4708,0.0,0.0,0.0,3,1,1,1,2,0,1,0
64896,1679,0.0,4.0,0.0,14,4,3,2,12,0,2,0
65726,2721,0.0,4.0,0.0,19,5,1,2,18,0,1,0
65915,1049,0.0,3.0,0.0,4,2,2,1,2,0,2,0
66353,963,1.0,4.0,1.0,1,1,1,1,0,0,1,0
666,2537,0.0,2.0,0.0,1,1,1,1,0,0,1,0
66761,323,0.0,4.0,0.0,1,1,1,1,0,0,1,0
67118,2403,0.0,3.0,0.0,19,8,3,3,17,0,1,1
67144,3541,0.0,4.0,0.0,9,4,1,1,8,0,1,0
67220,2954,0.0,3.0,0.0,55,27,14,2,49,0,6,0
67528,3828,1.0,0.0,0.0,106,24,11,20,90,0,1,15
68251,3683,0.0,2.0,1.0,6,2,2,3,5,0,1,0
68547,1022,0.0,4.0,0.0,9,3,1,2,5,0,4,0
69168,4992,0.0,4.0,0.0,10,4,1,1,9,0,1,0
69713,1168,1.0,5.0,0.0,37,18,8,3,33,0,1,3
6973,1166,0.0,6.0,0.0,3,1,1,1,1,0,2,0
70030,1102,0.0,3.0,1.0,7,3,1,1,6,0,1,0
70063,2537,0.0,4.0,1.0,2,1,1,1,1,0,1,0
70199,3205,0.0,4.0,0.0,13,8,2,1,4,0,1,8
71628,3828,1.0,3.0,1.0,1,1,1,1,0,0,1,0
71654,3448,0.0,0.0,1.0,3,1,1,1,2,0,1,0
72038,3578,0.0,4.0,0.0,4,2,1,1,3,0,1,0
72797,1370,0.0,4.0,0.0,8,3,2,3,6,0,2,0
73014,4319,0.0,4.0,1.0,2,1,1,1,1,0,1,0
73120,219,0.0,3.0,0.0,4,1,1,1,2,0,2,0
73259,63,0.0,5.0,0.0,2,1,1,1,0,0,1,1
73266,3965,0.0,3.0,0.0,4,2,1,2,3,0,1,0
73547,3249,0.0,3.0,0.0,2,1,1,1,1,0,1,0
74095,4026,0.0,3.0,0.0,3,1,1,1,2,0,1,0
74102,2799,0.0,0.0,1.0,10,3,1,3,9,0,1,0
7417,1272,0.0,5.0,0.0,5,2,2,1,3,1,1,0
74303,1816,0.0,0.0,0.0,1,1,1,1,0,0,1,0
74343,3022,0.0,4.0,1.0,1,1,1,1,0,0,1,0
74353,4043,0.0,0.0,0.0,3,2,1,2,1,0,1,1
74423,145,0.0,3.0,0.0,2,1,1,2,0,0,1,1
74543,4282,0.0,2.0,1.0,39,18,6,5,38,0,1,0
74632,2954,0.0,0.0,0.0,1,1,1,1,0,0,1,0
7477,1679,0.0,4.0,0.0,71,32,3,1,69,0,2,0
74969,598,0.0,3.0,0.0,5,2,1,1,4,0,1,0
75101,4818,0.0,2.0,1.0,2,1,1,2,0,0,1,1
7526,3734,0.0,4.0,1.0,3,2,2,1,1,0,2,0
75421,41,1.0,0.0,0.0,7,1,1,2,6,0,1,0
75898,4950,0.0,3.0,0.0,4,1,1,1,3,0,1,0
76024,606,0.0,0.0,0.0,4,2,1,2,2,0,1,1
76030,1352,0.0,2.0,0.0,12,6,3,2,9,0,3,0
76557,3418,0.0,3.0,1.0,5,1,1,1,4,0,1,0
7680,4991,0.0,2.0,1.0,1,1,1,1,0,0,1,0
76845,2403,0.0,4.0,1.0,3,1,1,1,2,0,1,0
76884,361,0.0,6.0,0.0,32,12,3,4,26,0,2,4
78039,3872,0.0,2.0,2.0,11,4,1,1,10,0,1,0
78334,2273,0.0,0.0,0.0,4,2,1,1,3,0,1,0
78496,3286,0.0,4.0,1.0,4,1,1,1,2,0,2,0
78610,183,0.0,3.0,0.0,7,3,1,2,5,0,2,0
78733,2140,0.0,0.0,0.0,19,12,1,1,18,0,1,0
788,2273,0.0,3.0,0.0,2,2,1,2,0,0,1,1
78942,2629,0.0,6.0,0.0,2,1,1,1,1,0,1,0
79409,4044,0.0,3.0,0.0,75,31,6,3,73,0,2,0
79710,1755,0.0,0.0,1.0,2,1,2,2,0,1,1,0
79921,2879,0.0,2.0,0.0,1,1,1,1,0,0,1,0
79996,2447,0.0,6.0,1.0,14,8,2,1,13,0,1,0
80035,3629,0.0,4.0,0.0,5,2,2,1,4,0,1,0
80499,3323,1.0,3.0,0.0,3,2,1,1,2,0,1,0
80513,4281,0.0,2.0,1.0,3,1,1,2,2,0,1,0
80811,24,0.0,3.0,0.0,4,1,1,2,3,0,1,0
81126,2935,0.0,2.0,0.0,6,2,1,1,5,0,1,0
81249,594,0.0,5.0,0.0,2,1,1,1,1,0,1,0
82184,1272,0.0,0.0,2.0,4,2,2,2,2,0,1,1
82425,2184,0.0,3.0,0.0,19,9,5,2,17,0,1,1
82435,3734,0.0,4.0,1.0,15,4,4,1,14,0,1,0
82470,598,0.0,2.0,1.0,3,1,1,1,2,0,1,0
8262,4427,0.0,5.0,1.0,4,1,1,2,3,0,1,0
82733,2170,0.0,5.0,1.0,2,1,1,1,1,0,1,0
83699,4316,0.0,3.0,0.0,3,1,1,1,2,0,1,0
83883,1514,0.0,4.0,1.0,11,5,1,2,8,0,2,1
83981,4793,0.0,0.0,0.0,2,1,1,1,1,0,1,0
83990,786,0.0,3.0,0.0,14,7,3,3,11,0,2,1
84090,3835,0.0,6.0,0.0,3,2,2,1,2,0,1,0
85888,3753,0.0,0.0,0.0,6,1,1,2,4,0,1,1
86091,1916,0.0,0.0,0.0,13,4,1,3,12,0,1,0
86254,1056,0.0,3.0,1.0,2,2,2,1,0,0,2,0
86755,747,0.0,4.0,1.0,6,1,1,2,4,0,2,0
86778,1340,0.0,4.0,0.0,1,1,1,1,0,0,1,0
8716,1308,0.0,6.0,1.0,4,3,1,1,3,0,1,0
87237,1393,0.0,4.0,1.0,27,23,2,1,24,0,3,0
87294,2217,0.0,5.0,1.0,5,1,1,2,4,0,1,0
87546,121,0.0,5.0,1.0,3,3,2,1,0,0,3,0
8780,794,0.0,2.0,0.0,17,7,1,1,16,0,1,0
87894,534,0.0,7.0,0.0,6,1,1,1,5,0,1,0
88649,372,0.0,3.0,1.0,3,2,2,1,2,0,1,0
88780,1393,0.0,4.0,1.0,1,1,1,1,0,0,1,0
89220,4444,0.0,4.0,0.0,1,1,1,1,0,0,1,0
89340,3163,0.0,2.0,1.0,1,1,1,1,0,0,1,0
89372,1852,0.0,3.0,1.0,4,1,1,1,2,0,2,0
8945,2273,0.0,3.0,1.0,2,1,1,2,0,0,1,1
89654,822,0.0,6.0,0.0,8,2,1,1,4,0,4,0
8970,1472,0.0,3.0,1.0,6,1,1,1,5,0,1,0
89843,4044,0.0,0.0,0.0,48,22,6,3,47,0,1,0
90932,3022,0.0,0.0,1.0,22,8,3,2,21,0,1,0
90980,1318,0.0,4.0,1.0,3,1,1,3,2,0,1,0
91067,2664,0.0,3.0,0.0,4,1,1,1,3,0,1,0
91142,2124,0.0,4.0,0.0,10,3,1,2,7,0,1,2
91184,66,0.0,3.0,null,3,2,1,1,2,0,1,0
91264,1659,0.0,4.0,1.0,9,3,1,2,8,0,1,0
91383,2856,0.0,3.0,0.0,5,1,1,1,4,0,1,0
91481,3898,0.0,4.0,0.0,7,1,1,1,5,0,1,1
92025,4108,0.0,2.0,0.0,5,3,2,1,4,0,1,0
9218,786,0.0,2.0,0.0,2,1,1,1,0,0,1,1
92625,2721,0.0,0.0,1.0,3,1,1,1,2,0,1,0
92731,2173,0.0,0.0,0.0,23,13,1,7,22,0,1,0
93071,3971,0.0,2.0,1.0,1,1,1,1,0,0,1,0
93461,4535,0.0,4.0,0.0,16,6,2,2,13,0,1,2
93505,3968,0.0,3.0,0.0,11,7,3,1,9,0,2,0
9426,951,0.0,3.0,1.0,5,1,1,2,3,0,2,0
94320,1522,0.0,4.0,0.0,35,12,3,3,32,0,2,1
9439,1405,0.0,0.0,1.0,11,1,1,1,9,0,2,0
94762,777,0.0,0.0,0.0,8,4,3,2,7,0,1,0
95276,2273,0.0,6.0,0.0,5,2,1,1,4,0,1,0
95662,951,0.0,3.0,0.0,5,2,1,1,3,0,2,0
95995,1487,0.0,6.0,0.0,10,6,1,1,9,0,1,0
96588,4385,0.0,2.0,0.0,4,2,1,1,3,0,1,0
971,4976,0.0,0.0,1.0,3,1,1,1,2,0,1,0
97770,2810,0.0,6.0,1.0,2,1,1,1,1,0,1,0
9834,1619,0.0,3.0,0.0,10,5,1,1,9,0,1,0
99074,2273,0.0,2.0,0.0,1,1,1,1,0,0,1,0
99868,1840,0.0,4.0,0.0,4,1,1,1,3,0,1,0
99962,4950,0.0,4.0,0.0,53,22,16,1,46,0,7,0
