101149,2138,0.0,2.0,0.0,12,6,6,2,9,0,1,2
10126,2569,0.0,2.0,0.0,12,3,1,3,10,1,1,0
101416,1019,0.0,3.0,0.0,12,4,3,5,8,0,2,2
101545,1000,0.0,6.0,0.0,5,3,2,2,3,0,2,0
101912,2273,0.0,0.0,0.0,20,8,1,1,19,0,1,0
101918,606,0.0,0.0,0.0,12,4,4,5,11,0,1,0
10213,941,0.0,3.0,0.0,5,3,1,1,4,0,1,0
102366,4079,0.0,3.0,0.0,8,1,1,3,5,0,3,0
102613,786,0.0,0.0,0.0,14,3,1,4,13,0,1,0
102670,2900,0.0,3.0,1.0,3,2,2,1,2,0,1,0
102670,4879,0.0,3.0,1.0,4,2,1,1,3,0,1,0
103261,946,0.0,5.0,1.0,6,3,2,1,5,0,1,0
103803,4173,0.0,3.0,0.0,9,3,2,3,6,0,1,2
103896,429,0.0,3.0,0.0,8,2,1,2,7,0,1,0
104077,4491,0.0,0.0,0.0,4,1,1,1,3,0,1,0
10433,2664,0.0,4.0,1.0,16,11,2,1,15,0,1,0
104579,4131,0.0,6.0,1.0,2,1,1,1,1,0,1,0
105016,4558,0.0,4.0,0.0,2,1,1,1,1,0,1,0
105525,424,0.0,4.0,0.0,3,1,1,1,2,0,1,0
106006,1833,0.0,4.0,1.0,38,19,3,5,35,0,3,0
106090,2435,0.0,0.0,0.0,2,1,1,1,0,0,2,0
106238,4760,0.0,4.0,0.0,2,2,2,2,1,0,1,0
10678,1923,0.0,0.0,0.0,3,1,1,2,1,1,1,0
107230,3323,0.0,4.0,0.0,11,2,1,3,9,0,2,0
107562,191,0.0,0.0,null,7,5,3,2,6,0,1,0
10882,4871,0.0,3.0,1.0,2,1,1,1,1,0,1,0
10901,2471,0.0,0.0,0.0,4,2,2,2,3,0,1,0
109263,1943,0.0,3.0,0.0,3,1,1,1,2,0,1,0
109389,1470,0.0,5.0,1.0,4,2,2,1,3,0,1,0
109513,4760,0.0,3.0,1.0,18,7,5,3,16,0,2,0
109576,4525,0.0,6.0,0.0,23,11,1,5,19,0,3,1
109859,4322,0.0,5.0,0.0,3,1,1,1,2,0,1,0
110051,3284,0.0,0.0,1.0,2,1,1,1,1,0,1,0
110847,2193,0.0,4.0,0.0,2,1,1,1,1,0,1,0
111105,1346,0.0,3.0,1.0,33,12,1,7,32,0,1,0
111666,3892,0.0,3.0,0.0,2,1,1,1,1,0,1,0
112640,4499,0.0,2.0,1.0,5,2,1,1,4,0,1,0
113194,1884,0.0,4.0,1.0,2,1,1,1,1,0,1,0
113312,3650,0.0,3.0,0.0,3,1,1,1,1,0,1,1
11399,3528,0.0,2.0,0.0,21,7,3,5,19,0,1,1
114026,2936,0.0,3.0,1.0,10,2,1,3,4,0,5,1
114633,1784,0.0,3.0,0.0,4,1,1,1,3,0,1,0
114633,2093,0.0,3.0,0.0,5,1,1,1,4,0,1,0
114644,4090,0.0,0.0,0.0,4,1,1,3,3,0,1,0
115212,1703,0.0,5.0,1.0,3,2,2,2,2,0,1,0
115283,927,0.0,5.0,0.0,2,2,2,1,0,0,2,0
115355,492,0.0,0.0,0.0,5,2,1,2,4,0,1,0
115438,3271,0.0,0.0,0.0,2,1,1,2,1,0,1,0
115624,4079,0.0,3.0,0.0,20,10,2,2,16,0,4,0
115687,4048,0.0,0.0,0.0,4,2,1,1,3,0,1,0
11589,3958,0.0,3.0,0.0,19,10,4,2,18,0,1,0
117033,2326,0.0,3.0,0.0,2,1,1,1,1,0,1,0
117412,2936,0.0,5.0,1.0,2,1,1,2,0,0,1,1
117514,3872,0.0,2.0,0.0,4,1,1,2,2,0,1,1
117799,1719,0.0,4.0,2.0,4,2,1,1,3,0,1,0
118307,2565,0.0,0.0,0.0,5,2,1,2,3,0,1,1
118361,3828,0.0,5.0,0.0,7,4,4,3,4,0,3,0
11864,3154,0.0,3.0,0.0,5,2,2,2,4,0,1,0
119096,2664,0.0,6.0,0.0,10,6,1,1,8,0,2,0
11956,3152,0.0,5.0,0.0,4,3,1,1,3,0,1,0
119746,603,0.0,3.0,0.0,5,2,2,1,4,0,1,0
119759,3538,0.0,2.0,0.0,3,1,1,1,0,0,3,0
120374,803,0.0,5.0,0.0,17,5,1,4,15,0,1,1
120390,8,0.0,4.0,0.0,16,5,2,1,9,0,7,0
121235,1987,0.0,4.0,2.0,3,2,1,1,2,0,1,0
121276,159,0.0,0.0,0.0,2,1,1,1,1,0,1,0
121532,2981,0.0,2.0,0.0,19,4,2,5,17,1,1,0
121603,2928,0.0,0.0,0.0,1,1,1,1,0,0,1,0
122561,2582,0.0,2.0,0.0,2,1,1,1,1,0,1,0
12330,3623,0.0,3.0,2.0,4,1,1,1,2,0,2,0
123370,2217,0.0,2.0,1.0,5,1,1,2,4,0,1,0
124024,1833,0.0,3.0,1.0,8,2,2,1,7,0,1,0
124374,2253,0.0,0.0,1.0,6,3,1,4,5,0,1,0
124553,742,0.0,4.0,0.0,7,2,2,1,5,0,2,0
124828,2026,0.0,0.0,0.0,5,1,1,2,4,0,1,0
125554,4170,0.0,0.0,0.0,12,2,1,1,9,0,3,0
125760,3230,0.0,3.0,2.0,2,1,1,2,1,0,1,0
126185,685,0.0,0.0,0.0,17,10,3,2,16,0,1,0
126325,121,0.0,6.0,1.0,7,3,1,2,6,0,1,0
126623,3520,0.0,2.0,0.0,2,2,1,1,0,0,1,1
126667,3959,0.0,2.0,1.0,7,1,1,1,6,0,1,0
126784,310,0.0,2.0,1.0,2,1,1,1,1,0,1,0
127771,2900,0.0,0.0,1.0,2,1,1,1,1,0,1,0
128357,1964,0.0,0.0,0.0,2,1,1,1,1,0,1,0
129172,3424,0.0,0.0,0.0,7,2,1,1,6,0,1,0
129501,1150,1.0,6.0,0.0,14,4,3,3,12,0,2,0
130108,4044,0.0,3.0,0.0,64,46,5,2,63,0,1,0
130356,2981,0.0,0.0,0.0,2,1,1,2,0,0,1,1
130591,798,0.0,6.0,0.0,3,1,1,1,2,0,1,0
13086,4325,0.0,4.0,1.0,5,1,1,2,4,0,1,0
131259,1963,0.0,0.0,0.0,7,5,2,1,6,0,1,0
131410,2711,0.0,4.0,0.0,4,1,1,2,3,0,1,0
131806,4468,0.0,4.0,1.0,1,1,1,1,0,0,1,0
131927,3828,0.0,5.0,0.0,56,37,13,4,55,0,1,0
132057,4605,0.0,0.0,null,16,4,4,1,14,0,2,0
132323,1892,0.0,0.0,0.0,27,12,7,2,24,0,3,0
132829,608,0.0,0.0,0.0,9,2,1,1,8,0,1,0
133096,2730,0.0,3.0,0.0,12,3,1,4,11,0,1,0
133853,1875,0.0,3.0,0.0,18,5,3,5,16,0,2,0
134084,2872,0.0,0.0,1.0,11,7,5,2,10,0,1,0
134216,2031,0.0,2.0,1.0,2,1,1,1,0,0,1,1
134375,3408,0.0,5.0,0.0,9,4,1,2,8,0,1,0
135852,2537,0.0,4.0,1.0,3,1,1,1,2,0,1,0
135874,1784,0.0,0.0,0.0,13,8,6,1,10,0,1,2
1363,1346,1.0,3.0,0.0,16,2,1,1,14,0,1,1
136390,1611,0.0,7.0,0.0,3,1,1,1,2,0,1,0
136512,2891,0.0,5.0,1.0,14,3,1,3,12,0,1,1
136796,4282,0.0,2.0,1.0,6,5,3,4,3,0,3,0
137006,3578,0.0,3.0,0.0,6,1,1,2,5,0,1,0
137342,3152,0.0,5.0,1.0,3,1,1,1,2,0,1,0
137504,1749,0.0,0.0,0.0,3,1,1,1,2,0,1,0
137594,2995,0.0,3.0,0.0,11,4,3,4,10,0,1,0
138171,4394,0.0,6.0,0.0,2,2,1,1,0,0,2,0
138336,1399,0.0,4.0,1.0,5,1,1,1,4,0,1,0
13851,3611,0.0,4.0,0.0,1,1,1,1,0,0,1,0
139863,4044,0.0,3.0,0.0,11,6,1,5,10,0,1,0
140286,3477,0.0,3.0,1.0,18,4,1,3,15,0,1,2
140534,1062,0.0,4.0,1.0,27,9,2,6,26,0,1,0
140746,639,0.0,3.0,0.0,1,1,1,1,0,0,1,0
140845,2664,0.0,null,null,19,9,2,1,18,0,1,0
141082,1330,0.0,0.0,0.0,21,4,1,3,18,0,2,1
141623,962,0.0,3.0,0.0,1,1,1,1,0,0,1,0
142075,2108,0.0,4.0,0.0,10,2,1,2,8,0,2,0
142096,310,0.0,6.0,1.0,9,2,1,2,8,0,1,0
142161,3578,0.0,3.0,1.0,18,4,1,3,17,0,1,0
142329,4818,0.0,4.0,1.0,5,4,4,1,4,0,1,0
142508,4760,0.0,2.0,1.0,3,2,1,1,2,0,1,0
142905,1470,0.0,3.0,2.0,6,1,1,2,4,0,1,1
143275,2099,0.0,3.0,0.0,7,1,1,1,5,0,2,0
143328,467,0.0,7.0,0.0,8,3,2,1,3,0,5,0
143354,4234,1.0,5.0,0.0,42,13,6,5,35,0,2,5
144273,4322,0.0,5.0,1.0,6,3,1,2,5,0,1,0
144579,4595,0.0,0.0,0.0,6,1,1,1,5,0,1,0
14474,4368,0.0,5.0,0.0,1,1,1,1,0,0,1,0
145146,4724,1.0,4.0,0.0,4,1,1,1,3,0,1,0
145259,2032,0.0,4.0,0.0,18,11,1,1,13,0,5,0
145275,1861,0.0,4.0,0.0,3,1,1,2,2,0,1,0
145567,4048,0.0,2.0,0.0,9,1,1,5,7,0,1,1
145768,4022,0.0,3.0,0.0,2,1,1,1,1,0,1,0
145785,2505,0.0,4.0,0.0,5,3,1,1,4,0,1,0
145907,3578,0.0,4.0,1.0,15,2,1,2,14,0,1,0
146572,3828,0.0,5.0,0.0,4,2,2,2,3,0,1,0
146680,3163,1.0,3.0,0.0,15,1,1,1,8,0,7,0
146814,4841,0.0,4.0,0.0,10,2,1,2,9,0,1,0
147339,1611,0.0,4.0,1.0,17,7,1,2,14,0,3,0
147547,4545,0.0,0.0,0.0,22,6,1,2,21,0,1,0
148288,598,0.0,0.0,1.0,13,8,2,4,11,0,1,1
149538,2134,0.0,6.0,0.0,4,2,2,1,3,0,1,0
150074,4173,0.0,0.0,1.0,7,1,1,1,6,0,1,0
15021,4760,0.0,0.0,1.0,11,4,3,1,9,0,2,0
15032,3853,0.0,6.0,1.0,60,25,4,4,59,0,1,0
150378,2872,0.0,0.0,0.0,11,2,2,5,10,0,1,0
150905,1487,0.0,4.0,0.0,3,1,1,1,2,0,1,0
151263,2808,0.0,6.0,1.0,3,1,1,1,2,0,1,0
151439,3266,0.0,2.0,0.0,4,1,1,2,2,0,1,1
15145,845,0.0,4.0,0.0,3,1,1,2,2,0,1,0
151925,4760,0.0,0.0,1.0,3,1,1,2,2,0,1,0
15203,4444,0.0,4.0,0.0,2,1,1,1,1,0,1,0
152179,219,1.0,3.0,0.0,3,3,1,1,0,0,3,0
152662,2669,0.0,2.0,0.0,3,2,2,1,1,0,2,0
153092,3472,0.0,2.0,1.0,3,1,1,1,2,0,1,0
153268,4919,0.0,3.0,0.0,2,1,1,1,1,0,1,0
153577,4992,1.0,3.0,1.0,3,2,1,2,0,0,1,2
153734,1123,0.0,4.0,0.0,10,2,1,2,8,0,2,0
154305,120,1.0,4.0,0.0,10,4,3,1,5,0,5,0
154676,3263,0.0,0.0,1.0,5,2,2,1,4,0,1,0
155179,3288,0.0,3.0,0.0,2,1,1,1,0,0,2,0
155238,98,0.0,2.0,0.0,11,2,2,5,9,0,1,1
155519,4492,0.0,0.0,0.0,6,2,1,1,5,0,1,0
155608,643,0.0,4.0,0.0,4,1,1,2,2,0,1,1
155646,4361,0.0,5.0,0.0,10,1,1,2,9,0,1,0
156441,1861,0.0,0.0,0.0,1,1,1,1,0,0,1,0
157123,1833,0.0,3.0,0.0,33,15,1,1,31,0,2,0
157558,3828,1.0,0.0,0.0,6,4,4,2,5,0,1,0
157900,1916,0.0,3.0,0.0,1,1,1,1,0,0,1,0
158239,2403,0.0,0.0,0.0,12,9,2,1,10,0,2,0
158273,2097,0.0,4.0,1.0,3,1,1,1,2,0,1,0
1595,3851,0.0,2.0,0.0,19,5,4,4,15,0,2,2
160414,742,0.0,0.0,0.0,7,3,2,2,6,0,1,0
160481,2592,0.0,4.0,0.0,6,1,1,1,4,0,1,1
160761,2145,0.0,3.0,0.0,4,1,1,2,2,0,1,1
16115,2318,0.0,3.0,0.0,8,4,2,1,7,0,1,0
162525,4992,0.0,3.0,0.0,7,3,1,1,5,0,2,0
162611,3971,0.0,3.0,1.0,2,1,1,1,1,0,1,0
163187,4536,0.0,3.0,0.0,2,1,1,1,1,0,1,0
163851,1200,0.0,0.0,0.0,6,3,2,1,4,0,2,0
164734,523,0.0,3.0,0.0,4,1,1,1,3,0,1,0
164752,2193,0.0,4.0,0.0,13,3,2,1,9,0,2,2
165308,2895,0.0,2.0,0.0,5,2,1,2,4,0,1,0
165843,3682,0.0,5.0,0.0,6,1,1,1,5,0,1,0
166397,3853,0.0,4.0,0.0,3,1,1,2,2,0,1,0
166795,4708,0.0,3.0,1.0,7,3,3,1,6,0,1,0
167093,822,0.0,6.0,0.0,2,1,1,1,1,0,1,0
167243,4143,0.0,4.0,0.0,43,30,8,5,40,0,2,1
167754,4760,0.0,3.0,0.0,78,30,5,12,64,0,1,13
16778,4771,0.0,3.0,0.0,4,1,1,1,3,0,1,0
168248,4607,0.0,3.0,1.0,13,4,1,1,12,0,1,0
168734,3828,0.0,4.0,0.0,9,7,3,4,8,0,1,0
169066,1102,0.0,4.0,2.0,113,65,13,17,101,0,1,11
169079,4163,0.0,2.0,0.0,4,1,1,1,3,0,1,0
169180,310,0.0,0.0,0.0,3,1,1,1,1,0,2,0
169238,2422,0.0,3.0,0.0,5,3,2,2,4,0,1,0
16930,3545,0.0,4.0,0.0,19,3,1,2,17,0,2,0
169808,2436,0.0,4.0,0.0,20,7,4,1,19,0,1,0
1700,3898,0.0,5.0,1.0,8,2,2,1,7,0,1,0
17025,4836,0.0,3.0,1.0,28,6,1,6,27,0,1,0
170312,1102,0.0,3.0,0.0,8,3,1,1,7,0,1,0
170506,472,1.0,5.0,0.0,2,1,1,1,1,0,1,0
17057,798,0.0,2.0,0.0,13,6,3,1,12,0,1,0
170651,4739,0.0,3.0,0.0,6,3,1,1,5,0,1,0
17110,236,0.0,3.0,0.0,9,1,1,2,7,0,1,1
171252,1835,1.0,4.0,0.0,44,30,10,2,41,0,1,2
171323,4095,0.0,6.0,0.0,17,4,2,2,16,0,1,0
171436,1200,0.0,0.0,0.0,3,1,1,1,2,0,1,0
171993,3578,0.0,2.0,0.0,29,4,1,1,26,2,1,0
172185,1487,0.0,4.0,0.0,5,1,1,3,4,0,1,0
172371,4933,0.0,4.0,0.0,5,1,1,1,4,0,1,0
17247,4659,0.0,2.0,0.0,4,2,1,1,3,0,1,0
173338,4919,0.0,2.0,0.0,4,1,1,2,3,0,1,0
173663,1963,0.0,2.0,1.0,19,13,8,8,17,0,1,1
174142,66,0.0,0.0,0.0,2,1,1,1,1,0,1,0
174153,1916,1.0,0.0,2.0,32,12,3,4,29,0,3,0
174771,141,1.0,3.0,0.0,63,42,15,7,56,0,2,5
174924,1760,0.0,4.0,0.0,5,2,1,1,3,0,1,1
175467,1013,0.0,6.0,0.0,4,1,1,1,3,0,1,0
17554,1500,0.0,7.0,1.0,13,5,1,1,12,0,1,0
175540,4765,0.0,4.0,0.0,2,1,1,1,1,0,1,0
175729,3152,0.0,0.0,0.0,1,1,1,1,0,0,1,0
175950,1356,0.0,3.0,0.0,2,1,1,2,0,0,1,1
175998,4394,0.0,4.0,1.0,6,4,1,2,5,0,1,0
17606,289,0.0,3.0,1.0,7,1,1,1,5,0,1,1
176949,3376,0.0,4.0,1.0,4,1,1,1,3,0,1,0
177273,4044,0.0,0.0,0.0,13,5,1,1,12,0,1,0
17765,4475,0.0,4.0,0.0,1,1,1,1,0,0,1,0
177830,547,0.0,0.0,0.0,1,1,1,1,0,0,1,0
177847,3472,0.0,0.0,0.0,3,1,1,1,2,0,1,0
17789,3320,0.0,5.0,0.0,8,1,1,3,7,0,1,0
179044,2066,0.0,5.0,0.0,37,10,1,2,36,0,1,0
179057,3771,0.0,0.0,1.0,1,1,1,1,0,0,1,0
179345,4724,0.0,0.0,0.0,34,11,1,4,31,0,3,0
179630,2273,0.0,6.0,0.0,9,3,1,2,7,0,1,1
17993,10,0.0,3.0,0.0,23,17,6,1,22,0,1,0
180387,66,0.0,2.0,0.0,8,2,1,1,5,0,2,1
180887,3319,0.0,4.0,0.0,18,9,8,1,13,0,5,0
180985,685,0.0,5.0,0.0,13,6,2,3,11,0,2,0
181154,310,0.0,null,null,2,1,1,1,1,0,1,0
181879,2140,0.0,2.0,0.0,1,1,1,1,0,0,1,0
18199,4658,0.0,4.0,1.0,7,1,1,3,5,0,1,1
182425,4976,1.0,3.0,0.0,22,7,5,6,16,0,2,4
182794,2255,0.0,6.0,2.0,8,1,1,2,4,0,4,0
183312,2810,0.0,6.0,1.0,8,5,2,1,6,0,2,0
183420,4536,0.0,0.0,0.0,2,1,1,1,1,0,1,0
183484,141,0.0,4.0,0.0,9,2,2,2,6,0,2,1
183637,436,0.0,0.0,0.0,6,4,1,1,5,0,1,0
18366,1393,0.0,0.0,0.0,7,6,5,3,6,0,1,0
18379,4818,0.0,6.0,1.0,13,4,4,3,11,0,1,1
184561,598,0.0,4.0,1.0,3,1,1,3,2,0,1,0
184945,1495,0.0,4.0,1.0,10,1,1,2,9,0,1,0
185497,4992,0.0,3.0,1.0,4,2,1,2,3,0,1,0
1855,4506,0.0,6.0,0.0,1,1,1,1,0,0,1,0
185979,4540,0.0,4.0,0.0,4,1,1,2,2,0,1,1
185999,3828,1.0,3.0,0.0,28,14,6,2,26,0,1,1
186745,2642,0.0,0.0,1.0,5,1,1,1,3,1,1,0
186951,4073,0.0,4.0,0.0,1,1,1,1,0,0,1,0
187184,4072,0.0,0.0,1.0,11,5,3,2,10,0,1,0
187679,4919,0.0,0.0,0.0,2,1,1,1,1,0,1,0
187867,2791,0.0,3.0,1.0,2,1,1,1,1,0,1,0
187902,4527,0.0,0.0,null,3,1,1,1,2,0,1,0
188301,1102,0.0,0.0,1.0,2,1,1,2,1,0,1,0
18846,3646,0.0,0.0,null,2,1,1,1,1,0,1,0
188931,20,1.0,4.0,0.0,7,2,1,1,4,0,3,0
189605,3571,1.0,5.0,0.0,7,3,1,2,5,0,2,0
189768,3819,0.0,5.0,1.0,6,1,1,1,4,0,2,0
190152,3828,0.0,2.0,0.0,7,2,2,2,6,0,1,0
190380,3022,0.0,4.0,1.0,5,2,1,2,4,0,1,0
190464,416,1.0,0.0,0.0,14,6,4,5,9,0,1,4
190596,3828,0.0,4.0,0.0,8,3,1,4,4,0,1,3
191063,2443,0.0,0.0,0.0,6,1,1,2,5,0,1,0
191140,361,0.0,0.0,0.0,16,1,1,1,14,0,2,0
19139,3173,0.0,3.0,1.0,3,1,1,1,1,0,2,0
191691,1102,0.0,0.0,0.0,7,6,6,6,6,0,1,0
191856,4340,0.0,0.0,null,4,2,2,1,3,0,1,0
192916,3825,0.0,4.0,0.0,3,1,1,1,2,0,1,0
193520,1640,0.0,8.0,0.0,10,4,1,1,9,0,1,0
194648,3345,0.0,2.0,1.0,16,8,2,1,13,0,1,2
194919,4157,0.0,3.0,1.0,8,2,1,1,7,0,1,0
194976,4659,0.0,6.0,1.0,2,1,1,1,1,0,1,0
195104,1427,0.0,2.0,0.0,3,1,1,1,2,0,1,0
195172,4864,0.0,3.0,0.0,6,1,1,1,5,0,1,0
19530,3127,0.0,null,null,7,3,1,2,6,0,1,0
195463,1861,0.0,0.0,0.0,4,1,1,2,2,0,1,1
195556,4270,1.0,0.0,0.0,30,9,5,2,29,0,1,0
195725,3179,0.0,4.0,0.0,6,1,1,1,5,0,1,0
195978,4048,0.0,3.0,0.0,19,4,1,2,15,0,1,3
195999,4950,0.0,3.0,0.0,15,2,2,4,13,0,1,1
196312,1489,0.0,5.0,0.0,2,1,1,1,1,0,1,0
197070,4478,1.0,5.0,0.0,8,1,1,1,5,0,3,0
197893,4385,0.0,7.0,0.0,5,2,1,1,4,0,1,0
197993,2273,0.0,6.0,0.0,5,1,1,3,3,0,1,1
198284,4760,0.0,0.0,1.0,8,3,3,2,7,0,1,0
19851,4933,0.0,4.0,0.0,6,2,1,1,5,0,1,0
198925,323,0.0,4.0,0.0,2,1,1,2,0,0,1,1
199191,310,0.0,0.0,0.0,13,5,3,1,10,0,3,0
199384,314,0.0,3.0,0.0,2,1,1,1,1,0,1,0
199837,121,0.0,6.0,0.0,31,19,4,1,30,0,1,0
199932,474,0.0,2.0,0.0,30,11,6,4,28,0,2,0
200755,1611,0.0,2.0,0.0,8,1,1,2,5,0,2,1
2016,372,0.0,3.0,1.0,7,2,1,2,6,0,1,0
202172,2856,0.0,6.0,0.0,3,1,1,1,2,0,1,0
202224,1892,0.0,4.0,1.0,9,3,2,2,7,0,2,0
20225,2883,1.0,6.0,0.0,72,21,4,7,66,0,1,5
202479,872,0.0,3.0,1.0,4,1,1,1,3,0,1,0
202482,3462,0.0,2.0,0.0,6,1,1,4,4,0,1,1
202507,793,0.0,5.0,0.0,8,1,1,4,6,0,1,1
202661,3536,0.0,5.0,0.0,3,2,1,1,2,0,1,0
202889,3469,0.0,2.0,0.0,23,6,1,2,21,0,1,1
203041,3545,0.0,6.0,0.0,7,3,1,1,6,0,1,0
203446,1760,0.0,4.0,0.0,5,2,1,1,3,0,2,0
203603,2664,0.0,0.0,0.0,8,7,1,1,7,0,1,0
203854,3500,0.0,3.0,0.0,4,2,1,1,3,0,1,0
203913,3405,0.0,0.0,1.0,6,3,1,1,5,0,1,0
204318,3484,0.0,0.0,0.0,3,1,1,1,2,0,1,0
20444,1742,0.0,0.0,0.0,46,6,1,1,45,0,1,0
204628,1884,0.0,4.0,1.0,8,2,2,2,7,0,1,0
206087,1808,0.0,5.0,0.0,3,2,1,1,2,0,1,0
206198,3645,0.0,4.0,1.0,4,1,1,1,3,0,1,0
206617,4044,0.0,4.0,1.0,11,3,1,2,10,0,1,0
206820,3828,0.0,0.0,0.0,4,1,1,1,3,0,1,0
206994,2447,0.0,0.0,0.0,1,1,1,1,0,0,1,0
207475,721,0.0,2.0,0.0,27,3,1,1,24,0,1,2
207877,4044,0.0,0.0,1.0,28,11,5,4,25,0,1,2
207998,2436,0.0,3.0,0.0,13,3,2,1,10,0,2,1
208030,66,0.0,3.0,1.0,4,1,1,1,3,0,1,0
208168,3843,0.0,5.0,0.0,2,1,1,1,1,0,1,0
209109,2954,0.0,3.0,1.0,2,1,1,1,0,0,2,0
209195,2244,0.0,3.0,0.0,13,5,1,1,11,0,2,0
209257,4560,0.0,3.0,1.0,4,2,1,1,2,0,1,1
209272,4618,0.0,3.0,0.0,8,1,1,1,7,0,1,0
209495,310,0.0,2.0,0.0,26,12,2,1,25,0,1,0
209554,1393,0.0,0.0,0.0,6,3,1,2,4,0,1,1
210089,1491,0.0,2.0,0.0,4,1,1,1,3,0,1,0
210387,4270,0.0,4.0,1.0,2,2,2,1,0,0,2,0
210841,4605,0.0,6.0,0.0,5,3,2,2,3,0,2,0
21168,2217,0.0,3.0,0.0,5,2,1,1,4,0,1,0
211897,1760,1.0,3.0,0.0,14,3,1,3,12,0,1,1
21202,3968,0.0,3.0,1.0,1,1,1,1,0,0,1,0
212549,798,0.0,5.0,0.0,4,3,1,1,3,0,1,0
212658,3609,0.0,0.0,0.0,21,19,1,2,20,0,1,0
212743,4480,1.0,4.0,0.0,6,5,1,2,4,0,2,0
212748,2173,0.0,0.0,0.0,48,29,5,1,47,0,1,0
212901,4368,0.0,3.0,1.0,8,3,1,2,7,0,1,0
213797,4336,0.0,0.0,0.0,3,1,1,1,2,0,1,0
214290,4860,0.0,4.0,1.0,2,1,1,1,1,0,1,0
214564,2505,0.0,2.0,1.0,8,1,1,3,7,0,1,0
215382,4339,0.0,3.0,1.0,5,1,1,1,3,0,2,0
215482,806,0.0,4.0,1.0,38,13,4,4,34,0,4,0
21570,1346,0.0,4.0,1.0,18,9,1,1,16,0,1,1
215785,145,1.0,2.0,0.0,13,3,1,4,12,0,1,0
216297,4564,0.0,0.0,0.0,5,1,1,3,4,0,1,0
216403,1102,1.0,4.0,0.0,25,14,7,5,24,0,1,0
216765,3323,1.0,3.0,0.0,7,5,1,1,6,0,1,0
217051,4287,0.0,3.0,0.0,5,4,4,1,0,0,5,0
218030,1203,1.0,0.0,2.0,18,11,6,4,14,0,4,0
218955,2459,0.0,6.0,0.0,5,1,1,2,4,0,1,0
219062,1346,1.0,2.0,0.0,14,5,1,2,12,0,1,1
219212,3734,0.0,2.0,1.0,17,9,5,2,16,0,1,0
219280,4527,0.0,4.0,0.0,5,1,1,2,4,0,1,0
219773,2229,0.0,2.0,0.0,9,5,4,1,8,0,1,0
219802,4282,0.0,3.0,1.0,6,2,2,1,5,0,1,0
220908,4847,0.0,3.0,0.0,65,40,13,6,54,0,2,9
221513,2102,0.0,2.0,0.0,11,3,3,2,8,0,1,2
221596,1000,0.0,2.0,1.0,4,1,1,2,3,0,1,0
221930,1721,0.0,3.0,0.0,7,1,1,1,6,0,1,0
221985,2696,0.0,4.0,1.0,12,7,6,2,11,0,1,0
222379,786,0.0,2.0,1.0,4,1,1,1,3,0,1,0
222604,740,1.0,2.0,1.0,7,2,2,2,6,0,1,0
222675,227,0.0,4.0,0.0,10,1,1,1,9,0,1,0
222782,4282,0.0,4.0,0.0,5,2,2,4,3,0,1,1
222782,4976,0.0,4.0,0.0,10,4,2,3,3,0,3,4
223194,2403,0.0,4.0,0.0,3,3,2,1,2,0,1,0
223346,2928,0.0,4.0,0.0,1,1,1,1,0,0,1,0
223457,4545,0.0,2.0,0.0,2,1,1,1,1,0,1,0
224127,3944,1.0,6.0,0.0,2,1,1,1,1,0,1,0
224277,4468,0.0,3.0,0.0,6,3,1,1,5,0,1,0
224383,4966,0.0,0.0,0.0,10,1,1,1,9,0,1,0
224414,503,0.0,4.0,1.0,3,3,1,1,1,0,2,0
224593,2134,0.0,7.0,0.0,9,2,1,2,8,0,1,0
225002,1405,0.0,2.0,0.0,1,1,1,1,0,0,1,0
225218,168,0.0,4.0,1.0,26,8,4,2,20,0,5,1
225265,3614,0.0,4.0,0.0,9,4,4,4,7,0,2,0
225501,4173,0.0,3.0,0.0,34,21,5,5,33,0,1,0
226321,2721,1.0,4.0,0.0,13,8,2,2,12,0,1,0
226649,1708,0.0,2.0,0.0,4,1,1,1,3,0,1,0
22672,1031,0.0,3.0,0.0,57,6,1,2,52,0,3,2
227488,1850,0.0,4.0,1.0,4,1,1,2,2,1,1,0
227831,4162,0.0,4.0,0.0,3,1,1,1,2,0,1,0
228301,548,0.0,6.0,1.0,2,1,1,2,0,0,1,1
228392,3345,0.0,2.0,0.0,6,1,1,3,4,0,2,0
228603,2128,0.0,2.0,0.0,12,4,3,2,10,0,2,0
22876,1393,0.0,0.0,0.0,8,6,4,1,7,0,1,0
229173,4727,0.0,5.0,0.0,8,2,1,1,7,0,1,0
229369,4098,0.0,5.0,1.0,6,5,1,1,5,0,1,0
229410,4818,1.0,3.0,1.0,21,2,1,5,19,1,1,0
229652,2279,0.0,0.0,1.0,6,1,1,1,5,0,1,0
230001,1512,0.0,0.0,0.0,88,30,3,6,84,0,4,0
230409,2393,0.0,6.0,0.0,2,1,1,1,1,0,1,0
230526,2128,0.0,3.0,0.0,22,4,4,4,19,0,1,2
231137,2193,0.0,0.0,0.0,7,1,1,2,5,1,1,0
231252,1892,0.0,3.0,0.0,11,5,3,1,7,0,4,0
231398,2698,0.0,5.0,1.0,2,1,1,1,1,0,1,0
232302,3143,0.0,3.0,0.0,55,11,1,5,52,0,2,1
232528,3173,0.0,2.0,0.0,30,7,3,1,25,0,5,0
232626,3347,0.0,4.0,1.0,12,3,1,4,10,0,1,1
233,3350,0.0,0.0,0.0,2,2,1,2,0,0,1,1
233313,2654,0.0,2.0,0.0,47,28,4,1,41,0,2,4
234512,3271,0.0,5.0,0.0,5,2,2,1,4,0,1,0
234825,1330,0.0,4.0,0.0,5,2,1,1,4,0,1,0
235205,3288,0.0,0.0,0.0,5,1,1,2,4,0,1,0
236285,2856,0.0,6.0,0.0,11,5,1,2,10,0,1,0
236393,423,0.0,3.0,1.0,1,1,1,1,0,0,1,0
236509,3683,0.0,3.0,1.0,8,1,1,3,7,0,1,0
236586,742,0.0,5.0,0.0,13,3,3,3,12,0,1,0
23663,2943,0.0,3.0,0.0,22,1,1,2,21,0,1,0
237507,215,0.0,0.0,1.0,2,1,1,2,1,0,1,0
237694,606,0.0,3.0,0.0,109,68,13,9,103,0,3,3
238147,4403,0.0,2.0,0.0,3,1,1,1,2,0,1,0
239151,2030,0.0,3.0,1.0,7,2,1,2,6,0,1,0
239600,2162,0.0,2.0,1.0,1,1,1,1,0,0,1,0
240424,2051,0.0,2.0,1.0,8,1,1,2,6,0,1,1
240713,4044,0.0,2.0,0.0,50,23,9,3,46,0,4,0
241192,1359,0.0,2.0,0.0,6,1,1,2,4,0,2,0
241476,1186,0.0,4.0,1.0,1,1,1,1,0,0,1,0
241638,2259,1.0,4.0,0.0,14,3,1,2,12,0,2,0
242379,4705,0.0,3.0,1.0,63,17,6,4,54,0,7,2
24251,4394,0.0,6.0,0.0,2,1,1,1,1,0,1,0
242561,3269,0.0,2.0,1.0,6,2,2,1,5,0,1,0
242602,4090,0.0,4.0,0.0,4,3,1,2,2,0,2,0
243198,3476,0.0,4.0,1.0,6,3,2,1,4,0,2,0
243201,3734,0.0,3.0,1.0,37,15,7,6,33,0,1,3
243291,1892,0.0,0.0,0.0,7,1,1,3,5,0,2,0
243326,4150,0.0,0.0,0.0,5,1,1,2,4,0,1,0
243629,524,0.0,4.0,0.0,4,3,1,1,3,0,1,0
244238,608,0.0,0.0,0.0,6,3,1,1,5,0,1,0
244567,1509,0.0,2.0,0.0,4,1,1,1,2,0,2,0
245745,1714,0.0,3.0,0.0,10,1,1,1,9,0,1,0
246182,102,0.0,3.0,0.0,13,3,2,2,11,0,2,0
246210,4394,0.0,2.0,0.0,9,1,1,2,8,0,1,0
246471,3271,0.0,4.0,1.0,7,2,1,1,6,0,1,0
246844,361,1.0,0.0,0.0,6,3,2,1,4,0,2,0
24731,4427,0.0,3.0,0.0,2,1,1,1,1,0,1,0
247549,625,1.0,3.0,1.0,8,5,1,2,7,0,1,0
248565,4356,0.0,6.0,0.0,8,2,2,3,6,0,1,1
248822,4282,0.0,0.0,1.0,40,6,4,3,38,1,1,0
249459,4049,0.0,3.0,0.0,10,4,1,2,9,0,1,0
249845,822,0.0,4.0,2.0,1,1,1,1,0,0,1,0
249963,4687,0.0,3.0,1.0,2,1,1,1,1,0,1,0
250137,4919,0.0,3.0,0.0,2,1,1,1,1,0,1,0
250466,1102,0.0,3.0,0.0,5,1,1,1,4,0,1,0
250618,3401,0.0,0.0,0.0,1,1,1,1,0,0,1,0
250966,967,0.0,4.0,1.0,2,1,1,1,1,0,1,0
251274,1379,0.0,3.0,0.0,2,1,1,1,1,0,1,0
251417,1831,0.0,0.0,1.0,3,1,1,1,2,0,1,0
251896,598,0.0,4.0,1.0,86,41,4,11,85,0,1,0
252158,1997,0.0,5.0,0.0,8,4,2,3,6,0,1,1
252261,3016,1.0,2.0,0.0,31,20,7,3,26,0,4,1
252397,3635,0.0,4.0,1.0,3,2,1,1,2,0,1,0
252545,2854,0.0,3.0,0.0,12,5,2,1,11,0,1,0
252697,4871,0.0,3.0,0.0,3,1,1,1,1,0,2,0
253019,2505,1.0,7.0,0.0,10,1,1,1,9,0,1,0
253047,4540,0.0,6.0,0.0,3,2,1,1,2,0,1,0
253090,4655,0.0,3.0,0.0,21,8,4,2,17,0,2,2
253224,141,0.0,3.0,0.0,17,3,2,3,13,0,1,3
253280,2273,0.0,3.0,0.0,1,1,1,1,0,0,1,0
253383,598,0.0,0.0,0.0,13,10,3,3,12,0,1,0
253492,4985,0.0,5.0,0.0,2,1,1,1,1,0,1,0
253624,4265,1.0,3.0,0.0,5,1,1,1,4,0,1,0
253701,4735,0.0,5.0,0.0,2,1,1,1,1,0,1,0
253741,2229,0.0,2.0,0.0,20,6,3,6,16,0,1,3
253752,606,0.0,0.0,1.0,56,32,13,4,44,0,2,10
253781,141,1.0,3.0,2.0,54,29,10,2,50,0,4,0
254908,1557,0.0,3.0,0.0,15,9,2,1,14,0,1,0
255848,2709,0.0,4.0,1.0,6,1,1,2,5,0,1,0
256013,606,0.0,5.0,1.0,15,7,2,5,14,0,1,0
25625,3080,0.0,2.0,1.0,20,4,2,1,19,0,1,0
256330,10,0.0,6.0,1.0,2,1,1,2,1,0,1,0
256493,2821,0.0,2.0,1.0,9,2,1,1,8,0,1,0
25654,3173,0.0,0.0,0.0,5,2,1,1,4,0,1,0
256663,3301,1.0,5.0,0.0,5,1,1,1,4,0,1,0
256841,2140,0.0,0.0,0.0,10,6,1,2,8,0,2,0
25686,121,0.0,0.0,1.0,7,2,2,1,5,0,2,0
257331,963,1.0,4.0,1.0,11,6,1,2,10,0,1,0
25757,653,0.0,3.0,0.0,2,1,1,1,1,0,1,0
257623,2529,0.0,2.0,0.0,2,1,1,1,1,0,1,0
257733,3477,0.0,0.0,0.0,6,1,1,1,5,0,1,0
257851,2225,0.0,4.0,1.0,61,20,3,5,60,0,1,0
258353,3965,0.0,5.0,1.0,3,1,1,1,2,0,1,0
25842,4500,0.0,2.0,1.0,3,1,1,1,2,0,1,0
258626,4542,0.0,2.0,0.0,10,4,2,2,7,0,1,2
258627,4282,0.0,3.0,1.0,38,12,7,1,35,0,3,0
258844,606,0.0,0.0,0.0,17,2,1,4,14,0,1,2
259230,4287,0.0,4.0,1.0,17,11,7,1,14,0,3,0
259252,1346,1.0,4.0,1.0,6,2,1,2,5,0,1,0
259517,102,0.0,3.0,1.0,2,1,1,1,1,0,1,0
25969,2467,0.0,0.0,null,7,2,1,1,5,0,1,1
259857,4659,0.0,3.0,0.0,9,4,4,2,8,0,1,0
260090,1031,0.0,3.0,0.0,3,2,1,1,2,0,1,0
260785,104,0.0,0.0,null,8,3,1,2,7,0,1,0
261024,4394,1.0,0.0,0.0,8,2,1,3,7,0,1,0
261132,2229,0.0,6.0,1.0,7,3,3,2,5,0,2,0
261219,4048,0.0,6.0,1.0,11,4,1,1,8,0,3,0
261466,1679,1.0,0.0,0.0,14,12,3,4,13,0,1,0
262336,326,0.0,3.0,1.0,8,1,1,1,6,0,2,0
262391,2954,0.0,4.0,0.0,5,3,2,1,1,0,4,0
262469,4760,0.0,0.0,0.0,6,1,1,2,5,0,1,0
263033,4044,0.0,0.0,0.0,12,8,3,1,11,0,1,0
263098,4554,0.0,0.0,1.0,3,1,1,1,2,0,1,0
26350,4438,0.0,2.0,0.0,5,1,1,2,4,0,1,0
263640,915,0.0,4.0,0.0,9,2,1,3,7,0,1,1
263717,608,0.0,5.0,2.0,22,2,2,2,19,0,3,0
263859,4044,0.0,4.0,0.0,33,17,7,2,23,0,2,8
264346,1968,0.0,6.0,0.0,3,1,1,1,2,0,1,0
264916,359,0.0,4.0,0.0,54,17,3,3,50,0,3,1
265247,3200,0.0,0.0,0.0,7,2,2,2,6,0,1,0
265327,3792,0.0,3.0,0.0,7,5,1,1,5,0,2,0
265407,731,0.0,3.0,1.0,2,1,1,1,1,0,1,0
265817,4234,0.0,4.0,0.0,30,6,3,4,27,0,2,1
265864,3828,0.0,7.0,1.0,9,1,1,2,8,0,1,0
266265,1861,0.0,4.0,1.0,1,1,1,1,0,0,1,0
266435,2954,0.0,4.0,0.0,19,3,1,3,18,0,1,0
266456,500,0.0,0.0,2.0,4,1,1,1,3,0,1,0
267141,4368,0.0,3.0,0.0,16,5,1,1,15,0,1,0
26756,4468,0.0,3.0,1.0,2,1,1,2,1,0,1,0
268786,586,1.0,3.0,0.0,9,2,2,1,7,0,2,0
269395,1833,0.0,4.0,0.0,68,27,9,4,65,0,3,0
269983,1340,0.0,7.0,0.0,1,1,1,1,0,0,1,0
271308,3828,0.0,3.0,0.0,1,1,1,1,0,0,1,0
271423,3054,0.0,6.0,0.0,10,4,2,1,9,0,1,0
271621,643,0.0,0.0,1.0,20,12,4,1,17,0,3,0
272054,3826,0.0,2.0,0.0,1,1,1,1,0,0,1,0
272064,474,1.0,0.0,1.0,58,28,18,1,49,1,8,0
272069,2108,0.0,4.0,0.0,15,4,2,2,14,0,1,0
272267,4848,0.0,6.0,0.0,18,12,2,2,17,0,1,0
272285,170,0.0,2.0,0.0,5,1,1,5,3,0,1,1
272627,4768,0.0,3.0,0.0,6,2,1,1,5,0,1,0
273476,4917,0.0,6.0,0.0,4,2,1,2,3,0,1,0
273709,4170,0.0,0.0,0.0,6,2,1,2,5,0,1,0
274302,4864,0.0,0.0,0.0,20,9,1,3,18,0,2,0
274567,434,0.0,0.0,0.0,6,2,1,2,5,0,1,0
274608,4252,0.0,6.0,1.0,3,1,1,1,2,0,1,0
274609,2,0.0,4.0,2.0,5,2,2,1,4,0,1,0
274752,1653,0.0,2.0,1.0,3,2,1,1,2,0,1,0
274787,2403,0.0,0.0,0.0,10,6,1,1,9,0,1,0
274918,2175,0.0,2.0,0.0,11,1,1,1,10,0,1,0
274958,2630,0.0,0.0,0.0,2,1,1,1,1,0,1,0
275221,3055,0.0,0.0,0.0,6,3,3,1,5,0,1,0
275258,3971,0.0,4.0,0.0,15,3,2,3,11,2,2,0
275406,4048,0.0,6.0,0.0,1,1,1,1,0,0,1,0
275672,1285,0.0,5.0,0.0,14,7,1,2,12,1,1,0
277113,1102,0.0,5.0,0.0,4,2,1,1,3,0,1,0
277262,2217,0.0,2.0,0.0,4,1,1,2,2,0,1,1
277279,1203,1.0,6.0,0.0,9,4,4,1,7,0,2,0
277442,3683,0.0,6.0,0.0,10,3,1,4,9,0,1,0
277469,416,0.0,2.0,0.0,67,34,10,3,58,0,4,5
277598,1203,0.0,4.0,1.0,10,3,2,3,8,1,1,0
277867,4589,0.0,5.0,0.0,5,2,1,2,4,0,1,0
27794,4044,0.0,4.0,1.0,6,2,1,2,5,0,1,0
278099,2273,0.0,3.0,0.0,8,1,1,1,7,0,1,0
2781,490,0.0,4.0,0.0,10,4,1,1,9,0,1,0
278103,4044,0.0,2.0,0.0,6,2,2,1,5,0,1,0
278463,3323,0.0,5.0,1.0,3,1,1,1,2,0,1,0
278531,4687,0.0,0.0,0.0,3,1,1,1,2,0,1,0
278561,252,0.0,3.0,0.0,3,1,1,1,2,0,1,0
278580,557,0.0,0.0,0.0,14,6,4,3,10,0,4,0
278596,3057,0.0,5.0,0.0,9,3,2,1,8,0,1,0
279455,66,0.0,2.0,1.0,1,1,1,1,0,0,1,0
280147,4724,1.0,3.0,1.0,2,1,1,1,1,0,1,0
2806,2360,0.0,2.0,0.0,8,1,1,1,6,0,2,0
280864,4079,0.0,0.0,1.0,8,4,1,2,6,0,2,0
281078,323,0.0,5.0,1.0,14,5,1,2,13,0,1,0
281663,2545,0.0,0.0,1.0,48,26,6,5,41,0,1,6
281858,2821,0.0,null,null,4,2,2,1,3,0,1,0
281910,4847,0.0,2.0,0.0,3,3,3,3,2,0,1,0
282386,1592,0.0,3.0,1.0,3,1,1,1,2,0,1,0
282397,3004,0.0,6.0,0.0,2,1,1,2,0,0,1,1
282436,1594,0.0,0.0,0.0,5,2,1,1,4,0,1,0
283030,3179,0.0,5.0,1.0,7,3,3,2,6,0,1,0
28324,1102,0.0,3.0,0.0,7,6,3,2,5,0,2,0
283402,3585,0.0,3.0,0.0,84,27,2,12,78,0,1,5
283483,154,0.0,2.0,0.0,8,1,1,1,5,0,3,0
285266,2097,0.0,4.0,0.0,12,2,1,1,7,0,5,0
285278,798,0.0,2.0,0.0,9,6,4,1,8,0,1,0
285335,4044,0.0,4.0,0.0,35,10,4,6,32,0,1,2
286171,2664,0.0,0.0,0.0,3,2,1,1,2,0,1,0
286493,4659,0.0,6.0,0.0,13,4,3,3,9,0,4,0
286973,685,0.0,5.0,1.0,16,3,2,1,14,0,2,0
287069,2537,0.0,3.0,0.0,8,5,2,1,7,0,1,0
28762,1978,0.0,3.0,0.0,12,4,1,1,10,0,2,0
287813,3853,0.0,6.0,1.0,2,1,1,1,1,0,1,0
287898,1340,0.0,3.0,0.0,5,4,2,2,4,0,1,0
288135,3562,0.0,4.0,0.0,1,1,1,1,0,0,1,0
288334,4976,0.0,3.0,0.0,13,5,3,1,12,0,1,0
288496,4326,0.0,0.0,0.0,3,1,1,1,2,0,1,0
288715,1964,0.0,5.0,0.0,3,2,1,1,1,0,2,0
288874,66,0.0,3.0,1.0,7,1,1,1,3,0,4,0
288891,4460,0.0,6.0,0.0,12,3,2,2,11,0,1,0
289024,1485,0.0,6.0,0.0,6,5,1,1,5,0,1,0
289081,1133,0.0,5.0,1.0,11,2,2,5,9,0,1,1
289091,1487,0.0,0.0,0.0,5,2,1,1,4,0,1,0
289452,960,0.0,0.0,0.0,9,2,1,6,7,0,1,1
289509,4589,0.0,3.0,1.0,3,1,1,1,2,0,1,0
289759,2440,0.0,6.0,0.0,6,1,1,2,4,0,1,1
290062,2435,0.0,4.0,2.0,9,2,1,2,7,0,2,0
2901,2562,0.0,3.0,0.0,2,1,1,1,1,0,1,0
290740,1200,0.0,3.0,0.0,16,7,2,1,14,0,2,0
291599,3558,0.0,4.0,0.0,5,1,1,2,4,0,1,0
291788,3578,0.0,4.0,2.0,4,1,1,2,2,0,1,1
292667,2217,0.0,4.0,0.0,8,3,1,2,6,0,1,1
292962,189,0.0,0.0,0.0,3,1,1,1,2,0,1,0
293095,1162,0.0,4.0,0.0,13,3,2,5,12,0,1,0
293127,2928,0.0,0.0,1.0,5,3,2,1,4,0,1,0
293582,4871,0.0,0.0,0.0,1,1,1,1,0,0,1,0
293716,537,0.0,3.0,0.0,6,1,1,2,5,0,1,0
29385,2217,0.0,4.0,0.0,4,2,1,1,3,0,1,0
294004,203,0.0,0.0,0.0,4,1,1,1,3,0,1,0
294121,3392,0.0,4.0,0.0,2,1,1,1,0,0,1,1
294522,219,0.0,0.0,1.0,4,1,1,1,3,0,1,0
295064,606,0.0,3.0,0.0,16,4,2,3,15,0,1,0
295099,1557,0.0,4.0,1.0,6,1,1,2,5,0,1,0
29533,2799,0.0,2.0,0.0,86,27,3,15,82,0,2,2
29610,2403,0.0,4.0,0.0,11,6,3,2,8,0,3,0
29611,855,0.0,5.0,0.0,2,1,1,1,1,0,1,0
296338,4992,0.0,3.0,0.0,4,2,1,1,2,0,1,1
296925,2669,0.0,0.0,null,6,5,2,1,5,0,1,0
297386,1031,0.0,4.0,2.0,8,2,1,1,7,0,1,0
297440,3640,0.0,4.0,0.0,16,9,2,1,14,0,1,1
297481,1502,0.0,4.0,0.0,2,1,1,1,1,0,1,0
297514,685,0.0,4.0,1.0,5,2,1,1,4,0,1,0
297968,4143,0.0,5.0,0.0,14,4,3,3,12,0,1,1
297998,3727,0.0,0.0,0.0,4,3,1,2,2,0,2,0
298284,2579,0.0,4.0,1.0,15,5,1,1,14,0,1,0
298840,3519,0.0,3.0,1.0,9,4,1,2,8,0,1,0
299060,2031,0.0,5.0,0.0,2,1,1,1,1,0,1,0
299116,2072,0.0,4.0,0.0,1,1,1,1,0,0,1,0
299155,2273,0.0,3.0,0.0,1,1,1,1,0,0,1,0
299248,1536,0.0,3.0,0.0,2,1,1,1,1,0,1,0
300100,4044,0.0,2.0,0.0,66,38,11,2,56,0,1,9
300740,794,0.0,6.0,1.0,16,7,3,1,15,0,1,0
30110,4044,0.0,3.0,0.0,8,2,2,2,6,0,1,1
301347,3635,0.0,3.0,1.0,4,2,2,2,3,0,1,0
301728,2193,0.0,3.0,0.0,3,3,3,1,0,0,3,0
302509,3152,0.0,0.0,0.0,1,1,1,1,0,0,1,0
302781,35,0.0,3.0,1.0,4,2,1,1,3,0,1,0
302866,3682,0.0,7.0,0.0,30,5,1,2,29,0,1,0
302937,3826,0.0,2.0,1.0,6,1,1,1,5,0,1,0
303023,4836,0.0,0.0,0.0,20,16,4,2,19,0,1,0
303214,574,0.0,4.0,1.0,5,2,1,2,4,0,1,0
303257,786,0.0,0.0,null,4,2,2,1,3,0,1,0
303544,3345,0.0,2.0,0.0,3,1,1,2,2,0,1,0
303576,3578,0.0,5.0,0.0,5,3,1,2,4,0,1,0
303607,1511,0.0,3.0,0.0,8,3,1,2,6,0,1,1
303670,962,0.0,4.0,0.0,11,6,3,4,9,0,2,0
303948,3635,0.0,0.0,1.0,6,2,1,2,5,0,1,0
304976,1015,0.0,5.0,1.0,7,2,1,4,5,0,1,1
305002,3367,0.0,2.0,0.0,3,1,1,1,2,0,1,0
305299,145,0.0,0.0,1.0,11,1,1,3,10,0,1,0
305487,968,0.0,6.0,0.0,5,2,2,2,4,0,1,0
305572,4042,0.0,4.0,1.0,2,1,1,1,1,0,1,0
305760,1890,0.0,6.0,0.0,22,8,4,7,19,0,1,2
30589,1399,0.0,3.0,0.0,11,1,1,2,9,0,1,1
306253,4090,0.0,0.0,0.0,2,1,1,2,0,0,1,1
307626,798,0.0,3.0,0.0,7,5,4,2,5,0,1,1
307713,361,0.0,4.0,0.0,3,2,1,1,2,0,1,0
308838,4173,0.0,0.0,0.0,17,11,3,2,16,0,1,0
309024,4765,1.0,7.0,0.0,3,1,1,1,2,0,1,0
309096,3323,0.0,4.0,0.0,11,6,1,2,10,0,1,0
309242,2709,0.0,4.0,0.0,10,2,2,3,8,0,1,1
309452,152,0.0,0.0,0.0,5,1,1,2,3,0,1,1
309547,3898,0.0,6.0,0.0,14,7,3,1,13,0,1,0
309591,3350,0.0,4.0,0.0,6,1,1,1,5,0,1,0
309680,3063,0.0,6.0,0.0,23,7,3,10,21,0,1,1
310030,168,1.0,5.0,0.0,31,16,5,4,30,0,1,0
310116,4325,0.0,4.0,1.0,6,5,4,1,5,0,1,0
310366,2124,0.0,7.0,1.0,37,22,1,2,36,0,1,0
310653,170,0.0,2.0,0.0,6,1,1,1,3,0,2,1
310901,2545,0.0,4.0,1.0,8,2,1,1,7,0,1,0
311655,4171,0.0,6.0,0.0,5,2,1,1,4,0,1,0
311670,3205,0.0,4.0,0.0,3,1,1,2,2,0,1,0
311696,1557,0.0,3.0,0.0,6,2,2,1,4,0,1,1
312657,2278,0.0,2.0,0.0,1,1,1,1,0,0,1,0
312731,2721,0.0,3.0,0.0,4,2,1,1,3,0,1,0
312816,625,0.0,3.0,0.0,4,1,1,1,3,0,1,0
313316,1724,0.0,2.0,0.0,9,1,1,2,7,0,1,1
313428,2173,0.0,7.0,0.0,6,2,2,1,3,0,3,0
314399,4173,1.0,5.0,0.0,182,115,11,18,180,0,2,0
314542,2950,0.0,3.0,0.0,1,1,1,1,0,0,1,0
315108,4932,0.0,0.0,0.0,2,1,1,2,1,0,1,0
315236,4306,0.0,4.0,0.0,4,1,1,1,3,0,1,0
315279,4864,0.0,0.0,0.0,8,2,2,1,7,0,1,0
315287,2136,0.0,0.0,0.0,2,1,1,1,1,0,1,0
315359,219,0.0,3.0,0.0,5,1,1,2,4,0,1,0
315692,2173,0.0,3.0,2.0,11,4,2,2,10,0,1,0
315908,98,0.0,3.0,0.0,7,4,3,1,6,0,1,0
315965,4789,0.0,3.0,1.0,7,1,1,2,6,0,1,0
316503,1399,0.0,2.0,1.0,2,1,1,1,1,0,1,0
317431,361,0.0,6.0,1.0,6,2,1,2,4,0,1,1
317699,4044,0.0,6.0,0.0,1,1,1,1,0,0,1,0
318236,1722,0.0,3.0,1.0,5,1,1,3,4,0,1,0
318740,777,0.0,5.0,0.0,1,1,1,1,0,0,1,0
31923,4394,0.0,6.0,0.0,4,1,1,1,3,0,1,0
319679,685,0.0,4.0,0.0,9,4,2,1,8,0,1,0
319896,1978,0.0,4.0,1.0,4,1,1,2,3,0,1,0
32030,2397,0.0,0.0,0.0,18,8,3,1,17,0,1,0
320724,1890,0.0,3.0,0.0,21,4,1,2,20,0,1,0
320824,3910,0.0,2.0,0.0,4,1,1,2,2,0,1,1
321437,2646,0.0,6.0,1.0,12,1,1,4,7,0,4,1
32148,2766,0.0,3.0,0.0,3,2,2,2,0,0,1,2
321615,804,0.0,4.0,0.0,3,1,1,1,2,0,1,0
321636,1102,0.0,3.0,1.0,12,2,1,3,11,0,1,0
321669,3350,0.0,0.0,0.0,5,2,1,1,4,0,1,0
321961,2545,0.0,4.0,1.0,4,1,1,1,3,0,1,0
322724,2926,0.0,5.0,0.0,18,5,1,4,14,0,1,3
322887,594,0.0,4.0,0.0,1,1,1,1,0,0,1,0
322968,4465,0.0,0.0,1.0,3,3,1,1,0,0,3,0
323020,4079,0.0,3.0,2.0,1,1,1,1,0,0,1,0
323343,3826,0.0,0.0,0.0,5,1,1,1,4,0,1,0
323459,3103,0.0,5.0,0.0,17,3,2,1,15,0,2,0
323523,4950,0.0,5.0,0.0,17,2,1,1,16,0,1,0
323539,4600,0.0,6.0,0.0,3,1,1,1,2,0,1,0
323714,3022,0.0,2.0,1.0,2,1,1,1,1,0,1,0
324095,2664,0.0,2.0,0.0,1,1,1,1,0,0,1,0
324188,4044,0.0,0.0,1.0,4,2,2,1,3,0,1,0
324478,682,0.0,2.0,1.0,3,1,1,1,2,0,1,0
324485,2856,0.0,0.0,0.0,4,3,1,1,3,0,1,0
325342,4270,0.0,3.0,0.0,20,9,5,1,19,0,1,0
325548,4173,1.0,4.0,1.0,76,35,9,18,65,0,2,9
325650,4571,0.0,4.0,1.0,14,6,4,1,13,0,1,0
325919,10,0.0,4.0,0.0,2,1,1,1,1,0,1,0
326175,4760,0.0,3.0,1.0,27,14,4,2,23,0,2,2
326506,2688,0.0,0.0,0.0,4,1,1,1,2,0,2,0
327062,4368,0.0,4.0,1.0,2,1,1,1,1,0,1,0
327099,4616,1.0,0.0,2.0,8,4,2,2,7,0,1,0
327285,92,1.0,6.0,0.0,2,1,1,1,1,0,1,0
327288,1916,0.0,0.0,1.0,3,2,1,1,2,0,1,0
327405,503,0.0,4.0,1.0,2,1,1,1,1,0,1,0
328328,2709,0.0,6.0,0.0,11,6,3,2,10,0,1,0
328369,3828,1.0,6.0,0.0,12,6,4,2,8,0,4,0
328470,1884,0.0,6.0,1.0,4,2,2,2,3,0,1,0
328529,4468,0.0,2.0,1.0,1,1,1,1,0,0,1,0
328567,4332,0.0,0.0,1.0,6,2,1,2,5,0,1,0
328723,3323,0.0,3.0,2.0,7,1,1,4,5,0,1,1
328723,962,0.0,3.0,2.0,4,1,1,2,3,0,1,0
328806,3734,0.0,3.0,0.0,27,9,3,3,26,0,1,0
328875,3578,0.0,3.0,1.0,7,3,2,2,5,0,2,0
32888,3290,0.0,4.0,2.0,2,1,1,1,1,0,1,0
329459,742,0.0,4.0,1.0,4,1,1,1,3,0,1,0
330030,1839,0.0,4.0,1.0,5,1,1,3,4,0,1,0
330249,2217,0.0,0.0,1.0,12,3,1,1,9,0,3,0
330979,2138,0.0,3.0,1.0,8,5,3,1,7,0,1,0
331115,3839,0.0,6.0,0.0,33,5,3,2,32,0,1,0
331275,3965,0.0,3.0,0.0,3,1,1,1,2,0,1,0
331425,1875,0.0,6.0,0.0,1,1,1,1,0,0,1,0
331746,3476,0.0,0.0,1.0,1,1,1,1,0,0,1,0
33201,4090,0.0,3.0,0.0,9,1,1,2,7,1,1,0
332778,3954,0.0,2.0,0.0,2,1,1,1,1,0,1,0
332875,2031,0.0,3.0,1.0,7,2,1,3,4,0,1,2
333512,1541,0.0,3.0,0.0,4,1,1,1,2,0,1,1
333518,4966,0.0,0.0,0.0,1,1,1,1,0,0,1,0
333798,1963,0.0,6.0,0.0,2,2,2,2,0,0,1,1
333970,2767,0.0,2.0,1.0,12,2,1,2,10,0,2,0
334308,4394,0.0,3.0,0.0,8,1,1,3,5,0,1,2
334340,3826,0.0,5.0,2.0,19,4,2,7,16,0,1,2
335054,3462,0.0,0.0,null,4,1,1,2,2,0,1,1
335097,3173,0.0,3.0,1.0,3,1,1,1,1,0,2,0
335464,4949,0.0,5.0,0.0,11,5,2,4,8,0,2,1
335590,1305,0.0,3.0,1.0,2,1,1,1,1,0,1,0
335755,159,0.0,6.0,1.0,13,1,1,1,12,0,1,0
337339,2294,1.0,0.0,1.0,11,4,4,1,7,3,1,0
337482,4818,0.0,3.0,1.0,54,28,11,4,50,0,4,0
337573,4536,0.0,0.0,0.0,4,1,1,1,3,0,1,0
338127,3828,0.0,2.0,1.0,6,2,1,1,4,0,2,0
338375,3016,0.0,4.0,1.0,13,10,6,2,12,0,1,0
338480,1556,1.0,2.0,0.0,17,4,3,5,15,0,1,1
339836,606,0.0,3.0,0.0,23,18,6,6,22,0,1,0
33994,4287,1.0,3.0,2.0,13,8,6,5,9,0,4,0
340149,1053,1.0,7.0,0.0,2,1,1,1,1,0,1,0
340440,4818,0.0,0.0,0.0,12,6,3,3,10,0,2,0
340691,4933,0.0,0.0,0.0,13,5,2,1,12,0,1,0
34078,2193,0.0,2.0,1.0,6,1,1,1,5,0,1,0
341188,3878,1.0,2.0,0.0,55,22,2,2,51,0,1,3
341581,3898,0.0,6.0,1.0,3,1,1,1,2,0,1,0
341697,67,0.0,3.0,0.0,9,2,2,2,6,0,2,1
3421,2795,0.0,5.0,1.0,4,1,1,2,3,0,1,0
342159,297,0.0,3.0,1.0,1,1,1,1,0,0,1,0
342180,2641,0.0,5.0,1.0,25,13,4,7,23,0,1,1
342182,412,0.0,5.0,1.0,54,24,10,3,49,0,4,1
342314,3850,0.0,5.0,1.0,5,1,1,2,4,0,1,0
342468,3727,0.0,3.0,0.0,8,4,1,1,7,0,1,0
342633,3205,0.0,3.0,0.0,1,1,1,1,0,0,1,0
342862,3136,0.0,0.0,0.0,1,1,1,1,0,0,1,0
343238,1900,0.0,2.0,0.0,3,1,1,1,2,0,1,0
343326,4129,0.0,0.0,0.0,18,12,3,1,16,1,1,0
34377,3469,0.0,2.0,0.0,1,1,1,1,0,0,1,0
343868,606,0.0,2.0,0.0,41,22,7,6,40,0,1,0
344066,289,0.0,5.0,0.0,5,1,1,1,4,0,1,0
344086,4705,0.0,5.0,0.0,4,1,1,2,2,0,1,1
344479,2184,0.0,3.0,0.0,14,8,2,1,11,0,3,0
344773,2020,0.0,4.0,0.0,6,4,2,3,3,0,2,1
345150,3635,0.0,0.0,0.0,6,2,1,1,4,0,1,1
345333,3826,0.0,3.0,1.0,17,5,3,2,15,0,2,0
346242,1487,0.0,6.0,0.0,3,1,1,2,2,0,1,0
3471,4015,0.0,0.0,1.0,16,8,7,1,12,0,4,0
34739,3013,0.0,3.0,0.0,9,3,1,1,8,0,1,0
347897,390,0.0,4.0,0.0,2,1,1,2,1,0,1,0
348076,1056,0.0,3.0,0.0,6,2,2,1,5,0,1,0
348169,2473,0.0,0.0,0.0,4,1,1,2,2,0,2,0
34820,2273,0.0,6.0,1.0,2,1,1,1,1,0,1,0
348690,361,1.0,7.0,0.0,2,1,1,1,1,0,1,0
34875,4079,0.0,0.0,1.0,3,1,1,1,2,0,1,0
349510,2565,0.0,3.0,0.0,73,17,1,1,71,0,2,0
350103,3323,0.0,8.0,2.0,65,1,1,1,64,0,1,0
350807,2465,0.0,0.0,1.0,5,2,1,1,4,0,1,0
350829,3965,0.0,2.0,0.0,5,3,1,1,3,0,2,0
351532,3015,0.0,5.0,0.0,2,1,1,1,1,0,1,0
351603,897,0.0,3.0,0.0,9,6,2,2,7,0,1,1
351709,542,0.0,4.0,0.0,3,1,1,1,2,0,1,0
351897,3126,0.0,6.0,1.0,13,4,1,1,12,0,1,0
352273,1512,0.0,4.0,0.0,20,13,1,1,19,0,1,0
352357,4705,0.0,2.0,0.0,6,2,1,1,4,0,1,1
352390,2124,0.0,4.0,0.0,13,5,2,3,9,0,2,2
352436,798,0.0,6.0,0.0,3,1,1,1,2,0,1,0
352663,191,0.0,6.0,0.0,3,1,1,2,1,0,1,1
352710,4044,0.0,0.0,0.0,28,7,2,4,23,0,1,4
352719,4711,0.0,0.0,null,2,1,1,1,1,0,1,0
353108,4871,0.0,2.0,0.0,9,4,2,2,2,0,4,3
353322,4850,0.0,5.0,1.0,3,2,2,1,1,0,2,0
353695,3624,1.0,0.0,1.0,5,3,1,2,3,0,2,0
353734,2669,0.0,6.0,0.0,3,2,1,1,2,0,1,0
353922,2224,0.0,3.0,0.0,9,3,1,3,8,0,1,0
354116,2454,0.0,2.0,1.0,21,2,2,2,20,0,1,0
354264,3236,0.0,4.0,0.0,6,4,1,1,5,0,1,0
354421,227,1.0,4.0,1.0,4,1,1,1,3,0,1,0
354753,3915,0.0,6.0,0.0,14,1,1,2,13,0,1,0
354864,1393,0.0,5.0,0.0,1,1,1,1,0,0,1,0
355549,289,0.0,4.0,0.0,6,2,1,1,5,0,1,0
35566,1514,1.0,6.0,0.0,2,1,1,2,1,0,1,0
356028,1031,0.0,4.0,1.0,7,2,1,1,6,0,1,0
356043,2173,0.0,3.0,1.0,2,1,1,1,0,0,2,0
356719,1022,0.0,3.0,1.0,6,3,1,2,5,0,1,0
357042,3588,0.0,2.0,0.0,10,1,1,3,7,0,1,2
357605,2266,0.0,0.0,1.0,6,2,1,1,4,1,1,0
358342,3323,1.0,4.0,1.0,8,2,1,2,6,0,2,0
358810,2275,0.0,0.0,0.0,6,1,1,1,5,0,1,0
359381,1472,0.0,5.0,0.0,33,13,1,2,31,0,2,0
359381,4760,0.0,5.0,0.0,5,2,2,1,3,0,2,0
359745,1621,0.0,3.0,0.0,2,1,1,1,1,0,1,0
359797,2891,0.0,6.0,1.0,6,3,1,2,5,0,1,0
360379,2569,1.0,2.0,0.0,19,5,2,2,15,0,4,0
360891,1111,0.0,3.0,0.0,2,1,1,1,1,0,1,0
361514,1487,0.0,4.0,2.0,3,1,1,1,2,0,1,0
361713,3828,0.0,0.0,0.0,20,13,7,1,18,0,2,0
361879,4043,0.0,2.0,0.0,2,1,1,1,1,0,1,0
362127,3329,0.0,6.0,0.0,3,1,1,1,2,0,1,0
362191,2891,0.0,4.0,0.0,19,6,1,5,18,0,1,0
36249,4659,0.0,3.0,2.0,8,4,2,1,6,0,2,0
3625,1724,0.0,3.0,0.0,4,1,1,2,3,0,1,0
363150,3923,0.0,3.0,0.0,2,1,1,1,1,0,1,0
363181,3509,0.0,3.0,1.0,2,1,1,1,1,0,1,0
363409,2173,0.0,0.0,0.0,29,13,1,2,28,0,1,0
363500,4042,0.0,3.0,1.0,7,1,1,1,6,0,1,0
363792,423,0.0,0.0,0.0,3,1,1,2,2,0,1,0
364797,2730,0.0,6.0,0.0,24,5,1,5,21,0,1,2
365094,946,0.0,5.0,1.0,2,2,2,1,1,0,1,0
365359,1495,0.0,3.0,1.0,9,4,2,4,4,0,1,4
365448,4173,0.0,3.0,0.0,7,3,1,2,6,0,1,0
365802,66,0.0,2.0,1.0,6,3,1,2,5,0,1,0
367086,1481,0.0,3.0,1.0,19,3,2,4,18,0,1,0
367131,2482,0.0,3.0,0.0,11,4,2,2,9,0,2,0
367465,3828,0.0,0.0,0.0,14,6,4,5,12,0,1,1
367668,1719,0.0,5.0,0.0,7,3,3,1,4,0,3,0
368050,1760,0.0,4.0,0.0,9,3,1,1,7,0,2,0
368203,4966,0.0,3.0,0.0,1,1,1,1,0,0,1,0
368255,4049,0.0,3.0,0.0,13,3,2,4,8,0,1,4
368518,1346,0.0,5.0,1.0,15,2,1,2,12,0,2,1
368556,4871,0.0,4.0,0.0,4,1,1,1,3,0,1,0
369027,4765,0.0,0.0,0.0,3,1,1,1,2,0,1,0
369255,1166,0.0,6.0,1.0,6,1,1,1,5,0,1,0
369507,742,0.0,2.0,0.0,2,1,1,2,0,0,1,1
370247,1999,0.0,4.0,0.0,8,6,1,3,7,0,1,0
37086,606,0.0,3.0,1.0,25,19,5,2,24,0,1,0
371123,3826,1.0,3.0,1.0,2,1,1,1,1,0,1,0
371129,2891,0.0,null,1.0,6,1,1,2,4,0,1,1
371480,1816,0.0,2.0,1.0,3,1,1,1,2,0,1,0
371548,3828,0.0,6.0,0.0,46,17,5,4,43,0,3,0
371863,649,0.0,5.0,0.0,13,5,1,2,12,0,1,0
371875,1999,0.0,3.0,0.0,7,5,1,1,6,0,1,0
371926,731,0.0,3.0,0.0,4,2,1,1,3,0,1,0
372127,2448,0.0,4.0,0.0,1,1,1,1,0,0,1,0
372437,3095,0.0,2.0,0.0,10,2,1,1,8,0,2,0
372487,4472,0.0,4.0,0.0,3,2,1,1,2,0,1,0
372906,4049,0.0,3.0,1.0,4,2,1,1,3,0,1,0
373063,3044,0.0,0.0,1.0,5,3,2,1,4,0,1,0
373099,3609,0.0,4.0,0.0,7,4,1,1,4,0,3,0
374185,3644,0.0,2.0,0.0,15,2,1,3,13,0,1,1
374459,3955,0.0,4.0,0.0,4,2,1,1,3,0,1,0
374831,1520,0.0,3.0,0.0,5,1,1,1,3,0,1,1
37555,2711,0.0,6.0,0.0,4,2,1,1,3,0,1,0
375944,2193,0.0,4.0,1.0,4,1,1,1,3,0,1,0
375983,2482,0.0,2.0,0.0,4,3,2,3,3,0,1,0
376723,1346,0.0,0.0,0.0,1,1,1,1,0,0,1,0
378067,2608,0.0,0.0,1.0,5,3,2,2,4,0,1,0
378292,2173,0.0,0.0,0.0,13,3,1,1,9,0,4,0
378423,4826,0.0,2.0,1.0,10,2,1,2,9,0,1,0
378467,3828,0.0,3.0,0.0,15,10,8,2,5,0,1,9
379156,1710,1.0,3.0,1.0,3,1,1,1,2,0,1,0
379579,4155,0.0,2.0,0.0,13,1,1,1,11,0,1,1
379647,4793,0.0,0.0,0.0,1,1,1,1,0,0,1,0
379779,3014,0.0,3.0,0.0,16,3,1,4,14,0,2,0
379782,786,0.0,2.0,0.0,14,5,3,3,12,0,1,1
380566,1346,0.0,3.0,1.0,5,3,1,2,4,0,1,0
380873,250,0.0,5.0,1.0,3,2,1,1,2,0,1,0
380916,1491,0.0,5.0,0.0,3,1,1,1,2,0,1,0
380985,4976,0.0,6.0,0.0,18,13,4,1,16,0,2,0
381001,1760,0.0,3.0,0.0,7,2,2,1,5,0,2,0
381040,4050,0.0,3.0,1.0,1,1,1,1,0,0,1,0
381743,434,0.0,4.0,1.0,4,1,1,1,3,0,1,0
383336,2821,1.0,5.0,1.0,16,8,3,2,15,0,1,0
383339,1861,1.0,2.0,0.0,9,6,3,3,6,0,1,2
383471,1884,0.0,3.0,0.0,1,1,1,1,0,0,1,0
383827,2693,0.0,6.0,1.0,17,4,1,2,15,0,1,1
384867,946,0.0,4.0,0.0,10,3,2,2,9,0,1,0
385139,3965,0.0,6.0,0.0,10,3,1,1,8,0,2,0
385275,3971,0.0,2.0,1.0,4,1,1,1,3,0,1,0
385548,598,1.0,0.0,0.0,9,7,3,2,8,0,1,0
38575,643,0.0,2.0,0.0,9,5,4,2,7,0,1,1
386073,3971,1.0,0.0,0.0,7,2,1,1,5,0,1,1
386337,3323,0.0,0.0,1.0,10,3,1,3,8,0,2,0
386355,2348,0.0,5.0,0.0,9,2,1,2,8,0,1,0
386631,141,0.0,2.0,0.0,6,1,1,1,5,0,1,0
38670,882,0.0,4.0,1.0,14,5,4,4,6,0,2,6
386839,3734,0.0,3.0,1.0,1,1,1,1,0,0,1,0
38696,361,0.0,3.0,0.0,5,2,1,2,4,0,1,0
386992,3080,0.0,3.0,1.0,13,5,3,2,11,0,2,0
387057,1884,0.0,5.0,0.0,8,3,2,5,7,0,1,0
387333,4702,0.0,0.0,1.0,7,2,2,1,6,0,1,0
38744,606,0.0,0.0,0.0,8,3,2,5,6,0,1,1
387508,361,0.0,6.0,1.0,45,20,6,2,40,0,1,4
38778,2872,0.0,4.0,0.0,1,1,1,1,0,0,1,0
389332,4173,0.0,4.0,0.0,48,13,6,4,47,0,1,0
390008,2138,0.0,4.0,1.0,6,2,2,2,4,0,2,0
390234,1340,0.0,3.0,0.0,5,1,1,2,3,1,1,0
390663,2128,0.0,2.0,0.0,15,6,4,4,10,0,2,3
391479,2545,0.0,2.0,1.0,18,10,5,3,17,0,1,0
391526,1115,0.0,2.0,0.0,23,5,2,2,22,0,1,0
391661,1123,0.0,4.0,1.0,7,2,1,2,5,0,1,1
39208,3952,0.0,3.0,0.0,12,6,3,1,9,0,3,0
392464,3022,0.0,3.0,0.0,4,1,1,1,0,0,3,1
392485,2447,0.0,4.0,0.0,6,2,1,1,5,0,1,0
392517,2981,0.0,0.0,0.0,14,5,2,3,13,0,1,0
392742,323,0.0,6.0,0.0,20,4,1,2,19,0,1,0
392970,2099,0.0,0.0,0.0,4,2,2,2,3,0,1,0
393394,1963,0.0,3.0,0.0,8,6,1,1,7,0,1,0
393622,4744,0.0,0.0,1.0,1,1,1,1,0,0,1,0
393656,3420,0.0,6.0,1.0,10,5,1,2,9,0,1,0
394777,1501,0.0,0.0,0.0,10,7,3,1,9,0,1,0
394780,4975,0.0,3.0,1.0,2,1,1,1,1,0,1,0
39483,1359,0.0,2.0,0.0,3,1,1,1,2,0,1,0
395456,1559,0.0,6.0,0.0,12,9,4,1,4,2,6,0
395699,4042,0.0,3.0,2.0,2,1,1,1,1,0,1,0
396188,416,0.0,6.0,0.0,16,9,1,5,14,0,1,1
396349,1875,0.0,0.0,0.0,1,1,1,1,0,0,1,0
396543,3541,0.0,3.0,1.0,15,6,1,2,14,0,1,0
396896,2011,0.0,4.0,0.0,5,1,1,1,4,0,1,0
397184,4760,0.0,3.0,0.0,10,4,2,1,8,0,2,0
397601,2273,0.0,3.0,0.0,6,2,1,2,5,0,1,0
397636,1833,0.0,null,null,4,1,1,1,3,0,1,0
39767,2326,0.0,3.0,0.0,1,1,1,1,0,0,1,0
398227,3593,0.0,0.0,1.0,26,9,2,3,25,0,1,0
398517,653,0.0,6.0,0.0,4,1,1,1,3,0,1,0
398964,3558,0.0,3.0,1.0,4,2,1,1,2,0,2,0
399199,1667,0.0,2.0,0.0,17,3,2,1,15,0,1,1
399573,4022,0.0,0.0,0.0,5,1,1,2,3,1,1,0
39980,1788,0.0,4.0,1.0,8,3,2,1,7,0,1,0
400175,1749,0.0,0.0,0.0,16,10,5,1,13,0,3,0
400555,4090,0.0,3.0,0.0,1,1,1,1,0,0,1,0
400762,2836,1.0,3.0,0.0,2,1,1,1,0,0,1,1
401259,26,0.0,4.0,0.0,55,22,7,1,50,0,5,0
401301,3350,0.0,6.0,2.0,4,2,1,1,3,0,1,0
401574,3475,0.0,0.0,0.0,12,6,1,1,11,0,1,0
401897,3042,1.0,4.0,0.0,11,6,5,2,9,0,1,1
40217,2424,0.0,3.0,0.0,19,2,1,1,18,0,1,0
402573,586,0.0,4.0,1.0,8,6,2,2,1,0,4,3
402660,3734,0.0,2.0,1.0,19,7,4,1,18,0,1,0
402869,3828,0.0,2.0,0.0,15,4,2,7,10,0,1,4
402931,3103,0.0,6.0,0.0,7,3,1,1,6,0,1,0
403024,2273,0.0,3.0,0.0,9,2,1,4,7,0,1,1
40374,4129,0.0,3.0,0.0,6,4,3,1,4,0,2,0
404196,685,0.0,6.0,1.0,6,3,2,1,4,1,1,0
404806,3578,0.0,3.0,0.0,9,3,1,2,7,0,2,0
40498,323,0.0,4.0,0.0,11,3,1,3,8,0,1,2
405006,1133,0.0,4.0,1.0,14,6,3,2,13,0,1,0
405041,3828,0.0,2.0,0.0,2,1,1,2,1,0,1,0
405129,3571,0.0,0.0,0.0,2,2,1,1,0,0,2,0
406243,4894,0.0,5.0,0.0,8,1,1,2,6,0,1,1
406849,3205,0.0,0.0,0.0,1,1,1,1,0,0,1,0
406892,1588,0.0,0.0,0.0,6,2,1,3,5,0,1,0
406895,742,0.0,4.0,0.0,21,9,4,3,19,0,2,0
407604,4325,0.0,4.0,0.0,1,1,1,1,0,0,1,0
40781,2808,1.0,6.0,0.0,8,2,2,1,5,0,2,1
408485,524,0.0,4.0,0.0,7,1,1,2,6,0,1,0
408636,3288,0.0,4.0,0.0,2,1,1,2,1,0,1,0
408761,4039,0.0,0.0,0.0,3,1,1,1,2,0,1,0
409414,1467,0.0,0.0,0.0,9,1,1,4,8,0,1,0
410334,3022,0.0,2.0,1.0,12,3,3,2,10,0,2,0
410497,4860,0.0,3.0,0.0,1,1,1,1,0,0,1,0
410610,4860,0.0,4.0,1.0,3,1,1,1,2,0,1,0
410971,1496,1.0,3.0,0.0,11,1,1,5,9,0,1,1
411544,1943,0.0,2.0,1.0,13,6,3,1,12,0,1,0
411608,2577,0.0,5.0,1.0,9,2,1,2,8,0,1,0
411628,426,0.0,0.0,1.0,4,1,1,2,3,0,1,0
411756,3205,0.0,3.0,0.0,9,8,2,2,0,0,1,8
411897,3955,0.0,3.0,0.0,1,1,1,1,0,0,1,0
412046,3878,0.0,3.0,0.0,12,1,1,2,10,0,1,1
412577,3152,0.0,3.0,1.0,6,2,2,1,4,0,2,0
413053,2450,0.0,3.0,0.0,3,1,1,1,2,0,1,0
413180,4261,0.0,5.0,0.0,5,3,1,1,3,0,2,0
413385,3990,0.0,3.0,0.0,22,10,2,2,21,0,1,0
413636,2981,0.0,5.0,0.0,14,2,1,1,13,0,1,0
414082,3629,0.0,3.0,0.0,15,2,1,2,13,0,1,1
414320,4860,0.0,3.0,0.0,3,1,1,1,2,0,1,0
414685,3181,0.0,3.0,0.0,1,1,1,1,0,0,1,0
415328,2393,0.0,3.0,0.0,6,2,1,1,5,0,1,0
41556,3378,0.0,3.0,1.0,6,1,1,2,4,0,1,1
415664,740,0.0,2.0,1.0,8,2,2,1,7,0,1,0
415978,3828,0.0,3.0,1.0,7,3,3,2,5,0,1,1
416026,3445,0.0,3.0,0.0,6,2,1,1,5,0,1,0
416198,1322,0.0,3.0,0.0,6,2,1,1,5,0,1,0
416245,3152,1.0,3.0,1.0,25,6,1,3,19,0,2,4
41641,4708,0.0,4.0,0.0,7,6,5,1,6,0,1,0
41680,2890,0.0,null,null,2,1,1,1,1,0,1,0
416889,4604,0.0,0.0,1.0,3,1,1,1,2,0,1,0
417509,1719,0.0,3.0,0.0,4,1,1,2,3,0,1,0
417858,1808,0.0,4.0,1.0,10,5,1,1,9,0,1,0
41800,1861,0.0,2.0,0.0,14,5,2,2,10,0,4,0
418737,4504,0.0,0.0,0.0,7,1,1,1,6,0,1,0
419579,1131,0.0,5.0,0.0,1,1,1,1,0,0,1,0
419600,4488,0.0,4.0,0.0,3,1,1,2,2,0,1,0
419607,133,0.0,6.0,0.0,4,2,1,1,3,0,1,0
419961,2537,0.0,0.0,0.0,2,2,1,1,1,0,1,0
420006,1500,0.0,3.0,1.0,24,11,2,5,23,0,1,0
420294,3828,0.0,3.0,null,3,1,1,1,2,0,1,0
420398,4976,0.0,2.0,0.0,16,4,3,2,14,0,1,1
420511,332,0.0,0.0,0.0,6,2,2,1,5,0,1,0
420629,1379,0.0,0.0,0.0,5,2,2,1,4,0,1,0
420819,3870,0.0,6.0,0.0,11,6,1,2,9,0,2,0
420901,2036,0.0,4.0,2.0,1,1,1,1,0,0,1,0
421009,262,0.0,5.0,1.0,6,3,2,1,5,0,1,0
421049,1393,0.0,4.0,0.0,2,1,1,1,1,0,1,0
421435,3323,0.0,0.0,2.0,13,4,1,6,12,0,1,0
421461,1131,0.0,4.0,0.0,7,5,1,3,6,0,1,0
421985,3629,1.0,3.0,0.0,14,4,4,2,12,0,2,0
422221,63,0.0,3.0,0.0,8,2,2,3,5,0,1,2
424086,1487,0.0,4.0,0.0,6,2,1,1,5,0,1,0
42478,3363,0.0,3.0,0.0,4,1,1,2,3,0,1,0
42485,2821,0.0,5.0,1.0,23,7,3,1,21,0,2,0
42588,798,0.0,0.0,0.0,18,10,8,1,16,0,2,0
42943,2031,0.0,5.0,1.0,4,1,1,1,3,0,1,0
43199,4789,0.0,5.0,1.0,3,1,1,1,2,0,1,0
43260,2664,0.0,3.0,0.0,3,3,1,1,1,0,2,0
4411,1487,0.0,6.0,0.0,8,2,1,1,6,0,1,1
44713,3200,0.0,4.0,1.0,24,5,3,4,19,0,2,3
45176,3420,0.0,5.0,0.0,9,8,4,1,8,0,1,0
45695,3828,0.0,5.0,1.0,9,5,4,5,7,0,1,1
45836,4173,0.0,4.0,0.0,7,4,2,2,6,0,1,0
46495,4577,0.0,0.0,0.0,5,2,2,1,4,0,1,0
46803,1346,0.0,3.0,0.0,7,3,1,3,5,0,1,1
47083,2669,0.0,2.0,0.0,20,11,5,3,19,0,1,0
47115,687,0.0,2.0,1.0,4,1,1,1,3,0,1,0
47311,2303,0.0,6.0,0.0,61,17,1,2,59,0,2,0
47816,1093,0.0,6.0,0.0,12,2,1,1,10,0,1,1
48328,4155,0.0,4.0,1.0,12,5,1,1,11,0,1,0
48622,412,0.0,3.0,0.0,146,49,15,10,124,0,5,17
49715,606,0.0,4.0,0.0,14,10,4,4,13,0,1,0
50076,1760,0.0,5.0,0.0,41,13,2,1,36,0,5,0
50367,2356,0.0,7.0,0.0,10,2,1,1,8,0,2,0
50483,2099,0.0,2.0,1.0,7,4,2,1,6,0,1,0
50743,1124,0.0,0.0,0.0,2,1,1,1,1,0,1,0
50831,4976,0.0,0.0,0.0,7,5,3,3,5,0,2,0
51057,3621,0.0,2.0,0.0,5,1,1,1,4,0,1,0
51183,4043,0.0,3.0,0.0,45,18,6,3,39,2,4,0
52103,914,0.0,0.0,0.0,5,2,1,1,4,0,1,0
52347,3205,0.0,0.0,0.0,23,11,3,2,13,0,2,8
5253,1379,0.0,4.0,0.0,10,5,5,1,9,0,1,0
53825,1764,0.0,0.0,0.0,11,1,1,2,9,0,2,0
54075,4558,0.0,6.0,0.0,1,1,1,1,0,0,1,0
54371,4195,0.0,3.0,0.0,3,1,1,1,2,0,1,0
54867,4047,0.0,3.0,0.0,2,1,1,1,1,0,1,0
55174,2537,0.0,0.0,0.0,2,1,1,1,1,0,1,0
55984,989,0.0,2.0,0.0,2,1,1,1,1,0,1,0
56182,474,0.0,5.0,0.0,17,12,9,2,12,0,5,0
5734,2138,0.0,0.0,0.0,62,33,9,8,49,0,8,5
57678,606,0.0,0.0,0.0,12,9,2,2,11,0,1,0
58225,4760,0.0,6.0,1.0,6,3,3,1,5,0,1,0
58263,3350,0.0,3.0,1.0,2,1,1,1,1,0,1,0
58415,1502,0.0,3.0,0.0,11,4,3,2,10,0,1,0
59150,1835,0.0,3.0,0.0,41,13,7,6,40,0,1,0
59189,1056,0.0,4.0,0.0,23,14,7,4,20,0,2,1
59985,4265,0.0,3.0,0.0,29,10,3,1,28,0,1,0
60086,4960,0.0,2.0,1.0,4,2,2,3,2,0,1,1
60484,2221,0.0,2.0,0.0,12,5,1,3,10,0,1,1
60653,590,0.0,3.0,0.0,9,2,2,1,6,0,3,0
60966,2824,0.0,0.0,0.0,2,1,1,1,1,0,1,0
61399,3623,0.0,3.0,0.0,16,8,4,4,12,0,1,3
62541,1393,1.0,2.0,0.0,98,66,10,9,90,0,1,7
62556,960,0.0,3.0,0.0,10,2,1,2,9,0,1,0
62678,2193,0.0,0.0,0.0,7,3,2,3,6,0,1,0
63452,4044,0.0,0.0,0.0,27,22,5,3,26,0,1,0
63489,1833,1.0,6.0,0.0,4,1,1,1,3,0,1,0
63540,2994,0.0,2.0,0.0,4,2,1,1,3,0,1,0
63648,1679,0.0,0.0,0.0,2,1,1,1,1,0,1,0
64286,606,0.0,4.0,0.0,6,1,1,2,4,0,1,1
64578,4143,0.0,6.0,0.0,26,8,5,6,24,0,2,0
64596,4958,0.0,2.0,0.0,3,1,1,1,2,0,1,0
64710,117,0.0,4.0,2.0,2,1,1,1,1,0,1,0
64749,2793,0.0,0.0,0.0,7,2,1,3,6,0,1,0
65271,474,0.0,5.0,0.0,3,2,2,1,2,0,1,0
65291,4042,0.0,0.0,0.0,9,2,1,3,7,0,1,1
65620,2709,0.0,0.0,0.0,10,4,2,1,9,0,1,0
65917,4281,0.0,3.0,0.0,1,1,1,1,0,0,1,0
66469,121,0.0,6.0,1.0,4,1,1,2,3,0,1,0
66657,4976,0.0,3.0,0.0,18,11,4,5,13,0,1,4
66954,141,0.0,0.0,1.0,29,10,5,7,24,0,2,3
67027,2173,1.0,0.0,0.0,59,19,2,3,53,0,5,1
67118,3191,0.0,3.0,0.0,9,6,1,2,7,0,1,1
67208,3523,0.0,6.0,0.0,10,1,1,2,9,0,1,0
67576,1013,0.0,5.0,0.0,1,1,1,1,0,0,1,0
67730,4949,0.0,6.0,0.0,17,4,3,8,16,0,1,0
68512,1472,0.0,3.0,1.0,5,1,1,3,4,0,1,0
68637,310,0.0,2.0,1.0,4,1,1,1,3,0,1,0
68644,1948,0.0,3.0,2.0,8,1,1,2,7,0,1,0
68890,3675,0.0,3.0,1.0,8,3,2,1,6,0,1,1
68902,2361,0.0,3.0,0.0,2,1,1,1,1,0,1,0
69021,3734,0.0,3.0,1.0,1,1,1,1,0,0,1,0
69339,191,0.0,3.0,0.0,2,1,1,1,1,0,1,0
69411,4605,0.0,3.0,0.0,12,5,5,1,8,0,4,0
69747,3108,1.0,5.0,0.0,10,4,3,3,9,0,1,0
69899,4966,1.0,4.0,0.0,24,12,10,6,19,0,5,0
70088,4282,1.0,4.0,0.0,26,19,6,1,24,0,2,0
70146,3971,0.0,6.0,0.0,7,2,1,2,4,0,1,2
70569,1831,0.0,3.0,0.0,7,1,1,1,6,0,1,0
70812,1102,0.0,5.0,0.0,18,10,3,3,16,0,1,1
70931,1742,0.0,5.0,0.0,1,1,1,1,0,0,1,0
71161,542,0.0,0.0,0.0,6,1,1,2,4,0,2,0
71250,2031,0.0,3.0,1.0,1,1,1,1,0,0,1,0
71576,2928,0.0,5.0,0.0,2,1,1,1,1,0,1,0
71637,3163,0.0,0.0,1.0,1,1,1,1,0,0,1,0
71701,4044,0.0,3.0,0.0,6,5,1,1,5,0,1,0
72223,4885,0.0,2.0,1.0,1,1,1,1,0,0,1,0
72246,1020,0.0,3.0,0.0,4,2,2,3,2,0,1,1
72432,2303,0.0,0.0,0.0,1,1,1,1,0,0,1,0
72441,3288,0.0,3.0,0.0,2,1,1,1,1,0,1,0
72872,3822,0.0,2.0,0.0,16,5,3,4,14,0,1,1
72918,902,0.0,5.0,0.0,3,1,1,1,2,0,1,0
7315,689,0.0,3.0,0.0,2,1,1,1,1,0,1,0
73159,4647,0.0,0.0,0.0,2,1,1,1,1,0,1,0
73771,2537,0.0,2.0,0.0,1,1,1,1,0,0,1,0
73873,2422,0.0,3.0,1.0,17,5,3,2,16,0,1,0
74430,3665,0.0,3.0,0.0,2,1,1,1,1,0,1,0
75235,2928,0.0,3.0,0.0,7,1,1,1,6,0,1,0
75476,1051,0.0,4.0,1.0,7,1,1,1,6,0,1,0
75537,2938,0.0,4.0,0.0,2,2,2,1,0,0,2,0
76133,4346,0.0,4.0,0.0,12,5,3,1,10,0,2,0
76601,2422,1.0,3.0,1.0,7,4,2,2,6,0,1,0
76618,4098,1.0,7.0,0.0,14,1,1,3,13,0,1,0
76763,2669,0.0,4.0,0.0,2,1,1,1,1,0,1,0
76961,1026,0.0,6.0,1.0,7,4,4,1,6,0,1,0
77146,323,0.0,0.0,0.0,2,1,1,1,1,0,1,0
7731,4267,1.0,4.0,0.0,40,25,7,4,38,0,2,0
77430,3925,0.0,4.0,0.0,7,1,1,2,5,0,1,1
77480,4594,0.0,0.0,0.0,8,1,1,2,7,0,1,0
78000,4173,0.0,3.0,0.0,45,34,11,12,36,0,1,8
78167,2856,0.0,4.0,0.0,10,3,1,3,9,0,1,0
7866,1454,0.0,0.0,1.0,2,2,2,1,0,0,2,0
78816,3073,0.0,0.0,0.0,1,1,1,1,0,0,1,0
78919,4659,0.0,3.0,0.0,19,10,3,1,17,0,2,0
79218,4605,0.0,null,null,2,1,1,2,1,0,1,0
79454,4802,0.0,2.0,0.0,6,1,1,1,4,0,1,1
79756,4372,0.0,4.0,0.0,2,1,1,2,0,0,1,1
80160,3609,0.0,3.0,0.0,3,1,1,1,2,0,1,0
80282,3650,0.0,4.0,0.0,5,1,1,4,3,0,1,1
8049,4351,0.0,3.0,0.0,6,3,3,1,5,0,1,0
80842,742,0.0,0.0,0.0,3,2,2,2,1,0,1,1
80917,2445,0.0,3.0,1.0,1,1,1,1,0,0,1,0
81119,806,0.0,0.0,null,12,8,3,2,10,1,1,0
81182,3080,0.0,2.0,1.0,7,1,1,1,6,0,1,0
81456,557,0.0,5.0,0.0,5,3,3,1,4,0,1,0
81747,4659,0.0,3.0,0.0,1,1,1,1,0,0,1,0
81934,3536,0.0,4.0,1.0,10,3,2,3,9,0,1,0
82341,1485,0.0,3.0,0.0,4,2,1,2,1,0,1,2
82366,467,0.0,4.0,0.0,3,1,1,1,1,0,2,0
83047,2721,0.0,6.0,1.0,23,7,2,2,20,0,3,0
83307,310,0.0,3.0,0.0,14,4,3,2,12,0,2,0
8358,4791,0.0,3.0,0.0,3,1,1,1,2,0,1,0
83687,3291,1.0,4.0,0.0,5,2,1,1,4,0,1,0
84515,3850,0.0,2.0,1.0,6,2,2,2,5,0,1,0
84590,2051,0.0,0.0,0.0,12,1,1,2,9,0,2,1
8500,1890,0.0,4.0,0.0,30,15,5,12,27,0,1,2
85506,4864,0.0,5.0,0.0,1,1,1,1,0,0,1,0
85577,2569,0.0,4.0,0.0,12,7,1,2,11,0,1,0
85810,1346,0.0,6.0,0.0,1,1,1,1,0,0,1,0
85906,4744,0.0,3.0,0.0,8,5,1,2,7,0,1,0
86000,4830,0.0,0.0,2.0,1,1,1,1,0,0,1,0
86297,608,0.0,0.0,0.0,14,3,2,3,13,0,1,0
86477,2109,0.0,2.0,1.0,1,1,1,1,0,0,1,0
87478,1487,0.0,0.0,0.0,8,1,1,1,7,0,1,0
8779,3925,0.0,4.0,1.0,22,5,3,8,20,0,1,1
88023,2565,0.0,0.0,0.0,1,1,1,1,0,0,1,0
88540,4491,0.0,0.0,1.0,10,6,3,2,9,0,1,0
88948,4377,0.0,3.0,1.0,4,1,1,1,3,0,1,0
88963,4564,0.0,5.0,1.0,3,1,1,1,2,0,1,0
89059,621,0.0,0.0,0.0,3,2,1,1,2,0,1,0
89244,2360,0.0,5.0,1.0,4,1,1,2,3,0,1,0
90518,1827,0.0,4.0,1.0,7,1,1,2,5,0,1,1
90552,3363,0.0,6.0,0.0,7,2,1,2,5,0,2,0
90762,4368,0.0,2.0,1.0,5,3,3,1,4,0,1,0
91360,4062,0.0,0.0,0.0,8,3,1,1,7,0,1,0
91793,4950,0.0,4.0,1.0,11,3,1,5,8,1,1,1
91921,4605,1.0,6.0,0.0,25,13,9,3,19,0,5,1
923,721,0.0,5.0,0.0,15,4,1,2,13,0,1,1
92482,2919,0.0,2.0,0.0,2,1,1,1,1,0,1,0
9259,4536,0.0,3.0,1.0,2,1,1,2,0,0,1,1
92824,1485,0.0,6.0,0.0,1,1,1,1,0,0,1,0
92855,236,0.0,3.0,0.0,3,2,1,1,2,0,1,0
93164,2810,0.0,4.0,0.0,6,3,1,2,5,0,1,0
93593,4783,0.0,3.0,1.0,8,1,1,2,7,0,1,0
9370,2928,0.0,0.0,0.0,25,14,2,2,24,0,1,0
93879,2136,0.0,3.0,0.0,3,2,2,1,1,0,2,0
93902,3853,0.0,0.0,0.0,13,10,5,2,12,0,1,0
94693,2556,0.0,6.0,0.0,6,3,2,2,4,0,2,0
95260,361,0.0,3.0,0.0,20,10,3,3,18,0,1,1
95414,4600,0.0,4.0,1.0,6,2,1,2,4,1,1,0
95539,168,0.0,4.0,0.0,1,1,1,1,0,0,1,0
95570,3689,0.0,0.0,0.0,8,3,2,1,7,0,1,0
96992,2221,0.0,2.0,2.0,4,1,1,1,3,0,1,0
97087,3407,0.0,7.0,1.0,2,1,1,1,1,0,1,0
97724,2000,0.0,2.0,1.0,1,1,1,1,0,0,1,0
97824,4659,0.0,3.0,0.0,3,1,1,2,1,0,1,1
98294,597,0.0,0.0,0.0,12,3,1,2,10,0,1,1
98566,594,0.0,2.0,1.0,1,1,1,1,0,0,1,0
98746,2936,0.0,2.0,1.0,3,1,1,1,2,0,1,0
98752,152,0.0,0.0,0.0,28,15,1,3,27,0,1,0
99313,3793,0.0,7.0,0.0,10,5,2,1,8,0,2,0
99394,2669,0.0,3.0,0.0,12,4,2,4,9,0,1,2
99528,1900,0.0,0.0,1.0,1,1,1,1,0,0,1,0
