100249,2550,0.0,2.0,0.0,18,9,1,2,16,0,2,0
100297,4444,0.0,4.0,0.0,65,26,4,1,60,0,5,0
101952,3239,0.0,3.0,1.0,6,1,1,1,4,0,2,0
10218,962,0.0,3.0,0.0,2,1,1,2,1,0,1,0
102254,503,0.0,3.0,0.0,5,2,1,2,4,0,1,0
10226,4732,0.0,4.0,1.0,19,5,3,2,18,0,1,0
102389,1501,0.0,5.0,0.0,11,3,2,1,10,0,1,0
103641,2928,0.0,3.0,0.0,3,2,1,1,2,0,1,0
104109,4966,0.0,4.0,0.0,11,5,3,1,9,0,2,0
104134,3420,0.0,4.0,1.0,4,1,1,1,2,0,2,0
104421,2928,0.0,0.0,0.0,6,2,1,2,4,0,1,1
104842,4044,0.0,2.0,0.0,19,7,3,2,18,0,1,0
104943,2926,0.0,6.0,0.0,5,1,1,1,4,0,1,0
105215,2721,0.0,3.0,0.0,13,6,2,1,11,0,2,0
105363,877,0.0,4.0,0.0,3,1,1,1,2,0,1,0
105605,4482,0.0,6.0,1.0,4,1,1,1,3,0,1,0
105847,3524,0.0,3.0,1.0,2,1,1,1,1,0,1,0
106938,2669,0.0,3.0,1.0,5,1,1,3,4,0,1,0
107003,2664,0.0,3.0,0.0,1,1,1,1,0,0,1,0
107290,3462,0.0,2.0,1.0,6,1,1,1,5,0,1,0
1082,4589,0.0,4.0,0.0,2,1,1,1,1,0,1,0
108265,71,0.0,3.0,0.0,15,8,4,3,11,0,4,0
108427,3941,0.0,3.0,0.0,9,1,1,1,8,0,1,0
108486,742,0.0,0.0,0.0,1,1,1,1,0,0,1,0
108606,962,0.0,2.0,0.0,6,3,3,3,5,0,1,0
10895,3460,0.0,3.0,0.0,15,3,3,2,11,0,2,2
109543,1370,0.0,4.0,0.0,10,4,2,1,9,0,1,0
109597,1049,0.0,3.0,0.0,3,1,1,1,2,0,1,0
109684,786,1.0,2.0,0.0,12,3,1,2,8,0,1,3
109954,3420,0.0,6.0,0.0,6,2,1,2,4,1,1,0
109962,1102,0.0,3.0,0.0,1269,17,4,5,1268,0,1,0
110057,3152,1.0,5.0,0.0,3,1,1,1,1,0,1,1
110222,2579,0.0,5.0,0.0,9,2,1,2,8,0,1,0
111182,3161,0.0,5.0,1.0,23,15,5,3,21,0,2,0
111632,2031,0.0,0.0,1.0,9,1,1,6,7,0,1,1
11347,2768,0.0,3.0,0.0,36,6,5,5,31,0,3,2
113570,3734,0.0,3.0,1.0,4,1,1,1,3,0,1,0
114559,396,0.0,0.0,0.0,1,1,1,1,0,0,1,0
114908,1250,0.0,2.0,0.0,2,1,1,1,1,0,1,0
115133,66,0.0,0.0,2.0,1,1,1,1,0,0,1,0
115629,3022,0.0,2.0,0.0,22,9,4,1,19,0,3,0
115769,2236,0.0,3.0,0.0,8,3,2,3,5,0,2,1
116094,4760,0.0,0.0,0.0,1,1,1,1,0,0,1,0
116369,4727,0.0,2.0,1.0,18,6,3,1,17,0,1,0
116954,2565,0.0,3.0,1.0,14,1,1,2,12,0,1,1
117094,4618,0.0,0.0,0.0,1,1,1,1,0,0,1,0
117681,141,0.0,3.0,0.0,6,4,3,2,5,0,1,0
118125,1900,0.0,6.0,0.0,3,1,1,2,2,0,1,0
118344,3472,1.0,2.0,1.0,18,7,2,1,17,0,1,0
118435,4468,0.0,3.0,1.0,4,1,1,1,3,0,1,0
118569,332,0.0,3.0,1.0,11,8,3,1,8,0,3,0
119224,4536,0.0,3.0,1.0,2,1,1,1,1,0,1,0
11930,598,0.0,3.0,1.0,2,1,1,1,0,0,1,1
12001,3815,0.0,0.0,null,8,1,1,2,5,1,2,0
120343,2679,0.0,0.0,0.0,4,1,1,1,2,0,1,1
120363,684,0.0,6.0,0.0,4,2,2,1,2,0,2,0
120683,3406,0.0,null,null,11,2,1,2,10,0,1,0
121007,2981,0.0,4.0,0.0,8,1,1,3,6,0,1,1
121018,4137,0.0,4.0,1.0,3,1,1,1,2,0,1,0
121371,4044,0.0,2.0,0.0,7,3,3,1,5,0,2,0
121699,2318,0.0,3.0,0.0,13,2,2,2,11,0,1,1
121750,212,0.0,0.0,1.0,7,6,5,2,3,0,3,1
121763,4850,0.0,6.0,0.0,5,3,2,3,4,0,1,0
122340,354,0.0,2.0,0.0,7,1,1,1,5,0,2,0
12237,2592,0.0,5.0,0.0,1,1,1,1,0,0,1,0
123455,326,0.0,0.0,0.0,5,1,1,3,4,0,1,0
123574,414,0.0,6.0,0.0,26,9,5,3,23,1,2,0
123639,2136,0.0,5.0,0.0,8,2,1,2,5,0,1,2
123689,4976,0.0,3.0,0.0,9,1,1,2,8,0,1,0
124044,1131,0.0,3.0,0.0,9,4,2,4,8,0,1,0
124085,2608,0.0,6.0,0.0,3,1,1,1,2,0,1,0
124784,542,0.0,0.0,0.0,1,1,1,1,0,0,1,0
125485,3536,0.0,3.0,0.0,10,2,2,3,8,0,2,0
1256,239,0.0,3.0,0.0,5,2,1,1,4,0,1,0
125604,1895,0.0,3.0,0.0,2,2,1,1,0,0,2,0
125650,1833,0.0,4.0,0.0,4,2,1,1,2,0,2,0
125734,1489,0.0,0.0,0.0,5,1,1,1,4,0,1,0
125745,3411,0.0,0.0,0.0,12,2,2,1,11,0,1,0
126173,474,0.0,4.0,2.0,18,6,5,1,15,0,3,0
126191,2435,0.0,2.0,0.0,4,1,1,1,3,0,1,0
126654,2303,0.0,4.0,0.0,5,1,1,2,4,0,1,0
126905,1467,0.0,3.0,0.0,1,1,1,1,0,0,1,0
127094,1602,0.0,3.0,0.0,4,2,2,1,3,0,1,0
127980,4585,0.0,6.0,0.0,27,6,3,2,24,0,3,0
128675,2128,0.0,4.0,0.0,5,4,3,1,3,0,2,0
129258,343,0.0,5.0,0.0,7,3,3,1,6,0,1,0
129607,1861,0.0,0.0,0.0,7,4,1,1,6,0,1,0
129687,1619,0.0,2.0,1.0,5,2,1,3,4,0,1,0
12997,653,0.0,3.0,0.0,12,2,2,2,10,0,1,1
130468,606,0.0,2.0,0.0,9,3,1,1,7,0,2,0
130649,1840,0.0,0.0,0.0,3,1,1,1,1,0,2,0
130929,575,0.0,6.0,0.0,2,1,1,1,1,0,1,0
131218,1200,0.0,4.0,1.0,5,2,2,1,3,0,2,0
131684,1892,1.0,8.0,1.0,6,4,4,2,4,0,2,0
131758,2318,0.0,4.0,0.0,11,2,1,1,10,0,1,0
131828,3578,0.0,6.0,0.0,8,4,2,3,7,0,1,0
131895,2435,0.0,4.0,0.0,2,1,1,1,1,0,1,0
132752,1520,0.0,0.0,0.0,2,1,1,1,1,0,1,0
132946,4388,0.0,3.0,1.0,7,4,1,1,5,0,2,0
133229,4044,0.0,2.0,0.0,1,1,1,1,0,0,1,0
133618,4955,1.0,2.0,1.0,9,1,1,7,7,0,1,1
133939,3607,0.0,3.0,0.0,7,3,2,2,6,0,1,0
13395,685,0.0,0.0,0.0,7,5,2,2,6,0,1,0
134190,4502,0.0,4.0,1.0,10,6,2,1,8,0,2,0
134702,3103,0.0,5.0,0.0,12,4,1,1,10,0,2,0
134738,3044,0.0,2.0,1.0,2,1,1,1,1,0,1,0
135408,3887,0.0,3.0,0.0,7,1,1,2,5,0,1,1
13547,2273,0.0,0.0,0.0,7,3,1,2,6,0,1,0
135480,643,0.0,3.0,0.0,73,57,14,3,70,0,3,0
135700,698,0.0,6.0,1.0,5,2,1,2,4,0,1,0
13590,4079,0.0,0.0,0.0,30,14,2,5,28,0,2,0
136470,416,0.0,3.0,1.0,5,1,1,2,4,0,1,0
13682,4091,0.0,2.0,1.0,4,1,1,1,3,0,1,0
136849,1888,0.0,0.0,0.0,6,2,1,1,5,0,1,0
137238,1187,0.0,3.0,1.0,11,5,4,1,8,0,3,0
137405,1673,0.0,2.0,0.0,5,2,1,2,4,0,1,0
137594,1643,0.0,3.0,0.0,3,1,1,1,2,0,1,0
13785,1742,0.0,0.0,0.0,3,1,1,2,1,0,2,0
137972,3734,0.0,3.0,1.0,34,18,5,4,29,0,1,4
138084,1964,0.0,0.0,0.0,11,6,4,2,10,0,1,0
138189,1470,0.0,4.0,1.0,2,1,1,1,1,0,1,0
138325,2936,0.0,3.0,0.0,6,1,1,2,4,0,2,0
138600,1708,0.0,3.0,0.0,55,11,1,4,54,0,1,0
138609,574,0.0,7.0,1.0,1,1,1,1,0,0,1,0
138645,3536,0.0,3.0,0.0,1,1,1,1,0,0,1,0
138701,4526,0.0,3.0,0.0,8,2,2,1,6,0,2,0
138908,962,0.0,4.0,2.0,27,12,4,1,25,0,2,0
139430,2565,0.0,4.0,0.0,2,1,1,2,0,0,1,1
139698,1999,1.0,4.0,0.0,9,4,2,1,4,0,5,0
139849,3170,0.0,3.0,0.0,6,1,1,3,3,0,2,1
14043,4474,0.0,2.0,0.0,4,1,1,1,3,0,1,0
14044,3055,0.0,2.0,1.0,1,1,1,1,0,0,1,0
14074,2915,0.0,3.0,0.0,1,1,1,1,0,0,1,0
140741,3958,0.0,3.0,0.0,24,11,6,3,13,0,1,10
140921,4143,0.0,0.0,0.0,21,3,2,3,18,0,1,2
141366,3753,0.0,3.0,0.0,2,1,1,1,1,0,1,0
141535,3230,0.0,3.0,0.0,4,3,2,2,3,0,1,0
142319,2138,0.0,3.0,0.0,9,5,3,1,6,0,3,0
142510,2928,0.0,4.0,0.0,45,18,4,7,40,0,1,4
142948,1495,0.0,0.0,0.0,25,8,2,1,23,0,2,0
143011,3323,1.0,0.0,null,2,1,1,1,1,0,1,0
143146,3828,1.0,5.0,0.0,43,38,9,4,42,0,1,0
144417,804,0.0,3.0,0.0,4,3,2,2,1,0,3,0
144436,4496,0.0,2.0,0.0,35,9,4,5,33,0,2,0
144709,4760,0.0,2.0,1.0,2,1,1,2,0,0,1,1
145128,3284,0.0,3.0,1.0,4,1,1,1,3,0,1,0
145366,1911,0.0,2.0,0.0,1,1,1,1,0,0,1,0
145803,3462,0.0,2.0,0.0,5,2,1,1,2,0,1,2
145869,1487,0.0,3.0,1.0,5,2,1,1,4,0,1,0
146194,3301,0.0,6.0,0.0,3,1,1,1,2,0,1,0
147587,4687,0.0,2.0,0.0,17,5,1,3,16,0,1,0
147632,1022,0.0,6.0,0.0,3,1,1,1,2,0,1,0
14764,2217,0.0,4.0,0.0,3,2,2,2,1,0,1,1
147849,951,0.0,0.0,1.0,7,4,2,1,6,0,1,0
147976,4356,0.0,6.0,1.0,23,6,2,1,22,0,1,0
148387,2298,0.0,3.0,1.0,3,1,1,2,2,0,1,0
149143,1102,1.0,3.0,0.0,77,39,8,12,74,0,3,0
149367,1892,0.0,4.0,1.0,6,6,3,3,5,0,1,0
149456,2642,0.0,0.0,1.0,3,1,1,1,2,0,1,0
150221,2669,0.0,3.0,0.0,12,5,3,3,11,0,1,0
150753,1615,0.0,6.0,0.0,3,1,1,1,2,0,1,0
150913,1720,0.0,0.0,0.0,5,1,1,2,4,0,1,0
150942,2000,0.0,4.0,0.0,43,20,1,6,40,0,1,2
150990,2637,0.0,0.0,1.0,2,1,1,1,1,0,1,0
151488,1749,0.0,3.0,1.0,7,2,2,2,5,0,1,1
151720,4760,0.0,3.0,1.0,3,2,2,2,2,0,1,0
152327,1642,0.0,2.0,0.0,1,1,1,1,0,0,1,0
152533,798,0.0,3.0,0.0,5,4,3,1,4,0,1,0
152606,1780,0.0,2.0,0.0,4,1,1,2,2,0,1,1
153131,3828,0.0,2.0,1.0,2,1,1,1,1,0,1,0
153358,3607,0.0,7.0,1.0,2,1,1,1,1,0,1,0
153878,4775,0.0,0.0,0.0,19,3,2,9,17,0,1,1
154530,962,0.0,2.0,0.0,4,2,2,1,3,0,1,0
154784,2303,0.0,6.0,0.0,23,11,1,1,22,0,1,0
154916,1520,0.0,6.0,0.0,3,1,1,1,2,0,1,0
155501,189,0.0,0.0,0.0,2,1,1,2,1,0,1,0
155529,1102,0.0,4.0,0.0,86,23,6,13,83,0,2,1
155673,4659,1.0,2.0,0.0,12,8,4,3,11,0,1,0
155866,252,0.0,2.0,1.0,1,1,1,1,0,0,1,0
156346,4173,0.0,3.0,0.0,81,30,3,6,74,0,1,6
156545,2640,1.0,0.0,0.0,11,5,3,3,8,0,1,2
157038,1642,0.0,5.0,0.0,10,2,1,5,9,0,1,0
157076,323,0.0,4.0,0.0,30,9,2,4,27,0,1,2
157659,4744,0.0,5.0,0.0,3,1,1,1,2,0,1,0
157891,2552,0.0,0.0,0.0,2,1,1,1,1,0,1,0
158102,498,0.0,0.0,1.0,4,3,2,1,3,0,1,0
158583,4322,0.0,0.0,0.0,16,2,1,4,13,0,1,2
158749,3411,0.0,0.0,0.0,5,2,1,2,2,0,3,0
1590,4949,0.0,6.0,1.0,55,33,10,5,52,1,2,0
15904,2051,0.0,6.0,0.0,5,1,1,2,2,0,2,1
159305,4724,0.0,0.0,0.0,4,1,1,1,3,0,1,0
159510,4647,0.0,0.0,0.0,3,1,1,1,2,0,1,0
159953,2562,0.0,2.0,1.0,2,1,1,1,1,0,1,0
160445,1487,0.0,0.0,0.0,15,7,2,3,14,0,1,0
160972,2465,0.0,0.0,0.0,5,1,1,2,4,0,1,0
161128,4280,0.0,2.0,null,3,1,1,2,2,0,1,0
161738,2642,0.0,3.0,0.0,7,2,1,1,4,0,1,2
161786,3828,0.0,0.0,0.0,27,7,5,6,23,0,1,3
162186,2450,0.0,0.0,1.0,4,2,1,1,2,0,2,0
162248,1346,0.0,4.0,0.0,8,5,1,2,7,0,1,0
162438,1203,0.0,0.0,0.0,4,1,1,1,3,0,1,0
162669,4921,0.0,6.0,1.0,5,1,1,2,3,0,1,1
163700,3685,0.0,3.0,0.0,2,1,1,1,1,0,1,0
163756,2278,0.0,4.0,0.0,22,10,2,2,17,0,5,0
163817,798,1.0,0.0,0.0,4,2,2,2,3,0,1,0
164078,2954,0.0,0.0,0.0,4,2,2,1,1,0,3,0
16416,4009,0.0,7.0,0.0,1,1,1,1,0,0,1,0
164456,1708,0.0,5.0,0.0,8,4,2,1,7,0,1,0
16466,4129,0.0,0.0,0.0,19,13,5,3,18,0,1,0
164735,643,0.0,6.0,0.0,74,45,11,2,72,0,2,0
164968,1102,0.0,4.0,0.0,28,17,8,5,22,0,2,4
165164,204,0.0,3.0,0.0,5,1,1,1,4,0,1,0
16578,23,0.0,2.0,0.0,4,1,1,1,3,0,1,0
166255,1487,0.0,3.0,0.0,1,1,1,1,0,0,1,0
166439,3323,0.0,3.0,0.0,4,2,1,2,3,0,1,0
166571,2634,1.0,0.0,1.0,53,13,3,8,50,0,1,2
166784,4919,0.0,3.0,2.0,4,1,1,1,2,0,1,1
167003,3236,0.0,6.0,0.0,3,2,1,1,2,0,1,0
167301,511,0.0,4.0,0.0,1,1,1,1,0,0,1,0
167785,3828,0.0,0.0,0.0,35,14,5,4,34,0,1,0
168296,227,0.0,6.0,0.0,19,3,2,1,18,0,1,0
169028,4043,0.0,3.0,0.0,18,5,3,5,12,0,1,5
169121,4044,0.0,0.0,0.0,10,3,2,3,9,0,1,0
169296,4705,0.0,4.0,0.0,11,4,2,2,9,0,2,0
169312,2699,1.0,2.0,0.0,8,4,2,2,7,0,1,0
169590,1557,0.0,2.0,1.0,11,6,3,5,10,0,1,0
170795,416,0.0,0.0,0.0,10,8,1,1,9,0,1,0
170824,4143,0.0,3.0,0.0,24,15,4,3,19,0,1,4
171038,2253,0.0,7.0,1.0,25,3,1,3,23,0,1,1
171276,255,0.0,3.0,0.0,13,7,4,3,11,0,2,0
171292,2745,0.0,2.0,1.0,4,2,1,1,3,0,1,0
171339,145,0.0,3.0,0.0,8,4,1,1,7,0,1,0
171928,747,0.0,3.0,0.0,3,1,1,1,2,0,1,0
172402,3570,0.0,4.0,0.0,3,1,1,2,2,0,1,0
172426,326,0.0,3.0,0.0,2,1,1,1,0,0,1,1
172648,586,0.0,3.0,0.0,25,18,5,2,23,0,2,0
173265,1370,0.0,0.0,0.0,10,3,2,1,4,0,6,0
173676,3826,1.0,2.0,1.0,2,2,2,1,0,0,1,1
173766,4500,0.0,0.0,1.0,10,2,1,1,6,0,2,2
174387,3102,0.0,6.0,0.0,4,1,1,1,3,0,1,0
175436,2631,0.0,0.0,0.0,3,1,1,1,2,0,1,0
175574,198,0.0,2.0,0.0,2,1,1,2,0,0,1,1
175888,3986,0.0,4.0,1.0,2,1,1,1,1,0,1,0
176128,1582,1.0,0.0,0.0,11,4,1,1,9,0,1,1
176747,3906,1.0,3.0,0.0,21,9,4,1,20,0,1,0
176811,114,0.0,4.0,1.0,16,2,1,1,15,0,1,0
177004,3876,0.0,7.0,0.0,9,4,1,1,8,0,1,0
177508,2286,0.0,3.0,0.0,3,1,1,1,2,0,1,0
177618,46,0.0,5.0,0.0,4,1,1,1,3,0,1,0
17782,4768,0.0,3.0,0.0,22,14,3,4,20,0,1,1
178538,2277,0.0,2.0,1.0,11,1,1,3,9,0,1,1
178674,3230,0.0,3.0,1.0,8,2,1,2,7,0,1,0
179461,2459,0.0,3.0,0.0,4,2,2,1,3,0,1,0
179512,4444,0.0,6.0,0.0,17,8,4,1,14,0,3,0
180684,145,0.0,2.0,0.0,9,2,1,2,7,0,1,1
181072,2173,0.0,3.0,0.0,12,4,1,1,11,0,1,0
181142,2066,0.0,3.0,0.0,11,5,1,2,10,0,1,0
181549,4992,0.0,0.0,0.0,11,2,1,1,9,0,2,0
181841,4545,0.0,0.0,0.0,44,9,1,2,43,0,1,0
183286,24,0.0,5.0,0.0,8,1,1,1,7,0,1,0
183376,1470,0.0,5.0,1.0,7,2,1,1,6,0,1,0
183456,4044,0.0,4.0,1.0,15,2,1,2,12,0,1,2
183756,2639,0.0,5.0,1.0,70,26,10,7,60,0,10,0
183847,4966,0.0,0.0,0.0,9,4,2,2,7,0,1,1
184150,2268,0.0,3.0,0.0,3,2,2,1,2,0,1,0
184331,2291,0.0,2.0,1.0,2,1,1,1,1,0,1,0
18441,1434,0.0,6.0,0.0,2,1,1,1,1,0,1,0
184527,1131,0.0,0.0,0.0,3,1,1,1,2,0,1,0
184827,4480,0.0,3.0,0.0,2,1,1,1,1,0,1,0
185096,4170,0.0,5.0,1.0,7,4,1,1,5,0,2,0
185223,2229,0.0,2.0,0.0,3,2,2,1,2,0,1,0
185260,1536,0.0,0.0,0.0,2,1,1,1,1,0,1,0
185515,4043,0.0,6.0,0.0,6,2,2,2,5,0,1,0
185644,4050,0.0,0.0,0.0,2,1,1,1,1,0,1,0
185689,2424,0.0,5.0,0.0,14,4,1,1,13,0,1,0
185727,1661,0.0,0.0,1.0,2,2,1,1,0,0,2,0
185728,793,0.0,3.0,0.0,3,1,1,1,2,0,1,0
185765,4876,0.0,2.0,1.0,1,1,1,1,0,0,1,0
185816,66,0.0,6.0,0.0,9,2,2,2,7,1,1,0
185868,3682,0.0,5.0,1.0,40,3,1,3,38,0,1,1
185933,3667,0.0,0.0,0.0,1,1,1,1,0,0,1,0
186113,1049,0.0,3.0,1.0,7,2,2,2,6,0,1,0
186348,4049,0.0,3.0,2.0,7,2,2,2,5,0,1,1
186799,4991,0.0,0.0,null,4,1,1,3,3,0,1,0
187493,2360,0.0,2.0,1.0,2,1,1,1,1,0,1,0
187614,2935,0.0,3.0,1.0,10,4,1,1,9,0,1,0
188677,4976,0.0,null,null,24,10,4,3,21,2,1,0
188837,3938,0.0,2.0,0.0,2,1,1,1,1,0,1,0
189140,4745,0.0,3.0,0.0,12,6,1,3,11,0,1,0
189323,2582,0.0,3.0,0.0,10,3,1,2,7,0,1,2
189422,1963,0.0,5.0,1.0,33,13,2,1,32,0,1,0
189495,4708,0.0,4.0,0.0,14,7,5,1,11,0,3,0
18961,3905,0.0,2.0,0.0,5,1,1,1,4,0,1,0
189806,416,0.0,3.0,0.0,54,29,5,7,50,0,3,1
189902,3205,0.0,4.0,0.0,31,11,1,4,29,0,1,1
189929,946,0.0,5.0,0.0,10,5,1,1,8,0,2,0
189935,1605,0.0,4.0,0.0,7,1,1,1,5,0,2,0
190342,4966,0.0,4.0,0.0,7,2,2,3,5,0,2,0
190888,2218,0.0,0.0,0.0,14,1,1,2,13,0,1,0
191156,4268,0.0,5.0,1.0,3,1,1,1,2,0,1,0
191215,3826,0.0,4.0,1.0,14,4,1,1,12,0,1,1
191403,4427,0.0,0.0,0.0,3,1,1,1,2,0,1,0
191863,3954,0.0,0.0,1.0,4,2,2,1,2,0,2,0
192034,1530,0.0,3.0,0.0,12,3,1,1,11,0,1,0
192627,2786,0.0,3.0,0.0,6,1,1,1,5,0,1,0
19264,3828,0.0,3.0,0.0,42,17,8,11,36,0,1,5
193036,2128,0.0,0.0,0.0,2,1,1,2,1,0,1,0
193057,4717,0.0,2.0,1.0,2,1,1,1,1,0,1,0
193335,2173,1.0,4.0,0.0,1,1,1,1,0,0,1,0
193663,2440,0.0,2.0,1.0,8,2,1,2,7,0,1,0
193987,798,0.0,6.0,0.0,9,6,6,1,8,0,1,0
194113,4173,1.0,0.0,0.0,33,10,5,5,32,0,1,0
194156,1031,0.0,5.0,0.0,6,3,1,1,5,0,1,0
194421,3609,0.0,5.0,0.0,16,8,1,1,13,0,2,1
194851,1512,0.0,6.0,0.0,26,18,3,6,24,0,2,0
195582,4864,0.0,6.0,1.0,8,3,1,1,7,0,1,0
195593,120,0.0,2.0,0.0,1,1,1,1,0,0,1,0
195799,1514,0.0,0.0,0.0,10,3,2,1,7,0,3,0
19589,2935,0.0,2.0,0.0,4,1,1,2,3,0,1,0
196452,1708,0.0,3.0,0.0,15,6,1,1,14,0,1,0
19647,2318,0.0,5.0,0.0,9,1,1,1,8,0,1,0
196510,669,0.0,5.0,1.0,10,2,1,1,8,0,1,1
196532,2140,0.0,0.0,0.0,16,10,1,1,13,0,3,0
196646,13,0.0,2.0,1.0,6,1,1,1,5,0,1,0
196677,1472,0.0,3.0,1.0,7,3,1,3,6,0,1,0
196752,3938,0.0,0.0,1.0,12,4,2,1,11,0,1,0
196861,698,0.0,3.0,0.0,30,14,4,1,25,0,5,0
196872,2047,0.0,3.0,0.0,19,2,2,5,18,0,1,0
196971,148,1.0,4.0,0.0,5,2,1,1,3,0,2,0
19703,4942,0.0,4.0,1.0,4,1,1,1,3,0,1,0
197356,3236,0.0,2.0,0.0,10,3,1,2,9,0,1,0
197396,1074,0.0,4.0,0.0,110,30,3,11,100,0,2,8
197412,3839,0.0,3.0,1.0,3,1,1,2,2,0,1,0
197543,3247,0.0,3.0,1.0,1,1,1,1,0,0,1,0
197721,3629,0.0,0.0,0.0,5,1,1,2,4,0,1,0
198091,1487,0.0,6.0,0.0,9,2,1,2,7,0,1,1
198253,3683,0.0,4.0,0.0,2,1,1,1,1,0,1,0
198655,1026,1.0,4.0,0.0,34,8,5,7,28,0,5,1
199128,1752,0.0,2.0,1.0,2,1,1,1,1,0,1,0
199222,4760,0.0,4.0,1.0,3,1,1,1,1,0,1,1
199383,4044,0.0,0.0,0.0,31,10,4,4,27,0,1,3
199646,3734,0.0,2.0,0.0,4,2,1,1,3,0,1,0
199997,4090,0.0,3.0,0.0,30,6,1,2,25,0,1,4
200281,2981,0.0,0.0,0.0,3,1,1,2,2,0,1,0
2011,4173,0.0,0.0,0.0,17,11,4,3,16,0,1,0
201182,4346,0.0,null,null,3,2,1,2,2,0,1,0
201268,437,0.0,5.0,0.0,9,4,1,1,5,0,4,0
201747,2193,0.0,6.0,1.0,1,1,1,1,0,0,1,0
202099,3271,0.0,4.0,0.0,1,1,1,1,0,0,1,0
202166,2981,0.0,3.0,0.0,16,9,3,1,15,0,1,0
202192,4710,0.0,3.0,0.0,4,1,1,1,3,0,1,0
203144,2241,0.0,3.0,0.0,5,1,1,2,4,0,1,0
204054,606,1.0,5.0,0.0,6,5,3,3,5,0,1,0
204134,3335,0.0,0.0,0.0,4,2,1,1,3,0,1,0
204685,3734,0.0,3.0,0.0,11,3,1,3,7,0,3,1
204957,141,0.0,4.0,0.0,6,2,1,1,5,0,1,0
205072,3971,0.0,3.0,1.0,16,4,2,1,12,0,1,3
205199,3609,0.0,4.0,0.0,1,1,1,1,0,0,1,0
206213,4605,0.0,8.0,0.0,2,1,1,2,0,0,1,1
206665,1487,0.0,0.0,1.0,1,1,1,1,0,0,1,0
20670,20,0.0,3.0,0.0,3,1,1,1,2,0,1,0
207004,3828,0.0,0.0,0.0,6,1,1,1,5,0,1,0
207067,1273,0.0,5.0,1.0,3,1,1,1,2,0,1,0
207157,141,0.0,0.0,0.0,62,33,11,3,49,0,1,12
207165,3982,0.0,6.0,1.0,2,1,1,1,1,0,1,0
207218,1742,0.0,2.0,0.0,7,1,1,1,6,0,1,0
207803,3723,0.0,2.0,0.0,6,2,1,3,4,0,2,0
207834,3734,0.0,3.0,0.0,25,13,6,1,21,0,4,0
207991,1800,0.0,4.0,1.0,6,2,2,3,5,0,1,0
208289,968,0.0,0.0,0.0,11,2,1,1,10,0,1,0
209152,2545,0.0,5.0,1.0,7,5,2,2,5,0,2,0
209166,4976,0.0,2.0,0.0,11,4,1,1,10,0,1,0
209351,403,0.0,4.0,null,4,3,1,1,3,0,1,0
209559,2776,0.0,6.0,0.0,8,4,3,2,6,0,2,0
209716,1816,0.0,2.0,1.0,2,1,1,1,1,0,1,0
209931,2031,0.0,6.0,0.0,4,1,1,2,3,0,1,0
210283,2203,0.0,4.0,0.0,11,2,2,1,10,0,1,0
210373,4044,0.0,3.0,0.0,16,9,2,1,15,0,1,0
210515,4829,0.0,3.0,0.0,5,2,1,1,4,0,1,0
210641,2294,0.0,6.0,0.0,9,2,2,3,7,0,2,0
210787,2278,0.0,0.0,0.0,2,1,1,1,1,0,1,0
210821,1552,0.0,0.0,0.0,3,1,1,1,2,0,1,0
211047,1200,0.0,5.0,0.0,4,1,1,1,3,0,1,0
211086,1692,0.0,3.0,1.0,11,1,1,2,10,0,1,0
21122,2031,0.0,3.0,0.0,2,1,1,1,1,0,1,0
211558,4976,0.0,6.0,0.0,5,2,1,1,4,0,1,0
211739,4048,0.0,0.0,0.0,6,1,1,2,4,0,1,1
211825,960,0.0,2.0,0.0,1,1,1,1,0,0,1,0
212423,4131,0.0,6.0,0.0,6,1,1,2,4,0,2,0
212927,4585,0.0,2.0,1.0,2,1,1,1,1,0,1,0
213356,2180,0.0,6.0,0.0,20,5,3,5,16,0,2,2
213444,1742,0.0,4.0,0.0,5,3,1,1,4,0,1,0
213473,3323,1.0,3.0,0.0,2,1,1,1,1,0,1,0
213925,2918,0.0,0.0,0.0,2,1,1,1,1,0,1,0
214448,3063,0.0,4.0,0.0,24,16,4,8,23,0,1,0
214454,3642,0.0,2.0,0.0,8,3,3,2,6,0,2,0
214602,2273,0.0,6.0,0.0,6,2,1,2,4,0,1,1
215247,1840,1.0,4.0,0.0,15,7,2,2,11,0,4,0
215493,170,0.0,2.0,0.0,10,1,1,1,7,0,2,1
215578,2221,0.0,2.0,1.0,2,1,1,1,1,0,1,0
215717,3288,0.0,0.0,0.0,9,1,1,2,7,0,2,0
215830,4150,0.0,2.0,1.0,4,1,1,1,3,0,1,0
216274,1833,0.0,5.0,0.0,3,1,1,1,1,0,2,0
216854,3820,0.0,0.0,1.0,4,1,1,1,3,0,1,0
217171,2026,0.0,5.0,0.0,7,3,3,1,3,0,4,0
217752,4605,0.0,3.0,0.0,6,2,2,1,5,0,1,0
217831,3462,1.0,6.0,0.0,2,1,1,1,1,0,1,0
218261,3510,0.0,4.0,1.0,6,1,1,1,5,0,1,0
218509,1499,0.0,2.0,0.0,2,1,1,1,1,0,1,0
219230,2928,0.0,3.0,0.0,6,1,1,1,5,0,1,0
219779,1000,0.0,6.0,0.0,7,3,3,2,6,0,1,0
220437,4601,0.0,2.0,1.0,11,7,3,2,10,0,1,0
220627,4044,0.0,5.0,1.0,2,1,1,1,1,0,1,0
221418,1810,0.0,4.0,0.0,20,10,5,2,15,0,1,4
221498,621,0.0,4.0,1.0,3,3,1,2,1,1,1,0
221625,4731,0.0,4.0,1.0,8,1,1,2,6,0,1,1
221838,1943,0.0,2.0,1.0,1,1,1,1,0,0,1,0
222078,2140,0.0,3.0,1.0,23,10,1,2,21,0,2,0
222134,4508,0.0,4.0,1.0,7,2,1,1,3,0,3,1
22225,4337,0.0,4.0,0.0,8,5,1,1,7,0,1,0
222624,1892,1.0,0.0,0.0,2,2,2,1,0,0,2,0
22284,806,0.0,6.0,0.0,25,12,6,5,20,0,2,3
223657,958,0.0,4.0,0.0,27,14,1,2,26,0,1,0
224039,212,0.0,4.0,0.0,4,2,1,2,1,0,2,1
224080,2556,0.0,0.0,1.0,4,2,1,2,3,0,1,0
224776,3349,0.0,0.0,0.0,21,4,1,5,19,0,1,1
22529,1054,0.0,0.0,1.0,3,1,1,2,2,0,1,0
225308,2618,0.0,3.0,1.0,3,1,1,1,2,0,1,0
225335,4648,0.0,4.0,0.0,1,1,1,1,0,0,1,0
225724,1068,0.0,4.0,0.0,2,1,1,1,1,0,1,0
225876,2900,0.0,3.0,1.0,3,1,1,1,2,0,1,0
225976,1412,0.0,4.0,0.0,7,5,1,1,6,0,1,0
226197,1749,0.0,0.0,0.0,3,1,1,2,2,0,1,0
226250,2721,0.0,2.0,0.0,17,6,1,1,15,0,2,0
226389,962,0.0,2.0,1.0,19,4,4,5,17,0,1,1
226475,1393,0.0,3.0,0.0,31,19,8,3,27,0,1,3
227004,4938,0.0,3.0,0.0,1,1,1,1,0,0,1,0
22733,4747,0.0,6.0,0.0,4,1,1,1,3,0,1,0
227652,2700,1.0,0.0,1.0,155,74,6,7,149,0,4,2
228227,3578,0.0,3.0,0.0,23,10,3,4,22,0,1,0
228395,4079,0.0,3.0,0.0,5,1,1,1,4,0,1,0
228420,4979,0.0,0.0,0.0,7,1,1,1,6,0,1,0
22855,66,0.0,6.0,1.0,4,2,1,1,3,0,1,0
228668,608,0.0,0.0,0.0,44,6,2,2,43,0,1,0
228803,2730,0.0,3.0,1.0,2,1,1,2,1,0,1,0
229041,4394,0.0,4.0,0.0,13,5,2,1,12,0,1,0
22921,415,0.0,3.0,0.0,2,1,1,1,1,0,1,0
229460,3095,0.0,2.0,0.0,4,1,1,1,3,0,1,0
229465,1742,0.0,0.0,0.0,10,6,1,1,9,0,1,0
229585,4478,0.0,6.0,0.0,4,1,1,1,3,0,1,0
229823,1698,1.0,3.0,0.0,11,1,1,1,8,0,3,0
230044,3055,1.0,3.0,0.0,1,1,1,1,0,0,1,0
230349,588,0.0,3.0,0.0,2,1,1,1,0,0,1,1
231037,2091,0.0,2.0,0.0,4,1,1,1,2,0,1,1
231339,2928,0.0,4.0,0.0,1,1,1,1,0,0,1,0
231374,1978,0.0,3.0,1.0,110,24,4,2,106,0,4,0
232646,467,0.0,0.0,0.0,6,2,1,1,5,0,1,0
232877,2138,0.0,0.0,0.0,6,3,3,1,5,0,1,0
233028,2303,0.0,3.0,0.0,34,7,1,1,32,0,2,0
233237,2696,0.0,0.0,0.0,7,1,1,1,6,0,1,0
233751,3936,0.0,3.0,1.0,6,3,1,1,5,0,1,0
23418,2003,0.0,3.0,1.0,4,1,1,1,3,0,1,0
234756,2938,0.0,6.0,0.0,11,6,4,1,8,0,3,0
234939,198,0.0,0.0,0.0,1,1,1,1,0,0,1,0
234940,1393,0.0,0.0,0.0,27,14,8,5,23,0,1,3
234993,1360,0.0,6.0,0.0,4,2,1,1,3,0,1,0
23531,4044,1.0,2.0,0.0,32,27,8,5,30,0,2,0
235832,2565,0.0,6.0,0.0,5,2,1,1,4,0,1,0
236119,2051,0.0,2.0,1.0,6,1,1,1,4,0,2,0
236465,946,0.0,5.0,0.0,7,5,2,2,6,0,1,0
236734,3152,0.0,0.0,0.0,5,1,1,4,4,0,1,0
236744,3143,0.0,3.0,0.0,11,7,2,1,10,0,1,0
237547,4043,0.0,2.0,0.0,7,6,6,5,3,0,1,3
237741,590,0.0,0.0,0.0,2,1,1,1,1,0,1,0
237949,3910,0.0,2.0,0.0,9,3,2,1,8,0,1,0
23805,1062,0.0,3.0,1.0,3,2,1,1,2,0,1,0
238467,4966,0.0,6.0,1.0,5,1,1,1,4,0,1,0
23850,3941,0.0,5.0,1.0,31,3,2,3,30,0,1,0
23855,4090,0.0,0.0,0.0,7,4,1,2,6,0,1,0
238692,806,0.0,3.0,0.0,37,6,3,7,36,0,1,0
2388,4659,0.0,4.0,0.0,16,7,5,5,10,0,1,5
238913,639,0.0,3.0,0.0,4,2,1,1,3,0,1,0
238983,2791,0.0,5.0,0.0,7,2,1,2,4,0,1,2
239012,2278,0.0,4.0,0.0,3,1,1,2,1,0,1,1
239033,3607,0.0,2.0,0.0,5,1,1,1,3,0,1,1
239484,4322,0.0,3.0,1.0,2,1,1,1,1,0,1,0
239749,1501,0.0,0.0,0.0,28,8,3,4,23,0,1,4
240011,4048,0.0,6.0,0.0,4,1,1,1,0,0,4,0
240032,1841,0.0,4.0,0.0,5,1,1,1,4,0,1,0
240276,374,0.0,3.0,0.0,2,1,1,1,1,0,1,0
242268,63,0.0,5.0,0.0,13,1,1,4,11,0,1,1
242387,2769,0.0,0.0,1.0,4,3,1,1,3,0,1,0
242420,3990,0.0,5.0,0.0,3,1,1,1,2,0,1,0
242531,3350,0.0,3.0,1.0,2,1,1,1,1,0,1,0
242729,1131,0.0,3.0,0.0,6,2,1,2,5,0,1,0
24278,4659,0.0,7.0,0.0,12,9,6,1,11,0,1,0
24279,4265,0.0,3.0,0.0,6,1,1,1,4,0,2,0
243029,2565,0.0,2.0,0.0,1,1,1,1,0,0,1,0
24312,1150,0.0,4.0,1.0,11,3,2,1,9,0,1,1
243223,4049,1.0,0.0,0.0,3,3,3,1,0,0,3,0
243766,3665,0.0,5.0,1.0,3,1,1,1,2,0,1,0
244121,4702,0.0,4.0,0.0,6,2,1,2,4,0,1,1
244495,3090,0.0,0.0,0.0,4,1,1,1,3,0,1,0
244664,3205,0.0,0.0,0.0,6,2,1,1,3,0,2,1
24521,4600,1.0,4.0,1.0,1,1,1,1,0,0,1,0
24560,4659,0.0,0.0,0.0,11,4,4,2,10,0,1,0
246528,3230,0.0,3.0,1.0,5,1,1,2,4,0,1,0
246608,474,0.0,4.0,1.0,2,2,2,2,1,0,1,0
246639,4643,0.0,0.0,0.0,4,1,1,1,2,0,2,0
246770,1356,0.0,5.0,0.0,6,1,1,2,5,0,1,0
247331,3578,0.0,5.0,1.0,10,4,2,1,9,0,1,0
247557,2511,0.0,3.0,0.0,1,1,1,1,0,0,1,0
247755,748,0.0,3.0,1.0,2,1,1,1,1,0,1,0
247964,4642,0.0,6.0,2.0,2,1,1,1,1,0,1,0
248000,1050,0.0,0.0,1.0,5,1,1,2,4,0,1,0
248334,323,0.0,6.0,0.0,30,6,1,4,27,0,2,1
248340,3536,0.0,3.0,0.0,4,1,1,1,3,0,1,0
248403,2873,0.0,5.0,0.0,2,1,1,1,0,0,2,0
248474,4129,0.0,5.0,0.0,44,24,6,2,42,0,2,0
248679,3410,0.0,2.0,0.0,5,1,1,1,4,0,1,0
24888,1719,0.0,2.0,1.0,4,1,1,1,2,1,1,0
249050,3941,0.0,5.0,0.0,3,1,1,2,1,0,1,1
249693,2928,0.0,0.0,0.0,5,3,2,1,4,0,1,0
249755,2284,0.0,3.0,1.0,4,2,1,2,3,0,1,0
249838,3536,0.0,3.0,1.0,5,1,1,1,4,0,1,0
250190,1895,0.0,2.0,0.0,4,1,1,1,3,0,1,0
250233,4282,0.0,2.0,0.0,8,7,4,3,7,0,1,0
25026,4966,0.0,3.0,1.0,2,1,1,1,1,0,1,0
251262,773,0.0,0.0,0.0,20,9,3,3,19,0,1,0
251474,625,0.0,6.0,0.0,2,1,1,1,1,0,1,0
251701,2981,0.0,2.0,0.0,3,1,1,1,1,0,1,1
251944,3173,1.0,3.0,2.0,3,1,1,1,1,0,2,0
251947,2537,0.0,0.0,1.0,5,2,1,1,4,0,1,0
252272,1026,0.0,4.0,1.0,2,1,1,1,1,0,1,0
253096,1963,0.0,3.0,1.0,3,2,1,2,2,0,1,0
253245,1075,0.0,6.0,0.0,10,4,1,3,9,0,1,0
253475,2435,0.0,3.0,1.0,1,1,1,1,0,0,1,0
253676,4976,1.0,0.0,0.0,12,7,4,1,9,0,3,0
253899,1943,0.0,7.0,0.0,9,1,1,3,8,0,1,0
254105,1892,0.0,4.0,null,7,4,3,1,4,0,3,0
254132,951,0.0,2.0,0.0,3,2,1,1,2,0,1,0
25434,2031,0.0,2.0,0.0,5,1,1,1,4,0,1,0
254607,1472,0.0,3.0,0.0,11,4,1,4,10,0,1,0
254836,1784,0.0,0.0,0.0,14,3,1,1,7,0,7,0
255062,3444,0.0,4.0,0.0,10,2,1,4,9,0,1,0
255886,416,0.0,0.0,0.0,3,3,1,1,0,0,3,0
256280,3225,0.0,4.0,1.0,1,1,1,1,0,0,1,0
25629,129,0.0,3.0,1.0,5,1,1,2,4,0,1,0
25630,1916,0.0,0.0,0.0,18,3,1,2,12,0,5,1
25658,731,0.0,4.0,0.0,3,1,1,1,2,0,1,0
256725,141,0.0,7.0,0.0,3,1,1,2,2,0,1,0
256993,3826,1.0,0.0,0.0,4,1,1,1,3,0,1,0
257255,1353,0.0,2.0,1.0,5,1,1,1,4,0,1,0
257622,3200,0.0,3.0,0.0,7,4,2,1,6,0,1,0
257814,326,0.0,5.0,1.0,5,1,1,1,3,0,2,0
257831,4605,0.0,0.0,0.0,2,1,1,1,1,0,1,0
257905,3936,0.0,0.0,1.0,1,1,1,1,0,0,1,0
258004,3152,0.0,4.0,0.0,3,1,1,1,1,0,2,0
258459,4368,0.0,0.0,0.0,2,1,1,1,1,0,1,0
258508,1470,0.0,0.0,0.0,8,1,1,2,7,0,1,0
258525,4491,0.0,5.0,0.0,2,1,1,1,1,0,1,0
258748,1489,0.0,5.0,0.0,2,1,1,1,1,0,1,0
258760,1574,0.0,0.0,0.0,3,1,1,1,2,0,1,0
258904,361,1.0,4.0,0.0,12,5,2,3,9,0,1,2
258993,3773,0.0,4.0,0.0,25,5,2,2,24,0,1,0
259184,1861,0.0,3.0,0.0,11,3,1,1,9,0,1,1
259265,2537,0.0,0.0,0.0,16,4,2,3,15,0,1,0
259416,2954,0.0,3.0,1.0,9,7,4,2,5,0,4,0
259458,4044,0.0,0.0,1.0,4,1,1,2,3,0,1,0
259608,115,0.0,3.0,1.0,7,2,1,2,6,0,1,0
259689,798,0.0,0.0,0.0,1,1,1,1,0,0,1,0
259716,547,0.0,3.0,1.0,20,9,1,2,16,0,1,3
260150,104,0.0,2.0,0.0,3,1,1,1,2,0,1,0
260295,2636,0.0,5.0,0.0,19,2,1,2,16,0,1,2
260420,1102,1.0,2.0,0.0,21,12,4,2,17,0,1,3
260594,1499,0.0,0.0,0.0,1,1,1,1,0,0,1,0
260691,4118,0.0,3.0,1.0,8,3,2,1,5,0,3,0
260892,4248,0.0,6.0,1.0,15,1,1,3,13,0,1,1
261702,4976,0.0,4.0,1.0,21,14,5,1,20,0,1,0
261810,643,0.0,3.0,0.0,46,28,7,8,43,0,2,1
261831,4129,0.0,2.0,1.0,7,4,1,2,5,0,2,0
26190,3022,0.0,3.0,1.0,12,6,2,1,9,0,1,2
26201,437,0.0,3.0,0.0,5,2,1,3,4,0,1,0
262030,1841,0.0,3.0,0.0,11,8,4,3,10,0,1,0
262358,2995,0.0,5.0,0.0,3,2,2,1,1,0,2,0
262651,2051,0.0,4.0,1.0,1,1,1,1,0,0,1,0
263075,3290,1.0,0.0,null,2,1,1,1,0,0,2,0
263113,758,0.0,0.0,1.0,8,2,2,1,7,0,1,0
263465,2537,0.0,0.0,2.0,2,1,1,1,1,0,1,0
263728,4607,0.0,4.0,1.0,19,6,2,1,18,0,1,0
26407,598,0.0,3.0,1.0,12,4,3,1,10,0,2,0
264316,4042,0.0,3.0,1.0,27,6,3,5,24,0,1,2
265492,361,0.0,4.0,1.0,8,3,1,2,5,0,1,2
265960,1500,0.0,5.0,1.0,2,1,1,1,1,0,1,0
266780,3602,0.0,0.0,0.0,3,1,1,3,2,0,1,0
267047,3536,0.0,0.0,0.0,14,1,1,1,13,0,1,0
268030,1487,0.0,2.0,0.0,7,3,1,1,4,0,1,2
26853,1551,0.0,4.0,1.0,6,2,1,2,5,0,1,0
268788,1705,0.0,3.0,0.0,5,1,1,2,3,0,2,0
270161,3623,0.0,3.0,0.0,3,1,1,1,2,0,1,0
270339,2424,0.0,0.0,0.0,4,3,1,1,3,0,1,0
270977,63,0.0,6.0,0.0,26,10,5,4,25,0,1,0
271692,2424,1.0,3.0,0.0,6,3,1,1,5,0,1,0
271772,474,0.0,3.0,0.0,15,8,6,2,13,0,2,0
271799,1487,0.0,5.0,1.0,9,6,1,1,8,0,1,0
271804,1272,0.0,2.0,null,18,6,2,1,17,0,1,0
272191,1724,0.0,3.0,1.0,14,4,2,2,12,1,1,0
272317,1839,0.0,3.0,2.0,6,3,1,3,4,0,1,1
272356,1487,0.0,6.0,1.0,8,3,1,3,6,0,1,1
272386,1393,0.0,6.0,1.0,5,1,1,1,4,0,1,0
272387,361,0.0,0.0,0.0,6,2,1,3,4,0,1,1
272612,3320,0.0,4.0,0.0,2,1,1,1,1,0,1,0
273444,1963,0.0,3.0,1.0,57,25,2,3,56,0,1,0
273523,1356,0.0,0.0,1.0,8,2,1,2,5,0,1,2
274137,4765,0.0,2.0,1.0,2,1,1,1,1,0,1,0
274607,1816,0.0,3.0,1.0,4,1,1,2,3,0,1,0
274810,685,0.0,5.0,0.0,34,18,5,3,33,0,1,0
275015,1708,0.0,3.0,0.0,12,6,1,2,11,0,1,0
275089,4992,0.0,3.0,1.0,1,1,1,1,0,0,1,0
275124,1084,1.0,2.0,1.0,8,2,1,3,7,0,1,0
275282,4976,0.0,4.0,0.0,12,8,4,1,11,0,1,0
275575,4281,0.0,4.0,1.0,3,2,2,1,2,0,1,0
275618,1875,1.0,5.0,0.0,4,1,1,1,3,0,1,0
275815,2273,0.0,0.0,0.0,11,6,2,2,10,0,1,0
27618,2124,0.0,3.0,0.0,26,11,1,3,25,0,1,0
276704,2872,0.0,4.0,2.0,5,4,3,1,4,0,1,0
277232,4173,0.0,3.0,0.0,15,6,4,1,13,0,2,0
277337,1056,0.0,3.0,0.0,5,3,3,2,3,0,1,1
277529,1632,0.0,2.0,0.0,23,7,1,6,19,0,1,3
277550,2278,1.0,6.0,0.0,11,6,4,2,3,0,6,2
277872,3345,0.0,0.0,0.0,6,1,1,2,5,0,1,0
277940,1899,0.0,4.0,1.0,5,2,2,1,4,0,1,0
278157,4427,0.0,3.0,0.0,2,1,1,1,1,0,1,0
278305,3826,0.0,2.0,0.0,1,1,1,1,0,0,1,0
278668,2218,0.0,0.0,0.0,3,1,1,1,2,0,1,0
27880,748,0.0,3.0,0.0,4,1,1,2,3,0,1,0
27927,121,0.0,5.0,1.0,19,14,5,5,18,0,1,0
279520,3934,0.0,3.0,0.0,3,1,1,1,2,0,1,0
279769,2664,0.0,5.0,0.0,6,3,1,2,5,0,1,0
279908,2473,0.0,0.0,1.0,10,2,1,3,9,0,1,0
280180,1618,0.0,0.0,0.0,2,1,1,1,1,0,1,0
280220,1843,0.0,0.0,0.0,4,2,2,1,3,0,1,0
280705,547,0.0,2.0,1.0,28,11,2,9,25,0,1,2
280794,962,0.0,3.0,0.0,37,15,10,9,35,0,1,1
280818,2477,1.0,4.0,0.0,22,18,5,3,21,0,1,0
281286,3954,0.0,0.0,0.0,4,1,1,1,3,0,1,0
281382,2592,0.0,0.0,0.0,3,2,2,1,2,0,1,0
281611,3779,0.0,5.0,0.0,38,1,1,1,37,0,1,0
281669,985,0.0,0.0,0.0,3,1,1,2,2,0,1,0
281894,1736,0.0,0.0,0.0,18,3,2,3,14,0,1,3
282067,429,0.0,4.0,1.0,14,3,1,2,13,0,1,0
282269,3339,0.0,2.0,0.0,5,1,1,1,4,0,1,0
282450,2031,0.0,0.0,1.0,17,4,2,2,16,0,1,0
282905,3444,0.0,0.0,1.0,3,1,1,1,2,0,1,0
283026,4847,0.0,3.0,2.0,9,3,1,4,8,0,1,0
283156,191,0.0,2.0,0.0,6,3,2,2,5,0,1,0
283202,4048,0.0,0.0,0.0,3,1,1,1,2,0,1,0
283362,3538,0.0,2.0,1.0,3,2,2,1,2,0,1,0
28360,4992,0.0,3.0,1.0,2,1,1,1,1,0,1,0
283712,4171,0.0,5.0,0.0,2,1,1,1,1,0,1,0
284612,4966,0.0,4.0,2.0,14,9,3,2,12,0,1,1
284779,3586,0.0,4.0,2.0,8,2,1,3,6,0,1,1
284956,1346,0.0,5.0,1.0,10,4,1,3,9,0,1,0
284981,4048,0.0,6.0,0.0,8,3,1,2,7,0,1,0
285072,29,0.0,4.0,1.0,12,4,2,1,11,0,1,0
285298,3898,0.0,0.0,0.0,1,1,1,1,0,0,1,0
285407,2403,0.0,3.0,0.0,5,5,2,1,0,0,5,0
285774,416,0.0,null,null,41,27,5,1,40,0,1,0
28608,2099,0.0,3.0,0.0,6,1,1,3,4,0,1,1
286133,1708,0.0,6.0,0.0,10,5,2,3,9,0,1,0
286850,2565,0.0,0.0,0.0,32,11,1,1,29,0,3,0
286941,4871,0.0,4.0,1.0,11,4,2,1,9,0,2,0
286988,614,0.0,2.0,1.0,1,1,1,1,0,0,1,0
287061,643,0.0,3.0,0.0,10,7,1,1,8,0,1,1
287195,1892,1.0,3.0,0.0,8,4,4,1,7,0,1,0
287373,4976,0.0,5.0,0.0,6,2,2,2,5,0,1,0
287826,2081,0.0,6.0,1.0,21,1,1,6,20,0,1,0
287883,2318,0.0,3.0,0.0,2,2,2,1,0,0,2,0
287992,2273,0.0,3.0,1.0,5,2,1,1,4,0,1,0
288340,3614,0.0,3.0,0.0,2,1,1,1,1,0,1,0
289736,2099,0.0,5.0,0.0,4,1,1,1,3,0,1,0
29024,845,0.0,3.0,0.0,10,3,3,1,9,0,1,0
290266,1597,0.0,0.0,0.0,2,2,1,1,1,0,1,0
290306,3345,0.0,4.0,0.0,4,1,1,1,2,0,2,0
290921,66,0.0,6.0,1.0,5,1,1,1,4,0,1,0
291036,4198,0.0,0.0,0.0,7,1,1,2,5,1,1,0
291382,1749,0.0,3.0,2.0,5,1,1,1,4,0,1,0
29146,720,0.0,3.0,0.0,4,1,1,2,3,0,1,0
291497,4494,1.0,3.0,0.0,1,1,1,1,0,0,1,0
292091,3734,0.0,0.0,0.0,4,2,1,1,3,0,1,0
292396,4976,0.0,0.0,0.0,3,1,1,1,2,0,1,0
292448,4079,0.0,0.0,1.0,2,1,1,1,1,0,1,0
292573,3472,0.0,0.0,1.0,3,1,1,1,2,0,1,0
292769,2482,0.0,5.0,0.0,9,3,2,1,7,0,2,0
292969,1332,0.0,0.0,1.0,24,2,1,2,23,0,1,0
293220,4525,0.0,0.0,0.0,17,8,1,3,15,1,1,0
293257,586,0.0,4.0,0.0,12,10,4,2,11,0,1,0
293353,4726,0.0,3.0,0.0,6,4,1,1,4,0,1,1
293411,418,0.0,3.0,0.0,23,5,1,2,21,0,1,1
293510,812,0.0,6.0,1.0,16,8,1,1,15,0,1,0
293599,1833,0.0,5.0,0.0,1,1,1,1,0,0,1,0
293828,3734,0.0,3.0,1.0,20,5,3,3,16,3,1,0
29413,777,0.0,2.0,0.0,11,8,4,1,9,0,2,0
294220,4170,0.0,6.0,0.0,11,1,1,1,6,0,5,0
294353,598,0.0,0.0,1.0,3,1,1,1,2,0,1,0
294776,1916,0.0,6.0,0.0,9,2,1,1,7,0,2,0
294841,1324,0.0,4.0,0.0,5,1,1,1,3,0,1,1
294998,794,0.0,8.0,1.0,6,2,1,1,5,0,1,0
295082,3173,1.0,3.0,1.0,10,2,1,2,9,0,1,0
295512,2459,0.0,6.0,0.0,17,9,4,6,14,2,1,0
295805,3103,0.0,6.0,0.0,1,1,1,1,0,0,1,0
295991,804,0.0,5.0,0.0,5,3,3,1,2,0,3,0
296263,1760,1.0,3.0,1.0,30,15,1,2,27,0,3,0
29642,1102,0.0,4.0,0.0,44,21,6,9,37,0,2,5
29651,2577,0.0,6.0,0.0,6,1,1,2,5,0,1,0
296643,1890,0.0,0.0,0.0,3,1,1,2,1,0,1,1
296972,141,0.0,0.0,1.0,2,1,1,1,1,0,1,0
297341,4444,0.0,0.0,1.0,2,1,1,1,1,0,1,0
297448,2284,0.0,3.0,1.0,1,1,1,1,0,0,1,0
297455,4173,0.0,5.0,0.0,8,4,3,3,7,0,1,0
297861,3655,0.0,3.0,0.0,1,1,1,1,0,0,1,0
29881,2954,0.0,5.0,1.0,1,1,1,1,0,0,1,0
299627,1833,0.0,2.0,0.0,57,8,3,4,50,0,1,6
299814,148,1.0,0.0,0.0,8,3,1,3,7,0,1,0
299827,3614,0.0,4.0,0.0,3,2,2,2,2,0,1,0
300379,4173,0.0,5.0,0.0,41,18,6,3,38,0,1,2
300647,4818,0.0,3.0,0.0,29,13,5,3,27,0,2,0
301464,416,0.0,5.0,0.0,32,24,7,1,30,0,2,0
301924,2284,0.0,2.0,1.0,11,1,1,2,9,0,1,1
302101,1618,0.0,4.0,1.0,18,9,3,2,13,0,5,0
302130,3585,0.0,4.0,0.0,12,9,1,4,10,0,2,0
302384,2318,0.0,4.0,0.0,5,2,1,1,4,0,1,0
30275,4044,1.0,3.0,0.0,47,21,5,3,45,0,2,0
302915,3323,1.0,3.0,2.0,3,2,1,1,2,0,1,0
303538,4267,0.0,0.0,0.0,4,3,2,1,3,0,1,0
304515,3484,0.0,3.0,1.0,7,1,1,3,6,0,1,0
304752,4150,0.0,0.0,0.0,4,2,1,4,3,0,1,0
305871,4281,0.0,3.0,0.0,3,1,1,1,2,0,1,0
306319,2273,0.0,2.0,1.0,27,10,1,4,23,0,1,3
306751,4173,0.0,2.0,0.0,87,42,8,5,72,0,4,11
307067,3979,0.0,0.0,1.0,3,1,1,1,2,0,1,0
307073,3195,0.0,2.0,0.0,9,1,1,1,7,0,2,0
30745,535,0.0,2.0,0.0,4,1,1,2,3,0,1,0
307571,1393,0.0,6.0,0.0,6,2,2,4,4,0,1,1
307671,2680,0.0,2.0,0.0,2,1,1,1,1,0,1,0
307898,416,0.0,4.0,0.0,107,62,8,4,102,0,3,2
308257,1460,0.0,2.0,0.0,7,2,1,2,6,0,1,0
308468,3301,0.0,6.0,0.0,3,1,1,1,2,0,1,0
309217,2273,0.0,0.0,1.0,5,3,1,2,4,0,1,0
309367,3105,0.0,2.0,0.0,8,3,2,1,7,0,1,0
309622,317,1.0,0.0,0.0,7,1,1,1,6,0,1,0
309669,3968,0.0,0.0,1.0,5,2,2,2,4,0,1,0
309731,4170,0.0,0.0,0.0,26,6,2,3,21,0,5,0
310456,1466,0.0,4.0,1.0,5,1,1,1,4,0,1,0
310472,1116,0.0,0.0,0.0,1,1,1,1,0,0,1,0
310587,3624,0.0,3.0,0.0,3,1,1,1,2,0,1,0
310940,4062,0.0,0.0,0.0,5,3,1,3,4,0,1,0
311228,3766,0.0,0.0,0.0,26,15,5,1,23,0,3,0
311559,963,0.0,6.0,1.0,4,2,1,1,3,0,1,0
312428,2318,0.0,6.0,0.0,9,3,2,1,8,0,1,0
312527,4131,0.0,5.0,0.0,5,1,1,1,4,0,1,0
312912,4474,0.0,3.0,0.0,3,1,1,1,2,0,1,0
31303,4090,0.0,0.0,1.0,2,1,1,1,1,0,1,0
313156,4287,0.0,0.0,0.0,3,2,1,1,2,0,1,0
313216,4542,0.0,2.0,0.0,1,1,1,1,0,0,1,0
313721,2278,0.0,7.0,0.0,4,2,2,2,2,0,2,0
31446,608,0.0,3.0,0.0,2,1,1,1,1,0,1,0
314745,4267,0.0,4.0,1.0,8,4,4,2,4,0,3,1
314826,594,0.0,2.0,0.0,10,4,2,1,8,0,2,0
316203,4318,1.0,4.0,1.0,2,1,1,1,1,0,1,0
316253,1760,0.0,0.0,0.0,14,7,2,2,12,0,2,0
316426,474,0.0,0.0,0.0,1,1,1,1,0,0,1,0
316696,3990,0.0,0.0,1.0,16,4,2,2,15,0,1,0
317157,598,0.0,3.0,1.0,12,3,1,2,10,0,2,0
317474,3456,1.0,0.0,0.0,2,1,1,1,1,0,1,0
317500,3200,0.0,6.0,0.0,9,4,3,2,7,0,2,0
317648,2545,0.0,2.0,1.0,105,36,10,13,95,0,1,9
317751,1056,0.0,0.0,1.0,19,13,8,2,16,0,3,0
317839,4775,0.0,0.0,0.0,7,3,1,4,6,0,1,0
318024,3682,0.0,4.0,0.0,2,1,1,1,1,0,1,0
318562,4090,0.0,0.0,0.0,8,1,1,2,7,0,1,0
318680,740,0.0,4.0,1.0,2,1,1,1,1,0,1,0
319112,606,0.0,6.0,0.0,26,19,8,1,21,0,5,0
319481,4568,0.0,4.0,1.0,22,8,3,2,19,0,3,0
319549,1712,0.0,4.0,1.0,9,1,1,4,7,0,1,1
319636,598,0.0,2.0,1.0,5,2,2,1,4,0,1,0
319827,1659,0.0,6.0,0.0,3,1,1,2,2,0,1,0
319924,66,0.0,3.0,0.0,14,6,1,2,11,0,1,2
320292,4494,0.0,4.0,0.0,4,1,1,1,3,0,1,0
320396,4848,0.0,0.0,0.0,8,3,1,1,7,0,1,0
320524,2872,0.0,3.0,0.0,4,3,3,1,2,0,2,0
320949,1487,0.0,6.0,0.0,2,1,1,2,0,0,1,1
321041,2072,1.0,6.0,0.0,8,4,2,1,6,0,1,1
321167,4765,0.0,3.0,1.0,2,1,1,1,1,0,1,0
321188,2467,0.0,2.0,1.0,3,1,1,1,2,0,1,0
321356,4091,1.0,3.0,0.0,3,1,1,1,1,0,2,0
322158,4044,0.0,4.0,1.0,3,1,1,1,2,0,1,0
322576,4765,0.0,4.0,0.0,4,1,1,1,3,0,1,0
322585,1489,0.0,3.0,0.0,3,1,1,2,2,0,1,0
322771,3476,0.0,5.0,1.0,2,2,2,1,1,0,1,0
32316,1884,0.0,5.0,0.0,5,1,1,1,4,0,1,0
323307,3826,0.0,0.0,0.0,1,1,1,1,0,0,1,0
323476,2928,0.0,3.0,1.0,22,10,5,2,19,2,1,0
32352,3665,0.0,5.0,1.0,5,2,1,1,4,0,1,0
323881,1892,0.0,3.0,0.0,289,45,14,6,282,0,4,3
324131,3195,0.0,3.0,0.0,10,7,2,1,8,0,2,0
324551,598,0.0,2.0,0.0,7,1,1,1,5,0,1,1
324606,3418,1.0,0.0,0.0,7,2,1,1,6,0,1,0
324674,4894,0.0,3.0,1.0,5,2,1,1,4,0,1,0
324688,423,0.0,2.0,0.0,5,2,1,1,4,0,1,0
324849,2721,0.0,4.0,1.0,29,22,2,1,28,0,1,0
325501,1102,0.0,3.0,0.0,11,7,2,2,10,0,1,0
32688,3126,1.0,0.0,0.0,3,1,1,1,1,0,2,0
326909,1049,0.0,3.0,1.0,3,1,1,1,2,0,1,0
327002,4048,0.0,0.0,0.0,7,1,1,1,5,0,2,0
32738,1520,0.0,6.0,0.0,1,1,1,1,0,0,1,0
327415,4044,0.0,0.0,0.0,3,2,2,2,1,0,1,1
327977,1378,0.0,0.0,0.0,1,1,1,1,0,0,1,0
328603,3490,0.0,0.0,1.0,6,2,1,1,5,0,1,0
32891,2467,0.0,2.0,0.0,6,1,1,3,3,0,2,1
32907,2278,1.0,0.0,0.0,2,1,1,2,1,0,1,0
329342,3161,0.0,0.0,0.0,8,1,1,1,6,0,1,1
329391,3460,0.0,2.0,0.0,3,1,1,1,2,0,1,0
329478,3225,0.0,2.0,0.0,6,2,1,2,5,0,1,0
330462,4042,0.0,3.0,0.0,7,2,1,1,6,0,1,0
331251,4039,0.0,4.0,1.0,2,1,1,1,1,0,1,0
331607,4281,0.0,6.0,0.0,7,2,1,2,6,0,1,0
331972,4044,0.0,3.0,0.0,11,6,1,1,10,0,1,0
332,742,0.0,4.0,0.0,8,1,1,3,7,0,1,0
33203,141,0.0,3.0,0.0,2,2,2,2,0,1,1,0
332674,4577,0.0,5.0,1.0,4,1,1,1,2,0,2,0
332680,3635,0.0,0.0,0.0,4,2,1,2,3,0,1,0
332746,301,1.0,2.0,1.0,1,1,1,1,0,0,1,0
333949,3609,0.0,4.0,0.0,4,1,1,2,2,0,1,1
334703,2417,1.0,0.0,1.0,14,7,3,1,11,0,3,0
335251,4042,0.0,3.0,2.0,2,1,1,1,1,0,1,0
335324,2579,0.0,2.0,0.0,7,1,1,2,6,0,1,0
335427,4394,0.0,6.0,1.0,4,1,1,1,3,0,1,0
335587,1943,0.0,3.0,1.0,6,1,1,1,5,0,1,0
335595,2821,0.0,4.0,1.0,6,4,2,1,5,0,1,0
335853,4760,0.0,2.0,1.0,1,1,1,1,0,0,1,0
335899,1538,0.0,6.0,1.0,1,1,1,1,0,0,1,0
336586,4280,0.0,3.0,0.0,13,5,1,1,12,0,1,0
336785,2031,0.0,3.0,0.0,7,3,1,1,6,0,1,0
337041,2738,0.0,0.0,1.0,6,1,1,1,5,0,1,0
337237,2579,0.0,5.0,0.0,3,2,2,1,2,0,1,0
337891,1124,0.0,2.0,0.0,11,4,1,2,8,0,1,2
337981,3954,0.0,2.0,1.0,2,1,1,2,1,0,1,0
338235,3828,0.0,0.0,0.0,6,1,1,2,5,0,1,0
338276,3152,0.0,3.0,1.0,6,3,1,3,3,0,2,1
338303,1892,0.0,4.0,1.0,5,2,2,1,3,0,2,0
338383,1472,0.0,5.0,0.0,2,1,1,1,1,0,1,0
338469,1494,0.0,0.0,1.0,4,1,1,3,3,0,1,0
338579,4044,0.0,3.0,0.0,55,22,11,3,51,0,2,2
339133,2537,0.0,2.0,0.0,2,1,1,1,0,0,1,1
339417,4361,0.0,6.0,0.0,19,2,1,3,16,0,1,2
339777,2102,0.0,3.0,0.0,7,4,3,1,6,0,1,0
339824,2545,0.0,3.0,1.0,19,16,6,5,18,0,1,0
340117,3602,1.0,4.0,0.0,2,1,1,1,1,0,1,0
341101,4659,0.0,0.0,0.0,2,2,2,1,0,0,2,0
341257,1708,1.0,3.0,0.0,4,1,1,3,3,0,1,0
341494,2653,0.0,0.0,1.0,13,2,1,1,8,0,5,0
341588,4724,0.0,4.0,0.0,5,1,1,1,4,0,1,0
342222,4607,0.0,6.0,0.0,2,2,2,1,0,0,2,0
3427,742,0.0,4.0,1.0,15,3,3,2,14,0,1,0
342956,1393,0.0,6.0,0.0,12,8,5,7,11,0,1,0
343305,963,0.0,2.0,1.0,5,2,1,1,4,0,1,0
343509,4009,0.0,6.0,0.0,4,1,1,1,3,0,1,0
343856,2066,0.0,0.0,0.0,2,2,1,1,1,0,1,0
344131,4234,0.0,0.0,0.0,20,11,4,3,18,1,1,0
344132,4558,0.0,0.0,0.0,4,2,1,2,3,0,1,0
344903,1890,0.0,3.0,0.0,3,1,1,1,2,0,1,0
345027,1742,0.0,2.0,0.0,1,1,1,1,0,0,1,0
345460,3734,0.0,0.0,1.0,2,1,1,2,1,0,1,0
345734,1023,0.0,3.0,0.0,7,1,1,1,6,0,1,0
34623,3057,0.0,4.0,0.0,4,1,1,1,3,0,1,0
34653,2913,0.0,2.0,1.0,9,5,2,1,8,0,1,0
346745,2124,0.0,5.0,0.0,8,4,1,3,7,0,1,0
346904,3545,0.0,4.0,0.0,12,4,1,3,11,0,1,0
347039,1049,0.0,6.0,0.0,11,2,1,2,9,0,2,0
347108,2936,0.0,4.0,0.0,1,1,1,1,0,0,1,0
347744,2928,0.0,5.0,0.0,18,10,6,5,16,0,1,1
348978,416,1.0,4.0,0.0,5,2,1,1,4,0,1,0
349155,1472,0.0,3.0,0.0,14,5,1,1,9,0,1,4
349419,4976,0.0,4.0,0.0,57,14,6,5,54,0,3,0
34957,4966,0.0,0.0,1.0,2,1,1,1,1,0,1,0
350800,1538,0.0,3.0,1.0,2,1,1,2,1,0,1,0
350886,4090,0.0,0.0,0.0,2,1,1,1,1,0,1,0
350934,4629,0.0,5.0,1.0,2,1,1,2,1,0,1,0
351650,3525,0.0,2.0,1.0,7,2,2,1,5,0,2,0
351763,1111,0.0,2.0,0.0,6,1,1,1,4,0,2,0
352877,1399,0.0,5.0,1.0,6,1,1,3,5,0,1,0
353034,1861,0.0,3.0,0.0,2,1,1,1,0,0,2,0
354088,4554,0.0,0.0,1.0,6,1,1,1,5,0,1,0
354177,1588,0.0,6.0,0.0,11,3,1,3,10,0,1,0
354177,2928,0.0,6.0,0.0,8,3,2,3,7,0,1,0
355234,2108,0.0,2.0,0.0,2,1,1,1,0,0,1,1
355362,2403,0.0,3.0,0.0,25,16,1,5,20,0,2,3
355756,3536,0.0,3.0,0.0,2,1,1,2,1,0,1,0
355872,2821,0.0,0.0,1.0,14,4,4,1,12,0,2,0
355964,2134,0.0,3.0,0.0,10,2,1,2,9,0,1,0
356369,102,0.0,4.0,2.0,14,7,3,2,13,0,1,0
356494,4198,0.0,3.0,0.0,5,2,1,1,4,0,1,0
356689,946,0.0,5.0,0.0,119,48,3,3,118,0,1,0
35673,4234,1.0,0.0,0.0,9,6,3,3,5,0,4,0
357087,2565,0.0,5.0,0.0,79,46,2,4,77,0,2,0
357152,4726,0.0,3.0,1.0,3,1,1,1,2,0,1,0
357688,310,0.0,0.0,0.0,3,2,1,1,2,0,1,0
358234,4760,0.0,4.0,0.0,5,2,2,2,3,0,2,0
358666,132,0.0,6.0,1.0,8,3,2,2,6,0,2,0
358984,2266,0.0,4.0,1.0,5,3,1,1,4,0,1,0
359023,1399,0.0,5.0,0.0,2,2,2,1,0,0,2,0
359170,598,1.0,3.0,0.0,36,16,4,7,26,0,1,9
359421,3766,0.0,3.0,0.0,18,7,4,2,15,0,2,1
35947,4687,1.0,6.0,0.0,11,2,1,4,10,0,1,0
359583,472,0.0,0.0,0.0,1,1,1,1,0,0,1,0
359881,4848,0.0,5.0,1.0,5,2,2,2,4,0,1,0
360003,3828,0.0,5.0,0.0,7,2,1,2,6,0,1,0
360043,361,0.0,7.0,1.0,13,3,1,2,12,0,1,0
360335,3819,0.0,2.0,1.0,27,5,1,5,23,0,1,3
360726,3828,0.0,6.0,0.0,61,39,9,8,59,0,1,1
36082,2303,0.0,0.0,0.0,9,2,1,2,8,0,1,0
360822,4281,0.0,4.0,1.0,4,1,1,2,3,0,1,0
360870,1485,0.0,5.0,0.0,1,1,1,1,0,0,1,0
360957,3350,0.0,0.0,0.0,2,1,1,1,1,0,1,0
3612,2413,0.0,5.0,0.0,2,1,1,1,1,0,1,0
361269,354,0.0,0.0,0.0,4,1,1,1,2,0,2,0
361708,4282,0.0,2.0,1.0,7,4,3,2,5,0,2,0
361802,4044,0.0,3.0,1.0,42,22,5,3,37,0,2,3
361950,606,0.0,3.0,0.0,26,9,3,3,25,0,1,0
36202,4949,1.0,7.0,0.0,10,4,4,4,8,0,1,1
362178,2047,0.0,0.0,0.0,6,2,2,3,5,0,1,0
362988,4499,0.0,5.0,0.0,4,1,1,1,3,0,1,0
363076,4173,0.0,6.0,1.0,19,14,8,6,15,0,1,3
363287,416,0.0,3.0,0.0,2,1,1,1,1,0,1,0
363984,322,0.0,3.0,1.0,6,2,1,1,5,0,1,0
364152,4659,0.0,3.0,0.0,13,8,4,2,11,0,2,0
364304,2592,0.0,3.0,0.0,2,1,1,1,1,0,1,0
364341,1102,0.0,5.0,0.0,105,24,10,5,104,0,1,0
364506,2482,0.0,0.0,0.0,28,7,5,2,26,0,2,0
36483,3955,0.0,0.0,0.0,2,1,1,2,0,0,1,1
364940,598,0.0,4.0,1.0,13,6,1,2,12,0,1,0
36552,1760,0.0,2.0,0.0,2,1,1,1,1,0,1,0
365548,4493,0.0,4.0,0.0,9,1,1,3,8,0,1,0
365687,1067,0.0,4.0,1.0,6,1,1,4,5,0,1,0
366062,1102,0.0,5.0,0.0,5,5,1,1,0,0,5,0
366122,66,0.0,3.0,1.0,12,5,1,2,11,0,1,0
366183,3968,0.0,0.0,0.0,3,2,1,1,2,0,1,0
366306,4322,0.0,3.0,0.0,13,3,1,3,10,0,1,2
367045,2856,0.0,2.0,0.0,12,5,1,2,8,0,1,3
367557,3105,0.0,0.0,0.0,17,4,2,7,13,0,1,3
367601,4079,0.0,3.0,0.0,26,6,2,3,22,0,4,0
367839,424,0.0,7.0,0.0,11,8,4,1,10,0,1,0
368359,2856,0.0,0.0,0.0,6,2,1,2,5,0,1,0
36860,2637,0.0,3.0,1.0,4,1,1,1,1,0,3,0
368830,2273,0.0,6.0,0.0,5,1,1,1,4,0,1,0
369318,4044,0.0,4.0,0.0,7,2,1,2,4,0,1,2
369374,2664,0.0,6.0,0.0,6,2,1,2,4,0,2,0
37014,4648,0.0,0.0,0.0,3,1,1,1,2,0,1,0
370258,424,0.0,4.0,0.0,1,1,1,1,0,0,1,0
371143,2278,0.0,2.0,0.0,3,1,1,1,2,0,1,0
3712,2318,0.0,6.0,1.0,3,1,1,1,2,0,1,0
371269,872,0.0,4.0,0.0,9,3,1,1,7,0,2,0
371353,1031,0.0,3.0,0.0,3,1,1,1,2,0,1,0
371431,4026,0.0,5.0,0.0,1,1,1,1,0,0,1,0
371509,2525,0.0,4.0,0.0,4,2,2,1,2,0,2,0
371721,4079,0.0,3.0,0.0,3,1,1,1,2,0,1,0
372039,2282,0.0,0.0,1.0,7,3,1,1,5,0,1,1
372603,1892,0.0,2.0,1.0,9,7,5,1,8,0,1,0
372847,4648,0.0,0.0,0.0,1,1,1,1,0,0,1,0
373192,3541,0.0,3.0,0.0,1,1,1,1,0,0,1,0
37344,594,0.0,4.0,0.0,1,1,1,1,0,0,1,0
373900,4793,0.0,2.0,1.0,2,1,1,1,1,0,1,0
373925,1500,0.0,4.0,0.0,9,2,1,1,8,0,1,0
374015,415,0.0,3.0,1.0,2,1,1,1,1,0,1,0
374325,1890,0.0,4.0,0.0,8,2,2,1,5,0,3,0
374478,3734,0.0,0.0,0.0,4,1,1,2,3,0,1,0
374684,3472,1.0,4.0,1.0,6,2,1,1,5,0,1,0
375281,3828,0.0,3.0,1.0,6,2,2,1,4,0,2,0
375694,4760,1.0,2.0,0.0,119,28,3,2,118,0,1,0
376230,2465,0.0,3.0,1.0,3,2,2,1,2,0,1,0
376716,3793,0.0,3.0,0.0,10,3,2,4,9,0,1,0
377300,4605,0.0,2.0,0.0,6,2,2,1,4,0,1,1
37855,1997,0.0,4.0,0.0,2,1,1,1,1,0,1,0
378585,4217,0.0,3.0,0.0,4,2,2,2,0,0,2,2
378636,4044,0.0,6.0,0.0,7,3,1,3,6,0,1,0
378785,3645,0.0,0.0,0.0,3,1,1,3,2,0,1,0
378968,729,0.0,0.0,0.0,4,1,1,1,3,0,1,0
379229,2273,0.0,6.0,0.0,4,3,1,1,3,0,1,0
379294,4444,0.0,7.0,0.0,34,15,5,2,31,0,3,0
37944,588,0.0,0.0,0.0,3,1,1,1,1,0,1,1
379678,4427,0.0,0.0,0.0,22,8,1,4,16,0,2,4
379720,4826,0.0,3.0,0.0,20,5,1,3,17,0,2,1
379736,2639,0.0,0.0,0.0,6,4,3,1,5,0,1,0
379887,4494,0.0,4.0,1.0,2,1,1,2,1,0,1,0
380013,614,1.0,3.0,1.0,6,1,1,2,5,0,1,0
38010,437,0.0,0.0,0.0,1,1,1,1,0,0,1,0
380183,2193,0.0,6.0,0.0,11,2,2,4,10,0,1,0
380192,2664,0.0,3.0,1.0,4,1,1,1,3,0,1,0
381471,597,0.0,3.0,0.0,15,1,1,1,14,0,1,0
381909,1615,0.0,6.0,1.0,3,1,1,1,2,0,1,0
382097,4745,0.0,5.0,0.0,24,7,1,4,20,0,4,0
382173,4976,0.0,3.0,1.0,8,8,4,3,7,0,1,0
38244,98,0.0,6.0,0.0,5,3,3,1,4,0,1,0
382906,3152,0.0,3.0,1.0,5,2,2,1,3,0,2,0
383614,4131,0.0,0.0,0.0,23,10,2,3,22,0,1,0
383697,4043,1.0,6.0,0.0,2,1,1,1,0,0,1,1
383735,2936,0.0,5.0,1.0,8,4,2,2,7,0,1,0
384111,962,0.0,4.0,0.0,14,6,6,3,12,0,1,1
385348,2910,0.0,2.0,0.0,3,1,1,3,2,0,1,0
385613,1056,0.0,3.0,0.0,14,6,4,4,11,0,1,2
387014,3905,0.0,5.0,1.0,5,1,1,2,4,0,1,0
38703,219,0.0,3.0,1.0,5,4,1,1,4,0,1,0
38786,4248,0.0,4.0,0.0,6,1,1,1,4,0,1,1
388116,2669,0.0,6.0,0.0,4,3,2,2,3,0,1,0
38824,951,0.0,5.0,1.0,9,4,2,1,4,0,5,0
388268,1943,0.0,3.0,1.0,7,1,1,1,6,0,1,0
388985,1356,0.0,4.0,0.0,9,2,2,2,6,0,2,1
389041,798,0.0,0.0,0.0,6,3,2,2,5,0,1,0
389479,474,0.0,4.0,0.0,60,39,24,4,55,0,5,0
389637,3538,0.0,2.0,1.0,1,1,1,1,0,0,1,0
389690,3828,0.0,5.0,1.0,2,1,1,1,1,0,1,0
389837,3971,0.0,0.0,0.0,7,1,1,1,6,0,1,0
39002,3291,0.0,3.0,0.0,2,1,1,1,1,0,1,0
390241,794,0.0,7.0,0.0,5,4,1,1,4,0,1,0
390851,320,0.0,4.0,1.0,2,1,1,1,1,0,1,0
392116,3623,0.0,2.0,0.0,28,16,2,3,27,0,1,0
392267,3439,0.0,5.0,0.0,3,1,1,3,2,0,1,0
392705,2149,0.0,0.0,0.0,24,9,2,2,23,0,1,0
392767,2020,0.0,0.0,0.0,4,1,1,2,2,0,1,1
392878,605,0.0,0.0,0.0,1,1,1,1,0,0,1,0
393031,1348,0.0,3.0,0.0,1,1,1,1,0,0,1,0
393077,4864,0.0,6.0,0.0,4,1,1,1,3,0,1,0
393906,1100,0.0,5.0,0.0,5,3,3,1,4,0,1,0
394078,606,0.0,0.0,0.0,6,1,1,2,5,0,1,0
394300,3054,0.0,4.0,1.0,25,6,3,2,24,0,1,0
395159,2883,0.0,4.0,0.0,48,13,2,3,47,0,1,0
395477,3828,0.0,3.0,0.0,29,12,8,2,27,0,1,1
395498,2140,1.0,0.0,0.0,48,6,1,2,47,0,1,0
396192,4542,0.0,3.0,0.0,9,4,2,2,7,0,1,1
396510,1281,0.0,5.0,0.0,13,4,1,2,12,0,1,0
396801,3473,0.0,4.0,0.0,11,3,1,5,10,0,1,0
397642,148,0.0,0.0,1.0,6,3,1,2,4,0,1,1
397906,4982,0.0,0.0,0.0,2,1,1,1,1,0,1,0
398137,361,0.0,5.0,1.0,29,12,5,1,27,0,1,1
398324,4388,0.0,0.0,0.0,1,1,1,1,0,0,1,0
398392,1703,0.0,0.0,2.0,2,1,1,1,1,0,1,0
398561,4760,0.0,2.0,0.0,1,1,1,1,0,0,1,0
398960,3419,0.0,0.0,1.0,6,2,1,1,5,0,1,0
39929,4427,0.0,2.0,0.0,1,1,1,1,0,0,1,0
399754,3034,0.0,0.0,1.0,4,1,1,1,3,0,1,0
399961,3350,0.0,3.0,0.0,5,2,1,2,4,0,1,0
400180,4976,0.0,2.0,0.0,16,5,3,2,15,0,1,0
400300,2047,0.0,0.0,0.0,2,1,1,1,1,0,1,0
400849,3734,0.0,2.0,0.0,27,14,4,2,25,0,2,0
401344,474,0.0,4.0,0.0,30,16,6,1,25,0,5,0
401416,2680,0.0,4.0,0.0,3,1,1,1,2,0,1,0
401606,4394,0.0,4.0,0.0,4,1,1,1,1,0,2,1
40208,2582,0.0,0.0,0.0,14,7,2,2,12,0,1,1
402378,738,0.0,3.0,0.0,9,5,4,1,8,0,1,0
403192,4240,0.0,0.0,0.0,3,1,1,2,2,0,1,0
40322,1203,0.0,6.0,0.0,7,6,5,1,4,0,3,0
403234,1454,0.0,0.0,0.0,5,2,1,1,4,0,1,0
403568,2545,0.0,3.0,1.0,63,34,16,3,60,0,3,0
404134,3609,0.0,3.0,0.0,3,1,1,1,2,0,1,0
40423,2766,0.0,5.0,0.0,6,3,2,2,5,0,1,0
404312,606,0.0,3.0,0.0,8,1,1,2,7,0,1,0
404725,1102,0.0,3.0,0.0,2,2,1,2,1,0,1,0
404822,437,0.0,0.0,0.0,19,8,3,1,18,0,1,0
404861,2284,0.0,3.0,0.0,4,2,2,1,3,0,1,0
405106,4079,0.0,3.0,0.0,2,1,1,1,1,0,1,0
405799,4864,0.0,4.0,0.0,5,2,1,1,3,1,1,0
405939,2824,0.0,4.0,0.0,1,1,1,1,0,0,1,0
406289,2935,0.0,4.0,1.0,15,1,1,2,14,0,1,0
406317,4267,0.0,3.0,1.0,1,1,1,1,0,0,1,0
408095,1763,0.0,2.0,0.0,7,2,1,1,5,0,1,1
408127,1884,0.0,4.0,1.0,1,1,1,1,0,0,1,0
408649,3173,0.0,0.0,0.0,4,1,1,1,3,0,1,0
40908,3152,0.0,4.0,0.0,3,1,1,1,2,0,1,0
410203,3968,0.0,6.0,0.0,8,2,2,2,7,0,1,0
410701,3835,0.0,0.0,0.0,5,2,1,1,4,0,1,0
410724,2639,0.0,4.0,0.0,22,13,6,2,19,0,3,0
410757,951,0.0,0.0,1.0,2,1,1,1,1,0,1,0
410758,3480,0.0,0.0,0.0,2,1,1,1,1,0,1,0
410975,1724,0.0,3.0,0.0,5,3,2,2,4,0,1,0
411002,4415,0.0,3.0,1.0,5,1,1,1,4,0,1,0
411357,3350,0.0,5.0,0.0,1,1,1,1,0,0,1,0
412009,2429,0.0,4.0,1.0,2,1,1,1,1,0,1,0
412061,4760,0.0,3.0,0.0,9,4,3,1,7,0,2,0
412246,2981,0.0,2.0,1.0,8,1,1,1,7,0,1,0
412427,742,0.0,0.0,1.0,4,1,1,1,2,0,1,1
412471,3399,0.0,4.0,0.0,1,1,1,1,0,0,1,0
412986,2122,0.0,3.0,0.0,2,1,1,1,1,0,1,0
413203,3936,0.0,2.0,0.0,12,4,2,4,10,0,1,1
413524,4955,0.0,3.0,0.0,4,2,1,1,2,0,2,0
413560,4848,0.0,4.0,1.0,9,2,1,1,8,0,1,0
413812,3578,0.0,4.0,1.0,1,1,1,1,0,0,1,0
413935,2502,1.0,3.0,0.0,17,7,1,3,16,0,1,0
414066,1677,1.0,3.0,0.0,29,13,5,7,25,0,3,1
414261,586,0.0,0.0,0.0,9,8,4,2,8,0,1,0
414524,4647,0.0,3.0,0.0,5,1,1,1,4,0,1,0
414692,4648,0.0,3.0,0.0,1,1,1,1,0,0,1,0
41528,1378,0.0,0.0,1.0,6,1,1,2,5,0,1,0
415308,3623,0.0,2.0,1.0,3,1,1,2,1,0,2,0
415320,4536,0.0,3.0,0.0,3,1,1,2,2,0,1,0
415394,1618,0.0,4.0,1.0,28,11,3,1,26,0,2,0
415478,2128,0.0,3.0,0.0,12,4,3,1,10,0,2,0
415619,3323,1.0,3.0,0.0,6,2,1,3,5,0,1,0
41565,4044,0.0,6.0,1.0,10,2,2,2,7,0,2,1
416203,4542,0.0,3.0,0.0,6,5,2,2,5,0,1,0
418387,2928,1.0,5.0,0.0,12,7,4,3,10,0,2,0
418681,3578,0.0,5.0,0.0,17,10,3,1,15,0,2,0
418775,3236,0.0,3.0,0.0,8,1,1,2,7,0,1,0
418881,1643,0.0,0.0,0.0,23,3,2,1,22,0,1,0
418953,778,0.0,0.0,1.0,5,1,1,1,4,0,1,0
419089,2397,0.0,2.0,1.0,3,1,1,1,2,0,1,0
419240,2066,0.0,2.0,0.0,14,6,1,1,13,0,1,0
419335,2810,0.0,7.0,0.0,4,2,2,1,3,0,1,0
419409,2954,0.0,4.0,1.0,8,2,1,1,6,0,2,0
41943,2224,0.0,4.0,0.0,9,1,1,3,8,0,1,0
41963,3136,0.0,4.0,0.0,6,1,1,1,5,0,1,0
419842,1183,0.0,4.0,0.0,8,1,1,1,7,0,1,0
420049,603,0.0,2.0,0.0,7,2,2,1,6,0,1,0
42100,2403,0.0,4.0,0.0,23,7,2,2,21,0,2,0
421290,897,0.0,3.0,2.0,3,1,1,1,2,0,1,0
421641,402,0.0,0.0,0.0,2,1,1,2,1,0,1,0
421706,1760,0.0,2.0,1.0,1,1,1,1,0,0,1,0
421795,1923,0.0,4.0,0.0,5,3,2,2,4,0,1,0
421859,3984,0.0,4.0,0.0,15,5,2,2,11,0,2,2
422363,310,0.0,2.0,1.0,3,1,1,1,2,0,1,0
422733,2091,0.0,3.0,0.0,30,12,2,1,26,0,4,0
422937,2273,0.0,4.0,1.0,8,2,1,2,7,0,1,0
423450,817,0.0,3.0,1.0,3,1,1,1,2,0,1,0
423621,1999,0.0,7.0,0.0,14,4,1,4,13,0,1,0
423739,1742,0.0,5.0,0.0,11,2,1,3,9,0,1,1
423824,2078,1.0,4.0,1.0,1,1,1,1,0,0,1,0
423842,4373,0.0,2.0,1.0,6,3,1,2,5,0,1,0
424075,262,0.0,5.0,1.0,2,1,1,1,1,0,1,0
424101,606,0.0,3.0,0.0,12,10,6,6,5,0,1,6
424132,1742,0.0,3.0,1.0,10,1,1,1,9,0,1,0
4244,414,0.0,6.0,0.0,13,7,2,1,11,0,1,1
43231,1015,0.0,3.0,0.0,12,5,3,2,10,0,2,0
43436,2048,0.0,2.0,1.0,3,1,1,1,2,0,1,0
43913,1131,0.0,3.0,0.0,8,2,1,3,6,0,1,1
43929,3930,0.0,7.0,0.0,18,8,3,4,16,0,2,0
43962,2397,0.0,3.0,1.0,2,1,1,1,1,0,1,0
44386,1310,0.0,5.0,0.0,4,1,1,1,3,0,1,0
44534,4346,0.0,3.0,1.0,1,1,1,1,0,0,1,0
44558,4492,0.0,0.0,0.0,3,1,1,2,1,0,1,1
44950,798,0.0,2.0,0.0,2,1,1,1,1,0,1,0
44977,3554,0.0,4.0,1.0,5,1,1,1,4,0,1,0
45494,2435,0.0,6.0,0.0,9,5,1,1,7,0,2,0
46038,3826,0.0,2.0,1.0,5,3,2,1,4,0,1,0
46187,2954,0.0,0.0,0.0,1,1,1,1,0,0,1,0
462,2217,0.0,6.0,0.0,7,2,1,2,6,0,1,0
46268,2556,0.0,6.0,1.0,2,1,1,1,0,0,1,1
46398,1454,0.0,5.0,1.0,9,1,1,1,8,0,1,0
46835,4705,0.0,4.0,1.0,8,3,1,3,6,0,2,0
47068,3990,0.0,6.0,0.0,2,2,2,1,0,0,2,0
4795,4976,0.0,0.0,0.0,48,43,10,5,47,0,1,0
48326,4760,0.0,2.0,1.0,7,1,1,2,6,0,1,0
48342,742,0.0,6.0,0.0,3,1,1,2,2,0,1,0
48359,3111,0.0,6.0,0.0,6,2,1,2,5,0,1,0
48488,1102,0.0,4.0,1.0,13,8,2,1,12,0,1,0
48619,3163,0.0,2.0,0.0,1,1,1,1,0,0,1,0
49651,2099,0.0,4.0,1.0,4,1,1,1,3,0,1,0
49936,742,0.0,0.0,0.0,2,1,1,1,0,0,1,1
50400,4078,0.0,4.0,1.0,8,1,1,2,6,0,1,1
50603,1221,0.0,0.0,0.0,4,1,1,1,3,0,1,0
50634,4724,0.0,0.0,0.0,6,1,1,1,5,0,1,0
50697,4813,0.0,3.0,1.0,6,1,1,2,5,0,1,0
5071,3630,0.0,3.0,0.0,10,4,1,1,9,0,1,0
51132,1890,0.0,3.0,0.0,7,3,3,4,5,0,1,1
52166,3457,0.0,3.0,0.0,1,1,1,1,0,0,1,0
52302,2242,0.0,4.0,0.0,2,1,1,1,1,0,1,0
52394,2187,0.0,7.0,0.0,11,4,1,4,7,0,2,2
53030,4339,0.0,3.0,1.0,3,1,1,1,2,0,1,0
53062,4173,0.0,6.0,1.0,10,7,4,1,9,0,1,0
53308,3828,0.0,6.0,1.0,70,34,11,7,68,0,1,1
535,2634,0.0,3.0,1.0,25,12,4,3,23,1,1,0
53837,2639,0.0,6.0,0.0,44,21,9,2,37,0,7,0
53929,1487,0.0,0.0,0.0,23,10,1,2,22,0,1,0
54036,3936,0.0,5.0,0.0,5,2,1,1,4,0,1,0
54374,4768,0.0,2.0,0.0,2,1,1,2,1,0,1,0
54383,2236,0.0,4.0,0.0,6,1,1,3,5,0,1,0
55047,3410,1.0,6.0,0.0,7,4,3,1,6,0,1,0
55255,2939,0.0,6.0,1.0,9,2,1,2,8,0,1,0
55288,3826,0.0,2.0,1.0,1,1,1,1,0,0,1,0
5569,3828,0.0,0.0,0.0,58,30,13,6,53,0,2,3
55724,1816,0.0,3.0,1.0,11,6,3,2,10,0,1,0
55821,4976,0.0,4.0,0.0,45,13,4,3,43,0,2,0
55840,676,0.0,3.0,1.0,12,10,4,2,1,0,1,10
55961,3936,0.0,3.0,1.0,1,1,1,1,0,0,1,0
56199,2856,0.0,null,null,4,1,1,2,3,0,1,0
56311,3007,0.0,3.0,0.0,7,1,1,3,5,0,1,1
56371,4718,0.0,0.0,0.0,1,1,1,1,0,0,1,0
56398,557,0.0,3.0,0.0,3,1,1,1,2,0,1,0
56503,1487,0.0,0.0,1.0,19,6,1,2,14,0,3,2
56572,204,0.0,4.0,0.0,4,2,1,1,3,0,1,0
56613,1963,0.0,3.0,1.0,16,5,1,2,15,0,1,0
56957,4044,0.0,3.0,0.0,12,6,3,2,10,0,1,1
56960,3912,0.0,0.0,0.0,3,1,1,1,2,0,1,0
57075,4940,0.0,6.0,0.0,24,14,1,1,23,0,1,0
57205,1594,0.0,4.0,0.0,2,1,1,1,1,0,1,0
57212,1661,0.0,6.0,null,9,2,2,2,6,1,1,1
5724,1768,0.0,2.0,0.0,6,1,1,4,4,0,1,1
57921,1918,0.0,3.0,1.0,1,1,1,1,0,0,1,0
58365,2448,1.0,4.0,1.0,18,7,2,1,16,0,2,0
58408,4659,1.0,0.0,0.0,3,2,2,2,1,0,1,1
59692,133,0.0,0.0,null,10,2,1,1,9,0,1,0
598,2273,0.0,4.0,1.0,7,3,1,1,6,0,1,0
5986,586,0.0,4.0,0.0,1,1,1,1,0,0,1,0
60212,4219,0.0,4.0,1.0,2,1,1,1,1,0,1,0
61536,960,0.0,4.0,0.0,4,2,1,1,2,0,2,0
61587,358,0.0,5.0,0.0,3,1,1,2,2,0,1,0
6172,606,1.0,5.0,0.0,179,90,13,3,170,0,9,0
62061,4987,0.0,2.0,0.0,2,1,1,1,1,0,1,0
6233,2821,0.0,3.0,0.0,1,1,1,1,0,0,1,0
62337,1239,1.0,0.0,0.0,2,1,1,1,1,0,1,0
62412,2592,0.0,3.0,1.0,4,2,1,1,3,0,1,0
62638,2318,0.0,3.0,0.0,3,2,1,2,2,0,1,0
6308,4267,1.0,5.0,0.0,84,41,7,7,80,0,4,0
63125,3015,0.0,3.0,0.0,8,4,1,3,6,0,1,1
63221,3912,0.0,3.0,0.0,3,1,1,1,2,0,1,0
63244,4614,0.0,4.0,1.0,13,7,6,1,9,0,4,0
63308,1708,0.0,3.0,1.0,4,1,1,1,3,0,1,0
63312,606,0.0,6.0,0.0,4,1,1,2,3,0,1,0
63619,2699,0.0,7.0,0.0,8,3,2,3,7,0,1,0
63737,4044,0.0,2.0,0.0,142,67,12,4,140,0,2,0
63871,500,0.0,2.0,0.0,11,1,1,3,9,0,1,1
64046,2915,0.0,3.0,0.0,5,3,2,1,3,0,2,0
64051,4480,0.0,3.0,2.0,15,10,3,2,14,0,1,0
64169,4444,0.0,0.0,1.0,3,1,1,2,2,0,1,0
64192,148,0.0,3.0,0.0,3,1,1,2,1,0,1,1
64236,3791,0.0,3.0,1.0,3,1,1,2,2,0,1,0
64275,4589,0.0,0.0,2.0,1,1,1,1,0,0,1,0
64355,2209,0.0,3.0,0.0,3,2,1,1,1,0,2,0
64802,2482,1.0,6.0,0.0,5,3,3,1,4,0,1,0
65404,3828,0.0,3.0,0.0,16,3,1,3,15,0,1,0
65515,2745,0.0,0.0,0.0,67,9,5,8,61,0,2,4
65613,1097,0.0,3.0,1.0,2,1,1,1,1,0,1,0
65740,2403,0.0,5.0,0.0,16,5,1,2,12,0,3,1
66237,2031,0.0,6.0,0.0,3,1,1,1,2,0,1,0
66813,3578,0.0,0.0,0.0,14,2,1,1,12,0,2,0
66935,46,0.0,3.0,1.0,3,1,1,2,2,0,1,0
66947,4745,0.0,5.0,0.0,8,4,1,1,7,0,1,0
67427,4044,0.0,3.0,0.0,6,4,4,2,4,0,2,0
67475,4173,0.0,5.0,0.0,25,8,4,3,24,0,1,0
67697,1425,0.0,4.0,1.0,6,1,1,4,4,0,1,1
67866,4170,0.0,0.0,0.0,11,4,1,1,10,0,1,0
68278,606,0.0,3.0,0.0,22,14,6,3,21,0,1,0
68991,1704,0.0,0.0,0.0,4,2,1,1,3,0,1,0
69050,4044,0.0,2.0,0.0,21,14,6,2,19,0,2,0
69176,2031,0.0,2.0,0.0,9,1,1,2,6,0,1,2
69318,946,0.0,5.0,0.0,3,2,2,1,2,0,1,0
6983,2832,0.0,3.0,0.0,3,1,1,2,2,0,1,0
69928,4584,0.0,6.0,0.0,4,1,1,1,3,0,1,0
6998,2821,0.0,4.0,0.0,3,1,1,1,2,0,1,0
70241,2066,0.0,4.0,0.0,8,3,1,2,6,0,1,1
70430,215,0.0,2.0,1.0,3,1,1,1,2,0,1,0
70679,2615,0.0,0.0,0.0,16,1,1,2,15,0,1,0
70861,1346,0.0,0.0,0.0,6,1,1,1,4,0,2,0
70977,824,0.0,3.0,0.0,2,1,1,1,1,0,1,0
71184,4578,0.0,3.0,0.0,50,26,3,2,47,0,2,1
713,4170,1.0,3.0,0.0,6,3,1,3,4,0,1,1
71907,946,0.0,0.0,1.0,8,4,1,1,7,0,1,0
72892,786,0.0,3.0,0.0,10,5,3,1,8,0,2,0
72971,4322,0.0,4.0,0.0,4,1,1,4,3,0,1,0
73334,4585,0.0,4.0,0.0,3,2,1,2,2,0,1,0
73875,606,0.0,0.0,0.0,3,1,1,2,2,0,1,0
73971,4710,0.0,3.0,1.0,5,2,2,1,4,0,1,0
74087,2051,0.0,2.0,0.0,3,1,1,1,2,0,1,0
74342,1346,1.0,4.0,0.0,3,1,1,1,2,0,1,0
74675,2266,0.0,5.0,2.0,13,3,1,3,11,0,1,1
74681,2138,0.0,4.0,0.0,5,3,3,1,4,0,1,0
74709,2954,1.0,4.0,2.0,1,1,1,1,0,0,1,0
74869,3734,0.0,0.0,null,12,3,2,4,10,0,1,1
7502,2883,0.0,5.0,2.0,19,7,2,5,14,0,1,4
75293,2721,0.0,3.0,1.0,45,4,1,7,44,0,1,0
75581,2810,0.0,4.0,0.0,13,1,1,2,12,0,1,0
76229,1150,0.0,0.0,0.0,6,1,1,1,5,0,1,0
76324,1833,0.0,6.0,1.0,29,14,2,3,22,0,4,3
76643,731,0.0,3.0,0.0,9,3,1,1,8,0,1,0
77607,1875,0.0,5.0,0.0,3,1,1,1,2,0,1,0
77895,2583,0.0,4.0,0.0,6,3,1,1,5,0,1,0
79152,1487,0.0,4.0,0.0,10,3,1,4,9,0,1,0
79310,4125,0.0,0.0,1.0,6,2,2,1,5,0,1,0
79405,1911,0.0,0.0,0.0,6,1,1,2,5,0,1,0
79427,4079,0.0,3.0,0.0,6,2,1,1,4,0,2,0
80132,1628,0.0,2.0,0.0,2,1,1,1,1,0,1,0
80231,685,0.0,0.0,0.0,10,3,1,1,7,0,1,2
80233,2051,0.0,0.0,0.0,5,2,1,3,4,0,1,0
80508,3314,0.0,3.0,1.0,10,1,1,3,8,0,1,1
80554,1008,0.0,4.0,1.0,6,1,1,1,5,0,1,0
80952,951,0.0,2.0,0.0,3,1,1,1,2,0,1,0
81075,3152,0.0,4.0,0.0,9,3,1,3,8,0,1,0
81253,1467,0.0,0.0,0.0,1,1,1,1,0,0,1,0
81507,4926,0.0,0.0,0.0,1,1,1,1,0,0,1,0
81622,2926,0.0,4.0,1.0,25,3,2,2,23,0,1,1
81795,4287,0.0,4.0,0.0,2,1,1,1,1,0,1,0
82137,2928,0.0,3.0,0.0,22,7,3,5,20,0,2,0
82345,4708,0.0,0.0,0.0,2,1,1,1,0,0,1,1
82518,3159,0.0,6.0,0.0,21,13,5,2,17,0,4,0
82680,4438,0.0,3.0,0.0,4,1,1,1,3,0,1,0
82907,3018,0.0,2.0,0.0,4,3,1,2,1,0,1,2
82951,1470,0.0,0.0,0.0,4,1,1,1,3,0,1,0
83095,747,0.0,4.0,0.0,2,1,1,2,1,0,1,0
83130,4079,0.0,5.0,0.0,3,1,1,2,1,0,1,1
83282,66,0.0,4.0,0.0,10,5,3,2,9,0,1,0
83557,170,0.0,3.0,0.0,1,1,1,1,0,0,1,0
83619,1833,0.0,0.0,1.0,22,13,4,2,20,0,2,0
83705,4783,0.0,0.0,0.0,16,5,4,2,8,0,6,2
84455,1359,0.0,3.0,0.0,2,1,1,1,1,0,1,0
84644,2289,0.0,4.0,0.0,14,6,3,5,11,0,1,2
84649,3984,0.0,0.0,0.0,13,3,2,2,11,0,1,1
85342,361,0.0,6.0,0.0,4,2,1,1,3,0,1,0
85539,3828,0.0,3.0,0.0,3,1,1,1,2,0,1,0
85555,2138,0.0,3.0,0.0,1,1,1,1,0,0,1,0
85625,2303,0.0,0.0,0.0,26,8,1,2,25,0,1,0
85919,2149,0.0,4.0,0.0,3,2,1,2,0,0,1,2
86050,812,0.0,3.0,0.0,6,1,1,1,5,0,1,0
86051,4143,0.0,5.0,0.0,32,22,5,1,30,0,2,0
86124,3786,0.0,0.0,0.0,18,12,1,2,17,0,1,0
86184,3576,0.0,3.0,0.0,3,1,1,1,2,0,1,0
86295,962,0.0,3.0,0.0,8,2,1,3,6,0,1,1
86325,1056,0.0,4.0,1.0,4,1,1,1,3,0,1,0
86511,4394,0.0,0.0,0.0,6,2,1,1,4,0,2,0
86596,1619,0.0,3.0,1.0,5,1,1,1,4,0,1,0
86656,4090,0.0,0.0,0.0,28,10,1,2,27,0,1,0
8747,3080,0.0,0.0,1.0,7,3,1,1,6,0,1,0
87754,1999,0.0,4.0,2.0,3,2,1,1,1,0,2,0
87790,4616,0.0,0.0,1.0,5,4,3,1,4,0,1,0
87910,2611,0.0,3.0,1.0,27,13,10,3,23,0,3,1
88346,4659,0.0,3.0,0.0,9,5,2,1,7,0,2,0
88418,4864,0.0,4.0,0.0,5,1,1,1,4,0,1,0
88683,3640,0.0,2.0,0.0,3,1,1,2,2,0,1,0
88783,3055,0.0,5.0,2.0,12,1,1,1,9,0,2,1
88992,1918,0.0,3.0,0.0,1,1,1,1,0,0,1,0
89420,2828,0.0,0.0,0.0,5,2,1,1,3,0,1,1
90852,1393,0.0,3.0,0.0,44,21,4,1,40,0,4,0
91409,4267,1.0,5.0,0.0,14,11,4,1,11,0,3,0
91460,4346,0.0,0.0,0.0,9,3,2,2,7,1,1,0
91873,2273,0.0,3.0,0.0,6,5,1,1,5,0,1,0
91891,2193,0.0,3.0,0.0,7,2,2,1,5,0,1,1
92483,63,0.0,0.0,null,13,4,3,2,12,0,1,0
93143,3173,0.0,2.0,0.0,2,1,1,1,1,0,1,0
93244,1310,0.0,2.0,0.0,16,10,9,5,15,0,1,0
93270,4525,0.0,5.0,0.0,2,1,1,1,1,0,1,0
93578,4335,0.0,4.0,1.0,2,1,1,1,1,0,1,0
94022,606,0.0,0.0,0.0,78,57,12,12,74,0,1,3
94373,3912,0.0,5.0,1.0,4,1,1,1,2,0,2,0
95090,4173,0.0,3.0,0.0,111,19,10,2,109,0,2,0
95153,2928,0.0,4.0,0.0,16,9,3,1,15,0,1,0
95532,747,0.0,0.0,0.0,4,2,1,1,3,0,1,0
95823,2047,0.0,3.0,0.0,31,17,7,1,27,0,3,1
95864,1056,0.0,5.0,0.0,5,3,1,2,4,0,1,0
98058,2459,0.0,4.0,2.0,9,5,3,2,7,0,2,0
98073,1487,0.0,2.0,1.0,2,1,1,1,1,0,1,0
98280,1223,0.0,0.0,0.0,4,1,1,1,3,0,1,0
98464,2273,0.0,5.0,0.0,3,1,1,1,2,0,1,0
98597,3727,0.0,4.0,0.0,2,1,1,1,1,0,1,0
99075,29,0.0,2.0,0.0,35,7,2,1,33,0,2,0
99194,3420,0.0,0.0,null,7,4,2,1,5,0,2,0
99337,1425,0.0,2.0,0.0,2,1,1,1,1,0,1,0
99418,523,0.0,3.0,0.0,52,24,2,4,50,0,2,0
99482,1102,0.0,4.0,0.0,9,4,2,3,8,0,1,0
99493,4079,0.0,0.0,0.0,6,2,2,1,5,0,1,0
99939,1203,0.0,5.0,1.0,3,1,1,1,2,0,1,0
