100982,4150,0.0,3.0,0.0,2,1,1,2,1,0,1,0
101243,3320,0.0,6.0,1.0,3,2,1,1,2,0,1,0
102074,2031,0.0,6.0,1.0,14,7,3,1,12,0,1,1
10238,1443,0.0,0.0,1.0,4,1,1,2,2,0,1,1
102385,790,1.0,4.0,2.0,3,1,1,1,1,0,1,1
102536,4287,0.0,3.0,0.0,6,3,2,3,2,0,2,2
102656,1861,0.0,4.0,0.0,1,1,1,1,0,0,1,0
103071,649,0.0,0.0,0.0,9,2,1,5,8,0,1,0
103131,350,0.0,0.0,0.0,5,2,1,1,3,0,2,0
103330,4079,0.0,4.0,1.0,9,1,1,3,7,0,2,0
104597,1399,0.0,0.0,1.0,6,3,1,1,5,0,1,0
10472,3990,0.0,4.0,2.0,4,1,1,1,3,0,1,0
104785,1272,0.0,0.0,0.0,8,4,3,1,7,0,1,0
10479,1235,0.0,3.0,0.0,3,1,1,1,2,0,1,0
105137,1900,0.0,4.0,1.0,5,1,1,1,3,0,2,0
105270,3640,0.0,0.0,0.0,10,1,1,3,8,0,1,1
105558,3826,0.0,3.0,0.0,1,1,1,1,0,0,1,0
106074,467,0.0,4.0,0.0,3,2,1,1,2,0,1,0
106249,1346,0.0,3.0,0.0,5,3,1,1,3,0,1,1
106395,3420,0.0,4.0,2.0,3,3,3,1,0,0,3,0
106462,1956,0.0,3.0,1.0,2,1,1,1,1,0,1,0
106765,1305,0.0,2.0,1.0,2,1,1,1,1,0,1,0
106952,2680,0.0,4.0,0.0,2,2,1,1,0,0,1,1
10721,4005,0.0,3.0,1.0,23,7,4,1,21,0,2,0
107530,1708,0.0,7.0,0.0,6,2,1,1,4,0,2,0
107797,4282,0.0,4.0,1.0,11,3,1,1,10,0,1,0
107915,2537,0.0,5.0,0.0,6,3,2,2,4,0,1,1
108057,3784,0.0,3.0,1.0,15,4,2,4,14,0,1,0
108257,4966,0.0,5.0,1.0,3,3,3,1,0,0,3,0
108774,3734,0.0,2.0,0.0,8,5,1,1,7,0,1,0
109444,1911,0.0,7.0,0.0,6,3,1,1,5,0,1,0
109870,2721,0.0,0.0,0.0,12,5,2,5,10,0,1,1
109897,1353,0.0,2.0,1.0,5,1,1,1,4,0,1,0
110437,508,0.0,4.0,0.0,27,4,1,2,25,0,2,0
110503,4659,0.0,4.0,1.0,2,1,1,1,1,0,1,0
110550,3984,0.0,0.0,0.0,11,7,4,1,10,0,1,0
11058,1464,0.0,2.0,0.0,10,3,1,2,9,0,1,0
110739,3828,0.0,3.0,0.0,6,4,3,5,5,0,1,0
110999,1557,0.0,3.0,1.0,3,1,1,1,2,0,1,0
111181,4750,0.0,4.0,1.0,7,4,2,3,2,0,2,3
11140,361,0.0,4.0,0.0,2,1,1,1,1,0,1,0
111532,3794,0.0,0.0,1.0,14,6,4,1,12,0,2,0
111584,412,0.0,3.0,0.0,26,11,6,2,25,0,1,0
111932,2036,0.0,3.0,1.0,2,1,1,2,0,1,1,0
111977,1111,0.0,2.0,0.0,3,1,1,1,2,0,1,0
11203,1272,0.0,6.0,0.0,20,8,2,3,19,0,1,0
112400,4847,0.0,0.0,0.0,16,9,4,1,12,0,2,2
112458,412,0.0,0.0,0.0,1,1,1,1,0,0,1,0
112954,773,0.0,4.0,0.0,8,4,3,2,6,0,1,1
113159,1272,0.0,4.0,2.0,6,2,2,1,4,0,2,0
113775,1246,0.0,5.0,1.0,2,1,1,2,1,0,1,0
113920,2031,0.0,null,null,2,1,1,1,1,0,1,0
114607,1565,1.0,4.0,1.0,15,5,1,1,13,0,1,1
115016,4026,0.0,0.0,1.0,20,9,3,2,19,0,1,0
11564,1760,0.0,4.0,1.0,1,1,1,1,0,0,1,0
115998,1399,0.0,4.0,0.0,5,2,1,2,4,0,1,0
116225,191,0.0,4.0,1.0,2,1,1,1,1,0,1,0
116405,3103,1.0,0.0,0.0,4,2,1,1,3,0,1,0
116774,608,0.0,5.0,1.0,3,1,1,3,2,0,1,0
117113,1916,1.0,5.0,0.0,8,3,1,1,4,0,4,0
117292,317,0.0,0.0,0.0,6,1,1,1,5,0,1,0
11773,2669,0.0,7.0,0.0,3,1,1,1,2,0,1,0
117904,2664,0.0,3.0,2.0,6,2,1,1,5,0,1,0
118017,370,0.0,4.0,1.0,7,1,1,2,5,0,1,1
118041,2883,0.0,5.0,0.0,25,15,3,2,24,0,1,0
118787,1878,0.0,4.0,0.0,2,1,1,1,1,0,1,0
118835,2031,0.0,3.0,1.0,12,5,1,5,11,0,1,0
11902,4394,0.0,0.0,0.0,16,3,1,3,12,0,2,2
119044,1487,0.0,2.0,1.0,10,5,1,2,9,0,1,0
119137,1359,0.0,3.0,0.0,3,1,1,1,1,0,2,0
119143,4044,0.0,3.0,0.0,12,11,4,2,11,0,1,0
119195,3734,0.0,3.0,0.0,13,5,3,1,11,0,2,0
119451,2397,0.0,7.0,0.0,5,3,2,2,3,0,2,0
119602,2215,0.0,4.0,0.0,5,1,1,1,4,0,1,0
120586,3579,0.0,5.0,0.0,16,3,1,3,15,0,1,0
121839,1890,0.0,3.0,0.0,27,8,2,3,26,0,1,0
121844,3734,0.0,0.0,1.0,2,1,1,1,1,0,1,0
12192,4978,0.0,3.0,0.0,4,2,1,3,3,0,1,0
122206,1659,0.0,0.0,1.0,6,1,1,1,5,0,1,0
122591,2031,0.0,0.0,0.0,1,1,1,1,0,0,1,0
123369,3773,0.0,0.0,0.0,4,1,1,1,3,0,1,0
123374,1891,0.0,4.0,1.0,5,1,1,1,3,0,1,1
124529,1393,0.0,6.0,0.0,15,11,4,7,13,0,1,1
124546,3399,0.0,6.0,0.0,6,4,2,1,5,0,1,0
124571,3350,0.0,0.0,0.0,7,1,1,1,6,0,1,0
124831,4394,0.0,4.0,1.0,1,1,1,1,0,0,1,0
125247,3578,0.0,0.0,0.0,3,1,1,1,2,0,1,0
125487,3418,0.0,0.0,1.0,4,1,1,1,3,0,1,0
125515,1885,0.0,3.0,0.0,4,2,2,1,3,0,1,0
125577,2403,0.0,0.0,null,24,16,1,1,22,0,2,0
12584,2552,0.0,0.0,0.0,8,1,1,1,7,0,1,0
126312,3763,0.0,4.0,1.0,4,2,1,2,3,0,1,0
12652,3828,0.0,5.0,0.0,15,6,4,6,14,0,1,0
126577,4363,0.0,3.0,1.0,7,1,1,2,5,1,1,0
127014,4427,0.0,3.0,1.0,2,1,1,1,1,0,1,0
127106,2928,0.0,4.0,0.0,46,23,8,1,42,0,4,0
127762,1748,0.0,3.0,0.0,8,1,1,1,7,0,1,0
128690,3350,0.0,3.0,0.0,5,2,1,1,4,0,1,0
12901,1679,1.0,0.0,0.0,2,1,1,1,1,0,1,0
129131,1454,0.0,2.0,0.0,2,2,2,2,0,0,1,1
129152,4282,0.0,7.0,0.0,10,1,1,1,9,0,1,0
129379,731,0.0,3.0,0.0,11,2,1,2,10,0,1,0
129432,4368,0.0,3.0,1.0,3,2,1,2,2,0,1,0
129460,1263,0.0,0.0,0.0,5,1,1,1,4,0,1,0
12963,2257,0.0,5.0,0.0,2,1,1,1,1,0,1,0
130067,3289,0.0,3.0,1.0,1,1,1,1,0,0,1,0
130990,3319,0.0,4.0,1.0,3,1,1,1,2,0,1,0
131157,1308,0.0,2.0,1.0,1,1,1,1,0,0,1,0
13137,2928,0.0,0.0,1.0,13,2,1,3,9,0,2,2
131429,2681,0.0,4.0,1.0,6,4,3,1,5,0,1,0
131570,1522,0.0,5.0,1.0,23,7,2,1,21,0,2,0
131838,1212,0.0,0.0,0.0,13,2,1,1,12,0,1,0
131843,1749,0.0,3.0,0.0,13,5,4,3,11,0,2,0
13185,3828,0.0,3.0,0.0,129,30,7,7,99,0,4,26
132960,2640,0.0,4.0,0.0,11,6,4,2,9,0,2,0
132994,1056,0.0,3.0,0.0,2,2,1,1,0,0,2,0
133071,4933,0.0,3.0,0.0,1,1,1,1,0,0,1,0
133338,4143,0.0,0.0,1.0,25,9,3,2,22,1,1,1
133614,731,0.0,4.0,0.0,20,3,1,6,18,0,1,1
13382,190,0.0,0.0,0.0,4,1,1,2,3,0,1,0
13383,4891,0.0,5.0,0.0,28,5,1,8,24,0,2,2
134179,742,0.0,0.0,0.0,7,5,2,2,6,0,1,0
13462,4672,0.0,3.0,0.0,6,2,2,1,5,0,1,0
134745,2639,1.0,5.0,1.0,144,70,14,10,127,0,2,15
134906,1710,0.0,4.0,0.0,2,1,1,2,1,0,1,0
13578,4976,0.0,3.0,0.0,4,2,1,1,2,0,2,0
136227,1353,0.0,2.0,1.0,6,1,1,1,5,0,1,0
137399,1703,0.0,3.0,1.0,7,1,1,5,6,0,1,0
137893,606,0.0,4.0,2.0,50,26,7,3,47,0,2,1
138012,3609,0.0,0.0,0.0,4,1,1,1,3,0,1,0
13803,3613,0.0,4.0,1.0,17,4,2,2,16,0,1,0
138176,4178,0.0,3.0,0.0,3,2,1,1,2,0,1,0
138459,2592,0.0,0.0,1.0,5,1,1,1,4,0,1,0
138675,1102,0.0,4.0,1.0,8,4,3,1,7,0,1,0
138690,3455,0.0,6.0,0.0,25,11,3,2,24,0,1,0
138916,4480,0.0,5.0,0.0,3,1,1,1,2,0,1,0
13905,1501,0.0,2.0,0.0,35,12,5,3,34,0,1,0
139051,1890,0.0,4.0,1.0,2,1,1,1,1,0,1,0
139172,1487,0.0,5.0,0.0,33,11,1,6,30,0,1,2
139341,2954,0.0,0.0,0.0,2,2,2,1,1,0,1,0
139582,3734,0.0,3.0,1.0,7,3,2,2,5,0,2,0
139694,4693,0.0,3.0,0.0,44,15,3,3,40,0,1,3
139919,1142,0.0,2.0,1.0,10,1,1,1,9,0,1,0
139975,4659,0.0,3.0,0.0,7,3,2,2,6,0,1,0
140120,4976,0.0,3.0,1.0,3,2,1,1,2,0,1,0
140386,2791,0.0,3.0,1.0,4,2,1,1,3,0,1,0
140504,4170,0.0,6.0,0.0,8,2,1,1,6,0,2,0
140534,2943,0.0,4.0,1.0,14,3,1,3,13,0,1,0
140711,4044,0.0,2.0,0.0,6,2,1,1,5,0,1,0
140896,1572,0.0,3.0,1.0,5,1,1,1,2,0,3,0
141186,1910,0.0,0.0,1.0,5,2,2,1,4,0,1,0
142667,4374,0.0,2.0,1.0,27,10,5,5,26,0,1,0
143284,4950,0.0,3.0,0.0,1,1,1,1,0,0,1,0
143353,2994,0.0,2.0,1.0,6,2,1,3,4,0,1,1
144189,2928,0.0,6.0,0.0,1,1,1,1,0,0,1,0
144842,2928,1.0,0.0,0.0,11,8,3,2,9,0,2,0
145143,1089,0.0,2.0,0.0,14,2,1,2,13,0,1,0
145961,1454,0.0,2.0,1.0,6,3,1,1,5,0,1,0
145980,590,0.0,4.0,1.0,13,8,2,1,12,0,1,0
146059,3851,0.0,3.0,0.0,3,2,2,1,2,0,1,0
146330,3734,0.0,3.0,0.0,60,30,9,3,56,0,4,0
146527,1642,0.0,2.0,0.0,1,1,1,1,0,0,1,0
146675,3762,0.0,3.0,0.0,6,2,1,1,5,0,1,0
147062,4043,0.0,4.0,0.0,8,2,1,2,7,0,1,0
14794,1133,0.0,2.0,1.0,5,2,2,2,3,0,1,1
148071,1095,0.0,2.0,0.0,2,1,1,1,1,0,1,0
148679,1123,0.0,5.0,0.0,11,5,4,2,10,0,1,0
149474,2545,0.0,3.0,1.0,15,3,1,6,14,0,1,0
149595,4050,0.0,3.0,1.0,2,1,1,1,1,0,1,0
150229,718,0.0,5.0,2.0,5,1,1,1,4,0,1,0
150675,4607,0.0,5.0,0.0,10,6,1,2,8,0,1,1
150933,1561,0.0,5.0,0.0,3,1,1,1,2,0,1,0
15179,3455,0.0,5.0,0.0,11,4,2,4,10,0,1,0
151906,2766,0.0,3.0,0.0,4,2,1,1,3,0,1,0
152018,4979,0.0,0.0,1.0,5,2,1,1,4,0,1,0
152565,141,0.0,3.0,2.0,6,5,4,2,0,0,2,4
152586,3102,1.0,0.0,0.0,28,10,6,6,25,0,3,0
152877,1020,0.0,2.0,1.0,3,1,1,2,2,0,1,0
153233,1939,0.0,4.0,0.0,2,1,1,1,1,0,1,0
153636,1892,0.0,5.0,0.0,22,6,3,7,20,0,1,1
1541,2234,0.0,0.0,1.0,12,1,1,1,10,1,1,0
15444,606,0.0,4.0,0.0,2,1,1,1,1,0,1,0
154818,3727,0.0,0.0,0.0,1,1,1,1,0,0,1,0
15520,2482,0.0,2.0,1.0,3,1,1,1,2,0,1,0
155316,4043,0.0,2.0,0.0,8,3,3,6,6,0,1,1
155629,4049,0.0,3.0,0.0,2,2,1,2,1,0,1,0
155664,1393,0.0,3.0,0.0,5,5,4,3,4,0,1,0
155688,2273,0.0,5.0,1.0,23,7,2,9,21,0,1,1
155835,3826,0.0,3.0,0.0,2,1,1,1,1,0,1,0
156278,4480,1.0,3.0,0.0,4,2,1,2,3,0,1,0
156834,2030,0.0,4.0,0.0,7,3,1,2,6,0,1,0
156834,3593,0.0,4.0,0.0,8,3,1,3,7,0,1,0
156938,4760,0.0,4.0,0.0,33,18,4,4,29,0,2,2
157433,1661,0.0,3.0,1.0,3,1,1,1,2,0,1,0
157588,1049,0.0,5.0,0.0,2,1,1,1,1,0,1,0
15826,941,0.0,7.0,0.0,16,2,2,1,14,0,2,0
15859,4282,0.0,2.0,1.0,23,14,6,3,22,0,1,0
158722,4894,0.0,6.0,0.0,4,2,1,1,3,0,1,0
158995,1839,0.0,5.0,0.0,22,8,1,3,20,0,1,1
159284,102,0.0,0.0,0.0,11,2,1,1,8,0,2,1
159426,2631,0.0,0.0,1.0,5,2,2,1,3,0,2,0
160436,4658,0.0,0.0,0.0,2,1,1,1,1,0,1,0
160593,4207,0.0,2.0,0.0,4,3,2,1,3,0,1,0
160703,4043,1.0,3.0,0.0,16,7,5,1,13,0,3,0
161054,1079,0.0,3.0,0.0,18,7,2,1,17,0,1,0
161219,58,0.0,3.0,0.0,1,1,1,1,0,0,1,0
162399,2397,0.0,4.0,0.0,9,4,2,1,7,0,1,1
162573,2154,0.0,0.0,0.0,8,2,2,2,7,0,1,0
162656,3230,0.0,0.0,1.0,2,1,1,1,1,0,1,0
162911,3159,0.0,7.0,0.0,7,2,2,2,6,0,1,0
163536,3176,0.0,2.0,1.0,1,1,1,1,0,0,1,0
16428,2102,0.0,3.0,0.0,7,3,1,1,4,0,1,2
164573,685,0.0,6.0,0.0,4,1,1,1,2,0,2,0
164734,1816,0.0,3.0,0.0,8,2,1,1,7,0,1,0
165138,962,0.0,3.0,1.0,1,1,1,1,0,0,1,0
165249,1487,1.0,5.0,0.0,14,4,1,5,10,0,1,3
165513,643,0.0,0.0,0.0,2,1,1,1,1,0,1,0
165579,1936,0.0,0.0,0.0,5,1,1,1,4,0,1,0
166352,1031,0.0,4.0,0.0,25,6,1,3,21,0,3,1
166352,1689,0.0,4.0,0.0,4,3,3,2,0,0,2,2
166485,3015,0.0,3.0,0.0,6,1,1,2,4,0,1,1
166516,414,0.0,6.0,0.0,2,1,1,1,1,0,1,0
166911,4958,0.0,3.0,1.0,2,1,1,1,1,0,1,0
166941,3734,0.0,0.0,0.0,8,6,5,3,7,0,1,0
167109,4519,0.0,4.0,0.0,8,3,1,1,7,0,1,0
167340,361,0.0,0.0,1.0,3,1,1,1,2,0,1,0
167451,13,0.0,3.0,0.0,6,1,1,1,5,0,1,0
167796,2664,0.0,3.0,0.0,45,26,6,1,41,0,3,1
167939,4316,0.0,0.0,1.0,4,1,1,1,3,0,1,0
16817,3016,1.0,0.0,1.0,2,1,1,1,0,0,2,0
168976,412,0.0,0.0,0.0,71,42,11,10,70,0,1,0
169163,962,0.0,3.0,0.0,4,3,2,1,3,0,1,0
169228,412,0.0,4.0,0.0,21,12,4,2,20,0,1,0
169242,2217,0.0,0.0,0.0,9,3,1,1,6,0,1,2
169273,2014,0.0,6.0,1.0,26,7,1,3,24,0,2,0
169432,1762,0.0,3.0,1.0,2,1,1,1,1,0,1,0
169618,4693,0.0,6.0,0.0,18,12,4,5,17,0,1,0
169761,2579,0.0,3.0,0.0,11,4,2,5,9,0,1,1
169903,3105,0.0,0.0,0.0,5,2,1,3,3,0,1,1
170079,797,0.0,3.0,0.0,4,1,1,1,3,0,1,0
170161,3509,0.0,3.0,0.0,3,1,1,1,2,0,1,0
170298,1467,0.0,3.0,0.0,8,2,1,1,7,0,1,0
170645,1487,0.0,4.0,1.0,11,3,1,2,9,0,1,1
170842,2799,0.0,3.0,1.0,1,1,1,1,0,0,1,0
170902,1557,0.0,4.0,1.0,2,1,1,1,1,0,1,0
171270,1425,0.0,6.0,0.0,6,1,1,2,4,0,1,1
171355,4976,0.0,3.0,0.0,41,15,3,4,38,0,2,1
171563,3734,0.0,3.0,1.0,1,1,1,1,0,0,1,0
171599,289,0.0,3.0,0.0,1,1,1,1,0,0,1,0
171829,4678,1.0,6.0,0.0,3,1,1,1,2,0,1,0
172025,1056,0.0,4.0,0.0,10,7,5,2,9,0,1,0
172436,2124,0.0,6.0,0.0,6,3,1,4,5,0,1,0
17274,236,0.0,3.0,0.0,4,1,1,1,3,0,1,0
173269,3936,0.0,2.0,1.0,8,5,3,3,4,0,4,0
173443,98,0.0,4.0,0.0,6,1,1,2,5,0,1,0
173456,2569,0.0,5.0,0.0,72,15,1,3,64,0,3,5
174603,4444,0.0,6.0,1.0,28,16,3,2,23,0,2,3
174817,1875,0.0,4.0,0.0,9,5,1,2,6,0,1,2
174965,630,0.0,0.0,0.0,28,6,4,2,27,0,1,0
175102,1833,0.0,5.0,1.0,52,13,5,3,51,0,1,0
175197,4356,0.0,6.0,0.0,1,1,1,1,0,0,1,0
175910,3826,1.0,3.0,1.0,11,2,1,2,10,0,1,0
175926,1572,0.0,0.0,0.0,6,1,1,1,5,0,1,0
176033,1131,0.0,5.0,0.0,15,4,1,4,13,0,1,1
177629,2273,0.0,5.0,1.0,1,1,1,1,0,0,1,0
177773,547,0.0,2.0,1.0,32,14,3,6,25,0,3,4
178849,4090,0.0,5.0,0.0,1,1,1,1,0,0,1,0
178860,1247,0.0,0.0,1.0,5,2,1,1,3,0,1,1
178927,278,0.0,5.0,0.0,8,5,3,1,7,0,1,0
179055,1255,0.0,0.0,0.0,6,2,1,2,5,0,1,0
179224,2128,0.0,5.0,0.0,8,3,2,3,7,0,1,0
179299,1102,0.0,3.0,0.0,6,1,1,1,5,0,1,0
179704,4048,0.0,5.0,0.0,1,1,1,1,0,0,1,0
180580,1472,0.0,3.0,0.0,4,1,1,1,2,0,2,0
180584,1187,1.0,3.0,0.0,21,3,2,2,19,0,2,0
180855,183,0.0,3.0,1.0,2,1,1,1,1,0,1,0
180967,4336,0.0,2.0,0.0,1,1,1,1,0,0,1,0
181326,2791,0.0,0.0,0.0,2,2,2,1,1,0,1,0
181558,98,0.0,2.0,0.0,1,1,1,1,0,0,1,0
181754,4280,0.0,2.0,0.0,1,1,1,1,0,0,1,0
182175,1022,0.0,2.0,0.0,3,1,1,1,1,0,2,0
182547,2097,0.0,0.0,0.0,7,2,2,2,6,0,1,0
183048,2217,1.0,6.0,0.0,7,3,1,3,6,0,1,0
183073,742,0.0,0.0,0.0,3,2,1,2,1,0,1,1
183339,3085,0.0,3.0,2.0,4,4,1,1,3,0,1,0
183581,4639,0.0,0.0,0.0,3,1,1,2,2,0,1,0
184064,818,0.0,6.0,1.0,1,1,1,1,0,0,1,0
184206,148,0.0,0.0,0.0,4,1,1,1,3,0,1,0
184554,2242,0.0,4.0,0.0,2,1,1,2,1,0,1,0
185316,962,0.0,2.0,0.0,1,1,1,1,0,0,1,0
186042,2928,1.0,4.0,0.0,7,3,1,1,6,0,1,0
188016,323,0.0,4.0,0.0,1,1,1,1,0,0,1,0
188087,3545,0.0,5.0,1.0,24,11,1,1,21,0,3,0
188171,687,0.0,0.0,0.0,19,4,1,2,18,0,1,0
18871,3205,0.0,5.0,0.0,16,7,2,2,8,0,1,7
188842,818,0.0,6.0,0.0,4,2,1,1,3,0,1,0
189268,643,0.0,6.0,1.0,12,5,2,1,11,0,1,0
189436,2565,0.0,4.0,0.0,20,4,1,1,18,0,1,1
189651,2435,0.0,3.0,1.0,3,1,1,1,2,0,1,0
189776,2193,0.0,3.0,0.0,4,2,2,2,3,0,1,0
190115,3163,0.0,3.0,0.0,2,1,1,1,0,0,2,0
191254,219,0.0,0.0,0.0,2,1,1,1,1,0,1,0
192032,742,0.0,2.0,0.0,7,1,1,2,5,0,1,1
192155,141,0.0,6.0,0.0,4,2,2,2,3,0,1,0
192352,4864,0.0,2.0,0.0,30,11,4,2,24,0,3,3
192847,4600,0.0,0.0,0.0,3,1,1,2,2,0,1,0
193991,3938,0.0,4.0,1.0,7,3,2,1,5,0,2,0
194383,3968,0.0,4.0,1.0,15,6,5,1,10,0,5,0
194595,2935,0.0,2.0,1.0,3,1,1,1,2,0,1,0
19462,2938,0.0,2.0,0.0,4,1,1,1,3,0,1,0
194694,4325,0.0,3.0,0.0,4,1,1,1,2,0,1,1
194784,1066,0.0,0.0,0.0,4,2,2,1,3,0,1,0
195000,3541,0.0,0.0,0.0,1,1,1,1,0,0,1,0
19519,1472,0.0,6.0,1.0,6,4,1,1,4,0,2,0
195413,1393,0.0,0.0,1.0,35,25,12,9,33,0,1,1
196215,4040,0.0,3.0,0.0,5,1,1,1,4,0,1,0
196254,606,0.0,3.0,0.0,31,11,5,1,28,0,3,0
19638,350,0.0,3.0,0.0,2,1,1,1,1,0,1,0
196922,2869,0.0,2.0,0.0,7,1,1,1,6,0,1,0
197161,586,0.0,3.0,1.0,15,7,1,1,14,0,1,0
197328,1079,0.0,0.0,1.0,3,1,1,1,2,0,1,0
197862,4955,0.0,2.0,0.0,1,1,1,1,0,0,1,0
198344,2140,0.0,4.0,0.0,8,1,1,1,7,0,1,0
19867,3044,0.0,4.0,0.0,17,9,9,2,12,0,4,1
198974,4847,0.0,3.0,0.0,2,2,2,1,0,0,2,0
199003,2936,0.0,0.0,0.0,3,1,1,2,2,0,1,0
199380,4540,0.0,0.0,1.0,1,1,1,1,0,0,1,0
199880,3835,0.0,7.0,0.0,13,7,1,1,12,0,1,0
200319,2436,0.0,0.0,0.0,7,4,3,2,5,0,2,0
200465,1056,0.0,0.0,0.0,2,2,2,2,1,0,1,0
200987,4724,0.0,3.0,0.0,3,1,1,2,2,0,1,0
201187,927,0.0,6.0,0.0,7,3,2,3,5,0,2,0
201256,1710,1.0,3.0,0.0,3,1,1,1,2,0,1,0
201714,3990,0.0,6.0,0.0,2,1,1,1,1,0,1,0
20222,2313,0.0,4.0,0.0,1,1,1,1,0,0,1,0
202379,4913,0.0,4.0,0.0,2,1,1,1,1,0,1,0
202584,2217,0.0,2.0,0.0,9,1,1,2,8,0,1,0
203231,416,0.0,5.0,2.0,7,5,2,3,5,0,1,1
203311,4976,0.0,0.0,0.0,1,1,1,1,0,0,1,0
203401,682,0.0,0.0,0.0,21,10,3,4,16,0,1,4
20352,4549,0.0,3.0,1.0,5,1,1,1,4,0,1,0
203601,4234,0.0,4.0,0.0,10,5,2,3,8,0,1,1
2045,3319,0.0,4.0,0.0,5,1,1,1,4,0,1,0
20473,588,0.0,5.0,0.0,4,1,1,1,2,0,1,1
204731,72,0.0,3.0,0.0,10,4,1,2,8,0,1,1
204952,1235,0.0,3.0,0.0,6,1,1,1,5,0,1,0
20521,2242,0.0,0.0,1.0,3,3,3,1,0,0,3,0
205397,4282,0.0,3.0,1.0,11,6,5,5,10,0,1,0
205476,4079,0.0,6.0,1.0,2,1,1,1,0,0,2,0
205664,3727,0.0,3.0,2.0,4,2,1,1,3,0,1,0
206776,3022,0.0,4.0,0.0,4,1,1,1,3,0,1,0
206958,2173,0.0,0.0,1.0,15,6,2,2,13,0,1,1
208123,1944,0.0,0.0,0.0,18,3,2,4,16,0,2,0
208961,798,0.0,3.0,0.0,7,3,2,2,5,0,2,0
208967,1393,0.0,4.0,0.0,19,11,2,1,18,0,1,0
209779,3938,0.0,2.0,0.0,1,1,1,1,0,0,1,0
209816,4173,0.0,4.0,0.0,22,3,2,2,20,0,2,0
210035,2397,0.0,4.0,0.0,47,21,7,7,45,0,1,1
210355,2810,0.0,0.0,0.0,1,1,1,1,0,0,1,0
210742,645,0.0,0.0,0.0,6,1,1,1,4,0,2,0
210819,2126,0.0,0.0,0.0,7,1,1,3,5,0,1,1
211173,3965,0.0,3.0,1.0,2,1,1,1,1,0,1,0
211177,4933,0.0,0.0,0.0,4,1,1,2,3,0,1,0
211278,1719,1.0,3.0,0.0,8,5,1,1,6,0,2,0
21164,2465,0.0,4.0,0.0,5,1,1,1,4,0,1,0
212079,3607,1.0,2.0,1.0,2,1,1,1,0,0,1,1
213041,3014,0.0,6.0,1.0,5,1,1,1,4,0,1,0
213111,3893,0.0,0.0,0.0,10,1,1,2,8,0,1,1
213133,508,0.0,3.0,0.0,5,1,1,2,3,0,2,0
213605,2565,0.0,4.0,1.0,9,5,2,2,6,0,3,0
213664,2767,0.0,0.0,0.0,2,1,1,1,1,0,1,0
214205,4731,0.0,4.0,0.0,2,1,1,1,1,0,1,0
214247,1850,0.0,3.0,1.0,3,2,1,2,2,0,1,0
214305,812,0.0,0.0,0.0,2,1,1,1,1,0,1,0
215099,1472,0.0,4.0,0.0,8,4,1,1,6,0,2,0
215435,790,1.0,0.0,0.0,29,18,4,4,26,0,1,2
215522,4431,0.0,2.0,1.0,23,9,3,1,22,0,1,0
215708,4267,0.0,5.0,0.0,51,20,5,5,47,0,4,0
215788,608,0.0,0.0,1.0,9,4,3,2,8,0,1,0
215864,4173,0.0,0.0,0.0,7,4,3,1,5,0,1,1
215993,4465,1.0,0.0,0.0,18,6,1,1,13,0,5,0
216383,643,0.0,5.0,1.0,13,7,2,4,12,0,1,0
216462,4826,0.0,5.0,1.0,1,1,1,1,0,0,1,0
216521,2767,0.0,6.0,1.0,1,1,1,1,0,0,1,0
216832,3623,0.0,2.0,0.0,59,18,6,7,56,0,2,1
217520,1752,0.0,0.0,1.0,2,1,1,1,1,0,1,0
217645,4701,0.0,0.0,0.0,5,1,1,2,4,0,1,0
217820,2821,0.0,0.0,1.0,7,3,2,2,6,0,1,0
218027,1102,1.0,3.0,0.0,130,69,15,24,121,0,1,8
218129,1557,0.0,3.0,0.0,7,3,2,2,5,0,1,1
218551,915,0.0,3.0,1.0,33,11,3,3,32,0,1,0
218615,3819,0.0,5.0,1.0,12,6,4,1,9,2,1,0
218628,4558,0.0,2.0,0.0,13,8,2,1,11,0,2,0
218881,4848,0.0,5.0,0.0,5,3,1,2,4,0,1,0
218961,1618,0.0,0.0,0.0,1,1,1,1,0,0,1,0
219709,1565,1.0,3.0,0.0,8,6,2,1,7,0,1,0
219833,2066,0.0,4.0,1.0,2,1,1,1,1,0,1,0
220023,1720,0.0,0.0,0.0,8,2,1,3,5,0,1,2
221133,1749,0.0,4.0,1.0,4,1,1,1,3,0,1,0
221191,698,0.0,0.0,0.0,3,2,1,1,2,0,1,0
221298,4760,0.0,2.0,1.0,22,12,3,3,21,0,1,0
221350,3173,0.0,3.0,0.0,10,6,1,2,8,0,2,0
221614,1910,0.0,2.0,0.0,5,1,1,2,3,0,1,1
221732,3682,0.0,6.0,0.0,11,2,1,2,9,0,1,1
221792,2236,0.0,3.0,0.0,3,1,1,2,2,0,1,0
222126,4005,0.0,3.0,0.0,5,1,1,1,4,0,1,0
222238,1816,0.0,2.0,1.0,4,2,2,1,3,0,1,0
222258,3173,0.0,3.0,0.0,9,4,2,2,5,0,3,1
222632,4363,0.0,null,null,2,1,1,1,1,0,1,0
223156,2145,0.0,0.0,0.0,4,1,1,2,3,0,1,0
223932,1062,0.0,4.0,0.0,88,20,5,2,84,0,4,0
224461,63,0.0,3.0,0.0,2,1,1,1,1,0,1,0
224612,1392,0.0,4.0,1.0,5,3,2,1,4,0,1,0
225006,2915,0.0,3.0,1.0,41,11,2,3,39,0,2,0
225086,2746,0.0,0.0,0.0,2,1,1,1,1,0,1,0
225259,361,0.0,6.0,0.0,9,1,1,2,7,0,1,1
225586,1298,0.0,2.0,0.0,23,6,3,4,20,0,1,2
225906,860,0.0,3.0,1.0,12,5,3,1,10,0,2,0
226248,4095,0.0,3.0,0.0,4,2,2,2,0,0,2,2
226347,4280,0.0,4.0,0.0,5,2,1,1,4,0,1,0
226585,3819,0.0,2.0,1.0,26,8,5,3,25,0,1,0
226727,4917,1.0,0.0,2.0,14,9,1,1,11,0,1,2
227374,4388,0.0,3.0,0.0,8,3,1,1,6,0,2,0
22741,121,0.0,5.0,1.0,3,2,2,1,2,0,1,0
227941,2390,0.0,6.0,1.0,3,2,1,1,1,0,1,1
228045,416,0.0,0.0,0.0,77,25,10,4,76,0,1,0
228168,2795,0.0,3.0,2.0,4,4,4,1,0,0,4,0
22885,1102,0.0,3.0,0.0,20,5,3,5,17,0,1,2
229649,2721,0.0,3.0,1.0,3,3,1,2,1,0,2,0
229876,2745,0.0,3.0,0.0,23,7,2,3,22,0,1,0
229937,2994,0.0,5.0,0.0,6,3,1,1,4,0,2,0
229958,4265,0.0,4.0,0.0,4,2,1,1,2,0,2,0
230732,933,0.0,3.0,0.0,8,3,1,1,7,0,1,0
230869,4864,0.0,4.0,0.0,6,1,1,1,5,0,1,0
231094,4950,1.0,3.0,0.0,1,1,1,1,0,0,1,0
231418,3098,0.0,5.0,0.0,2,1,1,1,1,0,1,0
232012,2565,0.0,0.0,1.0,11,5,1,3,9,0,1,1
232134,159,0.0,3.0,0.0,9,5,3,1,8,0,1,0
232233,3826,0.0,3.0,1.0,10,2,2,3,8,0,1,1
232709,2099,0.0,0.0,1.0,1,1,1,1,0,0,1,0
232893,4173,0.0,3.0,0.0,33,22,4,5,32,0,1,0
233092,1216,0.0,3.0,0.0,2,1,1,1,1,0,1,0
233281,1356,0.0,5.0,0.0,4,2,1,1,3,0,1,0
233706,3163,0.0,0.0,0.0,9,1,1,4,7,0,2,0
233779,4090,0.0,2.0,0.0,6,1,1,1,5,0,1,0
233840,3578,0.0,6.0,0.0,4,1,1,1,3,0,1,0
234031,625,0.0,4.0,0.0,5,2,1,1,4,0,1,0
234677,1944,0.0,6.0,0.0,2,1,1,1,1,0,1,0
234810,1816,0.0,2.0,1.0,4,1,1,2,2,0,1,1
234952,308,0.0,3.0,1.0,10,3,2,3,8,0,2,0
235089,1203,0.0,0.0,1.0,3,1,1,1,2,0,1,0
2352,1944,1.0,6.0,0.0,25,15,6,4,24,0,1,0
235564,1640,0.0,2.0,1.0,2,2,1,1,1,0,1,0
236040,4372,0.0,2.0,0.0,10,1,1,2,9,0,1,0
236260,1850,0.0,3.0,1.0,6,3,2,1,4,0,2,0
236264,2173,0.0,6.0,0.0,18,5,1,1,13,0,5,0
236622,1102,0.0,0.0,0.0,12,9,5,2,8,0,4,0
236626,4950,1.0,2.0,0.0,2,1,1,1,1,0,1,0
236992,2284,0.0,0.0,0.0,3,2,2,1,2,0,1,0
237649,2149,0.0,0.0,0.0,5,2,1,2,3,0,1,1
23780,2140,0.0,0.0,0.0,6,2,1,1,4,0,2,0
237973,2002,0.0,0.0,0.0,6,2,2,2,4,0,1,1
238148,2217,0.0,4.0,0.0,6,2,1,1,5,0,1,0
238183,2821,0.0,3.0,0.0,4,1,1,1,3,0,1,0
238280,1506,0.0,0.0,0.0,5,3,1,2,4,0,1,0
238769,3665,0.0,5.0,1.0,2,1,1,1,1,0,1,0
239008,4129,0.0,2.0,0.0,22,19,7,6,6,0,2,14
23936,4282,0.0,3.0,1.0,104,49,13,2,93,0,10,1
239418,1541,0.0,2.0,1.0,2,1,1,1,1,0,1,0
239633,1719,0.0,0.0,0.0,7,1,1,1,6,0,1,0
239763,3402,0.0,3.0,0.0,11,5,1,1,9,0,1,1
240224,1142,0.0,5.0,1.0,2,1,1,1,1,0,1,0
240293,4506,0.0,0.0,0.0,2,1,1,1,0,0,1,1
240984,2099,0.0,3.0,0.0,3,2,2,1,2,0,1,0
241757,2031,0.0,2.0,1.0,17,5,2,1,15,0,1,1
241876,1557,0.0,6.0,0.0,9,6,3,1,6,0,3,0
242381,2128,0.0,0.0,1.0,1,1,1,1,0,0,1,0
242392,1499,0.0,4.0,0.0,10,7,4,4,8,0,2,0
242674,3828,0.0,3.0,0.0,14,5,3,4,12,1,1,0
243060,2954,0.0,4.0,0.0,3,1,1,1,2,0,1,0
24358,2680,0.0,3.0,0.0,4,1,1,3,2,0,1,1
243585,4463,0.0,3.0,0.0,4,3,2,1,3,0,1,0
243929,2128,0.0,6.0,0.0,2,1,1,2,1,0,1,0
24424,1890,0.0,0.0,0.0,16,5,1,4,15,0,1,0
244241,132,0.0,5.0,1.0,2,1,1,1,1,0,1,0
244777,4558,0.0,5.0,0.0,4,1,1,1,3,0,1,0
245077,2664,0.0,6.0,0.0,12,4,2,1,11,0,1,0
24556,1592,0.0,6.0,0.0,8,2,1,2,7,0,1,0
247042,323,0.0,4.0,0.0,3,1,1,1,2,0,1,0
247367,227,0.0,5.0,1.0,13,2,1,1,12,0,1,0
248070,396,0.0,2.0,0.0,4,1,1,1,2,0,1,1
248308,2935,0.0,0.0,0.0,9,1,1,2,8,0,1,0
249094,3806,0.0,4.0,1.0,9,5,3,2,5,0,3,1
249575,4282,0.0,0.0,0.0,29,16,6,1,27,0,2,0
249679,4667,0.0,4.0,1.0,2,1,1,1,1,0,1,0
249906,2760,1.0,5.0,0.0,6,3,1,1,5,0,1,0
250165,1056,0.0,4.0,0.0,25,10,6,3,24,0,1,0
250701,1512,0.0,6.0,0.0,3,1,1,2,2,0,1,0
251002,2136,0.0,5.0,0.0,1,1,1,1,0,0,1,0
251208,4044,1.0,3.0,0.0,24,4,1,1,23,0,1,0
251350,3205,0.0,5.0,0.0,16,8,2,1,7,0,1,8
251526,3734,0.0,4.0,1.0,1,1,1,1,0,0,1,0
251795,297,0.0,7.0,1.0,7,2,2,1,6,0,1,0
252025,2193,0.0,3.0,0.0,1,1,1,1,0,0,1,0
252176,1911,0.0,5.0,0.0,2,1,1,1,1,0,1,0
252179,3826,0.0,3.0,1.0,15,2,1,3,13,0,1,1
252229,4847,0.0,0.0,0.0,13,5,5,2,11,0,2,0
252354,3990,0.0,0.0,0.0,5,1,1,1,4,0,1,0
252482,4196,0.0,2.0,1.0,8,3,1,1,7,0,1,0
252654,2721,0.0,4.0,1.0,8,2,1,3,6,0,1,1
252760,643,0.0,5.0,1.0,6,4,2,1,5,0,1,0
252931,621,0.0,3.0,0.0,14,6,1,3,12,0,1,1
25356,832,0.0,3.0,0.0,9,1,1,2,8,0,1,0
253724,1978,0.0,2.0,1.0,9,4,1,3,7,0,1,1
253862,4079,0.0,3.0,0.0,2,1,1,1,1,0,1,0
253962,3806,0.0,5.0,0.0,11,2,1,2,6,0,4,1
253973,3828,1.0,0.0,0.0,6,3,1,2,5,0,1,0
254279,695,0.0,4.0,1.0,2,1,1,2,1,0,1,0
25486,2879,0.0,0.0,1.0,2,1,1,1,1,0,1,0
255008,3614,0.0,3.0,0.0,6,4,4,1,4,0,2,0
255438,1300,0.0,6.0,1.0,4,1,1,2,3,0,1,0
255577,933,0.0,7.0,0.0,2,1,1,1,1,0,1,0
255656,2821,0.0,4.0,0.0,7,1,1,2,5,0,1,1
255804,215,0.0,0.0,0.0,4,1,1,2,3,0,1,0
256295,4131,0.0,2.0,0.0,5,3,1,3,4,0,1,0
256824,2935,0.0,6.0,0.0,4,1,1,1,2,0,1,1
257094,1964,0.0,4.0,0.0,10,3,3,2,7,0,3,0
257715,608,0.0,5.0,0.0,27,9,3,1,25,0,2,0
257913,4044,0.0,3.0,0.0,67,29,8,6,65,0,2,0
258413,2928,0.0,3.0,0.0,10,8,4,2,6,0,4,0
258711,685,0.0,0.0,0.0,15,6,2,2,14,0,1,0
258856,3444,0.0,4.0,0.0,7,2,1,4,6,0,1,0
258879,1923,0.0,3.0,1.0,1,1,1,1,0,0,1,0
259176,3477,0.0,2.0,0.0,1,1,1,1,0,0,1,0
259217,3885,0.0,5.0,1.0,8,1,1,2,7,0,1,0
259220,4079,0.0,0.0,2.0,7,4,1,1,5,0,2,0
259489,4170,0.0,4.0,0.0,22,5,1,1,20,0,2,0
259513,268,0.0,0.0,0.0,4,4,2,1,0,0,4,0
260287,1840,0.0,2.0,0.0,13,7,2,3,12,0,1,0
260533,2229,0.0,7.0,0.0,1,1,1,1,0,0,1,0
260757,4090,0.0,3.0,1.0,12,4,1,3,11,0,1,0
260786,773,0.0,0.0,0.0,3,1,1,2,2,0,1,0
260826,1393,0.0,6.0,0.0,3,1,1,1,2,0,1,0
261244,3085,0.0,3.0,2.0,3,2,1,2,2,0,1,0
261457,1075,0.0,6.0,0.0,18,10,2,2,16,0,2,0
261726,4482,0.0,3.0,0.0,4,1,1,1,3,0,1,0
261893,3609,0.0,3.0,0.0,2,1,1,1,1,0,1,0
262026,3154,0.0,0.0,0.0,6,1,1,2,4,0,1,1
262210,4043,0.0,5.0,0.0,17,7,5,4,12,0,5,0
26271,2217,0.0,5.0,1.0,7,2,1,1,6,0,1,0
262974,3844,0.0,5.0,1.0,3,1,1,2,1,0,2,0
263108,4173,0.0,3.0,0.0,2,1,1,2,1,0,1,0
263357,4374,0.0,6.0,0.0,21,3,2,4,20,0,1,0
264058,1780,0.0,4.0,0.0,6,1,1,3,4,0,1,1
264263,467,0.0,3.0,1.0,10,8,5,2,9,0,1,0
264351,2537,0.0,3.0,0.0,3,1,1,1,2,0,1,0
264899,1346,0.0,4.0,0.0,7,2,1,2,5,0,1,1
265522,3971,0.0,2.0,1.0,1,1,1,1,0,0,1,0
265612,4048,0.0,2.0,1.0,8,1,1,1,7,0,1,0
265817,2273,0.0,4.0,0.0,17,5,1,4,15,0,1,1
265825,3105,0.0,4.0,0.0,7,1,1,1,6,0,1,0
265856,1357,0.0,3.0,0.0,16,10,1,3,14,0,2,0
266122,4118,0.0,4.0,0.0,11,3,1,2,8,0,2,1
266316,264,0.0,3.0,0.0,5,1,1,1,4,0,1,0
26638,4171,0.0,0.0,0.0,13,3,2,2,6,0,7,0
267268,2700,0.0,3.0,1.0,4,1,1,3,3,0,1,0
26731,586,1.0,0.0,0.0,41,21,5,4,37,0,4,0
267571,2397,0.0,4.0,0.0,15,7,3,3,11,0,4,0
267750,414,0.0,4.0,0.0,6,1,1,2,5,0,1,0
268391,4966,0.0,3.0,0.0,14,4,4,1,7,0,4,3
268769,4230,0.0,5.0,1.0,2,1,1,1,1,0,1,0
268785,1878,1.0,3.0,0.0,2,1,1,1,1,0,1,0
268958,4659,0.0,6.0,0.0,4,1,1,1,3,0,1,0
269000,1704,0.0,2.0,0.0,2,1,1,2,0,0,1,1
269025,2403,1.0,3.0,0.0,6,5,1,1,3,0,3,0
269033,4044,0.0,2.0,0.0,37,9,3,6,31,0,2,4
269359,4659,0.0,2.0,0.0,20,15,7,1,18,0,2,0
26973,66,0.0,3.0,0.0,4,2,1,2,3,0,1,0
270277,4287,1.0,3.0,0.0,2,1,1,1,1,0,1,0
270291,598,0.0,3.0,1.0,2,1,1,2,0,0,1,1
270421,3306,0.0,3.0,0.0,13,3,2,4,12,0,1,0
271444,168,0.0,0.0,0.0,7,3,1,2,6,0,1,0
271713,145,0.0,3.0,0.0,3,1,1,1,2,0,1,0
272482,594,0.0,4.0,1.0,1,1,1,1,0,0,1,0
272499,3462,0.0,0.0,0.0,1,1,1,1,0,0,1,0
27267,4048,0.0,0.0,1.0,4,2,1,1,3,0,1,0
272765,1506,0.0,4.0,1.0,2,2,2,1,0,0,2,0
27383,3915,0.0,3.0,0.0,3,1,1,1,2,0,1,0
274837,2594,0.0,4.0,1.0,3,1,1,1,2,0,1,0
274867,1346,1.0,6.0,1.0,22,8,1,2,21,0,1,0
275019,2237,0.0,0.0,1.0,2,1,1,1,1,0,1,0
275100,2149,0.0,3.0,0.0,17,2,1,3,15,0,1,1
275346,2721,1.0,0.0,1.0,16,9,1,1,15,0,1,0
275469,4090,0.0,0.0,0.0,1,1,1,1,0,0,1,0
275577,3319,1.0,4.0,0.0,5,3,1,2,4,0,1,0
276477,3898,0.0,0.0,1.0,4,2,1,3,3,0,1,0
277068,1751,0.0,5.0,1.0,3,1,1,1,2,0,1,0
277743,4282,0.0,3.0,0.0,6,2,2,3,4,0,1,1
277789,3959,0.0,0.0,1.0,6,1,1,1,5,0,1,0
277951,1056,0.0,5.0,0.0,14,4,3,1,12,0,2,0
278050,3407,0.0,3.0,1.0,3,1,1,1,2,0,1,0
278112,1692,0.0,2.0,0.0,6,1,1,3,5,0,1,0
278946,3828,0.0,3.0,0.0,101,54,14,20,91,0,4,6
279105,1695,0.0,0.0,1.0,3,1,1,1,2,0,1,0
279532,323,0.0,4.0,1.0,5,1,1,2,3,0,1,1
280323,4371,0.0,0.0,1.0,2,1,1,1,0,0,2,0
280408,246,0.0,0.0,0.0,3,1,1,1,2,0,1,0
280752,275,0.0,6.0,0.0,6,3,3,1,5,0,1,0
280832,3455,0.0,3.0,0.0,7,1,1,2,6,0,1,0
280847,4394,0.0,4.0,0.0,3,1,1,1,2,0,1,0
281007,200,0.0,0.0,0.0,1,1,1,1,0,0,1,0
281334,1393,0.0,0.0,0.0,6,5,4,3,4,0,1,1
281882,1115,0.0,4.0,1.0,6,1,1,2,5,0,1,0
281964,1999,0.0,0.0,0.0,6,3,1,1,5,0,1,0
282321,2273,0.0,3.0,0.0,3,1,1,2,1,0,1,1
282941,1963,0.0,3.0,0.0,3,1,1,2,2,0,1,0
28299,1871,1.0,5.0,1.0,38,11,2,5,37,0,1,0
283108,2356,0.0,6.0,0.0,3,1,1,1,2,0,1,0
283391,4083,0.0,3.0,1.0,9,2,2,2,8,0,1,0
283857,4145,0.0,4.0,0.0,1,1,1,1,0,0,1,0
284161,1203,0.0,0.0,1.0,17,2,2,2,13,0,2,2
284260,4558,0.0,4.0,0.0,12,5,4,1,11,0,1,0
284414,2031,1.0,2.0,0.0,1,1,1,1,0,0,1,0
284700,3410,0.0,3.0,1.0,1,1,1,1,0,0,1,0
28483,1484,1.0,3.0,2.0,4,1,1,1,3,0,1,0
285487,2639,0.0,5.0,0.0,4,2,2,1,2,0,2,0
286243,3289,0.0,3.0,0.0,2,1,1,1,1,0,1,0
286398,1618,0.0,4.0,1.0,24,17,6,2,20,0,4,0
286587,4760,0.0,2.0,1.0,17,9,4,1,15,0,2,0
286650,4171,0.0,5.0,0.0,14,5,2,3,10,0,3,1
286931,4474,0.0,2.0,0.0,11,3,1,2,10,0,1,0
287339,1833,1.0,4.0,1.0,66,27,1,2,58,3,1,4
287759,685,0.0,6.0,0.0,19,7,4,2,15,0,2,2
287766,1816,0.0,3.0,1.0,4,1,1,2,3,0,1,0
288357,120,0.0,3.0,0.0,2,1,1,1,1,0,1,0
288826,4287,0.0,3.0,0.0,38,19,6,3,36,1,1,0
288900,3578,0.0,6.0,0.0,7,1,1,4,6,0,1,0
288966,4589,0.0,6.0,1.0,4,1,1,1,3,0,1,0
288998,1346,0.0,3.0,0.0,3,3,1,2,0,0,1,2
290059,4050,0.0,3.0,0.0,2,1,1,2,1,0,1,0
290431,1239,0.0,3.0,0.0,9,2,2,4,7,0,1,1
290588,630,0.0,0.0,0.0,14,7,5,4,13,0,1,0
291006,2562,0.0,4.0,0.0,4,1,1,1,3,0,1,0
291048,2639,0.0,4.0,0.0,16,6,3,5,15,0,1,0
291214,308,0.0,5.0,0.0,10,4,2,4,8,0,1,1
291343,3955,0.0,0.0,0.0,4,3,1,1,3,0,1,0
29225,2928,0.0,4.0,0.0,1,1,1,1,0,0,1,0
292253,3734,0.0,3.0,0.0,1,1,1,1,0,0,1,0
292475,3472,0.0,5.0,1.0,9,3,1,1,8,0,1,0
292549,1268,0.0,0.0,1.0,12,3,2,2,11,0,1,0
29261,2273,0.0,3.0,0.0,25,3,1,3,22,0,1,2
293226,962,0.0,6.0,0.0,7,5,5,1,6,0,1,0
29334,3828,0.0,0.0,0.0,12,4,3,1,11,0,1,0
293496,3619,0.0,4.0,0.0,5,2,1,1,4,0,1,0
294608,1166,0.0,2.0,1.0,1,1,1,1,0,0,1,0
294751,4847,0.0,3.0,0.0,9,3,2,4,7,0,1,1
295005,2273,0.0,0.0,0.0,18,3,1,1,17,0,1,0
295178,3419,0.0,3.0,1.0,17,6,1,1,16,0,1,0
29539,2579,0.0,6.0,0.0,13,6,3,1,11,0,2,0
295496,2124,0.0,6.0,0.0,5,1,1,3,3,0,1,1
295511,361,0.0,2.0,0.0,4,2,2,1,2,0,2,0
295856,1615,0.0,0.0,0.0,10,1,1,2,9,0,1,0
29589,1833,0.0,4.0,2.0,2,2,1,1,0,0,2,0
296180,786,0.0,2.0,0.0,2,1,1,1,0,0,1,1
296969,3022,0.0,3.0,0.0,3,1,1,1,2,0,1,0
296994,3181,0.0,3.0,0.0,11,4,1,3,10,0,1,0
297082,1760,1.0,3.0,0.0,9,3,1,3,7,0,2,0
297330,310,0.0,5.0,0.0,9,3,2,3,7,0,1,1
297518,1263,0.0,4.0,0.0,3,1,1,1,1,0,2,0
299963,4540,0.0,0.0,0.0,3,1,1,1,2,0,1,0
30010,320,0.0,4.0,0.0,4,1,1,2,2,0,1,1
300186,2313,0.0,0.0,0.0,5,1,1,2,4,0,1,0
300560,2928,0.0,4.0,0.0,6,3,1,1,5,0,1,0
301743,1816,1.0,3.0,1.0,48,22,8,1,47,0,1,0
301791,2745,0.0,3.0,1.0,6,3,1,1,5,0,1,0
301824,2273,0.0,4.0,0.0,5,1,1,2,3,0,1,1
302121,1500,0.0,4.0,1.0,4,3,1,2,3,0,1,0
302350,1557,0.0,0.0,0.0,3,1,1,1,1,0,1,1
302392,2047,0.0,0.0,1.0,3,1,1,3,2,0,1,0
302428,2664,0.0,2.0,0.0,18,8,1,3,14,0,2,2
303039,1724,0.0,6.0,1.0,5,2,1,1,4,0,1,0
303122,586,0.0,4.0,0.0,9,7,4,2,7,0,2,0
303553,606,0.0,4.0,0.0,19,12,4,1,18,0,1,0
30399,2283,0.0,3.0,0.0,8,4,3,1,5,0,3,0
304537,2608,0.0,5.0,0.0,2,1,1,2,1,0,1,0
305076,3576,0.0,5.0,0.0,2,1,1,1,1,0,1,0
305355,2217,0.0,3.0,0.0,11,5,1,2,7,0,1,3
305497,423,0.0,2.0,0.0,4,1,1,2,3,0,1,0
305958,806,1.0,0.0,0.0,2,1,1,1,1,0,1,0
306304,3291,0.0,0.0,0.0,2,1,1,1,1,0,1,0
306800,1788,0.0,3.0,0.0,7,2,1,2,6,0,1,0
306817,1103,0.0,0.0,0.0,4,1,1,1,3,0,1,0
30711,4818,0.0,2.0,0.0,6,1,1,3,4,0,1,1
307506,361,0.0,6.0,1.0,10,2,1,4,8,0,1,1
307878,1393,0.0,0.0,1.0,2,1,1,1,1,0,1,0
308499,2928,0.0,3.0,0.0,8,4,2,1,7,0,1,0
308585,2279,0.0,3.0,0.0,5,3,3,1,3,0,1,1
30875,2938,0.0,6.0,1.0,15,8,6,4,13,0,2,0
30947,1538,0.0,3.0,0.0,6,1,1,3,5,0,1,0
309878,2565,0.0,5.0,1.0,23,4,1,2,21,0,1,1
309881,2904,0.0,3.0,1.0,6,2,1,1,5,0,1,0
310082,4173,0.0,4.0,0.0,88,42,7,4,87,0,1,0
310310,503,0.0,3.0,0.0,8,2,1,2,7,0,1,0
312124,4039,0.0,6.0,0.0,2,1,1,2,1,0,1,0
312237,614,0.0,3.0,0.0,2,1,1,1,1,0,1,0
312914,2562,0.0,3.0,0.0,11,3,1,1,9,0,1,1
313069,265,0.0,0.0,0.0,15,3,1,2,12,0,3,0
313209,278,0.0,3.0,0.0,1,1,1,1,0,0,1,0
313682,1502,0.0,4.0,0.0,11,2,1,1,9,0,1,1
313729,2872,0.0,4.0,1.0,11,5,5,3,9,0,1,1
314012,1340,0.0,6.0,0.0,18,7,3,4,15,0,2,1
314254,4818,1.0,2.0,1.0,1,1,1,1,0,0,1,0
314493,3230,0.0,4.0,0.0,4,2,1,1,3,0,1,0
314816,3484,0.0,3.0,1.0,7,3,2,1,6,0,1,0
314856,1399,0.0,5.0,1.0,16,5,1,5,14,0,1,1
315256,4841,0.0,2.0,0.0,2,1,1,1,1,0,1,0
315493,3854,0.0,4.0,0.0,4,1,1,1,3,0,1,0
315676,2669,0.0,0.0,0.0,12,2,1,1,10,0,1,1
316672,361,0.0,6.0,1.0,31,16,2,2,30,0,1,0
316726,1216,0.0,0.0,1.0,22,9,3,1,21,0,1,0
317140,821,0.0,2.0,0.0,13,2,2,2,12,0,1,0
317259,4173,1.0,3.0,0.0,67,43,10,9,56,0,1,10
317294,219,0.0,3.0,0.0,5,1,1,1,4,0,1,0
318206,3850,0.0,3.0,0.0,11,2,1,2,9,0,1,1
31835,3766,0.0,0.0,null,8,4,2,2,7,0,1,0
318449,588,0.0,5.0,1.0,4,1,1,2,2,0,1,1
31859,132,0.0,3.0,0.0,6,1,1,1,5,0,1,0
318608,2193,0.0,0.0,0.0,3,1,1,1,2,0,1,0
318808,3349,0.0,3.0,0.0,6,1,1,1,5,0,1,0
320432,1526,1.0,3.0,0.0,4,1,1,2,3,0,1,0
320561,3105,0.0,2.0,0.0,36,19,5,4,35,0,1,0
321186,4966,0.0,4.0,0.0,1,1,1,1,0,0,1,0
321782,2108,1.0,4.0,1.0,3,1,1,2,2,0,1,0
321846,4950,0.0,2.0,2.0,3,1,1,1,2,0,1,0
322012,4073,0.0,0.0,0.0,2,1,1,1,1,0,1,0
32236,3621,0.0,6.0,0.0,2,1,1,1,1,0,1,0
322545,3200,0.0,5.0,0.0,30,13,3,4,28,0,1,1
323463,3614,0.0,4.0,0.0,15,1,1,1,12,0,3,0
323550,3650,0.0,4.0,0.0,21,5,1,3,18,0,1,2
323638,2482,0.0,2.0,0.0,3,2,1,2,1,0,1,1
323950,4415,0.0,3.0,1.0,2,1,1,1,1,0,1,0
32455,1679,0.0,4.0,0.0,2,1,1,1,1,0,1,0
324688,426,0.0,2.0,0.0,9,1,1,2,8,0,1,0
324696,4864,1.0,4.0,0.0,8,4,2,3,7,0,1,0
324731,3383,0.0,3.0,1.0,7,1,1,1,6,0,1,0
324850,3477,1.0,5.0,1.0,2,1,1,1,1,0,1,0
324981,1502,0.0,3.0,0.0,17,4,2,3,12,0,3,2
325449,3227,0.0,0.0,1.0,4,1,1,1,2,0,1,1
325481,1346,1.0,4.0,0.0,9,1,1,1,8,0,1,0
325862,102,0.0,0.0,1.0,2,1,1,2,0,0,1,1
326115,1659,0.0,0.0,0.0,3,1,1,1,2,0,1,0
326459,598,0.0,6.0,1.0,7,4,3,1,6,0,1,0
326646,1514,0.0,4.0,null,3,1,1,1,2,0,1,0
326766,4760,0.0,3.0,0.0,1,1,1,1,0,0,1,0
327066,4794,0.0,3.0,0.0,12,3,2,3,9,0,2,1
327378,4427,0.0,2.0,0.0,6,1,1,2,3,0,1,2
328154,4173,0.0,0.0,0.0,22,11,4,1,20,0,2,0
328219,3685,0.0,3.0,0.0,21,3,1,4,20,0,1,0
328251,2313,0.0,4.0,0.0,10,4,2,2,8,0,1,1
328428,598,1.0,2.0,0.0,9,2,2,2,8,0,1,0
328430,4594,0.0,0.0,0.0,2,1,1,1,1,0,1,0
328445,2236,0.0,4.0,0.0,2,1,1,2,0,0,1,1
329251,2409,0.0,2.0,0.0,1,1,1,1,0,0,1,0
329334,1673,0.0,0.0,1.0,4,2,1,1,3,0,1,0
33021,1900,0.0,3.0,0.0,6,1,1,1,4,0,2,0
330236,3872,0.0,0.0,0.0,3,1,1,1,2,0,1,0
330422,4992,0.0,0.0,2.0,4,2,1,3,3,0,1,0
330913,2746,0.0,4.0,1.0,3,1,1,1,2,0,1,0
330924,2277,0.0,3.0,0.0,2,1,1,1,1,0,1,0
331700,2403,0.0,3.0,0.0,109,42,2,3,106,0,3,0
331773,4150,0.0,2.0,0.0,18,10,6,1,16,0,2,0
332385,4044,0.0,2.0,0.0,44,14,3,2,39,0,1,4
332391,786,1.0,7.0,0.0,8,3,2,1,7,0,1,0
332727,1850,0.0,4.0,1.0,2,1,1,1,1,0,1,0
332733,976,0.0,4.0,1.0,22,3,2,2,19,0,3,0
332743,1049,0.0,3.0,1.0,5,1,1,3,4,0,1,0
333513,1000,0.0,4.0,0.0,4,1,1,1,3,0,1,0
333551,1102,0.0,4.0,0.0,3,2,2,1,1,0,2,0
333703,2791,0.0,0.0,0.0,26,10,2,1,24,0,2,0
334306,684,0.0,6.0,0.0,5,3,3,1,3,0,2,0
334422,1667,0.0,4.0,1.0,3,1,1,1,2,0,1,0
33489,4302,0.0,5.0,0.0,6,3,1,2,4,0,2,0
334958,523,0.0,4.0,0.0,5,1,1,1,4,0,1,0
335485,2108,0.0,3.0,0.0,7,2,1,1,5,0,1,1
335735,227,0.0,2.0,1.0,6,4,2,1,5,0,1,0
335916,1141,0.0,0.0,0.0,3,1,1,1,2,0,1,0
336132,2928,0.0,3.0,0.0,12,4,2,1,9,0,3,0
336329,1495,0.0,0.0,0.0,1,1,1,1,0,0,1,0
337878,653,0.0,4.0,0.0,9,5,1,1,7,0,2,0
338007,2926,0.0,5.0,1.0,1,1,1,1,0,0,1,0
338226,1024,0.0,4.0,0.0,14,3,1,5,12,0,1,1
338239,3628,0.0,0.0,0.0,8,3,2,1,7,0,1,0
338586,4394,0.0,0.0,0.0,1,1,1,1,0,0,1,0
338993,2397,0.0,3.0,0.0,12,4,2,1,11,0,1,0
339458,2173,0.0,7.0,0.0,29,11,1,1,26,0,3,0
339580,4687,0.0,6.0,0.0,3,1,1,1,2,0,1,0
339989,3734,0.0,0.0,0.0,16,5,4,1,15,0,1,0
340608,2537,1.0,5.0,1.0,1,1,1,1,0,0,1,0
340811,3727,0.0,0.0,0.0,18,6,1,2,17,0,1,0
341684,4474,0.0,2.0,0.0,4,1,1,1,3,0,1,0
34178,1983,0.0,2.0,1.0,1,1,1,1,0,0,1,0
341821,4658,0.0,0.0,1.0,7,1,1,2,6,0,1,0
342391,682,0.0,0.0,null,4,2,1,1,3,0,1,0
342572,1330,0.0,4.0,0.0,5,1,1,1,4,0,1,0
342599,2995,0.0,4.0,0.0,9,2,2,2,8,0,1,0
343289,3014,0.0,3.0,0.0,11,2,1,2,9,0,1,1
343926,121,0.0,5.0,0.0,41,19,6,6,34,0,3,4
344298,1187,0.0,6.0,2.0,12,1,1,2,10,0,2,0
344413,897,0.0,4.0,2.0,9,5,3,2,7,0,1,1
34470,2036,0.0,5.0,0.0,1,1,1,1,0,0,1,0
344806,3361,0.0,3.0,1.0,6,2,1,2,5,0,1,0
344820,653,0.0,3.0,0.0,4,1,1,1,3,0,1,0
345979,4042,0.0,4.0,0.0,11,6,4,2,10,0,1,0
346184,4829,0.0,6.0,0.0,4,2,1,1,3,0,1,0
346399,1495,0.0,0.0,0.0,10,6,2,2,9,0,1,0
346541,2608,0.0,2.0,1.0,1,1,1,1,0,0,1,0
346727,4394,0.0,0.0,0.0,8,1,1,1,7,0,1,0
347124,742,0.0,3.0,0.0,3,1,1,1,2,0,1,0
3474,4368,0.0,5.0,1.0,12,5,3,1,8,0,4,0
347502,1884,0.0,0.0,1.0,5,2,1,1,4,0,1,0
347561,4282,0.0,3.0,1.0,13,3,3,1,12,0,1,0
347833,1425,0.0,4.0,1.0,2,1,1,1,1,0,1,0
348094,2266,0.0,4.0,0.0,5,1,1,1,4,0,1,0
348164,2652,0.0,0.0,0.0,5,2,1,2,4,0,1,0
348247,219,0.0,0.0,0.0,3,1,1,1,2,0,1,0
348566,2196,0.0,3.0,1.0,2,1,1,1,1,0,1,0
348802,4322,0.0,3.0,1.0,1,1,1,1,0,0,1,0
348911,1618,0.0,5.0,1.0,5,2,1,1,4,0,1,0
349602,3578,0.0,3.0,0.0,7,3,1,2,6,0,1,0
349729,3080,0.0,3.0,0.0,5,2,2,1,4,0,1,0
350091,1895,0.0,3.0,0.0,2,1,1,1,1,0,1,0
35019,310,0.0,0.0,1.0,5,3,3,3,2,0,1,2
350306,4261,0.0,4.0,0.0,5,4,2,1,1,0,4,0
350306,4677,1.0,4.0,0.0,2,2,1,1,1,0,1,0
350981,1514,0.0,0.0,0.0,8,2,1,1,7,0,1,0
351270,2786,0.0,4.0,0.0,3,1,1,1,2,0,1,0
351531,962,0.0,2.0,0.0,4,2,1,1,1,0,2,1
351635,649,0.0,0.0,0.0,6,1,1,2,5,0,1,0
352265,3862,0.0,0.0,0.0,14,4,1,1,11,0,3,0
352424,4976,0.0,4.0,0.0,21,15,5,2,17,0,4,0
352638,1692,0.0,7.0,1.0,2,1,1,1,1,0,1,0
35283,4760,0.0,2.0,1.0,5,2,2,2,4,0,1,0
353700,1062,0.0,6.0,1.0,16,6,3,4,15,0,1,0
354117,4658,0.0,2.0,0.0,19,6,1,1,18,0,1,0
354184,4394,0.0,6.0,1.0,2,2,1,1,1,0,1,0
355263,963,0.0,3.0,0.0,20,7,1,4,19,0,1,0
355554,1621,0.0,6.0,0.0,14,5,2,3,13,0,1,0
355844,2873,0.0,6.0,0.0,89,40,10,2,80,0,6,3
356094,1555,0.0,3.0,2.0,4,2,1,2,2,0,1,1
356335,2036,0.0,2.0,1.0,6,1,1,3,5,0,1,0
356341,2014,0.0,0.0,0.0,6,2,1,2,4,1,1,0
356696,168,0.0,3.0,0.0,7,2,1,1,6,0,1,0
356851,1703,0.0,0.0,0.0,2,1,1,1,1,0,1,0
357037,2066,0.0,4.0,1.0,5,3,1,1,4,0,1,0
357040,3103,0.0,3.0,0.0,3,1,1,1,2,0,1,0
357250,2776,0.0,3.0,0.0,12,10,6,2,11,0,1,0
357490,1724,0.0,3.0,0.0,8,3,2,1,7,0,1,0
357772,3828,0.0,2.0,0.0,10,1,1,2,9,0,1,0
358361,3893,0.0,5.0,0.0,8,1,1,1,7,0,1,0
358990,2856,0.0,0.0,0.0,1,1,1,1,0,0,1,0
359058,718,0.0,0.0,0.0,6,4,2,1,5,0,1,0
359186,3971,0.0,2.0,1.0,3,1,1,1,2,0,1,0
359504,3693,0.0,4.0,1.0,4,1,1,1,3,0,1,0
359862,474,0.0,0.0,0.0,1,1,1,1,0,0,1,0
359890,1825,0.0,0.0,0.0,6,3,2,1,5,0,1,0
360577,3102,0.0,3.0,0.0,1,1,1,1,0,0,1,0
360735,740,0.0,3.0,1.0,9,1,1,1,8,0,1,0
360752,3554,0.0,3.0,0.0,12,6,5,1,7,0,5,0
361617,1131,0.0,3.0,2.0,59,14,3,4,56,0,1,2
361677,4648,0.0,2.0,0.0,16,5,1,3,15,0,1,0
361857,2821,0.0,3.0,1.0,9,4,1,1,8,0,1,0
361858,594,0.0,3.0,2.0,1,1,1,1,0,0,1,0
362491,4659,0.0,0.0,0.0,1,1,1,1,0,0,1,0
362501,4710,0.0,null,null,1,1,1,1,0,0,1,0
36408,3093,0.0,0.0,0.0,9,3,2,3,8,0,1,0
364245,3828,0.0,3.0,1.0,5,1,1,2,4,0,1,0
364534,630,0.0,3.0,0.0,23,15,7,3,22,0,1,0
364751,246,0.0,0.0,1.0,3,1,1,1,2,0,1,0
364820,2242,0.0,3.0,1.0,2,2,2,1,1,0,1,0
36499,4044,0.0,0.0,0.0,7,2,1,2,6,0,1,0
365713,1056,0.0,0.0,1.0,23,14,8,3,15,0,2,6
365909,4025,0.0,2.0,1.0,3,1,1,1,2,0,1,0
366036,4191,0.0,0.0,1.0,2,1,1,1,1,0,1,0
366834,4263,0.0,3.0,0.0,24,12,1,3,22,0,2,0
36685,625,0.0,0.0,1.0,8,3,1,2,6,0,1,1
366869,4280,0.0,5.0,0.0,4,3,1,1,3,0,1,0
36687,219,0.0,3.0,1.0,2,1,1,1,1,0,1,0
367225,2856,0.0,0.0,0.0,3,1,1,1,2,0,1,0
367484,2699,0.0,5.0,0.0,4,3,3,2,3,0,1,0
367901,4173,0.0,6.0,0.0,84,24,8,13,77,0,2,5
368009,3266,0.0,0.0,1.0,2,1,1,1,1,0,1,0
368086,3545,0.0,4.0,0.0,2,1,1,1,1,0,1,0
368420,3545,0.0,4.0,0.0,3,1,1,1,1,0,2,0
368827,3619,0.0,4.0,0.0,7,1,1,2,6,0,1,0
368845,4607,0.0,6.0,0.0,38,15,2,6,28,0,1,9
369261,2928,0.0,0.0,0.0,9,6,4,2,8,0,1,0
369363,4044,0.0,2.0,1.0,34,20,6,6,33,0,1,0
369827,145,0.0,2.0,0.0,5,1,1,1,4,0,1,0
369973,2099,0.0,5.0,0.0,6,2,2,3,5,0,1,0
370126,2031,0.0,3.0,0.0,49,9,3,5,47,0,2,0
370740,1393,0.0,3.0,0.0,5,2,2,1,4,0,1,0
370981,4864,1.0,4.0,0.0,5,2,2,1,4,0,1,0
37101,3126,0.0,5.0,0.0,6,1,1,1,5,0,1,0
371529,1618,0.0,3.0,0.0,7,2,1,1,6,0,1,0
372798,1749,1.0,3.0,0.0,19,12,6,1,14,0,5,0
372870,4607,0.0,4.0,0.0,8,7,3,1,0,0,3,5
372927,4760,0.0,3.0,1.0,13,5,2,1,12,0,1,0
373116,3828,0.0,0.0,null,6,3,2,1,5,0,1,0
373363,4079,0.0,3.0,0.0,1,1,1,1,0,0,1,0
373546,3350,0.0,6.0,0.0,2,1,1,1,1,0,1,0
37376,4173,0.0,3.0,0.0,30,4,2,1,29,0,1,0
373823,2273,0.0,6.0,0.0,2,1,1,1,1,0,1,0
374023,3472,0.0,4.0,1.0,2,1,1,1,1,0,1,0
374252,102,0.0,5.0,1.0,48,6,3,6,42,0,2,4
374479,4760,0.0,2.0,null,40,10,7,2,39,0,1,0
375122,1470,0.0,4.0,1.0,6,2,1,1,5,0,1,0
375213,3484,0.0,5.0,0.0,8,4,2,1,6,0,2,0
375395,2217,0.0,2.0,0.0,6,2,1,1,5,0,1,0
375942,1134,0.0,6.0,0.0,8,3,2,2,4,0,4,0
376021,1000,0.0,3.0,1.0,2,1,1,1,1,0,1,0
376473,4043,0.0,2.0,0.0,4,1,1,2,3,0,1,0
376921,1318,0.0,7.0,0.0,23,6,3,3,19,0,3,1
377402,3835,0.0,5.0,0.0,2,1,1,2,1,0,1,0
377543,758,0.0,0.0,0.0,4,2,1,1,3,0,1,0
377680,547,0.0,4.0,0.0,8,4,1,1,7,0,1,0
378255,1203,1.0,0.0,0.0,14,6,3,1,13,0,1,0
378285,361,0.0,5.0,0.0,4,2,2,2,3,0,1,0
378540,3289,0.0,0.0,0.0,7,5,1,1,6,0,1,0
37868,2102,0.0,4.0,0.0,18,10,2,2,16,0,2,0
37992,653,0.0,3.0,1.0,1,1,1,1,0,0,1,0
379938,437,0.0,6.0,0.0,97,37,1,9,91,0,1,5
380230,778,0.0,0.0,0.0,3,1,1,1,2,0,1,0
380353,989,0.0,3.0,0.0,7,2,1,2,5,1,1,0
380435,2161,1.0,5.0,1.0,6,3,1,1,5,0,1,0
380643,4718,0.0,4.0,0.0,1,1,1,1,0,0,1,0
381096,472,0.0,3.0,1.0,4,2,1,1,3,0,1,0
381238,598,0.0,3.0,1.0,12,3,2,1,10,0,2,0
381326,4744,0.0,0.0,1.0,4,1,1,1,3,0,1,0
38209,2284,0.0,0.0,0.0,5,1,1,1,4,0,1,0
382274,1466,0.0,5.0,0.0,6,2,1,2,4,0,2,0
382355,1200,1.0,5.0,0.0,4,1,1,1,3,0,1,0
382379,1308,0.0,3.0,1.0,1,1,1,1,0,0,1,0
382458,1926,0.0,3.0,0.0,6,4,3,1,5,0,1,0
382670,4659,0.0,3.0,0.0,29,17,8,1,22,0,7,0
383035,1384,0.0,2.0,0.0,2,1,1,2,0,0,1,1
383056,742,0.0,3.0,0.0,1,1,1,1,0,0,1,0
383411,2273,0.0,3.0,0.0,1,1,1,1,0,0,1,0
383411,2361,0.0,3.0,0.0,1,1,1,1,0,0,1,0
383707,946,0.0,5.0,0.0,23,10,3,2,21,0,2,0
383839,1978,0.0,3.0,0.0,5,1,1,1,3,0,2,0
384149,3828,0.0,3.0,0.0,11,1,1,3,10,0,1,0
384744,2273,0.0,0.0,0.0,5,2,1,1,4,0,1,0
385171,4554,0.0,4.0,1.0,2,1,1,1,1,0,1,0
385726,4585,0.0,2.0,1.0,3,1,1,1,2,0,1,0
38596,246,0.0,5.0,0.0,4,1,1,2,3,0,1,0
386083,3444,0.0,7.0,1.0,93,4,1,2,92,0,1,0
386123,1102,0.0,0.0,1.0,5,2,2,2,4,0,1,0
386232,4079,0.0,2.0,0.0,7,1,1,2,4,0,2,1
386662,3323,1.0,4.0,1.0,1,1,1,1,0,0,1,0
387026,4993,0.0,null,null,9,5,1,1,7,1,1,0
387068,4768,0.0,0.0,0.0,23,6,1,9,19,0,1,3
387166,2664,0.0,4.0,0.0,21,10,2,1,19,0,2,0
387251,2217,0.0,4.0,0.0,6,4,2,1,5,0,1,0
387321,1964,0.0,3.0,1.0,10,2,2,2,8,0,2,0
387373,1892,0.0,3.0,0.0,54,15,7,1,50,0,4,0
387861,4368,0.0,4.0,0.0,2,2,2,1,0,0,2,0
38867,4374,0.0,3.0,0.0,31,14,5,7,19,0,2,10
388887,1182,0.0,3.0,1.0,3,1,1,1,2,0,1,0
389157,2720,0.0,6.0,0.0,6,3,3,1,5,0,1,0
389374,2565,0.0,3.0,0.0,7,2,1,2,6,0,1,0
390088,1102,0.0,0.0,0.0,3,2,1,2,2,0,1,0
390146,2915,0.0,5.0,0.0,1,1,1,1,0,0,1,0
391235,323,0.0,5.0,1.0,3,1,1,1,2,0,1,0
391381,3650,0.0,0.0,1.0,1,1,1,1,0,0,1,0
391749,4044,0.0,2.0,0.0,5,1,1,2,4,0,1,0
392894,2026,0.0,0.0,1.0,13,2,2,7,11,1,1,0
393418,4394,0.0,0.0,0.0,6,2,1,1,5,0,1,0
393967,4950,0.0,5.0,1.0,1,1,1,1,0,0,1,0
394139,4727,0.0,5.0,1.0,5,1,1,1,4,0,1,0
394247,731,0.0,3.0,0.0,9,2,1,1,7,0,1,1
394357,4618,0.0,5.0,1.0,11,2,1,4,9,0,1,1
395110,1911,0.0,0.0,0.0,5,2,1,1,4,0,1,0
3955,35,0.0,4.0,0.0,1,1,1,1,0,0,1,0
395836,416,0.0,6.0,0.0,2,1,1,1,1,0,1,0
396138,4648,0.0,3.0,0.0,2,1,1,1,1,0,1,0
396598,547,0.0,3.0,0.0,11,3,2,3,8,0,1,2
396662,1742,0.0,4.0,2.0,25,12,1,3,11,0,3,11
396844,798,0.0,3.0,0.0,6,2,2,2,5,0,1,0
397391,4171,0.0,0.0,null,13,1,1,1,7,0,6,0
398686,3147,0.0,3.0,0.0,5,1,1,2,4,0,1,0
399101,3971,0.0,0.0,1.0,20,5,2,2,18,0,2,0
399281,168,0.0,6.0,1.0,5,2,1,1,4,0,1,0
399298,747,0.0,5.0,0.0,4,1,1,2,2,0,2,0
399674,1831,0.0,3.0,0.0,3,1,1,1,2,0,1,0
399706,1827,0.0,4.0,0.0,8,2,1,3,7,0,1,0
400619,2070,0.0,4.0,0.0,4,1,1,2,3,0,1,0
40078,200,0.0,3.0,0.0,2,1,1,1,1,0,1,0
400988,1090,0.0,6.0,0.0,3,1,1,1,2,0,1,0
401386,3291,0.0,3.0,1.0,5,2,1,1,4,0,1,0
401508,3484,0.0,4.0,1.0,2,1,1,1,1,0,1,0
401596,1272,0.0,4.0,null,4,1,1,1,3,0,1,0
401787,2361,0.0,3.0,0.0,3,1,1,1,2,0,1,0
402225,1145,0.0,6.0,0.0,1,1,1,1,0,0,1,0
402262,3734,0.0,2.0,0.0,8,3,1,1,7,0,1,0
402402,4044,0.0,3.0,2.0,4,3,3,4,3,0,1,0
402427,773,0.0,4.0,0.0,2,1,1,1,1,0,1,0
40267,954,0.0,3.0,0.0,4,1,1,1,2,0,2,0
40321,2403,0.0,6.0,0.0,31,19,2,3,29,0,2,0
40323,2435,0.0,4.0,1.0,3,1,1,1,1,0,2,0
403637,1342,0.0,2.0,0.0,11,1,1,2,10,0,1,0
403959,4388,0.0,5.0,1.0,3,1,1,1,2,0,1,0
404260,4044,0.0,2.0,0.0,43,22,7,1,42,0,1,0
405116,2196,0.0,6.0,0.0,3,1,1,1,2,0,1,0
405496,1370,0.0,4.0,0.0,4,1,1,1,3,0,1,0
405504,310,0.0,2.0,1.0,4,2,1,1,3,0,1,0
405619,4022,0.0,3.0,0.0,2,1,1,1,1,0,1,0
405827,2124,0.0,0.0,0.0,11,7,2,3,10,0,1,0
405928,1342,0.0,6.0,0.0,8,3,2,2,7,0,1,0
40603,1679,1.0,4.0,0.0,3,2,1,1,1,0,2,0
406136,3839,0.0,6.0,0.0,10,9,2,3,9,0,1,0
406198,4394,1.0,5.0,2.0,8,3,1,3,5,0,1,2
406198,742,0.0,5.0,2.0,1,1,1,1,0,0,1,0
40662,2592,0.0,3.0,0.0,5,3,1,1,4,0,1,0
406798,2226,1.0,3.0,0.0,3,1,1,1,2,0,1,0
406851,1963,0.0,6.0,1.0,111,28,2,2,109,0,2,0
407083,1875,0.0,6.0,0.0,10,4,3,2,7,0,3,0
407104,2031,0.0,0.0,0.0,9,4,2,1,7,0,2,0
40784,4525,0.0,2.0,0.0,84,25,6,3,77,0,7,0
407956,1272,0.0,5.0,0.0,67,21,5,8,65,0,1,1
407974,606,0.0,0.0,0.0,28,15,8,3,22,0,2,4
408158,2630,0.0,0.0,0.0,7,3,2,1,6,0,1,0
408290,4173,1.0,3.0,1.0,1,1,1,1,0,0,1,0
410077,3205,0.0,6.0,0.0,1,1,1,1,0,0,1,0
410091,598,0.0,4.0,1.0,3,1,1,1,2,0,1,0
410339,4090,0.0,4.0,1.0,5,1,1,1,4,0,1,0
410495,268,0.0,6.0,null,7,4,1,1,6,0,1,0
410499,414,0.0,6.0,0.0,19,15,6,2,18,0,1,0
410878,1538,0.0,3.0,0.0,2,1,1,1,1,0,1,0
411118,1272,0.0,5.0,0.0,3,1,1,1,2,0,1,0
41142,3723,0.0,2.0,0.0,15,2,1,3,12,0,3,0
411427,4818,0.0,4.0,0.0,6,5,2,1,5,0,1,0
411553,1346,0.0,4.0,1.0,3,1,1,1,2,0,1,0
411671,2273,0.0,6.0,0.0,13,4,1,1,12,0,1,0
411722,3828,0.0,3.0,0.0,21,4,3,8,18,1,1,1
411755,2981,0.0,3.0,0.0,5,1,1,2,3,0,1,1
412138,682,1.0,0.0,0.0,24,9,5,3,19,0,3,2
412292,2448,0.0,3.0,1.0,28,14,5,1,25,0,3,0
413107,630,0.0,2.0,0.0,70,39,12,3,60,0,3,7
413154,3022,0.0,3.0,0.0,1,1,1,1,0,0,1,0
413410,1704,0.0,4.0,0.0,10,5,3,1,7,0,3,0
41347,1529,0.0,4.0,0.0,1,1,1,1,0,0,1,0
413607,3645,0.0,5.0,0.0,18,7,5,1,16,0,2,0
414057,1509,0.0,3.0,0.0,32,15,2,2,28,0,4,0
414728,1738,0.0,0.0,0.0,14,3,2,2,12,0,1,1
415115,2928,0.0,3.0,1.0,32,16,7,3,29,0,3,0
415331,3220,0.0,0.0,0.0,2,1,1,1,1,0,1,0
415814,120,0.0,4.0,1.0,1,1,1,1,0,0,1,0
416038,3080,0.0,4.0,0.0,3,1,1,2,1,0,1,1
416523,2031,0.0,4.0,0.0,7,2,1,2,5,1,1,0
416648,2241,0.0,3.0,1.0,51,13,8,1,48,0,3,0
416983,1213,0.0,0.0,0.0,17,4,1,3,14,0,1,2
417869,4217,0.0,0.0,0.0,6,3,2,2,5,0,1,0
418008,1352,1.0,4.0,0.0,1,1,1,1,0,0,1,0
418300,1346,1.0,4.0,0.0,13,4,1,2,12,0,1,0
41836,1679,0.0,4.0,0.0,31,11,3,1,30,0,1,0
418579,4494,0.0,0.0,1.0,6,2,1,1,4,0,2,0
418992,1557,1.0,4.0,0.0,35,9,6,5,32,0,3,0
419095,1102,0.0,3.0,0.0,1,1,1,1,0,0,1,0
419437,4450,0.0,3.0,1.0,2,1,1,1,1,0,1,0
42032,1708,0.0,3.0,0.0,7,2,1,3,5,0,1,1
420895,4871,0.0,2.0,0.0,4,1,1,1,2,0,1,1
421176,2565,0.0,0.0,0.0,4,1,1,1,3,0,1,0
421308,1724,0.0,5.0,1.0,2,1,1,1,1,0,1,0
421436,3179,0.0,3.0,0.0,3,2,2,1,2,0,1,0
421639,614,1.0,2.0,0.0,3,1,1,1,2,0,1,0
421845,3828,0.0,6.0,0.0,8,6,2,1,7,0,1,0
421989,3941,1.0,4.0,0.0,6,1,1,4,5,0,1,0
423238,4368,0.0,3.0,0.0,7,2,1,1,6,0,1,0
423551,2954,0.0,4.0,0.0,4,2,2,2,1,0,2,1
4333,2128,0.0,4.0,0.0,6,4,4,2,5,0,1,0
43557,1310,0.0,3.0,0.0,3,3,3,1,0,0,3,0
43669,310,0.0,2.0,1.0,15,3,3,1,14,0,1,0
43976,3236,0.0,0.0,1.0,12,4,1,1,11,0,1,0
4400,1999,1.0,4.0,0.0,7,4,1,2,6,0,1,0
44053,2109,0.0,4.0,0.0,7,1,1,4,5,0,1,1
44432,4787,1.0,3.0,0.0,2,1,1,1,0,0,1,1
44473,4829,0.0,0.0,0.0,8,2,1,3,6,0,2,0
45127,3628,0.0,3.0,0.0,1,1,1,1,0,0,1,0
45780,503,0.0,0.0,0.0,11,3,1,4,9,0,2,0
45832,4170,0.0,5.0,0.0,9,4,1,3,8,0,1,0
45958,4265,0.0,0.0,0.0,20,9,2,3,18,0,1,1
46135,1923,0.0,3.0,0.0,5,3,1,2,4,0,1,0
46439,1023,0.0,2.0,1.0,9,3,1,1,7,0,2,0
46649,4940,0.0,3.0,0.0,6,2,1,3,5,0,1,0
46914,1923,0.0,6.0,0.0,1,1,1,1,0,0,1,0
47327,806,0.0,4.0,0.0,9,3,1,4,8,0,1,0
48174,3954,0.0,0.0,1.0,3,1,1,1,2,0,1,0
48537,3971,0.0,0.0,1.0,7,1,1,1,5,0,1,1
48636,2436,0.0,4.0,0.0,20,14,6,2,18,0,2,0
4891,205,1.0,0.0,0.0,3,2,1,1,2,0,1,0
4900,4950,1.0,3.0,0.0,4,4,3,1,0,0,4,0
49089,4048,0.0,3.0,1.0,3,1,1,1,2,0,1,0
49130,1454,0.0,0.0,0.0,14,4,3,1,12,0,2,0
49671,3623,0.0,0.0,0.0,6,4,2,1,5,0,1,0
50255,4249,0.0,3.0,0.0,13,6,1,2,11,0,1,1
50425,3826,1.0,3.0,0.0,3,1,1,1,2,0,1,0
5062,2000,0.0,6.0,0.0,4,1,1,2,3,0,1,0
50675,4500,0.0,4.0,0.0,12,7,3,1,9,0,3,0
50730,684,0.0,6.0,1.0,2,1,1,1,1,0,1,0
5074,1835,0.0,0.0,0.0,83,67,15,12,82,0,1,0
50765,1102,0.0,3.0,0.0,43,29,8,6,39,0,1,3
51361,4043,0.0,3.0,1.0,1,1,1,1,0,0,1,0
51425,3828,0.0,2.0,0.0,1,1,1,1,0,0,1,0
51501,2981,0.0,4.0,0.0,5,2,1,2,4,0,1,0
51742,3319,0.0,5.0,2.0,9,5,4,1,7,0,2,0
51978,412,1.0,4.0,0.0,19,5,4,5,17,0,1,1
52038,3004,0.0,3.0,0.0,4,1,1,1,3,0,1,0
52076,3657,0.0,5.0,1.0,4,1,1,1,3,0,1,0
52460,350,0.0,6.0,0.0,6,2,1,2,5,0,1,0
53404,2303,0.0,2.0,0.0,16,4,1,2,15,0,1,0
54203,3433,0.0,3.0,1.0,10,1,1,1,9,0,1,0
54631,3734,0.0,0.0,1.0,18,4,2,4,16,0,1,1
54814,4385,0.0,7.0,0.0,12,4,1,1,9,0,1,2
55473,3979,0.0,6.0,0.0,10,2,1,4,8,0,1,1
55674,1447,0.0,5.0,0.0,14,1,1,2,12,0,1,1
56095,4864,0.0,4.0,1.0,17,13,3,3,16,0,1,0
57018,3986,0.0,2.0,1.0,1,1,1,1,0,0,1,0
57276,129,0.0,7.0,0.0,6,2,1,1,5,0,1,0
57538,2810,0.0,4.0,0.0,4,1,1,1,3,0,1,0
58272,534,0.0,0.0,0.0,2,1,1,1,1,0,1,0
58409,574,0.0,3.0,1.0,8,1,1,2,6,0,1,1
58773,4871,0.0,3.0,0.0,1,1,1,1,0,0,1,0
59265,361,0.0,0.0,0.0,3,1,1,1,2,0,1,0
59553,4044,0.0,5.0,0.0,17,12,5,2,16,0,1,0
59553,4504,0.0,5.0,0.0,2,1,1,1,1,0,1,0
59796,897,0.0,6.0,1.0,10,3,1,2,8,1,1,0
60155,1352,0.0,4.0,0.0,3,1,1,1,2,0,1,0
60894,4650,0.0,0.0,0.0,7,2,1,1,5,0,2,0
61201,4173,0.0,3.0,0.0,97,48,11,3,93,0,4,0
6123,3682,0.0,4.0,1.0,3,1,1,2,2,0,1,0
618,1276,0.0,6.0,1.0,11,1,1,2,10,0,1,0
62125,2003,0.0,4.0,0.0,3,1,1,2,2,0,1,0
62155,3742,0.0,3.0,1.0,5,3,1,2,4,0,1,0
62698,2011,0.0,3.0,2.0,5,1,1,1,4,0,1,0
63496,2273,0.0,3.0,1.0,3,1,1,1,1,0,2,0
63917,2928,0.0,3.0,0.0,26,19,2,2,25,0,1,0
64165,2954,0.0,5.0,0.0,1,1,1,1,0,0,1,0
64533,1704,0.0,4.0,0.0,52,26,5,3,50,0,2,0
64637,1019,0.0,5.0,1.0,4,1,1,1,3,0,1,0
64710,3826,0.0,4.0,2.0,3,1,1,1,2,0,1,0
64712,3236,0.0,3.0,0.0,5,2,1,3,3,0,1,1
65252,2397,0.0,3.0,1.0,12,3,2,3,10,0,1,1
65353,250,0.0,2.0,0.0,1,1,1,1,0,0,1,0
65446,4966,0.0,4.0,0.0,5,2,2,2,4,0,1,0
65457,2629,0.0,5.0,1.0,2,1,1,1,1,0,1,0
6566,4659,0.0,5.0,0.0,15,11,5,1,11,0,4,0
65816,4079,0.0,0.0,0.0,5,3,1,1,3,0,2,0
66084,2230,0.0,3.0,0.0,2,1,1,1,1,0,1,0
66138,4280,0.0,2.0,0.0,8,2,1,1,6,0,2,0
66168,4044,0.0,2.0,0.0,49,25,7,3,47,0,2,0
66352,3236,0.0,6.0,0.0,1,1,1,1,0,0,1,0
66453,806,0.0,0.0,0.0,13,5,3,4,12,0,1,0
67016,4760,0.0,3.0,0.0,10,1,1,1,9,0,1,0
67827,1704,0.0,0.0,1.0,18,11,4,2,16,0,1,1
67829,408,0.0,2.0,0.0,8,3,1,2,6,0,1,1
68696,2952,0.0,3.0,1.0,2,1,1,1,1,0,1,0
68904,503,0.0,3.0,0.0,1,1,1,1,0,0,1,0
68951,3578,0.0,5.0,0.0,1,1,1,1,0,0,1,0
69064,1056,0.0,3.0,0.0,9,6,3,2,8,0,1,0
69190,1964,1.0,2.0,0.0,29,3,3,7,28,0,1,0
69231,962,0.0,2.0,0.0,2,1,1,1,0,0,2,0
69257,756,0.0,6.0,1.0,6,2,1,1,5,0,1,0
70196,1618,0.0,0.0,0.0,2,1,1,1,1,0,1,0
70406,104,1.0,0.0,1.0,18,3,1,3,14,0,3,1
70570,4044,0.0,3.0,1.0,25,11,4,8,24,0,1,0
70869,378,0.0,3.0,0.0,11,7,1,1,10,0,1,0
70970,1330,1.0,0.0,1.0,14,3,1,3,13,0,1,0
71976,3407,0.0,0.0,1.0,3,2,2,2,2,0,1,0
72177,4040,0.0,7.0,0.0,7,2,1,2,6,0,1,0
72413,748,0.0,3.0,1.0,2,1,1,1,1,0,1,0
72494,3044,0.0,3.0,1.0,1,1,1,1,0,0,1,0
73041,4504,0.0,4.0,0.0,8,6,1,3,7,0,1,0
73126,4322,0.0,4.0,0.0,4,2,1,1,3,0,1,0
73148,2320,0.0,4.0,1.0,1,1,1,1,0,0,1,0
73434,3635,0.0,6.0,0.0,13,6,3,2,11,0,1,1
73595,134,0.0,4.0,0.0,6,4,2,1,5,0,1,0
7495,467,0.0,3.0,0.0,18,8,4,3,15,0,3,0
75304,4976,0.0,3.0,0.0,17,12,6,2,16,0,1,0
75404,4438,0.0,0.0,0.0,5,2,1,1,4,0,1,0
75785,1557,0.0,5.0,0.0,8,5,2,2,7,0,1,0
75995,3623,0.0,0.0,0.0,15,10,4,1,12,0,3,0
76152,3444,0.0,3.0,1.0,14,4,3,2,13,0,1,0
77880,1393,0.0,4.0,0.0,15,9,4,3,10,0,1,4
78573,1890,0.0,2.0,0.0,10,4,2,4,8,0,1,1
79562,2556,0.0,8.0,0.0,8,2,1,3,7,0,1,0
80219,2883,0.0,5.0,0.0,8,3,1,1,6,0,2,0
80511,1193,0.0,0.0,0.0,7,2,2,3,5,0,1,1
80534,3609,1.0,0.0,0.0,9,1,1,1,8,0,1,0
80539,4760,1.0,0.0,1.0,8,3,2,3,5,0,2,1
80598,4173,0.0,0.0,0.0,15,6,3,3,13,0,2,0
8089,361,0.0,6.0,0.0,28,13,6,1,25,0,1,2
80953,1305,0.0,4.0,1.0,3,1,1,1,2,0,1,0
81838,2602,0.0,3.0,0.0,6,2,2,1,5,0,1,0
81914,4750,0.0,6.0,1.0,2,1,1,1,1,0,1,0
82253,4871,0.0,3.0,0.0,5,3,1,1,4,0,1,0
82273,3734,0.0,3.0,0.0,7,4,3,2,6,0,1,0
82303,1487,0.0,4.0,0.0,3,1,1,1,2,0,1,0
82357,4048,0.0,0.0,0.0,6,2,1,1,5,0,1,0
82656,3323,0.0,3.0,0.0,1,1,1,1,0,0,1,0
82859,747,1.0,2.0,0.0,2,1,1,1,1,0,1,0
83027,2537,0.0,2.0,0.0,3,1,1,1,2,0,1,0
83253,187,0.0,3.0,0.0,8,5,2,3,6,0,1,1
837,189,0.0,2.0,0.0,6,1,1,2,5,0,1,0
83897,1346,0.0,4.0,0.0,4,2,1,1,3,0,1,0
84247,1895,0.0,2.0,0.0,4,1,1,2,3,0,1,0
84341,2193,0.0,3.0,0.0,5,1,1,1,3,0,2,0
84631,4282,0.0,3.0,1.0,13,7,5,3,12,0,1,0
84760,1272,0.0,0.0,0.0,1,1,1,1,0,0,1,0
84919,2229,0.0,3.0,1.0,19,9,5,1,17,0,1,1
85365,4499,0.0,0.0,0.0,7,1,1,2,6,0,1,0
85744,4287,1.0,4.0,0.0,7,3,3,2,5,0,2,0
86152,1892,1.0,5.0,1.0,15,9,3,1,13,0,2,0
86200,4086,0.0,0.0,0.0,3,1,1,1,2,0,1,0
87451,46,0.0,4.0,0.0,3,1,1,1,2,0,1,0
88111,4768,0.0,3.0,0.0,12,5,1,2,11,0,1,0
88477,66,0.0,2.0,0.0,8,2,1,4,3,0,2,3
8850,3878,0.0,6.0,1.0,3,1,1,2,2,0,1,0
88777,3609,0.0,3.0,0.0,85,27,2,6,81,0,4,0
88846,58,0.0,2.0,1.0,2,1,1,1,1,0,1,0
8886,1393,1.0,3.0,1.0,63,37,12,2,59,0,4,0
89917,1393,0.0,4.0,0.0,35,24,7,2,31,0,4,0
89923,1435,0.0,3.0,0.0,1,1,1,1,0,0,1,0
90108,1875,0.0,6.0,0.0,49,24,6,10,44,0,1,4
91167,3828,0.0,3.0,0.0,4,2,2,1,3,0,1,0
91353,3018,0.0,7.0,0.0,5,1,1,3,3,0,1,1
91603,1466,0.0,4.0,1.0,10,4,3,2,7,0,3,0
91664,4394,0.0,0.0,0.0,13,3,2,2,9,0,2,2
91711,3640,0.0,4.0,0.0,3,2,1,1,2,0,1,0
9175,500,0.0,5.0,0.0,7,4,2,1,6,0,1,0
91806,2403,0.0,7.0,0.0,18,9,1,1,17,0,1,0
91997,2669,0.0,4.0,0.0,2,1,1,1,1,0,1,0
92039,742,0.0,3.0,0.0,10,4,2,1,9,0,1,0
92304,586,0.0,3.0,0.0,18,5,1,4,12,0,3,3
92376,4048,0.0,3.0,0.0,6,1,1,2,4,1,1,0
92708,3734,0.0,5.0,0.0,2,1,1,1,0,0,2,0
93224,962,0.0,2.0,0.0,3,3,1,2,1,0,2,0
93550,1346,1.0,4.0,null,6,2,1,2,5,0,1,0
9394,4864,0.0,0.0,0.0,15,9,2,2,12,0,3,0
9414,4848,0.0,4.0,1.0,2,1,1,1,1,0,1,0
94410,4976,0.0,3.0,0.0,3,2,2,1,2,0,1,0
94792,4760,0.0,2.0,1.0,3,1,1,1,2,0,1,0
95494,3786,0.0,5.0,0.0,51,22,6,9,48,0,3,0
9587,4697,0.0,7.0,0.0,58,17,4,2,51,0,7,0
96658,1310,0.0,4.0,1.0,15,5,5,1,13,0,2,0
96735,4044,0.0,4.0,0.0,10,4,3,1,9,0,1,0
96754,3822,0.0,3.0,0.0,4,1,1,3,3,0,1,0
96942,4079,0.0,0.0,0.0,22,4,4,3,20,1,1,0
97213,4787,0.0,4.0,1.0,8,2,1,2,7,0,1,0
97387,3955,0.0,0.0,0.0,1,1,1,1,0,0,1,0
97781,1738,0.0,4.0,0.0,6,2,2,1,5,0,1,0
97832,4818,0.0,4.0,1.0,16,5,3,3,11,0,2,3
98015,3410,0.0,3.0,0.0,6,3,1,1,5,0,1,0
98134,1102,0.0,4.0,0.0,1,1,1,1,0,0,1,0
98135,586,0.0,3.0,0.0,29,19,6,2,27,0,1,1
98262,309,0.0,2.0,0.0,10,3,1,3,6,0,2,2
98347,1346,0.0,0.0,0.0,6,2,1,1,5,0,1,0
98822,3629,0.0,4.0,0.0,4,1,1,1,3,0,1,0
9942,3828,0.0,5.0,0.0,97,44,12,14,77,0,3,17
99916,4771,0.0,2.0,0.0,5,1,1,1,4,0,1,0
