100296,2445,0.0,3.0,0.0,8,4,2,2,7,0,1,0
100442,4650,0.0,3.0,null,2,1,1,1,1,0,1,0
100785,4186,0.0,3.0,0.0,7,3,1,2,6,0,1,0
100881,2281,0.0,3.0,1.0,4,1,1,1,3,0,1,0
100893,4850,0.0,6.0,0.0,26,14,5,3,25,0,1,0
101032,4048,0.0,3.0,1.0,3,1,1,1,2,0,1,0
101296,4783,0.0,5.0,0.0,3,2,2,1,2,0,1,0
101778,2821,0.0,4.0,0.0,4,1,1,1,3,0,1,0
101818,1816,0.0,0.0,1.0,12,4,3,4,11,0,1,0
101945,4808,0.0,6.0,1.0,3,2,1,1,2,0,1,0
102141,3954,0.0,2.0,0.0,2,1,1,1,1,0,1,0
102145,1485,0.0,0.0,0.0,11,6,2,3,10,0,1,0
102239,3428,0.0,0.0,1.0,8,3,3,1,6,0,1,1
102378,1667,0.0,5.0,1.0,10,1,1,3,9,0,1,0
103320,2128,0.0,2.0,0.0,1,1,1,1,0,0,1,0
104034,4891,0.0,4.0,1.0,6,2,1,1,5,0,1,0
104124,121,0.0,5.0,0.0,39,19,7,2,29,0,10,0
104994,4488,0.0,6.0,0.0,7,1,1,1,6,0,1,0
104996,1742,0.0,5.0,0.0,6,1,1,1,5,0,1,0
105087,4256,0.0,4.0,1.0,10,5,1,1,9,0,1,0
105133,2915,0.0,4.0,0.0,2,2,2,2,1,0,1,0
105382,4173,0.0,4.0,1.0,21,2,2,3,18,2,1,0
105505,2604,0.0,2.0,0.0,5,1,1,2,4,0,1,0
105896,1861,0.0,5.0,0.0,4,1,1,2,2,0,1,1
106146,3851,0.0,6.0,1.0,4,1,1,1,3,0,1,0
106170,1131,0.0,0.0,0.0,6,1,1,2,5,0,1,0
108045,1861,1.0,3.0,0.0,5,3,1,1,4,0,1,0
10806,4287,0.0,4.0,0.0,3,1,1,2,2,0,1,0
108387,1203,0.0,5.0,0.0,7,3,3,3,6,0,1,0
108423,3578,0.0,0.0,0.0,10,5,2,3,7,2,1,0
108808,3439,0.0,3.0,1.0,6,3,1,1,5,0,1,0
109243,1494,0.0,4.0,0.0,11,3,2,3,10,0,1,0
109344,2204,1.0,6.0,1.0,15,4,1,1,13,0,2,0
109844,2664,0.0,5.0,0.0,1,1,1,1,0,0,1,0
110180,508,0.0,0.0,1.0,6,2,1,1,5,0,1,0
110860,829,0.0,0.0,0.0,1,1,1,1,0,0,1,0
110965,1738,0.0,3.0,0.0,6,4,2,3,4,0,1,1
111267,4294,0.0,6.0,1.0,4,1,1,1,3,0,1,0
1113,2857,0.0,0.0,0.0,9,1,1,1,7,0,2,0
111329,2232,0.0,2.0,0.0,17,4,1,2,14,0,3,0
111401,4287,0.0,3.0,1.0,25,17,7,1,24,0,1,0
111539,4049,0.0,3.0,1.0,5,2,2,2,2,0,1,2
111542,4929,0.0,4.0,0.0,9,1,1,2,7,0,1,1
11180,416,0.0,5.0,0.0,9,3,1,2,8,0,1,0
11238,4256,0.0,0.0,0.0,10,6,4,1,9,0,1,0
112577,4048,0.0,2.0,0.0,3,1,1,2,2,0,1,0
113197,1861,0.0,3.0,0.0,2,1,1,1,1,0,1,0
113389,4706,0.0,2.0,0.0,4,1,1,1,3,0,1,0
113470,323,0.0,3.0,0.0,12,3,1,5,10,0,1,1
113607,3080,0.0,5.0,0.0,1,1,1,1,0,0,1,0
113733,4296,0.0,3.0,1.0,29,8,2,3,27,0,1,1
11384,1077,0.0,null,null,11,1,1,2,9,1,1,0
113868,3828,1.0,6.0,0.0,19,4,3,4,18,0,1,0
113892,2361,0.0,0.0,0.0,3,1,1,1,2,0,1,0
114071,300,0.0,4.0,0.0,5,1,1,1,4,0,1,0
114424,361,0.0,0.0,1.0,4,1,1,2,3,0,1,0
114680,4261,1.0,0.0,0.0,10,9,3,1,9,0,1,0
114732,2217,0.0,3.0,0.0,11,4,2,2,10,0,1,0
114793,3350,0.0,2.0,0.0,7,4,1,1,6,0,1,0
114997,121,0.0,3.0,0.0,16,6,4,1,15,0,1,0
115564,1843,0.0,2.0,0.0,19,4,1,6,15,0,1,3
11560,4744,0.0,2.0,0.0,3,1,1,1,2,0,1,0
115608,268,0.0,6.0,1.0,1,1,1,1,0,0,1,0
11569,648,0.0,0.0,0.0,8,2,2,2,6,0,1,1
11602,605,0.0,2.0,0.0,25,1,1,4,24,0,1,0
116082,2397,0.0,4.0,0.0,12,5,3,1,10,0,2,0
116711,2099,0.0,0.0,1.0,5,1,1,1,4,0,1,0
116723,4129,0.0,3.0,0.0,59,27,2,1,54,1,4,0
117030,1892,0.0,4.0,1.0,64,20,8,3,53,0,5,6
117162,2275,0.0,4.0,0.0,46,30,10,2,43,2,1,0
117635,1499,0.0,3.0,0.0,3,3,2,1,0,0,3,0
117868,415,0.0,4.0,0.0,11,4,3,2,9,0,2,0
117911,4049,0.0,3.0,0.0,3,1,1,1,2,0,1,0
117984,1703,0.0,4.0,0.0,5,1,1,1,4,0,1,0
11818,1093,0.0,3.0,1.0,6,1,1,1,5,0,1,0
118206,3323,0.0,3.0,1.0,3,1,1,1,2,0,1,0
118217,1495,0.0,6.0,0.0,3,1,1,1,2,0,1,0
118625,3152,0.0,3.0,0.0,2,1,1,1,1,0,1,0
119322,3828,0.0,4.0,0.0,1,1,1,1,0,0,1,0
119330,3016,0.0,3.0,1.0,38,19,8,8,31,0,1,6
119500,1103,0.0,2.0,0.0,1,1,1,1,0,0,1,0
11971,534,0.0,4.0,0.0,3,1,1,2,1,0,2,0
119825,3269,0.0,3.0,0.0,3,1,1,1,2,0,1,0
121032,1481,0.0,2.0,0.0,17,4,1,3,15,0,1,1
121327,1150,0.0,0.0,0.0,9,1,1,1,8,0,1,0
121525,2447,0.0,4.0,0.0,4,1,1,2,3,0,1,0
121582,1816,0.0,3.0,0.0,3,1,1,1,2,0,1,0
121626,1310,0.0,2.0,0.0,15,7,5,5,13,0,1,1
121677,1721,0.0,3.0,0.0,2,1,1,2,0,0,1,1
121851,1760,0.0,2.0,0.0,18,11,2,1,16,0,2,0
121992,4173,0.0,7.0,0.0,25,5,4,6,24,0,1,0
122596,311,0.0,5.0,1.0,2,1,1,1,1,0,1,0
122990,3173,0.0,0.0,1.0,9,1,1,2,4,0,4,1
123146,3166,0.0,0.0,0.0,10,2,1,2,8,1,1,0
12335,2856,0.0,7.0,0.0,5,3,1,1,4,0,1,0
123448,4282,0.0,4.0,1.0,16,7,3,2,13,1,1,1
123563,2014,0.0,3.0,0.0,3,1,1,2,2,0,1,0
12376,1103,0.0,2.0,0.0,9,2,1,1,8,0,1,0
123802,1272,0.0,4.0,0.0,4,1,1,1,3,0,1,0
124099,3586,1.0,4.0,1.0,9,3,2,1,7,0,2,0
12453,4649,0.0,3.0,1.0,9,2,2,2,8,0,1,0
124674,1752,0.0,4.0,0.0,4,2,1,2,2,0,2,0
124717,4079,0.0,4.0,0.0,2,1,1,1,1,0,1,0
124882,1412,0.0,3.0,0.0,4,1,1,1,3,0,1,0
125610,1916,0.0,3.0,0.0,11,5,2,1,9,0,2,0
126021,2403,0.0,5.0,0.0,6,3,1,2,5,0,1,0
126167,1500,0.0,0.0,0.0,9,1,1,2,8,0,1,0
126535,685,0.0,6.0,1.0,57,16,7,10,52,0,5,0
126869,227,0.0,0.0,0.0,15,1,1,12,13,0,1,1
127073,1310,0.0,5.0,0.0,3,2,1,1,2,0,1,0
127801,3986,0.0,3.0,0.0,4,1,1,1,3,0,1,0
12851,301,0.0,0.0,0.0,3,2,1,1,2,0,1,0
12853,4143,0.0,6.0,0.0,18,13,7,4,12,0,1,5
12880,588,1.0,3.0,0.0,27,3,1,4,23,0,2,2
129600,2767,0.0,0.0,0.0,1,1,1,1,0,0,1,0
129654,4281,0.0,6.0,1.0,2,1,1,1,1,0,1,0
130407,212,0.0,4.0,1.0,2,1,1,2,1,0,1,0
130872,4173,0.0,3.0,1.0,7,3,2,1,6,0,1,0
130898,4648,0.0,2.0,0.0,4,1,1,1,3,0,1,0
130935,4173,0.0,3.0,null,5,4,2,1,4,0,1,0
13094,2537,0.0,0.0,0.0,1,1,1,1,0,0,1,0
131216,3288,0.0,4.0,0.0,8,2,2,1,6,0,2,0
131274,4858,0.0,null,null,5,2,1,1,3,0,2,0
131476,2594,0.0,5.0,0.0,32,14,6,7,28,0,1,3
131646,2569,0.0,4.0,0.0,16,5,1,2,14,0,1,1
131676,3022,0.0,0.0,1.0,5,2,1,1,4,0,1,0
132130,2630,0.0,2.0,1.0,12,5,3,2,9,0,1,2
132176,1948,0.0,2.0,0.0,7,1,1,1,5,0,2,0
13225,1565,0.0,0.0,0.0,6,1,1,2,5,0,1,0
132776,3828,0.0,4.0,0.0,10,7,3,1,9,0,1,0
132902,4427,0.0,2.0,0.0,12,5,3,6,7,0,1,4
132936,2634,0.0,6.0,1.0,3,2,2,1,1,0,2,0
133461,2073,0.0,2.0,0.0,5,2,2,2,4,0,1,0
133510,596,0.0,0.0,1.0,6,1,1,3,5,0,1,0
133916,1440,0.0,3.0,0.0,1,1,1,1,0,0,1,0
133966,641,0.0,5.0,0.0,26,20,7,3,23,0,3,0
134300,3576,0.0,3.0,1.0,1,1,1,1,0,0,1,0
134844,4336,0.0,3.0,1.0,5,3,2,1,4,0,1,0
134974,3971,0.0,6.0,1.0,26,11,4,2,25,0,1,0
134982,4005,0.0,4.0,0.0,2,1,1,1,1,0,1,0
135293,1454,0.0,0.0,0.0,3,1,1,2,1,0,1,1
135439,4131,0.0,5.0,0.0,8,2,2,3,7,0,1,0
135722,3954,0.0,4.0,2.0,3,1,1,1,2,0,1,0
136272,1096,0.0,5.0,0.0,3,1,1,1,2,0,1,0
136274,3103,0.0,5.0,0.0,1,1,1,1,0,0,1,0
136816,4287,0.0,0.0,1.0,1,1,1,1,0,0,1,0
136901,1972,0.0,0.0,0.0,5,1,1,2,4,0,1,0
136966,3080,0.0,3.0,0.0,2,1,1,1,1,0,1,0
137238,1659,0.0,3.0,1.0,4,2,1,1,3,0,1,0
137282,1090,0.0,0.0,0.0,5,1,1,2,4,0,1,0
137811,416,0.0,5.0,0.0,23,7,3,3,20,0,1,2
137866,503,0.0,5.0,2.0,4,3,2,1,3,0,1,0
138280,773,0.0,4.0,0.0,87,25,10,13,82,0,1,4
13855,4584,0.0,2.0,1.0,4,2,2,2,3,0,1,0
138838,682,0.0,0.0,0.0,2,1,1,2,0,0,1,1
138971,3173,0.0,3.0,1.0,3,1,1,1,2,0,1,0
138978,1454,0.0,2.0,0.0,4,1,1,1,3,0,1,0
139332,3578,0.0,5.0,0.0,10,5,3,2,8,0,2,0
139600,2608,0.0,0.0,null,11,1,1,1,9,0,1,1
140011,4280,0.0,4.0,0.0,13,3,1,4,10,0,3,0
14007,4083,0.0,0.0,1.0,4,1,1,1,3,0,1,0
140270,2393,0.0,0.0,1.0,18,1,1,4,17,0,1,0
140418,133,0.0,0.0,1.0,19,1,1,1,18,0,1,0
141042,608,0.0,0.0,0.0,8,1,1,1,7,0,1,0
141176,4044,0.0,3.0,0.0,31,14,5,2,27,0,1,3
141535,4616,0.0,3.0,0.0,13,10,3,3,12,0,1,0
141863,4659,0.0,6.0,0.0,7,2,1,2,5,0,1,1
141963,1093,0.0,3.0,0.0,3,1,1,1,2,0,1,0
142210,361,0.0,2.0,0.0,43,10,3,7,33,0,1,9
142365,742,0.0,0.0,0.0,2,1,1,1,1,0,1,0
142782,1346,0.0,4.0,0.0,3,1,1,2,2,0,1,0
144175,3484,0.0,4.0,1.0,30,7,2,3,28,0,2,0
144185,3635,0.0,0.0,1.0,3,2,1,2,2,0,1,0
144186,4864,0.0,6.0,0.0,10,6,2,2,7,0,3,0
145737,4044,0.0,2.0,0.0,96,52,10,14,79,0,1,16
145804,3191,0.0,5.0,1.0,1,1,1,1,0,0,1,0
145862,1384,0.0,0.0,0.0,19,4,2,3,18,0,1,0
145968,860,0.0,5.0,1.0,60,31,10,3,55,0,4,1
146111,648,0.0,2.0,1.0,3,1,1,1,2,0,1,0
146819,4368,0.0,3.0,0.0,5,1,1,1,4,0,1,0
146920,2545,0.0,0.0,null,9,5,4,1,8,0,1,0
147099,250,0.0,6.0,0.0,5,3,3,1,3,0,2,0
147208,4733,0.0,4.0,1.0,3,2,2,1,2,0,1,0
147217,798,0.0,3.0,0.0,29,10,4,5,28,0,1,0
1474,3205,0.0,2.0,0.0,11,3,1,1,10,0,1,0
147556,2652,0.0,4.0,1.0,16,4,2,3,14,0,2,0
147722,2699,0.0,4.0,0.0,7,1,1,2,6,0,1,0
147856,4469,1.0,3.0,0.0,13,6,1,4,11,0,1,1
148249,3068,0.0,2.0,1.0,2,1,1,2,0,0,1,1
148398,1103,0.0,4.0,0.0,10,2,1,1,9,0,1,0
148764,3086,0.0,2.0,1.0,1,1,1,1,0,0,1,0
149161,3623,0.0,6.0,0.0,1,1,1,1,0,0,1,0
149459,3607,0.0,4.0,0.0,9,5,3,4,7,0,1,1
149558,152,0.0,7.0,0.0,22,3,2,3,20,0,1,1
149815,2273,0.0,3.0,0.0,9,7,1,2,7,0,1,1
149932,2482,0.0,3.0,0.0,23,5,3,4,22,0,1,0
150300,3609,1.0,0.0,0.0,4,1,1,2,3,0,1,0
150360,2036,0.0,6.0,0.0,1,1,1,1,0,0,1,0
150927,1495,0.0,3.0,0.0,11,1,1,4,10,0,1,0
150959,1000,0.0,5.0,1.0,6,2,1,2,4,0,1,1
151009,4729,0.0,0.0,0.0,4,1,1,1,3,0,1,0
151664,293,0.0,2.0,0.0,2,1,1,2,1,0,1,0
152190,2639,0.0,4.0,0.0,21,9,5,2,19,0,1,1
15263,588,0.0,0.0,0.0,16,1,1,1,15,0,1,0
152673,1056,0.0,4.0,0.0,4,3,3,1,3,0,1,0
153389,2482,0.0,6.0,0.0,9,2,2,1,8,0,1,0
153984,2102,0.0,3.0,0.0,3,1,1,2,2,0,1,0
154197,3734,0.0,2.0,0.0,6,5,3,2,5,0,1,0
155539,598,0.0,4.0,0.0,12,4,2,4,11,0,1,0
155874,2341,0.0,3.0,0.0,3,2,2,1,2,0,1,0
156387,3472,0.0,0.0,1.0,4,2,2,2,2,0,2,0
156463,4015,0.0,4.0,0.0,3,1,1,2,2,0,1,0
15655,3455,0.0,4.0,0.0,12,4,1,2,11,0,1,0
156604,4527,0.0,4.0,0.0,3,1,1,1,2,0,1,0
156962,3159,0.0,6.0,0.0,3,1,1,1,2,0,1,0
15722,310,0.0,3.0,1.0,27,7,3,9,23,0,1,3
157874,1760,0.0,5.0,0.0,6,2,1,1,4,0,2,0
158378,4659,0.0,3.0,0.0,6,1,1,2,5,0,1,0
158417,3609,0.0,3.0,0.0,9,5,2,1,8,0,1,0
158674,962,0.0,4.0,1.0,11,2,1,2,10,0,1,0
158754,310,0.0,2.0,1.0,2,1,1,2,1,0,1,0
158895,4618,0.0,4.0,0.0,10,5,1,1,9,0,1,0
159190,2397,0.0,5.0,1.0,3,1,1,1,2,0,1,0
159444,3428,0.0,7.0,1.0,2,1,1,1,1,0,1,0
159559,1254,0.0,4.0,0.0,12,3,3,3,10,0,2,0
15958,2669,0.0,0.0,0.0,3,1,1,1,2,0,1,0
160447,1305,0.0,2.0,0.0,1,1,1,1,0,0,1,0
160588,4976,0.0,3.0,0.0,20,15,3,1,17,1,1,1
160832,3609,0.0,2.0,0.0,26,9,1,2,23,0,3,0
16106,742,0.0,0.0,0.0,1,1,1,1,0,0,1,0
161877,594,0.0,5.0,0.0,3,1,1,2,2,0,1,0
161878,490,0.0,2.0,0.0,1,1,1,1,0,0,1,0
161912,3912,0.0,0.0,0.0,2,1,1,1,1,0,1,0
162735,2143,0.0,4.0,0.0,4,2,1,1,3,0,1,0
162762,962,0.0,0.0,0.0,2,1,1,1,1,0,1,0
162908,2879,0.0,0.0,0.0,2,1,1,1,1,0,1,0
163139,2454,0.0,4.0,0.0,5,2,1,1,4,0,1,0
163333,3365,0.0,3.0,0.0,6,1,1,1,5,0,1,0
163362,586,0.0,5.0,0.0,10,8,2,1,8,0,2,0
163531,4305,0.0,4.0,1.0,3,1,1,1,2,0,1,0
163572,2047,0.0,0.0,0.0,1,1,1,1,0,0,1,0
163865,2217,0.0,4.0,0.0,11,5,1,2,10,0,1,0
163924,361,0.0,3.0,1.0,15,5,3,3,12,0,1,2
164422,2217,0.0,0.0,1.0,3,2,1,1,2,0,1,0
164688,3968,0.0,3.0,1.0,21,9,3,1,18,0,3,0
165073,2248,0.0,0.0,1.0,4,3,1,1,3,0,1,0
165128,3734,0.0,2.0,1.0,3,2,1,1,2,0,1,0
165371,3822,0.0,0.0,0.0,10,5,2,3,8,0,2,0
16559,3891,0.0,6.0,0.0,3,1,1,2,2,0,1,0
165813,4826,0.0,2.0,1.0,1,1,1,1,0,0,1,0
166005,1594,0.0,4.0,1.0,1,1,1,1,0,0,1,0
166059,4473,0.0,3.0,0.0,3,2,1,1,2,0,1,0
166270,3410,0.0,2.0,0.0,4,1,1,1,2,0,1,1
166466,4173,0.0,3.0,0.0,113,61,11,7,108,0,2,3
166830,908,0.0,4.0,null,5,3,1,1,4,0,1,0
167380,3018,0.0,3.0,0.0,1,1,1,1,0,0,1,0
167610,323,0.0,5.0,1.0,5,2,1,1,4,0,1,0
167767,1892,0.0,4.0,0.0,2,1,1,1,0,0,1,1
168176,4044,0.0,2.0,0.0,86,42,9,12,68,0,1,17
168391,71,0.0,3.0,0.0,17,11,2,1,15,0,2,0
168430,2821,0.0,4.0,0.0,3,1,1,1,2,0,1,0
168669,2173,0.0,4.0,1.0,21,10,1,1,19,0,2,0
168722,2768,0.0,3.0,0.0,3,2,2,1,1,0,2,0
168870,386,0.0,4.0,0.0,5,3,2,1,4,0,1,0
168992,3266,0.0,3.0,0.0,5,1,1,1,4,0,1,0
169045,1999,0.0,4.0,2.0,2,1,1,1,1,0,1,0
169107,121,0.0,5.0,0.0,3,2,1,1,2,0,1,0
169466,121,0.0,4.0,0.0,1,1,1,1,0,0,1,0
169983,219,0.0,0.0,0.0,8,2,1,3,6,0,1,1
170076,10,0.0,3.0,1.0,1,1,1,1,0,0,1,0
170115,1916,0.0,4.0,0.0,3,1,1,1,0,0,3,0
170977,3607,0.0,4.0,1.0,3,2,1,1,2,0,1,0
171167,2536,0.0,3.0,null,6,2,1,2,5,0,1,0
171549,2655,0.0,4.0,2.0,5,3,2,1,3,0,2,0
171658,1342,0.0,7.0,0.0,9,4,2,1,8,0,1,0
171925,2935,1.0,3.0,1.0,3,1,1,1,2,0,1,0
172387,1499,0.0,3.0,0.0,23,6,4,3,20,0,1,2
172408,2795,0.0,3.0,0.0,2,2,2,1,0,0,2,0
173197,4976,0.0,3.0,0.0,57,24,6,3,56,0,1,0
173348,740,0.0,5.0,1.0,4,2,1,1,3,0,1,0
173411,4558,0.0,0.0,0.0,7,2,1,1,6,0,1,0
173785,608,0.0,5.0,0.0,6,1,1,1,5,0,1,0
174068,3910,0.0,3.0,0.0,3,1,1,1,2,0,1,0
174318,3022,0.0,3.0,1.0,1,1,1,1,0,0,1,0
17507,2973,0.0,4.0,0.0,5,1,1,1,4,0,1,0
175713,2900,0.0,3.0,0.0,3,1,1,2,2,0,1,0
175795,4894,0.0,0.0,0.0,5,2,2,1,4,0,1,0
175897,4864,0.0,0.0,0.0,8,1,1,2,5,1,1,1
176379,1203,0.0,0.0,0.0,35,8,4,2,30,0,2,3
176463,2916,0.0,3.0,0.0,2,1,1,1,1,0,1,0
177003,606,0.0,6.0,0.0,26,10,5,2,22,0,1,3
177113,437,0.0,6.0,0.0,59,27,1,5,50,0,1,8
177192,2681,0.0,4.0,2.0,3,1,1,1,2,0,1,0
177443,661,0.0,0.0,1.0,2,1,1,1,1,0,1,0
177491,437,0.0,3.0,0.0,37,15,3,10,33,0,1,3
178028,4818,0.0,4.0,0.0,3,1,1,1,2,0,1,0
178452,1724,0.0,0.0,0.0,8,3,1,1,7,0,1,0
178468,2403,0.0,5.0,0.0,30,21,2,2,27,0,3,0
178735,148,0.0,3.0,0.0,2,1,1,1,1,0,1,0
179344,2511,0.0,0.0,null,4,1,1,1,3,0,1,0
179458,326,0.0,0.0,0.0,6,1,1,2,5,0,1,0
179974,4976,0.0,3.0,0.0,6,1,1,1,4,0,1,1
180158,1816,0.0,3.0,0.0,17,9,3,4,16,0,1,0
180567,4585,0.0,2.0,0.0,8,2,1,1,7,0,1,0
181471,3057,0.0,3.0,0.0,5,3,2,1,4,0,1,0
181501,2273,0.0,0.0,0.0,5,2,1,1,4,0,1,0
181610,2397,0.0,3.0,0.0,15,8,2,1,12,0,3,0
181779,621,0.0,4.0,1.0,6,3,1,1,5,0,1,0
182792,1618,0.0,5.0,0.0,3,1,1,1,2,0,1,0
182855,2935,0.0,0.0,0.0,1,1,1,1,0,0,1,0
184059,2891,1.0,7.0,0.0,19,5,1,2,17,0,2,0
184707,4234,0.0,4.0,0.0,26,11,4,6,21,0,1,4
184915,1013,0.0,5.0,1.0,8,4,3,2,6,0,2,0
18492,2954,0.0,4.0,1.0,15,4,2,3,9,0,6,0
185569,1500,0.0,4.0,1.0,4,1,1,2,3,0,1,0
185852,2051,0.0,2.0,1.0,5,1,1,2,4,0,1,0
185960,2394,0.0,2.0,1.0,5,1,1,1,4,0,1,0
186331,2273,0.0,0.0,0.0,1,1,1,1,0,0,1,0
186547,4048,0.0,2.0,1.0,3,1,1,1,2,0,1,0
186583,4596,1.0,0.0,1.0,11,3,3,2,7,0,3,1
186665,3022,0.0,0.0,1.0,9,6,4,1,8,0,1,0
186705,4760,0.0,3.0,2.0,16,7,3,1,12,0,4,0
187059,503,0.0,3.0,0.0,17,9,3,2,16,0,1,0
187689,3923,0.0,6.0,0.0,2,1,1,2,1,0,1,0
188084,2108,1.0,4.0,0.0,4,1,1,2,2,0,1,1
188166,2397,0.0,4.0,0.0,24,11,6,3,18,0,6,0
188607,314,0.0,2.0,0.0,7,1,1,3,6,0,1,0
188623,3854,0.0,0.0,1.0,16,1,1,1,15,0,1,0
188644,3168,0.0,3.0,0.0,4,2,2,1,3,0,1,0
188918,1263,0.0,0.0,1.0,9,3,1,2,7,0,1,1
189037,191,0.0,3.0,2.0,3,1,1,1,2,0,1,0
189487,2730,0.0,0.0,1.0,5,1,1,1,4,0,1,0
189824,3444,0.0,3.0,0.0,3,1,1,2,2,0,1,0
189929,962,0.0,5.0,0.0,5,3,3,1,4,0,1,0
190158,219,0.0,3.0,1.0,7,2,1,2,5,0,2,0
190598,3878,0.0,5.0,0.0,10,2,1,4,8,0,2,0
190704,2217,0.0,0.0,0.0,12,4,1,1,9,0,1,2
191147,1460,0.0,3.0,0.0,4,1,1,1,3,0,1,0
191148,4670,0.0,2.0,2.0,30,14,3,4,29,0,1,0
191408,804,0.0,4.0,0.0,1,1,1,1,0,0,1,0
191663,3982,0.0,0.0,0.0,16,6,3,2,15,0,1,0
191722,4170,0.0,0.0,0.0,7,5,2,1,6,0,1,0
192201,608,0.0,3.0,0.0,3,1,1,1,2,0,1,0
192289,2928,0.0,3.0,0.0,2,2,1,1,0,0,2,0
192927,606,0.0,0.0,0.0,64,23,4,6,62,1,1,0
19315,1187,0.0,0.0,1.0,16,5,3,2,13,1,2,0
193213,1050,0.0,2.0,1.0,6,2,2,1,5,0,1,0
193261,13,0.0,6.0,0.0,13,1,1,5,12,0,1,0
193528,2559,0.0,4.0,1.0,1,1,1,1,0,0,1,0
193730,4463,0.0,3.0,0.0,2,1,1,1,1,0,1,0
193918,191,0.0,7.0,0.0,31,13,5,3,26,0,3,2
194412,2026,0.0,2.0,1.0,45,19,8,4,40,0,1,4
194526,4240,1.0,0.0,0.0,6,1,1,1,5,0,1,0
194711,547,0.0,3.0,1.0,13,7,2,4,10,0,1,2
194834,1346,0.0,3.0,1.0,11,2,1,2,9,0,1,1
195058,4073,0.0,3.0,0.0,2,2,1,2,0,0,1,1
195123,1203,0.0,0.0,0.0,18,6,4,3,15,0,1,2
195304,2915,0.0,3.0,2.0,1,1,1,1,0,0,1,0
195404,4282,0.0,2.0,1.0,23,15,7,3,21,0,1,1
195416,3609,1.0,0.0,0.0,2,1,1,1,0,0,2,0
195768,3042,0.0,4.0,0.0,32,15,4,4,29,0,3,0
196042,4071,0.0,3.0,2.0,4,1,1,1,3,0,1,0
196842,1895,0.0,2.0,0.0,1,1,1,1,0,0,1,0
196920,3472,0.0,0.0,1.0,5,2,1,3,3,0,1,1
196943,2140,0.0,4.0,0.0,37,16,1,5,35,1,1,0
19767,4540,0.0,0.0,0.0,12,1,1,3,10,0,1,1
198300,2995,0.0,5.0,0.0,6,3,3,1,4,0,2,0
198897,2669,0.0,3.0,0.0,5,1,1,1,3,0,1,1
199069,2273,0.0,4.0,0.0,6,1,1,1,5,0,1,0
199482,3319,0.0,5.0,0.0,17,12,7,1,16,0,1,0
199494,1081,0.0,5.0,1.0,2,1,1,1,1,0,1,0
199629,3968,0.0,4.0,0.0,3,1,1,1,2,0,1,0
199629,4326,0.0,4.0,0.0,7,1,1,1,6,0,1,0
199983,2589,0.0,4.0,1.0,7,2,2,1,6,0,1,0
199988,490,0.0,5.0,0.0,7,4,3,2,6,0,1,0
20018,1467,0.0,3.0,1.0,2,1,1,1,1,0,1,0
200358,4044,0.0,3.0,0.0,3,2,2,1,2,0,1,0
200516,1661,0.0,3.0,1.0,10,9,1,1,9,0,1,0
201109,4385,0.0,0.0,0.0,4,1,1,2,2,0,1,1
201216,1742,0.0,4.0,0.0,7,5,1,1,6,0,1,0
201372,2138,0.0,0.0,0.0,7,1,1,4,5,0,1,1
201438,4044,0.0,4.0,0.0,15,11,7,2,13,0,1,1
201763,416,0.0,5.0,0.0,19,12,4,3,16,0,1,2
201874,2821,0.0,0.0,1.0,26,9,3,1,25,0,1,0
202286,4760,0.0,3.0,1.0,9,2,2,3,7,0,2,0
202958,2565,0.0,5.0,0.0,2,1,1,2,1,0,1,0
203569,1760,0.0,3.0,0.0,11,7,1,1,9,0,2,0
203815,4240,0.0,3.0,0.0,3,1,1,1,1,0,2,0
20384,1102,0.0,5.0,0.0,33,24,8,2,31,0,2,0
20478,3954,0.0,2.0,1.0,2,1,1,2,0,0,1,1
205667,606,0.0,2.0,0.0,1,1,1,1,0,0,1,0
205858,4919,0.0,0.0,1.0,1,1,1,1,0,0,1,0
206112,4043,0.0,0.0,1.0,9,2,3,1,5,2,2,0
206563,124,0.0,5.0,1.0,6,2,1,2,5,0,1,0
207052,804,0.0,4.0,0.0,64,27,18,2,60,0,3,1
20721,4280,0.0,3.0,0.0,1,1,1,1,0,0,1,0
207802,1861,1.0,7.0,1.0,12,4,1,2,9,1,2,0
208447,962,0.0,3.0,0.0,6,1,1,1,5,0,1,0
209330,4079,0.0,3.0,2.0,9,7,1,1,8,0,1,0
209463,3475,0.0,0.0,1.0,15,6,1,7,14,0,1,0
20947,3152,1.0,3.0,1.0,17,9,1,3,12,0,1,4
209483,4504,0.0,6.0,0.0,5,1,1,1,4,0,1,0
20976,1451,0.0,6.0,0.0,4,2,1,1,2,0,2,0
209826,4043,0.0,0.0,0.0,8,2,2,4,7,0,1,0
210298,3152,0.0,3.0,0.0,8,1,1,2,6,0,1,1
21172,4067,0.0,0.0,0.0,6,2,1,1,5,0,1,0
211825,2277,0.0,2.0,0.0,3,2,1,1,2,0,1,0
212216,1618,0.0,0.0,1.0,14,8,4,2,13,0,1,0
212344,361,0.0,3.0,1.0,4,1,1,1,3,0,1,0
21245,4287,0.0,3.0,0.0,14,9,5,1,13,0,1,0
21276,2730,0.0,3.0,0.0,2,1,1,1,1,0,1,0
212826,4540,0.0,3.0,0.0,4,2,1,1,3,0,1,0
212882,4760,0.0,3.0,0.0,15,7,4,3,13,0,2,0
212979,1500,0.0,2.0,1.0,6,2,1,1,5,0,1,0
213026,63,0.0,4.0,0.0,3,2,1,1,0,0,1,2
213185,1755,0.0,3.0,1.0,4,2,1,1,3,0,1,0
214012,3794,0.0,7.0,1.0,2,1,1,1,1,0,1,0
214230,4427,0.0,2.0,1.0,25,7,4,4,20,0,3,2
214300,3609,0.0,4.0,0.0,40,11,1,4,36,0,1,3
214342,1895,0.0,2.0,0.0,17,5,1,1,16,0,1,0
214477,4584,0.0,3.0,0.0,7,1,1,1,6,0,1,0
214502,729,0.0,0.0,0.0,6,2,2,1,5,0,1,0
214600,1092,0.0,5.0,0.0,19,6,5,1,17,0,2,0
214899,4991,0.0,2.0,1.0,6,2,1,1,5,0,1,0
215003,1764,0.0,0.0,0.0,1,1,1,1,0,0,1,0
215528,4363,0.0,3.0,1.0,5,1,1,1,4,0,1,0
216027,2971,0.0,3.0,0.0,4,1,1,1,3,0,1,0
216248,1131,0.0,3.0,0.0,10,4,3,2,8,0,2,0
216415,382,0.0,3.0,1.0,3,1,1,1,2,0,1,0
216606,1393,0.0,3.0,0.0,164,108,14,7,156,0,1,7
216913,1557,0.0,3.0,1.0,16,6,5,2,14,1,1,0
217703,121,0.0,4.0,0.0,11,6,4,2,10,0,1,0
217804,215,0.0,3.0,0.0,2,1,1,1,1,0,1,0
217846,3451,0.0,3.0,1.0,59,24,2,8,55,0,1,3
218275,1131,0.0,3.0,0.0,7,3,2,1,5,0,2,0
21854,3288,0.0,6.0,0.0,1,1,1,1,0,0,1,0
218635,502,0.0,7.0,1.0,4,2,1,2,3,0,1,0
218735,542,0.0,0.0,0.0,4,2,1,1,3,0,1,0
218751,1573,1.0,4.0,1.0,6,3,1,2,5,0,1,0
218800,4718,0.0,3.0,0.0,6,1,1,2,5,0,1,0
218811,2537,0.0,3.0,0.0,5,3,3,1,3,0,2,0
218817,574,0.0,4.0,0.0,2,1,1,1,1,0,1,0
218893,1000,0.0,3.0,1.0,3,1,1,2,2,0,1,0
219,3828,0.0,4.0,0.0,9,7,7,5,8,0,1,0
219112,3585,0.0,3.0,0.0,25,4,2,8,24,0,1,0
219637,354,0.0,6.0,0.0,2,2,1,1,0,0,2,0
219712,1808,0.0,5.0,0.0,7,4,1,1,6,0,1,0
220006,606,0.0,4.0,1.0,36,23,8,4,33,1,2,0
22018,3732,0.0,4.0,0.0,4,1,1,1,3,0,1,0
22062,1884,0.0,4.0,0.0,22,4,1,4,21,0,1,0
220965,4660,0.0,2.0,0.0,4,2,1,2,2,0,1,1
220996,4196,0.0,0.0,1.0,3,1,1,1,2,0,1,0
221071,1661,0.0,6.0,0.0,2,1,1,1,1,0,1,0
221444,1379,0.0,0.0,2.0,23,17,8,1,18,0,5,0
221854,2928,0.0,3.0,1.0,74,22,3,3,70,0,2,2
222168,3828,0.0,5.0,0.0,2,2,2,2,0,0,1,1
222567,3803,0.0,0.0,0.0,9,1,1,1,7,1,1,0
222672,2905,0.0,5.0,0.0,14,1,1,2,12,0,1,1
222704,1487,0.0,4.0,0.0,31,3,1,5,27,0,3,1
222741,2318,0.0,3.0,1.0,1,1,1,1,0,0,1,0
222793,1103,0.0,0.0,0.0,2,1,1,2,0,0,1,1
222828,590,0.0,4.0,1.0,1,1,1,1,0,0,1,0
223179,3614,0.0,3.0,0.0,4,1,1,2,3,0,1,0
223364,1543,0.0,3.0,0.0,16,4,2,2,15,0,1,0
223731,2435,1.0,3.0,0.0,3,1,1,1,2,0,1,0
223980,1752,0.0,3.0,0.0,4,3,1,1,3,0,1,0
224041,2928,0.0,5.0,0.0,10,5,4,4,8,0,1,1
22417,747,0.0,3.0,0.0,4,2,1,1,3,0,1,0
224185,141,0.0,3.0,0.0,39,7,3,2,36,0,3,0
224428,4090,0.0,0.0,0.0,6,2,1,4,4,0,1,1
22479,1487,0.0,3.0,0.0,1,1,1,1,0,0,1,0
225024,586,0.0,4.0,0.0,2,1,1,1,1,0,1,0
225254,2138,0.0,2.0,0.0,11,3,3,3,10,0,1,0
225443,3476,0.0,4.0,2.0,7,3,2,1,6,0,1,0
225588,4339,0.0,3.0,0.0,2,1,1,1,1,0,1,0
226650,2721,0.0,3.0,0.0,32,16,1,2,30,0,1,1
227255,4394,0.0,3.0,2.0,13,5,1,2,10,0,3,0
227407,1472,0.0,6.0,0.0,6,3,1,1,5,0,1,0
22757,1721,0.0,0.0,0.0,25,9,4,2,21,0,2,2
228212,846,0.0,0.0,1.0,3,1,1,2,2,0,1,0
228305,4750,0.0,3.0,1.0,16,7,1,1,14,0,1,1
228366,2397,0.0,3.0,0.0,17,6,3,3,13,0,1,3
229975,639,0.0,3.0,1.0,7,1,1,1,5,0,2,0
230131,1272,0.0,6.0,0.0,7,3,2,4,6,0,1,0
230142,121,0.0,0.0,1.0,30,12,4,4,28,0,1,1
230448,4976,0.0,0.0,0.0,27,8,4,2,24,0,3,0
230831,148,0.0,3.0,1.0,1,1,1,1,0,0,1,0
230909,361,0.0,3.0,0.0,29,11,3,1,28,0,1,0
232416,3103,0.0,4.0,0.0,2,1,1,2,1,0,1,0
232509,2187,0.0,7.0,0.0,21,8,1,4,16,0,1,4
233202,1495,0.0,3.0,0.0,2,1,1,1,1,0,1,0
233235,586,0.0,3.0,0.0,66,36,5,3,64,0,2,0
233551,4750,0.0,2.0,0.0,7,1,1,2,6,0,1,0
233554,3105,0.0,6.0,0.0,13,8,2,3,12,0,1,0
23371,4659,0.0,5.0,0.0,5,5,5,1,0,0,5,0
234199,361,0.0,2.0,1.0,3,1,1,1,2,0,1,0
234316,3769,0.0,3.0,0.0,10,1,1,2,9,0,1,0
234397,1810,0.0,2.0,1.0,9,3,2,2,7,0,1,1
235250,2401,0.0,5.0,0.0,8,4,2,2,7,0,1,0
235303,4079,0.0,3.0,0.0,3,1,1,1,2,0,1,0
235403,742,0.0,4.0,0.0,5,3,3,1,4,0,1,0
235640,2277,0.0,0.0,0.0,15,3,1,4,14,0,1,0
236106,1324,0.0,6.0,0.0,7,3,2,2,6,0,1,0
236107,3319,0.0,0.0,0.0,1,1,1,1,0,0,1,0
236203,4040,0.0,null,null,17,4,4,2,13,0,3,1
236383,731,0.0,3.0,1.0,6,2,1,1,5,0,1,0
236689,4306,0.0,0.0,0.0,5,1,1,3,3,0,1,1
236901,1031,0.0,4.0,0.0,4,1,1,1,3,0,1,0
237031,3822,0.0,4.0,1.0,2,1,1,1,0,0,1,1
237058,2565,0.0,0.0,0.0,10,4,1,1,9,0,1,0
237093,4558,0.0,3.0,0.0,7,3,2,2,5,0,1,1
237729,4394,0.0,3.0,0.0,6,4,2,2,5,0,1,0
237791,2318,0.0,2.0,1.0,27,2,1,2,25,0,1,1
238203,2766,0.0,6.0,0.0,8,3,2,2,6,0,1,1
238337,3938,1.0,4.0,0.0,2,1,1,2,0,0,1,1
238769,4346,0.0,5.0,1.0,4,2,1,2,3,0,1,0
238972,4760,0.0,3.0,1.0,3,1,1,1,2,0,1,0
23905,1978,0.0,3.0,0.0,2,1,1,2,1,0,1,0
239780,1467,0.0,0.0,1.0,2,1,1,1,1,0,1,0
239892,503,0.0,5.0,2.0,9,8,3,1,8,0,1,0
239913,1678,0.0,4.0,0.0,5,1,1,1,4,0,1,0
240037,2537,1.0,6.0,0.0,2,2,2,1,0,0,1,1
241002,1301,0.0,6.0,0.0,14,3,3,2,12,0,1,1
241224,1939,0.0,3.0,0.0,3,2,1,2,2,0,1,0
241253,1833,0.0,4.0,1.0,4,2,1,1,2,0,2,0
241366,2031,0.0,6.0,1.0,1,1,1,1,0,0,1,0
241378,2876,0.0,2.0,0.0,1,1,1,1,0,0,1,0
241461,4173,0.0,3.0,0.0,23,2,2,2,22,0,1,0
241876,1810,0.0,6.0,0.0,3,1,1,1,2,0,1,0
242112,2242,0.0,5.0,0.0,104,35,11,14,89,0,5,10
242150,3578,0.0,4.0,0.0,7,3,1,1,6,0,1,0
242167,574,0.0,3.0,2.0,7,4,2,1,6,0,1,0
242514,1552,0.0,0.0,0.0,1,1,1,1,0,0,1,0
242597,1472,0.0,0.0,0.0,10,1,1,3,8,0,1,1
24261,1359,0.0,4.0,0.0,5,3,1,1,4,0,1,0
242829,574,0.0,4.0,1.0,9,5,1,2,8,0,1,0
242941,3006,0.0,3.0,1.0,2,1,1,1,1,0,1,0
243091,1964,0.0,2.0,0.0,13,5,3,3,11,1,1,0
243137,4265,0.0,3.0,0.0,17,5,5,3,14,0,1,2
243632,492,0.0,2.0,0.0,2,1,1,1,1,0,1,0
244035,4605,1.0,0.0,1.0,14,5,1,2,13,0,1,0
244644,3271,0.0,4.0,2.0,3,1,1,1,2,0,1,0
245621,1412,0.0,6.0,0.0,22,6,2,1,21,0,1,0
245887,3350,0.0,4.0,0.0,6,2,1,1,5,0,1,0
246127,3236,0.0,3.0,1.0,22,10,1,1,21,0,1,0
246778,2273,0.0,4.0,1.0,3,3,1,2,2,0,1,0
247048,4966,0.0,2.0,0.0,10,5,3,1,7,0,3,0
247181,1679,0.0,3.0,1.0,11,7,3,4,10,0,1,0
247550,3650,0.0,4.0,1.0,8,4,2,1,7,0,1,0
247731,4826,0.0,3.0,0.0,7,4,2,1,5,0,2,0
248200,3990,0.0,5.0,0.0,20,9,4,2,19,0,1,0
248326,2281,0.0,0.0,1.0,4,1,1,1,2,0,1,1
248558,4992,0.0,4.0,0.0,8,1,1,1,7,0,1,0
2488,1346,1.0,4.0,0.0,10,8,1,4,9,0,1,0
249159,3828,0.0,3.0,0.0,16,6,4,4,15,0,1,0
249578,1861,0.0,0.0,0.0,8,1,1,2,6,1,1,0
250128,3828,0.0,3.0,0.0,24,5,3,7,21,0,1,2
250167,4454,0.0,3.0,1.0,10,3,1,2,8,0,1,1
250362,4450,0.0,5.0,0.0,7,2,2,1,5,0,2,0
250465,3471,0.0,4.0,0.0,3,1,1,1,2,0,1,0
250575,1679,0.0,5.0,1.0,8,2,1,1,7,0,1,0
250773,3609,0.0,0.0,0.0,2,1,1,1,0,0,1,1
250989,1760,0.0,4.0,1.0,12,5,1,1,10,0,2,0
251488,293,0.0,3.0,0.0,4,1,1,1,3,0,1,0
252195,4966,0.0,3.0,0.0,5,1,1,1,4,0,1,0
25234,2403,0.0,4.0,0.0,15,8,2,3,10,0,2,3
252760,4966,0.0,5.0,1.0,7,3,3,1,4,0,3,0
252850,685,0.0,5.0,0.0,6,1,1,4,4,0,1,1
252923,2403,0.0,4.0,1.0,5,2,1,1,4,0,1,0
253087,976,0.0,2.0,1.0,4,2,2,1,3,0,1,0
253430,962,0.0,2.0,2.0,2,1,1,1,0,0,1,1
253514,2482,0.0,2.0,1.0,1,1,1,1,0,0,1,0
25385,2565,0.0,5.0,1.0,2,1,1,1,1,0,1,0
254373,152,0.0,6.0,0.0,1,1,1,1,0,0,1,0
25451,2429,0.0,null,null,7,1,1,1,6,0,1,0
254573,3734,0.0,3.0,1.0,14,4,4,5,13,0,1,0
255154,2545,0.0,2.0,0.0,9,1,1,2,8,0,1,0
255372,2403,0.0,3.0,1.0,1,1,1,1,0,0,1,0
255661,296,0.0,4.0,0.0,2,1,1,1,1,0,1,0
255681,361,0.0,0.0,0.0,7,3,1,1,6,0,1,0
256354,2403,0.0,4.0,0.0,73,37,4,4,68,2,1,2
256543,642,0.0,4.0,0.0,7,1,1,3,5,0,1,1
256914,1693,1.0,4.0,0.0,8,3,2,1,6,0,1,1
257652,1877,0.0,4.0,0.0,2,1,1,1,1,0,1,0
257764,1677,0.0,4.0,1.0,8,5,3,2,7,0,1,0
257888,3410,0.0,0.0,0.0,3,1,1,1,2,0,1,0
258332,3085,1.0,5.0,0.0,11,7,2,2,10,0,1,0
258691,4775,0.0,6.0,0.0,10,8,3,2,9,0,1,0
25891,2639,0.0,0.0,2.0,5,3,2,1,4,0,1,0
259916,203,0.0,6.0,0.0,4,2,2,1,3,0,1,0
259929,2582,0.0,4.0,0.0,6,1,1,1,5,0,1,0
260131,1190,0.0,0.0,1.0,2,2,2,1,0,0,2,0
260288,2828,0.0,0.0,0.0,8,3,2,2,7,0,1,0
260300,2173,0.0,3.0,0.0,25,7,4,2,20,0,5,0
260999,2799,1.0,3.0,0.0,56,41,4,6,54,0,2,0
261951,3979,0.0,2.0,0.0,3,1,1,2,2,0,1,0
262704,4760,0.0,3.0,1.0,7,4,3,3,6,0,1,0
262770,3593,0.0,0.0,0.0,1,1,1,1,0,0,1,0
262892,3578,0.0,4.0,1.0,13,7,3,3,11,0,2,0
263127,962,0.0,2.0,0.0,5,3,2,1,4,0,1,0
263408,4294,0.0,5.0,1.0,4,1,1,1,3,0,1,0
263562,1226,0.0,3.0,0.0,3,1,1,1,2,0,1,0
263666,423,1.0,2.0,0.0,1,1,1,1,0,0,1,0
263836,4277,0.0,3.0,1.0,7,2,2,1,6,0,1,0
264378,4044,0.0,0.0,1.0,121,45,8,11,111,0,1,9
264406,798,0.0,3.0,0.0,1,1,1,1,0,0,1,0
264455,2138,0.0,6.0,0.0,4,1,1,1,3,0,1,0
264513,1557,0.0,5.0,1.0,5,1,1,3,3,1,1,0
26466,1216,0.0,0.0,1.0,5,2,1,1,4,0,1,0
264736,1272,0.0,0.0,0.0,2,1,1,1,1,0,1,0
267033,2864,0.0,6.0,1.0,11,4,1,1,10,0,1,0
267640,323,0.0,5.0,1.0,6,3,1,1,5,0,1,0
268057,730,0.0,4.0,2.0,7,4,3,2,4,0,3,0
268230,1049,0.0,5.0,0.0,6,1,1,3,5,0,1,0
268385,2278,0.0,4.0,1.0,6,2,1,1,4,0,2,0
26847,2721,0.0,0.0,0.0,46,23,1,3,44,0,2,0
268541,1102,0.0,3.0,0.0,6,3,1,1,5,0,1,0
269086,1470,0.0,4.0,0.0,4,2,1,1,2,0,1,1
269240,503,0.0,0.0,0.0,3,1,1,1,2,0,1,0
269425,4659,0.0,2.0,0.0,27,9,3,3,24,0,3,0
27027,361,0.0,3.0,0.0,9,3,1,1,7,0,1,1
271637,2653,0.0,4.0,0.0,6,5,1,1,4,0,2,0
271720,2313,0.0,4.0,1.0,1,1,1,1,0,0,1,0
272415,4659,0.0,5.0,0.0,13,3,1,4,10,0,2,1
272639,586,0.0,4.0,1.0,34,17,4,1,32,0,2,0
272887,4519,0.0,0.0,0.0,5,1,1,2,4,0,1,0
272931,239,0.0,6.0,0.0,3,1,1,1,2,0,1,0
27300,437,0.0,0.0,0.0,2,1,1,2,1,0,1,0
273219,1115,0.0,0.0,0.0,8,5,2,1,7,0,1,0
273410,1692,0.0,2.0,0.0,5,1,1,1,4,0,1,0
273423,3419,0.0,0.0,0.0,20,3,3,1,17,0,1,2
27352,1640,0.0,3.0,1.0,12,3,2,1,10,0,2,0
273902,2099,0.0,2.0,1.0,10,1,1,1,9,0,1,0
274039,786,0.0,3.0,0.0,11,8,4,1,9,0,2,0
274054,3828,0.0,6.0,1.0,25,12,5,5,24,0,1,0
274069,1742,1.0,3.0,0.0,8,2,1,2,6,1,1,0
274434,786,0.0,2.0,0.0,23,15,4,2,22,0,1,0
275074,145,0.0,6.0,2.0,3,1,1,2,2,0,1,0
275120,2277,0.0,0.0,0.0,5,2,1,2,4,0,1,0
275302,3163,0.0,0.0,0.0,3,2,2,2,2,0,1,0
276007,3148,0.0,0.0,0.0,7,2,2,1,5,0,1,1
276214,4871,0.0,3.0,0.0,3,1,1,1,2,0,1,0
276228,2281,0.0,3.0,0.0,6,2,2,1,5,0,1,0
27638,3477,0.0,0.0,0.0,9,2,2,2,7,1,1,0
2766,3885,0.0,4.0,1.0,1,1,1,1,0,0,1,0
276786,1884,0.0,0.0,0.0,14,12,2,1,13,0,1,0
276975,3944,0.0,5.0,1.0,13,3,2,1,9,0,4,0
276983,4178,0.0,2.0,0.0,3,1,1,1,2,0,1,0
277035,4282,0.0,3.0,1.0,89,39,9,15,80,0,1,8
277271,1067,0.0,5.0,0.0,29,9,2,5,27,0,1,1
277990,1272,0.0,0.0,0.0,11,4,2,3,9,0,2,0
278029,1878,0.0,7.0,1.0,1,1,1,1,0,0,1,0
278081,3835,0.0,5.0,0.0,10,2,1,4,9,0,1,0
278081,4337,1.0,5.0,0.0,4,3,1,1,3,0,1,0
278241,3268,0.0,5.0,1.0,1,1,1,1,0,0,1,0
278270,4864,0.0,6.0,0.0,7,3,3,2,5,0,2,0
278452,1956,0.0,2.0,1.0,1,1,1,1,0,0,1,0
278505,588,0.0,3.0,0.0,3,2,1,1,2,0,1,0
279106,547,0.0,6.0,0.0,2,2,1,1,1,0,1,0
280005,1494,0.0,0.0,0.0,6,2,1,2,5,0,1,0
280395,1077,0.0,0.0,1.0,4,3,2,2,3,0,1,0
281192,2397,0.0,5.0,1.0,14,4,2,2,11,0,3,0
281483,3734,1.0,5.0,0.0,2,2,2,1,0,0,2,0
281507,758,0.0,3.0,1.0,7,4,2,3,6,0,1,0
281674,2459,0.0,3.0,1.0,20,3,1,2,19,0,1,0
282286,415,0.0,5.0,1.0,2,1,1,1,1,0,1,0
282822,4744,0.0,6.0,1.0,24,9,2,3,21,0,3,0
283212,4048,0.0,0.0,0.0,8,1,1,2,6,0,2,0
283498,3628,0.0,3.0,0.0,5,3,1,1,4,0,1,0
283856,897,0.0,4.0,0.0,3,1,1,2,2,0,1,0
284077,3968,0.0,3.0,0.0,1,1,1,1,0,0,1,0
284131,3419,0.0,0.0,0.0,2,1,1,1,1,0,1,0
284372,4079,0.0,4.0,0.0,12,6,3,1,9,0,3,0
284408,4793,0.0,0.0,0.0,6,2,1,1,5,0,1,0
284425,2928,1.0,5.0,0.0,24,12,3,1,22,0,2,0
2848,500,0.0,5.0,0.0,1,1,1,1,0,0,1,0
285051,361,0.0,5.0,2.0,16,9,3,1,13,0,1,2
285372,145,0.0,2.0,0.0,3,2,2,2,2,0,1,0
285944,3163,0.0,3.0,1.0,5,1,1,2,2,0,1,2
285947,730,0.0,2.0,0.0,23,15,2,7,5,0,2,16
286346,4394,1.0,0.0,0.0,15,6,1,5,12,0,2,1
286640,2303,0.0,4.0,2.0,14,1,1,1,13,0,1,0
287230,4760,0.0,3.0,1.0,7,2,1,1,6,0,1,0
287957,4540,0.0,3.0,1.0,2,1,1,1,1,0,1,0
287995,4005,0.0,0.0,0.0,4,3,1,1,3,0,1,0
288295,868,0.0,0.0,1.0,11,3,1,1,8,0,3,0
288349,1650,0.0,4.0,0.0,4,1,1,1,3,0,1,0
288430,2915,0.0,3.0,2.0,5,4,2,1,4,0,1,0
288793,1275,0.0,0.0,0.0,4,1,1,1,3,0,1,0
289022,3433,0.0,4.0,0.0,4,1,1,1,3,0,1,0
289380,2567,0.0,3.0,0.0,3,1,1,1,2,0,1,0
289426,4765,0.0,0.0,0.0,3,1,1,1,2,0,1,0
289751,3225,0.0,0.0,1.0,2,1,1,1,1,0,1,0
290073,2158,0.0,0.0,0.0,2,1,1,1,1,0,1,0
290535,606,0.0,5.0,0.0,13,7,3,1,12,0,1,0
290842,416,0.0,4.0,0.0,3,1,1,2,2,0,1,0
291024,121,1.0,6.0,0.0,8,4,2,2,5,0,3,0
291124,4044,0.0,2.0,0.0,5,2,1,1,4,0,1,0
291505,121,0.0,5.0,0.0,6,5,4,1,1,0,5,0
291614,2482,0.0,2.0,0.0,1,1,1,1,0,0,1,0
2921,1246,0.0,3.0,0.0,22,3,2,10,19,0,1,2
29247,4071,0.0,0.0,0.0,5,2,1,2,4,0,1,0
292630,1377,0.0,5.0,1.0,25,7,2,1,24,0,1,0
293108,2138,0.0,2.0,0.0,1,1,1,1,0,0,1,0
293344,1096,0.0,7.0,1.0,6,1,1,2,5,0,1,0
293735,3578,0.0,5.0,0.0,7,4,1,1,5,0,2,0
293844,1683,0.0,0.0,null,1,1,1,1,0,0,1,0
293864,2459,0.0,4.0,0.0,9,2,2,6,7,0,1,1
294693,2403,0.0,3.0,0.0,8,4,1,1,7,0,1,0
294875,3839,0.0,4.0,0.0,2,1,1,1,1,0,1,0
29517,1963,0.0,3.0,0.0,42,23,3,2,41,0,1,0
295260,3365,0.0,2.0,0.0,7,1,1,1,6,0,1,0
295420,323,0.0,3.0,1.0,2,1,1,1,1,0,1,0
295485,4044,0.0,2.0,0.0,29,27,5,2,28,0,1,0
295870,4966,0.0,3.0,0.0,5,3,3,1,4,0,1,0
295927,4173,0.0,3.0,0.0,18,5,3,2,16,0,2,0
295952,685,0.0,4.0,1.0,5,2,1,2,3,0,1,1
296010,3630,0.0,0.0,0.0,11,4,1,2,10,0,1,0
296153,586,0.0,5.0,0.0,39,20,3,2,37,0,2,0
296227,1346,0.0,6.0,0.0,3,1,1,1,2,0,1,0
29645,1271,0.0,3.0,0.0,3,2,2,2,2,0,1,0
296492,2278,0.0,0.0,0.0,7,2,2,1,6,0,1,0
29665,416,0.0,6.0,1.0,7,5,1,1,6,0,1,0
297012,2473,0.0,0.0,1.0,2,1,1,2,0,0,1,1
297561,4607,0.0,4.0,0.0,16,4,1,6,15,0,1,0
297896,2537,0.0,0.0,0.0,2,1,1,1,1,0,1,0
297925,3734,0.0,3.0,2.0,4,1,1,1,3,0,1,0
297948,2821,0.0,4.0,1.0,18,9,4,3,17,0,1,0
298095,1346,0.0,4.0,0.0,4,2,1,1,3,0,1,0
298105,4636,0.0,4.0,0.0,4,1,1,1,3,0,1,0
298127,2273,0.0,3.0,1.0,25,6,1,3,23,0,1,1
298278,574,0.0,5.0,1.0,2,1,1,1,1,0,1,0
29847,1618,0.0,2.0,1.0,7,5,1,1,5,0,2,0
298553,4933,0.0,4.0,0.0,34,8,1,4,32,0,2,0
298588,2693,0.0,0.0,1.0,1,1,1,1,0,0,1,0
298642,3828,0.0,3.0,0.0,29,13,6,5,20,0,1,8
298765,3873,0.0,7.0,1.0,19,8,2,2,17,0,1,1
29878,2221,0.0,3.0,0.0,4,1,1,1,3,0,1,0
298841,3609,0.0,3.0,0.0,11,2,1,2,9,0,1,1
299047,2545,0.0,3.0,2.0,2,2,1,1,0,0,2,0
299185,3607,0.0,0.0,0.0,3,2,2,1,2,0,1,0
299352,4394,0.0,4.0,0.0,7,2,1,1,5,0,1,1
299450,4325,0.0,5.0,1.0,3,1,1,1,2,0,1,0
299529,3822,0.0,2.0,0.0,6,1,1,2,5,0,1,0
299613,3588,0.0,0.0,0.0,2,1,1,1,1,0,1,0
300085,2184,0.0,3.0,0.0,10,5,4,3,0,0,8,2
300147,4015,0.0,4.0,1.0,21,5,3,2,19,1,1,0
300459,1115,0.0,2.0,0.0,13,3,1,1,11,0,1,1
300981,1512,0.0,4.0,0.0,7,6,1,1,0,0,5,2
301006,3351,0.0,0.0,0.0,1,1,1,1,0,0,1,0
301110,1892,0.0,3.0,1.0,21,6,2,3,18,0,3,0
301439,4742,0.0,3.0,0.0,1,1,1,1,0,0,1,0
301552,3350,0.0,0.0,0.0,5,2,1,1,4,0,1,0
301652,1500,0.0,5.0,0.0,7,1,1,3,5,1,1,0
301845,817,0.0,4.0,0.0,4,1,1,2,3,0,1,0
301993,361,0.0,0.0,0.0,10,4,3,2,8,0,1,1
302120,3982,0.0,2.0,1.0,13,1,1,3,11,0,1,1
302556,2981,0.0,3.0,null,1,1,1,1,0,0,1,0
302580,1659,0.0,0.0,0.0,11,3,1,2,10,0,1,0
302839,4163,0.0,6.0,0.0,5,2,1,2,4,0,1,0
303212,3876,0.0,0.0,0.0,2,1,1,1,1,0,1,0
303692,2124,0.0,7.0,0.0,7,3,1,3,5,0,1,1
303717,107,0.0,2.0,1.0,5,1,1,2,4,0,1,0
303844,474,0.0,0.0,1.0,3,1,1,2,2,0,1,0
303890,927,0.0,5.0,0.0,4,1,1,1,3,0,1,0
304137,4499,0.0,6.0,0.0,3,1,1,1,2,0,1,0
304283,3163,1.0,3.0,0.0,1,1,1,1,0,0,1,0
304471,4658,0.0,5.0,0.0,3,2,1,1,2,0,1,0
304618,4049,0.0,3.0,0.0,10,5,2,4,8,0,1,1
305031,3163,0.0,3.0,0.0,4,1,1,1,3,0,1,0
305775,1056,0.0,3.0,0.0,9,4,3,1,8,0,1,0
306142,1453,0.0,0.0,0.0,9,7,1,1,8,0,1,0
306221,1916,0.0,6.0,1.0,4,2,1,1,3,0,1,0
306494,2936,0.0,5.0,1.0,2,1,1,1,1,0,1,0
306526,502,0.0,4.0,1.0,4,2,1,1,2,0,2,0
307846,1102,0.0,3.0,1.0,106,35,6,7,100,0,4,2
308729,2020,0.0,2.0,0.0,1,1,1,1,0,0,1,0
308734,1679,0.0,4.0,0.0,1,1,1,1,0,0,1,0
308843,2721,0.0,5.0,0.0,3,1,1,1,2,0,1,0
309088,2465,0.0,3.0,1.0,12,5,2,1,10,0,2,0
309384,588,1.0,3.0,0.0,3,1,1,1,2,0,1,0
309566,4760,0.0,5.0,0.0,1,1,1,1,0,0,1,0
310235,4042,0.0,4.0,1.0,4,1,1,1,2,0,2,0
310287,4850,0.0,0.0,0.0,10,2,2,1,8,0,2,0
310795,1500,0.0,6.0,1.0,3,1,1,1,2,0,1,0
311209,4919,0.0,5.0,1.0,4,2,1,1,3,0,1,0
311257,4992,1.0,3.0,1.0,8,4,1,1,7,0,1,0
311301,729,0.0,0.0,0.0,6,3,3,2,4,1,1,0
311831,3586,0.0,0.0,1.0,10,5,2,2,9,0,1,0
312441,4463,0.0,0.0,0.0,3,1,1,1,2,0,1,0
312581,3623,0.0,0.0,0.0,13,1,1,1,11,0,2,0
312599,653,0.0,4.0,1.0,10,4,3,2,9,0,1,0
312777,4044,0.0,0.0,0.0,12,5,2,2,11,0,1,0
312842,4523,0.0,4.0,0.0,14,6,2,1,10,0,4,0
31306,4540,0.0,0.0,0.0,1,1,1,1,0,0,1,0
313088,2634,0.0,6.0,0.0,3,1,1,1,2,0,1,0
313301,4966,0.0,5.0,0.0,7,5,1,1,6,0,1,0
313371,4325,0.0,0.0,2.0,28,5,3,1,26,0,2,0
313577,2014,0.0,3.0,0.0,12,4,1,1,11,0,1,0
313604,722,0.0,5.0,1.0,17,5,1,4,13,0,2,2
314390,1133,0.0,2.0,0.0,3,1,1,1,2,0,1,0
314617,4762,0.0,5.0,1.0,3,1,1,1,2,0,1,0
315198,977,0.0,0.0,0.0,6,3,1,1,5,0,1,0
31534,2824,0.0,5.0,0.0,5,1,1,1,4,0,1,0
315348,962,0.0,3.0,0.0,15,11,4,4,14,0,1,0
315380,132,0.0,2.0,1.0,17,5,2,4,14,0,1,2
315478,4044,0.0,0.0,0.0,24,8,3,2,23,0,1,0
315941,4234,0.0,0.0,1.0,5,3,2,3,4,0,1,0
316371,2821,0.0,0.0,0.0,1,1,1,1,0,0,1,0
316405,1332,1.0,4.0,1.0,9,3,1,4,8,0,1,0
316767,4374,0.0,0.0,0.0,20,5,2,1,19,0,1,0
317014,951,0.0,6.0,0.0,3,1,1,3,2,0,1,0
317496,4427,0.0,3.0,1.0,13,3,2,3,11,0,1,1
317674,588,0.0,3.0,1.0,6,1,1,1,5,0,1,0
317728,1193,0.0,4.0,0.0,6,1,1,2,4,0,1,1
318419,608,0.0,0.0,0.0,33,8,2,3,31,0,2,0
318525,2066,0.0,3.0,0.0,14,3,1,4,13,0,1,0
318732,1878,0.0,4.0,0.0,5,1,1,1,3,0,2,0
319027,731,0.0,0.0,0.0,3,1,1,1,2,0,1,0
31908,926,0.0,3.0,1.0,4,2,2,1,2,0,2,0
319116,13,0.0,2.0,1.0,12,2,1,1,11,0,1,0
319678,685,0.0,6.0,0.0,5,1,1,1,3,0,1,1
319802,3284,0.0,3.0,1.0,4,1,1,1,3,0,1,0
319971,606,0.0,3.0,0.0,24,11,4,1,19,0,1,4
320549,941,0.0,4.0,0.0,5,1,1,1,4,0,1,0
321864,1437,0.0,7.0,0.0,1,1,1,1,0,0,1,0
321935,3609,0.0,0.0,0.0,6,2,1,1,5,0,1,0
322126,1978,0.0,3.0,0.0,6,2,1,1,4,0,2,0
322603,2824,0.0,4.0,1.0,12,7,2,1,11,0,1,0
32291,2217,0.0,6.0,0.0,5,3,1,2,4,0,1,0
32322,1978,0.0,3.0,0.0,11,3,1,1,10,0,1,0
323295,3473,0.0,4.0,0.0,8,3,2,1,7,0,1,0
323583,1618,1.0,5.0,0.0,16,10,4,5,15,0,1,0
323658,1892,0.0,3.0,0.0,32,14,8,1,31,0,1,0
324141,685,0.0,5.0,1.0,21,9,3,9,20,0,1,0
324164,1854,0.0,2.0,0.0,8,2,1,3,7,0,1,0
324407,1769,0.0,3.0,2.0,4,2,1,2,3,0,1,0
324920,2102,0.0,0.0,0.0,5,2,2,2,3,0,1,1
325083,742,0.0,4.0,0.0,2,1,1,1,1,0,1,0
325375,3968,0.0,2.0,0.0,4,1,1,2,3,0,1,0
325431,2397,0.0,3.0,0.0,22,11,3,3,19,0,2,1
325512,2928,0.0,6.0,1.0,13,1,1,2,11,0,2,0
32562,1892,0.0,4.0,0.0,3,3,3,2,1,0,2,0
325669,2217,0.0,5.0,1.0,7,2,1,2,6,0,1,0
325842,4835,0.0,2.0,1.0,4,1,1,1,3,0,1,0
326010,2026,0.0,3.0,1.0,2,1,1,1,1,0,1,0
326677,1393,1.0,5.0,0.0,39,27,5,4,38,0,1,0
32676,4234,1.0,3.0,1.0,52,8,3,7,50,0,2,0
327275,3378,0.0,2.0,2.0,23,7,3,2,22,0,1,0
327676,4173,0.0,2.0,0.0,1,1,1,1,0,0,1,0
327758,2441,0.0,0.0,0.0,3,1,1,2,2,0,1,0
328284,1522,0.0,3.0,0.0,2,1,1,1,1,0,1,0
328699,4771,0.0,0.0,0.0,6,3,3,1,3,0,3,0
328714,1512,0.0,3.0,0.0,26,3,1,3,25,0,1,0
329315,1761,0.0,4.0,0.0,11,4,1,2,10,0,1,0
329332,3291,0.0,3.0,0.0,3,1,1,1,2,0,1,0
330162,2193,0.0,2.0,0.0,6,2,2,3,4,0,1,1
330683,4585,0.0,3.0,1.0,4,1,1,2,3,0,1,0
330915,682,0.0,2.0,0.0,9,6,1,4,8,0,1,0
331596,4488,0.0,3.0,0.0,31,15,4,10,29,0,2,0
331629,4847,0.0,3.0,0.0,7,5,1,2,5,0,1,1
331684,4765,0.0,7.0,1.0,3,1,1,1,2,0,1,0
332683,2014,0.0,0.0,1.0,17,8,1,3,16,0,1,0
333306,4363,0.0,2.0,1.0,1,1,1,1,0,0,1,0
33370,3828,0.0,6.0,0.0,10,6,6,2,9,0,1,0
334002,2699,1.0,5.0,0.0,7,3,2,3,6,0,1,0
334254,4708,0.0,4.0,0.0,12,4,3,2,11,0,1,0
334318,4940,0.0,4.0,0.0,22,13,2,2,21,0,1,0
335480,4044,0.0,4.0,0.0,14,6,1,2,13,0,1,0
335536,3451,0.0,6.0,0.0,3,1,1,2,1,0,1,1
3359,4090,0.0,2.0,0.0,8,3,2,3,7,0,1,0
336014,1485,0.0,3.0,0.0,3,2,1,2,0,0,1,2
336222,1547,0.0,2.0,0.0,4,2,2,1,3,0,1,0
337255,145,0.0,0.0,1.0,3,2,1,1,2,0,1,0
337363,2954,0.0,5.0,0.0,1,1,1,1,0,0,1,0
337500,1820,0.0,3.0,0.0,3,1,1,3,0,2,1,0
338000,323,0.0,3.0,1.0,1,1,1,1,0,0,1,0
338061,2669,0.0,3.0,0.0,3,2,1,1,2,0,1,0
338283,4426,0.0,3.0,null,10,4,2,2,9,0,1,0
338333,2255,1.0,2.0,0.0,4,1,1,1,2,0,1,1
338342,297,0.0,4.0,0.0,3,1,1,1,2,0,1,0
338540,4474,0.0,2.0,0.0,1,1,1,1,0,0,1,0
338613,1742,0.0,0.0,0.0,17,1,1,2,16,0,1,0
340091,3650,0.0,3.0,1.0,11,3,2,1,10,0,1,0
340157,962,0.0,4.0,1.0,4,2,1,1,3,0,1,0
340353,1760,0.0,5.0,0.0,12,7,1,2,6,0,6,0
340515,4219,0.0,5.0,1.0,19,10,1,1,18,0,1,0
340794,1749,0.0,4.0,0.0,11,5,3,2,8,0,2,1
341027,3466,0.0,2.0,0.0,1,1,1,1,0,0,1,0
341085,2173,0.0,6.0,1.0,3,2,1,1,2,0,1,0
341226,3462,0.0,5.0,0.0,5,1,1,1,4,0,1,0
341295,4015,0.0,0.0,0.0,14,2,2,3,10,2,2,0
342581,3588,0.0,3.0,1.0,6,3,1,1,4,0,2,0
343488,647,0.0,3.0,0.0,3,1,1,2,2,0,1,0
343841,1708,0.0,0.0,0.0,5,2,1,1,4,0,1,0
344447,1978,0.0,2.0,1.0,6,2,1,3,5,0,1,0
344900,2273,0.0,3.0,0.0,7,3,1,3,6,0,1,0
344999,63,0.0,3.0,0.0,11,5,4,2,10,0,1,0
345486,2313,0.0,4.0,2.0,2,1,1,1,1,0,1,0
345566,4444,0.0,6.0,1.0,8,6,3,1,6,0,2,0
345799,1393,0.0,0.0,0.0,13,3,2,4,11,0,1,1
346194,141,0.0,3.0,0.0,25,3,1,2,23,0,1,1
346411,798,0.0,4.0,0.0,6,4,3,1,3,0,3,0
34694,1470,0.0,3.0,0.0,14,2,1,1,13,0,1,0
34723,4659,0.0,3.0,0.0,9,5,5,2,7,0,2,0
348163,2193,0.0,6.0,1.0,3,1,1,1,2,0,1,0
348288,1346,0.0,4.0,0.0,5,2,1,1,4,0,1,0
348432,361,0.0,3.0,1.0,5,3,1,1,4,0,1,0
34852,653,0.0,0.0,1.0,2,1,1,1,1,0,1,0
34857,3965,0.0,3.0,0.0,2,1,1,2,0,0,1,1
348946,141,0.0,4.0,0.0,9,5,3,1,7,0,2,0
349205,2313,0.0,3.0,1.0,8,3,2,1,7,0,1,0
349500,382,0.0,3.0,0.0,1,1,1,1,0,0,1,0
349555,1096,0.0,4.0,0.0,5,2,1,1,4,0,1,0
349649,4764,0.0,3.0,0.0,15,4,2,4,12,0,1,2
34977,3954,0.0,0.0,1.0,1,1,1,1,0,0,1,0
349876,908,0.0,3.0,1.0,13,2,1,1,11,0,1,1
349954,1056,0.0,4.0,2.0,2,1,1,2,1,0,1,0
350178,812,0.0,2.0,2.0,7,1,1,3,6,0,1,0
350417,621,0.0,3.0,1.0,2,1,1,1,1,0,1,0
352000,2928,0.0,4.0,0.0,11,4,3,2,10,0,1,0
352430,472,0.0,3.0,1.0,9,3,1,2,7,0,1,1
35247,4558,0.0,2.0,0.0,3,1,1,2,2,0,1,0
352637,3773,0.0,0.0,1.0,5,1,1,1,4,0,1,0
353073,4932,0.0,4.0,0.0,3,1,1,1,2,0,1,0
353086,4658,0.0,2.0,1.0,2,1,1,1,1,0,1,0
353280,2608,0.0,3.0,1.0,5,1,1,1,4,0,1,0
353303,3586,0.0,5.0,1.0,10,5,3,4,9,0,1,0
35359,4282,0.0,3.0,0.0,4,4,3,1,0,0,4,0
353757,798,0.0,3.0,2.0,4,3,2,1,0,0,1,3
353787,1071,0.0,3.0,0.0,1,1,1,1,0,0,1,0
354042,1683,0.0,0.0,1.0,1,1,1,1,0,0,1,0
354076,4209,0.0,0.0,0.0,7,2,2,2,5,0,2,0
354175,2565,0.0,0.0,1.0,4,2,1,1,2,0,2,0
354358,3893,0.0,6.0,0.0,8,4,1,2,7,0,1,0
355107,402,0.0,7.0,0.0,13,8,1,1,12,0,1,0
355332,3624,0.0,3.0,2.0,10,6,2,2,8,0,2,0
355768,4131,0.0,0.0,0.0,2,1,1,2,1,0,1,0
356041,1999,0.0,0.0,0.0,5,4,1,3,3,0,1,1
356398,4976,0.0,0.0,0.0,2,1,1,2,0,0,1,1
356587,3091,0.0,4.0,2.0,9,2,1,1,8,0,1,0
356909,4336,0.0,0.0,0.0,4,2,1,1,3,0,1,0
357094,3022,0.0,3.0,1.0,29,17,6,1,26,0,3,0
3571,3545,0.0,0.0,0.0,5,2,1,1,4,0,1,0
357184,1150,0.0,5.0,0.0,3,1,1,1,2,0,1,0
357234,2167,0.0,0.0,0.0,1,1,1,1,0,0,1,0
357485,1854,0.0,4.0,2.0,8,4,1,3,7,0,1,0
357572,1133,0.0,3.0,1.0,5,2,1,2,4,0,1,0
357764,4282,0.0,3.0,1.0,32,13,7,8,30,0,2,0
358021,4044,0.0,6.0,0.0,22,4,4,2,17,0,3,2
358382,2283,0.0,2.0,0.0,22,8,4,5,17,0,1,4
358454,3152,0.0,3.0,0.0,2,1,1,1,1,0,1,0
360524,1892,0.0,0.0,0.0,25,11,7,4,23,0,2,0
360545,3650,0.0,0.0,0.0,4,1,1,1,3,0,1,0
360556,643,0.0,3.0,1.0,1,1,1,1,0,0,1,0
361670,4408,0.0,5.0,1.0,1,1,1,1,0,0,1,0
361757,2397,0.0,4.0,0.0,48,16,5,4,47,0,1,0
362010,4554,0.0,5.0,0.0,2,1,1,1,1,0,1,0
362401,3578,0.0,3.0,0.0,52,13,3,3,46,0,4,2
363266,1425,0.0,2.0,1.0,7,2,1,1,6,0,1,0
363612,2872,0.0,4.0,1.0,2,1,1,1,1,0,1,0
363878,1274,1.0,4.0,0.0,11,8,8,2,9,0,1,1
364253,2639,1.0,0.0,0.0,17,11,4,2,16,0,1,0
364328,2905,0.0,5.0,0.0,3,1,1,1,2,0,1,0
36446,3578,0.0,3.0,0.0,2,1,1,1,0,0,1,1
364591,4377,0.0,4.0,1.0,2,1,1,2,1,0,1,0
364668,3898,0.0,3.0,0.0,3,1,1,1,2,0,1,0
365031,4876,0.0,3.0,0.0,16,3,1,3,14,0,1,1
365662,3971,0.0,3.0,0.0,7,1,1,1,6,0,1,0
366301,361,0.0,6.0,0.0,4,1,1,2,1,1,1,1
366615,4101,0.0,0.0,1.0,7,2,1,2,6,0,1,0
366903,4076,0.0,0.0,0.0,9,2,2,2,8,0,1,0
366917,2454,0.0,0.0,0.0,9,6,5,1,6,0,3,0
366970,3462,0.0,0.0,0.0,2,1,1,2,0,0,1,1
367550,1923,0.0,4.0,1.0,8,4,2,1,6,0,2,0
367846,1203,0.0,0.0,0.0,5,3,2,4,4,0,1,0
368484,4034,0.0,3.0,0.0,6,4,2,1,5,0,1,0
368655,1679,0.0,3.0,0.0,7,1,1,1,6,0,1,0
368657,1618,0.0,4.0,0.0,4,1,1,2,3,0,1,0
36919,323,0.0,3.0,0.0,3,1,1,1,2,0,1,0
369353,1495,1.0,0.0,0.0,14,8,2,4,10,0,1,3
370354,2629,0.0,4.0,1.0,2,1,1,2,0,0,1,1
370460,3826,0.0,3.0,1.0,1,1,1,1,0,0,1,0
370490,2810,0.0,4.0,0.0,7,1,1,1,5,0,1,1
370651,4871,0.0,0.0,1.0,1,1,1,1,0,0,1,0
370956,798,0.0,5.0,0.0,6,5,4,3,4,0,2,0
371266,4722,0.0,7.0,1.0,5,1,1,1,4,0,1,0
37146,191,0.0,3.0,0.0,1,1,1,1,0,0,1,0
371999,742,0.0,4.0,0.0,4,2,2,1,3,0,1,0
372016,4219,0.0,0.0,0.0,8,5,1,1,7,0,1,0
372070,3022,0.0,3.0,0.0,5,4,1,2,4,0,1,0
372544,2318,0.0,6.0,1.0,11,3,1,3,8,0,1,2
372832,3016,1.0,3.0,1.0,10,6,4,2,9,0,1,0
372951,1501,0.0,5.0,0.0,6,3,3,2,5,0,1,0
373424,3529,0.0,0.0,0.0,6,2,1,2,4,0,1,1
373532,3484,0.0,4.0,0.0,6,1,1,2,5,0,1,0
374217,3159,0.0,3.0,1.0,16,4,3,1,14,0,2,0
374460,1102,0.0,6.0,0.0,121,37,3,12,120,0,1,0
374525,1019,0.0,3.0,0.0,5,2,2,2,3,0,2,0
375047,1412,0.0,3.0,0.0,6,1,1,1,5,0,1,0
375586,2278,1.0,2.0,0.0,8,4,4,5,6,0,1,1
375637,474,0.0,4.0,0.0,4,1,1,1,3,0,1,0
376075,3941,0.0,4.0,0.0,2,1,1,2,0,0,1,1
376510,2026,0.0,2.0,1.0,1,1,1,1,0,0,1,0
37677,3826,0.0,2.0,1.0,1,1,1,1,0,0,1,0
377646,1861,1.0,6.0,0.0,5,2,1,1,3,0,2,0
37784,3462,0.0,2.0,1.0,9,4,1,4,6,0,1,2
377885,1501,0.0,2.0,0.0,40,19,5,4,22,0,1,17
378733,4173,0.0,3.0,1.0,14,2,2,2,12,1,1,0
378973,1923,0.0,4.0,1.0,1,1,1,1,0,0,1,0
379212,2746,0.0,0.0,0.0,6,2,1,1,5,0,1,0
379442,3734,0.0,2.0,0.0,11,3,1,2,10,0,1,0
379592,257,0.0,0.0,0.0,3,1,1,2,2,0,1,0
381342,977,0.0,6.0,0.0,1,1,1,1,0,0,1,0
382177,2020,0.0,4.0,1.0,2,1,1,1,1,0,1,0
382382,2579,0.0,0.0,0.0,2,1,1,1,1,0,1,0
382691,2981,0.0,0.0,0.0,13,7,3,8,9,0,1,3
382956,1831,0.0,6.0,0.0,3,1,1,1,2,0,1,0
384011,1720,0.0,0.0,1.0,6,1,1,3,5,0,1,0
384216,2832,0.0,4.0,1.0,3,1,1,2,2,0,1,0
385533,4249,0.0,2.0,0.0,1,1,1,1,0,0,1,0
385547,1557,0.0,4.0,1.0,10,2,1,1,8,0,2,0
385714,4043,0.0,0.0,0.0,17,8,5,1,16,0,1,0
385987,4607,0.0,5.0,1.0,5,2,1,1,4,0,1,0
386095,2128,0.0,2.0,0.0,3,1,1,3,1,0,1,1
386184,4374,0.0,2.0,1.0,2,1,1,1,1,0,1,0
386356,1031,0.0,5.0,0.0,20,10,1,4,17,0,1,2
386413,4137,1.0,0.0,0.0,8,1,1,1,6,0,1,1
38659,515,0.0,3.0,0.0,11,8,4,3,10,0,1,0
38675,4647,0.0,4.0,1.0,7,3,1,3,6,0,1,0
386837,3614,0.0,4.0,0.0,14,5,3,1,11,0,3,0
387151,1923,0.0,0.0,0.0,2,1,1,1,1,0,1,0
387984,416,0.0,0.0,2.0,9,7,4,1,8,0,1,0
388007,2566,0.0,6.0,0.0,3,1,1,1,2,0,1,0
388275,121,0.0,4.0,0.0,11,7,4,2,10,0,1,0
388440,4049,1.0,0.0,0.0,4,2,2,1,2,0,2,0
388742,606,0.0,4.0,1.0,3,1,1,1,2,0,1,0
389328,1489,0.0,0.0,1.0,1,1,1,1,0,0,1,0
389497,1978,0.0,3.0,1.0,73,30,4,1,71,0,2,0
389774,2396,0.0,0.0,0.0,1,1,1,1,0,0,1,0
390126,4871,0.0,4.0,0.0,8,6,2,1,7,0,1,0
390137,949,1.0,2.0,1.0,148,34,5,5,138,0,9,1
390191,4642,0.0,2.0,0.0,6,3,2,2,3,0,3,0
390324,1619,0.0,4.0,1.0,2,1,1,1,1,0,1,0
390477,20,0.0,0.0,0.0,3,2,1,2,1,0,2,0
390625,3536,0.0,3.0,0.0,2,1,1,1,1,0,1,0
390666,3635,0.0,7.0,1.0,52,12,1,7,47,0,1,4
390880,2273,0.0,5.0,0.0,5,4,1,1,4,0,1,0
390915,4173,0.0,3.0,0.0,1,1,1,1,0,0,1,0
390986,3765,0.0,0.0,0.0,16,6,2,3,14,0,1,1
39194,3734,0.0,2.0,1.0,1,1,1,1,0,0,1,0
392134,1861,0.0,4.0,0.0,14,4,2,1,8,0,6,0
392820,4992,0.0,0.0,0.0,2,1,1,1,1,0,1,0
392902,586,0.0,4.0,0.0,7,4,3,1,6,0,1,0
393166,3545,0.0,3.0,0.0,1,1,1,1,0,0,1,0
393287,1370,0.0,4.0,2.0,1,1,1,1,0,0,1,0
393732,2915,0.0,4.0,0.0,21,8,2,2,20,0,1,0
393755,1843,0.0,3.0,0.0,14,6,3,5,12,0,2,0
39401,2051,0.0,6.0,0.0,3,1,1,1,2,0,1,0
394393,3291,0.0,3.0,1.0,2,1,1,1,1,0,1,0
394423,412,1.0,null,null,111,34,7,4,109,0,2,0
394890,2138,0.0,4.0,0.0,4,2,2,1,3,0,1,0
394939,1964,0.0,3.0,0.0,46,24,11,9,40,0,5,1
394983,1557,0.0,4.0,null,24,6,3,3,20,2,2,0
395016,2482,0.0,2.0,0.0,8,2,2,2,6,0,1,1
395085,1840,0.0,5.0,0.0,5,1,1,1,4,0,1,0
395272,4950,0.0,3.0,0.0,3,1,1,1,2,0,1,0
395586,3472,0.0,3.0,1.0,1,1,1,1,0,0,1,0
396412,3828,0.0,0.0,0.0,7,3,1,2,5,1,1,0
396658,4729,0.0,3.0,0.0,3,2,2,1,2,0,1,0
397357,3191,1.0,2.0,0.0,11,9,4,1,10,0,1,0
397697,63,0.0,4.0,1.0,9,1,1,4,8,0,1,0
398203,4186,0.0,3.0,0.0,5,4,1,3,0,0,1,4
398313,1131,0.0,3.0,0.0,11,5,2,2,10,0,1,0
398968,4120,0.0,5.0,1.0,3,1,1,2,2,0,1,0
399457,4048,0.0,0.0,1.0,4,4,1,1,0,0,2,2
399463,1833,0.0,4.0,0.0,18,12,1,2,17,0,1,0
399515,4976,0.0,2.0,0.0,41,27,10,3,31,0,1,9
399580,1916,0.0,0.0,0.0,19,8,1,3,14,0,5,0
399601,3105,0.0,3.0,1.0,16,4,2,2,15,0,1,0
399717,4173,0.0,4.0,0.0,20,10,6,5,19,0,1,0
400172,310,0.0,6.0,0.0,7,2,1,1,4,0,1,2
400705,2592,0.0,3.0,0.0,13,2,1,3,11,0,1,1
400822,1963,0.0,4.0,0.0,2,1,1,1,1,0,1,0
401131,2972,0.0,2.0,1.0,6,1,1,2,5,0,1,0
401225,2273,0.0,6.0,0.0,11,3,1,2,10,0,1,0
401733,4605,1.0,2.0,0.0,1,1,1,1,0,0,1,0
402295,42,0.0,7.0,0.0,4,3,1,2,3,0,1,0
402390,1618,0.0,6.0,0.0,47,13,2,10,45,0,1,1
402741,1501,0.0,0.0,0.0,7,4,1,2,6,0,1,0
402939,1643,0.0,2.0,0.0,28,2,1,4,26,0,1,1
403151,4605,0.0,2.0,1.0,9,5,4,3,8,0,1,0
403279,3828,0.0,4.0,0.0,8,2,2,2,7,0,1,0
403483,4042,0.0,0.0,0.0,4,1,1,1,3,0,1,0
403505,3898,0.0,0.0,0.0,3,1,1,1,2,0,1,0
403628,2939,0.0,6.0,0.0,11,2,1,1,10,0,1,0
403811,1487,0.0,3.0,0.0,24,4,1,6,23,0,1,0
403911,4336,0.0,3.0,0.0,4,1,1,1,3,0,1,0
403921,1602,0.0,3.0,0.0,1,1,1,1,0,0,1,0
403934,2780,0.0,0.0,0.0,12,3,1,1,11,0,1,0
403966,3562,0.0,5.0,0.0,19,3,2,3,18,0,1,0
403971,1090,0.0,6.0,1.0,18,7,3,3,15,0,1,2
404102,4811,0.0,6.0,0.0,6,2,2,2,5,0,1,0
40453,1262,0.0,0.0,0.0,2,1,1,1,1,0,1,0
404729,1500,0.0,6.0,1.0,9,3,1,2,8,0,1,0
405940,3163,0.0,0.0,0.0,1,1,1,1,0,0,1,0
406425,3727,0.0,0.0,0.0,9,2,1,5,8,0,1,0
406533,2447,0.0,2.0,1.0,3,2,1,1,2,0,1,0
406591,1272,0.0,0.0,0.0,29,2,1,2,27,0,1,1
407282,1840,0.0,null,null,7,2,1,1,5,0,2,0
407286,4729,0.0,5.0,0.0,14,9,2,3,12,0,2,0
407455,4847,1.0,4.0,0.0,50,29,7,16,49,0,1,0
407730,2669,0.0,0.0,0.0,8,3,1,2,7,0,1,0
408199,1890,0.0,6.0,0.0,23,13,2,2,22,0,1,0
40870,3938,0.0,3.0,1.0,2,1,1,1,1,0,1,0
409317,3474,0.0,7.0,0.0,3,1,1,1,2,0,1,0
409348,3990,0.0,5.0,0.0,3,1,1,1,2,0,1,0
40942,2403,0.0,4.0,0.0,2,2,1,1,0,0,2,0
409457,4760,0.0,3.0,0.0,5,3,1,2,4,0,1,0
410164,649,0.0,0.0,0.0,32,14,3,3,29,0,2,1
410204,4860,1.0,4.0,0.0,8,1,1,2,6,0,2,0
410345,222,0.0,5.0,0.0,62,16,2,3,54,0,3,5
410416,2047,0.0,0.0,2.0,5,3,2,2,4,0,1,0
410547,2145,0.0,5.0,0.0,1,1,1,1,0,0,1,0
412164,2810,0.0,3.0,0.0,7,2,1,1,6,0,1,0
412245,102,0.0,3.0,1.0,7,2,2,1,6,0,1,0
412333,598,0.0,3.0,0.0,3,1,1,2,1,0,1,1
412379,1187,0.0,8.0,1.0,14,4,3,3,13,0,1,0
41291,4394,0.0,7.0,0.0,10,2,2,3,8,0,2,0
413647,685,0.0,5.0,0.0,9,2,2,2,7,0,2,0
413685,2537,0.0,5.0,0.0,4,1,1,1,3,0,1,0
413862,2052,0.0,3.0,1.0,2,1,1,2,0,0,1,1
414153,191,0.0,4.0,0.0,3,2,2,1,2,0,1,0
414828,1384,0.0,0.0,0.0,3,1,1,1,2,0,1,0
415231,467,0.0,0.0,0.0,3,2,2,2,2,0,1,0
415559,1816,0.0,null,null,2,1,1,1,0,0,1,1
415589,4145,0.0,6.0,1.0,2,1,1,1,1,0,1,0
415938,3022,0.0,3.0,1.0,4,1,1,1,3,0,1,0
41633,3828,0.0,3.0,0.0,56,31,8,5,54,0,2,0
416477,3444,0.0,6.0,1.0,2,1,1,1,1,0,1,0
417268,2403,0.0,4.0,0.0,34,24,2,1,30,0,4,0
418876,977,0.0,6.0,0.0,2,1,1,1,1,0,1,0
419000,946,0.0,4.0,0.0,3,2,1,2,2,0,1,0
419311,3689,0.0,3.0,0.0,8,4,2,2,6,0,2,0
419712,1102,0.0,4.0,0.0,1,1,1,1,0,0,1,0
420013,598,0.0,6.0,0.0,7,1,1,2,5,0,1,1
420363,2014,0.0,6.0,0.0,11,4,2,2,10,0,1,0
420437,3126,0.0,0.0,0.0,5,1,1,1,4,0,1,0
420621,1407,0.0,3.0,1.0,4,1,1,1,3,0,1,0
421266,3476,0.0,4.0,0.0,4,3,3,1,1,0,3,0
421548,429,0.0,4.0,1.0,2,1,1,2,0,0,1,1
421640,4110,1.0,2.0,1.0,2,1,1,1,1,0,1,0
421683,3828,1.0,5.0,0.0,30,15,5,4,28,0,2,0
422446,1102,0.0,3.0,0.0,13,7,4,2,11,0,1,1
4225,606,0.0,4.0,0.0,1,1,1,1,0,0,1,0
423150,1890,0.0,6.0,0.0,14,8,1,1,13,0,1,0
423815,72,0.0,3.0,0.0,9,3,1,3,7,0,1,1
423871,685,0.0,0.0,0.0,16,8,2,1,15,0,1,0
424018,1760,0.0,0.0,0.0,14,5,1,1,13,0,1,0
4281,2022,0.0,0.0,1.0,7,2,1,3,6,0,1,0
43203,3623,0.0,0.0,0.0,25,16,3,2,19,0,1,5
43350,3727,0.0,2.0,0.0,5,2,1,1,3,0,1,1
43638,1056,0.0,4.0,1.0,21,10,6,6,20,0,1,0
43723,630,0.0,5.0,0.0,1,1,1,1,0,0,1,0
43930,3080,0.0,4.0,1.0,1,1,1,1,0,0,1,0
44144,2149,0.0,0.0,1.0,7,1,1,2,5,0,1,1
45707,2030,0.0,3.0,0.0,2,1,1,1,1,0,1,0
45760,798,0.0,0.0,0.0,13,7,4,1,12,0,1,0
45768,1875,0.0,6.0,0.0,35,22,6,1,33,0,2,0
45828,1429,0.0,4.0,1.0,8,4,1,1,7,0,1,0
45898,845,0.0,2.0,0.0,2,1,1,1,1,0,1,0
45992,963,0.0,8.0,1.0,6,1,1,2,5,0,1,0
45995,1270,0.0,3.0,1.0,2,1,1,1,1,0,1,0
46174,4499,0.0,2.0,0.0,1,1,1,1,0,0,1,0
46382,715,0.0,0.0,0.0,2,2,1,1,0,0,2,0
46555,1963,0.0,4.0,0.0,7,1,1,1,6,0,1,0
46615,141,1.0,2.0,0.0,66,29,13,1,62,0,4,0
46628,4659,0.0,4.0,0.0,6,1,1,1,5,0,1,0
46675,4044,0.0,3.0,0.0,13,4,3,2,12,0,1,0
47430,3531,0.0,3.0,0.0,7,2,2,2,5,0,1,1
47533,3288,0.0,0.0,0.0,3,1,1,1,2,0,1,0
47700,1062,0.0,3.0,1.0,7,2,1,1,6,0,1,0
48065,603,0.0,3.0,0.0,6,2,2,1,5,0,1,0
49175,3685,0.0,0.0,0.0,11,3,1,1,10,0,1,0
49419,423,0.0,2.0,1.0,1,1,1,1,0,0,1,0
49499,2436,0.0,3.0,0.0,34,13,9,4,31,0,3,0
49733,4306,1.0,0.0,0.0,5,1,1,2,4,0,1,0
49802,4648,0.0,3.0,1.0,2,1,1,1,1,0,1,0
50181,2269,0.0,6.0,0.0,1,1,1,1,0,0,1,0
50233,4406,0.0,6.0,0.0,3,1,1,1,2,0,1,0
50435,4744,0.0,0.0,1.0,6,1,1,2,4,0,2,0
50508,2447,0.0,5.0,0.0,2,1,1,1,1,0,1,0
50526,1056,0.0,3.0,0.0,4,3,1,2,3,0,1,0
50580,4976,0.0,3.0,1.0,7,3,1,1,5,0,2,0
50597,474,0.0,0.0,0.0,8,1,1,2,6,0,1,1
51056,3545,0.0,2.0,1.0,3,1,1,1,2,0,1,0
51255,2775,0.0,4.0,1.0,3,1,1,1,2,0,1,0
5139,4044,0.0,2.0,0.0,3,1,1,1,2,0,1,0
51503,4417,0.0,0.0,0.0,3,1,1,1,2,0,1,0
51711,13,0.0,6.0,0.0,2,1,1,1,1,0,1,0
52204,4747,0.0,2.0,0.0,2,1,1,1,1,0,1,0
53214,3809,0.0,7.0,1.0,7,1,1,1,6,0,1,0
54041,1890,0.0,4.0,1.0,15,4,2,4,14,0,1,0
54187,308,0.0,4.0,0.0,27,12,3,5,25,0,2,0
54233,4171,0.0,5.0,0.0,8,1,1,2,6,0,1,1
54827,2045,0.0,3.0,1.0,28,6,1,5,25,0,1,2
54999,4966,0.0,3.0,0.0,3,1,1,2,1,0,1,1
5509,1200,0.0,0.0,null,9,2,2,2,7,0,2,0
55730,4394,0.0,0.0,0.0,8,1,1,2,6,0,2,0
56264,1019,0.0,5.0,1.0,17,4,1,2,14,0,3,0
56345,1884,0.0,3.0,1.0,5,2,1,2,4,0,1,0
56395,3819,0.0,0.0,0.0,5,1,1,1,4,0,1,0
56555,215,0.0,0.0,0.0,2,2,1,2,1,0,1,0
56676,598,0.0,3.0,0.0,7,3,2,1,6,0,1,0
5679,3484,0.0,4.0,1.0,28,9,3,4,25,0,1,2
56873,3689,0.0,3.0,1.0,4,2,1,1,3,0,1,0
57174,145,0.0,2.0,1.0,8,3,1,3,6,0,1,1
57473,215,0.0,3.0,1.0,60,23,6,2,56,0,4,0
57855,2051,0.0,5.0,2.0,3,1,1,2,2,0,1,0
57947,4504,0.0,null,null,6,3,1,2,5,0,1,0
58421,4731,0.0,0.0,0.0,50,24,3,3,48,0,2,0
58833,4221,0.0,3.0,0.0,7,4,2,1,4,0,3,0
59031,1704,0.0,2.0,0.0,1,1,1,1,0,0,1,0
59314,3205,0.0,0.0,0.0,1,1,1,1,0,0,1,0
59767,1340,0.0,0.0,0.0,3,1,1,1,2,0,1,0
59891,3361,0.0,2.0,1.0,65,8,3,3,62,0,1,2
60426,4919,0.0,4.0,0.0,8,6,2,1,7,0,1,0
60600,2217,0.0,2.0,0.0,18,5,1,2,17,0,1,0
60637,1892,0.0,4.0,0.0,13,5,3,1,9,0,4,0
61024,588,0.0,2.0,1.0,4,1,1,1,3,0,1,0
61292,366,1.0,0.0,0.0,8,2,2,3,7,0,1,0
61374,588,0.0,3.0,0.0,9,1,1,2,7,0,2,0
61392,2594,0.0,3.0,0.0,47,18,4,2,44,0,1,2
61740,4265,0.0,0.0,0.0,2,1,1,1,1,0,1,0
61961,351,0.0,2.0,0.0,4,1,1,1,3,0,1,0
63193,4536,1.0,0.0,1.0,10,4,2,2,9,0,1,0
63335,2721,0.0,6.0,0.0,7,2,1,3,6,0,1,0
63432,3990,0.0,5.0,0.0,4,2,2,1,3,0,1,0
63739,2193,0.0,0.0,0.0,30,12,4,1,29,0,1,0
64177,2597,0.0,3.0,0.0,10,3,1,3,7,0,1,2
6421,4143,0.0,0.0,1.0,15,3,3,2,11,0,3,1
64508,1835,0.0,0.0,0.0,8,6,2,1,7,0,1,0
65525,1890,0.0,3.0,1.0,31,14,5,4,28,2,1,0
65723,3173,0.0,3.0,1.0,1,1,1,1,0,0,1,0
65786,2273,0.0,5.0,0.0,5,1,1,1,4,0,1,0
66625,2928,0.0,3.0,0.0,19,7,2,1,18,0,1,0
6682,26,0.0,4.0,0.0,9,4,2,1,8,0,1,0
66820,2952,0.0,6.0,0.0,2,1,1,1,1,0,1,0
67076,4540,0.0,3.0,2.0,6,3,1,2,5,0,1,0
67915,436,0.0,0.0,0.0,20,5,1,9,17,0,1,2
6796,4385,0.0,6.0,0.0,14,9,2,5,13,0,1,0
68183,2872,0.0,5.0,2.0,16,7,3,6,10,0,1,5
68437,897,0.0,0.0,0.0,4,2,1,1,3,0,1,0
68514,2537,0.0,3.0,0.0,12,8,4,2,11,0,1,0
68769,4765,0.0,3.0,0.0,9,1,1,2,7,0,2,0
69026,1948,0.0,4.0,0.0,7,3,2,2,6,0,1,0
69088,1878,0.0,3.0,0.0,6,1,1,1,4,1,1,0
69306,1470,0.0,5.0,1.0,6,2,1,1,5,0,1,0
69795,4894,0.0,2.0,0.0,8,1,1,1,7,0,1,0
69879,4044,0.0,4.0,1.0,15,2,2,1,13,0,2,0
70106,423,0.0,3.0,0.0,7,3,1,1,6,0,1,0
70603,3826,0.0,0.0,0.0,1,1,1,1,0,0,1,0
70696,4048,0.0,0.0,0.0,4,1,1,2,2,0,1,1
71646,2935,0.0,2.0,0.0,9,1,1,1,8,0,1,0
72163,1500,0.0,5.0,1.0,16,6,4,1,12,0,4,0
72291,2128,0.0,2.0,0.0,2,1,1,2,1,0,1,0
7250,4504,0.0,2.0,0.0,5,2,1,1,4,0,1,0
72707,4659,0.0,3.0,0.0,6,3,2,1,4,0,2,0
72994,3578,0.0,6.0,0.0,6,4,1,2,5,0,1,0
73009,1487,0.0,4.0,null,6,1,1,1,5,0,1,0
73016,1875,0.0,4.0,0.0,1,1,1,1,0,0,1,0
73102,2579,0.0,4.0,1.0,4,2,1,1,3,0,1,0
73161,2397,0.0,0.0,0.0,11,3,2,2,9,0,2,0
74152,310,0.0,3.0,0.0,7,2,1,1,5,0,2,0
7423,2954,0.0,0.0,0.0,1,1,1,1,0,0,1,0
74682,1190,1.0,2.0,1.0,20,11,5,2,15,0,5,0
74894,3005,0.0,5.0,0.0,1,1,1,1,0,0,1,0
74937,1724,0.0,6.0,0.0,1,1,1,1,0,0,1,0
7497,191,0.0,0.0,0.0,7,2,2,1,6,0,1,0
75027,1760,0.0,5.0,0.0,25,11,1,3,21,1,2,1
75369,1840,0.0,5.0,0.0,11,2,1,3,10,0,1,0
75380,4405,0.0,0.0,1.0,13,8,4,2,12,0,1,0
7590,3609,0.0,6.0,0.0,3,1,1,1,2,0,1,0
7610,4480,0.0,4.0,0.0,9,4,2,2,8,0,1,0
76651,598,0.0,3.0,1.0,16,4,3,1,14,1,1,0
76699,3971,0.0,2.0,1.0,8,1,1,2,7,0,1,0
7672,1116,0.0,3.0,0.0,5,2,1,2,4,0,1,0
77168,2450,0.0,6.0,0.0,13,4,1,1,11,0,1,1
77418,226,1.0,5.0,1.0,3,1,1,1,2,0,1,0
77453,1667,0.0,3.0,1.0,7,3,3,1,4,0,2,1
77500,1077,0.0,0.0,0.0,5,2,1,1,4,0,1,0
77549,2313,0.0,3.0,0.0,4,3,2,1,3,0,1,0
77555,4485,0.0,0.0,0.0,5,1,1,4,3,0,1,1
7761,4787,0.0,2.0,0.0,4,1,1,1,3,0,1,0
77652,3734,0.0,0.0,null,19,10,4,2,16,0,3,0
77781,2793,0.0,3.0,1.0,7,2,2,1,6,0,1,0
77863,2594,0.0,4.0,0.0,32,18,6,8,30,0,1,1
78159,3614,0.0,3.0,0.0,1,1,1,1,0,0,1,0
78511,1162,0.0,0.0,0.0,11,7,4,2,8,0,3,0
78564,1116,0.0,5.0,0.0,9,2,1,2,6,0,1,2
79451,3095,0.0,3.0,1.0,1,1,1,1,0,0,1,0
79715,2447,0.0,0.0,0.0,6,3,1,1,5,0,1,0
79917,1084,0.0,4.0,1.0,8,1,1,1,7,0,1,0
80233,4968,0.0,0.0,0.0,3,1,1,2,2,0,1,0
8064,1425,0.0,0.0,0.0,2,1,1,1,1,0,1,0
80696,2995,0.0,4.0,0.0,13,4,1,2,12,0,1,0
80970,946,0.0,5.0,0.0,26,12,3,2,21,0,1,4
81243,2954,1.0,0.0,2.0,8,2,2,1,7,0,1,0
81337,4818,0.0,4.0,1.0,17,10,5,2,15,1,1,0
81484,574,0.0,3.0,0.0,9,4,1,1,8,0,1,0
81788,594,0.0,0.0,0.0,2,1,1,1,1,0,1,0
82217,4417,0.0,2.0,1.0,6,3,2,1,5,0,1,0
82279,3086,0.0,2.0,1.0,1,1,1,1,0,0,1,0
82315,503,1.0,4.0,0.0,38,7,2,7,34,0,2,2
82524,1500,0.0,4.0,1.0,3,1,1,1,2,0,1,0
82609,1399,0.0,4.0,1.0,26,10,3,1,25,0,1,0
82629,2286,0.0,5.0,0.0,38,9,1,9,36,0,1,1
82834,3986,0.0,0.0,1.0,4,1,1,1,3,0,1,0
82924,1425,1.0,4.0,2.0,3,2,1,2,2,0,1,0
83057,3881,1.0,3.0,0.0,9,7,2,1,7,0,2,0
83227,2278,0.0,2.0,0.0,2,1,1,1,1,0,1,0
83353,474,1.0,5.0,0.0,2,2,2,1,0,0,2,0
83452,148,0.0,4.0,1.0,2,1,1,1,1,0,1,0
83689,4073,0.0,2.0,1.0,10,2,2,2,9,0,1,0
84631,598,1.0,3.0,1.0,6,6,3,3,5,0,1,0
85189,569,0.0,2.0,1.0,6,1,1,1,5,0,1,0
86011,4976,1.0,4.0,0.0,27,9,3,9,22,0,2,3
86163,3541,0.0,6.0,1.0,4,1,1,2,3,0,1,0
86451,474,0.0,3.0,2.0,2,1,1,2,0,0,1,1
86487,1310,0.0,0.0,0.0,4,3,2,2,3,0,1,0
86936,1502,0.0,4.0,2.0,4,2,1,1,3,0,1,0
87758,2066,0.0,2.0,0.0,5,2,1,1,4,0,1,0
88108,3291,0.0,4.0,0.0,13,1,1,2,12,0,1,0
88149,2537,0.0,2.0,0.0,10,4,2,2,9,0,1,0
88523,2562,0.0,4.0,2.0,3,1,1,1,2,0,1,0
88836,2699,1.0,5.0,0.0,10,7,3,2,8,0,2,0
88860,4966,0.0,0.0,0.0,2,2,2,1,0,0,2,0
89324,1495,0.0,5.0,0.0,1,1,1,1,0,0,1,0
89365,4976,0.0,0.0,0.0,8,3,1,2,6,0,1,1
89553,3205,0.0,5.0,2.0,2,1,1,1,1,0,1,0
89596,4463,0.0,5.0,0.0,5,2,1,3,4,0,1,0
8998,1841,0.0,3.0,0.0,1,1,1,1,0,0,1,0
9091,3472,0.0,2.0,1.0,3,2,2,1,2,0,1,0
91138,4079,0.0,3.0,0.0,1,1,1,1,0,0,1,0
92233,2303,0.0,5.0,0.0,12,5,1,2,7,0,1,4
92240,4708,0.0,4.0,0.0,9,2,2,3,7,0,1,1
9319,1470,0.0,3.0,0.0,1,1,1,1,0,0,1,0
93341,4542,0.0,0.0,0.0,8,1,1,4,7,0,1,0
93557,1900,0.0,4.0,0.0,22,3,2,1,21,0,1,0
93618,3671,1.0,5.0,0.0,20,12,5,3,19,0,1,0
93805,4356,0.0,3.0,1.0,6,2,1,1,3,0,3,0
94003,3163,0.0,2.0,1.0,8,2,1,1,3,0,5,0
94422,3022,0.0,3.0,1.0,3,1,1,1,2,0,1,0
95626,3826,0.0,3.0,1.0,21,1,1,1,20,0,1,0
95715,2821,0.0,3.0,0.0,2,1,1,1,1,0,1,0
95805,962,0.0,0.0,0.0,24,11,3,2,21,0,2,1
95854,1875,1.0,5.0,1.0,199,66,10,19,190,0,7,2
95966,1353,0.0,3.0,0.0,2,1,1,2,1,0,1,0
96115,310,0.0,2.0,1.0,5,1,1,1,4,0,1,0
96279,3016,0.0,4.0,0.0,30,23,8,4,27,0,2,1
96616,4659,0.0,4.0,0.0,11,7,5,2,8,0,3,0
96760,1487,0.0,4.0,0.0,4,2,1,1,3,0,1,0
96824,2537,0.0,6.0,0.0,4,3,2,1,3,0,1,0
96831,4173,0.0,4.0,0.0,12,5,3,2,11,0,1,0
96940,1742,0.0,3.0,0.0,1,1,1,1,0,0,1,0
97113,416,0.0,4.0,0.0,15,8,4,3,12,0,2,1
97305,4282,0.0,2.0,1.0,1,1,1,1,0,0,1,0
97634,1768,0.0,5.0,1.0,1,1,1,1,0,0,1,0
97644,2821,0.0,3.0,2.0,2,2,1,2,1,0,1,0
97693,1102,0.0,3.0,0.0,7,6,1,2,6,0,1,0
97725,4491,0.0,4.0,0.0,5,2,1,1,3,0,2,0
97906,1910,0.0,0.0,1.0,2,1,1,1,1,0,1,0
97955,2435,0.0,3.0,0.0,1,1,1,1,0,0,1,0
98117,3990,0.0,2.0,0.0,25,4,2,8,24,0,1,0
98413,2664,0.0,7.0,0.0,2,1,1,1,1,0,1,0
98464,4170,0.0,5.0,0.0,5,2,1,1,1,0,4,0
991,4150,0.0,0.0,0.0,9,4,1,2,6,0,1,2
99192,2597,0.0,0.0,0.0,14,3,1,2,11,0,1,2
99993,4605,0.0,6.0,1.0,4,2,1,1,3,0,1,0
