100036,4618,0.0,4.0,0.0,11,1,1,1,3,0,8,0
100198,4071,0.0,0.0,0.0,12,1,1,2,10,0,1,1
100792,1102,0.0,3.0,0.0,31,13,6,5,28,0,2,1
100974,1628,0.0,3.0,1.0,1,1,1,1,0,0,1,0
101082,1310,0.0,0.0,0.0,9,4,3,3,8,0,1,0
101265,3912,0.0,3.0,1.0,2,1,1,1,1,0,1,0
101446,1102,0.0,2.0,1.0,34,9,2,1,30,0,1,3
101876,1890,0.0,3.0,0.0,7,3,1,4,3,0,1,3
102070,4585,1.0,3.0,1.0,2,1,1,1,1,0,1,0
102294,2856,0.0,0.0,0.0,3,1,1,2,2,0,1,0
102881,3350,0.0,4.0,0.0,3,1,1,1,2,0,1,0
10298,1833,0.0,3.0,1.0,8,7,1,2,7,0,1,0
103711,1500,0.0,4.0,0.0,12,4,2,3,11,0,1,0
104502,2454,0.0,0.0,0.0,5,1,1,1,4,0,1,0
105100,2928,0.0,5.0,1.0,79,42,8,6,75,0,1,3
106371,437,0.0,0.0,0.0,7,4,1,1,6,0,1,0
106430,3350,0.0,5.0,1.0,2,1,1,1,1,0,1,0
106877,3310,0.0,0.0,0.0,3,1,1,2,2,0,1,0
106961,835,0.0,3.0,0.0,3,2,1,1,2,0,1,0
10727,460,0.0,0.0,0.0,5,1,1,2,3,0,1,1
107355,4745,0.0,3.0,1.0,11,3,1,1,9,0,2,0
107535,1724,0.0,0.0,0.0,14,3,2,3,13,0,1,0
107590,246,0.0,5.0,0.0,7,2,1,1,5,0,2,0
107624,2124,0.0,4.0,0.0,16,12,1,2,14,0,1,1
107639,3230,0.0,5.0,1.0,3,1,1,1,2,0,1,0
107735,2108,0.0,3.0,1.0,3,1,1,2,2,0,1,0
108268,654,0.0,3.0,1.0,30,15,5,2,27,0,3,0
108380,914,0.0,3.0,0.0,1,1,1,1,0,0,1,0
108778,66,0.0,4.0,0.0,2,1,1,1,1,0,1,0
108982,2173,0.0,0.0,0.0,35,13,2,5,34,0,1,0
109045,2099,0.0,0.0,0.0,6,3,2,1,4,0,2,0
109339,3571,0.0,0.0,0.0,5,2,1,2,3,0,2,0
109420,4858,0.0,0.0,0.0,7,2,1,1,5,0,2,0
109976,798,0.0,3.0,0.0,2,1,1,1,1,0,1,0
110003,598,0.0,3.0,0.0,19,2,1,1,18,0,1,0
110564,1643,0.0,0.0,0.0,6,2,1,1,5,0,1,0
110927,2936,0.0,2.0,1.0,2,1,1,1,1,0,1,0
111480,4818,0.0,2.0,1.0,5,2,2,3,3,0,1,1
11196,1470,0.0,0.0,0.0,5,1,1,1,4,0,1,0
112119,4926,0.0,3.0,0.0,1,1,1,1,0,0,1,0
112290,3167,0.0,0.0,1.0,8,1,1,1,7,0,1,0
11259,2711,0.0,4.0,0.0,29,11,2,2,26,0,1,2
112709,361,0.0,0.0,0.0,6,3,2,2,3,0,1,2
112771,323,0.0,2.0,1.0,23,5,1,3,21,0,2,0
112908,1582,0.0,4.0,0.0,5,1,1,1,4,0,1,0
113258,2569,0.0,0.0,0.0,1,1,1,1,0,0,1,0
113321,1056,0.0,8.0,0.0,7,6,4,2,2,0,4,1
114242,4955,0.0,0.0,1.0,29,10,5,1,23,0,6,0
114725,1963,0.0,4.0,0.0,9,2,1,2,8,0,1,0
114929,293,0.0,3.0,0.0,15,5,1,2,13,0,2,0
115220,4911,0.0,2.0,0.0,7,4,2,1,6,0,1,0
11524,358,0.0,null,null,9,1,1,2,8,0,1,0
115715,3983,0.0,3.0,1.0,3,1,1,1,2,0,1,0
115882,653,0.0,0.0,1.0,9,2,2,2,7,0,1,1
116266,2060,0.0,2.0,0.0,5,1,1,1,4,0,1,0
116600,3986,0.0,3.0,0.0,8,3,1,1,7,0,1,0
116623,4173,0.0,0.0,0.0,3,1,1,2,2,0,1,0
116860,588,0.0,0.0,0.0,1,1,1,1,0,0,1,0
117259,3623,0.0,2.0,0.0,5,1,1,1,4,0,1,0
117401,747,0.0,2.0,0.0,5,1,1,1,4,0,1,0
117660,4864,0.0,5.0,0.0,20,9,4,2,17,0,3,0
117824,1405,0.0,3.0,1.0,2,1,1,1,1,0,1,0
117860,4760,0.0,2.0,1.0,14,4,3,4,13,0,1,0
118034,2954,0.0,4.0,0.0,9,7,7,2,8,0,1,0
118133,4484,0.0,0.0,0.0,3,1,1,1,2,0,1,0
118211,423,0.0,3.0,1.0,1,1,1,1,0,0,1,0
118247,1437,0.0,0.0,0.0,1,1,1,1,0,0,1,0
118643,1310,0.0,2.0,0.0,5,1,1,1,4,0,1,0
118679,1725,0.0,0.0,0.0,3,1,1,1,2,0,1,0
118807,1574,0.0,4.0,0.0,2,1,1,1,1,0,1,0
118897,4043,0.0,3.0,0.0,2,1,1,1,1,0,1,0
11899,4760,0.0,3.0,1.0,10,3,1,1,9,0,1,0
119265,4388,0.0,4.0,1.0,4,1,1,1,3,0,1,0
120299,2217,0.0,4.0,0.0,10,2,1,2,8,0,1,1
120739,861,0.0,3.0,0.0,10,5,1,4,7,0,1,2
120930,2432,1.0,4.0,0.0,14,10,7,2,12,0,2,0
120931,4043,0.0,3.0,0.0,10,5,2,1,8,0,2,0
121661,2776,0.0,2.0,0.0,15,6,3,2,13,0,1,1
121786,4879,0.0,0.0,0.0,22,5,1,7,19,0,1,2
121866,2465,0.0,2.0,1.0,41,16,6,2,36,0,1,4
122118,2432,1.0,4.0,0.0,7,6,4,2,4,0,3,0
122303,1755,0.0,3.0,0.0,6,2,1,1,5,0,1,0
122889,2273,0.0,3.0,0.0,22,6,1,2,21,0,1,0
123019,361,0.0,3.0,0.0,19,12,3,1,14,0,4,1
123032,1415,0.0,4.0,0.0,3,1,1,2,2,0,1,0
123039,114,0.0,2.0,0.0,7,3,2,3,5,0,1,1
12317,4648,1.0,2.0,0.0,2,1,1,2,0,0,1,1
123246,798,0.0,4.0,0.0,10,6,5,2,9,0,1,0
123772,1495,0.0,4.0,0.0,6,3,2,3,5,0,1,0
124140,4992,0.0,4.0,0.0,11,5,1,1,8,0,3,0
124433,1134,0.0,2.0,0.0,3,1,1,1,2,0,1,0
12463,3828,0.0,0.0,0.0,43,11,3,3,36,0,1,6
12493,4394,0.0,4.0,0.0,2,1,1,1,1,0,1,0
126244,798,0.0,2.0,0.0,4,1,1,1,3,0,1,0
126393,941,0.0,2.0,1.0,12,2,1,1,11,0,1,0
126636,3820,1.0,4.0,1.0,4,1,1,2,2,0,1,1
127110,3484,0.0,7.0,1.0,29,10,3,2,28,0,1,0
127144,4616,0.0,0.0,0.0,4,1,1,2,3,0,1,0
127629,2173,0.0,5.0,0.0,14,7,2,1,12,0,2,0
128061,3819,0.0,4.0,0.0,6,1,1,1,5,0,1,0
128108,467,0.0,4.0,1.0,4,1,1,2,3,0,1,0
128439,4600,0.0,0.0,1.0,1,1,1,1,0,0,1,0
128559,598,0.0,2.0,1.0,3,1,1,1,2,0,1,0
129822,1250,0.0,4.0,0.0,22,8,1,2,20,0,2,0
130170,2727,0.0,0.0,0.0,4,2,1,1,3,0,1,0
131499,4829,0.0,3.0,0.0,1,1,1,1,0,0,1,0
131713,4818,0.0,4.0,1.0,5,2,1,2,4,0,1,0
132122,190,0.0,2.0,1.0,2,1,1,1,1,0,1,0
132462,2403,0.0,4.0,0.0,21,8,1,2,20,0,1,0
132559,1451,0.0,5.0,1.0,28,6,3,4,25,0,2,1
132803,2226,0.0,2.0,0.0,8,3,2,4,7,0,1,0
132895,1466,0.0,0.0,0.0,3,1,1,1,1,0,2,0
132916,3623,0.0,3.0,0.0,3,1,1,1,1,0,2,0
133335,798,0.0,0.0,1.0,3,1,1,1,2,0,1,0
133364,4605,0.0,0.0,0.0,5,2,2,3,4,0,1,0
133688,4536,0.0,3.0,1.0,4,1,1,1,3,0,1,0
134948,215,0.0,2.0,1.0,6,4,1,1,5,0,1,0
134973,2799,0.0,3.0,0.0,12,3,1,2,11,0,1,0
135147,2284,0.0,3.0,0.0,4,2,1,1,3,0,1,0
135731,3304,0.0,3.0,0.0,6,1,1,2,5,0,1,0
135796,1677,0.0,5.0,0.0,20,5,3,4,18,0,2,0
135915,3844,0.0,4.0,0.0,15,10,5,1,14,0,1,0
136270,4280,0.0,3.0,0.0,15,11,1,2,14,0,1,0
136859,4731,0.0,4.0,0.0,3,2,1,1,2,0,1,0
137297,2824,0.0,0.0,0.0,14,2,2,1,13,0,1,0
137299,4048,0.0,3.0,0.0,3,1,1,2,1,0,1,1
137708,4173,0.0,2.0,1.0,27,6,3,3,26,0,1,0
138202,2639,0.0,4.0,0.0,20,11,4,3,18,0,2,0
138672,1399,0.0,3.0,0.0,9,2,1,2,8,0,1,0
139743,4605,1.0,2.0,0.0,99,16,10,12,82,0,5,12
139807,4760,0.0,0.0,0.0,4,1,1,1,3,0,1,0
140677,532,0.0,5.0,0.0,10,4,1,1,9,0,1,0
140716,685,0.0,0.0,0.0,24,5,2,1,22,0,2,0
141126,606,0.0,null,null,4,3,3,2,3,0,1,0
141506,4049,0.0,5.0,0.0,25,6,1,5,20,0,1,4
141598,2081,0.0,3.0,1.0,5,2,1,1,4,0,1,0
142112,1340,0.0,3.0,0.0,32,22,5,2,28,0,3,1
142508,4765,0.0,2.0,1.0,4,2,2,1,3,0,1,0
142810,2699,0.0,0.0,0.0,4,1,1,2,2,0,1,1
142939,4975,0.0,0.0,0.0,3,2,1,1,2,0,1,0
14310,962,0.0,4.0,0.0,14,4,3,1,12,0,1,1
143238,3990,0.0,5.0,0.0,15,8,3,1,13,0,1,1
143682,548,0.0,5.0,1.0,14,3,1,2,12,0,1,1
144241,1451,0.0,4.0,0.0,1,1,1,1,0,0,1,0
144313,2876,0.0,3.0,0.0,11,4,1,2,8,0,3,0
144476,4173,0.0,3.0,0.0,8,4,3,5,7,0,1,0
144914,2795,0.0,4.0,0.0,2,1,1,1,1,0,1,0
145045,2473,0.0,4.0,0.0,10,3,2,2,9,0,1,0
14521,2031,0.0,2.0,0.0,13,5,2,1,12,0,1,0
145340,2849,0.0,0.0,0.0,118,64,17,8,111,0,7,0
145486,2031,0.0,3.0,1.0,3,1,1,1,1,1,1,0
147019,412,0.0,3.0,1.0,44,25,8,4,43,0,1,0
147656,3925,1.0,5.0,1.0,11,3,2,1,10,0,1,0
148020,3376,0.0,4.0,1.0,1,1,1,1,0,0,1,0
148463,4976,1.0,2.0,0.0,90,33,8,10,80,0,1,9
149061,3055,0.0,2.0,0.0,2,1,1,1,1,0,1,0
149326,3826,0.0,6.0,1.0,14,7,3,1,13,0,1,0
149589,1763,0.0,5.0,1.0,1,1,1,1,0,0,1,0
150199,2569,0.0,4.0,1.0,17,2,1,3,16,0,1,0
150461,2721,0.0,0.0,1.0,11,2,1,2,10,0,1,0
150974,3205,0.0,4.0,0.0,1,1,1,1,0,0,1,0
151118,4090,0.0,4.0,0.0,2,1,1,1,1,0,1,0
151266,320,0.0,0.0,0.0,7,1,1,2,5,0,1,1
15159,66,0.0,4.0,2.0,4,1,1,2,3,0,1,0
152090,760,0.0,4.0,0.0,3,1,1,1,2,0,1,0
152151,4057,0.0,5.0,0.0,7,2,2,1,6,0,1,0
152273,2477,0.0,3.0,0.0,37,13,6,5,34,0,2,1
152489,3685,0.0,6.0,0.0,4,1,1,1,2,0,1,1
152674,4173,0.0,0.0,0.0,48,36,9,7,47,0,1,0
152998,2161,0.0,3.0,0.0,6,1,1,1,4,0,1,1
153284,996,0.0,5.0,0.0,6,4,2,1,4,0,1,1
153683,3022,0.0,2.0,1.0,4,2,1,1,2,0,2,0
153767,534,0.0,0.0,0.0,1,1,1,1,0,0,1,0
15395,4427,0.0,2.0,2.0,1,1,1,1,0,0,1,0
154378,141,0.0,2.0,0.0,4,1,1,1,3,0,1,0
154635,2204,0.0,5.0,1.0,6,1,1,1,5,0,1,0
15481,3418,0.0,0.0,1.0,1,1,1,1,0,0,1,0
155434,4265,0.0,0.0,0.0,15,11,5,3,13,0,1,1
156216,3319,0.0,4.0,0.0,1,1,1,1,0,0,1,0
156255,3793,0.0,0.0,1.0,2,1,1,1,1,0,1,0
156995,1203,0.0,3.0,0.0,5,1,1,1,3,0,1,1
157393,3936,0.0,0.0,0.0,15,5,1,2,11,0,1,3
157765,3727,0.0,null,null,9,1,1,1,8,0,1,0
157816,4079,0.0,0.0,0.0,14,6,1,2,10,0,4,0
158073,4650,0.0,3.0,0.0,1,1,1,1,0,0,1,0
158519,437,0.0,0.0,0.0,2,1,1,1,1,0,1,0
158720,3990,0.0,2.0,0.0,258,131,13,7,256,0,2,0
158818,1923,0.0,5.0,0.0,12,4,1,2,11,0,1,0
158986,3635,0.0,6.0,1.0,7,2,1,3,6,0,1,0
158990,4534,0.0,4.0,0.0,2,1,1,1,1,0,1,0
159192,777,0.0,4.0,0.0,31,13,6,5,29,0,2,0
159300,4601,0.0,5.0,0.0,11,6,2,1,9,0,2,0
159395,3383,0.0,7.0,0.0,3,1,1,1,2,0,1,0
159704,1399,0.0,4.0,0.0,8,4,2,4,7,0,1,0
1604,3444,0.0,0.0,1.0,16,1,1,3,15,0,1,0
161122,695,0.0,3.0,1.0,3,1,1,1,2,0,1,0
161189,756,0.0,3.0,0.0,2,1,1,1,1,0,1,0
161232,4499,0.0,0.0,1.0,3,1,1,1,2,0,1,0
161263,2928,0.0,4.0,0.0,2,1,1,1,1,0,1,0
161414,594,0.0,3.0,0.0,5,1,1,1,4,0,1,0
161468,3323,0.0,5.0,2.0,3,2,1,1,2,0,1,0
161495,4143,0.0,0.0,0.0,48,35,15,8,44,0,2,2
162846,1102,0.0,4.0,0.0,7,4,3,1,6,0,1,0
16294,141,0.0,4.0,0.0,20,12,6,2,19,0,1,0
162992,4760,0.0,3.0,0.0,1,1,1,1,0,0,1,0
163438,1890,0.0,3.0,0.0,3,2,1,1,0,0,1,2
163770,200,0.0,4.0,1.0,4,1,1,1,3,0,1,0
163902,121,0.0,0.0,0.0,10,5,2,2,9,0,1,0
164061,200,0.0,0.0,0.0,2,1,1,2,1,0,1,0
164119,1031,0.0,4.0,0.0,5,1,1,2,3,0,2,0
164455,2448,0.0,2.0,0.0,3,1,1,1,2,0,1,0
164933,3103,0.0,0.0,null,6,5,3,2,5,0,1,0
1650,1274,0.0,3.0,0.0,19,7,6,4,17,0,1,1
165541,423,0.0,3.0,0.0,3,1,1,1,2,0,1,0
165788,742,0.0,3.0,1.0,7,4,3,1,6,0,1,0
165796,20,0.0,2.0,0.0,1,1,1,1,0,0,1,0
165799,1892,0.0,4.0,1.0,2,2,2,1,0,0,2,0
166692,4976,0.0,6.0,1.0,5,1,1,2,4,0,1,0
166894,479,0.0,4.0,0.0,3,1,1,2,2,0,1,0
167320,1124,0.0,4.0,0.0,14,7,1,3,13,0,1,0
16782,4044,0.0,4.0,2.0,11,4,2,2,10,0,1,0
168317,1340,0.0,0.0,0.0,27,7,4,2,17,0,4,6
168522,2791,0.0,3.0,0.0,2,1,1,2,1,0,1,0
16898,1470,0.0,6.0,0.0,18,3,2,6,14,0,1,3
169380,1840,0.0,4.0,0.0,3,3,2,1,2,0,1,0
170415,2283,0.0,6.0,0.0,4,3,1,1,3,0,1,0
170635,4170,0.0,4.0,0.0,13,4,1,3,10,0,3,0
171431,4368,0.0,4.0,1.0,8,4,1,1,7,0,1,0
17144,1464,0.0,0.0,0.0,3,1,1,1,2,0,1,0
172239,3855,0.0,2.0,0.0,2,1,1,2,1,0,1,0
172875,1628,1.0,6.0,0.0,51,26,4,7,50,0,1,0
173088,2448,1.0,6.0,1.0,5,1,1,1,3,0,2,0
17329,1487,0.0,3.0,1.0,10,2,1,2,8,0,2,0
173717,1760,0.0,5.0,0.0,1,1,1,1,0,0,1,0
173982,3853,0.0,7.0,0.0,17,3,2,5,16,0,1,0
174108,3152,0.0,0.0,1.0,2,1,1,1,1,0,1,0
174355,3166,0.0,2.0,0.0,10,2,1,1,8,0,1,1
174804,3599,0.0,4.0,0.0,8,2,1,1,7,0,1,0
175338,2545,0.0,2.0,1.0,11,6,3,1,9,0,2,0
175528,121,0.0,3.0,0.0,42,18,5,4,40,0,2,0
176271,4818,0.0,3.0,0.0,27,7,6,3,22,0,2,3
176637,4768,0.0,3.0,0.0,11,1,1,1,9,0,1,1
176777,1895,0.0,3.0,0.0,2,2,2,1,0,0,1,1
17683,742,0.0,5.0,0.0,1,1,1,1,0,0,1,0
176888,1203,0.0,5.0,0.0,5,2,2,1,4,0,1,0
177070,685,0.0,0.0,0.0,2,1,1,1,1,0,1,0
177263,4763,0.0,0.0,0.0,7,2,1,1,6,0,1,0
177330,2134,0.0,3.0,0.0,9,2,1,4,8,0,1,0
177737,1393,0.0,3.0,0.0,63,46,13,5,61,0,2,0
17805,4712,0.0,0.0,0.0,1,1,1,1,0,0,1,0
178120,2217,0.0,3.0,0.0,16,2,1,3,14,0,2,0
178345,3080,1.0,0.0,0.0,3,2,1,2,2,0,1,0
178541,4760,0.0,3.0,0.0,7,3,3,3,5,0,1,1
178935,598,0.0,4.0,0.0,19,5,1,2,18,0,1,0
179859,4357,0.0,4.0,0.0,10,4,3,1,8,0,2,0
18003,2031,0.0,3.0,1.0,20,4,1,2,19,0,1,0
180272,3941,0.0,6.0,0.0,26,4,2,3,24,0,2,0
180724,1133,0.0,3.0,1.0,5,3,1,1,4,0,1,0
181670,2537,0.0,4.0,0.0,2,1,1,2,0,0,1,1
181897,2450,0.0,0.0,0.0,1,1,1,1,0,0,1,0
181953,198,1.0,3.0,0.0,2,1,1,1,1,0,1,0
182668,1190,0.0,0.0,1.0,9,3,1,3,6,0,1,2
182927,4976,0.0,3.0,0.0,2,1,1,1,1,0,1,0
183197,3826,0.0,3.0,1.0,5,1,1,1,4,0,1,0
183292,4049,0.0,0.0,0.0,11,6,4,3,7,0,4,0
183337,1618,0.0,0.0,0.0,7,1,1,1,6,0,1,0
183538,2636,0.0,8.0,0.0,2,1,1,1,1,0,1,0
183836,1392,0.0,3.0,0.0,4,1,1,2,3,0,1,0
183904,2273,0.0,5.0,1.0,2,1,1,1,1,0,1,0
184013,606,0.0,3.0,0.0,35,27,9,2,34,0,1,0
184064,1356,0.0,6.0,1.0,2,2,1,1,0,0,2,0
184245,598,0.0,0.0,1.0,78,39,3,3,77,0,1,0
184318,1760,0.0,3.0,0.0,27,14,1,1,25,0,2,0
184680,2721,0.0,0.0,0.0,11,5,1,1,10,0,1,0
185049,2424,0.0,0.0,0.0,3,1,1,1,2,0,1,0
185113,2189,0.0,4.0,0.0,4,1,1,1,3,0,1,0
18521,645,0.0,5.0,1.0,3,1,1,2,2,0,1,0
185506,3080,0.0,2.0,0.0,6,2,1,2,5,0,1,0
185878,2372,0.0,7.0,1.0,9,2,2,2,8,0,1,0
18687,293,0.0,3.0,0.0,6,3,1,1,4,0,2,0
187380,3472,0.0,5.0,0.0,3,2,1,1,2,0,1,0
187527,2639,0.0,6.0,1.0,3,2,2,1,1,0,2,0
187857,1346,0.0,3.0,2.0,1,1,1,1,0,0,1,0
18804,1760,0.0,0.0,1.0,1,1,1,1,0,0,1,0
188116,3319,0.0,3.0,0.0,5,1,1,2,3,0,1,1
188236,1123,0.0,0.0,0.0,7,2,2,1,6,0,1,0
18861,2594,1.0,5.0,0.0,165,98,17,10,162,0,2,1
188635,935,0.0,4.0,0.0,8,2,1,1,7,0,1,0
188955,63,0.0,2.0,0.0,25,2,1,5,23,0,1,1
189082,2545,0.0,0.0,1.0,5,2,1,1,4,0,1,0
189126,3444,0.0,4.0,0.0,4,2,1,1,3,0,1,0
189391,1923,0.0,0.0,0.0,11,3,1,2,10,0,1,0
190707,715,1.0,5.0,1.0,52,11,1,3,50,1,1,0
190788,3828,0.0,4.0,1.0,5,1,1,1,4,0,1,0
191506,2277,0.0,4.0,0.0,5,1,1,1,3,0,2,0
191663,643,0.0,0.0,0.0,11,5,1,2,10,0,1,0
191925,4044,0.0,0.0,0.0,10,9,4,3,9,0,1,0
192679,3329,0.0,0.0,0.0,9,4,1,2,8,0,1,0
192991,4427,0.0,0.0,0.0,7,1,1,1,6,0,1,0
193119,3173,0.0,3.0,1.0,9,3,1,1,8,0,1,0
193747,4427,0.0,7.0,1.0,1,1,1,1,0,0,1,0
194026,3345,0.0,3.0,0.0,4,1,1,2,2,1,1,0
19449,1943,0.0,4.0,0.0,5,1,1,3,3,1,1,0
194576,3645,0.0,5.0,0.0,5,1,1,1,4,0,1,0
19469,3640,0.0,5.0,0.0,12,8,2,4,9,0,1,2
194779,963,0.0,2.0,1.0,1,1,1,1,0,0,1,0
195231,4571,0.0,5.0,0.0,9,1,1,3,8,0,1,0
195651,4186,0.0,5.0,0.0,9,5,1,2,8,0,1,0
195698,738,0.0,2.0,0.0,4,1,1,1,3,0,1,0
195977,2565,0.0,6.0,0.0,29,1,1,8,28,0,1,0
19652,310,1.0,3.0,1.0,6,2,2,1,5,0,1,0
197075,1203,0.0,0.0,0.0,4,1,1,1,3,0,1,0
197339,3152,0.0,3.0,null,4,1,1,2,2,0,1,1
197608,3650,0.0,3.0,1.0,7,1,1,3,6,0,1,0
197783,1892,0.0,4.0,0.0,22,12,4,1,20,0,2,0
198194,523,0.0,0.0,0.0,4,1,1,1,3,0,1,0
198556,2730,0.0,4.0,0.0,7,5,1,3,6,0,1,0
19876,3080,0.0,4.0,0.0,6,2,1,2,5,0,1,0
198799,897,0.0,4.0,0.0,1,1,1,1,0,0,1,0
198871,4394,0.0,7.0,0.0,10,2,1,2,7,0,2,1
199073,1487,0.0,4.0,0.0,5,1,1,2,4,0,1,0
199507,1943,0.0,3.0,1.0,4,1,1,2,3,0,1,0
200852,2950,0.0,4.0,0.0,1,1,1,1,0,0,1,0
201205,4145,0.0,0.0,0.0,9,1,1,1,8,0,1,0
202205,4864,0.0,3.0,0.0,6,2,1,3,4,0,1,1
202462,361,0.0,5.0,0.0,9,1,1,2,8,0,1,0
202845,804,0.0,3.0,1.0,2,1,1,1,1,0,1,0
203372,2639,1.0,5.0,0.0,57,41,8,2,54,0,3,0
204066,4690,0.0,4.0,0.0,12,4,1,3,8,0,1,3
204231,104,0.0,0.0,0.0,1,1,1,1,0,0,1,0
204339,4368,0.0,4.0,0.0,6,3,3,1,5,0,1,0
205001,798,0.0,5.0,1.0,7,4,3,2,6,0,1,0
205533,643,0.0,4.0,0.0,5,5,1,1,4,0,1,0
205759,2128,0.0,2.0,1.0,3,1,1,1,2,0,1,0
205886,4173,0.0,3.0,1.0,10,6,5,4,9,0,1,0
205948,2108,0.0,2.0,0.0,5,1,1,1,4,0,1,0
206012,503,0.0,0.0,0.0,14,7,1,3,13,0,1,0
206552,4048,0.0,2.0,1.0,5,1,1,1,4,0,1,0
207240,1618,0.0,0.0,1.0,3,1,1,1,2,0,1,0
207443,4173,0.0,4.0,0.0,16,6,3,1,14,0,2,0
207933,4589,0.0,2.0,0.0,2,1,1,1,1,0,1,0
208075,503,0.0,4.0,1.0,12,4,1,1,11,0,1,0
208452,742,0.0,0.0,0.0,2,1,1,1,0,0,1,1
208466,1966,0.0,3.0,0.0,12,2,2,3,9,0,3,0
208554,3734,1.0,5.0,1.0,1,1,1,1,0,0,1,0
208830,3500,0.0,6.0,0.0,2,1,1,1,1,0,1,0
209272,4277,0.0,3.0,0.0,13,4,4,1,9,0,4,0
20946,3578,0.0,5.0,0.0,6,1,1,1,5,0,1,0
20949,4048,0.0,5.0,0.0,8,1,1,1,6,0,2,0
209577,3263,0.0,0.0,0.0,11,4,2,5,10,0,1,0
209830,4585,0.0,4.0,0.0,5,1,1,1,4,0,1,0
210209,2459,0.0,5.0,0.0,8,4,2,2,7,0,1,0
210538,2670,1.0,3.0,0.0,8,6,4,1,6,0,2,0
211093,3822,0.0,2.0,0.0,1,1,1,1,0,0,1,0
21135,1492,0.0,4.0,1.0,3,1,1,1,2,0,1,0
211550,1760,1.0,0.0,1.0,2,1,1,1,1,0,1,0
211737,1854,0.0,3.0,0.0,4,1,1,1,3,0,1,0
211761,1999,0.0,4.0,0.0,27,12,2,1,24,0,3,0
212167,227,0.0,0.0,0.0,9,2,1,3,8,0,1,0
212198,3022,0.0,0.0,1.0,31,12,3,1,29,0,2,0
212953,1556,0.0,2.0,0.0,17,3,1,4,15,0,1,1
213813,3619,0.0,0.0,1.0,9,3,2,2,8,0,1,0
213915,3191,0.0,2.0,0.0,8,3,1,3,4,0,1,3
214084,4760,0.0,3.0,1.0,3,2,1,2,2,0,1,0
2141,3955,0.0,2.0,0.0,8,3,2,2,7,0,1,0
214288,588,0.0,2.0,0.0,6,2,1,1,5,0,1,0
215159,432,0.0,5.0,0.0,13,1,1,5,12,0,1,0
215610,4589,0.0,3.0,0.0,3,1,1,1,2,0,1,0
21612,297,0.0,3.0,0.0,7,2,1,1,6,0,1,0
216518,2173,0.0,6.0,0.0,13,8,2,2,11,0,2,0
217612,2242,0.0,5.0,0.0,2,1,1,1,1,0,1,0
218218,3623,0.0,0.0,0.0,2,1,1,1,1,0,1,0
218353,4044,0.0,3.0,0.0,22,8,1,1,21,0,1,0
219924,1283,0.0,2.0,0.0,15,8,4,3,7,0,2,6
220177,215,0.0,2.0,1.0,2,1,1,1,1,0,1,0
220544,1520,0.0,6.0,0.0,2,2,1,1,1,0,1,0
22129,2031,0.0,3.0,2.0,2,1,1,1,1,0,1,0
221929,4196,0.0,0.0,1.0,3,1,1,1,2,0,1,0
222014,3826,0.0,2.0,1.0,24,7,4,3,21,0,2,1
222277,2318,0.0,3.0,1.0,3,1,1,1,2,0,1,0
22231,4545,0.0,6.0,0.0,8,4,1,2,7,0,1,0
222324,1861,0.0,3.0,0.0,8,3,2,1,6,0,2,0
222454,3622,0.0,4.0,0.0,6,2,1,1,5,0,1,0
222845,1968,0.0,2.0,0.0,7,1,1,1,5,0,1,1
223010,1816,0.0,2.0,0.0,4,1,1,3,3,0,1,0
223011,1565,0.0,4.0,0.0,4,1,1,1,3,0,1,0
2231,1272,0.0,5.0,1.0,3,2,1,1,2,0,1,0
223821,4472,0.0,6.0,0.0,11,3,2,4,9,0,1,1
224269,3965,0.0,6.0,0.0,3,1,1,1,2,0,1,0
224599,2234,0.0,3.0,0.0,7,1,1,1,6,0,1,0
22507,1841,0.0,4.0,0.0,1,1,1,1,0,0,1,0
225071,2721,0.0,4.0,1.0,3,1,1,1,2,0,1,0
225679,3828,0.0,0.0,0.0,2,1,1,1,1,0,1,0
225798,2537,0.0,4.0,0.0,7,1,1,3,5,0,1,1
226508,148,0.0,0.0,1.0,20,4,2,1,17,0,3,0
226511,3965,0.0,7.0,0.0,2,1,1,1,1,0,1,0
226918,4221,0.0,0.0,0.0,7,1,1,4,5,0,1,1
227265,2873,0.0,5.0,0.0,22,15,7,4,10,0,1,11
228064,2313,0.0,6.0,0.0,28,6,2,4,24,0,2,2
228193,13,1.0,0.0,0.0,6,1,1,1,4,0,2,0
228300,492,0.0,0.0,0.0,6,2,1,2,5,0,1,0
228344,361,0.0,7.0,1.0,13,4,2,5,11,0,1,1
228624,1056,0.0,4.0,1.0,5,3,3,3,4,0,1,0
228662,606,0.0,0.0,0.0,4,1,1,2,3,0,1,0
228925,2693,0.0,6.0,0.0,6,2,1,3,4,0,1,1
229714,2824,0.0,4.0,0.0,3,1,1,1,2,0,1,0
229879,1780,0.0,3.0,0.0,2,1,1,1,1,0,1,0
230377,227,0.0,4.0,0.0,1,1,1,1,0,0,1,0
23056,2954,0.0,4.0,0.0,3,2,1,3,0,0,1,2
230593,1342,0.0,4.0,0.0,2,1,1,1,1,0,1,0
230816,2140,0.0,3.0,0.0,10,3,1,2,8,0,1,1
230823,2869,0.0,5.0,0.0,1,1,1,1,0,0,1,0
231859,2856,0.0,4.0,0.0,5,2,1,2,4,0,1,0
232409,1592,0.0,6.0,1.0,3,2,1,1,2,0,1,0
232975,404,0.0,4.0,0.0,6,4,1,1,5,0,1,0
233435,1892,0.0,5.0,0.0,26,4,3,4,24,0,2,0
233758,1760,1.0,3.0,0.0,2,1,1,1,1,0,1,0
23381,2128,0.0,2.0,1.0,2,1,1,1,1,0,1,0
234088,1013,0.0,5.0,0.0,4,2,2,1,3,0,1,0
235365,3073,0.0,0.0,1.0,5,2,1,1,4,0,1,0
235420,2318,1.0,3.0,1.0,2,1,1,1,1,0,1,0
235462,2031,0.0,2.0,1.0,5,2,1,2,2,0,1,2
235727,742,0.0,3.0,0.0,12,3,1,2,9,0,1,2
235803,2794,0.0,4.0,0.0,3,1,1,1,2,0,1,0
235944,2683,0.0,2.0,1.0,11,3,2,2,10,0,1,0
235975,323,0.0,3.0,0.0,5,2,1,2,4,0,1,0
235995,432,0.0,3.0,0.0,6,1,1,1,5,0,1,0
236355,598,0.0,2.0,1.0,11,3,2,5,10,0,1,0
236457,1760,0.0,4.0,0.0,7,6,2,3,6,0,1,0
236625,4413,0.0,3.0,1.0,4,3,1,2,3,0,1,0
237634,4659,0.0,0.0,0.0,15,7,6,2,13,0,2,0
237795,2403,0.0,4.0,1.0,26,12,2,2,23,0,3,0
238107,2565,0.0,2.0,0.0,2,1,1,1,1,0,1,0
238513,4048,0.0,3.0,1.0,2,1,1,1,1,0,1,0
238529,1762,0.0,3.0,0.0,14,2,1,3,11,0,1,2
238578,4492,0.0,4.0,1.0,9,2,1,4,6,0,1,2
238797,3147,0.0,5.0,0.0,4,1,1,2,3,0,1,0
239119,121,0.0,5.0,1.0,5,4,3,1,4,0,1,0
239126,1487,0.0,3.0,0.0,4,1,1,1,3,0,1,0
239772,3734,0.0,3.0,1.0,6,2,2,1,5,0,1,0
239811,4705,0.0,0.0,0.0,6,1,1,2,5,0,1,0
239865,4747,0.0,3.0,0.0,2,1,1,1,1,0,1,0
240416,2403,0.0,4.0,0.0,20,9,3,2,19,0,1,0
240630,66,0.0,3.0,1.0,13,4,1,2,11,0,1,1
240691,3170,0.0,3.0,0.0,26,2,1,8,24,0,1,1
241141,264,0.0,5.0,0.0,5,1,1,1,4,0,1,0
241277,2448,0.0,3.0,null,2,1,1,1,1,0,1,0
241819,310,0.0,2.0,1.0,14,2,2,5,11,0,1,2
241913,2935,0.0,3.0,0.0,5,1,1,1,3,0,2,0
241928,2435,0.0,2.0,0.0,2,1,1,1,1,0,1,0
242512,1031,1.0,3.0,0.0,14,8,2,2,13,0,1,0
24358,3350,0.0,3.0,0.0,2,1,1,1,1,0,1,0
243626,2055,0.0,8.0,0.0,17,5,1,2,15,0,1,1
244,2066,0.0,3.0,0.0,3,1,1,1,2,0,1,0
24412,2273,0.0,4.0,1.0,4,1,1,2,2,0,1,1
244775,2537,0.0,0.0,1.0,15,11,3,2,14,0,1,0
244956,1719,0.0,2.0,0.0,5,2,1,1,3,0,2,0
245171,1103,1.0,3.0,0.0,2,1,1,1,0,0,1,1
245501,3734,0.0,3.0,0.0,8,7,3,1,7,0,1,0
245803,3734,0.0,0.0,1.0,6,4,2,1,5,0,1,0
24602,4950,0.0,0.0,0.0,2,1,1,1,1,0,1,0
246579,625,0.0,6.0,0.0,18,5,1,3,17,0,1,0
247233,4173,0.0,4.0,1.0,10,7,2,2,9,0,1,0
247664,3619,0.0,4.0,0.0,5,2,1,2,4,0,1,0
247686,1346,0.0,4.0,0.0,1,1,1,1,0,0,1,0
24818,2981,0.0,2.0,0.0,4,1,1,2,3,0,1,0
248371,4594,0.0,0.0,1.0,4,1,1,2,3,0,1,0
248395,3323,0.0,4.0,0.0,27,16,1,1,26,0,1,0
248779,2940,0.0,3.0,0.0,4,2,1,1,3,0,1,0
24882,3965,0.0,4.0,0.0,18,6,1,1,12,0,6,0
249035,4469,0.0,3.0,1.0,3,1,1,2,2,0,1,0
249289,3828,0.0,3.0,1.0,25,11,3,5,22,0,1,2
249610,3016,0.0,6.0,1.0,11,5,2,3,9,0,2,0
249813,2232,0.0,2.0,1.0,1,1,1,1,0,0,1,0
249824,2589,0.0,0.0,0.0,1,1,1,1,0,0,1,0
249873,323,0.0,3.0,0.0,2,1,1,1,1,0,1,0
24990,2935,0.0,4.0,1.0,2,1,1,1,1,0,1,0
250111,1485,0.0,4.0,0.0,2,2,1,1,0,0,2,0
250631,3160,0.0,3.0,0.0,10,3,1,1,9,0,1,0
250869,3460,0.0,2.0,0.0,3,1,1,1,2,0,1,0
250918,4322,0.0,4.0,1.0,4,2,2,1,3,0,1,0
251021,3622,1.0,5.0,0.0,1,1,1,1,0,0,1,0
251073,4617,0.0,3.0,0.0,1,1,1,1,0,0,1,0
251394,3955,0.0,4.0,2.0,7,3,2,2,6,0,1,0
251527,1833,0.0,6.0,1.0,9,3,2,4,8,0,1,0
252568,2277,0.0,null,null,25,3,1,4,21,0,1,3
252655,3979,0.0,0.0,0.0,13,1,1,3,12,0,1,0
252981,3328,0.0,3.0,1.0,30,7,4,5,25,0,5,0
253022,4086,0.0,0.0,1.0,3,1,1,1,2,0,1,0
253391,414,0.0,4.0,0.0,36,19,6,2,32,0,1,3
253413,2397,0.0,0.0,0.0,1,1,1,1,0,0,1,0
253876,3126,0.0,5.0,0.0,8,1,1,1,6,0,2,0
25403,684,0.0,6.0,0.0,33,10,6,3,31,0,2,0
254093,2864,0.0,0.0,1.0,14,1,1,2,13,0,1,0
254630,3938,0.0,2.0,0.0,5,1,1,2,4,0,1,0
255575,1340,0.0,0.0,0.0,24,13,5,2,21,0,2,1
25608,4083,0.0,5.0,1.0,6,1,1,3,5,0,1,0
256265,1500,0.0,0.0,null,7,1,1,4,6,0,1,0
256461,1399,0.0,0.0,1.0,7,1,1,1,6,0,1,0
256493,3022,0.0,2.0,1.0,7,1,1,3,5,0,1,1
25684,4659,0.0,null,null,2,1,1,1,1,0,1,0
257363,3925,0.0,3.0,0.0,11,7,3,4,9,0,1,1
25756,1501,0.0,0.0,null,4,1,1,1,3,0,1,0
257745,1677,0.0,0.0,0.0,6,3,2,2,5,0,1,0
258098,3042,0.0,6.0,0.0,17,9,6,1,15,0,2,0
258463,4442,0.0,6.0,0.0,23,12,3,2,19,1,3,0
258685,4044,0.0,4.0,0.0,51,18,7,1,50,0,1,0
258945,4282,0.0,4.0,0.0,2,1,1,1,1,0,1,0
259355,3734,0.0,3.0,1.0,2,2,2,1,1,0,1,0
259643,3990,0.0,0.0,0.0,43,10,2,9,41,0,1,1
259778,4659,0.0,2.0,0.0,1,1,1,1,0,0,1,0
259780,2556,0.0,null,null,5,1,1,2,4,0,1,0
260033,4450,0.0,0.0,1.0,5,1,1,1,4,0,1,0
2602,3941,0.0,6.0,1.0,12,1,1,1,10,0,1,1
261400,2138,0.0,5.0,0.0,21,12,7,5,18,0,3,0
261990,3635,0.0,3.0,1.0,2,1,1,1,1,0,1,0
261998,1405,0.0,3.0,0.0,5,2,1,1,4,0,1,0
262071,2278,0.0,0.0,1.0,5,2,2,1,4,0,1,0
262261,317,0.0,0.0,0.0,3,1,1,1,2,0,1,0
262493,3477,0.0,3.0,0.0,1,1,1,1,0,0,1,0
262766,2224,1.0,5.0,0.0,15,4,1,1,13,0,1,1
263048,3473,0.0,3.0,0.0,6,3,2,2,5,0,1,0
263161,603,0.0,3.0,0.0,7,4,2,1,6,0,1,0
263757,3080,0.0,6.0,0.0,4,2,2,2,3,0,1,0
265239,4976,0.0,3.0,0.0,15,8,2,4,14,0,1,0
26533,3809,0.0,8.0,1.0,21,5,3,5,20,0,1,0
265421,4171,0.0,6.0,0.0,3,1,1,1,1,0,2,0
265471,862,0.0,4.0,1.0,9,7,4,4,8,0,1,0
265581,3828,0.0,5.0,0.0,2,1,1,1,1,0,1,0
265654,361,0.0,3.0,null,4,2,1,2,2,0,1,1
266133,4500,0.0,2.0,1.0,6,5,2,1,5,0,1,0
266156,625,0.0,0.0,0.0,4,1,1,1,3,0,1,0
266399,3472,0.0,3.0,0.0,2,1,1,1,1,0,1,0
266910,3502,0.0,2.0,null,8,1,1,3,6,0,1,1
267182,824,0.0,2.0,1.0,2,1,1,1,1,0,1,0
267271,1102,0.0,3.0,0.0,98,44,13,4,94,0,3,1
2676,2008,1.0,3.0,0.0,9,4,2,1,8,0,1,0
267644,2447,1.0,3.0,0.0,7,2,2,1,5,0,2,0
2679,2780,0.0,4.0,1.0,6,1,1,1,5,0,1,0
268319,1115,0.0,3.0,1.0,1,1,1,1,0,0,1,0
268595,1810,0.0,3.0,0.0,21,6,2,5,20,0,1,0
268641,3159,0.0,3.0,0.0,8,4,4,1,4,0,4,0
268653,4173,0.0,5.0,0.0,4,1,1,2,3,0,1,0
268814,2784,0.0,6.0,0.0,9,2,1,1,7,0,1,1
269856,630,0.0,3.0,1.0,68,21,11,11,59,0,3,6
270498,1618,0.0,3.0,0.0,15,4,3,1,13,0,2,0
270938,2915,0.0,4.0,0.0,14,4,2,1,12,0,2,0
270972,4585,0.0,3.0,1.0,4,2,1,1,3,0,1,0
271063,4739,0.0,2.0,0.0,19,6,2,1,18,0,1,0
272289,141,0.0,3.0,0.0,14,5,3,1,11,0,2,1
272695,1283,0.0,2.0,0.0,20,8,3,4,16,0,2,2
272977,4282,0.0,7.0,1.0,22,5,4,3,21,0,1,0
273148,3057,0.0,2.0,0.0,7,3,1,3,6,0,1,0
27352,3170,0.0,3.0,1.0,2,1,1,1,1,0,1,0
273520,4976,1.0,0.0,0.0,27,8,6,2,25,0,1,1
274036,3014,0.0,6.0,0.0,3,2,1,1,2,0,1,0
274811,66,0.0,5.0,1.0,4,1,1,1,3,0,1,0
274942,4044,0.0,2.0,0.0,41,17,6,8,35,0,3,3
275005,1831,0.0,4.0,0.0,2,1,1,1,1,0,1,0
275144,1145,0.0,4.0,2.0,5,1,1,1,3,0,2,0
275301,424,0.0,4.0,0.0,2,1,1,1,1,0,1,0
275759,3971,0.0,4.0,1.0,4,2,2,1,3,0,1,0
275833,4425,0.0,4.0,1.0,1,1,1,1,0,0,1,0
275961,1816,0.0,0.0,0.0,2,1,1,1,1,0,1,0
276100,1496,0.0,3.0,0.0,7,1,1,3,5,0,1,1
276278,2821,0.0,5.0,1.0,1,1,1,1,0,0,1,0
276512,3042,0.0,3.0,2.0,13,2,2,1,12,0,1,0
277592,1353,0.0,3.0,1.0,3,1,1,1,2,0,1,0
278184,3726,0.0,2.0,0.0,3,1,1,1,2,0,1,0
278296,1487,0.0,0.0,0.0,27,7,1,7,24,0,1,2
280824,2537,0.0,0.0,0.0,4,2,2,1,3,0,1,0
28095,3063,0.0,7.0,1.0,39,26,1,2,36,0,3,0
281101,4282,0.0,4.0,0.0,27,19,8,2,25,0,2,0
281402,1346,0.0,3.0,0.0,10,4,1,1,9,0,1,0
281470,4129,0.0,4.0,0.0,162,58,6,5,160,0,2,0
28209,1555,0.0,3.0,0.0,9,1,1,4,8,0,1,0
282125,2403,0.0,0.0,0.0,28,9,4,3,23,0,3,2
282347,4220,0.0,6.0,0.0,3,1,1,2,2,0,1,0
282764,145,0.0,0.0,0.0,15,1,1,2,14,0,1,0
282972,812,0.0,2.0,0.0,8,1,1,3,6,0,1,1
283471,4659,0.0,4.0,0.0,3,2,2,2,1,0,1,1
283846,897,0.0,4.0,0.0,1,1,1,1,0,0,1,0
284145,1679,0.0,4.0,1.0,3,1,1,1,2,0,1,0
28426,3347,0.0,0.0,0.0,3,2,1,3,0,0,1,2
284437,4747,0.0,2.0,0.0,2,1,1,1,1,0,1,0
284454,2630,0.0,4.0,1.0,4,2,2,2,3,0,1,0
285467,2356,0.0,6.0,0.0,14,2,1,3,12,0,2,0
286129,2639,0.0,0.0,0.0,3,2,2,1,2,0,1,0
28679,4650,0.0,2.0,0.0,11,3,3,2,9,0,2,0
289070,4044,0.0,3.0,0.0,311,20,6,3,306,0,1,4
289109,798,0.0,4.0,0.0,43,20,8,1,39,0,4,0
289115,4044,0.0,0.0,1.0,4,2,2,1,3,0,1,0
289150,1250,0.0,6.0,0.0,3,1,1,1,1,0,2,0
289838,1780,0.0,0.0,0.0,9,1,1,2,7,0,1,1
289850,551,0.0,3.0,0.0,3,2,2,1,2,0,1,0
289865,1018,0.0,3.0,1.0,4,2,2,1,3,0,1,0
289872,66,0.0,0.0,0.0,34,8,3,2,33,0,1,0
290027,4818,0.0,0.0,1.0,7,6,3,3,6,0,1,0
290758,3159,0.0,3.0,0.0,9,2,2,1,7,0,1,1
290923,4988,0.0,2.0,0.0,6,3,1,2,4,0,1,1
291031,3239,0.0,0.0,null,17,8,4,3,13,0,3,1
291484,120,0.0,3.0,0.0,11,3,1,2,7,0,3,1
291629,1583,0.0,null,null,4,1,1,1,3,0,1,0
291732,2128,0.0,2.0,0.0,2,1,1,1,1,0,1,0
292005,3682,0.0,3.0,0.0,6,2,1,1,5,0,1,0
292704,141,0.0,3.0,0.0,25,16,6,3,22,0,3,0
292901,4083,0.0,3.0,0.0,1,1,1,1,0,0,1,0
293192,4765,0.0,3.0,0.0,5,2,1,2,4,0,1,0
293322,3420,0.0,0.0,0.0,2,1,1,1,1,0,1,0
293399,4044,0.0,4.0,2.0,3,2,2,2,2,0,1,0
293807,443,0.0,4.0,0.0,3,1,1,1,2,0,1,0
294775,4847,0.0,3.0,0.0,72,25,9,7,68,0,2,2
294825,503,0.0,4.0,1.0,19,10,2,2,15,0,4,0
294849,1972,0.0,5.0,0.0,2,1,1,1,1,0,1,0
295139,1200,0.0,4.0,0.0,4,3,2,3,3,0,1,0
29536,3432,0.0,2.0,1.0,15,4,4,1,13,0,2,0
296229,1597,0.0,3.0,1.0,5,1,1,2,4,0,1,0
296403,4173,0.0,2.0,0.0,39,17,6,4,31,0,1,7
296518,4585,0.0,6.0,0.0,7,3,1,2,6,0,1,0
297137,2217,0.0,3.0,0.0,2,1,1,1,1,0,1,0
297247,1816,0.0,3.0,1.0,10,2,1,4,9,0,1,0
297409,1393,0.0,0.0,1.0,6,2,2,1,5,0,1,0
297681,2683,0.0,4.0,0.0,4,1,1,1,3,0,1,0
297829,1501,0.0,5.0,0.0,22,7,2,5,20,0,2,0
298248,3819,0.0,3.0,1.0,2,1,1,1,1,0,1,0
298530,2318,0.0,5.0,1.0,4,1,1,1,3,0,1,0
298671,2994,0.0,2.0,1.0,6,1,1,1,5,0,1,0
298703,606,0.0,3.0,1.0,31,10,4,3,24,0,2,5
298704,606,0.0,4.0,1.0,3,2,2,2,1,0,1,1
298947,1618,1.0,5.0,1.0,17,1,1,2,16,0,1,0
299630,742,0.0,4.0,1.0,1,1,1,1,0,0,1,0
30051,222,0.0,5.0,1.0,6,4,2,3,5,0,1,0
301516,1918,0.0,3.0,0.0,39,17,2,7,34,0,1,4
301532,742,0.0,3.0,0.0,12,3,2,2,11,0,1,0
301615,4048,0.0,3.0,0.0,1,1,1,1,0,0,1,0
301949,326,0.0,3.0,0.0,5,1,1,1,4,0,1,0
302227,2193,0.0,2.0,1.0,5,1,1,3,4,0,1,0
302500,361,0.0,5.0,0.0,2,1,1,1,1,0,1,0
303290,3350,0.0,0.0,0.0,2,1,1,1,1,0,1,0
303384,4982,0.0,0.0,1.0,1,1,1,1,0,0,1,0
303651,898,0.0,5.0,1.0,3,1,1,2,0,0,2,1
303730,1861,0.0,3.0,0.0,5,2,2,2,4,0,1,0
3038,366,0.0,2.0,0.0,2,1,1,1,1,0,1,0
304598,1353,0.0,3.0,0.0,2,1,1,1,1,0,1,0
3050,3469,0.0,2.0,0.0,1,1,1,1,0,0,1,0
305160,2432,0.0,6.0,0.0,2,2,2,1,0,0,1,1
305499,3225,0.0,2.0,0.0,3,1,1,1,2,0,1,0
305635,2459,0.0,4.0,0.0,13,7,3,1,12,0,1,0
305811,1704,0.0,5.0,0.0,6,4,2,1,5,0,1,0
306769,4203,0.0,0.0,0.0,10,3,2,2,9,0,1,0
307014,1963,0.0,3.0,1.0,12,3,1,2,11,0,1,0
307255,2537,0.0,5.0,0.0,19,11,4,2,15,0,4,0
307286,4534,0.0,4.0,0.0,9,3,2,1,5,0,3,1
307701,191,0.0,4.0,1.0,12,4,2,1,11,0,1,0
309200,3734,1.0,3.0,1.0,8,4,3,2,6,0,2,0
309343,4950,0.0,3.0,2.0,24,14,9,2,18,0,6,0
309389,3873,0.0,2.0,1.0,4,1,1,1,2,0,1,1
309745,1310,0.0,4.0,0.0,2,2,2,1,0,0,2,0
310079,133,0.0,6.0,0.0,2,1,1,1,1,0,1,0
310445,4976,1.0,4.0,0.0,78,50,13,6,71,0,6,1
31113,542,0.0,5.0,1.0,4,2,1,1,3,0,1,0
311401,3399,0.0,6.0,0.0,2,1,1,1,1,0,1,0
311635,310,0.0,4.0,0.0,19,5,3,3,18,0,1,0
311874,4938,0.0,2.0,0.0,10,1,1,1,9,0,1,0
312152,467,0.0,3.0,0.0,1,1,1,1,0,0,1,0
312202,2193,0.0,0.0,null,3,2,1,1,1,0,2,0
312982,4976,0.0,0.0,0.0,14,8,6,2,7,0,1,6
313092,2954,0.0,3.0,1.0,6,3,2,2,4,0,2,0
313250,1679,0.0,5.0,1.0,15,8,2,1,13,0,2,0
31337,4043,0.0,2.0,0.0,22,12,4,1,17,0,4,1
314505,3986,0.0,0.0,1.0,1,1,1,1,0,0,1,0
314577,4079,0.0,4.0,0.0,2,1,1,1,1,0,1,0
314609,3271,0.0,0.0,0.0,5,1,1,2,4,0,1,0
314839,1272,0.0,5.0,0.0,10,6,3,4,9,0,1,0
315119,382,0.0,3.0,0.0,4,2,2,1,3,0,1,0
31543,1250,0.0,4.0,0.0,2,1,1,1,1,0,1,0
31560,4044,0.0,3.0,0.0,6,2,1,2,5,0,1,0
315679,4976,0.0,3.0,0.0,14,6,2,1,12,0,2,0
315703,1464,0.0,0.0,0.0,6,2,1,1,4,0,2,0
315796,2821,0.0,5.0,0.0,2,1,1,1,1,0,1,0
315864,1667,0.0,0.0,0.0,9,3,2,2,8,0,1,0
317180,2860,0.0,2.0,0.0,3,1,1,1,2,0,1,0
317397,4209,0.0,5.0,1.0,2,1,1,1,1,0,1,0
317469,3828,1.0,4.0,1.0,8,1,1,2,7,0,1,0
317503,682,0.0,3.0,0.0,13,4,2,2,11,0,2,0
317518,608,0.0,6.0,0.0,9,5,3,2,8,0,1,0
317575,2883,1.0,3.0,1.0,8,4,1,5,3,0,1,4
317616,2320,0.0,6.0,0.0,1,1,1,1,0,0,1,0
31772,4044,0.0,0.0,1.0,26,10,4,2,24,1,1,0
317854,4584,0.0,5.0,1.0,7,1,1,1,6,0,1,0
31815,2031,0.0,3.0,0.0,4,1,1,2,3,0,1,0
3185,4394,0.0,3.0,0.0,2,1,1,1,1,0,1,0
31898,625,0.0,0.0,0.0,7,2,1,2,6,0,1,0
319316,359,0.0,3.0,0.0,14,11,4,1,12,0,2,0
319367,1890,0.0,4.0,0.0,8,4,1,1,7,0,1,0
319494,1150,0.0,0.0,1.0,3,1,1,1,2,0,1,0
319594,2454,0.0,0.0,0.0,26,13,7,1,23,0,3,0
321015,4287,0.0,4.0,0.0,1,1,1,1,0,0,1,0
321535,2082,0.0,4.0,0.0,13,2,1,5,11,0,1,1
321740,2565,0.0,4.0,0.0,1,1,1,1,0,0,1,0
321786,652,0.0,4.0,0.0,14,7,2,3,12,0,2,0
321987,1810,0.0,4.0,2.0,8,2,1,2,6,0,2,0
322256,4966,0.0,4.0,0.0,1,1,1,1,0,0,1,0
323221,505,0.0,2.0,1.0,21,3,2,2,19,0,1,1
32326,1346,0.0,4.0,0.0,5,2,1,1,4,0,1,0
323401,4049,0.0,4.0,0.0,2,1,1,1,1,0,1,0
324051,1557,0.0,2.0,1.0,10,5,3,3,9,0,1,0
324133,4368,0.0,3.0,0.0,4,1,1,1,3,0,1,0
324196,574,0.0,6.0,0.0,3,1,1,1,2,0,1,0
325060,630,0.0,4.0,0.0,2,1,1,1,1,0,1,0
325772,2537,0.0,0.0,0.0,15,4,3,7,13,0,1,1
32587,4265,0.0,2.0,0.0,27,13,6,1,25,0,2,0
326081,4847,1.0,3.0,0.0,60,39,11,6,51,0,2,7
326146,1708,0.0,4.0,1.0,11,4,1,3,9,0,1,1
326530,310,0.0,3.0,1.0,1,1,1,1,0,0,1,0
327001,798,0.0,3.0,0.0,17,6,6,1,11,0,6,0
327764,4958,0.0,0.0,0.0,2,1,1,1,1,0,1,0
327901,293,0.0,2.0,0.0,3,1,1,1,2,0,1,0
327936,798,0.0,4.0,0.0,4,2,2,1,3,0,1,0
328158,2856,0.0,6.0,0.0,5,2,1,3,4,0,1,0
328361,2796,0.0,3.0,1.0,8,4,2,1,7,0,1,0
328911,3959,0.0,3.0,1.0,3,1,1,1,2,0,1,0
329194,4044,0.0,4.0,0.0,4,2,1,2,1,0,1,2
329336,3912,0.0,4.0,0.0,7,1,1,1,6,0,1,0
329620,2108,0.0,3.0,0.0,6,1,1,1,5,0,1,0
329752,4173,0.0,0.0,0.0,69,27,9,9,58,0,1,10
329770,3205,0.0,3.0,0.0,34,8,2,1,25,0,1,8
329809,4932,0.0,0.0,0.0,1,1,1,1,0,0,1,0
330025,1487,0.0,3.0,0.0,17,4,1,4,14,2,1,0
330983,203,0.0,6.0,0.0,7,1,1,4,4,0,1,2
331000,3622,0.0,4.0,0.0,5,1,1,1,4,0,1,0
331338,1520,0.0,0.0,0.0,2,1,1,1,1,0,1,0
331399,1916,0.0,0.0,null,5,3,1,1,4,0,1,0
331428,316,0.0,6.0,1.0,2,1,1,1,1,0,1,0
332203,1500,0.0,5.0,0.0,4,4,1,2,3,0,1,0
332241,1200,0.0,0.0,1.0,4,1,1,1,3,0,1,0
332329,1393,0.0,3.0,0.0,23,14,8,2,22,0,1,0
332900,3905,0.0,4.0,0.0,3,1,1,1,2,0,1,0
333537,4960,0.0,4.0,1.0,4,1,1,1,3,0,1,0
333570,2099,0.0,2.0,0.0,2,1,1,1,1,0,1,0
333668,598,0.0,3.0,1.0,9,1,1,5,8,0,1,0
333765,2767,0.0,0.0,0.0,2,1,1,1,1,0,1,0
334464,4170,0.0,5.0,0.0,23,3,1,1,21,0,2,0
334495,778,0.0,3.0,1.0,2,1,1,1,1,0,1,0
334741,855,0.0,0.0,0.0,5,1,1,2,3,0,1,1
334838,4976,0.0,5.0,0.0,12,5,2,2,10,0,1,1
334933,3965,0.0,2.0,0.0,3,1,1,1,2,0,1,0
334996,1168,0.0,0.0,0.0,16,10,5,1,10,0,3,3
335366,4245,0.0,0.0,0.0,2,1,1,1,1,0,1,0
335449,4425,0.0,6.0,0.0,3,1,1,1,2,0,1,0
33595,1203,0.0,4.0,0.0,3,1,1,1,2,0,1,0
336369,684,0.0,4.0,0.0,3,2,2,1,1,0,2,0
337795,2052,0.0,2.0,0.0,4,1,1,1,3,0,1,0
337886,3887,0.0,4.0,2.0,13,4,2,4,11,0,1,1
338801,4760,0.0,3.0,1.0,10,5,4,1,9,0,1,0
339943,4847,0.0,2.0,0.0,48,29,8,3,40,0,3,5
339992,4554,0.0,3.0,1.0,1,1,1,1,0,0,1,0
340020,3828,0.0,4.0,1.0,2,1,1,2,0,0,1,1
340158,1346,0.0,4.0,1.0,31,5,1,4,26,0,2,3
34077,1923,0.0,4.0,2.0,2,1,1,1,1,0,1,0
340774,1749,1.0,3.0,0.0,5,3,3,2,1,0,3,1
341068,255,0.0,2.0,0.0,3,2,2,2,2,0,1,0
341181,2954,0.0,4.0,0.0,2,1,1,1,0,0,2,0
341347,594,0.0,4.0,0.0,4,2,2,1,3,0,1,0
341746,1020,0.0,3.0,0.0,3,1,1,2,1,1,1,0
341839,2173,0.0,4.0,1.0,14,9,1,1,11,0,1,2
341953,2883,1.0,6.0,0.0,3,3,2,2,2,0,1,0
342004,2565,0.0,0.0,0.0,2,1,1,1,1,0,1,0
342298,361,0.0,0.0,0.0,56,13,2,4,53,0,2,1
343049,4488,0.0,4.0,1.0,18,2,1,3,17,0,1,0
3435,3819,0.0,4.0,0.0,2,1,1,1,1,0,1,0
343652,3163,0.0,2.0,1.0,12,2,1,2,9,0,3,0
344597,4818,0.0,0.0,1.0,24,9,5,2,21,0,2,1
344656,3766,0.0,5.0,0.0,4,3,3,1,3,0,1,0
3447,1861,0.0,7.0,0.0,5,1,1,1,3,0,1,1
344942,121,0.0,4.0,0.0,2,1,1,1,1,0,1,0
345382,4101,0.0,0.0,0.0,1,1,1,1,0,0,1,0
345450,3350,0.0,0.0,0.0,1,1,1,1,0,0,1,0
346994,2173,0.0,0.0,0.0,7,5,1,1,6,0,1,0
347206,2954,0.0,7.0,0.0,9,4,4,2,6,0,3,0
347536,4594,0.0,2.0,1.0,8,6,1,1,7,0,1,0
347657,941,0.0,4.0,0.0,9,3,1,1,8,0,1,0
347941,3828,0.0,0.0,0.0,4,3,3,3,3,0,1,0
348068,3955,0.0,0.0,0.0,1,1,1,1,0,0,1,0
348552,1193,0.0,4.0,0.0,2,1,1,1,1,0,1,0
348790,1447,0.0,6.0,1.0,4,1,1,1,3,0,1,0
349058,4745,0.0,0.0,0.0,1,1,1,1,0,0,1,0
349268,1102,1.0,5.0,1.0,3,2,2,2,2,0,1,0
349527,1056,0.0,3.0,0.0,29,17,8,3,25,0,1,3
34954,773,0.0,0.0,0.0,31,17,8,2,30,0,1,0
349724,2565,0.0,4.0,0.0,4,3,1,2,3,0,1,0
35011,3753,0.0,3.0,1.0,5,1,1,2,4,0,1,0
350278,1346,0.0,0.0,0.0,14,1,1,2,11,0,1,2
350494,1285,0.0,3.0,0.0,1,1,1,1,0,0,1,0
350670,2482,0.0,2.0,0.0,3,2,2,3,0,0,1,2
350771,3862,1.0,2.0,1.0,3,1,1,1,2,0,1,0
350917,1200,0.0,0.0,0.0,10,6,1,2,9,0,1,0
351053,598,0.0,3.0,0.0,4,1,1,1,3,0,1,0
351307,2477,0.0,3.0,0.0,16,8,6,2,14,0,1,1
351405,2882,0.0,4.0,0.0,14,10,2,1,13,0,1,0
351445,2193,0.0,4.0,0.0,11,6,2,1,10,0,1,0
351447,3323,1.0,3.0,0.0,2,2,1,1,0,0,2,0
35152,2170,0.0,4.0,0.0,3,1,1,2,2,0,1,0
351523,3160,0.0,3.0,0.0,5,2,2,1,3,0,2,0
351589,1861,0.0,3.0,1.0,10,1,1,1,9,0,1,0
352323,361,0.0,2.0,0.0,19,13,3,1,18,0,1,0
352341,3727,0.0,3.0,0.0,5,2,1,1,4,0,1,0
352587,4173,0.0,4.0,0.0,15,3,1,3,11,0,1,3
352649,2696,0.0,4.0,1.0,1,1,1,1,0,0,1,0
353,1346,1.0,0.0,0.0,4,1,1,1,3,0,1,0
353363,1102,0.0,4.0,0.0,25,13,3,3,23,0,2,0
354183,4976,0.0,3.0,0.0,19,15,6,4,18,0,1,0
354632,3954,0.0,3.0,0.0,2,1,1,1,1,0,1,0
354743,671,0.0,5.0,1.0,1,1,1,1,0,0,1,0
35511,4042,1.0,4.0,1.0,3,2,1,1,2,0,1,0
35593,66,0.0,3.0,0.0,4,3,1,1,3,0,1,0
356224,951,1.0,3.0,0.0,2,1,1,1,1,0,1,0
356240,3657,0.0,2.0,1.0,1,1,1,1,0,0,1,0
356243,1666,0.0,5.0,0.0,51,27,9,4,50,0,1,0
35687,3126,0.0,5.0,0.0,2,1,1,1,1,0,1,0
35751,4282,0.0,4.0,2.0,11,3,1,3,10,0,1,0
357588,1393,0.0,0.0,0.0,5,3,2,1,4,0,1,0
358036,3374,0.0,0.0,null,87,33,3,1,86,0,1,0
35828,219,0.0,6.0,0.0,14,4,2,5,11,0,2,1
358377,3682,0.0,3.0,0.0,36,6,2,1,28,0,5,3
35839,3484,0.0,7.0,0.0,8,5,1,1,7,0,1,0
359258,2397,0.0,3.0,0.0,4,2,2,1,2,0,2,0
359501,2454,0.0,0.0,1.0,4,1,1,1,3,0,1,0
359732,4569,0.0,7.0,2.0,4,1,1,2,3,0,1,0
35983,3588,0.0,5.0,1.0,2,1,1,1,1,0,1,0
359860,3080,0.0,3.0,1.0,2,1,1,1,1,0,1,0
359980,3567,0.0,3.0,0.0,17,4,1,1,11,0,6,0
360567,3291,0.0,4.0,1.0,4,1,1,1,3,0,1,0
360791,1659,0.0,4.0,0.0,2,1,1,2,1,0,1,0
361239,1895,0.0,3.0,0.0,6,2,2,2,5,0,1,0
361285,3205,0.0,4.0,0.0,1,1,1,1,0,0,1,0
361373,323,0.0,3.0,1.0,6,3,1,2,3,0,1,2
361499,3304,0.0,3.0,0.0,20,9,5,7,19,0,1,0
361639,1407,0.0,5.0,0.0,1,1,1,1,0,0,1,0
362058,246,0.0,3.0,0.0,18,5,1,1,17,0,1,0
362102,3623,0.0,3.0,0.0,2,1,1,2,1,0,1,0
362224,1679,0.0,8.0,0.0,33,6,2,1,31,0,2,0
362450,2569,0.0,3.0,0.0,1,1,1,1,0,0,1,0
362628,4048,1.0,0.0,0.0,7,1,1,1,6,0,1,0
362656,1134,0.0,4.0,0.0,3,1,1,1,2,0,1,0
363100,2273,0.0,3.0,0.0,5,1,1,3,3,0,1,1
363112,4048,0.0,3.0,1.0,3,1,1,2,2,0,1,0
363173,241,0.0,3.0,1.0,11,5,1,1,10,0,1,0
363375,2328,0.0,3.0,0.0,10,4,1,3,9,0,1,0
363376,1495,0.0,5.0,0.0,2,2,2,1,0,0,2,0
363985,2172,0.0,2.0,0.0,3,1,1,1,2,0,1,0
364575,1850,0.0,3.0,0.0,4,1,1,2,3,0,1,0
365025,3444,0.0,5.0,1.0,17,1,1,2,15,0,1,1
365112,4775,0.0,0.0,0.0,2,1,1,1,1,0,1,0
365265,159,0.0,5.0,0.0,3,1,1,1,2,0,1,0
365765,255,0.0,4.0,2.0,5,2,1,2,4,0,1,0
365840,3979,0.0,3.0,0.0,4,1,1,3,3,0,1,0
365931,4044,0.0,6.0,0.0,34,14,4,3,26,2,2,4
366161,4536,0.0,0.0,0.0,3,1,1,1,2,0,1,0
366516,1353,0.0,4.0,0.0,9,3,2,1,8,0,1,0
366582,4025,0.0,7.0,0.0,4,1,1,1,0,0,4,0
366693,4474,0.0,2.0,0.0,2,1,1,1,1,0,1,0
366992,590,0.0,2.0,0.0,12,8,5,2,11,0,1,0
367058,2537,0.0,2.0,0.0,5,3,2,3,0,0,2,3
368778,2242,0.0,5.0,1.0,12,8,3,2,10,0,2,0
369018,2901,0.0,6.0,0.0,14,2,1,4,12,0,1,1
369114,3984,0.0,2.0,0.0,10,7,2,1,9,0,1,0
369480,2720,0.0,0.0,0.0,2,1,1,1,1,0,1,0
369597,4933,0.0,2.0,0.0,4,1,1,1,3,0,1,0
36965,1393,0.0,0.0,0.0,10,9,5,1,1,0,9,0
369686,4747,0.0,3.0,1.0,11,3,2,1,8,0,3,0
36990,1481,0.0,3.0,1.0,3,1,1,1,2,0,1,0
369940,3839,0.0,6.0,0.0,26,15,2,3,25,0,1,0
37038,3451,0.0,6.0,0.0,11,1,1,1,10,0,1,0
370491,2238,0.0,3.0,2.0,2,1,1,2,1,0,1,0
370902,239,0.0,6.0,0.0,19,3,1,3,17,0,1,1
37210,2873,0.0,4.0,0.0,9,4,1,3,7,0,2,0
372492,3753,0.0,5.0,1.0,3,2,1,1,2,0,1,0
372891,2631,0.0,6.0,0.0,15,5,3,3,12,0,1,2
37334,3623,0.0,2.0,0.0,11,4,1,1,10,0,1,0
373374,649,0.0,0.0,0.0,6,3,1,2,5,0,1,0
373649,1346,1.0,3.0,0.0,30,15,1,1,28,0,2,0
373945,152,0.0,4.0,0.0,8,2,2,2,7,0,1,0
374541,963,0.0,2.0,1.0,10,5,2,3,8,0,2,0
375229,3291,0.0,3.0,0.0,3,1,1,1,2,0,1,0
375626,3955,0.0,3.0,0.0,2,2,1,1,0,0,2,0
376229,2128,0.0,3.0,0.0,3,1,1,2,2,0,1,0
376320,4978,0.0,4.0,1.0,1,1,1,1,0,0,1,0
37666,1102,1.0,5.0,0.0,13,10,4,1,11,0,2,0
377203,2876,0.0,2.0,2.0,1,1,1,1,0,0,1,0
377220,3578,0.0,5.0,0.0,7,3,1,3,6,0,1,0
377243,4658,0.0,4.0,1.0,8,5,1,3,6,0,1,1
377329,4607,0.0,6.0,0.0,65,11,2,2,60,0,2,3
377437,2913,0.0,3.0,1.0,4,1,1,1,3,0,1,0
377472,4968,0.0,6.0,0.0,2,1,1,1,1,0,1,0
377576,4196,0.0,3.0,1.0,6,1,1,1,5,0,1,0
378452,1581,0.0,3.0,0.0,99,11,1,1,95,0,4,0
378587,962,0.0,4.0,0.0,3,1,1,1,2,0,1,0
378711,4492,0.0,0.0,0.0,3,2,2,2,2,0,1,0
378943,1557,0.0,3.0,1.0,8,4,2,2,7,0,1,0
378984,4706,0.0,0.0,0.0,3,1,1,1,2,0,1,0
379041,1840,0.0,3.0,0.0,4,2,1,1,3,0,1,0
379455,3460,0.0,3.0,1.0,3,1,1,1,2,0,1,0
379811,1346,0.0,4.0,0.0,4,3,1,2,3,0,1,0
380514,4768,1.0,0.0,0.0,23,14,2,4,22,0,1,0
381552,4775,0.0,0.0,0.0,3,1,1,1,2,0,1,0
381627,1246,0.0,6.0,1.0,3,2,1,2,2,0,1,0
381681,1944,0.0,4.0,0.0,27,13,5,3,23,0,4,0
381712,897,0.0,4.0,0.0,11,7,6,2,9,0,2,0
381939,1116,0.0,0.0,0.0,8,3,1,2,6,0,2,0
381982,1861,0.0,3.0,1.0,12,5,1,3,11,0,1,0
382138,1910,0.0,6.0,1.0,6,1,1,2,5,0,1,0
382205,239,0.0,6.0,0.0,6,1,1,2,5,0,1,0
382366,3401,0.0,0.0,0.0,3,1,1,1,2,0,1,0
382689,4378,0.0,0.0,0.0,2,1,1,1,1,0,1,0
38293,4732,0.0,3.0,0.0,6,3,2,2,5,0,1,0
383227,1346,0.0,6.0,1.0,7,4,1,1,5,0,2,0
383427,3578,0.0,3.0,0.0,6,3,1,1,5,0,1,0
383466,4976,0.0,0.0,0.0,22,11,5,5,18,0,1,3
383534,4760,0.0,5.0,1.0,5,2,2,1,3,0,2,0
383747,3220,0.0,0.0,0.0,8,1,1,1,7,0,1,0
383758,2173,0.0,0.0,0.0,10,3,1,2,9,0,1,0
38442,1102,0.0,3.0,0.0,29,16,7,5,26,0,1,2
384424,437,0.0,6.0,0.0,8,2,1,1,7,0,1,0
384443,3102,0.0,0.0,0.0,2,1,1,1,1,0,1,0
384907,3828,0.0,4.0,1.0,5,1,1,1,4,0,1,0
385311,2545,0.0,3.0,1.0,9,3,1,2,7,0,2,0
385507,2872,0.0,4.0,1.0,6,2,2,2,5,0,1,0
385546,3249,0.0,0.0,1.0,1,1,1,1,0,0,1,0
385729,4044,0.0,2.0,0.0,11,3,3,1,9,0,2,0
385806,1111,0.0,3.0,0.0,1,1,1,1,0,0,1,0
386544,2928,0.0,4.0,0.0,7,5,1,1,6,0,1,0
386689,2537,0.0,6.0,0.0,10,5,3,3,6,0,4,0
386800,66,0.0,2.0,0.0,14,5,3,2,11,0,2,1
387202,2173,0.0,6.0,0.0,15,9,4,2,14,0,1,0
387641,2821,0.0,0.0,0.0,3,1,1,1,2,0,1,0
388299,879,0.0,4.0,0.0,3,1,1,1,2,0,1,0
3889,2277,0.0,0.0,1.0,4,1,1,2,2,0,2,0
38896,2193,0.0,4.0,2.0,2,1,1,1,1,0,1,0
389414,3929,0.0,3.0,1.0,11,2,1,1,9,0,1,1
389800,3734,0.0,6.0,1.0,1,1,1,1,0,0,1,0
389961,416,0.0,6.0,0.0,6,4,1,1,5,0,1,0
39076,3580,0.0,4.0,0.0,43,27,3,4,40,0,3,0
390843,3545,0.0,3.0,1.0,18,6,1,1,16,0,1,1
390989,4600,1.0,6.0,0.0,4,1,1,1,3,0,1,0
391026,4760,1.0,3.0,1.0,7,3,2,1,5,0,2,0
391474,262,0.0,0.0,1.0,17,5,3,2,15,0,1,1
391902,4427,0.0,3.0,1.0,1,1,1,1,0,0,1,0
392185,4115,0.0,5.0,1.0,56,14,3,6,55,0,1,0
392401,4044,0.0,6.0,null,41,16,3,2,39,0,2,0
392530,1272,1.0,6.0,1.0,20,7,5,3,13,0,6,1
392863,4173,0.0,0.0,0.0,6,2,1,1,5,0,1,0
392911,2981,1.0,3.0,0.0,3,2,1,2,2,0,1,0
393094,4048,0.0,0.0,1.0,6,4,1,1,5,0,1,0
394664,2590,0.0,4.0,1.0,16,6,2,1,11,0,5,0
394698,4848,0.0,4.0,1.0,11,10,1,1,10,0,1,0
394842,2856,0.0,4.0,1.0,2,1,1,1,1,0,1,0
394966,1356,0.0,4.0,0.0,9,2,1,2,6,0,1,2
395089,259,0.0,2.0,0.0,5,1,1,1,4,0,1,0
39525,3455,0.0,5.0,0.0,40,19,2,4,38,0,2,0
39549,685,0.0,5.0,0.0,50,6,3,4,48,0,2,0
395617,2639,0.0,0.0,0.0,26,12,7,2,22,1,3,0
395779,2415,0.0,2.0,0.0,4,1,1,1,3,0,1,0
397046,1724,0.0,0.0,0.0,1,1,1,1,0,0,1,0
397167,4183,0.0,2.0,0.0,1,1,1,1,0,0,1,0
397540,1050,0.0,3.0,0.0,2,1,1,1,1,0,1,0
397626,4731,0.0,0.0,0.0,3,1,1,1,2,0,1,0
398484,2545,0.0,3.0,0.0,19,4,4,2,16,0,3,0
398594,10,0.0,0.0,0.0,4,2,1,1,3,0,1,0
39885,4966,0.0,5.0,0.0,10,8,4,1,4,0,6,0
399083,1102,0.0,4.0,1.0,8,6,5,3,7,0,1,0
399292,4745,0.0,5.0,0.0,4,2,1,1,3,0,1,0
40012,1964,0.0,3.0,0.0,27,7,5,3,23,0,4,0
400154,2081,0.0,2.0,0.0,2,2,1,2,0,0,1,1
400305,1393,0.0,3.0,0.0,7,6,5,5,1,0,1,5
400674,259,0.0,7.0,1.0,3,1,1,1,2,0,1,0
400693,1495,0.0,5.0,0.0,37,20,2,4,36,0,1,0
40083,4760,0.0,6.0,1.0,2,1,1,1,1,0,1,0
40094,1204,0.0,0.0,1.0,4,1,1,1,3,0,1,0
400993,586,0.0,4.0,0.0,12,9,4,2,10,0,1,1
401640,2545,1.0,3.0,1.0,11,6,3,1,9,0,2,0
402117,1659,0.0,4.0,0.0,4,1,1,2,2,0,1,1
402530,946,0.0,0.0,0.0,12,3,2,2,10,0,2,0
402739,3463,0.0,6.0,0.0,15,4,3,2,13,1,1,0
403096,3687,0.0,4.0,1.0,3,1,1,1,2,0,1,0
404446,396,0.0,2.0,0.0,7,1,1,1,6,0,1,0
404494,551,0.0,0.0,2.0,4,2,2,2,3,0,1,0
405184,323,0.0,3.0,0.0,24,5,1,4,21,0,1,2
405249,911,0.0,0.0,0.0,1,1,1,1,0,0,1,0
40563,2537,0.0,0.0,0.0,3,1,1,1,2,0,1,0
405673,2995,0.0,4.0,0.0,43,13,6,2,41,0,1,1
405740,1049,0.0,2.0,1.0,2,2,2,2,1,0,1,0
405818,359,0.0,3.0,0.0,16,6,2,4,14,0,1,1
40584,4726,0.0,3.0,0.0,1,1,1,1,0,0,1,0
406415,1487,0.0,2.0,0.0,9,7,1,3,8,0,1,0
406567,1618,0.0,3.0,0.0,26,13,2,1,25,0,1,0
406607,3734,0.0,3.0,0.0,9,4,3,3,6,0,2,1
407273,66,1.0,4.0,1.0,2,1,1,1,1,0,1,0
407291,3419,0.0,2.0,1.0,6,2,1,1,5,0,1,0
407594,4171,0.0,5.0,0.0,9,3,2,1,3,0,6,0
407870,1000,0.0,3.0,0.0,9,3,3,2,8,0,1,0
407910,3897,0.0,2.0,1.0,3,1,1,2,2,0,1,0
407983,2664,0.0,5.0,0.0,153,67,4,8,144,0,2,7
408032,4048,0.0,2.0,0.0,1,1,1,1,0,0,1,0
40807,3319,0.0,7.0,null,3,1,1,1,2,0,1,0
408632,3990,0.0,4.0,0.0,9,3,1,1,8,0,1,0
408831,786,0.0,6.0,0.0,14,4,2,3,12,0,1,1
40921,1541,0.0,2.0,0.0,2,1,1,2,1,0,1,0
409266,1102,0.0,3.0,0.0,11,7,3,4,10,0,1,0
409334,23,0.0,0.0,0.0,2,1,1,1,1,0,1,0
409396,112,0.0,6.0,0.0,5,1,1,1,4,0,1,0
410455,3103,0.0,6.0,1.0,26,2,1,1,25,0,1,0
410782,4783,0.0,0.0,0.0,10,2,2,2,6,0,3,1
411914,4860,0.0,4.0,1.0,20,1,1,3,18,0,2,0
411917,3779,0.0,3.0,1.0,5,1,1,2,3,0,2,0
412253,2447,0.0,4.0,1.0,4,1,1,2,3,0,1,0
412976,4049,1.0,3.0,0.0,8,6,4,2,7,0,1,0
413083,2448,0.0,0.0,1.0,7,5,2,1,6,0,1,0
413534,2821,0.0,4.0,0.0,18,5,2,1,17,0,1,0
413847,3080,0.0,2.0,0.0,1,1,1,1,0,0,1,0
413855,1276,0.0,2.0,0.0,14,3,1,1,13,0,1,0
414471,4385,0.0,3.0,2.0,3,1,1,1,2,0,1,0
414806,2170,0.0,2.0,1.0,2,1,1,1,1,0,1,0
414885,1203,0.0,4.0,0.0,15,5,2,2,13,0,1,1
415050,4170,0.0,4.0,1.0,3,2,1,1,2,0,1,0
415258,4173,0.0,3.0,0.0,22,8,4,2,21,0,1,0
41551,1322,0.0,4.0,0.0,4,2,1,1,3,0,1,0
415990,1347,0.0,2.0,0.0,1,1,1,1,0,0,1,0
416180,3828,0.0,2.0,null,27,1,1,2,26,0,1,0
416307,4173,0.0,5.0,1.0,35,12,5,9,34,0,1,0
41631,2031,0.0,0.0,1.0,11,3,1,2,9,0,1,1
416386,786,0.0,3.0,0.0,6,3,2,1,5,0,1,0
416746,4966,0.0,4.0,0.0,1,1,1,1,0,0,1,0
416917,594,0.0,3.0,0.0,3,1,1,1,2,0,1,0
417073,219,0.0,0.0,0.0,6,1,1,3,4,0,1,1
417097,4150,0.0,4.0,0.0,3,1,1,1,2,0,1,0
41712,4771,0.0,7.0,1.0,3,1,1,1,2,0,1,0
417350,1076,0.0,6.0,0.0,10,2,1,4,7,0,2,1
417622,4847,0.0,6.0,1.0,4,2,2,1,3,0,1,0
417696,3650,0.0,0.0,0.0,2,2,2,1,0,0,2,0
417756,3545,1.0,4.0,2.0,3,1,1,1,2,0,1,0
418531,1755,0.0,3.0,0.0,4,1,1,2,3,0,1,0
418581,3602,0.0,0.0,0.0,20,2,1,2,19,0,1,0
418836,2277,0.0,0.0,0.0,11,6,3,1,10,0,1,0
41896,4607,0.0,3.0,1.0,4,1,1,2,3,0,1,0
41909,2441,0.0,5.0,0.0,16,5,1,5,11,0,1,4
419153,3018,1.0,7.0,1.0,1,1,1,1,0,0,1,0
419220,4079,0.0,2.0,0.0,4,4,1,1,0,0,4,0
419295,4043,0.0,3.0,0.0,3,2,2,1,2,0,1,0
419301,1978,0.0,3.0,0.0,21,9,3,4,18,0,2,1
420418,168,0.0,3.0,0.0,9,4,1,3,7,0,1,1
420467,2138,0.0,3.0,0.0,8,5,2,3,7,0,1,0
420882,1916,0.0,3.0,0.0,2,2,1,1,0,0,2,0
421124,2140,0.0,7.0,0.0,38,10,1,4,30,0,6,2
421156,4468,0.0,2.0,1.0,7,1,1,2,6,0,1,0
421446,4110,0.0,2.0,1.0,7,1,1,1,6,0,1,0
421561,3567,0.0,0.0,0.0,4,2,1,1,3,0,1,0
42163,2284,0.0,0.0,1.0,6,1,1,1,4,0,2,0
421737,3433,0.0,4.0,0.0,1,1,1,1,0,0,1,0
422122,4607,0.0,0.0,0.0,16,5,3,2,13,0,1,2
422391,275,0.0,6.0,0.0,12,1,1,1,11,0,1,0
422456,4181,0.0,3.0,0.0,2,1,1,1,0,0,2,0
422472,4150,0.0,3.0,1.0,9,5,3,2,8,0,1,0
422552,66,0.0,2.0,1.0,2,1,1,1,1,0,1,0
423140,4044,0.0,3.0,0.0,11,8,3,2,10,0,1,0
423210,3642,0.0,2.0,0.0,13,1,1,2,11,0,1,1
423374,4670,0.0,4.0,0.0,11,6,1,3,8,0,3,0
423890,1355,0.0,4.0,0.0,8,2,1,3,7,0,1,0
423920,1861,1.0,5.0,0.0,3,1,1,1,2,0,1,0
424110,3619,0.0,2.0,0.0,10,3,1,1,9,0,1,0
42599,1963,0.0,4.0,0.0,9,3,1,1,8,0,1,0
42717,804,0.0,3.0,0.0,5,1,1,1,4,0,1,0
43128,4173,0.0,0.0,0.0,3,1,1,1,2,0,1,0
4343,4170,0.0,4.0,0.0,7,2,1,1,6,0,1,0
43816,2036,0.0,3.0,1.0,3,1,1,1,1,0,2,0
43986,2664,0.0,3.0,0.0,5,3,1,1,4,0,1,0
44439,414,0.0,4.0,0.0,3,2,2,1,2,0,1,0
44825,2318,0.0,4.0,0.0,3,2,1,1,2,0,1,0
44846,2138,0.0,5.0,2.0,29,12,5,7,20,0,6,3
45048,1134,0.0,3.0,0.0,2,1,1,1,1,0,1,0
46098,3941,0.0,3.0,0.0,19,6,1,5,18,0,1,0
46288,4325,0.0,0.0,0.0,2,1,1,1,1,0,1,0
46336,3476,0.0,5.0,0.0,27,10,8,7,15,0,2,10
46496,227,0.0,2.0,0.0,37,13,2,4,33,0,2,2
46802,606,0.0,2.0,0.0,9,3,1,3,7,0,1,1
4749,3205,0.0,4.0,0.0,4,2,2,2,3,0,1,0
47543,4170,0.0,4.0,1.0,6,5,1,1,5,0,1,0
48203,1283,0.0,0.0,0.0,5,3,2,2,3,1,1,0
48273,3463,0.0,5.0,0.0,8,1,1,2,6,0,1,1
48300,731,0.0,4.0,1.0,15,1,1,2,13,1,1,0
48557,3635,0.0,4.0,1.0,21,1,1,6,19,0,1,1
48643,2569,0.0,0.0,0.0,11,1,1,2,8,0,1,2
48939,1679,0.0,4.0,0.0,27,10,2,3,21,0,2,4
49996,4090,0.0,4.0,1.0,1,1,1,1,0,0,1,0
50301,13,0.0,3.0,0.0,1,1,1,1,0,0,1,0
50368,2511,0.0,6.0,0.0,1,1,1,1,0,0,1,0
5053,1340,0.0,2.0,1.0,6,3,2,1,5,0,1,0
50665,121,0.0,0.0,2.0,30,19,3,4,28,0,1,1
51297,542,0.0,3.0,0.0,2,1,1,1,0,0,1,1
52276,3170,0.0,4.0,0.0,5,1,1,2,4,0,1,0
52864,2128,0.0,4.0,0.0,2,1,1,1,1,0,1,0
52935,4427,0.0,3.0,1.0,3,1,1,1,2,0,1,0
53098,4750,0.0,4.0,0.0,5,1,1,1,4,0,1,0
53221,3319,0.0,4.0,0.0,2,1,1,1,1,0,1,0
53223,4442,0.0,2.0,0.0,2,1,1,1,1,0,1,0
53504,4143,0.0,6.0,0.0,3,1,1,1,2,0,1,0
53606,326,0.0,5.0,2.0,2,1,1,1,1,0,1,0
53805,3820,0.0,6.0,0.0,2,1,1,1,0,0,2,0
54036,4234,0.0,5.0,0.0,5,3,1,1,3,0,2,0
54187,1884,0.0,4.0,0.0,12,5,3,5,10,0,1,1
5495,3230,1.0,2.0,0.0,3,1,1,1,2,0,1,0
55373,4605,0.0,0.0,0.0,5,2,2,1,3,0,2,0
55583,4536,0.0,0.0,0.0,3,1,1,1,2,0,1,0
55724,2108,0.0,3.0,1.0,4,1,1,2,3,0,1,0
55880,4717,0.0,3.0,1.0,4,3,1,1,3,0,1,0
56503,10,0.0,0.0,1.0,5,2,2,1,3,0,2,0
57042,2981,0.0,3.0,0.0,6,2,2,1,4,0,2,0
57487,370,0.0,2.0,1.0,1,1,1,1,0,0,1,0
57865,3241,0.0,4.0,1.0,13,3,1,3,11,0,1,1
57890,4049,0.0,0.0,0.0,18,2,2,4,14,0,2,2
58039,263,0.0,2.0,0.0,1,1,1,1,0,0,1,0
58434,653,0.0,3.0,1.0,6,1,1,1,5,0,1,0
5875,2565,0.0,3.0,0.0,22,3,1,1,19,1,2,0
59034,606,0.0,0.0,0.0,12,11,6,3,8,0,3,1
59048,2856,0.0,2.0,0.0,4,1,1,3,3,0,1,0
59806,1031,0.0,4.0,2.0,8,3,1,1,7,0,1,0
60414,467,0.0,0.0,0.0,7,4,4,3,6,0,1,0
61724,588,0.0,2.0,1.0,4,3,1,1,3,0,1,0
62117,1760,0.0,6.0,0.0,17,7,1,2,14,0,2,1
62249,1916,0.0,5.0,0.0,3,1,1,2,2,0,1,0
62530,2175,0.0,3.0,0.0,9,2,1,1,8,0,1,0
62606,1131,0.0,4.0,0.0,31,12,6,1,30,0,1,0
62786,1678,0.0,0.0,0.0,3,1,1,1,2,0,1,0
62862,1487,0.0,4.0,0.0,25,9,1,5,24,0,1,0
62897,3925,0.0,3.0,2.0,32,11,4,4,28,0,1,3
62956,598,0.0,3.0,0.0,14,4,1,2,12,0,1,1
6296,2721,0.0,0.0,0.0,12,2,1,1,11,0,1,0
63938,3578,0.0,4.0,0.0,4,1,1,3,3,0,1,0
64586,1892,0.0,3.0,0.0,32,15,4,5,29,0,2,1
65371,1077,0.0,0.0,0.0,5,1,1,1,4,0,1,0
6546,4864,0.0,3.0,0.0,2,1,1,1,1,0,1,0
6551,4234,0.0,0.0,1.0,7,1,1,3,5,0,1,1
65773,2138,0.0,3.0,0.0,33,14,3,1,29,0,4,0
65978,798,0.0,2.0,0.0,5,3,2,1,2,0,2,1
66046,4322,0.0,3.0,1.0,8,2,1,3,7,0,1,0
66277,742,0.0,3.0,0.0,2,1,1,1,1,0,1,0
67299,586,0.0,5.0,0.0,5,3,2,3,4,0,1,0
67919,4044,0.0,3.0,0.0,29,12,6,2,24,0,2,3
68117,643,0.0,0.0,0.0,2,1,1,2,0,0,1,1
6815,2799,0.0,3.0,1.0,3,1,1,1,2,0,1,0
68322,316,1.0,2.0,1.0,7,1,1,2,6,0,1,0
68398,2031,0.0,0.0,0.0,1,1,1,1,0,0,1,0
68544,66,0.0,3.0,0.0,7,5,1,1,6,0,1,0
69089,1111,0.0,5.0,2.0,5,1,1,1,4,0,1,0
69438,3853,0.0,0.0,0.0,27,3,2,5,25,0,1,1
69653,3304,0.0,0.0,0.0,18,5,2,4,14,0,1,3
70072,3350,0.0,0.0,0.0,7,4,1,2,6,0,1,0
70286,1131,0.0,3.0,0.0,5,3,2,1,4,0,1,0
70531,4966,0.0,0.0,0.0,5,3,2,2,4,0,1,0
71329,824,0.0,7.0,0.0,4,2,1,1,2,0,2,0
72238,1760,0.0,4.0,0.0,38,16,2,1,36,0,2,0
72646,3753,0.0,4.0,1.0,10,3,1,2,9,0,1,0
73184,2935,0.0,4.0,0.0,3,1,1,1,2,0,1,0
73625,1504,0.0,4.0,1.0,10,1,1,2,9,0,1,0
73632,3080,0.0,3.0,1.0,5,2,1,3,4,0,1,0
74088,3016,0.0,0.0,0.0,15,7,3,2,13,0,2,0
74101,4444,0.0,0.0,1.0,29,9,3,5,28,0,1,0
74433,4173,0.0,6.0,0.0,13,11,4,5,11,0,2,0
74696,3159,0.0,4.0,0.0,7,4,3,2,6,0,1,0
74742,114,0.0,3.0,1.0,2,1,1,1,0,0,2,0
749,2303,0.0,6.0,0.0,31,15,1,5,29,0,1,1
75141,1890,0.0,5.0,0.0,10,7,3,5,9,0,1,0
75620,523,0.0,0.0,0.0,25,18,1,5,23,0,1,1
76321,4992,0.0,3.0,1.0,6,3,1,1,5,0,1,0
76579,2309,0.0,3.0,0.0,3,1,1,1,2,0,1,0
76925,1861,0.0,null,null,7,2,2,1,6,0,1,0
77159,4527,0.0,4.0,0.0,17,8,1,4,16,0,1,0
77536,3127,0.0,3.0,0.0,20,4,1,6,19,0,1,0
77655,4954,0.0,2.0,1.0,24,12,6,2,22,0,2,0
77666,1020,0.0,0.0,0.0,10,1,1,2,9,0,1,0
7769,3480,0.0,4.0,1.0,1,1,1,1,0,0,1,0
77765,1724,0.0,4.0,0.0,8,6,2,3,7,0,1,0
77845,467,0.0,4.0,1.0,3,1,1,1,2,0,1,0
77892,2124,0.0,4.0,0.0,10,3,1,1,9,0,1,0
78136,4282,0.0,3.0,0.0,9,3,1,1,8,0,1,0
78161,3163,0.0,4.0,0.0,3,1,1,1,0,0,3,0
78206,2810,0.0,2.0,1.0,8,2,1,1,7,0,1,0
78539,1780,0.0,0.0,0.0,1,1,1,1,0,0,1,0
79275,3525,0.0,3.0,2.0,4,3,1,1,3,0,1,0
79280,534,0.0,0.0,0.0,2,1,1,1,1,0,1,0
7974,2155,0.0,3.0,1.0,4,1,1,1,3,0,1,0
80075,1689,0.0,5.0,1.0,10,4,3,1,5,0,5,0
80299,1501,0.0,0.0,0.0,12,5,2,2,10,0,2,0
80348,2587,0.0,2.0,1.0,5,1,1,1,4,0,1,0
80644,2138,0.0,5.0,0.0,20,11,2,2,18,0,2,0
81646,3734,0.0,0.0,1.0,13,6,2,2,9,1,1,2
81927,2273,0.0,3.0,2.0,26,6,1,10,23,0,1,2
81937,1708,0.0,3.0,0.0,6,1,1,1,5,0,1,0
8198,4198,1.0,6.0,0.0,15,3,1,2,11,0,4,0
83547,1963,0.0,3.0,1.0,22,12,1,6,20,0,1,1
83754,3323,0.0,3.0,2.0,3,3,1,2,2,0,1,0
83837,1816,0.0,0.0,1.0,10,2,1,3,9,0,1,0
84049,2036,0.0,2.0,0.0,11,3,3,1,9,0,2,0
84176,121,0.0,0.0,0.0,10,7,2,2,8,0,1,1
84437,3476,0.0,4.0,2.0,23,7,6,5,22,0,1,0
8462,1916,0.0,4.0,0.0,1,1,1,1,0,0,1,0
84659,1356,0.0,7.0,0.0,4,1,1,1,3,0,1,0
84802,156,0.0,3.0,0.0,7,2,1,3,5,0,1,1
84806,3460,0.0,0.0,0.0,1,1,1,1,0,0,1,0
84825,320,0.0,3.0,1.0,3,2,2,3,2,0,1,0
84877,3057,0.0,0.0,1.0,5,1,1,3,3,0,1,1
85061,4336,0.0,4.0,0.0,17,7,1,2,16,0,1,0
85234,3402,0.0,4.0,1.0,8,2,1,2,7,0,1,0
85475,219,0.0,2.0,0.0,7,3,1,2,6,0,1,0
85515,2277,0.0,0.0,0.0,10,1,1,2,8,0,1,1
85592,967,0.0,2.0,0.0,2,1,1,2,0,0,1,1
85604,4976,0.0,4.0,0.0,5,3,2,1,4,0,1,0
86094,3420,0.0,4.0,1.0,38,10,4,2,35,0,3,0
86209,3472,0.0,6.0,1.0,11,5,2,3,10,0,1,0
8657,2081,0.0,4.0,0.0,3,1,1,2,1,0,1,1
87327,2971,0.0,3.0,0.0,9,2,1,3,7,0,1,1
87992,3726,0.0,6.0,0.0,5,2,2,1,4,0,1,0
88155,1557,0.0,0.0,1.0,7,1,1,3,6,0,1,0
88248,168,0.0,4.0,1.0,5,2,1,2,4,0,1,0
88991,4044,0.0,3.0,0.0,14,7,5,5,13,0,1,0
9021,1719,0.0,3.0,0.0,3,2,1,1,2,0,1,0
90271,1788,0.0,2.0,1.0,21,2,1,4,19,0,2,0
90323,4015,0.0,3.0,0.0,4,2,2,1,2,0,2,0
90424,3278,0.0,3.0,1.0,4,3,2,1,0,0,2,2
90614,3727,0.0,6.0,0.0,3,2,1,1,2,0,1,0
91193,416,0.0,6.0,0.0,17,10,3,4,14,0,3,0
91197,1695,0.0,4.0,1.0,8,4,3,2,7,0,1,0
91237,2579,0.0,6.0,1.0,5,3,1,1,4,0,1,0
91243,3484,0.0,3.0,1.0,4,1,1,2,2,0,1,1
91706,1103,0.0,0.0,0.0,5,2,1,2,4,0,1,0
92383,1049,0.0,4.0,1.0,5,1,1,2,4,0,1,0
92695,4186,0.0,5.0,1.0,11,4,2,4,9,0,2,0
92983,293,0.0,3.0,0.0,13,7,3,1,11,0,2,0
93406,3323,0.0,3.0,1.0,6,2,1,2,5,0,1,0
93410,4173,1.0,3.0,0.0,29,8,1,2,24,0,2,3
93763,608,0.0,3.0,0.0,4,3,2,1,3,0,1,0
93786,3979,0.0,0.0,0.0,1,1,1,1,0,0,1,0
93851,2571,0.0,0.0,1.0,2,2,1,1,1,0,1,0
94354,3898,0.0,3.0,1.0,3,1,1,1,2,0,1,0
94550,4282,0.0,3.0,0.0,4,3,1,2,2,0,1,1
94589,829,0.0,3.0,0.0,7,3,1,2,6,0,1,0
94591,4425,0.0,2.0,0.0,1,1,1,1,0,0,1,0
94638,2981,0.0,3.0,0.0,11,7,2,2,10,0,1,0
94639,4322,0.0,4.0,2.0,3,2,1,2,2,0,1,0
94871,110,0.0,0.0,0.0,8,2,1,1,7,0,1,0
95124,4571,0.0,4.0,1.0,7,1,1,1,6,0,1,0
95429,4976,0.0,2.0,0.0,51,28,8,1,47,0,2,2
96063,1760,0.0,3.0,0.0,7,3,1,1,6,0,1,0
96550,4287,0.0,4.0,1.0,2,1,1,1,1,0,1,0
96570,1710,0.0,4.0,1.0,7,2,2,1,4,0,3,0
96686,323,0.0,6.0,1.0,27,6,1,3,24,0,3,0
96987,2397,0.0,5.0,1.0,3,1,1,1,2,0,1,0
97209,10,0.0,5.0,1.0,42,20,2,3,41,0,1,0
9734,2242,0.0,5.0,0.0,2,1,1,1,1,0,1,0
97477,3828,0.0,0.0,0.0,7,2,2,2,6,0,1,0
97976,1892,0.0,3.0,0.0,44,26,8,6,39,0,5,0
98128,2791,0.0,3.0,0.0,10,1,1,2,9,0,1,0
98402,3159,0.0,2.0,0.0,4,2,1,1,3,0,1,0
98430,1102,0.0,5.0,1.0,23,8,2,1,21,0,1,1
98947,1281,0.0,4.0,0.0,5,2,1,1,4,0,1,0
98982,4022,0.0,3.0,0.0,4,2,1,1,3,0,1,0
99632,770,0.0,0.0,0.0,2,1,1,1,1,0,1,0
99816,523,0.0,4.0,0.0,21,4,1,3,19,0,1,1
