100322,1102,0.0,0.0,0.0,6,3,2,2,5,0,1,0
10119,1437,0.0,2.0,0.0,4,2,2,2,3,0,1,0
101915,2217,0.0,0.0,0.0,2,1,1,2,1,0,1,0
102048,3408,0.0,3.0,0.0,12,3,1,2,11,0,1,0
102100,598,0.0,2.0,0.0,7,2,1,2,5,0,1,1
102379,1500,0.0,0.0,1.0,4,1,1,2,3,0,1,0
102945,434,0.0,5.0,1.0,11,2,1,1,9,0,2,0
103686,4482,0.0,3.0,1.0,2,1,1,1,1,0,1,0
103747,4346,0.0,4.0,0.0,14,3,3,5,13,0,1,0
104071,778,0.0,3.0,0.0,3,1,1,1,2,0,1,0
104107,3826,0.0,4.0,0.0,3,1,1,1,2,0,1,0
104182,4760,0.0,3.0,1.0,40,10,2,4,38,0,2,0
104676,4616,0.0,3.0,0.0,2,2,2,1,0,0,2,0
105989,845,0.0,4.0,1.0,3,1,1,1,2,0,1,0
106131,4143,0.0,6.0,0.0,4,3,2,2,3,0,1,0
106163,2562,0.0,4.0,1.0,7,1,1,1,5,0,1,1
106226,2482,0.0,0.0,0.0,1,1,1,1,0,0,1,0
106492,4368,0.0,5.0,0.0,17,6,5,2,15,0,2,0
106500,1968,0.0,5.0,1.0,1,1,1,1,0,0,1,0
107149,2972,0.0,0.0,1.0,2,1,1,1,1,0,1,0
107266,200,0.0,3.0,1.0,7,4,1,1,6,0,1,0
107621,4882,0.0,0.0,2.0,10,4,2,1,8,0,2,0
107923,4173,0.0,0.0,0.0,6,1,1,3,5,0,1,0
108127,4170,0.0,5.0,0.0,13,3,1,5,8,0,4,1
10870,1760,0.0,0.0,0.0,1,1,1,1,0,0,1,0
108947,3893,0.0,5.0,1.0,5,3,1,1,4,0,1,0
109060,534,1.0,0.0,1.0,10,2,1,1,9,0,1,0
109144,66,0.0,6.0,0.0,1,1,1,1,0,0,1,0
109437,4650,0.0,0.0,0.0,2,1,1,1,1,0,1,0
10975,3828,0.0,2.0,0.0,3,2,2,3,2,0,1,0
109751,415,0.0,0.0,0.0,4,3,3,1,1,0,3,0
109944,320,0.0,6.0,0.0,6,5,3,1,5,0,1,0
110386,2356,0.0,4.0,0.0,4,2,1,1,2,0,2,0
110776,4871,0.0,4.0,0.0,1,1,1,1,0,0,1,0
110810,4444,0.0,4.0,1.0,17,10,2,1,15,0,2,0
111272,4181,0.0,2.0,1.0,5,2,1,1,4,0,1,0
111301,4196,0.0,3.0,0.0,5,2,1,2,3,0,2,0
111387,424,0.0,3.0,0.0,4,3,2,1,3,0,1,0
111776,3742,0.0,0.0,0.0,4,2,1,2,2,0,2,0
112079,4044,0.0,5.0,0.0,3,1,1,1,2,0,1,0
112396,4043,0.0,2.0,0.0,9,5,3,1,6,0,3,0
112556,1661,0.0,0.0,0.0,13,5,2,2,11,0,1,1
113303,2459,1.0,7.0,1.0,14,8,5,6,13,0,1,0
113321,320,0.0,8.0,0.0,12,6,5,2,11,0,1,0
113733,2318,1.0,3.0,1.0,3,1,1,1,2,0,1,0
113891,2217,0.0,4.0,0.0,3,1,1,2,1,1,1,0
114199,643,0.0,4.0,0.0,6,1,1,2,5,0,1,0
114709,1506,0.0,0.0,0.0,9,6,1,1,8,0,1,0
114712,606,0.0,0.0,0.0,2,2,2,2,0,0,1,1
115252,1102,0.0,4.0,0.0,44,29,9,2,41,0,3,0
115654,3258,0.0,0.0,1.0,43,24,6,1,41,0,2,0
115772,418,0.0,0.0,1.0,3,1,1,2,2,0,1,0
116050,1939,0.0,3.0,0.0,4,2,1,1,0,0,3,1
116294,508,0.0,3.0,1.0,3,1,1,1,2,0,1,0
116763,66,0.0,0.0,0.0,10,2,1,2,9,0,1,0
11688,3042,0.0,5.0,1.0,3,3,2,3,2,0,1,0
117312,2565,0.0,0.0,1.0,15,10,2,2,13,0,2,0
117422,127,0.0,3.0,1.0,4,1,1,2,1,0,2,1
117510,3323,1.0,4.0,0.0,7,2,1,2,6,0,1,0
118147,3602,0.0,0.0,0.0,5,1,1,4,4,0,1,0
118574,587,0.0,0.0,0.0,2,1,1,1,1,0,1,0
118660,1031,0.0,4.0,0.0,22,10,1,2,21,0,1,0
118990,3835,0.0,6.0,1.0,16,5,2,1,15,0,1,0
11906,4480,0.0,5.0,0.0,28,9,3,1,26,0,2,0
119217,2537,0.0,3.0,0.0,2,1,1,1,1,0,1,0
119780,682,0.0,2.0,0.0,10,1,1,2,9,0,1,0
120046,2738,0.0,4.0,0.0,3,1,1,1,2,0,1,0
120078,2173,0.0,0.0,0.0,34,4,1,2,31,0,3,0
120088,829,0.0,0.0,0.0,23,10,2,2,22,0,1,0
120503,3905,0.0,0.0,1.0,4,1,1,2,3,0,1,0
120738,2767,0.0,0.0,0.0,5,2,1,1,4,0,1,0
120774,2036,0.0,2.0,1.0,5,1,1,1,4,0,1,0
121246,598,0.0,0.0,0.0,7,1,1,2,6,0,1,0
122867,1342,0.0,6.0,0.0,6,2,1,1,5,0,1,0
123460,1536,0.0,3.0,0.0,10,4,3,4,8,0,2,0
123704,2916,0.0,2.0,0.0,6,3,1,1,4,0,2,0
123797,2856,0.0,0.0,0.0,2,1,1,1,1,0,1,0
123918,3828,0.0,0.0,0.0,9,2,2,6,7,0,1,1
124037,4783,0.0,4.0,0.0,8,2,1,2,7,0,1,0
125305,141,0.0,0.0,2.0,110,68,14,6,105,1,2,2
125428,3984,0.0,3.0,1.0,6,2,1,2,5,0,1,0
126144,2138,0.0,0.0,0.0,1,1,1,1,0,0,1,0
126895,588,0.0,3.0,0.0,9,3,1,2,6,0,1,2
127182,557,0.0,6.0,2.0,2,1,1,1,0,0,2,0
127795,3986,0.0,2.0,1.0,4,3,3,1,1,0,3,0
12800,3734,0.0,3.0,0.0,14,2,2,4,11,0,1,2
128045,4738,0.0,4.0,0.0,5,1,1,1,4,0,1,0
128720,3578,0.0,4.0,0.0,4,2,2,2,3,0,1,0
129011,2698,0.0,4.0,0.0,12,8,1,1,11,0,1,0
13044,2124,0.0,3.0,1.0,5,3,1,1,4,0,1,0
13096,1468,0.0,4.0,1.0,6,1,1,2,5,0,1,0
131033,2242,0.0,5.0,1.0,1,1,1,1,0,0,1,0
131166,3734,0.0,0.0,0.0,1,1,1,1,0,0,1,0
13163,4496,0.0,2.0,0.0,1,1,1,1,0,0,1,0
131964,1760,0.0,4.0,0.0,32,8,2,2,29,0,3,0
132250,2032,0.0,0.0,0.0,4,2,1,1,3,0,1,0
132314,4768,0.0,3.0,0.0,9,7,2,2,0,0,2,7
132340,2175,0.0,4.0,0.0,2,1,1,1,1,0,1,0
132461,66,0.0,0.0,1.0,1,1,1,1,0,0,1,0
132620,1816,0.0,2.0,1.0,4,2,2,1,2,0,1,1
132683,1122,0.0,0.0,0.0,1,1,1,1,0,0,1,0
13286,503,0.0,5.0,0.0,5,3,1,1,3,0,2,0
133029,598,0.0,3.0,0.0,8,3,3,1,7,0,1,0
133187,102,0.0,5.0,0.0,23,4,2,4,19,0,1,3
133238,1861,0.0,3.0,0.0,4,1,1,1,3,0,1,0
133731,817,0.0,4.0,0.0,3,1,1,1,2,0,1,0
133747,255,1.0,3.0,0.0,39,19,5,2,38,0,1,0
134058,2175,0.0,3.0,0.0,25,19,5,3,22,0,2,1
134267,3828,0.0,3.0,2.0,4,2,2,2,3,0,1,0
134561,1738,0.0,3.0,0.0,4,2,2,2,3,0,1,0
134817,2592,0.0,3.0,0.0,4,2,1,1,3,0,1,0
13497,2273,0.0,4.0,1.0,5,1,1,1,4,0,1,0
135209,2273,0.0,0.0,0.0,2,1,1,1,1,0,1,0
135558,4071,0.0,3.0,1.0,4,1,1,2,3,0,1,0
135643,2821,0.0,3.0,1.0,2,1,1,1,1,0,1,0
135731,4287,0.0,3.0,0.0,48,24,9,9,43,0,4,1
136128,4480,0.0,3.0,0.0,6,1,1,2,5,0,1,0
136723,4048,0.0,2.0,0.0,4,2,1,1,3,0,1,0
137054,574,0.0,0.0,0.0,10,4,1,2,7,0,2,1
137463,1434,0.0,7.0,1.0,8,3,1,1,6,0,2,0
137810,3971,0.0,0.0,1.0,3,1,1,1,1,1,1,0
138228,1816,1.0,2.0,1.0,32,19,8,4,30,0,2,0
139094,3958,0.0,3.0,0.0,4,3,2,1,3,0,1,0
139160,2569,0.0,5.0,1.0,2,1,1,1,1,0,1,0
139403,361,0.0,0.0,0.0,3,1,1,1,2,0,1,0
140071,3484,0.0,4.0,0.0,2,1,1,1,0,0,1,1
140484,2932,0.0,2.0,0.0,11,7,3,3,6,0,1,4
140599,1283,0.0,0.0,0.0,2,1,1,1,1,0,1,0
141510,2668,0.0,3.0,0.0,3,1,1,1,2,0,1,0
141676,4079,0.0,0.0,1.0,4,1,1,1,1,0,3,0
141965,2864,0.0,3.0,1.0,19,4,1,3,18,0,1,0
141965,998,0.0,3.0,1.0,6,2,1,2,5,0,1,0
142211,4044,0.0,2.0,0.0,127,31,7,7,111,0,4,12
142413,4173,0.0,0.0,0.0,4,3,2,3,3,0,1,0
143232,2664,0.0,3.0,0.0,15,9,2,1,14,0,1,0
143476,1270,0.0,5.0,1.0,1,1,1,1,0,0,1,0
14394,3773,0.0,6.0,1.0,1,1,1,1,0,0,1,0
143983,2876,0.0,2.0,0.0,6,3,1,2,5,0,1,0
14427,2138,0.0,6.0,1.0,8,4,2,1,6,0,2,0
145432,742,0.0,5.0,0.0,8,2,1,2,7,0,1,0
145765,3635,0.0,4.0,1.0,14,3,1,7,13,0,1,0
1462,1102,0.0,0.0,0.0,34,12,4,9,27,0,1,6
146275,3349,0.0,0.0,0.0,60,25,3,6,58,0,1,1
146810,3826,0.0,2.0,0.0,2,1,1,1,1,0,1,0
147148,4760,0.0,3.0,0.0,8,1,1,2,7,0,1,0
147782,3865,0.0,4.0,0.0,1,1,1,1,0,0,1,0
147879,1379,0.0,0.0,0.0,6,3,3,1,5,0,1,0
148313,4584,0.0,5.0,0.0,1,1,1,1,0,0,1,0
148337,2562,0.0,2.0,0.0,1,1,1,1,0,0,1,0
149035,1067,0.0,6.0,0.0,16,3,1,3,14,0,1,1
14983,1352,0.0,3.0,0.0,6,1,1,3,5,0,1,0
15018,2810,0.0,5.0,0.0,16,1,1,2,15,0,1,0
151147,4249,0.0,2.0,0.0,11,2,1,3,10,0,1,0
151557,4860,0.0,2.0,0.0,5,1,1,2,3,0,1,1
152337,3657,0.0,2.0,0.0,2,1,1,1,1,0,1,0
152563,1892,0.0,3.0,0.0,30,10,5,2,25,0,5,0
153883,2193,0.0,0.0,0.0,2,2,2,1,0,0,2,0
154298,3986,0.0,3.0,1.0,4,2,1,1,3,0,1,0
154559,4261,0.0,5.0,0.0,2,1,1,1,1,0,1,0
154737,2981,0.0,3.0,0.0,1,1,1,1,0,0,1,0
1548,2565,1.0,3.0,0.0,90,30,4,7,75,0,2,13
155453,2099,1.0,3.0,1.0,8,3,1,2,5,0,1,2
155666,4811,0.0,5.0,1.0,2,1,1,1,1,0,1,0
155682,2284,0.0,5.0,1.0,1,1,1,1,0,0,1,0
156116,508,0.0,3.0,0.0,2,1,1,1,1,0,1,0
156142,4417,0.0,3.0,1.0,14,3,2,1,13,0,1,0
156557,643,0.0,3.0,0.0,1,1,1,1,0,0,1,0
156939,2242,0.0,4.0,1.0,14,7,4,2,8,0,3,3
157291,102,0.0,5.0,1.0,13,3,1,2,12,0,1,0
157520,4558,0.0,4.0,1.0,7,2,1,2,6,0,1,0
157557,1993,0.0,2.0,0.0,11,1,1,2,10,0,1,0
158181,4427,0.0,0.0,0.0,10,1,1,5,9,0,1,0
158212,2915,0.0,0.0,0.0,50,22,5,1,43,0,7,0
158537,3014,0.0,6.0,1.0,4,1,1,1,2,0,2,0
158855,2360,0.0,0.0,0.0,4,1,1,1,2,0,2,0
159427,361,0.0,0.0,0.0,4,1,1,1,3,0,1,0
15953,4864,0.0,5.0,0.0,4,3,1,2,3,0,1,0
159670,1346,1.0,4.0,0.0,17,4,1,4,14,0,1,2
159782,2397,0.0,4.0,0.0,2,1,1,1,1,0,1,0
159864,2664,1.0,4.0,2.0,3,1,1,2,2,0,1,0
159874,4976,1.0,6.0,0.0,34,18,10,6,24,0,2,8
159962,3406,0.0,4.0,1.0,3,2,2,1,1,0,2,0
161063,4756,0.0,0.0,1.0,3,1,1,1,2,0,1,0
161395,133,0.0,3.0,0.0,6,1,1,4,5,0,1,0
161674,4847,0.0,3.0,1.0,2,1,1,1,1,0,1,0
161961,2134,0.0,7.0,0.0,1,1,1,1,0,0,1,0
1621,1353,0.0,3.0,0.0,8,2,2,1,6,0,2,0
162256,1736,0.0,3.0,0.0,1,1,1,1,0,0,1,0
162325,4325,0.0,4.0,0.0,1,1,1,1,0,0,1,0
162717,2745,0.0,6.0,0.0,6,1,1,2,4,0,1,1
163281,2669,0.0,2.0,0.0,5,2,1,1,3,0,1,1
163762,58,0.0,0.0,0.0,2,1,1,1,1,0,1,0
163766,437,0.0,5.0,0.0,11,9,2,1,10,0,1,0
164083,2403,0.0,4.0,0.0,35,21,2,1,33,0,2,0
164235,4756,0.0,6.0,0.0,7,1,1,2,6,0,1,0
166328,4450,0.0,0.0,0.0,2,1,1,1,1,0,1,0
167405,2403,0.0,5.0,0.0,23,12,2,1,22,0,1,0
167509,4282,0.0,3.0,0.0,58,19,4,6,48,0,3,7
168218,1131,0.0,2.0,1.0,6,3,3,1,4,0,2,0
168610,98,0.0,5.0,0.0,1,1,1,1,0,0,1,0
16870,2928,0.0,4.0,2.0,6,2,1,1,4,0,2,0
168724,1621,0.0,2.0,0.0,3,1,1,1,2,0,1,0
168807,1999,0.0,3.0,0.0,21,5,1,6,15,0,2,4
169229,2981,0.0,4.0,0.0,3,1,1,1,2,0,1,0
169337,2639,0.0,5.0,1.0,6,3,3,1,5,0,1,0
169455,3170,0.0,4.0,0.0,5,2,1,1,4,0,1,0
169485,2305,0.0,3.0,0.0,12,8,4,2,11,0,1,0
169559,1840,0.0,0.0,0.0,6,3,2,2,5,0,1,0
169695,2664,0.0,4.0,0.0,8,4,2,2,6,0,1,1
169935,1203,0.0,0.0,0.0,11,4,2,3,10,0,1,0
170030,1742,0.0,0.0,1.0,4,2,1,1,3,0,1,0
170536,4270,0.0,3.0,1.0,2,1,1,1,1,0,1,0
170637,777,0.0,5.0,0.0,26,6,3,3,25,0,1,0
170750,326,0.0,4.0,1.0,28,4,2,2,22,0,4,2
170819,3057,1.0,0.0,0.0,9,3,1,1,8,0,1,0
171870,697,0.0,4.0,0.0,12,4,2,2,10,0,1,1
172200,682,0.0,2.0,0.0,7,2,2,1,5,0,2,0
172528,1203,0.0,5.0,1.0,2,2,2,1,0,0,2,0
172729,3345,0.0,0.0,0.0,6,3,2,4,2,0,1,3
172816,2255,0.0,6.0,1.0,2,1,1,1,1,0,1,0
172932,2645,0.0,2.0,0.0,4,1,1,1,3,0,1,0
173326,2872,0.0,3.0,0.0,7,1,1,2,5,0,1,1
173338,2482,0.0,2.0,0.0,48,17,9,6,46,0,2,0
173463,2134,0.0,null,null,7,1,1,1,6,0,1,0
173927,1150,0.0,0.0,0.0,3,1,1,1,2,0,1,0
173952,3042,0.0,0.0,0.0,12,5,3,3,10,0,2,0
174107,682,0.0,0.0,0.0,2,2,1,1,0,0,2,0
174131,3531,0.0,0.0,0.0,7,2,2,1,6,0,1,0
174305,1840,0.0,5.0,1.0,2,1,1,1,1,0,1,0
174502,2203,0.0,3.0,0.0,4,2,2,1,3,0,1,0
174577,3471,0.0,0.0,1.0,4,2,1,1,3,0,1,0
174864,547,0.0,6.0,1.0,8,6,1,1,7,0,1,0
176048,4926,0.0,2.0,2.0,4,2,1,1,3,0,1,0
176049,1884,0.0,6.0,0.0,2,1,1,2,1,0,1,0
176590,542,0.0,4.0,1.0,2,1,1,1,1,0,1,0
176957,276,0.0,0.0,0.0,8,2,1,1,7,0,1,0
177467,2669,0.0,3.0,0.0,6,2,1,1,5,0,1,0
178054,3938,0.0,0.0,0.0,2,1,1,1,1,0,1,0
178083,3236,0.0,3.0,0.0,18,3,1,8,15,0,1,2
178167,2872,0.0,5.0,1.0,68,54,27,4,65,0,3,0
178224,586,0.0,3.0,0.0,8,6,2,1,7,0,1,0
178513,3124,0.0,5.0,0.0,24,18,7,2,23,0,1,0
178687,3693,0.0,6.0,1.0,4,2,1,1,3,0,1,0
179600,4137,0.0,5.0,0.0,3,1,1,1,2,0,1,0
179789,2020,0.0,5.0,1.0,4,4,2,1,0,2,2,0
179801,4966,0.0,3.0,0.0,8,5,5,2,2,0,4,2
179805,3826,0.0,0.0,0.0,3,1,1,1,2,0,1,0
179860,760,1.0,6.0,1.0,5,2,1,2,4,0,1,0
179936,2138,1.0,2.0,0.0,59,23,8,4,49,0,4,6
180029,1736,0.0,4.0,0.0,9,4,1,1,8,0,1,0
180776,3825,0.0,0.0,0.0,2,1,1,1,1,0,1,0
181260,3004,1.0,2.0,0.0,22,18,7,3,19,0,1,2
181950,1084,0.0,3.0,0.0,11,1,1,1,10,0,1,0
182920,2880,0.0,2.0,0.0,3,1,1,1,1,1,1,0
183,1454,0.0,3.0,0.0,3,1,1,2,2,0,1,0
183241,4129,0.0,3.0,0.0,71,39,12,3,69,0,2,0
183675,1096,0.0,3.0,1.0,3,1,1,1,2,0,1,0
18432,1356,0.0,0.0,0.0,4,1,1,1,3,0,1,0
184435,4057,0.0,6.0,1.0,5,2,1,1,4,0,1,0
18460,3230,0.0,3.0,0.0,5,1,1,1,4,0,1,0
184712,2318,0.0,3.0,0.0,4,1,1,2,3,0,1,0
184826,4044,0.0,4.0,0.0,1,1,1,1,0,0,1,0
185076,1203,0.0,5.0,1.0,2,2,2,1,0,0,2,0
185694,3080,0.0,3.0,0.0,4,1,1,1,3,0,1,0
185791,4173,0.0,3.0,0.0,1,1,1,1,0,0,1,0
185823,1664,0.0,3.0,1.0,1,1,1,1,0,0,1,0
185938,1861,0.0,6.0,1.0,1,1,1,1,0,0,1,0
186113,2562,0.0,3.0,1.0,5,1,1,1,4,0,1,0
186186,3433,0.0,0.0,0.0,24,13,6,5,22,0,1,1
186263,3085,0.0,3.0,0.0,15,4,2,2,13,0,1,1
186500,621,0.0,4.0,0.0,12,4,1,1,11,0,1,0
186509,2003,0.0,0.0,0.0,1,1,1,1,0,0,1,0
186614,4483,0.0,4.0,2.0,23,12,3,1,19,0,4,0
186856,3578,0.0,4.0,1.0,163,62,3,13,139,0,8,16
186938,1399,0.0,3.0,1.0,8,1,1,1,7,0,1,0
187159,3853,1.0,0.0,0.0,23,16,7,8,22,0,1,0
187537,2582,0.0,4.0,0.0,7,2,1,1,6,0,1,0
18762,1102,0.0,3.0,0.0,37,18,10,4,35,0,2,0
187781,4280,0.0,0.0,0.0,3,2,1,2,2,0,1,0
187874,1068,0.0,0.0,0.0,4,1,1,1,3,0,1,0
188055,3105,0.0,2.0,0.0,43,14,4,6,39,0,1,3
188060,4765,0.0,3.0,0.0,9,2,1,3,8,0,1,0
188218,1999,0.0,4.0,0.0,17,8,2,1,14,0,3,0
188569,3291,0.0,3.0,0.0,3,1,1,1,2,0,1,0
18884,4976,0.0,3.0,0.0,5,3,3,1,4,0,1,0
188968,3780,0.0,5.0,0.0,6,2,1,1,5,0,1,0
189018,760,0.0,0.0,0.0,4,1,1,1,3,0,1,0
189132,3350,0.0,0.0,1.0,9,7,1,1,8,0,1,0
189208,2318,0.0,3.0,0.0,7,4,1,2,5,0,1,1
189350,1056,0.0,4.0,1.0,6,5,3,1,5,0,1,0
189449,553,0.0,4.0,0.0,2,1,1,1,0,0,2,0
19023,598,0.0,5.0,1.0,24,8,3,4,22,0,1,1
191074,4280,0.0,4.0,0.0,11,2,1,2,10,0,1,0
191607,1062,0.0,4.0,1.0,5,4,1,2,4,0,1,0
191607,1500,0.0,4.0,1.0,3,1,1,2,2,0,1,0
191753,3875,0.0,5.0,0.0,7,5,1,1,6,0,1,0
191788,2664,0.0,4.0,1.0,5,1,1,1,4,0,1,0
192418,1619,0.0,5.0,0.0,8,1,1,3,6,0,1,1
19244,1116,0.0,0.0,0.0,4,2,1,1,3,0,1,0
19289,2511,0.0,3.0,1.0,4,1,1,1,3,0,1,0
192944,1187,0.0,4.0,0.0,5,1,1,1,4,0,1,0
193191,2954,0.0,3.0,1.0,1,1,1,1,0,0,1,0
193233,1425,0.0,0.0,1.0,12,5,2,1,11,0,1,0
19348,3965,0.0,0.0,0.0,1,1,1,1,0,0,1,0
193515,1056,0.0,0.0,0.0,3,1,1,1,2,0,1,0
193760,490,0.0,6.0,0.0,1,1,1,1,0,0,1,0
19464,10,0.0,4.0,1.0,9,2,1,1,7,1,1,0
195062,682,0.0,4.0,0.0,3,2,2,1,2,0,1,0
196145,598,0.0,0.0,1.0,7,3,2,3,5,0,1,1
196199,2008,0.0,2.0,0.0,9,3,1,2,6,0,1,2
196258,4042,0.0,3.0,1.0,9,6,4,3,8,0,1,0
196424,951,0.0,null,null,2,1,1,1,1,0,1,0
196425,4170,0.0,4.0,0.0,11,3,1,1,8,0,3,0
196434,1526,0.0,3.0,1.0,7,3,3,1,5,0,2,0
196489,3022,0.0,0.0,0.0,8,4,1,1,7,0,1,0
19681,3727,0.0,3.0,0.0,10,2,1,4,8,0,1,1
196977,1145,0.0,0.0,0.0,2,1,1,1,1,0,1,0
197528,3301,0.0,4.0,0.0,6,1,1,1,5,0,1,0
198050,2459,0.0,5.0,1.0,1,1,1,1,0,0,1,0
198454,3191,0.0,4.0,1.0,2,1,1,1,1,0,1,0
198838,2537,0.0,5.0,0.0,2,1,1,1,1,0,1,0
199720,2318,0.0,3.0,0.0,30,5,1,4,26,0,1,3
199768,1705,0.0,null,null,8,6,3,1,6,0,2,0
199930,2601,0.0,3.0,1.0,4,1,1,1,3,0,1,0
200124,4760,0.0,0.0,0.0,13,3,3,5,11,0,1,1
200787,3974,0.0,6.0,0.0,10,2,1,2,9,0,1,0
20111,3875,0.0,4.0,0.0,9,3,2,2,1,0,4,4
201116,685,1.0,5.0,1.0,4,2,1,1,3,0,1,0
201436,3502,0.0,6.0,0.0,5,2,1,2,3,0,1,1
202067,1939,0.0,0.0,0.0,2,1,1,1,1,0,1,0
202132,2935,0.0,3.0,1.0,7,1,1,1,6,0,1,0
203093,2824,0.0,0.0,0.0,6,2,2,2,5,0,1,0
203955,675,0.0,4.0,0.0,5,2,1,2,3,0,2,0
204148,4687,0.0,4.0,0.0,9,2,1,1,8,0,1,0
204212,4648,0.0,2.0,0.0,9,8,3,2,0,0,4,5
204402,2403,0.0,3.0,0.0,3,2,2,1,1,0,2,0
204997,3284,0.0,3.0,0.0,6,1,1,2,4,0,1,1
205216,4265,0.0,3.0,0.0,12,11,7,5,11,0,1,0
205666,1618,0.0,3.0,0.0,10,1,1,4,8,0,1,1
206002,4137,0.0,0.0,1.0,13,7,2,2,12,0,1,0
206078,1031,0.0,3.0,0.0,32,8,1,2,28,2,2,0
206368,1892,0.0,0.0,0.0,1,1,1,1,0,0,1,0
206755,2981,0.0,0.0,0.0,4,3,1,1,3,0,1,0
207219,1911,0.0,0.0,1.0,4,1,1,2,3,0,1,0
207405,4361,0.0,3.0,0.0,10,3,1,2,9,0,1,0
207428,4072,0.0,6.0,0.0,4,1,1,2,3,0,1,0
207500,4438,0.0,5.0,0.0,1,1,1,1,0,0,1,0
207669,4234,0.0,6.0,0.0,1,1,1,1,0,0,1,0
208050,963,0.0,2.0,1.0,15,5,2,2,13,0,1,1
20904,645,1.0,2.0,0.0,1,1,1,1,0,0,1,0
209589,10,1.0,5.0,0.0,16,12,5,1,15,0,1,0
209743,1187,0.0,5.0,1.0,4,2,2,1,3,0,1,0
209794,2521,0.0,2.0,0.0,3,1,1,2,2,0,1,0
2098,508,0.0,0.0,1.0,2,1,1,2,1,0,1,0
21014,3392,0.0,5.0,0.0,10,4,1,1,8,0,2,0
210168,4480,0.0,5.0,0.0,5,3,1,1,4,0,1,0
210453,649,0.0,4.0,0.0,8,2,2,2,6,0,2,0
210498,361,0.0,3.0,0.0,1,1,1,1,0,0,1,0
210976,4358,0.0,2.0,1.0,2,1,1,1,1,0,1,0
211045,3022,1.0,2.0,null,3,1,1,2,1,0,1,1
21112,3687,0.0,0.0,0.0,7,1,1,2,6,0,1,0
211458,257,0.0,4.0,0.0,1,1,1,1,0,0,1,0
211938,4693,0.0,4.0,0.0,5,2,1,2,4,0,1,0
212769,2928,0.0,3.0,1.0,3,1,1,1,2,0,1,0
212872,1704,0.0,6.0,0.0,21,9,2,2,20,0,1,0
213089,4992,0.0,4.0,1.0,4,3,1,1,3,0,1,0
213820,2066,0.0,2.0,0.0,4,2,1,2,3,0,1,0
215479,1203,0.0,3.0,0.0,3,1,1,1,2,0,1,0
215769,2124,0.0,0.0,0.0,4,3,2,2,2,0,2,0
215855,2031,0.0,4.0,2.0,1,1,1,1,0,0,1,0
21598,402,0.0,3.0,0.0,3,1,1,3,1,0,1,1
21613,4991,0.0,6.0,0.0,2,1,1,2,0,0,1,1
216593,4394,0.0,4.0,1.0,3,1,1,1,2,0,1,0
216810,2971,0.0,2.0,1.0,6,1,1,1,5,0,1,0
217478,2217,0.0,2.0,0.0,5,1,1,2,4,0,1,0
217552,3828,0.0,4.0,0.0,13,7,3,1,11,0,2,0
217931,1481,0.0,3.0,0.0,19,12,4,2,15,0,4,0
217976,66,0.0,6.0,1.0,9,5,1,2,8,0,1,0
218813,4287,0.0,3.0,1.0,7,2,1,1,6,0,1,0
218854,742,0.0,5.0,1.0,2,1,1,1,1,0,1,0
218871,2537,0.0,0.0,0.0,9,1,1,2,7,1,1,0
219790,1736,0.0,0.0,0.0,6,2,1,1,4,0,1,1
220210,1031,1.0,5.0,0.0,6,3,1,2,5,0,1,0
220315,760,0.0,3.0,1.0,1,1,1,1,0,0,1,0
220461,3088,0.0,6.0,0.0,3,1,1,1,2,0,1,0
221129,4760,0.0,3.0,1.0,1,1,1,1,0,0,1,0
221143,1342,0.0,0.0,1.0,6,3,2,1,5,0,1,0
221437,1556,0.0,5.0,1.0,4,1,1,1,3,0,1,0
221656,1892,0.0,0.0,0.0,1,1,1,1,0,0,1,0
221959,4265,0.0,3.0,0.0,150,100,12,10,145,0,3,2
222029,1450,0.0,2.0,1.0,2,2,2,1,0,0,2,0
222309,1861,0.0,0.0,0.0,4,1,1,1,2,0,2,0
222494,2136,0.0,3.0,0.0,2,2,1,1,0,0,2,0
222517,3108,0.0,0.0,1.0,1,1,1,1,0,0,1,0
222633,467,0.0,7.0,0.0,4,2,2,2,3,0,1,0
222983,4157,0.0,3.0,1.0,3,1,1,1,2,0,1,0
223522,4659,0.0,3.0,0.0,12,7,6,1,9,0,3,0
223638,4480,0.0,4.0,0.0,24,7,2,3,23,0,1,0
223720,1708,0.0,3.0,0.0,3,2,2,2,2,0,1,0
224246,359,0.0,3.0,0.0,4,1,1,1,2,0,2,0
224293,2217,0.0,3.0,0.0,12,5,1,6,9,0,1,2
224503,4044,0.0,3.0,0.0,8,4,2,1,7,0,1,0
224522,2821,0.0,5.0,0.0,8,4,3,4,6,0,1,1
224836,2583,0.0,3.0,0.0,23,8,4,1,21,0,2,0
225034,4605,0.0,0.0,0.0,9,6,4,3,8,0,1,0
225247,3923,0.0,3.0,0.0,15,1,1,2,13,0,1,1
225453,1371,0.0,0.0,0.0,1,1,1,1,0,0,1,0
225666,3042,0.0,4.0,1.0,18,8,5,2,17,0,1,0
225908,418,1.0,5.0,0.0,3,1,1,1,2,0,1,0
225980,829,0.0,5.0,0.0,55,38,3,5,53,0,2,0
226165,1816,0.0,3.0,1.0,2,1,1,2,1,0,1,0
226276,1618,1.0,5.0,1.0,6,1,1,1,3,0,3,0
226403,1393,0.0,0.0,0.0,105,69,12,11,95,0,1,9
226582,474,0.0,0.0,0.0,3,1,1,2,2,0,1,0
226990,437,0.0,4.0,0.0,7,1,1,2,5,0,1,1
227596,4542,0.0,4.0,0.0,3,1,1,1,2,0,1,0
228119,4724,0.0,6.0,1.0,2,1,1,1,1,0,1,0
228280,1602,0.0,3.0,0.0,6,3,2,1,5,0,1,0
228293,2882,0.0,4.0,0.0,16,10,2,1,15,0,1,0
229531,1760,0.0,4.0,0.0,2,2,1,2,1,0,1,0
229783,574,0.0,0.0,0.0,4,1,1,2,3,0,1,0
229899,4641,0.0,5.0,0.0,3,1,1,2,2,0,1,0
229968,2031,0.0,3.0,0.0,7,3,1,1,5,0,2,0
230125,1131,0.0,3.0,0.0,8,4,1,1,7,0,1,0
230326,3624,0.0,3.0,0.0,4,1,1,1,3,0,1,0
230437,3727,0.0,2.0,0.0,6,2,1,3,5,0,1,0
230631,3408,0.0,5.0,0.0,12,5,1,4,11,0,1,0
230740,120,0.0,4.0,1.0,1,1,1,1,0,0,1,0
230874,1145,0.0,5.0,0.0,4,2,1,1,3,0,1,0
231093,3471,0.0,0.0,0.0,3,1,1,1,2,0,1,0
231281,2102,0.0,0.0,1.0,4,1,1,2,2,0,1,1
231351,141,0.0,3.0,0.0,8,6,4,1,6,0,2,0
231871,2856,0.0,0.0,0.0,11,3,1,4,10,0,1,0
231947,4044,0.0,3.0,0.0,12,9,3,2,11,0,1,0
231956,2445,0.0,3.0,0.0,9,6,2,2,8,0,1,0
232312,4558,0.0,3.0,1.0,3,1,1,1,2,0,1,0
23256,2031,0.0,6.0,1.0,4,2,2,2,3,0,1,0
2336,4976,0.0,3.0,2.0,23,14,6,1,21,0,2,0
233969,3580,0.0,2.0,1.0,1,1,1,1,0,0,1,0
234899,4985,0.0,5.0,0.0,10,5,4,2,8,0,1,1
234936,697,0.0,3.0,0.0,7,2,1,1,6,0,1,0
235100,532,0.0,4.0,0.0,8,1,1,1,7,0,1,0
235233,3363,0.0,5.0,0.0,4,1,1,1,3,0,1,0
235255,598,0.0,4.0,0.0,2,2,2,2,1,0,1,0
235484,954,0.0,6.0,0.0,5,1,1,1,4,0,1,0
235663,3734,0.0,2.0,1.0,4,3,2,1,3,0,1,0
235994,4976,0.0,3.0,0.0,7,4,2,1,6,0,1,0
23631,2294,0.0,0.0,0.0,4,1,1,1,3,0,1,0
23631,3844,0.0,0.0,0.0,3,2,2,1,2,0,1,0
236471,2014,0.0,5.0,0.0,26,6,2,3,25,0,1,0
236825,4143,0.0,0.0,0.0,17,9,4,4,16,0,1,0
237191,587,1.0,0.0,0.0,6,2,1,2,4,0,1,1
238058,1353,0.0,3.0,1.0,1,1,1,1,0,0,1,0
238319,962,0.0,4.0,0.0,11,2,2,1,10,0,1,0
238834,3152,1.0,0.0,1.0,5,2,1,2,4,0,1,0
239079,3536,0.0,3.0,null,16,3,2,2,14,1,1,0
239300,1861,0.0,0.0,null,5,2,1,1,3,0,2,0
239324,4072,0.0,3.0,1.0,6,2,2,2,5,0,1,0
239503,1226,0.0,3.0,0.0,3,1,1,1,2,0,1,0
240163,4659,0.0,4.0,0.0,42,18,8,6,38,0,4,0
24032,4655,0.0,0.0,0.0,3,2,2,1,1,0,2,0
241566,4444,0.0,5.0,0.0,6,3,1,1,5,0,1,0
241674,293,0.0,2.0,0.0,1,1,1,1,0,0,1,0
241741,3839,0.0,3.0,1.0,6,2,1,1,5,0,1,0
242122,472,0.0,6.0,1.0,7,1,1,3,6,0,1,0
242350,1272,0.0,5.0,0.0,2,1,1,1,1,0,1,0
242469,1062,0.0,0.0,0.0,5,2,1,2,4,0,1,0
242721,503,0.0,3.0,1.0,9,2,1,4,8,0,1,0
242957,3878,0.0,3.0,0.0,8,1,1,2,6,0,1,1
24342,3828,0.0,0.0,0.0,29,13,3,3,28,0,1,0
24353,3956,0.0,3.0,0.0,10,5,4,2,5,0,5,0
243934,3181,0.0,4.0,2.0,3,1,1,1,2,0,1,0
244060,3334,0.0,5.0,1.0,2,1,1,1,1,0,1,0
244139,946,0.0,5.0,0.0,20,7,3,1,19,0,1,0
244715,1459,0.0,0.0,0.0,10,1,1,2,9,0,1,0
245078,3502,1.0,6.0,1.0,6,4,3,1,5,0,1,0
245207,1200,0.0,0.0,1.0,3,1,1,1,1,0,2,0
245807,1943,0.0,2.0,0.0,6,1,1,2,4,0,1,1
246392,2821,0.0,6.0,0.0,2,1,1,1,0,0,2,0
246704,718,0.0,5.0,0.0,10,4,2,1,9,0,1,0
247097,4605,1.0,2.0,0.0,4,2,2,2,3,0,1,0
247101,4919,0.0,0.0,0.0,9,2,1,1,7,0,2,0
247108,742,0.0,4.0,0.0,3,1,1,1,2,0,1,0
247208,2401,0.0,0.0,0.0,3,1,1,1,2,0,1,0
247323,4143,0.0,5.0,0.0,10,4,4,2,8,0,2,0
247508,4811,0.0,5.0,1.0,3,1,1,1,2,0,1,0
247603,2537,0.0,6.0,0.0,7,5,1,1,6,0,1,0
248006,2928,0.0,3.0,1.0,41,27,10,1,39,0,2,0
248390,4131,0.0,6.0,0.0,1,1,1,1,0,0,1,0
248481,4049,0.0,4.0,0.0,4,1,1,2,2,0,1,1
249021,2780,0.0,0.0,0.0,5,1,1,2,4,0,1,0
249021,4472,0.0,0.0,0.0,6,1,1,2,5,0,1,0
249056,4950,0.0,0.0,0.0,8,3,3,2,7,0,1,0
249229,1708,0.0,3.0,1.0,8,3,1,1,7,0,1,0
24995,778,0.0,4.0,0.0,8,2,2,1,6,0,2,0
249957,4926,1.0,0.0,1.0,3,2,2,1,2,0,1,0
250114,4234,0.0,4.0,1.0,2,1,1,1,1,0,1,0
250609,4143,0.0,0.0,0.0,10,4,3,1,9,0,1,0
25157,2952,0.0,6.0,1.0,7,1,1,2,5,0,1,1
251867,1895,0.0,3.0,0.0,6,4,4,3,2,0,2,2
252231,1679,0.0,0.0,0.0,25,6,2,1,24,0,1,0
252687,2031,0.0,4.0,1.0,36,5,2,3,34,0,1,1
252908,1916,0.0,3.0,0.0,16,3,1,3,14,0,1,1
253615,3936,0.0,3.0,0.0,35,17,7,3,32,0,3,0
253642,98,0.0,3.0,0.0,4,1,1,1,2,0,1,1
253756,3982,0.0,3.0,0.0,8,3,1,1,6,0,2,0
254184,1618,0.0,3.0,1.0,10,2,1,2,8,0,2,0
254786,606,0.0,4.0,0.0,20,9,3,4,19,0,1,0
255026,4944,0.0,5.0,1.0,3,1,1,1,2,0,1,0
255133,4346,0.0,4.0,1.0,4,1,1,2,3,0,1,0
25526,2954,0.0,4.0,2.0,1,1,1,1,0,0,1,0
255504,1659,0.0,2.0,0.0,2,1,1,1,1,0,1,0
255925,2954,0.0,3.0,2.0,9,7,1,1,8,0,1,0
255927,4044,0.0,0.0,0.0,121,56,9,5,119,0,2,0
256066,1102,1.0,2.0,0.0,11,4,3,2,10,0,1,0
256161,4926,1.0,4.0,0.0,3,2,2,1,2,0,1,0
256442,3828,0.0,0.0,0.0,21,12,5,4,20,0,1,0
256871,3472,0.0,3.0,2.0,1,1,1,1,0,0,1,0
25730,3742,0.0,2.0,1.0,2,1,1,1,1,0,1,0
257467,4760,0.0,2.0,1.0,6,5,2,2,5,0,1,0
25754,1026,0.0,2.0,1.0,2,1,1,1,1,0,1,0
25861,3734,0.0,3.0,1.0,5,1,1,2,4,0,1,0
258722,1346,0.0,3.0,0.0,23,4,1,4,21,0,1,1
259073,2109,0.0,3.0,0.0,1,1,1,1,0,0,1,0
259474,1356,0.0,3.0,1.0,6,1,1,2,4,0,1,1
259887,1056,0.0,4.0,0.0,17,4,4,2,14,0,3,0
259960,862,0.0,3.0,0.0,34,17,9,2,29,0,5,0
260133,3693,0.0,6.0,0.0,5,3,1,1,2,0,3,0
260619,4504,0.0,0.0,0.0,13,2,1,2,12,0,1,0
260771,3826,0.0,2.0,1.0,9,2,1,2,8,0,1,0
260970,2144,0.0,5.0,0.0,2,1,1,2,1,0,1,0
261086,361,0.0,7.0,0.0,12,6,1,1,10,0,1,1
261136,1093,0.0,3.0,0.0,2,1,1,1,1,0,1,0
261994,2273,0.0,3.0,1.0,10,3,1,2,8,0,1,1
262409,810,0.0,3.0,1.0,5,2,1,1,4,0,1,0
262506,2318,0.0,3.0,0.0,6,4,3,1,4,0,2,0
26385,4141,0.0,0.0,0.0,43,7,1,4,41,0,2,0
264570,4919,0.0,3.0,2.0,5,2,1,1,4,0,1,0
26511,1659,0.0,4.0,0.0,5,1,1,2,4,0,1,0
265234,1892,0.0,3.0,0.0,97,45,24,8,83,0,1,13
265707,720,0.0,4.0,2.0,7,2,1,2,3,0,4,0
265732,1494,0.0,2.0,0.0,2,2,2,1,0,0,2,0
266513,1749,0.0,0.0,1.0,28,15,10,1,23,0,5,0
266529,2000,0.0,2.0,0.0,2,1,1,1,1,0,1,0
26660,3628,0.0,4.0,1.0,5,2,2,1,4,0,1,0
267206,1000,0.0,3.0,0.0,1,1,1,1,0,0,1,0
26745,4022,0.0,4.0,1.0,6,3,1,1,5,0,1,0
267842,1892,0.0,4.0,0.0,4,2,2,2,2,0,2,0
267843,3323,0.0,3.0,0.0,6,1,1,1,4,0,2,0
268860,1784,0.0,4.0,1.0,6,2,1,1,3,0,3,0
269335,3502,0.0,5.0,1.0,7,3,2,2,6,0,1,0
269450,2224,1.0,4.0,0.0,32,24,1,3,29,0,3,0
269580,10,0.0,4.0,2.0,13,4,2,2,11,0,1,1
269615,2680,0.0,4.0,0.0,1,1,1,1,0,0,1,0
269658,66,0.0,2.0,1.0,7,4,1,2,6,0,1,0
269728,437,0.0,0.0,0.0,9,1,1,2,8,0,1,0
269881,3623,0.0,4.0,1.0,9,5,2,1,8,0,1,0
269925,1618,0.0,4.0,0.0,14,7,2,2,12,0,2,0
269952,3607,0.0,2.0,0.0,17,6,2,3,14,0,2,1
27018,1393,0.0,3.0,0.0,49,14,3,8,40,0,1,8
270343,2537,0.0,6.0,0.0,7,2,1,2,5,0,1,1
270350,2482,1.0,2.0,0.0,4,1,1,3,0,0,1,3
270441,3870,0.0,0.0,0.0,22,15,2,3,21,0,1,0
271298,2138,0.0,3.0,0.0,11,5,4,2,9,0,2,0
271310,2108,0.0,3.0,0.0,14,4,3,2,12,0,2,0
271391,3363,0.0,0.0,0.0,3,1,1,1,2,0,1,0
271403,4499,0.0,4.0,0.0,1,1,1,1,0,0,1,0
271973,3469,0.0,4.0,0.0,11,1,1,5,9,0,1,1
272095,1102,1.0,4.0,0.0,48,28,9,9,44,0,2,2
27258,3484,0.0,3.0,1.0,2,1,1,1,1,0,1,0
272798,1760,0.0,3.0,1.0,26,14,1,2,20,0,2,4
27290,1918,0.0,2.0,0.0,13,7,3,9,5,0,1,7
273447,3205,0.0,3.0,0.0,1,1,1,1,0,0,1,0
27377,1453,0.0,3.0,1.0,24,12,2,3,21,0,1,2
274099,4966,0.0,3.0,1.0,1,1,1,1,0,0,1,0
27424,3463,1.0,5.0,0.0,8,5,3,3,7,0,1,0
274827,1749,0.0,3.0,0.0,11,4,3,1,10,0,1,0
275177,4921,0.0,4.0,0.0,6,3,1,1,4,0,2,0
275402,2128,0.0,4.0,0.0,4,1,1,1,3,0,1,0
275450,3971,0.0,5.0,0.0,3,1,1,1,2,0,1,0
27625,3971,0.0,2.0,0.0,1,1,1,1,0,0,1,0
276684,1884,0.0,0.0,1.0,3,1,1,1,2,0,1,0
277216,1200,0.0,6.0,1.0,1,1,1,1,0,0,1,0
277325,3329,0.0,3.0,1.0,5,2,1,1,4,0,1,0
277430,1393,0.0,6.0,0.0,17,6,4,1,16,0,1,0
277467,1840,0.0,4.0,0.0,3,1,1,2,1,0,1,1
277624,2577,0.0,0.0,0.0,5,1,1,2,4,0,1,0
277720,472,0.0,3.0,0.0,4,1,1,1,3,0,1,0
278239,3822,0.0,3.0,0.0,7,2,1,2,6,0,1,0
278347,4008,0.0,3.0,1.0,12,2,1,2,11,0,1,0
278365,1840,0.0,5.0,0.0,6,4,3,1,5,0,1,0
278480,1443,0.0,5.0,1.0,3,2,1,1,2,0,1,0
278811,1850,0.0,4.0,1.0,3,1,1,2,2,0,1,0
278937,2569,1.0,2.0,0.0,77,37,4,5,74,0,3,0
278943,66,0.0,6.0,1.0,4,1,1,1,3,0,1,0
279000,3865,0.0,0.0,1.0,1,1,1,1,0,0,1,0
279091,4504,0.0,0.0,0.0,77,32,1,3,76,0,1,0
27933,1502,0.0,4.0,1.0,8,3,3,1,7,0,1,0
279392,4607,0.0,3.0,0.0,17,7,2,3,16,0,1,0
279638,3828,0.0,0.0,0.0,10,8,7,1,9,0,1,0
281014,2824,0.0,4.0,0.0,1,1,1,1,0,0,1,0
281063,215,0.0,3.0,1.0,3,2,1,1,2,0,1,0
281421,10,0.0,3.0,0.0,3,2,1,3,0,0,1,2
281513,3853,0.0,0.0,0.0,5,1,1,2,3,0,1,1
282044,4394,0.0,0.0,0.0,9,2,1,2,8,0,1,0
283079,3906,0.0,0.0,0.0,38,21,7,3,36,0,2,0
283156,598,0.0,2.0,0.0,7,5,2,2,6,0,1,0
28356,2454,0.0,4.0,0.0,14,10,4,1,13,0,1,0
283861,1900,0.0,4.0,1.0,4,1,1,1,3,0,1,0
283869,2002,0.0,3.0,1.0,15,2,2,4,12,0,1,2
284154,4760,0.0,3.0,0.0,6,2,2,2,5,0,1,0
284625,4760,0.0,0.0,0.0,7,1,1,1,5,0,2,0
284792,1031,0.0,3.0,2.0,25,7,1,3,24,0,1,0
285175,1708,0.0,5.0,0.0,5,1,1,1,4,0,1,0
285236,2158,0.0,5.0,0.0,5,1,1,1,4,0,1,0
285544,4316,0.0,2.0,0.0,5,1,1,2,4,0,1,0
285615,3200,1.0,3.0,0.0,43,27,11,7,38,0,2,3
285796,1760,0.0,4.0,0.0,4,2,1,3,1,0,1,2
286294,4170,0.0,5.0,1.0,9,4,1,2,7,0,2,0
286438,4282,0.0,3.0,0.0,1,1,1,1,0,0,1,0
28670,2318,0.0,5.0,0.0,3,1,1,2,1,0,1,1
286884,2669,1.0,4.0,0.0,6,3,2,1,4,0,1,1
28690,586,0.0,6.0,2.0,116,33,7,5,111,0,4,1
28730,1900,0.0,3.0,1.0,2,1,1,1,1,0,1,0
287437,4775,0.0,7.0,0.0,46,17,2,1,44,0,2,0
287509,3339,0.0,null,null,15,6,1,2,14,0,1,0
287927,3828,0.0,3.0,0.0,8,4,2,2,7,0,1,0
288060,671,0.0,0.0,0.0,1,1,1,1,0,0,1,0
288813,133,0.0,4.0,0.0,6,3,1,2,2,0,1,3
289071,4322,0.0,0.0,0.0,3,1,1,2,2,0,1,0
289821,4234,0.0,0.0,1.0,4,1,1,2,2,0,1,1
289875,4864,0.0,5.0,0.0,13,5,2,3,10,0,2,1
290121,4850,0.0,6.0,0.0,22,13,8,2,21,0,1,0
290233,3682,0.0,6.0,0.0,36,6,1,2,29,0,1,6
291252,1500,0.0,3.0,0.0,3,1,1,1,2,0,1,0
29146,2976,0.0,3.0,0.0,6,1,1,1,5,0,1,0
291662,265,0.0,4.0,0.0,8,2,1,1,3,0,4,1
291953,1221,0.0,0.0,2.0,34,18,2,2,33,0,1,0
292265,4042,0.0,3.0,0.0,1,1,1,1,0,0,1,0
292469,2149,0.0,0.0,1.0,2,1,1,1,1,0,1,0
29248,1963,0.0,6.0,0.0,12,7,2,3,11,0,1,0
29273,4661,0.0,4.0,0.0,19,6,2,1,17,0,2,0
293058,2562,0.0,4.0,0.0,8,1,1,2,5,1,1,1
293107,1393,0.0,0.0,0.0,4,2,2,2,1,0,1,2
293353,4992,1.0,3.0,0.0,6,2,1,1,4,0,2,0
29337,9,0.0,4.0,0.0,4,1,1,1,3,0,1,0
293440,2403,0.0,2.0,0.0,77,23,4,3,74,0,3,0
293509,359,0.0,0.0,1.0,2,1,1,1,1,0,1,0
293686,3839,0.0,0.0,0.0,7,4,1,3,6,0,1,0
293957,2173,1.0,3.0,1.0,14,4,1,2,12,0,1,1
294489,2105,0.0,0.0,1.0,3,1,1,1,2,0,1,0
294497,416,0.0,5.0,0.0,13,8,3,2,9,0,4,0
294542,4173,0.0,3.0,0.0,19,11,5,2,18,0,1,0
294803,2448,0.0,0.0,0.0,2,1,1,2,0,0,1,1
295079,3472,0.0,0.0,1.0,4,2,1,1,2,0,2,0
295121,4601,0.0,6.0,0.0,1,1,1,1,0,0,1,0
295385,2473,1.0,2.0,1.0,18,3,1,2,16,0,1,1
295676,2273,0.0,7.0,0.0,6,2,1,2,4,0,1,1
296363,4585,0.0,0.0,0.0,2,1,1,1,1,0,1,0
296604,2108,0.0,null,null,5,2,2,1,4,0,1,0
29681,3968,0.0,5.0,1.0,4,1,1,1,3,0,1,0
296885,4985,0.0,3.0,0.0,12,4,1,3,10,0,1,1
296885,689,1.0,3.0,0.0,131,30,7,3,121,0,2,8
296948,3734,0.0,4.0,0.0,4,1,1,2,3,0,1,0
296980,1618,0.0,0.0,0.0,6,2,1,1,5,0,1,0
297313,2217,0.0,3.0,0.0,4,1,1,1,3,0,1,0
297621,4976,0.0,4.0,1.0,11,2,1,3,10,0,1,0
297650,317,0.0,6.0,0.0,6,2,2,1,5,0,1,0
297853,4270,1.0,5.0,0.0,16,11,6,2,13,0,3,0
297887,4808,0.0,3.0,1.0,4,1,1,2,3,0,1,0
298357,66,0.0,0.0,0.0,1,1,1,1,0,0,1,0
298446,3971,0.0,0.0,0.0,2,1,1,1,0,0,1,1
298464,1425,0.0,3.0,0.0,20,2,1,3,17,0,1,2
298623,682,0.0,3.0,0.0,3,1,1,1,2,0,1,0
300078,1131,0.0,5.0,0.0,22,11,6,3,21,0,1,0
300651,3173,0.0,2.0,1.0,9,2,2,3,6,0,1,2
301030,3055,0.0,6.0,1.0,3,1,1,2,2,0,1,0
301220,606,0.0,2.0,0.0,8,4,2,2,3,0,1,4
301362,2639,0.0,6.0,0.0,27,13,8,5,23,0,3,1
301484,203,0.0,0.0,1.0,5,1,1,1,4,0,1,0
301801,4499,0.0,0.0,0.0,4,1,1,2,3,0,1,0
301820,2579,0.0,5.0,0.0,4,2,2,1,3,0,1,0
301910,1918,0.0,4.0,0.0,10,2,1,2,9,0,1,0
30209,826,0.0,4.0,0.0,2,1,1,1,1,0,1,0
30229,3609,0.0,5.0,0.0,28,12,1,1,25,0,3,0
302515,4500,0.0,4.0,2.0,18,6,4,3,14,0,4,0
302778,1022,0.0,6.0,0.0,27,13,1,3,23,0,4,0
303013,995,0.0,2.0,1.0,4,3,1,1,3,0,1,0
30332,1970,0.0,6.0,1.0,11,3,2,2,8,0,3,0
303425,3609,0.0,5.0,0.0,1,1,1,1,0,0,1,0
303442,4966,0.0,3.0,0.0,7,4,3,2,6,0,1,0
303602,598,0.0,2.0,1.0,31,18,4,3,30,0,1,0
303693,2082,0.0,4.0,2.0,7,2,2,3,6,0,1,0
303951,4747,0.0,0.0,0.0,4,3,1,1,3,0,1,0
304001,4318,0.0,2.0,0.0,8,2,1,3,4,0,1,3
304170,2981,0.0,2.0,0.0,20,6,2,1,17,0,1,2
304533,2928,0.0,4.0,0.0,4,3,2,1,3,0,1,0
304589,416,0.0,2.0,0.0,3,1,1,1,2,0,1,0
304592,133,0.0,3.0,1.0,3,1,1,1,2,0,1,0
304862,4942,0.0,3.0,0.0,7,2,2,2,6,0,1,0
305377,66,0.0,0.0,1.0,3,1,1,2,2,0,1,0
306182,326,1.0,6.0,1.0,2,1,1,1,1,0,1,0
306657,2321,0.0,2.0,0.0,18,3,1,2,17,0,1,0
306680,2714,0.0,6.0,0.0,3,2,2,1,2,0,1,0
306823,2579,0.0,4.0,0.0,7,3,2,3,5,0,1,1
307789,698,0.0,0.0,0.0,5,2,2,1,3,0,2,0
308355,1102,0.0,0.0,0.0,9,7,2,3,7,0,2,0
308776,4287,0.0,3.0,0.0,8,3,3,1,7,0,1,0
309056,2505,0.0,2.0,1.0,8,2,1,1,7,0,1,0
309098,1618,0.0,3.0,0.0,8,2,1,2,7,0,1,0
309159,3347,0.0,5.0,0.0,46,10,2,2,41,0,5,0
309307,4150,0.0,4.0,0.0,3,1,1,1,2,0,1,0
309952,66,0.0,2.0,0.0,3,1,1,1,1,0,2,0
310181,4772,0.0,6.0,0.0,9,2,1,1,8,0,1,0
310418,3304,0.0,4.0,1.0,10,6,2,1,9,0,1,0
310567,2318,0.0,3.0,0.0,8,1,1,1,7,0,1,0
310668,4234,0.0,0.0,0.0,17,8,4,2,14,0,2,1
310832,4818,0.0,4.0,0.0,5,2,2,3,4,0,1,0
311421,4966,0.0,3.0,1.0,14,8,6,1,13,0,1,0
312223,2403,0.0,4.0,0.0,8,4,2,1,3,0,2,3
312242,4044,0.0,0.0,0.0,20,7,3,3,19,0,1,0
313024,2465,0.0,3.0,1.0,9,5,2,2,8,0,1,0
313216,2669,0.0,2.0,0.0,224,9,5,2,217,0,2,5
313733,4221,0.0,3.0,1.0,7,4,2,1,6,0,1,0
314058,1890,0.0,6.0,0.0,75,21,5,5,68,0,1,6
314086,3826,0.0,2.0,0.0,5,2,1,2,4,0,1,0
314164,3614,0.0,0.0,0.0,3,2,1,1,2,0,1,0
314698,4966,0.0,4.0,0.0,22,9,5,2,19,0,3,0
31480,467,0.0,4.0,0.0,6,2,2,1,4,0,2,0
314965,3665,0.0,4.0,1.0,2,1,1,2,1,0,1,0
315150,1203,0.0,0.0,0.0,8,3,2,1,6,0,2,0
315889,2891,0.0,3.0,0.0,5,2,1,1,3,0,2,0
316005,3220,0.0,5.0,0.0,4,1,1,1,3,0,1,0
31631,1890,0.0,5.0,0.0,17,5,2,6,14,0,1,2
316430,3665,0.0,0.0,1.0,10,3,2,3,9,0,1,0
316508,2424,0.0,3.0,1.0,15,1,1,1,14,0,1,0
316678,798,0.0,3.0,0.0,2,2,2,2,1,0,1,0
317420,1102,0.0,3.0,0.0,6,6,4,4,1,0,1,4
317537,4976,0.0,4.0,0.0,13,8,2,2,12,0,1,0
3177,1407,0.0,5.0,0.0,8,5,1,1,6,0,2,0
31907,1134,0.0,8.0,0.0,1,1,1,1,0,0,1,0
319247,1392,0.0,0.0,0.0,7,1,1,2,5,0,2,0
319263,4864,0.0,5.0,1.0,6,1,1,1,5,0,1,0
319325,2669,0.0,2.0,0.0,8,3,2,4,7,0,1,0
319356,4938,0.0,0.0,0.0,2,1,1,1,1,0,1,0
319885,4659,0.0,0.0,0.0,4,1,1,3,3,0,1,0
320062,3163,0.0,0.0,1.0,12,4,3,1,10,0,2,0
320917,3734,1.0,0.0,1.0,12,6,3,1,11,0,1,0
321183,962,0.0,3.0,0.0,76,29,11,11,57,0,4,15
32151,4287,0.0,3.0,0.0,22,8,5,1,15,0,5,2
322333,4468,0.0,4.0,2.0,10,7,1,2,8,0,2,0
322513,4616,0.0,5.0,0.0,6,2,2,1,4,0,2,0
322921,935,0.0,3.0,0.0,7,2,1,1,6,0,1,0
322995,2072,0.0,2.0,0.0,7,2,1,1,6,0,1,0
323445,3841,0.0,2.0,1.0,4,1,1,1,3,0,1,0
324012,2082,1.0,3.0,1.0,11,3,2,2,10,0,1,0
324956,3460,0.0,3.0,0.0,1,1,1,1,0,0,1,0
324998,4797,0.0,2.0,1.0,3,1,1,1,2,0,1,0
325225,3971,0.0,4.0,1.0,2,1,1,2,1,0,1,0
325739,4099,0.0,6.0,1.0,3,1,1,1,2,0,1,0
32635,2545,0.0,5.0,0.0,19,7,1,1,16,0,3,0
326778,962,0.0,3.0,0.0,2,1,1,1,1,0,1,0
327428,3350,0.0,3.0,0.0,7,1,1,3,5,0,1,1
327479,1434,0.0,0.0,1.0,3,1,1,2,2,0,1,0
32767,3971,0.0,4.0,0.0,14,7,3,2,11,0,3,0
329001,2447,0.0,0.0,1.0,4,2,1,1,3,0,1,0
329027,4564,0.0,2.0,1.0,19,4,1,2,18,0,1,0
329143,4044,0.0,0.0,0.0,3,1,1,1,2,0,1,0
329956,2403,0.0,4.0,2.0,34,17,2,2,31,0,3,0
330104,4265,0.0,3.0,0.0,33,18,10,5,30,0,3,0
330298,845,0.0,3.0,0.0,2,1,1,1,1,0,1,0
330935,794,0.0,4.0,0.0,11,3,1,2,8,0,1,2
331127,2482,1.0,2.0,0.0,1,1,1,1,0,0,1,0
331346,2448,0.0,2.0,1.0,2,1,1,1,1,0,1,0
33143,1393,1.0,2.0,0.0,17,10,9,3,10,0,1,6
331727,1487,0.0,6.0,0.0,172,24,1,3,167,0,1,4
332168,2648,0.0,3.0,0.0,4,2,2,1,3,0,1,0
332214,2173,0.0,7.0,0.0,22,9,1,3,19,0,2,1
332226,1964,0.0,5.0,0.0,9,6,4,2,8,0,1,0
332340,3345,0.0,7.0,0.0,2,1,1,1,1,0,1,0
333052,3444,0.0,2.0,1.0,6,1,1,3,4,1,1,0
333309,132,0.0,2.0,0.0,1,1,1,1,0,0,1,0
333639,4760,0.0,4.0,1.0,5,3,2,1,4,0,1,0
33396,4129,0.0,2.0,0.0,65,37,4,4,61,0,4,0
334497,897,0.0,4.0,0.0,1,1,1,1,0,0,1,0
334655,4659,0.0,2.0,0.0,17,11,5,1,15,0,2,0
334722,4760,0.0,3.0,0.0,7,1,1,2,5,0,1,1
335271,1272,0.0,4.0,1.0,1,1,1,1,0,0,1,0
335469,3578,0.0,0.0,0.0,4,3,1,2,3,0,1,0
335956,3271,0.0,6.0,0.0,6,4,2,2,5,0,1,0
336007,3984,0.0,0.0,0.0,8,4,2,1,7,0,1,0
336283,1056,0.0,4.0,0.0,11,8,5,2,8,0,3,0
336523,4871,0.0,0.0,1.0,7,2,2,1,6,0,1,0
337809,2124,0.0,3.0,0.0,24,6,1,3,23,0,1,0
337863,3619,0.0,3.0,1.0,7,4,1,1,6,0,1,0
338181,1760,0.0,6.0,0.0,5,4,2,2,4,0,1,0
338428,1074,0.0,6.0,0.0,8,3,1,2,5,0,2,1
338542,742,0.0,0.0,0.0,1,1,1,1,0,0,1,0
338676,1022,0.0,4.0,0.0,4,2,1,3,2,0,1,1
339107,3843,0.0,5.0,1.0,4,1,1,2,2,0,1,1
33927,4465,0.0,5.0,0.0,9,1,1,1,7,0,2,0
339973,1861,0.0,0.0,1.0,8,4,1,2,5,0,3,0
340522,3578,0.0,0.0,0.0,3,1,1,1,2,0,1,0
34066,151,0.0,3.0,1.0,3,1,1,1,2,0,1,0
340753,4648,0.0,5.0,0.0,2,1,1,1,1,0,1,0
340854,1892,1.0,0.0,0.0,16,9,5,3,13,0,3,0
341175,4499,0.0,4.0,1.0,3,1,1,3,1,0,1,1
341395,3614,0.0,4.0,1.0,3,1,1,1,2,0,1,0
34153,1541,0.0,0.0,1.0,4,1,1,1,3,0,1,0
341620,321,0.0,0.0,0.0,8,5,1,4,7,0,1,0
341965,3941,0.0,7.0,1.0,5,3,1,2,4,0,1,0
342054,2128,0.0,3.0,0.0,3,3,3,1,0,0,3,0
342165,3954,0.0,0.0,1.0,5,3,1,1,4,0,1,0
342349,1999,1.0,4.0,1.0,6,5,1,4,4,0,2,0
343051,2031,0.0,5.0,1.0,8,3,3,1,5,0,3,0
343224,1472,0.0,3.0,0.0,12,8,1,1,10,0,2,0
34340,2821,0.0,5.0,0.0,4,1,1,1,3,0,1,0
343550,4287,0.0,0.0,0.0,14,6,4,3,11,0,1,2
343594,3614,0.0,4.0,1.0,2,1,1,1,1,0,1,0
343648,1964,0.0,2.0,0.0,2,1,1,1,1,0,1,0
345251,474,0.0,8.0,1.0,2,1,1,1,1,0,1,0
345350,1346,0.0,4.0,0.0,1,1,1,1,0,0,1,0
34548,1999,1.0,0.0,0.0,6,3,2,2,5,0,1,0
346010,2465,0.0,4.0,1.0,3,1,1,1,2,0,1,0
346313,798,0.0,3.0,0.0,29,12,8,2,23,0,5,1
346325,1500,0.0,6.0,1.0,3,1,1,1,1,0,1,1
346405,3828,1.0,4.0,0.0,110,52,11,5,99,0,9,2
346625,3734,0.0,0.0,0.0,1,1,1,1,0,0,1,0
346913,66,0.0,3.0,0.0,5,1,1,1,4,0,1,0
347013,3319,0.0,4.0,0.0,3,2,2,2,2,0,1,0
347268,386,0.0,4.0,0.0,8,7,3,2,6,0,2,0
347647,2582,0.0,2.0,0.0,16,10,3,1,12,0,1,3
349424,1514,0.0,5.0,2.0,2,1,1,1,1,0,1,0
349640,1552,0.0,4.0,0.0,3,1,1,1,2,0,1,0
349683,474,0.0,4.0,1.0,4,1,1,1,3,0,1,0
349827,2229,0.0,5.0,0.0,1,1,1,1,0,0,1,0
349871,1892,0.0,0.0,0.0,187,49,11,6,180,0,5,2
350116,2505,0.0,3.0,0.0,3,1,1,1,2,0,1,0
350737,4560,0.0,5.0,0.0,5,2,1,3,4,0,1,0
350773,4783,0.0,5.0,0.0,3,1,1,1,2,0,1,0
350928,1487,0.0,3.0,1.0,3,1,1,1,2,0,1,0
351075,4760,0.0,3.0,0.0,9,2,2,1,8,0,1,0
351430,3424,0.0,0.0,0.0,7,6,2,2,6,0,1,0
351739,4170,0.0,4.0,0.0,19,3,1,5,15,0,4,0
35174,4558,0.0,4.0,0.0,2,2,1,1,0,0,2,0
351790,2571,0.0,0.0,0.0,6,4,1,1,5,0,1,0
351841,608,0.0,4.0,0.0,17,6,3,2,16,0,1,0
35236,3629,0.0,2.0,0.0,11,1,1,4,9,0,1,1
352740,310,0.0,0.0,1.0,10,1,1,1,9,0,1,0
353170,2936,0.0,4.0,1.0,5,2,1,1,4,0,1,0
353848,3828,0.0,0.0,0.0,11,8,3,2,10,0,1,0
354349,4848,0.0,5.0,0.0,10,2,1,2,9,0,1,0
35436,4137,0.0,3.0,2.0,3,2,1,2,2,0,1,0
354427,3319,1.0,4.0,1.0,1,1,1,1,0,0,1,0
354602,4261,1.0,5.0,2.0,12,11,3,3,1,0,7,4
354657,4908,0.0,3.0,0.0,4,1,1,2,3,0,1,0
354675,2900,0.0,6.0,0.0,3,2,2,2,2,0,1,0
354791,1692,0.0,2.0,1.0,6,1,1,1,5,0,1,0
35528,1122,0.0,3.0,1.0,4,1,1,1,2,0,2,0
355313,3163,0.0,2.0,1.0,2,1,1,1,1,0,1,0
355412,3541,0.0,0.0,0.0,10,2,1,2,9,0,1,0
355476,4196,0.0,2.0,1.0,5,1,1,1,4,0,1,0
35594,3967,0.0,4.0,1.0,16,8,1,1,15,0,1,0
357233,1892,0.0,0.0,0.0,10,3,1,3,9,0,1,0
357966,4933,0.0,3.0,0.0,2,1,1,1,1,0,1,0
35833,4756,1.0,0.0,0.0,3,3,1,2,2,0,1,0
35842,4234,0.0,3.0,1.0,10,3,1,1,8,0,1,1
358693,1679,0.0,4.0,0.0,9,5,2,1,5,0,4,0
358839,1102,0.0,0.0,0.0,15,3,1,3,12,0,1,2
359012,4966,0.0,4.0,1.0,1,1,1,1,0,0,1,0
35943,2361,0.0,0.0,0.0,4,1,1,1,3,0,1,0
360415,2664,0.0,3.0,0.0,18,4,2,2,17,0,1,0
360868,522,0.0,2.0,1.0,5,1,1,1,3,0,1,1
361125,1659,0.0,5.0,0.0,17,6,1,1,16,0,1,0
361195,2709,0.0,3.0,1.0,2,1,1,1,1,0,1,0
361719,1489,0.0,2.0,0.0,6,2,1,2,4,0,1,1
361728,2413,0.0,0.0,0.0,10,2,1,2,8,0,2,0
362923,4877,0.0,4.0,0.0,11,3,2,2,9,0,1,1
363069,1839,0.0,5.0,0.0,6,1,1,1,5,0,1,0
363168,4818,0.0,0.0,0.0,3,1,1,2,2,0,1,0
363504,4607,0.0,7.0,0.0,4,3,2,1,3,0,1,0
363988,1900,0.0,0.0,0.0,13,1,1,2,12,0,1,0
364029,2242,0.0,0.0,0.0,1,1,1,1,0,0,1,0
364148,2721,0.0,0.0,0.0,8,1,1,2,6,0,2,0
364321,4044,0.0,3.0,0.0,1,1,1,1,0,0,1,0
364391,437,0.0,2.0,0.0,11,6,2,5,9,0,1,1
364629,2257,0.0,4.0,0.0,10,6,5,4,9,0,1,0
364749,1427,0.0,2.0,0.0,12,5,3,6,10,0,1,1
364967,3971,0.0,4.0,0.0,7,5,2,1,6,0,1,0
365258,236,0.0,0.0,1.0,10,2,2,2,7,0,2,1
365270,2864,0.0,6.0,0.0,1,1,1,1,0,0,1,0
366154,4469,0.0,5.0,0.0,17,7,1,2,16,0,1,0
366196,1704,0.0,5.0,0.0,14,12,5,1,13,0,1,0
366510,2821,0.0,0.0,0.0,3,1,1,1,2,0,1,0
366889,1102,0.0,0.0,1.0,26,15,3,3,24,1,1,0
367104,3955,0.0,4.0,0.0,6,3,1,3,5,0,1,0
367129,1910,0.0,0.0,0.0,2,1,1,1,1,0,1,0
367626,3420,0.0,0.0,0.0,4,4,2,1,3,0,1,0
367898,3477,0.0,8.0,1.0,5,1,1,1,3,0,2,0
368068,4442,0.0,2.0,0.0,3,1,1,1,2,0,1,0
368214,3472,0.0,0.0,0.0,1,1,1,1,0,0,1,0
368445,3105,0.0,2.0,1.0,2,1,1,1,1,0,1,0
369326,4659,0.0,2.0,1.0,10,6,4,2,8,0,2,0
369560,121,0.0,0.0,0.0,45,15,3,6,43,0,2,0
370260,2403,0.0,4.0,0.0,9,7,2,1,7,0,2,0
370636,1911,0.0,0.0,0.0,6,2,1,2,5,0,1,0
370851,1667,0.0,4.0,1.0,8,5,2,2,7,0,1,0
370874,2032,0.0,8.0,0.0,4,3,1,1,3,0,1,0
372411,2945,0.0,4.0,0.0,2,1,1,1,1,0,1,0
372962,1485,0.0,4.0,1.0,6,1,1,2,4,1,1,0
373607,71,1.0,5.0,0.0,8,5,2,1,7,0,1,0
373834,2787,0.0,4.0,0.0,14,6,1,1,12,0,2,0
373852,3968,0.0,3.0,0.0,51,18,9,4,37,0,4,10
374071,3766,0.0,3.0,0.0,3,2,2,1,1,0,2,0
37447,2248,0.0,6.0,0.0,7,2,1,2,5,0,2,0
3745,756,0.0,0.0,0.0,6,2,1,1,5,0,1,0
375677,3152,0.0,3.0,0.0,3,2,1,2,0,0,1,2
375971,3693,0.0,2.0,1.0,10,4,1,1,9,0,1,0
376311,3971,0.0,2.0,1.0,1,1,1,1,0,0,1,0
376781,3578,0.0,2.0,1.0,5,1,1,3,4,0,1,0
376886,3347,0.0,4.0,1.0,20,9,1,2,18,0,2,0
377577,4976,0.0,3.0,0.0,15,7,4,4,11,0,2,2
377801,1393,0.0,3.0,0.0,43,15,11,2,39,0,4,0
37833,4368,0.0,4.0,1.0,32,18,5,2,28,0,4,0
378431,264,0.0,3.0,1.0,3,1,1,1,2,0,1,0
378494,2745,0.0,2.0,1.0,4,1,1,2,3,0,1,0
378638,1957,0.0,2.0,1.0,3,1,1,1,2,0,1,0
379377,474,0.0,0.0,1.0,37,19,16,4,31,0,6,0
379823,416,0.0,0.0,1.0,35,14,6,2,34,0,1,0
380123,2709,0.0,5.0,0.0,5,2,2,2,4,0,1,0
380126,1393,0.0,3.0,0.0,7,5,2,2,0,0,2,5
380610,3225,0.0,0.0,0.0,5,2,1,1,4,0,1,0
380764,806,0.0,2.0,0.0,10,6,1,1,9,0,1,0
380771,323,0.0,6.0,0.0,21,5,1,6,18,0,1,2
381004,3734,0.0,4.0,0.0,6,3,2,1,4,0,2,0
381039,747,0.0,6.0,0.0,8,4,1,1,7,0,1,0
381054,879,0.0,0.0,0.0,4,1,1,1,3,0,1,0
381310,310,0.0,3.0,1.0,16,2,2,1,12,0,2,2
381710,1892,0.0,0.0,0.0,5,2,1,1,2,0,1,2
382196,2869,0.0,2.0,0.0,5,3,1,1,4,0,1,0
382576,3103,0.0,0.0,0.0,3,1,1,1,0,0,2,1
382675,1472,0.0,0.0,0.0,5,2,1,1,4,0,1,0
382713,398,0.0,0.0,1.0,3,1,1,1,2,0,1,0
383054,479,0.0,2.0,0.0,3,1,1,2,1,0,1,1
383168,4919,0.0,3.0,0.0,6,1,1,2,5,0,1,0
383583,1520,0.0,0.0,0.0,2,1,1,1,1,0,1,0
38384,4115,0.0,4.0,0.0,4,1,1,1,3,0,1,0
385501,4090,0.0,4.0,1.0,12,7,1,1,11,0,1,0
385964,3862,0.0,4.0,0.0,3,1,1,1,2,0,1,0
38624,2537,0.0,5.0,1.0,2,1,1,1,1,0,1,0
386635,1557,0.0,4.0,1.0,1,1,1,1,0,0,1,0
387212,4976,0.0,2.0,0.0,1,1,1,1,0,0,1,0
387384,4091,0.0,3.0,1.0,3,1,1,1,2,0,1,0
387425,3971,0.0,5.0,1.0,1,1,1,1,0,0,1,0
387841,2138,0.0,2.0,0.0,51,16,5,7,46,0,2,3
388047,3954,0.0,2.0,1.0,7,2,2,1,4,0,2,1
388220,1788,0.0,2.0,1.0,5,2,1,2,4,0,1,0
388223,1190,0.0,0.0,0.0,8,8,7,2,1,0,7,0
388539,3347,1.0,4.0,0.0,3,1,1,2,2,0,1,0
388665,360,0.0,2.0,1.0,6,1,1,2,5,0,1,0
389117,2397,0.0,0.0,0.0,13,4,3,1,12,0,1,0
389297,3462,0.0,0.0,0.0,3,1,1,1,2,0,1,0
389587,2537,0.0,2.0,0.0,8,3,2,2,7,0,1,0
389799,3473,0.0,4.0,0.0,2,1,1,1,1,0,1,0
390032,742,0.0,0.0,0.0,3,2,2,1,2,0,1,0
390080,503,0.0,6.0,0.0,1,1,1,1,0,0,1,0
390225,3609,0.0,6.0,0.0,25,13,1,2,21,0,4,0
390252,4052,0.0,4.0,0.0,2,1,1,2,1,0,1,0
390349,1761,0.0,5.0,1.0,4,1,1,2,3,0,1,0
390399,4871,0.0,2.0,1.0,8,2,1,3,6,0,2,0
39077,3472,0.0,2.0,1.0,7,3,1,1,6,0,1,0
391190,4484,0.0,3.0,2.0,19,5,1,3,17,0,2,0
391816,4282,0.0,3.0,0.0,2,1,1,1,1,0,1,0
392106,3075,0.0,0.0,0.0,7,4,1,2,6,0,1,0
393290,3912,0.0,0.0,0.0,8,2,2,2,6,0,2,0
393558,1332,0.0,5.0,0.0,3,1,1,1,2,0,1,0
393747,1987,0.0,4.0,1.0,2,1,1,1,1,0,1,0
394076,2273,0.0,3.0,0.0,7,1,1,1,5,0,2,0
394653,4048,1.0,3.0,1.0,5,1,1,1,2,0,3,0
395129,4594,0.0,2.0,1.0,1,1,1,1,0,0,1,0
396026,2537,1.0,0.0,0.0,17,6,3,3,13,0,3,1
396187,1833,0.0,0.0,1.0,21,14,1,1,16,1,4,0
396223,1892,0.0,3.0,0.0,29,20,13,3,25,0,4,0
396558,255,0.0,2.0,0.0,4,3,1,2,3,0,1,0
397172,2031,0.0,3.0,0.0,4,2,1,1,3,0,1,0
397284,2318,0.0,5.0,0.0,3,1,1,1,2,0,1,0
397305,1203,0.0,4.0,1.0,11,7,6,4,10,0,1,0
397336,4500,0.0,6.0,1.0,3,1,1,1,2,0,1,0
397451,1833,0.0,4.0,0.0,3,1,1,2,2,0,1,0
397558,4500,1.0,3.0,1.0,3,1,1,1,2,0,1,0
398057,1963,0.0,3.0,0.0,52,26,2,2,48,0,1,3
398383,682,0.0,0.0,1.0,2,1,1,1,1,0,1,0
399388,4071,0.0,3.0,0.0,4,1,1,1,3,0,1,0
399856,437,0.0,7.0,null,61,35,4,9,60,0,1,0
400519,742,0.0,3.0,1.0,5,1,1,1,2,0,3,0
400586,1283,0.0,0.0,0.0,7,3,2,1,6,0,1,0
400831,4659,0.0,4.0,0.0,6,3,2,1,5,0,1,0
40109,760,0.0,0.0,0.0,8,2,2,1,7,0,1,0
401203,3910,0.0,0.0,0.0,6,4,4,1,5,0,1,0
401896,682,0.0,3.0,0.0,2,1,1,1,1,0,1,0
402004,3562,0.0,4.0,0.0,5,1,1,2,4,0,1,0
402015,4847,0.0,3.0,0.0,7,4,3,2,3,0,3,1
402585,798,0.0,2.0,1.0,2,1,1,1,1,0,1,0
403112,4438,0.0,0.0,0.0,1,1,1,1,0,0,1,0
403217,4480,0.0,3.0,0.0,10,7,4,1,9,0,1,0
403297,3363,0.0,0.0,0.0,6,1,1,1,5,0,1,0
403669,3878,0.0,3.0,0.0,6,1,1,1,5,0,1,0
403717,4864,0.0,0.0,1.0,71,25,4,2,70,0,1,0
404853,4049,0.0,0.0,0.0,8,3,2,1,7,0,1,0
404909,63,0.0,0.0,0.0,71,12,5,3,70,0,1,0
405239,503,0.0,4.0,0.0,7,3,1,1,5,0,2,0
405269,625,0.0,0.0,0.0,4,1,1,2,3,0,1,0
406220,2447,0.0,3.0,0.0,9,5,1,4,6,0,1,2
406422,4438,0.0,0.0,0.0,6,1,1,4,4,0,1,1
406445,141,0.0,0.0,0.0,1,1,1,1,0,0,1,0
406542,1022,0.0,2.0,0.0,7,2,1,2,6,0,1,0
406574,141,0.0,3.0,0.0,58,34,13,2,56,0,2,0
406678,1485,0.0,2.0,0.0,5,3,1,1,3,0,2,0
406859,3173,0.0,3.0,0.0,4,1,1,1,1,0,3,0
40694,4044,0.0,3.0,0.0,7,4,1,1,6,0,1,0
406949,3159,0.0,2.0,0.0,8,5,3,1,6,0,2,0
406980,4198,0.0,6.0,0.0,7,2,1,1,6,0,1,0
407099,3443,0.0,3.0,1.0,2,1,1,1,1,0,1,0
407151,323,0.0,4.0,0.0,5,1,1,2,3,0,1,1
407196,2047,0.0,0.0,0.0,6,1,1,3,4,0,1,1
407212,2922,0.0,3.0,0.0,2,1,1,1,1,0,1,0
407548,3835,0.0,4.0,0.0,1,1,1,1,0,0,1,0
408180,4718,0.0,5.0,0.0,1,1,1,1,0,0,1,0
408289,824,0.0,3.0,1.0,1,1,1,1,0,0,1,0
408815,4760,0.0,3.0,1.0,24,10,4,3,21,0,1,2
409122,63,0.0,0.0,0.0,6,2,1,1,5,0,1,0
409329,71,0.0,5.0,1.0,16,13,4,2,15,0,1,0
409494,3898,0.0,3.0,0.0,5,1,1,1,4,0,1,0
409532,1310,0.0,3.0,1.0,5,2,2,1,4,0,1,0
409616,2592,0.0,0.0,0.0,8,4,3,2,4,0,1,3
409728,2436,0.0,5.0,2.0,6,3,1,2,3,0,3,0
409788,786,0.0,2.0,0.0,4,2,2,2,3,0,1,0
40983,2273,0.0,7.0,1.0,1,1,1,1,0,0,1,0
410276,3635,0.0,3.0,1.0,2,1,1,1,1,0,1,0
410529,794,0.0,6.0,0.0,9,3,1,2,7,0,1,1
410693,1760,0.0,6.0,0.0,5,3,2,1,2,0,3,0
410878,145,0.0,3.0,0.0,3,2,1,1,2,0,1,0
411111,3971,0.0,4.0,1.0,8,1,1,3,6,0,1,1
411310,4079,0.0,5.0,0.0,4,1,1,1,2,0,2,0
411377,2954,1.0,3.0,0.0,28,13,11,3,19,0,9,0
411935,1798,0.0,4.0,1.0,1,1,1,1,0,0,1,0
412000,4594,0.0,3.0,2.0,13,5,4,2,10,0,1,2
412136,467,0.0,3.0,2.0,10,5,2,4,9,0,1,0
412428,3623,0.0,4.0,0.0,10,2,2,4,8,0,1,1
412880,3080,0.0,3.0,1.0,7,1,1,3,6,0,1,0
413056,2051,0.0,0.0,0.0,5,2,1,1,4,0,1,0
413250,3578,0.0,0.0,0.0,1,1,1,1,0,0,1,0
413310,1223,0.0,0.0,0.0,3,1,1,1,2,0,1,0
413350,13,0.0,6.0,0.0,3,2,1,1,2,0,1,0
413723,3578,0.0,4.0,1.0,12,8,1,2,11,0,1,0
413805,2954,0.0,5.0,2.0,6,2,1,3,2,0,4,0
414115,1485,0.0,6.0,0.0,7,3,2,1,5,0,1,1
414848,742,0.0,3.0,0.0,2,2,2,1,0,0,2,0
415020,2403,0.0,0.0,1.0,1,1,1,1,0,0,1,0
415149,3536,0.0,0.0,0.0,4,2,1,1,3,0,1,0
415253,3080,0.0,2.0,0.0,12,4,2,3,9,0,1,2
415578,2721,0.0,5.0,0.0,13,3,1,6,12,0,1,0
41572,2099,0.0,4.0,0.0,2,1,1,1,1,0,1,0
416340,2821,0.0,3.0,1.0,2,2,2,2,1,0,1,0
41637,3041,0.0,5.0,0.0,4,1,1,1,3,0,1,0
416952,4708,0.0,5.0,0.0,40,19,10,2,29,0,5,6
417982,2583,0.0,0.0,0.0,16,6,1,1,15,0,1,0
41884,4129,0.0,4.0,0.0,56,22,3,1,50,0,4,2
418990,4079,0.0,0.0,0.0,3,3,2,1,0,0,3,0
419215,4044,0.0,0.0,1.0,5,2,2,1,4,0,1,0
419595,2981,0.0,7.0,0.0,4,1,1,1,3,0,1,0
419748,1472,0.0,3.0,0.0,2,1,1,1,1,0,1,0
420594,1661,0.0,4.0,0.0,2,1,1,1,1,0,1,0
420830,1182,0.0,6.0,0.0,11,1,1,2,10,0,1,0
420866,3580,0.0,3.0,1.0,6,2,2,1,4,0,2,0
421392,3350,0.0,6.0,0.0,1,1,1,1,0,0,1,0
421441,4540,0.0,0.0,0.0,2,1,1,2,1,0,1,0
42254,1434,0.0,4.0,0.0,5,2,1,2,4,0,1,0
422700,653,0.0,3.0,1.0,6,1,1,1,5,0,1,0
422991,2060,0.0,0.0,0.0,4,2,1,1,3,0,1,0
423343,608,0.0,6.0,0.0,2,1,1,1,1,0,1,0
423467,742,0.0,6.0,1.0,2,1,1,1,1,0,1,0
423583,968,0.0,3.0,1.0,10,5,3,1,9,0,1,0
423815,423,0.0,3.0,0.0,6,4,1,1,5,0,1,0
42413,2253,0.0,6.0,0.0,9,1,1,1,8,0,1,0
43626,3936,0.0,2.0,1.0,20,10,5,2,17,2,1,0
4370,1353,0.0,5.0,0.0,1,1,1,1,0,0,1,0
43772,742,0.0,5.0,0.0,2,1,1,1,1,0,1,0
43886,4044,0.0,2.0,0.0,7,3,1,4,6,0,1,0
44453,1892,0.0,3.0,0.0,4,2,1,1,0,0,4,0
44475,1710,0.0,4.0,0.0,11,5,3,1,9,0,2,0
44944,416,0.0,4.0,0.0,12,8,3,1,11,0,1,0
45394,2709,0.0,3.0,0.0,6,2,2,2,4,0,2,0
45407,2284,0.0,5.0,1.0,7,3,1,1,6,0,1,0
45528,962,0.0,3.0,1.0,1,1,1,1,0,0,1,0
45579,4760,0.0,3.0,1.0,3,2,2,2,0,0,1,2
46601,2432,0.0,3.0,0.0,2,1,1,2,0,0,1,1
46608,4287,0.0,4.0,1.0,3,1,1,1,2,0,1,0
46859,396,0.0,4.0,0.0,14,2,1,1,11,0,1,2
4686,4170,0.0,4.0,0.0,15,4,3,2,12,0,3,0
47024,4847,0.0,0.0,1.0,3,2,1,1,2,0,1,0
47100,3753,0.0,3.0,1.0,4,2,2,1,2,0,2,0
47490,4933,0.0,2.0,1.0,5,1,1,1,4,0,1,0
47557,598,0.0,4.0,1.0,2,1,1,1,1,0,1,0
47647,4616,0.0,3.0,0.0,9,3,3,4,8,0,1,0
48284,951,0.0,4.0,0.0,4,2,1,1,3,0,1,0
48849,1123,0.0,null,null,8,3,2,1,7,0,1,0
49259,2780,0.0,3.0,1.0,6,2,1,1,4,0,1,1
4944,234,0.0,3.0,0.0,3,2,1,1,2,0,1,0
49487,4850,0.0,5.0,1.0,1,1,1,1,0,0,1,0
49507,308,0.0,2.0,1.0,2,1,1,1,1,0,1,0
49625,1500,0.0,6.0,0.0,28,9,3,3,27,0,1,0
50261,1190,0.0,2.0,0.0,1,1,1,1,0,0,1,0
50818,3320,0.0,2.0,0.0,2,1,1,1,0,0,1,1
50825,4116,0.0,5.0,0.0,1,1,1,1,0,0,1,0
50842,2217,0.0,3.0,0.0,41,14,4,3,39,0,2,0
50869,4318,0.0,4.0,0.0,5,1,1,1,4,0,1,0
50895,4506,0.0,0.0,0.0,2,1,1,1,1,0,1,0
51088,1056,0.0,0.0,0.0,20,14,6,2,18,0,2,0
51146,4171,0.0,0.0,0.0,3,1,1,1,2,0,1,0
51313,3571,1.0,0.0,0.0,25,13,1,4,21,0,3,1
51637,1943,0.0,6.0,1.0,2,1,1,2,1,0,1,0
51912,1892,0.0,3.0,0.0,33,13,6,2,31,0,2,0
52031,2989,0.0,3.0,0.0,9,4,1,1,8,0,1,0
52602,2031,0.0,2.0,1.0,9,2,1,2,8,0,1,0
52855,1854,0.0,6.0,0.0,13,5,1,3,9,0,1,3
53040,1661,0.0,2.0,0.0,7,1,1,4,5,0,1,1
53174,1487,0.0,3.0,0.0,6,1,1,3,5,0,1,0
53486,1602,0.0,3.0,1.0,1,1,1,1,0,0,1,0
53523,3444,0.0,6.0,0.0,1,1,1,1,0,0,1,0
53677,1053,0.0,5.0,0.0,3,2,2,1,1,0,2,0
53787,4744,0.0,2.0,1.0,10,1,1,1,8,0,2,0
53991,4619,0.0,2.0,1.0,2,1,1,2,1,0,1,0
54131,4044,0.0,3.0,0.0,6,3,2,2,5,0,1,0
5422,189,0.0,2.0,0.0,11,1,1,4,9,0,1,1
54238,1833,0.0,6.0,1.0,8,5,2,1,7,0,1,0
54445,972,0.0,4.0,0.0,6,1,1,1,4,0,2,0
550,416,0.0,2.0,0.0,18,12,3,2,17,0,1,0
55171,586,0.0,3.0,0.0,95,43,14,6,91,0,4,0
55235,4438,0.0,5.0,0.0,4,2,1,3,3,0,1,0
5550,3828,0.0,3.0,0.0,28,21,9,7,10,0,1,17
55565,1056,1.0,5.0,1.0,11,7,5,1,10,0,1,0
55735,2928,0.0,3.0,1.0,2,1,1,1,1,0,1,0
558,2066,0.0,3.0,0.0,2,1,1,1,1,0,1,0
55845,1102,0.0,4.0,1.0,49,7,2,2,48,0,1,0
56652,1407,0.0,3.0,1.0,14,5,1,2,13,0,1,0
57370,4926,0.0,4.0,0.0,1,1,1,1,0,0,1,0
58229,3623,1.0,0.0,0.0,3,1,1,1,0,0,2,1
58543,4044,0.0,3.0,0.0,14,4,1,1,12,0,1,1
58619,4444,0.0,7.0,1.0,4,2,1,1,2,0,2,0
58652,412,0.0,0.0,0.0,12,2,2,4,10,0,1,1
58660,1704,0.0,3.0,0.0,5,2,2,5,3,0,1,1
58937,963,0.0,5.0,1.0,10,1,1,2,8,0,1,1
59240,2173,0.0,6.0,0.0,22,15,3,3,21,0,1,0
59339,3472,0.0,0.0,0.0,1,1,1,1,0,0,1,0
59449,1791,0.0,4.0,0.0,1,1,1,1,0,0,1,0
60252,2608,0.0,3.0,0.0,2,1,1,1,1,0,1,0
60535,685,0.0,0.0,0.0,6,2,1,2,5,0,1,0
60580,3163,0.0,4.0,1.0,2,1,1,1,0,0,2,0
6062,1093,0.0,6.0,0.0,7,2,1,4,6,0,1,0
60647,2883,0.0,3.0,0.0,35,11,2,5,33,0,1,1
61100,4818,0.0,0.0,0.0,30,8,3,4,23,0,3,4
61144,2569,0.0,3.0,0.0,1,1,1,1,0,0,1,0
61285,606,0.0,2.0,0.0,13,4,1,2,11,0,1,1
61386,2521,0.0,3.0,0.0,2,1,1,1,1,0,1,0
61606,2051,0.0,0.0,0.0,6,2,1,3,4,0,1,1
61891,437,0.0,5.0,0.0,34,13,1,8,33,0,1,0
62228,4745,0.0,4.0,0.0,2,2,1,1,0,0,2,0
6258,2700,0.0,5.0,1.0,5,1,1,2,4,0,1,0
63083,3080,0.0,4.0,0.0,12,3,1,4,11,0,1,0
63392,3990,0.0,6.0,0.0,12,9,3,5,11,0,1,0
63402,3856,0.0,0.0,0.0,4,2,1,2,3,0,1,0
63418,503,0.0,6.0,0.0,8,3,3,2,7,0,1,0
63895,1810,0.0,0.0,0.0,35,25,9,4,32,0,3,0
64019,2313,0.0,6.0,1.0,8,2,1,2,7,0,1,0
64943,946,1.0,4.0,0.0,10,4,2,2,9,0,1,0
6508,2928,0.0,5.0,2.0,11,5,1,1,10,0,1,0
65213,1408,0.0,0.0,1.0,5,2,1,1,4,0,1,0
6559,2598,0.0,3.0,0.0,25,3,1,2,24,0,1,0
65620,1642,0.0,0.0,0.0,1,1,1,1,0,0,1,0
65794,1142,0.0,4.0,1.0,1,1,1,1,0,0,1,0
65856,1472,0.0,4.0,0.0,1,1,1,1,0,0,1,0
65990,1840,0.0,4.0,1.0,8,1,1,1,7,0,1,0
67041,361,0.0,3.0,0.0,4,3,2,2,1,0,1,2
67081,2055,0.0,5.0,0.0,2,1,1,1,1,0,1,0
67087,1500,0.0,0.0,0.0,4,3,2,1,3,0,1,0
67144,1466,0.0,4.0,0.0,13,2,1,3,10,0,3,0
67232,3349,0.0,0.0,0.0,3,2,1,1,2,0,1,0
68079,3022,0.0,3.0,null,7,2,2,3,6,0,1,0
68171,3383,0.0,4.0,1.0,4,1,1,1,3,0,1,0
68503,2639,0.0,6.0,0.0,81,32,9,10,71,0,4,6
68914,3538,0.0,4.0,0.0,6,1,1,1,4,0,2,0
69401,2565,1.0,4.0,0.0,16,3,1,2,11,0,2,3
69677,2403,0.0,4.0,0.0,15,8,1,2,11,0,4,0
6969,1742,0.0,4.0,0.0,14,3,1,2,13,0,1,0
69893,2879,0.0,6.0,0.0,4,3,2,1,3,0,1,0
70825,4129,0.0,0.0,0.0,25,7,1,3,24,0,1,0
71255,2776,0.0,3.0,0.0,8,2,2,2,6,0,1,1
71268,842,0.0,3.0,1.0,5,2,1,2,3,0,2,0
71300,1166,0.0,0.0,0.0,9,4,3,2,8,0,1,0
71425,4090,0.0,4.0,0.0,6,1,1,1,5,0,1,0
72537,2014,0.0,2.0,0.0,35,10,1,10,31,0,1,3
72689,1679,0.0,0.0,1.0,20,15,5,2,18,0,2,0
74340,4394,0.0,0.0,1.0,6,1,1,2,5,0,1,0
74375,4408,0.0,3.0,1.0,94,25,4,7,91,0,2,1
74528,4760,0.0,0.0,0.0,2,1,1,1,1,0,1,0
74802,4079,0.0,0.0,0.0,1,1,1,1,0,0,1,0
75034,2397,0.0,5.0,0.0,5,3,3,1,4,0,1,0
75159,826,0.0,7.0,0.0,4,1,1,1,3,0,1,0
75544,794,0.0,4.0,0.0,45,16,2,1,44,0,1,0
75966,3365,0.0,2.0,1.0,1,1,1,1,0,0,1,0
76123,3607,0.0,3.0,0.0,3,1,1,1,1,0,1,1
77294,3006,0.0,3.0,0.0,2,1,1,1,1,0,1,0
77440,1031,0.0,3.0,0.0,1,1,1,1,0,0,1,0
77588,278,0.0,4.0,0.0,9,4,1,2,8,0,1,0
77679,2217,0.0,3.0,0.0,18,7,2,4,17,0,1,0
781,643,0.0,5.0,0.0,12,9,1,1,11,0,1,0
79052,758,0.0,2.0,1.0,2,1,1,1,1,0,1,0
79080,3448,0.0,0.0,0.0,5,3,1,2,4,0,1,0
79222,3967,0.0,3.0,1.0,3,1,1,2,2,0,1,0
79232,3472,0.0,3.0,0.0,1,1,1,1,0,0,1,0
79468,4234,0.0,0.0,0.0,14,6,3,1,11,0,3,0
79560,1618,0.0,0.0,0.0,4,1,1,2,3,0,1,0
80487,742,0.0,3.0,0.0,8,2,2,2,7,0,1,0
80628,3044,0.0,5.0,1.0,6,4,4,1,5,0,1,0
81402,1272,0.0,5.0,1.0,12,2,2,8,11,0,1,0
8141,1749,0.0,2.0,0.0,2,2,2,1,1,0,1,0
8208,4325,0.0,0.0,1.0,2,1,1,1,1,0,1,0
82649,4525,0.0,3.0,0.0,6,3,1,1,5,0,1,0
82911,3396,0.0,3.0,1.0,2,1,1,1,1,0,1,0
82972,3022,0.0,0.0,1.0,18,8,5,2,17,0,1,0
83289,2565,0.0,4.0,0.0,3,1,1,1,2,0,1,0
83422,3955,0.0,3.0,0.0,5,1,1,1,4,0,1,0
83641,3682,0.0,3.0,0.0,4,1,1,1,3,0,1,0
83758,402,0.0,6.0,0.0,19,11,2,3,18,0,1,0
83903,2836,0.0,2.0,1.0,2,1,1,1,1,0,1,0
84502,3642,1.0,4.0,0.0,4,2,1,1,3,0,1,0
84761,415,0.0,2.0,0.0,2,1,1,1,1,0,1,0
85384,547,0.0,2.0,0.0,1,1,1,1,0,0,1,0
85424,4044,0.0,3.0,0.0,13,10,2,2,12,0,1,0
85539,3685,0.0,3.0,0.0,1,1,1,1,0,0,1,0
86101,715,0.0,0.0,0.0,4,3,3,1,3,0,1,0
86314,3609,0.0,0.0,2.0,5,1,1,1,4,0,1,0
86482,3889,0.0,5.0,1.0,6,2,1,2,5,0,1,0
86562,1922,0.0,2.0,0.0,3,1,1,1,2,0,1,0
8687,1399,0.0,0.0,1.0,11,5,1,2,9,0,1,1
87025,1956,0.0,0.0,1.0,10,3,1,2,9,0,1,0
87357,191,0.0,2.0,0.0,4,1,1,1,3,0,1,0
87480,1509,0.0,0.0,1.0,6,1,1,1,5,0,1,0
87688,145,0.0,null,null,2,1,1,1,1,0,1,0
87761,3323,1.0,4.0,2.0,5,1,1,1,4,0,1,0
87974,885,0.0,0.0,0.0,5,2,2,1,2,0,3,0
88009,133,0.0,2.0,0.0,14,5,1,6,8,0,1,5
88527,4291,0.0,4.0,1.0,13,6,4,1,11,0,2,0
89004,1861,0.0,3.0,0.0,16,7,2,2,12,3,1,0
89484,2794,0.0,3.0,0.0,16,9,5,1,11,0,5,0
89660,275,0.0,4.0,0.0,7,2,2,1,6,0,1,0
89997,3323,0.0,5.0,1.0,4,3,1,2,3,0,1,0
90284,4265,0.0,3.0,0.0,58,41,9,3,57,0,1,0
90398,1272,0.0,7.0,0.0,43,18,3,1,42,0,1,0
90601,3148,0.0,0.0,1.0,5,2,1,1,4,0,1,0
90971,4042,0.0,0.0,0.0,3,1,1,1,2,0,1,0
91271,2669,0.0,3.0,1.0,2,2,2,1,0,0,2,0
9144,1399,0.0,6.0,0.0,2,1,1,1,1,0,1,0
92485,4444,0.0,4.0,0.0,29,15,6,2,27,0,2,0
92937,1182,0.0,0.0,0.0,1,1,1,1,0,0,1,0
93209,4765,0.0,4.0,0.0,6,1,1,1,5,0,1,0
93365,3154,1.0,3.0,0.0,8,6,1,1,6,0,2,0
93893,2928,0.0,3.0,0.0,1,1,1,1,0,0,1,0
94370,1272,0.0,7.0,0.0,23,8,4,8,20,0,1,2
94510,4049,0.0,3.0,0.0,27,8,6,3,24,0,3,0
94720,2396,0.0,7.0,0.0,9,2,1,4,8,0,1,0
95073,2047,0.0,3.0,0.0,32,13,5,5,29,0,1,2
95503,2465,0.0,4.0,1.0,20,12,5,1,19,0,1,0
95520,1356,0.0,3.0,0.0,2,1,1,2,0,0,1,1
95633,2954,0.0,5.0,0.0,1,1,1,1,0,0,1,0
96517,962,0.0,2.0,0.0,3,3,2,2,2,0,1,0
97123,1724,0.0,6.0,0.0,1,1,1,1,0,0,1,0
97218,1393,1.0,3.0,0.0,23,8,7,1,21,0,1,1
974,3266,0.0,3.0,0.0,2,1,1,1,1,0,1,0
98786,1454,0.0,5.0,1.0,2,1,1,1,1,0,1,0
98991,2708,1.0,3.0,0.0,2,1,1,1,1,0,1,0
99008,598,0.0,5.0,1.0,32,8,2,5,24,0,4,4
