10012,2755,0.0,3.0,0.0,2,1,1,1,1,0,1,0
100214,598,0.0,3.0,0.0,12,3,2,2,10,0,2,0
100412,4475,0.0,6.0,0.0,8,2,1,2,7,0,1,0
101249,2403,0.0,3.0,0.0,9,4,1,1,8,0,1,0
101326,423,0.0,4.0,0.0,2,2,1,1,0,0,2,0
101508,2318,0.0,3.0,0.0,15,2,1,1,13,0,2,0
101603,3687,0.0,0.0,0.0,2,1,1,1,1,0,1,0
101775,2031,0.0,0.0,0.0,2,1,1,1,1,0,1,0
102661,2592,0.0,5.0,1.0,1,1,1,1,0,0,1,0
103230,1850,0.0,2.0,1.0,5,3,3,1,4,0,1,0
103653,1816,0.0,3.0,0.0,6,2,2,3,4,0,2,0
10383,297,0.0,6.0,1.0,4,1,1,1,3,0,1,0
104528,946,0.0,0.0,0.0,1,1,1,1,0,0,1,0
104684,310,0.0,0.0,1.0,3,2,2,2,0,0,1,2
104748,1916,1.0,3.0,1.0,13,5,1,2,9,0,4,0
104827,2537,0.0,0.0,0.0,8,5,4,2,7,0,1,0
105271,2727,0.0,null,null,13,4,1,1,9,0,4,0
105426,1470,0.0,0.0,0.0,1,1,1,1,0,0,1,0
105585,575,0.0,3.0,1.0,5,2,1,1,4,0,1,0
10585,1900,0.0,3.0,1.0,2,1,1,1,1,0,1,0
105870,1968,0.0,3.0,0.0,3,1,1,1,2,0,1,0
105911,2031,0.0,5.0,0.0,1,1,1,1,0,0,1,0
106354,4600,0.0,3.0,0.0,10,1,1,2,7,2,1,0
107167,1494,0.0,5.0,0.0,17,2,2,6,14,0,2,1
107421,3624,0.0,3.0,0.0,8,1,1,1,6,0,2,0
107655,2045,0.0,0.0,0.0,12,2,1,2,11,0,1,0
107919,4044,1.0,0.0,0.0,27,22,6,1,26,0,1,0
108229,4982,1.0,3.0,0.0,4,1,1,2,2,0,1,1
1094,2482,0.0,2.0,0.0,2,2,2,1,0,0,2,0
109412,1216,0.0,8.0,0.0,4,2,1,1,3,0,1,0
109423,3828,0.0,6.0,0.0,15,12,8,3,14,0,1,0
109569,594,0.0,2.0,0.0,2,1,1,1,1,0,1,0
109628,2608,0.0,6.0,0.0,3,1,1,1,1,0,1,1
109673,1187,0.0,2.0,1.0,7,2,1,3,4,0,1,2
111095,1049,0.0,6.0,1.0,11,3,2,3,9,0,1,1
111531,598,0.0,4.0,0.0,5,3,1,1,4,0,1,0
1117,4044,0.0,0.0,0.0,1,1,1,1,0,0,1,0
111895,1890,0.0,3.0,0.0,6,4,3,2,5,0,1,0
111953,4043,1.0,5.0,0.0,14,7,5,1,12,0,2,0
112317,2746,0.0,3.0,0.0,7,1,1,2,6,0,1,0
112515,1200,0.0,0.0,0.0,6,2,2,1,4,0,2,0
113015,3350,0.0,0.0,0.0,27,4,1,8,24,0,1,2
113101,2767,0.0,2.0,0.0,9,1,1,3,6,0,2,1
114283,2642,0.0,6.0,0.0,5,2,1,1,4,0,1,0
114763,4595,0.0,3.0,0.0,1,1,1,1,0,0,1,0
115050,3105,0.0,3.0,1.0,7,1,1,2,3,0,4,0
115850,1522,0.0,0.0,null,1,1,1,1,0,0,1,0
116067,168,0.0,4.0,1.0,8,4,1,1,5,0,3,0
116345,2242,0.0,4.0,0.0,1,1,1,1,0,0,1,0
116912,4079,0.0,0.0,0.0,10,6,2,1,7,0,3,0
116954,424,0.0,3.0,1.0,7,2,2,1,6,0,1,0
117010,4756,0.0,6.0,0.0,7,1,1,1,6,0,1,0
117310,310,0.0,2.0,1.0,2,1,1,1,1,0,1,0
117456,2721,0.0,0.0,0.0,10,7,3,1,9,0,1,0
117494,598,1.0,4.0,1.0,16,10,3,6,15,0,1,0
117557,4643,0.0,4.0,1.0,1,1,1,1,0,0,1,0
117575,1784,0.0,5.0,0.0,13,5,2,2,10,0,3,0
11777,1487,0.0,0.0,0.0,33,10,1,3,29,0,1,3
118051,845,0.0,4.0,0.0,3,2,1,1,2,0,1,0
118164,4044,0.0,3.0,0.0,16,8,3,2,15,0,1,0
118431,402,0.0,0.0,0.0,2,1,1,1,1,0,1,0
118554,2901,0.0,2.0,0.0,3,1,1,1,2,0,1,0
118753,1487,0.0,6.0,0.0,5,2,1,3,3,0,1,1
119047,4558,0.0,0.0,0.0,5,1,1,1,3,0,2,0
119729,4061,0.0,4.0,1.0,15,2,2,1,14,0,1,0
119743,4385,0.0,6.0,0.0,13,6,2,3,9,0,1,3
120421,3734,0.0,4.0,0.0,3,1,1,1,1,0,2,0
120536,4163,0.0,6.0,0.0,1,1,1,1,0,0,1,0
120664,1704,0.0,0.0,0.0,8,2,1,1,7,0,1,0
121022,1203,0.0,4.0,0.0,6,3,3,1,4,0,2,0
121334,4322,0.0,4.0,null,1,1,1,1,0,0,1,0
12146,3227,0.0,3.0,0.0,3,1,1,1,2,0,1,0
121718,4607,0.0,6.0,1.0,10,3,1,3,9,0,1,0
121784,1453,0.0,2.0,0.0,3,1,1,1,2,0,1,0
122100,4847,0.0,5.0,0.0,8,1,1,2,6,0,1,1
122115,4794,0.0,2.0,0.0,10,1,1,1,9,0,1,0
122713,4764,0.0,5.0,1.0,2,1,1,1,1,0,1,0
12315,3472,0.0,3.0,1.0,2,1,1,1,1,0,1,0
123506,3022,0.0,3.0,1.0,19,11,6,2,17,0,2,0
124161,1283,0.0,2.0,0.0,2,1,1,1,1,0,1,0
124847,3578,0.0,6.0,0.0,12,3,2,2,9,0,1,2
125308,905,0.0,3.0,0.0,7,4,1,1,6,0,1,0
125368,3472,0.0,3.0,1.0,1,1,1,1,0,0,1,0
125619,547,0.0,6.0,1.0,8,1,1,3,7,0,1,0
125665,3898,0.0,6.0,0.0,2,1,1,1,1,0,1,0
12572,424,0.0,4.0,0.0,1,1,1,1,0,0,1,0
125747,2014,0.0,0.0,0.0,3,1,1,1,2,0,1,0
126217,1487,0.0,0.0,1.0,4,2,1,2,3,0,1,0
126390,4217,0.0,4.0,1.0,7,2,1,2,5,0,2,0
126450,416,0.0,6.0,0.0,27,18,7,2,25,0,2,0
126502,598,0.0,2.0,1.0,16,8,3,4,11,0,1,4
126992,1888,0.0,0.0,0.0,26,21,3,6,23,0,1,2
127124,3614,0.0,3.0,1.0,2,1,1,1,1,0,1,0
127336,3509,0.0,0.0,0.0,3,1,1,1,2,0,1,0
127420,4043,0.0,3.0,0.0,2,1,1,1,1,0,1,0
12753,1552,0.0,0.0,0.0,3,1,1,1,2,0,1,0
127724,3578,0.0,0.0,1.0,29,8,2,5,24,2,3,0
128095,73,0.0,4.0,0.0,4,1,1,1,3,0,1,0
128140,3828,0.0,3.0,0.0,29,13,3,2,28,0,1,0
128302,2031,0.0,3.0,1.0,3,2,1,1,2,0,1,0
129582,1760,0.0,6.0,0.0,28,12,1,3,23,0,1,4
129862,2742,0.0,null,null,3,1,1,2,2,0,1,0
130130,586,0.0,3.0,0.0,3,2,1,2,1,0,2,0
130133,798,0.0,3.0,0.0,24,5,3,3,20,0,2,2
130630,1102,0.0,6.0,0.0,6,3,3,2,4,0,2,0
130715,4829,0.0,3.0,0.0,6,3,1,1,5,0,1,0
131067,1000,0.0,5.0,1.0,2,1,1,1,1,0,1,0
13126,3828,0.0,6.0,0.0,2,1,1,1,1,0,1,0
131276,4209,0.0,3.0,0.0,5,2,2,1,3,0,1,1
13138,3103,0.0,5.0,2.0,21,9,2,1,19,0,2,0
131382,148,0.0,5.0,0.0,17,6,5,1,14,0,3,0
131708,3152,0.0,3.0,0.0,1,1,1,1,0,0,1,0
131903,3925,0.0,0.0,0.0,17,10,5,2,16,0,1,0
132354,1618,0.0,0.0,0.0,16,4,3,5,15,0,1,0
132401,4847,0.0,5.0,1.0,7,4,4,2,3,0,4,0
13244,2288,0.0,5.0,0.0,4,1,1,2,2,0,1,1
132575,4745,0.0,0.0,0.0,9,5,1,1,8,0,1,0
132636,1272,0.0,6.0,0.0,2,2,1,2,1,0,1,0
132658,4026,0.0,0.0,0.0,4,2,2,1,1,0,3,0
132720,4090,0.0,0.0,0.0,11,1,1,4,10,0,1,0
132915,22,0.0,4.0,1.0,5,1,1,1,4,0,1,0
133232,4076,0.0,4.0,0.0,2,1,1,1,0,0,2,0
133792,386,0.0,0.0,0.0,2,1,1,1,1,0,1,0
133981,2954,0.0,3.0,0.0,1,1,1,1,0,0,1,0
134201,1393,0.0,2.0,0.0,27,18,9,5,26,0,1,0
134393,4173,0.0,0.0,0.0,19,4,3,3,18,0,1,0
134600,740,0.0,7.0,1.0,7,1,1,1,6,0,1,0
135069,3826,0.0,4.0,0.0,3,2,1,1,2,0,1,0
135201,4354,0.0,3.0,0.0,11,4,1,1,10,0,1,0
135602,3472,0.0,3.0,0.0,2,1,1,1,1,0,1,0
136027,1346,1.0,3.0,0.0,3,1,1,1,2,0,1,0
13606,320,0.0,6.0,0.0,3,2,2,2,2,0,1,0
137092,4071,0.0,3.0,1.0,2,1,1,1,1,0,1,0
137236,1968,0.0,2.0,0.0,2,1,1,2,1,0,1,0
13773,1494,0.0,5.0,2.0,9,7,1,1,8,0,1,0
137798,4050,0.0,4.0,1.0,1,1,1,1,0,0,1,0
137908,2537,0.0,6.0,1.0,7,3,3,1,4,0,3,0
138210,2453,0.0,0.0,1.0,5,1,1,1,3,0,2,0
138256,747,1.0,4.0,0.0,16,2,1,2,15,0,1,0
138431,4444,0.0,5.0,1.0,2,2,2,1,0,0,2,0
138643,3173,0.0,0.0,0.0,5,1,1,1,4,0,1,0
138911,4150,0.0,0.0,0.0,1,1,1,1,0,0,1,0
139191,2477,0.0,3.0,1.0,1,1,1,1,0,0,1,0
139411,4173,0.0,6.0,0.0,42,38,5,6,41,0,1,0
139801,2313,0.0,0.0,1.0,5,1,1,1,4,0,1,0
139809,2664,0.0,3.0,1.0,9,1,1,1,7,0,2,0
139816,2026,0.0,3.0,1.0,7,2,2,1,6,0,1,0
1399,3191,0.0,3.0,1.0,6,3,1,1,3,0,3,0
140173,594,0.0,3.0,0.0,3,1,1,1,2,0,1,0
1402,2653,0.0,6.0,0.0,10,4,1,3,8,0,1,1
14066,2795,0.0,3.0,0.0,3,2,2,1,1,0,2,0
140757,4282,0.0,3.0,1.0,104,56,13,1,97,0,7,0
141083,879,0.0,0.0,0.0,2,1,1,2,0,0,1,1
14129,4847,0.0,3.0,0.0,82,51,11,10,80,0,1,1
141418,2360,0.0,0.0,0.0,5,1,1,1,3,0,2,0
141704,2824,0.0,4.0,1.0,9,6,2,1,8,0,1,0
141727,3828,0.0,0.0,0.0,2,1,1,1,1,0,1,0
141739,4648,0.0,3.0,0.0,2,1,1,1,1,0,1,0
142339,1077,0.0,2.0,0.0,2,1,1,1,1,0,1,0
142592,2131,0.0,5.0,1.0,2,1,1,1,1,0,1,0
143225,1340,0.0,6.0,1.0,14,7,3,2,13,0,1,0
144477,4287,0.0,0.0,0.0,10,6,2,4,8,0,1,1
144537,1412,0.0,6.0,0.0,9,4,3,5,8,0,1,0
145123,4173,1.0,3.0,0.0,9,4,4,5,8,0,1,0
14528,1454,0.0,0.0,0.0,1,1,1,1,0,0,1,0
145899,786,0.0,4.0,0.0,11,4,2,5,9,0,1,1
146072,4731,0.0,4.0,0.0,39,17,3,6,35,0,1,3
146736,1134,0.0,3.0,0.0,6,1,1,2,4,0,1,1
147019,586,1.0,3.0,1.0,34,16,5,4,32,0,2,0
147080,2459,1.0,3.0,0.0,4,2,2,2,2,0,2,0
147979,203,0.0,2.0,1.0,5,1,1,1,3,0,1,1
148119,4648,0.0,3.0,0.0,2,1,1,1,1,0,1,0
148178,4265,0.0,2.0,2.0,41,24,8,4,36,0,3,2
148227,4170,0.0,4.0,0.0,6,2,1,1,4,0,2,0
14862,13,0.0,3.0,1.0,2,1,1,1,1,0,1,0
148694,2138,0.0,2.0,0.0,8,3,3,2,5,0,2,1
148861,4926,0.0,4.0,1.0,2,1,1,1,1,0,1,0
148917,98,0.0,0.0,0.0,4,3,2,1,1,0,3,0
149069,3153,0.0,3.0,1.0,27,8,2,4,23,0,1,3
149226,1470,0.0,4.0,0.0,7,3,1,1,6,0,1,0
149690,2273,0.0,4.0,0.0,16,4,2,2,14,0,1,1
149734,492,0.0,0.0,0.0,1,1,1,1,0,0,1,0
149949,1339,0.0,3.0,0.0,2,1,1,1,1,0,1,0
149958,503,0.0,4.0,1.0,22,5,2,3,19,0,1,2
150535,1583,0.0,4.0,0.0,11,2,2,1,9,0,2,0
15062,818,0.0,4.0,0.0,11,6,1,1,10,0,1,0
150770,2915,1.0,3.0,0.0,20,13,2,4,19,0,1,0
151091,3826,0.0,4.0,0.0,7,3,1,1,6,0,1,0
151169,608,0.0,4.0,0.0,13,6,2,3,11,0,2,0
151298,4191,0.0,5.0,0.0,35,14,1,8,33,0,1,1
151536,1393,0.0,5.0,0.0,56,38,8,8,50,0,1,5
151682,4648,0.0,2.0,1.0,29,12,5,1,24,0,5,0
151810,4558,0.0,3.0,1.0,2,1,1,1,0,0,2,0
152252,4091,0.0,2.0,1.0,33,6,3,5,30,0,2,1
152564,4472,0.0,0.0,0.0,7,5,3,1,6,0,1,0
153278,4044,0.0,3.0,0.0,8,6,3,1,7,0,1,0
153346,4760,0.0,0.0,0.0,3,1,1,1,2,0,1,0
153363,2397,0.0,3.0,0.0,10,2,1,1,9,0,1,0
153370,3152,0.0,4.0,1.0,1,1,1,1,0,0,1,0
153393,962,0.0,3.0,0.0,6,4,1,1,5,0,1,0
153617,4173,0.0,2.0,0.0,39,17,3,2,38,0,1,0
153855,606,0.0,0.0,0.0,73,42,12,13,62,0,1,10
154422,4705,0.0,0.0,1.0,7,4,2,2,6,0,1,0
155546,3205,0.0,5.0,0.0,9,8,2,2,0,0,1,8
156048,3958,0.0,0.0,0.0,26,11,7,2,25,0,1,0
156457,10,0.0,6.0,0.0,33,10,3,1,31,0,2,0
157674,4760,0.0,6.0,1.0,37,11,4,3,35,0,2,0
157817,3476,0.0,4.0,0.0,11,5,5,2,9,0,2,0
158957,4049,0.0,3.0,1.0,1,1,1,1,0,0,1,0
159,3742,0.0,2.0,0.0,3,1,1,1,2,0,1,0
159059,3965,0.0,4.0,0.0,4,3,1,1,3,0,1,0
159829,2124,0.0,7.0,0.0,35,13,2,3,33,0,2,0
159922,3127,0.0,4.0,1.0,6,1,1,1,5,0,1,0
160741,3887,0.0,6.0,0.0,7,2,1,1,6,0,1,0
160760,2138,0.0,2.0,0.0,4,2,2,3,3,0,1,0
161219,1749,0.0,3.0,0.0,2,1,1,2,1,0,1,0
161250,1346,0.0,3.0,0.0,32,7,1,3,31,0,1,0
161529,2699,0.0,7.0,0.0,2,1,1,2,1,0,1,0
161954,1816,0.0,3.0,1.0,1,1,1,1,0,0,1,0
162222,3828,0.0,4.0,0.0,10,5,5,2,7,0,3,0
162610,212,0.0,4.0,0.0,24,6,3,2,17,0,6,1
163465,3345,0.0,7.0,0.0,3,1,1,1,2,0,1,0
163504,643,0.0,3.0,0.0,1,1,1,1,0,0,1,0
163658,1073,0.0,4.0,0.0,7,3,1,2,5,0,2,0
163885,4368,0.0,3.0,0.0,4,1,1,1,3,0,1,0
16395,4336,0.0,0.0,0.0,7,1,1,2,6,0,1,0
164349,1468,0.0,0.0,0.0,6,1,1,1,5,0,1,0
164408,2026,0.0,7.0,0.0,1,1,1,1,0,0,1,0
164442,1565,0.0,0.0,0.0,2,1,1,1,1,0,1,0
164478,1102,0.0,3.0,0.0,48,37,13,8,46,0,1,1
164705,4322,0.0,4.0,1.0,11,2,2,2,10,0,1,0
16471,3152,0.0,2.0,1.0,21,4,1,4,19,0,1,1
164738,3472,0.0,0.0,1.0,4,2,1,1,3,0,1,0
165278,2824,0.0,0.0,0.0,31,9,4,1,30,0,1,0
165639,219,0.0,5.0,1.0,13,4,1,1,11,0,2,0
16647,1102,0.0,2.0,0.0,3,2,2,2,2,0,1,0
166517,2441,0.0,5.0,0.0,2,1,1,1,1,0,1,0
166558,2828,0.0,0.0,1.0,10,1,1,2,8,0,1,1
166904,4287,0.0,3.0,0.0,2,1,1,1,1,0,1,0
16696,1861,0.0,0.0,0.0,2,1,1,1,1,0,1,0
166973,302,0.0,0.0,1.0,2,1,1,1,0,0,2,0
167156,4693,0.0,0.0,0.0,4,3,2,2,3,0,1,0
167204,2217,0.0,3.0,0.0,23,10,2,3,19,0,1,3
167404,1890,0.0,4.0,1.0,2,1,1,1,1,0,1,0
167471,3173,0.0,4.0,1.0,9,5,2,1,7,0,2,0
1675,1502,0.0,3.0,0.0,14,4,3,1,12,0,2,0
167637,2193,0.0,0.0,null,4,1,1,1,3,0,1,0
167663,3826,0.0,0.0,0.0,1,1,1,1,0,0,1,0
167872,1102,0.0,3.0,0.0,18,13,5,2,16,0,2,0
167896,2047,0.0,3.0,0.0,2,1,1,2,1,0,1,0
168017,2138,0.0,5.0,0.0,63,8,4,7,58,0,4,1
168453,3005,0.0,3.0,0.0,46,39,13,2,45,0,1,0
168649,3173,0.0,4.0,1.0,8,1,1,1,7,0,1,0
168742,4061,0.0,7.0,1.0,7,4,2,1,6,0,1,0
169012,1067,0.0,3.0,1.0,10,2,1,2,8,0,1,1
169683,2099,0.0,3.0,0.0,3,2,1,1,2,0,1,0
16988,3607,0.0,3.0,1.0,1,1,1,1,0,0,1,0
170023,4864,0.0,5.0,0.0,50,14,4,9,45,0,2,3
170509,2482,0.0,2.0,0.0,7,3,3,2,5,0,2,0
171238,255,0.0,6.0,0.0,4,1,1,1,3,0,1,0
171404,4025,0.0,3.0,1.0,1,1,1,1,0,0,1,0
171785,3609,0.0,3.0,0.0,31,13,1,2,29,0,2,0
171935,547,0.0,0.0,0.0,13,9,1,1,12,0,1,0
172867,4224,1.0,6.0,0.0,11,2,2,5,10,0,1,0
173706,1724,0.0,4.0,1.0,5,1,1,3,4,0,1,0
173948,2278,0.0,4.0,0.0,4,2,2,2,3,0,1,0
174274,3085,0.0,5.0,0.0,16,5,2,4,15,0,1,0
174587,1707,0.0,4.0,1.0,1,1,1,1,0,0,1,0
175678,3401,1.0,6.0,0.0,4,1,1,1,2,0,1,1
175793,2537,0.0,6.0,0.0,2,1,1,1,1,0,1,0
175918,4049,0.0,0.0,0.0,6,4,4,2,0,0,1,5
176435,2155,0.0,6.0,0.0,1,1,1,1,0,0,1,0
176513,1484,0.0,4.0,0.0,10,1,1,3,7,0,1,2
176609,682,0.0,2.0,0.0,2,1,1,2,0,0,1,1
177045,2981,0.0,4.0,0.0,5,1,1,3,4,0,1,0
177109,1504,0.0,4.0,0.0,6,4,1,2,3,0,1,2
177506,608,0.0,3.0,1.0,2,1,1,1,1,0,1,0
177781,2318,0.0,3.0,0.0,2,1,1,1,1,0,1,0
178000,4847,0.0,3.0,0.0,12,10,7,4,11,0,1,0
178489,963,0.0,6.0,1.0,2,1,1,1,1,0,1,0
178676,1890,0.0,3.0,0.0,28,5,3,4,26,0,1,1
179817,3126,0.0,5.0,1.0,1,1,1,1,0,0,1,0
179914,4079,0.0,3.0,0.0,4,1,1,1,2,0,2,0
180187,4234,1.0,4.0,0.0,45,18,5,3,43,0,2,0
180336,2482,0.0,0.0,0.0,3,1,1,2,2,0,1,0
180722,4950,0.0,4.0,0.0,9,2,1,3,8,0,1,0
182511,366,0.0,6.0,0.0,5,1,1,1,4,0,1,0
182910,145,0.0,3.0,0.0,4,1,1,1,3,0,1,0
183580,2709,0.0,0.0,0.0,4,1,1,1,3,0,1,0
183765,161,1.0,0.0,0.0,15,11,2,2,12,0,2,1
183819,2918,0.0,4.0,0.0,4,3,1,1,3,0,1,0
18415,378,1.0,3.0,0.0,11,7,3,1,10,0,1,0
184341,1724,0.0,4.0,0.0,3,1,1,1,2,0,1,0
18452,4336,0.0,3.0,1.0,5,1,1,1,4,0,1,0
184758,503,0.0,5.0,0.0,23,3,1,1,21,0,1,1
185939,4131,0.0,4.0,0.0,4,1,1,1,3,0,1,0
186189,2298,0.0,0.0,0.0,12,8,3,2,10,0,2,0
186347,898,0.0,0.0,0.0,5,3,2,1,3,0,2,0
186359,310,1.0,2.0,1.0,4,4,3,2,1,0,3,0
186908,2791,0.0,4.0,0.0,18,11,3,1,15,0,2,1
18811,742,0.0,0.0,0.0,3,1,1,2,1,0,1,1
188136,4049,0.0,0.0,0.0,7,6,3,2,6,0,1,0
188674,2128,1.0,0.0,0.0,44,13,9,3,39,0,4,1
189040,4173,0.0,0.0,0.0,8,5,2,1,6,0,1,1
189112,1499,1.0,4.0,0.0,8,6,6,3,3,0,5,0
189723,2403,0.0,5.0,0.0,5,4,3,2,4,0,1,0
189859,1495,0.0,0.0,0.0,34,7,1,5,30,1,1,2
189954,4287,0.0,3.0,0.0,8,4,3,1,5,0,3,0
190081,951,0.0,2.0,1.0,2,1,1,1,1,0,1,0
190307,2031,0.0,3.0,1.0,5,3,1,1,4,0,1,0
191486,1102,0.0,2.0,0.0,47,21,8,7,45,0,2,0
192152,3528,0.0,5.0,0.0,31,13,7,8,28,0,1,2
192369,3734,0.0,6.0,1.0,10,5,3,2,9,0,1,0
192391,361,0.0,0.0,1.0,5,1,1,2,4,0,1,0
192669,2664,0.0,4.0,0.0,33,24,3,3,30,0,3,0
193153,4942,0.0,2.0,0.0,3,1,1,2,2,0,1,0
193468,4648,0.0,3.0,2.0,4,4,3,1,0,0,4,0
193558,4090,0.0,6.0,0.0,2,2,1,2,1,0,1,0
193675,4324,0.0,0.0,0.0,4,1,1,1,1,0,3,0
194322,1487,0.0,0.0,0.0,29,5,1,2,27,0,1,1
194556,685,1.0,5.0,0.0,16,4,2,3,14,0,2,0
195897,4655,0.0,4.0,0.0,2,1,1,1,1,0,1,0
196019,4173,0.0,5.0,0.0,23,6,3,4,18,0,2,3
196069,1592,0.0,2.0,1.0,19,1,1,2,18,0,1,0
196094,1423,0.0,5.0,1.0,2,1,1,1,1,0,1,0
196486,324,0.0,4.0,2.0,15,4,1,3,12,0,1,2
196766,4793,0.0,3.0,1.0,3,1,1,2,2,0,1,0
196839,323,0.0,0.0,1.0,1,1,1,1,0,0,1,0
197488,3448,0.0,5.0,0.0,5,2,1,2,3,0,2,0
197802,326,0.0,0.0,0.0,5,1,1,1,4,0,1,0
198216,3826,0.0,3.0,1.0,4,2,1,1,3,0,1,0
198224,2935,0.0,4.0,1.0,5,3,2,1,4,0,1,0
198228,503,0.0,3.0,0.0,4,3,3,1,3,0,1,0
19936,3444,0.0,0.0,0.0,3,1,1,2,2,0,1,0
199390,4044,0.0,0.0,0.0,29,14,2,3,28,0,1,0
199774,3327,0.0,0.0,null,7,3,1,2,5,0,1,1
199886,4044,0.0,0.0,0.0,10,4,1,1,9,0,1,0
200571,1393,0.0,6.0,0.0,45,32,9,5,44,0,1,0
200728,2669,0.0,3.0,0.0,5,4,2,1,4,0,1,0
200956,4444,0.0,5.0,0.0,5,3,2,1,4,0,1,0
200979,4710,0.0,0.0,0.0,12,2,2,2,10,0,1,1
201762,2217,0.0,4.0,1.0,3,1,1,1,2,0,1,0
201947,1346,0.0,5.0,1.0,18,2,1,3,17,0,1,0
20214,3055,0.0,3.0,0.0,7,1,1,1,6,0,1,0
202181,4401,0.0,0.0,1.0,2,1,1,1,1,0,1,0
202558,2173,0.0,6.0,0.0,78,24,2,4,72,0,5,1
203150,434,0.0,5.0,0.0,2,1,1,2,0,0,1,1
20345,1291,0.0,6.0,1.0,2,1,1,1,1,0,1,0
203645,1393,0.0,3.0,0.0,98,67,14,4,96,0,2,0
204059,4265,1.0,2.0,0.0,31,20,8,8,30,0,1,0
20435,608,0.0,4.0,0.0,3,1,1,1,2,0,1,0
204609,1884,0.0,5.0,1.0,2,1,1,1,1,0,1,0
204665,2565,0.0,3.0,1.0,15,7,1,2,13,0,2,0
205,4649,0.0,2.0,1.0,3,1,1,1,2,0,1,0
205430,2723,0.0,4.0,0.0,55,36,5,6,48,0,6,1
205552,3153,1.0,0.0,1.0,11,3,2,1,10,0,1,0
205594,3640,0.0,0.0,0.0,2,1,1,1,1,0,1,0
206134,1440,0.0,4.0,1.0,2,1,1,2,1,0,1,0
206239,2950,0.0,5.0,0.0,16,5,2,2,13,0,1,2
20645,112,0.0,3.0,0.0,5,1,1,1,4,0,1,0
206706,3585,0.0,3.0,0.0,16,8,2,1,15,0,1,0
20716,1629,0.0,0.0,0.0,5,1,1,2,4,0,1,0
20739,1499,0.0,4.0,0.0,2,1,1,2,0,0,1,1
207608,4750,0.0,4.0,1.0,13,7,3,1,12,0,1,0
208152,326,0.0,0.0,1.0,9,1,1,1,8,0,1,0
20832,489,0.0,4.0,0.0,1,1,1,1,0,0,1,0
20926,1890,0.0,6.0,0.0,16,8,1,2,15,0,1,0
209292,1203,0.0,6.0,0.0,17,2,1,2,16,0,1,0
209829,1102,0.0,2.0,0.0,32,13,4,4,29,0,2,1
209859,337,0.0,0.0,0.0,36,16,4,2,35,0,1,0
21016,2537,0.0,0.0,0.0,2,1,1,1,1,0,1,0
211441,4976,0.0,0.0,0.0,8,2,1,2,7,0,1,0
211455,4976,0.0,0.0,0.0,24,21,3,2,23,0,1,0
212081,4242,0.0,3.0,1.0,2,1,1,1,1,0,1,0
212257,1203,0.0,6.0,1.0,3,1,1,1,2,0,1,0
212418,191,0.0,2.0,0.0,1,1,1,1,0,0,1,0
212490,1216,0.0,4.0,0.0,2,1,1,1,1,0,1,0
212560,951,0.0,0.0,0.0,2,1,1,1,1,0,1,0
212700,3854,0.0,5.0,0.0,4,1,1,2,2,0,2,0
213073,4043,1.0,3.0,0.0,5,2,1,2,2,0,3,0
21337,4394,1.0,2.0,0.0,10,5,2,2,9,0,1,0
213610,590,0.0,4.0,0.0,5,3,2,1,3,0,2,0
21378,293,0.0,3.0,0.0,2,1,1,1,1,0,1,0
214667,3095,0.0,2.0,0.0,4,1,1,1,3,0,1,0
215410,66,1.0,0.0,0.0,3,1,1,1,2,0,1,0
216114,2597,0.0,3.0,0.0,6,1,1,4,5,0,1,0
216187,2928,0.0,0.0,0.0,27,9,2,2,25,0,2,0
21683,1115,0.0,0.0,1.0,7,1,1,2,6,0,1,0
216845,3936,0.0,0.0,1.0,3,1,1,1,2,0,1,0
216875,2170,0.0,0.0,1.0,2,1,1,1,1,0,1,0
216948,4876,0.0,4.0,0.0,4,2,1,2,3,0,1,0
217227,361,0.0,2.0,0.0,15,5,2,1,13,0,1,1
217778,4642,0.0,4.0,0.0,22,13,5,3,17,0,5,0
217932,1203,0.0,4.0,2.0,14,1,1,1,12,0,2,0
218240,4039,0.0,4.0,0.0,6,2,1,1,5,0,1,0
218663,4316,0.0,2.0,1.0,3,2,2,2,2,0,1,0
218708,534,0.0,6.0,0.0,2,1,1,1,1,0,1,0
219275,1968,0.0,6.0,0.0,2,1,1,1,1,0,1,0
219911,2745,0.0,2.0,1.0,25,4,2,5,22,0,1,2
22007,4463,0.0,0.0,1.0,5,2,1,3,4,0,1,0
220982,3887,0.0,5.0,0.0,16,3,1,4,12,0,1,3
221074,1079,0.0,4.0,0.0,2,1,1,1,1,0,1,0
22136,4044,0.0,0.0,0.0,8,2,2,1,6,0,2,0
221443,4739,0.0,0.0,0.0,12,3,1,2,9,0,1,2
222013,4444,0.0,3.0,0.0,8,7,3,1,7,0,1,0
222546,1262,0.0,2.0,0.0,18,9,8,1,17,0,1,0
222642,4309,0.0,4.0,0.0,6,1,1,1,4,0,2,0
222760,3545,0.0,0.0,0.0,2,1,1,2,1,0,1,0
223236,4876,0.0,2.0,0.0,1,1,1,1,0,0,1,0
223451,3473,0.0,3.0,0.0,24,6,3,7,22,0,1,1
223996,3628,0.0,2.0,1.0,7,1,1,2,5,1,1,0
224342,1890,0.0,5.0,0.0,8,2,2,1,6,0,2,0
224580,4847,0.0,3.0,0.0,3,3,2,1,1,0,2,0
224963,3835,0.0,0.0,1.0,7,2,1,2,6,0,1,0
224979,4525,0.0,5.0,0.0,3,1,1,1,1,0,2,0
225095,2915,0.0,4.0,0.0,2,1,1,1,1,0,1,0
225229,1861,0.0,0.0,1.0,3,1,1,2,2,0,1,0
225771,3350,0.0,6.0,0.0,2,1,1,1,1,0,1,0
225812,1102,0.0,4.0,2.0,17,12,4,5,16,0,1,0
226588,588,0.0,3.0,0.0,9,1,1,1,8,0,1,0
226744,861,0.0,3.0,1.0,22,5,2,4,20,0,2,0
226779,3968,0.0,0.0,0.0,9,2,2,2,7,0,2,0
226797,2928,0.0,0.0,1.0,55,19,2,3,54,0,1,0
22706,1892,0.0,3.0,0.0,6,5,3,2,0,0,5,1
227103,1275,0.0,3.0,1.0,1,1,1,1,0,0,1,0
227988,3578,0.0,6.0,0.0,22,4,2,3,21,0,1,0
228870,2552,0.0,5.0,0.0,9,3,1,2,7,0,2,0
229131,2161,0.0,3.0,2.0,3,2,1,1,2,0,1,0
229452,643,0.0,0.0,0.0,11,5,2,2,9,0,1,1
229478,15,0.0,3.0,1.0,4,2,1,2,3,0,1,0
229549,2683,0.0,0.0,0.0,37,8,3,4,35,0,1,1
231320,3018,0.0,3.0,0.0,1,1,1,1,0,0,1,0
231885,646,0.0,0.0,1.0,4,1,1,1,3,0,1,0
232591,3828,1.0,0.0,0.0,86,52,4,3,85,0,1,0
232773,1133,0.0,4.0,1.0,4,1,1,1,3,0,1,0
233209,310,0.0,2.0,0.0,6,2,2,2,5,0,1,0
233279,121,0.0,4.0,1.0,18,2,2,4,14,0,2,2
233540,1423,0.0,0.0,0.0,12,1,1,2,10,0,1,1
233572,2217,0.0,3.0,0.0,14,2,1,1,12,0,1,1
233913,1968,0.0,0.0,0.0,6,3,3,1,5,0,1,0
234178,1890,0.0,0.0,0.0,7,4,1,3,6,0,1,0
234216,3085,0.0,4.0,0.0,6,4,3,3,5,0,1,0
234247,3195,0.0,4.0,1.0,4,1,1,1,3,0,1,0
234581,191,0.0,0.0,1.0,4,1,1,2,3,0,1,0
234704,1131,1.0,7.0,0.0,11,5,4,3,8,0,3,0
234851,1999,0.0,4.0,0.0,31,13,2,1,26,0,5,0
23495,4601,0.0,3.0,0.0,2,2,1,1,0,0,2,0
235600,4129,0.0,3.0,0.0,24,19,4,1,20,0,4,0
236451,2954,0.0,4.0,0.0,9,4,2,3,8,0,1,0
236486,3734,0.0,4.0,0.0,10,7,4,1,7,0,3,0
237069,1592,0.0,0.0,1.0,1,1,1,1,0,0,1,0
237287,760,0.0,4.0,1.0,2,1,1,1,1,0,1,0
23746,4047,0.0,4.0,0.0,10,5,3,4,7,0,2,1
237527,2066,0.0,0.0,0.0,2,1,1,1,1,0,1,0
237598,2537,0.0,3.0,0.0,2,1,1,1,1,0,1,0
237770,3306,0.0,6.0,0.0,6,1,1,1,5,0,1,0
238163,35,0.0,0.0,0.0,2,1,1,1,1,0,1,0
238862,3898,0.0,0.0,0.0,11,3,1,1,9,0,1,1
239505,2361,0.0,0.0,0.0,4,2,2,1,3,0,1,0
239530,3152,0.0,0.0,0.0,5,2,2,1,3,0,2,0
239638,938,0.0,5.0,0.0,13,3,2,1,11,0,2,0
239690,4280,0.0,5.0,0.0,15,7,1,1,14,0,1,0
240193,133,0.0,0.0,1.0,13,4,1,1,12,0,1,0
240754,2821,0.0,4.0,0.0,11,4,2,4,8,1,1,1
240756,2565,0.0,0.0,0.0,2,1,1,1,1,0,1,0
241173,2637,0.0,3.0,1.0,4,1,1,1,2,0,2,0
241379,2711,0.0,5.0,0.0,32,13,2,6,31,0,1,0
24239,3576,0.0,2.0,0.0,4,1,1,1,3,0,1,0
242559,4377,0.0,0.0,0.0,3,1,1,1,2,0,1,0
243843,1890,0.0,5.0,2.0,10,3,1,3,8,0,1,1
24395,1340,1.0,0.0,0.0,7,7,2,4,3,0,2,2
244080,3734,0.0,2.0,0.0,8,3,2,3,6,0,1,1
244340,587,1.0,4.0,1.0,14,3,1,4,13,0,1,0
244459,4750,0.0,3.0,1.0,13,4,3,3,11,0,1,1
244835,1749,0.0,3.0,1.0,2,1,1,1,1,0,1,0
245134,114,0.0,4.0,0.0,13,8,3,1,11,0,2,0
245822,897,0.0,4.0,1.0,1,1,1,1,0,0,1,0
245879,3971,0.0,2.0,0.0,3,1,1,2,1,0,1,1
24696,729,0.0,2.0,1.0,12,4,3,1,8,0,1,3
247194,4662,0.0,0.0,0.0,2,1,1,1,1,0,1,0
247231,1126,0.0,2.0,0.0,132,50,12,10,123,7,2,0
247358,4287,0.0,3.0,0.0,7,1,1,1,6,0,1,0
247449,3828,0.0,5.0,0.0,21,17,4,3,20,0,1,0
247858,2099,0.0,3.0,0.0,1,1,1,1,0,0,1,0
248483,4287,0.0,3.0,0.0,4,3,2,1,0,0,4,0
249332,320,0.0,3.0,1.0,3,2,1,2,2,0,1,0
249439,467,0.0,4.0,0.0,4,2,2,1,2,0,2,0
249908,412,0.0,3.0,0.0,9,4,3,1,5,0,4,0
249945,2445,0.0,4.0,1.0,11,5,1,3,10,0,1,0
2500,1618,0.0,0.0,0.0,24,7,5,2,21,0,3,0
250071,1916,0.0,5.0,0.0,7,3,1,2,6,0,1,0
250813,598,0.0,3.0,0.0,11,5,3,3,8,0,1,2
250891,806,0.0,4.0,1.0,5,2,1,2,4,0,1,0
250928,2537,0.0,0.0,1.0,3,1,1,1,2,0,1,0
251238,685,0.0,2.0,0.0,16,2,1,2,14,1,1,0
251640,4322,0.0,4.0,0.0,12,3,1,5,11,0,1,0
251759,1345,0.0,5.0,1.0,1,1,1,1,0,0,1,0
251839,2454,0.0,4.0,0.0,4,1,1,2,3,0,1,0
251851,4605,0.0,2.0,0.0,1,1,1,1,0,0,1,0
252070,3936,0.0,4.0,1.0,3,1,1,1,2,0,1,0
252295,2856,0.0,2.0,0.0,7,3,1,4,6,0,1,0
252942,190,0.0,4.0,0.0,7,1,1,1,6,0,1,0
253616,4992,0.0,4.0,0.0,6,4,1,1,5,0,1,0
253880,4921,0.0,3.0,0.0,4,1,1,1,3,0,1,0
254842,3463,0.0,5.0,0.0,78,29,7,2,75,0,3,0
254907,3365,0.0,2.0,1.0,3,1,1,1,2,0,1,0
25513,786,0.0,0.0,0.0,26,6,3,2,25,0,1,0
255178,3982,0.0,4.0,0.0,3,1,1,1,2,0,1,0
255358,361,0.0,2.0,1.0,4,2,2,1,3,0,1,0
255877,598,0.0,5.0,0.0,4,2,1,1,3,0,1,0
256293,1247,0.0,0.0,1.0,3,1,1,2,2,0,1,0
256438,1768,0.0,0.0,0.0,2,1,1,1,1,0,1,0
256797,4234,0.0,5.0,1.0,5,1,1,1,4,0,1,0
256833,1679,0.0,6.0,0.0,5,3,3,1,4,0,1,0
256921,1485,1.0,3.0,0.0,32,12,2,5,25,0,3,4
257080,3545,0.0,0.0,1.0,3,1,1,1,2,0,1,0
258103,3828,1.0,6.0,0.0,159,111,12,10,157,0,1,1
258140,3073,0.0,2.0,0.0,5,3,1,1,4,0,1,0
258494,4394,0.0,6.0,0.0,1,1,1,1,0,0,1,0
259556,3819,0.0,4.0,0.0,6,2,1,1,4,1,1,0
259697,3136,0.0,0.0,0.0,2,1,1,2,0,0,1,1
259858,1393,0.0,4.0,0.0,3,3,2,3,2,0,1,0
259888,1816,0.0,0.0,0.0,4,2,1,1,3,0,1,0
26019,1841,0.0,5.0,0.0,11,5,3,1,7,0,2,2
260574,2664,0.0,0.0,0.0,5,1,1,1,3,0,2,0
260589,3159,0.0,0.0,0.0,27,3,2,2,24,0,2,1
260612,2834,0.0,5.0,0.0,8,6,4,3,7,0,1,0
261672,2138,0.0,6.0,1.0,4,1,1,1,3,0,1,0
262048,191,0.0,3.0,0.0,2,1,1,1,1,0,1,0
262073,141,0.0,3.0,0.0,2,1,1,1,1,0,1,0
262505,1203,0.0,5.0,0.0,12,6,5,2,8,0,4,0
263018,1751,1.0,2.0,1.0,10,5,1,2,8,0,2,0
263046,3898,0.0,4.0,1.0,2,1,1,1,1,0,1,0
26318,3828,1.0,0.0,0.0,4,4,4,3,0,0,1,3
263595,3910,0.0,3.0,0.0,10,6,4,1,7,0,2,1
265311,663,0.0,4.0,0.0,9,2,1,1,8,0,1,0
265317,114,0.0,3.0,0.0,10,5,1,1,9,0,1,0
265395,3500,0.0,5.0,0.0,1,1,1,1,0,0,1,0
265963,2918,0.0,0.0,0.0,17,4,3,1,16,0,1,0
266277,1487,0.0,5.0,0.0,1,1,1,1,0,0,1,0
266315,1051,0.0,6.0,0.0,11,1,1,2,10,0,1,0
266628,1340,0.0,3.0,0.0,5,2,1,2,3,0,1,1
266987,2122,0.0,0.0,0.0,18,4,1,1,17,0,1,0
267169,3578,0.0,2.0,0.0,2,2,1,1,0,0,2,0
26743,293,0.0,4.0,1.0,1,1,1,1,0,0,1,0
267733,2102,0.0,0.0,0.0,8,4,2,1,7,0,1,0
267736,3323,0.0,0.0,0.0,11,2,1,2,9,0,2,0
267904,3828,0.0,4.0,1.0,4,1,1,3,3,0,1,0
267928,3906,0.0,0.0,0.0,5,2,2,2,4,0,1,0
267959,3314,0.0,3.0,0.0,23,6,2,4,19,2,2,0
267981,4262,0.0,0.0,0.0,1,1,1,1,0,0,1,0
268169,3392,0.0,3.0,0.0,7,1,1,2,6,0,1,0
268724,2883,0.0,3.0,0.0,7,4,1,2,4,0,1,2
269012,2173,0.0,0.0,0.0,32,14,3,3,25,0,7,0
26919,121,0.0,4.0,0.0,19,5,3,4,18,0,1,0
26971,121,1.0,4.0,0.0,13,9,3,1,12,0,1,0
269784,2273,0.0,3.0,0.0,27,6,2,3,24,0,1,2
270412,1833,0.0,0.0,1.0,9,4,1,1,8,0,1,0
271168,4042,0.0,4.0,1.0,4,3,2,1,3,0,1,0
271560,3657,0.0,6.0,0.0,1,1,1,1,0,0,1,0
272474,553,0.0,6.0,0.0,4,1,1,1,3,0,1,0
273555,4942,0.0,3.0,0.0,5,2,2,1,4,0,1,0
274052,4850,0.0,3.0,0.0,35,27,11,4,33,0,2,0
27498,1494,0.0,5.0,0.0,24,2,1,2,22,0,2,0
275030,4170,1.0,5.0,1.0,5,3,1,1,0,0,5,0
27538,3525,0.0,6.0,1.0,10,1,1,2,7,0,1,2
275411,2928,0.0,3.0,0.0,1,1,1,1,0,0,1,0
275502,133,0.0,3.0,0.0,1,1,1,1,0,0,1,0
275706,3623,0.0,2.0,0.0,11,5,2,3,7,0,1,3
275874,806,0.0,3.0,0.0,10,3,2,2,9,0,1,0
276140,2636,0.0,4.0,1.0,2,1,1,1,1,0,1,0
276680,168,0.0,6.0,0.0,8,3,2,2,5,0,3,0
276682,730,0.0,0.0,0.0,10,4,1,2,8,0,1,1
277059,829,0.0,0.0,0.0,33,25,2,2,32,0,1,0
277206,1272,0.0,0.0,1.0,46,7,1,2,42,0,4,0
277838,2545,0.0,4.0,0.0,3,3,3,2,0,0,1,2
278651,1308,0.0,2.0,1.0,15,5,4,1,13,0,2,0
278745,4818,0.0,3.0,1.0,14,4,1,2,13,0,1,0
278981,4336,0.0,2.0,0.0,11,1,1,3,10,0,1,0
27912,1379,0.0,4.0,2.0,8,1,1,1,7,0,1,0
279208,4794,0.0,2.0,0.0,5,1,1,3,4,0,1,0
279506,2642,0.0,0.0,1.0,4,1,1,2,3,0,1,0
279726,574,0.0,0.0,1.0,7,1,1,2,6,0,1,0
279804,4718,0.0,4.0,0.0,2,1,1,1,1,0,1,0
279922,1585,0.0,4.0,0.0,133,39,9,12,126,0,4,3
27994,2318,0.0,2.0,0.0,1,1,1,1,0,0,1,0
280204,2102,0.0,0.0,0.0,2,1,1,1,1,0,1,0
280368,437,0.0,2.0,0.0,7,2,1,3,6,0,1,0
280849,2447,1.0,0.0,0.0,3,1,1,1,2,0,1,0
280894,1501,0.0,4.0,0.0,1,1,1,1,0,0,1,0
280927,4049,0.0,4.0,1.0,2,1,1,1,1,0,1,0
281608,2770,0.0,3.0,0.0,11,5,3,2,10,0,1,0
281621,66,0.0,0.0,1.0,4,2,2,1,3,0,1,0
282059,1067,0.0,7.0,1.0,12,5,1,2,10,0,2,0
282349,1116,1.0,6.0,0.0,4,2,1,1,3,0,1,0
282785,2500,0.0,0.0,0.0,12,4,1,3,9,0,1,2
283025,4705,0.0,3.0,0.0,2,1,1,1,1,0,1,0
283542,4976,0.0,3.0,0.0,6,1,1,1,5,0,1,0
284078,3529,1.0,5.0,0.0,9,2,2,4,8,0,1,0
284352,66,0.0,3.0,0.0,2,1,1,1,1,0,1,0
284514,3105,0.0,2.0,1.0,11,4,1,2,10,0,1,0
284517,598,0.0,4.0,null,4,2,2,1,3,0,1,0
284735,1487,0.0,0.0,0.0,20,1,1,2,19,0,1,0
284767,2721,0.0,2.0,0.0,9,2,1,2,8,0,1,0
28512,588,0.0,0.0,0.0,5,1,1,1,4,0,1,0
285349,1340,0.0,0.0,0.0,20,14,3,1,19,0,1,0
285553,3986,0.0,5.0,1.0,7,2,1,1,6,0,1,0
285867,3623,0.0,3.0,0.0,13,7,2,4,11,0,1,1
286079,685,0.0,4.0,0.0,7,3,2,2,6,0,1,0
2861,4973,0.0,6.0,0.0,1,1,1,1,0,0,1,0
286222,826,0.0,3.0,0.0,8,2,2,4,5,0,2,1
286321,2976,0.0,3.0,2.0,2,1,1,1,1,0,1,0
286451,4009,0.0,0.0,0.0,30,15,8,2,27,1,2,0
286894,4186,0.0,3.0,0.0,13,6,1,1,12,0,1,0
286916,2099,1.0,2.0,0.0,3,1,1,1,2,0,1,0
287037,3910,0.0,3.0,0.0,5,2,1,1,4,0,1,0
288112,3484,0.0,2.0,1.0,90,28,3,7,88,0,1,1
288341,3635,0.0,4.0,0.0,8,5,1,1,5,0,3,0
288622,2128,0.0,3.0,1.0,5,1,1,2,3,0,1,1
288671,2173,0.0,0.0,0.0,1,1,1,1,0,0,1,0
288928,3925,0.0,4.0,0.0,34,5,1,3,32,1,1,0
289374,747,0.0,0.0,0.0,6,1,1,4,5,0,1,0
289393,1250,0.0,4.0,0.0,6,3,1,1,5,0,1,0
289464,742,0.0,3.0,0.0,4,1,1,1,3,0,1,0
289579,1013,0.0,0.0,0.0,4,2,2,1,2,0,2,0
289777,1018,0.0,4.0,0.0,3,1,1,1,2,0,1,0
289871,4268,0.0,4.0,2.0,5,1,1,1,3,0,1,1
289926,588,0.0,0.0,1.0,1,1,1,1,0,0,1,0
290111,1679,0.0,4.0,0.0,10,6,3,2,9,0,1,0
290271,1501,0.0,0.0,0.0,13,4,1,3,11,0,1,1
290280,4765,0.0,3.0,0.0,3,1,1,1,2,0,1,0
290416,1833,0.0,4.0,0.0,1,1,1,1,0,0,1,0
29053,2565,0.0,4.0,1.0,3,1,1,1,2,0,1,0
290567,3205,0.0,2.0,0.0,9,5,2,2,8,0,1,0
290936,4747,0.0,0.0,0.0,8,2,1,1,6,0,2,0
291371,4044,0.0,3.0,0.0,13,12,6,2,12,0,1,0
292255,3952,0.0,0.0,0.0,1,1,1,1,0,0,1,0
293087,361,0.0,0.0,null,65,25,5,1,62,2,1,0
293375,794,0.0,3.0,0.0,6,4,1,2,5,0,1,0
293387,2138,0.0,0.0,1.0,3,1,1,1,2,0,1,0
29373,416,0.0,3.0,0.0,7,1,1,2,6,0,1,0
293922,962,0.0,0.0,0.0,14,5,3,4,13,0,1,0
294895,2218,0.0,4.0,0.0,5,2,1,2,4,0,1,0
295308,191,0.0,3.0,0.0,14,8,4,1,13,0,1,0
295828,1031,0.0,4.0,1.0,2,1,1,1,1,0,1,0
297489,1056,0.0,0.0,0.0,13,2,2,1,11,0,2,0
297540,4374,0.0,5.0,0.0,4,3,2,1,3,0,1,0
297618,1031,0.0,0.0,0.0,28,7,1,3,27,0,1,0
297941,1618,0.0,5.0,0.0,5,2,2,2,4,0,1,0
298124,2360,0.0,6.0,0.0,5,1,1,1,4,0,1,0
298359,1966,0.0,3.0,0.0,13,5,3,4,12,0,1,0
298521,2266,0.0,3.0,0.0,1,1,1,1,0,0,1,0
298851,4282,1.0,2.0,1.0,51,25,6,8,47,0,4,0
299078,2594,0.0,5.0,1.0,50,27,10,1,45,0,5,0
299536,2326,0.0,3.0,0.0,7,2,2,3,3,0,2,2
300190,842,0.0,2.0,0.0,2,1,1,2,1,0,1,0
300202,1031,0.0,4.0,1.0,25,3,1,4,21,0,3,1
300405,2047,1.0,0.0,0.0,12,9,3,2,11,0,1,0
301584,4044,0.0,2.0,0.0,18,6,3,2,12,3,3,0
302090,3640,0.0,0.0,0.0,9,3,2,2,7,0,1,1
302245,4137,0.0,4.0,0.0,1,1,1,1,0,0,1,0
302357,1963,0.0,3.0,1.0,6,2,1,1,5,0,1,0
302680,4171,0.0,0.0,0.0,4,1,1,1,3,0,1,0
302805,1892,0.0,3.0,1.0,6,3,3,1,4,0,2,0
303369,2681,0.0,3.0,0.0,2,1,1,1,0,0,2,0
304181,2397,1.0,5.0,2.0,4,3,2,2,3,0,1,0
304188,773,0.0,4.0,1.0,10,8,7,2,8,0,2,0
304208,1150,0.0,0.0,1.0,8,1,1,3,6,0,1,1
304646,3965,0.0,4.0,0.0,86,3,1,2,85,0,1,0
304670,3623,0.0,2.0,1.0,3,1,1,3,2,0,1,0
304818,4170,0.0,5.0,0.0,5,2,2,1,2,1,2,0
305010,1500,0.0,0.0,0.0,3,1,1,1,2,0,1,0
305303,4708,0.0,0.0,1.0,12,5,5,2,8,0,4,0
30623,3181,0.0,6.0,0.0,3,1,1,2,2,0,1,0
306601,2928,0.0,3.0,0.0,7,1,1,1,6,0,1,0
306815,4958,0.0,2.0,0.0,12,2,1,4,11,0,1,0
308749,2255,0.0,4.0,0.0,4,2,1,1,3,0,1,0
308959,3256,0.0,3.0,0.0,1,1,1,1,0,0,1,0
309319,3878,0.0,3.0,0.0,11,3,1,1,10,0,1,0
309365,1963,0.0,3.0,0.0,17,6,1,1,16,0,1,0
310036,3363,0.0,0.0,0.0,1,1,1,1,0,0,1,0
310168,4336,0.0,6.0,0.0,2,1,1,1,1,0,1,0
310577,1102,0.0,5.0,1.0,5,4,3,2,4,0,1,0
311008,4491,0.0,4.0,2.0,8,3,2,2,7,0,1,0
31104,3161,0.0,0.0,0.0,2,2,1,1,0,0,2,0
311225,416,0.0,4.0,0.0,19,8,2,1,16,0,3,0
311264,1760,0.0,4.0,1.0,19,7,1,3,17,0,1,1
311892,191,0.0,0.0,0.0,1,1,1,1,0,0,1,0
312186,1916,0.0,2.0,1.0,10,2,1,2,9,0,1,0
312474,1359,1.0,4.0,0.0,1,1,1,1,0,0,1,0
313299,4617,1.0,0.0,0.0,3,1,1,1,2,0,1,0
313603,3042,0.0,4.0,0.0,6,2,2,1,5,0,1,0
313634,1784,0.0,5.0,0.0,24,8,5,2,20,0,4,0
314286,2668,0.0,6.0,0.0,3,1,1,1,2,0,1,0
314697,2277,0.0,0.0,1.0,1,1,1,1,0,0,1,0
314883,1487,0.0,0.0,0.0,11,2,1,4,10,0,1,0
315104,4322,0.0,3.0,1.0,8,2,2,2,6,0,1,1
315254,1275,0.0,6.0,0.0,14,6,2,2,12,0,2,0
315710,1760,0.0,4.0,1.0,17,6,2,1,12,0,5,0
315939,3828,0.0,3.0,0.0,30,20,8,8,29,0,1,0
316032,1972,0.0,4.0,0.0,4,2,1,2,3,0,1,0
316169,2217,1.0,0.0,0.0,1,1,1,1,0,0,1,0
316178,2124,0.0,4.0,0.0,26,16,1,3,25,0,1,0
316459,3981,0.0,4.0,1.0,9,2,1,2,7,0,2,0
316922,4405,0.0,0.0,1.0,14,3,2,5,13,0,1,0
317169,1268,0.0,4.0,0.0,25,9,4,2,22,0,2,1
317312,1031,0.0,3.0,0.0,23,11,1,6,22,0,1,0
317578,2108,0.0,3.0,2.0,3,1,1,1,2,0,1,0
317584,1602,0.0,0.0,0.0,5,1,1,2,4,0,1,0
317712,976,0.0,3.0,0.0,6,1,1,1,5,0,1,0
318119,3828,0.0,0.0,1.0,18,9,6,3,16,0,1,1
31823,4658,0.0,7.0,0.0,5,2,1,1,4,0,1,0
319265,3484,0.0,6.0,0.0,3,2,2,2,2,0,1,0
320409,1272,0.0,0.0,1.0,16,4,2,4,14,1,1,0
320766,2954,0.0,0.0,0.0,2,1,1,1,1,0,1,0
320964,4760,0.0,0.0,1.0,2,1,1,1,1,0,1,0
32107,4475,0.0,3.0,1.0,9,1,1,1,7,0,2,0
321374,161,0.0,4.0,0.0,9,4,1,2,8,0,1,0
32155,1200,0.0,4.0,0.0,27,10,4,2,21,0,6,0
322365,2821,0.0,6.0,1.0,7,1,1,1,6,0,1,0
322831,4976,0.0,0.0,1.0,18,5,4,2,16,0,2,0
323273,2639,0.0,6.0,0.0,23,7,2,2,20,0,2,1
32336,3319,0.0,4.0,0.0,2,1,1,1,1,0,1,0
323575,3826,0.0,2.0,1.0,1,1,1,1,0,0,1,0
323862,1710,0.0,4.0,0.0,2,2,1,1,0,0,2,0
32389,4141,0.0,5.0,0.0,6,1,1,1,5,0,1,0
323902,3436,0.0,5.0,1.0,1,1,1,1,0,0,1,0
324828,1754,0.0,2.0,0.0,26,9,5,3,20,0,1,5
325921,1346,0.0,4.0,1.0,5,1,1,1,4,0,1,0
327011,2879,0.0,0.0,null,2,1,1,1,1,0,1,0
32789,4687,0.0,4.0,2.0,5,3,1,1,4,0,1,0
328144,3734,1.0,3.0,1.0,61,15,5,5,58,0,1,2
328342,2828,0.0,5.0,0.0,12,2,1,2,10,0,1,1
328542,4361,0.0,4.0,0.0,9,4,1,2,8,0,1,0
328596,1900,0.0,3.0,2.0,14,3,1,2,13,0,1,0
329916,1356,0.0,5.0,0.0,6,4,2,1,5,0,1,0
330078,4015,0.0,5.0,0.0,3,1,1,1,2,0,1,0
330147,1116,0.0,3.0,0.0,6,1,1,3,5,0,1,0
330436,4542,0.0,2.0,0.0,8,6,2,2,7,0,1,0
330499,1899,0.0,6.0,0.0,1,1,1,1,0,0,1,0
330813,4545,0.0,3.0,0.0,3,1,1,2,2,0,1,0
331211,2537,0.0,3.0,0.0,20,10,4,3,16,0,3,1
331373,3734,0.0,0.0,0.0,6,2,2,2,5,0,1,0
331890,3734,0.0,3.0,1.0,65,25,7,5,59,3,3,0
332023,429,1.0,3.0,0.0,3,1,1,1,2,0,1,0
332396,4131,1.0,0.0,0.0,13,6,2,2,12,0,1,0
332465,4919,0.0,0.0,0.0,9,5,5,2,7,0,2,0
332700,4483,0.0,2.0,0.0,1,1,1,1,0,0,1,0
332741,3057,0.0,3.0,0.0,2,1,1,1,1,0,1,0
333469,3472,0.0,4.0,0.0,4,2,1,1,3,0,1,0
333689,915,0.0,3.0,1.0,35,14,2,4,25,0,1,9
333860,3236,0.0,3.0,0.0,2,1,1,1,1,0,1,0
334408,4173,0.0,4.0,1.0,1,1,1,1,0,0,1,0
334801,4985,0.0,5.0,0.0,13,6,2,2,10,0,1,2
334908,2066,0.0,5.0,0.0,7,4,1,1,6,0,1,0
335243,26,0.0,4.0,0.0,3,2,1,1,2,0,1,0
33552,4402,1.0,5.0,0.0,30,11,3,5,26,0,1,3
335656,3236,0.0,5.0,0.0,6,3,1,1,5,0,1,0
335666,1342,0.0,6.0,0.0,3,1,1,1,2,0,1,0
336236,3826,0.0,2.0,1.0,5,3,1,1,4,0,1,0
336356,1760,0.0,0.0,0.0,6,2,2,2,5,0,1,0
336571,2928,0.0,0.0,null,11,3,2,2,9,0,2,0
336575,2279,0.0,7.0,0.0,12,3,1,5,11,0,1,0
336834,1875,0.0,5.0,0.0,8,3,2,3,7,0,1,0
33794,1923,0.0,0.0,0.0,2,1,1,1,1,0,1,0
338224,423,0.0,2.0,0.0,21,10,1,1,19,0,1,1
338354,4960,0.0,3.0,0.0,4,2,1,1,3,0,1,0
338377,1263,0.0,3.0,0.0,21,6,1,1,19,0,2,0
338598,1752,0.0,3.0,1.0,2,1,1,1,1,0,1,0
338778,1066,0.0,2.0,1.0,1,1,1,1,0,0,1,0
33955,1840,0.0,0.0,1.0,4,2,1,1,3,0,1,0
340029,2138,0.0,2.0,0.0,2,1,1,1,1,0,1,0
340408,2640,0.0,3.0,0.0,6,3,3,1,3,0,3,0
340844,3734,0.0,5.0,0.0,26,6,4,3,20,0,3,3
34125,1346,1.0,4.0,0.0,26,11,1,1,23,0,1,2
341356,606,0.0,3.0,0.0,70,40,10,10,66,0,1,3
341467,1678,0.0,2.0,0.0,17,4,1,2,13,0,2,2
341731,1557,0.0,4.0,0.0,2,2,1,1,0,0,2,0
342055,66,0.0,4.0,0.0,28,13,5,6,25,0,1,2
342111,4280,0.0,0.0,0.0,3,1,1,1,2,0,1,0
342959,4733,0.0,0.0,1.0,3,1,1,1,2,0,1,0
343485,1511,0.0,0.0,0.0,11,1,1,6,9,0,1,1
343745,2569,0.0,0.0,0.0,24,13,1,1,23,0,1,0
344480,3624,0.0,4.0,0.0,2,2,1,1,1,0,1,0
344591,1918,0.0,3.0,0.0,20,7,2,3,19,0,1,0
345098,2278,0.0,4.0,1.0,6,3,3,1,4,0,2,0
345171,4605,0.0,4.0,0.0,18,7,5,3,13,0,4,1
345238,481,0.0,2.0,0.0,1,1,1,1,0,0,1,0
345361,588,0.0,6.0,0.0,2,1,1,1,1,0,1,0
345587,323,0.0,0.0,0.0,5,4,1,3,0,0,1,4
34577,1884,0.0,6.0,1.0,5,4,2,1,4,0,1,0
346114,316,0.0,4.0,0.0,2,1,1,1,0,0,1,1
346153,3022,0.0,0.0,0.0,4,3,3,2,3,0,1,0
34628,4305,0.0,0.0,0.0,3,1,1,1,2,0,1,0
346405,2579,0.0,4.0,0.0,21,8,4,5,20,0,1,0
346507,3623,0.0,3.0,0.0,2,1,1,1,1,0,1,0
347211,2569,0.0,0.0,0.0,23,14,1,3,21,0,2,0
347499,2273,0.0,3.0,0.0,2,1,1,1,1,0,1,0
347768,2869,0.0,3.0,0.0,2,1,1,1,1,0,1,0
347823,1522,0.0,0.0,0.0,3,2,1,2,2,0,1,0
348256,1340,0.0,5.0,1.0,21,11,4,1,15,0,6,0
348320,3588,0.0,0.0,1.0,12,7,1,2,11,0,1,0
348715,2954,1.0,3.0,0.0,10,5,5,1,0,0,5,5
348965,1031,0.0,3.0,0.0,2,2,1,1,1,0,1,0
349201,798,0.0,3.0,0.0,5,1,1,3,3,0,2,0
349457,1031,0.0,4.0,0.0,129,6,1,4,128,0,1,0
350285,3609,0.0,6.0,0.0,22,9,1,2,21,0,1,0
350292,2255,0.0,3.0,0.0,3,1,1,1,2,0,1,0
350423,962,0.0,4.0,0.0,6,3,1,2,3,0,3,0
350664,946,0.0,6.0,0.0,12,7,2,1,10,0,2,0
351385,3323,0.0,2.0,0.0,23,5,1,2,21,0,1,1
351886,4811,1.0,0.0,1.0,6,1,1,4,5,0,1,0
352130,2193,0.0,5.0,1.0,3,2,1,1,2,0,1,0
352181,1093,0.0,2.0,0.0,7,4,1,2,6,0,1,0
352483,2403,0.0,3.0,0.0,6,2,1,2,2,0,2,2
352801,3984,0.0,0.0,0.0,4,2,2,2,3,0,1,0
352811,1522,0.0,5.0,0.0,3,1,1,1,2,0,1,0
352902,66,0.0,7.0,1.0,10,2,2,1,8,0,2,0
353097,4677,0.0,5.0,1.0,8,2,1,2,6,0,2,0
353219,2008,0.0,3.0,0.0,1,1,1,1,0,0,1,0
353233,4480,0.0,3.0,0.0,3,1,1,2,1,0,1,1
353555,3734,1.0,0.0,1.0,115,52,10,21,113,0,2,0
35393,4779,0.0,3.0,0.0,27,9,3,1,25,0,2,0
354166,4891,0.0,0.0,1.0,41,7,1,2,39,0,2,0
354634,1102,0.0,5.0,0.0,2,1,1,1,1,0,1,0
354824,1145,0.0,0.0,0.0,6,1,1,2,4,0,2,0
354871,535,0.0,3.0,0.0,18,7,1,6,16,0,1,1
355292,2803,0.0,3.0,0.0,2,1,1,1,1,0,1,0
355568,437,0.0,4.0,0.0,29,11,1,3,28,0,1,0
355731,1540,0.0,0.0,1.0,17,7,3,2,14,1,2,0
356049,2511,0.0,2.0,0.0,11,6,2,2,9,0,2,0
356284,588,0.0,3.0,1.0,15,2,1,2,13,0,1,1
356464,145,0.0,2.0,0.0,8,1,1,2,6,0,1,1
356766,2403,0.0,4.0,0.0,21,8,1,3,19,0,2,0
356808,4705,0.0,2.0,0.0,4,1,1,2,3,0,1,0
357650,3545,0.0,3.0,0.0,10,7,1,2,9,0,1,0
3577,2721,0.0,0.0,1.0,31,12,1,2,30,0,1,0
358710,598,0.0,3.0,1.0,22,11,4,4,18,0,1,3
359666,2134,1.0,0.0,0.0,5,1,1,2,3,0,1,1
359805,3444,0.0,3.0,1.0,6,2,1,2,5,0,1,0
360362,2928,0.0,3.0,1.0,6,1,1,2,4,0,1,1
360944,4173,1.0,0.0,0.0,87,24,6,4,85,0,2,0
361239,2417,0.0,3.0,0.0,12,7,5,4,11,0,1,0
361397,2552,0.0,3.0,0.0,4,3,1,1,3,0,1,0
361409,1521,0.0,3.0,0.0,3,1,1,2,1,0,1,1
36144,2173,0.0,0.0,1.0,6,4,1,1,5,0,1,0
361471,3347,0.0,5.0,0.0,3,1,1,1,2,0,1,0
361873,4760,0.0,4.0,1.0,5,3,2,1,4,0,1,0
362633,190,0.0,3.0,0.0,4,1,1,2,3,0,1,0
363141,2869,0.0,4.0,0.0,1,1,1,1,0,0,1,0
36323,4765,0.0,3.0,1.0,5,1,1,2,4,0,1,0
363264,3602,0.0,4.0,1.0,2,1,1,1,1,0,1,0
363481,3154,0.0,3.0,1.0,5,2,2,1,3,0,2,0
363671,4491,0.0,3.0,0.0,2,1,1,1,0,0,2,0
364233,2629,0.0,4.0,1.0,1,1,1,1,0,0,1,0
364374,514,0.0,5.0,1.0,2,1,1,1,1,0,1,0
364470,4577,0.0,4.0,0.0,16,7,7,1,9,0,7,0
364797,1712,0.0,6.0,0.0,11,2,1,2,9,0,1,1
365102,4198,0.0,3.0,1.0,2,1,1,1,1,0,1,0
36517,1359,0.0,4.0,1.0,23,7,3,2,21,0,2,0
365214,492,0.0,7.0,1.0,3,1,1,1,2,0,1,0
365227,1987,0.0,3.0,0.0,1,1,1,1,0,0,1,0
365350,3472,0.0,5.0,1.0,5,4,2,1,4,0,1,0
365370,4444,1.0,4.0,0.0,23,8,3,1,12,0,4,7
365373,798,0.0,3.0,0.0,12,5,4,1,8,0,2,2
365672,588,0.0,6.0,0.0,24,3,1,1,23,0,1,0
366040,1968,0.0,2.0,1.0,3,1,1,1,2,0,1,0
366532,4564,0.0,0.0,0.0,4,1,1,1,3,0,1,0
366554,2954,0.0,4.0,0.0,2,1,1,1,0,0,2,0
367217,2051,0.0,2.0,1.0,12,1,1,2,11,0,1,0
36728,4083,0.0,0.0,null,6,3,1,1,5,0,1,0
367533,3005,0.0,5.0,0.0,62,25,8,6,51,0,4,7
367710,806,0.0,2.0,1.0,1,1,1,1,0,0,1,0
368245,3689,0.0,2.0,0.0,3,1,1,1,2,0,1,0
368310,424,0.0,4.0,0.0,2,1,1,1,1,0,1,0
368414,1500,0.0,6.0,1.0,8,1,1,1,7,0,1,0
368689,4775,0.0,7.0,1.0,15,3,1,1,14,0,1,0
369498,1500,0.0,7.0,0.0,4,1,1,1,3,0,1,0
369640,129,0.0,7.0,0.0,8,3,1,2,7,0,1,0
370599,1330,0.0,0.0,0.0,19,3,1,2,16,1,2,0
370758,4374,0.0,2.0,1.0,32,18,6,2,29,0,3,0
370977,293,1.0,6.0,1.0,1,1,1,1,0,0,1,0
371357,2031,0.0,4.0,1.0,4,1,1,1,3,0,1,0
371407,4079,0.0,3.0,1.0,1,1,1,1,0,0,1,0
371732,4726,0.0,3.0,0.0,2,1,1,1,1,0,1,0
37198,24,0.0,0.0,1.0,7,2,1,3,5,0,1,1
372549,2482,0.0,2.0,0.0,31,8,6,6,25,0,1,5
373027,1133,0.0,4.0,1.0,9,4,2,1,8,0,1,0
373097,1255,0.0,3.0,0.0,9,5,1,1,8,0,1,0
373164,1102,0.0,0.0,0.0,14,7,2,2,12,0,2,0
373232,439,0.0,3.0,1.0,5,2,1,1,4,0,1,0
373336,1310,0.0,0.0,0.0,12,6,5,1,8,0,4,0
373422,4052,0.0,4.0,0.0,7,3,1,1,6,0,1,0
373670,2565,0.0,4.0,0.0,58,23,2,7,53,0,2,3
373930,1851,0.0,5.0,0.0,3,3,3,1,0,0,3,0
374078,1098,0.0,4.0,2.0,9,2,1,2,6,0,2,1
374276,412,0.0,3.0,0.0,3,2,2,1,0,0,1,2
374311,2582,0.0,0.0,0.0,15,2,1,5,13,0,1,1
374339,1489,0.0,4.0,1.0,6,3,2,1,4,0,2,0
374968,4361,0.0,3.0,0.0,8,1,1,2,7,0,1,0
375111,4677,0.0,5.0,0.0,5,1,1,1,3,0,2,0
375458,3545,0.0,3.0,0.0,2,1,1,2,1,0,1,0
375606,1895,0.0,4.0,0.0,2,2,2,1,0,0,2,0
376530,1891,0.0,0.0,0.0,2,1,1,1,1,0,1,0
37659,1134,0.0,6.0,1.0,4,1,1,2,3,0,1,0
377076,1997,0.0,4.0,0.0,3,1,1,1,2,0,1,0
377132,682,0.0,0.0,0.0,6,2,1,1,4,0,2,0
378084,1399,0.0,2.0,0.0,6,3,2,2,5,0,1,0
378315,2856,0.0,3.0,0.0,2,1,1,1,1,0,1,0
37839,729,0.0,2.0,null,2,1,1,1,1,0,1,0
37850,1204,0.0,3.0,0.0,3,2,1,1,2,0,1,0
378939,1423,0.0,5.0,1.0,6,2,1,1,5,0,1,0
378940,412,0.0,5.0,0.0,104,70,16,2,101,0,3,0
379243,2981,0.0,2.0,0.0,4,1,1,2,3,0,1,0
379244,4043,0.0,5.0,1.0,1,1,1,1,0,0,1,0
379636,2626,0.0,4.0,0.0,10,5,1,2,9,0,1,0
379792,1272,0.0,0.0,0.0,6,3,1,3,5,0,1,0
380264,1310,0.0,3.0,0.0,1,1,1,1,0,0,1,0
380311,1833,0.0,5.0,0.0,2,1,1,1,1,0,1,0
38042,798,0.0,3.0,0.0,63,17,9,5,58,0,5,0
380911,2869,1.0,3.0,1.0,3,1,1,1,2,0,1,0
381003,4173,0.0,4.0,0.0,4,2,2,1,2,0,2,0
381047,2353,0.0,0.0,1.0,1,1,1,1,0,0,1,0
381596,4219,0.0,3.0,1.0,7,3,1,3,6,0,1,0
381768,1355,0.0,4.0,0.0,3,1,1,1,2,0,1,0
382024,390,0.0,4.0,2.0,41,20,14,2,33,0,6,2
382202,1911,0.0,6.0,0.0,9,5,1,1,8,0,1,0
382224,2664,0.0,3.0,0.0,3,2,1,2,0,0,1,2
382447,1852,0.0,0.0,0.0,1,1,1,1,0,0,1,0
382516,3986,0.0,0.0,0.0,5,1,1,1,4,0,1,0
382612,4057,0.0,7.0,1.0,25,6,1,2,24,0,1,0
382657,2879,0.0,2.0,0.0,2,1,1,1,1,0,1,0
383874,1090,1.0,0.0,0.0,44,19,3,4,35,0,3,6
384402,1056,0.0,0.0,0.0,5,3,3,1,2,0,3,0
384515,798,0.0,4.0,0.0,2,1,1,1,1,0,1,0
384586,4008,0.0,0.0,0.0,3,1,1,1,2,0,1,0
384925,4173,0.0,3.0,0.0,1,1,1,1,0,0,1,0
38499,1948,0.0,5.0,0.0,3,2,2,2,2,0,1,0
385568,1556,0.0,3.0,0.0,29,6,2,10,26,0,2,1
385696,2727,0.0,0.0,0.0,1,1,1,1,0,0,1,0
385713,2856,0.0,0.0,0.0,7,2,1,3,6,0,1,0
386065,3819,0.0,3.0,0.0,18,7,5,1,16,0,2,0
386121,2403,0.0,0.0,null,18,8,4,3,14,0,4,0
386137,4287,0.0,0.0,1.0,2,1,1,1,1,0,1,0
386836,4267,0.0,5.0,0.0,64,45,13,1,60,0,3,1
386862,1056,1.0,4.0,0.0,35,12,5,5,33,0,1,1
38717,1861,0.0,0.0,0.0,2,1,1,1,0,0,2,0
387182,2313,0.0,5.0,0.0,3,1,1,1,2,0,1,0
387604,1495,0.0,7.0,0.0,7,3,1,1,6,0,1,0
387672,2856,0.0,0.0,1.0,9,3,1,2,8,0,1,0
387878,1613,0.0,4.0,0.0,3,1,1,1,2,0,1,0
388284,590,0.0,2.0,1.0,14,5,2,3,13,0,1,0
388537,2569,0.0,3.0,0.0,4,2,1,1,2,0,2,0
388903,4044,0.0,2.0,0.0,8,6,2,2,7,0,1,0
389019,121,0.0,3.0,0.0,2,1,1,1,1,0,1,0
389589,4966,1.0,3.0,0.0,5,3,2,2,4,0,1,0
389666,946,0.0,0.0,1.0,7,3,1,1,5,1,1,0
389895,3990,0.0,0.0,0.0,11,1,1,2,9,0,1,1
389898,2545,0.0,0.0,0.0,20,11,6,3,19,0,1,0
390014,1816,0.0,2.0,1.0,4,2,1,2,3,0,1,0
390208,3477,0.0,4.0,0.0,12,4,1,3,11,0,1,0
390344,141,0.0,3.0,0.0,172,76,15,11,154,0,4,14
390362,1393,0.0,3.0,0.0,46,26,6,3,40,0,1,5
390939,4992,0.0,3.0,1.0,9,4,1,1,7,1,1,0
391448,4708,0.0,0.0,1.0,3,1,1,2,2,0,1,0
391761,323,0.0,4.0,0.0,1,1,1,1,0,0,1,0
391937,403,0.0,3.0,0.0,2,1,1,2,1,0,1,0
392296,1708,0.0,2.0,0.0,1,1,1,1,0,0,1,0
392417,3828,0.0,6.0,0.0,5,2,2,1,4,0,1,0
392639,92,0.0,2.0,0.0,2,1,1,2,0,0,1,1
392743,826,0.0,6.0,1.0,2,1,1,1,1,0,1,0
392932,1500,0.0,5.0,0.0,22,6,1,5,20,0,1,1
393017,3734,0.0,2.0,1.0,1,1,1,1,0,0,1,0
393225,2856,0.0,4.0,1.0,1,1,1,1,0,0,1,0
393261,817,0.0,3.0,0.0,1,1,1,1,0,0,1,0
39368,1890,0.0,5.0,0.0,14,8,3,2,13,0,1,0
393942,1957,0.0,7.0,0.0,6,2,2,1,5,0,1,0
394425,2582,0.0,3.0,1.0,2,1,1,1,1,0,1,0
394500,4589,0.0,4.0,0.0,4,1,1,2,3,0,1,0
394922,3826,0.0,7.0,1.0,3,1,1,1,2,0,1,0
394949,145,0.0,3.0,1.0,10,3,1,1,8,0,2,0
395675,4871,0.0,6.0,0.0,4,1,1,2,3,0,1,0
395727,4589,0.0,4.0,1.0,2,1,1,1,1,0,1,0
395809,2066,0.0,5.0,0.0,4,1,1,1,3,0,1,0
395891,4049,1.0,3.0,0.0,1,1,1,1,0,0,1,0
396172,145,0.0,0.0,0.0,3,1,1,1,2,0,1,0
396323,3472,0.0,6.0,1.0,1,1,1,1,0,0,1,0
39710,4173,0.0,3.0,0.0,8,6,3,4,7,0,1,0
397121,1062,0.0,4.0,0.0,12,10,4,1,11,0,1,0
397911,4335,0.0,0.0,null,14,6,3,2,13,0,1,0
398476,4325,0.0,4.0,0.0,18,5,3,1,16,0,2,0
399562,2070,0.0,3.0,1.0,2,1,1,1,1,0,1,0
399703,1470,0.0,7.0,1.0,13,1,1,4,11,0,1,1
399929,1056,0.0,3.0,0.0,5,2,2,1,4,0,1,0
40026,1494,0.0,null,null,10,2,1,1,8,1,1,0
400359,3022,0.0,3.0,1.0,8,1,1,2,7,0,1,0
400769,1501,0.0,3.0,0.0,3,1,1,1,2,0,1,0
401036,3925,0.0,3.0,0.0,6,3,2,2,5,0,1,0
401338,3889,0.0,4.0,0.0,14,4,4,2,12,0,2,0
401661,1103,0.0,0.0,0.0,2,1,1,1,1,0,1,0
40178,4131,0.0,0.0,0.0,5,3,1,2,3,0,1,1
401963,3875,0.0,3.0,2.0,1,1,1,1,0,0,1,0
402557,2482,1.0,2.0,0.0,4,2,1,1,3,0,1,0
402640,3563,0.0,3.0,0.0,32,21,3,2,31,0,1,0
402883,4173,0.0,3.0,0.0,37,14,5,5,36,0,1,0
403385,3609,0.0,0.0,0.0,11,1,1,1,9,1,1,0
403540,3176,0.0,4.0,0.0,2,1,1,1,1,0,1,0
403642,3269,0.0,2.0,1.0,4,1,1,2,3,0,1,0
404029,1592,0.0,0.0,0.0,8,2,2,2,7,0,1,0
404038,1831,0.0,5.0,2.0,1,1,1,1,0,0,1,0
404113,2669,0.0,3.0,1.0,9,3,2,1,8,0,1,0
404350,200,0.0,0.0,0.0,3,1,1,1,1,0,1,1
40476,1890,0.0,2.0,0.0,11,5,1,4,10,0,1,0
405649,3990,0.0,6.0,0.0,6,2,1,2,5,0,1,0
405869,3701,0.0,4.0,1.0,11,2,2,1,10,0,1,0
406263,2730,0.0,2.0,0.0,1,1,1,1,0,0,1,0
406430,402,0.0,3.0,0.0,9,1,1,1,5,0,4,0
406600,3205,0.0,3.0,0.0,14,9,2,2,5,0,1,8
407352,3500,0.0,3.0,1.0,12,1,1,1,11,0,1,0
407527,1116,0.0,0.0,0.0,3,1,1,1,2,0,1,0
407641,3955,0.0,0.0,null,26,11,3,3,25,0,1,0
40782,740,1.0,6.0,0.0,4,1,1,2,3,0,1,0
407916,608,0.0,5.0,0.0,5,1,1,2,4,0,1,0
409239,2397,0.0,4.0,0.0,5,2,1,1,4,0,1,0
409707,3979,0.0,5.0,0.0,4,1,1,2,3,0,1,0
409711,3974,0.0,3.0,1.0,9,3,1,1,8,0,1,0
409719,3225,0.0,3.0,0.0,1,1,1,1,0,0,1,0
409772,4043,0.0,2.0,0.0,8,1,1,2,5,0,2,1
409898,3159,0.0,3.0,1.0,6,4,2,1,5,0,1,0
411070,15,0.0,5.0,0.0,22,7,2,2,20,0,1,1
411078,3954,0.0,2.0,1.0,5,2,1,1,4,0,1,0
411090,594,0.0,2.0,0.0,2,1,1,1,0,0,2,0
411341,1102,1.0,4.0,0.0,13,8,1,2,11,0,2,0
411536,3635,0.0,0.0,1.0,5,1,1,1,4,0,1,0
411834,2505,0.0,0.0,0.0,9,3,1,1,8,0,1,0
412765,4760,0.0,4.0,0.0,29,8,1,2,27,0,1,1
412774,3609,0.0,5.0,0.0,2,1,1,1,1,0,1,0
412851,685,0.0,0.0,0.0,4,1,1,1,3,0,1,0
412997,4616,0.0,0.0,0.0,2,1,1,1,1,0,1,0
413118,2537,0.0,6.0,1.0,5,3,2,1,3,0,2,0
413380,4850,0.0,0.0,0.0,16,9,6,2,15,0,1,0
413447,2808,0.0,0.0,0.0,5,1,1,1,4,0,1,0
413522,4879,0.0,4.0,1.0,12,3,2,3,9,0,1,2
414177,4600,0.0,4.0,1.0,2,2,2,1,0,0,2,0
414507,3501,0.0,0.0,0.0,2,1,1,1,1,0,1,0
414518,2093,0.0,0.0,0.0,3,1,1,1,2,0,1,0
414552,215,0.0,0.0,2.0,7,2,1,2,6,0,1,0
414841,684,0.0,4.0,1.0,4,2,2,1,3,0,1,0
416158,474,0.0,3.0,0.0,3,1,1,1,2,0,1,0
4163,4043,0.0,0.0,0.0,6,5,3,1,1,0,5,0
416355,3912,0.0,6.0,0.0,5,1,1,1,4,0,1,0
416442,92,0.0,3.0,0.0,5,2,1,1,4,0,1,0
416456,2537,0.0,0.0,0.0,4,2,2,1,3,0,1,0
416515,1760,0.0,0.0,0.0,2,1,1,2,1,0,1,0
416555,1536,0.0,0.0,0.0,2,1,1,1,1,0,1,0
416859,3103,0.0,6.0,0.0,6,1,1,1,5,0,1,0
417220,951,0.0,0.0,0.0,2,1,1,1,1,0,1,0
417583,2869,1.0,3.0,0.0,7,1,1,2,6,0,1,0
417862,3865,0.0,4.0,0.0,11,8,8,1,6,0,5,0
418505,3826,0.0,5.0,0.0,1,1,1,1,0,0,1,0
418505,3839,0.0,5.0,0.0,16,12,3,3,15,0,1,0
418567,3529,0.0,4.0,0.0,24,17,7,3,23,0,1,0
419624,1301,0.0,6.0,0.0,11,1,1,6,8,0,2,1
420166,4472,0.0,7.0,1.0,5,2,1,3,4,0,1,0
420195,2565,0.0,4.0,1.0,3,1,1,1,2,0,1,0
420260,1102,0.0,3.0,0.0,36,13,5,4,31,0,5,0
420349,1963,0.0,5.0,0.0,4,4,1,2,1,0,3,0
420498,4955,0.0,0.0,0.0,1,1,1,1,0,0,1,0
420717,3803,0.0,2.0,0.0,9,5,1,3,8,0,1,0
420969,3614,0.0,5.0,0.0,6,2,2,1,4,0,2,0
421277,2619,0.0,3.0,0.0,2,1,1,1,1,0,1,0
421906,309,0.0,2.0,0.0,3,1,1,1,2,0,1,0
422846,1738,0.0,0.0,0.0,15,8,3,6,14,0,1,0
42308,416,0.0,5.0,0.0,2,1,1,1,1,0,1,0
423211,1111,0.0,0.0,0.0,2,1,1,2,0,0,1,1
423409,4730,0.0,3.0,0.0,2,1,1,1,1,0,1,0
423958,915,0.0,3.0,0.0,4,2,2,1,3,0,1,0
42675,3578,0.0,0.0,0.0,15,8,2,3,13,0,2,0
42740,3828,0.0,4.0,1.0,24,11,5,4,21,0,3,0
43178,900,0.0,4.0,2.0,1,1,1,1,0,0,1,0
43493,4170,0.0,4.0,0.0,22,8,4,1,19,0,3,0
43727,845,0.0,4.0,1.0,6,1,1,1,5,0,1,0
44565,2138,1.0,5.0,1.0,8,4,3,1,6,0,2,0
44712,58,0.0,0.0,0.0,12,4,3,1,10,0,2,0
45156,2278,0.0,3.0,0.0,5,1,1,2,3,0,1,1
45541,1487,0.0,0.0,0.0,53,10,1,11,47,0,1,5
46032,3472,0.0,4.0,0.0,5,2,1,2,4,0,1,0
46295,4394,0.0,2.0,0.0,2,1,1,1,1,0,1,0
46352,2684,0.0,0.0,null,6,1,1,2,4,0,1,1
46589,1393,0.0,5.0,1.0,17,5,3,6,15,0,2,0
46906,3586,0.0,0.0,0.0,6,2,1,3,3,0,1,2
47548,3875,0.0,3.0,0.0,5,1,1,2,3,0,1,1
48241,4474,0.0,0.0,0.0,8,1,1,1,6,0,1,1
48911,503,0.0,0.0,0.0,2,2,1,1,1,0,1,0
50125,1131,0.0,4.0,0.0,6,2,2,2,3,0,1,2
50288,3350,0.0,4.0,0.0,4,2,1,2,3,0,1,0
50371,1399,0.0,2.0,1.0,7,2,1,2,6,0,1,0
50540,1056,0.0,4.0,0.0,6,4,2,2,5,0,1,0
50680,2001,1.0,2.0,1.0,13,4,2,1,11,0,2,0
50875,4401,0.0,0.0,0.0,3,3,2,1,0,0,3,0
51405,4371,0.0,2.0,0.0,5,1,1,2,4,0,1,0
51531,2900,0.0,0.0,0.0,6,3,1,2,5,0,1,0
51543,4116,0.0,2.0,0.0,11,3,3,1,8,0,3,0
519,3828,0.0,6.0,0.0,9,4,3,4,7,0,1,1
51987,3915,0.0,4.0,0.0,4,1,1,1,3,0,1,0
52676,3420,0.0,5.0,1.0,3,1,1,1,2,0,1,0
529,3173,0.0,0.0,null,2,1,1,2,0,0,1,1
53919,2193,0.0,5.0,0.0,2,1,1,1,1,0,1,0
54041,2649,0.0,4.0,1.0,47,8,5,5,43,0,2,2
5405,3826,0.0,3.0,1.0,2,1,1,1,1,0,1,0
54595,3545,0.0,6.0,0.0,5,1,1,2,4,0,1,0
54628,2193,0.0,4.0,null,10,2,2,3,8,1,1,0
55186,1555,0.0,3.0,0.0,10,2,1,3,8,0,1,1
55228,742,1.0,0.0,0.0,5,2,1,2,4,0,1,0
55354,2928,0.0,5.0,0.0,3,2,1,2,2,0,1,0
55407,2592,0.0,6.0,0.0,5,1,1,1,4,0,1,0
55853,4427,0.0,2.0,0.0,12,9,3,1,10,0,2,0
56142,1145,0.0,0.0,1.0,3,1,1,1,2,0,1,0
56440,3828,0.0,0.0,0.0,7,3,2,2,6,0,1,0
57345,2579,0.0,4.0,0.0,17,7,2,2,16,0,1,0
57596,685,0.0,6.0,0.0,6,4,2,1,5,0,1,0
58053,3602,0.0,3.0,0.0,2,1,1,1,1,0,1,0
59354,630,0.0,3.0,1.0,12,7,5,2,10,0,1,1
61349,2372,0.0,7.0,0.0,11,4,4,3,9,0,2,0
61904,4322,0.0,6.0,0.0,5,3,1,2,4,0,1,0
62124,4648,0.0,3.0,0.0,3,2,1,1,2,0,1,0
62326,219,0.0,3.0,0.0,33,14,1,1,29,0,4,0
62590,1393,0.0,5.0,null,52,34,11,3,46,2,1,3
62667,4044,0.0,0.0,0.0,96,39,5,3,94,0,2,0
62919,4339,0.0,0.0,0.0,6,1,1,2,5,0,1,0
6297,114,0.0,0.0,0.0,6,1,1,3,5,0,1,0
62972,4050,0.0,3.0,1.0,5,1,1,1,4,0,1,0
62987,786,0.0,3.0,0.0,5,3,1,2,4,0,1,0
63172,4282,0.0,3.0,1.0,5,2,1,1,4,0,1,0
63405,3148,0.0,3.0,1.0,5,1,1,4,4,0,1,0
63780,1090,0.0,5.0,0.0,18,3,1,7,15,0,1,2
63879,1769,1.0,4.0,1.0,12,4,2,3,11,0,1,0
63934,1487,0.0,4.0,1.0,4,1,1,1,3,0,1,0
64320,4044,0.0,6.0,0.0,12,3,2,3,9,0,2,1
6438,2102,0.0,0.0,0.0,2,1,1,1,1,0,1,0
64405,1585,0.0,4.0,0.0,17,9,3,1,15,0,2,0
64411,1056,0.0,5.0,2.0,19,14,9,6,12,0,1,6
64709,1963,0.0,4.0,1.0,16,6,1,3,15,0,1,0
64909,685,1.0,6.0,0.0,12,5,1,3,9,0,3,0
6507,2284,0.0,3.0,0.0,2,1,1,1,1,0,1,0
65495,4755,0.0,0.0,0.0,3,1,1,1,2,0,1,0
65907,3502,0.0,3.0,1.0,4,2,2,2,3,0,1,0
66025,2348,0.0,5.0,0.0,17,2,1,1,14,0,2,1
66299,293,0.0,0.0,0.0,6,1,1,2,4,0,2,0
67049,2644,0.0,3.0,0.0,5,1,1,1,4,0,1,0
67183,2639,0.0,6.0,1.0,2,2,1,1,0,0,2,0
67655,1346,0.0,2.0,1.0,14,5,1,2,13,0,1,0
677,1340,0.0,0.0,1.0,46,13,3,4,41,0,5,0
68,1200,0.0,0.0,0.0,2,1,1,1,1,0,1,0
68035,145,0.0,0.0,0.0,7,3,1,1,6,0,1,0
682,1166,0.0,3.0,1.0,2,1,1,2,1,0,1,0
68344,3728,0.0,6.0,0.0,5,1,1,1,3,0,2,0
69973,2099,0.0,3.0,0.0,1,1,1,1,0,0,1,0
7081,4385,0.0,5.0,0.0,7,1,1,3,6,0,1,0
7126,608,0.0,3.0,0.0,26,8,3,2,25,0,1,0
71305,4724,0.0,3.0,0.0,24,7,1,2,23,0,1,0
72633,4044,1.0,5.0,0.0,13,9,3,1,11,0,2,0
72800,855,1.0,3.0,2.0,11,5,4,2,10,0,1,0
73389,1485,0.0,0.0,0.0,6,2,1,1,5,0,1,0
73414,4818,0.0,4.0,0.0,15,5,4,2,13,0,2,0
73945,598,0.0,3.0,1.0,2,1,1,1,1,0,1,0
74084,4048,0.0,5.0,1.0,3,2,1,1,2,0,1,0
74635,2915,0.0,4.0,1.0,12,8,4,3,9,0,3,0
75356,2445,0.0,4.0,1.0,3,2,1,1,2,0,1,0
75363,954,1.0,3.0,0.0,10,4,1,1,8,0,2,0
75565,685,1.0,0.0,0.0,28,8,3,3,25,0,2,1
75783,4044,0.0,0.0,0.0,1,1,1,1,0,0,1,0
7680,1816,0.0,2.0,1.0,6,3,3,2,5,0,1,0
76805,1895,0.0,3.0,0.0,13,5,3,1,11,0,2,0
76876,574,1.0,4.0,1.0,5,4,3,2,4,0,1,0
77099,3220,0.0,4.0,0.0,7,1,1,2,6,0,1,0
77303,1707,0.0,4.0,1.0,2,1,1,1,1,0,1,0
77303,2824,0.0,4.0,1.0,1,1,1,1,0,0,1,0
77376,1357,0.0,3.0,0.0,3,1,1,1,2,0,1,0
77612,2836,0.0,2.0,0.0,4,2,2,3,2,0,1,1
77619,500,0.0,3.0,1.0,4,1,1,2,3,0,1,0
77669,652,0.0,4.0,1.0,6,2,1,2,5,0,1,0
78047,1540,1.0,2.0,0.0,8,7,4,2,6,0,2,0
78202,4829,0.0,2.0,0.0,6,2,1,2,4,0,1,1
78532,3593,0.0,3.0,0.0,1,1,1,1,0,0,1,0
78629,4079,0.0,2.0,1.0,2,1,1,1,1,0,1,0
80317,548,0.0,4.0,1.0,6,1,1,3,4,1,1,0
80422,685,0.0,0.0,0.0,8,2,2,1,7,0,1,0
80510,1102,0.0,3.0,0.0,6,3,1,1,5,0,1,0
80597,3516,0.0,0.0,1.0,4,2,1,2,3,0,1,0
807,1102,0.0,4.0,0.0,22,8,4,4,16,0,3,3
81321,2501,0.0,6.0,1.0,2,1,1,1,1,0,1,0
81372,3102,0.0,3.0,0.0,10,4,3,2,9,0,1,0
81558,4044,0.0,2.0,0.0,20,13,1,1,19,0,1,0
81880,4131,0.0,3.0,1.0,18,7,2,4,16,0,1,1
82067,4173,0.0,4.0,0.0,40,7,3,2,37,0,2,1
8256,102,0.0,4.0,0.0,48,4,2,3,44,0,1,3
82968,2108,0.0,0.0,1.0,7,1,1,2,5,0,2,0
83095,1272,0.0,4.0,0.0,3,1,1,2,2,0,1,0
83563,3448,0.0,5.0,1.0,3,2,1,1,2,0,1,0
83734,2856,0.0,0.0,0.0,5,1,1,2,4,0,1,0
83736,437,0.0,5.0,0.0,19,7,1,2,16,0,1,2
8430,1788,0.0,0.0,0.0,3,1,1,1,2,0,1,0
84313,4044,0.0,3.0,0.0,18,8,6,7,14,0,1,3
84408,4731,0.0,3.0,0.0,44,20,4,1,39,0,5,0
84433,4137,0.0,3.0,0.0,6,3,1,2,5,0,1,0
84517,3941,0.0,4.0,0.0,46,17,5,14,41,0,1,4
84600,3990,0.0,0.0,0.0,5,3,1,1,4,0,1,0
84783,4419,0.0,0.0,1.0,6,2,2,2,5,0,1,0
84819,3936,0.0,3.0,1.0,14,10,5,1,13,0,1,0
85051,3284,0.0,3.0,1.0,2,1,1,1,1,0,1,0
85233,3308,0.0,5.0,2.0,9,2,1,1,7,0,2,0
85357,514,0.0,3.0,1.0,2,1,1,1,1,0,1,0
85364,4605,0.0,0.0,0.0,8,5,5,3,3,0,5,0
85458,4708,0.0,3.0,0.0,21,10,6,3,19,0,1,1
85493,2664,0.0,6.0,0.0,5,3,1,1,3,0,2,0
85621,4738,0.0,0.0,0.0,8,2,1,2,7,0,1,0
86492,4504,0.0,5.0,0.0,2,1,1,1,1,0,1,0
86650,2537,0.0,3.0,2.0,3,1,1,1,2,0,1,0
86848,255,0.0,5.0,0.0,11,2,1,1,9,0,2,0
86938,4385,0.0,3.0,0.0,5,1,1,1,4,0,1,0
87508,1892,0.0,4.0,1.0,18,10,5,1,15,2,1,0
87859,1724,0.0,2.0,0.0,5,3,1,1,4,0,1,0
88024,2193,1.0,5.0,0.0,2,2,2,1,0,0,2,0
88355,3034,0.0,4.0,0.0,6,1,1,1,4,0,2,0
88431,4287,0.0,3.0,0.0,1,1,1,1,0,0,1,0
89089,4933,0.0,3.0,1.0,4,1,1,2,3,0,1,0
89365,1895,0.0,0.0,0.0,7,5,1,1,6,0,1,0
89868,1494,0.0,6.0,0.0,1,1,1,1,0,0,1,0
90055,4450,0.0,0.0,null,6,1,1,2,4,1,1,0
90783,1031,0.0,3.0,1.0,4,1,1,1,3,0,1,0
90949,4992,0.0,4.0,2.0,8,3,1,1,6,0,2,0
91815,1918,0.0,6.0,0.0,6,2,1,2,5,0,1,0
92445,4480,1.0,3.0,0.0,24,15,3,3,22,0,1,1
92534,3727,0.0,0.0,0.0,5,1,1,3,3,0,1,1
92978,4765,0.0,2.0,1.0,2,1,1,1,1,0,1,0
93349,3289,0.0,4.0,1.0,3,1,1,1,2,0,1,0
93430,3979,0.0,6.0,0.0,6,1,1,1,5,0,1,0
93471,1661,0.0,3.0,0.0,12,3,1,4,9,0,1,2
93831,3103,0.0,5.0,0.0,11,4,1,1,10,0,1,0
93843,2313,0.0,7.0,0.0,5,1,1,1,4,0,1,0
94067,2318,0.0,6.0,1.0,1,1,1,1,0,0,1,0
94211,3472,0.0,0.0,0.0,2,1,1,1,1,0,1,0
94228,1435,0.0,2.0,1.0,4,1,1,1,3,0,1,0
9431,630,0.0,3.0,0.0,8,5,3,2,6,0,2,0
94981,1477,0.0,5.0,0.0,26,12,2,2,24,0,1,1
95487,1103,0.0,0.0,0.0,9,4,1,1,8,0,1,0
95580,2482,0.0,6.0,0.0,19,7,5,3,17,0,2,0
96014,4765,1.0,3.0,1.0,10,2,1,1,8,0,2,0
96174,1911,0.0,4.0,0.0,3,1,1,1,2,0,1,0
96479,4388,0.0,3.0,1.0,3,1,1,1,2,0,1,0
96793,1892,0.0,4.0,1.0,6,1,1,2,4,0,2,0
97237,2761,0.0,2.0,0.0,13,9,1,2,12,0,1,0
9728,1102,0.0,2.0,0.0,8,5,2,2,7,0,1,0
97586,4044,0.0,0.0,1.0,2,1,1,1,1,0,1,0
97599,4044,0.0,3.0,0.0,34,9,2,2,33,0,1,0
97756,4727,0.0,3.0,0.0,1,1,1,1,0,0,1,0
99013,3472,0.0,6.0,1.0,8,6,1,1,6,0,2,0
99387,4864,0.0,5.0,0.0,32,12,2,5,30,0,1,1
99741,1900,0.0,3.0,1.0,1,1,1,1,0,0,1,0
