100006,4847,0.0,4.0,0.0,13,6,4,1,9,0,1,3
100173,3828,0.0,3.0,0.0,1,1,1,1,0,0,1,0
100389,4044,0.0,0.0,0.0,38,20,5,4,35,0,1,2
100432,2099,0.0,0.0,0.0,10,5,4,3,9,0,1,0
1006,132,0.0,0.0,0.0,11,3,1,1,10,0,1,0
100969,246,0.0,5.0,0.0,3,1,1,1,2,0,1,0
101258,460,0.0,2.0,0.0,24,9,5,1,20,0,3,1
101279,3981,0.0,2.0,0.0,11,6,1,1,9,0,1,1
101432,2220,0.0,4.0,1.0,1,1,1,1,0,0,1,0
101604,4108,0.0,2.0,0.0,7,3,2,2,6,0,1,0
101937,3784,0.0,6.0,0.0,7,1,1,3,6,0,1,0
102032,10,0.0,3.0,0.0,1,1,1,1,0,0,1,0
102950,1890,0.0,3.0,0.0,8,3,2,4,7,0,1,0
103041,1340,0.0,6.0,0.0,9,7,2,1,7,0,2,0
103263,4848,0.0,4.0,0.0,46,13,1,2,44,0,2,0
103421,2217,1.0,4.0,0.0,1,1,1,1,0,0,1,0
103632,1923,0.0,5.0,0.0,6,1,1,1,5,0,1,0
103861,1200,0.0,5.0,0.0,2,1,1,1,1,0,1,0
104210,2824,0.0,0.0,1.0,3,1,1,1,1,0,2,0
104558,1487,0.0,0.0,0.0,13,2,1,4,11,0,1,1
104605,4605,0.0,3.0,0.0,27,4,4,6,26,0,1,0
104632,1704,0.0,6.0,0.0,8,3,2,2,7,0,1,0
104708,1073,0.0,3.0,0.0,11,3,1,5,9,0,2,0
104888,2081,0.0,3.0,0.0,1,1,1,1,0,0,1,0
105128,2497,0.0,0.0,1.0,2,1,1,1,1,0,1,0
10520,3363,0.0,6.0,0.0,9,4,1,1,8,0,1,0
106084,2786,0.0,3.0,0.0,5,1,1,1,4,0,1,0
106856,227,0.0,3.0,1.0,37,19,5,6,35,0,1,1
107442,3734,0.0,0.0,0.0,5,2,1,2,3,0,1,1
107695,3349,0.0,6.0,1.0,21,11,3,1,20,0,1,0
107821,967,0.0,2.0,0.0,4,2,1,1,3,0,1,0
107971,3191,0.0,2.0,0.0,6,4,1,2,5,0,1,0
108486,4504,0.0,0.0,0.0,2,1,1,1,1,0,1,0
108691,4818,0.0,4.0,0.0,5,3,2,2,3,0,1,1
108842,1724,0.0,3.0,1.0,3,1,1,1,2,0,1,0
109079,1310,0.0,4.0,0.0,3,1,1,2,2,0,1,0
109309,2681,1.0,2.0,1.0,4,1,1,1,3,0,1,0
10974,4976,0.0,4.0,0.0,9,1,1,5,7,0,1,1
109922,1056,0.0,5.0,0.0,24,9,4,5,20,0,1,3
110451,2669,0.0,3.0,0.0,5,2,1,1,4,0,1,0
110640,1738,0.0,5.0,0.0,10,4,2,2,8,0,2,0
111078,4658,0.0,6.0,0.0,1,1,1,1,0,0,1,0
111159,3159,0.0,3.0,0.0,1,1,1,1,0,0,1,0
111249,92,0.0,4.0,0.0,2,1,1,1,1,0,1,0
111401,4600,0.0,3.0,1.0,21,13,6,1,20,0,1,0
111518,993,0.0,null,null,6,3,1,1,5,0,1,0
111725,2320,0.0,5.0,1.0,3,1,1,1,1,0,2,0
111834,1028,0.0,3.0,0.0,2,2,1,1,0,0,2,0
112420,4026,0.0,3.0,0.0,3,1,1,1,2,0,1,0
112652,564,0.0,4.0,0.0,6,3,2,2,5,0,1,0
112888,1890,0.0,5.0,0.0,1,1,1,1,0,0,1,0
112956,4196,0.0,2.0,1.0,1,1,1,1,0,0,1,0
112968,227,0.0,2.0,1.0,13,2,1,4,12,0,1,0
112997,2305,1.0,4.0,0.0,4,2,2,1,3,0,1,0
113008,4079,0.0,4.0,2.0,6,1,1,3,4,0,2,0
113144,3954,0.0,0.0,1.0,3,1,1,1,2,0,1,0
113223,3108,0.0,4.0,0.0,5,1,1,1,4,0,1,0
113521,1489,0.0,3.0,0.0,24,6,2,3,22,0,1,1
113647,2,0.0,3.0,0.0,22,1,1,2,20,0,1,1
113818,4044,0.0,3.0,0.0,32,7,3,2,30,0,2,0
115167,66,0.0,4.0,0.0,3,1,1,2,2,0,1,0
115412,4079,0.0,4.0,0.0,3,2,2,2,0,0,2,1
116069,786,1.0,6.0,0.0,1,1,1,1,0,0,1,0
116076,1031,1.0,5.0,0.0,6,3,1,3,5,0,1,0
117472,3607,0.0,4.0,0.0,8,3,2,1,7,0,1,0
117787,4173,0.0,7.0,0.0,6,1,1,2,4,0,1,1
117843,621,0.0,6.0,1.0,43,10,1,4,41,0,1,1
118487,1102,0.0,2.0,0.0,7,4,3,3,5,1,1,0
118494,3502,0.0,5.0,1.0,4,2,2,2,3,0,1,0
118614,4708,0.0,0.0,0.0,1,1,1,1,0,0,1,0
118643,4670,0.0,2.0,0.0,15,12,2,1,14,0,1,0
118655,361,0.0,7.0,0.0,17,6,1,3,14,0,1,2
119161,4186,0.0,3.0,1.0,10,3,1,2,9,0,1,0
119170,2273,0.0,5.0,0.0,10,1,1,3,8,0,1,1
119461,1353,0.0,4.0,0.0,6,2,2,2,4,0,1,1
119572,4090,0.0,3.0,0.0,4,1,1,1,3,0,1,0
119603,4756,0.0,4.0,0.0,22,8,3,2,19,0,3,0
12021,3609,0.0,0.0,0.0,16,2,1,4,14,0,1,1
120396,4525,0.0,4.0,2.0,1,1,1,1,0,0,1,0
120718,402,0.0,0.0,0.0,5,1,1,3,3,0,1,1
12160,4173,0.0,3.0,0.0,2,2,2,2,1,0,1,0
122613,806,0.0,5.0,0.0,16,3,3,3,11,0,2,3
122658,1512,0.0,5.0,0.0,8,3,2,1,7,0,1,0
123822,133,0.0,6.0,0.0,12,2,1,4,11,0,1,0
124037,1861,0.0,4.0,0.0,17,4,2,1,15,0,2,0
124556,3971,0.0,3.0,1.0,10,2,2,3,9,0,1,0
124572,145,0.0,7.0,0.0,7,1,1,1,5,0,1,1
124645,4992,0.0,3.0,0.0,5,3,1,2,4,0,1,0
124656,4513,0.0,4.0,1.0,9,1,1,3,8,0,1,0
124720,3826,0.0,2.0,1.0,1,1,1,1,0,0,1,0
124756,1200,0.0,3.0,0.0,2,1,1,1,1,0,1,0
124899,598,0.0,3.0,0.0,5,2,1,1,4,0,1,0
12522,1923,0.0,3.0,0.0,1,1,1,1,0,0,1,0
125381,4044,0.0,2.0,0.0,14,2,2,5,13,0,1,0
125680,721,0.0,2.0,0.0,7,2,1,2,5,0,1,1
125728,4042,0.0,4.0,0.0,2,1,1,1,1,0,1,0
12646,1399,0.0,4.0,1.0,9,3,1,3,8,0,1,0
126542,4044,0.0,2.0,0.0,132,63,15,5,118,0,1,13
126643,2128,1.0,4.0,0.0,4,1,1,1,3,0,1,0
126820,2,0.0,3.0,0.0,5,1,1,2,3,0,1,1
126957,3822,0.0,2.0,0.0,5,1,1,1,4,0,1,0
126975,1342,0.0,0.0,0.0,27,11,4,2,26,0,1,0
127050,4779,0.0,0.0,1.0,6,1,1,1,5,0,1,0
127481,643,0.0,4.0,1.0,16,9,5,1,14,0,2,0
128494,1895,0.0,2.0,0.0,3,2,2,1,2,0,1,0
128819,4491,0.0,0.0,0.0,7,3,2,1,6,0,1,0
129000,255,1.0,4.0,0.0,13,9,2,1,12,0,1,0
12906,200,0.0,3.0,1.0,4,1,1,1,2,0,1,1
129513,2821,0.0,3.0,1.0,6,2,1,2,5,0,1,0
129520,1370,0.0,5.0,0.0,6,2,2,3,4,0,2,0
129831,2664,0.0,6.0,0.0,11,5,2,1,9,0,2,0
13019,323,0.0,0.0,1.0,2,1,1,1,1,0,1,0
130316,3378,0.0,0.0,0.0,1,1,1,1,0,0,1,0
13060,4047,0.0,3.0,0.0,32,17,14,1,31,0,1,0
130773,3230,0.0,3.0,0.0,10,6,3,2,3,0,1,6
131068,4267,0.0,0.0,1.0,3,1,1,1,2,0,1,0
131343,416,0.0,5.0,0.0,10,4,2,2,9,0,1,0
131361,1501,0.0,4.0,0.0,7,6,3,2,6,0,1,0
131677,4480,0.0,3.0,0.0,6,2,2,1,4,0,2,0
131717,1393,0.0,0.0,0.0,48,33,12,3,47,0,1,0
13179,586,0.0,4.0,0.0,3,1,1,2,0,0,2,1
132039,1499,0.0,4.0,0.0,9,3,2,3,6,0,1,2
132154,1102,0.0,2.0,0.0,2,2,2,2,1,0,1,0
132278,1710,0.0,4.0,2.0,4,3,2,1,3,0,1,0
132877,4044,0.0,3.0,0.0,43,14,6,4,37,1,1,4
133074,4044,0.0,3.0,1.0,29,10,6,3,25,0,2,2
133286,1573,0.0,2.0,0.0,2,1,1,2,0,0,1,1
133339,3410,0.0,3.0,0.0,3,1,1,2,2,0,1,0
133419,598,0.0,3.0,0.0,1,1,1,1,0,0,1,0
133565,1126,1.0,0.0,0.0,17,7,4,2,15,0,2,0
133810,1541,0.0,4.0,1.0,4,1,1,1,3,0,1,0
134333,145,0.0,2.0,0.0,2,2,2,2,1,0,1,0
13439,2403,0.0,6.0,0.0,29,16,3,2,28,0,1,0
134456,1816,0.0,2.0,1.0,35,7,3,1,34,0,1,0
135710,2149,0.0,5.0,0.0,26,8,1,2,22,0,1,3
135754,1470,0.0,0.0,null,3,1,1,1,2,0,1,0
136105,3828,0.0,4.0,0.0,3,1,1,2,1,0,1,1
13628,1272,0.0,3.0,0.0,12,4,2,3,11,0,1,0
136308,587,0.0,4.0,0.0,7,2,1,3,5,0,2,0
136861,4724,0.0,0.0,0.0,3,1,1,1,1,0,2,0
137362,3022,0.0,6.0,0.0,18,7,1,2,14,0,2,2
137710,3944,0.0,0.0,0.0,8,3,2,1,7,0,1,0
138244,2273,0.0,5.0,2.0,27,3,1,5,24,0,1,2
138256,2592,0.0,4.0,0.0,19,3,3,1,15,0,4,0
138281,3236,0.0,3.0,0.0,3,1,1,1,2,0,1,0
138771,3828,0.0,5.0,0.0,15,12,8,5,14,0,1,0
138801,1910,0.0,3.0,1.0,11,3,3,2,10,0,1,0
139016,534,0.0,0.0,0.0,16,2,1,3,12,0,4,0
139042,1705,0.0,0.0,0.0,5,2,2,2,4,0,1,0
139115,2864,0.0,5.0,0.0,10,4,2,1,9,0,1,0
139504,4426,0.0,3.0,0.0,3,1,1,1,2,0,1,0
139566,4813,0.0,6.0,0.0,1,1,1,1,0,0,1,0
140479,4659,1.0,2.0,0.0,17,12,8,2,16,0,1,0
140789,2664,0.0,0.0,0.0,13,6,1,2,12,0,1,0
141154,3734,1.0,3.0,1.0,47,18,6,2,45,0,2,0
142020,654,0.0,4.0,1.0,1,1,1,1,0,0,1,0
142495,3672,0.0,0.0,1.0,8,2,1,1,6,1,1,0
143111,4643,0.0,4.0,1.0,6,3,1,1,5,0,1,0
14341,133,0.0,3.0,0.0,6,2,1,2,4,0,1,1
143418,4044,0.0,3.0,0.0,77,42,6,1,75,0,2,0
143460,1916,0.0,3.0,0.0,58,16,2,4,53,0,2,3
143882,4594,0.0,2.0,1.0,4,2,2,1,2,0,2,0
144076,2026,0.0,0.0,0.0,6,1,1,1,4,0,1,1
144494,4864,0.0,0.0,0.0,5,2,1,1,4,0,1,0
145166,2273,0.0,4.0,0.0,4,2,1,1,3,0,1,0
145231,1704,0.0,4.0,1.0,8,3,2,2,6,0,1,1
145239,1016,0.0,0.0,1.0,4,1,1,1,2,0,2,0
146104,3990,0.0,3.0,0.0,29,2,1,15,27,0,2,0
146301,1698,0.0,4.0,0.0,6,1,1,2,4,0,2,0
14695,4042,0.0,4.0,0.0,10,5,2,1,9,0,1,0
147190,1203,0.0,4.0,0.0,16,6,5,2,13,0,3,0
147363,3236,0.0,7.0,0.0,9,2,1,1,8,0,1,0
147372,2537,1.0,0.0,0.0,7,3,1,2,5,0,2,0
147511,4079,0.0,3.0,0.0,8,1,1,1,0,0,8,0
147599,374,0.0,5.0,0.0,56,10,1,5,55,0,1,0
147709,2559,0.0,0.0,1.0,6,2,1,1,4,0,1,1
147724,1605,0.0,4.0,0.0,7,3,1,1,5,0,1,1
148060,2752,0.0,3.0,0.0,22,10,2,1,16,0,6,0
148573,2664,0.0,3.0,0.0,4,3,1,2,3,0,1,0
148675,3475,0.0,0.0,1.0,3,1,1,1,2,0,1,0
149161,1437,0.0,6.0,0.0,7,2,1,3,5,0,1,1
149322,4659,0.0,4.0,1.0,5,2,1,1,4,0,1,0
149524,1944,1.0,4.0,0.0,8,4,3,1,5,0,3,0
149909,2688,0.0,0.0,1.0,2,1,1,1,1,0,1,0
150114,4170,0.0,6.0,0.0,21,9,1,2,19,0,1,1
15043,416,0.0,6.0,1.0,1,1,1,1,0,0,1,0
150581,2882,0.0,3.0,0.0,3,3,1,2,0,0,2,1
151124,4079,0.0,0.0,null,1,1,1,1,0,0,1,0
151639,3152,0.0,3.0,1.0,46,10,2,3,39,1,1,5
151662,1031,0.0,4.0,1.0,2,1,1,1,0,0,2,0
151760,2824,0.0,4.0,1.0,7,1,1,1,6,0,1,0
151789,1871,0.0,4.0,0.0,25,3,2,3,18,0,4,3
151921,4372,0.0,0.0,0.0,3,1,1,1,2,0,1,0
152322,3236,0.0,3.0,0.0,2,2,1,1,0,0,2,0
152744,649,0.0,4.0,0.0,1,1,1,1,0,0,1,0
152990,2124,0.0,3.0,0.0,3,1,1,1,1,0,1,1
153085,3152,0.0,4.0,0.0,3,2,1,2,2,0,1,0
153132,4042,0.0,2.0,0.0,4,2,1,3,3,0,1,0
153487,4724,0.0,0.0,0.0,3,2,1,2,2,0,1,0
154138,4287,0.0,4.0,0.0,2,1,1,1,0,0,2,0
154335,3536,0.0,3.0,0.0,5,1,1,2,4,0,1,0
154365,4499,0.0,2.0,0.0,5,1,1,1,4,0,1,0
154444,1659,0.0,0.0,0.0,2,1,1,1,1,0,1,0
154505,1816,0.0,3.0,0.0,4,1,1,3,2,0,1,1
154587,2592,0.0,2.0,1.0,3,1,1,2,2,0,1,0
154860,1084,0.0,2.0,0.0,5,1,1,1,4,0,1,0
15504,3055,0.0,3.0,0.0,4,1,1,1,3,0,1,0
15518,1978,0.0,3.0,0.0,3,2,1,1,2,0,1,0
155729,4173,0.0,3.0,1.0,19,11,4,4,17,0,2,0
155985,2537,0.0,7.0,0.0,7,4,4,1,5,0,2,0
156376,3205,0.0,6.0,0.0,23,10,2,2,14,0,1,8
15683,731,0.0,4.0,1.0,9,1,1,2,7,0,1,1
156990,4280,0.0,0.0,0.0,5,1,1,1,4,0,1,0
157411,2237,0.0,0.0,0.0,13,2,1,2,12,0,1,0
157670,2664,0.0,3.0,0.0,6,5,1,1,5,0,1,0
15779,4864,0.0,5.0,1.0,14,5,2,1,12,0,2,0
158049,297,0.0,2.0,1.0,10,1,1,4,9,0,1,0
158080,962,0.0,0.0,0.0,1,1,1,1,0,0,1,0
158219,1923,0.0,3.0,0.0,1,1,1,1,0,0,1,0
158243,2511,0.0,6.0,0.0,12,5,3,3,10,0,2,0
158369,2537,0.0,3.0,1.0,3,1,1,1,2,0,1,0
158678,4950,0.0,4.0,1.0,20,9,6,2,11,0,2,7
159401,416,0.0,6.0,0.0,7,4,2,1,6,0,1,0
159561,3472,0.0,4.0,1.0,4,1,1,1,3,0,1,0
159587,1678,0.0,3.0,0.0,1,1,1,1,0,0,1,0
159677,2821,0.0,0.0,1.0,12,3,2,2,9,2,1,0
159889,1443,0.0,3.0,1.0,43,13,8,3,40,0,3,0
16040,3350,0.0,3.0,1.0,3,1,1,1,2,0,1,0
161086,898,1.0,5.0,0.0,5,2,1,2,4,0,1,0
161253,2721,0.0,6.0,0.0,9,2,1,5,8,0,1,0
161368,742,0.0,5.0,0.0,5,1,1,1,3,0,2,0
161590,2511,0.0,0.0,0.0,3,1,1,1,1,0,1,1
162,798,0.0,6.0,0.0,1,1,1,1,0,0,1,0
162171,3955,0.0,6.0,1.0,15,1,1,3,11,0,2,2
162514,4494,0.0,2.0,1.0,3,1,1,1,2,0,1,0
162749,4976,0.0,3.0,0.0,20,17,5,3,19,0,1,0
164072,4605,0.0,2.0,0.0,4,2,2,1,3,0,1,0
164364,4044,0.0,3.0,0.0,18,7,1,4,17,0,1,0
164431,416,0.0,5.0,0.0,4,1,1,1,2,0,2,0
164586,3472,0.0,5.0,0.0,3,2,1,1,1,0,2,0
164749,4170,0.0,4.0,0.0,1,1,1,1,0,0,1,0
164817,1871,0.0,4.0,1.0,12,3,2,3,9,0,2,1
165178,2856,0.0,4.0,0.0,3,1,1,1,2,0,1,0
16520,3898,0.0,4.0,1.0,2,1,1,2,1,0,1,0
165430,525,0.0,4.0,0.0,6,4,1,1,3,0,3,0
165795,1851,0.0,2.0,0.0,3,2,1,1,1,0,1,1
165820,598,0.0,2.0,1.0,4,2,1,2,3,0,1,0
166317,159,0.0,0.0,0.0,3,1,1,1,2,0,1,0
166372,3501,0.0,2.0,0.0,15,8,5,1,13,0,2,0
16643,3956,0.0,6.0,0.0,6,3,3,2,5,0,1,0
166666,2435,0.0,2.0,1.0,1,1,1,1,0,0,1,0
167646,418,0.0,3.0,0.0,23,2,1,5,20,0,1,2
1677,4579,0.0,2.0,1.0,14,2,1,2,12,0,2,0
167779,4281,0.0,3.0,1.0,2,1,1,2,1,0,1,0
167892,4760,0.0,5.0,1.0,1,1,1,1,0,0,1,0
168110,3305,0.0,2.0,0.0,1,1,1,1,0,0,1,0
168266,2403,1.0,4.0,0.0,11,7,2,3,10,0,1,0
16831,4173,0.0,4.0,0.0,8,1,1,2,7,0,1,0
168709,4044,0.0,3.0,0.0,83,40,8,3,81,0,2,0
169068,4044,0.0,0.0,0.0,6,1,1,1,5,0,1,0
169095,361,0.0,4.0,2.0,9,6,2,1,7,0,1,1
169160,689,0.0,3.0,1.0,4,3,1,1,3,0,1,0
169236,141,0.0,4.0,0.0,21,6,4,5,19,0,1,1
169252,366,0.0,0.0,1.0,6,1,1,2,5,0,1,0
169646,4173,0.0,5.0,1.0,26,8,5,2,21,3,2,0
16967,3148,0.0,7.0,0.0,5,1,1,1,4,0,1,0
169865,685,0.0,0.0,0.0,10,6,1,2,9,0,1,0
169974,4324,0.0,2.0,0.0,35,20,2,1,27,0,8,0
169975,396,0.0,3.0,1.0,1,1,1,1,0,0,1,0
16999,2954,0.0,4.0,1.0,2,2,2,2,1,0,1,0
170221,962,0.0,6.0,0.0,16,5,3,2,8,0,3,5
170337,4735,0.0,6.0,1.0,9,5,3,1,7,0,2,0
170517,1673,0.0,2.0,0.0,5,1,1,1,4,0,1,0
171639,2669,0.0,3.0,0.0,21,15,5,2,20,0,1,0
171816,1399,0.0,6.0,1.0,3,1,1,2,2,0,1,0
17201,1487,0.0,3.0,1.0,16,4,1,3,14,0,1,1
172625,2592,0.0,3.0,1.0,2,1,1,1,1,0,1,0
172651,4039,0.0,4.0,0.0,11,3,3,1,8,0,3,0
172847,4756,0.0,0.0,1.0,18,3,2,1,16,0,2,0
173099,3091,0.0,4.0,1.0,9,1,1,3,8,0,1,0
173512,1704,0.0,6.0,0.0,8,6,1,1,7,0,1,0
174709,1203,0.0,null,null,7,2,2,1,6,0,1,0
175385,4079,1.0,4.0,1.0,4,1,1,2,3,0,1,0
175719,3826,0.0,4.0,2.0,1,1,1,1,0,0,1,0
175801,1000,0.0,0.0,1.0,7,1,1,1,6,0,1,0
176210,742,0.0,4.0,0.0,1,1,1,1,0,0,1,0
176414,3016,0.0,4.0,0.0,2,2,1,1,1,0,1,0
176809,4976,0.0,2.0,0.0,9,3,3,3,8,0,1,0
176847,102,0.0,3.0,0.0,43,4,2,5,41,0,1,1
17689,4585,0.0,3.0,1.0,9,5,1,3,8,0,1,0
177073,968,0.0,0.0,0.0,3,1,1,1,2,0,1,0
177161,1968,0.0,null,null,10,2,2,1,8,0,2,0
177472,1500,0.0,0.0,0.0,3,2,1,1,2,0,1,0
177723,2919,0.0,5.0,0.0,4,1,1,1,2,0,1,1
177801,590,0.0,4.0,1.0,2,1,1,1,1,0,1,0
178075,1679,1.0,0.0,0.0,17,8,2,1,16,0,1,0
178178,547,0.0,2.0,0.0,9,3,1,2,8,0,1,0
179296,1203,0.0,6.0,1.0,3,2,1,1,2,0,1,0
179407,2730,0.0,4.0,1.0,3,1,1,1,2,0,1,0
179791,4170,0.0,5.0,0.0,18,4,1,2,16,0,2,0
180239,474,0.0,0.0,0.0,10,4,4,1,7,0,3,0
180702,2928,0.0,4.0,0.0,4,2,1,1,3,0,1,0
181054,121,0.0,6.0,0.0,17,8,5,6,16,0,1,0
181323,608,0.0,5.0,0.0,2,1,1,2,1,0,1,0
181410,1963,0.0,3.0,1.0,7,2,1,2,6,0,1,0
181488,3350,0.0,0.0,0.0,3,1,1,1,2,0,1,0
181811,1131,0.0,2.0,0.0,2,2,2,1,0,0,2,0
181861,4280,0.0,3.0,0.0,1,1,1,1,0,0,1,0
181999,3623,0.0,0.0,0.0,5,1,1,1,4,0,1,0
182386,4687,0.0,6.0,1.0,3,1,1,1,2,0,1,0
182640,4044,0.0,4.0,0.0,95,33,8,9,69,0,2,24
183303,63,0.0,0.0,0.0,18,6,5,2,14,0,1,3
183315,1275,0.0,0.0,0.0,1,1,1,1,0,0,1,0
183597,1162,0.0,4.0,2.0,53,20,8,6,47,0,6,0
18371,1851,0.0,0.0,0.0,7,3,2,1,5,0,2,0
183760,191,0.0,4.0,0.0,22,11,8,3,20,0,1,1
18422,361,0.0,3.0,0.0,5,1,1,2,4,0,1,0
184510,2810,0.0,6.0,0.0,6,1,1,1,5,0,1,0
184887,4336,0.0,4.0,0.0,5,1,1,2,3,0,1,1
185368,3727,0.0,3.0,0.0,8,2,1,1,7,0,1,0
185424,4079,0.0,2.0,0.0,4,1,1,1,0,0,4,0
186361,416,0.0,0.0,0.0,4,1,1,1,3,0,1,0
186486,1150,0.0,4.0,0.0,5,1,1,1,4,0,1,0
1866,423,0.0,2.0,0.0,5,1,1,1,4,0,1,0
186683,1923,0.0,0.0,1.0,12,2,1,3,11,0,1,0
186722,4976,0.0,4.0,0.0,7,3,1,2,6,0,1,0
186859,4919,0.0,4.0,0.0,2,1,1,1,1,0,1,0
186957,503,0.0,3.0,0.0,8,6,2,1,6,0,2,0
187015,603,0.0,0.0,0.0,1,1,1,1,0,0,1,0
1874,437,0.0,4.0,0.0,23,8,3,7,22,0,1,0
187626,2102,0.0,0.0,1.0,23,7,1,1,17,0,1,5
188128,2436,0.0,3.0,0.0,20,6,4,2,17,0,3,0
188369,898,0.0,6.0,0.0,5,4,2,2,4,0,1,0
188500,1679,0.0,4.0,1.0,39,16,4,4,36,0,2,1
188556,3288,0.0,8.0,0.0,10,3,3,1,9,0,1,0
188699,2072,0.0,6.0,0.0,9,2,2,1,8,0,1,0
188982,4789,0.0,3.0,1.0,2,1,1,1,0,0,2,0
189115,598,1.0,2.0,1.0,177,64,8,17,163,0,1,13
189156,412,0.0,0.0,0.0,206,91,15,31,182,0,1,23
189312,2511,0.0,4.0,0.0,12,8,5,1,10,0,2,0
189328,1447,0.0,4.0,2.0,4,1,1,2,2,0,1,1
18958,3826,0.0,4.0,0.0,4,2,1,1,3,0,1,0
18985,152,0.0,6.0,0.0,6,2,1,1,4,0,2,0
190584,4282,0.0,3.0,1.0,8,4,3,1,7,0,1,0
190847,2565,0.0,5.0,0.0,13,1,1,5,11,0,1,1
190967,3063,0.0,2.0,1.0,11,4,2,3,9,0,1,1
19104,1557,0.0,0.0,0.0,6,3,2,1,5,0,1,0
191699,4468,0.0,2.0,1.0,10,3,2,2,8,0,2,0
192269,474,0.0,0.0,0.0,2,1,1,1,1,0,1,0
192386,1703,0.0,4.0,0.0,10,4,1,5,9,0,1,0
192528,3990,0.0,6.0,0.0,11,5,2,1,10,0,1,0
192536,2031,0.0,0.0,0.0,1,1,1,1,0,0,1,0
193488,598,0.0,2.0,1.0,25,4,2,4,22,0,1,2
194083,3460,0.0,0.0,0.0,2,1,1,1,1,0,1,0
194356,2447,0.0,4.0,1.0,3,1,1,1,2,0,1,0
194495,748,0.0,4.0,1.0,3,1,1,1,2,0,1,0
19500,4660,0.0,4.0,0.0,6,1,1,1,5,0,1,0
195018,1485,0.0,0.0,0.0,13,8,1,2,11,0,2,0
195382,4044,0.0,0.0,0.0,64,7,3,2,61,1,1,1
196236,4173,0.0,0.0,0.0,11,9,4,2,10,0,1,0
196340,4760,0.0,3.0,1.0,5,1,1,1,4,0,1,0
196741,1963,0.0,6.0,0.0,5,5,1,1,2,0,3,0
196970,1483,0.0,6.0,1.0,2,1,1,1,1,0,1,0
196979,586,0.0,3.0,0.0,6,4,1,1,4,0,2,0
197120,1892,0.0,0.0,0.0,6,5,4,4,2,0,3,1
197278,2972,0.0,2.0,1.0,7,2,2,1,6,0,1,0
197853,1911,0.0,3.0,0.0,10,7,1,2,9,0,1,0
197913,1487,1.0,3.0,2.0,15,4,1,3,14,0,1,0
197921,2537,0.0,3.0,0.0,2,1,1,2,1,0,1,0
198030,4048,0.0,3.0,0.0,7,1,1,2,6,0,1,0
198101,2505,0.0,3.0,0.0,2,1,1,1,1,0,1,0
198161,3912,0.0,4.0,1.0,4,1,1,1,3,0,1,0
198871,3578,0.0,7.0,0.0,2,1,1,1,1,0,1,0
199101,897,0.0,5.0,0.0,7,2,2,2,6,0,1,0
199428,1875,0.0,0.0,0.0,62,21,5,2,59,1,2,0
199536,3546,0.0,0.0,0.0,3,1,1,1,2,0,1,0
200412,2052,0.0,3.0,1.0,6,1,1,4,4,0,1,1
200696,4112,0.0,2.0,0.0,9,2,1,2,8,0,1,0
200945,423,0.0,2.0,0.0,2,1,1,1,0,0,1,1
201502,4150,0.0,3.0,0.0,3,1,1,1,2,0,1,0
201768,4420,0.0,5.0,0.0,1,1,1,1,0,0,1,0
201902,1892,0.0,4.0,0.0,1,1,1,1,0,0,1,0
202231,747,0.0,0.0,0.0,23,1,1,4,21,0,1,1
202883,4427,0.0,7.0,1.0,8,2,1,2,7,0,1,0
20321,4864,0.0,0.0,0.0,10,2,1,1,9,0,1,0
204105,2856,0.0,3.0,1.0,44,16,1,2,43,0,1,0
204378,4648,1.0,4.0,0.0,5,2,2,1,3,0,2,0
204558,4585,0.0,4.0,0.0,4,1,1,1,0,0,4,0
204608,625,0.0,4.0,0.0,5,1,1,1,4,0,1,0
204923,3205,0.0,7.0,0.0,6,4,1,1,5,0,1,0
205296,534,0.0,3.0,0.0,8,3,1,1,5,0,3,0
205564,1487,0.0,0.0,0.0,2,1,1,1,1,0,1,0
206117,4830,0.0,6.0,0.0,8,3,1,1,7,0,1,0
206568,643,0.0,5.0,1.0,16,8,2,1,14,0,2,0
206613,547,0.0,3.0,1.0,9,3,1,2,6,2,1,0
206939,2435,0.0,2.0,0.0,4,1,1,1,2,0,1,1
207371,3990,0.0,4.0,0.0,5,3,2,1,4,0,1,0
207562,4499,0.0,3.0,0.0,9,1,1,2,8,0,1,0
207697,3671,0.0,7.0,0.0,9,1,1,3,8,0,1,0
20773,2911,0.0,0.0,0.0,8,1,1,1,7,0,1,0
207909,2014,0.0,4.0,0.0,4,3,1,1,3,0,1,0
208186,1370,0.0,3.0,1.0,14,1,1,2,12,0,2,0
208299,2424,0.0,3.0,2.0,18,3,1,2,17,0,1,0
20855,98,0.0,2.0,0.0,13,3,3,2,9,0,2,2
208982,1661,0.0,4.0,0.0,8,3,1,1,5,0,1,2
210935,4659,0.0,6.0,1.0,14,8,2,1,12,0,2,0
210962,3068,0.0,3.0,0.0,1,1,1,1,0,0,1,0
210965,4919,0.0,3.0,1.0,7,1,1,1,6,0,1,0
211363,4793,1.0,0.0,1.0,1,1,1,1,0,0,1,0
211885,3822,0.0,3.0,1.0,1,1,1,1,0,0,1,0
211958,1318,0.0,4.0,1.0,49,13,6,3,43,0,3,3
212629,3635,0.0,6.0,1.0,2,1,1,1,1,0,1,0
213018,63,0.0,4.0,0.0,4,1,1,1,3,0,1,0
213927,4731,0.0,3.0,0.0,7,4,1,1,6,0,1,0
213946,552,0.0,0.0,0.0,18,2,1,3,16,0,1,1
214194,2565,0.0,6.0,0.0,1,1,1,1,0,0,1,0
214445,1423,0.0,0.0,0.0,16,5,1,4,12,0,1,3
214745,4079,0.0,2.0,0.0,4,3,1,1,0,0,4,0
214790,4131,0.0,2.0,0.0,3,1,1,1,2,0,1,0
215070,3915,0.0,5.0,0.0,5,1,1,1,3,0,2,0
215310,4322,0.0,4.0,0.0,13,4,2,2,8,0,3,2
215333,4361,0.0,6.0,0.0,16,2,1,5,14,0,1,1
215867,1067,0.0,6.0,1.0,1,1,1,1,0,0,1,0
216313,1346,0.0,4.0,1.0,9,3,1,2,8,0,1,0
216396,2459,0.0,3.0,0.0,10,5,3,3,6,0,2,2
216799,2236,0.0,4.0,0.0,11,5,4,2,9,0,1,1
217066,1102,0.0,4.0,0.0,8,5,1,1,7,0,1,0
217424,4173,0.0,5.0,0.0,79,29,7,8,77,0,2,0
217445,2128,0.0,3.0,0.0,2,1,1,1,1,0,1,0
217698,1892,1.0,4.0,1.0,50,23,5,2,48,0,2,0
218367,3538,0.0,2.0,1.0,3,1,1,1,2,0,1,0
218428,2791,0.0,0.0,1.0,8,2,1,2,7,0,1,0
218676,1679,0.0,4.0,0.0,13,4,3,2,11,0,2,0
218724,132,0.0,4.0,0.0,11,3,1,2,10,0,1,0
219410,1556,0.0,0.0,2.0,2,1,1,1,1,0,1,0
219467,3954,1.0,3.0,1.0,1,1,1,1,0,0,1,0
219705,522,0.0,7.0,1.0,3,2,1,2,2,0,1,0
2200,219,0.0,5.0,0.0,19,7,1,2,16,0,2,1
220241,1494,1.0,0.0,0.0,4,2,1,1,3,0,1,0
220409,4282,0.0,3.0,1.0,3,2,1,1,2,0,1,0
221053,3463,0.0,6.0,0.0,46,27,6,5,45,0,1,0
221122,4578,0.0,0.0,1.0,8,2,2,3,6,0,1,1
221600,1760,1.0,6.0,0.0,2,2,1,2,1,0,1,0
222142,962,0.0,2.0,0.0,24,5,3,3,19,0,3,2
222153,3828,0.0,6.0,0.0,6,1,1,2,4,1,1,0
222629,402,0.0,3.0,1.0,3,2,1,1,2,0,1,0
222813,608,0.0,4.0,0.0,21,10,5,1,18,0,3,0
223109,1760,0.0,3.0,0.0,13,7,3,1,9,0,4,0
223421,742,0.0,0.0,1.0,11,1,1,2,9,0,1,1
223542,1987,0.0,6.0,0.0,3,1,1,1,2,0,1,0
224059,1520,0.0,4.0,1.0,4,2,2,1,3,0,1,0
224313,3329,0.0,3.0,0.0,2,1,1,1,1,0,1,0
225180,1506,0.0,4.0,0.0,6,4,1,1,5,0,1,0
225999,4044,0.0,5.0,0.0,52,25,4,3,43,0,1,8
226609,416,0.0,3.0,0.0,2,1,1,2,1,0,1,0
226626,3710,0.0,3.0,0.0,4,1,1,1,3,0,1,0
226775,2052,0.0,0.0,0.0,12,3,1,5,9,2,1,0
226935,1831,0.0,4.0,0.0,5,2,1,1,4,0,1,0
22734,4427,0.0,0.0,0.0,2,1,1,1,1,0,1,0
227543,598,0.0,2.0,1.0,5,1,1,1,4,0,1,0
227574,2031,0.0,5.0,0.0,2,2,1,2,1,0,1,0
228748,1102,0.0,6.0,0.0,7,4,2,3,5,0,2,0
229074,2872,1.0,0.0,1.0,8,3,3,3,6,0,2,0
229146,3541,0.0,4.0,2.0,7,2,1,3,5,0,1,1
229205,786,0.0,0.0,0.0,1,1,1,1,0,0,1,0
229376,2082,1.0,4.0,0.0,3,1,1,1,2,0,1,0
229948,3181,0.0,4.0,0.0,10,2,1,1,8,0,2,0
230196,1755,0.0,3.0,0.0,7,6,2,1,6,0,1,0
231445,2721,0.0,3.0,0.0,8,2,1,4,7,0,1,0
231462,1090,0.0,3.0,1.0,3,1,1,1,2,0,1,0
232093,1752,1.0,3.0,0.0,5,3,1,1,4,0,1,0
232200,4926,1.0,4.0,0.0,25,14,9,6,23,0,2,0
232643,1659,0.0,3.0,0.0,2,1,1,1,1,0,1,0
233081,2915,0.0,3.0,1.0,38,15,2,1,36,0,2,0
23336,219,0.0,3.0,0.0,27,12,1,2,24,0,2,1
233383,1704,0.0,0.0,0.0,4,2,2,2,2,0,1,1
23369,4349,0.0,3.0,1.0,4,1,1,1,2,0,2,0
233735,1749,0.0,4.0,0.0,5,2,1,4,3,0,1,1
234319,3734,0.0,4.0,1.0,84,27,7,3,75,0,1,8
234409,861,0.0,0.0,0.0,4,1,1,1,3,0,1,0
234897,4650,0.0,0.0,0.0,2,1,1,1,1,0,1,0
235570,2051,0.0,2.0,1.0,5,2,1,2,4,0,1,0
236594,4658,0.0,3.0,1.0,4,1,1,1,3,0,1,0
236623,2102,0.0,0.0,0.0,6,1,1,2,5,0,1,0
237053,3095,0.0,4.0,0.0,3,1,1,1,2,0,1,0
237169,2450,0.0,2.0,0.0,2,1,1,1,0,0,2,0
237204,2821,0.0,4.0,2.0,8,2,1,2,6,0,1,1
237376,58,0.0,4.0,1.0,4,1,1,1,3,0,1,0
237587,598,0.0,3.0,0.0,2,1,1,1,1,0,1,0
237779,3826,0.0,3.0,null,6,2,2,1,5,0,1,0
237856,3476,0.0,3.0,0.0,1,1,1,1,0,0,1,0
238057,2289,0.0,3.0,0.0,16,4,3,3,14,0,1,1
23822,4374,0.0,0.0,1.0,40,20,6,4,39,0,1,0
238635,2255,0.0,6.0,1.0,4,2,1,1,3,0,1,0
238730,4791,0.0,6.0,0.0,3,1,1,1,2,0,1,0
239680,4083,0.0,0.0,1.0,6,2,1,1,5,0,1,0
23980,1724,0.0,5.0,0.0,9,5,2,1,8,0,1,0
240246,1704,0.0,6.0,0.0,17,11,2,3,16,0,1,0
240301,1833,0.0,4.0,0.0,6,4,3,2,5,0,1,0
240305,2273,1.0,3.0,0.0,6,2,1,2,5,0,1,0
240338,4727,0.0,3.0,0.0,2,1,1,1,1,0,1,0
240364,2545,0.0,2.0,1.0,9,4,1,1,8,0,1,0
241168,4585,0.0,0.0,0.0,1,1,1,1,0,0,1,0
241666,301,1.0,4.0,0.0,12,1,1,1,10,0,2,0
24173,3420,0.0,0.0,0.0,8,2,2,1,6,0,2,0
24239,2900,0.0,2.0,0.0,10,2,2,1,8,0,2,0
242542,3578,0.0,6.0,1.0,20,13,2,1,19,0,1,0
242876,1018,0.0,0.0,0.0,3,1,1,1,2,0,1,0
243433,2361,0.0,4.0,0.0,3,2,1,1,2,0,1,0
243624,598,0.0,4.0,0.0,21,13,3,4,19,0,2,0
243684,3013,1.0,2.0,0.0,26,4,1,4,25,0,1,0
244306,4818,0.0,3.0,1.0,10,2,1,1,8,0,1,1
244358,4394,0.0,3.0,1.0,9,1,1,1,7,0,2,0
244511,1399,0.0,0.0,0.0,4,1,1,1,3,0,1,0
24452,2670,0.0,3.0,0.0,3,1,1,1,2,0,1,0
244658,3558,0.0,0.0,0.0,6,3,1,1,5,0,1,0
244924,4727,0.0,3.0,1.0,9,1,1,4,7,0,1,1
245177,2900,0.0,0.0,0.0,4,2,1,2,3,0,1,0
245630,1555,0.0,3.0,0.0,3,1,1,1,2,0,1,0
245691,2424,0.0,4.0,0.0,14,2,1,5,12,1,1,0
246172,1840,0.0,4.0,0.0,3,1,1,2,2,0,1,0
246179,2273,0.0,3.0,1.0,3,1,1,1,1,0,2,0
246300,2242,0.0,4.0,0.0,12,7,5,2,8,0,1,3
246793,490,0.0,6.0,0.0,8,2,2,1,7,0,1,0
246935,2821,0.0,0.0,1.0,3,1,1,1,2,0,1,0
246952,4605,0.0,5.0,0.0,7,4,4,1,6,0,1,0
247457,121,1.0,4.0,0.0,34,15,5,2,31,0,3,0
247780,361,0.0,0.0,0.0,14,6,1,1,13,0,1,0
247868,508,0.0,3.0,1.0,3,1,1,1,2,0,1,0
248094,4966,0.0,0.0,0.0,1,1,1,1,0,0,1,0
248352,3249,0.0,3.0,0.0,8,3,1,2,6,1,1,0
24905,4775,0.0,5.0,0.0,10,6,2,4,9,0,1,0
249166,3968,0.0,0.0,0.0,9,2,2,3,7,0,1,1
249377,2693,0.0,0.0,0.0,11,3,2,3,9,0,1,1
249394,2,0.0,3.0,1.0,9,4,1,1,8,0,1,0
249941,120,0.0,6.0,0.0,2,1,1,1,1,0,1,0
249968,3085,0.0,3.0,0.0,34,20,5,1,31,0,3,0
25028,3826,0.0,2.0,0.0,2,1,1,1,0,0,1,1
250556,361,0.0,5.0,0.0,3,1,1,1,2,0,1,0
250975,1565,0.0,6.0,0.0,4,3,1,2,3,0,1,0
251310,4775,0.0,null,null,4,1,1,2,2,0,1,1
251513,4044,0.0,0.0,0.0,2,1,1,1,1,0,1,0
251553,1884,0.0,3.0,1.0,6,2,1,1,5,0,1,0
251631,1352,0.0,3.0,0.0,5,3,1,1,4,0,1,0
251933,4775,0.0,6.0,0.0,8,2,1,1,6,0,2,0
251981,3152,0.0,3.0,0.0,4,2,1,2,3,0,1,0
252863,1210,0.0,4.0,1.0,4,1,1,1,3,0,1,0
252896,586,1.0,4.0,2.0,2,2,1,2,1,0,1,0
25371,1305,0.0,4.0,0.0,2,1,1,1,1,0,1,0
254239,2565,0.0,6.0,0.0,6,1,1,5,4,0,1,1
25452,4993,1.0,4.0,0.0,11,5,1,3,9,0,2,0
255402,1049,0.0,0.0,1.0,6,1,1,2,5,0,1,0
255627,1500,0.0,3.0,1.0,12,1,1,2,10,0,1,1
255825,4585,0.0,2.0,1.0,6,2,1,1,5,0,1,0
255946,1621,0.0,0.0,0.0,7,1,1,2,5,0,2,0
256236,4198,0.0,0.0,0.0,5,3,1,1,3,0,2,0
256261,606,0.0,3.0,0.0,8,2,1,1,6,0,1,1
256713,1031,0.0,5.0,1.0,17,3,1,1,16,0,1,0
257339,2630,0.0,5.0,0.0,27,9,3,2,24,0,1,2
257437,1884,0.0,6.0,1.0,3,1,1,1,2,0,1,0
257577,3350,0.0,5.0,2.0,2,1,1,1,1,0,1,0
258195,2482,0.0,0.0,0.0,4,3,1,3,3,0,1,0
25856,2545,0.0,3.0,1.0,42,21,5,5,41,0,1,0
258693,2699,0.0,6.0,0.0,3,2,1,2,0,0,2,1
258874,951,0.0,6.0,1.0,2,1,1,1,1,0,1,0
259676,3159,0.0,2.0,0.0,3,2,2,1,2,0,1,0
259757,3623,0.0,2.0,0.0,4,2,1,1,3,0,1,0
260000,642,0.0,7.0,0.0,8,2,1,2,6,1,1,0
260337,3873,0.0,null,null,12,2,1,2,11,0,1,0
260949,685,0.0,5.0,1.0,13,3,1,2,12,0,1,0
260958,3444,0.0,3.0,1.0,10,2,1,2,8,0,1,1
261261,1102,0.0,4.0,0.0,19,7,2,3,17,0,2,0
261547,598,0.0,4.0,1.0,16,10,2,2,12,0,1,3
26171,794,0.0,5.0,0.0,11,4,1,1,10,0,1,0
262965,3484,0.0,4.0,0.0,2,1,1,1,1,0,1,0
262984,4877,0.0,4.0,1.0,8,3,2,1,7,0,1,0
263051,1102,0.0,4.0,0.0,4,3,3,2,3,0,1,0
26345,3971,0.0,3.0,null,3,1,1,1,2,0,1,0
263507,4044,0.0,0.0,1.0,2,1,1,1,1,0,1,0
26366,2482,0.0,2.0,0.0,10,3,2,2,9,0,1,0
263700,2991,0.0,3.0,1.0,2,1,1,1,1,0,1,0
263943,1833,0.0,6.0,0.0,5,3,2,1,4,0,1,0
264033,1248,0.0,0.0,1.0,13,3,2,4,11,1,1,0
264051,3734,0.0,3.0,1.0,4,2,1,3,2,0,1,1
264487,1415,0.0,0.0,0.0,3,1,1,1,2,0,1,0
264520,1340,0.0,5.0,0.0,1,1,1,1,0,0,1,0
264718,4793,0.0,0.0,0.0,3,1,1,1,2,0,1,0
265289,3828,0.0,6.0,0.0,15,10,7,1,14,0,1,0
265398,1487,0.0,3.0,0.0,23,4,2,3,20,0,1,2
265738,1581,1.0,5.0,0.0,70,13,1,2,66,0,4,0
26619,523,0.0,3.0,0.0,15,10,1,1,14,0,1,0
266740,730,0.0,6.0,0.0,1,1,1,1,0,0,1,0
266769,4955,0.0,0.0,0.0,2,1,1,2,0,1,1,0
267004,1755,0.0,3.0,1.0,1,1,1,1,0,0,1,0
268264,1056,0.0,3.0,1.0,3,2,2,2,2,0,1,0
268464,2128,0.0,2.0,0.0,3,1,1,1,2,0,1,0
268759,4842,0.0,0.0,0.0,4,2,1,1,3,0,1,0
268777,2118,0.0,2.0,1.0,11,1,1,3,7,0,2,2
269057,2746,0.0,2.0,0.0,9,2,1,2,7,0,1,1
269838,682,0.0,6.0,0.0,12,4,2,2,11,0,1,0
269873,897,0.0,5.0,0.0,11,4,3,1,8,0,3,0
270306,3828,0.0,4.0,0.0,6,2,2,1,5,0,1,0
270808,4992,0.0,4.0,0.0,2,1,1,1,1,0,1,0
272436,4368,0.0,6.0,0.0,5,1,1,2,4,0,1,0
272697,2248,0.0,0.0,1.0,8,1,1,3,6,0,1,1
272966,2014,0.0,0.0,0.0,17,9,2,5,14,0,1,2
27305,3614,0.0,4.0,0.0,27,6,4,7,25,0,2,0
273323,4044,0.0,0.0,0.0,31,12,3,5,28,0,1,2
27395,4282,0.0,4.0,0.0,23,13,1,1,21,0,2,0
274019,798,0.0,2.0,0.0,35,16,10,1,31,0,4,0
274244,1346,0.0,3.0,2.0,7,1,1,1,6,0,1,0
274870,1892,0.0,4.0,0.0,8,6,3,4,6,0,2,0
274931,3444,0.0,4.0,0.0,1,1,1,1,0,0,1,0
275037,141,1.0,3.0,0.0,11,7,5,2,10,0,1,0
275353,4287,0.0,4.0,0.0,24,7,3,2,22,0,2,0
27537,4256,0.0,5.0,0.0,1,1,1,1,0,0,1,0
275852,4039,0.0,2.0,0.0,3,1,1,1,2,0,1,0
276236,2882,0.0,0.0,1.0,4,3,1,2,3,0,1,0
276285,1031,0.0,4.0,1.0,6,1,1,1,5,0,1,0
276358,1526,0.0,3.0,0.0,1,1,1,1,0,0,1,0
276587,3853,0.0,6.0,1.0,21,12,3,3,20,0,1,0
277542,3105,0.0,6.0,2.0,13,6,2,3,11,0,2,0
277774,293,0.0,4.0,0.0,1,1,1,1,0,0,1,0
277838,3173,0.0,4.0,0.0,9,4,1,2,5,0,3,1
278143,4173,0.0,0.0,0.0,120,59,13,12,114,0,1,5
278159,1742,0.0,5.0,2.0,50,20,1,6,45,0,1,4
279158,151,0.0,3.0,0.0,1,1,1,1,0,0,1,0
279347,1203,0.0,4.0,0.0,4,1,1,2,3,0,1,0
280063,3898,0.0,5.0,0.0,1,1,1,1,0,0,1,0
280787,685,0.0,5.0,0.0,6,4,1,2,5,0,1,0
280919,3329,0.0,0.0,0.0,2,1,1,1,1,0,1,0
281089,3828,0.0,0.0,0.0,7,5,4,5,5,0,1,1
281153,2592,0.0,0.0,1.0,5,1,1,1,4,0,1,0
281188,3227,0.0,0.0,2.0,15,1,1,1,13,0,2,0
281290,1840,0.0,0.0,0.0,3,1,1,1,2,0,1,0
281293,4044,0.0,0.0,0.0,9,4,1,2,6,0,1,2
281809,3402,0.0,3.0,1.0,17,5,1,3,15,0,2,0
281839,523,0.0,0.0,1.0,3,1,1,1,2,0,1,0
282142,685,0.0,0.0,1.0,5,1,1,1,4,0,1,0
28220,1910,0.0,4.0,0.0,4,2,2,1,3,0,1,0
282511,1200,1.0,2.0,1.0,4,1,1,1,3,0,1,0
282591,424,0.0,2.0,0.0,3,2,2,1,1,0,2,0
282721,2278,0.0,3.0,0.0,3,1,1,2,1,0,1,1
28331,3502,0.0,4.0,0.0,5,2,2,1,4,0,1,0
283501,4724,0.0,2.0,0.0,1,1,1,1,0,0,1,0
283515,4198,0.0,7.0,0.0,2,1,1,1,1,0,1,0
283786,2242,0.0,4.0,2.0,1,1,1,1,0,0,1,0
284093,2565,0.0,2.0,1.0,5,1,1,3,3,0,1,1
284903,4891,0.0,5.0,1.0,23,8,2,1,22,0,1,0
285017,246,0.0,0.0,1.0,6,2,1,1,5,0,1,0
28538,3828,0.0,5.0,0.0,23,11,6,3,22,0,1,0
285549,4504,0.0,3.0,1.0,37,12,2,1,32,0,1,4
286275,3613,0.0,3.0,1.0,4,1,1,3,3,0,1,0
28631,10,0.0,5.0,0.0,1,1,1,1,0,0,1,0
286427,4976,0.0,0.0,0.0,58,24,4,1,54,0,1,3
286491,2669,0.0,3.0,0.0,7,3,2,2,5,0,1,1
286933,2465,0.0,3.0,1.0,15,6,1,2,14,0,1,0
287061,1425,0.0,3.0,0.0,5,1,1,2,4,0,1,0
287246,1703,0.0,0.0,0.0,8,4,2,1,7,0,1,0
287681,141,0.0,0.0,0.0,5,1,1,2,4,0,1,0
287739,1340,0.0,5.0,0.0,12,2,1,1,11,0,1,0
288158,2795,0.0,4.0,0.0,3,1,1,1,2,0,1,0
288780,588,0.0,4.0,1.0,3,1,1,1,2,0,1,0
289184,806,0.0,4.0,0.0,2,1,1,1,1,0,1,0
289341,1272,0.0,3.0,0.0,84,32,6,8,81,0,2,1
289434,2318,0.0,0.0,0.0,11,3,1,3,7,0,1,3
289756,4648,0.0,2.0,0.0,6,1,1,2,4,0,1,1
289814,2217,1.0,0.0,0.0,19,3,2,3,16,0,2,1
289821,3955,0.0,0.0,1.0,18,1,1,2,15,0,2,1
289983,3288,0.0,2.0,0.0,1,1,1,1,0,0,1,0
290146,4818,0.0,3.0,1.0,29,12,4,2,25,0,3,1
290321,2193,0.0,0.0,0.0,37,11,3,2,34,0,3,0
291278,3839,0.0,3.0,0.0,9,1,1,1,8,0,1,0
291429,1564,0.0,null,null,3,1,1,1,2,0,1,0
291936,133,0.0,3.0,0.0,3,1,1,2,2,0,1,0
29194,1679,0.0,4.0,1.0,16,6,3,3,14,0,2,0
292017,4617,0.0,4.0,0.0,19,2,1,7,17,0,1,1
292396,3990,0.0,0.0,0.0,4,1,1,1,3,0,1,0
292426,2313,0.0,4.0,1.0,8,4,2,2,5,0,2,1
29260,1999,1.0,5.0,0.0,5,1,1,1,4,0,1,0
292790,3444,0.0,3.0,1.0,10,1,1,2,9,0,1,0
293105,2895,0.0,3.0,0.0,32,9,7,2,28,0,4,0
293353,1892,0.0,3.0,0.0,6,4,3,1,5,0,1,0
293380,1916,0.0,6.0,0.0,2,1,1,1,1,0,1,0
293464,606,0.0,3.0,0.0,4,2,1,1,3,0,1,0
293594,786,0.0,3.0,0.0,5,3,2,1,4,0,1,0
29392,1102,0.0,0.0,0.0,7,6,3,2,6,0,1,0
295359,3971,0.0,3.0,0.0,2,1,1,1,1,0,1,0
295450,2744,0.0,6.0,0.0,1,1,1,1,0,0,1,0
295817,2641,0.0,3.0,0.0,2,1,1,1,1,0,1,0
297112,2582,0.0,2.0,0.0,33,9,2,4,28,0,1,4
297207,2108,0.0,4.0,2.0,7,2,2,3,6,0,1,0
297323,911,1.0,3.0,0.0,3,1,1,1,2,0,1,0
298134,1487,0.0,0.0,null,23,8,1,3,19,2,2,0
299119,3263,0.0,4.0,0.0,55,20,7,2,47,0,6,2
300070,1943,0.0,0.0,1.0,9,2,2,1,8,0,1,0
300300,1346,0.0,0.0,0.0,17,4,1,2,16,0,1,0
300324,798,0.0,3.0,0.0,9,5,4,3,7,0,1,1
300784,1495,0.0,4.0,0.0,21,8,2,4,20,0,1,0
300840,4926,0.0,4.0,0.0,5,4,4,2,0,0,4,1
301233,1840,0.0,0.0,0.0,2,1,1,1,1,0,1,0
301826,1495,0.0,3.0,0.0,1,1,1,1,0,0,1,0
302283,4558,0.0,6.0,0.0,9,2,1,2,8,0,1,0
302294,263,0.0,2.0,0.0,1,1,1,1,0,0,1,0
302611,625,0.0,7.0,0.0,116,21,1,9,100,0,2,14
303302,4336,0.0,3.0,1.0,7,1,1,4,6,0,1,0
303875,4976,0.0,3.0,0.0,3,1,1,1,1,0,1,1
303958,121,0.0,5.0,0.0,12,8,4,5,10,0,1,1
304575,1200,0.0,3.0,1.0,3,1,1,1,2,0,1,0
305063,3693,0.0,3.0,0.0,3,1,1,1,2,0,1,0
305065,4687,0.0,0.0,0.0,3,1,1,1,2,0,1,0
305453,2834,0.0,0.0,0.0,411,200,18,11,334,0,3,74
305459,1346,0.0,3.0,0.0,2,1,1,1,1,0,1,0
305527,4768,0.0,4.0,0.0,8,3,1,3,7,0,1,0
305559,897,0.0,4.0,0.0,13,3,3,4,10,0,2,1
305914,3912,0.0,4.0,1.0,2,1,1,1,1,0,1,0
306706,2954,0.0,0.0,0.0,6,4,4,1,4,0,2,0
306903,2836,0.0,0.0,0.0,1,1,1,1,0,0,1,0
307130,2173,0.0,4.0,1.0,2,1,1,1,1,0,1,0
307672,472,0.0,2.0,0.0,2,1,1,2,0,0,1,1
307734,2234,0.0,2.0,0.0,2,1,1,1,1,0,1,0
308047,1272,0.0,5.0,0.0,55,22,8,7,46,0,5,4
308643,4427,0.0,0.0,0.0,5,2,1,3,4,0,1,0
308995,2482,0.0,5.0,0.0,13,7,6,1,10,0,3,0
309060,1557,0.0,3.0,0.0,14,6,1,3,12,0,1,1
309692,412,1.0,3.0,0.0,12,5,4,3,11,0,1,0
31002,1653,0.0,4.0,0.0,8,2,2,2,5,0,2,1
310182,4976,0.0,0.0,0.0,8,3,2,1,7,0,1,0
31041,2730,1.0,4.0,1.0,33,4,1,6,28,0,1,4
31072,4049,0.0,4.0,1.0,2,1,1,1,1,0,1,0
31134,4044,0.0,4.0,0.0,5,4,4,1,4,0,1,0
311349,3484,0.0,3.0,0.0,21,5,1,3,16,1,1,3
311471,1506,0.0,3.0,0.0,6,2,1,1,4,0,1,1
311500,2730,0.0,5.0,1.0,4,1,1,1,3,0,1,0
311573,1922,0.0,4.0,1.0,10,2,1,1,9,0,1,0
312061,4044,0.0,3.0,0.0,22,7,5,2,19,0,3,0
312749,3734,0.0,7.0,1.0,30,13,5,1,29,0,1,0
312922,361,0.0,0.0,1.0,2,1,1,1,1,0,1,0
31318,1411,0.0,5.0,0.0,1,1,1,1,0,0,1,0
313187,148,0.0,3.0,2.0,7,1,1,5,5,0,1,1
313342,3230,0.0,7.0,0.0,6,2,1,2,4,0,2,0
313474,1340,0.0,4.0,1.0,3,1,1,1,2,0,1,0
313835,3898,0.0,4.0,1.0,9,3,1,1,8,0,1,0
313903,4658,0.0,2.0,0.0,1,1,1,1,0,0,1,0
314116,1752,0.0,2.0,1.0,2,1,1,1,1,0,1,0
314193,500,0.0,3.0,1.0,4,1,1,1,3,0,1,0
314584,3828,1.0,0.0,1.0,4,2,2,2,2,0,2,0
314621,2397,0.0,4.0,0.0,1,1,1,1,0,0,1,0
314743,946,1.0,5.0,0.0,5,3,2,2,4,0,1,0
314921,10,0.0,0.0,1.0,4,1,1,1,3,0,1,0
315059,1062,0.0,5.0,0.0,4,1,1,1,3,0,1,0
31511,3602,0.0,3.0,0.0,6,2,1,2,3,0,1,2
316922,4282,0.0,0.0,1.0,18,6,4,4,16,1,1,0
317619,4026,0.0,0.0,0.0,4,2,1,1,3,0,1,0
31765,2177,0.0,2.0,0.0,6,2,2,1,5,0,1,0
318070,4966,0.0,0.0,0.0,3,1,1,1,2,0,1,0
318248,2928,0.0,5.0,0.0,48,16,5,2,45,0,3,0
318263,2217,0.0,3.0,0.0,13,5,3,4,9,0,1,3
318337,4129,0.0,3.0,0.0,6,5,1,1,5,0,1,0
318569,1203,0.0,0.0,0.0,3,1,1,1,2,0,1,0
318675,2594,0.0,5.0,1.0,52,28,7,11,46,0,1,5
319125,2592,0.0,4.0,1.0,4,1,1,2,3,0,1,0
319324,4871,0.0,5.0,1.0,1,1,1,1,0,0,1,0
319486,4992,0.0,3.0,0.0,3,1,1,1,2,0,1,0
319495,718,0.0,6.0,0.0,7,4,3,1,6,0,1,0
319629,4585,0.0,6.0,1.0,13,4,1,2,12,0,1,0
319813,4043,1.0,0.0,0.0,13,6,4,4,10,0,3,0
320239,3230,0.0,2.0,0.0,10,4,2,3,8,0,1,1
32026,1340,0.0,3.0,0.0,6,4,4,1,4,0,2,0
320694,1427,0.0,2.0,0.0,5,1,1,1,4,0,1,0
321014,351,0.0,5.0,0.0,2,1,1,1,1,0,1,0
321316,2915,0.0,5.0,1.0,2,2,2,1,0,0,2,0
321336,798,0.0,3.0,0.0,12,7,6,2,10,0,2,0
321394,1546,0.0,0.0,0.0,2,1,1,1,1,0,1,0
321774,1875,0.0,0.0,1.0,8,5,2,4,6,0,1,1
321793,2173,0.0,7.0,1.0,4,1,1,2,3,0,1,0
321974,437,0.0,0.0,0.0,4,1,1,1,3,0,1,0
322298,3609,0.0,4.0,1.0,3,1,1,1,2,0,1,0
322400,4444,0.0,3.0,1.0,17,4,2,3,13,0,4,0
32250,3828,0.0,5.0,0.0,18,9,4,9,17,0,1,0
322845,1749,0.0,3.0,0.0,9,2,1,3,8,0,1,0
323028,3828,0.0,3.0,0.0,3,1,1,2,2,0,1,0
323400,4710,0.0,0.0,0.0,6,2,1,1,5,0,1,0
323457,4864,0.0,5.0,1.0,3,2,1,1,2,0,1,0
323839,416,0.0,0.0,0.0,46,14,5,6,40,0,1,5
323951,4270,0.0,6.0,1.0,22,7,4,2,20,0,2,0
325148,598,0.0,3.0,0.0,6,1,1,1,5,0,1,0
32520,324,0.0,2.0,0.0,25,4,1,4,20,0,1,4
325616,4764,0.0,0.0,0.0,4,1,1,1,3,0,1,0
326020,598,0.0,2.0,0.0,6,1,1,1,4,0,2,0
326120,2236,0.0,5.0,0.0,2,1,1,1,1,0,1,0
326661,1923,0.0,0.0,0.0,9,6,2,1,8,0,1,0
327210,416,0.0,2.0,0.0,16,5,3,3,14,0,1,1
32726,4711,0.0,5.0,0.0,4,1,1,2,3,0,1,0
327813,2730,0.0,6.0,1.0,2,1,1,1,1,0,1,0
327984,1115,0.0,4.0,0.0,3,1,1,1,2,0,1,0
328155,4427,1.0,3.0,2.0,2,1,1,1,1,0,1,0
328328,1090,0.0,6.0,0.0,7,3,2,3,6,0,1,0
328419,4050,0.0,3.0,1.0,5,1,1,1,4,0,1,0
328598,4173,0.0,0.0,1.0,10,3,1,3,9,0,1,0
328974,1661,0.0,3.0,0.0,2,1,1,2,0,1,1,0
32910,4558,0.0,2.0,0.0,2,1,1,1,1,0,1,0
329370,4731,0.0,3.0,1.0,15,8,3,1,14,0,1,0
33024,861,0.0,3.0,1.0,8,2,1,2,7,0,1,0
330287,2273,0.0,4.0,1.0,4,2,1,1,3,0,1,0
330558,1900,0.0,0.0,0.0,2,1,1,1,1,0,1,0
330986,1379,0.0,6.0,0.0,12,7,6,2,10,0,2,0
331740,278,0.0,3.0,0.0,8,1,1,1,7,0,1,0
332058,2582,0.0,0.0,1.0,4,2,2,2,3,0,1,0
332145,786,0.0,3.0,2.0,1,1,1,1,0,0,1,0
332284,3912,0.0,4.0,0.0,1,1,1,1,0,0,1,0
332306,648,0.0,6.0,0.0,2,1,1,1,1,0,1,0
332647,2537,0.0,3.0,0.0,9,3,2,2,7,0,2,0
333397,4871,0.0,3.0,0.0,14,5,2,2,9,0,2,3
333569,1102,0.0,5.0,0.0,62,29,12,3,60,0,2,0
333848,682,0.0,4.0,0.0,7,3,3,3,3,0,1,3
334046,2149,0.0,3.0,0.0,24,6,1,2,23,0,1,0
334122,1268,0.0,4.0,0.0,12,2,2,1,8,0,2,2
334195,3640,0.0,0.0,1.0,12,3,2,3,11,0,1,0
33458,2810,0.0,2.0,0.0,5,2,1,2,4,0,1,0
335213,2447,0.0,4.0,1.0,11,6,2,2,10,0,1,0
335748,4659,0.0,0.0,1.0,3,1,1,2,2,0,1,0
336493,4282,0.0,0.0,1.0,29,21,7,6,26,0,3,0
336516,4170,0.0,3.0,0.0,2,1,1,2,1,0,1,0
337679,361,0.0,6.0,0.0,10,5,1,3,8,0,1,1
337726,120,0.0,0.0,0.0,5,1,1,1,2,0,3,0
338100,2482,0.0,2.0,0.0,1,1,1,1,0,0,1,0
338465,1239,0.0,2.0,0.0,2,2,1,2,1,0,1,0
339646,145,0.0,0.0,0.0,5,3,1,2,4,0,1,0
339866,1582,0.0,0.0,0.0,5,1,1,1,4,0,1,0
340206,1487,0.0,3.0,0.0,18,5,1,5,14,0,1,3
340278,3205,0.0,0.0,1.0,7,1,1,1,6,0,1,0
340333,4847,0.0,3.0,0.0,33,22,8,8,32,0,1,0
340418,685,0.0,5.0,1.0,6,3,2,1,5,0,1,0
340448,4638,0.0,4.0,0.0,8,3,1,1,5,0,3,0
340579,4772,0.0,0.0,0.0,4,1,1,1,3,0,1,0
34125,897,0.0,4.0,0.0,8,2,2,3,6,0,1,1
341525,1659,0.0,6.0,1.0,7,3,1,1,6,0,1,0
341531,3200,0.0,0.0,0.0,9,1,1,2,8,0,1,0
341877,3304,0.0,2.0,0.0,3,1,1,1,2,0,1,0
342767,361,0.0,0.0,0.0,8,4,1,2,7,0,1,0
342936,1056,0.0,3.0,0.0,2,1,1,1,0,0,1,1
343562,3274,0.0,4.0,1.0,3,1,1,1,1,0,2,0
343582,98,0.0,2.0,0.0,2,1,1,1,1,0,1,0
343847,4468,0.0,2.0,1.0,9,1,1,1,8,0,1,0
344046,1784,0.0,3.0,0.0,16,2,1,5,14,0,1,1
344057,1359,0.0,5.0,0.0,2,1,1,1,1,0,1,0
344421,2664,0.0,4.0,0.0,33,15,5,1,26,0,7,0
344962,2435,0.0,2.0,0.0,4,1,1,2,3,0,1,0
345075,361,0.0,3.0,1.0,12,4,2,2,10,0,1,1
345341,1892,1.0,3.0,0.0,17,12,4,1,16,0,1,0
345535,3734,0.0,4.0,1.0,6,3,1,1,5,0,1,0
345783,3968,0.0,5.0,0.0,4,2,2,1,3,0,1,0
346698,4186,0.0,2.0,0.0,3,2,1,1,2,0,1,0
346839,777,0.0,0.0,1.0,1,1,1,1,0,0,1,0
346959,2919,0.0,0.0,0.0,4,1,1,1,3,0,1,0
347334,4373,0.0,4.0,0.0,13,4,2,2,10,0,1,2
347531,1910,0.0,2.0,1.0,3,1,1,1,2,0,1,0
347835,3063,0.0,3.0,0.0,34,18,3,6,26,0,2,6
348138,1102,0.0,0.0,1.0,19,5,3,2,17,0,2,0
34834,720,0.0,0.0,0.0,6,1,1,2,5,0,1,0
348503,219,0.0,6.0,1.0,7,1,1,1,5,0,2,0
349623,4287,0.0,4.0,0.0,5,3,2,1,4,0,1,0
349959,1102,1.0,5.0,0.0,20,17,8,5,19,0,1,0
350225,1102,0.0,0.0,0.0,30,11,5,7,29,0,1,0
350398,3080,0.0,0.0,0.0,2,1,1,1,1,0,1,0
350600,412,0.0,4.0,1.0,9,4,3,2,8,0,1,0
350950,1186,0.0,0.0,0.0,3,2,2,1,2,0,1,0
351084,587,0.0,4.0,1.0,4,2,1,1,3,0,1,0
351156,1103,0.0,2.0,0.0,1,1,1,1,0,0,1,0
351160,4926,0.0,4.0,0.0,4,2,2,1,2,0,1,1
351163,1659,0.0,4.0,1.0,8,1,1,1,6,0,1,1
35131,3205,0.0,0.0,0.0,7,4,4,2,5,0,2,0
351967,2078,0.0,4.0,0.0,2,1,1,1,1,0,1,0
352285,2669,0.0,2.0,0.0,7,6,3,1,6,0,1,0
352372,4756,0.0,4.0,0.0,5,1,1,1,4,0,1,0
353684,3472,0.0,0.0,1.0,2,1,1,1,1,0,1,0
353789,2193,0.0,6.0,0.0,1,1,1,1,0,0,1,0
353798,71,0.0,4.0,0.0,11,3,2,1,9,0,2,0
353944,2066,0.0,6.0,1.0,5,1,1,2,4,0,1,0
354320,4808,0.0,0.0,0.0,4,1,1,2,2,0,1,1
354344,3912,0.0,2.0,1.0,10,4,2,1,9,0,1,0
354467,4756,0.0,0.0,0.0,7,1,1,2,4,1,1,1
354509,1310,0.0,2.0,0.0,8,4,3,3,7,0,1,0
354542,1892,0.0,4.0,1.0,6,2,2,1,3,0,3,0
354665,1618,0.0,5.0,0.0,1,1,1,1,0,0,1,0
354807,4585,0.0,4.0,0.0,17,4,3,1,15,0,2,0
354883,1661,0.0,7.0,1.0,4,1,1,1,3,0,1,0
355057,14,0.0,3.0,0.0,5,1,1,1,4,0,1,0
355124,2175,0.0,3.0,0.0,24,13,4,2,23,0,1,0
355224,2162,0.0,6.0,0.0,5,1,1,3,4,0,1,0
355321,2248,0.0,3.0,1.0,9,2,1,1,8,0,1,0
355355,3828,0.0,0.0,0.0,7,1,1,1,6,0,1,0
355598,114,0.0,0.0,0.0,4,1,1,3,3,0,1,0
355958,467,0.0,4.0,1.0,2,1,1,2,1,0,1,0
356115,4783,0.0,3.0,0.0,5,1,1,1,2,0,3,0
356158,3925,0.0,4.0,0.0,3,2,2,2,1,0,1,1
356185,2565,1.0,5.0,0.0,7,2,1,3,6,0,1,0
356700,897,0.0,4.0,1.0,4,1,1,1,3,0,1,0
35706,2857,0.0,4.0,0.0,10,2,2,1,5,0,5,0
357216,1102,0.0,3.0,2.0,15,8,4,4,10,0,2,3
357279,2217,0.0,0.0,0.0,1,1,1,1,0,0,1,0
357484,4756,0.0,0.0,0.0,2,1,1,1,1,0,1,0
357497,4287,0.0,0.0,0.0,4,1,1,1,2,0,2,0
357857,2149,0.0,2.0,0.0,40,11,1,4,37,0,1,2
357991,2482,0.0,2.0,0.0,27,11,10,5,26,0,1,0
358223,2361,0.0,3.0,0.0,7,1,1,3,6,0,1,0
358232,594,0.0,2.0,0.0,5,2,1,1,4,0,1,0
358465,798,0.0,4.0,0.0,1,1,1,1,0,0,1,0
358582,323,0.0,5.0,1.0,19,4,1,5,18,0,1,0
358824,3629,0.0,0.0,0.0,3,1,1,1,2,0,1,0
358853,4966,0.0,3.0,0.0,10,8,6,2,6,0,4,0
358889,596,0.0,6.0,0.0,4,1,1,1,3,0,1,0
358930,2001,1.0,5.0,1.0,4,1,1,1,3,0,1,0
358955,2141,0.0,6.0,0.0,5,1,1,2,3,0,1,1
359204,534,0.0,0.0,0.0,3,1,1,1,2,0,1,0
359366,2403,0.0,4.0,0.0,16,9,1,1,15,0,1,0
359549,2284,0.0,0.0,0.0,12,3,1,1,11,0,1,0
359601,2403,0.0,3.0,0.0,22,18,3,1,19,0,3,0
359746,1437,0.0,3.0,1.0,3,1,1,1,2,0,1,0
359973,1102,0.0,3.0,0.0,3,2,2,3,1,0,1,1
360310,3835,0.0,4.0,0.0,9,3,1,2,6,0,2,1
360770,3609,0.0,6.0,0.0,25,4,1,2,21,0,3,1
361534,1342,0.0,3.0,0.0,20,9,3,3,16,0,1,3
361660,1875,0.0,0.0,0.0,6,4,3,1,5,0,1,0
362081,437,0.0,4.0,0.0,9,7,1,1,8,0,1,0
362684,1895,0.0,0.0,0.0,6,1,1,2,5,0,1,0
362964,4026,0.0,6.0,1.0,4,1,1,1,3,0,1,0
36303,2303,0.0,3.0,0.0,12,6,1,1,11,0,1,0
363245,1213,0.0,3.0,0.0,18,11,1,3,17,0,1,0
363438,3839,0.0,5.0,0.0,9,7,2,1,8,0,1,0
364377,3642,0.0,2.0,0.0,2,1,1,1,1,0,1,0
364495,1748,0.0,2.0,1.0,6,2,1,2,4,0,1,1
364723,3463,0.0,2.0,0.0,3,1,1,1,2,0,1,0
364918,2217,0.0,2.0,0.0,7,3,1,1,6,0,1,0
365158,3865,1.0,3.0,0.0,3,1,1,1,2,0,1,0
365215,1102,0.0,3.0,0.0,55,20,10,7,52,0,3,0
365371,2242,0.0,3.0,0.0,6,6,3,2,0,0,5,1
365529,2537,0.0,4.0,0.0,5,1,1,1,4,0,1,0
365700,4539,0.0,2.0,0.0,4,1,1,1,3,0,1,0
365846,3898,0.0,4.0,0.0,5,1,1,1,4,0,1,0
366228,4760,0.0,3.0,1.0,6,3,2,1,5,0,1,0
366278,3828,0.0,4.0,2.0,18,13,7,3,14,0,2,2
366641,472,0.0,3.0,1.0,5,1,1,1,3,0,2,0
366732,3329,0.0,5.0,0.0,7,3,1,1,4,0,2,1
366768,3480,0.0,5.0,0.0,31,8,6,1,28,0,3,0
367061,4966,0.0,5.0,0.0,4,2,1,2,3,0,1,0
367184,3170,0.0,2.0,1.0,2,1,1,1,1,0,1,0
367220,1948,0.0,3.0,1.0,9,1,1,2,7,0,1,1
367251,2900,0.0,4.0,0.0,4,2,2,2,2,0,1,1
367746,4480,0.0,4.0,1.0,31,7,2,3,28,0,1,2
368092,1751,1.0,3.0,1.0,33,10,1,7,29,0,1,3
368343,3460,0.0,3.0,0.0,4,2,1,1,2,0,2,0
368400,3455,0.0,0.0,0.0,7,2,1,3,4,0,1,2
368725,798,0.0,3.0,0.0,1,1,1,1,0,0,1,0
369200,682,0.0,3.0,1.0,7,4,1,2,6,0,1,0
369338,3269,0.0,3.0,1.0,2,1,1,1,1,0,1,0
369865,2545,0.0,2.0,1.0,9,4,4,3,8,0,1,0
370527,3484,0.0,3.0,0.0,2,1,1,1,1,0,1,0
370649,4585,0.0,3.0,0.0,13,3,1,1,12,0,1,0
370945,3968,0.0,2.0,0.0,14,3,2,1,13,0,1,0
37110,4818,0.0,0.0,1.0,6,2,1,2,4,0,1,1
371187,3319,0.0,3.0,0.0,3,1,1,1,2,0,1,0
371228,416,0.0,3.0,0.0,2,1,1,2,1,0,1,0
371655,275,0.0,3.0,0.0,18,4,3,2,17,0,1,0
371727,4173,0.0,4.0,0.0,20,5,2,3,15,0,2,3
371944,2313,0.0,0.0,0.0,24,7,3,6,22,0,1,1
373165,1347,0.0,2.0,0.0,1,1,1,1,0,0,1,0
373338,4079,0.0,0.0,0.0,1,1,1,1,0,0,1,0
373501,4097,0.0,2.0,0.0,2,1,1,1,1,0,1,0
373902,1272,0.0,0.0,1.0,5,2,1,2,4,0,1,0
374442,4771,0.0,4.0,1.0,2,1,1,1,1,0,1,0
374529,2525,0.0,4.0,2.0,7,2,1,2,6,0,1,0
374614,786,0.0,0.0,0.0,29,11,4,3,27,0,2,0
374772,1102,0.0,2.0,0.0,21,5,2,6,20,0,1,0
375668,3163,0.0,3.0,0.0,1,1,1,1,0,0,1,0
375829,3108,0.0,0.0,1.0,4,1,1,2,3,0,1,0
375928,3159,0.0,3.0,0.0,2,1,1,1,1,0,1,0
376013,2721,0.0,0.0,0.0,5,1,1,3,3,0,2,0
376272,227,0.0,5.0,0.0,16,6,3,3,15,0,1,0
376275,1742,0.0,4.0,0.0,7,6,1,1,6,0,1,0
376299,1093,1.0,4.0,0.0,7,1,1,3,5,0,2,0
376450,1538,0.0,0.0,0.0,10,2,1,3,9,0,1,0
376554,2709,0.0,0.0,0.0,7,1,1,2,5,0,1,1
377248,4394,0.0,6.0,1.0,37,13,2,6,36,0,1,0
377253,2081,0.0,3.0,1.0,9,3,1,2,8,0,1,0
377554,742,0.0,0.0,0.0,11,1,1,4,8,0,1,2
377628,1704,0.0,4.0,0.0,26,12,5,3,22,0,1,3
379197,3734,0.0,4.0,0.0,12,11,7,2,11,0,1,0
379337,1393,0.0,7.0,1.0,4,2,2,1,2,0,2,0
379584,3314,0.0,3.0,1.0,15,3,1,2,14,0,1,0
379858,3541,0.0,0.0,0.0,6,1,1,1,5,0,1,0
379868,4618,0.0,2.0,1.0,4,1,1,1,3,0,1,0
380068,4783,0.0,0.0,0.0,19,5,3,3,15,3,1,0
380081,1851,0.0,3.0,0.0,20,2,2,3,17,0,1,2
380481,4043,0.0,2.0,0.0,1,1,1,1,0,0,1,0
38059,1583,0.0,3.0,0.0,3,2,1,1,2,0,1,0
381838,742,0.0,3.0,0.0,4,2,2,1,3,0,1,0
381919,4173,0.0,0.0,0.0,25,10,4,2,24,0,1,0
382016,2036,0.0,2.0,0.0,2,1,1,1,1,0,1,0
382063,2397,0.0,5.0,1.0,9,6,4,2,8,0,1,0
38229,4760,0.0,3.0,0.0,3,1,1,1,2,0,1,0
382603,963,1.0,0.0,0.0,1,1,1,1,0,0,1,0
382708,514,0.0,2.0,0.0,1,1,1,1,0,0,1,0
382924,2128,0.0,3.0,0.0,3,2,2,1,1,0,2,0
383385,2014,0.0,0.0,0.0,6,1,1,4,4,0,1,1
384960,4196,0.0,3.0,1.0,7,1,1,2,5,1,1,0
385189,4469,0.0,4.0,0.0,9,3,1,1,8,0,1,0
385499,2537,0.0,3.0,0.0,7,4,1,2,4,0,3,0
386215,3080,0.0,0.0,1.0,4,2,1,2,3,0,1,0
386346,4090,0.0,0.0,0.0,4,1,1,3,3,0,1,0
386815,1073,0.0,2.0,0.0,3,1,1,1,1,0,2,0
387729,1483,0.0,5.0,0.0,3,2,1,1,2,0,1,0
38782,1031,0.0,4.0,0.0,13,4,1,1,8,0,5,0
388375,2313,0.0,5.0,0.0,8,3,2,2,6,0,2,0
388437,946,1.0,5.0,0.0,1,1,1,1,0,0,1,0
388582,2209,0.0,3.0,0.0,9,1,1,2,8,0,1,0
388934,4073,0.0,0.0,0.0,3,1,1,1,2,0,1,0
389724,145,0.0,0.0,0.0,8,1,1,5,6,0,1,1
39008,3614,0.0,4.0,0.0,33,8,5,6,30,0,1,2
390116,2229,0.0,2.0,0.0,24,8,4,6,23,0,1,0
390172,2082,0.0,0.0,0.0,3,1,1,1,1,1,1,0
390177,3159,0.0,4.0,0.0,10,3,3,1,8,0,2,0
39026,3163,0.0,2.0,1.0,9,2,2,3,6,0,3,0
390572,361,0.0,4.0,1.0,26,15,6,2,24,0,2,0
390615,798,0.0,3.0,1.0,2,2,2,1,0,0,2,0
39062,396,0.0,2.0,null,1,1,1,1,0,0,1,0
390755,995,0.0,0.0,1.0,3,1,1,1,2,0,1,0
391660,3528,0.0,0.0,0.0,49,24,4,5,45,0,1,3
391767,4048,0.0,3.0,0.0,8,1,1,2,6,0,1,1
392520,2318,0.0,7.0,1.0,3,1,1,1,2,0,1,0
392584,794,0.0,4.0,0.0,1,1,1,1,0,0,1,0
392706,4079,0.0,4.0,1.0,2,1,1,1,1,0,1,0
393674,1966,0.0,3.0,0.0,6,5,4,1,5,0,1,0
393808,152,0.0,3.0,0.0,5,2,1,2,3,0,2,0
393868,200,0.0,5.0,0.0,2,1,1,1,1,0,1,0
394006,168,0.0,5.0,0.0,2,1,1,1,1,0,1,0
394051,2403,0.0,3.0,0.0,15,5,1,4,14,0,1,0
394201,2277,0.0,4.0,1.0,12,1,1,2,11,0,1,0
394736,786,0.0,4.0,0.0,2,1,1,1,1,0,1,0
394811,1639,0.0,5.0,1.0,2,1,1,1,1,0,1,0
394815,4525,0.0,0.0,0.0,1,1,1,1,0,0,1,0
394961,4864,0.0,5.0,1.0,17,7,2,4,14,0,3,0
395455,2562,0.0,2.0,1.0,4,1,1,2,2,0,1,1
395465,1861,0.0,6.0,0.0,3,1,1,1,2,0,1,0
395797,798,0.0,0.0,0.0,1,1,1,1,0,0,1,0
396498,2501,0.0,2.0,0.0,10,3,3,3,7,2,1,0
39691,4282,0.0,3.0,1.0,31,14,6,4,28,0,1,2
397398,1742,0.0,7.0,0.0,11,1,1,3,9,0,1,1
397538,4378,0.0,4.0,0.0,28,12,5,3,26,0,2,0
397719,2443,0.0,2.0,0.0,3,1,1,1,2,0,1,0
397846,4760,0.0,3.0,1.0,4,1,1,1,3,0,1,0
397892,4841,0.0,3.0,1.0,7,2,1,1,6,0,1,0
39812,4048,0.0,7.0,0.0,2,1,1,2,1,0,1,0
398827,4585,0.0,3.0,1.0,11,2,1,2,10,0,1,0
398983,1500,0.0,6.0,1.0,2,1,1,1,1,0,1,0
400045,648,0.0,2.0,0.0,6,1,1,1,4,0,1,1
400337,4976,0.0,6.0,0.0,7,6,2,1,6,0,1,0
400681,3609,0.0,6.0,0.0,7,3,1,1,6,0,1,0
400734,3912,0.0,4.0,2.0,4,1,1,1,2,0,2,0
401215,2824,0.0,4.0,0.0,4,1,1,1,2,0,2,0
40172,4842,0.0,0.0,1.0,3,1,1,1,2,0,1,0
401997,3826,0.0,3.0,1.0,1,1,1,1,0,0,1,0
402147,310,0.0,4.0,1.0,7,2,2,2,5,1,1,0
402234,2140,0.0,4.0,0.0,28,5,1,3,26,0,2,0
402386,1679,0.0,5.0,0.0,11,4,2,6,10,0,1,0
402919,3460,0.0,0.0,0.0,6,1,1,1,3,0,2,1
402959,3545,0.0,4.0,1.0,17,6,1,1,16,0,1,0
40297,3205,0.0,3.0,1.0,3,1,1,1,2,0,1,0
403539,4966,0.0,3.0,1.0,7,4,2,1,6,0,1,0
403687,4282,0.0,3.0,1.0,71,30,12,6,66,0,2,3
404090,1074,0.0,4.0,0.0,44,14,2,3,37,0,2,5
404399,3350,1.0,4.0,0.0,3,1,1,1,2,0,1,0
404527,2721,0.0,3.0,0.0,14,9,2,1,13,0,1,0
404667,3609,0.0,4.0,1.0,15,8,1,1,14,0,1,0
404807,1378,0.0,4.0,1.0,4,2,1,1,3,0,1,0
405069,326,0.0,3.0,1.0,4,1,1,1,3,0,1,0
405432,2791,0.0,2.0,1.0,10,4,4,1,9,0,1,0
405521,4044,0.0,4.0,0.0,24,9,5,3,23,0,1,0
405566,2303,0.0,6.0,0.0,36,9,1,1,35,0,1,0
405629,798,0.0,2.0,0.0,1,1,1,1,0,0,1,0
406052,3828,0.0,4.0,1.0,13,8,5,1,11,0,2,0
406679,2318,0.0,3.0,1.0,13,3,3,2,12,0,1,0
407108,4427,0.0,3.0,0.0,13,4,2,1,12,0,1,0
407476,3160,0.0,0.0,0.0,34,11,7,5,31,0,1,2
407740,1900,0.0,3.0,0.0,5,1,1,2,4,0,1,0
408026,3828,0.0,2.0,0.0,8,4,2,3,7,0,1,0
408060,4048,0.0,2.0,1.0,6,1,1,2,5,0,1,0
408385,3072,0.0,3.0,0.0,5,3,1,1,4,0,1,0
408882,4248,0.0,5.0,1.0,3,2,2,1,2,0,1,0
408982,1281,0.0,0.0,1.0,5,2,1,1,4,0,1,0
409059,1769,0.0,5.0,0.0,4,2,1,2,3,0,1,0
409089,1703,0.0,3.0,0.0,3,1,1,2,2,0,1,0
409610,120,0.0,3.0,1.0,2,1,1,1,1,0,1,0
40963,2936,0.0,2.0,0.0,1,1,1,1,0,0,1,0
409929,590,0.0,3.0,1.0,5,1,1,1,4,0,1,0
410003,3925,0.0,4.0,1.0,6,5,3,3,5,0,1,0
410220,4079,0.0,0.0,0.0,3,1,1,1,2,0,1,0
410603,4044,0.0,0.0,0.0,4,1,1,1,3,0,1,0
410612,4712,0.0,2.0,0.0,9,5,3,1,8,0,1,0
410780,4090,0.0,3.0,0.0,22,8,1,5,19,0,1,2
411077,1999,0.0,4.0,2.0,3,2,2,1,2,0,1,0
411142,3826,1.0,5.0,1.0,10,3,1,1,9,0,1,0
411158,2305,0.0,0.0,0.0,3,2,2,1,1,0,2,0
411405,534,0.0,3.0,0.0,1,1,1,1,0,0,1,0
412434,1618,0.0,6.0,null,22,15,2,2,18,0,2,2
412948,2108,0.0,0.0,null,1,1,1,1,0,0,1,0
413717,606,0.0,2.0,0.0,18,11,5,4,17,0,1,0
414141,323,0.0,4.0,0.0,8,2,1,2,5,0,1,2
414764,1379,0.0,4.0,0.0,10,8,8,2,7,0,2,1
415609,3462,0.0,0.0,0.0,7,3,1,3,6,0,1,0
415712,1760,0.0,0.0,0.0,5,2,1,1,4,0,1,0
417064,4287,0.0,3.0,0.0,13,4,4,3,11,0,2,0
417088,742,0.0,0.0,2.0,5,2,1,1,4,0,1,0
41745,2173,0.0,6.0,0.0,9,5,3,2,8,0,1,0
417950,4629,0.0,0.0,0.0,6,1,1,2,5,0,1,0
418232,1574,0.0,0.0,0.0,5,1,1,1,3,0,2,0
41851,3609,0.0,0.0,0.0,8,7,1,1,7,0,1,0
41891,742,0.0,6.0,0.0,1,1,1,1,0,0,1,0
419264,4427,0.0,null,null,5,1,1,2,4,0,1,0
4193,1067,0.0,4.0,1.0,2,1,1,1,1,0,1,0
419301,4659,0.0,3.0,0.0,5,2,1,1,4,0,1,0
419897,4385,0.0,0.0,1.0,15,6,3,3,13,0,1,1
421087,2727,0.0,3.0,0.0,9,2,2,2,8,0,1,0
421331,3054,0.0,5.0,0.0,8,3,2,2,5,0,1,2
421560,1892,0.0,4.0,0.0,32,16,3,2,29,0,2,1
422393,4258,0.0,7.0,0.0,3,1,1,1,2,0,1,0
422511,4332,0.0,6.0,1.0,2,1,1,1,1,0,1,0
422716,804,0.0,5.0,0.0,3,1,1,1,2,0,1,0
423121,2791,0.0,3.0,1.0,5,2,2,3,4,0,1,0
423267,3578,0.0,4.0,1.0,4,1,1,1,3,0,1,0
423850,4658,0.0,6.0,1.0,9,3,1,2,8,0,1,0
42477,2447,0.0,4.0,0.0,2,1,1,1,1,0,1,0
43234,2954,0.0,4.0,0.0,8,3,1,3,7,0,1,0
44807,3245,0.0,0.0,1.0,4,1,1,1,3,0,1,0
44896,2127,0.0,4.0,1.0,3,1,1,1,2,0,1,0
45130,4976,0.0,2.0,1.0,2,1,1,1,1,0,1,0
45382,2664,0.0,3.0,1.0,3,1,1,1,2,0,1,0
47069,2305,0.0,2.0,0.0,81,20,10,6,68,0,4,9
47531,4525,0.0,4.0,0.0,164,51,5,7,155,0,8,1
47867,4225,0.0,2.0,0.0,5,1,1,5,4,0,1,0
47900,4282,0.0,3.0,0.0,1,1,1,1,0,0,1,0
47962,804,0.0,4.0,1.0,8,5,5,1,6,0,2,0
48116,2031,0.0,6.0,0.0,13,3,1,3,11,0,1,1
4828,3476,0.0,3.0,0.0,5,3,3,2,0,0,2,3
48562,3266,0.0,2.0,0.0,6,1,1,1,4,0,1,1
48662,3402,0.0,3.0,1.0,8,4,1,1,7,0,1,0
48706,3159,0.0,2.0,0.0,10,3,2,2,9,0,1,0
4889,2786,0.0,3.0,0.0,3,1,1,2,2,0,1,0
49193,4648,0.0,4.0,0.0,2,1,1,1,1,0,1,0
49326,2755,0.0,2.0,1.0,2,1,1,2,1,0,1,0
49604,1472,0.0,3.0,0.0,27,6,1,2,24,0,2,1
49671,3965,0.0,0.0,0.0,3,1,1,1,2,0,1,0
49968,3607,0.0,3.0,0.0,3,1,1,1,2,0,1,0
50058,4155,0.0,0.0,1.0,5,1,1,1,4,0,1,0
50558,1403,0.0,4.0,0.0,4,1,1,1,3,0,1,0
50937,4976,0.0,4.0,0.0,3,1,1,1,2,0,1,0
52376,3103,0.0,3.0,0.0,16,5,3,2,14,0,1,1
5274,1102,0.0,4.0,0.0,3,1,1,1,2,0,1,0
5275,4318,0.0,5.0,1.0,2,1,1,1,1,0,1,0
52840,1536,0.0,0.0,0.0,3,1,1,1,2,0,1,0
53148,1703,1.0,4.0,1.0,6,1,1,2,5,0,1,0
53455,4958,0.0,6.0,0.0,7,2,2,1,6,0,1,0
53548,1956,0.0,3.0,0.0,4,1,1,1,3,0,1,0
53802,798,0.0,3.0,0.0,3,1,1,1,2,0,1,0
53816,1346,1.0,0.0,0.0,11,4,1,3,9,0,1,1
54418,4585,1.0,3.0,0.0,5,1,1,3,4,0,1,0
548,3578,0.0,0.0,0.0,1,1,1,1,0,0,1,0
54872,3576,0.0,5.0,1.0,1,1,1,1,0,0,1,0
54967,4269,0.0,3.0,1.0,1,1,1,1,0,0,1,0
55287,2108,0.0,3.0,0.0,1,1,1,1,0,0,1,0
55326,4157,0.0,0.0,1.0,5,1,1,1,4,0,1,0
5537,1760,0.0,0.0,0.0,20,9,3,1,18,0,2,0
5577,1437,0.0,4.0,1.0,1,1,1,1,0,0,1,0
55779,1890,0.0,6.0,0.0,7,2,1,2,6,0,1,0
56028,1987,0.0,0.0,0.0,2,1,1,1,1,0,1,0
56525,3828,1.0,3.0,0.0,24,14,5,3,21,0,3,0
56891,4240,0.0,3.0,1.0,6,1,1,2,4,0,1,1
57127,1133,1.0,0.0,0.0,20,8,4,1,16,0,3,1
57169,437,0.0,3.0,0.0,15,7,3,4,12,0,1,2
5733,2409,0.0,5.0,0.0,7,1,1,1,6,0,1,0
57475,1833,0.0,4.0,0.0,5,2,1,2,4,0,1,0
57504,4143,0.0,6.0,0.0,101,50,10,3,100,0,1,0
57578,2136,1.0,4.0,1.0,7,6,5,2,5,0,2,0
58431,4536,0.0,3.0,0.0,4,1,1,1,3,0,1,0
58666,133,0.0,3.0,0.0,23,4,1,2,22,0,1,0
59128,1572,0.0,0.0,0.0,6,1,1,1,4,1,1,0
5923,4170,0.0,5.0,0.0,7,4,2,1,6,0,1,0
5965,2403,1.0,4.0,0.0,14,7,1,2,12,1,1,0
59650,3420,0.0,4.0,2.0,81,24,9,1,71,0,9,1
59981,2217,0.0,0.0,1.0,2,1,1,1,1,0,1,0
60109,2652,0.0,2.0,0.0,16,4,4,3,14,0,2,0
6050,3136,0.0,6.0,0.0,10,1,1,1,9,0,1,0
60914,557,0.0,0.0,0.0,5,2,1,1,4,0,1,0
61698,1487,0.0,4.0,0.0,3,1,1,1,2,0,1,0
61730,1150,0.0,0.0,0.0,15,4,3,2,13,0,2,0
6191,2970,0.0,0.0,0.0,2,1,1,1,1,0,1,0
62120,2108,0.0,3.0,0.0,2,1,1,1,1,0,1,0
62661,3462,0.0,5.0,0.0,3,1,1,2,1,0,1,1
63060,66,0.0,5.0,1.0,8,4,1,3,7,0,1,0
63082,2928,0.0,4.0,0.0,14,6,2,1,13,0,1,0
63731,3148,1.0,6.0,0.0,2,1,1,1,1,0,1,0
63971,3305,0.0,3.0,1.0,2,1,1,1,1,0,1,0
64907,4044,0.0,3.0,2.0,54,21,6,4,40,0,1,13
65128,1393,0.0,3.0,0.0,53,31,12,5,50,0,2,1
65280,1692,0.0,5.0,1.0,3,1,1,1,2,0,1,0
65389,3350,0.0,2.0,0.0,5,2,1,1,3,0,2,0
65715,3528,0.0,2.0,0.0,2,1,1,1,1,0,1,0
66257,1944,1.0,0.0,0.0,5,2,1,4,3,0,1,1
66362,3410,0.0,6.0,0.0,2,1,1,1,1,0,1,0
66797,798,0.0,3.0,0.0,51,11,7,6,47,0,1,3
67161,2935,0.0,6.0,0.0,2,1,1,1,1,0,1,0
67409,412,0.0,4.0,0.0,87,51,11,5,86,0,1,0
67710,3173,0.0,2.0,1.0,4,1,1,1,2,0,1,1
6783,1509,0.0,6.0,1.0,8,1,1,1,4,0,4,0
68201,2721,0.0,5.0,1.0,2,1,1,1,1,0,1,0
68601,3815,0.0,0.0,1.0,1,1,1,1,0,0,1,0
68651,818,0.0,4.0,0.0,15,6,1,1,11,0,4,0
6905,4433,0.0,4.0,1.0,9,1,1,1,7,0,2,0
69075,2928,1.0,4.0,1.0,14,5,2,3,12,0,2,0
69415,4483,0.0,5.0,0.0,4,1,1,2,3,0,1,0
69704,3350,0.0,0.0,null,5,2,2,2,3,1,1,0
69753,4549,0.0,6.0,0.0,1,1,1,1,0,0,1,0
6983,643,0.0,3.0,0.0,19,11,5,8,17,0,1,1
69990,1142,0.0,4.0,0.0,5,1,1,3,3,0,1,1
70426,1997,0.0,3.0,0.0,2,1,1,1,1,0,1,0
70709,1103,0.0,0.0,0.0,4,1,1,1,3,0,1,0
70946,3586,0.0,4.0,0.0,1,1,1,1,0,0,1,0
71031,4976,0.0,3.0,0.0,13,10,4,3,12,0,1,0
71170,1500,0.0,4.0,1.0,5,2,1,1,4,0,1,0
71322,4245,0.0,5.0,0.0,9,5,4,2,8,0,1,0
71390,2821,1.0,6.0,1.0,1,1,1,1,0,0,1,0
71510,4079,0.0,3.0,0.0,3,1,1,2,1,0,2,0
71560,4976,0.0,0.0,0.0,8,7,2,2,0,0,1,7
71656,4173,0.0,4.0,0.0,1,1,1,1,0,0,1,0
72176,2273,0.0,3.0,0.0,3,1,1,1,2,0,1,0
72820,1031,0.0,4.0,1.0,17,6,1,2,16,0,1,0
72865,4414,0.0,2.0,0.0,3,1,1,2,2,0,1,0
73534,4049,0.0,4.0,0.0,7,3,3,1,6,0,1,0
73788,4079,0.0,4.0,1.0,2,1,1,1,1,0,1,0
73986,3828,0.0,0.0,0.0,8,5,3,2,7,0,1,0
74152,1592,0.0,3.0,0.0,6,1,1,1,5,0,1,0
74617,2082,0.0,3.0,0.0,19,3,1,3,16,0,1,2
7473,606,0.0,3.0,0.0,9,1,1,1,8,0,1,0
74894,437,0.0,5.0,0.0,1,1,1,1,0,0,1,0
74975,2970,0.0,null,null,3,1,1,1,2,0,1,0
74990,3925,0.0,3.0,0.0,18,10,6,4,17,0,1,0
75058,606,0.0,2.0,1.0,19,3,1,2,18,0,1,0
75320,1892,0.0,3.0,0.0,28,15,6,2,25,0,3,0
75729,4760,0.0,4.0,null,2,1,1,2,1,0,1,0
76921,1916,0.0,0.0,0.0,28,4,1,1,24,0,4,0
77659,1861,0.0,6.0,0.0,17,3,1,1,13,0,4,0
78358,1031,0.0,0.0,0.0,12,6,1,4,11,0,1,0
7850,2273,0.0,4.0,1.0,6,3,1,1,5,0,1,0
79329,778,0.0,3.0,1.0,2,1,1,1,1,0,1,0
79680,1891,0.0,4.0,1.0,2,1,1,2,0,0,1,1
80059,4234,0.0,5.0,0.0,22,12,5,2,17,0,5,0
80245,4368,0.0,0.0,0.0,8,1,1,1,6,1,1,0
80331,4079,0.0,2.0,1.0,12,6,1,1,10,0,2,0
8075,1749,0.0,4.0,1.0,6,3,2,3,4,0,1,1
8165,3073,0.0,2.0,0.0,5,2,1,1,4,0,1,0
81701,4044,1.0,5.0,0.0,178,24,9,5,154,0,3,21
81927,1310,0.0,3.0,2.0,60,23,11,12,54,0,2,4
82614,4173,0.0,3.0,1.0,14,5,3,7,12,0,1,1
82979,643,0.0,0.0,0.0,12,9,7,3,8,1,1,2
83441,4979,0.0,6.0,0.0,10,3,1,3,7,0,1,2
8352,2883,0.0,5.0,1.0,1,1,1,1,0,0,1,0
83671,747,0.0,4.0,0.0,4,1,1,1,3,0,1,0
84193,1472,0.0,0.0,1.0,4,2,1,1,3,0,1,0
84200,2746,0.0,3.0,0.0,2,1,1,1,1,0,1,0
84203,46,0.0,5.0,0.0,5,1,1,1,4,0,1,0
84233,1024,0.0,5.0,0.0,3,1,1,1,2,0,1,0
84555,3682,0.0,4.0,1.0,2,1,1,1,1,0,1,0
84697,2928,0.0,3.0,0.0,6,1,1,1,3,0,3,0
84870,2320,0.0,4.0,0.0,8,2,2,3,5,0,3,0
8499,742,0.0,4.0,0.0,12,2,2,2,11,0,1,0
85012,1664,0.0,3.0,0.0,2,1,1,1,0,0,2,0
85455,2279,0.0,0.0,0.0,3,1,1,1,2,0,1,0
85822,3225,0.0,3.0,0.0,6,1,1,1,4,0,1,1
86682,4394,0.0,2.0,1.0,9,1,1,3,7,0,1,1
86759,1412,0.0,4.0,1.0,7,4,1,1,6,0,1,0
87005,2602,0.0,0.0,0.0,6,1,1,2,4,0,1,1
87185,4589,0.0,0.0,1.0,7,1,1,3,5,0,1,1
87359,4195,1.0,3.0,0.0,2,1,1,1,0,0,2,0
87403,773,0.0,4.0,0.0,55,34,11,4,20,0,1,34
87642,2436,0.0,4.0,0.0,51,21,8,3,48,0,1,2
87701,2102,0.0,3.0,1.0,12,4,2,2,11,0,1,0
87995,2318,0.0,4.0,0.0,8,3,1,1,7,0,1,0
88122,4760,1.0,3.0,0.0,19,7,4,1,17,0,2,0
89103,3085,0.0,5.0,0.0,9,6,2,2,8,0,1,0
89428,598,0.0,2.0,1.0,2,1,1,1,1,0,1,0
89548,685,0.0,4.0,1.0,16,8,3,2,14,0,2,0
8964,3828,0.0,3.0,0.0,6,2,2,4,5,0,1,0
90579,4043,0.0,2.0,0.0,25,10,5,5,23,0,2,0
90845,1435,0.0,4.0,0.0,3,2,2,1,2,0,1,0
90873,747,0.0,3.0,0.0,9,1,1,1,8,0,1,0
9112,1262,0.0,3.0,1.0,2,2,2,1,0,0,2,0
91296,4830,0.0,null,null,6,3,1,2,4,0,1,1
91578,4048,0.0,3.0,1.0,3,1,1,1,2,0,1,0
92238,3471,0.0,0.0,0.0,6,2,1,1,5,0,1,0
92288,3586,1.0,0.0,0.0,4,4,2,2,0,0,3,1
92332,1742,0.0,4.0,0.0,2,1,1,1,1,0,1,0
92363,2432,0.0,5.0,0.0,7,2,1,2,6,0,1,0
92451,1540,1.0,5.0,1.0,3,2,1,2,2,0,1,0
92794,3236,0.0,4.0,0.0,14,2,1,3,12,0,1,1
93198,4438,0.0,4.0,0.0,5,1,1,1,4,0,1,0
93279,275,0.0,2.0,0.0,11,3,2,4,9,0,1,1
93380,4568,0.0,5.0,0.0,5,2,1,1,4,0,1,0
93737,1704,0.0,4.0,0.0,22,15,3,3,21,0,1,0
93741,1359,0.0,2.0,0.0,10,1,1,3,9,0,1,0
93836,4536,0.0,0.0,0.0,16,7,4,2,13,0,2,1
94877,3959,0.0,0.0,0.0,4,1,1,1,3,0,1,0
95020,168,0.0,5.0,0.0,1,1,1,1,0,0,1,0
95157,4504,0.0,0.0,1.0,4,1,1,1,3,0,1,0
95391,4305,0.0,4.0,1.0,4,1,1,1,3,0,1,0
95434,962,0.0,0.0,1.0,8,1,1,2,7,0,1,0
95461,2821,0.0,6.0,0.0,8,3,2,1,6,0,2,0
95636,551,0.0,3.0,0.0,10,2,1,1,9,0,1,0
95640,3152,1.0,5.0,1.0,22,7,2,3,20,0,2,0
96068,1704,0.0,7.0,0.0,2,2,1,2,1,0,1,0
96458,3578,0.0,5.0,0.0,13,4,1,3,11,0,1,1
9737,4368,0.0,4.0,1.0,1,1,1,1,0,0,1,0
97758,416,0.0,0.0,0.0,8,1,1,1,7,0,1,0
98348,643,1.0,3.0,0.0,18,9,4,2,15,0,3,0
99172,3085,0.0,3.0,1.0,5,3,1,1,4,0,1,0
99396,760,0.0,0.0,1.0,3,1,1,1,2,0,1,0
99827,2435,1.0,3.0,0.0,4,1,1,1,2,0,2,0
99941,3051,0.0,0.0,0.0,2,1,1,1,1,0,1,0
