100116,1216,0.0,2.0,0.0,6,1,1,1,4,0,1,1
100387,1647,0.0,6.0,1.0,2,2,1,1,0,0,2,0
100471,2954,0.0,4.0,0.0,2,1,1,2,1,0,1,0
100950,4394,0.0,5.0,0.0,1,1,1,1,0,0,1,0
100986,4173,0.0,4.0,0.0,4,3,1,1,0,0,1,3
10131,2469,0.0,0.0,0.0,14,3,1,2,12,0,1,1
101495,3727,0.0,3.0,0.0,2,1,1,2,1,0,1,0
101708,4118,0.0,3.0,0.0,3,1,1,2,2,0,1,0
102098,1487,0.0,4.0,0.0,10,1,1,4,8,0,1,1
102331,2699,0.0,0.0,0.0,9,5,4,2,5,0,3,1
10240,1520,0.0,0.0,0.0,2,1,1,1,1,0,1,0
10248,4048,0.0,0.0,0.0,1,1,1,1,0,0,1,0
102552,4009,0.0,7.0,1.0,113,25,3,9,111,0,2,0
102922,2447,0.0,0.0,1.0,2,1,1,1,1,0,1,0
103743,4919,0.0,4.0,0.0,11,2,1,2,10,0,1,0
104259,4988,0.0,3.0,0.0,5,2,2,1,4,0,1,0
104463,3402,0.0,4.0,2.0,5,1,1,2,4,0,1,0
104666,614,1.0,2.0,0.0,2,1,1,1,1,0,1,0
105074,104,0.0,3.0,0.0,2,1,1,1,1,0,1,0
105113,301,0.0,4.0,0.0,1,1,1,1,0,0,1,0
105130,66,0.0,3.0,0.0,14,2,1,2,13,0,1,0
105281,3878,0.0,6.0,0.0,22,5,1,2,20,0,2,0
105624,773,0.0,4.0,2.0,45,22,13,5,42,0,1,2
10605,1102,0.0,6.0,0.0,55,9,3,4,54,0,1,0
106752,598,0.0,3.0,0.0,15,6,2,3,13,0,1,1
106926,2910,1.0,4.0,0.0,11,3,2,2,9,0,1,1
107226,1474,0.0,3.0,0.0,3,1,1,2,2,0,1,0
107582,4976,0.0,0.0,0.0,162,45,8,5,136,0,2,24
108178,786,0.0,0.0,0.0,4,2,1,1,3,0,1,0
108672,4760,0.0,0.0,1.0,75,23,7,2,68,2,4,1
109349,4394,0.0,3.0,0.0,15,5,2,2,14,0,1,0
109689,1892,0.0,0.0,1.0,16,9,6,2,13,0,3,0
109715,289,0.0,3.0,1.0,1,1,1,1,0,0,1,0
110185,4044,0.0,0.0,null,12,1,1,2,10,0,1,1
110261,586,0.0,5.0,1.0,22,12,2,1,19,0,3,0
110944,4760,0.0,3.0,0.0,13,6,4,1,11,0,2,0
111261,1923,0.0,0.0,1.0,1,1,1,1,0,0,1,0
111359,66,0.0,2.0,0.0,19,3,1,2,17,0,2,0
1118,2318,0.0,3.0,1.0,9,2,1,2,7,1,1,0
112131,1760,0.0,2.0,1.0,4,1,1,1,3,0,1,0
112264,1203,0.0,0.0,0.0,10,1,1,3,8,0,1,1
112301,3472,0.0,6.0,0.0,2,1,1,1,1,0,1,0
11266,4705,0.0,0.0,1.0,3,1,1,1,2,0,1,0
112820,4044,0.0,3.0,0.0,10,2,2,1,8,0,2,0
113171,3236,0.0,2.0,1.0,2,1,1,1,1,0,1,0
113370,4864,0.0,0.0,0.0,3,2,1,2,2,0,1,0
113537,63,0.0,5.0,0.0,7,1,1,2,6,0,1,0
113813,2489,0.0,3.0,0.0,17,13,1,1,16,0,1,0
114392,332,0.0,4.0,1.0,5,2,1,1,3,0,2,0
114470,1187,0.0,4.0,2.0,2,1,1,1,1,0,1,0
114880,361,0.0,3.0,0.0,6,3,2,1,4,0,1,1
115708,643,0.0,null,null,5,1,1,2,3,0,1,1
115785,4234,0.0,0.0,0.0,24,10,5,7,19,0,1,4
115977,1944,0.0,0.0,0.0,11,7,2,1,10,0,1,0
11638,2482,0.0,2.0,0.0,10,2,2,2,8,0,1,1
116502,3127,0.0,3.0,1.0,4,1,1,2,3,0,1,0
11653,598,1.0,4.0,1.0,19,7,3,1,17,0,2,0
116871,718,0.0,5.0,0.0,1,1,1,1,0,0,1,0
116935,4469,0.0,0.0,0.0,9,6,1,1,8,0,1,0
117095,293,0.0,3.0,0.0,2,1,1,1,1,0,1,0
11742,3103,0.0,0.0,0.0,3,1,1,2,1,0,1,1
117730,2721,0.0,0.0,1.0,6,3,1,1,5,0,1,0
117945,1076,0.0,6.0,0.0,11,5,3,1,10,0,1,0
118132,3545,0.0,0.0,1.0,8,4,3,1,6,0,2,0
118481,4048,0.0,7.0,1.0,1,1,1,1,0,0,1,0
118568,2099,0.0,0.0,0.0,2,1,1,1,1,0,1,0
118726,2928,0.0,2.0,0.0,2,1,1,1,1,0,1,0
118984,25,0.0,3.0,1.0,8,3,1,1,6,0,2,0
119290,1393,0.0,0.0,0.0,7,6,3,3,1,0,2,4
119362,4818,0.0,0.0,0.0,2,1,1,1,1,0,1,0
119696,3005,0.0,4.0,1.0,3,1,1,1,2,0,1,0
119828,4170,0.0,4.0,1.0,1,1,1,1,0,0,1,0
120127,4506,0.0,4.0,1.0,1,1,1,1,0,0,1,0
12021,4240,0.0,0.0,0.0,29,6,1,7,28,0,1,0
120384,2569,0.0,3.0,0.0,3,1,1,1,2,0,1,0
120815,1393,0.0,3.0,null,19,11,6,1,17,0,2,0
121213,3227,0.0,4.0,1.0,1,1,1,1,0,0,1,0
121693,2218,0.0,0.0,2.0,2,1,1,1,1,0,1,0
121712,2482,0.0,3.0,0.0,15,4,3,6,13,0,1,1
121832,1851,0.0,2.0,0.0,6,2,2,3,5,0,1,0
122017,2273,0.0,3.0,0.0,9,1,1,3,7,0,1,1
122443,1340,0.0,0.0,0.0,11,7,4,1,7,3,1,0
122446,4693,0.0,4.0,0.0,38,7,2,4,35,0,1,2
122642,148,1.0,4.0,0.0,14,3,3,4,12,0,2,0
122724,3173,0.0,3.0,1.0,3,2,2,2,2,0,1,0
123090,437,0.0,0.0,0.0,1,1,1,1,0,0,1,0
123255,4181,0.0,3.0,0.0,4,2,2,1,3,0,1,0
123260,4368,0.0,4.0,0.0,2,2,2,2,0,0,1,1
123323,3954,0.0,3.0,1.0,13,3,2,2,12,0,1,0
12341,2615,0.0,7.0,0.0,4,1,1,1,2,0,2,0
123634,4763,0.0,2.0,0.0,7,1,1,1,5,0,1,1
123689,3236,0.0,3.0,0.0,13,3,1,1,11,0,2,0
123743,1102,0.0,2.0,0.0,2,1,1,1,1,0,1,0
124027,4585,0.0,3.0,0.0,3,1,1,1,2,0,1,0
124220,3828,0.0,0.0,0.0,20,10,5,3,16,3,1,0
124338,2255,0.0,3.0,1.0,5,1,1,1,4,0,1,0
12482,3955,0.0,3.0,0.0,4,1,1,1,2,0,2,0
125078,2545,0.0,3.0,0.0,4,1,1,3,2,0,1,1
125154,414,0.0,5.0,0.0,20,16,5,2,16,0,4,0
125354,474,0.0,0.0,1.0,6,1,1,3,5,0,1,0
126817,3828,1.0,4.0,0.0,7,7,5,3,0,0,1,6
12698,1890,0.0,0.0,0.0,35,22,2,8,32,0,1,2
127297,4841,0.0,4.0,0.0,2,1,1,1,1,0,1,0
128146,3042,1.0,4.0,0.0,71,22,8,4,65,0,3,3
128386,2935,0.0,2.0,0.0,2,1,1,1,1,0,1,0
128455,503,0.0,6.0,0.0,10,1,1,4,8,0,1,1
128831,2849,0.0,2.0,1.0,35,3,3,2,33,0,2,0
128894,3319,0.0,3.0,0.0,3,2,1,2,2,0,1,0
128894,643,0.0,3.0,0.0,2,1,1,1,1,0,1,0
128953,2641,0.0,0.0,1.0,4,1,1,1,3,0,1,0
128963,4955,0.0,2.0,0.0,13,7,2,2,10,0,2,1
130308,4116,0.0,4.0,1.0,4,1,1,1,3,0,1,0
130878,4265,0.0,0.0,0.0,2,1,1,1,1,0,1,0
131360,1459,0.0,0.0,0.0,1,1,1,1,0,0,1,0
131752,685,1.0,4.0,0.0,22,10,2,2,21,0,1,0
131828,4388,0.0,6.0,0.0,17,11,2,2,13,0,4,0
132077,361,0.0,6.0,0.0,10,5,2,2,8,1,1,0
132199,1133,0.0,4.0,0.0,4,2,2,1,2,0,2,0
132712,682,1.0,3.0,0.0,9,2,2,1,8,0,1,0
132848,4287,0.0,5.0,0.0,2,1,1,1,1,0,1,0
133007,2124,0.0,4.0,0.0,15,5,2,1,13,0,2,0
133246,4976,0.0,2.0,0.0,3,1,1,1,2,0,1,0
133485,897,0.0,4.0,2.0,4,1,1,2,3,0,1,0
133512,3828,0.0,3.0,1.0,36,27,10,12,35,0,1,0
134152,2537,1.0,2.0,0.0,9,5,3,1,7,0,2,0
13450,4760,0.0,6.0,0.0,3,1,1,1,2,0,1,0
134941,2061,0.0,3.0,1.0,7,3,2,1,5,0,2,0
135234,2664,0.0,0.0,1.0,7,2,1,2,5,0,2,0
135635,2669,0.0,2.0,0.0,18,6,2,4,15,0,2,1
135963,2124,0.0,4.0,1.0,19,5,1,1,18,0,1,0
136389,1963,0.0,2.0,1.0,8,6,3,1,7,0,1,0
136463,4079,0.0,0.0,0.0,13,7,1,1,12,0,1,0
13731,3578,0.0,4.0,1.0,9,3,1,1,7,0,2,0
137468,2664,0.0,6.0,0.0,6,2,1,1,4,0,2,0
137482,2099,0.0,3.0,0.0,7,3,3,1,6,0,1,0
137823,4368,0.0,4.0,1.0,8,6,5,1,7,0,1,0
137825,4042,0.0,3.0,2.0,2,1,1,1,1,0,1,0
13843,4540,0.0,2.0,0.0,2,1,1,1,0,0,2,0
138607,4352,0.0,3.0,0.0,5,2,1,3,4,0,1,0
139894,121,0.0,0.0,1.0,4,1,1,1,3,0,1,0
139936,3016,1.0,4.0,1.0,80,61,13,11,77,0,3,0
140043,3623,0.0,3.0,0.0,9,2,2,1,8,0,1,0
140435,1102,0.0,4.0,0.0,7,3,2,1,5,0,2,0
140446,685,0.0,4.0,0.0,10,4,2,3,9,0,1,0
14119,4282,0.0,3.0,0.0,2,1,1,1,1,0,1,0
141342,2721,0.0,0.0,null,6,1,1,3,5,0,1,0
141369,467,1.0,4.0,1.0,3,1,1,1,2,0,1,0
141536,412,0.0,4.0,0.0,11,5,4,3,10,0,1,0
141825,151,0.0,4.0,0.0,5,1,1,3,4,0,1,0
141826,4173,0.0,2.0,0.0,6,6,4,2,5,0,1,0
142043,4732,0.0,3.0,0.0,8,4,1,1,7,0,1,0
14222,3319,0.0,4.0,2.0,11,3,1,1,10,0,1,0
142263,2592,0.0,3.0,1.0,10,1,1,3,8,0,1,1
142861,3578,0.0,4.0,1.0,5,4,1,1,4,0,1,0
143166,2435,0.0,3.0,1.0,3,1,1,1,1,0,2,0
143206,414,0.0,0.0,0.0,18,7,3,7,17,0,1,0
14332,1679,0.0,4.0,1.0,1,1,1,1,0,0,1,0
143584,861,0.0,0.0,1.0,8,3,2,2,6,1,1,0
144283,608,1.0,5.0,0.0,40,17,6,1,37,0,2,1
144288,2127,0.0,2.0,null,7,2,1,2,6,0,1,0
144467,3350,0.0,0.0,0.0,1,1,1,1,0,0,1,0
144721,2036,0.0,0.0,1.0,3,1,1,1,2,0,1,0
144864,4420,0.0,4.0,1.0,8,1,1,2,7,0,1,0
1450,2511,0.0,3.0,0.0,10,6,1,2,7,0,3,0
145203,4919,0.0,4.0,0.0,4,2,2,1,2,0,2,0
145235,1884,1.0,6.0,1.0,2,1,1,1,1,0,1,0
145447,219,0.0,6.0,0.0,5,4,1,1,4,0,1,0
145453,1448,0.0,0.0,0.0,3,1,1,1,2,0,1,0
145630,4877,0.0,0.0,1.0,3,1,1,1,2,0,1,0
145755,4841,0.0,3.0,0.0,3,1,1,2,0,0,2,1
145767,3828,0.0,4.0,0.0,15,7,4,1,13,0,2,0
146252,1466,0.0,0.0,0.0,3,1,1,1,1,0,2,0
146562,2821,0.0,3.0,1.0,3,1,1,1,1,0,2,0
146989,4173,0.0,4.0,1.0,15,8,3,2,14,0,1,0
147631,3062,0.0,0.0,0.0,1,1,1,1,0,0,1,0
147681,1555,0.0,2.0,0.0,4,1,1,2,3,0,1,0
147905,1495,0.0,0.0,0.0,1,1,1,1,0,0,1,0
148273,1861,0.0,0.0,0.0,3,2,2,2,1,0,1,1
148420,1892,0.0,3.0,0.0,30,17,5,2,27,0,3,0
148655,4044,0.0,6.0,0.0,4,3,1,2,0,0,1,3
14885,900,0.0,8.0,0.0,7,1,1,1,3,0,4,0
149043,4079,0.0,4.0,0.0,3,2,1,1,1,0,2,0
149162,4760,0.0,2.0,0.0,21,7,4,3,19,0,2,0
149819,1506,0.0,0.0,0.0,14,8,1,3,13,0,1,0
14984,4960,0.0,4.0,0.0,21,9,4,1,16,0,5,0
149888,2141,0.0,6.0,1.0,5,3,1,2,4,0,1,0
150177,10,0.0,3.0,1.0,5,1,1,1,4,0,1,0
150907,1963,0.0,4.0,0.0,17,7,2,3,15,0,1,1
151534,412,0.0,0.0,1.0,32,5,4,2,27,0,5,0
151638,4170,0.0,5.0,0.0,24,7,1,2,19,0,4,1
152037,3609,0.0,5.0,0.0,10,4,1,2,7,0,3,0
152430,3420,0.0,2.0,0.0,14,5,4,1,10,0,4,0
152770,1056,0.0,4.0,0.0,11,4,2,1,10,0,1,0
152873,3828,0.0,3.0,0.0,53,39,10,1,47,0,6,0
153078,2649,0.0,0.0,1.0,14,7,4,3,10,0,4,0
153458,3599,0.0,0.0,0.0,4,2,2,2,3,0,1,0
153634,1049,0.0,0.0,0.0,2,1,1,1,1,0,1,0
153862,4050,0.0,3.0,1.0,2,1,1,1,1,0,1,0
153863,96,0.0,0.0,1.0,41,21,2,3,31,0,9,1
154312,1379,1.0,4.0,0.0,21,8,6,2,16,0,5,0
154587,2447,0.0,2.0,1.0,8,3,2,2,5,0,1,2
156249,203,0.0,3.0,0.0,9,3,2,1,7,0,2,0
156425,2403,0.0,5.0,0.0,76,41,5,4,73,0,3,0
156553,4325,0.0,4.0,0.0,4,1,1,1,3,0,1,0
156860,3728,0.0,0.0,1.0,7,1,1,3,5,0,1,1
157033,714,0.0,2.0,0.0,2,1,1,1,1,0,1,0
158168,3734,0.0,2.0,1.0,8,2,2,2,5,0,3,0
158253,1347,0.0,7.0,0.0,3,1,1,2,2,0,1,0
158432,1760,0.0,4.0,0.0,12,10,1,2,9,0,2,1
158755,2303,0.0,3.0,0.0,2,1,1,2,1,0,1,0
158841,2108,0.0,3.0,1.0,9,3,3,2,8,0,1,0
159366,1885,0.0,5.0,1.0,8,2,2,2,5,0,1,2
159491,4607,0.0,3.0,0.0,4,2,1,1,2,0,2,0
159624,2242,0.0,4.0,1.0,6,2,2,3,2,0,2,2
160019,2124,0.0,6.0,0.0,7,4,1,3,6,0,1,0
160221,3474,0.0,6.0,0.0,5,2,1,1,4,0,1,0
160316,2872,0.0,4.0,0.0,14,2,2,2,12,0,1,1
160880,2131,0.0,8.0,0.0,6,2,1,1,5,0,1,0
160964,3979,0.0,2.0,0.0,4,1,1,1,3,0,1,0
161172,1843,0.0,4.0,1.0,3,1,1,1,2,0,1,0
161676,3828,0.0,6.0,0.0,13,12,4,5,12,0,1,0
161685,141,1.0,5.0,0.0,2,2,2,1,0,0,2,0
161950,946,0.0,5.0,0.0,5,3,2,1,4,0,1,0
162119,4173,0.0,0.0,0.0,7,2,2,1,5,0,1,1
162260,1370,1.0,0.0,0.0,10,5,2,1,7,0,3,0
162966,1890,0.0,3.0,0.0,27,8,4,5,24,0,1,2
163069,3828,1.0,6.0,0.0,32,10,2,2,30,0,2,0
163756,1679,0.0,4.0,0.0,31,16,3,2,21,0,3,7
163835,4044,0.0,2.0,0.0,31,11,5,2,30,0,1,0
164414,1890,0.0,0.0,0.0,43,8,3,6,42,0,1,0
164961,1997,0.0,0.0,1.0,11,3,2,1,8,0,3,0
165072,4444,0.0,0.0,0.0,18,8,2,1,14,0,4,0
165157,2359,0.0,0.0,0.0,10,3,1,2,9,0,1,0
165312,1892,0.0,3.0,0.0,4,2,2,2,0,0,3,1
165571,3102,0.0,3.0,1.0,5,1,1,2,2,0,2,1
165605,219,0.0,4.0,0.0,14,6,1,1,11,0,3,0
1657,1451,0.0,6.0,0.0,5,1,1,1,4,0,1,0
165840,4198,0.0,0.0,0.0,2,1,1,1,1,0,1,0
165912,4894,0.0,5.0,0.0,2,1,1,1,1,0,1,0
166805,2954,0.0,0.0,0.0,50,16,9,6,37,0,7,6
167072,1861,0.0,3.0,1.0,3,1,1,1,2,0,1,0
167717,632,0.0,3.0,1.0,3,1,1,1,2,0,1,0
16772,4979,0.0,5.0,0.0,2,1,1,1,1,0,1,0
16782,2397,0.0,4.0,2.0,5,2,2,2,4,0,1,0
167921,1618,0.0,3.0,0.0,4,2,1,2,3,0,1,0
168033,4143,0.0,0.0,0.0,16,12,6,3,15,0,1,0
168459,2482,1.0,3.0,0.0,14,5,4,4,10,0,3,1
168566,2604,0.0,3.0,0.0,11,3,1,1,10,0,1,0
168606,4571,0.0,4.0,0.0,4,2,1,1,2,0,2,0
169060,2138,0.0,6.0,0.0,6,1,1,1,5,0,1,0
169122,1884,0.0,0.0,1.0,16,3,2,4,14,1,1,0
169827,264,0.0,2.0,0.0,1,1,1,1,0,0,1,0
169837,4039,1.0,2.0,0.0,1,1,1,1,0,0,1,0
169850,3628,0.0,0.0,0.0,4,1,1,1,3,0,1,0
170032,760,0.0,5.0,0.0,5,3,1,1,3,0,2,0
170072,152,0.0,4.0,0.0,10,1,1,2,8,0,1,1
170106,1022,0.0,0.0,0.0,3,1,1,1,2,0,1,0
170495,3965,0.0,3.0,1.0,36,7,1,2,34,0,2,0
171210,191,1.0,3.0,0.0,19,13,8,2,12,0,7,0
17132,1861,0.0,3.0,0.0,5,2,1,1,4,0,1,0
172798,3363,0.0,4.0,1.0,8,2,1,2,5,0,1,2
17321,742,0.0,6.0,0.0,1,1,1,1,0,0,1,0
173377,826,0.0,3.0,1.0,7,1,1,1,6,0,1,0
173440,1499,0.0,4.0,0.0,1,1,1,1,0,0,1,0
173703,3578,0.0,0.0,0.0,2,2,2,1,0,0,2,0
173944,3484,0.0,2.0,1.0,6,1,1,2,5,0,1,0
17431,141,1.0,3.0,0.0,175,94,15,3,162,0,6,7
174771,4589,0.0,3.0,0.0,1,1,1,1,0,0,1,0
174915,4043,0.0,0.0,0.0,1,1,1,1,0,0,1,0
174962,121,0.0,0.0,0.0,18,11,3,4,17,0,1,0
175756,4282,1.0,0.0,0.0,6,4,3,2,4,0,1,1
176404,1899,0.0,0.0,0.0,1,1,1,1,0,0,1,0
176511,685,0.0,5.0,0.0,10,6,2,1,8,0,2,0
176521,1393,0.0,3.0,0.0,1,1,1,1,0,0,1,0
176570,4044,0.0,3.0,0.0,29,11,6,2,26,1,2,0
176638,66,0.0,0.0,0.0,2,2,1,2,1,0,1,0
176903,2026,0.0,0.0,0.0,10,3,2,1,9,0,1,0
177507,4282,0.0,3.0,1.0,8,3,2,2,7,0,1,0
17776,1708,0.0,7.0,1.0,7,1,1,3,6,0,1,0
177963,702,0.0,0.0,1.0,5,1,1,1,4,0,1,0
178309,3835,0.0,5.0,2.0,10,5,2,1,9,0,1,0
178864,1399,0.0,6.0,1.0,4,2,1,1,3,0,1,0
179115,1134,0.0,0.0,0.0,2,1,1,1,1,0,1,0
179180,4585,0.0,4.0,0.0,2,1,1,1,1,0,1,0
179721,1131,1.0,0.0,0.0,4,3,3,1,1,0,3,0
179853,10,0.0,6.0,1.0,7,2,2,1,6,0,1,0
17994,3968,0.0,4.0,1.0,3,1,1,1,2,0,1,0
179962,1840,0.0,4.0,0.0,2,1,1,1,1,0,1,0
180075,915,0.0,3.0,0.0,24,10,2,3,17,0,1,6
180822,2273,0.0,6.0,0.0,4,1,1,2,2,0,1,1
18104,1708,0.0,4.0,0.0,2,2,1,1,1,0,1,0
181344,4536,0.0,0.0,0.0,1,1,1,1,0,0,1,0
181515,1708,0.0,2.0,0.0,2,1,1,2,0,0,1,1
18181,2447,0.0,3.0,1.0,18,3,1,3,17,0,1,0
181849,806,0.0,3.0,0.0,2,1,1,1,1,0,1,0
18188,1372,0.0,4.0,0.0,1,1,1,1,0,0,1,0
182097,2900,0.0,0.0,0.0,2,1,1,1,1,0,1,0
182388,2511,0.0,2.0,0.0,14,2,1,1,13,0,1,0
182400,3938,1.0,2.0,0.0,1,1,1,1,0,0,1,0
182501,1050,0.0,2.0,0.0,10,1,1,1,8,0,1,1
183078,4325,0.0,7.0,1.0,13,1,1,6,11,0,1,1
183759,4756,0.0,6.0,1.0,2,1,1,1,1,0,1,0
183877,2928,0.0,3.0,null,1,1,1,1,0,0,1,0
184042,3323,0.0,3.0,0.0,5,3,1,3,4,0,1,0
184217,3460,0.0,0.0,0.0,11,6,2,1,8,0,3,0
184397,2766,0.0,5.0,0.0,3,1,1,1,2,0,1,0
184550,2954,0.0,0.0,0.0,3,1,1,1,1,0,2,0
185305,3016,0.0,2.0,1.0,3,1,1,1,1,0,2,0
18562,3411,0.0,0.0,0.0,4,1,1,1,3,0,1,0
186050,4173,0.0,2.0,0.0,4,2,2,1,2,0,2,0
186225,1122,0.0,3.0,1.0,4,2,1,1,3,0,1,0
187038,3958,0.0,3.0,0.0,8,5,4,2,7,0,1,0
187086,3350,0.0,4.0,0.0,2,1,1,2,1,0,1,0
187730,3476,0.0,0.0,0.0,2,2,2,1,0,0,2,0
187882,3635,0.0,3.0,1.0,3,2,1,1,2,0,1,0
18833,652,0.0,4.0,0.0,12,3,1,2,10,0,2,0
188493,191,0.0,2.0,0.0,20,9,4,1,18,0,2,0
188985,320,0.0,0.0,0.0,3,1,1,2,2,0,1,0
189118,1679,0.0,0.0,0.0,59,20,4,1,57,0,2,0
189673,2318,0.0,4.0,0.0,2,1,1,1,1,0,1,0
189950,3826,0.0,3.0,0.0,4,1,1,3,3,0,1,0
190309,3839,0.0,5.0,1.0,6,2,1,2,4,1,1,0
190448,3828,0.0,0.0,0.0,3,1,1,2,2,0,1,0
190909,1448,0.0,6.0,0.0,2,1,1,1,1,0,1,0
190945,278,0.0,4.0,0.0,6,3,1,1,5,0,1,0
191040,3635,0.0,4.0,1.0,7,2,1,3,6,0,1,0
191103,2721,0.0,3.0,0.0,27,10,1,2,26,0,1,0
191490,4991,0.0,3.0,0.0,2,1,1,1,1,0,1,0
191505,4660,0.0,3.0,null,1,1,1,1,0,0,1,0
192168,3955,0.0,0.0,0.0,3,1,1,1,2,0,1,0
192912,1370,0.0,5.0,0.0,7,3,3,3,4,0,1,2
19348,1742,0.0,0.0,0.0,5,4,1,2,4,0,1,0
194075,2646,0.0,2.0,0.0,6,1,1,1,2,0,4,0
194100,1487,0.0,0.0,0.0,11,4,1,1,10,0,1,0
19437,4732,0.0,4.0,1.0,5,4,2,1,4,0,1,0
194536,3955,0.0,3.0,0.0,8,2,1,1,7,0,1,0
194631,3702,0.0,0.0,0.0,4,1,1,1,3,0,1,0
194893,4186,0.0,4.0,0.0,1,1,1,1,0,0,1,0
194989,4256,0.0,5.0,0.0,13,5,4,2,11,0,2,0
195412,4919,0.0,3.0,0.0,2,1,1,1,1,0,1,0
195446,1435,1.0,3.0,0.0,3,1,1,1,2,0,1,0
195839,503,0.0,0.0,1.0,20,9,2,3,18,0,2,0
196914,4760,0.0,3.0,1.0,8,6,3,1,6,0,2,0
197288,2721,0.0,6.0,0.0,21,8,1,2,20,0,1,0
197427,1843,0.0,6.0,1.0,4,3,3,1,3,0,1,0
19815,606,0.0,6.0,1.0,2,1,1,1,1,0,1,0
198366,2459,1.0,3.0,0.0,3,1,1,1,2,0,1,0
198477,2856,0.0,3.0,1.0,4,1,1,1,2,0,2,0
19866,1742,0.0,6.0,0.0,4,2,1,2,3,0,1,0
198911,798,0.0,2.0,0.0,89,20,9,9,84,0,3,2
199132,3335,0.0,0.0,1.0,2,1,1,2,1,0,1,0
200185,4992,1.0,4.0,2.0,2,2,1,2,0,0,1,1
200580,794,0.0,6.0,0.0,21,6,2,1,20,0,1,0
20068,2592,0.0,0.0,1.0,2,1,1,1,1,0,1,0
200862,1272,0.0,5.0,0.0,12,4,1,2,11,0,1,0
201729,1850,0.0,5.0,0.0,10,1,1,1,9,0,1,0
2021,3623,0.0,2.0,0.0,4,1,1,2,2,0,2,0
202182,1556,0.0,6.0,0.0,2,2,2,1,0,0,2,0
202311,1067,0.0,5.0,1.0,8,1,1,5,6,0,1,1
202444,4864,0.0,4.0,1.0,13,4,2,3,12,0,1,0
202492,962,1.0,2.0,0.0,1,1,1,1,0,0,1,0
202569,3191,0.0,4.0,1.0,3,2,1,2,2,0,1,0
202790,1216,0.0,5.0,2.0,1,1,1,1,0,0,1,0
202833,1890,0.0,3.0,0.0,55,9,3,3,51,0,2,2
203441,4005,0.0,4.0,0.0,6,3,3,2,4,0,2,0
203565,4079,0.0,4.0,null,9,2,1,1,6,0,3,0
203612,806,0.0,3.0,0.0,2,1,1,2,1,0,1,0
203615,4659,0.0,5.0,1.0,6,3,3,2,5,0,1,0
203707,897,0.0,4.0,0.0,1,1,1,1,0,0,1,0
203729,4042,0.0,3.0,0.0,3,3,3,1,0,0,3,0
204264,1103,0.0,3.0,1.0,3,1,1,1,2,0,1,0
205305,1123,0.0,3.0,0.0,2,1,1,1,1,0,1,0
205366,2608,0.0,4.0,1.0,9,3,1,2,7,0,1,1
20570,1892,1.0,3.0,0.0,15,6,3,1,11,0,4,0
205820,4525,0.0,3.0,0.0,34,17,1,2,30,0,1,3
205893,2124,0.0,3.0,0.0,42,23,2,5,40,0,2,0
205899,1884,0.0,3.0,1.0,5,3,1,1,4,0,1,0
205900,3072,0.0,0.0,0.0,3,1,1,1,2,0,1,0
207159,4957,0.0,3.0,0.0,1,1,1,1,0,0,1,0
207192,2916,0.0,0.0,0.0,5,2,1,2,3,0,2,0
207520,3537,0.0,4.0,0.0,24,4,1,2,18,0,2,4
208614,1884,0.0,4.0,0.0,6,4,1,1,5,0,1,0
208753,4427,0.0,4.0,0.0,3,1,1,1,2,0,1,0
208946,424,0.0,3.0,0.0,2,1,1,1,1,0,1,0
20914,879,0.0,2.0,1.0,3,1,1,1,2,0,1,0
209346,742,0.0,3.0,0.0,5,4,2,1,4,0,1,0
209529,1212,0.0,4.0,0.0,2,1,1,1,1,0,1,0
209674,2711,0.0,3.0,0.0,15,12,2,3,14,0,1,0
209772,2072,0.0,4.0,0.0,13,8,2,1,12,0,1,0
209876,4173,0.0,3.0,1.0,50,9,3,6,45,0,1,4
210082,1353,0.0,2.0,1.0,6,1,1,1,4,0,1,1
210420,4871,0.0,3.0,1.0,4,1,1,1,3,0,1,0
210527,4234,1.0,5.0,0.0,53,31,6,5,40,0,7,6
210563,2582,0.0,2.0,0.0,9,2,1,3,7,0,1,1
210696,3828,0.0,6.0,1.0,4,2,2,1,2,0,2,0
210706,742,0.0,3.0,0.0,5,2,1,1,4,0,1,0
210774,4170,0.0,0.0,0.0,12,4,1,3,11,0,1,0
210959,2856,0.0,4.0,1.0,3,1,1,1,2,0,1,0
211542,4427,0.0,0.0,0.0,2,1,1,1,1,0,1,0
211566,1916,0.0,5.0,0.0,4,2,1,1,0,0,4,0
21180,3022,0.0,3.0,1.0,22,11,6,1,19,0,2,1
211960,3529,0.0,0.0,0.0,1,1,1,1,0,0,1,0
212186,4044,0.0,4.0,1.0,17,6,4,4,15,0,1,1
212240,300,0.0,3.0,1.0,9,4,3,1,8,0,1,0
212405,3571,0.0,6.0,1.0,7,3,2,1,6,0,1,0
212890,1760,0.0,4.0,0.0,11,7,3,2,10,0,1,0
212965,4950,0.0,5.0,1.0,3,2,2,1,2,0,1,0
213248,3843,0.0,5.0,0.0,10,5,2,2,8,0,2,0
213368,3230,0.0,0.0,0.0,12,3,2,2,9,0,1,2
21341,2242,0.0,0.0,0.0,1,1,1,1,0,0,1,0
213908,2879,0.0,3.0,0.0,4,1,1,1,3,0,1,0
213985,148,0.0,0.0,2.0,4,3,3,2,0,0,1,3
213991,3965,0.0,2.0,1.0,5,1,1,1,4,0,1,0
214615,4044,0.0,3.0,0.0,10,9,5,1,9,0,1,0
215607,4050,0.0,6.0,1.0,11,1,1,5,9,0,1,1
215617,547,0.0,3.0,2.0,14,6,1,5,12,0,1,1
21585,3230,0.0,0.0,0.0,1,1,1,1,0,0,1,0
215903,2696,0.0,4.0,0.0,2,1,1,1,1,0,1,0
21653,4976,0.0,2.0,0.0,16,7,2,5,13,0,2,1
216952,1346,0.0,5.0,2.0,9,2,1,1,7,0,1,1
216988,4687,0.0,3.0,0.0,1,1,1,1,0,0,1,0
21728,2002,0.0,2.0,1.0,2,1,1,1,1,0,1,0
217372,3623,0.0,2.0,0.0,8,6,1,1,7,0,1,0
217470,643,0.0,4.0,0.0,2,1,1,1,1,0,1,0
218100,4585,0.0,7.0,1.0,3,1,1,1,2,0,1,0
218145,323,0.0,6.0,0.0,3,1,1,1,2,0,1,0
218577,4858,0.0,0.0,0.0,6,2,1,2,5,0,1,0
219435,4234,0.0,4.0,0.0,1,1,1,1,0,0,1,0
219597,4170,1.0,4.0,0.0,1,1,1,1,0,0,1,0
219778,102,0.0,3.0,0.0,17,5,3,2,13,0,2,2
219914,1454,0.0,3.0,1.0,3,1,1,1,1,0,2,0
220020,2709,0.0,4.0,0.0,5,2,1,1,4,0,1,0
220079,2664,0.0,5.0,0.0,4,2,2,1,2,0,2,0
220142,1506,0.0,0.0,1.0,4,2,1,1,3,0,1,0
220357,2273,0.0,3.0,1.0,16,4,1,1,15,0,1,0
220394,4744,0.0,3.0,0.0,5,3,2,1,3,0,2,0
22104,2995,0.0,0.0,0.0,2,1,1,1,1,0,1,0
221079,2108,0.0,0.0,0.0,2,1,1,1,1,0,1,0
221124,323,0.0,5.0,0.0,4,2,1,2,2,0,1,1
221378,2099,0.0,3.0,2.0,8,3,1,1,6,0,2,0
22168,3828,0.0,6.0,0.0,2,1,1,1,1,0,1,0
221780,4044,1.0,0.0,1.0,10,4,3,3,9,0,1,0
221936,661,0.0,0.0,0.0,2,1,1,1,0,0,2,0
2225,2068,0.0,4.0,0.0,1,1,1,1,0,0,1,0
223204,1272,0.0,0.0,0.0,12,1,1,4,10,0,1,1
223878,2981,0.0,0.0,0.0,5,3,3,1,4,0,1,0
224316,2821,0.0,4.0,1.0,11,8,4,1,9,0,2,0
224490,3376,0.0,2.0,1.0,6,2,1,1,5,0,1,0
225093,4394,0.0,0.0,0.0,4,1,1,1,3,0,1,0
225168,114,0.0,6.0,0.0,1,1,1,1,0,0,1,0
22534,3230,0.0,4.0,0.0,2,1,1,1,1,0,1,0
225353,2173,0.0,6.0,0.0,6,2,1,1,5,0,1,0
225626,1943,0.0,6.0,1.0,2,1,1,1,1,0,1,0
226693,4756,1.0,4.0,0.0,5,1,1,2,3,0,1,1
227159,4942,0.0,2.0,0.0,3,1,1,1,2,0,1,0
227340,4818,1.0,5.0,0.0,47,25,7,7,46,0,1,0
228120,323,0.0,5.0,2.0,17,4,1,4,15,0,1,1
228148,311,0.0,0.0,1.0,2,1,1,1,1,0,1,0
229401,2767,0.0,4.0,0.0,4,1,1,1,3,0,1,0
229674,2102,0.0,0.0,0.0,1,1,1,1,0,0,1,0
230171,3108,0.0,4.0,0.0,4,1,1,2,3,0,1,0
230577,1884,0.0,6.0,0.0,27,7,3,2,25,0,2,0
230643,3159,0.0,6.0,1.0,9,2,1,2,8,0,1,0
230745,4287,0.0,3.0,0.0,1,1,1,1,0,0,1,0
230819,3689,0.0,3.0,0.0,2,1,1,1,1,0,1,0
230874,3152,0.0,5.0,0.0,2,1,1,1,1,0,1,0
23142,1850,0.0,8.0,1.0,2,1,1,1,1,0,1,0
231537,2928,0.0,4.0,1.0,5,1,1,1,4,0,1,0
231640,587,1.0,3.0,2.0,8,2,1,2,6,0,1,1
232271,4744,0.0,4.0,1.0,2,1,1,1,1,0,1,0
232883,2436,0.0,3.0,0.0,7,1,1,3,5,0,1,1
23295,1162,0.0,4.0,1.0,2,1,1,1,1,0,1,0
233410,1393,0.0,6.0,0.0,1,1,1,1,0,0,1,0
23347,654,0.0,5.0,1.0,10,1,1,1,9,0,1,0
233631,2318,0.0,4.0,0.0,7,3,2,1,6,0,1,0
234077,4385,0.0,4.0,1.0,8,2,1,1,7,0,1,0
234871,4659,0.0,3.0,0.0,12,7,5,1,8,0,4,0
234965,747,0.0,3.0,0.0,9,3,1,4,7,0,1,1
235187,4783,0.0,4.0,0.0,10,4,2,2,7,0,3,0
235565,1013,0.0,5.0,0.0,2,1,1,1,1,0,1,0
235933,66,0.0,6.0,0.0,4,1,1,1,3,0,1,0
23595,4450,0.0,5.0,0.0,3,1,1,1,2,0,1,0
236024,1784,0.0,8.0,0.0,20,10,5,4,17,0,3,0
236121,4523,0.0,3.0,0.0,47,18,3,5,43,0,4,0
236215,4170,0.0,4.0,0.0,7,2,2,1,5,0,2,0
236289,46,0.0,0.0,null,16,4,2,1,13,0,1,2
237145,3941,0.0,6.0,1.0,9,2,2,3,8,0,1,0
237317,432,0.0,0.0,0.0,16,9,1,1,14,1,1,0
237727,4044,0.0,3.0,0.0,6,1,1,2,5,0,1,0
237902,4789,0.0,2.0,0.0,11,3,2,2,8,0,1,2
238280,1356,0.0,0.0,0.0,2,1,1,1,1,0,1,0
238348,1810,0.0,2.0,0.0,10,6,4,3,7,0,1,2
238531,742,0.0,0.0,0.0,2,2,2,1,1,0,1,0
238773,3635,0.0,6.0,1.0,3,1,1,1,2,0,1,0
23895,4044,0.0,2.0,0.0,6,1,1,4,5,0,1,0
239692,4173,0.0,4.0,0.0,26,13,4,3,20,0,1,5
23993,588,0.0,5.0,0.0,16,3,1,3,13,0,1,2
239973,742,0.0,0.0,0.0,8,1,1,1,5,0,3,0
24004,4444,0.0,3.0,1.0,9,5,2,2,8,0,1,0
240103,2445,0.0,5.0,1.0,17,5,2,4,16,0,1,0
240608,3420,1.0,5.0,0.0,13,7,2,1,11,0,2,0
240764,161,0.0,0.0,1.0,8,1,1,2,7,0,1,0
241215,1019,0.0,2.0,0.0,2,1,1,1,0,0,2,0
241657,574,0.0,4.0,2.0,1,1,1,1,0,0,1,0
241677,1643,0.0,4.0,0.0,4,1,1,2,1,0,1,2
242300,98,0.0,0.0,1.0,1,1,1,1,0,0,1,0
242558,3319,1.0,4.0,0.0,3,1,1,1,2,0,1,0
242603,1679,0.0,5.0,0.0,36,12,4,1,32,0,4,0
242828,4282,1.0,2.0,1.0,3,3,3,2,2,0,1,0
242882,4163,0.0,6.0,0.0,14,6,2,3,13,0,1,0
242984,9,0.0,2.0,1.0,4,1,1,1,3,0,1,0
243777,1359,0.0,6.0,1.0,69,30,1,3,68,0,1,0
243794,2943,0.0,5.0,0.0,36,14,1,8,32,0,1,3
244132,2232,0.0,3.0,0.0,1,1,1,1,0,0,1,0
244280,2577,0.0,4.0,0.0,2,1,1,2,1,0,1,0
244760,2565,0.0,0.0,0.0,28,11,1,3,26,0,2,0
244807,3057,0.0,0.0,0.0,4,1,1,1,3,0,1,0
244925,2435,0.0,0.0,0.0,3,2,2,1,2,0,1,0
245339,1340,0.0,4.0,0.0,4,1,1,2,3,0,1,0
245508,4926,1.0,3.0,0.0,9,4,4,2,8,0,1,0
24551,2913,0.0,3.0,0.0,3,2,1,1,2,0,1,0
24642,1538,0.0,3.0,1.0,2,1,1,2,1,0,1,0
246930,1948,0.0,4.0,1.0,7,2,1,1,6,0,1,0
247324,4072,0.0,3.0,0.0,16,5,2,3,15,0,1,0
2474,2232,0.0,2.0,0.0,3,1,1,1,2,0,1,0
247470,1454,0.0,2.0,0.0,8,1,1,2,5,0,2,1
247517,4042,0.0,4.0,0.0,1,1,1,1,0,0,1,0
247993,2824,0.0,0.0,0.0,8,2,2,1,7,0,1,0
248018,120,0.0,6.0,0.0,85,27,10,5,80,0,2,3
248615,2193,0.0,2.0,0.0,2,1,1,2,0,0,1,1
248684,2051,0.0,6.0,0.0,10,2,1,1,8,0,2,0
249395,946,0.0,2.0,0.0,25,12,3,2,24,0,1,0
249502,2669,0.0,4.0,1.0,3,2,2,1,1,0,2,0
249606,403,0.0,6.0,0.0,20,4,1,1,19,0,1,0
250195,4976,0.0,4.0,0.0,21,10,3,3,17,0,1,3
250546,4847,0.0,2.0,1.0,64,43,12,3,63,0,1,0
250906,2954,0.0,4.0,0.0,2,1,1,1,1,0,1,0
250913,3350,0.0,0.0,0.0,24,7,2,7,22,0,1,1
2512,2727,0.0,3.0,0.0,4,2,1,1,3,0,1,0
253138,4760,0.0,3.0,1.0,3,1,1,1,2,0,1,0
253458,4919,0.0,7.0,0.0,2,1,1,1,1,0,1,0
253893,2403,0.0,4.0,0.0,4,1,1,3,1,0,2,1
254403,2810,0.0,3.0,0.0,2,1,1,1,1,0,1,0
254445,4408,0.0,3.0,0.0,4,2,1,1,3,0,1,0
254455,946,0.0,0.0,0.0,21,8,2,2,19,0,1,1
255093,2824,0.0,5.0,0.0,10,6,2,1,9,0,1,0
255136,586,0.0,4.0,0.0,37,31,14,3,36,0,1,0
255421,649,0.0,3.0,0.0,4,1,1,2,3,0,1,0
255660,4976,0.0,4.0,0.0,136,40,9,10,114,0,5,17
255781,1890,0.0,0.0,0.0,2,1,1,1,1,0,1,0
256084,4765,0.0,3.0,1.0,5,1,1,2,4,0,1,0
256245,1588,0.0,0.0,0.0,6,2,2,1,4,0,2,0
256346,1899,0.0,0.0,0.0,12,2,2,2,10,0,1,1
25672,3828,0.0,4.0,0.0,2,1,1,2,1,0,1,0
256795,1618,0.0,4.0,1.0,29,13,5,2,28,0,1,0
256888,3959,0.0,4.0,0.0,1,1,1,1,0,0,1,0
257154,1103,0.0,3.0,1.0,78,22,7,1,75,0,3,0
257461,358,0.0,0.0,1.0,4,1,1,1,3,0,1,0
258336,4687,0.0,4.0,0.0,9,4,2,2,6,0,2,1
259196,4760,0.0,2.0,1.0,1,1,1,1,0,0,1,0
259495,4760,0.0,4.0,1.0,11,5,4,2,8,0,2,1
259899,2459,1.0,3.0,0.0,13,9,5,3,12,0,1,0
260451,2136,0.0,2.0,1.0,14,1,1,3,13,0,1,0
260748,4660,0.0,3.0,0.0,28,10,2,6,26,0,1,1
261493,1200,0.0,0.0,null,12,2,1,1,11,0,1,0
262112,3205,0.0,5.0,0.0,46,17,3,2,25,0,3,18
262372,2699,0.0,6.0,0.0,27,10,5,4,23,2,2,0
262731,2592,0.0,3.0,0.0,3,1,1,1,2,0,1,0
263301,587,0.0,0.0,1.0,2,1,1,1,1,0,1,0
264534,3828,0.0,4.0,0.0,13,8,7,2,12,0,1,0
264895,4850,0.0,4.0,0.0,2,1,1,2,1,0,1,0
265155,4949,0.0,0.0,0.0,1,1,1,1,0,0,1,0
265594,3473,0.0,3.0,0.0,11,1,1,1,10,0,1,0
265693,3828,0.0,0.0,0.0,13,2,1,2,11,0,1,1
265765,3828,0.0,3.0,1.0,2,1,1,1,1,0,1,0
266232,4173,0.0,2.0,0.0,20,13,3,5,19,0,1,0
266295,3609,0.0,3.0,0.0,15,8,1,1,13,0,2,0
267215,4659,0.0,3.0,0.0,6,4,2,1,5,0,1,0
267247,3971,0.0,2.0,1.0,4,1,1,1,3,0,1,0
267309,905,0.0,4.0,1.0,5,1,1,1,4,0,1,0
267319,474,0.0,3.0,2.0,2,1,1,1,1,0,1,0
267745,643,0.0,4.0,0.0,2,2,2,1,0,0,2,0
267823,272,0.0,5.0,1.0,2,1,1,1,1,0,1,0
268632,2824,0.0,5.0,0.0,5,1,1,2,4,0,1,0
270000,1495,0.0,2.0,0.0,1,1,1,1,0,0,1,0
270300,4760,0.0,3.0,1.0,37,8,2,2,34,0,1,2
270368,63,0.0,0.0,0.0,7,4,2,2,5,0,2,0
270642,738,0.0,3.0,0.0,5,1,1,1,3,0,2,0
270695,2303,0.0,5.0,0.0,5,1,1,1,4,0,1,0
270789,4589,0.0,2.0,0.0,1,1,1,1,0,0,1,0
270793,2482,0.0,3.0,0.0,2,1,1,2,1,0,1,0
27134,3320,0.0,5.0,0.0,2,1,1,1,1,0,1,0
271541,2883,0.0,4.0,0.0,5,3,1,2,3,0,1,1
271918,2205,0.0,0.0,1.0,16,3,1,4,15,0,1,0
27202,1492,0.0,2.0,1.0,12,2,1,1,11,0,1,0
272312,2664,0.0,6.0,0.0,2,1,1,1,1,0,1,0
272806,141,0.0,2.0,0.0,14,10,6,1,13,0,1,0
272819,4650,0.0,0.0,1.0,1,1,1,1,0,0,1,0
272896,602,0.0,3.0,0.0,19,6,2,4,18,0,1,0
273020,4349,0.0,5.0,0.0,17,9,4,1,14,0,3,0
273485,3844,0.0,5.0,0.0,12,4,3,3,9,0,1,2
273680,3971,0.0,3.0,1.0,12,5,2,2,9,0,3,0
273728,4043,0.0,5.0,0.0,1,1,1,1,0,0,1,0
274145,366,0.0,3.0,1.0,8,1,1,2,5,0,2,1
274613,10,0.0,4.0,0.0,1,1,1,1,0,0,1,0
274700,4116,0.0,3.0,1.0,9,6,1,1,8,0,1,0
275018,1168,0.0,4.0,0.0,9,2,1,1,8,0,1,0
275225,2684,0.0,6.0,0.0,26,17,5,1,22,0,4,0
27536,2935,0.0,4.0,0.0,5,2,1,2,3,0,1,1
275585,3460,0.0,2.0,0.0,3,1,1,1,1,0,2,0
275884,2565,1.0,0.0,0.0,10,3,1,2,8,0,1,1
275995,2253,0.0,6.0,0.0,23,2,1,5,22,0,1,0
276261,1200,1.0,3.0,0.0,11,2,1,2,8,0,2,1
276427,2440,0.0,3.0,0.0,5,3,1,1,4,0,1,0
276471,598,0.0,3.0,0.0,3,2,1,1,2,0,1,0
27660,3608,0.0,4.0,1.0,7,2,2,1,6,0,1,0
277439,1067,0.0,3.0,1.0,4,2,1,1,3,0,1,0
277856,2592,0.0,3.0,0.0,15,5,2,2,14,0,1,0
279143,1820,0.0,3.0,1.0,4,1,1,1,3,0,1,0
279688,731,0.0,0.0,0.0,1,1,1,1,0,0,1,0
280306,390,0.0,7.0,0.0,25,15,13,1,23,0,2,0
281214,361,0.0,4.0,0.0,10,5,3,1,8,0,1,1
281512,4322,0.0,4.0,1.0,1,1,1,1,0,0,1,0
28178,2565,0.0,3.0,1.0,9,2,1,4,8,0,1,0
281983,2081,0.0,0.0,1.0,12,3,1,2,11,0,1,0
282064,4739,0.0,2.0,0.0,4,3,2,1,2,0,2,0
282139,4724,0.0,3.0,0.0,18,4,1,2,14,0,3,1
282248,2320,0.0,0.0,0.0,17,6,3,2,15,0,2,0
282412,2545,0.0,5.0,0.0,25,14,6,2,21,0,4,0
282636,1594,0.0,4.0,1.0,52,35,5,1,49,0,3,0
282788,437,0.0,5.0,0.0,1,1,1,1,0,0,1,0
282796,1357,0.0,3.0,0.0,4,1,1,1,3,0,1,0
283242,2579,0.0,3.0,1.0,1,1,1,1,0,0,1,0
283274,2255,0.0,3.0,0.0,3,1,1,1,2,0,1,0
283829,219,0.0,2.0,0.0,1,1,1,1,0,0,1,0
283875,1472,0.0,3.0,2.0,1,1,1,1,0,0,1,0
284315,4143,0.0,5.0,0.0,23,12,4,4,22,0,1,0
284317,2099,1.0,4.0,1.0,5,2,1,1,4,0,1,0
284886,3080,0.0,4.0,1.0,3,1,1,1,2,0,1,0
285487,4450,0.0,5.0,0.0,2,1,1,1,1,0,1,0
285532,1978,0.0,7.0,1.0,11,1,1,4,9,0,1,1
285554,3356,0.0,4.0,2.0,2,1,1,1,1,0,1,0
285913,4976,0.0,2.0,0.0,4,2,1,1,3,0,1,0
286223,3029,0.0,2.0,2.0,9,1,1,4,7,0,1,1
286675,2036,0.0,3.0,0.0,12,3,2,1,10,0,2,0
287025,3971,1.0,5.0,1.0,5,1,1,2,4,0,1,0
2871,2278,0.0,3.0,0.0,1,1,1,1,0,0,1,0
287166,2424,0.0,7.0,0.0,37,6,1,4,36,0,1,0
287249,3063,0.0,0.0,0.0,55,15,2,3,50,2,2,1
287287,316,0.0,3.0,1.0,18,2,1,2,16,0,2,0
287301,1918,0.0,4.0,0.0,21,8,1,3,20,0,1,0
28743,255,0.0,7.0,0.0,13,8,3,1,12,0,1,0
28755,4356,0.0,0.0,1.0,2,1,1,1,1,0,1,0
28776,2711,0.0,5.0,0.0,14,4,2,4,13,0,1,0
288086,4108,0.0,2.0,0.0,9,2,1,1,8,0,1,0
288247,1679,1.0,0.0,2.0,3,1,1,3,0,1,1,1
288653,4427,0.0,5.0,1.0,3,1,1,1,2,0,1,0
288689,3578,0.0,4.0,1.0,1,1,1,1,0,0,1,0
289246,740,1.0,3.0,1.0,4,1,1,1,3,0,1,0
289368,4044,0.0,0.0,0.0,6,3,3,2,4,0,2,0
289377,4933,0.0,0.0,0.0,3,2,1,1,2,0,1,0
289896,4090,0.0,4.0,1.0,4,1,1,2,3,0,1,0
290311,1840,0.0,5.0,0.0,2,1,1,1,1,0,1,0
290597,2108,0.0,2.0,0.0,3,1,1,1,2,0,1,0
290849,3319,0.0,3.0,0.0,2,1,1,1,1,0,1,0
291213,4271,0.0,0.0,0.0,1,1,1,1,0,0,1,0
291247,1103,0.0,3.0,0.0,13,2,1,1,12,0,1,0
291411,4249,0.0,3.0,0.0,11,4,1,1,10,0,1,0
29165,148,0.0,4.0,0.0,21,9,4,3,20,0,1,0
291792,361,0.0,4.0,2.0,8,4,2,2,6,0,1,1
292168,1435,0.0,3.0,1.0,7,4,1,2,5,0,2,0
292518,2173,0.0,5.0,0.0,2,1,1,1,0,0,2,0
292920,742,0.0,4.0,0.0,3,1,1,1,1,0,1,1
293411,1447,0.0,3.0,0.0,13,3,1,2,11,0,1,1
293485,598,0.0,5.0,1.0,11,6,2,1,10,0,1,0
293585,4744,0.0,0.0,0.0,4,1,1,1,3,0,1,0
293816,2450,0.0,4.0,0.0,2,1,1,1,1,0,1,0
294255,1708,0.0,3.0,1.0,2,1,1,1,1,0,1,0
294482,3578,0.0,6.0,0.0,11,5,1,3,8,0,1,2
295092,794,0.0,4.0,1.0,2,1,1,1,1,0,1,0
295170,2856,0.0,3.0,0.0,6,3,1,1,5,0,1,0
295234,1514,0.0,0.0,0.0,7,4,1,3,6,0,1,0
295938,3163,0.0,2.0,1.0,1,1,1,1,0,0,1,0
296105,2664,0.0,4.0,0.0,9,6,3,1,5,0,4,0
296145,1963,0.0,3.0,0.0,55,24,2,9,48,0,1,6
296216,1943,0.0,4.0,1.0,16,5,4,2,14,0,1,1
296320,2582,0.0,3.0,0.0,37,14,4,5,33,0,2,2
296370,4336,0.0,6.0,1.0,6,2,1,2,5,0,1,0
296512,2565,0.0,5.0,0.0,6,1,1,1,5,0,1,0
296672,2775,0.0,3.0,0.0,2,2,2,2,1,0,1,0
296833,4847,0.0,2.0,1.0,4,2,2,1,2,0,2,0
297266,2026,0.0,3.0,0.0,10,4,3,2,8,0,1,1
297717,4325,0.0,3.0,0.0,11,6,3,2,9,0,1,1
29774,4394,0.0,4.0,0.0,2,1,1,1,1,0,1,0
297909,1346,0.0,4.0,0.0,4,3,1,3,3,0,1,0
298056,129,0.0,6.0,0.0,3,2,1,2,2,0,1,0
298123,4585,0.0,2.0,1.0,3,1,1,1,2,0,1,0
298563,361,0.0,6.0,1.0,17,8,2,2,14,1,1,1
299033,4648,0.0,2.0,0.0,7,2,1,3,6,0,1,0
299190,2516,0.0,3.0,0.0,6,2,1,1,5,0,1,0
300313,2313,0.0,0.0,0.0,29,3,1,3,27,0,1,1
301209,2615,0.0,2.0,0.0,3,1,1,1,2,0,1,0
30150,2224,0.0,0.0,1.0,4,1,1,1,3,0,1,0
301751,1583,0.0,3.0,1.0,5,1,1,2,3,0,1,1
301884,4747,0.0,0.0,null,9,4,2,1,6,0,3,0
301960,4650,0.0,3.0,1.0,8,2,1,2,6,0,2,0
301974,3411,0.0,6.0,0.0,16,1,1,3,14,0,1,1
302190,1487,0.0,4.0,0.0,5,1,1,1,4,0,1,0
302964,3163,0.0,3.0,1.0,13,3,3,2,9,0,4,0
30343,3471,0.0,3.0,0.0,3,1,1,2,2,0,1,0
303431,1100,0.0,5.0,0.0,1,1,1,1,0,0,1,0
303441,2145,0.0,3.0,0.0,4,1,1,1,3,0,1,0
303906,4919,0.0,0.0,0.0,3,1,1,1,2,0,1,0
303909,1031,0.0,3.0,1.0,8,3,1,2,7,0,1,0
304422,3734,0.0,3.0,1.0,9,1,1,2,7,0,1,1
304624,4044,0.0,2.0,0.0,4,1,1,1,3,0,1,0
304965,1203,0.0,4.0,0.0,2,2,2,1,0,0,2,0
30569,4354,0.0,3.0,0.0,13,7,3,3,11,0,2,0
306294,1281,0.0,3.0,0.0,3,2,1,2,2,0,1,0
307295,4394,0.0,0.0,0.0,5,2,1,1,4,0,1,0
307507,951,0.0,3.0,0.0,3,2,2,1,2,0,1,0
307535,4322,0.0,0.0,0.0,4,1,1,1,3,0,1,0
308421,1911,0.0,0.0,0.0,18,7,1,2,13,0,2,3
308720,145,0.0,0.0,0.0,2,1,1,1,1,0,1,0
30876,3323,1.0,0.0,1.0,5,4,1,1,4,0,1,0
309143,508,0.0,3.0,1.0,3,1,1,1,1,0,2,0
30915,2810,0.0,0.0,0.0,7,2,1,1,6,0,1,0
309309,3609,0.0,7.0,0.0,15,7,1,1,10,0,3,2
309363,1031,0.0,4.0,1.0,9,3,1,3,7,0,2,0
309757,4385,0.0,3.0,0.0,2,2,2,1,0,0,2,0
309860,1346,0.0,4.0,1.0,1,1,1,1,0,0,1,0
310047,731,0.0,4.0,0.0,6,2,1,1,5,0,1,0
310835,574,1.0,2.0,1.0,8,6,1,2,7,0,1,0
310931,2791,0.0,3.0,0.0,4,1,1,2,2,0,1,1
311555,3127,0.0,6.0,0.0,19,7,2,1,18,0,1,0
311717,1910,0.0,3.0,0.0,11,5,4,2,8,0,1,2
311869,586,1.0,3.0,0.0,5,5,1,2,0,0,4,1
312090,2537,0.0,3.0,0.0,4,4,2,1,3,0,1,0
312331,3200,0.0,4.0,0.0,4,2,2,2,3,0,1,0
312435,1322,0.0,3.0,0.0,2,1,1,1,1,0,1,0
312454,557,0.0,5.0,1.0,3,1,1,2,2,0,1,0
312602,3971,0.0,4.0,1.0,4,1,1,1,3,0,1,0
313186,4847,0.0,3.0,0.0,42,16,8,6,39,0,3,0
313564,1923,1.0,3.0,0.0,1,1,1,1,0,0,1,0
313788,1618,0.0,4.0,1.0,16,10,5,2,15,0,1,0
314389,2109,0.0,3.0,0.0,4,2,2,1,3,0,1,0
314506,4976,0.0,0.0,0.0,22,14,6,1,15,0,1,6
314845,514,0.0,8.0,1.0,5,2,2,1,4,0,1,0
31503,310,0.0,2.0,1.0,6,1,1,2,4,0,1,1
315070,2409,0.0,4.0,0.0,5,2,2,1,3,1,1,0
31509,4043,0.0,0.0,0.0,12,3,3,2,11,0,1,0
315337,3545,0.0,3.0,1.0,21,9,2,1,20,0,1,0
31576,4976,0.0,4.0,0.0,8,5,1,2,7,0,1,0
316139,590,0.0,2.0,1.0,4,1,1,2,3,0,1,0
316300,4594,0.0,0.0,0.0,2,1,1,1,1,0,1,0
316687,1474,0.0,3.0,0.0,3,3,3,1,0,0,3,0
317022,4009,0.0,6.0,0.0,10,4,4,3,9,0,1,0
31736,2565,0.0,2.0,0.0,17,7,1,2,14,0,3,0
317480,4677,0.0,5.0,0.0,10,5,1,2,9,0,1,0
317848,1816,0.0,4.0,null,5,2,2,1,3,0,2,0
317946,729,0.0,3.0,0.0,6,3,2,1,4,0,2,0
31808,4954,0.0,6.0,0.0,9,3,2,3,7,0,1,1
318333,3098,0.0,6.0,0.0,8,2,2,1,5,0,2,1
318344,1485,0.0,3.0,0.0,7,3,1,1,5,0,2,0
318904,4049,0.0,0.0,0.0,2,1,1,2,0,0,1,1
31904,3524,0.0,3.0,0.0,3,2,1,2,2,0,1,0
319612,2787,0.0,0.0,0.0,9,1,1,1,7,0,2,0
319629,3593,0.0,6.0,1.0,21,12,2,2,20,0,1,0
3198,4415,0.0,6.0,0.0,5,1,1,2,3,0,1,1
320037,2821,0.0,5.0,0.0,7,2,2,1,5,0,2,0
320303,2821,0.0,0.0,1.0,8,4,1,1,7,0,1,0
320447,3103,0.0,0.0,0.0,12,3,2,2,10,1,1,0
320468,2435,0.0,5.0,0.0,3,2,1,1,2,0,1,0
320486,3545,0.0,4.0,0.0,18,6,1,2,17,0,1,0
320579,962,0.0,6.0,0.0,3,1,1,1,2,0,1,0
320622,219,0.0,3.0,0.0,5,2,1,2,2,0,2,1
320646,133,0.0,0.0,0.0,11,4,1,2,6,0,1,4
321136,1890,0.0,3.0,1.0,8,2,1,2,7,0,1,0
321344,2915,0.0,3.0,0.0,2,1,1,2,0,0,1,1
321762,4322,0.0,3.0,1.0,1,1,1,1,0,0,1,0
321957,742,0.0,3.0,1.0,3,1,1,1,2,0,1,0
322091,608,0.0,4.0,0.0,17,4,2,3,13,0,2,2
322286,361,0.0,4.0,0.0,1,1,1,1,0,0,1,0
322428,1474,0.0,2.0,0.0,7,1,1,1,6,0,1,0
322572,2124,0.0,0.0,0.0,1,1,1,1,0,0,1,0
323132,114,0.0,0.0,0.0,2,2,1,1,0,0,2,0
323612,4173,0.0,0.0,0.0,14,10,4,3,9,0,1,4
324389,3541,0.0,6.0,1.0,4,1,1,1,3,0,1,0
325044,2128,0.0,2.0,0.0,5,4,3,2,3,0,1,1
325430,3276,0.0,0.0,0.0,2,1,1,1,1,0,1,0
325582,4913,0.0,2.0,0.0,4,2,1,1,3,0,1,0
325876,1592,0.0,2.0,1.0,4,1,1,2,3,0,1,0
326267,1134,0.0,0.0,0.0,3,1,1,2,2,0,1,0
326468,2537,0.0,2.0,0.0,8,3,3,4,4,0,1,3
327470,145,0.0,0.0,0.0,4,1,1,2,3,0,1,0
327774,1763,0.0,3.0,null,3,1,1,1,2,0,1,0
328321,66,0.0,2.0,0.0,11,4,1,3,9,0,1,1
328447,598,0.0,3.0,1.0,16,2,2,4,14,0,1,1
328465,3984,0.0,5.0,0.0,9,6,5,1,8,0,1,0
328494,4282,0.0,3.0,1.0,19,10,4,3,18,0,1,0
328503,1134,0.0,2.0,1.0,4,2,2,1,2,0,2,0
328602,747,0.0,4.0,0.0,2,1,1,1,1,0,1,0
329102,946,0.0,5.0,0.0,9,5,2,1,7,1,1,0
329922,26,0.0,5.0,1.0,24,9,5,1,21,0,3,0
330049,861,0.0,3.0,0.0,4,2,1,2,3,0,1,0
33018,2821,0.0,0.0,0.0,2,2,1,2,1,0,1,0
330770,3828,0.0,3.0,0.0,111,55,11,8,94,0,2,15
330908,547,0.0,3.0,1.0,14,9,2,2,13,0,1,0
331025,4357,0.0,5.0,0.0,8,3,2,2,5,0,3,0
331416,2880,1.0,3.0,0.0,6,2,1,2,5,0,1,0
331443,4067,0.0,0.0,0.0,2,1,1,1,1,0,1,0
331446,300,0.0,0.0,1.0,4,1,1,1,3,0,1,0
331497,2950,0.0,0.0,1.0,10,4,1,1,9,0,1,0
331573,1742,0.0,3.0,0.0,3,1,1,1,2,0,1,0
33164,1272,0.0,4.0,0.0,41,18,6,5,39,0,2,0
331876,4966,0.0,4.0,1.0,7,2,2,1,5,0,2,0
331884,296,0.0,6.0,0.0,9,3,1,2,8,0,1,0
332146,3629,0.0,0.0,0.0,2,1,1,1,1,0,1,0
332362,2926,0.0,4.0,0.0,5,1,1,1,4,0,1,0
332695,1557,0.0,0.0,1.0,13,8,1,3,11,1,1,0
333288,3072,0.0,3.0,0.0,6,3,1,1,5,0,1,0
333389,2882,0.0,5.0,0.0,60,28,3,1,57,0,3,0
333464,3319,0.0,3.0,0.0,1,1,1,1,0,0,1,0
334424,2047,0.0,3.0,0.0,97,52,12,14,88,0,2,7
334539,1861,0.0,2.0,0.0,1,1,1,1,0,0,1,0
334697,121,0.0,4.0,0.0,11,8,5,2,4,0,3,4
335205,1310,0.0,0.0,0.0,5,2,2,1,3,0,2,0
335428,25,0.0,0.0,1.0,11,1,1,1,9,1,1,0
33560,415,1.0,3.0,1.0,6,3,1,3,5,0,1,0
335668,2569,0.0,0.0,0.0,3,1,1,1,2,0,1,0
336081,4071,0.0,4.0,1.0,3,1,1,1,2,0,1,0
336399,1359,0.0,0.0,0.0,10,2,2,1,8,0,2,0
337108,2879,1.0,6.0,1.0,23,7,2,2,21,0,2,0
337190,3689,0.0,3.0,0.0,13,5,4,1,9,0,2,2
337564,2856,1.0,3.0,0.0,20,4,1,6,15,0,1,4
33760,2172,0.0,2.0,0.0,17,11,5,2,15,0,2,0
337644,2436,0.0,0.0,0.0,3,1,1,1,2,0,1,0
337721,3200,0.0,5.0,0.0,11,4,4,1,7,0,4,0
337917,4356,0.0,2.0,2.0,2,1,1,1,0,0,1,1
33807,439,0.0,4.0,0.0,12,1,1,5,10,0,1,1
338382,747,0.0,4.0,0.0,10,4,1,1,9,0,1,0
339268,1722,0.0,0.0,0.0,6,1,1,1,5,0,1,0
339375,590,0.0,5.0,1.0,67,30,5,3,66,0,1,0
339614,2318,0.0,6.0,1.0,14,3,1,2,12,0,1,1
339948,1056,0.0,3.0,0.0,9,6,2,1,8,0,1,0
339953,3609,0.0,0.0,0.0,7,2,1,3,4,1,2,0
34017,4267,0.0,6.0,0.0,15,8,5,1,14,0,1,0
340479,3734,0.0,3.0,0.0,25,10,3,2,23,0,1,1
340783,594,1.0,4.0,0.0,5,3,2,1,3,0,2,0
340989,308,0.0,4.0,0.0,2,1,1,1,1,0,1,0
340998,1618,0.0,5.0,0.0,20,4,3,3,15,0,2,3
341174,2537,0.0,3.0,0.0,9,6,2,4,8,0,1,0
341492,786,0.0,2.0,0.0,1,1,1,1,0,0,1,0
34168,547,0.0,3.0,1.0,115,37,2,9,107,0,1,7
34215,1356,0.0,0.0,0.0,2,1,1,1,1,0,1,0
342244,2910,0.0,5.0,0.0,1,1,1,1,0,0,1,0
342559,2981,0.0,0.0,0.0,7,4,2,1,6,0,1,0
342842,2579,0.0,2.0,0.0,8,3,2,2,6,0,1,1
343130,4648,0.0,5.0,0.0,4,1,1,1,3,0,1,0
34386,2545,0.0,0.0,1.0,11,3,3,6,9,0,1,1
344016,317,0.0,6.0,0.0,7,1,1,3,6,0,1,0
344250,3623,0.0,4.0,0.0,11,2,2,4,10,0,1,0
344355,2278,0.0,3.0,1.0,1,1,1,1,0,0,1,0
344543,2545,0.0,3.0,0.0,19,13,7,2,18,0,1,0
345127,2916,0.0,4.0,0.0,2,1,1,1,1,0,1,0
345558,822,0.0,0.0,0.0,2,1,1,1,1,0,1,0
345808,3345,0.0,2.0,0.0,7,1,1,3,5,0,2,0
346024,1538,0.0,3.0,0.0,2,2,1,2,1,0,1,0
34616,2055,0.0,3.0,0.0,3,1,1,1,2,0,1,0
346211,1861,0.0,4.0,1.0,5,1,1,1,4,0,1,0
347636,246,0.0,0.0,0.0,5,1,1,2,3,0,1,1
347727,4173,0.0,4.0,0.0,47,28,6,3,45,0,2,0
347853,1500,0.0,2.0,1.0,1,1,1,1,0,0,1,0
34794,2459,0.0,2.0,1.0,16,4,4,2,13,0,3,0
347970,4659,0.0,4.0,0.0,1,1,1,1,0,0,1,0
348046,1356,0.0,0.0,0.0,3,1,1,1,2,0,1,0
348425,3646,0.0,3.0,0.0,3,2,1,1,2,0,1,0
349530,1056,0.0,4.0,1.0,9,6,5,2,8,0,1,0
349604,3055,0.0,0.0,0.0,2,1,1,1,1,0,1,0
349648,3623,0.0,4.0,1.0,4,1,1,1,3,0,1,0
349733,2193,0.0,3.0,0.0,6,2,2,2,5,0,1,0
349774,4450,0.0,5.0,2.0,8,3,1,2,6,0,1,1
349855,361,0.0,6.0,0.0,8,4,2,2,6,0,1,1
349908,1050,0.0,2.0,0.0,5,1,1,1,4,0,1,0
350090,4976,0.0,0.0,0.0,8,3,2,4,5,0,1,2
351294,1997,0.0,0.0,0.0,5,1,1,1,4,0,1,0
352069,2031,0.0,2.0,0.0,13,4,1,2,11,0,1,1
352320,2099,0.0,0.0,0.0,4,2,1,1,3,0,1,0
352482,256,0.0,0.0,0.0,5,2,1,1,4,0,1,0
352592,4234,0.0,0.0,0.0,7,4,3,2,6,0,1,0
353011,4871,0.0,3.0,0.0,1,1,1,1,0,0,1,0
353055,1203,0.0,4.0,0.0,4,2,1,1,3,0,1,0
353671,4444,0.0,3.0,1.0,3,2,2,1,1,0,1,1
353858,2102,0.0,0.0,0.0,3,1,1,1,2,0,1,0
354621,4044,0.0,2.0,0.0,12,4,1,1,11,0,1,0
354862,141,0.0,0.0,0.0,3,2,1,1,2,0,1,0
355172,4079,0.0,4.0,0.0,7,1,1,2,3,0,4,0
355444,3170,1.0,3.0,0.0,8,1,1,2,5,1,1,1
355890,4325,0.0,4.0,1.0,3,1,1,1,2,0,1,0
355921,361,0.0,0.0,0.0,21,5,1,4,20,0,1,0
356360,4861,0.0,5.0,1.0,3,1,1,1,2,0,1,0
356815,4472,0.0,0.0,0.0,14,1,1,2,13,0,1,0
357113,931,1.0,3.0,0.0,20,9,5,3,19,0,1,0
35713,682,0.0,6.0,0.0,2,1,1,1,1,0,1,0
357137,3826,0.0,6.0,1.0,3,1,1,2,0,0,2,1
357269,2935,0.0,3.0,0.0,19,3,1,3,16,0,1,2
357526,3826,1.0,3.0,0.0,12,2,1,4,11,0,1,0
357592,951,0.0,3.0,0.0,5,2,1,1,4,0,1,0
358144,1068,0.0,4.0,1.0,10,2,2,1,8,0,1,1
358539,4585,0.0,2.0,1.0,2,1,1,1,1,0,1,0
358583,3536,0.0,0.0,0.0,3,1,1,1,2,0,1,0
358777,4007,0.0,5.0,1.0,1,1,1,1,0,0,1,0
359010,3938,0.0,2.0,0.0,6,1,1,3,4,0,1,1
359021,2900,0.0,2.0,1.0,3,1,1,1,2,0,1,0
359051,3828,0.0,0.0,2.0,78,33,5,7,72,0,1,5
359497,3828,0.0,0.0,0.0,5,2,2,1,4,0,1,0
359643,2821,0.0,0.0,0.0,5,2,2,1,3,0,1,1
360108,3968,0.0,5.0,0.0,6,3,3,1,4,0,2,0
360645,3350,1.0,6.0,0.0,1,1,1,1,0,0,1,0
3609,3103,0.0,6.0,0.0,5,4,4,1,4,0,1,0
360963,4616,0.0,3.0,0.0,32,18,7,1,27,0,5,0
360967,2002,0.0,3.0,0.0,2,1,1,1,1,0,1,0
361080,4124,0.0,3.0,0.0,10,5,2,1,9,0,1,0
361375,1488,0.0,3.0,0.0,9,3,3,2,6,0,3,0
361623,2066,0.0,2.0,0.0,11,2,1,2,9,0,1,1
361927,2403,0.0,0.0,1.0,8,6,2,1,7,0,1,0
362664,3022,0.0,3.0,0.0,3,1,1,1,2,0,1,0
362887,3819,0.0,5.0,0.0,3,1,1,1,2,0,1,0
363272,3016,0.0,2.0,1.0,41,16,7,3,34,0,7,0
363673,2361,0.0,4.0,0.0,1,1,1,1,0,0,1,0
363793,2318,0.0,6.0,1.0,3,1,1,1,2,0,1,0
364480,3734,0.0,4.0,0.0,10,4,3,2,9,0,1,0
364522,326,0.0,3.0,0.0,5,1,1,1,4,0,1,0
365175,3034,0.0,4.0,0.0,4,1,1,1,3,0,1,0
365271,777,0.0,0.0,0.0,4,1,1,1,2,0,1,1
36594,608,1.0,5.0,0.0,10,3,2,2,8,0,1,1
366016,219,0.0,4.0,1.0,5,3,1,2,4,0,1,0
366320,2668,0.0,0.0,1.0,2,1,1,1,0,0,2,0
366331,1056,0.0,3.0,0.0,67,19,8,6,64,0,3,0
367249,3828,0.0,3.0,0.0,10,7,4,2,7,0,3,0
36730,3683,0.0,0.0,1.0,3,2,1,1,2,0,1,0
367308,437,0.0,0.0,0.0,4,1,1,1,3,0,1,0
367360,1487,0.0,0.0,0.0,17,7,1,3,16,0,1,0
367517,4044,0.0,4.0,1.0,12,8,5,2,11,0,1,0
368451,1504,0.0,null,null,4,1,1,2,3,0,1,0
368978,4044,1.0,0.0,2.0,6,2,2,2,2,0,2,2
369584,412,0.0,null,null,1,1,1,1,0,0,1,0
369758,542,0.0,5.0,1.0,1,1,1,1,0,0,1,0
370002,2344,0.0,2.0,1.0,2,1,1,1,1,0,1,0
37028,1272,0.0,6.0,0.0,37,23,10,9,36,0,1,0
370393,2935,0.0,4.0,1.0,7,1,1,1,6,0,1,0
370402,361,0.0,4.0,0.0,23,11,1,5,20,0,1,2
370570,3341,1.0,6.0,0.0,5,1,1,2,4,0,1,0
370612,2279,0.0,3.0,0.0,3,2,2,2,2,0,1,0
371099,1102,0.0,0.0,0.0,26,5,4,6,24,0,1,1
371554,515,0.0,5.0,0.0,3,1,1,1,2,0,1,0
372062,938,0.0,6.0,0.0,20,7,3,2,19,0,1,0
372312,3734,0.0,0.0,1.0,7,3,3,4,6,0,1,0
372773,4394,0.0,5.0,0.0,5,3,1,2,4,0,1,0
373824,3536,0.0,5.0,0.0,2,1,1,1,1,0,1,0
373893,2981,0.0,6.0,0.0,5,1,1,2,4,0,1,0
374072,4011,0.0,0.0,1.0,4,2,2,1,3,0,1,0
374108,2303,0.0,4.0,0.0,41,14,1,8,37,0,1,3
374306,3073,0.0,3.0,1.0,3,1,1,1,1,0,2,0
374662,3624,0.0,4.0,1.0,6,2,1,1,4,0,2,0
374673,1573,0.0,3.0,1.0,7,1,1,2,5,0,1,1
374803,643,0.0,6.0,0.0,13,6,2,3,12,0,1,0
374810,2915,0.0,4.0,0.0,18,11,2,2,17,0,1,0
375306,2138,0.0,2.0,0.0,14,7,5,6,12,0,1,1
375388,1472,0.0,3.0,0.0,7,4,1,2,6,0,1,0
375744,3586,0.0,4.0,1.0,15,4,1,3,13,0,2,0
376119,4513,0.0,4.0,0.0,18,9,7,1,15,0,3,0
376130,2505,0.0,4.0,0.0,2,1,1,1,1,0,1,0
376200,2928,0.0,4.0,2.0,14,5,2,4,13,0,1,0
376288,4049,0.0,0.0,1.0,9,3,3,1,6,0,3,0
377534,1200,0.0,3.0,2.0,2,1,1,1,0,0,2,0
378149,1895,0.0,2.0,0.0,46,23,8,1,38,0,8,0
378160,2681,0.0,2.0,1.0,2,2,1,1,0,0,2,0
378176,24,0.0,6.0,0.0,2,1,1,1,1,0,1,0
378260,141,0.0,2.0,0.0,19,16,7,5,0,0,2,17
378421,3484,0.0,3.0,1.0,44,13,2,3,42,0,2,0
378666,786,0.0,0.0,0.0,32,5,3,2,31,0,1,0
378930,2791,0.0,4.0,0.0,2,1,1,1,1,0,1,0
379275,2711,0.0,2.0,0.0,7,2,2,3,6,0,1,0
380123,4057,0.0,5.0,0.0,9,1,1,2,8,0,1,0
381767,4186,0.0,5.0,0.0,6,1,1,1,5,0,1,0
382103,645,0.0,5.0,2.0,3,1,1,1,2,0,1,0
382265,259,0.0,0.0,0.0,2,1,1,1,1,0,1,0
383034,2259,0.0,3.0,1.0,6,1,1,1,5,0,1,0
383119,1784,0.0,0.0,0.0,6,4,3,2,5,0,1,0
383122,3022,0.0,0.0,1.0,11,6,4,1,8,1,2,0
383443,3734,0.0,2.0,1.0,4,3,2,2,0,0,1,3
383544,1760,0.0,5.0,0.0,19,13,4,4,15,0,4,0
38363,2204,0.0,3.0,0.0,3,1,1,1,2,0,1,0
38390,2396,0.0,2.0,1.0,20,6,1,6,17,0,1,2
384091,1892,0.0,2.0,0.0,109,32,7,5,102,0,7,0
38498,161,1.0,3.0,1.0,6,1,1,1,4,0,1,1
385148,4604,0.0,0.0,1.0,4,1,1,1,2,0,1,1
385234,2883,0.0,5.0,0.0,17,9,2,5,14,0,1,2
385536,3006,0.0,3.0,0.0,3,1,1,2,2,0,1,0
385557,200,0.0,6.0,0.0,3,1,1,1,2,0,1,0
38574,1090,0.0,5.0,1.0,3,1,1,1,2,0,1,0
385882,1619,0.0,3.0,1.0,5,3,1,1,4,0,1,0
386205,1102,0.0,3.0,0.0,1,1,1,1,0,0,1,0
386493,481,0.0,5.0,1.0,5,1,1,1,4,0,1,0
386637,1075,0.0,6.0,2.0,14,12,1,3,13,0,1,0
387433,4791,0.0,0.0,0.0,8,2,1,4,7,0,1,0
387615,1884,0.0,4.0,0.0,4,1,1,1,3,0,1,0
388704,2447,0.0,3.0,0.0,4,1,1,2,3,0,1,0
388764,3734,1.0,2.0,0.0,12,4,2,1,8,0,4,0
388801,1581,0.0,3.0,0.0,3,1,1,1,2,0,1,0
388825,3990,0.0,6.0,0.0,8,3,2,1,5,0,2,1
388854,1031,0.0,4.0,2.0,5,1,1,1,4,0,1,0
389014,1768,0.0,0.0,0.0,8,2,1,5,6,0,1,1
389398,3170,0.0,4.0,0.0,28,23,9,5,27,0,1,0
389416,4426,0.0,4.0,0.0,7,4,1,4,6,0,1,0
390125,1023,0.0,3.0,1.0,5,1,1,1,4,0,1,0
39020,168,0.0,4.0,1.0,36,15,4,1,29,0,7,0
390404,4042,0.0,3.0,0.0,9,2,1,5,6,0,1,2
390559,4049,0.0,5.0,0.0,4,2,2,1,2,0,2,0
390607,3448,0.0,3.0,0.0,16,6,2,4,12,0,1,3
390703,2047,0.0,5.0,0.0,28,18,6,1,27,0,1,0
390750,1884,0.0,6.0,0.0,3,1,1,1,2,0,1,0
391802,141,1.0,3.0,0.0,85,53,15,7,78,0,7,0
391993,4718,0.0,0.0,null,8,1,1,1,7,0,1,0
392208,742,0.0,0.0,0.0,9,1,1,2,7,0,1,1
392272,3828,0.0,4.0,0.0,31,13,6,2,30,0,1,0
392560,1738,0.0,4.0,0.0,3,1,1,2,1,0,1,1
392732,3054,0.0,0.0,1.0,12,3,2,5,10,1,1,0
392969,1905,0.0,2.0,0.0,4,1,1,2,3,0,1,0
392983,1816,0.0,3.0,1.0,15,10,4,3,13,0,1,1
393163,3826,0.0,3.0,1.0,4,1,1,1,3,0,1,0
393430,2242,0.0,3.0,0.0,10,3,2,2,8,0,2,0
393820,2821,0.0,5.0,0.0,2,1,1,1,1,0,1,0
393905,2767,0.0,6.0,0.0,5,1,1,1,4,0,1,0
394260,3828,0.0,3.0,0.0,17,4,2,2,15,0,1,1
394864,4976,0.0,0.0,0.0,1,1,1,1,0,0,1,0
394959,1472,0.0,0.0,0.0,2,1,1,1,1,0,1,0
39592,2403,0.0,2.0,0.0,1,1,1,1,0,0,1,0
396442,2070,0.0,0.0,2.0,5,1,1,1,4,0,1,0
397343,190,0.0,null,null,3,1,1,1,2,0,1,0
397530,2709,0.0,0.0,0.0,2,1,1,2,0,0,1,1
397959,2108,0.0,0.0,1.0,5,1,1,2,3,1,1,0
398157,1703,0.0,5.0,1.0,11,5,2,3,9,0,1,1
398795,2403,0.0,0.0,0.0,2,1,1,1,1,0,1,0
399557,3687,0.0,0.0,0.0,5,1,1,1,4,0,1,0
399758,1963,0.0,3.0,0.0,16,9,3,2,15,0,1,0
400407,4044,0.0,2.0,0.0,67,34,12,4,65,0,2,0
401241,3622,0.0,3.0,1.0,8,3,1,1,7,0,1,0
401367,2353,0.0,0.0,1.0,16,6,1,3,15,0,1,0
401386,2429,0.0,3.0,1.0,7,4,4,1,5,0,2,0
401480,4708,0.0,8.0,2.0,17,11,7,2,13,0,4,0
401538,1102,0.0,3.0,1.0,36,22,10,4,34,0,2,0
402202,4605,0.0,2.0,0.0,3,1,1,1,2,0,1,0
402464,1310,0.0,2.0,0.0,11,4,4,3,10,0,1,0
402498,2273,0.0,7.0,0.0,26,3,1,1,25,0,1,0
402665,1719,0.0,3.0,0.0,5,1,1,1,3,0,1,1
40362,168,0.0,6.0,1.0,1,1,1,1,0,0,1,0
403754,2317,0.0,7.0,1.0,3,1,1,1,2,0,1,0
403772,2537,1.0,0.0,0.0,10,4,4,1,7,1,2,0
404439,649,0.0,0.0,0.0,16,5,1,6,15,0,1,0
404599,1704,0.0,2.0,0.0,1,1,1,1,0,0,1,0
404923,4659,0.0,3.0,0.0,36,16,8,4,32,0,2,2
404995,1708,0.0,0.0,0.0,19,3,1,5,16,0,1,2
405617,4992,0.0,3.0,0.0,6,2,1,1,5,0,1,0
405635,323,0.0,3.0,1.0,12,4,1,1,11,0,1,0
405816,3609,0.0,4.0,0.0,3,1,1,2,2,0,1,0
405870,3853,0.0,7.0,0.0,5,1,1,1,4,0,1,0
405933,2173,0.0,3.0,0.0,18,2,1,2,17,0,1,0
406564,2032,0.0,0.0,0.0,40,13,2,10,32,0,1,7
406762,3022,0.0,3.0,0.0,7,3,1,1,6,0,1,0
406907,3484,0.0,6.0,0.0,2,1,1,1,1,0,1,0
40739,2149,0.0,0.0,0.0,9,3,1,4,8,0,1,0
40755,1485,0.0,2.0,1.0,7,3,1,2,5,0,2,0
407568,1816,0.0,0.0,1.0,4,1,1,1,3,0,1,0
40772,742,0.0,3.0,0.0,5,2,2,1,4,0,1,0
408096,4129,0.0,3.0,0.0,9,7,2,1,6,0,3,0
408099,2303,0.0,3.0,0.0,134,38,1,18,127,0,1,6
408402,3609,0.0,4.0,0.0,4,2,1,1,3,0,1,0
409082,1760,0.0,0.0,0.0,15,9,2,2,14,0,1,0
409347,2592,1.0,3.0,1.0,8,1,1,2,7,0,1,0
40952,92,0.0,6.0,0.0,1,1,1,1,0,0,1,0
41,1501,0.0,3.0,0.0,4,1,1,2,3,0,1,0
410036,4504,0.0,2.0,1.0,16,1,1,5,14,0,1,1
410222,2006,0.0,5.0,0.0,3,2,1,1,1,0,2,0
410512,3941,1.0,5.0,1.0,6,1,1,2,4,0,1,1
410606,812,0.0,0.0,0.0,2,1,1,1,1,0,1,0
41092,598,0.0,2.0,1.0,6,1,1,2,4,0,1,1
411028,534,0.0,5.0,1.0,3,1,1,3,0,2,1,0
411415,4042,1.0,2.0,1.0,2,1,1,1,1,0,1,0
411594,630,0.0,3.0,0.0,8,3,3,3,7,0,1,0
41200,4670,0.0,6.0,1.0,3,1,1,1,2,0,1,0
412450,4976,0.0,5.0,0.0,5,3,3,1,4,0,1,0
412841,962,0.0,4.0,0.0,10,3,2,2,9,0,1,0
412856,2766,0.0,4.0,1.0,1,1,1,1,0,0,1,0
413077,682,0.0,2.0,0.0,4,2,1,1,3,0,1,0
413290,2669,0.0,4.0,0.0,2,1,1,1,1,0,1,0
413413,3602,0.0,7.0,0.0,36,8,1,1,32,0,1,3
41407,4044,0.0,6.0,0.0,282,51,11,6,259,1,2,20
414189,416,0.0,4.0,0.0,11,9,3,1,10,0,1,0
414696,598,0.0,6.0,1.0,6,4,2,1,5,0,1,0
415448,1472,0.0,3.0,1.0,3,1,1,1,2,0,1,0
415611,4173,0.0,0.0,0.0,15,7,4,8,14,0,1,0
415851,2856,0.0,4.0,0.0,8,1,1,1,7,0,1,0
41587,4877,0.0,4.0,0.0,17,2,1,3,16,0,1,0
416097,2482,0.0,3.0,0.0,2,1,1,2,0,0,1,1
416950,3828,0.0,3.0,0.0,11,8,5,8,7,0,1,3
417440,424,0.0,5.0,0.0,6,1,1,2,5,0,1,0
417527,1892,0.0,4.0,0.0,36,20,5,1,32,0,4,0
417982,1270,0.0,0.0,0.0,42,23,7,4,41,0,1,0
418041,1020,0.0,4.0,0.0,1,1,1,1,0,0,1,0
418304,141,0.0,3.0,0.0,57,3,2,2,53,0,3,1
418471,2629,0.0,0.0,0.0,2,2,1,2,1,0,1,0
418808,2102,0.0,3.0,1.0,5,1,1,2,4,0,1,0
41887,3472,0.0,3.0,1.0,3,1,1,1,2,0,1,0
418971,1582,0.0,3.0,0.0,16,2,1,1,14,0,2,0
419082,4860,0.0,2.0,1.0,2,1,1,1,1,0,1,0
419231,1102,0.0,2.0,0.0,9,4,2,1,8,0,1,0
419829,2403,0.0,7.0,1.0,11,5,1,2,10,0,1,0
420372,2664,0.0,0.0,0.0,31,19,3,1,29,0,2,0
42049,3350,0.0,0.0,0.0,2,1,1,2,1,0,1,0
420579,2128,0.0,3.0,0.0,6,1,1,2,4,0,1,1
421169,1512,0.0,0.0,0.0,29,18,4,4,27,1,1,0
421898,4525,0.0,4.0,0.0,12,3,2,3,11,0,1,0
422165,1378,0.0,3.0,0.0,2,1,1,1,1,0,1,0
422166,2752,0.0,0.0,0.0,9,5,3,1,8,0,1,0
422172,3541,0.0,6.0,0.0,20,2,1,3,18,0,1,1
422505,742,0.0,4.0,0.0,10,2,1,1,9,0,1,0
422995,46,0.0,3.0,1.0,2,1,1,1,1,0,1,0
424028,4526,0.0,2.0,1.0,5,1,1,2,4,0,1,0
42422,2710,0.0,6.0,1.0,16,7,3,2,13,0,1,2
42774,3609,0.0,5.0,0.0,49,14,1,2,45,0,3,1
43086,1090,0.0,3.0,0.0,12,7,1,6,10,0,1,1
43130,416,0.0,null,null,5,3,1,1,4,0,1,0
43173,2698,0.0,0.0,0.0,15,7,1,1,14,0,1,0
4344,4079,0.0,4.0,0.0,11,2,1,2,8,0,3,0
43908,2775,0.0,2.0,0.0,4,3,2,1,0,0,1,3
43929,1899,0.0,7.0,0.0,3,1,1,2,2,0,1,0
43986,643,0.0,3.0,0.0,18,12,6,4,17,0,1,0
44014,575,0.0,0.0,0.0,24,2,2,2,23,0,1,0
44107,3629,0.0,6.0,0.0,14,2,1,4,12,0,1,1
44261,2482,0.0,2.0,0.0,2,1,1,2,0,0,1,1
44545,2102,0.0,6.0,0.0,3,2,1,1,2,0,1,0
44698,4044,0.0,3.0,1.0,8,2,1,1,7,0,1,0
44733,2500,0.0,0.0,1.0,6,1,1,4,5,0,1,0
44756,1133,0.0,4.0,1.0,6,2,1,1,4,1,1,0
44987,402,1.0,3.0,0.0,3,3,1,2,1,0,2,0
45176,608,0.0,5.0,0.0,10,6,2,1,8,0,2,0
45204,2954,1.0,4.0,0.0,31,10,2,4,25,0,3,3
46017,2668,0.0,0.0,1.0,7,2,2,1,6,0,1,0
46137,4949,0.0,6.0,0.0,53,25,10,5,52,0,1,0
47251,3152,0.0,0.0,0.0,17,4,1,2,15,0,2,0
48155,467,0.0,3.0,0.0,3,1,1,1,2,0,1,0
48158,798,0.0,3.0,0.0,5,3,3,1,3,0,2,0
4898,1298,0.0,3.0,1.0,15,3,1,4,13,0,1,1
49179,793,1.0,6.0,0.0,9,2,1,2,8,0,1,0
49612,4217,0.0,4.0,1.0,3,2,1,1,2,0,1,0
49751,66,0.0,3.0,0.0,3,2,1,1,2,0,1,0
49892,3893,0.0,4.0,1.0,3,2,1,1,2,0,1,0
49933,1708,0.0,3.0,1.0,1,1,1,1,0,0,1,0
50745,2397,0.0,2.0,0.0,6,3,2,2,5,0,1,0
51495,361,0.0,0.0,1.0,6,2,2,2,5,0,1,0
515,4655,0.0,2.0,0.0,19,6,4,4,17,0,1,1
5211,2786,0.0,3.0,1.0,7,1,1,1,6,0,1,0
52171,215,0.0,3.0,1.0,9,2,1,1,7,0,2,0
52226,1557,0.0,3.0,0.0,17,2,2,5,14,0,2,1
52751,4760,0.0,2.0,1.0,4,2,1,1,3,0,1,0
53046,790,0.0,5.0,0.0,12,3,2,8,10,0,2,0
53067,4960,1.0,4.0,0.0,83,27,5,5,82,0,1,0
53160,14,0.0,0.0,0.0,10,2,1,2,9,0,1,0
54004,1840,0.0,6.0,1.0,3,1,1,1,2,0,1,0
54335,13,0.0,4.0,1.0,9,3,1,2,6,0,2,1
54606,3955,0.0,3.0,0.0,7,2,1,1,6,0,1,0
55016,4826,0.0,4.0,0.0,1,1,1,1,0,0,1,0
55027,742,0.0,0.0,0.0,2,1,1,1,1,0,1,0
55122,1704,0.0,4.0,1.0,7,2,2,1,6,0,1,0
55228,2693,0.0,0.0,0.0,6,2,1,2,5,0,1,0
55684,946,1.0,5.0,1.0,6,3,3,4,5,0,1,0
55790,1310,0.0,2.0,0.0,4,2,2,1,2,0,2,0
55857,4718,0.0,0.0,0.0,18,8,2,3,16,0,2,0
55929,1102,0.0,2.0,1.0,18,10,7,3,8,0,1,9
56901,1310,0.0,3.0,0.0,14,6,4,3,11,1,2,0
57047,1084,0.0,2.0,0.0,3,1,1,1,2,0,1,0
57237,1963,0.0,5.0,1.0,44,19,3,5,41,0,1,2
58264,316,0.0,2.0,1.0,10,6,3,1,9,0,1,0
58472,2684,0.0,5.0,0.0,58,33,11,10,52,0,1,5
58677,606,0.0,4.0,0.0,18,9,5,6,13,0,1,4
59049,3103,0.0,5.0,1.0,2,1,1,1,1,0,1,0
59276,4367,0.0,5.0,0.0,5,2,1,1,4,0,1,0
60610,323,0.0,0.0,0.0,30,6,1,8,25,0,1,4
60819,4789,0.0,5.0,1.0,6,1,1,2,4,0,1,1
62124,2664,0.0,3.0,0.0,29,18,4,1,28,0,1,0
62126,4601,0.0,3.0,0.0,2,1,1,1,1,0,1,0
62177,161,0.0,4.0,0.0,7,4,1,3,5,0,1,1
62441,3524,0.0,3.0,0.0,11,4,4,1,9,0,2,0
62586,1115,0.0,0.0,1.0,6,4,2,2,5,0,1,0
62606,2709,0.0,4.0,0.0,2,1,1,1,1,0,1,0
62699,3103,0.0,0.0,1.0,2,1,1,1,1,0,1,0
63040,2242,0.0,5.0,0.0,5,3,1,2,3,0,2,0
63897,4026,0.0,3.0,0.0,5,1,1,1,4,0,1,0
63936,1520,0.0,5.0,0.0,8,2,2,1,5,0,3,0
64155,4282,0.0,3.0,1.0,8,4,2,1,7,0,1,0
64807,4585,0.0,2.0,1.0,12,5,3,1,10,0,2,0
65200,1340,0.0,3.0,0.0,7,2,2,3,5,0,1,1
65492,1102,0.0,6.0,1.0,2,1,1,2,1,0,1,0
65759,4112,0.0,5.0,0.0,4,2,1,2,3,0,1,0
66292,4079,0.0,3.0,0.0,5,3,1,1,0,0,5,0
6638,773,0.0,3.0,2.0,8,3,3,2,7,0,1,0
66602,4225,0.0,0.0,0.0,2,1,1,1,1,0,1,0
66620,1457,0.0,5.0,1.0,1,1,1,1,0,0,1,0
66683,4352,0.0,0.0,0.0,13,1,1,2,12,0,1,0
67031,742,0.0,3.0,0.0,3,1,1,1,2,0,1,0
67189,4062,0.0,3.0,0.0,12,6,1,3,11,0,1,0
67683,1291,0.0,0.0,0.0,5,1,1,1,4,0,1,0
68259,3623,0.0,2.0,0.0,2,1,1,1,1,0,1,0
68641,1435,0.0,0.0,1.0,2,1,1,1,1,0,1,0
68857,685,0.0,6.0,0.0,2,1,1,1,1,0,1,0
69234,1285,0.0,3.0,0.0,27,8,1,5,26,0,1,0
69462,4245,0.0,5.0,0.0,6,3,1,2,5,0,1,0
69541,3629,1.0,0.0,1.0,10,6,1,1,9,0,1,0
69945,2313,0.0,6.0,0.0,1,1,1,1,0,0,1,0
70066,3103,0.0,3.0,0.0,2,1,1,1,1,0,1,0
7009,390,0.0,4.0,1.0,4,1,1,1,3,0,1,0
7088,3954,0.0,3.0,0.0,3,1,1,1,2,0,1,0
70924,4926,0.0,5.0,0.0,31,19,12,2,26,4,1,0
71028,4079,0.0,3.0,1.0,4,2,1,1,2,0,2,0
71230,2746,0.0,6.0,0.0,39,10,5,2,32,0,7,0
72040,4985,0.0,5.0,0.0,23,8,3,3,15,0,3,5
72207,2545,1.0,0.0,0.0,31,19,9,5,28,0,1,2
72373,3105,0.0,3.0,2.0,17,11,2,1,16,0,1,0
72619,1318,0.0,4.0,0.0,7,1,1,2,6,0,1,0
72660,4558,0.0,2.0,0.0,6,2,1,2,5,0,1,0
72925,995,0.0,4.0,0.0,5,1,1,1,4,0,1,0
73223,3578,0.0,5.0,0.0,4,2,1,1,3,0,1,0
73689,1602,0.0,3.0,0.0,4,1,1,1,3,0,1,0
74293,598,1.0,3.0,1.0,7,5,2,2,6,0,1,0
74314,1090,0.0,0.0,2.0,9,1,1,2,8,0,1,0
74610,2073,0.0,6.0,0.0,4,1,1,3,3,0,1,0
74628,2901,0.0,0.0,0.0,59,19,3,2,55,0,4,0
75302,4605,0.0,0.0,0.0,6,4,4,1,5,0,1,0
75586,4247,0.0,5.0,1.0,6,2,2,1,4,0,2,0
75805,2291,0.0,0.0,0.0,2,1,1,1,1,0,1,0
75809,426,0.0,0.0,0.0,1,1,1,1,0,0,1,0
75826,4500,1.0,0.0,1.0,3,1,1,1,2,0,1,0
76183,2981,0.0,0.0,0.0,9,2,2,4,8,0,1,0
76238,361,0.0,0.0,0.0,17,10,3,3,15,0,1,1
7629,1272,0.0,0.0,0.0,6,3,2,3,5,0,1,0
76388,3826,0.0,4.0,1.0,2,1,1,1,1,0,1,0
76689,3954,0.0,5.0,0.0,3,1,1,1,2,0,1,0
76827,3734,0.0,3.0,0.0,48,13,7,4,45,0,3,0
77068,4322,0.0,5.0,1.0,5,1,1,2,4,0,1,0
77093,3477,0.0,2.0,0.0,4,2,1,2,3,0,1,0
7710,4760,0.0,3.0,1.0,8,2,2,3,6,0,1,1
77277,4607,0.0,3.0,1.0,9,6,1,1,8,0,1,0
77858,4203,0.0,5.0,0.0,1,1,1,1,0,0,1,0
78017,826,1.0,0.0,1.0,3,1,1,1,2,0,1,0
78061,2900,0.0,3.0,0.0,3,1,1,1,2,0,1,0
78498,46,0.0,0.0,0.0,7,1,1,1,5,0,2,0
78837,4966,0.0,4.0,1.0,13,5,1,3,11,0,1,1
78938,1983,0.0,2.0,1.0,5,3,1,1,4,0,1,0
8008,3266,0.0,4.0,1.0,2,1,1,1,1,0,1,0
801,3472,0.0,3.0,1.0,8,3,1,1,6,0,2,0
80225,608,0.0,4.0,0.0,21,10,3,1,20,0,1,0
80326,2138,0.0,5.0,0.0,1,1,1,1,0,0,1,0
8043,897,0.0,4.0,0.0,2,1,1,1,1,0,1,0
80561,522,0.0,2.0,1.0,8,2,2,2,6,1,1,0
80571,2066,0.0,5.0,1.0,52,22,1,3,51,0,1,0
80695,252,1.0,5.0,0.0,4,1,1,1,1,0,3,0
81497,4706,0.0,3.0,0.0,9,1,1,1,7,0,2,0
82010,4170,0.0,5.0,1.0,1,1,1,1,0,0,1,0
82466,361,0.0,3.0,0.0,2,2,2,1,0,0,2,0
82563,4554,0.0,6.0,0.0,11,1,1,3,10,0,1,0
82678,3152,0.0,5.0,1.0,3,1,1,1,2,0,1,0
83209,4976,0.0,4.0,1.0,3,1,1,1,2,0,1,0
83481,3528,0.0,2.0,0.0,14,4,1,3,12,0,1,1
83933,2634,0.0,6.0,1.0,14,4,2,2,13,0,1,0
8411,1557,0.0,3.0,1.0,24,9,6,2,22,0,2,0
84649,326,0.0,0.0,0.0,3,1,1,1,2,0,1,0
84923,2099,0.0,5.0,1.0,14,5,2,4,11,2,1,0
85589,4765,0.0,4.0,0.0,1,1,1,1,0,0,1,0
85729,3150,0.0,0.0,0.0,74,24,5,6,68,0,6,0
86041,1957,0.0,4.0,0.0,8,2,2,1,6,0,2,0
86107,4569,0.0,3.0,1.0,12,3,1,1,11,0,1,0
86345,2217,0.0,6.0,0.0,9,2,1,2,7,0,1,1
86483,168,0.0,4.0,0.0,10,7,2,5,9,0,1,0
86484,4061,0.0,2.0,1.0,4,2,2,1,3,0,1,0
86951,4460,0.0,2.0,1.0,3,2,2,1,2,0,1,0
8700,946,0.0,0.0,0.0,6,2,1,2,5,0,1,0
87491,3753,0.0,3.0,1.0,1,1,1,1,0,0,1,0
88938,1243,0.0,0.0,0.0,9,4,1,5,8,0,1,0
89068,2537,0.0,4.0,0.0,11,5,3,1,9,0,2,0
89337,1243,0.0,5.0,0.0,23,4,1,2,19,0,1,3
89442,2537,0.0,0.0,0.0,1,1,1,1,0,0,1,0
89720,3828,0.0,4.0,0.0,22,16,9,6,20,0,1,1
89793,23,0.0,0.0,1.0,3,1,1,1,2,0,1,0
90401,4542,0.0,2.0,0.0,7,3,2,3,6,0,1,0
90406,293,0.0,3.0,0.0,11,1,1,2,10,0,1,0
90582,742,0.0,0.0,0.0,4,1,1,1,3,0,1,0
90801,4044,0.0,2.0,0.0,27,7,5,2,23,0,1,3
90970,2537,0.0,4.0,1.0,4,1,1,1,3,0,1,0
91093,114,0.0,3.0,0.0,1,1,1,1,0,0,1,0
91392,1640,0.0,6.0,0.0,3,1,1,1,2,0,1,0
91632,1713,0.0,4.0,0.0,28,7,5,4,26,0,2,0
91916,4966,0.0,0.0,1.0,3,2,1,1,2,0,1,0
91926,1588,0.0,3.0,0.0,7,3,3,1,6,0,1,0
92495,1719,0.0,0.0,0.0,5,3,1,1,4,0,1,0
92670,2173,0.0,5.0,1.0,17,11,1,1,15,0,2,0
92828,1489,0.0,4.0,0.0,1,1,1,1,0,0,1,0
9301,2886,0.0,0.0,0.0,4,1,1,1,3,0,1,0
93165,3245,0.0,3.0,1.0,7,2,1,3,5,0,1,1
93508,606,0.0,0.0,0.0,54,13,7,2,46,0,3,5
93963,219,1.0,0.0,0.0,14,10,1,1,11,0,3,0
94035,4519,1.0,4.0,0.0,2,1,1,1,0,0,2,0
94055,3022,0.0,3.0,1.0,5,3,1,2,3,0,2,0
94154,2592,0.0,3.0,0.0,1,1,1,1,0,0,1,0
94176,467,0.0,4.0,0.0,16,2,1,5,14,0,1,1
94910,598,0.0,5.0,0.0,2,2,2,1,0,0,2,0
94973,2051,1.0,2.0,0.0,17,2,1,3,10,0,5,2
95422,3163,0.0,0.0,1.0,3,1,1,1,1,0,2,0
95479,2396,1.0,2.0,1.0,2,1,1,2,1,0,1,0
95493,1500,0.0,0.0,1.0,3,1,1,1,2,0,1,0
95994,4044,0.0,3.0,0.0,20,15,3,1,19,0,1,0
96076,3828,1.0,6.0,1.0,9,5,4,2,8,0,1,0
96190,1489,0.0,4.0,0.0,10,3,1,1,9,0,1,0
96593,4655,0.0,0.0,0.0,16,7,4,3,9,0,1,6
96822,3455,0.0,6.0,0.0,17,7,1,3,16,0,1,0
99096,4450,0.0,5.0,1.0,16,5,4,1,14,0,2,0
99383,3974,0.0,7.0,0.0,8,1,1,1,7,0,1,0
99574,1310,0.0,5.0,0.0,3,1,1,1,2,0,1,0
99869,2915,0.0,4.0,1.0,3,3,2,1,0,0,3,0
