100086,4048,0.0,4.0,2.0,3,1,1,1,2,0,1,0
100183,2608,0.0,2.0,1.0,2,1,1,1,1,0,1,0
100273,606,0.0,2.0,0.0,6,1,1,2,5,0,1,0
100340,4617,0.0,5.0,0.0,1,1,1,1,0,0,1,0
100551,798,0.0,3.0,0.0,3,2,2,2,2,0,1,0
100625,1263,0.0,0.0,0.0,15,4,1,3,12,1,2,0
10072,278,0.0,5.0,0.0,14,2,1,2,12,0,2,0
100738,832,0.0,4.0,1.0,17,1,1,1,16,0,1,0
100776,3054,0.0,0.0,0.0,17,4,1,3,15,0,1,1
101284,4764,0.0,4.0,1.0,5,3,2,2,4,0,1,0
101557,1678,0.0,3.0,0.0,1,1,1,1,0,0,1,0
101711,1166,0.0,3.0,1.0,2,1,1,1,1,0,1,0
101899,168,0.0,2.0,1.0,2,1,1,1,1,0,1,0
102191,784,1.0,4.0,0.0,23,6,5,5,22,0,1,0
102403,227,0.0,3.0,0.0,11,2,1,2,10,0,1,0
102687,508,0.0,5.0,0.0,12,4,1,1,11,0,1,0
103080,760,0.0,2.0,1.0,9,2,2,1,7,0,2,0
103363,4090,0.0,3.0,0.0,4,1,1,1,3,0,1,0
103440,2639,0.0,5.0,0.0,17,9,6,2,16,0,1,0
103683,148,0.0,4.0,1.0,8,2,1,2,7,0,1,0
103924,4966,0.0,5.0,0.0,18,9,5,1,12,0,6,0
105212,3734,0.0,3.0,1.0,4,2,2,1,2,0,2,0
105236,1150,0.0,5.0,0.0,4,2,2,1,3,0,1,0
105267,1840,0.0,3.0,0.0,19,8,3,2,17,0,2,0
105409,4079,0.0,3.0,1.0,2,1,1,1,0,0,2,0
105465,4594,0.0,2.0,0.0,12,7,4,2,10,0,1,1
105622,4750,0.0,5.0,0.0,113,13,6,7,111,0,1,1
105833,498,0.0,4.0,1.0,12,2,2,1,9,0,3,0
105859,606,0.0,0.0,0.0,8,2,1,1,7,0,1,0
106699,1243,0.0,4.0,0.0,12,4,2,2,11,0,1,0
10790,2928,0.0,4.0,0.0,11,2,1,2,9,0,2,0
107979,4043,0.0,3.0,0.0,4,2,1,3,2,0,2,0
107997,1096,0.0,6.0,1.0,8,1,1,2,7,0,1,0
108475,3619,0.0,6.0,0.0,10,3,3,3,7,0,3,0
109020,2051,0.0,3.0,0.0,6,1,1,1,5,0,1,0
109706,1451,0.0,4.0,0.0,6,1,1,1,5,0,1,0
10974,145,0.0,4.0,0.0,5,2,1,3,3,0,1,1
109995,685,1.0,4.0,0.0,3,2,1,2,2,0,1,0
110366,3955,0.0,3.0,1.0,5,1,1,1,3,0,1,1
110775,926,0.0,6.0,0.0,5,2,2,1,3,0,2,0
111013,2565,0.0,3.0,0.0,6,4,1,2,4,0,1,1
111323,2138,0.0,3.0,1.0,6,2,2,1,5,0,1,0
11150,4083,0.0,3.0,0.0,15,7,4,1,14,0,1,0
111560,361,0.0,2.0,1.0,10,7,1,1,8,0,1,1
111593,500,0.0,0.0,1.0,5,1,1,1,4,0,1,0
111957,2149,0.0,4.0,0.0,10,3,1,2,6,0,1,3
111967,4942,0.0,2.0,0.0,3,1,1,1,2,0,1,0
112831,121,0.0,6.0,1.0,1,1,1,1,0,0,1,0
113556,4267,0.0,5.0,0.0,43,19,3,4,39,0,4,0
113644,1679,0.0,3.0,0.0,11,5,2,1,9,0,2,0
113697,2900,0.0,5.0,0.0,2,1,1,1,1,0,1,0
113796,1427,0.0,3.0,0.0,5,1,1,1,4,0,1,0
115515,861,0.0,0.0,0.0,2,1,1,2,1,0,1,0
115594,3102,0.0,4.0,1.0,3,1,1,1,2,0,1,0
115790,4170,0.0,5.0,1.0,3,2,1,1,0,0,3,0
116427,4745,0.0,0.0,1.0,2,1,1,1,1,0,1,0
116765,1760,0.0,3.0,0.0,14,7,3,1,11,0,3,0
117036,3190,0.0,3.0,1.0,5,1,1,1,4,0,1,0
117131,133,0.0,0.0,0.0,7,4,1,1,6,0,1,0
117161,3971,0.0,3.0,1.0,11,1,1,3,10,0,1,0
117203,2721,0.0,8.0,0.0,19,10,3,5,18,0,1,0
117220,798,0.0,2.0,0.0,12,6,4,4,10,0,1,1
117428,4043,0.0,0.0,0.0,2,1,1,1,1,0,1,0
117511,3191,0.0,2.0,0.0,1,1,1,1,0,0,1,0
117561,2175,0.0,3.0,2.0,11,2,1,3,8,0,1,2
117721,4760,0.0,3.0,0.0,17,8,2,1,16,0,1,0
117860,3898,0.0,2.0,1.0,12,2,1,4,9,0,1,2
117866,1346,0.0,5.0,1.0,9,4,1,1,8,0,1,0
117928,740,0.0,2.0,0.0,9,4,2,1,6,0,3,0
118029,1102,0.0,2.0,0.0,164,75,10,7,150,0,1,13
118145,1884,0.0,3.0,1.0,5,1,1,1,4,0,1,0
11889,3971,0.0,3.0,1.0,10,4,2,2,8,0,1,1
118979,2928,0.0,3.0,0.0,5,2,1,1,3,0,2,0
120102,2273,0.0,6.0,0.0,11,3,1,2,9,0,1,1
120698,4762,0.0,0.0,0.0,6,2,1,1,5,0,1,0
121736,3635,0.0,5.0,0.0,103,34,4,11,92,0,4,7
122025,4648,0.0,4.0,0.0,2,2,2,1,0,0,2,0
122190,361,0.0,4.0,0.0,3,1,1,1,2,0,1,0
122690,1816,0.0,2.0,0.0,5,2,1,1,4,0,1,0
122734,3828,0.0,5.0,0.0,4,1,1,3,2,0,1,1
123095,862,1.0,4.0,1.0,26,11,5,6,20,0,6,0
123540,1892,0.0,0.0,0.0,35,18,4,2,33,0,2,0
123789,2808,0.0,5.0,1.0,16,1,1,4,14,0,2,0
124045,4258,0.0,5.0,0.0,2,1,1,1,1,0,1,0
124085,2954,0.0,6.0,0.0,1,1,1,1,0,0,1,0
124143,1833,1.0,7.0,0.0,7,3,1,1,5,0,2,0
125409,1884,0.0,0.0,1.0,21,3,2,4,20,0,1,0
126059,1742,0.0,5.0,0.0,5,3,1,2,4,0,1,0
126068,4270,0.0,5.0,2.0,3,1,1,1,2,0,1,0
126134,3971,0.0,3.0,0.0,1,1,1,1,0,0,1,0
126193,1721,0.0,3.0,0.0,6,1,1,1,4,0,1,1
127021,3910,0.0,0.0,0.0,3,2,2,1,2,0,1,0
127159,3127,0.0,6.0,1.0,4,2,2,1,3,0,1,0
127407,724,0.0,0.0,0.0,5,1,1,1,4,0,1,0
127836,2577,0.0,5.0,0.0,4,2,1,1,3,0,1,0
12821,3444,0.0,3.0,1.0,6,2,1,3,4,0,1,1
128295,4394,0.0,5.0,0.0,7,2,1,3,6,0,1,0
128306,3173,0.0,0.0,1.0,4,1,1,2,1,0,3,0
128358,1755,0.0,3.0,0.0,3,1,1,1,2,0,1,0
128498,4779,0.0,7.0,1.0,5,1,1,1,3,0,1,1
128513,3828,1.0,4.0,0.0,4,2,2,1,2,0,2,0
128601,1520,0.0,3.0,0.0,8,5,4,1,7,0,1,0
129465,326,0.0,0.0,0.0,24,1,1,5,22,0,1,1
130161,2441,0.0,0.0,0.0,5,1,1,1,3,0,1,1
130704,2537,0.0,0.0,0.0,1,1,1,1,0,0,1,0
130936,300,0.0,3.0,1.0,6,1,1,1,5,0,1,0
130964,3609,0.0,4.0,0.0,8,4,1,1,7,0,1,0
130984,587,0.0,3.0,1.0,8,2,1,2,6,1,1,0
131457,3925,0.0,0.0,0.0,11,2,1,3,10,0,1,0
1315,2562,1.0,2.0,1.0,4,3,1,1,3,0,1,0
131629,1749,0.0,0.0,0.0,4,1,1,1,3,0,1,0
131653,2824,0.0,6.0,0.0,25,8,2,1,22,0,3,0
131655,437,0.0,3.0,1.0,10,8,3,2,9,0,1,0
132065,1102,0.0,4.0,1.0,1,1,1,1,0,0,1,0
13213,1618,0.0,7.0,0.0,12,3,1,2,11,0,1,0
132379,3640,0.0,3.0,1.0,6,1,1,3,5,0,1,0
133329,2569,0.0,2.0,0.0,7,5,1,1,6,0,1,0
133456,4993,0.0,3.0,0.0,2,1,1,1,1,0,1,0
133497,1911,0.0,4.0,0.0,3,1,1,2,2,0,1,0
133654,3525,0.0,0.0,1.0,4,1,1,1,3,0,1,0
133820,3766,0.0,4.0,0.0,1,1,1,1,0,0,1,0
134133,129,0.0,4.0,1.0,3,1,1,1,2,0,1,0
134320,3734,0.0,2.0,1.0,9,2,1,1,8,0,1,0
134713,4760,0.0,0.0,1.0,7,2,1,1,5,0,2,0
134839,1943,0.0,5.0,0.0,1,1,1,1,0,0,1,0
135390,4595,0.0,3.0,0.0,7,1,1,1,6,0,1,0
135563,3460,0.0,2.0,0.0,4,1,1,1,3,0,1,0
135767,2698,0.0,3.0,0.0,2,2,1,1,0,0,1,1
135949,361,0.0,5.0,0.0,1,1,1,1,0,0,1,0
136035,2537,0.0,3.0,0.0,6,3,2,1,5,0,1,0
136051,2928,0.0,0.0,0.0,5,3,1,1,4,0,1,0
136555,71,0.0,4.0,2.0,3,2,2,2,2,0,1,0
137173,4976,0.0,6.0,0.0,1,1,1,1,0,0,1,0
137197,653,0.0,0.0,1.0,7,1,1,1,6,0,1,0
137687,259,0.0,2.0,1.0,6,4,2,1,5,0,1,0
137745,598,0.0,4.0,0.0,10,3,2,1,8,0,2,0
13776,4724,0.0,3.0,1.0,36,12,1,1,34,0,2,0
137825,3828,0.0,3.0,2.0,16,8,6,1,15,0,1,0
138269,3828,0.0,4.0,0.0,7,2,2,1,6,0,1,0
138610,3614,1.0,3.0,0.0,4,3,3,1,3,0,1,0
139127,598,0.0,0.0,1.0,57,33,3,4,55,0,2,0
13915,4173,0.0,2.0,0.0,15,5,4,2,13,0,1,1
139329,798,0.0,3.0,1.0,2,1,1,1,1,0,1,0
139352,1487,0.0,3.0,1.0,7,2,1,3,3,0,1,3
139858,467,0.0,3.0,1.0,23,11,5,3,19,0,4,0
140214,3734,0.0,0.0,0.0,8,4,3,1,4,0,4,0
140657,946,0.0,3.0,1.0,7,2,1,1,5,0,1,1
140909,1816,0.0,4.0,0.0,21,13,4,1,18,0,3,0
141524,2051,0.0,3.0,0.0,5,1,1,1,3,0,2,0
141530,652,0.0,4.0,1.0,6,1,1,1,5,0,1,0
142248,1203,0.0,4.0,0.0,5,1,1,1,4,0,1,0
142276,4049,0.0,4.0,0.0,15,5,3,3,13,0,2,0
14269,1485,0.0,6.0,0.0,3,3,1,2,2,0,1,0
14274,4044,1.0,5.0,0.0,177,62,13,2,172,0,4,1
142800,168,0.0,4.0,1.0,1,1,1,1,0,0,1,0
143237,1039,0.0,2.0,1.0,4,2,2,1,3,0,1,0
14325,3613,0.0,3.0,1.0,2,1,1,1,1,0,1,0
143260,2441,0.0,2.0,0.0,2,1,1,2,1,0,1,0
143408,323,0.0,6.0,1.0,5,2,1,1,4,0,1,0
144126,3971,0.0,0.0,0.0,2,1,1,1,1,0,1,0
14422,2217,0.0,3.0,1.0,9,2,1,1,8,0,1,0
144252,4245,0.0,0.0,1.0,2,1,1,1,1,0,1,0
144350,4954,0.0,0.0,0.0,2,1,1,1,1,0,1,0
144362,4787,0.0,3.0,0.0,4,1,1,1,3,0,1,0
14593,4492,0.0,3.0,1.0,6,2,1,2,4,0,1,1
146420,1454,0.0,5.0,0.0,12,5,4,1,11,0,1,0
146696,682,1.0,2.0,0.0,27,10,4,2,24,0,2,1
146792,4118,0.0,4.0,1.0,21,5,2,1,13,0,6,2
147556,2664,0.0,4.0,1.0,6,4,1,1,5,0,1,0
147972,1067,0.0,5.0,0.0,15,3,2,5,12,0,2,1
148129,4170,0.0,0.0,0.0,2,1,1,1,1,0,1,0
14964,1677,0.0,6.0,0.0,4,1,1,2,3,0,1,0
149657,3159,0.0,6.0,0.0,2,2,1,1,0,0,2,0
149664,3640,0.0,0.0,0.0,9,2,1,2,7,0,1,1
149806,4659,0.0,3.0,0.0,7,3,2,1,5,0,2,0
149971,3578,1.0,3.0,0.0,12,6,1,1,11,0,1,0
150002,4775,0.0,3.0,1.0,49,16,2,11,44,0,1,4
150268,1102,0.0,4.0,0.0,26,15,5,1,22,0,4,0
150316,2482,0.0,3.0,0.0,3,3,2,1,0,0,3,0
150355,603,0.0,2.0,1.0,2,1,1,1,1,0,1,0
150606,3602,0.0,0.0,null,8,3,1,2,6,0,2,0
150848,1618,0.0,4.0,0.0,4,1,1,1,3,0,1,0
151097,3455,0.0,5.0,1.0,26,7,1,3,23,0,1,2
151189,2545,0.0,4.0,1.0,40,22,10,7,38,0,1,1
151193,2537,0.0,0.0,0.0,5,2,1,1,4,0,1,0
15156,4747,0.0,3.0,0.0,4,2,1,1,3,0,1,0
15185,4475,0.0,3.0,0.0,2,1,1,1,1,0,1,0
151881,4043,0.0,0.0,0.0,9,4,3,2,7,1,1,0
151902,2664,0.0,6.0,0.0,4,1,1,1,3,0,1,0
152219,2821,0.0,3.0,0.0,5,1,1,1,4,0,1,0
152621,1742,0.0,4.0,0.0,7,4,1,1,6,0,1,0
152853,3108,0.0,0.0,0.0,2,1,1,1,1,0,1,0
152984,4197,0.0,3.0,0.0,4,1,1,1,3,0,1,0
153159,141,0.0,0.0,null,22,15,7,1,20,0,2,0
153195,4864,0.0,4.0,0.0,6,2,1,4,4,0,1,1
153308,4083,0.0,6.0,0.0,18,7,6,2,16,0,1,1
153503,2193,0.0,2.0,0.0,4,2,2,1,2,0,2,0
1536,3912,0.0,6.0,0.0,2,1,1,1,1,0,1,0
153958,2138,0.0,2.0,0.0,4,1,1,1,3,0,1,0
154588,941,0.0,3.0,0.0,2,1,1,1,1,0,1,0
154721,1760,0.0,6.0,0.0,2,1,1,1,0,0,2,0
155833,3173,0.0,0.0,0.0,2,1,1,1,1,0,1,0
155968,1618,0.0,0.0,1.0,16,7,2,1,14,0,2,0
156032,1000,0.0,4.0,1.0,5,2,2,1,3,0,2,0
156256,1243,0.0,3.0,1.0,3,2,1,1,2,0,1,0
156378,1487,1.0,6.0,0.0,1,1,1,1,0,0,1,0
1565,1708,0.0,5.0,0.0,6,3,1,1,5,0,1,0
15667,4267,1.0,3.0,0.0,4,4,2,1,0,0,4,0
156896,437,0.0,7.0,0.0,12,1,1,1,11,0,1,0
157010,2031,0.0,0.0,0.0,1,1,1,1,0,0,1,0
157648,625,0.0,7.0,0.0,7,5,1,1,6,0,1,0
157716,3473,0.0,3.0,0.0,17,5,1,1,16,0,1,0
157818,1145,0.0,0.0,0.0,3,1,1,1,2,0,1,0
158625,4388,0.0,0.0,0.0,3,2,1,1,2,0,1,0
15880,2138,0.0,0.0,0.0,5,1,1,3,3,0,1,1
159046,606,0.0,6.0,1.0,6,3,2,2,2,0,1,3
159047,1131,0.0,4.0,1.0,5,2,1,1,4,0,1,0
15908,4090,0.0,0.0,0.0,2,1,1,1,1,0,1,0
159239,3956,0.0,4.0,0.0,1,1,1,1,0,0,1,0
159325,120,0.0,3.0,0.0,2,2,2,2,0,0,1,1
159375,4601,0.0,4.0,1.0,4,1,1,1,3,0,1,0
15959,798,0.0,3.0,0.0,2,1,1,2,1,0,1,0
159677,3536,0.0,0.0,1.0,10,2,1,3,8,1,1,0
159750,2935,0.0,4.0,0.0,2,1,1,1,1,0,1,0
159943,3578,0.0,3.0,0.0,9,5,2,1,7,0,2,0
160590,3451,0.0,0.0,2.0,4,3,1,1,3,0,1,0
160612,742,0.0,null,null,23,5,4,3,22,0,1,0
160988,2236,0.0,3.0,1.0,13,4,4,1,12,0,1,0
161980,1102,0.0,3.0,0.0,17,8,4,4,15,0,2,0
162044,2537,0.0,6.0,0.0,6,1,1,1,5,0,1,0
162063,4687,0.0,0.0,0.0,4,1,1,2,3,0,1,0
162182,643,0.0,0.0,0.0,1,1,1,1,0,0,1,0
162343,4564,0.0,0.0,0.0,6,3,2,2,4,0,1,1
162615,3022,0.0,2.0,0.0,1,1,1,1,0,0,1,0
162760,4504,0.0,0.0,2.0,29,9,1,2,24,0,1,4
163731,3769,1.0,0.0,1.0,13,3,2,3,11,0,2,0
164253,4346,0.0,3.0,0.0,2,1,1,1,1,0,1,0
164328,3578,0.0,4.0,0.0,3,1,1,1,1,0,1,1
164365,1193,0.0,4.0,1.0,9,4,1,1,8,0,1,0
164470,3350,0.0,2.0,0.0,8,4,1,2,7,0,1,0
164644,1270,0.0,0.0,0.0,4,1,1,2,3,0,1,0
164717,1892,0.0,3.0,0.0,9,7,4,1,8,0,1,0
164829,133,0.0,4.0,0.0,15,6,1,2,14,0,1,0
165073,4468,0.0,0.0,1.0,5,2,1,1,4,0,1,0
165548,3439,0.0,5.0,1.0,6,4,1,1,5,0,1,0
165932,4558,0.0,3.0,0.0,6,2,1,1,5,0,1,0
166888,2537,0.0,0.0,1.0,3,2,1,1,2,0,1,0
167060,4150,0.0,2.0,0.0,4,1,1,1,3,0,1,0
167452,2760,0.0,0.0,0.0,1,1,1,1,0,0,1,0
167559,1102,0.0,3.0,0.0,21,11,3,4,17,0,1,3
167586,4287,0.0,5.0,1.0,2,1,1,1,1,0,1,0
168074,2935,0.0,4.0,0.0,9,1,1,2,8,0,1,0
168186,1978,0.0,2.0,1.0,5,1,1,3,3,0,1,1
16842,4659,0.0,2.0,1.0,3,1,1,1,2,0,1,0
168513,4039,0.0,3.0,0.0,2,1,1,2,0,0,1,1
168997,798,0.0,0.0,0.0,1,1,1,1,0,0,1,0
169366,2482,0.0,3.0,0.0,17,4,3,5,14,0,3,0
169500,4090,0.0,0.0,0.0,14,2,1,3,13,0,1,0
169522,402,0.0,3.0,0.0,6,4,2,2,5,0,1,0
169688,3159,0.0,4.0,0.0,4,1,1,2,3,0,1,0
169976,3578,0.0,4.0,0.0,16,8,2,1,12,0,4,0
169990,598,0.0,2.0,1.0,2,1,1,1,1,0,1,0
170304,3159,0.0,0.0,0.0,4,2,1,1,2,0,2,0
171093,1346,1.0,5.0,0.0,4,2,1,3,3,0,1,0
171164,2545,0.0,3.0,0.0,14,8,5,1,12,0,2,0
171209,2193,0.0,4.0,1.0,11,4,2,1,9,0,2,0
171227,1116,0.0,3.0,0.0,5,1,1,2,4,0,1,0
171241,4793,0.0,0.0,0.0,2,1,1,1,1,0,1,0
171549,962,0.0,4.0,2.0,5,2,2,1,4,0,1,0
171702,4234,0.0,0.0,0.0,11,6,5,2,9,1,1,0
172580,574,0.0,0.0,0.0,44,27,3,4,42,1,1,0
1730,1031,0.0,4.0,0.0,5,2,2,1,4,0,1,0
173295,2448,0.0,2.0,0.0,4,2,1,1,2,0,2,0
173667,4170,0.0,3.0,1.0,4,3,1,1,3,0,1,0
173744,1708,0.0,4.0,0.0,12,7,1,2,11,0,1,0
173920,1703,0.0,5.0,1.0,9,5,2,2,8,0,1,0
173980,1833,0.0,7.0,0.0,8,6,1,1,7,0,1,0
174094,3990,0.0,5.0,0.0,13,8,3,1,10,0,2,1
174728,4427,0.0,6.0,1.0,7,2,1,1,6,0,1,0
175634,2318,0.0,3.0,1.0,2,2,2,1,0,0,2,0
176005,685,0.0,6.0,1.0,6,5,2,2,5,0,1,0
176259,2020,0.0,5.0,1.0,5,1,1,2,4,0,1,0
176327,3205,0.0,4.0,1.0,15,9,2,1,6,0,1,8
176498,669,0.0,5.0,0.0,12,3,1,4,10,0,1,1
177438,4687,0.0,2.0,0.0,1,1,1,1,0,0,1,0
177465,4992,0.0,4.0,1.0,2,2,1,2,1,0,1,0
177772,4504,0.0,3.0,0.0,2,1,1,1,1,0,1,0
178088,1704,0.0,0.0,0.0,6,2,1,2,5,0,1,0
178248,4325,0.0,3.0,2.0,2,1,1,1,1,0,1,0
178409,4322,0.0,3.0,1.0,3,1,1,2,2,0,1,0
179019,1031,0.0,4.0,0.0,2,1,1,1,1,0,1,0
179583,3982,0.0,3.0,1.0,3,1,1,1,2,0,1,0
180215,2415,0.0,3.0,0.0,2,1,1,1,1,0,1,0
180301,4234,0.0,5.0,0.0,10,4,1,1,8,0,2,0
180545,2465,0.0,4.0,0.0,29,9,1,1,28,0,1,0
180581,4765,0.0,0.0,0.0,4,1,1,1,1,0,3,0
180896,1520,0.0,0.0,0.0,11,1,1,2,9,0,1,1
181224,3205,0.0,3.0,0.0,6,4,1,3,5,0,1,0
181242,4044,0.0,3.0,0.0,14,4,2,3,12,0,1,1
18127,643,0.0,4.0,0.0,7,5,2,1,6,0,1,0
181667,66,0.0,2.0,0.0,3,1,1,1,2,0,1,0
181721,1541,0.0,2.0,0.0,3,1,1,1,2,0,1,0
182049,2775,0.0,4.0,1.0,2,1,1,1,1,0,1,0
182193,4871,1.0,2.0,1.0,3,1,1,1,1,0,2,0
182410,1911,0.0,3.0,0.0,3,1,1,1,2,0,1,0
182850,598,0.0,4.0,0.0,1,1,1,1,0,0,1,0
18303,4282,0.0,null,null,3,1,1,2,1,0,1,1
183385,503,0.0,4.0,1.0,9,3,1,1,8,0,1,0
183447,2582,0.0,6.0,0.0,19,7,1,1,18,0,1,0
184007,1353,0.0,0.0,1.0,2,1,1,1,1,0,1,0
184021,1618,0.0,6.0,0.0,11,4,1,1,10,0,1,0
185331,437,0.0,4.0,0.0,10,8,2,1,9,0,1,0
185381,3323,0.0,3.0,1.0,27,15,1,4,25,0,2,0
185398,2348,0.0,0.0,0.0,5,1,1,2,3,0,2,0
18609,219,0.0,5.0,1.0,4,2,1,2,3,0,1,0
186929,2699,0.0,0.0,0.0,5,1,1,2,3,0,1,1
187151,2031,0.0,3.0,1.0,4,1,1,2,2,0,1,1
187397,4181,0.0,3.0,1.0,6,2,2,1,5,0,1,0
187488,2348,0.0,5.0,0.0,2,1,1,1,1,0,1,0
187559,4129,0.0,4.0,1.0,2,1,1,1,1,0,1,0
187859,4044,0.0,5.0,0.0,12,3,1,2,9,0,1,2
188427,4044,0.0,3.0,0.0,162,86,11,9,156,0,2,4
188749,3826,0.0,2.0,0.0,14,1,1,1,12,0,1,1
188860,804,0.0,4.0,0.0,2,1,1,1,1,0,1,0
188994,1708,0.0,3.0,1.0,9,5,1,5,7,0,1,1
189247,1102,0.0,3.0,0.0,161,28,3,5,160,0,1,0
18935,3022,0.0,3.0,0.0,26,5,1,3,24,0,1,1
189622,191,0.0,3.0,0.0,3,1,1,1,2,0,1,0
190178,3624,0.0,0.0,0.0,7,3,1,4,6,0,1,0
190487,2583,0.0,3.0,2.0,7,1,1,4,5,0,1,1
190490,4145,0.0,4.0,1.0,1,1,1,1,0,0,1,0
190560,742,0.0,3.0,0.0,6,2,2,1,5,0,1,0
190597,115,0.0,3.0,1.0,6,2,2,2,5,0,1,0
190675,2952,0.0,0.0,0.0,3,1,1,1,1,0,2,0
191866,669,0.0,4.0,1.0,31,27,4,4,30,0,1,0
192237,323,0.0,0.0,0.0,21,6,1,3,17,0,1,3
192533,1892,0.0,4.0,0.0,1,1,1,1,0,0,1,0
192624,2138,0.0,4.0,0.0,7,3,2,3,6,0,1,0
192835,2915,0.0,0.0,0.0,5,2,2,2,4,0,1,0
19290,1943,0.0,0.0,1.0,5,1,1,1,4,0,1,0
193317,3898,0.0,5.0,1.0,4,1,1,1,3,0,1,0
193666,4042,0.0,5.0,0.0,4,2,1,1,3,0,1,0
193685,310,0.0,3.0,1.0,8,3,2,1,7,0,1,0
194461,474,0.0,4.0,0.0,32,20,17,2,23,0,9,0
194481,2721,0.0,5.0,0.0,8,5,1,1,7,0,1,0
195383,1000,0.0,4.0,2.0,24,2,1,2,23,0,1,0
195443,3730,0.0,4.0,0.0,8,2,2,1,6,0,2,0
195664,2721,0.0,0.0,0.0,1,1,1,1,0,0,1,0
195797,3444,0.0,0.0,1.0,7,2,2,1,6,0,1,0
195826,643,0.0,0.0,1.0,1,1,1,1,0,0,1,0
196351,3955,0.0,0.0,0.0,9,5,1,1,7,0,2,0
19664,4401,0.0,6.0,1.0,3,1,1,1,0,0,3,0
196669,132,0.0,6.0,0.0,4,2,1,2,3,0,1,0
196962,4944,0.0,0.0,0.0,2,1,1,2,0,0,1,1
197284,3529,0.0,5.0,0.0,11,6,4,1,9,0,2,0
197359,3524,0.0,4.0,1.0,7,2,1,1,6,0,1,0
198146,141,0.0,3.0,0.0,3,2,2,2,2,0,1,0
198787,2180,0.0,2.0,0.0,2,1,1,1,1,0,1,0
199232,2954,0.0,2.0,0.0,4,3,2,2,2,0,2,0
199312,3562,0.0,6.0,0.0,14,4,2,5,11,0,1,2
199979,222,0.0,5.0,0.0,44,9,5,11,40,0,1,3
200030,2229,0.0,3.0,1.0,1,1,1,1,0,0,1,0
200056,2824,0.0,0.0,1.0,3,1,1,1,2,0,1,0
200192,2559,0.0,4.0,0.0,16,3,2,1,15,0,1,0
20020,3327,0.0,3.0,1.0,9,2,2,4,8,0,1,0
200875,3898,0.0,0.0,0.0,9,3,1,1,7,0,2,0
201541,2108,0.0,0.0,1.0,5,1,1,2,2,0,3,0
202914,2051,0.0,2.0,0.0,3,1,1,1,2,0,1,0
203129,4044,0.0,3.0,0.0,131,50,9,5,119,0,3,9
203240,2932,0.0,4.0,0.0,4,4,4,2,1,0,2,1
20388,2138,0.0,3.0,0.0,2,1,1,1,1,0,1,0
204231,4427,0.0,0.0,0.0,12,5,1,2,9,0,2,1
204972,731,0.0,4.0,0.0,5,1,1,2,4,0,1,0
205336,4267,0.0,5.0,0.0,27,20,7,2,23,0,4,0
205477,4044,0.0,0.0,0.0,20,9,3,3,19,0,1,0
205898,4850,0.0,5.0,0.0,2,1,1,1,1,0,1,0
205901,2047,0.0,3.0,1.0,9,3,1,1,8,0,1,0
20625,3898,0.0,4.0,0.0,18,1,1,3,15,0,1,2
206265,2447,0.0,5.0,0.0,20,13,2,1,19,0,1,0
206371,4729,0.0,0.0,null,27,16,8,4,26,0,1,0
206839,3828,0.0,3.0,0.0,92,36,12,4,89,0,3,0
206855,323,0.0,0.0,0.0,6,2,1,1,5,0,1,0
206859,1393,0.0,3.0,0.0,47,23,7,4,43,0,2,2
207027,1710,1.0,4.0,0.0,1,1,1,1,0,0,1,0
207096,320,0.0,3.0,0.0,2,1,1,1,1,0,1,0
207199,661,0.0,3.0,0.0,10,2,1,1,7,0,2,1
209269,1435,0.0,2.0,1.0,2,1,1,1,1,0,1,0
209498,361,0.0,5.0,0.0,64,31,5,4,56,0,1,7
209988,2545,0.0,5.0,0.0,17,8,4,1,16,0,1,0
210273,1412,0.0,0.0,0.0,11,2,1,5,10,0,1,0
210979,4647,0.0,2.0,0.0,3,2,1,1,2,0,1,0
211318,3826,0.0,2.0,1.0,1,1,1,1,0,0,1,0
211536,1501,0.0,3.0,0.0,10,7,4,4,9,0,1,0
211660,2401,0.0,7.0,0.0,1,1,1,1,0,0,1,0
21167,4336,0.0,0.0,0.0,3,1,1,3,2,0,1,0
21167,4385,0.0,0.0,0.0,9,2,1,5,7,0,1,1
212286,3826,0.0,3.0,1.0,6,2,1,2,4,0,1,1
213305,804,0.0,4.0,1.0,6,1,1,3,5,0,1,0
213461,1359,0.0,3.0,0.0,1,1,1,1,0,0,1,0
213721,588,0.0,4.0,0.0,10,1,1,2,7,0,3,0
214133,4090,1.0,0.0,0.0,3,1,1,1,2,0,1,0
214533,3323,1.0,5.0,0.0,11,3,1,3,9,0,1,1
214840,4648,0.0,0.0,0.0,9,6,1,1,8,0,1,0
215569,1916,0.0,0.0,0.0,10,4,1,2,7,2,1,0
215782,2721,1.0,3.0,1.0,63,29,3,8,59,0,1,3
215808,3484,0.0,2.0,1.0,3,1,1,2,2,0,1,0
216006,66,0.0,3.0,0.0,6,1,1,1,5,0,1,0
216517,3628,0.0,4.0,0.0,4,1,1,2,3,0,1,0
216551,2066,1.0,3.0,0.0,3,1,1,1,2,0,1,0
216589,1356,0.0,4.0,0.0,8,3,1,4,6,0,1,1
216798,4480,0.0,3.0,1.0,8,5,2,3,6,0,2,0
216872,524,0.0,3.0,1.0,2,1,1,1,1,0,1,0
2173,467,0.0,3.0,1.0,3,1,1,1,2,0,1,0
217312,4368,0.0,2.0,1.0,1,1,1,1,0,0,1,0
217728,4826,0.0,4.0,0.0,2,1,1,1,1,0,1,0
218046,4483,0.0,3.0,0.0,6,3,2,1,3,0,3,0
218260,66,0.0,0.0,1.0,12,2,1,1,11,0,1,0
218375,4427,0.0,0.0,0.0,8,2,1,1,7,0,1,0
218625,3057,0.0,5.0,0.0,14,1,1,2,13,0,1,0
218679,4083,0.0,null,null,2,1,1,2,1,0,1,0
218976,4718,0.0,null,null,1,1,1,1,0,0,1,0
219171,4739,0.0,2.0,0.0,2,1,1,1,0,0,1,1
219250,48,0.0,0.0,0.0,2,1,1,1,1,0,1,0
219515,4594,0.0,4.0,1.0,2,1,1,1,1,0,1,0
219765,3105,0.0,4.0,0.0,1,1,1,1,0,0,1,0
219826,2669,0.0,2.0,0.0,6,2,2,3,4,0,1,1
219942,685,0.0,4.0,0.0,11,6,2,1,9,0,2,0
220144,4768,0.0,4.0,0.0,45,33,1,5,44,0,1,0
220198,3734,1.0,3.0,1.0,4,1,1,2,2,0,1,1
220314,3448,0.0,0.0,1.0,2,1,1,1,1,0,1,0
220439,827,0.0,3.0,0.0,4,3,3,2,0,0,3,1
220598,2318,0.0,5.0,0.0,3,1,1,1,2,0,1,0
221089,3826,0.0,5.0,0.0,4,1,1,1,3,0,1,0
221133,1393,0.0,4.0,1.0,58,47,11,5,57,0,1,0
221350,2565,0.0,3.0,0.0,10,1,1,2,9,0,1,0
221620,742,0.0,5.0,0.0,4,1,1,1,3,0,1,0
221628,2435,0.0,4.0,0.0,2,1,1,1,0,0,2,0
22245,3635,0.0,5.0,0.0,9,8,1,2,7,0,1,1
222774,112,0.0,4.0,0.0,4,1,1,1,3,0,1,0
223143,1117,0.0,3.0,0.0,5,2,2,1,3,0,2,0
223751,3623,0.0,0.0,0.0,1,1,1,1,0,0,1,0
224139,3779,1.0,0.0,0.0,7,1,1,1,5,0,2,0
224386,189,0.0,3.0,0.0,20,1,1,2,18,0,1,1
224673,1470,0.0,4.0,1.0,5,2,1,1,4,0,1,0
22497,4282,0.0,3.0,1.0,25,12,6,1,23,0,2,0
225041,1131,0.0,5.0,0.0,20,7,4,4,17,0,1,2
225143,569,0.0,6.0,1.0,6,2,2,1,4,0,2,0
225358,1340,0.0,0.0,0.0,8,2,1,4,6,0,1,1
225678,1487,0.0,0.0,0.0,2,1,1,1,1,0,1,0
225820,2099,0.0,6.0,0.0,1,1,1,1,0,0,1,0
225977,67,0.0,2.0,1.0,8,1,1,1,7,0,1,0
226003,2928,0.0,3.0,0.0,5,1,1,2,4,0,1,0
2261,2629,0.0,6.0,1.0,1,1,1,1,0,0,1,0
226374,4571,0.0,3.0,1.0,4,1,1,1,3,0,1,0
226616,4705,0.0,2.0,0.0,1,1,1,1,0,0,1,0
227504,1892,0.0,4.0,1.0,4,1,1,1,3,0,1,0
227787,2721,1.0,6.0,1.0,3,1,1,1,2,0,1,0
227791,3828,0.0,0.0,0.0,21,7,5,6,20,0,1,0
228010,2721,0.0,3.0,0.0,9,6,2,1,8,0,1,0
228353,2664,0.0,6.0,0.0,45,32,7,1,43,0,2,0
228375,1890,0.0,6.0,1.0,14,1,1,1,13,0,1,0
228770,911,0.0,2.0,0.0,5,2,1,1,4,0,1,0
228966,3111,0.0,0.0,1.0,4,2,2,1,3,0,1,0
229454,2138,0.0,2.0,0.0,7,4,2,2,6,0,1,0
229559,1102,0.0,6.0,1.0,12,7,2,1,11,0,1,0
229565,2911,0.0,4.0,0.0,4,1,1,1,3,0,1,0
2302,2436,0.0,4.0,0.0,1,1,1,1,0,0,1,0
230513,1203,0.0,0.0,0.0,11,4,2,3,9,0,1,1
230975,3080,0.0,3.0,0.0,1,1,1,1,0,0,1,0
231303,2193,0.0,0.0,0.0,8,1,1,1,7,0,1,0
231633,323,0.0,3.0,1.0,9,2,1,2,8,0,1,0
231790,4718,0.0,0.0,0.0,24,7,3,4,22,1,1,0
232199,1370,0.0,4.0,1.0,9,2,1,1,4,0,4,1
232354,4044,0.0,3.0,0.0,21,18,4,8,19,0,2,0
232469,4589,0.0,3.0,0.0,8,2,1,3,7,0,1,0
232641,4352,0.0,3.0,0.0,1,1,1,1,0,0,1,0
233106,3930,0.0,2.0,1.0,2,1,1,1,1,0,1,0
233190,2128,0.0,0.0,0.0,6,3,3,1,5,0,1,0
233521,4267,0.0,0.0,0.0,14,9,2,1,13,0,1,0
23361,4044,0.0,3.0,0.0,14,4,2,1,12,0,1,1
233798,803,0.0,6.0,0.0,32,20,3,3,31,0,1,0
234135,1470,0.0,3.0,0.0,2,1,1,2,1,0,1,0
235027,2537,0.0,3.0,0.0,2,1,1,1,1,0,1,0
235346,798,0.0,6.0,1.0,2,1,1,1,1,0,1,0
235825,2761,0.0,5.0,0.0,6,1,1,2,5,0,1,0
236270,121,0.0,6.0,0.0,12,4,3,1,11,0,1,0
236884,4042,0.0,4.0,0.0,5,2,1,2,4,0,1,0
236908,4871,1.0,3.0,2.0,6,2,1,2,5,0,1,0
236910,4282,0.0,0.0,1.0,12,4,3,3,9,0,3,0
237346,1200,0.0,4.0,0.0,3,1,1,2,2,0,1,0
237878,1613,0.0,0.0,null,20,4,3,1,18,0,2,0
23800,1239,0.0,3.0,0.0,7,3,2,2,6,0,1,0
238229,1399,0.0,4.0,1.0,6,3,1,2,3,0,3,0
238329,4619,0.0,2.0,0.0,4,3,2,1,3,0,1,0
238490,4835,0.0,4.0,0.0,7,2,2,5,5,0,1,1
239522,3528,0.0,0.0,0.0,21,6,3,8,19,0,1,1
239795,2821,0.0,0.0,1.0,1,1,1,1,0,0,1,0
240121,3734,0.0,3.0,1.0,22,9,5,2,20,1,1,0
240304,2821,0.0,4.0,2.0,47,12,4,1,46,0,1,0
240469,2556,0.0,4.0,0.0,3,1,1,1,2,0,1,0
24050,1489,0.0,5.0,0.0,4,1,1,1,3,0,1,0
240632,361,0.0,3.0,0.0,18,6,4,1,14,0,2,2
24121,10,0.0,5.0,0.0,1,1,1,1,0,0,1,0
241317,3460,0.0,0.0,0.0,3,1,1,1,2,0,1,0
242067,472,0.0,0.0,0.0,15,2,1,2,14,0,1,0
242692,4793,0.0,3.0,1.0,4,2,1,1,2,0,2,0
242781,4847,0.0,5.0,0.0,25,20,7,3,22,0,1,2
24321,1827,0.0,0.0,0.0,20,6,1,1,19,0,1,0
243294,1520,0.0,3.0,0.0,4,2,2,1,3,0,1,0
244335,3284,0.0,0.0,0.0,13,1,1,1,12,0,1,0
244848,3451,0.0,6.0,1.0,7,2,1,1,5,0,2,0
245653,4794,0.0,4.0,1.0,1,1,1,1,0,0,1,0
246316,4450,0.0,5.0,0.0,6,1,1,2,4,0,1,1
24649,2102,0.0,2.0,0.0,9,4,3,1,6,0,3,0
247313,3629,0.0,2.0,0.0,1,1,1,1,0,0,1,0
247315,3319,0.0,5.0,0.0,3,1,1,1,2,0,1,0
247582,606,0.0,0.0,0.0,8,1,1,4,7,0,1,0
248307,2618,0.0,4.0,0.0,13,6,1,1,12,0,1,0
248515,4424,0.0,6.0,0.0,13,4,1,2,11,0,1,1
249820,503,0.0,3.0,1.0,7,3,1,2,6,0,1,0
24989,606,0.0,4.0,0.0,16,7,3,5,15,0,1,0
250083,2639,0.0,0.0,0.0,26,14,5,1,23,0,2,1
250273,2031,0.0,3.0,1.0,2,2,1,2,1,0,1,0
250311,3828,1.0,5.0,0.0,171,89,15,4,164,0,3,4
250399,1760,0.0,4.0,0.0,1,1,1,1,0,0,1,0
250844,2516,0.0,2.0,0.0,27,12,1,2,24,0,3,0
251054,685,0.0,4.0,0.0,8,5,3,1,7,0,1,0
251098,1900,0.0,2.0,1.0,11,1,1,1,10,0,1,0
251358,1150,0.0,4.0,0.0,6,4,4,1,4,0,2,0
251420,141,0.0,0.0,0.0,2,1,1,2,0,0,1,1
25161,2173,0.0,0.0,0.0,18,12,1,4,15,0,2,1
25166,3734,0.0,2.0,1.0,31,10,4,4,28,0,1,2
251963,4847,0.0,3.0,0.0,14,5,4,2,13,0,1,0
252094,2545,0.0,0.0,2.0,16,5,3,5,14,0,1,1
252359,4043,0.0,0.0,0.0,3,1,1,1,2,0,1,0
252430,1514,0.0,4.0,0.0,3,1,1,1,2,0,1,0
252755,322,0.0,2.0,0.0,5,2,1,1,4,0,1,0
253227,885,0.0,0.0,0.0,14,3,1,4,12,0,1,1
253334,2582,0.0,3.0,null,10,6,2,1,8,0,1,1
253455,551,0.0,4.0,0.0,20,16,6,1,19,0,1,0
253525,258,0.0,0.0,1.0,14,3,1,2,13,0,1,0
253540,121,0.0,5.0,0.0,26,16,5,2,25,0,1,0
253556,2791,0.0,3.0,0.0,4,1,1,1,3,0,1,0
254008,547,0.0,5.0,1.0,37,23,2,6,35,0,2,0
254103,166,0.0,0.0,0.0,82,52,1,6,76,0,6,0
254206,2629,0.0,3.0,1.0,2,1,1,1,0,1,1,0
254767,2394,0.0,0.0,1.0,3,1,1,1,2,0,1,0
255107,1411,0.0,0.0,1.0,2,1,1,1,1,0,1,0
255170,3984,0.0,6.0,0.0,9,7,5,2,8,0,1,0
255231,1892,0.0,3.0,1.0,8,4,2,2,6,0,2,0
255943,4855,0.0,0.0,0.0,2,1,1,1,1,0,1,0
255986,2318,0.0,0.0,1.0,4,1,1,2,2,1,1,0
256053,4917,0.0,5.0,0.0,5,2,1,1,4,0,1,0
256546,3424,0.0,3.0,0.0,5,2,1,1,4,0,1,0
256820,3765,0.0,4.0,0.0,8,1,1,2,7,0,1,0
256940,4585,0.0,3.0,0.0,9,4,2,1,7,0,1,1
257175,1393,0.0,0.0,0.0,46,38,6,5,43,0,1,2
257293,4659,0.0,3.0,0.0,11,6,4,2,9,0,2,0
257844,2217,0.0,0.0,0.0,4,1,1,1,3,0,1,0
257866,4170,0.0,4.0,null,17,4,1,1,15,0,2,0
257994,2545,0.0,3.0,1.0,21,9,2,1,20,0,1,0
258113,3853,0.0,5.0,0.0,3,1,1,1,2,0,1,0
258815,548,0.0,0.0,0.0,16,5,1,4,15,0,1,0
258868,2459,0.0,3.0,0.0,8,4,3,3,6,0,1,1
259105,1200,0.0,0.0,0.0,4,1,1,1,2,0,2,0
259369,3734,0.0,2.0,0.0,1,1,1,1,0,0,1,0
259604,3623,0.0,2.0,0.0,4,1,1,2,3,0,1,0
260062,4245,0.0,4.0,0.0,10,2,2,2,9,0,1,0
260625,3418,0.0,5.0,1.0,2,1,1,1,1,0,1,0
260716,2618,1.0,4.0,0.0,6,4,4,1,0,0,6,0
260994,1918,0.0,3.0,0.0,3,1,1,1,2,0,1,0
261354,141,0.0,2.0,0.0,69,1,1,2,68,0,1,0
261494,2278,0.0,3.0,0.0,9,5,3,3,7,0,2,0
261496,3484,0.0,3.0,0.0,9,4,2,3,7,0,2,0
262225,649,0.0,0.0,1.0,4,1,1,1,3,0,1,0
263828,1485,0.0,4.0,2.0,30,16,4,1,26,0,4,0
263851,467,0.0,5.0,0.0,15,4,3,4,13,0,2,0
263977,1401,0.0,0.0,0.0,2,1,1,1,1,0,1,0
264032,3484,0.0,3.0,0.0,37,9,2,8,35,0,1,1
264067,4473,0.0,4.0,1.0,1,1,1,1,0,0,1,0
264401,1890,0.0,6.0,0.0,8,2,1,1,7,0,1,0
264978,2767,0.0,5.0,0.0,9,4,2,2,7,0,2,0
265011,3073,0.0,3.0,0.0,1,1,1,1,0,0,1,0
265821,740,0.0,3.0,1.0,1,1,1,1,0,0,1,0
266905,1403,0.0,0.0,0.0,7,1,1,1,5,0,1,1
267123,4760,0.0,4.0,1.0,5,1,1,2,4,0,1,0
26723,2631,0.0,5.0,0.0,3,2,1,1,2,0,1,0
267280,4287,0.0,6.0,1.0,4,1,1,1,3,0,1,0
267579,1103,0.0,3.0,2.0,20,5,3,1,18,0,2,0
267586,1399,0.0,3.0,1.0,5,2,1,1,4,0,1,0
267701,4491,0.0,6.0,0.0,10,2,1,2,7,0,1,2
268191,4648,0.0,3.0,0.0,2,1,1,1,1,0,1,0
268257,4504,0.0,2.0,0.0,14,7,1,2,13,0,1,0
268646,1472,0.0,4.0,0.0,3,1,1,1,2,0,1,0
268677,3819,0.0,2.0,1.0,10,4,2,1,9,0,1,0
26883,1900,0.0,0.0,null,9,1,1,2,8,0,1,0
269758,1945,0.0,6.0,0.0,52,26,11,2,50,0,1,1
269884,1964,0.0,6.0,0.0,4,2,2,1,3,0,1,0
27058,1501,0.0,2.0,0.0,15,12,5,6,0,0,1,14
270696,2482,0.0,3.0,0.0,3,1,1,2,2,0,1,0
271087,3148,1.0,7.0,0.0,4,1,1,1,3,0,1,0
271154,1056,0.0,0.0,0.0,10,6,3,2,9,0,1,0
271585,2579,0.0,5.0,1.0,16,4,1,3,15,0,1,0
271695,1833,0.0,null,null,3,1,1,1,2,0,1,0
271781,3822,0.0,4.0,0.0,23,7,2,6,20,0,1,2
273052,2140,0.0,7.0,0.0,21,14,1,1,20,0,1,0
273295,1588,0.0,5.0,0.0,11,4,4,2,10,0,1,0
273766,1272,1.0,2.0,1.0,6,1,1,1,4,0,1,1
273818,1017,0.0,0.0,0.0,3,1,1,1,2,0,1,0
273919,4044,0.0,4.0,2.0,4,1,1,2,3,0,1,0
274605,4044,0.0,0.0,2.0,32,19,6,1,29,0,3,0
274865,145,0.0,2.0,0.0,3,2,1,1,2,0,1,0
274947,239,0.0,6.0,0.0,1,1,1,1,0,0,1,0
275393,297,0.0,5.0,1.0,3,1,1,1,2,0,1,0
275666,4607,0.0,5.0,0.0,15,8,1,2,14,0,1,0
275718,4026,0.0,3.0,0.0,3,1,1,1,2,0,1,0
276316,1713,0.0,3.0,0.0,3,1,1,1,2,0,1,0
277525,4744,0.0,2.0,1.0,8,2,2,2,6,0,1,1
277570,2318,0.0,2.0,0.0,23,6,2,2,19,0,2,2
277780,3826,0.0,0.0,1.0,1,1,1,1,0,0,1,0
277974,4394,0.0,5.0,0.0,2,1,1,1,1,0,1,0
278054,4787,0.0,4.0,0.0,8,2,2,2,6,0,1,1
278130,1056,0.0,4.0,1.0,23,13,6,6,22,0,1,0
278171,4044,0.0,3.0,0.0,8,3,3,1,6,0,2,0
278728,3683,0.0,0.0,1.0,6,1,1,1,5,0,1,0
278827,2361,0.0,6.0,0.0,3,1,1,1,2,0,1,0
279080,4976,0.0,4.0,0.0,14,8,6,3,13,0,1,0
279375,1892,0.0,4.0,0.0,6,1,1,4,4,0,1,1
27950,4764,0.0,2.0,1.0,3,1,1,1,2,0,1,0
280879,2187,0.0,6.0,1.0,27,7,1,2,25,0,2,0
280923,547,0.0,5.0,1.0,16,10,3,4,13,0,1,2
281450,4693,0.0,6.0,1.0,4,1,1,2,3,0,1,0
281534,1708,0.0,3.0,1.0,5,2,1,1,3,0,2,0
281884,4198,0.0,5.0,1.0,2,1,1,1,1,0,1,0
282212,4765,0.0,2.0,1.0,10,2,2,1,9,0,1,0
282239,2031,0.0,6.0,1.0,11,3,1,1,10,0,1,0
282595,4079,0.0,3.0,1.0,1,1,1,1,0,0,1,0
282931,4558,0.0,3.0,0.0,24,3,2,6,20,0,2,2
283578,2571,0.0,0.0,1.0,14,4,1,2,13,0,1,0
283661,2882,0.0,6.0,0.0,5,4,3,1,4,0,1,0
284225,2099,0.0,3.0,1.0,5,1,1,2,3,0,1,1
284339,4976,1.0,0.0,0.0,17,7,3,1,15,0,2,0
285195,3628,0.0,4.0,2.0,5,3,1,1,4,0,1,0
285717,4040,0.0,6.0,0.0,2,1,1,1,1,0,1,0
285948,4374,0.0,3.0,0.0,22,12,6,1,19,0,3,0
285981,4090,0.0,0.0,0.0,14,8,1,2,13,0,1,0
28629,1487,0.0,0.0,0.0,14,1,1,3,13,0,1,0
286851,946,0.0,0.0,0.0,8,2,1,1,6,0,1,1
287204,523,0.0,2.0,0.0,2,1,1,1,1,0,1,0
288713,1833,0.0,4.0,1.0,9,4,3,1,7,0,2,0
288828,1221,0.0,4.0,0.0,3,1,1,1,2,0,1,0
289407,2641,0.0,4.0,0.0,24,8,2,3,22,0,2,0
289633,606,0.0,5.0,0.0,84,32,9,5,77,0,7,0
290381,1661,0.0,4.0,2.0,1,1,1,1,0,0,1,0
290516,4960,1.0,3.0,0.0,3,1,1,1,2,0,1,0
291272,3536,0.0,4.0,0.0,16,5,1,1,14,0,2,0
291313,1346,1.0,0.0,0.0,7,1,1,3,6,0,1,0
292021,121,0.0,5.0,0.0,1,1,1,1,0,0,1,0
292159,4427,0.0,2.0,1.0,2,1,1,1,1,0,1,0
292268,2664,0.0,3.0,0.0,23,4,1,2,21,0,2,0
292589,3959,0.0,3.0,1.0,5,1,1,2,4,0,1,0
292604,4468,0.0,3.0,0.0,7,2,1,2,5,0,1,1
29327,2061,0.0,2.0,0.0,1,1,1,1,0,0,1,0
2933,1370,0.0,3.0,2.0,5,1,1,1,3,0,2,0
294153,141,0.0,0.0,0.0,4,2,1,3,3,0,1,0
294247,4879,0.0,3.0,1.0,10,2,1,1,9,0,1,0
294492,3828,1.0,4.0,1.0,7,1,1,1,6,0,1,0
294646,1501,0.0,3.0,0.0,1,1,1,1,0,0,1,0
294787,1077,0.0,0.0,0.0,1,1,1,1,0,0,1,0
294923,3350,0.0,6.0,0.0,8,1,1,1,7,0,1,0
29510,3578,0.0,2.0,1.0,8,2,1,7,7,0,1,0
29512,3350,1.0,0.0,0.0,4,1,1,2,1,0,2,1
296046,3476,0.0,3.0,0.0,4,1,1,1,3,0,1,0
29628,1393,0.0,5.0,0.0,16,12,6,2,12,0,4,0
296658,2052,0.0,0.0,0.0,3,1,1,1,2,0,1,0
29692,3545,0.0,3.0,1.0,6,2,1,1,5,0,1,0
296942,4050,0.0,2.0,1.0,2,1,1,1,1,0,1,0
297147,1679,0.0,4.0,0.0,39,23,5,3,37,0,2,0
297486,310,0.0,2.0,0.0,7,1,1,2,6,0,1,0
297571,215,0.0,3.0,0.0,6,1,1,1,5,0,1,0
298015,2149,0.0,2.0,null,3,2,1,2,0,0,1,2
29805,3753,0.0,6.0,1.0,1,1,1,1,0,0,1,0
298075,4282,0.0,3.0,0.0,11,5,3,1,10,0,1,0
298376,2664,0.0,4.0,1.0,16,11,2,2,15,0,1,0
298591,2721,0.0,3.0,0.0,19,4,2,1,18,0,1,0
298610,4687,1.0,6.0,0.0,9,5,4,1,7,0,2,0
299882,1963,0.0,4.0,1.0,9,4,3,2,8,0,1,0
300272,548,0.0,5.0,1.0,20,7,1,6,19,0,1,0
300504,4044,1.0,2.0,0.0,15,5,3,3,12,0,1,2
30062,1348,0.0,6.0,1.0,8,2,1,1,7,0,1,0
300642,4834,1.0,3.0,0.0,22,11,1,1,18,0,2,2
301240,4042,0.0,0.0,0.0,4,1,1,1,3,0,1,0
301310,3160,0.0,0.0,0.0,7,5,3,1,6,0,1,0
301510,2224,0.0,4.0,0.0,13,9,1,1,11,0,2,0
301567,1340,0.0,3.0,0.0,3,1,1,1,1,0,2,0
301574,102,0.0,3.0,0.0,10,2,1,2,9,0,1,0
302065,2770,0.0,5.0,0.0,2,2,1,2,1,0,1,0
302660,2482,0.0,0.0,0.0,3,2,1,3,0,0,1,2
302945,1512,0.0,3.0,0.0,7,2,2,4,6,0,1,0
303407,3822,0.0,4.0,0.0,11,2,1,3,10,0,1,0
303613,2664,0.0,4.0,0.0,13,8,4,2,11,0,1,1
303634,4044,0.0,7.0,1.0,31,13,3,2,29,0,2,0
30414,682,0.0,0.0,0.0,47,19,9,4,41,1,4,1
304165,152,0.0,3.0,0.0,1,1,1,1,0,0,1,0
304244,227,0.0,3.0,1.0,14,7,1,1,13,0,1,0
304351,590,0.0,0.0,1.0,22,10,1,1,21,0,1,0
304415,1393,0.0,4.0,0.0,47,33,12,8,44,0,2,1
305343,4727,0.0,0.0,null,5,1,1,1,4,0,1,0
305372,1816,0.0,4.0,0.0,3,1,1,1,2,0,1,0
305621,3205,0.0,6.0,0.0,7,1,1,2,6,0,1,0
305624,1712,0.0,3.0,0.0,1,1,1,1,0,0,1,0
306444,2900,0.0,5.0,1.0,3,1,1,1,2,0,1,0
307031,4654,0.0,4.0,0.0,8,2,1,1,7,0,1,0
307359,1133,0.0,6.0,1.0,6,2,1,1,5,0,1,0
307750,4659,0.0,2.0,0.0,2,1,1,1,1,0,1,0
308212,4234,0.0,6.0,0.0,1,1,1,1,0,0,1,0
30879,1340,0.0,3.0,0.0,7,3,2,3,3,0,3,1
309012,2537,0.0,6.0,1.0,5,3,1,2,4,0,1,0
309544,4263,0.0,7.0,1.0,7,3,1,5,6,0,1,0
309997,1143,0.0,4.0,0.0,1,1,1,1,0,0,1,0
310632,1000,0.0,4.0,2.0,3,1,1,1,2,0,1,0
310803,2710,1.0,4.0,0.0,5,1,1,1,4,0,1,0
311567,1143,0.0,0.0,0.0,9,3,1,1,8,0,1,0
311678,3955,0.0,0.0,0.0,6,4,1,1,5,0,1,0
311829,2066,0.0,2.0,0.0,11,5,1,2,10,0,1,0
311940,1470,0.0,6.0,0.0,5,1,1,3,4,0,1,0
311992,4140,0.0,6.0,0.0,1,1,1,1,0,0,1,0
312084,2545,1.0,2.0,0.0,23,18,5,4,22,0,1,0
312324,4248,0.0,3.0,0.0,2,1,1,2,1,0,1,0
312858,2237,0.0,2.0,1.0,9,1,1,2,8,0,1,0
313005,4173,0.0,0.0,0.0,20,13,4,4,19,0,1,0
31327,3979,0.0,0.0,1.0,3,2,2,2,2,0,1,0
313517,3500,0.0,0.0,1.0,3,1,1,1,2,0,1,0
313729,2242,0.0,4.0,1.0,25,16,5,2,23,0,2,0
313733,2140,0.0,3.0,1.0,5,4,1,1,4,0,1,0
313842,4073,0.0,6.0,0.0,3,1,1,1,2,0,1,0
314077,2537,0.0,2.0,1.0,3,3,3,1,0,0,3,0
314158,1910,0.0,3.0,0.0,3,1,1,2,2,0,1,0
31431,1489,0.0,2.0,0.0,50,4,1,2,47,2,1,0
31436,1780,0.0,5.0,0.0,5,1,1,1,2,0,3,0
314951,415,0.0,2.0,0.0,7,3,2,1,6,0,1,0
315281,2403,0.0,3.0,1.0,1,1,1,1,0,0,1,0
316320,3925,0.0,0.0,0.0,15,7,3,4,13,0,1,1
31642,2066,0.0,2.0,0.0,6,1,1,1,4,0,1,1
316581,2856,1.0,3.0,0.0,12,4,1,2,9,0,1,2
317117,1467,0.0,0.0,0.0,1,1,1,1,0,0,1,0
317222,1749,0.0,3.0,1.0,4,2,2,1,3,0,1,0
317543,4346,0.0,2.0,1.0,2,1,1,1,1,0,1,0
318280,141,1.0,2.0,0.0,28,12,6,2,24,0,3,1
318343,1742,0.0,3.0,1.0,8,4,1,1,7,0,1,0
31869,2664,0.0,0.0,0.0,61,33,6,4,53,0,4,4
318693,3166,0.0,3.0,0.0,11,3,1,1,10,0,1,0
318815,2394,0.0,5.0,1.0,2,1,1,1,1,0,1,0
319056,2786,0.0,2.0,1.0,3,1,1,1,2,0,1,0
320074,1346,0.0,3.0,1.0,3,1,1,1,2,0,1,0
321211,168,0.0,4.0,1.0,7,4,3,1,4,0,3,0
321641,3179,0.0,0.0,0.0,2,1,1,1,1,0,1,0
321663,4942,1.0,0.0,0.0,6,4,2,1,5,0,1,0
321959,962,0.0,4.0,1.0,2,1,1,1,1,0,1,0
322282,2403,0.0,0.0,0.0,27,10,3,2,26,0,1,0
322443,3965,0.0,4.0,1.0,6,2,1,1,5,0,1,0
322548,718,0.0,2.0,0.0,3,1,1,1,2,0,1,0
32260,3578,0.0,3.0,0.0,11,1,1,2,9,0,1,1
323008,598,0.0,3.0,1.0,12,4,2,2,11,0,1,0
3232,3889,1.0,4.0,0.0,7,2,2,1,5,0,2,0
323681,1536,0.0,4.0,0.0,7,1,1,3,5,0,1,1
323708,2482,0.0,2.0,1.0,15,4,3,2,12,0,3,0
323845,2928,0.0,5.0,0.0,1,1,1,1,0,0,1,0
324033,4919,0.0,6.0,0.0,25,12,9,4,22,0,3,0
324123,1407,0.0,4.0,1.0,50,34,1,2,49,0,1,0
324297,2066,0.0,3.0,0.0,9,5,1,1,8,0,1,0
324453,786,0.0,2.0,0.0,31,8,4,2,30,0,1,0
324514,1342,0.0,0.0,0.0,2,1,1,1,1,0,1,0
325241,3022,0.0,3.0,1.0,9,5,3,1,8,0,1,0
325847,2273,0.0,0.0,0.0,4,1,1,1,3,0,1,0
325943,191,0.0,3.0,0.0,56,16,8,3,52,0,3,1
326177,3420,0.0,0.0,1.0,19,10,3,1,16,0,3,0
326293,2915,0.0,4.0,1.0,3,1,1,1,2,0,1,0
326334,424,0.0,2.0,0.0,2,1,1,1,1,0,1,0
32673,1878,0.0,4.0,0.0,2,1,1,1,1,0,1,0
326731,608,0.0,0.0,0.0,5,1,1,1,4,0,1,0
326920,2124,0.0,6.0,1.0,1,1,1,1,0,0,1,0
327166,2482,0.0,0.0,0.0,8,1,1,5,5,0,1,2
327266,2915,0.0,4.0,0.0,6,3,1,3,5,0,1,0
32740,2768,0.0,2.0,0.0,40,8,6,4,39,0,1,0
327455,4727,0.0,0.0,1.0,2,1,1,1,1,0,1,0
327605,1481,0.0,3.0,1.0,8,3,3,2,5,1,2,0
327702,3126,0.0,5.0,0.0,8,1,1,3,5,0,3,0
328148,3205,0.0,4.0,1.0,21,5,4,5,19,0,1,1
328353,2108,0.0,0.0,0.0,7,1,1,2,6,0,1,0
328729,2427,0.0,0.0,0.0,6,1,1,1,5,0,1,0
328838,35,0.0,4.0,1.0,12,1,1,1,11,0,1,0
329111,2193,0.0,0.0,1.0,5,3,1,1,4,0,1,0
329307,1541,0.0,4.0,0.0,2,1,1,1,1,0,1,0
329569,3925,0.0,3.0,0.0,11,3,2,2,8,0,2,1
329655,2664,0.0,2.0,0.0,5,3,1,1,4,0,1,0
329834,1910,0.0,0.0,0.0,5,1,1,2,3,0,1,1
329934,241,0.0,2.0,1.0,5,2,1,2,4,0,1,0
330288,1916,1.0,5.0,0.0,26,15,1,3,25,0,1,0
330372,4830,0.0,4.0,1.0,10,1,1,2,9,0,1,0
330560,2187,0.0,4.0,0.0,2,1,1,1,1,0,1,0
331040,2099,0.0,0.0,0.0,1,1,1,1,0,0,1,0
331840,1573,0.0,3.0,1.0,3,1,1,1,2,0,1,0
332124,1133,0.0,0.0,1.0,5,1,1,2,3,1,1,0
332676,4523,0.0,3.0,0.0,8,2,1,2,6,0,1,1
332712,4648,0.0,3.0,1.0,4,2,1,2,2,0,2,0
33284,4966,0.0,4.0,0.0,11,6,6,1,7,0,4,0
332893,2273,0.0,0.0,0.0,15,3,1,4,13,0,2,0
333002,2279,0.0,3.0,1.0,9,1,1,3,8,0,1,0
333111,3925,0.0,0.0,0.0,16,11,4,3,5,0,1,10
333330,3646,0.0,0.0,0.0,10,2,1,4,9,0,1,0
333432,3063,0.0,3.0,0.0,13,11,3,6,12,0,1,0
333583,4086,0.0,4.0,0.0,4,1,1,1,3,0,1,0
333705,2546,0.0,3.0,0.0,5,1,1,1,4,0,1,0
33372,1514,0.0,5.0,0.0,5,1,1,1,4,0,1,0
333809,275,0.0,3.0,0.0,9,3,2,2,8,0,1,0
334178,2031,0.0,2.0,1.0,7,3,1,1,6,0,1,0
334178,4536,0.0,2.0,1.0,4,1,1,2,3,0,1,0
334203,1022,0.0,3.0,0.0,3,1,1,1,0,0,3,0
334541,4698,0.0,6.0,0.0,8,4,3,2,7,0,1,0
334561,4234,0.0,0.0,0.0,3,1,1,1,1,0,2,0
335278,1102,0.0,3.0,null,6,2,1,1,4,0,2,0
335314,2127,0.0,3.0,0.0,3,3,3,1,2,0,1,0
335795,4504,0.0,4.0,0.0,22,5,1,1,21,0,1,0
335925,2954,0.0,2.0,0.0,2,1,1,1,1,0,1,0
336393,1500,0.0,6.0,0.0,14,5,3,2,13,0,1,0
337204,423,0.0,3.0,1.0,4,1,1,1,3,0,1,0
337697,1840,0.0,6.0,1.0,1,1,1,1,0,0,1,0
337980,2915,0.0,3.0,0.0,3,1,1,1,2,0,1,0
338049,2928,0.0,3.0,0.0,4,3,2,2,2,0,1,1
338291,2981,0.0,0.0,1.0,12,2,1,2,9,0,1,2
338967,4711,0.0,2.0,1.0,9,3,2,1,8,0,1,0
339844,2102,0.0,3.0,0.0,7,4,1,1,6,0,1,0
340113,1736,0.0,5.0,1.0,4,1,1,1,3,0,1,0
341125,2791,0.0,0.0,0.0,4,2,2,1,2,0,2,0
341753,1193,0.0,3.0,0.0,11,3,1,1,9,0,1,1
341855,4044,0.0,0.0,2.0,45,36,6,3,43,0,1,1
343115,4705,0.0,null,null,6,1,1,1,5,0,1,0
343228,1399,0.0,0.0,0.0,2,1,1,1,1,0,1,0
343688,3910,0.0,2.0,0.0,3,1,1,1,2,0,1,0
344415,2099,0.0,5.0,0.0,4,2,2,2,3,0,1,0
344812,2325,0.0,3.0,0.0,2,1,1,1,0,0,1,1
345363,4525,0.0,2.0,0.0,21,13,3,4,16,0,2,3
345881,3095,0.0,3.0,1.0,3,1,1,1,2,0,1,0
34638,1816,0.0,5.0,1.0,1,1,1,1,0,0,1,0
34668,2215,0.0,7.0,0.0,2,1,1,1,1,0,1,0
346948,4480,1.0,5.0,0.0,27,22,3,4,23,0,4,0
347446,1318,0.0,4.0,0.0,10,6,5,1,7,0,3,0
348229,4196,0.0,2.0,0.0,8,6,4,1,5,0,3,0
348555,1840,0.0,0.0,0.0,2,1,1,1,1,0,1,0
349369,293,0.0,0.0,0.0,1,1,1,1,0,0,1,0
350147,2241,1.0,3.0,0.0,22,6,2,1,19,0,3,0
35027,4170,0.0,4.0,0.0,22,9,3,2,18,0,3,1
350856,812,0.0,4.0,0.0,24,10,2,1,23,0,1,0
351323,2537,0.0,2.0,0.0,5,1,1,2,4,0,1,0
351359,141,0.0,0.0,0.0,11,7,2,1,7,0,1,3
352503,2393,0.0,4.0,0.0,8,2,2,2,6,0,1,1
353410,798,1.0,6.0,1.0,5,2,1,2,4,0,1,0
353520,4536,0.0,3.0,0.0,4,1,1,1,2,0,2,0
354017,742,0.0,3.0,1.0,7,4,3,1,6,0,1,0
354566,2936,0.0,2.0,1.0,3,1,1,1,2,0,1,0
355076,2821,0.0,4.0,0.0,2,1,1,1,1,0,1,0
355285,3968,1.0,2.0,0.0,25,10,8,2,23,0,2,0
355395,4864,0.0,5.0,0.0,2,1,1,1,1,0,1,0
355526,2273,0.0,3.0,0.0,26,4,1,1,25,0,1,0
355588,3955,0.0,2.0,0.0,8,3,1,1,7,0,1,0
355787,685,0.0,4.0,1.0,16,7,3,1,15,0,1,0
355865,4882,0.0,3.0,2.0,5,3,1,2,4,0,1,0
35626,1911,0.0,0.0,0.0,3,2,1,1,2,0,1,0
356380,3828,0.0,4.0,0.0,9,3,2,4,5,0,1,3
356836,1749,0.0,5.0,0.0,5,3,3,2,4,0,1,0
356907,4040,0.0,3.0,0.0,4,3,3,2,3,0,1,0
356983,2856,0.0,2.0,0.0,2,1,1,1,1,0,1,0
356999,524,0.0,5.0,0.0,5,1,1,2,3,0,1,1
357040,2562,0.0,3.0,0.0,2,1,1,1,1,0,1,0
357066,1346,0.0,5.0,1.0,12,2,1,2,8,0,2,2
357128,4504,0.0,4.0,0.0,32,11,1,2,31,0,1,0
357178,2709,0.0,3.0,1.0,3,1,1,1,2,0,1,0
357457,1738,0.0,3.0,0.0,15,10,4,2,14,0,1,0
357493,3159,0.0,7.0,0.0,11,4,4,3,8,2,1,0
357655,3828,0.0,4.0,0.0,12,3,3,3,10,0,1,1
358501,3230,0.0,3.0,1.0,6,2,1,2,5,0,1,0
358650,4617,0.0,2.0,0.0,8,1,1,2,6,0,1,1
358681,4847,0.0,3.0,0.0,2,2,2,2,0,0,1,1
358979,2681,0.0,4.0,1.0,4,2,1,1,3,0,1,0
359076,3428,0.0,6.0,1.0,6,1,1,1,5,0,1,0
359461,3152,0.0,5.0,0.0,15,3,1,6,13,0,1,1
359498,3828,0.0,3.0,0.0,8,5,5,2,6,0,2,0
35976,4942,0.0,4.0,1.0,5,1,1,1,3,0,1,1
359842,4438,0.0,6.0,0.0,2,1,1,2,1,0,1,0
360226,2989,0.0,4.0,0.0,4,2,1,1,2,0,2,0
360272,586,0.0,0.0,0.0,9,5,4,3,8,0,1,0
361412,4325,0.0,3.0,0.0,5,2,1,1,4,0,1,0
362780,4585,0.0,5.0,1.0,2,1,1,1,1,0,1,0
362913,467,0.0,4.0,0.0,4,2,2,1,2,0,2,0
36310,1412,0.0,3.0,1.0,1,1,1,1,0,0,1,0
363307,2242,0.0,4.0,0.0,2,1,1,1,0,0,2,0
363393,1255,1.0,3.0,0.0,13,2,1,1,12,0,1,0
363424,2857,0.0,5.0,1.0,7,1,1,1,6,0,1,0
364405,402,0.0,0.0,0.0,5,2,1,1,3,0,2,0
364417,3273,0.0,4.0,0.0,5,3,1,2,4,0,1,0
36497,416,0.0,5.0,0.0,76,36,10,6,74,0,2,0
36505,2565,1.0,3.0,0.0,10,3,1,1,9,0,1,0
36540,1470,0.0,0.0,0.0,3,2,1,1,2,0,1,0
365420,523,0.0,3.0,0.0,4,1,1,1,3,0,1,0
36642,3839,0.0,0.0,0.0,61,21,2,6,60,0,1,0
366581,4173,0.0,0.0,0.0,35,21,5,6,34,0,1,0
36664,3350,0.0,3.0,0.0,6,3,1,1,5,0,1,0
366659,2654,0.0,0.0,0.0,25,10,3,1,20,0,5,0
366814,963,0.0,3.0,1.0,24,4,2,2,23,0,1,0
36716,346,0.0,3.0,0.0,2,1,1,2,0,0,1,1
367284,608,0.0,6.0,0.0,11,2,1,2,9,0,2,0
36873,4760,0.0,0.0,1.0,3,1,1,1,2,0,1,0
368959,4955,0.0,2.0,0.0,2,1,1,1,1,0,1,0
369423,1738,1.0,3.0,0.0,1,1,1,1,0,0,1,0
36960,2857,1.0,5.0,1.0,1,1,1,1,0,0,1,0
369631,4173,0.0,0.0,0.0,11,5,4,2,10,0,1,0
36983,1892,0.0,3.0,2.0,13,5,4,1,10,0,3,0
370097,4234,0.0,4.0,0.0,4,3,3,1,3,0,1,0
370618,3181,0.0,0.0,0.0,2,1,1,1,1,0,1,0
37093,3971,0.0,3.0,0.0,3,1,1,2,1,0,1,1
371635,962,0.0,3.0,0.0,3,1,1,1,2,0,1,0
371710,758,0.0,5.0,1.0,5,1,1,1,4,0,1,0
372170,1166,0.0,0.0,0.0,3,2,1,1,2,0,1,0
372222,3619,0.0,4.0,0.0,2,1,1,1,1,0,1,0
372403,323,0.0,4.0,0.0,21,3,1,4,19,0,1,1
372428,66,0.0,4.0,0.0,4,2,1,1,3,0,1,0
372549,1650,0.0,2.0,0.0,4,1,1,1,3,0,1,0
373033,1816,0.0,2.0,0.0,1,1,1,1,0,0,1,0
373115,66,0.0,3.0,2.0,4,1,1,1,3,0,1,0
374137,3898,0.0,4.0,0.0,1,1,1,1,0,0,1,0
37414,361,1.0,3.0,1.0,8,2,1,6,7,0,1,0
374397,2450,0.0,3.0,0.0,1,1,1,1,0,0,1,0
374594,310,0.0,2.0,1.0,1,1,1,1,0,0,1,0
374757,4115,0.0,3.0,1.0,12,2,1,2,10,0,2,0
375104,1162,0.0,0.0,0.0,54,27,10,4,48,0,6,0
375842,474,0.0,3.0,0.0,1,1,1,1,0,0,1,0
376544,3936,0.0,3.0,0.0,14,3,1,3,13,0,1,0
376557,2954,0.0,5.0,2.0,1,1,1,1,0,0,1,0
376629,3828,0.0,5.0,0.0,5,3,1,3,3,0,1,1
376800,4110,0.0,3.0,0.0,4,1,1,1,3,0,1,0
376974,1013,0.0,5.0,0.0,3,1,1,3,2,0,1,0
377031,4659,0.0,5.0,0.0,7,1,1,3,6,0,1,0
37722,1840,0.0,6.0,0.0,1,1,1,1,0,0,1,0
377622,1399,0.0,6.0,1.0,5,3,1,1,4,0,1,0
37788,3607,0.0,3.0,0.0,6,3,2,2,5,0,1,0
378312,1487,1.0,7.0,0.0,4,2,1,1,3,0,1,0
379114,4976,0.0,4.0,1.0,9,4,2,5,8,0,1,0
379518,2454,0.0,0.0,0.0,5,1,1,2,3,0,1,1
37954,3471,0.0,0.0,0.0,1,1,1,1,0,0,1,0
380431,3887,0.0,0.0,0.0,8,2,1,2,7,0,1,0
380662,4043,0.0,6.0,1.0,1,1,1,1,0,0,1,0
380884,3225,0.0,0.0,1.0,9,4,1,1,5,0,1,3
381083,1407,0.0,3.0,1.0,42,20,1,7,35,0,1,6
382418,806,0.0,0.0,0.0,23,7,4,2,21,0,2,0
38258,4585,0.0,4.0,1.0,5,1,1,2,4,0,1,0
382772,1810,0.0,7.0,0.0,36,23,6,2,35,0,1,0
382788,3826,0.0,5.0,1.0,1,1,1,1,0,0,1,0
38312,2582,0.0,0.0,null,18,8,1,1,17,0,1,0
38325,2014,0.0,4.0,0.0,2,2,1,1,0,0,2,0
383431,1643,0.0,4.0,0.0,3,1,1,2,1,0,1,1
383442,4594,0.0,2.0,1.0,15,5,3,2,14,0,1,0
383743,598,0.0,3.0,0.0,4,1,1,1,3,0,1,0
383989,588,0.0,4.0,1.0,2,1,1,2,0,0,1,1
384216,760,0.0,4.0,1.0,2,1,1,1,1,0,1,0
384500,4173,0.0,2.0,0.0,59,9,5,3,57,0,1,1
384857,4044,0.0,3.0,0.0,31,8,2,7,30,0,1,0
3853,3629,0.0,5.0,0.0,6,4,2,1,5,0,1,0
3854,3451,0.0,2.0,0.0,2,1,1,1,1,0,1,0
385628,4079,0.0,4.0,0.0,14,3,1,3,10,0,4,0
385732,4474,0.0,3.0,1.0,5,1,1,1,4,0,1,0
38584,1393,1.0,0.0,0.0,58,34,12,10,56,0,2,0
386013,1704,0.0,6.0,0.0,2,1,1,1,1,0,1,0
386106,1884,0.0,0.0,1.0,28,5,2,3,27,0,1,0
386620,4240,0.0,4.0,1.0,10,3,1,3,9,0,1,0
386682,4173,0.0,5.0,1.0,13,4,3,3,10,0,2,1
388431,1597,0.0,4.0,0.0,11,5,2,2,9,0,1,1
388715,1763,0.0,3.0,0.0,1,1,1,1,0,0,1,0
388817,2255,0.0,3.0,1.0,2,1,1,1,1,0,1,0
388950,2602,1.0,0.0,0.0,28,6,3,4,25,0,2,1
389136,4536,0.0,4.0,0.0,4,1,1,2,2,0,2,0
389179,2328,0.0,3.0,0.0,8,2,1,1,7,0,1,0
389181,4209,0.0,5.0,0.0,4,2,1,1,3,0,1,0
389322,4987,0.0,3.0,0.0,2,1,1,1,1,0,1,0
389334,4648,1.0,5.0,0.0,4,2,2,1,2,0,2,0
389552,1281,0.0,4.0,2.0,7,1,1,3,5,0,2,0
389840,1487,0.0,2.0,0.0,1,1,1,1,0,0,1,0
390210,2138,0.0,3.0,1.0,5,2,2,1,4,0,1,0
391088,3472,0.0,8.0,1.0,3,1,1,1,2,0,1,0
391317,121,0.0,6.0,0.0,3,2,1,1,2,0,1,0
391596,3734,0.0,3.0,1.0,15,6,2,1,14,0,1,0
391653,2036,0.0,3.0,0.0,1,1,1,1,0,0,1,0
39209,2124,0.0,3.0,0.0,48,18,2,7,47,0,1,0
392340,951,1.0,3.0,0.0,14,10,1,1,13,0,1,0
393292,1522,0.0,5.0,0.0,7,2,1,2,5,0,2,0
393306,4306,0.0,3.0,2.0,1,1,1,1,0,0,1,0
393535,2700,0.0,5.0,1.0,32,12,3,2,29,0,2,1
393690,4966,0.0,3.0,0.0,8,4,3,3,7,0,1,0
393756,3173,0.0,6.0,1.0,8,1,1,1,7,0,1,0
393861,1895,0.0,3.0,0.0,5,2,2,1,4,0,1,0
393947,4648,0.0,3.0,0.0,23,8,3,1,18,0,5,0
39427,1854,0.0,3.0,0.0,7,4,1,1,5,0,1,1
394450,1178,0.0,3.0,0.0,7,1,1,1,6,0,1,0
394950,1708,0.0,2.0,0.0,15,6,2,2,14,0,1,0
395128,1501,0.0,3.0,0.0,24,11,4,3,22,0,2,0
395329,2341,0.0,3.0,1.0,2,1,1,1,1,0,1,0
395353,2834,0.0,3.0,0.0,136,99,17,4,134,0,2,0
395551,684,0.0,5.0,1.0,3,1,1,1,2,0,1,0
395624,1679,1.0,4.0,0.0,2,2,2,2,1,0,1,0
395699,1056,0.0,3.0,2.0,6,5,4,2,5,0,1,0
395953,3577,0.0,4.0,0.0,13,6,1,1,12,0,1,0
396367,437,0.0,3.0,0.0,20,4,1,2,19,0,1,0
396501,4079,0.0,3.0,1.0,9,3,2,1,7,0,1,1
396667,1487,0.0,3.0,0.0,4,2,1,1,3,0,1,0
396729,479,0.0,5.0,0.0,3,1,1,1,2,0,1,0
396933,4919,0.0,0.0,0.0,3,1,1,1,2,0,1,0
398133,1618,0.0,0.0,0.0,22,12,3,4,18,0,2,2
398228,1689,0.0,2.0,0.0,15,5,5,1,14,0,1,0
398482,729,0.0,3.0,0.0,7,5,5,1,2,0,5,0
398709,4044,0.0,2.0,1.0,5,4,2,1,4,0,1,0
399426,323,0.0,3.0,1.0,4,1,1,1,3,0,1,0
400028,2238,0.0,3.0,1.0,25,5,1,2,24,0,1,0
400110,1102,0.0,2.0,0.0,108,41,11,16,95,0,1,12
400799,3410,0.0,3.0,2.0,4,1,1,1,3,0,1,0
400818,2699,0.0,3.0,0.0,2,2,1,1,0,0,2,0
401281,2537,0.0,2.0,1.0,9,4,1,1,8,0,1,0
401474,2051,0.0,5.0,1.0,3,1,1,1,2,0,1,0
401524,1489,0.0,3.0,0.0,3,1,1,1,2,0,1,0
401617,2545,0.0,0.0,null,11,7,4,2,10,0,1,0
401797,685,0.0,5.0,0.0,3,1,1,1,2,0,1,0
401944,1892,0.0,4.0,1.0,6,5,3,2,0,0,4,2
401983,515,1.0,4.0,0.0,7,4,2,1,4,0,3,0
402220,594,0.0,3.0,0.0,3,1,1,1,2,0,1,0
40237,2981,0.0,3.0,0.0,13,1,1,4,11,0,1,1
402832,4270,1.0,4.0,0.0,18,8,3,2,14,0,4,0
403010,129,0.0,6.0,0.0,4,1,1,2,3,0,1,0
403030,4468,0.0,2.0,1.0,10,6,3,1,9,0,1,0
403151,4847,0.0,2.0,1.0,56,36,9,5,49,0,1,6
403715,946,0.0,5.0,0.0,6,3,1,2,5,0,1,0
404115,3528,0.0,3.0,null,5,2,1,1,4,0,1,0
404144,4394,0.0,3.0,1.0,2,1,1,1,1,0,1,0
404157,3445,0.0,6.0,0.0,2,1,1,1,1,0,1,0
404436,1742,0.0,0.0,0.0,4,1,1,2,3,0,1,0
40490,915,0.0,4.0,1.0,21,9,1,3,13,0,1,7
405169,1704,0.0,4.0,0.0,5,1,1,1,4,0,1,0
406041,3396,0.0,0.0,0.0,11,4,2,1,10,0,1,0
40700,4368,0.0,0.0,0.0,4,1,1,1,0,0,4,0
407056,2744,0.0,4.0,0.0,10,5,3,3,9,0,1,0
407241,1597,0.0,0.0,0.0,32,11,2,6,31,0,1,0
408349,756,0.0,0.0,0.0,15,8,1,3,14,0,1,0
408502,1500,0.0,4.0,1.0,3,1,1,1,2,0,1,0
408519,598,0.0,3.0,1.0,10,2,1,1,8,0,2,0
408807,326,0.0,3.0,0.0,3,1,1,1,2,0,1,0
409001,1291,0.0,6.0,0.0,6,3,1,2,5,0,1,0
409421,1000,0.0,3.0,1.0,3,1,1,1,2,0,1,0
409421,2424,0.0,3.0,1.0,2,1,1,1,1,0,1,0
409909,4960,0.0,2.0,0.0,4,3,3,2,2,0,2,0
40993,242,0.0,2.0,0.0,4,1,1,1,3,0,1,0
410017,606,0.0,2.0,0.0,86,44,10,7,76,0,2,8
410133,742,0.0,null,null,1,1,1,1,0,0,1,0
410888,2173,1.0,6.0,0.0,56,22,3,6,43,0,5,8
411704,1963,0.0,5.0,0.0,13,9,1,2,12,0,1,0
411978,1538,0.0,0.0,0.0,7,1,1,3,5,0,1,1
412403,3163,1.0,0.0,0.0,2,1,1,1,1,0,1,0
412766,1346,0.0,0.0,0.0,3,2,1,2,2,0,1,0
413043,2915,0.0,3.0,0.0,1,1,1,1,0,0,1,0
413164,1890,0.0,3.0,1.0,1,1,1,1,0,0,1,0
413427,3607,0.0,3.0,0.0,13,3,3,3,11,0,1,1
41364,236,0.0,3.0,0.0,5,1,1,1,3,0,2,0
413859,4265,0.0,2.0,0.0,49,22,8,6,45,0,1,3
414126,2318,0.0,3.0,1.0,1,1,1,1,0,0,1,0
414177,3444,0.0,4.0,1.0,1,1,1,1,0,0,1,0
414556,3971,0.0,0.0,1.0,19,4,2,7,18,0,1,0
4146,1203,0.0,3.0,1.0,19,10,6,3,18,0,1,0
415101,4658,0.0,2.0,1.0,4,1,1,1,3,0,1,0
41514,467,0.0,4.0,0.0,12,3,3,3,9,0,1,2
415483,1816,0.0,3.0,0.0,14,7,3,1,11,0,1,2
415580,3072,0.0,0.0,0.0,2,1,1,1,1,0,1,0
415871,962,0.0,2.0,0.0,7,3,2,3,6,0,1,0
4161,2320,0.0,0.0,1.0,3,1,1,1,1,0,2,0
416886,2051,0.0,0.0,0.0,8,2,2,2,7,0,1,0
416907,4048,0.0,5.0,1.0,3,1,1,1,2,0,1,0
417413,359,0.0,2.0,0.0,6,2,1,2,5,0,1,0
417425,2138,0.0,5.0,0.0,6,2,1,1,4,0,2,0
41870,152,0.0,6.0,0.0,8,3,2,1,7,0,1,0
418732,2721,0.0,5.0,0.0,8,2,1,2,7,0,1,0
41882,4760,0.0,2.0,0.0,6,2,2,2,5,0,1,0
419342,4221,0.0,2.0,0.0,2,1,1,1,1,0,1,0
419452,2030,0.0,0.0,0.0,12,3,1,5,9,0,1,2
419495,598,0.0,0.0,1.0,5,1,1,1,4,0,1,0
419571,2118,0.0,6.0,0.0,4,1,1,1,3,0,1,0
4196,3734,0.0,2.0,1.0,50,24,10,2,47,0,3,0
420306,4463,0.0,4.0,0.0,10,1,1,1,9,0,1,0
420818,4129,0.0,0.0,0.0,23,12,4,4,21,0,2,0
420840,4724,0.0,2.0,1.0,3,1,1,1,2,0,1,0
421367,4842,0.0,3.0,1.0,5,1,1,1,4,0,1,0
421492,2396,0.0,4.0,1.0,2,1,1,1,1,0,1,0
421754,1978,0.0,3.0,1.0,7,1,1,2,5,0,2,0
421856,1346,0.0,3.0,0.0,2,1,1,1,0,0,1,1
421858,2318,0.0,0.0,0.0,10,2,1,1,9,0,1,0
421924,1502,0.0,3.0,0.0,2,1,1,1,1,0,1,0
422355,250,0.0,3.0,1.0,3,1,1,1,2,0,1,0
423860,4933,0.0,4.0,0.0,9,6,1,1,8,0,1,0
423900,3971,0.0,3.0,1.0,2,1,1,1,1,0,1,0
423967,4044,0.0,4.0,1.0,44,9,5,2,42,0,2,0
42631,2669,0.0,3.0,0.0,5,3,2,1,4,0,1,0
42919,1487,0.0,3.0,0.0,8,3,1,1,7,0,1,0
43018,4170,0.0,4.0,0.0,2,1,1,1,1,0,1,0
43077,953,1.0,2.0,1.0,38,7,1,3,36,0,2,0
43395,4976,0.0,3.0,0.0,54,38,10,5,53,0,1,0
43406,1875,0.0,0.0,0.0,7,6,4,2,5,0,1,1
44384,3940,0.0,0.0,0.0,16,3,1,3,12,0,2,2
44481,3566,0.0,6.0,0.0,1,1,1,1,0,0,1,0
45,2566,0.0,3.0,2.0,4,1,1,2,3,0,1,0
4577,4234,0.0,5.0,0.0,12,8,3,3,11,0,1,0
4686,4261,0.0,4.0,0.0,4,3,1,2,3,0,1,0
46910,608,0.0,0.0,1.0,9,6,3,2,8,0,1,0
47155,4049,0.0,4.0,0.0,5,1,1,4,3,0,1,1
48192,1905,0.0,4.0,0.0,2,1,1,1,1,0,1,0
48481,3016,0.0,5.0,0.0,3,2,1,1,2,0,1,0
49071,1122,0.0,1.0,0.0,3,1,1,1,1,0,1,1
50901,742,0.0,6.0,0.0,12,6,2,1,11,0,1,0
51020,1816,0.0,3.0,1.0,12,9,3,1,11,0,1,0
51127,121,0.0,6.0,0.0,5,3,1,1,4,0,1,0
51308,3828,0.0,2.0,0.0,2,1,1,2,0,0,1,1
5188,790,0.0,3.0,0.0,30,13,7,6,28,0,1,1
52055,2099,0.0,6.0,0.0,3,1,1,1,2,0,1,0
52088,1679,0.0,4.0,null,37,17,5,6,34,0,3,0
52447,1190,0.0,0.0,1.0,16,9,4,1,11,0,5,0
52684,2289,0.0,5.0,0.0,6,2,1,2,5,0,1,0
53003,968,0.0,3.0,0.0,26,9,5,3,24,0,2,0
5312,315,0.0,4.0,0.0,4,2,1,1,3,0,1,0
53174,3624,0.0,3.0,0.0,6,2,1,1,4,0,2,0
53277,2452,0.0,0.0,0.0,12,3,2,3,11,0,1,0
53484,3828,0.0,3.0,1.0,13,5,3,3,12,0,1,0
53871,2669,0.0,3.0,0.0,7,2,2,2,6,0,1,0
5433,2583,0.0,3.0,0.0,20,7,4,2,17,0,2,1
55668,2036,0.0,2.0,1.0,4,1,1,1,3,0,1,0
55850,4926,0.0,4.0,0.0,9,8,7,4,6,0,3,0
55999,3471,0.0,0.0,1.0,4,3,1,1,3,0,1,0
56029,1470,0.0,2.0,0.0,5,1,1,2,4,0,1,0
56327,2217,0.0,5.0,0.0,11,2,1,1,9,0,2,0
56444,4847,0.0,2.0,1.0,12,1,1,2,11,0,1,0
56516,2669,0.0,3.0,0.0,12,3,3,3,10,0,1,1
57232,3912,0.0,5.0,0.0,17,7,5,3,13,0,4,0
57312,2824,0.0,3.0,0.0,3,1,1,1,2,0,1,0
57516,1271,0.0,2.0,0.0,4,1,1,1,3,0,1,0
57558,4173,0.0,4.0,1.0,3,1,1,1,2,0,1,0
57908,1892,0.0,3.0,1.0,2,1,1,1,1,0,1,0
58002,976,0.0,0.0,1.0,1,1,1,1,0,0,1,0
58149,960,0.0,6.0,0.0,4,1,1,1,3,0,1,0
5836,2981,0.0,2.0,0.0,26,6,3,7,22,0,1,3
5836,4938,0.0,2.0,0.0,5,1,1,1,3,0,1,1
58930,1056,0.0,3.0,2.0,8,5,3,1,7,0,1,0
59164,2698,0.0,0.0,0.0,13,6,1,3,9,0,1,3
59497,2545,0.0,2.0,1.0,24,8,4,6,23,0,1,0
59717,4672,0.0,6.0,1.0,3,1,1,1,2,0,1,0
59915,4079,0.0,0.0,1.0,4,1,1,1,3,0,1,0
5998,1346,1.0,4.0,0.0,26,4,1,2,24,0,1,1
60085,4173,0.0,3.0,0.0,24,12,5,5,21,0,1,2
60249,2429,0.0,3.0,0.0,8,4,2,1,7,0,1,0
60296,4864,0.0,4.0,0.0,20,5,2,2,17,0,1,2
6037,1193,0.0,0.0,1.0,2,1,1,1,1,0,1,0
60478,951,0.0,0.0,1.0,3,1,1,1,2,0,1,0
60650,4564,0.0,4.0,1.0,4,1,1,1,3,0,1,0
61307,3159,0.0,0.0,0.0,6,3,2,2,5,0,1,0
61967,4197,0.0,4.0,0.0,12,6,4,1,7,0,5,0
62247,2289,0.0,3.0,0.0,18,3,2,3,15,0,2,1
62310,189,0.0,0.0,0.0,9,5,2,1,8,0,1,0
6242,2516,0.0,6.0,0.0,18,12,1,2,15,0,2,1
63322,437,0.0,4.0,0.0,27,10,1,3,25,0,1,1
63426,1520,0.0,6.0,0.0,4,1,1,2,3,0,1,0
63437,4044,0.0,2.0,0.0,8,4,2,2,7,0,1,0
63647,4044,0.0,0.0,0.0,12,7,4,3,10,0,1,1
63661,4071,0.0,3.0,1.0,2,1,1,1,1,0,1,0
63829,71,0.0,0.0,0.0,3,1,1,1,2,0,1,0
64102,2915,0.0,5.0,0.0,39,13,5,8,36,0,1,2
64800,1884,0.0,5.0,1.0,2,1,1,1,1,0,1,0
64987,1890,0.0,3.0,0.0,5,1,1,2,4,0,1,0
65108,1272,0.0,0.0,0.0,15,5,2,2,14,0,1,0
65748,4079,0.0,2.0,1.0,1,1,1,1,0,0,1,0
66065,2737,0.0,6.0,1.0,2,1,1,1,1,0,1,0
66419,1892,0.0,3.0,0.0,12,10,6,4,11,0,1,0
66618,1501,0.0,4.0,0.0,4,2,2,1,2,0,2,0
67028,2394,0.0,5.0,0.0,3,1,1,1,2,0,1,0
67150,3523,0.0,2.0,0.0,6,2,2,2,5,0,1,0
67584,3566,0.0,0.0,1.0,11,3,3,2,9,0,2,0
68338,3958,0.0,0.0,1.0,6,3,1,1,5,0,1,0
68549,3791,0.0,4.0,0.0,17,8,4,1,12,0,5,0
69093,4073,0.0,2.0,0.0,20,2,2,2,18,0,1,1
6917,2981,0.0,0.0,0.0,13,3,1,3,11,1,1,0
69469,2879,0.0,6.0,1.0,2,1,1,1,1,0,1,0
69743,1997,0.0,4.0,1.0,2,1,1,1,1,0,1,0
69913,4894,0.0,3.0,0.0,8,2,1,2,7,0,1,0
70685,4049,0.0,4.0,0.0,18,5,4,3,16,0,1,1
71600,2026,0.0,4.0,1.0,4,1,1,1,3,0,1,0
71640,4618,0.0,4.0,0.0,5,1,1,1,4,0,1,0
72514,4325,0.0,3.0,0.0,3,1,1,2,2,0,1,0
72784,3472,0.0,8.0,1.0,4,1,1,1,2,0,2,0
73235,1200,0.0,0.0,0.0,1,1,1,1,0,0,1,0
73293,3609,0.0,5.0,0.0,2,1,1,2,1,0,1,0
73740,1916,0.0,5.0,0.0,26,7,1,1,25,0,1,0
74158,1618,0.0,0.0,0.0,31,15,6,2,29,0,2,0
74209,3828,1.0,6.0,0.0,401,212,18,28,379,0,1,21
74439,2322,0.0,3.0,1.0,5,1,1,1,3,1,1,0
7506,222,0.0,4.0,0.0,13,4,2,4,11,0,1,1
7511,1098,0.0,0.0,1.0,4,1,1,1,3,0,1,0
75520,1310,0.0,2.0,0.0,29,13,8,5,27,0,1,1
75810,1393,0.0,3.0,1.0,14,9,5,2,13,0,1,0
76145,4976,0.0,0.0,0.0,16,3,2,2,15,0,1,0
76244,2403,0.0,3.0,0.0,5,4,2,1,4,0,1,0
77252,4043,0.0,0.0,0.0,12,5,2,6,10,0,2,0
7800,2935,0.0,4.0,1.0,2,1,1,1,1,0,1,0
78607,3339,0.0,2.0,1.0,2,1,1,1,1,0,1,0
78630,302,0.0,0.0,0.0,10,2,1,5,6,0,4,0
79714,2124,0.0,4.0,1.0,7,5,1,2,5,0,1,1
79747,2273,0.0,0.0,0.0,27,4,1,6,22,0,1,4
79813,4942,0.0,3.0,0.0,2,1,1,2,1,0,1,0
80027,2454,0.0,4.0,0.0,5,1,1,2,4,0,1,0
8022,252,0.0,6.0,0.0,1,1,1,1,0,0,1,0
80536,1749,0.0,4.0,0.0,4,2,1,1,3,0,1,0
81015,4282,0.0,0.0,0.0,8,1,1,2,7,0,1,0
82787,110,0.0,4.0,0.0,4,1,1,1,3,0,1,0
82839,3349,0.0,3.0,0.0,8,5,1,1,5,0,2,1
83011,1895,0.0,3.0,0.0,2,1,1,1,1,0,1,0
83530,682,0.0,3.0,0.0,4,2,1,1,3,0,1,0
83899,3742,0.0,5.0,0.0,2,1,1,1,1,0,1,0
84279,748,0.0,0.0,0.0,11,2,1,2,9,0,1,1
84399,1346,0.0,3.0,0.0,2,1,1,1,1,0,1,0
84872,2482,1.0,3.0,0.0,9,2,2,3,6,0,2,1
8489,4950,0.0,6.0,0.0,3,1,1,1,2,0,1,0
85399,4408,0.0,3.0,1.0,7,1,1,1,6,0,1,0
85656,2587,0.0,3.0,null,2,1,1,1,1,0,1,0
85923,2318,0.0,6.0,1.0,2,1,1,1,1,0,1,0
86012,1892,0.0,4.0,2.0,19,6,3,1,17,0,2,0
86525,2273,0.0,4.0,1.0,2,1,1,1,1,0,1,0
8694,951,0.0,6.0,0.0,15,2,1,2,13,0,2,0
86999,2791,0.0,3.0,1.0,11,3,2,2,7,0,1,3
87048,1342,0.0,4.0,0.0,7,4,3,1,6,0,1,0
87129,1399,0.0,3.0,1.0,5,3,1,1,4,0,1,0
87239,773,0.0,4.0,1.0,11,6,5,2,8,0,3,0
87368,3152,0.0,5.0,0.0,19,5,1,3,17,0,2,0
88300,1283,0.0,7.0,0.0,1,1,1,1,0,0,1,0
88622,4043,0.0,3.0,1.0,1,1,1,1,0,0,1,0
88904,3614,0.0,4.0,0.0,3,1,1,2,2,0,1,0
89595,2537,0.0,0.0,0.0,1,1,1,1,0,0,1,0
89595,2592,0.0,0.0,0.0,1,1,1,1,0,0,1,0
89994,3826,0.0,2.0,1.0,1,1,1,1,0,0,1,0
90852,145,0.0,3.0,0.0,3,1,1,1,2,0,1,0
90858,2081,0.0,6.0,0.0,2,1,1,1,1,0,1,0
91157,3484,0.0,4.0,1.0,5,2,1,2,4,0,1,0
91262,4871,0.0,3.0,0.0,2,2,1,2,1,0,1,0
9158,2273,0.0,6.0,1.0,7,3,1,2,5,0,1,1
91815,3593,0.0,6.0,0.0,5,1,1,1,4,0,1,0
92123,4438,0.0,3.0,1.0,5,1,1,1,3,0,1,1
92232,2913,0.0,3.0,0.0,3,1,1,1,2,0,1,0
92952,3105,0.0,4.0,2.0,18,5,2,5,16,0,1,1
93636,3828,1.0,3.0,0.0,7,5,3,1,6,0,1,0
93681,1102,0.0,3.0,1.0,164,117,14,21,161,0,3,0
93892,63,0.0,0.0,0.0,17,11,5,1,16,0,1,0
94861,2537,0.0,3.0,0.0,8,4,2,1,7,0,1,0
95368,3484,0.0,4.0,2.0,2,1,1,1,1,0,1,0
95374,3436,1.0,5.0,0.0,2,1,1,1,1,0,1,0
95376,2856,0.0,2.0,0.0,7,1,1,1,6,0,1,0
95769,4585,1.0,6.0,0.0,11,3,1,1,4,0,7,0
95801,1916,1.0,6.0,0.0,13,2,1,3,11,0,2,0
96217,2609,0.0,3.0,0.0,1,1,1,1,0,0,1,0
96348,1514,0.0,5.0,1.0,2,1,1,1,1,0,1,0
96619,1000,1.0,6.0,0.0,26,3,2,2,24,0,2,0
96710,2313,0.0,4.0,1.0,5,1,1,1,4,0,1,0
96826,1200,0.0,0.0,0.0,13,3,2,1,7,0,6,0
97427,2629,0.0,6.0,1.0,43,4,2,1,40,0,3,0
97904,4186,0.0,3.0,0.0,9,3,2,3,8,0,1,0
98394,1618,0.0,4.0,0.0,5,2,1,2,4,0,1,0
98546,2361,0.0,2.0,0.0,1,1,1,1,0,0,1,0
98739,1447,0.0,5.0,1.0,9,2,1,1,8,0,1,0
99274,508,0.0,0.0,0.0,4,1,1,1,2,0,2,0
99480,1393,1.0,0.0,0.0,15,9,5,2,13,0,2,0
9973,2928,0.0,3.0,0.0,11,6,2,1,10,0,1,0
