100358,396,0.0,0.0,0.0,5,3,1,1,3,0,2,0
100563,2981,0.0,3.0,0.0,5,4,2,1,4,0,1,0
100587,4198,0.0,6.0,1.0,6,4,2,2,5,0,1,0
1016,2579,0.0,6.0,0.0,12,4,1,1,11,0,1,0
101679,1978,0.0,6.0,1.0,8,2,1,1,7,0,1,0
102313,3323,0.0,6.0,0.0,6,2,1,2,5,0,1,0
1028,3635,0.0,3.0,0.0,5,2,1,2,4,0,1,0
102852,1760,0.0,2.0,0.0,8,5,1,1,7,0,1,0
102874,1742,0.0,3.0,1.0,7,2,1,1,6,0,1,0
103166,2173,0.0,3.0,0.0,9,5,1,1,7,0,2,0
103691,3763,0.0,4.0,0.0,5,1,1,1,4,0,1,0
1044,2155,0.0,4.0,0.0,2,2,2,2,1,0,1,0
104758,4760,0.0,0.0,1.0,23,8,3,3,22,0,1,0
105230,645,0.0,0.0,0.0,9,1,1,3,6,1,1,1
105769,3623,0.0,4.0,0.0,2,1,1,1,0,0,2,0
106102,598,0.0,3.0,1.0,12,4,2,6,10,0,1,1
106328,1833,0.0,6.0,1.0,2,1,1,1,1,0,1,0
106394,361,0.0,2.0,0.0,18,3,2,6,14,0,1,3
106468,1403,0.0,0.0,0.0,3,2,1,1,1,0,2,0
107,300,0.0,4.0,1.0,3,1,1,1,2,0,1,0
107129,4256,0.0,5.0,0.0,5,1,1,1,4,0,1,0
107282,1943,0.0,0.0,1.0,1,1,1,1,0,0,1,0
107689,3266,0.0,3.0,1.0,2,2,1,1,0,0,2,0
1078,4385,0.0,0.0,0.0,1,1,1,1,0,0,1,0
108216,3308,0.0,2.0,1.0,6,1,1,2,5,0,1,0
108260,1816,0.0,2.0,1.0,38,19,6,3,36,0,2,0
108480,1679,0.0,5.0,1.0,5,3,1,1,4,0,1,0
109182,1565,0.0,0.0,0.0,4,2,1,2,3,0,1,0
109670,3990,0.0,3.0,0.0,2,1,1,1,1,0,1,0
109939,4427,0.0,4.0,0.0,2,1,1,1,1,0,1,0
110048,3475,1.0,6.0,0.0,4,1,1,1,3,0,1,0
110055,793,0.0,0.0,1.0,8,5,1,1,7,0,1,0
110082,2856,0.0,0.0,1.0,3,1,1,1,2,0,1,0
110247,429,0.0,4.0,0.0,2,1,1,1,1,0,1,0
110375,4336,0.0,6.0,0.0,20,1,1,3,19,0,1,0
110464,2569,0.0,4.0,0.0,14,8,2,1,12,0,2,0
111063,2511,1.0,6.0,0.0,6,4,2,1,5,0,1,0
111805,416,0.0,0.0,0.0,1,1,1,1,0,0,1,0
111861,102,0.0,3.0,0.0,6,2,1,1,5,0,1,0
112008,4047,0.0,3.0,2.0,2,1,1,1,1,0,1,0
11228,323,0.0,7.0,0.0,3,1,1,1,2,0,1,0
112779,2954,0.0,3.0,0.0,11,4,3,3,8,0,3,0
113160,3350,0.0,4.0,0.0,4,2,2,4,3,0,1,0
113369,3635,0.0,6.0,0.0,10,5,3,2,9,0,1,0
114024,4724,0.0,2.0,0.0,6,2,1,2,5,0,1,0
114185,4979,0.0,0.0,0.0,3,1,1,1,2,0,1,0
114949,2954,0.0,3.0,0.0,1,1,1,1,0,0,1,0
114950,2565,0.0,3.0,0.0,12,6,1,1,11,0,1,0
115036,938,0.0,5.0,0.0,22,4,2,5,20,0,1,1
11596,3152,0.0,0.0,0.0,3,1,1,1,2,0,1,0
116101,2128,0.0,4.0,0.0,10,7,5,4,9,0,1,0
116143,2339,0.0,2.0,0.0,1,1,1,1,0,0,1,0
116186,4775,0.0,5.0,0.0,58,13,2,14,53,0,2,3
116189,4618,0.0,0.0,0.0,3,1,1,2,2,0,1,0
116639,2709,0.0,7.0,0.0,12,4,1,1,11,0,1,0
116702,2454,0.0,4.0,0.0,1,1,1,1,0,0,1,0
117516,3546,0.0,3.0,0.0,2,1,1,2,1,0,1,0
117784,4282,0.0,3.0,1.0,10,2,1,1,9,0,1,0
117889,474,1.0,0.0,1.0,2,2,2,1,0,0,2,0
117955,2669,0.0,2.0,0.0,4,1,1,1,3,0,1,0
117977,2173,0.0,7.0,0.0,10,3,1,1,7,0,3,0
118044,4282,0.0,0.0,1.0,54,32,8,7,52,0,2,0
118071,4607,0.0,6.0,1.0,10,5,1,3,9,0,1,0
118419,2598,1.0,6.0,1.0,3,2,2,1,2,0,1,0
118628,3102,0.0,3.0,0.0,2,1,1,1,1,0,1,0
119221,4099,0.0,3.0,1.0,2,1,1,1,1,0,1,0
119443,4079,0.0,3.0,1.0,19,12,3,1,15,0,4,0
119773,293,0.0,6.0,0.0,4,1,1,3,2,0,2,0
119791,3161,0.0,7.0,0.0,45,13,6,4,37,0,8,0
119946,2397,1.0,3.0,0.0,9,2,2,2,8,0,1,0
120038,3925,0.0,4.0,0.0,4,1,1,1,3,0,1,0
120406,4864,0.0,0.0,0.0,5,3,3,2,4,0,1,0
120501,1186,0.0,4.0,1.0,1,1,1,1,0,0,1,0
121081,3769,0.0,3.0,1.0,21,9,4,1,20,0,1,0
12117,2091,0.0,3.0,0.0,4,4,1,1,0,0,4,0
121623,1097,0.0,3.0,0.0,2,1,1,1,1,0,1,0
121664,1203,0.0,4.0,0.0,3,1,1,1,2,0,1,0
122048,1522,0.0,4.0,0.0,6,2,1,1,5,0,1,0
122541,1239,0.0,4.0,0.0,1,1,1,1,0,0,1,0
122571,121,1.0,6.0,0.0,11,7,3,2,9,0,2,0
122583,4847,0.0,3.0,0.0,10,6,2,1,8,0,2,0
122618,927,0.0,4.0,1.0,6,1,1,1,5,0,1,0
122841,2545,0.0,2.0,0.0,21,11,3,2,19,0,1,1
123762,4388,0.0,0.0,0.0,7,4,1,1,5,0,2,0
123857,721,0.0,2.0,0.0,2,1,1,1,1,0,1,0
123984,4044,0.0,3.0,0.0,11,7,5,2,10,0,1,0
124242,3205,1.0,0.0,0.0,5,2,1,2,4,0,1,0
124321,1310,0.0,3.0,0.0,4,3,3,1,3,0,1,0
124784,2525,0.0,0.0,0.0,7,1,1,2,5,0,1,1
124802,1895,1.0,null,null,13,4,3,2,8,0,3,2
124854,3622,0.0,5.0,0.0,2,1,1,1,1,0,1,0
124896,3080,0.0,2.0,1.0,11,2,2,3,10,0,1,0
124951,1126,0.0,0.0,0.0,22,15,5,3,21,0,1,0
125085,1884,0.0,6.0,1.0,3,1,1,1,2,0,1,0
125105,643,0.0,5.0,0.0,66,22,9,4,57,0,6,3
125336,643,0.0,3.0,0.0,14,9,3,2,13,0,1,0
125340,66,0.0,0.0,0.0,10,2,1,1,9,0,1,0
12600,1963,0.0,0.0,1.0,60,15,3,3,59,0,1,0
126340,4394,0.0,6.0,0.0,13,7,2,1,11,0,2,0
126599,4438,0.0,3.0,0.0,1,1,1,1,0,0,1,0
126625,1356,0.0,3.0,0.0,2,1,1,2,0,0,1,1
126912,2273,0.0,4.0,0.0,18,4,1,5,15,0,1,2
12738,437,0.0,3.0,0.0,2,1,1,2,0,0,1,1
127870,1892,0.0,3.0,0.0,32,10,6,2,30,0,2,0
128685,1538,0.0,2.0,0.0,8,5,1,1,7,0,1,0
128920,1677,1.0,3.0,0.0,10,2,1,4,8,0,1,1
129386,467,0.0,3.0,1.0,2,1,1,1,0,0,2,0
129855,3288,0.0,0.0,0.0,12,1,1,2,9,0,2,1
12988,606,0.0,0.0,0.0,8,5,2,1,7,0,1,0
13038,3609,1.0,5.0,2.0,4,4,1,3,0,0,2,2
13069,219,0.0,0.0,null,5,1,1,1,3,0,2,0
131067,643,0.0,5.0,1.0,19,15,7,1,16,0,3,0
131070,1053,0.0,0.0,0.0,2,1,1,2,1,0,1,0
131553,4966,0.0,4.0,0.0,1,1,1,1,0,0,1,0
131978,2543,0.0,2.0,0.0,25,6,1,7,24,0,1,0
132054,1346,0.0,4.0,0.0,8,3,1,1,7,0,1,0
132305,361,0.0,6.0,0.0,10,2,1,2,7,0,1,2
132659,121,0.0,0.0,0.0,6,4,4,2,5,0,1,0
1332,3476,0.0,0.0,null,48,24,11,2,46,0,2,0
133264,4499,0.0,3.0,1.0,3,1,1,1,2,0,1,0
133617,350,0.0,5.0,0.0,4,1,1,1,3,0,1,0
133781,423,0.0,0.0,0.0,5,3,1,1,4,0,1,0
134047,10,0.0,6.0,1.0,1,1,1,1,0,0,1,0
134130,2592,0.0,4.0,0.0,2,1,1,1,1,0,1,0
134299,968,0.0,2.0,1.0,1,1,1,1,0,0,1,0
134486,3319,0.0,4.0,0.0,8,1,1,3,7,0,1,0
134591,1749,0.0,3.0,0.0,8,2,1,2,7,0,1,0
134886,3288,0.0,4.0,0.0,4,1,1,1,2,0,1,1
134958,598,0.0,3.0,1.0,2,1,1,1,1,0,1,0
135145,2078,0.0,4.0,2.0,7,1,1,1,5,0,1,1
135379,2236,0.0,5.0,1.0,3,1,1,2,2,0,1,0
135581,4173,0.0,4.0,0.0,12,11,6,2,11,0,1,0
135614,856,0.0,0.0,0.0,8,1,1,3,7,0,1,0
13563,219,0.0,3.0,0.0,3,2,1,2,1,0,2,0
135714,2767,0.0,0.0,0.0,3,1,1,1,2,0,1,0
136190,1356,0.0,4.0,1.0,5,2,1,1,4,0,1,0
136388,2318,0.0,0.0,1.0,13,6,2,1,12,0,1,0
136881,3266,0.0,5.0,1.0,12,2,1,1,11,0,1,0
13920,4326,0.0,4.0,0.0,2,1,1,1,1,0,1,0
13954,503,0.0,3.0,1.0,3,1,1,1,2,0,1,0
140268,4659,0.0,4.0,1.0,1,1,1,1,0,0,1,0
140273,3990,0.0,6.0,0.0,9,4,3,2,7,0,1,1
140861,3608,0.0,6.0,1.0,2,1,1,1,1,0,1,0
140915,2916,0.0,5.0,0.0,1,1,1,1,0,0,1,0
141430,3826,1.0,4.0,0.0,3,1,1,1,2,0,1,0
141558,1123,0.0,5.0,0.0,8,2,2,2,7,0,1,0
1417,4480,0.0,4.0,0.0,27,13,4,1,22,0,5,0
142057,4492,0.0,0.0,0.0,11,1,1,2,10,0,1,0
142876,1833,0.0,0.0,0.0,6,2,1,1,5,0,1,0
143148,1494,0.0,3.0,0.0,15,3,2,1,12,0,3,0
143571,4354,0.0,3.0,0.0,3,1,1,1,2,0,1,0
143951,1833,0.0,5.0,0.0,11,8,2,3,10,0,1,0
144406,2594,0.0,5.0,0.0,12,3,3,1,11,0,1,0
144714,2221,0.0,2.0,0.0,12,4,2,3,10,0,1,1
144911,3580,0.0,5.0,1.0,1,1,1,1,0,0,1,0
145144,4083,0.0,6.0,0.0,24,7,6,2,19,0,5,0
145218,3936,0.0,6.0,0.0,3,2,2,1,2,0,1,0
145363,2954,0.0,5.0,0.0,2,1,1,1,1,0,1,0
145505,1496,0.0,4.0,0.0,3,1,1,1,2,0,1,0
145582,3971,0.0,0.0,1.0,7,1,1,3,6,0,1,0
146521,2108,0.0,2.0,0.0,2,1,1,1,1,0,1,0
146813,1200,0.0,3.0,1.0,18,4,3,2,12,0,5,1
146943,794,1.0,6.0,0.0,34,11,3,4,32,0,1,1
147174,257,0.0,0.0,0.0,9,1,1,5,6,1,1,1
147365,3629,0.0,3.0,0.0,3,3,1,1,0,0,3,0
148056,3891,0.0,4.0,1.0,1,1,1,1,0,0,1,0
148574,424,0.0,4.0,0.0,6,3,1,1,4,0,2,0
148663,4760,0.0,2.0,0.0,7,1,1,1,6,0,1,0
148857,2981,0.0,6.0,1.0,3,1,1,1,2,0,1,0
149269,1640,0.0,3.0,1.0,4,1,1,1,3,0,1,0
149288,4472,0.0,6.0,0.0,10,4,2,1,9,0,1,0
149765,643,0.0,4.0,1.0,14,7,5,2,13,0,1,0
150075,4131,0.0,3.0,2.0,3,2,1,2,2,0,1,0
150327,2856,0.0,3.0,0.0,5,1,1,2,4,0,1,0
15088,1833,0.0,4.0,0.0,35,15,1,3,31,0,4,0
152635,4539,0.0,2.0,0.0,3,2,1,2,2,0,1,0
152828,1605,0.0,4.0,0.0,2,1,1,1,1,0,1,0
152906,219,0.0,5.0,0.0,7,2,2,2,6,0,1,0
153231,3163,0.0,2.0,0.0,2,1,1,1,1,0,1,0
153254,684,0.0,2.0,0.0,5,5,3,2,2,0,3,0
15352,3826,0.0,0.0,1.0,9,1,1,1,8,0,1,0
153696,4256,0.0,5.0,1.0,6,2,1,1,4,0,1,1
153716,3843,0.0,5.0,1.0,8,3,2,1,7,0,1,0
154750,1162,0.0,4.0,1.0,10,3,2,2,9,0,1,0
154824,4966,0.0,3.0,0.0,1,1,1,1,0,0,1,0
154925,4079,0.0,3.0,0.0,1,1,1,1,0,0,1,0
155032,3990,0.0,3.0,0.0,6,4,2,1,4,0,2,0
1553,423,0.0,3.0,0.0,4,1,1,1,3,0,1,0
155385,3819,0.0,0.0,1.0,4,3,3,1,0,0,2,2
155397,350,0.0,3.0,1.0,2,1,1,1,1,0,1,0
155637,437,0.0,3.0,0.0,77,39,4,6,70,0,4,3
155871,4336,1.0,5.0,0.0,12,6,1,1,11,0,1,0
156301,2204,0.0,6.0,0.0,8,1,1,2,6,0,1,1
156536,3148,0.0,0.0,1.0,9,2,2,2,7,0,1,1
156741,3288,0.0,5.0,0.0,1,1,1,1,0,0,1,0
156781,4662,0.0,5.0,0.0,3,1,1,2,2,0,1,0
156954,731,0.0,3.0,2.0,16,5,1,2,15,0,1,0
157033,479,0.0,2.0,0.0,4,1,1,1,3,0,1,0
157440,598,0.0,4.0,0.0,4,1,1,1,3,0,1,0
157552,3580,0.0,8.0,1.0,6,2,2,2,4,0,1,1
157730,2537,0.0,7.0,null,32,12,4,3,25,0,2,5
157860,1111,0.0,0.0,0.0,1,1,1,1,0,0,1,0
159895,437,0.0,4.0,0.0,25,14,3,1,24,0,1,0
159993,2928,0.0,6.0,0.0,15,7,2,1,14,0,1,0
160090,120,0.0,3.0,0.0,5,2,1,1,4,0,1,0
160217,798,0.0,5.0,0.0,39,13,7,3,36,0,3,0
16028,1340,0.0,4.0,0.0,1,1,1,1,0,0,1,0
160742,3734,0.0,4.0,0.0,16,10,4,1,14,0,2,0
16078,3954,0.0,3.0,1.0,1,1,1,1,0,0,1,0
160890,2318,0.0,0.0,0.0,10,2,1,1,9,0,1,0
161076,594,0.0,0.0,0.0,1,1,1,1,0,0,1,0
161130,4536,0.0,0.0,0.0,5,1,1,1,3,0,2,0
16142,1724,0.0,null,null,21,7,2,2,20,0,1,0
161536,1093,0.0,2.0,1.0,2,1,1,2,1,0,1,0
161898,3734,0.0,3.0,0.0,28,12,4,4,20,0,2,6
163110,1487,0.0,6.0,1.0,12,2,1,2,10,0,1,1
163155,1923,0.0,3.0,0.0,9,2,1,3,7,0,2,0
163950,2981,0.0,2.0,0.0,5,1,1,1,4,0,1,0
164603,742,0.0,2.0,0.0,23,4,3,2,21,0,2,0
164724,1708,0.0,3.0,1.0,13,4,1,2,11,0,2,0
164998,1892,0.0,3.0,0.0,70,39,11,7,55,0,3,12
165176,2403,0.0,7.0,0.0,8,4,3,1,4,0,4,0
165347,654,0.0,0.0,2.0,7,1,1,2,5,0,1,1
165428,4846,0.0,0.0,0.0,3,1,1,1,2,0,1,0
165482,2710,0.0,6.0,1.0,9,3,2,1,8,0,1,0
165531,4234,0.0,0.0,0.0,16,6,3,3,13,0,1,2
166036,4394,0.0,0.0,1.0,1,1,1,1,0,0,1,0
16628,4542,0.0,4.0,0.0,5,2,2,2,2,0,1,2
166982,3361,0.0,4.0,0.0,5,3,2,4,4,0,1,0
167486,3826,0.0,2.0,1.0,3,1,1,1,2,0,1,0
168227,946,0.0,6.0,0.0,10,2,2,2,8,0,1,1
168513,4044,0.0,3.0,0.0,12,6,3,4,9,0,1,2
168542,3105,0.0,2.0,0.0,3,1,1,2,2,0,1,0
168828,1359,0.0,5.0,0.0,5,2,1,3,4,0,1,0
169247,4050,0.0,2.0,1.0,12,2,1,1,10,0,1,1
169647,2936,0.0,0.0,null,1,1,1,1,0,0,1,0
169661,2,0.0,4.0,0.0,13,4,1,1,11,0,1,1
169982,608,0.0,0.0,1.0,9,4,2,2,7,0,1,1
170142,437,0.0,5.0,0.0,5,2,1,1,4,0,1,0
170589,1895,0.0,4.0,1.0,5,3,3,3,2,0,3,0
170918,4048,0.0,2.0,0.0,3,2,1,2,2,0,1,0
171170,1755,0.0,2.0,1.0,2,1,1,1,1,0,1,0
171291,721,0.0,3.0,0.0,3,1,1,2,1,0,1,1
171750,1892,0.0,4.0,0.0,10,7,4,1,7,0,3,0
172538,3891,0.0,0.0,0.0,6,2,2,2,5,0,1,0
172660,3990,0.0,0.0,1.0,31,4,2,4,29,0,1,1
172990,4847,0.0,4.0,0.0,3,1,1,3,1,0,1,1
173032,2587,0.0,2.0,1.0,3,1,1,1,2,0,1,0
173074,2569,0.0,0.0,1.0,3,1,1,1,1,0,1,1
173270,4280,0.0,3.0,0.0,8,2,1,4,6,0,1,1
173329,1454,0.0,0.0,1.0,4,1,1,1,2,0,2,0
173563,3828,0.0,3.0,0.0,21,7,5,1,16,0,5,0
17369,4542,0.0,3.0,0.0,4,3,2,1,3,0,1,0
1738,503,0.0,0.0,0.0,6,1,1,2,4,0,1,1
174132,1393,1.0,0.0,0.0,21,9,5,2,19,0,2,0
174295,1892,0.0,4.0,0.0,12,6,4,2,7,0,5,0
174955,1918,0.0,2.0,0.0,3,1,1,1,1,0,1,1
175034,2081,0.0,4.0,1.0,34,10,3,5,33,0,1,0
175240,3828,0.0,3.0,0.0,8,2,1,2,7,0,1,0
175407,2680,0.0,3.0,0.0,11,3,1,1,10,0,1,0
175646,1489,0.0,6.0,0.0,6,1,1,2,4,0,1,1
176236,962,0.0,3.0,0.0,12,3,2,3,10,0,1,1
176349,4371,0.0,0.0,1.0,3,2,1,1,2,0,1,0
176365,742,0.0,4.0,0.0,10,3,1,2,9,0,1,0
176848,4779,0.0,3.0,0.0,8,3,2,1,7,0,1,0
176926,3835,0.0,0.0,0.0,8,6,3,1,7,0,1,0
177178,1918,0.0,3.0,0.0,29,15,1,2,27,0,1,1
177347,2653,1.0,0.0,0.0,22,6,1,1,20,0,2,0
177606,2339,0.0,4.0,0.0,1,1,1,1,0,0,1,0
177845,1115,0.0,2.0,0.0,3,1,1,1,2,0,1,0
178049,402,0.0,0.0,1.0,5,2,1,3,4,0,1,0
178582,1557,0.0,3.0,1.0,2,1,1,1,1,0,1,0
1788,625,0.0,3.0,0.0,2,1,1,1,1,0,1,0
178991,4173,0.0,4.0,2.0,267,6,4,3,266,0,1,0
179500,3291,0.0,3.0,1.0,3,1,1,1,2,0,1,0
179772,1074,0.0,6.0,0.0,13,9,1,4,12,0,1,0
179909,4491,0.0,4.0,0.0,2,2,1,1,0,0,2,0
179926,4044,0.0,0.0,0.0,92,40,7,6,76,0,2,14
180629,1692,0.0,3.0,0.0,7,1,1,3,6,0,1,0
181251,3889,0.0,4.0,2.0,1,1,1,1,0,0,1,0
181470,3411,0.0,4.0,0.0,6,2,1,1,5,0,1,0
181647,382,0.0,0.0,0.0,6,3,2,1,5,0,1,0
181736,1840,0.0,5.0,0.0,3,2,2,2,2,0,1,0
181826,4044,0.0,5.0,1.0,2,1,1,2,0,0,1,1
182161,4044,0.0,2.0,0.0,30,11,4,4,25,0,3,2
182408,4316,0.0,2.0,0.0,4,1,1,1,3,0,1,0
182640,71,1.0,4.0,0.0,23,6,1,2,18,0,1,4
182721,2099,0.0,3.0,0.0,3,2,1,1,2,0,1,0
182889,4711,0.0,3.0,0.0,4,1,1,1,3,0,1,0
182934,3103,0.0,2.0,1.0,3,1,1,2,2,0,1,0
18296,73,0.0,3.0,0.0,9,4,3,3,8,0,1,0
183158,4496,0.0,3.0,1.0,1,1,1,1,0,0,1,0
183494,2537,0.0,0.0,null,11,4,4,4,8,2,1,0
183927,3828,0.0,0.0,1.0,69,35,8,5,66,1,2,0
184250,3826,0.0,2.0,1.0,4,2,1,3,2,0,1,1
1843,4811,0.0,3.0,0.0,5,3,1,1,4,0,1,0
184426,1067,0.0,4.0,0.0,7,1,1,3,6,0,1,0
184867,1470,0.0,3.0,0.0,5,1,1,1,4,0,1,0
184923,742,0.0,0.0,0.0,2,1,1,2,1,0,1,0
185255,2397,0.0,3.0,0.0,9,4,1,1,8,0,1,0
185972,4589,0.0,3.0,1.0,1,1,1,1,0,0,1,0
186524,4744,0.0,2.0,0.0,6,4,3,1,4,0,2,0
186705,254,0.0,3.0,2.0,4,1,1,1,3,0,1,0
186759,4605,0.0,3.0,0.0,1,1,1,1,0,0,1,0
186775,553,0.0,3.0,0.0,5,1,1,1,4,0,1,0
186870,4043,0.0,3.0,0.0,4,2,2,1,2,0,2,0
187138,1134,0.0,4.0,0.0,5,2,2,1,4,0,1,0
187668,1272,0.0,6.0,1.0,6,4,2,1,5,0,1,0
187808,606,1.0,4.0,0.0,18,10,8,5,17,0,1,0
18801,4864,0.0,4.0,1.0,5,1,1,2,4,0,1,0
18813,1704,0.0,0.0,0.0,1,1,1,1,0,0,1,0
188203,4444,0.0,3.0,0.0,12,9,3,4,10,0,2,0
188631,1378,0.0,2.0,0.0,5,1,1,1,4,0,1,0
189002,4150,0.0,3.0,0.0,5,1,1,2,4,0,1,0
189024,3701,0.0,4.0,1.0,7,3,2,2,6,0,1,0
189554,2318,0.0,3.0,0.0,6,2,1,1,5,0,1,0
18968,2066,0.0,5.0,0.0,4,1,1,1,3,0,1,0
190080,3041,0.0,2.0,1.0,4,1,1,2,3,0,1,0
190273,523,0.0,3.0,0.0,6,1,1,1,5,0,1,0
190749,3545,1.0,4.0,1.0,10,4,1,4,9,0,1,0
190758,121,0.0,5.0,0.0,25,11,1,2,24,0,1,0
190829,588,0.0,2.0,0.0,5,2,1,1,4,0,1,0
190840,4282,0.0,3.0,1.0,15,3,2,1,13,0,2,0
191021,2047,1.0,3.0,0.0,12,3,1,2,11,0,1,0
191865,3665,0.0,3.0,0.0,7,1,1,1,6,0,1,0
192166,3510,0.0,5.0,1.0,4,1,1,1,3,0,1,0
19226,3350,0.0,3.0,0.0,1,1,1,1,0,0,1,0
192332,671,0.0,0.0,0.0,3,2,2,1,1,0,1,1
192482,4170,0.0,4.0,0.0,6,1,1,4,4,0,1,1
193224,798,0.0,0.0,0.0,38,7,4,6,34,0,2,2
193400,4044,0.0,3.0,0.0,13,6,3,2,12,0,1,0
193403,2684,0.0,6.0,0.0,14,4,4,4,10,0,2,2
193479,2031,0.0,7.0,1.0,6,3,1,1,5,0,1,0
193542,4050,0.0,4.0,1.0,2,1,1,1,1,0,1,0
194091,3727,0.0,2.0,0.0,3,1,1,1,2,0,1,0
19425,1102,0.0,0.0,0.0,3,1,1,1,2,0,1,0
194314,3769,0.0,3.0,0.0,10,5,3,1,9,0,1,0
19547,2099,0.0,2.0,0.0,18,2,1,4,14,0,1,3
195954,3225,0.0,5.0,1.0,5,3,1,1,4,0,1,0
196067,4894,0.0,0.0,0.0,21,3,1,2,20,0,1,0
196810,4871,0.0,0.0,1.0,4,1,1,1,3,0,1,0
197058,4265,0.0,0.0,1.0,2,1,1,2,1,0,1,0
197274,3915,0.0,7.0,1.0,7,1,1,2,5,0,1,1
197489,3885,0.0,4.0,2.0,1,1,1,1,0,0,1,0
198057,3693,0.0,3.0,1.0,3,1,1,1,2,0,1,0
19858,3623,0.0,2.0,0.0,3,1,1,1,1,1,1,0
199163,4048,0.0,3.0,null,3,1,1,1,1,1,1,0
19932,323,0.0,5.0,0.0,3,2,1,1,2,0,1,0
200046,1501,0.0,0.0,0.0,2,1,1,1,1,0,1,0
200393,3451,1.0,3.0,0.0,16,4,1,2,13,0,2,1
200495,1840,0.0,5.0,1.0,2,1,1,1,1,0,1,0
20077,3288,0.0,6.0,0.0,5,2,1,2,4,0,1,0
200985,3780,1.0,0.0,0.0,13,1,1,1,11,0,2,0
201,2608,0.0,3.0,0.0,3,1,1,1,2,0,1,0
201340,4173,0.0,3.0,0.0,26,15,4,2,23,0,3,0
203286,3734,0.0,3.0,0.0,1,1,1,1,0,0,1,0
203398,4043,1.0,2.0,0.0,4,3,1,1,3,0,1,0
204100,547,0.0,4.0,1.0,11,3,2,2,8,0,1,2
204228,786,0.0,2.0,0.0,3,1,1,1,1,0,1,1
204507,2448,0.0,3.0,1.0,4,2,1,1,3,0,1,0
204587,2435,0.0,4.0,0.0,4,2,1,1,3,0,1,0
204880,152,0.0,6.0,0.0,1,1,1,1,0,0,1,0
204926,1613,0.0,3.0,0.0,9,2,2,1,7,0,2,0
204926,3103,0.0,3.0,0.0,5,1,1,1,4,0,1,0
20493,3629,0.0,0.0,0.0,33,12,1,4,31,0,1,1
205244,4073,0.0,3.0,1.0,7,1,1,1,5,0,1,1
205643,1501,0.0,0.0,0.0,1,1,1,1,0,0,1,0
206588,2138,0.0,4.0,0.0,6,2,2,1,5,0,1,0
20715,1703,0.0,4.0,0.0,3,1,1,2,2,0,1,0
207343,1978,0.0,0.0,1.0,2,2,1,1,0,0,2,0
207749,608,0.0,5.0,2.0,22,2,2,2,20,0,1,1
208364,2721,0.0,3.0,0.0,20,8,1,4,17,0,1,2
208369,962,0.0,0.0,0.0,4,1,1,1,3,0,1,0
208416,2424,0.0,3.0,1.0,18,3,1,1,16,1,1,0
209857,4129,0.0,5.0,0.0,56,39,6,4,51,0,5,0
209930,1964,0.0,2.0,0.0,7,2,2,1,4,1,1,1
210452,472,0.0,0.0,1.0,2,1,1,1,1,0,1,0
210454,219,0.0,2.0,1.0,8,5,1,1,7,0,1,0
210626,2824,0.0,0.0,null,6,2,2,2,5,0,1,0
21101,542,0.0,4.0,1.0,2,1,1,1,1,0,1,0
211282,642,0.0,0.0,0.0,21,8,3,3,15,0,1,5
211688,4693,1.0,0.0,0.0,72,42,3,3,69,0,3,0
212001,4265,0.0,2.0,1.0,2,2,2,1,0,0,2,0
212312,3314,0.0,7.0,0.0,27,1,1,1,26,0,1,0
21266,2721,0.0,4.0,0.0,9,7,2,2,8,0,1,0
213068,4724,0.0,4.0,0.0,14,2,1,3,12,0,1,1
213313,4794,0.0,5.0,0.0,8,1,1,1,7,0,1,0
213443,1495,0.0,5.0,0.0,3,1,1,2,2,0,1,0
213513,3990,0.0,5.0,0.0,6,2,2,1,4,0,2,0
213683,4871,1.0,4.0,1.0,1,1,1,1,0,0,1,0
213893,4659,0.0,3.0,1.0,7,2,1,2,6,0,1,0
214004,4280,0.0,3.0,0.0,1,1,1,1,0,0,1,0
214113,2036,0.0,0.0,null,11,1,1,2,9,0,2,0
214259,4305,0.0,3.0,0.0,4,2,2,2,2,0,1,1
214265,1370,0.0,0.0,0.0,4,2,2,2,2,0,2,0
215195,4336,0.0,0.0,0.0,1,1,1,1,0,0,1,0
215316,3335,0.0,4.0,0.0,11,3,3,3,9,0,1,1
215445,2273,0.0,2.0,1.0,9,2,2,1,6,0,1,2
215575,4444,0.0,4.0,1.0,31,21,2,2,30,0,1,0
215770,2397,0.0,5.0,0.0,4,2,2,1,3,0,1,0
21618,121,0.0,0.0,1.0,31,18,5,5,30,0,1,0
216526,3471,0.0,4.0,1.0,3,1,1,1,2,0,1,0
216543,1618,0.0,0.0,0.0,11,2,1,4,10,0,1,0
216598,4850,0.0,4.0,0.0,22,11,7,2,19,2,1,0
216903,3152,0.0,5.0,0.0,3,1,1,1,2,0,1,0
217302,3602,0.0,5.0,1.0,8,1,1,2,7,0,1,0
217348,2994,0.0,3.0,0.0,8,3,1,1,7,0,1,0
217761,2636,0.0,3.0,0.0,8,1,1,3,7,0,1,0
217971,3136,0.0,3.0,0.0,11,2,2,2,9,0,1,1
218045,963,0.0,3.0,1.0,3,2,2,2,2,0,1,0
218281,1827,0.0,0.0,0.0,12,6,1,1,11,0,1,0
218586,3080,0.0,0.0,1.0,3,3,2,1,0,0,3,0
219291,684,0.0,0.0,0.0,3,1,1,2,2,0,1,0
21958,3205,0.0,3.0,0.0,42,15,4,2,32,0,2,8
219708,4044,0.0,4.0,0.0,34,25,7,1,32,0,2,0
219840,3839,0.0,6.0,0.0,3,1,1,2,2,0,1,0
220384,1703,0.0,4.0,1.0,2,1,1,1,1,0,1,0
221500,3022,0.0,4.0,1.0,3,1,1,1,2,0,1,0
221530,4992,0.0,3.0,0.0,3,1,1,2,2,0,1,0
222114,4760,0.0,3.0,1.0,1,1,1,1,0,0,1,0
223702,3887,0.0,3.0,0.0,22,15,8,3,18,0,2,2
22378,4469,0.0,2.0,0.0,3,1,1,1,2,0,1,0
224261,1964,0.0,3.0,0.0,26,6,4,3,23,0,2,1
225704,977,0.0,6.0,1.0,2,1,1,1,1,0,1,0
22617,4049,0.0,7.0,0.0,6,2,1,2,5,0,1,0
226183,4508,0.0,4.0,0.0,19,10,2,1,13,0,6,0
226569,145,0.0,2.0,0.0,7,2,1,3,5,0,1,1
226979,2954,0.0,3.0,2.0,2,2,2,2,1,0,1,0
227429,4926,1.0,4.0,1.0,6,4,4,1,3,0,3,0
227792,4708,0.0,0.0,0.0,6,2,1,1,5,0,1,0
227803,3930,0.0,6.0,1.0,7,1,1,4,6,0,1,0
229437,897,0.0,null,null,31,16,12,3,29,1,1,0
230135,2936,0.0,3.0,0.0,6,4,2,2,4,0,2,0
230203,4729,0.0,2.0,1.0,26,12,6,2,24,0,2,0
230276,4131,0.0,4.0,0.0,1,1,1,1,0,0,1,0
230368,2124,0.0,5.0,0.0,21,10,1,1,20,0,1,0
23055,4163,0.0,3.0,0.0,5,2,1,1,4,0,1,0
231220,4079,1.0,3.0,1.0,3,1,1,1,1,0,2,0
231402,4793,0.0,3.0,0.0,2,1,1,1,1,0,1,0
231623,1890,0.0,6.0,0.0,4,3,1,2,3,0,1,0
231753,1015,0.0,0.0,0.0,23,9,6,1,21,0,2,0
231763,3420,0.0,4.0,1.0,16,4,3,6,14,0,2,0
23210,1978,0.0,0.0,1.0,5,1,1,2,2,0,2,1
232223,1013,0.0,0.0,0.0,5,1,1,1,4,0,1,0
232311,500,0.0,3.0,0.0,2,1,1,2,0,0,1,1
232336,4864,0.0,0.0,0.0,10,3,1,4,7,0,1,2
232366,1520,0.0,4.0,1.0,3,1,1,2,2,0,1,0
232546,1763,0.0,6.0,0.0,6,1,1,1,5,0,1,0
232887,3958,0.0,0.0,0.0,22,9,3,3,21,0,1,0
233384,4079,0.0,0.0,0.0,5,2,2,2,4,0,1,0
233392,731,0.0,0.0,0.0,11,6,1,1,10,0,1,0
233894,2393,0.0,2.0,1.0,2,1,1,1,1,0,1,0
234253,4648,0.0,3.0,0.0,2,2,1,1,0,0,2,0
234576,608,0.0,3.0,2.0,4,2,1,2,3,0,1,0
235061,2217,0.0,5.0,0.0,10,3,1,4,8,0,1,1
235105,2730,0.0,6.0,1.0,3,1,1,3,2,0,1,0
235287,1618,0.0,3.0,1.0,39,15,4,2,36,0,1,2
23531,4871,0.0,2.0,0.0,6,2,1,1,4,0,2,0
23538,1370,0.0,4.0,0.0,4,2,2,1,2,0,1,1
235597,415,0.0,3.0,1.0,2,1,1,1,1,0,1,0
235735,416,0.0,3.0,0.0,3,1,1,1,2,0,1,0
236335,322,0.0,4.0,1.0,47,15,7,2,41,0,6,0
236347,3318,0.0,3.0,0.0,2,1,1,1,1,0,1,0
236613,1748,0.0,3.0,0.0,2,1,1,1,0,0,1,1
236757,4648,1.0,2.0,0.0,17,7,5,1,13,0,4,0
236831,4858,0.0,4.0,1.0,4,1,1,1,3,0,1,0
236901,168,0.0,4.0,0.0,5,4,4,2,4,0,1,0
237617,4616,0.0,0.0,0.0,12,3,1,2,10,0,1,1
238159,1602,0.0,7.0,0.0,2,1,1,1,1,0,1,0
238166,2283,0.0,2.0,0.0,16,12,3,5,15,0,1,0
238484,3576,0.0,4.0,0.0,1,1,1,1,0,0,1,0
23875,2545,0.0,2.0,1.0,13,3,2,2,11,0,2,0
238931,4173,0.0,3.0,0.0,88,33,6,10,81,0,1,6
240673,4044,0.0,3.0,0.0,11,4,2,1,10,0,1,0
241430,426,0.0,2.0,1.0,8,2,1,1,7,0,1,0
241467,1512,0.0,6.0,0.0,17,7,1,5,16,0,1,0
241913,4472,0.0,3.0,0.0,4,1,1,1,3,0,1,0
242114,390,0.0,3.0,2.0,7,5,5,1,5,0,2,0
24254,2592,0.0,2.0,1.0,6,3,2,1,4,0,1,1
242656,412,0.0,2.0,0.0,12,4,2,4,11,0,1,0
242843,2397,0.0,4.0,0.0,6,1,1,4,4,0,1,1
24294,2318,0.0,3.0,0.0,6,1,1,3,5,0,1,0
243279,1963,0.0,3.0,1.0,5,3,3,1,4,0,1,0
243870,3383,0.0,3.0,1.0,5,2,1,1,4,0,1,0
243918,3136,0.0,5.0,1.0,12,2,1,1,11,0,1,0
243940,2669,0.0,3.0,0.0,3,1,1,1,2,0,1,0
244428,4394,0.0,0.0,0.0,3,1,1,1,2,0,1,0
24457,200,0.0,3.0,0.0,12,4,1,2,10,0,1,1
244997,3460,0.0,2.0,0.0,1,1,1,1,0,0,1,0
245661,4818,0.0,3.0,1.0,5,2,2,1,4,0,1,0
245758,1031,0.0,4.0,0.0,37,10,1,1,33,0,3,1
246560,1345,0.0,0.0,0.0,7,3,1,3,6,0,1,0
246589,416,0.0,2.0,0.0,40,25,7,1,39,0,1,0
246653,4079,0.0,6.0,0.0,10,3,1,2,8,0,1,1
247132,4040,0.0,2.0,0.0,4,1,1,1,3,0,1,0
247887,474,0.0,4.0,1.0,27,8,5,3,24,0,3,0
248047,1470,0.0,3.0,1.0,2,1,1,1,1,0,1,0
248068,3734,0.0,2.0,1.0,30,5,4,2,23,0,3,4
248205,4173,0.0,3.0,1.0,3,1,1,1,2,0,1,0
248516,3938,0.0,3.0,0.0,3,1,1,1,2,0,1,0
248632,2537,0.0,0.0,0.0,2,2,1,1,0,0,1,1
249825,2447,0.0,3.0,0.0,4,1,1,1,3,0,1,0
250230,1899,0.0,2.0,1.0,1,1,1,1,0,0,1,0
25045,1031,0.0,0.0,1.0,21,4,1,5,20,0,1,0
250488,1833,0.0,5.0,1.0,5,3,1,2,4,0,1,0
250910,4043,0.0,2.0,0.0,13,5,3,4,8,0,1,4
251042,4607,0.0,2.0,0.0,4,1,1,1,3,0,1,0
25184,4568,0.0,5.0,0.0,170,70,10,17,143,0,7,20
251910,1800,0.0,4.0,0.0,10,5,4,3,8,0,1,1
252014,1150,0.0,5.0,0.0,6,1,1,1,5,0,1,0
252133,1557,0.0,3.0,1.0,4,3,2,1,3,0,1,0
253306,3419,0.0,4.0,0.0,7,1,1,1,6,0,1,0
253364,794,1.0,5.0,0.0,10,3,1,4,9,0,1,0
253497,1270,0.0,0.0,0.0,1,1,1,1,0,0,1,0
254024,4818,0.0,0.0,1.0,10,6,4,1,9,0,1,0
254639,289,0.0,6.0,0.0,5,1,1,1,4,0,1,0
254753,3098,0.0,0.0,0.0,6,3,1,3,5,0,1,0
255261,4042,0.0,3.0,0.0,4,1,1,1,3,0,1,0
255387,219,0.0,3.0,1.0,16,3,1,4,10,0,3,3
255448,845,0.0,4.0,0.0,4,1,1,1,3,0,1,0
255523,1659,0.0,4.0,0.0,5,1,1,2,4,0,1,0
255586,588,0.0,5.0,1.0,3,1,1,1,2,0,1,0
255766,4797,0.0,4.0,0.0,46,18,1,1,39,0,7,0
256493,3545,0.0,2.0,1.0,4,1,1,3,2,0,1,1
256515,4660,0.0,0.0,0.0,18,3,1,2,17,0,1,0
256825,2036,0.0,2.0,1.0,7,2,1,1,6,0,1,0
257003,798,0.0,3.0,0.0,14,6,5,3,13,0,1,0
257097,4793,0.0,3.0,1.0,2,1,1,1,1,0,1,0
257523,3173,0.0,3.0,1.0,4,1,1,1,3,0,1,0
257577,443,0.0,5.0,2.0,8,3,2,3,6,0,2,0
258284,4141,0.0,0.0,0.0,5,4,1,1,4,0,1,0
25845,798,0.0,3.0,0.0,12,5,5,2,11,0,1,0
25847,2954,0.0,5.0,0.0,10,6,5,1,2,0,8,0
259041,2721,0.0,5.0,1.0,12,5,3,3,11,0,1,0
259233,4713,0.0,2.0,0.0,4,1,1,1,3,0,1,0
259568,2060,0.0,0.0,1.0,1,1,1,1,0,0,1,0
25966,587,1.0,2.0,1.0,7,4,1,2,6,0,1,0
260071,1283,0.0,2.0,0.0,6,2,2,4,5,0,1,0
260492,1618,0.0,2.0,0.0,5,2,1,1,4,0,1,0
260659,2031,0.0,2.0,0.0,1,1,1,1,0,0,1,0
261244,4281,0.0,3.0,2.0,1,1,1,1,0,0,1,0
261391,806,0.0,0.0,0.0,5,3,1,1,4,0,1,0
261439,4484,0.0,3.0,0.0,10,6,1,1,9,0,1,0
261501,4049,1.0,3.0,0.0,6,3,1,1,5,0,1,0
262166,606,0.0,4.0,0.0,8,4,4,2,7,0,1,0
262179,4048,0.0,4.0,1.0,5,2,1,1,4,0,1,0
262375,4818,0.0,3.0,1.0,1,1,1,1,0,0,1,0
262516,4480,1.0,4.0,0.0,17,6,3,4,16,0,1,0
262518,3954,0.0,2.0,1.0,5,4,2,1,4,0,1,0
262981,1145,0.0,0.0,1.0,2,1,1,1,0,0,2,0
263011,503,1.0,3.0,0.0,8,1,1,1,7,0,1,0
264255,4444,0.0,5.0,1.0,23,12,5,2,17,0,5,1
264861,3826,0.0,5.0,1.0,5,1,1,1,4,0,1,0
265253,3349,0.0,3.0,0.0,3,3,1,1,1,0,2,0
266359,1200,0.0,0.0,0.0,2,1,1,1,0,0,2,0
266501,4026,0.0,4.0,0.0,17,7,4,2,16,0,1,0
266542,1090,0.0,6.0,0.0,21,10,1,1,19,0,2,0
266619,4861,0.0,4.0,0.0,3,1,1,1,2,0,1,0
266725,1978,0.0,7.0,1.0,11,2,1,1,10,0,1,0
267596,3444,0.0,3.0,1.0,7,1,1,3,6,0,1,0
267669,191,1.0,3.0,0.0,71,22,10,2,66,0,5,0
267804,594,0.0,3.0,0.0,2,1,1,1,1,0,1,0
268348,804,0.0,5.0,1.0,11,7,5,1,8,0,3,0
268642,1346,0.0,3.0,0.0,1,1,1,1,0,0,1,0
269823,4044,0.0,2.0,0.0,22,12,4,2,21,0,1,0
269899,4282,0.0,0.0,0.0,2,1,1,1,1,0,1,0
269930,2403,0.0,0.0,0.0,6,3,2,3,5,0,1,0
270379,2026,0.0,2.0,1.0,2,1,1,1,1,0,1,0
271169,826,0.0,4.0,0.0,2,1,1,1,1,0,1,0
271411,798,0.0,2.0,0.0,2,1,1,2,1,0,1,0
271518,1102,0.0,6.0,0.0,5,4,1,1,4,0,1,0
271960,3524,0.0,5.0,0.0,6,3,1,1,5,0,1,0
272329,4648,0.0,3.0,0.0,7,3,3,1,4,0,3,0
274140,4371,0.0,0.0,0.0,1,1,1,1,0,0,1,0
27418,2422,1.0,3.0,1.0,23,12,2,1,21,0,2,0
275373,720,0.0,2.0,0.0,4,1,1,2,3,0,1,0
275403,246,0.0,0.0,0.0,28,7,1,6,26,0,2,0
275453,1200,0.0,3.0,0.0,3,1,1,1,2,0,1,0
275631,47,0.0,3.0,0.0,5,1,1,1,3,0,2,0
276167,1713,0.0,2.0,2.0,9,6,1,1,8,0,1,0
276737,738,0.0,2.0,0.0,17,4,3,2,14,0,2,1
277067,1102,0.0,3.0,1.0,28,14,5,2,26,0,2,0
277093,2173,0.0,7.0,0.0,26,9,1,1,22,0,2,2
277220,4079,0.0,3.0,0.0,4,2,1,1,3,0,1,0
27732,1875,1.0,0.0,0.0,12,6,3,1,9,0,3,0
277387,998,0.0,3.0,0.0,9,3,1,2,5,0,4,0
277416,2537,0.0,0.0,1.0,7,1,1,2,5,0,1,1
277419,2721,0.0,2.0,0.0,27,10,1,3,26,0,1,0
277946,112,0.0,4.0,0.0,3,1,1,1,2,0,1,0
277962,2140,0.0,6.0,0.0,6,2,1,3,5,0,1,0
277977,941,0.0,4.0,2.0,10,6,1,4,9,0,1,0
277979,3063,0.0,4.0,0.0,27,16,3,4,24,0,2,1
27843,2273,0.0,4.0,0.0,2,1,1,2,0,0,1,1
278595,4224,0.0,3.0,0.0,5,1,1,1,4,0,1,0
27869,3828,1.0,6.0,0.0,1,1,1,1,0,0,1,0
278884,2664,0.0,5.0,0.0,8,6,3,2,5,0,3,0
279242,3350,0.0,3.0,0.0,3,1,1,1,2,0,1,0
27982,3004,0.0,6.0,0.0,8,6,1,2,7,0,1,0
280353,1263,0.0,4.0,0.0,24,7,1,2,20,0,2,2
280658,2594,0.0,0.0,1.0,8,5,3,1,6,0,2,0
280777,310,0.0,2.0,1.0,9,4,1,2,8,0,1,0
281127,2099,0.0,3.0,0.0,2,1,1,1,1,0,1,0
281283,3410,0.0,4.0,0.0,7,1,1,3,5,0,1,1
281342,2099,0.0,5.0,1.0,2,1,1,1,1,0,1,0
281424,557,0.0,2.0,0.0,9,3,2,1,8,0,1,0
282063,1056,0.0,3.0,0.0,18,6,1,1,15,0,1,2
282653,361,0.0,4.0,1.0,1,1,1,1,0,0,1,0
282849,1067,0.0,6.0,1.0,4,1,1,2,2,0,1,1
283536,2459,0.0,2.0,0.0,15,8,5,3,12,0,1,2
283673,234,0.0,0.0,0.0,3,1,1,1,2,0,1,0
283942,1890,0.0,6.0,0.0,5,1,1,1,4,0,1,0
284307,2670,0.0,0.0,0.0,56,24,2,3,55,0,1,0
28462,2954,0.0,3.0,0.0,22,3,1,2,20,0,1,1
284777,10,0.0,4.0,1.0,2,1,1,1,1,0,1,0
284820,2138,1.0,0.0,0.0,1,1,1,1,0,0,1,0
284833,2596,0.0,3.0,1.0,15,5,2,3,13,0,1,1
28495,2278,0.0,0.0,0.0,8,1,1,3,7,0,1,0
285042,1592,0.0,6.0,1.0,12,6,2,1,11,0,1,0
285218,2403,0.0,6.0,0.0,4,1,1,1,2,0,2,0
285676,429,0.0,0.0,0.0,6,1,1,3,5,0,1,0
286281,3159,0.0,7.0,1.0,1,1,1,1,0,0,1,0
286650,3054,0.0,5.0,0.0,17,5,2,4,14,0,2,1
286834,2403,0.0,4.0,0.0,3,3,1,1,0,0,3,0
28707,98,0.0,0.0,0.0,2,1,1,1,1,0,1,0
287541,3826,0.0,3.0,1.0,3,1,1,2,2,0,1,0
28808,4022,0.0,4.0,1.0,3,1,1,2,2,0,1,0
288109,1393,0.0,3.0,0.0,97,48,11,1,84,0,4,9
288305,3578,0.0,0.0,0.0,3,1,1,1,2,0,1,0
288569,1749,0.0,3.0,0.0,11,4,3,1,10,0,1,0
28895,4605,0.0,3.0,0.0,1,1,1,1,0,0,1,0
289044,3545,0.0,5.0,1.0,3,1,1,1,2,0,1,0
289145,2915,0.0,5.0,0.0,2,1,1,2,1,0,1,0
289172,2664,0.0,4.0,0.0,245,105,12,5,225,0,6,14
28974,4876,0.0,2.0,0.0,2,1,1,1,1,0,1,0
290653,4768,0.0,4.0,2.0,7,3,1,2,6,0,1,0
290671,4170,0.0,0.0,0.0,15,5,1,1,13,0,2,0
290795,4170,0.0,4.0,0.0,7,2,1,2,3,0,4,0
290889,1755,0.0,8.0,1.0,2,1,1,1,1,0,1,0
291010,1916,0.0,0.0,0.0,14,7,1,1,12,0,2,0
291389,4107,0.0,4.0,1.0,2,1,1,1,1,0,1,0
291585,2537,0.0,3.0,0.0,3,2,2,2,2,0,1,0
291721,3578,0.0,6.0,0.0,9,3,1,3,8,0,1,0
291835,4044,0.0,4.0,0.0,9,2,1,2,6,0,1,2
292632,2746,0.0,4.0,0.0,2,1,1,2,1,0,1,0
292919,2634,0.0,6.0,1.0,84,46,11,2,80,0,4,0
293149,3792,0.0,3.0,2.0,8,2,2,3,7,0,1,0
29329,3460,0.0,3.0,1.0,4,2,1,1,3,0,1,0
293300,3085,0.0,4.0,0.0,1,1,1,1,0,0,1,0
293308,4765,0.0,2.0,1.0,6,2,1,1,5,0,1,0
293465,606,0.0,5.0,0.0,5,1,1,1,4,0,1,0
293802,4976,0.0,4.0,0.0,12,6,6,3,9,0,1,2
294080,1639,0.0,5.0,1.0,3,1,1,1,2,0,1,0
294085,3472,0.0,3.0,0.0,1,1,1,1,0,0,1,0
294625,3853,0.0,0.0,0.0,3,1,1,1,2,0,1,0
29479,402,0.0,7.0,1.0,1,1,1,1,0,0,1,0
295446,4048,0.0,2.0,0.0,10,2,1,3,8,0,1,1
295754,4718,0.0,4.0,0.0,3,1,1,1,2,0,1,0
295909,3878,0.0,0.0,1.0,50,17,2,4,48,0,1,1
296020,2205,0.0,0.0,0.0,14,4,3,6,13,0,1,0
296421,1679,0.0,3.0,0.0,5,3,2,3,3,0,2,0
296782,2343,0.0,5.0,0.0,3,2,1,1,2,0,1,0
296946,1102,0.0,5.0,0.0,4,4,4,1,0,0,4,0
297166,3152,0.0,5.0,1.0,5,1,1,2,3,1,1,0
297548,133,0.0,3.0,1.0,4,1,1,1,3,0,1,0
298135,4282,0.0,2.0,0.0,38,15,4,5,35,0,1,2
298657,3734,0.0,2.0,1.0,1,1,1,1,0,0,1,0
299011,3578,0.0,6.0,0.0,2,1,1,1,1,0,1,0
300281,2787,0.0,0.0,0.0,2,1,1,1,1,0,1,0
3004,4765,0.0,4.0,1.0,5,2,1,1,4,0,1,0
300755,4475,0.0,2.0,0.0,4,1,1,1,3,0,1,0
300778,1031,0.0,0.0,0.0,35,7,1,6,32,0,1,2
301129,685,0.0,4.0,0.0,18,5,2,2,14,0,1,3
301218,2766,0.0,0.0,0.0,6,1,1,2,4,0,1,1
301660,3080,0.0,3.0,0.0,3,1,1,1,2,0,1,0
302020,2298,0.0,6.0,0.0,4,1,1,1,3,0,1,0
302189,4850,0.0,5.0,0.0,3,2,2,1,2,0,1,0
302585,3402,0.0,5.0,2.0,9,4,1,1,8,0,1,0
30323,4658,0.0,3.0,1.0,2,1,1,1,1,0,1,0
303536,2669,0.0,5.0,0.0,2,1,1,1,1,0,1,0
303723,1594,0.0,0.0,0.0,2,1,1,1,1,0,1,0
303896,3075,0.0,4.0,1.0,7,4,1,2,5,0,1,1
304859,2879,0.0,0.0,0.0,17,6,2,2,16,0,1,0
304892,1719,0.0,4.0,0.0,3,1,1,2,2,0,1,0
304913,1008,1.0,3.0,1.0,10,1,1,1,9,0,1,0
304993,4527,0.0,0.0,1.0,4,2,1,1,3,0,1,0
305030,3288,0.0,5.0,0.0,10,5,1,3,9,0,1,0
305200,4322,0.0,3.0,1.0,3,1,1,1,2,0,1,0
305755,2857,0.0,3.0,0.0,5,2,2,2,3,0,2,0
306897,2562,0.0,2.0,0.0,2,1,1,2,1,0,1,0
306961,4335,0.0,2.0,0.0,6,2,1,1,5,0,1,0
307172,2721,0.0,4.0,2.0,6,3,1,1,5,0,1,0
307761,1760,0.0,4.0,1.0,8,5,2,1,1,0,7,0
308371,359,0.0,2.0,1.0,13,5,2,2,10,0,1,2
308664,3578,0.0,3.0,0.0,13,7,2,3,11,0,2,0
309150,4512,1.0,6.0,1.0,8,2,1,1,7,0,1,0
3095,3199,0.0,4.0,0.0,12,9,2,1,11,0,1,0
310442,2051,0.0,2.0,0.0,18,1,1,1,13,2,2,1
310870,2511,0.0,4.0,0.0,6,2,1,1,5,0,1,0
310955,2217,0.0,4.0,0.0,3,2,1,1,2,0,1,0
311464,322,0.0,3.0,1.0,5,1,1,1,4,0,1,0
311815,1514,0.0,null,null,1,1,1,1,0,0,1,0
312592,4525,0.0,2.0,0.0,28,11,1,2,27,0,1,0
31311,4173,0.0,3.0,0.0,43,19,7,6,39,0,1,3
313651,3619,0.0,4.0,1.0,5,1,1,2,4,0,1,0
314568,3828,0.0,3.0,1.0,18,7,5,2,16,0,1,1
31460,4660,0.0,4.0,0.0,7,2,1,2,4,0,1,2
315072,255,0.0,6.0,0.0,55,11,2,2,50,0,5,0
315512,1166,0.0,5.0,0.0,13,4,3,1,11,0,2,0
315550,1123,0.0,6.0,1.0,4,1,1,1,3,0,1,0
315640,4186,0.0,5.0,1.0,8,5,1,2,7,0,1,0
316131,2688,0.0,5.0,0.0,2,1,1,1,1,0,1,0
316298,3080,0.0,2.0,1.0,4,2,2,1,3,0,1,0
316395,1520,0.0,3.0,0.0,8,2,2,2,6,0,1,1
316756,47,0.0,6.0,0.0,1,1,1,1,0,0,1,0
317106,1557,0.0,6.0,0.0,10,4,3,2,3,0,4,3
317194,3152,0.0,4.0,1.0,3,2,1,1,2,0,1,0
317942,3944,0.0,5.0,0.0,2,1,1,1,1,0,1,0
317978,3826,0.0,4.0,1.0,5,2,1,1,4,0,1,0
31829,1679,0.0,6.0,1.0,13,7,3,2,12,0,1,0
318584,183,0.0,0.0,0.0,2,1,1,1,1,0,1,0
318689,4141,0.0,0.0,0.0,5,1,1,1,4,0,1,0
318907,606,0.0,3.0,1.0,13,7,3,2,12,0,1,0
319120,2217,0.0,0.0,0.0,3,1,1,1,2,0,1,0
319472,2482,0.0,3.0,0.0,6,3,2,2,5,0,1,0
319897,2565,0.0,3.0,0.0,4,1,1,2,3,0,1,0
32004,3529,0.0,5.0,0.0,4,1,1,1,3,0,1,0
320124,4280,0.0,3.0,0.0,2,1,1,2,0,0,1,1
320130,2047,0.0,0.0,0.0,11,8,4,2,10,0,1,0
320435,1318,0.0,0.0,0.0,1,1,1,1,0,0,1,0
320677,1800,0.0,5.0,1.0,19,5,3,3,16,0,3,0
321011,697,0.0,4.0,0.0,3,1,1,2,2,0,1,0
321206,114,0.0,4.0,0.0,22,9,3,3,19,0,3,0
322944,1892,0.0,7.0,0.0,19,10,6,2,10,0,9,0
323,2482,0.0,0.0,0.0,4,1,1,1,3,0,1,0
32313,4101,0.0,4.0,0.0,15,4,1,6,12,0,1,2
323284,2313,0.0,5.0,0.0,6,3,2,2,0,0,4,2
323291,2869,0.0,3.0,2.0,4,1,1,2,3,0,1,0
32346,2138,0.0,4.0,0.0,3,1,1,3,2,0,1,0
323531,2459,0.0,3.0,0.0,12,4,4,2,9,0,3,0
324125,1372,0.0,4.0,0.0,3,1,1,1,2,0,1,0
324397,1393,0.0,4.0,0.0,1,1,1,1,0,0,1,0
324465,4078,0.0,7.0,0.0,2,1,1,1,1,0,1,0
324531,2318,0.0,3.0,0.0,8,3,1,3,7,0,1,0
32528,3955,0.0,2.0,0.0,14,8,2,2,11,0,2,1
326309,2587,0.0,5.0,1.0,6,2,1,1,5,0,1,0
326361,322,0.0,3.0,0.0,8,5,2,1,7,0,1,0
326393,4976,0.0,0.0,0.0,6,2,2,1,4,0,2,0
326557,3472,0.0,3.0,2.0,4,1,1,1,3,0,1,0
326742,4992,1.0,4.0,0.0,19,3,1,1,14,0,5,0
327126,4090,0.0,3.0,0.0,7,1,1,1,6,0,1,0
328443,3609,0.0,2.0,0.0,9,7,1,1,8,0,1,0
328452,2178,0.0,4.0,0.0,1,1,1,1,0,0,1,0
328590,614,0.0,5.0,0.0,2,1,1,1,1,0,1,0
328763,474,0.0,3.0,1.0,2,2,2,1,0,0,2,0
329172,4305,0.0,3.0,0.0,12,5,4,1,11,0,1,0
329180,219,1.0,0.0,0.0,31,22,1,1,28,0,3,0
329755,2051,0.0,3.0,null,2,1,1,1,1,0,1,0
329803,1019,0.0,3.0,0.0,5,1,1,1,1,0,4,0
329811,323,0.0,4.0,1.0,3,2,1,1,2,0,1,0
329877,4170,0.0,3.0,0.0,14,6,2,1,9,0,5,0
330189,4585,0.0,3.0,1.0,16,9,2,3,15,0,1,0
330410,3828,1.0,5.0,0.0,19,15,6,3,10,3,6,0
330733,4282,0.0,3.0,1.0,3,1,1,2,2,0,1,0
331414,2592,0.0,3.0,0.0,2,2,2,1,0,0,2,0
331688,2173,0.0,3.0,0.0,4,2,1,1,3,0,1,0
331826,4992,0.0,4.0,0.0,4,1,1,1,3,0,1,0
332549,605,0.0,5.0,0.0,7,3,2,1,6,0,1,0
332957,1884,0.0,0.0,0.0,5,3,1,1,2,0,1,2
332978,1264,0.0,6.0,0.0,8,4,1,1,6,0,2,0
333033,4048,0.0,0.0,1.0,6,3,1,1,5,0,1,0
333477,4768,0.0,4.0,0.0,36,17,2,4,35,0,1,0
33358,4282,1.0,3.0,1.0,109,60,17,15,108,0,1,0
333581,3885,0.0,4.0,1.0,7,1,1,2,6,0,1,0
333626,2630,0.0,3.0,0.0,3,1,1,1,1,1,1,0
334344,3578,1.0,3.0,0.0,26,12,3,2,25,0,1,0
33485,3191,0.0,5.0,0.0,4,1,1,1,3,0,1,0
335203,4492,0.0,4.0,0.0,7,2,1,1,6,0,1,0
335520,141,0.0,0.0,1.0,3,1,1,2,2,0,1,0
336715,4847,1.0,4.0,0.0,62,20,6,4,41,0,5,16
336928,1494,0.0,7.0,0.0,3,1,1,1,2,0,1,0
337303,4730,0.0,0.0,null,2,1,1,1,1,0,1,0
337789,4864,0.0,5.0,1.0,4,2,2,1,2,0,2,0
337851,4847,0.0,3.0,0.0,116,42,8,17,103,0,2,11
337942,361,0.0,0.0,0.0,116,35,4,4,103,0,3,10
338181,1918,0.0,6.0,0.0,2,1,1,1,1,0,1,0
338221,1346,0.0,3.0,0.0,5,3,1,1,4,0,1,0
338954,2664,0.0,0.0,0.0,15,9,4,3,11,0,4,0
338985,1115,0.0,3.0,0.0,4,2,2,1,3,0,1,0
33911,4107,0.0,5.0,0.0,48,18,7,7,41,0,1,6
339332,586,0.0,3.0,0.0,34,21,5,3,29,0,4,1
33946,2668,0.0,2.0,0.0,2,1,1,1,1,0,1,0
339568,2511,1.0,6.0,1.0,29,5,5,2,21,4,4,0
339746,2772,0.0,0.0,0.0,18,6,5,2,17,0,1,0
340012,168,0.0,4.0,0.0,9,3,1,3,7,0,1,1
3402,1816,0.0,0.0,1.0,2,1,1,1,1,0,1,0
340371,1861,0.0,6.0,1.0,12,4,2,2,11,0,1,0
340672,3828,0.0,5.0,0.0,16,11,6,3,10,0,1,5
34107,4270,0.0,5.0,0.0,3,1,1,2,2,0,1,0
342325,3063,0.0,2.0,0.0,2,1,1,1,1,0,1,0
34239,361,0.0,5.0,0.0,19,10,5,2,15,0,3,1
342700,4860,0.0,2.0,1.0,3,2,1,1,2,0,1,0
342925,1944,0.0,0.0,0.0,3,1,1,1,2,0,1,0
343503,3205,0.0,3.0,0.0,1,1,1,1,0,0,1,0
34362,2273,0.0,4.0,0.0,9,5,1,3,7,0,1,1
343819,1340,0.0,5.0,1.0,17,5,2,1,16,0,1,0
344229,2273,0.0,7.0,2.0,5,2,1,2,4,0,1,0
34455,630,0.0,5.0,0.0,125,52,17,35,111,0,3,11
344588,4071,0.0,0.0,0.0,6,3,1,1,5,0,1,0
34480,740,0.0,2.0,0.0,4,1,1,1,2,0,1,1
345055,2002,0.0,3.0,1.0,7,3,3,2,6,0,1,0
345182,2138,0.0,3.0,0.0,2,1,1,1,1,0,1,0
345733,1500,0.0,6.0,0.0,3,1,1,2,2,0,1,0
346127,598,0.0,4.0,0.0,1,1,1,1,0,0,1,0
346780,1760,0.0,6.0,1.0,31,16,1,1,29,0,2,0
346915,2590,0.0,6.0,0.0,12,3,1,2,7,0,5,0
347512,1467,0.0,3.0,0.0,2,1,1,2,1,0,1,0
347590,1310,0.0,2.0,0.0,14,5,5,2,11,0,3,0
347885,4173,0.0,3.0,0.0,12,1,1,1,11,0,1,0
347921,4044,0.0,3.0,0.0,57,41,13,5,55,0,2,0
348457,4112,0.0,3.0,0.0,18,12,1,1,16,0,2,0
348487,1472,0.0,0.0,0.0,7,2,1,2,5,0,1,1
34932,2545,0.0,4.0,1.0,7,1,1,2,6,0,1,0
349515,827,0.0,4.0,0.0,4,3,2,1,1,0,3,0
349558,2828,0.0,0.0,0.0,36,16,5,8,34,0,1,1
350156,4474,0.0,0.0,1.0,9,4,1,1,8,0,1,0
350485,3545,0.0,4.0,0.0,4,1,1,1,3,0,1,0
350672,4648,0.0,2.0,1.0,31,15,6,1,28,0,3,0
350786,1719,0.0,3.0,null,1,1,1,1,0,0,1,0
351311,2273,0.0,5.0,0.0,9,2,1,3,7,0,1,1
351480,320,0.0,4.0,1.0,3,1,1,2,2,0,1,0
353365,337,0.0,0.0,0.0,2,1,1,1,1,0,1,0
353700,4079,0.0,6.0,1.0,2,1,1,1,1,0,1,0
353736,1102,0.0,4.0,0.0,2,1,1,1,1,0,1,0
354085,2928,0.0,6.0,1.0,60,15,5,3,59,0,1,0
354435,1495,0.0,6.0,0.0,2,1,1,1,1,0,1,0
354505,2066,0.0,0.0,0.0,8,3,1,2,7,0,1,0
35458,4525,0.0,3.0,0.0,1,1,1,1,0,0,1,0
355108,2271,0.0,2.0,0.0,8,2,1,1,7,0,1,0
355286,586,0.0,3.0,0.0,11,7,6,1,9,0,2,0
356223,1346,0.0,4.0,0.0,18,4,1,1,16,0,2,0
357044,4115,0.0,4.0,0.0,5,1,1,1,4,0,1,0
357393,3562,0.0,0.0,0.0,12,3,1,3,11,0,1,0
357599,879,0.0,0.0,1.0,5,1,1,1,3,0,1,1
357771,630,1.0,3.0,0.0,7,5,4,2,0,0,2,5
358050,3891,0.0,7.0,0.0,1,1,1,1,0,0,1,0
35879,1356,0.0,0.0,0.0,9,2,1,2,7,0,1,1
359003,2513,0.0,0.0,0.0,2,1,1,1,0,0,2,0
359033,4426,0.0,6.0,0.0,26,20,5,1,24,0,2,0
359072,4332,0.0,4.0,2.0,9,5,2,2,7,0,1,1
359591,946,0.0,4.0,0.0,10,5,1,1,9,0,1,0
359923,2766,0.0,0.0,0.0,5,1,1,1,4,0,1,0
360119,3536,0.0,0.0,1.0,4,1,1,1,3,0,1,0
360589,4760,0.0,4.0,0.0,9,1,1,2,4,0,5,0
361252,3136,0.0,null,null,2,1,1,1,1,0,1,0
362170,522,0.0,0.0,1.0,13,2,2,3,12,0,1,0
363079,1884,0.0,6.0,0.0,23,6,2,3,19,0,2,2
363092,361,0.0,3.0,1.0,2,1,1,1,1,0,1,0
364823,632,0.0,3.0,0.0,8,4,1,1,7,0,1,0
364882,643,0.0,3.0,0.0,1,1,1,1,0,0,1,0
364972,4950,0.0,0.0,0.0,5,2,2,2,4,0,1,0
365809,684,0.0,5.0,0.0,4,3,1,1,3,0,1,0
365868,4394,0.0,0.0,0.0,3,2,1,1,2,0,1,0
365949,2403,0.0,3.0,0.0,15,6,2,3,13,0,2,0
366066,1816,0.0,5.0,0.0,2,1,1,1,1,0,1,0
366235,4808,0.0,0.0,1.0,24,8,2,1,23,0,1,0
36641,649,0.0,0.0,0.0,6,4,1,1,5,0,1,0
366524,1200,0.0,3.0,1.0,7,1,1,1,6,0,1,0
366654,3822,0.0,0.0,0.0,30,5,2,2,27,0,1,2
366777,2138,0.0,3.0,0.0,7,2,1,2,4,0,1,2
367105,4882,0.0,6.0,0.0,5,1,1,3,4,0,1,0
367524,4705,0.0,3.0,0.0,1,1,1,1,0,0,1,0
367769,1964,0.0,3.0,0.0,2,2,2,2,1,0,1,0
368238,4879,0.0,6.0,0.0,15,4,1,3,12,0,1,2
368336,3853,0.0,0.0,0.0,6,4,3,1,5,0,1,0
36834,4504,0.0,4.0,0.0,4,1,1,1,3,0,1,0
368562,1890,0.0,3.0,0.0,7,3,1,1,6,0,1,0
368825,2318,0.0,4.0,1.0,3,1,1,1,2,0,1,0
369055,4282,0.0,0.0,0.0,14,8,5,2,13,0,1,0
370178,3152,0.0,4.0,1.0,21,7,2,7,17,1,1,2
370443,3152,0.0,3.0,1.0,14,3,1,6,11,0,1,2
370473,3822,0.0,0.0,0.0,3,1,1,1,2,0,1,0
370859,4605,0.0,0.0,0.0,2,1,1,2,1,0,1,0
371068,239,0.0,0.0,0.0,2,1,1,1,1,0,1,0
371135,3290,0.0,6.0,0.0,2,1,1,2,0,0,1,1
371416,2709,0.0,3.0,1.0,2,1,1,1,1,0,1,0
371489,3319,0.0,4.0,0.0,5,2,1,1,4,0,1,0
371706,3826,1.0,2.0,0.0,7,2,1,3,6,0,1,0
372562,1943,0.0,3.0,1.0,4,1,1,1,3,0,1,0
372655,3853,0.0,0.0,0.0,11,9,7,2,9,0,2,0
373105,3734,0.0,3.0,0.0,2,2,1,1,0,0,1,1
373884,643,0.0,3.0,0.0,4,2,2,1,3,0,1,0
374302,1102,0.0,7.0,0.0,25,14,4,5,24,0,1,0
374475,1683,0.0,4.0,0.0,4,2,2,1,3,0,1,0
375376,2277,0.0,4.0,1.0,3,1,1,1,2,0,1,0
375463,3828,0.0,6.0,0.0,20,12,6,2,19,0,1,0
375897,3936,0.0,3.0,0.0,3,2,1,1,2,0,1,0
375982,2273,0.0,4.0,0.0,9,3,1,2,8,0,1,0
376392,1890,0.0,3.0,0.0,9,3,2,2,8,0,1,0
376682,3460,0.0,0.0,0.0,1,1,1,1,0,0,1,0
377598,2173,0.0,6.0,0.0,62,22,1,2,60,0,2,0
377824,1557,0.0,5.0,2.0,24,13,5,3,18,0,3,3
377903,361,0.0,0.0,1.0,11,5,1,1,10,0,1,0
378121,2482,0.0,0.0,0.0,2,1,1,2,1,0,1,0
378202,2928,0.0,4.0,1.0,14,4,2,2,13,0,1,0
37821,3136,0.0,2.0,0.0,4,1,1,1,2,0,2,0
378407,542,0.0,4.0,1.0,1,1,1,1,0,0,1,0
378955,3345,0.0,0.0,0.0,3,1,1,2,2,0,1,0
379108,324,0.0,3.0,0.0,2,1,1,1,1,0,1,0
379375,3734,0.0,3.0,0.0,8,3,3,1,5,0,3,0
379831,2608,0.0,2.0,0.0,3,2,1,1,2,0,1,0
37991,3163,1.0,5.0,1.0,6,1,1,1,4,0,2,0
379938,1738,0.0,6.0,0.0,14,1,1,6,12,0,1,1
380266,3249,0.0,2.0,0.0,4,2,1,2,3,0,1,0
380871,361,0.0,0.0,0.0,5,2,2,1,4,0,1,0
380974,590,0.0,3.0,1.0,44,22,4,2,41,0,3,0
381059,1272,0.0,6.0,1.0,15,4,1,1,14,0,1,0
381643,4287,1.0,0.0,1.0,5,2,2,2,2,0,1,2
381734,3611,0.0,3.0,0.0,11,3,1,1,8,2,1,0
382649,2579,0.0,5.0,0.0,11,6,3,2,9,0,1,1
383117,3826,0.0,4.0,0.0,7,1,1,1,5,0,2,0
383566,4454,0.0,5.0,1.0,3,1,1,2,2,0,1,0
38372,747,0.0,6.0,0.0,8,2,1,3,7,0,1,0
383807,3392,0.0,5.0,0.0,5,1,1,1,4,0,1,0
38396,4091,0.0,6.0,1.0,5,1,1,1,3,1,1,0
384827,4465,1.0,3.0,0.0,32,20,2,1,29,0,3,0
385071,3347,0.0,5.0,1.0,2,1,1,1,0,0,1,1
385156,168,0.0,0.0,1.0,38,12,4,1,30,0,8,0
385200,366,0.0,2.0,1.0,17,5,2,2,16,0,1,0
385342,1272,0.0,6.0,0.0,24,7,2,7,23,0,1,0
385576,3734,0.0,0.0,1.0,1,1,1,1,0,0,1,0
385954,4789,0.0,4.0,1.0,29,7,1,3,28,0,1,0
386074,4993,0.0,2.0,0.0,8,3,1,2,6,0,2,0
386156,1393,0.0,5.0,0.0,12,9,7,2,11,0,1,0
386392,4377,0.0,3.0,0.0,20,5,1,1,17,0,2,1
386540,3349,0.0,6.0,0.0,3,1,1,1,2,0,1,0
387767,4873,0.0,3.0,0.0,8,2,1,1,7,0,1,0
38787,594,0.0,3.0,0.0,6,1,1,1,5,0,1,0
387990,2608,0.0,0.0,1.0,6,1,1,2,5,0,1,0
388123,4760,0.0,2.0,0.0,7,3,2,1,6,0,1,0
388390,685,0.0,4.0,0.0,5,1,1,3,4,0,1,0
389322,2537,0.0,3.0,0.0,5,1,1,3,3,0,1,1
389432,3173,0.0,5.0,1.0,2,1,1,1,1,0,1,0
389620,250,0.0,2.0,1.0,2,1,1,1,1,0,1,0
38986,3236,0.0,3.0,0.0,10,2,1,2,8,1,1,0
391557,1514,0.0,3.0,1.0,2,1,1,1,1,0,1,0
391662,2915,1.0,0.0,0.0,37,22,6,4,33,0,2,2
392187,94,0.0,0.0,0.0,40,17,8,8,36,0,1,3
392519,3635,0.0,3.0,1.0,19,8,3,1,18,0,1,0
392797,3288,0.0,0.0,0.0,3,1,1,2,0,0,2,1
392840,2082,0.0,4.0,1.0,3,1,1,1,2,0,1,0
393366,1861,1.0,3.0,1.0,2,2,2,2,1,0,1,0
393471,3288,0.0,4.0,0.0,2,1,1,2,0,0,1,1
393692,1485,0.0,5.0,1.0,17,10,2,1,14,0,3,0
39438,606,0.0,4.0,0.0,8,3,1,2,7,0,1,0
394380,1502,0.0,4.0,0.0,10,4,4,3,9,0,1,0
394648,1892,0.0,5.0,1.0,21,11,2,1,18,0,3,0
394793,4282,0.0,3.0,1.0,72,43,8,5,71,0,1,0
39543,3971,0.0,3.0,1.0,3,1,1,1,2,0,1,0
395455,3734,0.0,2.0,1.0,1,1,1,1,0,0,1,0
395642,3828,1.0,5.0,2.0,6,4,2,1,5,0,1,0
395893,2052,0.0,2.0,1.0,9,1,1,3,8,0,1,0
396205,3205,0.0,4.0,0.0,9,4,1,1,7,0,2,0
396396,4474,0.0,0.0,0.0,3,1,1,1,1,0,1,1
396538,2093,0.0,3.0,0.0,9,1,1,1,8,0,1,0
396596,4756,0.0,3.0,0.0,10,2,2,1,9,0,1,0
396775,729,0.0,4.0,0.0,5,1,1,3,3,0,1,1
397372,2032,0.0,4.0,0.0,7,2,1,1,6,0,1,0
397799,310,0.0,5.0,0.0,2,1,1,1,1,0,1,0
398697,2047,0.0,4.0,0.0,2,1,1,2,1,0,1,0
398731,3954,0.0,2.0,1.0,2,1,1,1,1,0,1,0
398755,4660,0.0,5.0,1.0,6,1,1,1,5,0,1,0
39884,3288,0.0,4.0,1.0,7,1,1,1,5,0,2,0
398958,4044,0.0,null,null,13,10,3,1,12,0,1,0
399070,1639,0.0,6.0,0.0,6,1,1,1,5,0,1,0
399140,4005,0.0,5.0,1.0,1,1,1,1,0,0,1,0
399231,3955,1.0,5.0,0.0,1,1,1,1,0,0,1,0
399234,1721,0.0,5.0,0.0,4,1,1,3,3,0,1,0
399411,1945,0.0,0.0,0.0,42,28,9,6,39,0,1,2
399849,2277,0.0,4.0,0.0,23,5,2,4,22,0,1,0
400047,1900,0.0,2.0,0.0,2,1,1,1,1,0,1,0
400133,2608,0.0,3.0,0.0,1,1,1,1,0,0,1,0
400734,1618,0.0,4.0,2.0,7,3,2,2,4,0,3,0
400742,547,0.0,5.0,1.0,2,1,1,1,1,0,1,0
400832,4594,0.0,2.0,1.0,11,5,2,3,9,0,1,1
401530,1145,0.0,0.0,1.0,4,1,1,1,2,0,1,1
401944,2109,0.0,4.0,1.0,1,1,1,1,0,0,1,0
402754,2664,0.0,6.0,0.0,17,8,3,2,14,0,3,0
403036,429,0.0,0.0,0.0,10,1,1,3,9,0,1,0
403168,2048,0.0,3.0,0.0,3,1,1,2,1,0,1,1
403543,1861,0.0,2.0,0.0,1,1,1,1,0,0,1,0
403968,1861,0.0,0.0,0.0,6,2,2,2,5,0,1,0
403993,2424,0.0,4.0,0.0,4,1,1,3,3,0,1,0
404081,1102,0.0,4.0,0.0,8,5,2,2,7,0,1,0
404102,1692,0.0,6.0,0.0,6,1,1,2,5,0,1,0
404235,3545,0.0,6.0,0.0,1,1,1,1,0,0,1,0
404636,574,0.0,4.0,0.0,6,2,1,1,5,0,1,0
404970,2099,0.0,3.0,0.0,2,1,1,1,1,0,1,0
405027,1738,0.0,0.0,0.0,7,3,2,2,6,0,1,0
405143,296,0.0,4.0,1.0,9,3,1,1,8,0,1,0
405176,4221,0.0,0.0,0.0,4,2,1,2,3,0,1,0
40546,3984,0.0,0.0,0.0,13,9,4,5,10,0,1,2
405743,3936,0.0,3.0,0.0,18,8,3,2,16,0,2,0
406001,1892,0.0,4.0,0.0,1,1,1,1,0,0,1,0
406322,2723,0.0,3.0,0.0,1,1,1,1,0,0,1,0
406869,3828,0.0,3.0,0.0,16,11,8,3,15,0,1,0
407107,4745,0.0,3.0,0.0,16,7,1,2,11,0,1,4
407201,4026,0.0,0.0,0.0,8,3,2,1,7,0,1,0
407493,254,0.0,4.0,0.0,1,1,1,1,0,0,1,0
407512,4173,0.0,3.0,0.0,9,3,2,3,6,0,2,1
408556,3444,0.0,0.0,1.0,5,1,1,3,3,0,1,1
408561,35,0.0,4.0,0.0,5,1,1,1,4,0,1,0
408564,1726,0.0,3.0,0.0,5,1,1,2,3,0,1,1
408647,4871,0.0,0.0,null,1,1,1,1,0,0,1,0
408750,4377,0.0,3.0,1.0,2,1,1,1,1,0,1,0
409006,3671,0.0,3.0,1.0,8,1,1,4,7,0,1,0
409254,1840,0.0,4.0,0.0,2,1,1,1,1,0,1,0
409284,773,0.0,4.0,2.0,7,6,5,5,6,0,1,0
40950,3734,0.0,3.0,1.0,4,2,2,1,3,0,1,0
409605,3971,0.0,3.0,1.0,11,7,2,2,10,0,1,0
409631,4894,0.0,3.0,1.0,8,1,1,3,6,0,1,1
409789,1526,0.0,2.0,0.0,2,1,1,1,1,0,1,0
41045,2099,0.0,0.0,0.0,3,1,1,1,2,0,1,0
410490,2051,0.0,null,null,3,1,1,2,2,0,1,0
41059,1890,0.0,4.0,0.0,12,2,1,1,11,0,1,0
41106,4659,0.0,0.0,0.0,16,10,8,3,13,0,3,0
411116,742,0.0,5.0,0.0,1,1,1,1,0,0,1,0
411434,4708,0.0,4.0,0.0,2,1,1,1,1,0,1,0
411720,2864,0.0,3.0,0.0,46,14,2,4,45,0,1,0
412430,467,0.0,3.0,0.0,3,2,1,1,1,0,2,0
41300,2318,0.0,4.0,1.0,5,3,2,3,4,0,1,0
413091,4647,0.0,2.0,0.0,29,8,1,3,28,0,1,0
41356,1698,0.0,6.0,1.0,7,1,1,1,5,0,2,0
41386,2469,0.0,2.0,1.0,9,2,1,1,7,0,1,1
414248,1742,0.0,4.0,0.0,3,1,1,2,2,0,1,0
414467,412,0.0,0.0,0.0,3,1,1,1,2,0,1,0
414720,4191,0.0,0.0,0.0,14,3,1,6,13,0,1,0
415454,4043,0.0,0.0,0.0,8,2,2,3,7,0,1,0
415596,1393,1.0,4.0,0.0,8,7,2,1,0,0,1,7
415809,3862,0.0,2.0,0.0,3,1,1,2,2,0,1,0
41597,3878,0.0,6.0,0.0,4,1,1,2,3,0,1,0
416935,4056,0.0,5.0,1.0,12,3,2,1,11,0,1,0
417362,66,0.0,5.0,0.0,1,1,1,1,0,0,1,0
417885,4732,0.0,3.0,0.0,9,4,3,2,7,0,1,1
41832,4933,0.0,3.0,1.0,4,1,1,1,3,0,1,0
418687,1592,0.0,2.0,0.0,2,1,1,2,1,0,1,0
418880,1310,0.0,6.0,0.0,6,1,1,3,4,0,1,1
419279,508,0.0,0.0,0.0,3,2,1,1,1,0,2,0
419330,700,0.0,5.0,0.0,4,1,1,1,2,0,2,0
419634,3080,0.0,2.0,1.0,5,1,1,1,4,0,1,0
419850,4733,0.0,4.0,0.0,5,3,3,1,3,0,2,0
419887,467,0.0,3.0,0.0,25,6,3,3,20,0,2,3
42012,474,0.0,4.0,1.0,8,3,3,1,4,0,4,0
420129,219,0.0,0.0,0.0,17,6,1,3,14,0,1,2
420577,2791,0.0,3.0,1.0,8,3,1,3,7,0,1,0
420622,1425,1.0,4.0,0.0,3,1,1,1,2,0,1,0
420663,730,0.0,4.0,0.0,11,8,3,1,10,0,1,0
420716,10,0.0,5.0,1.0,13,6,3,1,12,0,1,0
421019,2403,0.0,3.0,0.0,58,30,4,3,53,0,3,2
421359,3460,0.0,2.0,0.0,1,1,1,1,0,0,1,0
42161,35,0.0,2.0,1.0,1,1,1,1,0,0,1,0
421809,3828,0.0,4.0,2.0,134,66,13,13,123,0,4,7
421854,1056,0.0,0.0,0.0,2,1,1,1,1,0,1,0
421962,262,0.0,3.0,0.0,8,1,1,1,6,0,2,0
422186,3460,0.0,2.0,0.0,26,2,1,1,25,0,1,0
422322,4394,0.0,3.0,0.0,16,11,2,1,14,0,1,1
422677,3073,0.0,3.0,1.0,2,1,1,1,1,0,1,0
422835,4170,0.0,0.0,0.0,16,7,1,1,13,0,2,1
422863,3955,0.0,0.0,0.0,15,7,2,3,7,0,1,7
423047,4648,0.0,2.0,0.0,13,7,2,1,12,0,1,0
423148,4287,0.0,3.0,0.0,10,4,3,2,5,0,2,3
423395,2138,0.0,0.0,0.0,2,1,1,1,1,0,1,0
423473,2138,0.0,2.0,0.0,9,1,1,3,8,0,1,0
423877,22,0.0,0.0,0.0,16,1,1,2,13,0,1,2
42729,1861,0.0,0.0,0.0,5,2,1,1,4,0,1,0
42928,1074,0.0,4.0,0.0,13,8,1,2,11,0,1,1
44228,1275,0.0,3.0,1.0,3,1,1,1,2,0,1,0
4474,503,0.0,6.0,0.0,13,8,2,1,9,0,4,0
44885,3966,0.0,2.0,1.0,3,1,1,1,2,0,1,0
45474,10,0.0,0.0,0.0,23,13,3,3,22,0,1,0
45702,3683,0.0,3.0,1.0,1,1,1,1,0,0,1,0
45959,4558,0.0,0.0,0.0,5,2,1,1,3,0,2,0
46749,503,0.0,0.0,0.0,9,5,1,1,8,0,1,0
46926,3580,0.0,4.0,1.0,101,59,13,6,99,0,2,0
47173,1352,0.0,3.0,1.0,11,2,1,4,10,0,1,0
47497,1435,0.0,0.0,1.0,18,12,1,1,17,0,1,0
47603,3350,0.0,0.0,1.0,8,3,1,1,7,0,1,0
48030,1457,0.0,3.0,0.0,12,2,1,3,11,0,1,0
4817,3826,0.0,3.0,1.0,5,1,1,3,3,0,1,1
48311,4976,1.0,3.0,0.0,21,16,3,2,20,0,1,0
48406,2253,0.0,5.0,0.0,14,3,2,3,13,0,1,0
48814,2579,0.0,0.0,1.0,5,2,1,1,4,0,1,0
48878,3319,0.0,3.0,0.0,4,1,1,2,3,0,1,0
49408,1618,0.0,6.0,1.0,12,6,2,4,11,0,1,0
49485,4368,0.0,0.0,0.0,3,2,1,1,2,0,1,0
50049,4170,0.0,0.0,0.0,10,1,1,3,7,0,1,2
50514,98,0.0,6.0,0.0,1,1,1,1,0,0,1,0
50567,4374,0.0,4.0,0.0,2,1,1,1,1,0,1,0
50605,2821,0.0,0.0,0.0,2,1,1,1,1,0,1,0
51028,3819,0.0,6.0,0.0,9,4,3,1,8,0,1,0
51106,4265,0.0,3.0,0.0,8,3,3,3,6,0,1,1
52013,2669,0.0,4.0,0.0,7,2,2,2,6,0,1,0
52077,510,0.0,4.0,1.0,8,4,1,1,7,0,1,0
53546,1359,1.0,3.0,1.0,25,10,2,1,22,0,3,0
53559,4287,0.0,4.0,0.0,10,4,2,3,7,0,3,0
53818,2981,0.0,2.0,0.0,5,1,1,1,4,0,1,0
53863,1679,0.0,3.0,0.0,33,22,5,3,32,0,1,0
54246,4647,0.0,0.0,0.0,1,1,1,1,0,0,1,0
54587,1861,0.0,4.0,0.0,3,1,1,1,2,0,1,0
54616,575,0.0,0.0,1.0,4,1,1,1,3,0,1,0
54641,1200,0.0,0.0,0.0,3,1,1,1,2,0,1,0
54659,598,1.0,3.0,1.0,109,35,5,12,106,0,1,2
55061,4282,0.0,2.0,1.0,10,8,6,3,7,0,1,2
55409,2031,0.0,3.0,0.0,6,3,2,2,5,0,1,0
5578,2403,0.0,3.0,1.0,92,73,3,3,89,0,3,0
56283,2714,0.0,0.0,0.0,7,2,1,2,6,0,1,0
56436,3163,1.0,0.0,1.0,10,3,2,2,6,0,4,0
56731,3828,0.0,6.0,0.0,28,20,11,8,10,0,1,17
56771,1134,0.0,2.0,0.0,17,8,4,2,15,0,1,1
57212,3463,0.0,6.0,null,2,1,1,1,1,0,1,0
57466,121,0.0,4.0,null,1,1,1,1,0,0,1,0
57780,2273,0.0,3.0,1.0,13,2,1,2,10,0,2,1
58198,738,0.0,2.0,0.0,2,1,1,1,1,0,1,0
5852,2422,0.0,4.0,0.0,3,1,1,1,2,0,1,0
58662,4650,0.0,2.0,1.0,1,1,1,1,0,0,1,0
5919,2537,0.0,4.0,0.0,5,3,2,1,4,0,1,0
59795,102,0.0,4.0,2.0,6,2,1,1,5,0,1,0
598,3635,0.0,4.0,1.0,3,2,1,1,2,0,1,0
60865,586,0.0,5.0,0.0,32,28,7,2,30,0,2,0
61369,4847,0.0,0.0,0.0,8,1,1,2,7,0,1,0
61546,1166,0.0,2.0,0.0,7,1,1,2,6,0,1,0
61680,3624,0.0,4.0,1.0,34,13,1,3,33,0,1,0
61810,4976,0.0,0.0,1.0,3,2,2,2,2,0,1,0
61933,2424,0.0,0.0,0.0,2,1,1,2,0,0,1,1
62308,3163,0.0,3.0,1.0,7,1,1,1,5,0,2,0
62399,4876,0.0,0.0,0.0,2,1,1,2,1,0,1,0
62620,3402,0.0,3.0,1.0,20,6,1,2,19,0,1,0
63006,3898,0.0,4.0,0.0,2,1,1,2,0,0,1,1
63114,2326,0.0,4.0,0.0,3,1,1,2,2,0,1,0
63590,2913,0.0,4.0,0.0,26,12,5,3,22,0,4,0
64293,4976,0.0,3.0,0.0,10,7,3,2,8,0,1,1
644,1495,0.0,0.0,0.0,19,10,1,2,18,0,1,0
64472,4690,0.0,6.0,0.0,3,2,1,1,2,0,1,0
64531,275,1.0,0.0,0.0,17,6,4,2,15,0,2,0
64562,3822,0.0,4.0,0.0,3,1,1,1,2,0,1,0
64941,3484,0.0,4.0,0.0,1,1,1,1,0,0,1,0
6513,2954,0.0,2.0,1.0,1,1,1,1,0,0,1,0
65750,742,0.0,3.0,2.0,3,1,1,1,2,0,1,0
66120,4044,0.0,4.0,0.0,7,4,4,2,4,0,3,0
66244,1411,0.0,0.0,1.0,6,1,1,1,4,0,2,0
66421,2031,0.0,3.0,1.0,2,1,1,1,1,0,1,0
66742,2108,0.0,0.0,0.0,8,2,2,1,7,0,1,0
66897,2173,0.0,5.0,1.0,24,13,1,1,18,0,6,0
66901,2537,0.0,2.0,0.0,8,1,1,1,7,0,1,0
68034,4992,0.0,0.0,0.0,16,3,1,2,13,0,3,0
68846,877,0.0,5.0,1.0,6,3,2,1,5,0,1,0
69712,190,0.0,0.0,1.0,18,3,1,8,17,0,1,0
69737,2339,0.0,3.0,1.0,6,5,5,1,1,0,5,0
69858,2047,0.0,0.0,0.0,11,2,1,2,10,0,1,0
70094,1502,0.0,3.0,0.0,7,3,2,4,6,0,1,0
70172,4950,1.0,5.0,1.0,1,1,1,1,0,0,1,0
70239,3981,0.0,0.0,0.0,9,5,1,2,8,0,1,0
70422,4475,0.0,0.0,1.0,10,2,1,3,9,0,1,0
70438,652,0.0,6.0,0.0,15,7,3,1,12,0,3,0
70556,4540,0.0,5.0,0.0,2,1,1,1,1,0,1,0
70740,4724,0.0,3.0,1.0,1,1,1,1,0,0,1,0
71023,1704,0.0,0.0,0.0,5,2,1,1,4,0,1,0
71170,168,1.0,4.0,1.0,5,3,1,2,4,0,1,0
71308,2482,0.0,3.0,0.0,5,1,1,1,4,0,1,0
71701,951,0.0,3.0,0.0,2,1,1,1,1,0,1,0
72226,598,0.0,2.0,1.0,16,4,1,3,14,0,1,1
72250,2318,0.0,4.0,0.0,2,1,1,1,1,0,1,0
72526,1900,0.0,0.0,null,4,1,1,2,3,0,1,0
73625,804,0.0,4.0,1.0,7,5,4,1,5,0,2,0
7403,643,0.0,6.0,0.0,9,4,3,2,7,0,2,0
74275,3828,0.0,0.0,0.0,14,6,2,5,12,0,1,1
74535,798,0.0,6.0,0.0,2,1,1,1,1,0,1,0
74877,503,0.0,0.0,0.0,23,4,2,4,21,0,2,0
75210,190,0.0,3.0,2.0,3,1,1,1,2,0,1,0
7545,4818,0.0,3.0,1.0,8,2,1,1,7,0,1,0
75986,3419,0.0,4.0,0.0,16,4,1,6,13,0,2,1
76024,4044,0.0,0.0,0.0,1,1,1,1,0,0,1,0
7622,4234,0.0,3.0,1.0,3,1,1,1,2,0,1,0
76387,2350,0.0,0.0,1.0,3,1,1,1,1,0,2,0
77152,4659,0.0,5.0,0.0,22,10,3,2,19,0,3,0
77563,2994,0.0,2.0,0.0,11,1,1,1,9,0,1,1
77598,1330,0.0,3.0,0.0,1,1,1,1,0,0,1,0
78096,4079,0.0,5.0,1.0,11,4,2,1,9,0,2,0
78126,1749,1.0,2.0,0.0,9,3,2,2,5,0,3,1
78440,4468,0.0,0.0,0.0,6,1,1,2,4,0,1,1
78568,4234,0.0,6.0,0.0,9,6,3,4,8,0,1,0
78771,3806,0.0,4.0,1.0,5,2,1,1,2,0,3,0
78831,1659,0.0,5.0,0.0,3,1,1,1,2,0,1,0
79102,24,0.0,3.0,1.0,1,1,1,1,0,0,1,0
79159,586,0.0,4.0,0.0,73,38,9,3,65,0,3,5
79261,4044,0.0,0.0,0.0,16,8,4,1,15,0,1,0
79438,3191,0.0,0.0,0.0,2,1,1,1,1,0,1,0
81343,3734,0.0,3.0,1.0,15,8,4,1,11,0,4,0
81979,547,0.0,4.0,1.0,25,10,2,4,22,0,1,2
82191,310,0.0,4.0,1.0,6,2,2,1,5,0,1,0
82247,1031,1.0,3.0,2.0,13,3,1,3,12,0,1,0
82536,4280,0.0,3.0,0.0,3,2,1,1,1,0,2,0
82695,2173,0.0,5.0,0.0,9,4,1,2,8,0,1,0
82833,4744,0.0,0.0,null,2,1,1,1,1,0,1,0
83033,1557,0.0,4.0,1.0,92,23,7,7,91,0,1,0
83040,1851,0.0,2.0,1.0,3,1,1,2,2,0,1,0
83048,219,0.0,4.0,1.0,5,1,1,1,3,0,2,0
83236,4480,1.0,3.0,0.0,25,7,1,5,23,0,2,0
83483,2642,0.0,2.0,1.0,5,1,1,1,4,0,1,0
84320,2403,0.0,3.0,0.0,2,2,1,1,0,0,2,0
84658,4818,0.0,3.0,1.0,3,2,1,3,0,0,1,2
84914,3098,0.0,0.0,0.0,16,4,1,3,15,0,1,0
85281,951,0.0,3.0,0.0,4,2,1,1,3,0,1,0
85401,2447,0.0,4.0,1.0,15,2,1,2,14,0,1,0
86021,322,0.0,3.0,0.0,6,3,3,1,5,0,1,0
86352,508,0.0,0.0,0.0,2,1,1,1,1,0,1,0
86873,2413,0.0,4.0,2.0,40,15,6,5,37,0,3,0
86898,1390,0.0,2.0,1.0,7,3,3,1,5,0,2,0
87034,2161,0.0,7.0,1.0,11,2,2,1,10,0,1,0
87217,1102,1.0,4.0,1.0,75,37,9,3,68,0,7,0
87250,1487,0.0,0.0,1.0,16,4,1,2,13,0,1,2
88296,1577,0.0,3.0,0.0,6,1,1,2,4,0,1,1
88510,1557,0.0,2.0,1.0,14,1,1,3,12,0,1,1
88610,3538,0.0,4.0,0.0,11,4,2,1,5,0,6,0
88627,682,0.0,0.0,0.0,2,1,1,1,1,0,1,0
88969,3152,0.0,3.0,0.0,10,6,2,2,9,0,1,0
89533,4171,0.0,7.0,0.0,11,5,2,1,6,0,5,0
89956,2318,0.0,3.0,1.0,5,1,1,3,4,0,1,0
90740,1708,0.0,3.0,1.0,1,1,1,1,0,0,1,0
9133,1514,0.0,4.0,1.0,3,3,1,2,2,0,1,0
91342,715,0.0,2.0,0.0,7,4,2,1,6,0,1,0
91488,4976,0.0,5.0,0.0,17,10,4,2,14,1,2,0
91918,2648,0.0,0.0,0.0,15,3,2,2,13,0,1,1
91942,547,0.0,5.0,1.0,9,1,1,3,8,0,1,0
92019,1393,0.0,3.0,0.0,21,13,5,1,18,0,3,0
92270,3682,0.0,5.0,1.0,46,6,1,2,39,0,1,6
92448,1322,0.0,0.0,0.0,4,1,1,1,3,0,1,0
93458,2242,0.0,3.0,1.0,1,1,1,1,0,0,1,0
93599,2128,0.0,6.0,0.0,52,20,14,1,46,0,6,0
9396,4406,0.0,0.0,0.0,3,1,1,2,2,0,1,0
94267,1102,1.0,3.0,0.0,26,19,3,3,24,0,1,1
95237,2545,0.0,0.0,1.0,1,1,1,1,0,0,1,0
95285,4044,0.0,4.0,0.0,9,7,1,2,8,0,1,0
95312,2031,0.0,0.0,1.0,4,1,1,1,3,0,1,0
95472,4659,0.0,5.0,0.0,3,1,1,1,2,0,1,0
96302,3734,0.0,0.0,1.0,2,1,1,1,1,0,1,0
96826,2318,0.0,0.0,0.0,15,7,4,1,13,0,2,0
97260,3402,0.0,0.0,0.0,6,2,1,2,5,0,1,0
97373,1559,0.0,6.0,0.0,23,17,7,2,22,0,1,0
9775,2737,0.0,0.0,0.0,3,1,1,1,2,0,1,0
98364,3828,0.0,2.0,0.0,15,3,1,1,13,0,2,0
98632,2793,0.0,0.0,0.0,6,2,2,2,4,1,1,0
98640,1557,0.0,2.0,0.0,2,1,1,2,1,0,1,0
98751,2824,0.0,4.0,0.0,1,1,1,1,0,0,1,0
9912,4847,0.0,3.0,0.0,162,71,15,18,159,0,3,0
99401,2664,0.0,4.0,1.0,9,2,1,3,7,0,2,0
99548,2435,1.0,3.0,0.0,12,5,1,3,4,0,3,5
99603,3689,0.0,2.0,0.0,8,7,2,1,7,0,1,0
99797,4864,0.0,4.0,0.0,10,6,3,1,8,0,2,0
