100393,3826,0.0,2.0,1.0,17,1,1,6,14,0,1,2
101083,3955,0.0,5.0,1.0,2,1,1,2,1,0,1,0
101201,4891,0.0,4.0,0.0,13,3,4,3,10,2,1,0
101344,1123,0.0,3.0,0.0,7,4,3,4,5,0,1,1
101446,3318,0.0,2.0,1.0,5,1,1,1,4,0,1,0
101994,2545,0.0,0.0,0.0,8,6,3,1,7,0,1,0
102728,4976,0.0,4.0,0.0,16,10,3,3,14,0,1,1
103057,1679,0.0,0.0,0.0,19,7,3,1,15,0,4,0
103105,1411,0.0,2.0,0.0,4,1,1,1,2,0,1,1
103759,2193,0.0,4.0,1.0,2,1,1,1,1,0,1,0
104127,2397,1.0,3.0,0.0,5,1,1,2,4,0,1,0
104245,2140,0.0,6.0,0.0,3,2,1,1,2,0,1,0
104896,4687,0.0,3.0,0.0,6,4,1,1,5,0,1,0
104933,2138,0.0,2.0,0.0,1,1,1,1,0,0,1,0
105326,323,0.0,5.0,0.0,4,1,1,1,3,0,1,0
105521,806,0.0,4.0,0.0,18,5,3,3,17,0,1,0
105969,2537,0.0,0.0,0.0,12,3,1,1,11,0,1,0
106039,4677,0.0,6.0,1.0,6,3,1,3,4,0,1,1
106605,3693,0.0,5.0,0.0,3,1,1,1,2,0,1,0
106647,2721,0.0,6.0,1.0,21,12,1,6,20,0,1,0
106883,4048,0.0,4.0,0.0,8,3,1,1,7,0,1,0
107062,2511,0.0,3.0,0.0,5,1,1,1,4,0,1,0
107714,4044,0.0,0.0,0.0,49,33,9,5,47,0,1,1
107801,1487,0.0,0.0,1.0,6,4,1,3,4,0,1,1
108688,4499,0.0,0.0,0.0,4,1,1,1,3,0,1,0
108826,535,0.0,3.0,0.0,14,6,2,3,8,0,1,5
108858,2537,0.0,0.0,0.0,17,3,2,1,16,0,1,0
109097,4281,0.0,3.0,0.0,6,1,1,1,5,0,1,0
109377,1963,0.0,4.0,1.0,1,1,1,1,0,0,1,0
109421,2639,0.0,0.0,0.0,9,6,4,5,7,0,1,1
109665,2138,0.0,2.0,2.0,2,1,1,1,1,0,1,0
110110,1884,0.0,4.0,1.0,3,1,1,1,2,0,1,0
110486,3640,0.0,0.0,0.0,8,5,2,1,7,0,1,0
110591,2066,0.0,4.0,0.0,7,3,1,1,6,0,1,0
110855,3828,1.0,4.0,0.0,54,35,7,1,51,0,3,0
111407,3856,0.0,0.0,0.0,1,1,1,1,0,0,1,0
111475,1348,0.0,4.0,1.0,3,1,1,1,2,0,1,0
11192,310,0.0,0.0,0.0,1,1,1,1,0,0,1,0
112804,3536,0.0,4.0,0.0,20,8,2,4,18,0,1,1
112944,1056,1.0,4.0,0.0,23,10,5,3,20,0,3,0
113152,682,0.0,0.0,2.0,6,5,2,1,5,0,1,0
113160,2273,0.0,4.0,0.0,11,2,2,4,8,0,1,2
114199,4351,0.0,4.0,0.0,7,2,2,2,6,0,1,0
114531,2229,0.0,6.0,0.0,7,3,3,2,5,0,1,1
11522,2318,0.0,5.0,1.0,1,1,1,1,0,0,1,0
11621,1132,0.0,3.0,0.0,13,4,1,1,11,0,1,1
116283,4263,0.0,7.0,1.0,23,9,1,2,20,0,1,2
116306,4813,0.0,3.0,0.0,10,1,1,1,9,0,1,0
116662,2454,0.0,0.0,1.0,14,3,1,1,13,0,1,0
116936,2031,0.0,3.0,1.0,12,6,1,1,11,0,1,0
117044,1000,0.0,3.0,0.0,2,1,1,1,1,0,1,0
117375,414,0.0,5.0,0.0,11,3,2,3,10,0,1,0
117400,1203,0.0,4.0,1.0,4,1,1,1,3,0,1,0
117430,2124,0.0,6.0,1.0,16,9,1,1,14,0,2,0
117441,3472,0.0,0.0,0.0,2,1,1,1,1,0,1,0
117874,3402,0.0,4.0,0.0,3,1,1,1,2,0,1,0
118369,1618,0.0,3.0,1.0,4,1,1,1,3,0,1,0
11905,1831,0.0,4.0,0.0,5,1,1,1,4,0,1,0
119515,946,0.0,4.0,1.0,6,2,1,2,5,0,1,0
120545,4950,1.0,5.0,0.0,8,2,1,1,6,0,2,0
12103,1454,0.0,5.0,1.0,14,5,4,1,8,0,6,0
122016,1892,0.0,5.0,1.0,2,1,1,1,1,0,1,0
122086,3984,0.0,0.0,0.0,26,6,5,4,22,0,2,2
122383,1435,0.0,2.0,1.0,3,1,1,2,1,0,1,1
122394,2696,0.0,4.0,0.0,4,1,1,1,3,0,1,0
123136,4504,0.0,5.0,0.0,9,2,1,1,8,0,1,0
123160,1888,0.0,0.0,0.0,4,1,1,1,3,0,1,0
12497,4976,0.0,3.0,1.0,2,1,1,1,1,0,1,0
125016,1892,0.0,3.0,1.0,4,1,1,1,3,0,1,0
125096,4280,0.0,3.0,0.0,3,1,1,1,2,0,1,0
125100,4090,1.0,3.0,0.0,25,10,1,1,23,0,2,0
125728,3766,0.0,4.0,0.0,4,1,1,1,3,0,1,0
125904,2836,0.0,0.0,0.0,2,1,1,1,1,0,1,0
125915,4079,0.0,0.0,0.0,1,1,1,1,0,0,1,0
126278,4090,0.0,4.0,0.0,16,7,1,3,15,0,1,0
126544,4731,0.0,4.0,1.0,1,1,1,1,0,0,1,0
126620,133,0.0,5.0,1.0,9,3,1,2,8,0,1,0
127122,4282,0.0,null,null,7,6,3,2,0,0,1,6
127192,1760,1.0,3.0,0.0,7,7,2,1,0,0,6,1
127441,3941,0.0,0.0,1.0,20,4,1,2,19,0,1,0
127466,2450,0.0,6.0,0.0,6,2,1,1,5,0,1,0
12777,2036,0.0,3.0,0.0,2,1,1,2,1,0,1,0
12783,798,0.0,3.0,0.0,1,1,1,1,0,0,1,0
12784,2856,0.0,0.0,0.0,22,6,1,3,17,0,5,0
128134,798,0.0,2.0,2.0,5,3,2,1,3,0,2,0
129117,4527,0.0,3.0,0.0,2,1,1,2,1,0,1,0
129613,3965,0.0,2.0,1.0,1,1,1,1,0,0,1,0
129955,132,0.0,0.0,0.0,22,5,1,4,21,0,1,0
130278,1352,0.0,2.0,1.0,12,5,4,2,10,0,2,0
13045,798,0.0,0.0,0.0,1,1,1,1,0,0,1,0
130594,1957,0.0,3.0,1.0,2,1,1,1,1,0,1,0
13093,1861,0.0,2.0,0.0,1,1,1,1,0,0,1,0
13132,4282,0.0,2.0,1.0,12,2,2,3,10,0,1,1
131658,1483,0.0,0.0,1.0,3,2,1,1,2,0,1,0
132245,4143,0.0,5.0,0.0,22,10,5,3,21,0,1,0
132267,2273,0.0,2.0,1.0,14,4,2,2,12,0,1,1
132296,3898,0.0,5.0,0.0,2,1,1,1,1,0,1,0
132603,606,0.0,3.0,0.0,25,12,9,2,21,0,3,1
132654,742,0.0,3.0,0.0,28,9,4,2,24,0,2,2
132690,2273,0.0,0.0,0.0,20,3,1,2,18,0,2,0
133744,4039,0.0,0.0,0.0,8,3,1,2,5,0,1,2
133920,1833,0.0,5.0,1.0,4,4,2,1,0,0,4,0
134041,4864,0.0,4.0,0.0,4,1,1,1,2,0,2,0
134971,4745,0.0,3.0,0.0,5,1,1,4,3,0,1,1
135078,1760,0.0,3.0,0.0,64,18,6,2,62,0,2,0
136357,3323,1.0,3.0,1.0,1,1,1,1,0,0,1,0
136788,1487,0.0,0.0,0.0,24,5,1,3,20,0,2,2
13695,3650,0.0,0.0,0.0,5,1,1,2,4,0,1,0
137311,1559,0.0,3.0,0.0,3,1,1,1,2,0,1,0
138028,1467,0.0,6.0,1.0,3,1,1,1,2,0,1,0
138578,3457,0.0,2.0,0.0,17,2,1,2,16,0,1,0
138615,2860,0.0,2.0,0.0,2,1,1,1,1,0,1,0
138935,2020,0.0,0.0,0.0,3,2,1,1,2,0,1,0
139078,4705,0.0,2.0,0.0,3,1,1,1,2,0,1,0
13916,4044,0.0,3.0,0.0,78,49,11,13,76,0,1,1
139184,3734,1.0,0.0,0.0,56,25,7,3,51,0,1,4
139464,4542,0.0,0.0,0.0,10,2,1,2,7,0,1,2
139644,1393,1.0,2.0,0.0,16,8,3,2,14,0,2,0
139705,3955,0.0,3.0,0.0,11,1,1,1,10,0,1,0
13987,1346,0.0,3.0,0.0,18,8,1,2,17,0,1,0
140024,4044,0.0,4.0,0.0,5,2,2,2,4,0,1,0
140380,630,0.0,3.0,1.0,15,7,6,7,10,0,1,4
14088,2596,0.0,4.0,0.0,5,2,2,2,3,0,1,1
141245,3116,0.0,2.0,0.0,14,1,1,2,13,0,1,0
141419,4048,0.0,6.0,1.0,4,1,1,1,3,0,1,0
141503,4864,0.0,4.0,0.0,6,2,1,1,4,0,1,1
141589,4480,0.0,3.0,0.0,5,1,1,1,4,0,1,0
142117,2926,0.0,3.0,0.0,6,2,1,3,5,0,1,0
14253,3578,0.0,3.0,0.0,31,4,1,4,28,0,2,1
142763,649,1.0,4.0,1.0,4,1,1,1,3,0,1,0
14349,3502,1.0,3.0,0.0,7,5,2,1,6,0,1,0
143595,2579,0.0,6.0,1.0,1,1,1,1,0,0,1,0
143801,3839,0.0,0.0,0.0,11,4,1,2,10,0,1,0
143921,1760,0.0,6.0,1.0,4,2,1,1,2,0,2,0
144195,4992,1.0,0.0,1.0,13,1,1,2,12,0,1,0
144325,3402,0.0,0.0,0.0,6,1,1,1,5,0,1,0
144524,2138,1.0,2.0,1.0,13,1,1,1,12,0,1,0
144726,1000,0.0,0.0,1.0,8,2,1,2,6,0,1,1
145489,1448,1.0,null,null,10,5,2,1,9,0,1,0
145722,4357,0.0,3.0,0.0,14,3,1,2,11,0,2,1
145734,4385,0.0,6.0,0.0,5,1,1,2,4,0,1,0
14623,3734,0.0,2.0,0.0,5,1,1,1,4,0,1,0
146266,2901,0.0,0.0,1.0,1,1,1,1,0,0,1,0
146615,2883,0.0,6.0,0.0,64,28,7,9,61,0,1,2
147160,1203,0.0,4.0,0.0,14,6,3,1,12,0,1,1
148359,4394,0.0,2.0,0.0,6,2,1,1,4,0,2,0
148638,4589,0.0,4.0,0.0,11,4,1,2,8,0,1,2
150029,3828,0.0,0.0,1.0,25,16,5,9,24,0,1,0
150123,474,0.0,3.0,1.0,1,1,1,1,0,0,1,0
150135,1810,0.0,0.0,1.0,14,8,4,2,12,0,1,1
150350,3828,0.0,6.0,0.0,5,3,2,2,4,0,1,0
150580,3396,0.0,5.0,1.0,1,1,1,1,0,0,1,0
150867,2217,0.0,2.0,0.0,2,1,1,1,0,0,1,1
15104,4876,0.0,3.0,1.0,4,1,1,1,3,0,1,0
151440,1102,0.0,4.0,0.0,22,9,5,5,18,0,1,3
15145,586,0.0,4.0,0.0,5,3,2,2,4,0,1,0
15171,1134,0.0,6.0,0.0,23,11,5,1,20,0,3,0
152715,3355,0.0,4.0,0.0,5,2,2,1,4,0,1,0
152796,2051,0.0,2.0,0.0,1,1,1,1,0,0,1,0
153014,1393,0.0,3.0,0.0,93,58,17,6,79,0,2,12
15438,4173,0.0,3.0,1.0,6,1,1,1,5,0,1,0
15442,4110,0.0,4.0,1.0,8,2,2,1,7,0,1,0
154485,145,0.0,0.0,0.0,3,2,1,1,2,0,1,0
154849,4170,1.0,4.0,2.0,9,5,2,2,7,0,2,0
15487,742,0.0,0.0,0.0,6,2,1,1,5,0,1,0
155210,170,0.0,2.0,0.0,10,4,2,3,8,0,1,1
155657,3469,0.0,4.0,1.0,3,1,1,1,1,0,2,0
156314,3941,1.0,4.0,1.0,28,6,3,4,22,0,1,5
156338,1712,0.0,4.0,0.0,5,1,1,2,3,0,1,1
156949,4527,0.0,5.0,0.0,7,2,1,1,6,0,1,0
157188,2857,0.0,0.0,0.0,3,2,1,1,1,0,2,0
157712,742,0.0,0.0,0.0,1,1,1,1,0,0,1,0
157719,2981,0.0,6.0,0.0,2,1,1,1,1,0,1,0
157744,3288,0.0,3.0,1.0,1,1,1,1,0,0,1,0
157783,598,0.0,3.0,0.0,11,1,1,1,10,0,1,0
157985,2615,0.0,4.0,1.0,5,1,1,1,4,0,1,0
158100,354,0.0,5.0,0.0,6,4,3,1,4,0,2,0
158606,2273,0.0,3.0,0.0,6,2,1,2,3,1,1,1
15866,4108,0.0,0.0,1.0,3,1,1,1,2,0,1,0
159108,1884,0.0,5.0,1.0,3,1,1,2,2,0,1,0
159327,2002,0.0,0.0,0.0,4,1,1,1,2,0,2,0
15967,4976,0.0,3.0,0.0,8,5,2,4,3,0,1,4
160020,4829,0.0,2.0,0.0,16,6,1,1,14,0,1,1
16035,649,0.0,6.0,0.0,6,1,1,1,4,0,1,1
160806,372,0.0,0.0,1.0,4,2,1,1,3,0,1,0
161197,4308,0.0,2.0,1.0,4,3,1,1,0,0,1,3
161645,4249,0.0,7.0,0.0,17,7,1,3,16,0,1,0
161732,296,1.0,4.0,1.0,3,2,1,1,2,0,1,0
161957,2124,0.0,6.0,1.0,20,8,1,1,18,0,2,0
161974,2318,0.0,0.0,0.0,2,1,1,1,1,0,1,0
162128,2545,0.0,4.0,1.0,6,3,3,1,5,0,1,0
16247,121,0.0,6.0,1.0,28,20,11,6,24,0,4,0
162682,4442,0.0,3.0,1.0,2,1,1,1,0,0,1,1
163343,3971,0.0,7.0,1.0,2,1,1,1,1,0,1,0
163431,3624,0.0,0.0,0.0,5,3,1,2,3,0,2,0
16353,2193,0.0,3.0,1.0,3,2,2,1,2,0,1,0
164413,3609,0.0,0.0,1.0,5,1,1,1,4,0,1,0
164877,3984,0.0,0.0,null,28,6,3,5,26,0,1,1
164963,4044,0.0,2.0,0.0,16,6,4,2,12,0,1,3
165097,3967,0.0,4.0,2.0,4,1,1,1,3,0,1,0
165871,1019,0.0,3.0,0.0,2,1,1,1,1,0,1,0
165967,1111,0.0,0.0,0.0,6,1,1,1,4,0,1,1
166019,2545,0.0,3.0,1.0,6,1,1,2,4,0,1,1
166509,1816,0.0,0.0,null,10,5,3,1,8,0,2,0
166593,4471,0.0,0.0,0.0,10,3,2,1,9,0,1,0
166912,2664,0.0,4.0,1.0,3,2,2,1,2,0,1,0
167001,1742,0.0,4.0,0.0,6,4,1,1,0,0,2,4
167249,2915,0.0,0.0,0.0,11,7,2,1,9,0,2,0
167403,3925,0.0,3.0,0.0,1,1,1,1,0,0,1,0
169523,3173,0.0,3.0,1.0,2,1,1,1,1,0,1,0
169574,3102,0.0,3.0,0.0,15,10,7,1,14,0,1,0
169862,1538,0.0,3.0,0.0,8,1,1,2,7,0,1,0
169884,3502,0.0,0.0,0.0,10,1,1,1,9,0,1,0
170358,663,0.0,4.0,1.0,12,7,3,1,10,0,2,0
170406,4847,0.0,4.0,0.0,9,1,1,2,8,0,1,0
171669,4417,1.0,2.0,1.0,8,2,2,1,7,0,1,0
17233,829,0.0,4.0,0.0,30,13,2,3,24,0,1,5
173028,2637,0.0,0.0,1.0,8,1,1,2,7,0,1,0
17319,293,0.0,2.0,0.0,2,1,1,2,1,0,1,0
173316,4526,0.0,3.0,0.0,4,3,1,1,3,0,1,0
174039,1467,0.0,4.0,1.0,2,1,1,1,1,0,1,0
174278,915,1.0,4.0,1.0,46,10,3,2,44,0,2,0
174750,2915,0.0,4.0,0.0,17,7,2,1,15,0,2,0
175300,4660,0.0,0.0,0.0,2,1,1,1,1,0,1,0
175421,2482,0.0,2.0,0.0,12,5,5,4,8,2,1,1
176149,1861,0.0,0.0,0.0,13,2,1,2,11,0,1,1
176435,3578,0.0,6.0,0.0,3,2,1,2,0,0,1,2
176481,3205,0.0,3.0,0.0,3,1,1,2,1,0,1,1
17667,4115,0.0,0.0,0.0,2,1,1,1,0,0,1,1
177065,2883,0.0,0.0,0.0,24,15,5,5,21,0,2,1
177089,4494,0.0,3.0,1.0,12,3,2,1,10,0,2,0
177301,3822,0.0,0.0,0.0,6,2,1,2,5,0,1,0
177723,3173,0.0,5.0,0.0,3,1,1,1,1,0,2,0
177762,1393,1.0,5.0,0.0,50,23,10,2,44,0,4,2
178636,4287,1.0,3.0,0.0,13,5,2,1,11,0,2,0
179015,2562,0.0,0.0,0.0,6,4,2,1,5,0,1,0
179414,4044,0.0,3.0,0.0,12,7,4,2,10,0,1,1
179420,2173,0.0,7.0,0.0,8,4,1,1,6,0,1,1
179585,3143,0.0,0.0,0.0,12,4,1,2,8,0,2,2
179648,633,0.0,3.0,0.0,1,1,1,1,0,0,1,0
179956,2273,0.0,4.0,0.0,2,1,1,2,0,0,1,1
180157,2618,0.0,3.0,1.0,18,13,4,1,17,0,1,0
180594,296,0.0,3.0,0.0,4,3,2,2,3,0,1,0
181157,962,0.0,6.0,1.0,2,2,1,1,0,0,2,0
181223,4050,0.0,4.0,1.0,9,1,1,1,8,0,1,0
181246,1890,0.0,2.0,0.0,2,2,2,1,0,0,2,0
181333,2403,0.0,4.0,0.0,8,6,2,2,6,0,2,0
181383,1454,0.0,0.0,0.0,9,1,1,3,7,0,2,0
18217,1096,0.0,0.0,1.0,3,1,1,1,2,0,1,0
182312,4427,0.0,2.0,1.0,6,3,1,1,4,0,2,0
182480,598,0.0,2.0,1.0,6,1,1,1,5,0,1,0
182538,1760,0.0,3.0,0.0,27,14,2,3,20,0,7,0
182575,760,0.0,3.0,0.0,2,1,1,1,1,0,1,0
182745,1592,0.0,2.0,1.0,20,3,1,4,19,0,1,0
18306,3734,0.0,3.0,2.0,42,12,5,4,37,0,1,4
183193,2459,0.0,3.0,0.0,32,4,3,4,29,0,2,1
183765,1399,0.0,0.0,0.0,6,5,1,1,5,0,1,0
184489,2278,0.0,0.0,0.0,3,2,2,1,2,0,1,0
18480,3657,0.0,6.0,0.0,1,1,1,1,0,0,1,0
184874,4926,0.0,4.0,0.0,8,3,2,1,7,0,1,0
185223,1890,0.0,2.0,0.0,1,1,1,1,0,0,1,0
1853,4976,0.0,0.0,0.0,9,4,1,1,8,0,1,0
185496,4966,0.0,4.0,0.0,1,1,1,1,0,0,1,0
185789,4444,0.0,6.0,0.0,3,3,2,1,0,0,3,0
185884,412,0.0,4.0,0.0,20,13,7,3,18,0,2,0
185901,3941,0.0,4.0,1.0,7,4,2,3,6,0,1,0
186262,3734,0.0,3.0,2.0,1,1,1,1,0,0,1,0
186394,1659,0.0,5.0,0.0,1,1,1,1,0,0,1,0
186650,962,0.0,3.0,0.0,6,2,2,2,4,0,1,1
187099,1570,0.0,0.0,0.0,1,1,1,1,0,0,1,0
18727,3154,0.0,4.0,0.0,16,10,6,4,15,0,1,0
187964,1501,0.0,0.0,1.0,5,1,1,1,4,0,1,0
189152,416,0.0,3.0,0.0,6,2,1,2,5,0,1,0
189284,586,0.0,4.0,0.0,17,8,1,2,15,0,1,1
189744,845,0.0,4.0,1.0,3,1,1,2,1,0,1,1
190016,4818,0.0,4.0,1.0,10,6,3,1,8,0,2,0
190252,2780,0.0,5.0,1.0,2,1,1,1,1,0,1,0
190283,3910,1.0,0.0,0.0,11,1,1,2,10,0,1,0
190358,586,0.0,6.0,0.0,5,3,1,1,4,0,1,0
190427,4919,0.0,0.0,1.0,4,2,1,1,3,0,1,0
190726,4044,0.0,4.0,0.0,7,4,2,2,3,0,3,1
190867,4764,1.0,5.0,0.0,2,1,1,1,1,0,1,0
191101,4043,0.0,3.0,0.0,14,5,2,2,13,0,1,0
191695,1703,0.0,4.0,0.0,5,1,1,2,3,0,1,1
191894,1090,0.0,0.0,0.0,4,1,1,2,2,1,1,0
1920,4015,0.0,5.0,0.0,5,3,3,1,4,0,1,0
192589,1861,0.0,3.0,1.0,4,1,1,1,2,0,2,0
193109,1272,0.0,5.0,0.0,20,3,3,1,18,0,2,0
19369,3472,0.0,3.0,1.0,2,1,1,2,1,0,1,0
194031,2396,0.0,3.0,1.0,3,2,1,1,2,0,1,0
194522,4394,0.0,6.0,0.0,8,1,1,1,7,0,1,0
194871,3034,0.0,0.0,1.0,5,1,1,1,4,0,1,0
194873,2032,0.0,0.0,1.0,2,1,1,1,1,0,1,0
19559,1310,0.0,2.0,0.0,10,3,3,2,9,0,1,0
195921,3323,0.0,0.0,0.0,6,2,1,1,5,0,1,0
196135,2317,0.0,6.0,1.0,23,2,1,6,21,0,1,1
197144,1875,0.0,6.0,0.0,19,15,5,2,17,0,2,0
197314,4042,0.0,3.0,0.0,5,1,1,2,4,0,1,0
197375,4818,0.0,2.0,null,6,2,2,1,5,0,1,0
197591,1103,0.0,4.0,1.0,5,3,3,2,3,0,2,0
197610,1272,0.0,0.0,0.0,21,9,3,2,19,0,1,1
197657,1247,0.0,3.0,0.0,2,1,1,1,1,0,1,0
197779,2935,0.0,0.0,0.0,5,2,1,2,4,0,1,0
19854,1816,0.0,3.0,1.0,28,19,3,1,25,0,3,0
198644,594,0.0,3.0,0.0,1,1,1,1,0,0,1,0
198708,1102,0.0,3.0,0.0,2,2,1,2,1,0,1,0
19878,4835,0.0,0.0,0.0,5,2,1,2,4,0,1,0
199593,1131,1.0,6.0,1.0,6,3,3,1,3,0,3,0
199923,4170,1.0,4.0,0.0,5,4,1,1,4,0,1,0
200439,71,0.0,0.0,0.0,5,3,2,1,4,0,1,0
200525,3619,0.0,4.0,0.0,4,2,1,1,3,0,1,0
200939,4976,0.0,2.0,0.0,2,1,1,2,0,0,1,1
20098,1821,0.0,5.0,0.0,7,2,2,1,5,0,2,0
201034,1470,0.0,5.0,0.0,8,2,1,3,5,0,1,2
201438,643,0.0,4.0,0.0,3,2,1,2,2,0,1,0
202603,2073,0.0,3.0,0.0,4,1,1,1,3,0,1,0
202635,962,0.0,6.0,1.0,3,1,1,1,2,0,1,0
202714,4261,0.0,0.0,0.0,6,3,1,1,5,0,1,0
203104,3925,0.0,3.0,2.0,4,3,3,2,3,0,1,0
203125,4919,0.0,2.0,0.0,2,2,2,1,0,0,1,1
203539,4760,0.0,4.0,1.0,6,3,1,1,5,0,1,0
203836,2565,0.0,6.0,1.0,1,1,1,1,0,0,1,0
203919,3529,0.0,5.0,0.0,4,1,1,1,3,0,1,0
204013,2099,0.0,6.0,1.0,4,1,1,1,3,0,1,0
204128,4966,0.0,4.0,0.0,6,1,1,3,4,0,1,1
20451,1948,0.0,0.0,0.0,2,1,1,2,1,0,1,0
204554,4818,0.0,2.0,0.0,35,17,6,3,30,0,5,0
204748,1760,0.0,3.0,0.0,29,8,2,8,25,0,2,2
205328,643,0.0,0.0,0.0,67,29,6,6,64,0,1,2
205492,923,0.0,3.0,0.0,6,1,1,2,5,0,1,0
205877,2699,0.0,6.0,0.0,55,27,6,2,53,0,2,0
205946,522,0.0,3.0,1.0,1,1,1,1,0,0,1,0
206086,4240,0.0,2.0,1.0,5,2,1,1,4,0,1,0
206123,4596,0.0,6.0,0.0,5,1,1,1,4,0,1,0
20635,1275,0.0,6.0,0.0,8,1,1,1,7,0,1,0
206391,4219,0.0,0.0,1.0,3,1,1,1,2,0,1,0
206532,1890,0.0,3.0,0.0,49,25,4,12,43,0,1,5
206746,4090,0.0,0.0,0.0,4,1,1,1,3,0,1,0
207449,1892,0.0,4.0,1.0,34,20,6,1,24,0,10,0
207608,3934,0.0,4.0,1.0,2,1,1,1,1,0,1,0
207822,2052,0.0,2.0,1.0,9,1,1,3,8,0,1,0
208028,4427,0.0,2.0,0.0,5,2,1,2,4,0,1,0
208101,682,0.0,0.0,0.0,4,2,2,2,3,0,1,0
208195,437,0.0,3.0,0.0,26,11,2,8,23,0,1,2
208343,1305,0.0,4.0,0.0,15,3,1,2,14,0,1,0
208638,2403,0.0,6.0,1.0,2,1,1,1,1,0,1,0
209239,4209,0.0,4.0,1.0,3,2,1,3,2,0,1,0
209248,1738,0.0,2.0,1.0,3,2,2,2,2,0,1,0
209438,3702,0.0,0.0,0.0,2,1,1,1,1,0,1,0
209468,598,0.0,3.0,1.0,9,5,3,1,7,0,2,0
209643,4504,0.0,3.0,0.0,3,1,1,1,2,0,1,0
210336,3509,0.0,3.0,1.0,12,2,2,2,11,0,1,0
210358,2691,0.0,4.0,1.0,9,1,1,2,7,0,2,0
210895,2136,0.0,3.0,1.0,15,7,1,2,11,0,3,1
211023,2052,0.0,3.0,0.0,3,2,1,2,2,0,1,0
211074,669,0.0,5.0,0.0,31,16,4,5,27,0,1,3
211462,4079,0.0,6.0,1.0,8,1,1,1,6,0,2,0
212059,2318,0.0,6.0,1.0,4,1,1,2,3,0,1,0
212088,323,0.0,3.0,0.0,3,1,1,1,2,0,1,0
212142,2981,0.0,3.0,0.0,3,1,1,1,2,0,1,0
21285,121,0.0,5.0,0.0,6,4,3,1,5,0,1,0
213161,4282,0.0,3.0,0.0,5,3,3,1,4,0,1,0
213421,4173,0.0,3.0,0.0,17,6,1,1,14,0,2,1
213607,1724,0.0,5.0,0.0,16,6,2,3,15,0,1,0
213792,2482,1.0,4.0,0.0,8,4,3,4,4,0,1,3
214422,4173,0.0,0.0,0.0,20,12,2,3,19,0,1,0
214437,1132,0.0,5.0,1.0,3,2,1,1,2,0,1,0
214767,639,0.0,2.0,1.0,3,1,1,1,1,0,2,0
215522,3520,0.0,2.0,1.0,12,5,1,1,10,0,2,0
215856,4385,1.0,6.0,0.0,11,3,2,4,7,0,1,3
215889,2031,1.0,3.0,2.0,21,5,1,5,19,0,1,1
215924,1090,0.0,6.0,0.0,6,2,1,1,5,0,1,0
215984,1708,0.0,0.0,0.0,6,1,1,1,5,0,1,0
216422,215,0.0,3.0,0.0,84,42,15,9,81,0,3,0
216423,1031,0.0,3.0,0.0,59,14,1,8,53,0,2,4
21646,1100,0.0,0.0,1.0,3,1,1,1,2,0,1,0
217109,4864,0.0,6.0,0.0,3,1,1,1,2,0,1,0
217324,4545,0.0,4.0,1.0,5,1,1,1,4,0,1,0
217640,4044,0.0,3.0,0.0,23,13,7,4,21,0,2,0
21803,1816,0.0,0.0,1.0,26,9,5,3,24,0,2,0
218817,310,0.0,4.0,0.0,7,4,3,1,5,0,2,0
219383,598,0.0,0.0,1.0,8,2,1,2,7,0,1,0
21989,1102,0.0,3.0,1.0,17,7,4,2,14,0,3,0
22094,3304,0.0,2.0,0.0,24,7,4,7,21,0,2,1
221338,3828,0.0,5.0,0.0,10,4,1,2,8,0,2,0
222198,3580,0.0,5.0,1.0,1,1,1,1,0,0,1,0
222246,3022,0.0,5.0,1.0,1,1,1,1,0,0,1,0
222374,1972,1.0,3.0,0.0,5,3,1,1,4,0,1,0
222376,2664,0.0,0.0,0.0,35,22,2,1,30,0,5,0
222476,4322,0.0,3.0,0.0,12,1,1,1,11,0,1,0
222574,2309,0.0,2.0,0.0,7,2,1,2,6,0,1,0
222811,293,0.0,2.0,0.0,2,1,1,1,1,0,1,0
222923,1619,0.0,4.0,1.0,3,1,1,1,2,0,1,0
222948,2144,1.0,7.0,1.0,10,3,1,3,9,0,1,0
223006,3912,0.0,5.0,1.0,2,1,1,1,1,0,1,0
223939,1966,0.0,0.0,0.0,5,3,2,2,4,0,1,0
223970,586,0.0,5.0,0.0,15,10,2,1,10,0,5,0
224019,4871,0.0,2.0,1.0,9,1,1,2,8,0,1,0
224308,1487,0.0,3.0,0.0,42,15,1,8,36,0,1,5
224502,586,1.0,4.0,0.0,47,28,8,6,41,0,2,4
224665,2242,0.0,4.0,0.0,4,2,1,1,2,0,2,0
224725,1487,0.0,6.0,0.0,4,2,1,1,3,0,1,0
225477,534,0.0,4.0,0.0,1,1,1,1,0,0,1,0
225531,1760,0.0,3.0,0.0,37,24,8,3,36,0,1,0
225735,4234,0.0,0.0,1.0,15,7,1,2,12,0,2,1
225761,114,0.0,4.0,0.0,4,2,2,2,3,0,1,0
22586,4306,0.0,2.0,0.0,3,1,1,3,2,0,1,0
226080,4976,0.0,6.0,0.0,2,1,1,2,1,0,1,0
226489,2668,0.0,3.0,0.0,8,4,2,1,5,0,3,0
226542,4170,0.0,0.0,0.0,13,4,2,1,11,0,2,0
226554,4044,0.0,2.0,0.0,154,75,14,12,151,0,3,0
227106,1899,0.0,2.0,1.0,8,2,1,1,7,0,1,0
227150,3862,0.0,7.0,0.0,1,1,1,1,0,0,1,0
227685,1963,0.0,3.0,0.0,16,8,2,1,15,0,1,0
228044,1394,0.0,4.0,1.0,10,4,1,1,9,0,1,0
228056,547,0.0,2.0,1.0,3,1,1,1,2,0,1,0
228075,3925,0.0,5.0,0.0,5,3,3,2,2,0,2,1
228255,1827,0.0,3.0,1.0,2,1,1,1,1,0,1,0
228620,547,0.0,0.0,1.0,18,8,2,1,17,0,1,0
228846,1310,0.0,3.0,0.0,18,15,10,2,17,0,1,0
229061,4933,0.0,0.0,0.0,2,1,1,1,1,0,1,0
229132,4040,0.0,3.0,1.0,2,1,1,1,1,0,1,0
22914,2286,0.0,4.0,0.0,4,1,1,2,3,0,1,0
229396,2634,0.0,6.0,0.0,9,4,1,1,8,0,1,0
229667,154,0.0,2.0,0.0,2,1,1,1,1,0,1,0
229706,2466,0.0,0.0,1.0,10,2,1,1,8,0,2,0
22987,1677,0.0,0.0,0.0,20,13,6,3,15,0,5,0
230185,4978,0.0,3.0,1.0,2,1,1,1,1,0,1,0
230354,1162,0.0,4.0,1.0,28,17,5,3,24,0,3,1
230514,2592,0.0,3.0,0.0,8,2,2,1,6,0,2,0
230820,2162,0.0,3.0,0.0,9,3,1,1,7,0,2,0
230860,316,0.0,2.0,1.0,4,1,1,1,3,0,1,0
230879,3971,0.0,2.0,1.0,1,1,1,1,0,0,1,0
230901,4322,0.0,2.0,0.0,12,3,1,2,11,0,1,0
231221,4408,0.0,2.0,0.0,10,5,1,1,9,0,1,0
231333,1487,0.0,2.0,1.0,1,1,1,1,0,0,1,0
231489,1056,0.0,2.0,0.0,10,2,1,3,7,0,2,1
231951,1501,0.0,0.0,0.0,8,1,1,3,7,0,1,0
23234,4659,0.0,2.0,0.0,28,6,4,4,26,0,1,1
232502,1487,0.0,2.0,0.0,6,2,1,2,5,0,1,0
232981,4173,0.0,5.0,2.0,10,7,1,1,9,0,1,0
233115,4966,0.0,5.0,0.0,2,1,1,1,1,0,1,0
233609,4048,0.0,3.0,1.0,3,1,1,2,2,0,1,0
233798,415,0.0,6.0,0.0,2,1,1,1,1,0,1,0
233939,3236,0.0,6.0,0.0,7,1,1,1,6,0,1,0
233970,361,0.0,4.0,1.0,7,1,1,2,5,0,1,1
234373,3444,0.0,2.0,1.0,3,1,1,2,2,0,1,0
234736,4186,0.0,0.0,0.0,23,8,1,5,22,0,1,0
234872,3022,0.0,2.0,1.0,5,4,3,1,4,0,1,0
235642,1308,0.0,3.0,null,3,1,1,1,2,0,1,0
236220,4413,0.0,3.0,1.0,4,1,1,2,3,0,1,0
236275,2108,0.0,5.0,0.0,2,1,1,1,1,0,1,0
236294,3571,0.0,3.0,0.0,5,2,1,3,4,0,1,0
236813,598,0.0,3.0,1.0,11,5,2,3,9,0,1,1
236895,4270,0.0,3.0,0.0,9,3,2,1,6,0,3,0
236908,168,0.0,3.0,2.0,4,1,1,1,3,0,1,0
237156,3355,0.0,4.0,0.0,4,2,2,1,2,0,2,0
237375,314,0.0,5.0,1.0,5,2,1,1,4,0,1,0
237745,4744,0.0,3.0,0.0,4,1,1,1,3,0,1,0
237915,2824,0.0,4.0,1.0,2,1,1,1,1,0,1,0
238623,4044,0.0,0.0,0.0,3,1,1,2,1,0,1,1
23876,3445,0.0,2.0,0.0,4,2,1,2,2,0,1,1
239686,4871,0.0,3.0,0.0,2,1,1,1,1,0,1,0
239738,4794,0.0,3.0,1.0,5,1,1,2,4,0,1,0
240213,3727,0.0,4.0,0.0,1,1,1,1,0,0,1,0
240478,3958,0.0,3.0,0.0,54,15,7,6,51,0,1,2
240609,3365,0.0,0.0,0.0,12,4,3,1,11,0,1,0
240937,4760,0.0,3.0,1.0,11,6,4,2,10,0,1,0
240950,3080,0.0,3.0,2.0,2,1,1,2,1,0,1,0
241019,4170,1.0,3.0,0.0,8,2,1,1,6,0,2,0
241113,3042,0.0,5.0,0.0,6,3,2,1,3,0,3,0
241226,4671,0.0,0.0,1.0,9,1,1,2,8,0,1,0
241449,46,0.0,3.0,0.0,2,1,1,1,1,0,1,0
241484,1585,0.0,7.0,1.0,12,3,2,3,9,1,1,1
241569,608,0.0,8.0,0.0,3,1,1,1,2,0,1,0
241903,1096,0.0,5.0,1.0,5,1,1,1,4,0,1,0
242110,4976,0.0,5.0,0.0,8,6,2,1,7,0,1,0
24231,4950,0.0,0.0,0.0,5,1,1,1,4,0,1,0
242312,503,0.0,0.0,0.0,2,1,1,1,1,0,1,0
243170,2915,0.0,0.0,2.0,6,1,1,2,5,0,1,0
243903,2124,0.0,2.0,0.0,4,1,1,1,3,0,1,0
244398,2305,1.0,2.0,0.0,47,10,8,10,42,0,1,4
245000,3205,1.0,6.0,1.0,1,1,1,1,0,0,1,0
245180,4282,0.0,3.0,0.0,23,10,5,5,21,0,2,0
245202,2447,0.0,2.0,1.0,13,9,1,1,12,0,1,0
245818,1392,0.0,3.0,0.0,11,3,2,5,9,0,1,1
245873,3822,0.0,0.0,0.0,14,5,2,3,12,0,1,1
245917,3523,1.0,4.0,0.0,1,1,1,1,0,0,1,0
2460,4042,0.0,3.0,1.0,5,1,1,1,4,0,1,0
246192,1437,0.0,4.0,0.0,6,2,1,3,2,0,1,3
246203,2928,0.0,4.0,2.0,58,22,6,2,54,0,3,1
246486,3635,0.0,6.0,1.0,11,3,1,1,9,0,2,0
246521,2445,0.0,4.0,0.0,3,2,1,1,2,0,1,0
246933,798,0.0,3.0,0.0,8,4,4,2,7,0,1,0
247391,2821,0.0,3.0,1.0,6,3,1,1,5,0,1,0
247488,590,0.0,6.0,1.0,9,4,1,1,8,0,1,0
247727,4368,0.0,4.0,0.0,39,19,5,5,36,0,2,1
248847,682,0.0,4.0,1.0,4,1,1,1,3,0,1,0
248958,1272,0.0,3.0,0.0,32,10,4,3,31,0,1,0
249154,4738,0.0,6.0,1.0,2,1,1,2,1,0,1,0
249502,4427,1.0,4.0,1.0,3,1,1,1,2,0,1,0
249524,2808,0.0,6.0,1.0,12,8,1,2,10,0,1,1
249594,4540,0.0,2.0,1.0,1,1,1,1,0,0,1,0
250050,1618,0.0,3.0,1.0,6,3,3,1,0,0,6,0
250266,3979,0.0,2.0,1.0,18,4,2,2,16,0,2,0
250387,4864,0.0,4.0,0.0,4,4,2,1,1,0,3,0
250710,3955,0.0,3.0,0.0,6,5,2,1,5,0,1,0
251123,2441,0.0,0.0,0.0,12,2,1,2,10,0,1,1
252049,1332,0.0,5.0,0.0,25,4,2,5,20,0,1,4
252230,4173,0.0,4.0,0.0,2,1,1,1,1,0,1,0
252566,4659,0.0,5.0,0.0,5,5,4,2,2,0,3,0
25317,4760,0.0,2.0,1.0,36,5,4,4,33,0,2,1
25337,361,0.0,5.0,1.0,7,5,4,2,6,0,1,0
254138,1910,0.0,6.0,0.0,4,1,1,1,2,0,1,1
254702,2072,0.0,3.0,0.0,4,2,1,1,3,0,1,0
254966,4368,0.0,3.0,0.0,12,10,5,2,11,0,1,0
255003,2149,0.0,4.0,1.0,3,1,1,1,2,0,1,0
255698,4234,0.0,5.0,1.0,8,3,2,3,5,0,1,2
255873,2821,0.0,0.0,0.0,5,1,1,2,3,1,1,0
256254,4173,0.0,3.0,0.0,5,2,1,3,4,0,1,0
256536,3472,0.0,4.0,1.0,3,1,1,1,2,0,1,0
256570,2448,0.0,null,null,6,3,2,1,5,0,1,0
256799,3319,0.0,7.0,null,4,2,2,1,3,0,1,0
256976,3093,0.0,4.0,0.0,18,11,2,1,17,0,1,0
257506,4282,0.0,2.0,0.0,5,3,2,1,4,0,1,0
257853,4086,0.0,0.0,0.0,3,1,1,1,2,0,1,0
257855,960,0.0,2.0,0.0,24,11,1,3,19,0,1,4
257981,1911,0.0,3.0,0.0,3,1,1,1,2,0,1,0
258884,4234,0.0,3.0,0.0,2,1,1,1,1,0,1,0
259048,120,0.0,4.0,0.0,3,1,1,1,0,0,3,0
260426,1203,0.0,0.0,null,8,3,2,2,7,0,1,0
260481,784,0.0,3.0,0.0,7,6,4,2,6,0,1,0
260558,3350,0.0,0.0,1.0,1,1,1,1,0,0,1,0
2606,1115,0.0,2.0,1.0,7,3,1,1,6,0,1,0
260680,4976,0.0,6.0,0.0,288,93,15,8,282,0,4,2
260767,4771,0.0,4.0,0.0,4,1,1,1,3,0,1,0
261863,3734,1.0,3.0,1.0,61,29,9,3,58,0,3,0
262218,508,0.0,0.0,0.0,5,3,1,1,4,0,1,0
262610,4044,0.0,3.0,0.0,34,19,8,2,30,0,3,1
26275,4760,0.0,7.0,1.0,2,1,1,1,1,0,1,0
262793,2242,0.0,3.0,0.0,1,1,1,1,0,0,1,0
262800,1760,0.0,0.0,1.0,9,4,1,3,8,0,1,0
263110,1102,0.0,0.0,0.0,7,6,4,1,6,0,1,0
263183,2721,0.0,0.0,0.0,4,2,2,1,2,0,2,0
263189,1582,0.0,4.0,1.0,12,6,1,1,9,0,3,0
263250,3541,0.0,3.0,2.0,2,1,1,2,1,0,1,0
263339,590,0.0,4.0,0.0,11,4,2,1,10,0,1,0
263591,4499,0.0,3.0,1.0,2,1,1,1,1,0,1,0
263597,2465,0.0,0.0,0.0,17,8,5,1,16,0,1,0
263852,1738,0.0,3.0,2.0,37,10,3,4,32,1,3,1
265328,3159,0.0,2.0,0.0,6,2,2,3,5,0,1,0
265542,798,0.0,0.0,1.0,4,1,1,3,3,0,1,0
26592,547,0.0,6.0,1.0,22,7,1,4,20,0,1,1
26596,3041,0.0,4.0,0.0,22,8,1,3,19,0,1,2
26625,3085,0.0,4.0,1.0,2,1,1,1,0,0,2,0
266312,3022,0.0,0.0,0.0,23,12,6,2,15,0,1,7
266425,3986,0.0,2.0,1.0,10,4,2,1,9,0,1,0
267491,3828,0.0,3.0,0.0,52,17,5,3,47,0,2,3
267626,4173,1.0,4.0,0.0,47,16,5,8,44,0,1,2
268458,4425,0.0,5.0,0.0,5,1,1,2,4,0,1,0
269020,2824,0.0,7.0,0.0,7,2,2,1,6,0,1,0
26932,1742,0.0,3.0,1.0,13,10,1,1,12,0,1,0
269743,4605,0.0,0.0,0.0,29,12,9,6,22,0,2,5
269854,3528,0.0,3.0,0.0,19,9,3,3,17,0,2,0
269975,1787,0.0,4.0,1.0,2,1,1,1,1,0,1,0
270100,3990,0.0,4.0,0.0,20,12,5,5,19,0,1,0
27013,4072,0.0,0.0,0.0,6,1,1,1,5,0,1,0
27087,1900,0.0,3.0,1.0,9,1,1,2,8,0,1,0
270900,652,0.0,4.0,0.0,5,2,2,1,4,0,1,0
271973,777,0.0,4.0,0.0,23,8,6,4,21,0,2,0
272409,4864,0.0,4.0,1.0,4,2,1,1,3,0,1,0
272806,4336,0.0,2.0,0.0,10,2,1,1,9,0,1,0
272816,1162,0.0,3.0,0.0,4,1,1,1,3,0,1,0
272977,2136,0.0,7.0,1.0,10,5,2,3,9,0,1,0
273191,2031,0.0,2.0,0.0,4,2,1,1,2,1,1,0
273223,323,0.0,3.0,0.0,23,5,1,6,21,0,2,0
273309,4750,0.0,7.0,1.0,15,4,2,3,12,0,1,2
273384,4170,0.0,4.0,0.0,3,1,1,1,0,0,3,0
27348,2217,0.0,3.0,0.0,4,1,1,2,3,0,1,0
27357,2482,0.0,2.0,0.0,4,1,1,1,3,0,1,0
273751,1678,0.0,3.0,0.0,16,11,4,1,14,0,2,0
273889,798,0.0,3.0,1.0,121,28,14,3,114,0,7,0
274507,1467,0.0,4.0,0.0,5,1,1,1,4,0,1,0
274626,4394,0.0,6.0,0.0,1,1,1,1,0,0,1,0
275248,1495,0.0,4.0,0.0,8,2,1,1,7,0,1,0
275503,3683,0.0,3.0,0.0,25,10,2,1,24,0,1,0
276044,441,0.0,2.0,1.0,4,1,1,1,3,0,1,0
276334,2326,0.0,0.0,0.0,40,10,6,2,30,0,10,0
276804,2217,0.0,3.0,0.0,6,1,1,3,4,0,1,1
27685,4444,0.0,3.0,0.0,3,3,1,2,0,0,2,1
277162,3614,0.0,4.0,0.0,2,1,1,1,1,0,1,0
277906,4760,0.0,4.0,1.0,3,1,1,1,2,0,1,0
278130,862,0.0,4.0,1.0,6,3,2,2,5,0,1,0
278722,3473,0.0,5.0,0.0,4,2,1,1,3,0,1,0
278976,2810,0.0,5.0,0.0,4,2,2,2,3,0,1,0
279721,2175,0.0,3.0,0.0,20,9,4,2,18,0,1,1
279754,2644,0.0,3.0,1.0,21,6,2,2,19,1,1,0
280029,2579,0.0,7.0,0.0,2,1,1,1,1,0,1,0
28014,731,0.0,6.0,0.0,9,3,1,2,6,0,3,0
280274,1166,1.0,4.0,2.0,8,2,1,2,6,0,1,1
280744,2294,0.0,4.0,0.0,19,4,2,4,16,0,1,2
281221,3955,0.0,3.0,0.0,21,7,1,5,20,0,1,0
282089,4826,0.0,4.0,0.0,14,7,2,1,10,0,4,0
282161,4044,0.0,3.0,0.0,39,20,4,1,36,0,3,0
282234,4650,0.0,2.0,0.0,5,2,2,3,4,0,1,0
282319,1056,0.0,3.0,2.0,13,5,2,4,11,0,2,0
282694,1423,0.0,3.0,0.0,2,1,1,1,1,0,1,0
282998,2543,0.0,0.0,0.0,8,2,1,1,5,0,1,2
2837,66,0.0,2.0,1.0,2,1,1,2,0,0,1,1
283820,4558,0.0,4.0,0.0,8,2,1,1,6,0,2,0
283983,4267,1.0,3.0,0.0,1,1,1,1,0,0,1,0
285342,3925,0.0,3.0,0.0,23,13,9,7,22,0,1,0
285828,2856,1.0,0.0,0.0,7,5,1,1,6,0,1,0
286506,4173,1.0,3.0,2.0,33,17,4,3,31,0,2,0
286646,3356,0.0,0.0,1.0,1,1,1,1,0,0,1,0
28687,2856,0.0,5.0,0.0,2,1,1,1,1,0,1,0
286912,361,0.0,0.0,0.0,46,6,2,7,43,0,2,1
287147,4073,0.0,6.0,0.0,3,1,1,1,2,0,1,0
287405,3323,1.0,3.0,0.0,4,2,1,1,3,0,1,0
287420,2876,0.0,0.0,0.0,4,1,1,2,3,0,1,0
287532,3622,0.0,5.0,1.0,4,1,1,1,2,0,1,1
288552,3822,0.0,0.0,0.0,20,7,2,3,18,0,1,1
288685,350,0.0,4.0,0.0,3,1,1,1,2,0,1,0
290231,3623,0.0,2.0,0.0,13,1,1,3,11,1,1,0
290322,4157,0.0,4.0,1.0,4,1,1,2,3,0,1,0
290454,2721,0.0,0.0,0.0,15,7,1,1,13,0,2,0
290647,1594,0.0,5.0,0.0,6,2,2,2,5,0,1,0
29081,901,1.0,5.0,1.0,3,1,1,1,2,0,1,0
290861,3152,0.0,4.0,1.0,8,2,2,5,6,0,1,1
291317,1547,0.0,2.0,0.0,1,1,1,1,0,0,1,0
291573,1643,0.0,2.0,0.0,1,1,1,1,0,0,1,0
291753,3163,1.0,3.0,1.0,2,2,1,2,1,0,1,0
291755,1708,0.0,0.0,1.0,1,1,1,1,0,0,1,0
291756,361,0.0,0.0,0.0,1,1,1,1,0,0,1,0
292909,4173,0.0,4.0,0.0,1,1,1,1,0,0,1,0
292927,66,0.0,3.0,0.0,6,1,1,1,5,0,1,0
293389,4162,0.0,4.0,0.0,3,1,1,2,2,0,1,0
293669,4368,0.0,2.0,1.0,1,1,1,1,0,0,1,0
294100,4090,0.0,6.0,0.0,4,1,1,2,2,0,1,1
294218,3475,0.0,3.0,0.0,9,2,1,1,8,0,1,0
294648,4993,0.0,4.0,0.0,3,1,1,2,2,0,1,0
294667,2954,0.0,3.0,0.0,21,6,5,5,19,0,2,0
294780,1393,0.0,4.0,0.0,4,4,2,1,3,0,1,0
294853,3424,0.0,3.0,0.0,12,8,2,1,11,0,1,0
29486,2047,0.0,3.0,0.0,28,22,6,1,24,0,4,0
295005,2173,0.0,0.0,0.0,12,5,2,1,10,0,2,0
295102,4731,0.0,4.0,0.0,21,4,2,4,20,0,1,0
295268,361,0.0,2.0,0.0,10,4,2,1,9,0,1,0
295358,1216,0.0,5.0,0.0,8,3,2,1,7,0,1,0
295379,4427,0.0,3.0,0.0,8,1,1,2,7,0,1,0
296017,133,0.0,2.0,1.0,5,2,1,1,4,0,1,0
29653,2545,0.0,0.0,0.0,14,8,6,2,12,0,1,1
296698,4118,0.0,0.0,1.0,1,1,1,1,0,0,1,0
297229,4966,0.0,4.0,0.0,5,1,1,1,3,0,1,1
297238,4718,0.0,0.0,0.0,14,7,5,1,13,0,1,0
297250,1816,1.0,4.0,1.0,33,12,5,3,32,0,1,0
297392,718,0.0,0.0,1.0,5,1,1,2,4,0,1,0
297922,1764,0.0,2.0,1.0,2,1,1,2,1,0,1,0
299314,437,0.0,0.0,0.0,24,14,3,7,22,0,2,0
300018,1948,0.0,0.0,1.0,2,1,1,1,1,0,1,0
300383,547,0.0,0.0,1.0,3,2,1,1,2,0,1,0
300510,4415,0.0,0.0,0.0,5,2,1,1,4,0,1,0
300771,2279,0.0,3.0,1.0,2,1,1,1,1,0,1,0
301053,1861,0.0,2.0,0.0,1,1,1,1,0,0,1,0
301376,2124,0.0,6.0,1.0,7,4,1,3,6,0,1,0
301635,437,0.0,4.0,0.0,11,4,2,4,9,0,1,1
301639,4472,0.0,4.0,1.0,8,2,1,3,7,0,1,0
301969,4099,0.0,6.0,0.0,10,3,1,3,9,0,1,0
302133,4605,0.0,2.0,0.0,28,15,6,2,24,0,4,0
302188,798,0.0,3.0,0.0,4,3,2,1,3,0,1,0
303075,954,0.0,3.0,0.0,16,5,1,1,14,0,2,0
303077,2766,0.0,3.0,1.0,3,1,1,1,2,0,1,0
303802,3828,0.0,0.0,0.0,18,10,7,6,17,0,1,0
303913,4558,1.0,3.0,0.0,3,2,2,1,2,0,1,0
304155,2872,0.0,4.0,0.0,10,4,3,3,8,0,2,0
304185,4048,0.0,3.0,0.0,7,1,1,1,6,0,1,0
304267,2566,0.0,2.0,1.0,26,3,3,4,24,0,1,1
305019,4026,0.0,0.0,0.0,2,1,1,1,1,0,1,0
305078,1353,0.0,3.0,1.0,4,1,1,1,3,0,1,0
305571,3159,0.0,3.0,0.0,4,4,2,1,0,0,4,0
305605,4607,0.0,4.0,0.0,35,14,2,4,29,0,2,4
306015,1340,1.0,4.0,0.0,36,21,5,4,30,0,2,4
306030,2124,0.0,4.0,1.0,13,8,1,2,12,0,1,0
306093,4894,0.0,2.0,1.0,4,1,1,1,3,0,1,0
306128,1963,0.0,3.0,0.0,10,2,1,1,9,0,1,0
307055,4976,0.0,2.0,0.0,2,2,2,1,0,0,2,0
307973,1673,0.0,3.0,1.0,4,1,1,1,3,0,1,0
308013,4351,0.0,3.0,0.0,11,4,2,1,10,0,1,0
308132,1487,1.0,0.0,0.0,10,5,1,1,9,0,1,0
308179,4499,0.0,0.0,0.0,1,1,1,1,0,0,1,0
308828,812,0.0,3.0,1.0,15,5,1,1,13,0,2,0
308932,588,0.0,3.0,1.0,24,4,1,3,21,0,1,2
309015,2592,0.0,3.0,1.0,4,1,1,1,3,0,1,0
309073,2141,0.0,0.0,0.0,3,1,1,1,2,0,1,0
309764,3683,0.0,0.0,0.0,4,1,1,1,3,0,1,0
309769,3398,1.0,4.0,1.0,1,1,1,1,0,0,1,0
31016,4170,1.0,4.0,0.0,12,3,1,1,10,0,2,0
310382,2143,1.0,4.0,0.0,10,7,3,1,6,0,4,0
310482,2856,0.0,5.0,0.0,10,1,1,1,9,0,1,0
310644,649,0.0,6.0,0.0,2,1,1,2,1,0,1,0
310793,3936,1.0,4.0,1.0,4,3,3,1,3,0,1,0
310832,4248,0.0,4.0,0.0,3,2,2,2,2,0,1,0
311267,2869,0.0,0.0,1.0,1,1,1,1,0,0,1,0
311923,2500,0.0,3.0,1.0,20,11,4,2,18,0,2,0
311961,2255,0.0,2.0,1.0,6,1,1,1,5,0,1,0
312181,1210,1.0,3.0,1.0,58,16,6,17,47,0,1,10
312600,4526,0.0,2.0,0.0,2,1,1,1,1,0,1,0
312668,3734,0.0,3.0,0.0,5,3,2,1,4,0,1,0
312996,685,1.0,0.0,0.0,25,12,2,3,24,0,1,0
313173,121,0.0,0.0,0.0,5,2,1,2,4,0,1,0
313796,1028,0.0,4.0,0.0,6,2,1,2,5,0,1,0
314566,2326,0.0,4.0,0.0,12,1,1,3,10,0,1,1
314766,4173,0.0,4.0,0.0,28,14,5,2,26,0,2,0
314882,4976,0.0,3.0,1.0,19,9,4,4,17,0,2,0
316262,798,0.0,2.0,0.0,10,6,5,1,9,0,1,0
316860,2097,0.0,3.0,0.0,2,1,1,1,1,0,1,0
316995,3531,0.0,6.0,0.0,10,4,2,1,9,0,1,0
317388,1556,0.0,2.0,0.0,7,1,1,3,5,0,1,1
31803,3734,0.0,2.0,1.0,10,5,3,2,5,2,1,2
318824,4026,1.0,3.0,0.0,8,1,1,2,6,0,1,1
319047,1102,1.0,0.0,1.0,164,45,9,4,148,0,4,12
319119,4499,0.0,5.0,1.0,8,4,1,3,6,0,1,1
319196,598,0.0,3.0,1.0,14,6,2,2,13,0,1,0
319972,798,0.0,5.0,0.0,2,1,1,1,1,0,1,0
320527,4112,0.0,3.0,1.0,2,1,1,1,0,0,2,0
320630,4346,0.0,0.0,null,7,2,2,1,5,0,1,1
320960,586,0.0,3.0,0.0,3,1,1,1,2,0,1,0
321158,3826,0.0,2.0,0.0,19,4,1,2,17,0,2,0
321695,1019,0.0,3.0,0.0,3,1,1,1,2,0,1,0
321830,3460,0.0,4.0,0.0,4,1,1,1,1,0,3,0
323021,682,0.0,3.0,0.0,9,6,3,1,6,0,3,0
323062,4847,0.0,0.0,0.0,3,1,1,1,2,0,1,0
323164,2217,1.0,2.0,0.0,10,1,1,1,9,0,1,0
323171,1679,0.0,4.0,1.0,6,3,1,1,5,0,1,0
323247,3828,0.0,4.0,0.0,53,19,6,5,52,0,1,0
323353,1506,0.0,3.0,1.0,7,2,1,1,5,0,1,1
323888,4659,1.0,3.0,0.0,7,3,2,2,4,0,1,2
324593,3828,0.0,3.0,0.0,3,2,2,1,2,0,1,0
324765,1911,0.0,0.0,0.0,26,9,1,6,23,0,2,1
325025,4580,0.0,6.0,1.0,3,1,1,1,2,0,1,0
325307,4850,0.0,5.0,0.0,19,12,7,5,17,0,1,1
325485,682,1.0,0.0,1.0,5,3,1,1,4,0,1,0
325729,2403,0.0,3.0,0.0,12,6,2,2,11,0,1,0
326285,3822,0.0,4.0,0.0,18,7,2,4,16,0,2,0
326321,824,0.0,3.0,0.0,1,1,1,1,0,0,1,0
326363,1474,0.0,4.0,0.0,5,1,1,1,4,0,1,0
326585,3828,0.0,0.0,0.0,26,15,8,4,24,0,1,1
327635,467,0.0,3.0,0.0,48,21,5,5,42,0,3,3
327964,2698,0.0,3.0,0.0,5,2,1,2,4,0,1,0
328208,4049,0.0,4.0,0.0,1,1,1,1,0,0,1,0
328218,66,0.0,0.0,0.0,4,1,1,1,3,0,1,0
328542,3319,0.0,4.0,0.0,16,3,2,2,14,0,2,0
329322,1821,0.0,4.0,0.0,2,1,1,1,1,0,1,0
329445,310,0.0,2.0,1.0,10,2,2,2,7,1,2,0
329843,2721,0.0,3.0,1.0,82,49,2,10,81,0,1,0
330084,255,0.0,3.0,0.0,13,4,1,2,12,0,1,0
330085,2326,0.0,3.0,0.0,7,4,1,1,6,0,1,0
330094,278,0.0,2.0,0.0,8,2,1,1,7,0,1,0
330274,1487,1.0,6.0,0.0,33,12,2,9,29,0,2,2
330942,3266,0.0,3.0,1.0,2,1,1,1,1,0,1,0
3310,1833,0.0,4.0,1.0,16,6,1,1,15,0,1,0
331424,2695,0.0,6.0,0.0,5,1,1,2,3,0,1,1
331662,594,0.0,0.0,0.0,1,1,1,1,0,0,1,0
33213,2217,0.0,5.0,0.0,1,1,1,1,0,0,1,0
332152,946,0.0,4.0,0.0,2,1,1,1,1,0,1,0
33226,1800,0.0,4.0,0.0,2,1,1,1,1,0,1,0
332260,4554,0.0,0.0,1.0,7,3,2,1,6,0,1,0
33236,145,0.0,3.0,0.0,3,1,1,2,0,0,1,2
332399,1131,0.0,4.0,0.0,24,11,3,2,23,0,1,0
332417,4170,0.0,0.0,0.0,7,1,1,1,6,0,1,0
332428,3350,0.0,5.0,1.0,2,1,1,2,1,0,1,0
333348,2569,0.0,4.0,0.0,6,1,1,3,5,0,1,0
333777,3536,0.0,4.0,1.0,14,2,1,2,13,0,1,0
33547,3925,0.0,5.0,0.0,8,5,4,3,2,0,1,5
335921,1102,0.0,0.0,0.0,87,24,9,3,85,0,2,0
336314,3727,0.0,0.0,0.0,3,2,1,1,2,0,1,0
33683,2537,0.0,6.0,0.0,1,1,1,1,0,0,1,0
336839,2052,0.0,3.0,1.0,3,1,1,2,2,0,1,0
336840,3545,0.0,5.0,1.0,8,3,1,2,7,0,1,0
336903,1305,0.0,3.0,0.0,6,2,1,1,5,0,1,0
337496,4240,0.0,0.0,0.0,1,1,1,1,0,0,1,0
338712,2435,0.0,0.0,0.0,2,1,1,1,0,0,2,0
339548,3571,0.0,4.0,0.0,5,1,1,1,3,0,2,0
339625,4282,0.0,3.0,1.0,3,2,2,2,2,0,1,0
339793,2565,0.0,0.0,0.0,12,4,1,4,8,0,1,3
339847,1399,0.0,5.0,1.0,3,1,1,1,2,0,1,0
339881,588,0.0,5.0,1.0,5,1,1,1,3,0,1,1
340239,4876,0.0,6.0,0.0,15,5,1,2,14,0,1,0
340750,323,0.0,0.0,1.0,9,3,1,2,8,0,1,0
340870,1742,0.0,5.0,0.0,7,4,1,2,6,0,1,0
340964,1049,0.0,2.0,1.0,5,1,1,3,4,0,1,0
341598,3965,0.0,2.0,0.0,1,1,1,1,0,0,1,0
341650,2505,0.0,3.0,1.0,2,1,1,1,1,0,1,0
341797,2068,0.0,2.0,1.0,13,1,1,1,12,0,1,0
342513,1608,0.0,0.0,0.0,7,1,1,1,5,0,2,0
343028,3152,0.0,4.0,0.0,46,14,2,2,39,0,3,4
34315,4044,0.0,0.0,0.0,12,4,3,1,11,0,1,0
343151,1102,0.0,5.0,1.0,4,3,1,2,3,0,1,0
343515,4733,0.0,4.0,0.0,2,1,1,1,0,0,1,1
344020,3965,0.0,3.0,0.0,6,3,1,1,4,0,2,0
344102,1719,0.0,3.0,1.0,23,6,2,1,21,0,2,0
344840,2422,1.0,2.0,1.0,29,13,6,1,28,0,1,0
34505,4378,0.0,6.0,0.0,6,3,2,2,3,0,3,0
345279,2149,0.0,3.0,0.0,43,4,1,7,41,0,1,1
345628,3472,0.0,2.0,0.0,5,1,1,1,4,0,1,0
34704,121,0.0,4.0,2.0,44,30,6,5,43,0,1,0
347078,3828,1.0,4.0,0.0,87,63,21,7,86,0,1,0
347194,1581,0.0,3.0,0.0,7,2,1,1,3,0,4,0
347433,2257,0.0,3.0,0.0,3,2,1,1,0,0,1,2
347724,361,0.0,3.0,0.0,3,1,1,2,1,0,1,1
347924,3614,0.0,4.0,1.0,1,1,1,1,0,0,1,0
348067,2565,0.0,3.0,0.0,5,1,1,2,4,0,1,0
348643,3088,0.0,6.0,0.0,5,1,1,1,4,0,1,0
348689,502,0.0,4.0,0.0,1,1,1,1,0,0,1,0
34882,3828,1.0,6.0,0.0,5,1,1,2,2,0,3,0
348829,3541,0.0,5.0,1.0,3,2,1,1,2,0,1,0
349171,2445,0.0,2.0,1.0,1,1,1,1,0,0,1,0
349727,1538,0.0,6.0,0.0,4,1,1,4,3,0,1,0
350545,1500,0.0,4.0,0.0,29,3,2,2,28,0,1,0
350825,588,0.0,0.0,0.0,27,5,1,2,24,1,1,1
351162,2559,0.0,3.0,0.0,8,6,5,2,7,0,1,0
351425,1340,0.0,3.0,1.0,3,2,2,2,2,0,1,0
351433,474,0.0,3.0,null,3,1,1,1,2,0,1,0
351715,2236,0.0,3.0,1.0,19,7,3,1,17,0,2,0
352009,3828,0.0,7.0,0.0,2,2,2,1,0,0,2,0
352282,2318,0.0,3.0,1.0,8,6,2,1,6,0,2,0
352306,2138,0.0,3.0,0.0,1,1,1,1,0,0,1,0
352415,2128,0.0,0.0,0.0,2,1,1,1,1,0,1,0
354060,4099,0.0,0.0,0.0,4,2,1,1,3,0,1,0
354202,357,1.0,2.0,0.0,2,1,1,1,1,0,1,0
354268,3016,1.0,2.0,1.0,20,15,10,2,19,0,1,0
355138,1526,0.0,0.0,0.0,1,1,1,1,0,0,1,0
355187,4648,0.0,2.0,0.0,2,1,1,1,1,0,1,0
355210,643,0.0,2.0,0.0,85,48,6,8,83,0,1,1
355431,4352,0.0,0.0,0.0,5,1,1,1,4,0,1,0
355657,962,0.0,3.0,1.0,5,2,2,1,3,0,2,0
355783,2639,0.0,4.0,0.0,2,2,1,1,0,0,2,0
356007,1875,0.0,0.0,0.0,1,1,1,1,0,0,1,0
356007,293,0.0,0.0,0.0,1,1,1,1,0,0,1,0
356113,2954,0.0,4.0,0.0,26,5,4,3,18,0,8,0
356638,2193,0.0,3.0,0.0,11,5,2,2,9,1,1,0
357050,1407,0.0,0.0,1.0,22,13,1,1,17,0,5,0
35714,145,0.0,3.0,0.0,1,1,1,1,0,0,1,0
357378,4282,0.0,0.0,0.0,15,3,2,4,14,0,1,0
357465,2313,0.0,4.0,0.0,5,1,1,2,4,0,1,0
357928,1485,0.0,4.0,0.0,13,7,2,2,10,0,3,0
358104,2511,0.0,0.0,0.0,5,2,1,1,4,0,1,0
358349,946,0.0,5.0,0.0,10,3,2,3,8,0,1,1
358813,1056,0.0,4.0,1.0,5,2,2,1,3,0,2,0
358883,1024,0.0,4.0,2.0,6,1,1,3,4,0,1,1
358954,3159,0.0,5.0,0.0,13,2,2,3,10,0,2,1
359117,2236,0.0,4.0,0.0,1,1,1,1,0,0,1,0
359752,3473,0.0,4.0,0.0,25,8,1,1,22,0,2,1
359836,1557,0.0,3.0,0.0,7,4,1,3,6,0,1,0
359848,1501,0.0,0.0,0.0,6,1,1,1,5,0,1,0
360192,4129,0.0,3.0,0.0,14,8,2,1,13,0,1,0
36041,4385,0.0,4.0,0.0,2,1,1,1,1,0,1,0
360652,2277,0.0,3.0,0.0,7,4,3,1,6,0,1,0
360696,1216,0.0,0.0,0.0,1,1,1,1,0,0,1,0
360962,846,0.0,2.0,1.0,7,4,1,1,5,0,2,0
361002,1489,0.0,0.0,0.0,1,1,1,1,0,0,1,0
361073,4131,0.0,3.0,1.0,4,1,1,2,3,0,1,0
362137,1272,0.0,6.0,0.0,5,1,1,1,4,0,1,0
362823,3614,0.0,4.0,0.0,26,20,13,1,22,0,4,0
362936,4687,0.0,6.0,1.0,2,1,1,1,1,0,1,0
363035,2872,0.0,0.0,0.0,14,9,7,1,13,0,1,0
36340,145,0.0,3.0,0.0,3,1,1,1,2,0,1,0
363568,1708,0.0,0.0,0.0,2,1,1,1,1,0,1,0
364230,1342,0.0,3.0,0.0,11,3,2,1,8,0,3,0
364336,474,0.0,4.0,1.0,1,1,1,1,0,0,1,0
365459,4073,0.0,3.0,0.0,12,2,2,2,11,0,1,0
365592,4049,0.0,3.0,0.0,4,2,1,1,3,0,1,0
365681,2238,0.0,4.0,0.0,5,2,2,3,3,0,2,0
365755,2313,0.0,4.0,0.0,7,2,2,1,6,0,1,0
365900,2160,1.0,3.0,0.0,13,2,2,1,7,0,6,0
36688,2791,0.0,3.0,0.0,15,4,1,2,13,1,1,0
36689,2294,0.0,5.0,0.0,4,1,1,3,3,0,1,0
367104,4642,0.0,4.0,0.0,4,1,1,2,3,0,1,0
367831,310,0.0,2.0,0.0,21,4,4,2,18,0,2,1
367939,1453,0.0,4.0,0.0,16,7,1,1,13,0,1,2
368496,3304,0.0,4.0,0.0,2,1,1,1,1,0,1,0
368690,2935,0.0,4.0,1.0,6,2,1,2,5,0,1,0
368693,1501,0.0,3.0,0.0,6,2,1,1,5,0,1,0
369330,4976,0.0,0.0,2.0,2,2,2,2,1,0,1,0
369679,2669,0.0,2.0,0.0,9,6,3,2,8,0,1,0
37106,2154,0.0,3.0,0.0,6,2,1,1,5,0,1,0
371955,3828,1.0,4.0,0.0,24,7,5,6,23,0,1,0
37227,1618,0.0,5.0,1.0,16,12,3,4,15,0,1,0
372596,4049,0.0,4.0,0.0,4,2,1,2,3,0,1,0
372627,605,0.0,5.0,0.0,6,1,1,4,5,0,1,0
372669,3085,0.0,4.0,0.0,4,4,2,2,0,0,1,3
372684,1726,0.0,3.0,0.0,7,2,2,1,5,0,2,0
372959,1892,0.0,3.0,0.0,25,14,4,1,24,0,1,0
372965,3828,0.0,0.0,0.0,2,1,1,1,1,0,1,0
373017,514,0.0,0.0,0.0,7,1,1,1,5,0,2,0
37319,2217,0.0,3.0,1.0,15,3,1,1,14,0,1,0
373245,3828,0.0,6.0,0.0,30,12,4,3,29,0,1,0
373369,2565,0.0,3.0,1.0,7,4,1,2,6,0,1,0
373476,1346,0.0,5.0,0.0,12,5,1,3,10,0,1,1
373787,4150,0.0,3.0,1.0,3,1,1,1,2,0,1,0
373851,2928,0.0,3.0,1.0,30,11,2,2,28,0,2,0
374108,2653,0.0,4.0,0.0,44,15,1,5,39,0,4,1
374158,3042,0.0,4.0,1.0,1,1,1,1,0,0,1,0
374426,2273,0.0,6.0,0.0,2,1,1,2,1,0,1,0
374981,4318,0.0,3.0,1.0,3,1,1,1,2,0,1,0
375108,2443,0.0,3.0,1.0,5,1,1,1,4,0,1,0
375237,2447,0.0,4.0,0.0,2,1,1,1,1,0,1,0
375263,784,0.0,3.0,0.0,2,2,2,1,0,0,2,0
375308,4282,0.0,4.0,0.0,8,8,5,2,6,0,2,0
375442,3073,0.0,0.0,0.0,2,1,1,1,1,0,1,0
375931,3794,0.0,3.0,0.0,7,3,1,1,5,1,1,0
37619,4083,0.0,0.0,0.0,4,1,1,2,3,0,1,0
376365,2824,0.0,5.0,0.0,5,2,2,1,4,0,1,0
37659,608,0.0,6.0,1.0,10,2,2,4,9,0,1,0
376685,4859,0.0,4.0,0.0,14,5,1,2,11,0,2,1
376781,3828,0.0,2.0,1.0,17,9,3,4,16,0,1,0
377233,4584,0.0,3.0,0.0,5,2,1,1,4,0,1,0
377780,2403,0.0,4.0,1.0,26,12,4,1,19,0,7,0
378717,4322,0.0,4.0,1.0,3,1,1,1,2,0,1,0
37880,1031,0.0,6.0,1.0,7,2,1,2,6,0,1,0
379443,3266,0.0,3.0,0.0,4,1,1,1,3,0,1,0
379444,3289,0.0,4.0,1.0,3,1,1,1,2,0,1,0
379837,3536,0.0,0.0,1.0,3,2,1,1,2,0,1,0
380471,4008,0.0,6.0,0.0,8,2,1,4,7,0,1,0
380484,2128,0.0,3.0,0.0,7,4,3,2,5,0,2,0
380564,798,1.0,3.0,0.0,27,7,6,1,23,0,4,0
380749,2390,0.0,0.0,0.0,6,1,1,2,5,0,1,0
38163,720,0.0,3.0,0.0,3,1,1,1,2,0,1,0
382243,900,0.0,3.0,1.0,4,1,1,1,0,0,4,0
382470,3828,0.0,0.0,0.0,6,5,4,3,3,0,2,1
382496,2856,0.0,3.0,0.0,4,1,1,1,3,0,1,0
382521,951,0.0,2.0,1.0,5,1,1,2,3,0,1,1
382657,1608,0.0,2.0,0.0,4,1,1,2,3,0,1,0
383090,4282,0.0,3.0,1.0,6,3,2,1,5,0,1,0
383225,3828,0.0,2.0,0.0,2,1,1,1,1,0,1,0
384,3689,0.0,3.0,2.0,3,1,1,3,2,0,1,0
384037,1892,0.0,5.0,0.0,18,10,5,2,15,0,3,0
38405,4173,0.0,4.0,2.0,71,30,8,6,56,0,2,13
384219,3042,0.0,4.0,0.0,17,4,2,4,15,0,2,0
384412,4858,0.0,4.0,1.0,7,2,1,1,6,0,1,0
384662,790,1.0,4.0,0.0,11,7,3,2,7,0,1,3
385645,4854,0.0,6.0,0.0,59,17,6,1,54,0,5,0
385653,120,0.0,4.0,1.0,3,1,1,1,2,0,1,0
385681,941,0.0,3.0,0.0,3,1,1,1,2,0,1,0
386360,2052,0.0,5.0,1.0,4,1,1,3,3,0,1,0
386411,1966,0.0,2.0,0.0,36,8,4,2,35,0,1,0
386483,3098,0.0,4.0,2.0,4,1,1,2,3,0,1,0
386629,2928,0.0,0.0,0.0,4,2,1,1,3,0,1,0
38671,1272,0.0,3.0,0.0,23,17,3,15,22,0,1,0
386805,594,0.0,2.0,0.0,1,1,1,1,0,0,1,0
386905,606,0.0,5.0,0.0,2,1,1,1,1,0,1,0
387880,1500,0.0,0.0,1.0,6,1,1,2,4,1,1,0
387913,3420,0.0,0.0,0.0,4,2,2,1,3,0,1,0
38800,4346,0.0,4.0,0.0,4,2,2,2,3,0,1,0
388094,4905,0.0,4.0,1.0,3,1,1,2,2,0,1,0
388856,1923,0.0,0.0,2.0,10,2,1,1,8,0,2,0
389597,1827,0.0,7.0,0.0,21,6,1,1,20,0,1,0
389672,219,1.0,0.0,0.0,2,1,1,1,1,0,1,0
389736,4044,0.0,0.0,0.0,11,3,2,1,10,0,1,0
390159,4079,0.0,3.0,0.0,9,3,3,2,7,1,1,0
390183,564,0.0,7.0,0.0,1,1,1,1,0,0,1,0
390535,3614,0.0,3.0,0.0,3,1,1,1,2,0,1,0
390610,121,0.0,5.0,0.0,6,5,3,4,4,0,1,1
390876,2938,0.0,3.0,0.0,5,1,1,1,4,0,1,0
391093,2608,0.0,3.0,1.0,5,3,1,1,4,0,1,0
391113,3392,0.0,4.0,1.0,5,2,1,2,4,0,1,0
391204,3826,0.0,3.0,1.0,11,3,1,2,10,0,1,0
39231,3401,0.0,null,null,2,1,1,1,1,0,1,0
392348,2318,0.0,4.0,1.0,1,1,1,1,0,0,1,0
392873,2242,0.0,4.0,2.0,3,2,2,3,2,0,1,0
393547,3098,0.0,5.0,0.0,13,8,2,1,12,0,1,0
394388,3682,1.0,6.0,1.0,6,1,1,1,5,0,1,0
394649,198,0.0,0.0,0.0,10,2,1,1,8,0,1,1
39516,2313,0.0,4.0,0.0,9,1,1,1,8,0,1,0
39517,3500,0.0,2.0,1.0,2,1,1,1,1,0,1,0
395704,3018,0.0,3.0,1.0,2,1,1,1,1,0,1,0
395743,3154,0.0,4.0,0.0,11,6,3,2,9,0,2,0
396059,2821,0.0,3.0,1.0,5,3,2,1,4,0,1,0
396395,1501,0.0,6.0,0.0,19,4,1,2,17,0,2,0
396880,3152,1.0,3.0,1.0,2,1,1,1,1,0,1,0
397108,4043,0.0,4.0,0.0,25,14,5,2,23,0,2,0
39727,2639,0.0,5.0,0.0,3,2,2,2,2,0,1,0
398219,2229,1.0,3.0,0.0,15,7,7,1,14,0,1,0
398277,3163,0.0,6.0,1.0,3,1,1,1,1,0,2,0
398743,3152,0.0,8.0,0.0,20,11,2,3,19,0,1,0
398759,4618,0.0,5.0,1.0,8,3,1,2,7,0,1,0
398787,598,1.0,2.0,1.0,3,3,2,1,0,0,1,2
399047,66,0.0,2.0,0.0,7,2,1,1,6,0,1,0
399053,3650,0.0,3.0,1.0,1,1,1,1,0,0,1,0
399201,3734,0.0,3.0,0.0,12,9,4,1,10,0,2,0
399433,2821,0.0,8.0,1.0,7,1,1,1,6,0,1,0
399557,1520,0.0,0.0,0.0,3,1,1,1,2,0,1,0
399697,4976,0.0,3.0,0.0,9,2,1,2,7,0,1,1
399843,3635,1.0,6.0,0.0,14,7,2,1,10,0,4,0
399862,3288,0.0,4.0,2.0,6,1,1,1,5,0,1,0
400793,4388,0.0,3.0,2.0,2,1,1,1,1,0,1,0
400820,4173,0.0,0.0,0.0,5,4,2,1,4,0,1,0
40159,2991,0.0,3.0,1.0,2,1,1,1,1,0,1,0
40186,1111,0.0,3.0,0.0,4,1,1,1,3,0,1,0
402188,3463,0.0,3.0,null,9,1,1,2,8,0,1,0
402277,337,0.0,0.0,0.0,27,11,3,3,25,0,2,0
402540,4173,0.0,4.0,0.0,24,14,4,3,23,0,1,0
402588,4705,0.0,2.0,0.0,6,6,6,1,0,0,6,0
402644,2454,0.0,5.0,0.0,2,1,1,1,1,0,1,0
402663,4864,0.0,4.0,1.0,15,8,2,2,13,0,1,1
402776,2226,0.0,2.0,0.0,2,1,1,1,1,0,1,0
403017,2320,0.0,5.0,0.0,4,2,2,3,3,0,1,0
403577,3163,0.0,3.0,1.0,3,1,1,1,1,0,2,0
40379,4976,0.0,2.0,1.0,3,1,1,1,2,0,1,0
403821,2217,0.0,0.0,0.0,3,2,2,1,2,0,1,0
403880,3971,0.0,5.0,1.0,4,1,1,1,3,0,1,0
404545,3670,0.0,7.0,1.0,1,1,1,1,0,0,1,0
404569,3734,0.0,3.0,0.0,30,11,3,1,28,0,2,0
405568,4976,0.0,6.0,0.0,11,4,1,6,10,0,1,0
405612,2273,0.0,5.0,0.0,4,1,1,1,3,0,1,0
405818,2721,0.0,3.0,0.0,13,5,3,2,11,0,2,0
405825,4818,0.0,3.0,1.0,2,1,1,1,1,0,1,0
405895,4858,0.0,4.0,0.0,9,1,1,3,8,0,1,0
406020,4471,0.0,2.0,1.0,1,1,1,1,0,0,1,0
406863,3898,1.0,4.0,1.0,6,1,1,2,5,0,1,0
407111,2128,0.0,4.0,0.0,1,1,1,1,0,0,1,0
407222,2928,0.0,4.0,0.0,17,7,4,4,15,1,1,0
407429,102,0.0,5.0,0.0,27,4,2,3,26,0,1,0
40782,4280,1.0,6.0,0.0,21,13,2,7,20,0,1,0
407918,4847,0.0,2.0,0.0,97,60,11,5,94,0,3,0
407975,3822,0.0,0.0,1.0,13,2,1,2,12,0,1,0
408404,4282,0.0,3.0,0.0,3,2,2,1,1,0,2,0
409051,4976,0.0,3.0,0.0,6,1,1,1,4,0,1,1
409579,842,0.0,2.0,1.0,4,1,1,1,3,0,1,0
409649,2537,0.0,0.0,0.0,4,4,2,1,0,0,4,0
409991,120,0.0,5.0,0.0,3,1,1,1,1,0,2,0
410149,3734,0.0,3.0,1.0,1,1,1,1,0,0,1,0
411354,1346,0.0,3.0,1.0,8,3,1,1,6,0,2,0
411728,1272,1.0,5.0,0.0,85,42,11,6,83,0,2,0
411810,3839,0.0,3.0,0.0,54,25,4,5,53,0,1,0
411814,1049,0.0,2.0,1.0,5,2,2,1,3,0,2,0
411914,4042,0.0,4.0,1.0,5,1,1,2,4,0,1,0
412008,4417,0.0,3.0,1.0,3,1,1,1,2,0,1,0
412250,4468,0.0,2.0,null,1,1,1,1,0,0,1,0
412487,301,0.0,3.0,0.0,5,1,1,1,0,0,5,0
412682,4950,0.0,3.0,0.0,1,1,1,1,0,0,1,0
412938,1102,0.0,3.0,0.0,18,7,5,4,14,0,1,3
413655,3734,1.0,4.0,0.0,15,7,4,2,14,0,1,0
413734,2935,0.0,3.0,0.0,3,1,1,1,2,0,1,0
413896,1056,0.0,0.0,0.0,107,44,20,10,95,1,5,6
414017,2343,0.0,5.0,0.0,5,2,1,1,4,0,1,0
414160,1399,0.0,2.0,1.0,11,1,1,2,9,1,1,0
414364,66,0.0,3.0,0.0,5,2,1,1,4,0,1,0
415092,4545,0.0,4.0,0.0,6,1,1,4,3,0,1,2
415356,806,0.0,4.0,0.0,2,1,1,1,1,0,1,0
415924,682,0.0,0.0,0.0,10,3,1,2,9,0,1,0
41647,145,0.0,0.0,0.0,3,1,1,1,2,0,1,0
417289,1393,0.0,3.0,0.0,2,2,2,2,1,0,1,0
418004,4043,0.0,0.0,0.0,5,2,2,2,4,0,1,0
418459,4861,0.0,5.0,1.0,2,1,1,1,1,0,1,0
418484,2991,0.0,5.0,2.0,8,4,1,1,6,0,2,0
418490,2128,0.0,4.0,0.0,12,1,1,4,10,0,1,1
418759,459,0.0,2.0,1.0,15,1,1,5,12,0,1,2
418840,3619,0.0,4.0,0.0,3,1,1,1,2,0,1,0
419002,2662,0.0,5.0,0.0,10,4,2,2,7,2,1,0
419664,3635,0.0,3.0,0.0,8,3,1,1,7,0,1,0
419960,141,0.0,5.0,0.0,1,1,1,1,0,0,1,0
42000,4044,0.0,3.0,0.0,18,11,4,4,16,0,1,1
420449,908,0.0,5.0,1.0,6,2,1,1,5,0,1,0
420501,1504,1.0,3.0,0.0,4,1,1,2,2,0,1,1
42073,4450,0.0,0.0,1.0,10,3,1,1,7,0,3,0
420824,2935,0.0,4.0,1.0,1,1,1,1,0,0,1,0
420929,3578,0.0,6.0,0.0,6,2,1,2,5,0,1,0
421239,1487,0.0,0.0,0.0,6,3,1,2,5,0,1,0
421338,1760,0.0,4.0,0.0,13,1,1,4,10,0,3,0
421896,676,0.0,7.0,1.0,2,1,1,1,1,0,1,0
422115,598,0.0,2.0,1.0,19,6,3,4,16,0,1,2
42220,4044,0.0,6.0,1.0,2,1,1,1,1,0,1,0
422320,995,1.0,3.0,2.0,3,1,1,1,2,0,1,0
422952,1640,0.0,3.0,0.0,7,3,2,3,5,0,1,1
422971,1310,0.0,3.0,0.0,10,4,3,1,9,0,1,0
423513,2565,0.0,0.0,1.0,3,1,1,1,2,0,1,0
423688,606,0.0,4.0,1.0,21,15,5,1,19,0,2,0
423892,1509,0.0,0.0,1.0,3,1,1,1,2,0,1,0
42499,3828,0.0,2.0,0.0,8,3,2,3,6,0,1,1
42736,2242,0.0,4.0,0.0,46,14,3,3,44,0,2,0
43091,3073,0.0,2.0,1.0,13,4,1,2,8,0,3,2
43116,4854,0.0,3.0,0.0,3,2,2,1,2,0,1,0
43441,1968,0.0,4.0,0.0,2,1,1,1,1,0,1,0
43964,4508,0.0,0.0,0.0,4,1,1,1,3,0,1,0
44012,3500,0.0,2.0,1.0,1,1,1,1,0,0,1,0
44064,1501,0.0,0.0,0.0,13,5,2,1,11,0,2,0
44080,587,0.0,5.0,0.0,3,1,1,1,2,0,1,0
44458,3898,0.0,0.0,2.0,4,1,1,2,3,0,1,0
45194,1131,0.0,3.0,1.0,4,3,2,2,3,0,1,0
45756,3462,0.0,4.0,0.0,5,1,1,3,4,0,1,0
45759,2448,0.0,3.0,0.0,8,1,1,1,7,0,1,0
45813,3484,0.0,6.0,0.0,8,3,1,3,7,0,1,0
46399,4173,0.0,4.0,0.0,11,4,2,4,10,0,1,0
46544,4571,0.0,6.0,0.0,57,22,3,4,54,0,3,0
46966,4850,0.0,4.0,2.0,16,8,4,3,14,0,1,1
46990,2854,0.0,0.0,1.0,4,1,1,1,3,0,1,0
47664,1557,1.0,3.0,0.0,6,4,2,2,5,0,1,0
48145,4578,0.0,4.0,0.0,3,1,1,1,2,0,1,0
48242,4607,0.0,4.0,0.0,1,1,1,1,0,0,1,0
48442,1736,0.0,6.0,1.0,13,4,2,7,11,0,1,1
4864,4760,0.0,3.0,0.0,14,3,3,3,11,0,3,0
48772,2424,0.0,3.0,0.0,9,3,1,3,8,0,1,0
48818,1751,1.0,3.0,1.0,40,14,2,7,37,0,1,2
48903,3014,0.0,4.0,0.0,2,1,1,1,1,0,1,0
49226,1890,0.0,6.0,0.0,2,1,1,1,1,0,1,0
49413,1102,0.0,3.0,0.0,52,25,6,10,50,0,1,1
49434,1514,0.0,3.0,0.0,4,1,1,3,3,0,1,0
49794,3623,0.0,2.0,1.0,6,1,1,1,5,0,1,0
50423,4090,0.0,0.0,0.0,5,3,1,1,4,0,1,0
50898,4554,0.0,6.0,0.0,7,1,1,3,6,0,1,0
50910,3152,0.0,4.0,0.0,29,11,2,3,25,0,2,2
5102,2935,0.0,3.0,1.0,4,1,1,1,3,0,1,0
51280,2790,0.0,5.0,2.0,5,1,1,1,4,0,1,0
51332,4258,0.0,6.0,0.0,9,2,2,1,8,0,1,0
51578,152,0.0,4.0,0.0,2,1,1,2,0,0,1,1
51782,133,0.0,4.0,0.0,3,1,1,2,2,0,1,0
52024,630,0.0,3.0,0.0,30,18,10,2,23,0,1,6
52101,2002,0.0,5.0,0.0,3,1,1,1,2,0,1,0
52450,3159,0.0,4.0,0.0,10,6,4,1,6,0,4,0
52542,3091,0.0,3.0,1.0,4,1,1,1,3,0,1,0
52557,2699,0.0,6.0,0.0,39,7,3,7,36,0,2,1
52800,3586,0.0,4.0,1.0,1,1,1,1,0,0,1,0
52960,3345,0.0,3.0,0.0,7,2,1,3,6,0,1,0
52962,3018,0.0,2.0,0.0,2,1,1,1,1,0,1,0
52963,14,0.0,4.0,0.0,9,8,3,2,8,0,1,0
53096,3835,0.0,5.0,1.0,3,1,1,1,2,0,1,0
53110,2664,0.0,3.0,0.0,9,5,2,2,7,0,2,0
53153,492,0.0,3.0,0.0,4,1,1,3,3,0,1,0
54030,3152,0.0,4.0,1.0,4,3,1,2,3,0,1,0
54190,598,0.0,2.0,1.0,34,7,3,5,33,0,1,0
54394,121,0.0,6.0,0.0,7,3,3,1,5,0,2,0
54838,4048,0.0,3.0,0.0,4,2,1,1,2,0,2,0
54889,1200,0.0,0.0,0.0,6,1,1,1,4,0,2,0
55067,4450,0.0,0.0,0.0,8,4,1,4,5,0,1,2
55299,191,0.0,4.0,2.0,4,1,1,2,2,0,1,1
55417,2138,0.0,3.0,0.0,7,4,3,2,6,0,1,0
55936,742,0.0,3.0,0.0,3,1,1,2,2,0,1,0
55953,1399,0.0,4.0,1.0,18,8,1,2,17,0,1,0
56192,4090,0.0,3.0,0.0,6,1,1,2,5,0,1,0
56290,2277,0.0,3.0,1.0,3,2,1,1,2,0,1,0
56592,1448,0.0,4.0,0.0,7,2,1,1,6,0,1,0
56623,698,1.0,6.0,0.0,8,1,1,1,7,0,1,0
56672,3828,0.0,0.0,0.0,35,13,5,4,34,0,1,0
57005,2031,0.0,4.0,1.0,15,4,2,6,12,0,1,2
57075,323,0.0,6.0,0.0,16,3,1,3,14,0,1,1
57326,2138,0.0,0.0,0.0,26,10,6,4,24,0,2,0
58420,3480,0.0,2.0,1.0,15,3,3,2,11,0,3,1
5906,2594,0.0,6.0,0.0,12,6,4,2,10,0,2,0
59202,268,0.0,4.0,1.0,12,3,2,4,9,0,1,2
59342,1825,0.0,0.0,0.0,12,1,1,1,11,0,1,0
59460,962,0.0,0.0,0.0,5,2,2,2,4,0,1,0
59532,641,0.0,5.0,0.0,22,11,4,1,21,0,1,0
59657,877,0.0,0.0,1.0,2,1,1,1,1,0,1,0
5979,548,0.0,4.0,0.0,40,10,1,6,32,0,1,7
60490,897,0.0,0.0,0.0,8,4,3,2,6,0,2,0
61167,4926,0.0,3.0,0.0,18,9,7,2,17,0,1,0
61954,812,0.0,0.0,0.0,3,2,1,1,2,0,1,0
62024,2721,0.0,3.0,0.0,1,1,1,1,0,0,1,0
62586,2546,0.0,0.0,1.0,5,1,1,1,4,0,1,0
62612,1963,0.0,5.0,1.0,12,9,1,3,11,0,1,0
62971,2821,0.0,3.0,2.0,9,3,2,1,8,0,1,0
63348,4368,0.0,5.0,1.0,3,1,1,1,1,0,2,0
63590,4034,0.0,4.0,0.0,5,3,3,3,3,0,1,1
63795,3941,0.0,3.0,0.0,17,4,2,1,13,0,1,3
63918,3955,0.0,3.0,0.0,2,1,1,1,1,0,1,0
64033,2786,0.0,2.0,0.0,10,1,1,3,9,0,1,0
64062,1861,0.0,0.0,0.0,3,1,1,2,2,0,1,0
64339,2108,0.0,4.0,0.0,5,1,1,1,4,0,1,0
64635,2242,0.0,4.0,0.0,2,1,1,1,1,0,1,0
65295,2768,0.0,5.0,0.0,10,4,3,1,9,0,1,0
65330,3472,0.0,2.0,0.0,6,3,1,1,5,0,1,0
65618,756,0.0,0.0,0.0,20,11,1,2,19,0,1,0
65626,3420,0.0,0.0,0.0,12,10,5,2,5,0,7,0
65917,2928,0.0,3.0,0.0,2,1,1,1,1,0,1,0
66158,1500,0.0,2.0,0.0,3,1,1,2,2,0,1,0
66280,2193,0.0,5.0,1.0,10,3,1,1,8,0,2,0
67247,646,0.0,7.0,1.0,2,1,1,1,1,0,1,0
67350,20,0.0,4.0,1.0,16,6,1,4,14,0,1,1
67562,698,1.0,0.0,0.0,2,2,2,1,0,0,2,0
67713,4101,0.0,7.0,1.0,19,7,2,1,18,0,1,0
68044,598,0.0,3.0,0.0,10,1,1,2,8,0,1,1
68333,4787,0.0,3.0,0.0,3,1,1,2,1,0,1,1
6835,4607,0.0,5.0,0.0,1,1,1,1,0,0,1,0
6838,3826,0.0,5.0,1.0,11,2,1,2,9,0,1,1
68663,1885,0.0,4.0,1.0,1,1,1,1,0,0,1,0
68897,570,0.0,0.0,0.0,20,5,3,6,19,0,1,0
68901,608,0.0,5.0,0.0,8,1,1,1,7,0,1,0
69775,1487,0.0,3.0,0.0,9,1,1,2,8,0,1,0
70105,361,0.0,7.0,1.0,12,5,2,2,10,0,1,1
70270,3062,0.0,2.0,0.0,13,5,1,1,12,0,1,0
70623,4992,1.0,4.0,2.0,6,4,1,1,5,0,1,0
7127,2208,0.0,3.0,0.0,1,1,1,1,0,0,1,0
71339,1090,0.0,3.0,0.0,24,2,1,2,23,0,1,0
71774,2108,0.0,3.0,1.0,6,1,1,2,5,0,1,0
71826,4605,0.0,2.0,0.0,2,1,1,1,1,0,1,0
72164,145,0.0,3.0,0.0,2,1,1,1,1,0,1,0
72691,2078,0.0,4.0,0.0,2,1,1,1,1,0,1,0
72897,3925,0.0,3.0,0.0,42,11,3,4,37,0,1,4
73204,1076,0.0,4.0,0.0,16,5,2,2,13,0,2,1
73477,798,0.0,0.0,0.0,4,3,2,1,3,0,1,0
73772,1000,0.0,6.0,0.0,7,1,1,2,6,0,1,0
7399,416,0.0,0.0,0.0,95,28,7,6,94,0,1,0
74125,2928,0.0,0.0,0.0,5,1,1,1,4,0,1,0
74195,4581,0.0,2.0,0.0,8,2,2,1,7,0,1,0
7453,2873,0.0,0.0,0.0,39,23,6,4,34,0,2,3
74981,3176,0.0,4.0,0.0,5,1,1,1,4,0,1,0
75270,437,0.0,5.0,0.0,3,2,1,2,0,0,1,2
75519,1910,0.0,6.0,0.0,16,5,3,3,12,0,1,3
75584,2592,0.0,3.0,0.0,4,2,2,1,3,0,1,0
75700,4641,0.0,0.0,0.0,1,1,1,1,0,0,1,0
75769,1890,0.0,4.0,1.0,4,3,1,1,3,0,1,0
75956,10,0.0,4.0,0.0,6,4,3,2,5,0,1,0
76716,621,0.0,4.0,0.0,4,1,1,2,2,0,1,1
76793,4173,0.0,3.0,0.0,60,23,8,7,59,0,1,0
76895,1964,0.0,0.0,1.0,9,3,3,2,7,1,1,0
78212,4173,0.0,3.0,0.0,10,9,5,2,0,0,1,9
78361,1491,0.0,0.0,0.0,7,3,2,1,6,0,1,0
78451,2928,1.0,5.0,0.0,13,8,4,3,11,0,1,1
79508,366,0.0,0.0,0.0,4,1,1,1,3,0,1,0
79793,2193,0.0,0.0,0.0,14,5,3,1,12,0,2,0
80393,1393,0.0,0.0,0.0,7,3,2,3,5,0,2,0
80608,2537,0.0,0.0,0.0,7,4,1,1,5,1,1,0
80663,3206,0.0,2.0,0.0,9,4,2,3,6,0,1,2
80699,4325,0.0,3.0,0.0,2,1,1,1,1,0,1,0
80709,1884,0.0,3.0,0.0,1,1,1,1,0,0,1,0
81116,2711,0.0,2.0,0.0,48,4,1,2,47,0,1,0
8116,3170,0.0,0.0,0.0,3,1,1,2,2,0,1,0
81218,3392,0.0,0.0,1.0,3,2,1,2,2,0,1,0
81240,1489,0.0,6.0,0.0,22,6,1,1,21,0,1,0
81521,1489,0.0,3.0,1.0,2,1,1,1,1,0,1,0
81661,3941,0.0,4.0,0.0,4,2,1,2,3,0,1,0
81706,598,0.0,3.0,1.0,14,4,2,3,13,0,1,0
81741,4894,0.0,3.0,1.0,3,1,1,1,2,0,1,0
82002,4129,0.0,3.0,1.0,12,8,4,2,11,0,1,0
82238,4091,0.0,3.0,0.0,5,2,1,1,4,0,1,0
82592,310,0.0,3.0,2.0,7,1,1,2,6,0,1,0
83331,4048,0.0,3.0,0.0,4,1,1,1,3,0,1,0
83849,1712,0.0,0.0,1.0,16,2,2,2,15,0,1,0
84204,1487,0.0,0.0,0.0,9,3,1,3,8,0,1,0
8455,3734,0.0,4.0,0.0,18,12,3,2,14,0,4,0
84601,915,0.0,3.0,0.0,80,27,3,9,76,0,1,3
847,508,1.0,5.0,0.0,6,1,1,2,5,0,1,0
8487,2681,0.0,8.0,1.0,4,2,2,2,3,0,1,0
85429,3968,0.0,3.0,0.0,4,2,2,1,3,0,1,0
85551,4818,0.0,3.0,1.0,23,11,5,3,22,0,1,0
85911,1468,0.0,0.0,0.0,6,1,1,2,4,0,1,1
85947,1134,1.0,4.0,2.0,11,3,3,5,8,0,1,2
86200,459,0.0,0.0,0.0,3,2,1,1,2,0,1,0
86541,598,0.0,2.0,1.0,4,1,1,1,3,0,1,0
86728,949,0.0,4.0,0.0,24,13,2,3,22,0,1,1
87165,3929,0.0,0.0,0.0,5,1,1,1,4,0,1,0
87370,2954,0.0,4.0,0.0,5,1,1,1,4,0,1,0
87814,361,0.0,0.0,0.0,20,5,1,4,17,0,1,2
87929,4413,0.0,3.0,0.0,5,3,3,1,4,0,1,0
88021,3136,0.0,4.0,0.0,7,5,2,1,6,0,1,0
88316,3828,1.0,0.0,0.0,1,1,1,1,0,0,1,0
88681,1500,0.0,4.0,1.0,8,3,2,2,7,0,1,0
88953,2954,0.0,0.0,1.0,1,1,1,1,0,0,1,0
88981,1583,0.0,0.0,1.0,3,2,2,1,1,0,2,0
89156,4771,0.0,3.0,0.0,8,2,1,1,6,0,1,1
89272,503,0.0,4.0,0.0,12,3,1,2,11,0,1,0
89346,2273,0.0,7.0,0.0,5,3,1,1,3,0,1,1
89476,4619,0.0,0.0,0.0,9,1,1,3,8,0,1,0
89832,361,0.0,0.0,0.0,50,30,4,3,48,0,1,1
89862,2149,0.0,6.0,0.0,19,4,1,11,17,0,1,1
90170,794,0.0,0.0,0.0,9,1,1,2,8,0,1,0
90220,1272,0.0,6.0,0.0,8,5,3,2,7,0,1,0
90225,4976,0.0,2.0,0.0,22,9,2,3,21,0,1,0
90697,1527,0.0,0.0,0.0,4,3,1,1,3,0,1,0
90884,1056,0.0,0.0,0.0,2,1,1,1,1,0,1,0
91026,1501,0.0,0.0,0.0,16,5,1,1,15,0,1,0
91306,742,0.0,0.0,0.0,11,2,2,2,9,1,1,0
91435,4394,0.0,4.0,1.0,8,1,1,4,7,0,1,0
91551,2273,0.0,4.0,1.0,17,3,1,4,15,0,1,1
91638,4848,0.0,0.0,0.0,14,3,1,2,13,0,1,0
92173,4783,0.0,5.0,0.0,18,4,4,7,14,0,3,1
93238,1056,0.0,3.0,0.0,61,7,5,3,54,3,2,2
9342,66,0.0,6.0,0.0,3,1,1,1,2,0,1,0
9366,4949,0.0,6.0,0.0,537,295,17,6,527,0,5,5
93684,4280,0.0,3.0,2.0,1,1,1,1,0,0,1,0
93834,4150,0.0,0.0,1.0,2,1,1,1,1,0,1,0
9399,2883,0.0,3.0,0.0,3,3,2,2,2,0,1,0
94004,4026,0.0,4.0,0.0,28,11,4,4,22,0,2,4
94272,3578,0.0,5.0,1.0,13,7,2,3,12,0,1,0
94366,4043,0.0,3.0,0.0,14,5,5,2,11,0,2,1
94558,145,0.0,3.0,0.0,14,4,1,2,11,0,3,0
94632,760,0.0,0.0,0.0,6,3,1,1,4,0,2,0
94797,219,0.0,2.0,0.0,15,3,1,2,13,0,2,0
95003,1708,0.0,0.0,0.0,1,1,1,1,0,0,1,0
95017,3462,0.0,2.0,0.0,1,1,1,1,0,0,1,0
95305,1760,0.0,6.0,0.0,3,1,1,1,2,0,1,0
95326,773,0.0,4.0,0.0,29,13,6,3,28,0,1,0
95709,4026,0.0,6.0,0.0,18,7,2,1,16,0,2,0
95768,166,0.0,7.0,1.0,3,1,1,2,2,0,1,0
95850,152,0.0,5.0,0.0,10,4,3,2,9,0,1,0
96084,2565,0.0,0.0,0.0,2,1,1,2,1,0,1,0
96325,3516,0.0,4.0,0.0,4,2,1,2,3,0,1,0
97589,2099,0.0,3.0,1.0,1,1,1,1,0,0,1,0
97628,3345,0.0,2.0,0.0,3,1,1,2,2,0,1,0
98172,2473,0.0,3.0,1.0,5,1,1,1,4,0,1,0
98370,2537,0.0,3.0,0.0,4,2,1,2,3,0,1,0
98493,2545,0.0,3.0,1.0,13,4,2,2,10,0,2,1
98679,2248,0.0,4.0,0.0,5,2,1,1,4,0,1,0
98855,4765,0.0,3.0,1.0,9,2,1,3,8,0,1,0
98900,4402,0.0,2.0,0.0,6,3,1,2,5,0,1,0
99152,2020,0.0,5.0,1.0,11,5,2,1,10,0,1,0
9919,1393,0.0,0.0,0.0,49,30,8,6,46,0,1,2
99294,2448,0.0,0.0,0.0,2,1,1,1,1,0,1,0
99566,1689,0.0,4.0,1.0,1,1,1,1,0,0,1,0
99602,3990,0.0,4.0,0.0,5,1,1,1,4,0,1,0
