1,1019,1.0,3.0,1.0,14,1,1,1,10,0,4,0
10018,3230,0.0,3.0,1.0,4,1,1,3,3,0,1,0
100325,3828,0.0,4.0,0.0,9,4,4,3,7,0,2,0
100332,4760,0.0,3.0,0.0,6,1,1,1,4,0,1,1
100335,4305,0.0,6.0,0.0,5,1,1,1,4,0,1,0
100548,361,1.0,0.0,0.0,46,26,3,2,45,0,1,0
100762,4474,0.0,3.0,0.0,4,1,1,1,3,0,1,0
101041,4368,0.0,6.0,1.0,5,2,2,1,4,0,1,0
101393,3968,0.0,6.0,0.0,1,1,1,1,0,0,1,0
101393,4427,0.0,6.0,0.0,1,1,1,1,0,0,1,0
101682,3828,0.0,3.0,0.0,24,13,3,6,7,0,3,14
101796,4044,0.0,0.0,0.0,26,16,2,1,25,0,1,0
102512,2158,0.0,4.0,0.0,5,2,1,2,4,0,1,0
102775,2081,0.0,0.0,0.0,2,1,1,1,1,0,1,0
103037,1167,0.0,6.0,1.0,10,6,2,1,8,0,2,0
103066,4118,0.0,3.0,1.0,7,1,1,3,6,0,1,0
103319,2047,0.0,4.0,0.0,5,1,1,2,3,0,1,1
103708,1039,0.0,0.0,0.0,4,1,1,1,3,0,1,0
104266,1485,0.0,2.0,0.0,2,2,1,1,0,0,2,0
104939,1890,0.0,3.0,0.0,5,2,2,1,3,0,2,0
105019,1491,0.0,0.0,0.0,5,4,2,1,4,0,1,0
106106,2669,0.0,2.0,0.0,7,5,3,1,6,0,1,0
106221,3152,0.0,3.0,0.0,3,1,1,2,2,0,1,0
106719,1212,0.0,0.0,0.0,5,1,1,2,4,0,1,0
107249,1742,0.0,0.0,1.0,6,1,1,1,5,0,1,0
107425,2036,0.0,7.0,1.0,3,1,1,1,2,0,1,0
107541,2459,1.0,3.0,0.0,29,3,2,4,27,0,1,1
107688,1200,0.0,5.0,0.0,11,6,3,2,7,0,4,0
107704,3623,0.0,2.0,0.0,2,1,1,2,0,0,1,1
107803,3469,0.0,4.0,0.0,1,1,1,1,0,0,1,0
108337,3826,0.0,0.0,1.0,5,1,1,1,4,0,1,0
108603,1841,0.0,3.0,0.0,8,6,4,4,5,0,2,1
109075,3672,0.0,3.0,1.0,7,1,1,3,5,0,1,1
109200,2664,0.0,6.0,0.0,20,10,5,5,19,0,1,0
109305,1352,0.0,2.0,1.0,8,4,3,3,5,0,3,0
109319,1353,0.0,0.0,0.0,10,5,4,1,9,0,1,0
109529,145,0.0,3.0,0.0,2,1,1,2,0,0,1,1
109597,3536,0.0,3.0,0.0,62,19,3,1,59,0,3,0
109624,326,1.0,4.0,0.0,9,2,2,1,8,0,1,0
110058,2403,1.0,0.0,0.0,5,4,2,2,0,0,4,1
110325,1500,0.0,6.0,0.0,2,1,1,2,1,0,1,0
111619,4173,1.0,3.0,0.0,12,6,2,1,11,0,1,0
111903,794,0.0,7.0,0.0,20,5,1,3,19,0,1,0
112879,3734,0.0,3.0,0.0,14,8,2,1,13,0,1,0
112971,3843,0.0,3.0,1.0,8,1,1,3,7,0,1,0
113617,1090,0.0,7.0,0.0,6,2,1,1,5,0,1,0
113932,1816,0.0,0.0,0.0,34,18,3,2,32,0,2,0
114505,2173,0.0,4.0,0.0,32,11,2,4,31,0,1,0
114647,4417,0.0,5.0,1.0,9,3,2,2,8,0,1,0
11504,3022,0.0,3.0,1.0,3,2,1,1,1,0,2,0
115421,4336,0.0,5.0,1.0,3,1,1,3,2,0,1,0
115796,1875,0.0,2.0,0.0,5,1,1,2,4,0,1,0
115917,2981,0.0,0.0,0.0,4,1,1,2,3,0,1,0
116126,1487,0.0,5.0,0.0,17,8,1,2,15,0,1,1
116175,4427,0.0,3.0,0.0,7,4,1,1,6,0,1,0
116385,3102,0.0,4.0,0.0,15,8,3,4,11,0,1,3
116689,168,0.0,4.0,0.0,7,4,1,2,0,0,4,3
116774,3323,0.0,5.0,1.0,2,1,1,1,1,0,1,0
117505,3650,0.0,3.0,0.0,7,3,1,3,6,0,1,0
117702,3004,0.0,4.0,0.0,26,8,3,7,21,0,1,4
118779,4594,0.0,0.0,1.0,2,1,1,1,1,0,1,0
11893,1784,1.0,4.0,0.0,12,9,7,2,8,0,4,0
119515,1150,0.0,4.0,1.0,5,1,1,2,4,0,1,0
119970,3828,1.0,2.0,0.0,2,1,1,1,1,0,1,0
120127,4513,0.0,4.0,1.0,4,1,1,2,3,0,1,0
120240,3828,0.0,0.0,0.0,149,66,14,7,142,0,4,3
120544,1501,0.0,5.0,0.0,5,3,2,2,3,0,2,0
121402,2108,0.0,3.0,1.0,7,2,1,2,5,0,1,1
1215,358,0.0,4.0,0.0,4,1,1,1,3,0,1,0
121797,1131,0.0,3.0,0.0,11,6,1,1,10,0,1,0
121805,1000,0.0,2.0,0.0,2,1,1,2,1,0,1,0
121836,98,0.0,2.0,0.0,10,3,3,2,9,0,1,0
121917,1890,0.0,0.0,0.0,7,1,1,1,6,0,1,0
122113,4385,0.0,2.0,0.0,1,1,1,1,0,0,1,0
122381,1892,0.0,4.0,0.0,34,17,7,3,30,0,3,1
123716,1831,0.0,3.0,0.0,3,1,1,1,2,0,1,0
124558,474,0.0,4.0,0.0,3,1,1,1,2,0,1,0
124942,1679,0.0,4.0,0.0,9,6,3,1,7,0,2,0
125211,2193,0.0,0.0,1.0,3,1,1,3,2,0,1,0
125369,346,0.0,3.0,0.0,12,2,1,2,10,0,1,1
126674,2448,0.0,0.0,0.0,1,1,1,1,0,0,1,0
127128,2445,0.0,3.0,0.0,8,4,2,1,7,0,1,0
127421,416,0.0,0.0,0.0,32,13,2,3,30,0,2,0
127944,1254,0.0,5.0,0.0,3,1,1,1,2,0,1,0
127992,2413,0.0,0.0,0.0,24,12,2,2,21,0,3,0
128253,3323,0.0,4.0,1.0,6,1,1,1,5,0,1,0
128288,1501,0.0,2.0,0.0,5,2,1,1,4,0,1,0
12860,3014,0.0,4.0,1.0,3,1,1,1,2,0,1,0
128757,2273,0.0,5.0,0.0,2,1,1,1,1,0,1,0
1293,606,0.0,4.0,0.0,6,3,2,1,5,0,1,0
129823,3271,0.0,5.0,1.0,11,3,2,4,9,0,1,1
130262,1910,0.0,3.0,0.0,5,1,1,1,4,0,1,0
130355,3476,0.0,0.0,0.0,8,6,4,4,6,0,2,0
130405,4481,0.0,7.0,0.0,5,1,1,2,4,0,1,0
130406,4670,0.0,0.0,0.0,21,13,3,4,19,0,2,0
130421,2669,1.0,2.0,0.0,1,1,1,1,0,0,1,0
131090,205,1.0,4.0,0.0,149,45,4,11,130,0,2,17
131303,3351,0.0,4.0,1.0,3,1,1,2,2,0,1,0
13205,4044,1.0,0.0,0.0,56,31,9,5,53,0,3,0
132332,2318,0.0,3.0,0.0,32,10,2,1,28,0,2,2
132487,1340,0.0,0.0,0.0,3,1,1,1,2,0,1,0
132504,378,0.0,4.0,0.0,1,1,1,1,0,0,1,0
133420,2403,0.0,4.0,0.0,2,1,1,1,0,0,2,0
133477,66,0.0,5.0,0.0,2,1,1,1,1,0,1,0
133552,3291,0.0,0.0,0.0,7,1,1,1,6,0,1,0
13419,4444,1.0,5.0,0.0,23,9,3,2,18,0,5,0
13421,4708,0.0,4.0,0.0,1,1,1,1,0,0,1,0
134380,2869,0.0,0.0,1.0,3,1,1,1,2,0,1,0
135048,2278,1.0,2.0,1.0,21,8,4,2,17,0,4,0
135053,4044,0.0,2.0,1.0,3,1,1,1,2,0,1,0
135539,1393,0.0,0.0,0.0,31,18,8,4,25,0,1,5
13568,4864,0.0,4.0,0.0,47,21,3,7,42,0,3,2
136178,3734,0.0,3.0,1.0,22,6,4,2,21,0,1,0
136355,946,0.0,7.0,null,29,17,4,5,26,1,1,1
136398,2545,0.0,6.0,0.0,34,15,5,4,30,0,3,1
136604,4368,0.0,6.0,0.0,4,1,1,2,3,0,1,0
136684,3623,0.0,4.0,0.0,6,2,1,2,5,0,1,0
1368,4394,0.0,4.0,0.0,3,1,1,1,2,0,1,0
137364,2592,0.0,3.0,0.0,4,2,2,1,0,0,2,2
137409,684,0.0,3.0,0.0,34,7,4,5,30,0,3,1
138337,1885,0.0,3.0,0.0,8,4,2,3,5,0,1,2
138873,1760,0.0,3.0,0.0,28,12,2,1,25,0,3,0
138955,4280,0.0,2.0,0.0,4,1,1,1,3,0,1,0
139114,1502,0.0,3.0,0.0,12,3,2,2,11,0,1,0
139371,4605,0.0,3.0,0.0,37,19,10,7,34,0,2,1
139499,2138,0.0,4.0,0.0,2,1,1,2,1,0,1,0
140069,3472,0.0,3.0,1.0,6,1,1,2,5,0,1,0
140609,1710,0.0,4.0,0.0,10,1,1,1,9,0,1,0
140999,4475,1.0,0.0,0.0,6,1,1,1,4,1,1,0
141501,3878,0.0,4.0,1.0,5,2,1,2,4,0,1,0
141518,1126,0.0,2.0,0.0,40,23,9,9,39,0,1,0
141850,1816,0.0,0.0,0.0,1,1,1,1,0,0,1,0
142005,332,0.0,3.0,1.0,2,1,1,1,1,0,1,0
14258,3102,0.0,4.0,0.0,55,19,9,6,48,0,4,3
142993,1262,0.0,4.0,1.0,5,1,1,1,3,0,2,0
143081,2436,0.0,5.0,1.0,8,3,3,1,6,0,2,0
143476,4079,0.0,5.0,1.0,1,1,1,1,0,0,1,0
143636,2928,0.0,0.0,0.0,1,1,1,1,0,0,1,0
144145,429,0.0,6.0,0.0,7,4,1,2,6,0,1,0
14425,1131,0.0,4.0,1.0,3,1,1,1,2,0,1,0
144837,2928,1.0,0.0,0.0,10,4,2,2,9,0,1,0
144922,2193,0.0,2.0,1.0,4,2,1,2,3,0,1,0
145163,2217,0.0,0.0,0.0,2,1,1,1,1,0,1,0
145250,3941,0.0,4.0,0.0,1,1,1,1,0,0,1,0
145855,4039,0.0,7.0,0.0,6,3,1,1,5,0,1,0
14598,1892,0.0,6.0,2.0,14,7,6,3,12,0,2,0
146012,2454,0.0,4.0,0.0,7,4,3,2,6,0,1,0
146335,588,0.0,0.0,0.0,1,1,1,1,0,0,1,0
146472,2441,0.0,2.0,0.0,5,1,1,1,4,0,1,0
146681,669,0.0,5.0,1.0,2,2,2,1,0,0,2,0
146802,2821,0.0,6.0,1.0,5,1,1,1,4,0,1,0
146941,2565,0.0,6.0,0.0,2,1,1,2,1,0,1,0
147111,968,0.0,0.0,0.0,1,1,1,1,0,0,1,0
147751,2154,0.0,2.0,0.0,2,1,1,1,1,0,1,0
148123,4173,0.0,4.0,0.0,10,2,1,1,9,0,1,0
148455,4287,0.0,0.0,0.0,21,7,4,3,19,0,1,1
148777,2149,0.0,3.0,0.0,14,5,1,2,12,0,2,0
149238,1049,0.0,3.0,1.0,3,2,2,2,2,0,1,0
149269,598,0.0,3.0,1.0,5,1,1,1,4,0,1,0
149301,1272,0.0,6.0,0.0,43,10,6,5,38,0,2,3
149344,3828,0.0,4.0,0.0,14,12,6,1,13,0,1,0
149459,4287,0.0,4.0,0.0,18,10,5,1,13,0,5,0
149750,3826,0.0,2.0,1.0,3,1,1,2,1,0,1,1
149841,1262,0.0,0.0,0.0,16,6,6,3,12,0,4,0
150144,2099,0.0,2.0,0.0,6,4,2,1,5,0,1,0
150221,1102,0.0,3.0,0.0,140,48,8,2,137,0,3,0
150413,121,0.0,5.0,0.0,14,10,3,1,13,0,1,0
15087,1134,0.0,3.0,0.0,5,1,1,2,4,0,1,0
151261,1752,0.0,5.0,1.0,16,8,3,1,9,0,7,0
151262,3472,0.0,0.0,1.0,5,1,1,1,4,0,1,0
151619,4926,0.0,4.0,1.0,5,1,1,2,4,0,1,0
151678,4050,0.0,4.0,1.0,2,1,1,1,1,0,1,0
151693,3734,0.0,3.0,1.0,27,14,8,2,24,0,2,1
151742,326,0.0,2.0,1.0,11,1,1,1,9,0,1,1
151789,2124,0.0,4.0,0.0,8,2,1,3,6,0,1,1
152798,682,0.0,5.0,1.0,5,2,2,1,3,0,2,0
153128,2047,0.0,5.0,0.0,6,4,2,1,5,0,1,0
153382,729,0.0,3.0,0.0,2,1,1,1,1,0,1,0
153549,1892,0.0,5.0,0.0,108,2,2,3,105,0,2,1
153729,4221,0.0,0.0,0.0,5,1,1,1,4,0,1,0
153944,3574,0.0,0.0,0.0,15,5,1,1,13,0,1,1
155208,4326,0.0,3.0,1.0,3,2,1,1,2,0,1,0
155226,643,0.0,2.0,0.0,7,2,1,1,5,0,1,1
155438,3766,0.0,4.0,1.0,17,9,5,2,13,0,2,2
155698,1472,0.0,2.0,0.0,13,5,1,1,12,0,1,0
155881,2698,0.0,3.0,1.0,7,5,1,1,5,0,2,0
156267,954,0.0,3.0,0.0,2,1,1,1,1,0,1,0
156583,2664,0.0,0.0,0.0,7,5,1,3,6,0,1,0
156980,2128,0.0,0.0,0.0,2,1,1,2,0,0,1,1
157333,2482,0.0,6.0,0.0,1,1,1,1,0,0,1,0
157509,4732,0.0,0.0,1.0,10,3,1,1,9,0,1,0
157634,361,0.0,6.0,1.0,17,3,1,3,14,0,1,2
157847,2318,0.0,3.0,1.0,1,1,1,1,0,0,1,0
158126,98,0.0,0.0,0.0,2,1,1,2,1,0,1,0
158473,3211,0.0,4.0,0.0,2,1,1,1,1,0,1,0
158548,3408,0.0,4.0,0.0,2,1,1,1,1,0,1,0
158567,4044,0.0,2.0,0.0,1,1,1,1,0,0,1,0
158605,4585,0.0,3.0,1.0,3,1,1,2,2,0,1,0
158956,2565,0.0,4.0,0.0,8,4,1,1,4,0,4,0
159561,1861,0.0,4.0,1.0,5,1,1,1,3,0,2,0
160152,2294,0.0,3.0,0.0,4,2,1,1,3,0,1,0
160321,1884,0.0,4.0,0.0,4,1,1,1,3,0,1,0
160349,4171,0.0,0.0,0.0,4,1,1,1,1,0,3,0
16044,4043,0.0,0.0,0.0,2,1,1,2,0,0,1,1
160651,689,0.0,0.0,null,5,1,1,1,3,1,1,0
160927,1203,0.0,3.0,1.0,19,9,3,3,16,0,1,2
161319,2140,0.0,3.0,0.0,19,6,1,3,15,0,1,3
161435,2786,0.0,6.0,1.0,2,1,1,1,1,0,1,0
161611,4655,0.0,2.0,0.0,29,14,3,5,28,0,1,0
161796,4173,0.0,0.0,1.0,103,15,5,3,101,0,2,0
162501,4558,0.0,4.0,1.0,1,1,1,1,0,0,1,0
163368,1968,0.0,0.0,0.0,1,1,1,1,0,0,1,0
163580,742,0.0,3.0,0.0,1,1,1,1,0,0,1,0
163760,4394,0.0,4.0,0.0,22,9,3,2,20,0,2,0
164073,2928,0.0,4.0,0.0,1,1,1,1,0,0,1,0
164137,3191,0.0,3.0,0.0,3,1,1,2,1,0,1,1
164549,3889,0.0,3.0,0.0,4,1,1,1,3,0,1,0
16470,1039,0.0,4.0,0.0,12,1,1,2,10,0,1,1
164713,1102,0.0,3.0,0.0,4,1,1,1,3,0,1,0
164816,606,0.0,4.0,0.0,61,47,11,5,59,1,1,0
164831,4542,0.0,0.0,0.0,6,2,1,2,4,1,1,0
165357,4992,0.0,2.0,0.0,9,5,1,1,7,0,2,0
166174,2173,0.0,0.0,0.0,7,2,1,4,6,0,1,0
166805,4616,0.0,0.0,0.0,8,3,3,4,6,0,1,1
167446,474,1.0,4.0,0.0,43,14,10,5,27,0,7,9
167714,1435,0.0,2.0,1.0,4,3,1,2,0,0,1,3
16816,402,0.0,3.0,0.0,1,1,1,1,0,0,1,0
168228,1263,0.0,4.0,1.0,4,2,1,1,3,0,1,0
168464,608,0.0,5.0,1.0,1,1,1,1,0,0,1,0
16867,1679,1.0,4.0,0.0,31,16,3,2,29,0,2,0
16867,3578,0.0,4.0,0.0,26,11,3,1,24,0,2,0
169207,1477,0.0,6.0,0.0,19,6,2,3,18,0,1,0
169233,798,0.0,3.0,0.0,48,14,6,1,45,0,3,0
169647,4860,0.0,0.0,null,1,1,1,1,0,0,1,0
169982,3793,1.0,0.0,1.0,2,2,2,2,1,0,1,0
169985,4324,0.0,3.0,1.0,57,15,2,5,51,0,6,0
170080,1916,1.0,8.0,1.0,12,6,2,3,10,0,1,1
170160,2124,0.0,0.0,0.0,89,33,1,7,79,0,1,9
170872,2769,0.0,3.0,0.0,3,1,1,1,2,0,1,0
171268,2636,0.0,5.0,0.0,1,1,1,1,0,0,1,0
171986,534,1.0,4.0,0.0,2,1,1,2,1,0,1,0
172008,4504,0.0,3.0,0.0,19,4,2,1,15,0,3,1
172569,548,1.0,4.0,0.0,7,4,1,1,6,0,1,0
172805,2217,0.0,2.0,0.0,7,1,1,1,6,0,1,0
172979,4427,0.0,3.0,0.0,3,1,1,1,2,0,1,0
173044,361,0.0,0.0,1.0,4,1,1,2,3,0,1,0
173189,1875,0.0,4.0,1.0,37,14,7,1,35,0,2,0
173247,1840,0.0,0.0,0.0,9,3,3,1,6,0,3,0
173748,2869,0.0,3.0,0.0,3,1,1,1,2,0,1,0
174125,3471,0.0,6.0,0.0,3,1,1,1,2,0,1,0
174136,4847,0.0,3.0,0.0,7,4,3,2,5,0,2,0
174440,2521,0.0,3.0,1.0,6,1,1,1,4,0,2,0
175153,798,0.0,8.0,0.0,11,3,2,3,8,0,2,1
175211,2664,0.0,0.0,0.0,4,2,1,1,3,0,1,0
175734,3936,0.0,3.0,1.0,1,1,1,1,0,0,1,0
17601,742,0.0,6.0,0.0,13,2,2,3,10,1,1,1
176068,1495,0.0,0.0,0.0,2,1,1,1,1,0,1,0
176826,191,0.0,0.0,2.0,45,23,9,5,44,0,1,0
178032,2928,0.0,5.0,1.0,8,4,2,2,6,0,2,0
178215,4221,0.0,2.0,0.0,9,3,1,1,8,0,1,0
178374,3608,0.0,3.0,0.0,7,1,1,2,5,0,2,0
178743,523,0.0,4.0,0.0,6,2,1,1,5,0,1,0
178806,3541,0.0,0.0,0.0,2,2,1,1,0,0,1,1
179057,2273,0.0,0.0,1.0,7,3,1,2,6,0,1,0
179448,1742,0.0,3.0,1.0,19,9,1,1,18,0,1,0
179832,3843,0.0,2.0,1.0,2,1,1,1,1,0,1,0
180380,3205,0.0,4.0,0.0,1,1,1,1,0,0,1,0
180564,4044,0.0,3.0,0.0,47,19,5,2,35,0,2,10
18116,1056,0.0,4.0,1.0,22,11,5,4,21,0,1,0
181252,3835,0.0,0.0,0.0,4,1,1,2,3,0,1,0
181441,2173,0.0,5.0,0.0,40,14,2,6,36,2,2,0
181700,3323,0.0,4.0,0.0,9,2,1,2,4,0,4,1
181829,2273,0.0,7.0,1.0,4,1,1,1,3,0,1,0
181998,1274,0.0,4.0,1.0,8,6,4,1,7,0,1,0
182053,2218,0.0,6.0,1.0,11,1,1,3,10,0,1,0
18224,2397,0.0,6.0,0.0,3,1,1,1,2,0,1,0
182462,1076,0.0,0.0,0.0,10,4,3,2,8,0,1,1
182707,2272,0.0,0.0,0.0,4,1,1,1,3,0,1,0
182746,2928,1.0,4.0,0.0,265,73,10,7,256,0,6,3
183185,4976,0.0,4.0,0.0,5,3,3,2,4,0,1,0
183456,3090,0.0,4.0,1.0,6,1,1,1,4,0,1,1
183590,3408,0.0,6.0,0.0,5,1,1,2,4,0,1,0
183954,3230,0.0,5.0,1.0,10,3,1,3,8,1,1,0
184242,1541,0.0,0.0,1.0,5,3,1,2,4,0,1,0
184653,2396,0.0,2.0,1.0,1,1,1,1,0,0,1,0
184797,4256,0.0,3.0,0.0,6,3,2,1,5,0,1,0
185533,1738,0.0,3.0,0.0,11,7,1,1,10,0,1,0
18557,2205,0.0,2.0,1.0,11,4,3,1,10,0,1,0
185715,2629,0.0,4.0,1.0,2,1,1,1,1,0,1,0
186098,2639,1.0,5.0,0.0,85,39,12,7,81,0,2,2
186429,2173,0.0,3.0,0.0,18,8,2,4,16,0,1,1
186565,534,0.0,5.0,0.0,1,1,1,1,0,0,1,0
186732,3968,0.0,0.0,0.0,4,1,1,1,3,0,1,0
187060,1664,0.0,3.0,0.0,2,1,1,1,1,0,1,0
187720,4659,0.0,2.0,0.0,30,11,6,2,24,0,6,0
187854,2537,1.0,3.0,0.0,4,2,2,1,3,0,1,0
18897,416,0.0,0.0,0.0,13,10,3,1,12,0,1,0
189636,323,0.0,5.0,1.0,2,2,1,1,1,0,1,0
190018,1056,0.0,3.0,1.0,6,4,4,2,4,0,2,0
190561,4618,0.0,null,null,4,2,1,1,3,0,1,0
191026,4346,0.0,0.0,0.0,4,2,2,1,3,0,1,0
191219,4480,1.0,4.0,0.0,20,16,3,6,19,0,1,0
191488,35,0.0,0.0,0.0,4,3,1,1,3,0,1,0
192012,4772,0.0,7.0,1.0,5,1,1,1,4,0,1,0
192136,2459,0.0,3.0,0.0,22,9,5,3,18,0,4,0
192277,1487,0.0,4.0,1.0,5,2,1,1,4,0,1,0
192279,437,0.0,5.0,0.0,83,28,1,1,82,0,1,0
192543,2305,0.0,0.0,0.0,3,1,1,1,2,0,1,0
192904,4727,0.0,2.0,1.0,4,1,1,1,3,0,1,0
193129,643,0.0,3.0,0.0,4,2,1,1,2,0,2,0
193265,3057,0.0,3.0,1.0,2,1,1,2,0,0,1,1
193641,259,0.0,2.0,1.0,3,2,2,1,2,0,1,0
194069,3835,0.0,6.0,1.0,4,3,1,1,2,0,2,0
194263,2594,0.0,2.0,0.0,14,10,3,4,10,0,1,3
19433,4282,0.0,4.0,0.0,10,4,3,3,8,0,1,1
194944,66,0.0,3.0,1.0,12,7,1,2,11,0,1,0
195722,3363,0.0,3.0,0.0,9,4,1,2,8,0,1,0
196450,3624,0.0,4.0,0.0,7,6,1,4,5,0,1,1
196878,2780,0.0,0.0,1.0,2,1,1,1,1,0,1,0
19720,2569,0.0,5.0,0.0,45,11,1,4,35,0,9,1
197269,1342,0.0,6.0,0.0,10,1,1,3,8,0,1,1
197315,2935,0.0,0.0,1.0,9,5,1,1,8,0,1,0
197535,1891,0.0,6.0,0.0,3,1,1,1,2,0,1,0
197621,2047,0.0,2.0,1.0,2,1,1,2,0,0,1,1
197775,4600,0.0,5.0,1.0,3,1,1,1,2,0,1,0
197839,416,0.0,4.0,0.0,8,7,2,2,7,0,1,0
197887,3350,1.0,4.0,0.0,2,1,1,1,1,0,1,0
197896,1740,0.0,3.0,1.0,1,1,1,1,0,0,1,0
197917,2099,0.0,4.0,0.0,4,1,1,2,3,0,1,0
198085,4173,0.0,2.0,0.0,26,15,5,4,25,0,1,0
198208,1162,0.0,5.0,0.0,41,19,13,4,32,0,5,4
198361,1679,0.0,0.0,0.0,1,1,1,1,0,0,1,0
198492,2409,0.0,0.0,0.0,33,10,5,3,31,0,2,0
198989,4234,0.0,4.0,1.0,4,1,1,1,3,0,1,0
19937,2856,0.0,0.0,0.0,11,2,1,1,10,0,1,0
199455,1056,0.0,3.0,0.0,5,3,3,3,4,0,1,0
199705,608,0.0,0.0,0.0,9,2,2,3,7,0,2,0
199969,3073,0.0,4.0,1.0,7,1,1,1,6,0,1,0
200147,1760,0.0,0.0,0.0,4,1,1,1,3,0,1,0
200232,4760,0.0,4.0,1.0,6,1,1,4,5,0,1,0
200291,4044,0.0,3.0,0.0,11,5,4,1,8,0,1,2
200532,293,0.0,0.0,0.0,2,1,1,1,1,0,1,0
20085,2537,0.0,2.0,0.0,12,3,1,2,11,0,1,0
20099,1618,0.0,4.0,1.0,6,3,1,2,5,0,1,0
201124,4258,0.0,6.0,0.0,5,3,1,1,3,0,2,0
201314,3734,0.0,3.0,1.0,17,9,5,1,15,0,2,0
20138,1695,0.0,3.0,0.0,1,1,1,1,0,0,1,0
201706,951,0.0,0.0,0.0,8,3,1,1,3,0,5,0
202717,310,0.0,2.0,0.0,10,2,2,3,9,0,1,0
20281,3126,0.0,5.0,0.0,2,1,1,1,0,0,2,0
20322,4841,0.0,7.0,1.0,3,1,1,1,2,0,1,0
203533,3474,1.0,0.0,0.0,4,3,2,1,3,0,1,0
203586,3545,0.0,3.0,0.0,6,1,1,1,5,0,1,0
204012,2709,0.0,4.0,2.0,14,4,2,1,9,0,1,4
204596,4639,0.0,0.0,0.0,2,1,1,2,1,0,1,0
204605,358,0.0,4.0,0.0,9,1,1,3,8,0,1,0
204870,3350,0.0,6.0,1.0,9,6,2,1,6,0,3,0
205056,1056,0.0,3.0,0.0,6,2,2,1,5,0,1,0
205309,429,0.0,4.0,1.0,14,6,1,2,13,0,1,0
205596,2138,0.0,3.0,1.0,6,3,2,1,5,0,1,0
205786,4976,0.0,4.0,0.0,2,2,1,1,0,0,2,0
205801,2821,0.0,0.0,0.0,9,2,2,2,8,0,1,0
205810,897,0.0,3.0,0.0,17,4,2,4,15,0,1,1
205838,4693,1.0,5.0,1.0,60,37,3,6,58,0,2,0
205958,3990,0.0,0.0,0.0,1,1,1,1,0,0,1,0
20635,760,0.0,6.0,0.0,14,4,1,4,12,0,2,0
206452,1393,0.0,3.0,0.0,7,4,4,1,6,0,1,0
206463,2031,0.0,4.0,0.0,3,1,1,1,2,0,1,0
20722,3862,0.0,2.0,1.0,1,1,1,1,0,0,1,0
207233,2454,0.0,0.0,1.0,5,2,2,2,3,0,2,0
207385,1500,0.0,5.0,0.0,1,1,1,1,0,0,1,0
207486,3619,0.0,3.0,1.0,3,1,1,2,2,0,1,0
207598,1618,0.0,3.0,0.0,8,2,1,2,7,0,1,0
208017,4992,0.0,3.0,0.0,14,5,1,2,12,0,1,1
208304,2403,0.0,6.0,0.0,44,16,2,1,40,0,4,0
208444,190,0.0,0.0,0.0,6,1,1,2,5,0,1,0
209054,4836,0.0,3.0,0.0,12,9,4,3,11,0,1,0
209144,4173,0.0,0.0,0.0,5,1,1,2,3,0,1,1
209243,156,0.0,4.0,0.0,39,8,4,1,35,0,3,1
20947,3018,0.0,3.0,1.0,8,1,1,2,6,0,1,1
209657,3472,0.0,3.0,1.0,18,6,3,3,17,0,1,0
209913,4545,0.0,0.0,0.0,19,3,1,4,18,0,1,0
210495,3200,0.0,0.0,0.0,2,1,1,1,1,0,1,0
210713,2173,0.0,6.0,0.0,3,2,1,2,1,0,2,0
210977,2608,0.0,5.0,0.0,1,1,1,1,0,0,1,0
211810,1704,0.0,0.0,0.0,10,4,1,1,9,0,1,0
211877,2872,0.0,5.0,0.0,5,1,1,3,4,0,1,0
21194,2397,0.0,3.0,1.0,15,11,4,4,11,0,2,2
212064,3471,0.0,6.0,0.0,4,1,1,3,3,0,1,0
213077,3085,0.0,3.0,0.0,4,3,2,1,3,0,1,0
213152,4760,0.0,2.0,1.0,4,1,1,1,3,0,1,0
213687,4594,0.0,3.0,0.0,1,1,1,1,0,0,1,0
214376,3765,0.0,4.0,0.0,4,2,1,1,2,0,1,1
2145,1760,0.0,0.0,1.0,1,1,1,1,0,0,1,0
214676,4444,0.0,6.0,1.0,12,8,3,2,10,0,2,0
214769,4073,0.0,2.0,0.0,9,2,2,1,8,0,1,0
214795,3472,0.0,4.0,0.0,4,1,1,1,3,0,1,0
215558,4659,0.0,3.0,0.0,9,2,1,3,8,0,1,0
215899,3734,0.0,4.0,0.0,2,1,1,1,1,0,1,0
216061,1000,0.0,0.0,1.0,2,1,1,1,1,0,1,0
216340,1742,0.0,0.0,0.0,9,1,1,2,8,0,1,0
216582,361,0.0,3.0,0.0,8,3,2,1,6,0,1,1
216678,508,0.0,0.0,0.0,18,8,1,2,16,0,2,0
216687,1117,1.0,2.0,0.0,1,1,1,1,0,0,1,0
217196,4090,0.0,2.0,0.0,2,1,1,2,1,0,1,0
218090,3563,0.0,4.0,0.0,4,2,1,1,3,0,1,0
218162,1916,0.0,6.0,0.0,19,4,1,2,11,0,6,2
218322,3585,0.0,4.0,0.0,7,2,2,3,5,0,1,1
21859,4765,0.0,3.0,1.0,3,1,1,1,2,0,1,0
21866,3938,0.0,2.0,1.0,4,2,1,1,3,0,1,0
218717,793,0.0,4.0,0.0,13,6,3,2,11,0,1,1
218929,3472,0.0,6.0,0.0,4,1,1,2,3,0,1,0
218965,586,0.0,0.0,0.0,47,33,5,3,45,0,2,0
219349,4270,0.0,4.0,1.0,17,7,4,3,15,0,2,0
219587,4976,0.0,0.0,0.0,9,6,1,1,8,0,1,0
220112,731,0.0,5.0,0.0,4,1,1,1,2,0,2,0
220127,4079,0.0,4.0,0.0,10,4,1,1,6,0,4,0
221247,1704,1.0,4.0,0.0,3,1,1,1,2,0,1,0
222286,1752,0.0,0.0,0.0,12,6,3,2,9,0,3,0
223022,1956,0.0,2.0,0.0,10,2,1,4,8,0,1,1
223305,4048,0.0,2.0,0.0,7,1,1,1,6,0,1,0
223399,1102,0.0,3.0,0.0,30,13,6,9,28,0,1,1
223440,4044,0.0,4.0,1.0,24,8,2,3,23,0,1,0
223624,1150,0.0,3.0,0.0,2,1,1,1,1,0,1,0
223760,3205,0.0,5.0,0.0,15,8,2,3,6,0,1,8
22402,2208,0.0,6.0,0.0,3,1,1,2,2,0,1,0
224130,2565,1.0,2.0,0.0,22,10,1,1,21,0,1,0
224946,1200,0.0,6.0,0.0,2,1,1,1,1,0,1,0
225097,4267,0.0,5.0,0.0,12,3,1,2,10,0,2,0
226796,4976,1.0,3.0,0.0,5,4,3,1,4,0,1,0
226844,1470,0.0,2.0,0.0,2,1,1,1,1,0,1,0
227453,3578,0.0,2.0,0.0,11,4,1,1,10,0,1,0
227466,2954,0.0,0.0,0.0,16,9,8,2,12,0,4,0
227522,4090,0.0,3.0,1.0,2,1,1,1,1,0,1,0
227678,663,0.0,6.0,0.0,29,13,7,2,26,0,3,0
227831,2108,0.0,4.0,0.0,10,3,1,2,9,0,1,0
228009,2447,1.0,4.0,0.0,33,4,2,4,31,0,2,0
228069,4616,0.0,4.0,0.0,3,1,1,2,2,0,1,0
228671,4584,0.0,0.0,1.0,3,1,1,1,2,0,1,0
228779,3022,0.0,3.0,0.0,3,2,1,1,2,0,1,0
229044,760,0.0,4.0,0.0,3,1,1,1,2,0,1,0
229105,3291,0.0,3.0,1.0,1,1,1,1,0,0,1,0
229376,1024,0.0,4.0,0.0,1,1,1,1,0,0,1,0
229462,2273,0.0,5.0,2.0,8,3,1,2,6,0,1,1
22950,3392,0.0,3.0,0.0,38,7,1,8,35,0,2,1
22969,798,0.0,3.0,1.0,2,1,1,1,1,0,1,0
229697,748,0.0,3.0,0.0,6,2,1,1,5,0,1,0
229768,812,0.0,3.0,0.0,2,1,1,2,1,0,1,0
229868,3588,0.0,3.0,0.0,4,1,1,2,3,0,1,0
231174,3839,0.0,3.0,0.0,23,9,2,1,20,0,1,2
231453,2217,0.0,3.0,0.0,6,1,1,1,5,0,1,0
231995,2454,0.0,0.0,0.0,9,3,3,1,8,0,1,0
232490,66,0.0,6.0,0.0,1,1,1,1,0,0,1,0
232643,4850,0.0,3.0,0.0,37,24,7,4,35,0,2,0
232930,1495,0.0,4.0,0.0,8,2,2,3,7,0,1,0
233104,2353,0.0,5.0,1.0,22,6,1,1,21,0,1,0
23332,145,0.0,0.0,1.0,10,1,1,2,7,0,1,2
233325,1092,0.0,6.0,1.0,6,3,3,2,5,0,1,0
233357,154,0.0,4.0,0.0,7,2,2,2,5,0,1,1
234055,4607,1.0,3.0,0.0,21,5,1,1,20,0,1,0
234176,4499,0.0,3.0,0.0,3,1,1,1,1,1,1,0
234292,4659,0.0,2.0,0.0,5,2,2,1,4,0,1,0
235083,1892,0.0,4.0,1.0,55,23,4,6,53,0,2,0
235235,3316,0.0,2.0,0.0,1,1,1,1,0,0,1,0
235537,669,0.0,3.0,1.0,20,14,2,2,19,0,1,0
235737,3329,0.0,2.0,0.0,3,1,1,1,1,0,1,1
235919,4079,0.0,5.0,0.0,32,9,3,1,26,0,6,0
236067,4149,0.0,4.0,0.0,2,1,1,1,1,0,1,0
236164,1784,0.0,3.0,1.0,3,3,3,1,0,0,3,0
23626,2879,0.0,3.0,0.0,6,2,1,2,5,0,1,0
236632,1393,0.0,4.0,0.0,12,9,4,2,11,0,1,0
236654,4173,0.0,4.0,0.0,1,1,1,1,0,0,1,0
236791,386,0.0,0.0,1.0,1,1,1,1,0,0,1,0
236865,4356,0.0,3.0,1.0,3,1,1,1,2,0,1,0
237113,1900,0.0,2.0,0.0,4,1,1,1,2,0,1,1
237384,1495,0.0,4.0,0.0,19,10,1,2,16,0,1,2
238464,3152,0.0,6.0,0.0,12,4,1,4,11,0,1,0
238577,2031,0.0,2.0,0.0,2,1,1,1,1,0,1,0
238643,2403,0.0,0.0,0.0,4,3,1,2,3,0,1,0
238806,1742,0.0,4.0,0.0,9,6,1,2,8,0,1,0
238977,437,0.0,6.0,0.0,4,1,1,1,3,0,1,0
239692,798,0.0,4.0,0.0,5,3,3,1,3,0,2,0
239940,121,1.0,4.0,0.0,15,7,3,2,11,0,4,0
239997,4860,0.0,2.0,1.0,5,1,1,1,4,0,1,0
24002,2619,0.0,0.0,1.0,3,1,1,1,2,0,1,0
240607,2443,0.0,7.0,1.0,7,2,1,1,6,0,1,0
240627,4022,0.0,4.0,0.0,5,1,1,1,4,0,1,0
242786,3152,0.0,4.0,0.0,5,4,1,1,4,0,1,0
243220,2131,0.0,0.0,0.0,9,3,1,2,8,0,1,0
243584,2640,0.0,5.0,1.0,2,2,2,2,0,0,1,1
243755,1491,0.0,2.0,0.0,13,4,2,2,11,0,1,1
244252,2994,0.0,2.0,0.0,3,1,1,2,1,0,1,1
24427,1742,0.0,3.0,0.0,13,5,1,2,11,0,2,0
244358,3819,0.0,3.0,1.0,4,1,1,1,3,0,1,0
244630,346,0.0,3.0,1.0,3,1,1,1,2,0,1,0
24488,2681,0.0,3.0,0.0,9,4,1,2,8,0,1,0
245535,3742,0.0,0.0,0.0,1,1,1,1,0,0,1,0
24562,1187,0.0,3.0,0.0,4,1,1,1,3,0,1,0
245826,1916,0.0,4.0,0.0,6,2,1,1,4,0,2,0
246028,1102,1.0,4.0,1.0,10,5,3,4,6,0,1,3
246573,4594,1.0,3.0,1.0,11,2,1,2,10,0,1,0
247056,3457,0.0,3.0,0.0,8,2,1,2,7,0,1,0
247244,145,0.0,3.0,1.0,3,1,1,1,2,0,1,0
24758,3578,0.0,5.0,0.0,26,9,1,1,24,0,2,0
247585,1494,0.0,4.0,1.0,3,1,1,1,2,0,1,0
248260,2403,0.0,4.0,0.0,51,30,4,6,41,0,1,9
248289,416,0.0,3.0,0.0,16,10,3,3,15,0,1,0
248311,630,0.0,0.0,0.0,41,16,10,5,36,0,1,4
248346,415,0.0,3.0,1.0,3,1,1,1,2,0,1,0
248473,547,0.0,6.0,1.0,7,3,1,2,5,0,1,1
248632,2102,0.0,0.0,0.0,1,1,1,1,0,0,1,0
248844,168,0.0,4.0,1.0,18,12,4,2,17,0,1,0
248886,4173,0.0,4.0,0.0,16,12,5,6,14,0,1,1
249063,1502,0.0,3.0,1.0,11,3,2,3,9,0,2,0
249157,4044,0.0,2.0,0.0,17,10,4,3,16,0,1,0
249346,1235,0.0,3.0,1.0,4,1,1,1,2,0,2,0
249679,1861,0.0,4.0,1.0,2,1,1,1,1,0,1,0
249837,3971,0.0,3.0,0.0,3,1,1,1,2,0,1,0
249906,4170,0.0,5.0,0.0,4,1,1,1,3,0,1,0
250518,742,0.0,3.0,0.0,3,1,1,1,2,0,1,0
250770,1939,1.0,0.0,0.0,3,1,1,2,1,0,1,1
250798,2,0.0,4.0,0.0,5,1,1,1,4,0,1,0
250975,4079,0.0,6.0,0.0,12,4,1,2,7,0,5,0
251005,102,1.0,3.0,1.0,5,2,1,2,3,1,1,0
25115,1890,0.0,4.0,0.0,7,3,1,4,5,0,1,1
25153,121,0.0,4.0,0.0,7,1,1,2,6,0,1,0
251538,2313,0.0,3.0,0.0,2,1,1,1,1,0,1,0
251587,481,0.0,0.0,1.0,3,1,1,1,2,0,1,0
251800,4468,0.0,2.0,0.0,2,1,1,1,1,0,1,0
251868,1749,0.0,3.0,0.0,3,1,1,1,2,0,1,0
252487,3476,0.0,4.0,0.0,2,2,2,1,0,0,2,0
253252,4097,0.0,0.0,0.0,13,6,2,4,12,0,1,0
253645,4090,0.0,3.0,0.0,5,1,1,1,4,0,1,0
254157,66,1.0,2.0,1.0,2,1,1,2,0,0,1,1
254227,4500,0.0,3.0,1.0,2,1,1,1,1,0,1,0
254686,343,1.0,0.0,0.0,17,8,4,4,14,0,3,0
257663,2928,0.0,4.0,1.0,8,3,2,4,7,0,1,0
257745,4270,0.0,0.0,0.0,2,1,1,2,1,0,1,0
258034,4178,0.0,4.0,0.0,7,4,2,2,6,0,1,0
258101,4173,0.0,4.0,0.0,9,5,3,2,8,0,1,0
258475,2639,0.0,5.0,1.0,16,9,5,1,13,0,3,0
259144,4282,0.0,2.0,0.0,3,1,1,1,2,0,1,0
259254,1131,0.0,3.0,0.0,33,16,3,2,30,0,1,2
260161,490,0.0,6.0,1.0,2,1,1,1,1,0,1,0
260807,3925,0.0,0.0,0.0,33,18,4,9,32,0,1,0
261140,4885,0.0,2.0,1.0,17,1,1,3,15,0,1,1
261246,4282,0.0,3.0,0.0,3,2,1,2,2,0,1,0
261462,403,0.0,0.0,0.0,9,7,1,2,8,0,1,0
261622,102,0.0,4.0,0.0,4,1,1,1,3,0,1,0
261840,3545,0.0,5.0,1.0,9,1,1,1,8,0,1,0
261920,798,0.0,2.0,0.0,14,5,3,1,13,0,1,0
261978,3828,0.0,3.0,0.0,6,2,1,2,5,0,1,0
262037,415,0.0,8.0,0.0,4,1,1,1,3,0,1,0
262147,3323,0.0,3.0,0.0,17,5,1,4,14,0,1,2
262149,2579,0.0,5.0,0.0,3,2,1,1,2,0,1,0
262290,1268,0.0,0.0,1.0,1,1,1,1,0,0,1,0
262336,1963,0.0,3.0,1.0,9,2,1,1,8,0,1,0
262359,3230,0.0,3.0,0.0,4,1,1,1,3,0,1,0
262672,3701,0.0,3.0,0.0,6,3,2,1,5,0,1,0
263296,414,0.0,0.0,0.0,10,3,1,4,8,0,1,1
263411,4926,1.0,4.0,0.0,5,4,4,2,4,0,1,0
263740,3826,0.0,0.0,1.0,2,1,1,1,1,0,1,0
264836,1056,1.0,0.0,2.0,46,25,10,1,38,0,8,0
264924,685,0.0,4.0,1.0,5,1,1,3,4,0,1,0
265099,588,0.0,4.0,1.0,8,4,1,3,6,0,1,1
265125,2545,1.0,4.0,1.0,11,7,3,1,9,0,2,0
265482,4607,0.0,4.0,2.0,37,20,2,1,33,0,4,0
265981,1499,0.0,0.0,0.0,1,1,1,1,0,0,1,0
266570,4270,1.0,4.0,1.0,3,1,1,2,2,0,1,0
267241,4282,1.0,4.0,1.0,10,4,2,1,9,0,1,0
267424,4270,0.0,4.0,0.0,9,7,4,1,4,0,5,0
268415,2397,1.0,4.0,1.0,1,1,1,1,0,0,1,0
268444,2537,0.0,2.0,0.0,2,1,1,1,1,0,1,0
269181,4966,0.0,5.0,1.0,2,2,2,1,0,0,2,0
269263,534,0.0,0.0,0.0,15,5,1,2,12,0,1,2
26981,606,0.0,4.0,0.0,98,40,8,4,95,2,1,0
27030,4605,0.0,0.0,0.0,11,4,4,1,8,0,3,0
271078,2954,0.0,0.0,0.0,14,8,6,3,12,0,2,0
271575,4039,0.0,4.0,0.0,8,1,1,1,6,0,1,1
272278,2976,0.0,6.0,0.0,4,1,1,1,3,0,1,0
272907,4525,1.0,0.0,0.0,19,10,2,4,14,0,3,2
273019,3288,0.0,5.0,1.0,1,1,1,1,0,0,1,0
273326,4394,0.0,5.0,0.0,16,6,2,4,15,0,1,0
273632,3936,0.0,0.0,0.0,2,1,1,1,1,0,1,0
273698,1594,0.0,4.0,0.0,10,5,1,1,9,0,1,0
273795,740,0.0,5.0,1.0,1,1,1,1,0,0,1,0
274480,534,0.0,0.0,1.0,14,1,1,4,12,0,2,0
274485,3835,0.0,4.0,0.0,1,1,1,1,0,0,1,0
274567,4048,0.0,0.0,0.0,4,2,1,1,3,0,1,0
274877,2601,0.0,3.0,1.0,1,1,1,1,0,0,1,0
274956,2127,0.0,6.0,0.0,6,2,2,1,3,0,2,1
275017,2954,0.0,4.0,0.0,5,1,1,1,4,0,1,0
275449,4760,0.0,3.0,0.0,2,1,1,2,1,0,1,0
275513,653,0.0,2.0,1.0,14,3,3,2,12,0,1,1
275642,121,0.0,5.0,0.0,5,2,1,1,4,0,1,0
275833,3200,0.0,4.0,1.0,2,2,2,1,0,0,2,0
276448,784,1.0,3.0,0.0,6,3,3,2,5,0,1,0
276811,2066,0.0,3.0,0.0,21,11,1,2,20,0,1,0
276892,4090,0.0,0.0,0.0,37,8,2,5,31,0,1,5
27690,3826,0.0,5.0,0.0,4,1,1,2,3,0,1,0
277164,437,0.0,0.0,1.0,5,4,2,1,4,0,1,0
277182,773,0.0,6.0,0.0,42,7,4,9,37,0,1,4
278049,424,0.0,3.0,0.0,7,2,2,1,6,0,1,0
27808,4388,0.0,4.0,0.0,5,1,1,1,4,0,1,0
278433,3734,0.0,0.0,0.0,6,3,2,2,5,0,1,0
278709,3319,1.0,6.0,1.0,5,4,3,1,4,0,1,0
279150,3822,0.0,3.0,0.0,4,2,2,2,3,0,1,0
279161,2664,0.0,6.0,0.0,4,2,2,2,2,0,2,0
279428,3055,0.0,3.0,1.0,9,2,1,1,8,0,1,0
279435,3549,0.0,4.0,0.0,8,2,1,3,7,0,1,0
279460,2545,0.0,4.0,1.0,16,8,3,2,12,0,1,3
280527,2799,0.0,4.0,0.0,3,1,1,1,2,0,1,0
280656,2318,0.0,3.0,1.0,4,2,1,2,3,0,1,0
28088,212,0.0,4.0,0.0,21,13,3,1,17,0,4,0
281125,4280,0.0,3.0,0.0,31,4,1,8,28,0,2,1
28114,2820,0.0,0.0,0.0,9,3,2,3,8,0,1,0
281342,1281,0.0,5.0,1.0,3,2,1,1,2,0,1,0
281844,121,0.0,5.0,2.0,38,20,7,3,33,0,5,0
282198,314,0.0,2.0,1.0,2,1,1,2,0,0,1,1
282699,4502,1.0,4.0,0.0,16,4,3,3,14,0,2,0
282852,2036,0.0,0.0,1.0,8,2,2,1,6,0,2,0
283537,1833,0.0,3.0,0.0,24,15,5,1,23,0,1,0
283630,4173,0.0,3.0,0.0,29,20,4,2,27,0,2,0
283737,263,0.0,null,null,2,1,1,1,1,0,1,0
283830,1031,0.0,3.0,0.0,2,1,1,1,0,0,2,0
284260,1501,0.0,4.0,0.0,3,1,1,1,2,0,1,0
284331,2014,0.0,5.0,0.0,20,12,3,2,18,0,2,0
284442,3965,0.0,3.0,1.0,2,1,1,2,1,0,1,0
284565,794,0.0,3.0,1.0,8,2,1,4,6,0,1,1
284858,390,0.0,5.0,0.0,2,1,1,1,1,0,1,0
28524,4048,0.0,0.0,0.0,4,2,1,1,2,0,2,0
285826,1190,0.0,3.0,0.0,10,2,1,1,9,0,1,0
286093,1892,0.0,3.0,0.0,21,10,3,4,16,0,3,2
286440,4760,0.0,3.0,1.0,3,1,1,1,2,0,1,0
286529,2537,0.0,3.0,1.0,6,4,1,2,5,0,1,0
286530,685,0.0,0.0,1.0,10,5,2,1,9,0,1,0
28683,4877,0.0,4.0,0.0,4,2,1,1,3,0,1,0
287034,2876,0.0,2.0,0.0,4,1,1,2,3,0,1,0
287160,3173,0.0,3.0,0.0,5,1,1,1,2,0,3,0
287248,2099,1.0,3.0,0.0,4,1,1,1,3,0,1,0
287294,4325,0.0,0.0,1.0,1,1,1,1,0,0,1,0
28745,968,0.0,3.0,0.0,8,3,3,1,6,0,2,0
287623,2608,0.0,3.0,0.0,9,2,1,3,7,0,2,0
287735,3990,0.0,6.0,0.0,16,4,1,4,15,0,1,0
288045,187,0.0,3.0,0.0,7,4,2,1,5,0,2,0
288270,4170,0.0,5.0,0.0,21,4,1,3,20,0,1,0
288376,2217,0.0,5.0,1.0,1,1,1,1,0,0,1,0
288455,66,0.0,4.0,1.0,7,1,1,1,6,0,1,0
288598,1281,0.0,3.0,0.0,4,1,1,1,3,0,1,0
288716,3127,0.0,4.0,1.0,7,3,1,4,5,0,2,0
289303,3835,0.0,5.0,0.0,66,31,4,1,63,0,3,0
289355,4783,0.0,4.0,0.0,5,1,1,4,4,0,1,0
28989,4326,0.0,2.0,0.0,5,2,1,1,4,0,1,0
290982,2775,0.0,2.0,0.0,4,1,1,1,3,0,1,0
291186,721,0.0,2.0,0.0,2,1,1,1,1,0,1,0
291327,897,0.0,4.0,0.0,2,2,2,1,0,0,2,0
291815,4499,0.0,0.0,0.0,5,1,1,1,4,0,1,0
29182,3635,0.0,0.0,1.0,9,2,1,1,8,0,1,0
292197,1520,0.0,6.0,0.0,1,1,1,1,0,0,1,0
29227,1552,0.0,0.0,1.0,5,4,1,1,4,0,1,0
292295,3105,0.0,2.0,0.0,1,1,1,1,0,0,1,0
292576,2397,0.0,0.0,0.0,9,5,2,1,8,0,1,0
292716,438,0.0,6.0,0.0,3,1,1,1,2,0,1,0
293796,3220,0.0,5.0,0.0,5,2,1,1,4,0,1,0
293802,361,0.0,4.0,0.0,12,2,1,3,9,0,1,2
293943,4305,0.0,0.0,0.0,14,2,1,2,13,0,1,0
294658,3609,0.0,3.0,0.0,13,2,1,3,12,0,1,0
295036,323,0.0,6.0,0.0,6,2,1,1,5,0,1,0
295635,1250,0.0,3.0,0.0,2,1,1,1,0,0,2,0
295995,4082,0.0,6.0,0.0,10,4,1,2,9,0,1,0
296018,1679,0.0,5.0,1.0,65,26,6,3,56,0,2,7
296068,2403,0.0,3.0,0.0,4,4,1,1,0,0,4,0
296095,412,0.0,6.0,0.0,6,4,3,1,5,0,1,0
296584,1502,0.0,3.0,1.0,6,1,1,2,4,0,2,0
297153,2810,0.0,0.0,0.0,6,1,1,1,5,0,1,0
297500,4079,0.0,5.0,0.0,11,6,1,1,9,0,2,0
298131,4368,0.0,2.0,1.0,5,1,1,1,4,0,1,0
298147,1470,0.0,4.0,1.0,7,2,1,1,6,0,1,0
298170,58,0.0,6.0,0.0,1,1,1,1,0,0,1,0
299197,588,0.0,3.0,0.0,2,1,1,1,1,0,1,0
299964,2031,0.0,5.0,0.0,4,1,1,1,3,0,1,0
300369,2482,0.0,2.0,0.0,8,4,3,3,6,0,1,1
300532,4044,1.0,2.0,0.0,58,41,10,8,48,0,2,8
30096,1628,0.0,3.0,0.0,2,1,1,1,1,0,1,0
301477,643,0.0,5.0,0.0,4,1,1,1,3,0,1,0
301935,4976,0.0,0.0,0.0,21,13,4,1,20,0,1,0
301977,2217,0.0,3.0,0.0,1,1,1,1,0,0,1,0
302538,3619,0.0,3.0,0.0,5,1,1,2,3,0,1,1
30277,4908,0.0,0.0,0.0,2,1,1,1,1,0,1,0
303600,1861,0.0,3.0,0.0,2,1,1,1,1,0,1,0
303917,4282,0.0,2.0,1.0,83,58,16,1,82,0,1,0
304132,1370,0.0,0.0,0.0,6,1,1,1,5,0,1,0
304193,2582,0.0,0.0,0.0,7,3,2,2,6,0,1,0
304557,4966,0.0,3.0,0.0,1,1,1,1,0,0,1,0
304581,1492,0.0,0.0,0.0,4,1,1,1,3,0,1,0
304968,4760,0.0,2.0,0.0,13,6,5,1,12,0,1,0
305262,1892,0.0,3.0,0.0,2,1,1,1,1,0,1,0
305497,145,0.0,2.0,0.0,20,9,3,4,16,3,1,0
305674,4061,0.0,5.0,0.0,4,1,1,1,3,0,1,0
306280,4287,0.0,2.0,0.0,1,1,1,1,0,0,1,0
306383,66,0.0,6.0,0.0,5,2,1,1,4,0,1,0
306480,605,0.0,3.0,0.0,2,1,1,1,0,0,1,1
306984,2669,0.0,3.0,2.0,1,1,1,1,0,0,1,0
307137,2579,0.0,0.0,0.0,8,2,1,1,7,0,1,0
307415,1501,0.0,2.0,1.0,16,7,2,4,11,0,1,4
307430,2447,0.0,6.0,0.0,5,1,1,4,3,0,1,1
307766,1679,0.0,4.0,0.0,41,29,5,2,40,0,1,0
308067,437,0.0,4.0,2.0,23,13,2,2,22,0,1,0
308346,1103,0.0,3.0,0.0,5,1,1,1,4,0,1,0
309221,742,0.0,0.0,null,10,6,3,2,9,0,1,0
30927,1141,0.0,2.0,0.0,19,2,1,1,17,0,1,1
309954,4760,0.0,0.0,1.0,11,6,4,2,10,0,1,0
310325,416,1.0,5.0,0.0,9,5,2,4,7,0,2,0
310934,1577,0.0,4.0,0.0,3,1,1,1,2,0,1,0
311272,1399,0.0,3.0,0.0,4,1,1,3,3,0,1,0
311300,3319,0.0,3.0,0.0,3,2,2,1,2,0,1,0
311507,1489,0.0,3.0,1.0,7,1,1,1,6,0,1,0
311515,598,0.0,3.0,1.0,5,3,2,1,4,0,1,0
312857,2413,0.0,4.0,0.0,28,15,6,3,27,0,1,0
312862,4605,0.0,2.0,0.0,7,4,2,1,0,0,3,4
313060,293,0.0,2.0,0.0,7,1,1,2,6,0,1,0
313092,4534,0.0,3.0,1.0,14,10,6,2,10,0,4,0
313194,954,0.0,0.0,0.0,8,2,1,1,4,0,4,0
313468,3578,0.0,4.0,1.0,17,3,1,3,12,0,2,3
313576,1520,0.0,6.0,0.0,3,1,1,1,2,0,1,0
313911,3288,0.0,6.0,0.0,4,1,1,2,3,0,1,0
313938,2664,0.0,2.0,0.0,25,8,2,2,22,0,3,0
314094,1102,0.0,3.0,1.0,58,31,8,3,56,0,2,0
314120,4731,0.0,4.0,1.0,6,2,2,1,5,0,1,0
314294,1102,0.0,5.0,0.0,17,8,3,4,16,0,1,0
314419,1875,1.0,4.0,0.0,50,20,4,3,39,0,6,5
314555,3828,0.0,2.0,0.0,9,2,2,6,7,0,1,1
315028,2928,0.0,4.0,1.0,16,7,2,2,15,0,1,0
315424,2562,0.0,0.0,0.0,3,1,1,1,2,0,1,0
316295,4427,0.0,3.0,0.0,19,7,1,2,18,0,1,0
316355,1520,0.0,4.0,2.0,2,1,1,2,0,0,1,1
316532,4026,0.0,4.0,1.0,37,4,1,5,34,0,1,2
316556,1250,0.0,0.0,0.0,6,1,1,2,4,0,1,1
316750,467,0.0,4.0,2.0,2,2,1,1,1,0,1,0
317846,798,0.0,2.0,0.0,61,26,14,8,55,0,1,5
318215,4760,0.0,3.0,1.0,4,1,1,2,3,0,1,0
318247,4287,0.0,0.0,2.0,10,4,3,2,8,0,1,1
318448,29,0.0,0.0,0.0,6,2,1,1,4,0,2,0
319123,4349,0.0,5.0,0.0,3,1,1,1,2,0,1,0
319466,4043,0.0,3.0,0.0,4,2,2,3,3,0,1,0
31993,3734,0.0,2.0,1.0,9,3,1,1,8,0,1,0
319933,4864,0.0,5.0,1.0,9,5,1,1,8,0,1,0
320261,2273,0.0,4.0,0.0,11,1,1,2,9,0,1,1
320398,915,0.0,2.0,0.0,2,1,1,2,1,0,1,0
320522,4818,0.0,0.0,1.0,34,17,6,1,32,0,2,0
321151,3108,0.0,5.0,0.0,9,6,3,1,8,0,1,0
321577,3727,0.0,4.0,0.0,23,15,1,3,19,0,1,3
322930,3473,0.0,4.0,0.0,27,9,2,3,26,0,1,0
323951,2592,0.0,6.0,1.0,7,3,3,3,6,0,1,0
324795,798,0.0,3.0,1.0,2,1,1,1,1,0,1,0
325966,4444,0.0,4.0,0.0,2,1,1,2,1,0,1,0
326264,148,0.0,6.0,0.0,9,5,5,1,7,0,2,0
32644,1679,0.0,4.0,2.0,12,2,2,1,10,0,2,0
326989,2403,0.0,4.0,0.0,10,7,1,2,9,0,1,0
327128,1875,0.0,0.0,1.0,9,6,3,2,7,0,2,0
32732,2901,0.0,4.0,0.0,16,9,2,1,15,0,1,0
327767,4818,0.0,3.0,1.0,22,8,4,2,21,0,1,0
32791,2629,0.0,6.0,0.0,1,1,1,1,0,0,1,0
328041,4118,0.0,3.0,1.0,6,4,1,1,5,0,1,0
328257,221,0.0,0.0,0.0,3,1,1,1,2,0,1,0
329002,2646,0.0,3.0,1.0,4,1,1,1,3,0,1,0
329014,4433,0.0,3.0,1.0,7,4,2,1,2,0,5,0
329073,606,0.0,4.0,0.0,7,1,1,2,5,0,1,1
329136,4755,0.0,3.0,0.0,5,1,1,1,4,0,1,0
329321,1318,0.0,4.0,0.0,34,15,7,3,32,0,2,0
329549,4499,0.0,5.0,0.0,36,17,2,5,22,0,1,13
329688,3734,0.0,7.0,0.0,6,2,2,2,5,0,1,0
329817,361,0.0,6.0,0.0,47,15,2,10,45,0,1,1
330414,1911,0.0,0.0,1.0,10,3,2,2,9,0,1,0
33051,2891,0.0,5.0,0.0,5,5,2,3,4,0,1,0
330898,4281,1.0,0.0,1.0,3,2,2,2,2,0,1,0
331092,2537,0.0,3.0,0.0,7,4,1,1,6,0,1,0
331293,3159,0.0,3.0,0.0,2,1,1,1,1,0,1,0
331499,2745,0.0,3.0,0.0,7,4,2,1,6,0,1,0
332425,4073,0.0,0.0,0.0,2,1,1,1,1,0,1,0
332763,265,0.0,0.0,0.0,16,3,1,1,13,0,3,0
332766,2928,0.0,0.0,0.0,14,10,4,4,13,0,1,0
333565,4040,0.0,4.0,0.0,10,6,4,1,8,0,2,0
334224,598,0.0,4.0,0.0,9,4,2,3,7,0,2,0
335469,897,0.0,0.0,0.0,2,1,1,2,1,0,1,0
335928,4258,0.0,6.0,0.0,3,1,1,1,2,0,1,0
335992,4183,0.0,6.0,1.0,20,8,1,1,19,0,1,0
336480,2821,0.0,0.0,0.0,5,2,2,1,3,0,1,1
336690,1102,0.0,2.0,1.0,3,2,2,2,1,0,1,1
336975,490,0.0,4.0,0.0,19,2,2,3,17,0,2,0
337061,2138,0.0,3.0,0.0,8,5,2,1,7,0,1,0
337903,4426,0.0,4.0,1.0,7,1,1,4,6,0,1,0
337961,4966,0.0,4.0,2.0,10,3,3,3,9,0,1,0
338771,4042,0.0,4.0,1.0,8,2,2,2,7,0,1,0
338828,2664,0.0,0.0,0.0,23,11,4,1,22,0,1,0
338874,4976,0.0,3.0,0.0,4,2,2,2,3,0,1,0
339101,1353,0.0,2.0,1.0,3,1,1,1,2,0,1,0
339203,3065,0.0,6.0,1.0,5,1,1,1,4,0,1,0
339221,2318,0.0,4.0,0.0,14,6,2,3,12,0,1,1
340558,2755,1.0,6.0,0.0,9,1,1,1,8,0,1,0
341017,2856,0.0,3.0,1.0,13,6,1,4,12,0,1,0
341399,2031,0.0,0.0,1.0,15,3,1,2,13,0,1,1
341889,1126,0.0,0.0,0.0,1,1,1,1,0,0,1,0
342847,1487,0.0,2.0,0.0,32,11,1,1,31,0,1,0
342978,2281,0.0,2.0,0.0,5,1,1,1,4,0,1,0
343614,4044,0.0,0.0,0.0,16,6,3,2,13,0,2,1
343657,2652,0.0,8.0,1.0,9,1,1,2,8,0,1,0
344177,2992,0.0,5.0,1.0,3,1,1,1,2,0,1,0
344278,3266,0.0,3.0,1.0,1,1,1,1,0,0,1,0
344327,2824,0.0,5.0,0.0,12,2,1,1,11,0,1,0
34443,403,0.0,3.0,1.0,6,1,1,2,5,0,1,0
344505,3828,0.0,5.0,2.0,4,2,2,1,3,0,1,0
345150,1997,0.0,0.0,0.0,4,2,1,2,3,0,1,0
345596,3822,0.0,3.0,0.0,2,1,1,2,0,0,1,1
345652,911,0.0,6.0,0.0,10,1,1,3,8,0,2,0
345817,4992,0.0,0.0,1.0,1,1,1,1,0,0,1,0
345966,2051,0.0,2.0,1.0,6,1,1,3,4,0,1,1
346145,4131,0.0,3.0,0.0,3,1,1,1,2,0,1,0
346274,1833,0.0,6.0,0.0,13,4,1,1,11,0,2,0
346699,4049,0.0,0.0,0.0,2,1,1,1,1,0,1,0
346721,1131,0.0,6.0,0.0,5,2,2,1,4,0,1,0
346739,2766,0.0,3.0,0.0,3,1,1,1,2,0,1,0
346961,3350,0.0,3.0,1.0,10,3,1,1,9,0,1,0
347021,1264,0.0,0.0,0.0,3,1,1,1,1,0,2,0
347654,2020,0.0,0.0,0.0,3,1,1,1,1,0,2,0
34802,1964,0.0,5.0,0.0,15,7,5,2,13,0,1,1
348092,168,0.0,4.0,0.0,1,1,1,1,0,0,1,0
348380,4043,0.0,6.0,0.0,3,1,1,1,2,0,1,0
348500,3734,0.0,3.0,1.0,43,6,2,3,39,3,1,0
348825,4336,0.0,3.0,0.0,3,1,1,1,2,0,1,0
349094,3578,0.0,5.0,0.0,2,1,1,1,1,0,1,0
349145,145,0.0,5.0,0.0,10,4,1,2,9,0,1,0
349348,4982,0.0,3.0,1.0,4,2,2,3,3,0,1,0
349862,3819,0.0,3.0,1.0,13,5,2,2,11,0,2,0
350029,2273,0.0,3.0,0.0,3,1,1,1,1,0,1,1
35004,481,0.0,0.0,0.0,2,1,1,1,0,0,1,1
350410,1679,0.0,3.0,2.0,9,5,2,1,8,0,1,0
350680,2108,0.0,2.0,0.0,21,2,1,4,19,0,1,1
350701,4584,0.0,3.0,1.0,3,1,1,2,2,0,1,0
35089,255,0.0,6.0,0.0,11,7,3,1,10,0,1,0
350938,3828,0.0,0.0,0.0,1,1,1,1,0,0,1,0
351929,3063,1.0,0.0,0.0,63,44,5,6,62,0,1,0
352304,1056,0.0,7.0,0.0,5,2,2,1,4,0,1,0
352680,1466,0.0,0.0,0.0,2,1,1,1,1,0,1,0
353215,3323,0.0,3.0,1.0,6,1,1,1,5,0,1,0
353292,4197,0.0,4.0,0.0,7,2,2,3,6,0,1,0
353446,1892,0.0,3.0,1.0,48,12,3,8,44,0,4,0
35429,3460,0.0,0.0,0.0,1,1,1,1,0,0,1,0
354360,2811,0.0,5.0,1.0,4,1,1,1,3,0,1,0
354419,3839,0.0,3.0,0.0,10,2,1,4,9,0,1,0
354628,242,0.0,6.0,0.0,8,3,2,1,7,0,1,0
35472,2447,1.0,0.0,0.0,17,8,2,3,16,0,1,0
354739,2255,0.0,6.0,2.0,1,1,1,1,0,0,1,0
354911,4048,0.0,0.0,0.0,9,1,1,2,8,0,1,0
355003,121,0.0,0.0,0.0,24,19,3,2,23,0,1,0
355065,4048,0.0,4.0,2.0,6,4,1,2,4,0,2,0
355077,3345,0.0,2.0,1.0,2,1,1,1,1,0,1,0
355083,4519,0.0,3.0,0.0,5,2,1,1,4,0,1,0
355237,4926,0.0,4.0,1.0,16,5,5,2,15,0,1,0
355353,4322,0.0,6.0,0.0,24,1,1,4,22,0,1,1
356297,3629,0.0,0.0,1.0,38,1,1,1,37,0,1,0
35647,1200,0.0,3.0,1.0,4,2,1,1,3,0,1,0
356796,2791,0.0,null,null,9,3,2,1,7,0,2,0
356867,4617,0.0,2.0,0.0,12,3,2,4,11,0,1,0
357334,1916,0.0,5.0,1.0,2,2,1,2,1,0,1,0
357474,1401,0.0,4.0,0.0,18,9,2,1,16,0,1,1
358161,121,0.0,5.0,0.0,24,18,9,1,22,0,2,0
358413,4558,0.0,3.0,1.0,7,3,2,1,4,0,3,0
358847,3961,0.0,3.0,0.0,7,2,1,2,5,0,1,1
35890,1102,0.0,3.0,1.0,3,1,1,1,2,0,1,0
359028,1111,0.0,0.0,0.0,5,1,1,1,3,0,2,0
359029,4708,0.0,4.0,0.0,23,9,7,2,19,0,4,0
359145,265,0.0,3.0,0.0,6,2,1,1,3,0,3,0
359161,3955,0.0,2.0,0.0,1,1,1,1,0,0,1,0
359596,742,0.0,5.0,0.0,1,1,1,1,0,0,1,0
35962,1963,0.0,2.0,1.0,10,2,2,2,9,0,1,0
359674,4578,0.0,3.0,0.0,3,1,1,2,2,0,1,0
359688,4589,0.0,5.0,0.0,2,1,1,1,1,0,1,0
360084,96,0.0,4.0,0.0,21,7,1,2,20,0,1,0
360313,1892,0.0,4.0,0.0,54,20,5,5,48,0,4,2
360529,3578,0.0,2.0,0.0,1,1,1,1,0,0,1,0
36057,2582,0.0,4.0,2.0,4,2,2,1,2,0,2,0
362179,2583,0.0,0.0,1.0,17,5,4,1,16,0,1,0
362337,2465,0.0,0.0,0.0,6,1,1,2,4,1,1,0
363279,1738,0.0,0.0,0.0,1,1,1,1,0,0,1,0
36341,414,0.0,6.0,0.0,44,13,7,12,42,0,2,0
363614,4659,0.0,3.0,1.0,3,1,1,2,2,0,1,0
363764,3472,0.0,3.0,1.0,1,1,1,1,0,0,1,0
363805,4976,0.0,3.0,0.0,19,8,4,1,16,0,3,0
363823,845,0.0,0.0,1.0,2,1,1,1,1,0,1,0
363964,1916,1.0,5.0,0.0,14,7,2,3,10,0,4,0
364209,3645,1.0,5.0,0.0,7,2,2,1,6,0,1,0
364255,1742,0.0,5.0,0.0,16,6,1,3,15,0,1,0
364423,3160,0.0,5.0,0.0,72,38,10,13,68,0,1,3
36454,3383,0.0,3.0,1.0,3,1,1,2,2,0,1,0
364669,4687,0.0,0.0,0.0,7,2,2,1,5,0,2,0
364820,1102,0.0,3.0,1.0,8,4,3,2,7,0,1,0
364842,1833,0.0,null,null,10,3,1,1,8,0,2,0
365008,1102,0.0,0.0,0.0,6,3,3,2,4,0,2,0
365257,3191,0.0,4.0,0.0,2,1,1,1,1,0,1,0
365638,3022,0.0,4.0,0.0,2,1,1,1,1,0,1,0
365713,3923,0.0,0.0,1.0,6,1,1,1,5,0,1,0
365750,2108,0.0,0.0,0.0,3,1,1,1,2,0,1,0
365792,1411,0.0,2.0,1.0,6,2,1,1,5,0,1,0
366365,2991,0.0,0.0,0.0,11,1,1,1,10,0,1,0
366566,96,0.0,5.0,0.0,58,25,4,6,44,0,4,10
366795,2452,0.0,0.0,0.0,7,1,1,2,6,0,1,0
367182,1454,0.0,6.0,0.0,6,2,2,1,5,0,1,0
367252,3065,0.0,5.0,0.0,9,2,1,1,8,0,1,0
36808,361,0.0,5.0,1.0,10,2,1,1,9,0,1,0
368194,2138,0.0,2.0,0.0,7,3,3,1,6,0,1,0
368423,1223,0.0,0.0,0.0,9,1,1,1,7,0,2,0
368794,4702,0.0,0.0,0.0,3,1,1,1,2,0,1,0
369018,308,0.0,6.0,0.0,3,1,1,1,2,0,1,0
369676,1678,0.0,0.0,1.0,2,1,1,1,0,1,1,0
369987,4079,0.0,3.0,0.0,11,5,1,2,9,0,1,1
370367,361,0.0,4.0,0.0,19,8,1,1,17,0,1,1
370568,2954,0.0,4.0,1.0,5,2,2,1,1,0,4,0
37072,1810,0.0,4.0,0.0,41,29,10,5,40,0,1,0
370880,2459,0.0,4.0,0.0,4,1,1,1,3,0,1,0
371415,3912,0.0,3.0,0.0,12,7,3,1,9,0,3,0
37167,793,0.0,2.0,0.0,9,2,1,2,8,0,1,0
372299,4647,0.0,2.0,1.0,2,1,1,1,1,0,1,0
372340,1547,0.0,6.0,0.0,4,1,1,1,3,0,1,0
373212,361,0.0,0.0,0.0,9,3,1,2,8,0,1,0
373238,4765,0.0,4.0,0.0,4,1,1,1,3,0,1,0
37327,2873,0.0,2.0,0.0,15,10,5,1,11,0,4,0
373667,1557,0.0,3.0,2.0,3,1,1,1,2,0,1,0
373977,2303,0.0,5.0,1.0,39,18,1,5,36,0,2,1
374067,653,0.0,null,null,20,8,3,1,17,0,2,1
374563,2318,0.0,4.0,1.0,13,3,2,4,11,0,2,0
375253,1522,0.0,6.0,0.0,31,9,2,2,30,0,1,0
375333,1452,0.0,0.0,0.0,45,28,4,4,43,0,1,1
375609,1093,0.0,0.0,1.0,10,4,2,2,9,0,1,0
376116,4240,0.0,2.0,1.0,3,1,1,1,2,0,1,0
376243,1659,1.0,0.0,0.0,7,2,1,2,6,0,1,0
376937,3878,0.0,4.0,1.0,4,1,1,3,2,0,1,1
377163,682,0.0,3.0,0.0,2,2,2,1,0,0,2,0
377168,2664,0.0,6.0,0.0,9,6,1,1,8,0,1,0
377506,2318,0.0,0.0,0.0,7,2,2,1,6,0,1,0
37762,1895,0.0,0.0,0.0,8,2,2,1,5,0,2,1
37779,2031,0.0,2.0,1.0,2,1,1,1,1,0,1,0
377956,2928,0.0,0.0,0.0,7,3,1,1,5,0,2,0
378141,3965,0.0,0.0,1.0,3,2,1,1,1,0,2,0
378807,4137,0.0,3.0,0.0,3,1,1,1,2,0,1,0
379214,598,0.0,4.0,0.0,6,4,2,2,5,0,1,0
379675,2217,0.0,2.0,0.0,19,7,2,2,18,0,1,0
379752,897,0.0,3.0,0.0,5,1,1,1,4,0,1,0
379875,1618,0.0,5.0,1.0,3,1,1,3,2,0,1,0
379907,4322,0.0,4.0,1.0,3,1,1,1,2,0,1,0
380517,4149,0.0,4.0,1.0,3,1,1,1,2,0,1,0
380531,3452,0.0,0.0,0.0,2,1,1,1,1,0,1,0
380603,2669,0.0,0.0,0.0,2,1,1,1,1,0,1,0
380610,989,0.0,0.0,0.0,5,2,2,1,4,0,1,0
380683,3809,0.0,6.0,1.0,11,5,4,2,9,0,2,0
381507,1885,0.0,4.0,0.0,3,2,2,2,2,0,1,0
381615,2928,0.0,0.0,0.0,10,6,2,2,8,0,1,1
382077,2791,0.0,7.0,0.0,4,1,1,1,3,0,1,0
382347,4585,0.0,4.0,0.0,4,2,2,1,3,0,1,0
382828,145,0.0,0.0,1.0,2,1,1,1,1,0,1,0
383691,1884,0.0,3.0,0.0,1,1,1,1,0,0,1,0
383965,621,0.0,3.0,2.0,2,1,1,1,1,0,1,0
384017,3629,0.0,6.0,1.0,1,1,1,1,0,0,1,0
384067,1168,0.0,2.0,0.0,4,1,1,1,3,0,1,0
384877,3578,0.0,0.0,0.0,8,4,1,4,7,0,1,0
385600,3609,0.0,4.0,0.0,5,2,2,1,4,0,1,0
385600,897,0.0,4.0,0.0,8,1,1,1,6,0,1,1
385765,2746,1.0,0.0,0.0,11,2,2,2,10,0,1,0
386405,2126,0.0,3.0,0.0,6,2,1,1,5,0,1,0
386845,1861,1.0,4.0,0.0,10,6,2,1,9,0,1,0
38723,4282,0.0,4.0,1.0,42,28,11,5,39,0,1,2
387940,639,0.0,3.0,0.0,10,4,1,1,9,0,1,0
388058,1987,0.0,3.0,0.0,2,1,1,1,1,0,1,0
388407,1565,0.0,5.0,2.0,3,1,1,1,1,0,1,1
388444,817,0.0,0.0,0.0,5,1,1,1,4,0,1,0
389314,4173,0.0,2.0,0.0,38,19,6,7,32,0,2,4
389372,2592,0.0,2.0,0.0,2,1,1,1,1,0,1,0
389590,145,0.0,0.0,0.0,5,2,1,2,4,0,1,0
389895,1393,0.0,0.0,0.0,125,33,10,9,109,0,2,14
389956,4348,0.0,5.0,0.0,9,3,1,2,7,0,1,1
389957,426,0.0,2.0,1.0,3,1,1,1,2,0,1,0
390035,4196,0.0,2.0,1.0,3,1,1,1,2,0,1,0
390351,3230,0.0,3.0,0.0,8,5,1,3,7,0,1,0
390846,2443,0.0,7.0,0.0,5,3,1,1,4,0,1,0
391201,1890,0.0,3.0,0.0,12,8,2,3,10,0,1,1
391741,4629,0.0,6.0,0.0,2,1,1,1,1,0,1,0
391759,951,0.0,0.0,0.0,2,1,1,2,0,0,1,1
391841,4850,0.0,5.0,0.0,8,5,3,3,6,0,2,0
392186,1346,0.0,4.0,1.0,6,2,1,2,3,0,1,2
392680,2138,0.0,2.0,0.0,61,25,9,4,57,0,1,3
392846,2928,0.0,4.0,0.0,12,3,3,5,11,0,1,0
393381,4494,1.0,2.0,1.0,7,2,1,1,6,0,1,0
393479,1501,0.0,5.0,0.0,11,3,3,2,8,0,2,1
393614,133,0.0,0.0,0.0,24,7,1,3,21,0,1,2
393785,2173,0.0,3.0,0.0,12,3,1,5,11,0,1,0
393953,2403,0.0,3.0,0.0,4,3,1,2,0,0,3,1
394239,3865,0.0,0.0,0.0,4,4,4,1,0,0,4,0
394246,4638,0.0,0.0,0.0,2,1,1,1,1,0,1,0
39426,4607,0.0,3.0,0.0,18,12,4,2,17,0,1,0
394335,535,0.0,0.0,0.0,5,3,1,1,4,0,1,0
394360,4280,0.0,3.0,0.0,2,1,1,1,1,0,1,0
394402,2664,0.0,3.0,1.0,13,10,2,1,12,0,1,0
394967,3941,0.0,5.0,1.0,26,6,2,5,23,0,1,2
39503,35,0.0,4.0,0.0,5,3,1,1,4,0,1,0
39530,474,0.0,4.0,0.0,1,1,1,1,0,0,1,0
395829,1703,0.0,4.0,1.0,9,4,1,3,7,0,1,1
396702,3910,0.0,2.0,0.0,18,7,4,2,16,0,2,0
397312,794,0.0,3.0,0.0,1,1,1,1,0,0,1,0
397488,3815,0.0,4.0,1.0,13,3,2,1,12,0,1,0
397780,4042,0.0,4.0,1.0,2,2,1,1,0,0,2,0
398062,4760,0.0,3.0,0.0,3,2,2,2,1,0,2,0
399678,575,0.0,0.0,1.0,5,1,1,1,2,0,3,0
399746,4048,0.0,2.0,1.0,1,1,1,1,0,0,1,0
399785,3065,0.0,0.0,0.0,2,1,1,1,0,0,2,0
399799,2450,0.0,7.0,0.0,6,2,1,1,5,0,1,0
400083,63,0.0,3.0,0.0,1,1,1,1,0,0,1,0
400089,4950,0.0,4.0,0.0,13,4,3,2,9,0,1,3
400912,2036,0.0,2.0,1.0,3,1,1,1,2,0,1,0
400928,4221,1.0,2.0,0.0,12,4,1,1,10,0,2,0
400958,742,0.0,4.0,1.0,6,1,1,1,4,0,2,0
401143,1487,0.0,5.0,0.0,7,2,1,3,6,0,1,0
401872,748,1.0,6.0,1.0,5,4,2,1,4,0,1,0
401965,1485,0.0,2.0,1.0,8,1,1,2,7,0,1,0
402034,2403,1.0,5.0,0.0,6,5,5,4,5,0,1,0
402186,4044,0.0,3.0,0.0,24,10,4,2,20,0,2,2
402247,2217,0.0,6.0,0.0,9,2,1,2,8,0,1,0
402402,1760,0.0,3.0,2.0,12,4,1,1,10,0,2,0
403075,1892,0.0,4.0,0.0,4,3,2,2,2,0,2,0
403330,1618,1.0,5.0,0.0,13,8,3,4,11,0,2,0
403721,2286,0.0,2.0,0.0,4,1,1,1,1,0,3,0
404471,1742,0.0,5.0,0.0,7,3,1,1,6,0,1,0
404475,897,0.0,0.0,0.0,15,1,1,3,14,0,1,0
404851,671,0.0,4.0,0.0,9,8,6,2,8,0,1,0
405431,967,0.0,0.0,1.0,5,3,2,2,4,0,1,0
405490,3042,0.0,4.0,0.0,12,8,7,3,9,0,3,0
405543,2341,0.0,4.0,0.0,2,1,1,1,1,0,1,0
406310,120,0.0,2.0,0.0,13,5,1,3,12,0,1,0
406899,4864,0.0,4.0,1.0,13,7,1,2,12,0,1,0
406930,1283,0.0,2.0,0.0,7,1,1,4,6,0,1,0
407440,2318,0.0,3.0,0.0,3,1,1,2,1,0,1,1
4076,3965,0.0,6.0,0.0,22,6,1,2,20,0,2,0
407877,1755,0.0,6.0,1.0,1,1,1,1,0,0,1,0
407969,2099,0.0,2.0,0.0,1,1,1,1,0,0,1,0
408326,2236,0.0,4.0,0.0,7,3,3,2,5,0,2,0
409126,2664,0.0,6.0,0.0,15,10,3,1,14,0,1,0
409277,1875,0.0,4.0,0.0,45,23,6,6,40,0,5,0
40933,606,0.0,3.0,0.0,3,1,1,3,1,0,1,1
409454,4643,0.0,3.0,1.0,6,3,1,1,5,0,1,0
409929,3168,0.0,3.0,1.0,3,1,1,1,2,0,1,0
410783,4705,1.0,2.0,0.0,8,5,4,4,4,0,2,2
410906,4789,0.0,3.0,1.0,4,1,1,2,3,0,1,0
410922,2891,0.0,4.0,0.0,3,3,1,1,0,0,3,0
411041,4335,0.0,3.0,0.0,2,1,1,1,1,0,1,0
411304,3941,0.0,4.0,0.0,43,10,4,6,33,0,1,9
411829,687,0.0,4.0,1.0,7,1,1,2,5,0,1,1
412155,412,0.0,2.0,0.0,4,1,1,1,3,0,1,0
412620,685,0.0,3.0,1.0,46,19,2,1,44,0,2,0
413615,798,0.0,2.0,0.0,47,14,8,3,45,0,1,1
413779,1370,0.0,5.0,0.0,4,2,1,1,2,0,2,0
414314,2543,0.0,2.0,0.0,19,9,1,1,18,0,1,0
414635,2469,0.0,3.0,0.0,3,2,1,1,2,0,1,0
414699,4427,0.0,4.0,1.0,2,1,1,1,1,0,1,0
414984,2273,0.0,2.0,0.0,8,2,1,1,7,0,1,0
415064,960,0.0,2.0,0.0,1,1,1,1,0,0,1,0
416204,3825,0.0,3.0,1.0,3,3,2,1,0,0,3,0
416352,4775,1.0,0.0,0.0,10,6,1,2,8,0,2,0
416460,1437,0.0,4.0,1.0,18,4,1,2,15,0,1,2
416478,1393,0.0,3.0,0.0,34,26,8,1,29,0,3,2
416623,1393,0.0,6.0,0.0,1,1,1,1,0,0,1,0
416635,1780,0.0,6.0,1.0,4,2,2,1,3,0,1,0
416883,2031,1.0,0.0,0.0,4,1,1,1,3,0,1,0
41725,3886,1.0,0.0,1.0,5,1,1,1,4,0,1,0
41726,1592,0.0,2.0,0.0,1,1,1,1,0,0,1,0
417699,4220,0.0,4.0,0.0,3,1,1,1,2,0,1,0
417928,3266,0.0,2.0,1.0,4,1,1,1,3,0,1,0
418326,3981,0.0,2.0,0.0,6,2,1,2,4,0,1,1
418517,652,0.0,4.0,1.0,2,2,1,1,0,0,2,0
418558,1427,0.0,0.0,0.0,1,1,1,1,0,0,1,0
418621,3938,0.0,0.0,0.0,2,1,1,1,1,0,1,0
418718,3971,0.0,2.0,1.0,11,2,2,3,10,0,1,0
418726,4385,0.0,4.0,0.0,10,5,2,1,9,0,1,0
418813,4394,0.0,6.0,0.0,3,1,1,1,2,0,1,0
419094,2066,0.0,3.0,0.0,14,6,1,4,12,0,1,1
419162,4444,0.0,5.0,0.0,8,6,3,2,7,0,1,0
419211,4659,0.0,3.0,0.0,4,3,3,2,3,0,1,0
420002,2279,0.0,0.0,1.0,7,3,3,1,6,0,1,0
420246,608,0.0,5.0,1.0,3,1,1,1,2,0,1,0
420348,608,0.0,4.0,0.0,10,2,1,1,9,0,1,0
420854,1892,0.0,4.0,0.0,2,1,1,1,0,0,2,0
422002,1022,0.0,2.0,0.0,59,23,1,4,51,0,7,1
422906,3828,0.0,3.0,0.0,3,1,1,3,1,0,1,1
423183,4282,0.0,2.0,0.0,12,7,4,1,10,1,1,0
423197,66,0.0,2.0,0.0,2,1,1,2,0,0,1,1
423282,4687,0.0,0.0,0.0,19,5,1,4,16,0,1,2
423333,3247,0.0,null,null,27,4,1,1,25,1,1,0
423511,71,0.0,5.0,0.0,15,8,3,3,14,0,1,0
423744,4050,0.0,3.0,0.0,5,1,1,1,4,0,1,0
42477,2072,0.0,4.0,0.0,3,1,1,1,2,0,1,0
42490,1557,0.0,0.0,1.0,14,4,1,1,13,0,1,0
42836,4913,0.0,2.0,0.0,5,2,2,1,4,0,1,0
43190,423,0.0,2.0,1.0,3,1,1,1,2,0,1,0
4320,2926,0.0,0.0,0.0,5,2,1,1,4,0,1,0
43354,1145,0.0,0.0,null,14,1,1,3,12,0,1,1
43518,3249,0.0,3.0,1.0,4,1,1,2,3,0,1,0
43937,4170,0.0,3.0,0.0,3,1,1,1,2,0,1,0
44450,4993,0.0,5.0,0.0,3,1,1,2,2,0,1,0
44469,4705,0.0,2.0,0.0,6,3,2,2,5,0,1,0
44832,798,0.0,2.0,0.0,10,8,6,2,8,0,2,0
45114,2138,0.0,3.0,1.0,2,1,1,1,1,0,1,0
4541,3822,0.0,3.0,0.0,1,1,1,1,0,0,1,0
45650,1203,0.0,5.0,1.0,24,3,3,3,23,0,1,0
45668,3576,0.0,4.0,0.0,12,3,1,1,11,0,1,0
45798,4504,0.0,0.0,0.0,3,1,1,1,0,0,3,0
4621,2284,1.0,0.0,1.0,11,1,1,4,10,0,1,0
46393,4287,1.0,0.0,0.0,6,2,1,2,2,0,2,2
46447,685,0.0,5.0,0.0,44,20,10,6,36,0,4,4
46496,1712,0.0,2.0,0.0,5,2,1,2,4,0,1,0
46597,1470,0.0,0.0,1.0,5,1,1,1,4,0,1,0
4669,4957,0.0,2.0,1.0,4,3,3,1,3,0,1,0
467,3159,0.0,0.0,1.0,4,2,2,2,2,0,2,0
4686,503,0.0,4.0,0.0,7,3,1,2,6,0,1,0
47217,3952,0.0,2.0,0.0,8,3,1,3,7,0,1,0
4724,2422,1.0,7.0,1.0,14,7,5,1,13,0,1,0
475,4978,0.0,0.0,0.0,18,9,1,2,17,0,1,0
48642,467,0.0,3.0,1.0,12,4,3,3,9,0,2,1
49561,2443,0.0,4.0,0.0,18,7,1,2,17,0,1,0
51265,3828,1.0,4.0,0.0,34,21,6,3,32,0,2,0
51688,4265,0.0,3.0,0.0,35,25,8,1,34,0,1,0
51808,1968,0.0,3.0,0.0,6,1,1,1,5,0,1,0
52103,2328,0.0,0.0,0.0,24,19,5,1,23,0,1,0
52425,3525,0.0,3.0,1.0,26,2,1,2,25,0,1,0
52470,416,0.0,0.0,0.0,1,1,1,1,0,0,1,0
52648,2755,0.0,0.0,0.0,2,1,1,1,1,0,1,0
52767,1272,0.0,0.0,0.0,30,4,2,4,28,0,2,0
52900,2515,0.0,3.0,0.0,2,1,1,2,0,0,1,1
53153,946,0.0,3.0,0.0,2,1,1,2,1,0,1,0
53261,3875,1.0,2.0,0.0,20,9,2,2,16,0,1,3
53599,3091,0.0,4.0,1.0,12,3,2,1,11,0,1,0
53611,3170,0.0,3.0,1.0,15,3,2,2,11,0,3,1
54132,1784,0.0,3.0,2.0,6,3,2,3,3,0,2,1
5429,684,0.0,3.0,0.0,1,1,1,1,0,0,1,0
54595,361,0.0,6.0,0.0,11,4,3,3,9,0,1,1
54813,1375,0.0,5.0,0.0,6,2,1,3,3,0,1,2
55211,3205,0.0,4.0,2.0,23,10,2,2,14,0,1,8
55637,4048,0.0,0.0,0.0,2,1,1,1,1,0,1,0
56271,4491,0.0,5.0,0.0,4,2,1,1,3,0,1,0
56563,3628,0.0,5.0,1.0,5,2,1,1,4,0,1,0
56671,676,0.0,2.0,1.0,1,1,1,1,0,0,1,0
57298,3623,0.0,3.0,0.0,16,8,3,1,12,0,4,0
57326,2482,0.0,0.0,0.0,33,3,2,2,28,0,2,3
57807,3022,0.0,2.0,1.0,9,1,1,3,7,0,1,1
57808,1679,0.0,4.0,2.0,30,19,3,3,28,0,2,0
58067,1485,0.0,3.0,0.0,6,5,2,1,5,0,1,0
58237,806,0.0,3.0,0.0,2,1,1,1,1,0,1,0
58240,1487,0.0,6.0,0.0,1,1,1,1,0,0,1,0
5857,2529,0.0,3.0,0.0,3,1,1,1,0,0,3,0
59204,4280,0.0,4.0,0.0,12,7,1,1,11,0,1,0
59411,557,0.0,5.0,1.0,2,1,1,1,1,0,1,0
59814,1760,1.0,2.0,0.0,26,9,3,2,19,0,3,4
60086,3472,0.0,2.0,1.0,9,3,1,3,6,0,1,2
60409,3092,1.0,6.0,1.0,3,2,1,1,2,0,1,0
60489,2928,0.0,4.0,1.0,2,1,1,1,1,0,1,0
60892,2193,0.0,4.0,0.0,1,1,1,1,0,0,1,0
61013,3968,0.0,2.0,0.0,9,5,5,2,7,0,2,0
61344,4287,0.0,3.0,1.0,29,6,5,1,28,0,1,0
61404,1352,0.0,3.0,0.0,5,4,4,3,1,0,2,2
61517,3734,1.0,3.0,1.0,71,31,8,2,67,0,4,0
61645,1166,0.0,null,null,1,1,1,1,0,0,1,0
61734,1724,0.0,5.0,1.0,6,1,1,1,5,0,1,0
61751,523,0.0,3.0,0.0,23,2,1,2,22,0,1,0
62295,2459,0.0,3.0,1.0,2,1,1,1,1,0,1,0
62336,1892,0.0,4.0,0.0,2,1,1,1,0,0,2,0
62852,1816,0.0,4.0,0.0,1,1,1,1,0,0,1,0
63418,2537,0.0,6.0,0.0,3,1,1,1,2,0,1,0
63464,2303,0.0,0.0,1.0,14,5,1,1,13,0,1,0
63486,3990,0.0,3.0,1.0,2,1,1,1,1,0,1,0
63814,2031,0.0,2.0,1.0,14,2,1,4,13,0,1,0
63991,168,0.0,4.0,0.0,11,5,3,2,9,0,2,0
64063,301,0.0,5.0,0.0,9,2,2,2,6,0,2,1
64417,4871,0.0,4.0,0.0,4,1,1,1,3,0,1,0
64476,1678,0.0,0.0,1.0,5,1,1,1,4,0,1,0
64611,4173,0.0,1.0,0.0,42,18,7,3,39,0,1,2
64876,4894,0.0,0.0,1.0,6,1,1,2,5,0,1,0
64947,2273,0.0,3.0,0.0,4,1,1,1,3,0,1,0
65174,685,0.0,0.0,0.0,5,1,1,1,4,0,1,0
65435,4173,0.0,3.0,0.0,1,1,1,1,0,0,1,0
65521,104,0.0,0.0,0.0,6,2,1,2,4,0,2,0
65995,2545,0.0,3.0,1.0,23,10,4,2,18,0,1,4
66155,2253,0.0,2.0,1.0,10,4,2,2,9,0,1,0
66487,3022,0.0,3.0,1.0,2,1,1,1,1,0,1,0
66691,4728,0.0,0.0,1.0,4,2,1,1,2,0,2,0
66922,3105,0.0,2.0,1.0,25,9,2,2,20,0,4,1
67148,2869,0.0,2.0,0.0,2,1,1,1,1,0,1,0
67288,1116,0.0,5.0,2.0,6,3,1,1,5,0,1,0
6802,1102,0.0,3.0,1.0,2,2,2,1,1,0,1,0
68054,1393,1.0,4.0,0.0,1,1,1,1,0,0,1,0
68252,598,0.0,3.0,1.0,92,19,3,7,86,0,1,5
68285,4137,0.0,3.0,0.0,2,1,1,1,1,0,1,0
68350,3411,0.0,0.0,0.0,7,2,1,1,6,0,1,0
68389,390,0.0,5.0,2.0,10,2,2,4,9,0,1,0
69372,492,0.0,0.0,0.0,3,2,1,1,1,0,2,0
69641,4847,1.0,0.0,0.0,166,86,13,18,158,0,8,0
70213,29,0.0,3.0,0.0,11,4,1,1,10,0,1,0
70393,4173,0.0,2.0,0.0,25,20,6,2,24,0,1,0
70506,1679,0.0,4.0,0.0,6,6,4,2,0,0,1,5
70540,4322,0.0,3.0,1.0,1,1,1,1,0,0,1,0
70847,606,0.0,4.0,0.0,3,1,1,1,2,0,1,0
71280,2353,0.0,7.0,0.0,16,3,1,4,15,0,1,0
71583,1742,0.0,0.0,0.0,1,1,1,1,0,0,1,0
71743,4444,0.0,5.0,0.0,26,9,3,5,18,0,3,5
72,3455,0.0,5.0,0.0,4,1,1,2,3,0,1,0
7205,3839,0.0,0.0,0.0,5,1,1,1,4,0,1,0
72328,4525,0.0,3.0,1.0,1,1,1,1,0,0,1,0
73820,1916,0.0,0.0,1.0,23,6,1,1,19,1,3,0
74445,3305,1.0,2.0,1.0,1,1,1,1,0,0,1,0
75014,4270,0.0,4.0,0.0,5,3,3,1,3,0,2,0
75030,2273,0.0,3.0,0.0,7,2,1,1,6,0,1,0
75106,3623,0.0,0.0,0.0,4,1,1,1,2,0,2,0
75362,4818,0.0,7.0,0.0,9,3,1,1,8,0,1,0
75669,1708,0.0,3.0,0.0,3,1,1,1,2,0,1,0
7572,1885,0.0,4.0,1.0,13,8,2,2,12,0,1,0
7642,3451,0.0,3.0,0.0,2,1,1,1,1,0,1,0
76455,66,0.0,6.0,1.0,4,2,2,1,1,0,3,0
7647,1878,1.0,3.0,0.0,2,1,1,1,1,0,1,0
76935,278,0.0,0.0,0.0,4,1,1,1,3,0,1,0
77323,1619,0.0,4.0,0.0,12,2,1,2,11,0,1,0
77644,1944,0.0,4.0,0.0,1,1,1,1,0,0,1,0
77803,1572,1.0,4.0,1.0,6,1,1,2,5,0,1,0
78165,963,0.0,5.0,1.0,9,6,2,1,8,0,1,0
78249,2341,0.0,2.0,1.0,9,1,1,2,8,0,1,0
78420,4198,0.0,4.0,0.0,4,1,1,1,3,0,1,0
78802,3912,0.0,0.0,2.0,4,1,1,1,3,0,1,0
78997,3578,0.0,2.0,0.0,2,1,1,1,1,0,1,0
79,3318,0.0,3.0,0.0,2,1,1,1,1,0,1,0
79036,308,0.0,2.0,0.0,2,1,1,1,1,0,1,0
79550,296,0.0,2.0,0.0,147,44,16,17,138,0,1,8
79724,1749,0.0,3.0,0.0,4,1,1,2,3,0,1,0
79835,121,0.0,6.0,0.0,9,6,3,2,5,0,4,0
80386,1102,0.0,3.0,0.0,7,4,2,1,6,0,1,0
80454,2834,0.0,5.0,0.0,2,1,1,2,1,0,1,0
80465,4768,0.0,0.0,0.0,9,6,1,2,8,0,1,0
80991,4043,0.0,2.0,0.0,8,1,1,2,7,0,1,0
81361,1394,0.0,7.0,1.0,4,2,1,1,3,0,1,0
81709,2652,0.0,6.0,0.0,2,1,1,1,1,0,1,0
81854,3225,0.0,0.0,0.0,7,2,1,1,6,0,1,0
83270,3822,0.0,4.0,1.0,1,1,1,1,0,0,1,0
83599,4589,0.0,4.0,0.0,2,1,1,1,1,0,1,0
83606,4043,1.0,2.0,0.0,7,2,2,4,4,0,1,2
83754,1346,0.0,3.0,2.0,16,7,1,3,11,0,1,4
85235,522,0.0,0.0,1.0,5,2,2,2,4,0,1,0
85271,1504,0.0,0.0,0.0,4,1,1,1,3,0,1,0
85369,2447,0.0,3.0,1.0,8,2,2,2,6,0,1,1
85381,4829,0.0,0.0,0.0,8,7,1,3,0,0,1,7
85564,4504,0.0,0.0,0.0,6,1,1,1,5,0,1,0
85657,219,0.0,null,null,5,4,1,1,4,0,1,0
85837,2988,0.0,3.0,0.0,1,1,1,1,0,0,1,0
86386,159,0.0,5.0,1.0,2,1,1,1,1,0,1,0
86391,2482,0.0,3.0,0.0,23,10,5,5,21,0,1,1
86404,1966,0.0,2.0,0.0,3,1,1,1,2,0,1,0
86493,862,0.0,5.0,0.0,61,12,6,3,59,0,1,1
86847,3611,0.0,5.0,0.0,9,3,1,1,8,0,1,0
86850,1978,0.0,3.0,1.0,3,1,1,1,2,0,1,0
86898,3247,0.0,2.0,1.0,3,1,1,1,2,0,1,0
86957,3826,0.0,0.0,0.0,44,6,3,16,42,0,1,1
87754,3476,0.0,4.0,2.0,4,4,3,3,2,0,2,0
87861,1039,0.0,4.0,1.0,5,2,2,2,4,0,1,0
8818,3853,0.0,0.0,0.0,5,1,1,1,4,0,1,0
88222,2511,0.0,3.0,1.0,25,9,3,4,24,0,1,0
88225,114,0.0,0.0,0.0,13,3,1,3,12,0,1,0
88623,1615,0.0,4.0,1.0,2,1,1,1,1,0,1,0
88630,4976,0.0,6.0,0.0,47,14,3,5,45,0,2,0
89113,862,0.0,3.0,0.0,37,16,7,4,31,0,6,0
89406,1102,0.0,3.0,0.0,23,10,2,3,22,0,1,0
89773,1916,1.0,6.0,1.0,5,3,1,2,4,0,1,0
9140,1276,0.0,0.0,1.0,4,2,1,1,3,0,1,0
91450,1916,1.0,2.0,0.0,4,2,1,1,3,0,1,0
91805,71,1.0,0.0,0.0,19,13,6,3,18,0,1,0
91822,2099,0.0,2.0,1.0,2,1,1,1,1,0,1,0
92269,1102,0.0,4.0,0.0,9,7,4,3,8,0,1,0
924,2954,0.0,6.0,2.0,9,3,3,2,5,0,3,1
92492,4558,0.0,6.0,0.0,13,3,2,2,9,0,4,0
9277,2596,1.0,3.0,0.0,8,2,2,3,7,0,1,0
93994,1943,0.0,3.0,0.0,4,1,1,1,3,0,1,0
94210,4976,0.0,3.0,0.0,30,17,6,3,26,0,1,3
94417,3828,0.0,4.0,0.0,4,2,2,3,3,0,1,0
94555,4079,0.0,5.0,2.0,4,1,1,1,2,0,1,1
94897,731,0.0,3.0,0.0,5,4,1,1,4,0,1,0
95897,3828,0.0,2.0,0.0,10,3,1,2,8,1,1,0
96423,2436,0.0,8.0,0.0,3,1,1,1,2,0,1,0
96518,4463,0.0,4.0,1.0,14,3,1,4,13,0,1,0
97149,2099,0.0,2.0,0.0,1,1,1,1,0,0,1,0
97319,962,0.0,3.0,2.0,12,5,3,1,11,0,1,0
97530,3484,0.0,3.0,0.0,11,7,2,3,10,0,1,0
97572,1271,0.0,4.0,1.0,1,1,1,1,0,0,1,0
9817,2669,0.0,0.0,0.0,1,1,1,1,0,0,1,0
98531,1827,0.0,4.0,0.0,14,6,1,2,13,0,1,0
98581,1412,0.0,0.0,1.0,2,1,1,1,1,0,1,0
98735,1272,0.0,6.0,0.0,35,12,3,9,34,0,1,0
98972,3609,0.0,4.0,0.0,16,9,1,3,13,0,1,2
99007,3878,0.0,7.0,0.0,7,1,1,1,6,0,1,0
99400,4044,0.0,0.0,0.0,17,7,2,4,9,0,3,5
99509,3734,1.0,2.0,1.0,15,9,3,1,12,0,1,2
99869,2403,0.0,4.0,1.0,39,17,4,5,31,0,7,1
99904,3022,0.0,0.0,1.0,18,3,1,2,17,0,1,0
