100036,1356,0.0,4.0,0.0,11,2,1,1,9,0,1,1
100127,1861,0.0,3.0,0.0,6,3,2,2,5,0,1,0
100206,4173,1.0,5.0,0.0,25,5,4,3,20,0,2,3
100678,4871,0.0,2.0,1.0,11,7,6,1,9,0,2,0
100838,4129,0.0,0.0,0.0,7,6,2,2,6,0,1,0
101110,246,0.0,4.0,0.0,119,51,6,3,110,0,6,3
101799,1892,0.0,3.0,1.0,19,10,5,1,14,0,2,3
101825,2791,0.0,3.0,0.0,2,1,1,1,1,0,1,0
101891,2278,0.0,4.0,0.0,8,5,3,3,7,0,1,0
10277,1751,0.0,3.0,1.0,16,2,2,1,6,0,10,0
102792,4173,0.0,3.0,1.0,26,6,5,3,23,0,2,1
102846,3734,0.0,2.0,0.0,66,14,3,2,62,0,3,1
103708,1760,0.0,0.0,0.0,2,1,1,1,1,0,1,0
103740,4143,0.0,0.0,1.0,32,19,7,4,30,0,2,0
103982,1393,0.0,4.0,0.0,7,6,4,2,4,0,3,0
104242,2597,0.0,3.0,0.0,3,1,1,2,2,0,1,0
104453,2482,0.0,2.0,0.0,1,1,1,1,0,0,1,0
104852,1840,0.0,0.0,1.0,2,1,1,1,1,0,1,0
104882,594,0.0,7.0,0.0,5,1,1,2,4,0,1,0
105132,3502,1.0,3.0,1.0,11,5,2,2,10,0,1,0
105291,4763,0.0,3.0,0.0,5,1,1,3,3,0,1,1
105480,1123,0.0,0.0,1.0,10,3,2,2,8,0,2,0
10581,4234,0.0,3.0,1.0,1,1,1,1,0,0,1,0
106080,2397,0.0,0.0,0.0,16,5,3,2,15,0,1,0
106489,3524,1.0,0.0,null,25,9,5,2,23,0,2,0
10654,1918,0.0,3.0,0.0,5,3,1,1,4,0,1,0
106577,145,0.0,0.0,null,1,1,1,1,0,0,1,0
107363,1150,0.0,7.0,0.0,7,4,2,1,6,0,1,0
107533,1892,0.0,4.0,0.0,16,12,4,3,13,0,3,0
107633,2664,0.0,3.0,0.0,1,1,1,1,0,0,1,0
107646,148,0.0,0.0,0.0,24,10,6,2,22,0,2,0
107861,3536,0.0,5.0,0.0,1,1,1,1,0,0,1,0
108013,1816,0.0,4.0,0.0,5,2,2,1,3,0,2,0
108429,515,0.0,4.0,0.0,25,8,4,6,18,0,2,5
108969,951,0.0,0.0,0.0,10,5,1,2,8,0,2,0
109058,2470,0.0,3.0,0.0,2,1,1,1,1,0,1,0
109165,4504,0.0,2.0,0.0,8,3,1,2,7,0,1,0
109491,3792,0.0,4.0,0.0,3,2,1,1,2,0,1,0
1098,4171,0.0,4.0,0.0,2,1,1,2,1,0,1,0
110154,1918,0.0,3.0,0.0,8,4,1,1,7,0,1,0
110305,145,0.0,2.0,0.0,7,1,1,2,5,0,1,1
110556,798,1.0,4.0,0.0,17,5,2,1,15,0,1,1
110680,3925,0.0,4.0,0.0,5,1,1,1,4,0,1,0
110861,1102,0.0,4.0,0.0,101,20,4,11,96,0,1,4
110868,3152,0.0,5.0,1.0,4,1,1,1,3,0,1,0
111865,2459,0.0,3.0,0.0,13,6,3,1,11,0,2,0
112305,3419,0.0,6.0,0.0,9,3,1,3,8,0,1,0
112543,2066,0.0,2.0,0.0,24,8,1,3,20,0,2,2
112660,1487,0.0,3.0,0.0,6,1,1,1,4,0,2,0
112878,1472,0.0,4.0,1.0,12,5,1,1,10,0,2,0
11505,2795,1.0,0.0,0.0,8,6,6,1,7,0,1,0
115847,1090,0.0,5.0,0.0,46,22,2,1,43,0,3,0
116135,4605,0.0,0.0,0.0,2,2,2,1,0,0,2,0
116137,2051,0.0,6.0,0.0,7,1,1,1,5,0,2,0
116368,1661,0.0,4.0,1.0,4,1,1,1,3,0,1,0
116908,2669,0.0,2.0,0.0,3,1,1,2,1,0,2,0
117066,4500,0.0,2.0,1.0,5,2,1,1,4,0,1,0
117229,2669,0.0,0.0,null,30,13,4,4,28,0,1,1
117628,2031,0.0,0.0,0.0,4,2,1,1,3,0,1,0
117830,1900,0.0,6.0,null,4,1,1,1,3,0,1,0
118120,1890,0.0,0.0,0.0,9,4,2,1,8,0,1,0
1182,2482,0.0,4.0,0.0,1,1,1,1,0,0,1,0
118221,2505,0.0,3.0,0.0,15,4,3,2,13,0,2,0
118759,4847,0.0,6.0,1.0,5,2,2,3,4,0,1,0
118821,4718,0.0,4.0,0.0,22,6,4,2,20,0,1,1
118938,2721,0.0,0.0,1.0,6,1,1,1,5,0,1,0
119141,121,0.0,5.0,1.0,50,26,7,5,45,0,4,1
119889,58,0.0,5.0,0.0,4,1,1,2,3,0,1,0
120268,4871,0.0,2.0,0.0,2,1,1,1,1,0,1,0
120480,3350,0.0,3.0,0.0,8,3,2,3,7,0,1,0
12061,3206,0.0,3.0,0.0,11,5,3,2,10,0,1,0
12091,534,0.0,0.0,0.0,6,3,1,2,4,0,2,0
121153,4976,0.0,3.0,0.0,4,1,1,1,3,0,1,0
12235,4079,0.0,3.0,0.0,4,1,1,1,0,0,4,0
122393,4170,0.0,5.0,0.0,4,1,1,1,1,0,2,1
12269,357,0.0,0.0,0.0,6,3,2,3,4,0,1,1
122882,1911,0.0,0.0,0.0,4,1,1,2,2,0,1,1
122882,4775,0.0,0.0,0.0,12,4,4,4,9,0,1,2
122975,2936,0.0,3.0,0.0,5,1,1,1,2,0,3,0
123002,3163,0.0,2.0,0.0,4,1,1,1,2,0,2,0
123139,608,0.0,0.0,0.0,8,1,1,1,6,0,2,0
123165,1487,0.0,3.0,0.0,9,5,1,3,8,0,1,0
123463,2217,0.0,0.0,0.0,4,3,2,2,3,0,1,0
123883,3693,0.0,5.0,0.0,4,1,1,2,2,0,1,1
12422,606,0.0,3.0,0.0,6,3,3,1,5,0,1,0
12488,606,0.0,4.0,0.0,1,1,1,1,0,0,1,0
125285,3410,0.0,4.0,0.0,3,1,1,2,2,0,1,0
125959,2981,0.0,6.0,0.0,44,6,3,5,42,0,1,1
126135,3990,0.0,7.0,0.0,3,1,1,2,1,0,1,1
126244,3753,0.0,2.0,0.0,4,1,1,1,3,0,1,0
12626,2664,0.0,3.0,0.0,10,6,1,2,9,0,1,0
126464,2136,0.0,6.0,1.0,3,1,1,1,2,0,1,0
126469,2303,0.0,3.0,0.0,7,2,1,1,5,0,1,1
126572,15,0.0,5.0,1.0,5,4,2,1,1,0,4,0
12661,1412,0.0,4.0,0.0,2,1,1,1,1,0,1,0
126638,2066,0.0,3.0,0.0,9,2,1,1,8,0,1,0
126741,1816,0.0,3.0,1.0,2,1,1,1,1,0,1,0
127797,2916,0.0,2.0,0.0,7,4,1,1,6,0,1,0
128299,931,1.0,3.0,0.0,83,45,13,6,79,0,1,3
128398,2160,0.0,7.0,0.0,3,1,1,1,2,0,1,0
128438,963,0.0,4.0,1.0,29,13,3,5,28,0,1,0
128936,4090,0.0,3.0,1.0,4,1,1,2,3,0,1,0
129791,4419,0.0,2.0,0.0,4,1,1,3,2,0,1,1
13018,1131,0.0,6.0,1.0,5,1,1,3,4,0,1,0
130683,1878,1.0,2.0,1.0,5,1,1,1,3,1,1,0
131042,4988,0.0,2.0,1.0,6,1,1,1,4,0,1,1
131503,4090,0.0,3.0,0.0,13,2,1,3,12,0,1,0
132001,234,0.0,3.0,0.0,9,2,1,2,5,0,1,3
132018,3734,0.0,6.0,1.0,15,3,1,5,12,0,1,2
132146,1923,0.0,6.0,0.0,34,14,3,5,32,0,2,0
132515,2537,0.0,2.0,0.0,11,6,3,1,10,0,1,0
132870,682,1.0,2.0,0.0,19,10,5,1,18,0,1,0
1330,2482,0.0,4.0,0.0,1,1,1,1,0,0,1,0
133176,1710,0.0,3.0,2.0,10,2,1,2,8,0,2,0
133247,1346,1.0,4.0,0.0,8,2,1,1,7,0,1,0
134224,4614,0.0,4.0,0.0,1,1,1,1,0,0,1,0
134666,2856,0.0,4.0,1.0,3,1,1,1,2,0,1,0
13472,1643,0.0,5.0,0.0,2,1,1,1,1,0,1,0
135902,3828,0.0,2.0,0.0,4,1,1,2,3,0,1,0
136127,1501,0.0,3.0,0.0,12,1,1,3,11,0,1,0
136538,2217,0.0,0.0,0.0,9,1,1,3,8,0,1,0
136806,4039,0.0,2.0,0.0,4,2,1,2,2,0,1,1
136904,4756,0.0,4.0,0.0,4,1,1,4,3,0,1,0
137033,3225,0.0,0.0,1.0,6,3,1,1,5,0,1,0
137450,416,0.0,0.0,0.0,84,42,12,8,59,0,3,22
137638,4044,0.0,2.0,0.0,8,7,2,3,0,0,1,7
137863,1487,0.0,7.0,1.0,1,1,1,1,0,0,1,0
137866,200,0.0,5.0,2.0,9,4,1,2,8,0,1,0
137910,1851,0.0,3.0,0.0,3,2,2,2,2,0,1,0
137910,963,0.0,3.0,0.0,8,2,1,2,7,0,1,0
138164,4976,0.0,3.0,0.0,87,18,5,1,85,0,2,0
138186,437,0.0,6.0,0.0,3,2,1,1,2,0,1,0
138302,777,0.0,4.0,2.0,15,4,3,3,14,0,1,0
138809,4760,0.0,6.0,1.0,2,1,1,1,1,0,1,0
138860,3578,1.0,4.0,0.0,9,6,2,2,8,0,1,0
138866,1850,0.0,2.0,1.0,4,1,1,2,3,0,1,0
139262,4078,0.0,0.0,1.0,8,1,1,1,6,0,2,0
139866,4976,0.0,2.0,0.0,13,6,2,1,11,0,2,0
139902,1487,0.0,4.0,0.0,3,1,1,1,2,0,1,0
139950,2537,0.0,0.0,0.0,18,6,4,3,16,0,2,0
140822,1878,0.0,0.0,0.0,2,1,1,1,1,0,1,0
140826,797,0.0,3.0,0.0,8,2,2,3,7,0,1,0
141011,402,0.0,5.0,0.0,17,9,1,1,12,0,3,2
141425,523,0.0,4.0,1.0,11,7,1,1,10,0,1,0
141586,4659,0.0,2.0,0.0,14,10,3,1,12,0,2,0
141620,58,0.0,6.0,1.0,3,1,1,1,2,0,1,0
142363,1203,0.0,4.0,0.0,21,14,8,1,20,0,1,0
142574,2482,0.0,2.0,0.0,6,4,3,2,5,0,1,0
142768,3734,0.0,3.0,0.0,20,8,4,2,19,0,1,0
142964,2217,0.0,6.0,0.0,3,1,1,1,2,0,1,0
14328,4044,0.0,6.0,1.0,8,3,3,2,7,0,1,0
143297,1487,0.0,6.0,0.0,3,1,1,1,2,0,1,0
143789,1816,0.0,2.0,1.0,8,1,1,1,7,0,1,0
143992,1618,0.0,4.0,1.0,1,1,1,1,0,0,1,0
14410,1742,0.0,4.0,1.0,17,4,1,4,16,0,1,0
144243,1861,0.0,3.0,0.0,5,2,1,2,4,0,1,0
144536,1216,0.0,5.0,1.0,4,1,1,1,3,0,1,0
145208,1075,0.0,2.0,0.0,2,1,1,1,1,0,1,0
146487,423,0.0,0.0,0.0,22,3,1,4,21,0,1,0
146665,3936,0.0,4.0,0.0,5,2,1,1,4,0,1,0
146722,4079,0.0,5.0,0.0,2,1,1,1,1,0,1,0
147015,3314,0.0,5.0,0.0,5,1,1,1,4,0,1,0
147805,2397,0.0,4.0,0.0,10,6,3,1,9,0,1,0
148159,4198,0.0,6.0,0.0,6,3,1,1,4,0,2,0
14819,2709,0.0,4.0,0.0,2,1,1,1,1,0,1,0
14839,2435,0.0,3.0,0.0,1,1,1,1,0,0,1,0
148739,1494,0.0,0.0,0.0,6,2,1,1,4,0,2,0
148956,3323,0.0,0.0,0.0,2,1,1,1,1,0,1,0
149307,1760,0.0,3.0,1.0,11,5,1,3,10,0,1,0
150170,4048,0.0,0.0,0.0,3,1,1,1,2,0,1,0
150553,2664,0.0,0.0,0.0,21,11,2,1,19,0,2,0
150986,2699,0.0,2.0,0.0,10,3,2,3,7,0,3,0
151,2078,0.0,4.0,0.0,1,1,1,1,0,0,1,0
151208,4044,0.0,3.0,1.0,24,14,7,2,20,0,2,2
15127,3925,0.0,4.0,1.0,1,1,1,1,0,0,1,0
151321,1892,0.0,5.0,0.0,5,2,2,2,3,0,2,0
152591,608,0.0,4.0,0.0,6,4,1,1,5,0,1,0
152616,1346,0.0,4.0,1.0,5,3,1,2,4,0,1,0
152677,806,0.0,2.0,0.0,6,2,1,1,5,0,1,0
152684,3936,1.0,3.0,1.0,21,11,2,1,18,0,3,0
153189,1900,0.0,5.0,1.0,4,1,1,1,3,0,1,0
153426,2397,0.0,4.0,0.0,5,2,2,1,3,0,2,0
153705,2537,1.0,3.0,0.0,8,2,2,1,7,0,1,0
154044,1000,0.0,0.0,1.0,1,1,1,1,0,0,1,0
154188,3609,0.0,4.0,0.0,1,1,1,1,0,0,1,0
154329,2537,0.0,3.0,null,1,1,1,1,0,0,1,0
154604,1141,0.0,0.0,0.0,10,4,3,1,9,0,1,0
155531,2011,0.0,4.0,1.0,5,2,1,1,3,0,1,1
155547,3872,0.0,2.0,0.0,4,1,1,1,3,0,1,0
155669,3955,0.0,3.0,0.0,7,1,1,1,6,0,1,0
155758,4048,0.0,7.0,0.0,3,1,1,1,2,0,1,0
156533,2393,0.0,3.0,1.0,15,2,1,2,14,0,1,0
156785,682,0.0,0.0,1.0,5,3,2,4,4,0,1,0
157286,2918,0.0,4.0,0.0,8,4,2,1,7,0,1,0
157770,2821,0.0,3.0,1.0,2,1,1,1,1,0,1,0
158043,4162,0.0,0.0,0.0,5,1,1,2,4,0,1,0
158509,2459,0.0,4.0,0.0,14,8,4,3,13,0,1,0
15880,2952,0.0,0.0,0.0,3,1,1,2,1,0,1,1
158817,1346,0.0,0.0,1.0,7,3,1,2,6,0,1,0
158927,721,0.0,3.0,0.0,1,1,1,1,0,0,1,0
158946,643,0.0,4.0,0.0,1,1,1,1,0,0,1,0
159387,121,0.0,3.0,0.0,2,1,1,1,1,0,1,0
159432,3484,0.0,6.0,1.0,34,11,4,10,33,0,1,0
159787,2988,0.0,0.0,0.0,3,1,1,1,2,0,1,0
159862,1310,0.0,6.0,0.0,14,11,6,4,13,0,1,0
15987,2856,0.0,6.0,0.0,6,4,1,2,5,0,1,0
159934,4112,0.0,2.0,0.0,4,1,1,1,3,0,1,0
160505,1102,0.0,8.0,0.0,8,4,2,1,7,0,1,0
161386,4950,0.0,4.0,1.0,5,1,1,2,4,0,1,0
161500,1494,1.0,6.0,0.0,5,2,2,1,4,0,1,0
162115,10,0.0,5.0,0.0,16,6,2,1,14,0,2,0
162281,3500,0.0,4.0,2.0,2,1,1,1,1,0,1,0
162526,2124,0.0,0.0,1.0,2,1,1,1,1,0,1,0
162563,4560,0.0,3.0,1.0,11,3,1,1,10,0,1,0
162687,4042,0.0,4.0,0.0,10,4,3,2,9,0,1,0
162714,2318,0.0,6.0,1.0,3,1,1,1,2,0,1,0
162803,2879,0.0,4.0,0.0,2,1,1,1,1,0,1,0
162846,1131,0.0,4.0,0.0,20,10,4,2,18,0,1,1
162871,606,1.0,4.0,0.0,10,5,3,2,9,0,1,0
162938,1541,0.0,3.0,1.0,3,1,1,1,2,0,1,0
163185,4044,0.0,0.0,1.0,5,1,1,1,4,0,1,0
163599,2954,0.0,4.0,1.0,5,2,2,1,4,0,1,0
164534,2268,0.0,5.0,1.0,1,1,1,1,0,0,1,0
164565,2193,0.0,2.0,0.0,1,1,1,1,0,0,1,0
164568,3004,1.0,0.0,0.0,4,1,1,2,3,0,1,0
164677,2880,0.0,4.0,1.0,2,1,1,1,1,0,1,0
164780,2465,0.0,2.0,0.0,4,3,3,1,3,0,1,0
165199,141,0.0,3.0,0.0,7,4,2,1,5,0,2,0
165216,1470,0.0,0.0,1.0,7,2,2,2,5,0,1,1
165522,1056,0.0,0.0,0.0,43,18,8,3,34,0,4,5
165556,2242,0.0,4.0,0.0,6,4,3,1,5,0,1,0
165559,643,0.0,6.0,0.0,3,1,1,2,2,0,1,0
165598,1054,0.0,5.0,1.0,45,4,1,16,42,0,1,2
165690,2608,0.0,0.0,0.0,4,2,1,1,3,0,1,0
165781,4841,0.0,5.0,1.0,6,2,1,2,5,0,1,0
165786,3889,0.0,3.0,2.0,2,1,1,2,1,0,1,0
166029,4044,0.0,3.0,0.0,5,3,3,1,4,0,1,0
166318,2744,0.0,0.0,0.0,44,24,6,6,42,0,2,0
166804,4173,0.0,5.0,0.0,68,8,2,5,67,0,1,0
167123,1704,0.0,0.0,0.0,3,2,1,1,2,0,1,0
16714,4294,0.0,3.0,1.0,7,1,1,2,5,0,1,1
167188,241,0.0,2.0,0.0,5,3,2,2,4,0,1,0
167375,532,0.0,6.0,0.0,5,2,2,2,4,0,1,0
167937,4760,0.0,3.0,1.0,12,2,2,3,10,0,2,0
168030,4846,0.0,5.0,1.0,6,2,2,3,5,0,1,0
168306,1437,0.0,2.0,1.0,14,1,1,3,11,0,1,2
168439,2709,0.0,6.0,0.0,1,1,1,1,0,0,1,0
168572,1123,0.0,4.0,0.0,2,1,1,1,1,0,1,0
169084,1203,0.0,5.0,1.0,6,3,2,1,3,0,3,0
169160,4325,0.0,3.0,1.0,3,1,1,2,2,0,1,0
169326,296,0.0,3.0,0.0,2,2,2,2,0,0,1,1
170072,2397,0.0,4.0,0.0,15,6,2,3,13,0,2,0
170383,1166,0.0,4.0,0.0,10,2,2,4,7,0,2,1
170638,3105,0.0,3.0,1.0,4,3,1,1,3,0,1,0
171989,4765,0.0,3.0,0.0,25,5,1,2,24,0,1,0
172289,2138,0.0,0.0,0.0,2,2,2,1,0,0,2,0
172321,643,0.0,5.0,0.0,53,37,11,6,51,0,1,1
172616,1283,0.0,0.0,0.0,1,1,1,1,0,0,1,0
172631,4044,0.0,6.0,0.0,4,3,3,2,3,0,1,0
173086,4950,0.0,4.0,0.0,14,6,2,2,13,0,1,0
17330,4363,0.0,3.0,0.0,3,1,1,2,2,0,1,0
173332,168,0.0,5.0,0.0,15,6,2,2,12,0,3,0
173464,297,0.0,0.0,0.0,7,1,1,1,6,0,1,0
174208,4067,0.0,4.0,0.0,33,18,8,5,32,0,1,0
1749,4600,0.0,4.0,0.0,2,1,1,1,0,0,2,0
174980,4607,0.0,5.0,0.0,9,2,1,1,7,0,2,0
175166,4400,0.0,4.0,0.0,10,1,1,2,9,0,1,0
17534,323,0.0,0.0,0.0,2,1,1,1,1,0,1,0
175522,4339,0.0,0.0,1.0,3,2,2,1,2,0,1,0
175913,4648,1.0,3.0,0.0,3,2,2,1,2,0,1,0
17597,293,0.0,6.0,0.0,4,1,1,2,2,0,1,1
176362,3225,0.0,0.0,1.0,13,2,1,1,9,2,2,0
176698,586,0.0,0.0,0.0,242,121,25,8,238,0,4,0
176980,3160,0.0,0.0,0.0,3,1,1,1,2,0,1,0
1776,685,0.0,0.0,1.0,8,3,2,1,7,0,1,0
177815,2415,0.0,3.0,0.0,1,1,1,1,0,0,1,0
178377,590,0.0,4.0,0.0,3,2,2,1,2,0,1,0
178470,798,0.0,2.0,0.0,9,6,5,1,7,0,2,0
17857,1049,0.0,4.0,0.0,8,3,3,1,5,0,3,0
179031,2928,0.0,4.0,0.0,17,7,4,4,16,0,1,0
179043,4687,0.0,5.0,1.0,5,1,1,1,4,0,1,0
1793,3541,0.0,5.0,0.0,4,1,1,1,2,0,2,0
181241,1840,0.0,0.0,2.0,2,1,1,1,1,0,1,0
181585,2361,0.0,3.0,1.0,5,1,1,3,3,0,1,1
181734,946,0.0,0.0,0.0,16,9,2,1,15,0,1,0
182256,121,0.0,6.0,0.0,12,5,2,1,11,0,1,0
182288,2403,0.0,5.0,0.0,72,39,2,2,68,0,4,0
182755,2000,0.0,7.0,0.0,1,1,1,1,0,0,1,0
1842,1134,0.0,0.0,0.0,5,1,1,3,4,0,1,0
184410,4265,0.0,null,null,11,6,4,2,10,0,1,0
18455,168,0.0,6.0,2.0,42,25,5,4,41,0,1,0
18580,372,0.0,0.0,0.0,5,2,1,1,4,0,1,0
185961,962,0.0,3.0,0.0,38,19,7,4,27,0,5,6
18662,10,0.0,5.0,1.0,10,6,3,2,9,0,1,0
186748,3835,1.0,5.0,2.0,15,6,3,7,13,0,1,1
186847,2537,0.0,5.0,0.0,1,1,1,1,0,0,1,0
187423,4048,0.0,6.0,0.0,8,1,1,1,7,0,1,0
187610,941,0.0,3.0,0.0,10,2,1,1,9,0,1,0
18764,2124,0.0,3.0,0.0,39,6,1,2,38,0,1,0
187726,3363,0.0,2.0,0.0,1,1,1,1,0,0,1,0
187829,4966,0.0,4.0,0.0,1,1,1,1,0,0,1,0
187906,4985,0.0,3.0,0.0,3,2,1,1,2,0,1,0
188297,3794,0.0,6.0,0.0,3,1,1,1,2,0,1,0
188361,3545,0.0,4.0,1.0,4,2,1,2,3,0,1,0
188385,1454,0.0,0.0,1.0,1,1,1,1,0,0,1,0
188544,4280,0.0,2.0,1.0,3,1,1,2,2,0,1,0
189112,3323,0.0,4.0,0.0,4,2,1,1,2,0,2,0
189202,3578,0.0,4.0,0.0,22,12,2,3,20,0,2,0
189284,3956,0.0,4.0,0.0,19,8,4,4,15,0,3,1
189979,4173,0.0,2.0,0.0,12,2,1,1,11,0,1,0
190024,1833,0.0,3.0,0.0,5,2,2,2,4,0,1,0
190105,786,0.0,2.0,0.0,1,1,1,1,0,0,1,0
190795,3473,0.0,5.0,0.0,7,3,2,4,6,0,1,0
190900,3159,0.0,5.0,0.0,19,8,4,2,13,0,6,0
190927,3965,0.0,3.0,1.0,3,1,1,1,2,0,1,0
191205,2453,0.0,3.0,0.0,8,2,1,3,7,0,1,0
191351,141,0.0,3.0,0.0,17,9,6,3,14,0,1,2
191684,4009,0.0,0.0,0.0,6,2,1,1,5,0,1,0
191714,598,0.0,2.0,0.0,14,1,1,2,13,0,1,0
191971,586,0.0,4.0,1.0,13,5,1,2,12,0,1,0
192337,4549,0.0,0.0,1.0,3,2,1,2,2,0,1,0
192463,1102,0.0,4.0,0.0,3,3,2,2,2,0,1,0
192492,3276,0.0,0.0,0.0,1,1,1,1,0,0,1,0
192635,4992,0.0,4.0,1.0,4,2,1,1,2,0,2,0
193193,3710,0.0,4.0,0.0,10,3,1,2,8,0,1,1
194361,2849,0.0,0.0,0.0,19,2,1,4,16,0,1,2
194402,1031,0.0,4.0,1.0,2,2,1,2,0,0,1,1
1949,1102,0.0,0.0,0.0,35,12,9,14,28,0,1,6
194924,474,0.0,3.0,null,2,1,1,1,1,0,1,0
195063,386,0.0,2.0,0.0,66,28,7,4,59,0,4,3
195286,3154,0.0,4.0,0.0,2,1,1,1,1,0,1,0
195290,4316,0.0,0.0,1.0,5,2,2,1,4,0,1,0
195428,46,0.0,0.0,1.0,2,1,1,1,0,0,2,0
19550,3635,0.0,6.0,0.0,19,3,1,2,15,0,1,3
195638,191,0.0,3.0,0.0,1,1,1,1,0,0,1,0
196149,3179,0.0,2.0,1.0,7,1,1,2,6,0,1,0
196317,4701,0.0,3.0,1.0,3,1,1,1,2,0,1,0
196792,2721,0.0,0.0,0.0,1,1,1,1,0,0,1,0
196993,3619,0.0,6.0,0.0,4,1,1,2,3,0,1,0
197446,1708,0.0,3.0,0.0,2,1,1,1,1,0,1,0
19762,574,0.0,5.0,0.0,11,3,1,2,10,0,1,0
197990,747,0.0,6.0,0.0,5,2,1,2,4,0,1,0
198523,2655,0.0,0.0,0.0,19,9,2,1,15,0,4,0
198789,1667,0.0,4.0,0.0,3,2,1,1,2,0,1,0
198971,3443,0.0,0.0,0.0,4,1,1,3,1,0,1,2
199135,1704,0.0,4.0,0.0,20,11,4,2,18,0,2,0
199219,698,0.0,0.0,1.0,4,1,1,2,2,0,1,1
199261,4558,0.0,0.0,0.0,4,1,1,1,3,0,1,0
199269,606,0.0,0.0,0.0,1,1,1,1,0,0,1,0
199273,3889,0.0,4.0,0.0,3,1,1,1,2,0,1,0
199651,1861,0.0,4.0,0.0,5,1,1,1,3,0,1,1
199878,4975,0.0,2.0,0.0,12,2,1,2,10,0,1,1
200007,4234,0.0,5.0,0.0,3,1,1,1,2,0,1,0
200107,2450,0.0,3.0,0.0,3,1,1,1,1,0,2,0
200338,4173,0.0,4.0,0.0,61,34,8,5,59,0,2,0
200582,3473,0.0,4.0,1.0,2,1,1,1,1,0,1,0
200806,3873,0.0,0.0,0.0,5,1,1,2,4,0,1,0
200891,1411,0.0,3.0,0.0,5,1,1,1,4,0,1,0
201571,3063,0.0,3.0,0.0,54,18,3,7,50,2,1,1
201582,2649,0.0,3.0,0.0,16,2,2,1,14,0,2,0
201593,1353,0.0,3.0,0.0,8,2,1,3,6,0,1,1
202048,2981,0.0,4.0,0.0,3,1,1,1,2,0,1,0
202356,586,0.0,4.0,0.0,20,17,4,3,19,0,1,0
203078,2162,0.0,3.0,1.0,12,4,1,2,11,0,1,0
20313,4976,0.0,0.0,null,37,18,4,4,32,0,2,3
203161,4220,0.0,3.0,0.0,2,1,1,1,1,0,1,0
203349,3578,0.0,3.0,0.0,10,5,1,2,9,0,1,0
203386,1200,0.0,3.0,1.0,31,3,1,3,29,0,1,1
203537,1013,0.0,0.0,0.0,6,2,1,1,4,0,2,0
203893,3609,0.0,5.0,1.0,4,1,1,2,2,0,1,1
203958,3545,0.0,null,null,1,1,1,1,0,0,1,0
20399,682,0.0,3.0,0.0,2,1,1,1,1,0,1,0
204028,4756,0.0,3.0,0.0,9,1,1,1,7,0,2,0
204138,4388,0.0,6.0,0.0,4,1,1,1,3,0,1,0
204711,4091,0.0,2.0,1.0,8,2,2,1,7,0,1,0
205124,4071,0.0,0.0,1.0,3,1,1,1,2,0,1,0
205353,4287,0.0,0.0,1.0,4,1,1,1,2,0,1,1
205706,798,0.0,3.0,0.0,19,10,6,4,18,0,1,0
205851,4926,0.0,3.0,0.0,6,1,1,3,5,0,1,0
206005,2545,0.0,0.0,0.0,16,9,5,6,7,1,1,7
20662,4042,0.0,0.0,0.0,3,1,1,1,2,0,1,0
206874,3599,0.0,2.0,0.0,14,13,4,6,8,0,1,5
206876,4079,0.0,3.0,0.0,3,1,1,1,2,0,1,0
207140,3278,0.0,6.0,0.0,2,1,1,1,1,0,1,0
20809,2583,0.0,3.0,1.0,8,1,1,2,7,0,1,0
208687,1346,0.0,4.0,0.0,3,1,1,1,2,0,1,0
208726,1500,0.0,6.0,1.0,13,2,1,7,11,0,1,1
208860,1679,0.0,4.0,0.0,5,2,1,1,3,0,2,0
209421,2173,0.0,3.0,0.0,10,1,1,2,7,0,2,1
209584,1884,0.0,2.0,1.0,2,1,1,2,1,0,1,0
209741,804,0.0,3.0,0.0,1,1,1,1,0,0,1,0
210227,2403,0.0,3.0,0.0,1,1,1,1,0,0,1,0
210933,1923,0.0,2.0,1.0,4,2,1,1,3,0,1,0
210981,4726,0.0,0.0,0.0,3,3,2,1,0,0,3,0
211003,3363,0.0,4.0,0.0,8,4,1,1,7,0,1,0
211469,603,0.0,3.0,1.0,10,4,2,2,9,0,1,0
211622,505,1.0,3.0,1.0,2,1,1,1,1,0,1,0
212061,3191,0.0,3.0,0.0,3,1,1,1,2,0,1,0
212198,3271,0.0,0.0,1.0,15,3,1,3,14,0,1,0
212228,1031,0.0,4.0,0.0,16,1,1,2,12,0,2,2
212453,4296,0.0,0.0,0.0,4,1,1,1,3,0,1,0
212628,3055,0.0,4.0,1.0,4,1,1,1,3,0,1,0
212794,1340,0.0,5.0,0.0,3,3,2,1,0,0,3,0
212850,1556,0.0,3.0,0.0,3,1,1,1,2,0,1,0
213251,416,0.0,4.0,0.0,9,6,4,1,8,0,1,0
213315,4585,0.0,0.0,0.0,3,2,1,1,1,0,2,0
213950,1100,0.0,3.0,0.0,2,1,1,1,1,0,1,0
213974,114,0.0,3.0,1.0,11,8,1,2,10,0,1,0
214163,2026,0.0,2.0,1.0,2,1,1,2,0,0,1,1
214183,4087,0.0,0.0,0.0,7,2,1,2,5,0,1,1
214371,1485,0.0,4.0,0.0,109,55,2,9,107,0,2,0
214756,1489,0.0,6.0,0.0,5,3,1,1,4,0,1,0
215366,1760,0.0,5.0,0.0,1,1,1,1,0,0,1,0
215478,2173,0.0,5.0,1.0,12,6,1,1,10,0,2,0
21563,361,0.0,4.0,0.0,19,12,6,2,17,0,1,1
215842,3163,0.0,5.0,1.0,3,1,1,1,0,0,3,0
215893,4282,0.0,6.0,1.0,3,1,1,1,2,0,1,0
216052,4560,0.0,6.0,1.0,7,1,1,2,5,1,1,0
216545,1642,0.0,2.0,0.0,6,2,1,2,5,0,1,0
216696,10,0.0,0.0,0.0,23,8,2,4,21,0,1,1
216750,3898,0.0,4.0,1.0,7,3,2,2,6,0,1,0
216910,1708,0.0,5.0,0.0,2,1,1,1,0,0,2,0
217283,2721,0.0,5.0,0.0,2,1,1,1,1,0,1,0
2174,2099,0.0,2.0,0.0,6,5,4,1,5,0,1,0
217646,4698,0.0,2.0,0.0,14,4,3,2,11,2,1,0
21843,4026,0.0,5.0,1.0,5,1,1,2,4,0,1,0
218534,3284,0.0,5.0,1.0,3,1,1,1,2,0,1,0
218712,2193,0.0,6.0,0.0,6,2,2,2,5,0,1,0
219292,236,0.0,3.0,1.0,4,1,1,1,3,0,1,0
220266,311,0.0,null,null,2,1,1,1,1,0,1,0
220348,4427,0.0,4.0,1.0,16,2,1,6,14,1,1,0
220575,4044,0.0,0.0,0.0,83,42,12,6,79,0,2,2
220673,2935,0.0,2.0,0.0,14,1,1,4,12,0,1,1
220948,4958,0.0,4.0,1.0,7,1,1,2,5,0,1,1
220990,4044,0.0,2.0,0.0,4,2,2,2,3,0,1,0
221133,3476,0.0,4.0,1.0,31,21,12,6,27,0,1,3
221594,1056,0.0,5.0,0.0,31,16,9,4,25,0,6,0
221764,1833,0.0,6.0,0.0,70,24,9,2,67,0,2,1
222017,586,0.0,4.0,0.0,61,41,9,4,58,0,3,0
222195,2856,0.0,0.0,1.0,17,3,1,4,16,0,1,0
222197,310,0.0,2.0,0.0,8,2,1,2,7,0,1,0
222345,4760,0.0,7.0,0.0,1,1,1,1,0,0,1,0
223228,649,0.0,0.0,1.0,6,1,1,1,5,0,1,0
223283,3915,0.0,0.0,0.0,2,1,1,2,0,0,1,1
223531,1393,0.0,3.0,1.0,176,131,12,3,173,0,3,0
223591,2935,0.0,5.0,0.0,5,3,2,1,4,0,1,0
224077,239,0.0,0.0,0.0,23,9,5,6,20,0,1,2
224104,4818,0.0,0.0,1.0,17,10,3,3,15,1,1,0
224508,2954,0.0,3.0,0.0,3,1,1,1,2,0,1,0
224792,1000,0.0,4.0,1.0,2,1,1,1,1,0,1,0
225556,2639,0.0,5.0,0.0,18,8,3,2,16,0,2,0
226026,4648,0.0,4.0,0.0,2,1,1,1,1,0,1,0
226304,4143,0.0,5.0,0.0,9,3,2,1,8,0,1,0
226349,3034,0.0,5.0,1.0,2,1,1,1,0,0,1,1
226457,3376,0.0,4.0,0.0,18,10,1,5,16,0,1,1
22665,3460,0.0,2.0,0.0,2,1,1,1,1,0,1,0
22698,588,0.0,3.0,0.0,6,1,1,1,5,0,1,0
227164,2173,0.0,4.0,0.0,20,14,1,1,19,0,1,0
227223,1495,0.0,3.0,0.0,19,4,1,5,17,0,1,1
227366,112,0.0,4.0,0.0,4,2,2,1,3,0,1,0
22787,4129,0.0,6.0,1.0,36,28,5,1,33,0,3,0
227965,2465,0.0,2.0,0.0,9,4,1,1,8,0,1,0
228377,4733,0.0,3.0,0.0,1,1,1,1,0,0,1,0
228609,4730,0.0,6.0,0.0,2,1,1,1,1,0,1,0
228950,2313,0.0,3.0,0.0,8,4,2,2,6,0,1,1
229430,2883,1.0,5.0,0.0,6,1,1,2,4,0,1,1
229519,2108,0.0,2.0,0.0,1,1,1,1,0,0,1,0
229528,1760,0.0,2.0,0.0,1,1,1,1,0,0,1,0
229600,2403,0.0,6.0,0.0,14,8,4,1,12,0,2,0
229943,4607,0.0,3.0,0.0,15,3,1,1,14,0,1,0
230095,2746,1.0,3.0,0.0,11,3,1,1,10,0,1,0
230120,1102,0.0,2.0,1.0,11,9,4,1,9,0,2,0
230295,104,0.0,2.0,1.0,9,1,1,2,7,0,1,1
230334,3291,1.0,0.0,0.0,3,1,1,1,2,0,1,0
230545,1056,0.0,0.0,0.0,9,4,4,5,5,0,1,3
230648,4949,0.0,0.0,0.0,16,10,5,2,15,0,1,0
231110,4336,0.0,3.0,1.0,7,2,1,3,5,1,1,0
231691,1340,0.0,6.0,0.0,3,2,1,2,2,0,1,0
23206,563,0.0,3.0,0.0,2,1,1,1,1,0,1,0
232179,4420,0.0,0.0,1.0,2,1,1,2,1,0,1,0
23247,4198,0.0,6.0,0.0,4,2,1,2,3,0,1,0
232742,3968,0.0,0.0,0.0,2,1,1,1,1,0,1,0
232768,777,0.0,3.0,0.0,19,12,4,5,15,0,3,1
232882,3236,0.0,3.0,0.0,4,3,1,1,3,0,1,0
233281,1840,0.0,5.0,0.0,2,1,1,1,1,0,1,0
233371,1000,1.0,3.0,0.0,2,1,1,1,1,0,1,0
234099,2318,0.0,2.0,0.0,1,1,1,1,0,0,1,0
234101,4079,0.0,3.0,0.0,2,1,1,1,1,0,1,0
234346,2821,0.0,6.0,1.0,7,1,1,2,6,0,1,0
234417,4044,0.0,3.0,0.0,1,1,1,1,0,0,1,0
234691,2664,0.0,6.0,1.0,5,1,1,2,4,0,1,0
235109,3152,0.0,6.0,0.0,4,1,1,1,3,0,1,0
235160,2913,0.0,4.0,0.0,4,1,1,1,3,0,1,0
235284,4850,0.0,6.0,0.0,28,19,6,3,25,0,3,0
235302,4764,0.0,0.0,0.0,1,1,1,1,0,0,1,0
23622,4976,0.0,5.0,0.0,13,5,2,1,11,0,2,0
236232,2397,0.0,3.0,0.0,8,1,1,3,7,0,1,0
236342,2036,0.0,0.0,1.0,4,1,1,2,3,0,1,0
236437,2840,0.0,4.0,0.0,10,2,2,3,7,0,2,1
236616,4648,0.0,2.0,0.0,2,2,2,1,0,0,2,0
236758,250,0.0,0.0,1.0,4,2,1,1,3,0,1,0
236802,2821,0.0,0.0,0.0,3,1,1,1,2,0,1,0
236868,2664,0.0,5.0,0.0,8,6,3,1,2,0,6,0
23702,4173,0.0,4.0,2.0,10,6,5,3,5,0,1,4
237216,2709,0.0,4.0,0.0,2,1,1,1,1,0,1,0
238180,503,1.0,3.0,0.0,2,1,1,1,1,0,1,0
238244,695,0.0,0.0,0.0,5,2,2,1,4,0,1,0
238986,4044,0.0,2.0,0.0,28,17,5,3,23,0,2,3
239071,4413,0.0,null,null,3,1,1,1,2,0,1,0
239080,1200,0.0,4.0,0.0,7,2,2,1,3,0,4,0
239313,3472,0.0,3.0,1.0,1,1,1,1,0,0,1,0
23939,523,0.0,0.0,0.0,50,26,4,6,45,0,1,4
239395,204,1.0,3.0,0.0,1,1,1,1,0,0,1,0
240026,3179,0.0,3.0,1.0,17,4,2,2,16,0,1,0
240047,373,0.0,3.0,0.0,18,11,1,1,17,0,1,0
240096,803,0.0,0.0,0.0,27,8,3,5,26,0,1,0
240283,2124,0.0,3.0,0.0,11,3,1,1,10,0,1,0
240451,3460,0.0,3.0,0.0,14,5,3,1,11,0,3,0
240514,1536,0.0,6.0,0.0,6,4,4,2,2,0,4,0
240533,3080,0.0,6.0,0.0,1,1,1,1,0,0,1,0
241672,1346,0.0,6.0,0.0,3,2,1,1,2,0,1,0
2417,4666,1.0,0.0,0.0,2,1,1,2,1,0,1,0
241947,467,0.0,3.0,0.0,8,1,1,1,7,0,1,0
242166,3828,0.0,6.0,1.0,6,1,1,2,4,1,1,0
242260,1963,0.0,5.0,0.0,67,21,1,1,66,0,1,0
243054,63,0.0,0.0,0.0,2,1,1,2,1,0,1,0
243677,4282,1.0,4.0,0.0,39,22,7,1,37,0,2,0
243976,4197,0.0,4.0,0.0,7,1,1,1,5,0,2,0
244042,4039,0.0,6.0,0.0,4,1,1,1,3,0,1,0
244580,798,0.0,4.0,0.0,4,2,1,1,3,0,1,0
244594,3665,0.0,3.0,0.0,2,1,1,1,1,0,1,0
244666,4044,0.0,2.0,0.0,24,17,7,2,23,0,1,0
244823,4048,0.0,0.0,0.0,7,1,1,2,5,0,2,0
244938,159,0.0,3.0,0.0,3,1,1,1,2,0,1,0
245206,1910,0.0,6.0,0.0,3,1,1,1,2,0,1,0
245309,1284,0.0,0.0,0.0,15,4,1,1,10,0,4,1
245474,4545,0.0,6.0,0.0,12,8,1,2,10,0,2,0
245582,1394,0.0,0.0,1.0,4,1,1,2,3,0,1,0
245841,2242,0.0,4.0,0.0,2,1,1,1,1,0,1,0
246296,4760,0.0,3.0,1.0,2,1,1,1,1,0,1,0
246878,4444,0.0,6.0,0.0,6,2,1,1,3,0,3,0
246951,1742,0.0,4.0,0.0,13,7,1,3,11,0,2,0
247496,170,0.0,0.0,0.0,9,2,1,2,6,0,2,1
248476,2883,0.0,3.0,0.0,24,8,2,6,21,0,1,2
248552,4270,0.0,3.0,0.0,9,6,5,3,5,0,4,0
248939,2026,0.0,5.0,0.0,5,1,1,1,3,0,1,1
249350,2036,0.0,3.0,1.0,12,4,2,1,11,0,1,0
249649,798,0.0,4.0,0.0,3,1,1,2,2,0,1,0
249754,2108,0.0,5.0,1.0,16,7,4,3,15,0,1,0
24981,2361,0.0,3.0,0.0,12,5,5,1,11,0,1,0
251220,2303,0.0,3.0,0.0,44,29,1,1,43,0,1,0
251617,4090,0.0,0.0,1.0,14,3,1,4,11,0,1,2
252060,1679,0.0,3.0,1.0,3,2,2,1,2,0,1,0
252060,4306,0.0,3.0,1.0,3,1,1,1,2,0,1,0
252212,2194,0.0,3.0,1.0,3,1,1,1,2,0,1,0
25244,826,0.0,0.0,1.0,4,1,1,1,3,0,1,0
252641,1677,0.0,4.0,0.0,21,11,4,1,16,0,5,0
252768,1501,0.0,0.0,0.0,10,2,2,1,9,0,1,0
252859,963,0.0,3.0,0.0,3,1,1,1,2,0,1,0
253413,4480,0.0,0.0,0.0,1,1,1,1,0,0,1,0
253542,2935,0.0,0.0,1.0,2,1,1,1,1,0,1,0
253916,2768,0.0,0.0,0.0,18,13,6,2,16,0,1,1
25405,2688,0.0,4.0,0.0,8,4,2,1,7,0,1,0
254071,3607,0.0,0.0,0.0,2,2,1,2,1,0,1,0
254480,2193,1.0,3.0,1.0,5,3,1,1,4,0,1,0
254583,2217,0.0,3.0,0.0,3,1,1,1,2,0,1,0
255388,3022,0.0,4.0,1.0,1,1,1,1,0,0,1,0
255452,777,0.0,2.0,0.0,12,5,3,5,10,0,2,0
255944,4044,0.0,0.0,0.0,10,7,2,2,9,0,1,0
25607,1346,1.0,5.0,1.0,2,1,1,1,1,0,1,0
257067,2081,0.0,3.0,0.0,26,8,2,3,24,0,1,1
257279,4585,0.0,6.0,1.0,10,7,2,2,9,0,1,0
257584,4976,0.0,3.0,0.0,16,10,2,4,15,0,1,0
257854,2143,0.0,5.0,0.0,11,4,2,2,8,0,3,0
258056,423,0.0,0.0,0.0,2,1,1,1,1,0,1,0
258058,320,0.0,4.0,0.0,3,1,1,1,2,0,1,0
258306,412,1.0,4.0,0.0,21,15,8,1,19,0,2,0
25837,3014,0.0,4.0,0.0,11,3,1,2,10,0,1,0
259227,1291,0.0,6.0,1.0,4,1,1,1,3,0,1,0
259455,786,0.0,0.0,1.0,9,2,1,1,8,0,1,0
259462,4373,0.0,3.0,1.0,9,3,2,1,8,0,1,0
259851,1018,0.0,2.0,0.0,6,2,2,1,3,0,1,2
259891,1708,0.0,4.0,2.0,4,1,1,1,3,0,1,0
260280,1246,0.0,5.0,1.0,5,2,1,2,4,0,1,0
260482,2760,0.0,4.0,0.0,6,1,1,1,5,0,1,0
261155,2294,1.0,0.0,0.0,7,3,2,2,6,0,1,0
261485,2031,0.0,0.0,1.0,2,1,1,2,1,0,1,0
26171,2242,0.0,5.0,0.0,2,1,1,1,1,0,1,0
26232,2138,0.0,2.0,0.0,11,4,2,2,9,0,2,0
262352,2047,0.0,3.0,1.0,3,1,1,1,1,0,1,1
262403,3462,0.0,2.0,0.0,2,1,1,1,1,0,1,0
262458,4048,0.0,0.0,0.0,12,3,1,2,11,0,1,0
262627,1467,0.0,2.0,0.0,1,1,1,1,0,0,1,0
262675,1466,0.0,5.0,1.0,2,1,1,1,0,0,2,0
262742,1500,0.0,2.0,0.0,5,3,1,1,4,0,1,0
262787,1454,0.0,3.0,0.0,8,2,2,1,6,0,1,1
263004,1102,0.0,3.0,0.0,1,1,1,1,0,0,1,0
263632,2066,0.0,4.0,1.0,4,2,2,1,3,0,1,0
263953,2935,0.0,3.0,2.0,4,1,1,2,3,0,1,0
264054,963,0.0,4.0,1.0,3,2,1,1,2,0,1,0
264060,4143,0.0,0.0,0.0,22,17,7,1,21,0,1,0
264235,3898,0.0,4.0,0.0,5,2,1,1,4,0,1,0
264254,1031,0.0,4.0,0.0,20,8,2,4,19,0,1,0
264360,4607,0.0,2.0,0.0,5,3,1,4,0,0,1,4
264428,1825,0.0,4.0,0.0,21,3,1,5,17,0,1,3
264460,1884,0.0,6.0,0.0,7,4,2,2,6,0,1,0
264639,2752,0.0,6.0,2.0,3,2,2,1,1,0,2,0
265032,4775,0.0,6.0,0.0,2,1,1,1,1,0,1,0
26544,4554,0.0,4.0,0.0,2,1,1,1,1,0,1,0
265637,1272,0.0,5.0,1.0,3,1,1,2,2,0,1,0
265859,293,0.0,5.0,0.0,2,1,1,1,1,0,1,0
265972,4708,0.0,4.0,0.0,8,4,2,1,5,0,3,0
266473,121,0.0,4.0,1.0,18,16,9,5,17,0,1,0
266693,3839,0.0,4.0,0.0,133,34,3,4,124,0,2,7
266790,145,0.0,2.0,0.0,4,1,1,3,3,0,1,0
266830,2721,0.0,0.0,1.0,7,3,2,3,6,0,1,0
266848,4137,0.0,3.0,0.0,3,1,1,1,2,0,1,0
267200,606,0.0,3.0,0.0,10,4,3,1,9,0,1,0
267317,4043,0.0,2.0,0.0,9,4,3,2,8,0,1,0
268038,2025,0.0,0.0,1.0,6,1,1,2,5,0,1,0
268100,3323,0.0,0.0,0.0,12,5,1,1,11,0,1,0
268878,2721,0.0,6.0,0.0,5,1,1,1,4,0,1,0
268924,4150,0.0,3.0,0.0,2,1,1,1,1,0,1,0
268960,4545,0.0,0.0,0.0,9,2,1,1,7,0,1,1
26923,3546,0.0,3.0,0.0,4,1,1,1,3,0,1,0
269763,1618,0.0,0.0,0.0,11,5,2,2,10,0,1,0
270019,4388,0.0,4.0,0.0,2,1,1,1,1,0,1,0
270865,1679,1.0,0.0,0.0,36,14,3,3,34,0,2,0
271464,4960,0.0,3.0,0.0,34,11,5,3,33,0,1,0
271683,145,0.0,4.0,1.0,3,1,1,2,2,0,1,0
271760,4879,0.0,2.0,0.0,3,1,1,1,2,0,1,0
272020,4209,0.0,3.0,0.0,1,1,1,1,0,0,1,0
272072,4976,0.0,4.0,0.0,1,1,1,1,0,0,1,0
272251,323,0.0,6.0,0.0,3,2,1,1,2,0,1,0
273236,3828,0.0,3.0,0.0,12,5,5,3,5,0,3,4
273583,4944,0.0,3.0,0.0,4,2,1,1,3,0,1,0
273616,4049,0.0,4.0,0.0,7,2,1,1,6,0,1,0
273799,1356,0.0,5.0,0.0,2,1,1,2,1,0,1,0
274400,1875,0.0,0.0,1.0,9,6,1,1,7,0,2,0
274948,2709,0.0,0.0,1.0,7,1,1,2,4,0,1,2
275504,416,0.0,0.0,0.0,5,2,2,2,4,0,1,0
275518,1273,0.0,4.0,0.0,7,5,1,1,6,0,1,0
275588,2403,0.0,3.0,0.0,22,12,1,1,20,0,2,0
275754,1871,0.0,4.0,1.0,4,2,1,2,3,0,1,0
275825,2537,0.0,2.0,0.0,19,7,3,1,16,0,3,0
275831,2482,0.0,4.0,0.0,6,1,1,1,5,0,1,0
275955,4506,0.0,0.0,0.0,5,5,5,2,0,1,4,0
27619,246,0.0,4.0,0.0,1,1,1,1,0,0,1,0
276866,1911,0.0,0.0,1.0,13,3,1,4,11,0,1,1
277321,2124,0.0,6.0,1.0,13,2,2,1,11,0,2,0
277387,4492,0.0,3.0,0.0,14,6,3,4,13,0,1,0
277723,4871,0.0,4.0,0.0,5,2,1,1,4,0,1,0
278177,323,0.0,3.0,0.0,15,2,1,3,14,0,1,0
278311,4401,0.0,4.0,1.0,3,2,1,2,1,0,1,1
278571,2014,0.0,5.0,1.0,10,3,2,3,9,0,1,0
278602,1738,0.0,0.0,0.0,2,1,1,1,1,0,1,0
278647,4044,0.0,2.0,0.0,144,72,11,19,122,0,2,20
278831,2721,0.0,4.0,1.0,82,52,3,3,77,0,5,0
279007,2236,0.0,5.0,0.0,13,6,4,3,9,0,4,0
27923,4043,0.0,3.0,0.0,15,6,5,3,12,0,2,1
279517,941,0.0,5.0,0.0,6,2,1,1,5,0,1,0
280184,4022,0.0,2.0,1.0,5,1,1,2,4,0,1,0
280576,2403,0.0,0.0,0.0,3,1,1,1,2,0,1,0
280741,1491,0.0,0.0,1.0,3,1,1,1,2,0,1,0
280974,66,0.0,4.0,1.0,2,2,1,2,0,0,1,1
280999,3022,0.0,6.0,0.0,13,3,3,2,12,0,1,0
281039,4049,0.0,5.0,0.0,12,2,1,5,9,0,1,2
281970,1538,0.0,0.0,0.0,10,1,1,4,8,0,1,1
28207,3826,0.0,2.0,0.0,2,1,1,1,0,0,1,1
282633,190,0.0,7.0,1.0,9,1,1,3,6,0,3,0
282717,4079,0.0,6.0,0.0,1,1,1,1,0,0,1,0
283197,4402,1.0,3.0,0.0,25,4,1,8,18,0,1,6
283271,1816,0.0,2.0,0.0,2,1,1,1,1,0,1,0
283302,1421,0.0,4.0,null,6,3,1,2,5,0,1,0
284101,4039,0.0,5.0,0.0,7,5,1,1,5,0,2,0
284689,2499,0.0,2.0,0.0,2,1,1,1,1,0,1,0
285021,608,0.0,6.0,0.0,5,3,2,1,4,0,1,0
285108,1346,0.0,4.0,0.0,29,7,1,2,27,0,1,1
285705,4044,0.0,0.0,0.0,20,9,2,1,16,0,1,3
286106,4660,0.0,0.0,1.0,3,1,1,1,2,0,1,0
287018,4220,0.0,3.0,0.0,8,3,2,2,6,0,1,1
287488,4671,0.0,3.0,1.0,2,1,1,1,1,0,1,0
287851,2217,0.0,4.0,2.0,9,1,1,3,6,0,1,2
287879,4044,0.0,0.0,0.0,15,8,4,3,12,0,3,0
287951,215,0.0,null,null,8,5,1,1,7,0,1,0
288374,2124,0.0,4.0,0.0,10,7,2,1,9,0,1,0
28860,4302,0.0,4.0,0.0,6,1,1,1,5,0,1,0
288642,3472,0.0,4.0,0.0,3,3,3,1,0,0,3,0
288746,1923,0.0,0.0,0.0,7,3,1,2,6,0,1,0
289065,786,0.0,0.0,0.0,5,2,1,2,3,0,1,1
289859,102,0.0,3.0,0.0,10,2,1,3,8,0,1,1
290731,4090,0.0,0.0,0.0,35,6,1,6,32,0,2,1
290741,4173,0.0,0.0,0.0,34,15,3,4,30,3,1,0
29080,682,0.0,0.0,0.0,4,2,2,1,3,0,1,0
290967,4044,0.0,0.0,0.0,16,7,4,3,15,0,1,0
291417,168,0.0,4.0,0.0,12,8,7,2,11,0,1,0
291459,4826,0.0,2.0,0.0,4,1,1,1,3,0,1,0
291539,1861,0.0,0.0,0.0,17,3,1,2,14,0,1,2
292226,2721,0.0,5.0,0.0,26,21,2,5,25,0,1,0
292245,3159,0.0,3.0,1.0,26,8,3,1,25,0,1,0
292581,1250,0.0,5.0,0.0,10,3,1,1,7,0,3,0
293121,2594,0.0,3.0,0.0,37,21,9,2,34,0,2,1
293220,1679,0.0,0.0,0.0,41,24,6,3,29,4,1,7
293302,1056,0.0,3.0,0.0,13,7,4,1,8,0,4,1
293311,3205,0.0,0.0,0.0,12,1,1,1,11,0,1,0
293691,1618,0.0,3.0,1.0,7,1,1,1,6,0,1,0
293749,3984,0.0,2.0,0.0,6,1,1,1,5,0,1,0
293882,2890,0.0,4.0,0.0,4,1,1,1,3,0,1,0
294396,2537,0.0,2.0,0.0,11,5,2,1,9,0,2,0
294665,3971,0.0,3.0,1.0,9,1,1,2,7,1,1,0
2954,786,1.0,4.0,0.0,7,2,1,1,6,0,1,0
296847,2173,0.0,4.0,0.0,2,1,1,1,1,0,1,0
29708,4143,0.0,6.0,0.0,15,12,5,3,13,0,2,0
297492,3445,0.0,3.0,1.0,6,2,1,2,3,0,3,0
297826,3022,0.0,3.0,1.0,4,2,1,2,3,0,1,0
297899,588,0.0,5.0,0.0,1,1,1,1,0,0,1,0
297987,1399,0.0,0.0,0.0,3,1,1,1,2,0,1,0
298026,1780,0.0,4.0,0.0,3,1,1,1,2,0,1,0
298656,2318,0.0,0.0,0.0,6,3,2,1,5,0,1,0
298902,3472,0.0,3.0,0.0,3,2,1,1,2,0,1,0
299415,2571,0.0,2.0,0.0,3,1,1,1,2,0,1,0
299797,4079,0.0,2.0,0.0,4,2,2,1,3,0,1,0
299824,4079,0.0,6.0,1.0,10,3,1,2,5,0,5,0
300107,3608,0.0,0.0,0.0,2,1,1,1,1,0,1,0
300508,962,0.0,0.0,0.0,3,1,1,1,2,0,1,0
300661,630,1.0,0.0,0.0,4,2,2,1,3,0,1,0
300689,1500,0.0,2.0,0.0,6,3,1,1,5,0,1,0
30073,3472,0.0,4.0,1.0,3,1,1,1,2,0,1,0
300758,2224,0.0,0.0,1.0,4,1,1,1,3,0,1,0
301349,1102,0.0,0.0,0.0,170,66,6,13,169,0,1,0
301571,4842,0.0,3.0,0.0,6,4,1,1,5,0,1,0
301944,588,0.0,3.0,0.0,6,2,1,1,4,0,1,1
302008,574,0.0,3.0,1.0,12,6,1,3,10,0,2,0
30212,3646,0.0,3.0,0.0,7,2,1,1,4,0,3,0
302634,4173,0.0,null,null,20,7,2,3,17,2,1,0
303423,1102,0.0,0.0,0.0,45,32,8,6,43,1,1,0
303882,2669,0.0,3.0,0.0,3,1,1,1,1,0,2,0
304422,643,0.0,3.0,1.0,25,8,2,1,22,0,1,2
304428,3623,0.0,6.0,0.0,7,1,1,2,6,0,1,0
304566,2066,0.0,5.0,0.0,11,4,1,2,9,0,1,1
305036,4209,0.0,2.0,1.0,2,1,1,2,1,0,1,0
305577,1999,0.0,4.0,0.0,2,2,1,1,0,0,2,0
305585,1751,0.0,3.0,1.0,50,9,3,1,43,0,3,4
3057,3085,0.0,5.0,2.0,7,2,2,1,6,0,1,0
305994,1096,0.0,2.0,1.0,7,3,1,1,6,0,1,0
306190,4044,0.0,4.0,0.0,7,4,4,2,5,0,2,0
306309,4444,0.0,5.0,2.0,52,17,2,3,47,0,5,0
306316,1056,0.0,3.0,0.0,25,10,6,4,21,0,3,1
306620,360,0.0,0.0,1.0,1,1,1,1,0,0,1,0
307289,4648,0.0,3.0,2.0,4,2,2,1,2,0,2,0
308067,2664,0.0,4.0,2.0,2,2,2,1,0,0,2,0
308203,2173,0.0,3.0,0.0,8,5,2,3,4,0,1,3
308873,3826,0.0,6.0,2.0,14,4,1,1,13,0,1,0
309155,2277,0.0,3.0,1.0,8,2,2,1,6,0,2,0
309987,2608,0.0,4.0,0.0,14,5,1,1,13,0,1,0
310106,4976,1.0,2.0,0.0,20,9,3,3,15,0,1,4
310310,1999,0.0,3.0,0.0,12,5,1,4,11,0,1,0
310375,2008,0.0,3.0,0.0,1,1,1,1,0,0,1,0
310633,596,0.0,0.0,0.0,3,3,2,1,0,0,3,0
310897,2537,0.0,0.0,0.0,7,1,1,1,6,0,1,0
311085,826,1.0,5.0,1.0,2,1,1,1,1,0,1,0
311455,1393,1.0,5.0,0.0,24,12,7,1,18,0,6,0
311978,2397,0.0,5.0,0.0,3,2,2,1,2,0,1,0
312288,3524,0.0,2.0,0.0,8,3,1,2,6,0,1,1
312400,4282,0.0,5.0,1.0,26,10,3,3,25,0,1,0
312701,1024,0.0,3.0,1.0,6,1,1,1,5,0,1,0
312887,4950,0.0,3.0,1.0,4,3,3,1,3,0,1,0
31307,1760,0.0,5.0,0.0,23,7,2,1,19,0,4,0
3148,2138,0.0,3.0,0.0,2,1,1,1,1,0,1,0
315610,2900,0.0,3.0,0.0,5,1,1,1,4,0,1,0
316045,605,0.0,5.0,0.0,1,1,1,1,0,0,1,0
316240,1791,0.0,0.0,1.0,6,1,1,1,5,0,1,0
316734,412,0.0,4.0,0.0,145,77,14,11,139,2,4,0
317676,963,0.0,2.0,1.0,23,8,2,2,22,0,1,0
317679,310,0.0,2.0,1.0,1,1,1,1,0,0,1,0
317700,1272,0.0,5.0,0.0,2,1,1,1,1,0,1,0
31771,4958,0.0,2.0,0.0,12,5,2,1,11,0,1,0
318117,687,0.0,4.0,0.0,1,1,1,1,0,0,1,0
318152,4677,0.0,0.0,0.0,1,1,1,1,0,0,1,0
318568,3126,0.0,0.0,0.0,3,1,1,2,2,0,1,0
319061,121,0.0,4.0,0.0,1,1,1,1,0,0,1,0
319124,4793,0.0,3.0,0.0,7,1,1,1,6,0,1,0
31925,2981,0.0,3.0,0.0,8,4,2,1,6,0,2,0
319373,608,0.0,0.0,1.0,13,7,4,2,10,0,3,0
319430,4933,0.0,0.0,0.0,1,1,1,1,0,0,1,0
32005,2217,0.0,4.0,1.0,6,2,1,2,3,0,2,1
320212,361,0.0,7.0,0.0,7,5,1,1,6,0,1,0
32073,4444,0.0,5.0,0.0,17,4,2,4,14,0,1,2
32091,4044,0.0,2.0,0.0,66,46,13,11,60,0,1,5
321074,2014,0.0,6.0,0.0,5,2,1,1,4,0,1,0
321222,2313,0.0,4.0,1.0,8,2,2,3,6,0,1,1
321508,3349,0.0,5.0,0.0,16,2,1,7,14,0,1,1
321941,296,0.0,4.0,0.0,2,1,1,1,1,0,1,0
322112,2594,0.0,3.0,0.0,26,12,5,8,22,0,1,3
323408,4173,0.0,2.0,0.0,20,13,5,3,18,0,2,0
323588,1738,0.0,4.0,0.0,9,4,3,4,7,0,1,1
324178,2031,0.0,2.0,1.0,8,1,1,2,7,0,1,0
324700,4482,0.0,4.0,0.0,15,7,3,1,14,0,1,0
325143,2450,0.0,4.0,0.0,7,5,1,1,6,0,1,0
325460,1412,0.0,4.0,1.0,7,2,1,1,5,0,2,0
325675,1892,0.0,3.0,0.0,32,15,4,2,28,0,2,2
326423,361,0.0,3.0,0.0,3,2,1,1,1,0,2,0
326426,148,0.0,5.0,1.0,3,1,1,1,2,0,1,0
326491,4131,0.0,3.0,1.0,2,1,1,1,1,0,1,0
326612,4079,0.0,0.0,0.0,3,1,1,1,2,0,1,0
326950,3080,0.0,2.0,1.0,13,7,4,2,12,0,1,0
326999,2278,0.0,5.0,0.0,2,1,1,1,1,0,1,0
327046,416,0.0,6.0,1.0,11,5,2,1,10,0,1,0
327341,4794,0.0,0.0,0.0,5,2,1,3,4,0,1,0
328177,1452,0.0,5.0,0.0,9,6,2,1,8,0,1,0
328229,3826,0.0,null,null,4,1,1,2,2,0,1,1
329147,2913,0.0,3.0,0.0,9,2,2,1,8,0,1,0
329289,1749,0.0,4.0,0.0,7,4,3,1,0,0,4,3
32934,4090,0.0,0.0,1.0,9,3,1,1,6,1,2,0
330111,3374,0.0,2.0,0.0,20,13,4,1,16,0,4,0
330708,3828,0.0,6.0,0.0,9,5,3,2,8,0,1,0
33074,3828,0.0,3.0,1.0,11,1,1,2,9,0,1,1
330865,4864,0.0,0.0,null,5,3,2,1,4,0,1,0
331024,4282,0.0,3.0,1.0,47,24,11,15,40,0,1,6
33141,1910,1.0,3.0,0.0,11,1,1,1,9,0,2,0
331488,1760,0.0,3.0,0.0,7,4,1,2,6,0,1,0
331638,606,0.0,0.0,1.0,5,1,1,1,4,0,1,0
331878,4082,0.0,0.0,0.0,27,7,1,4,24,0,1,2
332064,1016,0.0,3.0,0.0,3,1,1,1,1,0,2,0
332887,4564,0.0,4.0,0.0,9,2,1,3,5,0,1,3
332968,3256,0.0,4.0,1.0,6,1,1,1,5,0,1,0
333044,3103,0.0,0.0,0.0,11,2,2,1,10,0,1,0
33306,1742,0.0,4.0,0.0,9,1,1,1,8,0,1,0
333150,1340,1.0,2.0,1.0,52,28,7,2,49,0,3,0
333473,2403,0.0,3.0,0.0,17,8,2,2,16,0,1,0
333634,3925,1.0,0.0,0.0,3,1,1,1,2,0,1,0
334227,1166,0.0,3.0,0.0,5,3,1,1,4,0,1,0
334241,4793,0.0,3.0,1.0,8,3,1,1,7,0,1,0
334276,2645,0.0,3.0,1.0,6,1,1,2,3,0,2,1
33430,3828,0.0,5.0,0.0,1,1,1,1,0,0,1,0
334581,1056,0.0,5.0,0.0,8,5,4,2,7,0,1,0
334659,2193,0.0,3.0,0.0,12,3,1,2,11,0,1,0
334760,4607,0.0,3.0,0.0,3,1,1,1,2,0,1,0
334820,416,0.0,0.0,0.0,4,1,1,1,3,0,1,0
335141,3170,0.0,3.0,1.0,6,2,2,2,4,0,1,1
335143,3941,0.0,4.0,1.0,1,1,1,1,0,0,1,0
3352,598,0.0,3.0,0.0,10,6,4,2,6,0,3,1
335450,1749,0.0,0.0,0.0,11,3,1,3,8,0,1,2
335789,3968,0.0,4.0,0.0,5,3,1,1,4,0,1,0
336099,2888,0.0,0.0,0.0,5,3,1,1,4,0,1,0
336292,3828,0.0,3.0,0.0,26,4,4,6,22,0,1,3
336782,323,0.0,0.0,0.0,9,2,1,2,8,0,1,0
33714,1664,0.0,3.0,0.0,10,2,2,1,9,0,1,0
337633,254,0.0,3.0,0.0,3,2,1,1,2,0,1,0
337744,1673,0.0,0.0,0.0,2,1,1,1,1,0,1,0
337753,3227,0.0,4.0,0.0,2,1,1,1,1,0,1,0
337800,2936,0.0,3.0,0.0,8,1,1,1,7,0,1,0
338035,1031,0.0,4.0,0.0,15,3,1,1,14,0,1,0
338041,133,0.0,5.0,0.0,2,1,1,1,1,0,1,0
338898,3734,0.0,3.0,0.0,9,3,2,2,7,0,1,1
33890,4196,1.0,3.0,1.0,1,1,1,1,0,0,1,0
338953,2566,0.0,2.0,1.0,15,2,1,1,14,0,1,0
339113,3291,0.0,3.0,0.0,5,1,1,2,3,0,1,1
339630,4090,0.0,0.0,0.0,1,1,1,1,0,0,1,0
33969,4408,0.0,5.0,0.0,1,1,1,1,0,0,1,0
339703,4648,0.0,2.0,0.0,23,10,5,2,19,0,4,0
340271,1659,0.0,5.0,2.0,4,1,1,1,3,0,1,0
340550,1474,0.0,2.0,1.0,6,1,1,3,4,0,1,1
340662,3484,0.0,4.0,0.0,2,1,1,1,1,0,1,0
340727,503,0.0,3.0,0.0,1,1,1,1,0,0,1,0
340765,2273,0.0,2.0,0.0,2,2,1,1,1,0,1,0
341367,2565,0.0,3.0,0.0,6,1,1,3,4,0,1,1
341463,474,0.0,3.0,0.0,5,3,3,2,2,0,1,2
342077,2242,0.0,5.0,0.0,19,10,5,2,11,0,2,6
342570,2928,0.0,6.0,0.0,13,8,2,1,12,0,1,0
342641,1102,0.0,3.0,1.0,3,2,1,1,0,0,1,2
342641,141,0.0,3.0,1.0,1,1,1,1,0,0,1,0
343304,790,0.0,3.0,0.0,15,8,4,3,13,1,1,0
343503,1501,0.0,3.0,0.0,2,1,1,1,1,0,1,0
343856,3006,0.0,0.0,0.0,2,1,1,1,1,0,1,0
343926,4791,0.0,5.0,0.0,4,1,1,3,2,0,1,1
344201,1074,1.0,6.0,0.0,6,4,1,2,1,0,3,2
345210,2879,0.0,3.0,1.0,3,1,1,1,2,0,1,0
34624,2193,0.0,3.0,1.0,3,1,1,1,2,0,1,0
346723,4848,0.0,6.0,0.0,3,2,1,1,2,0,1,0
34688,962,1.0,3.0,0.0,39,16,7,6,35,0,2,2
347754,3323,0.0,3.0,0.0,1,1,1,1,0,0,1,0
347987,4871,0.0,3.0,1.0,2,1,1,1,1,0,1,0
348100,861,0.0,2.0,null,18,1,1,6,15,0,1,2
348736,1500,0.0,5.0,1.0,2,1,1,1,1,0,1,0
349209,1742,0.0,5.0,1.0,22,13,1,5,18,0,1,3
349338,1393,0.0,0.0,0.0,13,9,2,2,12,0,1,0
350304,4648,0.0,5.0,0.0,9,4,2,2,6,0,2,1
350475,3170,0.0,3.0,0.0,2,2,1,2,1,0,1,0
350620,4043,0.0,6.0,0.0,4,2,2,2,3,0,1,0
350730,3085,0.0,4.0,1.0,4,1,1,3,3,0,1,0
351078,588,0.0,2.0,1.0,1,1,1,1,0,0,1,0
351570,1760,0.0,3.0,0.0,6,2,1,2,5,0,1,0
35189,1056,0.0,2.0,0.0,3,1,1,1,2,0,1,0
352359,643,0.0,3.0,0.0,25,7,2,4,23,0,1,1
352360,4173,0.0,2.0,0.0,5,1,1,2,3,0,1,1
352666,2055,0.0,3.0,0.0,3,2,1,1,2,0,1,0
35290,2928,0.0,3.0,0.0,25,7,3,4,22,0,2,1
353696,2397,0.0,3.0,0.0,14,4,3,3,13,0,1,0
353815,3378,0.0,7.0,0.0,7,1,1,1,5,0,2,0
354066,4044,0.0,0.0,0.0,9,4,2,1,6,0,3,0
354137,3173,0.0,3.0,0.0,1,1,1,1,0,0,1,0
354568,1861,0.0,0.0,0.0,4,1,1,1,3,0,1,0
35465,1788,0.0,0.0,1.0,2,1,1,1,0,0,1,1
354812,643,0.0,2.0,0.0,10,5,3,2,9,0,1,0
354844,3826,0.0,4.0,1.0,1,1,1,1,0,0,1,0
354886,4044,0.0,2.0,0.0,22,5,3,3,21,0,1,0
355485,1888,1.0,5.0,0.0,24,9,1,5,21,0,3,0
355574,812,0.0,2.0,0.0,12,3,1,5,11,0,1,0
355604,324,0.0,0.0,0.0,13,1,1,1,12,0,1,0
355609,2664,0.0,2.0,0.0,5,2,1,1,3,0,2,0
355778,4534,0.0,4.0,2.0,4,1,1,1,3,0,1,0
355823,3635,0.0,3.0,1.0,17,12,5,3,16,0,1,0
355901,4711,0.0,2.0,1.0,5,2,1,1,3,0,1,1
356069,2583,0.0,4.0,2.0,14,3,1,3,12,0,2,0
357155,359,0.0,2.0,1.0,9,2,2,1,7,0,2,0
357390,1203,0.0,5.0,0.0,2,1,1,1,1,0,1,0
357579,2537,0.0,3.0,0.0,2,1,1,1,1,0,1,0
358354,1851,0.0,2.0,0.0,4,1,1,2,2,0,1,1
358523,4099,0.0,7.0,1.0,27,12,8,2,26,0,1,0
358762,4258,0.0,0.0,0.0,8,2,1,1,7,0,1,0
35921,4131,0.0,3.0,0.0,3,2,2,2,2,0,1,0
359281,1724,0.0,8.0,0.0,7,2,2,1,6,0,1,0
359803,641,0.0,5.0,0.0,13,10,1,2,11,0,2,0
360999,3786,0.0,0.0,0.0,22,10,4,2,18,0,4,0
361075,4372,0.0,2.0,1.0,13,2,1,1,12,0,1,0
361556,3098,0.0,0.0,1.0,5,3,1,1,4,0,1,0
361600,1090,0.0,3.0,0.0,15,2,1,4,11,0,1,3
361684,2102,1.0,5.0,0.0,2,1,1,1,0,0,1,1
361881,1340,0.0,4.0,1.0,3,1,1,1,2,0,1,0
362227,3472,0.0,6.0,0.0,4,2,1,1,3,0,1,0
363256,1096,0.0,6.0,0.0,3,2,1,1,2,0,1,0
363335,1916,0.0,0.0,0.0,7,3,1,1,5,0,2,0
363713,2026,0.0,4.0,0.0,11,2,1,1,10,0,1,0
363730,66,0.0,5.0,0.0,11,1,1,1,10,0,1,0
363851,3578,0.0,4.0,0.0,5,1,1,1,4,0,1,0
363972,2099,0.0,6.0,0.0,13,2,2,3,10,0,2,1
364083,793,0.0,7.0,0.0,12,4,1,2,10,0,2,0
36422,4042,0.0,4.0,2.0,1,1,1,1,0,0,1,0
365048,416,1.0,0.0,0.0,2,1,1,1,1,0,1,0
365162,1963,0.0,6.0,1.0,38,21,3,3,36,0,2,0
36532,2688,0.0,0.0,0.0,3,2,1,1,2,0,1,0
36549,154,0.0,2.0,1.0,2,1,1,1,1,0,1,0
365596,1239,0.0,3.0,0.0,3,1,1,1,2,0,1,0
365669,4173,0.0,3.0,1.0,9,3,3,1,6,0,3,0
366076,1243,0.0,4.0,2.0,16,3,1,2,15,0,1,0
366093,3826,0.0,4.0,0.0,2,1,1,2,1,0,1,0
366172,2928,0.0,5.0,1.0,6,2,1,1,5,0,1,0
366303,1016,0.0,2.0,1.0,10,1,1,4,9,0,1,0
366981,4607,0.0,3.0,0.0,5,2,1,2,1,0,2,2
36838,1066,0.0,2.0,0.0,1,1,1,1,0,0,1,0
369107,2318,0.0,6.0,0.0,13,7,3,4,11,0,1,1
369248,4394,0.0,0.0,1.0,6,2,1,1,4,0,2,0
369316,4356,0.0,0.0,1.0,2,1,1,1,1,0,1,0
370108,1956,0.0,6.0,1.0,6,1,1,2,5,0,1,0
370393,2928,0.0,4.0,1.0,4,1,1,1,3,0,1,0
370491,148,0.0,3.0,2.0,28,20,10,2,26,0,2,0
37156,951,0.0,2.0,0.0,1,1,1,1,0,0,1,0
371745,3828,0.0,0.0,0.0,21,16,7,4,18,0,1,2
372416,4427,0.0,2.0,0.0,2,1,1,2,1,0,1,0
372482,3303,0.0,0.0,0.0,1,1,1,1,0,0,1,0
373406,3345,0.0,3.0,null,5,2,1,1,3,0,2,0
37343,4978,0.0,2.0,0.0,7,2,1,3,6,0,1,0
373560,4324,0.0,3.0,null,18,7,1,2,12,0,6,0
373812,2031,0.0,2.0,1.0,4,2,1,2,3,0,1,0
373876,4985,0.0,0.0,0.0,14,4,2,2,13,0,1,0
374133,2592,0.0,0.0,1.0,2,1,1,1,1,0,1,0
374150,1808,0.0,0.0,0.0,3,2,1,1,2,0,1,0
374217,3734,0.0,3.0,1.0,1,1,1,1,0,0,1,0
374325,663,0.0,4.0,0.0,10,7,2,1,9,0,1,0
374575,3022,0.0,3.0,0.0,6,1,1,1,5,0,1,0
375293,2537,0.0,0.0,0.0,3,1,1,1,2,0,1,0
375366,156,0.0,6.0,0.0,11,1,1,2,10,0,1,0
376166,293,0.0,0.0,0.0,3,1,1,2,2,0,1,0
377012,1597,0.0,0.0,1.0,5,1,1,1,4,0,1,0
377031,2242,0.0,5.0,0.0,26,12,3,4,18,0,4,4
37721,2755,0.0,3.0,0.0,5,1,1,1,4,0,1,0
377365,2821,0.0,3.0,1.0,7,2,1,1,6,0,1,0
377804,124,0.0,0.0,0.0,3,1,1,2,2,0,1,0
377975,4585,0.0,0.0,0.0,4,1,1,2,3,0,1,0
378277,1501,0.0,3.0,0.0,7,1,1,2,6,0,1,0
378382,472,0.0,6.0,1.0,4,1,1,1,2,0,2,0
378738,4492,0.0,2.0,1.0,4,1,1,1,3,0,1,0
379105,503,1.0,3.0,0.0,6,3,1,1,4,0,2,0
37928,4247,0.0,2.0,0.0,16,2,2,2,15,0,1,0
379953,2928,0.0,4.0,1.0,3,1,1,1,2,0,1,0
380486,2856,1.0,4.0,1.0,8,4,1,1,7,0,1,0
38055,3608,0.0,2.0,1.0,2,1,1,1,1,0,1,0
38113,2482,0.0,0.0,0.0,11,4,3,4,9,0,2,0
381411,2681,0.0,4.0,0.0,2,1,1,1,1,0,1,0
381453,321,0.0,6.0,0.0,8,5,1,1,7,0,1,0
381791,3609,0.0,3.0,0.0,4,2,1,1,3,0,1,0
381875,1379,0.0,6.0,1.0,8,1,1,2,5,0,3,0
381997,3473,0.0,0.0,0.0,12,1,1,1,10,0,2,0
382003,2138,0.0,3.0,0.0,1,1,1,1,0,0,1,0
382143,4427,0.0,7.0,0.0,3,1,1,1,2,0,1,0
382672,4864,0.0,0.0,null,10,5,2,2,9,0,1,0
383003,4280,0.0,6.0,0.0,11,4,1,1,10,0,1,0
383295,2856,0.0,6.0,1.0,5,2,1,1,4,0,1,0
384041,3383,0.0,3.0,0.0,2,2,2,1,0,0,2,0
384046,2217,0.0,3.0,1.0,4,1,1,1,3,0,1,0
384917,4306,0.0,0.0,0.0,7,1,1,1,6,0,1,0
38506,2790,0.0,4.0,1.0,9,5,3,1,8,0,1,0
385067,467,0.0,0.0,1.0,2,1,1,1,1,0,1,0
385195,3085,0.0,3.0,2.0,4,1,1,1,3,0,1,0
385371,3022,0.0,3.0,1.0,10,4,2,1,9,0,1,0
385687,608,0.0,5.0,0.0,2,1,1,1,1,0,1,0
385916,4170,0.0,4.0,0.0,13,2,1,1,7,0,6,0
386276,3152,0.0,3.0,1.0,10,5,1,2,9,0,1,0
386405,3828,0.0,3.0,0.0,6,5,4,1,5,0,1,0
386603,1708,0.0,0.0,1.0,9,3,1,2,7,0,1,1
386875,4143,0.0,5.0,0.0,136,74,14,15,121,0,1,14
387056,293,0.0,3.0,1.0,7,1,1,2,5,0,1,1
387665,2928,0.0,0.0,0.0,3,1,1,1,2,0,1,0
387906,3173,0.0,5.0,0.0,2,2,1,1,0,0,2,0
387929,4564,0.0,4.0,0.0,1,1,1,1,0,0,1,0
388173,1487,0.0,4.0,1.0,13,4,1,1,12,0,1,0
388789,3323,0.0,3.0,1.0,8,3,1,1,6,0,2,0
389047,1272,0.0,4.0,1.0,37,10,3,2,34,0,3,0
389079,4756,0.0,4.0,0.0,11,7,2,2,9,0,2,0
389299,3455,0.0,4.0,0.0,3,1,1,3,1,0,1,1
389505,2482,0.0,0.0,0.0,4,1,1,3,3,0,1,0
39001,4198,1.0,3.0,0.0,5,2,1,1,4,0,1,0
39003,1095,0.0,3.0,0.0,2,1,1,1,1,0,1,0
390254,1557,1.0,3.0,0.0,2,1,1,1,1,0,1,0
390536,1900,0.0,2.0,0.0,4,1,1,1,3,0,1,0
390889,1263,0.0,4.0,0.0,3,2,1,1,2,0,1,0
39119,4090,0.0,0.0,0.0,2,1,1,2,1,0,1,0
391391,742,0.0,3.0,0.0,6,2,2,1,5,0,1,0
391876,608,0.0,5.0,0.0,21,9,2,1,18,0,2,1
392268,797,1.0,5.0,1.0,4,2,1,1,3,0,1,0
392302,2397,0.0,4.0,0.0,12,3,2,4,10,0,1,1
39261,2566,0.0,2.0,0.0,8,2,2,3,5,0,1,2
392852,2664,0.0,5.0,0.0,21,5,2,2,19,0,2,0
392908,4319,0.0,2.0,0.0,1,1,1,1,0,0,1,0
393042,1102,0.0,4.0,0.0,17,13,4,5,16,0,1,0
393165,2950,0.0,4.0,0.0,13,4,1,1,11,0,2,0
393202,1102,0.0,3.0,1.0,6,4,4,1,5,0,1,0
393283,1501,0.0,3.0,1.0,2,1,1,1,1,0,1,0
393288,588,1.0,3.0,0.0,4,1,1,1,2,0,1,1
393410,3152,0.0,3.0,0.0,6,3,1,1,5,0,1,0
393628,3640,0.0,2.0,0.0,5,4,1,1,0,0,1,4
393728,4044,0.0,5.0,1.0,10,5,3,3,8,0,2,0
394047,3319,0.0,5.0,0.0,3,1,1,1,2,0,1,0
394390,4090,0.0,3.0,1.0,3,2,1,1,2,0,1,0
39442,1673,0.0,2.0,0.0,5,3,1,2,4,0,1,0
39476,1487,1.0,3.0,0.0,10,9,1,1,9,0,1,0
39509,3445,0.0,0.0,0.0,2,1,1,1,1,0,1,0
395275,3477,0.0,4.0,0.0,14,7,1,1,13,0,1,0
395480,606,0.0,0.0,0.0,7,3,1,1,6,0,1,0
395669,4325,0.0,3.0,0.0,2,1,1,1,1,0,1,0
395763,4118,0.0,5.0,1.0,11,5,3,2,9,0,2,0
39633,4287,0.0,4.0,0.0,4,1,1,1,3,0,1,0
396764,1056,0.0,3.0,0.0,7,4,2,1,6,0,1,0
397102,1833,0.0,3.0,1.0,10,6,4,1,9,0,1,0
397373,4157,0.0,2.0,1.0,3,1,1,1,1,0,2,0
39760,4760,0.0,4.0,1.0,17,6,3,2,16,0,1,0
397835,2821,0.0,null,null,13,7,2,1,12,0,1,0
397941,4280,0.0,2.0,0.0,1,1,1,1,0,0,1,0
398318,3984,0.0,0.0,1.0,18,9,5,2,17,0,1,0
398606,608,0.0,4.0,0.0,2,1,1,1,1,0,1,0
39864,1719,0.0,3.0,1.0,5,1,1,1,4,0,1,0
398859,437,0.0,4.0,0.0,14,4,2,5,13,0,1,0
399002,1489,0.0,3.0,1.0,4,1,1,2,3,0,1,0
399094,1647,0.0,3.0,0.0,7,2,1,3,6,0,1,0
399151,804,0.0,6.0,0.0,3,1,1,1,2,0,1,0
399184,4173,0.0,3.0,0.0,23,15,12,7,20,0,1,2
400211,2579,0.0,0.0,1.0,3,2,1,1,2,0,1,0
400251,293,0.0,2.0,0.0,3,1,1,2,2,0,1,0
400795,2435,0.0,6.0,0.0,2,1,1,1,0,0,2,0
400982,4234,0.0,5.0,0.0,12,5,3,3,11,0,1,0
401880,1999,0.0,0.0,null,2,2,1,1,0,0,2,0
401982,1166,0.0,4.0,0.0,9,1,1,3,7,0,1,1
403495,3826,0.0,0.0,null,1,1,1,1,0,0,1,0
403520,4536,0.0,3.0,1.0,15,2,2,1,13,0,2,0
403555,3323,0.0,4.0,0.0,1,1,1,1,0,0,1,0
403562,3181,0.0,4.0,0.0,2,1,1,2,1,0,1,0
403896,963,0.0,3.0,1.0,4,1,1,2,3,0,1,0
403996,1370,0.0,0.0,0.0,8,1,1,2,7,0,1,0
404208,2172,0.0,2.0,0.0,8,5,3,1,6,0,2,0
404938,2242,0.0,5.0,0.0,1,1,1,1,0,0,1,0
405779,1166,0.0,5.0,0.0,3,2,1,1,2,0,1,0
406039,3734,1.0,2.0,0.0,1,1,1,1,0,0,1,0
406399,98,0.0,2.0,0.0,4,1,1,2,2,0,1,1
406702,574,0.0,4.0,0.0,6,3,1,1,2,0,1,3
40686,1875,1.0,0.0,1.0,4,2,2,1,0,0,2,2
407208,4871,0.0,3.0,2.0,2,1,1,1,1,0,1,0
408575,4115,0.0,0.0,0.0,2,1,1,1,1,0,1,0
408589,4756,0.0,5.0,0.0,18,10,4,4,17,0,1,0
408740,2700,0.0,5.0,0.0,1,1,1,1,0,0,1,0
408917,1250,0.0,3.0,0.0,2,1,1,1,1,0,1,0
409693,3769,0.0,4.0,0.0,16,10,3,1,14,0,2,0
410205,2883,0.0,4.0,0.0,29,14,2,3,28,0,1,0
410583,4044,0.0,0.0,1.0,11,4,4,1,10,0,1,0
410673,2424,0.0,0.0,0.0,3,1,1,1,2,0,1,0
410687,145,0.0,3.0,0.0,2,1,1,1,1,0,1,0
411089,4569,0.0,5.0,1.0,2,1,1,1,1,0,1,0
411910,3614,0.0,3.0,0.0,12,5,4,1,8,0,4,0
412202,760,0.0,0.0,1.0,1,1,1,1,0,0,1,0
412672,3152,0.0,6.0,1.0,13,6,1,3,12,0,1,0
412868,3306,0.0,0.0,1.0,4,1,1,2,2,0,1,1
412961,798,0.0,2.0,0.0,1,1,1,1,0,0,1,0
413127,2821,0.0,4.0,0.0,4,1,1,1,3,0,1,0
413515,963,1.0,4.0,0.0,1,1,1,1,0,0,1,0
413851,2700,1.0,6.0,0.0,99,43,8,3,97,0,2,0
414952,4170,0.0,0.0,1.0,15,6,1,2,10,0,4,1
414976,4173,0.0,3.0,0.0,26,16,4,2,25,0,1,0
415321,3727,0.0,3.0,0.0,3,1,1,1,2,0,1,0
415749,682,0.0,4.0,0.0,59,23,5,6,45,0,4,10
415858,2134,0.0,3.0,1.0,8,1,1,1,7,0,1,0
416112,1618,0.0,6.0,1.0,12,1,1,3,11,0,1,0
416604,2031,0.0,3.0,1.0,2,1,1,2,1,0,1,0
417015,2318,0.0,8.0,0.0,9,4,2,4,7,0,1,1
41743,1203,0.0,4.0,0.0,6,2,2,1,5,0,1,0
418172,3984,0.0,4.0,0.0,5,1,1,2,4,0,1,0
41832,1062,0.0,3.0,1.0,6,1,1,1,4,0,2,0
418545,4267,0.0,0.0,0.0,5,2,1,1,4,0,1,0
418800,729,0.0,3.0,0.0,2,1,1,1,1,0,1,0
418834,603,0.0,2.0,1.0,2,1,1,1,1,0,1,0
419161,246,0.0,3.0,0.0,9,4,1,3,7,0,2,0
419168,4220,0.0,0.0,0.0,6,2,1,1,4,0,2,0
419665,4394,0.0,3.0,0.0,17,13,3,4,14,0,1,2
419749,4847,0.0,4.0,0.0,34,14,4,3,29,0,1,4
419860,3159,0.0,8.0,0.0,4,1,1,1,3,0,1,0
420470,2699,0.0,6.0,0.0,23,12,5,4,20,0,1,2
420680,2061,0.0,2.0,0.0,2,2,2,1,0,0,2,0
420815,2173,0.0,4.0,1.0,17,8,1,1,15,0,2,0
421185,625,0.0,0.0,0.0,6,2,1,2,4,1,1,0
421348,2170,0.0,0.0,1.0,2,1,1,1,1,0,1,0
421697,1494,0.0,0.0,1.0,2,1,1,1,1,0,1,0
421946,3819,0.0,2.0,1.0,16,4,3,2,14,0,1,1
422116,2273,0.0,5.0,1.0,6,1,1,2,4,0,1,1
422288,3734,0.0,5.0,1.0,4,2,1,2,2,0,2,0
422457,968,0.0,3.0,0.0,7,3,3,1,5,0,2,0
423065,2730,0.0,0.0,0.0,12,7,1,1,11,0,1,0
423207,1342,0.0,0.0,2.0,3,1,1,1,2,0,1,0
423417,2124,0.0,6.0,1.0,56,15,3,2,54,0,2,0
423756,2099,0.0,2.0,0.0,3,1,1,1,2,0,1,0
42406,2149,0.0,0.0,0.0,6,2,1,1,5,0,1,0
42437,4090,0.0,6.0,0.0,13,6,1,3,11,0,2,0
4471,1816,0.0,0.0,1.0,16,8,4,1,13,0,3,0
44831,1943,1.0,4.0,1.0,2,1,1,1,1,0,1,0
44889,1875,0.0,0.0,0.0,11,6,3,2,10,0,1,0
44989,2081,0.0,0.0,1.0,8,1,1,1,6,0,1,1
45185,3173,0.0,0.0,1.0,3,1,1,1,2,0,1,0
45985,1062,0.0,0.0,1.0,27,18,4,5,25,1,1,0
46317,1272,0.0,6.0,1.0,4,1,1,2,3,0,1,0
46699,1679,0.0,4.0,1.0,39,16,4,5,36,0,3,0
46820,1861,0.0,5.0,0.0,5,2,1,1,4,0,1,0
47112,1890,0.0,3.0,0.0,15,8,2,1,13,0,1,1
47183,4760,0.0,3.0,0.0,2,1,1,1,1,0,1,0
48183,2099,0.0,6.0,0.0,2,1,1,1,1,0,1,0
48352,4693,0.0,3.0,0.0,4,1,1,1,3,0,1,0
48970,2102,0.0,0.0,0.0,7,3,2,2,6,0,1,0
49096,4173,0.0,0.0,0.0,35,9,5,2,34,0,1,0
49704,1454,0.0,3.0,0.0,6,1,1,1,5,0,1,0
49876,773,0.0,0.0,0.0,3,1,1,1,2,0,1,0
50049,3965,0.0,0.0,0.0,6,3,1,1,5,0,1,0
50220,1693,0.0,6.0,0.0,4,1,1,2,3,0,1,0
5030,396,0.0,3.0,0.0,1,1,1,1,0,0,1,0
50503,3284,0.0,3.0,1.0,8,1,1,3,6,0,2,0
50672,1840,0.0,0.0,0.0,20,9,4,3,17,0,3,0
50980,2559,0.0,5.0,0.0,16,5,2,5,13,0,1,2
50983,3063,1.0,3.0,0.0,22,4,3,5,17,0,1,4
51113,3576,0.0,0.0,0.0,2,1,1,1,1,0,1,0
51815,4966,0.0,0.0,0.0,12,5,5,2,7,0,2,3
52053,3044,0.0,3.0,0.0,3,1,1,1,2,0,1,0
52121,4198,0.0,6.0,1.0,2,1,1,1,1,0,1,0
5249,2537,0.0,2.0,0.0,10,3,3,1,6,0,4,0
52824,1582,0.0,3.0,1.0,5,3,1,1,2,0,3,0
52853,2078,0.0,3.0,0.0,3,1,1,1,2,0,1,0
53372,3405,0.0,3.0,1.0,3,1,1,1,2,0,1,0
53608,168,0.0,3.0,0.0,13,8,2,2,12,0,1,0
53992,3411,0.0,0.0,0.0,17,2,1,6,14,0,1,2
54505,4641,0.0,3.0,0.0,10,3,3,1,7,0,3,0
54568,4693,0.0,0.0,0.0,10,6,1,3,9,0,1,0
54808,4173,0.0,3.0,1.0,1,1,1,1,0,0,1,0
54949,3305,0.0,2.0,1.0,16,3,2,1,14,0,2,0
55224,1075,0.0,0.0,0.0,64,16,2,3,57,0,2,5
55597,2492,0.0,5.0,1.0,3,1,1,1,2,0,1,0
56394,1500,0.0,6.0,null,15,4,1,4,13,1,1,0
57567,2569,0.0,5.0,0.0,24,10,2,2,20,0,4,0
5764,4992,0.0,5.0,0.0,9,6,1,1,8,0,1,0
57828,3578,0.0,0.0,0.0,7,3,3,1,6,0,1,0
5789,1679,1.0,0.0,2.0,16,10,2,2,14,0,2,0
57892,786,0.0,3.0,0.0,4,1,1,2,3,0,1,0
58067,227,0.0,3.0,0.0,4,1,1,1,3,0,1,0
58143,2173,0.0,6.0,0.0,23,11,1,1,21,0,2,0
59356,588,0.0,2.0,0.0,3,1,1,1,2,0,1,0
59389,4926,0.0,4.0,1.0,2,1,1,1,1,0,1,0
59640,960,0.0,0.0,0.0,17,4,1,2,15,0,2,0
59700,4534,0.0,4.0,0.0,12,1,1,1,2,0,10,0
59706,742,0.0,2.0,0.0,2,1,1,1,0,0,2,0
60054,1352,0.0,5.0,1.0,2,2,2,2,1,0,1,0
60056,4855,0.0,2.0,0.0,14,4,1,4,12,0,1,1
60065,4129,0.0,6.0,0.0,9,4,1,6,2,0,2,5
61114,1605,1.0,4.0,0.0,30,12,2,1,29,0,1,0
61289,1203,0.0,0.0,0.0,11,5,5,4,9,0,1,1
61547,3319,1.0,3.0,0.0,1,1,1,1,0,0,1,0
61616,2708,0.0,4.0,0.0,6,1,1,1,2,0,4,0
62207,215,0.0,0.0,null,2,1,1,1,1,0,1,0
62369,1816,0.0,0.0,1.0,2,1,1,1,1,0,1,0
62602,2954,0.0,0.0,0.0,10,7,6,3,8,0,2,0
62794,523,0.0,0.0,0.0,3,1,1,2,2,0,1,0
63205,2916,0.0,4.0,0.0,2,1,1,1,1,0,1,0
63589,416,0.0,0.0,0.0,51,29,6,6,50,0,1,0
63790,4760,0.0,2.0,1.0,18,4,1,2,17,0,1,0
64039,4787,0.0,0.0,1.0,6,1,1,1,5,0,1,0
64863,4976,0.0,4.0,0.0,45,26,7,4,36,0,1,8
6552,4760,0.0,0.0,1.0,11,2,2,3,9,0,1,1
6568,687,0.0,5.0,0.0,10,3,2,2,9,0,1,0
65686,4454,0.0,3.0,0.0,13,7,1,3,12,0,1,0
65699,3828,0.0,3.0,0.0,15,8,3,1,14,0,1,0
65707,4928,0.0,0.0,0.0,36,18,1,1,33,0,3,0
66147,4090,1.0,5.0,0.0,17,8,1,2,15,0,2,0
66162,786,1.0,0.0,0.0,18,7,2,5,16,0,1,1
66163,2445,0.0,5.0,1.0,3,1,1,1,2,0,1,0
66165,1760,0.0,3.0,0.0,39,16,4,5,33,0,4,2
66171,598,0.0,0.0,1.0,5,1,1,2,3,0,1,1
67746,1605,0.0,3.0,0.0,66,28,3,8,63,0,3,0
67771,3191,0.0,4.0,0.0,7,3,1,1,5,0,2,0
67963,1342,0.0,0.0,0.0,3,1,1,2,2,0,1,0
68028,4079,0.0,0.0,0.0,2,1,1,1,1,0,1,0
68059,4717,0.0,0.0,1.0,2,1,1,1,1,0,1,0
69548,2078,0.0,4.0,2.0,4,1,1,1,3,0,1,0
70000,1983,0.0,2.0,1.0,2,1,1,1,1,0,1,0
70278,3766,0.0,3.0,0.0,7,4,4,1,6,0,1,0
70803,2780,0.0,4.0,1.0,3,1,1,1,2,0,1,0
70857,2193,0.0,6.0,1.0,2,1,1,1,1,0,1,0
70893,4847,1.0,0.0,0.0,31,14,7,2,29,0,2,0
70946,2430,0.0,4.0,0.0,14,6,3,2,13,0,1,0
71278,3990,0.0,4.0,1.0,3,1,1,1,2,0,1,0
72628,104,0.0,3.0,1.0,2,1,1,1,1,0,1,0
72663,4271,0.0,3.0,0.0,12,10,1,2,11,0,1,0
72935,1968,0.0,0.0,0.0,2,1,1,1,1,0,1,0
73368,2180,0.0,6.0,0.0,3,1,1,1,2,0,1,0
73437,3549,0.0,4.0,0.0,4,1,1,1,2,1,1,0
73620,3862,0.0,0.0,0.0,1,1,1,1,0,0,1,0
73874,3536,0.0,6.0,0.0,3,1,1,1,2,0,1,0
73895,1102,0.0,5.0,0.0,11,4,3,3,10,0,1,0
74151,786,0.0,2.0,0.0,19,3,1,2,17,0,1,1
74161,2193,0.0,2.0,0.0,3,1,1,1,2,0,1,0
74208,4594,0.0,2.0,1.0,42,13,6,2,36,0,6,0
74349,4173,0.0,3.0,0.0,9,6,4,2,5,0,3,1
74483,3955,0.0,4.0,0.0,1,1,1,1,0,0,1,0
74637,361,0.0,0.0,1.0,9,4,2,1,8,0,1,0
75160,1944,0.0,5.0,2.0,3,1,1,1,2,0,1,0
75215,2821,0.0,4.0,1.0,10,1,1,1,9,0,1,0
7553,4950,0.0,3.0,0.0,10,4,3,3,8,0,1,1
75542,4173,0.0,3.0,0.0,26,15,5,3,24,0,1,1
75720,3170,0.0,3.0,2.0,3,2,1,2,2,0,1,0
76270,4427,0.0,2.0,1.0,2,1,1,1,1,0,1,0
76624,4818,0.0,3.0,1.0,63,20,6,7,62,0,1,0
76725,1102,0.0,4.0,0.0,13,3,2,6,10,0,1,2
76737,4115,0.0,3.0,0.0,4,1,1,1,3,0,1,0
77087,4173,0.0,3.0,1.0,4,2,1,1,3,0,1,0
77132,897,0.0,4.0,0.0,3,1,1,1,2,0,1,0
78997,523,0.0,2.0,0.0,3,1,1,1,2,0,1,0
79100,2634,0.0,5.0,0.0,7,2,1,1,6,0,1,0
79405,2592,0.0,0.0,0.0,4,1,1,2,3,0,1,0
79503,4871,0.0,3.0,1.0,2,1,1,1,1,0,1,0
79547,2273,0.0,4.0,0.0,2,1,1,2,1,0,1,0
80340,4793,0.0,2.0,1.0,5,2,1,1,4,0,1,0
80415,1291,0.0,3.0,2.0,7,4,2,1,6,0,1,0
80517,2138,0.0,2.0,0.0,7,4,2,1,6,0,1,0
80915,4048,0.0,2.0,1.0,4,3,1,1,3,0,1,0
81011,1134,0.0,3.0,0.0,6,1,1,2,5,0,1,0
81188,4282,0.0,0.0,1.0,3,2,2,1,2,0,1,0
81369,4659,0.0,3.0,0.0,7,2,1,1,6,0,1,0
81420,63,0.0,0.0,0.0,30,7,5,4,24,0,2,4
82040,4406,0.0,2.0,0.0,3,2,1,1,2,0,1,0
82111,729,1.0,3.0,0.0,1,1,1,1,0,0,1,0
82976,1875,0.0,5.0,0.0,35,14,6,4,34,0,1,0
83218,3967,0.0,4.0,1.0,7,4,2,1,6,0,1,0
83634,1926,0.0,0.0,1.0,9,2,2,1,8,0,1,0
8403,4585,0.0,5.0,0.0,4,1,1,1,3,0,1,0
8405,1501,0.0,4.0,2.0,15,1,1,3,13,0,1,1
84236,4793,0.0,3.0,1.0,1,1,1,1,0,0,1,0
84386,1605,0.0,0.0,0.0,14,4,1,1,12,0,2,0
84914,1283,0.0,0.0,0.0,5,2,2,1,3,0,2,0
85007,608,0.0,5.0,0.0,1,1,1,1,0,0,1,0
85059,4173,0.0,3.0,0.0,48,17,4,6,44,2,1,1
85415,4044,0.0,3.0,0.0,26,17,3,1,24,0,2,0
85551,3693,0.0,3.0,1.0,6,3,1,2,3,0,2,1
85816,2629,0.0,4.0,0.0,1,1,1,1,0,0,1,0
86518,3936,1.0,0.0,0.0,55,26,8,3,46,0,9,0
86632,2928,0.0,3.0,0.0,4,1,1,1,3,0,1,0
86683,1247,0.0,0.0,1.0,3,1,1,1,2,0,1,0
86699,3635,0.0,3.0,1.0,3,1,1,1,2,0,1,0
86807,1833,0.0,0.0,1.0,9,6,4,4,8,0,1,0
86908,1031,0.0,4.0,1.0,2,1,1,1,1,0,1,0
87046,1963,0.0,4.0,0.0,3,1,1,1,2,0,1,0
87100,3476,0.0,3.0,0.0,10,9,7,3,8,0,2,0
87245,423,0.0,2.0,0.0,6,1,1,1,5,0,1,0
87640,1710,0.0,4.0,1.0,2,1,1,1,0,0,1,1
87794,3727,0.0,2.0,0.0,3,1,1,1,2,0,1,0
87997,3472,0.0,3.0,1.0,6,3,1,2,5,0,1,0
88467,3965,0.0,5.0,1.0,8,3,1,1,7,0,1,0
88585,2821,0.0,0.0,1.0,4,1,1,2,2,0,1,1
88638,3828,0.0,4.0,0.0,12,7,5,4,1,0,5,6
88991,3828,1.0,3.0,0.0,4,1,1,2,3,0,1,0
89564,4742,0.0,6.0,0.0,15,4,1,2,12,0,1,2
90397,2432,0.0,4.0,2.0,24,7,5,5,18,0,1,5
91644,67,0.0,0.0,0.0,24,6,3,1,22,0,2,0
9170,3828,0.0,5.0,1.0,1,1,1,1,0,0,1,0
9197,4724,0.0,0.0,0.0,9,1,1,3,7,0,1,1
92396,4170,0.0,5.0,0.0,2,1,1,1,0,0,2,0
92421,3990,0.0,2.0,0.0,17,4,2,1,14,0,1,2
92574,1489,0.0,0.0,1.0,4,1,1,1,3,0,1,0
92928,1117,0.0,2.0,0.0,2,1,1,1,1,0,1,0
93096,121,0.0,0.0,0.0,12,10,3,1,11,0,1,0
93191,2447,0.0,2.0,0.0,14,6,3,2,13,0,1,0
93373,2014,0.0,2.0,0.0,31,10,1,1,30,0,1,0
93678,503,0.0,0.0,0.0,6,3,1,1,5,0,1,0
93784,606,0.0,4.0,0.0,63,35,10,13,56,0,3,4
9389,1495,0.0,4.0,0.0,13,2,1,4,11,0,1,1
93907,1800,0.0,0.0,1.0,3,1,1,1,2,0,1,0
93990,4170,0.0,4.0,0.0,4,1,1,2,2,0,2,0
94227,4173,0.0,6.0,0.0,3,2,1,1,1,0,2,0
94753,1892,0.0,4.0,0.0,1,1,1,1,0,0,1,0
94990,4048,0.0,2.0,0.0,1,1,1,1,0,0,1,0
95779,4240,0.0,2.0,1.0,4,1,1,3,3,0,1,0
95975,3545,0.0,3.0,0.0,9,2,1,1,8,0,1,0
95976,4705,0.0,6.0,1.0,3,2,2,1,2,0,1,0
9623,2273,0.0,3.0,0.0,2,1,1,1,1,0,1,0
96542,4938,0.0,2.0,0.0,2,2,1,2,1,0,1,0
96574,1884,0.0,3.0,0.0,2,1,1,1,1,0,1,0
96653,4864,0.0,6.0,0.0,23,5,2,1,18,0,3,2
96664,946,0.0,0.0,0.0,19,8,2,2,16,0,3,0
96778,474,0.0,4.0,0.0,4,1,1,1,3,0,1,0
96950,412,0.0,4.0,1.0,2,1,1,2,1,0,1,0
97297,2273,0.0,4.0,1.0,16,5,1,2,14,0,1,1
97777,3793,1.0,0.0,0.0,1,1,1,1,0,0,1,0
98074,3609,0.0,0.0,1.0,12,4,1,1,10,0,1,1
98164,4710,0.0,2.0,0.0,6,3,1,1,5,0,1,0
99977,3323,0.0,6.0,0.0,2,1,1,1,1,0,1,0
